39213,45528,45350,32001,42749,19659,26560,43857,25837,28689,41628,39606,28573,40436,39359,25944,33032,48758,53148,53054,38141,35104,32262,39380,35940,50226,65897,52931,42667,42113,38597,47304,22356,36697,40113,34604,44852,40257,33122,38732,20629,22573,38117,23922,26392,37325,35295,25973,38743,34339,25913,30554,42376,46851,46106,36616,32435,31210,35255,32533,48215,51528,50867,38271,36697,34310,41958,22177,35645,37027
39348,45470,45563,32014,42616,19786,26682,43898,25860,28628,41620,39596,28598,40401,39353,25797,33110,48650,53200,53030,38163,35168,32309,39501,35905,50279,65847,53055,42678,41986,38552,47137,22265,36570,40117,34664,44825,40421,33125,38615,20631,22620,38073,23953,26445,37282,35350,25958,38643,34346,25834,30658,42403,46994,46165,36661,32521,31249,35384,32475,48461,51504,50858,38265,36607,34280,41925,22167,35515,37003
39580,45618,45429,32236,42909,19737,26697,44110,25715,28857,41677,39565,28747,40392,39325,25721,32989,48804,53297,53282,38293,35071,32375,39320,36097,50286,65965,52972,42720,41928,38662,47363,21999,36483,40120,34714,44895,40123,33227,39022,20607,22649,38278,23835,26665,37437,35276,25988,38594,34271,25722,30575,42473,46947,46287,36862,32452,31272,35252,32631,48516,51589,50783,38249,36474,34345,42040,21998,35418,36992
39531,45608,45367,32199,42910,19888,26733,44042,25785,28882,41765,39571,28853,40449,39485,25902,32876,48698,53255,53083,38342,35014,32324,39177,35856,50179,65685,52909,42477,41881,38499,47591,22168,36390,40015,34694,44935,39995,33140,39028,20713,22771,38148,23881,26608,37517,35324,26096,38659,34386,25886,30512,42359,47031,46147,36918,32314,31218,35175,32540,48495,51335,50739,38053,36510,34216,42060,22005,35339,36944
39457,45466,45490,32009,42862,19855,26686,43914,25826,28799,41795,39593,28660,40391,39437,25824,32854,48508,53159,52888,38402,35005,32275,39212,35819,50192,65608,53043,42452,41796,38477,47340,22119,36359,40031,34676,44874,40164,32989,38875,20689,22672,38022,23943,26580,37472,35260,25995,38565,34337,25776,30487,42195,46578,45930,36905,32332,31167,35186,32506,48425,51301,50747,38011,36372,34174,41887,21815,35277,36867
39547,45557,45411,32143,42956,19829,26657,43951,25790,28855,41776,39706,28691,40504,39426,25808,32903,48596,53314,53175,38468,35035,32271,39239,35869,50329,65768,53039,42531,41940,38488,47796,22099,36458,40109,34781,44945,40098,33097,38946,20696,22642,38058,23890,26613,37554,35396,26038,38669,34333,25716,30494,42239,46893,46032,37033,32368,31175,35195,32494,48535,51385,50736,38122,36480,34179,42215,22036,35424,36974
39493,45592,45550,32071,42833,19826,26612,43880,25837,28835,41723,39757,28616,40547,39403,25821,32968,48670,53358,53140,38336,35119,32227,39329,35806,50316,65794,53068,42518,41942,38456,47619,22292,36470,40127,34717,44870,40161,33072,38802,20714,22813,37992,23977,26540,37529,35455,26038,38721,34348,25751,30572,42278,46898,46089,36871,32422,31153,35289,32385,48493,51344,50759,38108,36469,34158,42099,22117,35406,36995
39505,45558,45531,32028,42791,19819,26531,43951,25775,28787,41665,39720,28605,40537,39366,25837,33177,48668,53322,53128,38281,35213,32330,39425,36005,50362,65781,53020,42739,41922,38570,47308,22525,36447,40165,34704,44794,40252,33066,38854,20665,22779,38110,23859,26497,37530,35363,26070,38651,34284,25754,30677,42278,46913,46136,36814,32541,31248,35327,32534,48442,51408,50758,38333,36501,34261,41832,22149,35442,37059
39431,45649,45465,32119,43039,19746,26469,44154,25708,28820,41719,39603,28689,40378,39326,25877,32955,48673,53200,52978,38431,35126,32314,39328,36000,50336,65648,52963,42749,42018,38585,47531,22494,36554,40153,34629,44877,40242,33104,39105,20601,22664,38240,23793,26550,37580,35276,26156,38646,34237,25819,30514,42333,46673,45983,36996,32492,31230,35289,32601,48416,51281,50788,38382,36560,34256,41819,22228,35505,37062
39212,45305,45485,31956,42911,19887,26635,43981,25871,28842,41796,39605,28882,40480,39336,26072,32850,48507,53049,52684,38454,35048,32087,39245,35895,50161,65474,52906,42558,41939,38412,47527,22502,36492,40088,34482,44587,40261,32967,38904,20836,22785,38111,24065,26544,37614,35393,26246,38748,34349,26117,30444,42185,46812,45882,36884,32414,31004,35189,32480,48269,51270,50684,38192,36544,34081,41984,22191,35412,36982
39320,45288,45556,32063,42853,19778,26680,44058,25795,28908,41689,39663,28777,40455,39372,26007,33059,48709,53048,52861,38316,35111,32205,39370,36102,50300,65587,52895,42658,41932,38469,47437,22404,36435,40109,34547,44562,40309,33130,38897,20644,22770,38266,23902,26643,37412,35337,26160,38693,34338,26026,30623,42193,46666,45984,36753,32511,31105,35267,32652,48410,51342,50713,38257,36473,34149,41982,22160,35305,36918
39287,45391,45545,32044,42827,19786,26646,44080,25792,28971,41731,39567,28821,40489,39439,26022,33034,48605,53123,52770,38324,35132,32289,39352,36087,50298,65575,52958,42614,41996,38470,47297,22443,36446,40094,34508,44595,40339,33125,38840,20604,22736,38281,23897,26676,37394,35320,26194,38785,34386,26100,30587,42155,46658,45866,36777,32481,31178,35274,32656,48495,51235,50786,38222,36495,34167,41876,22199,35344,36925
39258,45287,45409,31870,42601,19768,26647,43957,25801,28893,41699,39525,28745,40401,39277,25987,32965,48419,52953,52630,38212,35139,32175,39283,35967,50264,65420,53003,42558,41850,38427,47078,22355,36323,40015,34582,44649,40372,33020,38699,20619,22698,38167,23966,26624,37378,35253,26108,38741,34366,26005,30525,42009,46665,45694,36704,32468,31122,35227,32572,48459,51228,50745,38258,36444,34138,41860,22120,35371,36868
39443,45368,45433,32041,42887,19811,26656,44068,25747,28952,41739,39568,28830,40370,39372,25982,32944,48606,53129,53007,38437,35076,32307,39294,36057,50322,65523,52850,42672,41966,38442,47713,22331,36438,40054,34773,44738,40295,33172,38867,20565,22663,38289,23850,26799,37452,35262,26165,38726,34386,25977,30555,42195,46826,46049,36984,32496,31240,35265,32650,48579,51367,50690,38269,36593,34205,42069,22142,35385,36957
39444,45256,45501,32061,42891,19891,26722,44151,25796,28977,41788,39522,28875,40419,39397,25992,32947,48486,53121,52953,38517,35073,32246,39320,36127,50201,65593,52904,42647,41838,38421,47645,22252,36396,39968,34748,44704,40286,33208,38800,20745,22660,38292,23911,26793,37482,35307,26143,38756,34436,25933,30558,42170,46949,46115,37098,32431,31157,35230,32653,48536,51373,50688,38232,36505,34084,42101,22175,35280,36891
39451,45333,45418,32038,42873,19847,26757,44101,25837,28958,41828,39657,28847,40494,39358,25961,32864,48535,53141,52987,38483,35041,32160,39294,36117,50286,65686,52954,42614,41853,38408,47473,22306,36390,39991,34732,44766,40208,33211,38885,20607,22673,38219,23942,26817,37510,35355,26099,38756,34444,25845,30490,42130,46884,46065,37090,32430,31128,35231,32658,48546,51388,50684,38182,36510,34037,42050,22026,35318,36865
39491,45303,45570,32118,43052,19782,26732,44255,25775,28995,41797,39620,28857,40417,39388,25883,32968,48709,53199,53189,38511,35049,32257,39358,36252,50243,65826,52905,42779,41842,38543,47474,22157,36314,39991,34708,44696,40253,33167,39153,20565,22622,38386,23855,26801,37447,35285,26122,38623,34366,25857,30534,42246,46798,46109,37171,32454,31146,35260,32748,48555,51449,50625,38272,36468,34151,41962,22017,35304,36877
39523,45435,45528,32162,43127,19752,26721,44310,25780,28991,41857,39594,28879,40446,39438,25833,32855,48706,53181,53050,38576,34956,32288,39252,36189,50252,65891,53013,42650,41819,38523,47616,22050,36326,39998,34706,44848,40203,33187,39218,20475,22590,38347,23875,26726,37442,35277,26126,38634,34363,25837,30467,42153,46652,45909,37242,32370,31237,35190,32663,48527,51358,50703,38135,36405,34141,42004,21859,35388,36883
39340,45372,45491,32038,42782,19937,26802,44174,25896,28844,41846,39646,28811,40443,39389,25879,32781,48470,53134,52756,38438,34928,32142,39136,36033,50078,65712,53078,42546,41658,38405,47494,21965,36207,39919,34615,44837,40354,33033,38940,20784,22704,38215,24040,26576,37425,35357,26036,38648,34357,25818,30428,41914,46721,45712,37051,32379,31060,35140,32540,48370,51369,50776,38240,36314,34071,42043,21856,35288,36803
39466,45498,45474,32164,42976,19795,26688,44337,25695,29015,41781,39662,28834,40349,39324,25884,32938,48712,53374,53081,38513,35007,32327,39304,36197,50261,65885,52961,42809,41753,38594,47490,21978,36303,40025,34716,44896,40221,33139,39142,20558,22629,38379,23886,26767,37488,35356,26105,38622,34377,25746,30463,42202,46885,46080,37153,32378,31232,35217,32701,48524,51477,50752,38288,36362,34225,42136,21960,35307,36846
39505,45440,45340,32058,42918,19853,26754,44069,25767,28944,41866,39648,28896,40390,39393,25960,32963,48705,53300,53015,38482,35080,32328,39341,36022,50199,65767,52911,42691,41823,38568,47379,22133,36374,40058,34681,44819,40255,33079,39029,20689,22714,38223,23893,26689,37556,35297,26154,38630,34306,25755,30464,42280,46847,46095,37022,32390,31206,35251,32607,48439,51351,50692,38195,36320,34221,42081,22015,35289,36875
39528,45434,45413,31956,42740,19779,26669,43958,25767,28754,41722,39622,28684,40390,39280,25794,32930,48618,53074,52925,38293,35058,32191,39315,35899,50145,65605,53023,42622,41799,38565,47205,22283,36297,40016,34729,44865,40396,33063,38853,20578,22807,38216,23945,26564,37564,35307,26076,38609,34317,25662,30493,42230,46752,46009,36919,32402,31115,35238,32545,48480,51396,50780,38280,36397,34178,41906,22002,35367,36926
39549,45427,45504,32009,42772,19802,26592,44019,25764,28688,41696,39717,28728,40504,39328,25836,32935,48702,53315,53151,38323,35080,32187,39368,35929,50188,65709,53032,42709,41876,38585,47306,22473,36412,40117,34773,44917,40380,33068,38831,20639,22794,38204,23919,26471,37604,35376,26119,38659,34356,25796,30558,42412,46940,46220,36968,32517,31139,35327,32499,48486,51525,50801,38389,36557,34250,41955,22264,35448,37020
39411,45471,45427,32142,42995,19691,26588,44027,25694,28725,41732,39483,28776,40223,39263,25819,33097,48814,53172,53151,38385,35090,32303,39446,36009,50121,65679,52871,42885,41876,38552,46854,22363,36459,40133,34720,44869,40357,33064,39079,20610,22637,38288,23759,26454,37544,35124,26181,38527,34231,25861,30616,42540,46524,46243,36968,32638,31276,35454,32593,48252,51475,50726,38559,36540,34366,41708,22216,35407,37034
39349,45324,45430,32041,43120,19868,26731,44086,25830,28780,41857,39513,28948,40252,39330,25982,32953,48687,53000,52925,38597,35071,32201,39333,36033,49960,65542,52794,42872,41965,38483,47188,22389,36421,40110,34609,44638,40248,33045,39202,20757,22755,38239,23960,26573,37594,35284,26301,38574,34293,26039,30479,42353,46655,46020,37111,32383,31168,35209,32584,48236,51251,50634,38459,36516,34142,41710,22199,35403,36996
39323,45273,45391,31962,43043,19797,26817,43975,25858,28811,41901,39527,29101,40277,39309,25970,32910,48565,53068,52864,38605,35069,32177,39317,36021,50044,65510,52897,42870,41873,38442,47108,22275,36475,40054,34532,44660,40237,33012,39208,20619,22776,38131,23982,26573,37649,35271,26364,38561,34244,26034,30500,42248,46652,45895,37185,32389,31128,35227,32584,48285,51257,50720,38500,36396,34125,41671,21977,35385,36887
39288,45362,45283,31971,42888,19761,26945,43868,25793,28780,42000,39608,29129,40336,39329,25946,33061,48529,53118,52950,38539,35099,32213,39359,35996,50194,65541,52842,42799,41915,38479,47080,22391,36524,40098,34654,44720,40160,33065,39102,20651,22737,38039,23887,26465,37711,35278,26393,38541,34261,25959,30619,42224,46857,45914,37167,32497,31167,35292,32517,48255,51304,50659,38488,36565,34245,41852,22195,35464,36996
39496,45462,45441,31959,42833,19754,26854,43913,25734,28754,41914,39546,29044,40252,39359,25907,32976,48705,53167,53076,38530,35058,32320,39351,35929,50140,65626,52833,42686,42010,38497,47155,22323,36456,40111,34754,44846,40127,33127,38855,20602,22718,38086,23857,26585,37545,35270,26282,38506,34289,25930,30546,42295,46770,46042,37064,32449,31271,35293,32489,48406,51295,50648,38262,36540,34236,41791,22210,35361,36973
39560,45387,45430,31867,42734,19884,26802,43938,25797,28707,41921,39497,28994,40197,39424,25864,32941,48624,53217,53113,38568,35062,32256,39318,35854,49998,65625,52935,42575,41958,38542,47246,22279,36393,40073,34704,44830,40143,33059,38675,20730,22695,38030,23927,26602,37573,35266,26240,38568,34349,25925,30508,42150,46952,45969,37073,32348,31187,35189,32436,48485,51319,50681,38201,36484,34159,41948,22025,35240,36921
39478,45324,45421,31920,42678,19826,26831,43998,25893,28724,41904,39635,28888,40354,39422,25799,32874,48530,53331,53124,38558,35099,32161,39329,35847,50171,65688,52967,42620,41958,38549,47387,22260,36427,40069,34737,44772,40195,33089,38716,20696,22698,38072,23996,26608,37489,35347,26089,38606,34382,25832,30488,42091,46950,45931,37182,32378,31116,35206,32461,48580,51351,50747,38253,36446,34171,42014,22054,35281,36904
39521,45310,45386,31992,42725,19899,26895,44047,25937,28847,41904,39674,28887,40410,39411,25879,32792,48527,53339,53164,38528,35156,32164,39335,35898,50204,65631,52902,42669,41946,38570,47307,22265,36427,40062,34736,44824,40257,33186,38849,20642,22723,38125,24011,26663,37488,35388,26058,38640,34406,25837,30474,42210,46988,46103,37147,32396,31131,35250,32529,48602,51368,50729,38284,36471,34189,41986,21992,35305,36906
39581,45428,45437,32110,43046,19792,26848,44239,25819,28932,41940,39542,28875,40339,39384,25793,32890,48682,53205,53210,38487,35109,32317,39301,36084,50135,65642,52843,42794,41983,38673,47449,22104,36488,40039,34804,44793,40258,33165,39134,20567,22707,38412,23877,26727,37480,35229,26110,38619,34317,25774,30501,42380,46769,46262,37123,32491,31244,35274,32699,48526,51475,50714,38316,36464,34334,41892,21927,35367,36897
39520,45390,45407,32062,43070,19818,26816,44206,25796,28890,41990,39562,28879,40322,39397,25813,32842,48549,53128,52942,38490,35079,32281,39201,35956,50030,65612,52886,42643,41923,38596,47632,22082,36506,40052,34787,44816,40171,33078,39129,20736,22713,38357,23937,26756,37591,35238,26094,38658,34382,25854,30452,42254,46800,46134,37141,32450,31207,35173,32635,48445,51367,50728,38189,36503,34231,41962,21934,35428,36904
39448,45326,45484,31865,42734,19899,26870,43986,25917,28791,41905,39578,28719,40405,39411,25795,32830,48363,53090,52775,38329,35107,32163,39183,35789,50023,65469,52993,42458,41817,38470,47463,22144,36415,39974,34663,44769,40177,32944,38812,20805,22784,38077,24064,26581,37550,35321,25985,38631,34433,25746,30436,42011,46602,45849,36978,32437,31084,35149,32491,48386,51292,50716,38132,36384,34100,41897,21974,35273,36817
39545,45484,45623,32087,42941,19773,26716,44264,25726,28993,41792,39677,28671,40443,39384,25818,33033,48701,53399,53174,38440,35185,32338,39324,36062,50195,65670,53018,42737,41850,38624,47788,22281,36434,40052,34714,44871,40203,33094,39032,20677,22680,38300,23830,26614,37593,35348,26020,38540,34378,25652,30532,42283,46775,46095,37105,32514,31247,35249,32626,48417,51402,50730,38311,36437,34242,42088,22103,35381,36910
39457,45579,45585,32115,43031,19763,26608,44177,25735,28906,41846,39663,28725,40484,39417,25790,32951,48604,53268,53042,38513,35167,32306,39291,35937,50318,65709,53050,42672,41952,38559,47931,22509,36520,40131,34705,44892,40154,33120,39061,20607,22756,38230,23849,26577,37634,35338,26110,38612,34321,25752,30503,42225,46721,46000,37123,32486,31216,35233,32514,48484,51248,50743,38258,36422,34192,42015,22146,35465,37001
39307,45349,45519,31877,42818,19988,26596,43918,25900,28654,41853,39623,28768,40419,39385,25861,32931,48397,53142,52730,38422,35147,32158,39275,35767,50073,65525,53011,42527,41936,38450,47626,22607,36491,40095,34587,44712,40267,32935,38889,20809,22790,38068,24003,26400,37660,35312,26178,38633,34327,25837,30459,42112,46752,45861,37023,32453,31096,35202,32414,48269,51283,50702,38250,36481,34084,41924,22187,35467,37002
39324,45401,45634,32015,42861,19794,26682,44060,25868,28702,41763,39710,28725,40310,39361,25913,32950,48690,53303,52956,38399,35156,32185,39384,35939,50182,65696,53097,42679,41997,38545,47453,22553,36601,40163,34535,44771,40361,33088,38932,20707,22705,38209,23985,26374,37496,35369,26115,38519,34344,25840,30487,42302,46867,45927,37042,32510,31157,35282,32537,48365,51354,50812,38377,36481,34138,41885,22251,35517,37006
39301,45329,45686,32055,42742,19765,26734,44079,25814,28760,41689,39689,28802,40383,39437,25955,33109,48688,53297,52948,38356,35125,32203,39456,36045,50300,65727,53137,42734,41883,38513,47019,22515,36442,40126,34533,44792,40467,33139,38864,20679,22711,38283,23965,26446,37362,35414,26127,38490,34385,25981,30634,42228,46999,46001,36968,32504,31098,35324,32596,48429,51476,50889,38387,36419,34163,41705,22215,35414,36946
39332,45506,45634,32150,42990,19756,26744,44195,25777,28877,41799,39628,28896,40416,39494,25918,32861,48774,53314,53045,38430,35006,32339,39342,36059,50277,65793,53051,42734,41989,38523,47419,22489,36533,40148,34624,44844,40272,33111,38944,20639,22702,38280,23894,26556,37401,35352,26245,38544,34402,25975,30437,42278,47060,46085,36999,32332,31257,35227,32624,48480,51369,50840,38256,36457,34171,41739,22268,35457,36932
39355,45275,45637,31939,42888,19892,26803,44102,25832,28871,41840,39566,28972,40367,39479,25991,32782,48714,53386,53162,38485,35025,32179,39327,35993,50141,65818,53036,42629,41991,38486,47816,22473,36494,40122,34604,44630,40368,33033,38790,20788,22681,38204,23908,26627,37419,35302,26261,38586,34419,26012,30359,42272,47135,46094,36972,32316,31138,35205,32548,48427,51410,50782,38216,36469,34081,41901,22199,35381,36932
39474,45240,45556,31842,42607,19798,26802,44013,25858,28716,41753,39617,28890,40381,39426,25950,32821,48575,53295,53051,38409,35068,32123,39335,35926,50202,65805,53082,42697,41881,38508,47552,22497,36361,40044,34701,44700,40435,33107,38604,20696,22682,38160,23988,26576,37460,35404,26163,38542,34433,25896,30421,42146,47133,45958,36985,32360,31118,35255,32489,48567,51449,50838,38411,36403,34114,41982,22233,35274,36880
39554,45353,45600,32010,42896,19815,26811,44068,25776,28774,41867,39559,28910,40356,39452,25780,32981,48619,53266,53123,38532,35067,32209,39339,35946,50204,65745,53028,42700,41947,38535,47514,22314,36477,40076,34839,44713,40348,33185,38817,20656,22746,38284,23952,26617,37514,35358,26188,38483,34457,25853,30487,42202,47065,46133,37163,32384,31122,35226,32530,48576,51466,50792,38358,36442,34179,41889,22225,35297,36913
39486,45371,45607,32044,43013,19796,26779,44078,25750,28831,41922,39602,28932,40439,39493,25836,32879,48602,53355,53064,38520,35050,32225,39266,35872,50208,65797,53075,42571,41978,38456,47948,22376,36587,40058,34777,44834,40326,33103,38937,20610,22670,38235,23866,26667,37514,35328,26141,38594,34424,25844,30454,42164,47049,46117,37153,32360,31133,35181,32514,48511,51434,50837,38195,36433,34107,41986,22068,35369,36888
39390,45297,45467,31961,42779,19914,26811,43967,25898,28723,41885,39560,28793,40356,39439,25813,32823,48361,53210,52871,38339,35077,32163,39233,35850,50134,65699,52970,42558,41872,38474,47334,22371,36452,39999,34753,44775,40348,33006,38886,20720,22735,38152,23993,26543,37512,35296,26022,38587,34458,25761,30481,42027,46806,45843,37032,32383,31092,35173,32448,48475,51408,50747,38242,36370,34098,41799,21997,35351,36858
39514,45505,45524,32185,43174,19758,26779,44187,25758,28811,41944,39553,28906,40193,39366,25768,32877,48785,53281,53149,38576,35048,32328,39308,36065,49972,65929,52843,42772,41938,38598,47845,22103,36518,40049,34888,44820,40313,33138,39260,20606,22632,38402,23850,26656,37519,35246,26172,38463,34352,25724,30475,42404,46815,46284,37256,32438,31260,35251,32671,48401,51593,50700,38312,36519,34273,41994,22064,35490,36906
39530,45363,45466,32050,43014,19850,26857,44190,25825,28743,42013,39526,28997,40140,39426,25836,32827,48661,53182,53025,38542,35029,32230,39235,35922,49891,65664,52839,42686,41863,38536,47705,22038,36397,40018,34775,44718,40296,33019,39063,20694,22718,38326,23977,26636,37592,35249,26202,38481,34357,25800,30429,42189,46842,46074,37140,32329,31163,35135,32596,48345,51337,50701,38242,36409,34160,41884,21839,35341,36849
39507,45297,45344,31841,42727,19865,26893,44010,25872,28661,41925,39608,28779,40337,39390,25845,32884,48413,53188,52876,38316,35078,32162,39250,35778,50005,65550,52894,42574,41833,38493,47511,22221,36328,39959,34692,44730,40345,32956,38829,20641,22754,38145,24022,26518,37563,35284,26068,38568,34377,25766,30505,42109,46864,45970,36947,32374,31112,35174,32515,48276,51359,50751,38241,36385,34147,41990,21820,35338,36837
39495,45495,45435,31995,42975,19813,26842,44117,25767,28811,41940,39685,28812,40395,39355,25908,33032,48537,53166,53079,38516,35182,32288,39387,36070,50187,65633,52807,42832,41983,38589,47636,22405,36455,40086,34749,44791,40272,33087,39064,20671,22792,38276,23897,26629,37680,35337,26151,38574,34346,25760,30623,42266,46855,46103,37145,32488,31249,35279,32673,48381,51387,50654,38429,36530,34256,41977,22220,35451,37031
39477,45473,45533,32027,43016,19803,26741,44233,25745,28943,41953,39622,28805,40523,39333,25916,32956,48565,52949,52899,38567,35171,32195,39360,36060,50267,65622,52978,42765,41915,38527,47685,22521,36506,40062,34706,44791,40291,33087,39064,20606,22852,38252,23914,26695,37679,35306,26152,38641,34315,25791,30547,42076,46612,45924,37202,32441,31144,35218,32663,48503,51247,50740,38342,36382,34153,41893,22224,35364,36926
39454,45349,45657,31880,42870,19883,26617,44230,25793,28846,41826,39565,28800,40507,39473,26020,33075,48491,53053,52848,38479,35203,32188,39389,36001,50178,65589,53102,42753,41881,38548,47661,22636,36441,39990,34655,44676,40375,32921,38916,20707,22822,38155,23916,26591,37633,35193,26157,38629,34330,25879,30632,42002,46558,45812,37134,32467,31078,35258,32585,48321,51203,50812,38359,36345,34131,41775,22251,35351,36886
39421,45479,45571,32019,43014,19844,26725,44268,25813,28878,41897,39661,28877,40521,39536,26001,32891,48635,53216,53045,38529,35148,32224,39309,35979,50253,65700,53031,42786,42051,38507,48117,22669,36620,40113,34618,44676,40216,32998,38969,20676,22738,38154,23862,26616,37594,35210,26241,38689,34343,25938,30446,42168,46693,45952,37136,32415,31162,35253,32546,48306,51163,50744,38333,36505,34115,41921,22414,35497,36954
39241,45254,45568,31910,42891,19919,26822,44069,25892,28833,41903,39650,28947,40594,39456,26033,32870,48531,53173,52897,38479,35122,32129,39308,35940,50228,65632,53062,42674,41969,38436,47785,22565,36508,40059,34475,44541,40340,32963,38906,20734,22797,38106,23977,26539,37509,35297,26222,38731,34319,26022,30429,42079,46705,45858,37028,32429,31048,35229,32515,48301,51202,50780,38273,36423,34078,41864,22343,35386,36877
39351,45386,45663,32033,42904,19788,26782,44181,25745,28872,41815,39620,28921,40555,39398,25961,33052,48697,53221,52993,38425,35180,32241,39425,36125,50397,65672,53042,42763,41911,38537,47536,22553,36425,40098,34510,44669,40322,33109,39014,20589,22731,38249,23863,26595,37391,35336,26231,38627,34335,26047,30556,42160,46766,45970,37022,32490,31146,35286,32659,48404,51284,50808,38342,36419,34162,41880,22340,35343,36922
39353,45345,45610,32066,42985,19792,26804,44215,25783,28934,41877,39655,28959,40622,39529,25992,32931,48649,53370,53016,38504,35141,32221,39372,36074,50388,65770,53048,42705,42004,38490,47610,22541,36493,40134,34423,44625,40303,33075,39026,20620,22695,38238,23885,26615,37418,35392,26272,38708,34398,26052,30471,42154,46942,45953,37078,32387,31151,35245,32660,48480,51223,50791,38266,36434,34099,41820,22313,35351,36930
39286,45230,45530,31870,42723,19827,26831,44102,25881,28908,41853,39615,28894,40529,39468,25969,32877,48459,53240,52851,38464,35121,32162,39365,36025,50323,65729,53048,42708,41870,38449,47478,22461,36331,40000,34505,44646,40442,33008,38835,20676,22709,38234,23941,26618,37462,35350,26194,38693,34386,25956,30483,42071,46903,45812,37046,32399,31114,35281,32626,48473,51359,50822,38370,36319,34097,41852,22176,35286,36834
39496,45401,45286,31992,42979,19777,26817,44194,25771,28880,41898,39593,28976,40461,39395,25900,33074,48633,53228,53110,38650,35133,32280,39440,36124,50314,65755,52831,42912,41984,38607,47617,22369,36475,40116,34752,44781,40299,33089,38983,20574,22615,38307,23839,26729,37505,35313,26204,38619,34370,25876,30585,42309,46874,46082,37260,32532,31243,35397,32670,48516,51471,50670,38548,36443,34313,41952,22223,35382,36964
39532,45389,45337,31911,42997,19860,26903,44008,25809,28691,41996,39551,29081,40315,39379,25915,32975,48650,53122,53131,38694,35114,32244,39411,35919,50124,65675,52849,42784,42019,38602,47238,22362,36544,40157,34741,44799,40206,33086,38922,20693,22698,38056,23886,26546,37580,35237,26230,38504,34255,25871,30547,42258,46868,46041,37294,32490,31219,35352,32502,48421,51278,50637,38380,36456,34254,41783,22110,35357,36988
39532,45247,45489,31886,42704,19827,26889,43939,25863,28679,41911,39565,28919,40271,39406,25789,32909,48550,53218,53116,38448,35100,32190,39395,35834,50103,65725,52999,42652,41905,38557,46991,22299,36401,40040,34739,44767,40182,33044,38784,20685,22818,37956,23979,26477,37573,35261,26126,38458,34298,25785,30528,42064,46852,45892,37135,32396,31165,35267,32411,48436,51236,50655,38243,36379,34138,41651,21868,35289,36870
39619,45474,45372,32130,43063,19769,26839,44072,25765,28850,41980,39608,28956,40371,39425,25785,32890,48764,53399,53287,38547,35063,32323,39353,35945,50148,65911,52868,42749,41986,38588,47635,22178,36490,40108,34798,44868,40069,33130,39140,20595,22647,38104,23819,26599,37615,35252,26166,38479,34280,25725,30477,42375,46907,46275,37280,32438,31283,35337,32507,48459,51404,50604,38274,36501,34260,41912,21957,35433,36916
39436,45564,45311,32021,42985,19871,26883,43928,25839,28775,42073,39592,28979,40292,39336,25780,32895,48599,53240,53056,38538,35122,32241,39343,35876,50087,65834,52882,42677,41897,38538,47391,22065,36450,40091,34721,44822,40108,33028,39092,20687,22732,37969,23878,26509,37641,35217,26177,38426,34188,25740,30515,42271,46881,46133,37219,32468,31210,35308,32442,48297,51314,50580,38236,36426,34226,41795,21859,35354,36936
39402,45525,45396,31940,42767,19778,26867,44022,25772,28774,42009,39607,28803,40317,39187,25713,32902,48401,53050,52844,38471,35158,32216,39344,35982,50216,65729,53011,42678,41768,38535,47253,22097,36329,39990,34649,44828,40284,33020,38981,20593,22740,38065,23927,26516,37621,35300,26083,38434,34206,25676,30537,42069,46840,45878,37184,32453,31140,35258,32565,48355,51295,50748,38295,36313,34158,41775,21814,35321,36852
39475,45510,45429,32100,43041,19757,26832,44212,25643,28985,41992,39588,28887,40365,39272,25847,32983,48581,53041,52991,38595,35146,32327,39318,36178,50177,65705,52850,42785,41835,38541,47713,22087,36407,40036,34648,44820,40346,33076,39163,20562,22668,38345,23797,26704,37636,35242,26155,38533,34264,25685,30536,42218,46717,46105,37250,32437,31286,35238,32782,48352,51417,50723,38361,36369,34213,41887,21985,35379,36903
39344,45396,45463,32019,42987,19859,26741,44234,25707,29024,41902,39516,28885,40326,39276,25985,32970,48543,52954,52804,38538,35152,32269,39285,36145,50043,65588,52769,42675,41796,38487,47677,22408,36411,40009,34602,44749,40454,33016,39102,20653,22778,38369,23836,26713,37612,35193,26160,38583,34239,25805,30525,42156,46569,45967,37168,32415,31217,35214,32770,48261,51348,50692,38323,36288,34121,41844,22170,35284,36903
39304,45319,45582,31855,42781,19825,26573,44203,25743,28836,41771,39509,28700,40357,39210,25913,32923,48459,52892,52615,38406,35188,32126,39334,36076,50144,65508,52986,42671,41769,38537,47512,22515,36374,39984,34608,44690,40410,33003,38889,20670,22823,38304,23950,26576,37562,35282,26076,38616,34324,25803,30491,42001,46536,45754,37068,32390,31057,35185,32663,48359,51247,50790,38344,36249,34073,41771,22298,35244,36874
39419,45400,45580,32065,43005,19772,26586,44236,25659,28921,41762,39614,28838,40402,39330,25939,32998,48707,53124,52889,38542,35149,32240,39369,36089,50197,65589,52976,42745,41926,38517,47738,22461,36519,40099,34637,44732,40238,33107,39054,20619,22699,38292,23826,26606,37519,35262,26179,38645,34352,25886,30516,42218,46740,46064,37179,32467,31174,35291,32644,48321,51284,50769,38372,36420,34139,42009,22291,35398,36930
39401,45468,45552,32096,42978,19872,26741,44112,25819,28931,41830,39627,28960,40424,39462,26065,32956,48735,53188,52934,38535,35141,32258,39388,36019,50327,65549,53045,42719,41963,38485,47400,22486,36435,40102,34607,44709,40220,33056,38986,20682,22721,38143,23878,26541,37453,35294,26204,38573,34322,25988,30509,42123,46841,45923,37125,32465,31141,35244,32529,48299,51140,50730,38290,36400,34120,41690,22283,35385,36927
39347,45325,45617,31988,42706,19737,26691,44142,25775,28848,41722,39621,28813,40414,39342,25910,33042,48712,53157,52898,38398,35206,32205,39451,36030,50364,65628,53123,42717,41793,38533,47084,22388,36358,40057,34562,44714,40297,33024,38864,20528,22662,38140,23860,26449,37362,35313,26131,38511,34289,25902,30572,42090,46747,45870,37006,32470,31070,35259,32512,48402,51254,50787,38326,36305,34111,41656,22179,35345,36877
39343,45357,45519,31983,42762,19783,26829,44077,25823,28774,41884,39735,28940,40618,39449,25921,32851,48612,53334,52941,38491,35113,32133,39341,35883,50364,65706,53102,42704,41935,38465,47627,22405,36497,40115,34504,44681,40194,33006,38856,20601,22714,38026,23914,26429,37457,35442,26288,38689,34358,25967,30415,42021,47104,45799,37085,32364,31017,35170,32383,48508,51159,50754,38297,36434,34020,41944,22255,35405,36907
39339,45235,45600,31846,42679,19888,26841,44004,25888,28705,41882,39659,28923,40526,39454,25887,32760,48574,53300,52899,38452,35111,32124,39347,35854,50307,65720,53107,42661,41830,38447,47518,22359,36282,40017,34543,44608,40349,32918,38773,20681,22717,37984,23967,26422,37465,35404,26231,38621,34338,25895,30400,41934,47108,45753,37048,32380,31011,35225,32362,48305,51208,50685,38293,36374,34019,41932,22174,35294,36807
39554,45412,45653,32003,42835,19707,26759,44211,25724,28829,41816,39633,28953,40273,39368,25792,32982,48922,53445,53285,38599,35138,32300,39529,36043,50234,65968,53054,42851,41894,38627,47507,22370,36337,40052,34763,44776,40278,33022,38900,20517,22595,38168,23811,26570,37482,35293,26240,38436,34255,25791,30520,42282,46937,46157,37258,32505,31180,35380,32477,48344,51365,50664,38447,36438,34243,41908,22153,35359,36905
39618,45333,45578,31957,42849,19737,26829,44159,25772,28857,41889,39583,29006,40388,39407,25783,32902,48913,53477,53337,38668,35155,32246,39516,35949,50150,65942,52953,42806,41947,38580,47670,22308,36421,40098,34728,44708,40215,33029,38870,20517,22618,38035,23794,26593,37508,35265,26214,38474,34219,25809,30518,42278,46991,46055,37339,32482,31114,35370,32434,48348,51250,50560,38376,36433,34184,41890,22064,35306,36934
39498,45320,45510,31871,42753,19844,26838,44047,25823,28858,41874,39545,28930,40301,39324,25801,32845,48778,53156,53183,38581,35114,32181,39419,35930,50228,65758,52970,42695,41813,38495,47356,22336,36327,40050,34668,44720,40315,33008,38873,20545,22673,38073,23882,26587,37465,35212,26109,38452,34268,25784,30494,42102,46681,45876,37326,32504,31072,35343,32473,48369,51196,50596,38367,36292,34122,41849,21998,35226,36848
39620,45440,45507,32119,43049,19774,26780,44261,25682,28889,41891,39608,29007,40282,39313,25812,32929,48922,53304,53423,38734,35161,32267,39475,36132,50289,65909,52808,42922,41919,38625,47609,22346,36404,40125,34742,44911,40056,33117,39186,20454,22586,38179,23765,26665,37491,35198,26200,38517,34275,25796,30534,42231,46767,46160,37495,32460,31207,35293,32566,48439,51146,50539,38429,36439,34142,42045,22036,35336,36921
39331,45346,46433,31899,43023,19703,26670,44025,25650,28675,41702,39555,28800,40559,39168,25659,32785,48605,53179,52885,38337,35129,32203,39504,35765,49974,66173,53852,42555,41718,38489,47683,22056,36283,39895,34667,45000,41610,32952,38947,20460,22617,38194,23960,26424,37348,35345,26033,38481,34167,25653,30600,42587,47446,46436,37077,32810,31077,35815,32482,48257,52140,51610,38331,36321,34484,41663,21832,35531,36804
39401,45283,45904,31893,42873,19992,26838,44521,26032,28727,41881,39659,28809,40336,39344,25836,32813,48610,53220,53078,38356,35246,32097,39469,35997,50124,66247,53268,42867,41769,38770,47206,22109,36254,39949,34728,44622,40496,32952,39017,20442,22738,38123,24110,26470,37429,35361,26038,38452,34404,25655,30548,42351,46976,46452,37060,32504,30937,35337,32543,48281,52064,50809,38284,36453,34044,41973,21747,35343,36995
39643,45318,45632,32092,42512,19954,26741,44367,25883,28898,41845,39707,28915,40475,39483,25899,32895,48878,53645,53583,38557,35357,32157,39616,36004,50481,66167,53031,42716,41916,38736,47555,22460,36359,40080,34584,44649,40075,33080,38822,20615,22700,37813,23845,26649,37337,35270,26183,38792,34471,25807,30619,41946,46578,45973,37129,32324,31027,35227,32454,48722,51247,50539,38037,36471,33629,42388,22712,35013,36920
39616,45581,45789,32257,42780,19766,26851,44238,25793,28916,41916,39681,29035,40539,39456,25817,32963,48868,53453,53450,38556,35276,32299,39619,35933,50330,66166,53315,42652,41968,38664,47625,22137,36467,40086,34685,44940,40508,33094,39021,20290,22597,38047,23616,26672,37408,35182,26165,38583,34189,25679,30639,42318,46658,46209,37227,32551,31155,35501,32550,48634,51583,50982,38163,36258,34105,41738,21881,35338,36872
39456,45555,45799,32178,42608,19959,26833,44089,25776,28792,41796,39616,28974,40457,39317,25861,32937,48726,53238,53213,38467,35280,32248,39561,35862,50223,65935,53235,42545,41905,38679,47355,22344,36375,40118,34695,44871,40491,33009,38835,20624,22745,37995,23849,26559,37386,35242,26171,38543,34295,25854,30586,42250,46931,46072,37145,32439,31103,35342,32486,48493,51406,50889,38048,36449,34069,41758,22093,35482,37018
39596,45645,45822,32206,43112,19749,26709,44612,25639,28865,41876,39557,28804,40422,39324,25727,32932,48795,53170,53169,38493,35360,32395,39572,36123,50227,65932,53073,42991,42005,38946,47784,22037,36433,40088,34815,44903,40505,33055,39258,20371,22580,38366,23675,26588,37370,35172,26059,38525,34205,25637,30578,42213,46615,46084,37253,32505,31254,35378,32733,48432,51368,50838,38547,36327,34254,41884,22037,35336,36971
39538,45532,45816,32055,43082,19944,26921,44388,25815,29013,42041,39622,29072,40658,39565,25882,32761,48654,53268,53126,38570,35192,32251,39432,35879,50263,65913,53246,42619,41948,38695,48299,22195,36465,40047,34759,44862,40475,32964,39137,20624,22674,38134,23783,26665,37578,35289,26183,38531,34296,25735,30454,42207,46990,46146,37318,32358,31070,35313,32550,48420,51397,50902,38148,36319,34058,41894,22156,35415,36948
39504,45560,45949,31985,42545,19780,26835,44340,25770,28821,41867,39679,28796,40586,39497,25823,32986,48667,53286,53109,38377,35287,32242,39532,35876,50387,66077,53457,42689,41863,38735,47929,22256,36395,39995,34737,44863,40520,32952,38790,20427,22702,38052,23793,26503,37406,35316,26039,38636,34302,25595,30647,41998,46751,45881,37090,32472,31070,35310,32512,48514,51494,51027,38178,36233,34106,41815,22177,35394,36893
39485,45695,45835,32124,42787,19785,26756,44364,25720,28842,41840,39771,28743,40623,39401,25843,32983,48747,53222,53084,38409,35343,32335,39567,35927,50351,65995,53423,42769,41885,38780,48049,22388,36464,40054,34772,44958,40510,32978,39031,20418,22746,38142,23785,26493,37458,35363,26079,38645,34316,25611,30629,42181,46821,45984,37189,32503,31142,35367,32588,48446,51434,51006,38266,36368,34202,41825,22199,35494,37019
39448,45603,45824,32061,42819,19856,26712,44248,25829,28882,41870,39696,28833,40668,39388,25895,32958,48771,53163,53165,38438,35393,32297,39562,35838,50337,65868,53242,42710,41899,38725,48541,22398,36450,40049,34718,44835,40595,32971,38926,20600,22850,38071,23825,26512,37508,35328,26147,38566,34256,25709,30596,42297,46807,46160,37144,32504,31114,35406,32529,48316,51389,50917,38299,36322,34158,41868,22202,35353,37004
39441,45542,45884,32017,42697,19837,26680,44289,25796,28792,41745,39742,28884,40641,39400,25927,33091,48829,53279,53219,38350,35420,32267,39646,35950,50381,66044,53384,42838,41912,38816,48337,22621,36473,40127,34671,44817,40612,33051,38832,20458,22772,38134,23757,26469,37440,35347,26224,38586,34228,25748,30684,42270,46877,46155,37021,32518,31070,35395,32541,48321,51536,51034,38371,36330,34174,41788,22331,35426,37053
39406,45510,45861,32008,42747,19801,26669,44295,25853,28649,41750,39740,28833,40524,39338,25876,32931,48723,53187,53014,38331,35351,32193,39550,35931,50329,65921,53304,42816,41885,38741,47854,22531,36404,40129,34687,44727,40512,33036,38880,20401,22742,38097,23858,26366,37456,35336,26216,38602,34263,25762,30575,42107,46860,46004,37042,32454,31035,35314,32496,48317,51386,50970,38378,36327,34108,41769,22209,35380,37029
39328,45413,45925,31983,42712,19774,26693,44161,25893,28671,41777,39681,28907,40497,39332,25925,32914,48719,53083,53007,38380,35283,32204,39542,35938,50286,65875,53374,42739,41866,38639,47500,22390,36382,40104,34578,44729,40662,33011,38817,20505,22744,38043,23929,26339,37438,35316,26230,38555,34217,25791,30523,42126,46834,45883,37032,32454,31016,35330,32460,48276,51425,50960,38279,36328,34065,41547,22263,35347,36992
39327,45490,45803,32087,42895,19770,26740,44315,25773,28799,41774,39671,28931,40448,39334,25902,32862,48897,53110,53107,38388,35237,32250,39538,36019,50357,65993,53208,42870,41868,38646,47682,22472,36424,40131,34560,44782,40575,33036,38968,20372,22612,38194,23782,26482,37374,35324,26239,38531,34226,25872,30526,42333,46746,46015,37077,32509,31085,35412,32542,48251,51513,50886,38430,36378,34174,41784,22301,35387,37050
39310,45360,45943,31975,42784,19834,26788,44219,25873,28789,41826,39644,28993,40487,39338,25957,32884,48831,53109,53020,38368,35275,32156,39573,35938,50264,65987,53273,42700,41805,38591,47555,22445,36355,40066,34455,44590,40578,32904,38889,20535,22681,38058,23858,26483,37356,35312,26262,38521,34178,25945,30516,42210,46834,46043,36984,32478,30973,35352,32472,48180,51490,50860,38263,36341,34067,41726,22238,35349,36940
39356,45382,45958,31952,42544,19730,26781,44247,25809,28707,41726,39703,28844,40491,39322,25945,33135,48867,53221,53076,38268,35327,32251,39645,36008,50308,66080,53354,42850,41826,38702,47049,22406,36385,40077,34478,44620,40598,32935,38720,20307,22623,38084,23742,26400,37241,35255,26177,38608,34167,25874,30703,42118,46603,45886,36890,32509,31010,35388,32510,48303,51488,50899,38375,36341,34108,41508,22118,35423,36930
39388,45557,45862,32023,42772,19819,26810,44154,25843,28698,41806,39743,28910,40680,39459,25931,32975,48746,53249,53062,38338,35326,32250,39583,35905,50311,65967,53332,42806,41961,38664,47518,22476,36449,40123,34600,44708,40471,32907,38831,20391,22671,38056,23790,26377,37347,35375,26284,38625,34252,25914,30584,42110,46882,45898,37017,32459,31065,35326,32485,48379,51343,50901,38320,36509,34130,41738,22266,35478,37008
39241,45399,45904,31905,42625,19960,26841,43967,25931,28677,41804,39691,28894,40607,39412,25918,32833,48562,53132,52945,38333,35260,32187,39493,35758,50264,65767,53334,42546,41875,38564,47380,22465,36356,40057,34614,44647,40568,32829,38689,20657,22760,37953,23965,26287,37295,35402,26236,38532,34277,25903,30485,42029,46971,45896,36955,32437,31000,35289,32426,48315,51334,50931,38140,36439,34041,41690,22246,35330,36913
39272,45574,45746,32107,42725,19803,26758,44168,25786,28826,41744,39694,28879,40586,39417,25877,32881,48761,53316,53223,38336,35276,32344,39494,35900,50399,65902,53238,42711,41958,38639,47943,22544,36404,40079,34618,44775,40538,32982,38781,20373,22528,38146,23696,26482,37286,35309,26215,38632,34270,25824,30550,42289,46924,46136,36980,32508,31195,35387,32546,48417,51498,50941,38375,36442,34208,41808,22267,35354,36996
39285,45350,45889,31915,42705,19922,26796,44092,25837,28862,41827,39674,28982,40619,39416,25875,32887,48665,53267,53034,38342,35297,32205,39501,35867,50303,65960,53301,42605,41895,38578,47685,22442,36296,40015,34513,44608,40598,32921,38724,20573,22646,38017,23828,26572,37386,35337,26274,38605,34191,25875,30531,42113,46958,45879,36960,32456,31027,35335,32471,48331,51474,50855,38163,36374,34035,41838,22256,35276,36953
39444,45463,45862,31985,42749,19711,26737,44184,25743,28922,41803,39575,28874,40473,39286,25826,32982,48763,53216,53117,38372,35320,32306,39544,35968,50322,66060,53269,42734,41862,38672,47515,22320,36344,40060,34641,44804,40515,33019,38755,20358,22556,38179,23691,26606,37335,35235,26154,38647,34207,25783,30589,42199,46549,45987,36982,32545,31123,35386,32580,48437,51553,50892,38326,36344,34196,41832,22179,35301,36969
39512,45480,45882,32042,42869,19820,26747,44148,25763,28897,41829,39699,28902,40711,39434,25851,32889,48666,53358,53138,38510,35280,32225,39471,35860,50391,66000,53389,42626,41963,38600,48160,22428,36454,40093,34754,44752,40485,33016,38816,20440,22578,38074,23710,26644,37352,35346,26182,38699,34342,25825,30519,42129,47009,46096,37140,32460,31050,35312,32509,48551,51496,50994,38214,36455,34076,41961,22209,35418,36981
39459,45317,45895,31933,42621,19940,26808,44026,25838,28792,41840,39679,28899,40632,39445,25787,32929,48504,53266,53003,38482,35291,32163,39441,35785,50300,65810,53359,42515,41880,38591,47604,22394,36382,39978,34773,44657,40557,32967,38617,20653,22737,37963,23901,26531,37329,35350,26118,38625,34378,25813,30528,41947,47045,45905,37119,32427,31025,35273,32451,48436,51451,50931,38127,36344,33995,41766,22258,35295,36891
39511,45403,45854,32087,42862,19834,26693,44248,25731,28929,41785,39672,28865,40631,39462,25834,32809,48752,53354,53284,38468,35255,32253,39469,35956,50334,65922,53344,42655,41978,38623,48202,22490,36596,40052,34805,44822,40467,33090,38783,20389,22579,38139,23701,26646,37362,35275,26101,38699,34337,25745,30469,42293,47037,46179,37162,32443,31110,35325,32599,48536,51491,50954,38231,36454,34088,41990,22279,35463,36963
39435,45335,45803,31943,42838,19894,26709,44130,25766,28851,41809,39579,28849,40602,39399,25862,32904,48648,53155,53113,38417,35301,32216,39465,35926,50274,65888,53183,42636,41868,38571,48081,22349,36492,39979,34743,44657,40514,32987,38848,20588,22643,38103,23762,26626,37386,35248,26074,38651,34306,25767,30534,42181,46876,46115,37148,32495,31080,35370,32582,48420,51567,50860,38231,36415,34076,41949,22146,35455,36932
39505,45269,45774,31971,42832,19875,26777,44097,25803,28823,41857,39666,28864,40583,39407,25834,32856,48543,53124,52911,38406,35293,32174,39397,35823,50329,65847,53250,42573,41949,38522,47830,22435,36489,39991,34760,44789,40455,33064,38832,20445,22661,38095,23805,26605,37400,35282,26083,38714,34389,25792,30527,41964,46703,45924,37146,32455,31076,35291,32521,48540,51438,50956,38187,36483,34020,42010,22112,35508,36901
39442,45317,45848,31980,42777,20006,26790,43995,25870,28810,41825,39703,28801,40697,39439,25751,32819,48473,53202,52919,38339,35290,32132,39390,35737,50297,65817,53332,42475,41919,38526,47735,22268,36473,39967,34730,44749,40437,33030,38786,20638,22786,37980,23983,26564,37343,35373,26027,38708,34457,25766,30509,41900,46918,45957,37073,32452,31001,35280,32449,48577,51455,50937,38096,36408,33993,41901,22172,35417,36840
39459,45641,45557,32179,42963,19825,26715,44151,25719,28851,41830,39640,28852,40593,39417,25757,32875,48658,53271,53146,38404,35305,32371,39486,35933,50360,65919,53140,42844,41935,38686,48117,22185,36497,40042,34828,44909,40358,33137,39057,20407,22523,38185,23743,26562,37371,35267,26060,38681,34367,25675,30546,42311,46831,46207,37180,32570,31207,35444,32593,48481,51473,50833,38410,36479,34288,41993,22190,35507,36986
39343,45500,45553,32073,42865,19904,26819,43938,25795,28675,41870,39638,28874,40575,39368,25754,32876,48543,53145,52982,38439,35300,32253,39504,35830,50285,65888,53166,42793,41908,38690,47907,22153,36407,40082,34720,44873,40493,33025,38900,20627,22656,38039,23881,26484,37425,35296,26097,38606,34239,25746,30535,42287,46846,46036,37140,32523,31152,35381,32543,48357,51402,50871,38294,36400,34217,41859,22105,35440,36998
39372,45479,45453,32053,43017,19866,26815,44157,25747,28640,41909,39548,28829,40280,39246,25794,33054,48469,53024,52903,38458,35361,32278,39499,35913,50164,65862,52983,43064,41860,38800,47074,22160,36400,40074,34721,44765,40449,32973,39046,20427,22641,38214,23756,26430,37501,35188,26017,38550,34242,25594,30632,42262,46434,46019,37198,32667,31122,35428,32607,48329,51579,50807,38666,36359,34340,41970,22071,35382,36980
39401,45518,45612,32080,43030,19901,26721,44196,25781,28734,41907,39565,28907,40268,39367,25957,33046,48525,53099,52925,38524,35376,32284,39534,35927,50279,65895,53120,43016,41881,38806,47062,22500,36417,40106,34663,44820,40425,32980,38984,20390,22791,38192,23832,26427,37660,35185,26136,38510,34279,25682,30607,42265,46526,45892,37294,32541,31118,35362,32518,48388,51332,50806,38536,36401,34288,41895,22270,35495,37066
39309,45476,45780,31916,42695,19941,26503,44086,25840,28624,41650,39511,28676,40266,39298,25842,32889,48554,53077,52934,38301,35312,32175,39488,35857,50210,65962,53221,42851,41844,38831,47437,22623,36428,40087,34695,44860,40587,32889,38724,20652,22890,38065,24028,26341,37496,35219,26054,38424,34298,25676,30539,42188,46446,45856,37046,32468,31033,35314,32433,48286,51404,50864,38401,36276,34178,41921,22318,35452,37020
39466,45668,45751,32082,42879,19873,26564,44180,25750,28673,41703,39524,28701,40215,39310,25836,33054,48811,53279,53317,38349,35393,32360,39584,35982,50203,66131,53159,43053,41965,38839,47535,22573,36601,40235,34763,44905,40498,33003,38959,20480,22645,38237,23758,26363,37488,35189,26088,38446,34242,25679,30647,42437,46622,46199,37103,32616,31240,35461,32537,48262,51580,50967,38679,36424,34396,41803,22394,35599,37158
39312,45496,45822,32048,42890,19922,26686,44155,25790,28707,41826,39572,28830,40311,39310,25967,32925,48616,53212,53096,38370,35342,32282,39494,35954,50140,65954,53224,42881,41993,38653,47422,22656,36543,40179,34600,44766,40564,32956,38936,20709,22706,38156,23876,26398,37505,35222,26132,38544,34252,25890,30534,42256,46734,46004,37079,32531,31128,35357,32552,48232,51423,50951,38491,36439,34210,41687,22492,35420,37114
39242,45370,45856,31980,42727,19865,26734,44188,25872,28776,41779,39564,28773,40427,39338,25935,32838,48648,52972,52914,38302,35203,32158,39429,35955,50274,65754,53282,42760,41963,38621,47426,22500,36464,40093,34607,44762,40623,32957,38831,20585,22761,38177,23907,26472,37363,35249,26078,38545,34235,25906,30480,42109,46390,45742,37001,32392,31004,35240,32590,48373,51374,50911,38315,36302,34053,41737,22284,35409,36976
39347,45547,45940,32136,42931,19756,26653,44465,25707,28872,41717,39468,28851,40361,39396,25974,32956,49076,53269,53212,38433,35274,32345,39548,36127,50240,66067,53204,43000,41987,38750,47265,22493,36505,40112,34654,44783,40720,33071,39063,20411,22531,38421,23699,26517,37286,35216,26164,38528,34264,25972,30553,42356,46432,46083,37135,32508,31138,35337,32674,48339,51598,50941,38569,36414,34213,41661,22332,35449,37032
39263,45360,45914,31978,42950,19874,26685,44480,25830,28792,41810,39573,28935,40369,39440,26035,32806,48916,53470,53073,38412,35209,32250,39387,35984,50104,66025,53135,42894,42004,38628,47163,22627,36494,40107,34592,44589,40632,32980,38964,20516,22572,38354,23769,26454,37352,35243,26261,38594,34368,26013,30465,42300,46796,46168,37072,32423,31065,35231,32596,48336,51552,50936,38457,36499,34103,41847,22463,35427,37004
39225,45175,45825,31750,42651,19870,26713,44166,25871,28690,41754,39557,28792,40415,39299,26011,32763,48509,53154,52751,38333,35205,32063,39330,35836,50144,65667,53097,42654,41850,38477,47002,22535,36253,39980,34602,44525,40604,32926,38651,20711,22753,38177,24001,26488,37333,35324,26145,38617,34408,26028,30419,42008,46766,45909,36917,32364,30980,35222,32494,48425,51463,50820,38268,36402,34001,41817,22303,35407,36873
39428,45321,45756,31857,42704,19870,26697,44165,25789,28753,41783,39546,28835,40403,39327,25957,32847,48579,53177,52916,38504,35268,32145,39420,35868,50219,65723,53109,42746,41975,38570,47199,22478,36459,40066,34730,44749,40537,33126,38625,20480,22682,38115,23877,26544,37356,35319,26136,38645,34352,25925,30541,42187,46449,45992,37091,32455,31040,35310,32495,48493,51491,50795,38351,36513,34078,41940,22267,35543,36989
39512,45452,45877,31995,42929,19874,26683,44218,25721,28778,41813,39567,28834,40346,39341,25835,32915,48794,53235,53163,38500,35289,32317,39457,35899,50247,65951,53180,42823,41980,38582,47495,22406,36561,40091,34869,44793,40477,33104,38818,20464,22707,38148,23792,26499,37456,35253,26039,38566,34322,25843,30563,42320,46646,46228,37244,32538,31152,35358,32483,48493,51472,50825,38499,36538,34214,41948,22292,35578,37010
39516,45368,45731,32011,42977,19913,26651,44114,25751,28843,41866,39661,28876,40450,39460,25860,32824,48750,53434,53364,38553,35251,32273,39435,35838,50191,65965,53166,42744,41978,38529,47751,22458,36582,40119,34800,44794,40412,33005,38936,20626,22680,38043,23832,26531,37544,35287,26090,38548,34346,25834,30514,42324,47036,46332,37318,32469,31150,35334,32462,48485,51498,50750,38338,36534,34129,41990,22202,35557,37015
39492,45384,45647,32038,42763,19889,26728,44105,25848,28899,41850,39646,28800,40447,39404,25794,32806,48581,53276,53264,38498,35270,32203,39396,35861,50262,65827,53095,42730,42015,38585,47473,22365,36521,40082,34735,44806,40415,33093,38901,20424,22630,37976,23840,26612,37369,35301,26060,38591,34253,25743,30557,42131,46530,46018,37233,32469,31103,35306,32514,48511,51462,50744,38296,36445,34104,41929,22062,35442,36944
39404,45604,45749,32130,42953,19829,26720,44185,25711,28870,41851,39566,28814,40388,39191,25801,32917,48713,53152,53171,38489,35310,32324,39465,35963,50211,65957,53088,42780,41896,38615,47195,22202,36461,40053,34687,44860,40491,33113,39114,20408,22611,38123,23753,26597,37445,35228,26058,38552,34200,25755,30584,42255,46398,46136,37232,32568,31179,35377,32587,48500,51600,50832,38346,36412,34222,41766,22105,35444,36967
39402,45632,45764,32124,42909,19793,26668,44343,25698,28940,41821,39632,28793,40549,39224,25786,32918,48674,53164,53040,38485,35302,32329,39444,36025,50278,65928,53151,42704,41862,38620,47589,22119,36453,40023,34695,44934,40494,33047,39050,20377,22567,38152,23714,26683,37454,35220,26058,38696,34222,25727,30609,42251,46569,46226,37225,32494,31196,35334,32677,48559,51553,50868,38239,36424,34118,41985,21994,35426,36951
39427,45654,45793,32191,42809,19758,26644,44499,25655,28969,41737,39641,28692,40566,39232,25807,32988,48794,53086,53106,38406,35298,32435,39479,36272,50385,66024,53162,42931,41848,38810,47538,22124,36364,40006,34711,45007,40570,33081,38993,20389,22534,38377,23663,26726,37319,35187,25950,38697,34237,25636,30636,42282,46477,46217,37106,32482,31268,35337,32834,48537,51629,50928,38432,36328,34259,41924,22046,35333,36932
39463,45623,45788,32153,42987,19800,26684,44513,25688,28890,41794,39714,28738,40686,39379,25946,32877,48702,53159,53080,38476,35205,32378,39390,36225,50325,66111,53190,42884,41928,38756,48176,22342,36472,40038,34791,44941,40549,33054,39072,20403,22587,38446,23677,26677,37432,35227,25996,38711,34356,25727,30571,42299,46688,46306,37215,32405,31229,35272,32796,48511,51604,50995,38393,36408,34225,42071,22271,35481,37029
39405,45474,45883,31873,42732,20004,26676,44330,25864,28748,41755,39747,28702,40716,39463,25954,32872,48495,53111,52854,38414,35198,32176,39356,36006,50162,65902,53211,42711,41936,38629,48140,22606,36381,39997,34810,44736,40659,32891,38769,20742,22887,38265,23978,26551,37457,35397,25976,38695,34468,25818,30535,42034,47004,46101,37160,32328,31063,35219,32612,48429,51473,50967,38300,36386,34049,41795,22354,35380,36979
39410,45626,45979,32038,42667,19722,26481,44557,25729,28780,41590,39741,28606,40568,39384,25969,33052,48806,53189,53161,38353,35248,32251,39540,36171,50292,66160,53316,42894,41966,38721,48086,22645,36445,40094,34771,44920,40650,33030,38763,20424,22676,38335,23780,26558,37264,35293,25982,38652,34333,25742,30672,42269,46627,46146,37058,32439,31116,35348,32689,48456,51535,51052,38411,36344,34110,41691,22405,35330,36986
39353,45585,45842,32121,42900,19827,26600,44425,25786,28763,41739,39814,28744,40695,39371,25981,32941,48623,53060,52973,38399,35237,32248,39465,36069,50424,65893,53255,42811,42018,38628,47976,22657,36490,40073,34712,44817,40571,33036,38931,20426,22673,38263,23872,26521,37341,35364,26095,38688,34372,25868,30570,42205,46763,46116,37110,32436,31111,35326,32687,48422,51414,51031,38380,36416,34121,41785,22316,35418,37037
39333,45435,45880,31968,42767,19920,26759,44222,25867,28760,41812,39754,28943,40708,39479,26048,32883,48559,53049,52805,38440,35248,32122,39454,35893,50323,65767,53338,42596,42016,38547,47578,22643,36492,40053,34680,44679,40544,32943,38774,20666,22744,38045,23954,26463,37359,35373,26180,38733,34415,26011,30530,42055,46928,45961,37046,32407,30992,35294,32529,48415,51314,50972,38217,36475,33964,41837,22405,35434,36965
39411,45496,45889,32111,42894,19758,26762,44528,25750,28901,41722,39712,28928,40603,39545,26010,32959,48806,53302,53077,38403,35262,32261,39556,36171,50329,65959,53291,42886,41992,38697,47590,22616,36508,40081,34686,44700,40589,33026,39017,20341,22568,38376,23695,26586,37288,35279,26201,38728,34355,25904,30568,42202,46774,46069,37055,32520,31081,35382,32706,48434,51410,50946,38446,36459,34159,41848,22366,35357,36965
39373,45344,45922,32106,42988,19785,26805,44501,25801,28920,41836,39641,29042,40674,39582,26015,32897,48764,53380,53068,38532,35276,32215,39557,36146,50325,65944,53303,42883,41937,38650,47649,22566,36446,40039,34609,44586,40523,33007,39092,20393,22606,38326,23764,26643,37421,35250,26316,38715,34407,25966,30522,42206,46860,46066,37183,32430,31094,35304,32684,48481,51327,50922,38351,36418,34046,41864,22403,35362,36953
39428,45347,45884,31966,42729,19914,26914,44395,25933,28808,41901,39648,29079,40658,39539,26019,32994,48692,53373,53056,38494,35330,32185,39609,36043,50312,65961,53358,42833,41926,38717,47557,22522,36348,40000,34644,44632,40515,32955,38813,20611,22735,38109,23916,26598,37402,35338,26283,38704,34418,26007,30606,42053,46935,45882,37091,32447,31043,35290,32576,48442,51367,50877,38287,36358,34006,41859,22374,35334,36901
39573,45386,45877,31993,42876,19835,26865,44521,25872,28792,41896,39702,29038,40705,39599,25951,32876,48731,53508,53257,38573,35346,32220,39570,36040,50380,66038,53345,42929,42090,38747,47962,22547,36512,40100,34750,44774,40550,33024,38833,20461,22642,38216,23825,26686,37441,35339,26247,38765,34426,25902,30519,42187,47042,46050,37221,32415,31081,35330,32563,48575,51424,50885,38377,36517,34104,41904,22312,35459,36980
39497,45301,45941,31999,42913,19858,26901,44460,25929,28761,41922,39628,29024,40580,39559,25968,32868,48612,53459,53203,38604,35272,32159,39550,36070,50273,66023,53315,42879,41953,38730,47298,22479,36442,40041,34712,44703,40624,33036,38792,20593,22705,38239,23913,26636,37444,35300,26199,38601,34442,25940,30520,42085,46913,45989,37287,32407,31075,35257,32573,48488,51437,50873,38325,36404,34013,41749,22267,35272,36890
39522,45547,45953,32208,43076,19805,26838,44622,25902,28828,41946,39565,29022,40380,39517,25965,32900,48863,53431,53334,38643,35233,32361,39541,36182,50271,66160,53223,43046,41976,38771,47235,22452,36493,40066,34820,44859,40618,33104,38993,20525,22644,38455,23840,26647,37483,35223,26119,38522,34456,25937,30543,42361,46670,46195,37410,32501,31216,35369,32692,48468,51488,50937,38501,36384,34194,41793,22301,35374,36955
39386,45349,45961,32126,43098,19968,26904,44412,26001,28855,41993,39601,29052,40548,39512,25950,32814,48586,53420,53233,38601,35237,32198,39469,36063,50139,66219,53372,42877,41955,38666,47495,22305,36517,40027,34736,44772,40552,33006,39096,20706,22741,38345,24009,26635,37533,35310,26147,38601,34495,25919,30491,42253,47044,46162,37313,32441,31093,35326,32595,48428,51583,50952,38331,36434,34100,41653,22246,35472,36931
39520,45507,45848,32162,43037,19777,26912,44562,25853,28944,42018,39556,28998,40465,39464,25860,32922,48682,53403,53249,38529,35302,32260,39516,36209,50243,66165,53227,42944,41939,38801,47467,22089,36437,39992,34763,44788,40448,33087,39197,20407,22656,38382,23880,26704,37504,35227,26134,38644,34393,25789,30597,42158,46623,45993,37251,32506,31111,35323,32712,48440,51550,50855,38410,36371,34168,41858,22076,35404,36845
39731,45728,45907,32177,43068,19829,26949,44578,25845,28871,42103,39707,28990,40576,39635,25829,32979,48939,53506,53371,38613,35294,32384,39613,36156,50375,66181,53364,42968,42051,38812,47726,22199,36540,40081,34864,44898,40402,33053,39198,20516,22718,38222,23865,26642,37664,35295,26171,38706,34427,25785,30675,42190,46763,46031,37356,32483,31212,35361,32685,48520,51313,50926,38350,36390,34177,41913,22125,35469,36945
39607,45581,45863,32010,42845,19922,27038,44406,25907,28783,42081,39689,28933,40608,39562,25939,32922,48734,53388,53247,38475,35245,32206,39502,35983,50334,66041,53425,42801,41952,38703,47394,22210,36464,40041,34790,44954,40548,32964,38967,20693,22832,38090,23937,26538,37613,35304,26123,38640,34328,25727,30609,42031,46810,45861,37198,32428,31090,35289,32583,48514,51302,50921,38246,36334,34071,41824,22224,35421,36891
39512,45740,45891,32251,43127,19711,26916,44574,25766,28956,42049,39646,28977,40479,39457,26008,32992,48911,53421,53470,38595,35308,32450,39577,36166,50311,66278,53263,43034,42054,38864,47692,22357,36639,40152,34740,45005,40540,33071,39192,20443,22683,38347,23714,26657,37619,35206,26182,38526,34220,25714,30622,42424,46582,46083,37281,32559,31261,35402,32743,48427,51490,50904,38564,36405,34307,41867,22333,35532,37063
39429,45534,45895,32217,43089,19938,26934,44327,25940,28992,42051,39685,29039,40652,39510,25997,32991,48779,53352,53300,38623,35306,32323,39516,36058,50296,66173,53300,42867,42039,38747,48048,22554,36575,40130,34642,44852,40566,33099,39110,20671,22854,38206,23864,26708,37640,35344,26244,38651,34240,25813,30608,42268,46730,45979,37295,32496,31162,35338,32649,48442,51529,50895,38418,36342,34149,41890,22389,35455,37052
39514,45549,45857,32105,42878,19841,26817,44263,25886,28877,41964,39666,28944,40595,39453,25855,33028,48729,53271,53276,38517,35257,32246,39479,36048,50491,66102,53405,42805,41998,38721,47744,22511,36557,40131,34699,44908,40550,33086,38938,20568,22839,38157,23882,26604,37556,35314,26219,38686,34302,25742,30647,42141,46494,45858,37188,32466,31079,35276,32636,48573,51448,50964,38334,36276,34079,41816,22344,35446,37025
39518,45796,45870,32305,43158,19836,26785,44444,25780,28888,42003,39690,29009,40668,39483,25907,33014,48932,53411,53422,38576,35347,32399,39528,36127,50503,66237,53376,43027,42084,38820,48189,22607,36693,40199,34744,44980,40582,33112,39178,20533,22690,38337,23760,26607,37639,35303,26245,38674,34298,25855,30578,42400,46766,46114,37271,32517,31254,35386,32695,48450,51494,51119,38624,36401,34298,41898,22461,35539,37143
39443,45523,45914,32176,43005,19945,26914,44271,25922,28862,42024,39691,29112,40613,39565,25992,32945,48867,53478,53281,38493,35334,32186,39522,35959,50373,66077,53306,42815,42112,38698,47944,22660,36567,40156,34703,44713,40547,33037,38991,20791,22744,38147,23940,26537,37540,35370,26259,38686,34410,26025,30528,42289,47078,46048,37111,32474,31080,35350,32572,48465,51517,51025,38430,36424,34151,41896,22485,35437,37072
39474,45394,45867,32026,42733,19849,26891,44200,25949,28785,41925,39628,28950,40524,39596,25989,32909,48787,53334,53157,38337,35280,32154,39517,35933,50364,65916,53294,42724,42100,38623,47319,22541,36566,40138,34653,44665,40481,33041,38764,20566,22746,38023,23933,26459,37284,35373,26191,38702,34385,25975,30561,42083,46717,45824,36911,32419,31058,35293,32558,48533,51390,50901,38272,36405,34030,41737,22379,35460,36992
39460,45601,45976,32227,43047,19860,26950,44441,25890,28907,42033,39643,29015,40573,39591,26039,33034,48863,53444,53256,38496,35385,32335,39592,36122,50292,66142,53296,42984,42186,38758,47614,22641,36677,40182,34664,44717,40547,33123,39054,20515,22674,38274,23769,26552,37427,35304,26284,38631,34338,26024,30634,42251,46750,46053,37118,32550,31158,35372,32679,48411,51470,50998,38533,36507,34209,41825,22431,35518,37050
39372,45526,45979,32148,43054,19879,26960,44359,25918,28989,42071,39644,29089,40694,39575,26033,32922,48735,53441,53164,38545,35328,32316,39519,36078,50327,66045,53332,42871,42058,38681,47791,22613,36528,40105,34685,44766,40549,33071,39012,20664,22691,38221,23840,26637,37512,35353,26317,38679,34392,26015,30552,42156,46953,45953,37137,32466,31130,35277,32631,48539,51457,51002,38425,36427,34114,41870,22397,35406,37015
39449,45340,45942,32011,42759,19816,26910,44227,25921,28919,42015,39599,28996,40682,39535,25914,32923,48559,53211,53004,38485,35298,32158,39458,36019,50438,65901,53375,42739,41983,38622,47871,22438,36417,40046,34734,44672,40559,33058,38726,20542,22712,38085,23872,26685,37394,35377,26192,38756,34407,25872,30575,41873,46667,45678,37113,32363,31048,35172,32615,48658,51428,50963,38278,36307,33958,41851,22306,35296,36898
39666,45488,45949,32192,43160,19823,26859,44372,25855,28873,42113,39654,29037,40613,39581,25925,32906,48748,53377,53228,38714,35312,32333,39452,36076,50325,66192,53313,42900,42116,38718,48267,22501,36697,40119,34885,44762,40470,33118,38964,20619,22667,38276,23793,26679,37574,35374,26196,38684,34470,25859,30547,42174,46877,46096,37379,32471,31168,35293,32651,48608,51517,51029,38465,36477,34137,42037,22379,35480,37000
39577,45443,45771,32085,43098,19958,26876,44149,25896,28829,42107,39647,29038,40538,39546,25882,32852,48621,53414,53165,38638,35300,32191,39405,35949,50256,66050,53192,42689,41988,38526,47915,22407,36566,40079,34853,44805,40521,33112,38985,20660,22747,38203,23891,26637,37635,35408,26196,38675,34507,25838,30495,42150,46942,46139,37311,32422,31108,35278,32609,48546,51538,50953,38294,36419,34001,42033,22233,35440,36957
39520,45478,45615,32096,42860,19798,26823,44132,25851,28863,42000,39595,28886,40511,39449,25849,32936,48445,53109,52987,38492,35303,32161,39409,36016,50440,65811,53147,42651,41994,38515,47476,22293,36471,40034,34830,44792,40509,33207,38954,20423,22731,38221,23897,26700,37459,35349,26101,38745,34452,25760,30613,41998,46491,45861,37216,32406,31130,35239,32712,48620,51427,50909,38218,36335,33971,41996,22096,35390,36888
39525,45647,45756,32328,43169,19829,26825,44317,25779,28819,42086,39622,28923,40535,39382,25866,32919,48708,53073,53076,38560,35383,32356,39468,36141,50276,65999,53075,42914,42097,38714,48047,22281,36656,40091,34878,44906,40500,33190,39235,20555,22690,38460,23827,26684,37574,35295,26093,38672,34422,25828,30598,42327,46593,46214,37324,32588,31282,35399,32825,48501,51604,50950,38567,36495,34313,42085,22203,35518,37012
39466,45677,45778,32272,43101,19937,26855,44241,25833,28802,42051,39656,28935,40541,39362,25876,32883,48651,53134,53088,38570,35333,32373,39440,36032,50209,65984,53127,42818,41984,38735,47900,22169,36508,40077,34733,44947,40512,33104,39084,20725,22715,38303,23911,26619,37646,35323,26098,38633,34383,25811,30575,42311,46752,46156,37295,32547,31221,35364,32709,48438,51587,50913,38443,36420,34269,41946,22160,35455,37008
39408,45614,45734,32153,42816,19814,26867,44221,25868,28809,41939,39662,28774,40549,39338,25835,32983,48561,53081,53068,38454,35330,32301,39423,35964,50393,65899,53173,42765,41911,38697,47665,22149,36473,40037,34689,44870,40540,33094,38852,20537,22748,38219,23924,26548,37495,35343,26014,38645,34296,25679,30634,42109,46499,45880,37170,32510,31131,35283,32635,48562,51473,50886,38364,36272,34158,41883,22033,35398,36962
39412,45591,45757,32122,42956,19795,26763,44249,25835,28776,41928,39735,28819,40638,39384,25898,32943,48577,53141,53038,38500,35342,32184,39419,35948,50302,65934,53103,42821,41987,38642,47880,22403,36590,40099,34702,44889,40500,33076,38965,20591,22843,38173,23903,26493,37558,35391,26101,38700,34280,25742,30591,42125,46599,45967,37210,32493,31089,35314,32541,48517,51436,50837,38416,36425,34107,41923,22319,35530,37041
39386,45527,45885,32025,42883,19918,26655,44215,25869,28640,41867,39687,28849,40445,39341,25920,33196,48667,53044,53000,38515,35474,32304,39612,35973,50187,65923,53132,43006,41982,38749,47380,22640,36494,40112,34651,44814,40497,33011,38898,20716,22851,38069,23931,26405,37505,35352,26167,38556,34222,25813,30733,42108,46472,45906,37158,32615,31139,35404,32488,48318,51412,50817,38560,36407,34163,41791,22459,35464,37038
39416,45599,45928,32122,42909,19826,26707,44203,25910,28669,41835,39735,28838,40452,39443,25901,33071,48838,53267,53119,38471,35403,32338,39641,35897,50354,65996,53330,42872,42075,38738,47229,22504,36575,40169,34651,44797,40523,33034,38900,20592,22712,38099,23900,26377,37348,35404,26116,38588,34263,25877,30644,42217,46525,45870,37159,32584,31153,35400,32493,48419,51356,50954,38431,36437,34174,41814,22337,35492,37082
39434,45480,45815,32037,42748,19910,26805,44126,25947,28665,41803,39719,28814,40576,39532,25937,33160,48716,53208,53054,38316,35471,32251,39646,35893,50302,65830,53192,42840,42071,38670,47051,22538,36502,40124,34610,44665,40602,33019,38792,20670,22751,38128,23911,26392,37276,35417,26101,38671,34354,25967,30716,42059,46627,45813,36998,32619,31123,35412,32520,48402,51396,50876,38436,36481,34133,41594,22347,35451,36987
39415,45646,45736,32146,43042,19702,26797,44224,25824,28796,41901,39642,28947,40533,39424,25989,33008,48851,53201,53162,38475,35428,32352,39614,35998,50211,65925,53105,42978,42160,38647,47602,22556,36684,40170,34672,44815,40503,33070,39040,20478,22643,38249,23777,26529,37429,35310,26263,38605,34348,25958,30583,42372,46706,46080,37143,32629,31176,35447,32618,48380,51455,50898,38571,36582,34256,41776,22362,35612,37109
39415,45420,45709,31952,42879,19869,26847,43987,25852,28716,41979,39684,29069,40547,39431,25915,32898,48621,53149,53032,38599,35406,32180,39569,35810,50189,65824,53080,42692,42113,38572,47645,22481,36651,40149,34692,44772,40532,33053,38822,20672,22750,38058,23960,26553,37504,35437,26277,38568,34380,25949,30563,42211,47044,46031,37222,32536,31094,35385,32475,48500,51483,50821,38361,36587,34126,41900,22266,35606,37067
39641,45514,45810,32011,42876,19807,26772,44186,25784,28775,41883,39668,28960,40436,39464,25854,33109,48742,53248,53228,38586,35478,32300,39691,35994,50380,65935,53161,42867,42156,38772,47524,22459,36596,40178,34825,44861,40591,33180,38822,20523,22583,38256,23785,26609,37355,35364,26120,38596,34381,25855,30706,42178,46665,46075,37230,32671,31195,35472,32609,48719,51542,50893,38560,36491,34250,41913,22238,35452,37029
39630,45447,45664,32104,43138,19754,26703,44242,25701,28857,41870,39649,28934,40537,39407,25806,32969,48720,53261,53326,38658,35331,32291,39544,35982,50421,65874,53110,42779,42125,38667,47906,22387,36641,40140,34817,44985,40410,33100,39097,20443,22575,38281,23775,26643,37445,35350,26078,38582,34444,25801,30603,42346,46900,46273,37367,32577,31212,35438,32572,48680,51506,50884,38447,36541,34222,42030,22152,35517,37071
39502,45409,45618,32066,42903,19929,26767,44000,25812,28819,41904,39655,28901,40581,39473,25794,32922,48559,53267,53174,38521,35292,32231,39526,35822,50264,65838,53141,42642,41990,38631,47857,22294,36530,40054,34811,44890,40421,33051,38976,20661,22697,38063,23962,26578,37506,35402,26053,38574,34453,25795,30566,42211,47072,46171,37246,32532,31185,35422,32467,48493,51542,50833,38274,36518,34196,41999,22075,35541,36981
39502,45663,45578,32183,42879,19761,26703,44198,25661,28857,41786,39598,28785,40338,39337,25705,33000,48895,53226,53358,38375,35327,32439,39604,36004,50155,66004,53009,42883,41975,38857,47640,22064,36448,40051,34849,45014,40396,33089,39088,20410,22492,38176,23707,26576,37343,35246,26009,38510,34274,25655,30636,42373,46719,46261,37125,32604,31322,35460,32626,48453,51492,50795,38451,36451,34335,41794,21942,35406,36962
39559,45461,45574,32109,42891,19702,26780,44190,25659,28842,41858,39636,28799,40350,39260,25771,33020,48887,53148,53314,38442,35248,32341,39525,36012,50164,65918,53050,42831,41873,38747,47481,22010,36300,40045,34801,44867,40412,33041,39071,20433,22588,38204,23726,26587,37489,35254,26020,38493,34247,25569,30609,42310,46767,46183,37153,32573,31232,35402,32634,48418,51426,50790,38412,36372,34283,41734,22073,35246,36949
39447,45457,45559,31980,42692,19653,26748,44075,25611,28798,41769,39649,28750,40326,39212,25779,33153,48699,53165,53075,38388,35305,32373,39547,36041,50091,65754,52971,42940,41731,38736,47206,22164,36282,39961,34732,44823,40420,32978,38940,20428,22696,38139,23770,26534,37528,35251,26007,38465,34281,25613,30740,42210,46738,46076,37160,32637,31255,35429,32621,48322,51455,50796,38599,36329,34322,41780,22081,35263,36871
39403,45519,45420,31968,43101,19717,26615,44114,25675,28721,41848,39579,28881,40293,39256,25773,33022,48503,53049,52874,38530,35197,32350,39475,35953,49987,65670,52986,42944,41920,38700,47281,22384,36526,40079,34725,44894,40269,32958,39187,20534,22761,38153,23837,26424,37745,35262,26209,38417,34291,25764,30584,42217,46892,46050,37285,32625,31263,35390,32546,48289,51324,50806,38596,36484,34365,41659,22306,35532,37001
39289,45246,45608,31853,42924,20015,26778,44004,25986,28661,41895,39681,29036,40365,39352,25950,32804,48440,53172,52812,38517,35192,32140,39422,35791,49989,65689,53153,42670,41949,38583,47339,22405,36492,40094,34603,44690,40309,32842,38909,20764,22813,37974,24042,26324,37667,35324,26235,38456,34326,25878,30430,42105,47086,45867,37100,32577,31044,35316,32379,48254,51245,50806,38330,36435,34186,41701,22211,35465,36992
39249,45309,45456,31984,42699,19692,26716,44083,25763,28812,41631,39527,28814,40207,39326,25821,32958,48830,53360,53174,38291,35177,32286,39513,35987,50144,65898,52928,42839,41909,38685,47396,22315,36374,40061,34430,44770,40352,32924,38839,20474,22586,38089,23771,26467,37272,35203,26104,38492,34191,25811,30542,42338,46766,46058,36864,32607,31130,35396,32533,48363,51457,50718,38457,36321,34276,41909,22181,35307,36941
39265,45365,45322,31985,43057,19758,26780,44105,25848,28738,41859,39536,29097,40289,39371,25897,32781,48679,53282,53053,38540,35000,32303,39294,36031,49982,65618,52778,42959,42005,38592,47132,22425,36454,40108,34429,44659,40194,32921,39091,20600,22677,38235,23853,26532,37493,35276,26330,38420,34250,25927,30435,42312,46912,45966,37011,32479,31185,35296,32557,48274,51219,50601,38505,36434,34326,41580,22383,35442,36984
39210,45119,45453,31656,42822,19950,26797,43956,25917,28715,41928,39506,29101,40163,39349,25947,32702,48483,53131,52968,38489,34899,32137,39217,35885,49882,65701,52930,42591,41821,38472,47063,22479,36261,40001,34500,44514,40234,32777,38802,20793,22716,37995,24021,26546,37535,35201,26255,38321,34298,25865,30364,42072,46948,45891,36880,32215,31068,35085,32429,48200,51278,50567,38083,36329,34055,41658,22178,35313,36833
39479,45369,45566,31799,42703,19781,26795,44117,25850,28779,41912,39518,28971,40198,39489,25890,32811,48647,53491,53281,38453,35001,32204,39348,35940,50109,65997,53072,42657,41926,38592,47818,22424,36325,40014,34720,44683,40279,32983,38668,20562,22687,38026,23878,26578,37585,35229,26159,38434,34352,25828,30460,42217,47050,46193,36917,32324,31146,35201,32459,48445,51467,50720,38173,36405,34093,41980,22118,35346,36903
39528,45450,45561,31921,42823,19775,26780,44119,25780,28832,41888,39537,28938,40403,39511,25874,32934,48636,53426,53305,38504,34999,32220,39352,36084,50249,65910,53007,42723,41914,38551,47702,22415,36325,40004,34760,44715,40179,33032,38840,20602,22635,38137,23816,26674,37576,35244,26148,38531,34395,25805,30541,42202,47145,46231,37049,32345,31147,35190,32585,48599,51367,50693,38251,36456,34113,41845,22298,35274,36921
39589,45522,45658,32094,43086,19818,26802,44277,25844,28987,41927,39568,28979,40526,39552,25896,32841,48721,53433,53411,38581,35077,32345,39424,36158,50335,66002,53203,42774,41909,38590,47783,22530,36401,40058,34701,44878,40190,33089,39109,20660,22677,38192,23857,26758,37667,35255,26171,38578,34395,25806,30486,42181,47021,46133,37174,32306,31247,35208,32653,48566,51265,50808,38242,36402,34077,41759,22225,35355,36914
39525,45250,45879,32002,43197,19858,26829,44264,25966,29054,42048,39579,28972,40585,39624,25901,32831,48672,53432,53211,38592,35089,32159,39354,35984,50229,66090,53626,42680,41920,38593,48272,22356,36429,40016,34654,44713,40704,32963,39136,20615,22715,38174,24030,26726,37689,35277,26164,38663,34502,25834,30448,42088,46933,45891,37174,32420,30993,35250,32549,48531,51424,51061,38260,36335,34122,41764,21949,35473,36826
39750,45321,45714,32053,43110,19913,26850,44756,25993,29035,42164,39680,28953,40448,39614,25883,32946,48718,53438,53278,38732,35257,32140,39445,36265,50220,66095,53341,43106,42009,38855,48453,22275,36351,40062,34686,44685,40449,33046,39249,20560,22673,38225,23978,26744,37650,35274,26196,38581,34474,25778,30498,42171,46647,46022,37350,32543,31042,35356,32581,48479,51474,50866,38470,36326,34164,42076,22059,35319,36843
39651,45587,45711,32201,42959,19960,26813,44420,25837,29030,41978,39541,28911,40425,39476,25743,32848,48802,53666,53402,38589,35135,32282,39452,36114,50279,66219,53254,42741,41950,38662,48077,22276,36408,40100,34688,44933,40260,33098,39275,20608,22648,38218,23777,26754,37575,35151,26164,38521,34247,25746,30475,42438,46954,46284,37271,32440,31223,35343,32562,48602,51480,50883,38176,36455,34142,42190,22063,35434,36975
39470,45523,45721,32070,42836,19937,26818,44268,25827,28858,41940,39564,28983,40500,39528,25826,32864,48867,53682,53421,38529,35120,32223,39451,35862,50196,66181,53180,42625,41951,38549,48324,22251,36469,40163,34711,44924,40249,32962,39028,20797,22723,38102,23902,26598,37590,35278,26188,38633,34347,25853,30464,42379,47208,46207,37228,32392,31149,35306,32406,48557,51476,50778,38141,36541,34106,42147,22029,35528,37055
39654,45600,45742,32116,43028,19715,26804,44532,25784,28826,42000,39529,28908,40191,39501,25779,32874,48968,53372,53315,38602,35231,32427,39500,36046,50215,65943,53035,42960,41969,38861,47637,22085,36395,40099,34709,44924,40111,33015,39178,20576,22662,38211,23792,26567,37550,35132,26113,38455,34238,25696,30489,42238,46425,46034,37280,32384,31302,35277,32523,48476,51187,50684,38314,36296,34176,41892,21934,35257,36904
39602,45640,45872,32147,43148,19756,26831,44522,25831,28909,41947,39778,28923,40557,39475,25901,32961,48881,53473,53253,38677,35261,32328,39523,36099,50207,66136,53380,42918,41952,38850,47898,22187,36461,40121,34660,44968,40361,33021,39228,20534,22640,38262,23780,26578,37654,35348,26142,38517,34269,25741,30516,42365,46897,46131,37350,32436,31199,35320,32571,48422,51295,50913,38313,36317,34181,42095,21873,35343,36982
39640,45635,45814,32026,42904,19725,26810,44404,25789,28832,41941,39677,28863,40299,39443,25832,33133,48832,53485,53361,38545,35256,32366,39561,36107,50283,66208,53325,43020,41986,38843,47369,22435,36360,40141,34703,44966,40407,33007,39067,20513,22689,38286,23746,26494,37623,35199,26151,38471,34215,25681,30639,42354,46656,46149,37210,32513,31220,35360,32571,48455,51424,50919,38424,36275,34254,41765,22123,35318,37029
39540,45546,45808,32033,43218,19709,26668,44342,25782,28770,41929,39603,28927,40363,39455,25804,32900,48847,53426,53316,38569,35214,32319,39485,36000,50181,65990,53270,42957,42056,38725,47644,22538,36505,40156,34714,44855,40307,32967,39193,20564,22777,38275,23859,26487,37736,35206,26305,38473,34275,25812,30476,42347,46744,46120,37203,32398,31199,35236,32521,48350,51205,50898,38450,36415,34164,41727,22330,35418,37054
39461,45312,45940,31915,42951,19936,26801,44287,25986,28714,41988,39573,29030,40381,39425,25895,32914,48887,53318,53307,38575,35277,32105,39491,35941,50062,65970,53362,42866,41971,38665,47746,22490,36500,40095,34675,44696,40459,32922,38993,20775,22770,38169,24013,26414,37755,35251,26287,38465,34310,25890,30452,42276,46857,46041,37176,32433,31039,35265,32433,48220,51303,50880,38440,36406,34070,41746,22236,35348,36999
39585,45535,45857,32200,43005,19689,26866,44434,25874,28924,41929,39666,28961,40440,39521,25914,33056,49081,53515,53481,38545,35271,32352,39629,36130,50306,66173,53321,43060,42118,38741,47950,22470,36598,40190,34612,44769,40412,33093,39124,20593,22644,38282,23828,26492,37475,35344,26213,38538,34205,25876,30601,42324,46814,46081,37139,32587,31207,35418,32549,48392,51396,50916,38535,36395,34232,41919,22298,35360,36991
39480,45445,45847,32158,43002,19878,26958,44291,25905,28864,42023,39617,29153,40513,39599,25985,32985,48874,53542,53294,38560,35268,32293,39571,36030,50314,66051,53372,42903,42035,38653,47520,22583,36540,40156,34484,44675,40397,33020,39041,20668,22740,38103,23917,26464,37617,35330,26405,38548,34283,25990,30533,42275,47054,46046,37137,32463,31117,35369,32482,48312,51289,50914,38384,36348,34129,41723,22234,35430,36978
39536,45521,45859,32107,42889,19746,26924,44293,25788,28913,41990,39590,29093,40503,39525,25915,33108,48922,53541,53401,38505,35292,32335,39602,36126,50336,66033,53285,42973,41987,38727,47833,22489,36448,40128,34500,44587,40335,33028,38976,20568,22718,38145,23799,26559,37565,35234,26381,38570,34213,25877,30670,42176,46901,45979,37110,32490,31172,35306,32562,48312,51243,50818,38444,36369,34173,41787,22152,35349,36921
39598,45488,45806,32056,43016,19819,26952,44240,25863,28975,42062,39664,29128,40587,39597,25959,33014,48815,53584,53379,38587,35204,32299,39522,36065,50360,65979,53368,42883,42074,38650,47966,22576,36443,40152,34567,44694,40356,32994,38960,20552,22674,38146,23807,26700,37627,35291,26362,38639,34280,25988,30527,42157,46989,45881,37165,32435,31172,35292,32522,48423,51247,50879,38440,36443,34117,41994,22254,35405,36950
39545,45264,45730,31892,42779,19894,26994,43977,25952,28835,42051,39607,29005,40499,39497,25819,32878,48630,53324,53095,38470,35158,32154,39394,35938,50271,65828,53299,42667,41923,38506,47814,22433,36380,40011,34651,44621,40350,32955,38666,20702,22788,37972,23892,26561,37520,35305,26233,38576,34257,25903,30464,42029,46798,45767,37058,32393,31066,35247,32436,48363,51273,50811,38270,36310,34061,41947,22111,35347,36863
39678,45500,45766,32110,43047,19754,26870,44257,25769,28949,41986,39570,29008,40474,39546,25840,32995,48771,53423,53320,38630,35193,32288,39478,36113,50381,65997,53221,42887,42029,38658,48059,22458,36601,40080,34749,44776,40306,33161,38895,20551,22634,38200,23750,26609,37548,35335,26215,38598,34334,25848,30543,42182,46931,46042,37295,32446,31136,35295,32581,48517,51336,50800,38388,36450,34164,41966,22197,35426,37000
39648,45409,45671,32102,43065,19781,26798,44128,25800,28893,41918,39570,28985,40533,39515,25804,32905,48640,53335,53215,38558,35146,32210,39371,35979,50447,65868,53183,42692,41962,38498,47768,22374,36536,40041,34741,44727,40313,33088,38945,20553,22709,38144,23850,26636,37571,35290,26149,38626,34363,25855,30479,42068,46846,45921,37255,32369,31087,35222,32515,48500,51279,50816,38219,36378,34034,41930,22231,35404,36921
39553,45332,45665,32076,42854,19955,26817,43992,25913,28838,41890,39626,28864,40501,39475,25794,32785,48632,53292,53103,38410,35193,32149,39370,35859,50333,65899,53218,42591,41899,38463,47867,22328,36435,40012,34707,44754,40317,33021,38871,20783,22810,38033,23941,26583,37472,35302,26107,38580,34343,25830,30427,42045,46633,45848,37114,32373,31043,35235,32460,48460,51313,50857,38159,36282,34055,41970,22019,35379,36860
39658,45575,45699,32233,43113,19789,26841,44242,25782,28898,41938,39648,28861,40494,39493,25804,32896,48783,53401,53259,38525,35199,32293,39471,36079,50299,66043,53145,42802,41976,38655,48016,22244,36497,40101,34760,44839,40232,33115,39136,20555,22678,38254,23802,26565,37467,35325,26144,38609,34339,25810,30524,42259,46748,46076,37217,32471,31204,35310,32587,48479,51379,50785,38304,36380,34251,42076,22041,35415,36940
39555,45623,45660,32161,43168,19775,26845,44230,25796,28916,41964,39603,28896,40567,39425,25839,32841,48630,53265,53102,38521,35123,32337,39357,36010,50314,65896,53152,42680,41907,38536,47734,22135,36470,40064,34715,44818,40246,33019,39160,20581,22737,38173,23852,26524,37566,35286,26112,38658,34306,25828,30476,42173,46621,45957,37239,32395,31167,35249,32573,48411,51316,50811,38155,36349,34165,42069,22105,35406,36924
39398,45543,45697,32051,42915,19839,26846,44189,25830,28848,41946,39634,28793,40527,39336,25897,32861,48510,53141,52875,38423,35173,32257,39383,35868,50315,65867,53254,42641,41848,38481,47710,22244,36408,39995,34644,44792,40255,32940,38892,20696,22741,38035,23856,26481,37485,35270,26042,38573,34266,25782,30470,42029,46496,45738,37097,32373,31064,35252,32452,48423,51230,50842,38159,36225,34087,42002,22000,35372,36872
39399,45644,45679,32162,42903,19770,26660,44180,25748,28808,41772,39634,28684,40502,39367,25902,33134,48610,53129,52992,38406,35349,32407,39575,36084,50425,65947,53121,42849,41910,38746,47832,22505,36401,40083,34584,44874,40345,33074,38910,20653,22710,38168,23747,26475,37460,35231,26044,38552,34221,25701,30631,42223,46377,45849,37073,32529,31265,35377,32537,48419,51318,50853,38374,36236,34325,41882,22268,35381,37034
39310,45659,45683,32161,43038,19803,26504,44152,25757,28807,41695,39537,28702,40586,39308,25884,32940,48616,52982,52872,38451,35278,32302,39420,36017,50342,65715,53049,42755,41953,38671,47864,22702,36594,40190,34598,44902,40335,33071,38948,20681,22764,38200,23833,26489,37529,35200,26133,38626,34217,25781,30533,42419,46457,46034,37150,32473,31236,35334,32553,48308,51289,50894,38339,36371,34261,41900,22403,35483,37112
39250,45322,45779,31988,42874,19891,26691,44140,25832,28780,41801,39617,28838,40612,39337,26098,32929,48608,53048,52776,38471,35291,32118,39434,35937,50221,65635,53138,42704,41982,38556,47639,22634,36544,40172,34594,44632,40386,32950,38796,20827,22769,38144,23933,26523,37510,35307,26172,38664,34280,26055,30516,42226,46692,45979,37080,32470,30969,35325,32519,48244,51265,50863,38288,36456,34093,41993,22261,35446,37050
39345,45471,45835,32148,42990,19721,26707,44267,25762,28890,41808,39646,28814,40586,39396,26014,33028,48826,53135,53009,38434,35308,32293,39534,36106,50391,65790,53209,42875,42097,38614,47497,22550,36551,40130,34577,44664,40333,33041,38884,20631,22667,38198,23799,26521,37327,35375,26170,38688,34260,26074,30611,42239,46572,45966,37005,32603,31183,35422,32592,48362,51204,50907,38391,36387,34220,41799,22307,35469,37036
39471,45448,45775,32039,42888,19717,26742,44254,25818,28727,41798,39568,28847,40562,39413,25907,33084,48759,53247,53036,38514,35283,32221,39520,36034,50340,65835,53203,42837,42050,38655,47051,22501,36427,40139,34634,44759,40408,33004,38831,20556,22589,38099,23782,26493,37308,35314,26195,38668,34306,25940,30670,42148,46599,45885,37111,32607,31092,35383,32489,48362,51302,50872,38400,36385,34213,41727,22255,35493,37053
39681,45491,45794,32006,43029,19768,26725,44264,25806,28735,41828,39653,28978,40519,39497,25858,32895,48873,53431,53200,38708,35186,32304,39468,35924,50221,65890,53259,42806,42079,38691,47464,22461,36571,40175,34789,44823,40334,33041,38843,20610,22658,38070,23787,26562,37475,35330,26211,38544,34298,25903,30526,42272,46800,46042,37342,32497,31130,35343,32426,48401,51250,50859,38276,36496,34225,41855,22170,35575,37040
39630,45336,45772,31911,42962,19957,26829,44164,25883,28764,41917,39646,29019,40530,39599,25932,32829,48826,53591,53350,38663,35198,32185,39432,35857,50205,65835,53098,42691,42082,38593,47705,22429,36587,40162,34765,44639,40208,32984,38804,20812,22746,38009,23905,26556,37560,35326,26217,38579,34377,25972,30477,42221,47035,46122,37338,32456,31058,35306,32375,48446,51177,50713,38150,36577,34065,41907,22196,35440,37014
39659,45412,45659,32032,42797,19835,26846,44207,25884,28837,41921,39703,28801,40579,39540,25844,33069,48681,53519,53285,38482,35331,32271,39501,35981,50422,66003,53231,42909,42017,38660,47653,22411,36397,40088,34775,44794,40221,33106,38901,20576,22643,38089,23829,26630,37406,35382,26052,38691,34337,25814,30684,41982,46844,46002,37214,32606,31119,35367,32487,48606,51346,50890,38361,36396,34181,41782,22106,35256,36896
39552,45664,45409,32166,43116,19832,26828,43987,25820,28802,42006,39684,28921,40543,39398,25755,32916,48504,53315,52999,38540,35194,32277,39332,35926,50287,65697,53001,42769,41960,38533,47622,22212,36501,40053,34823,44938,40077,33100,39245,20563,22756,38130,23884,26645,37584,35358,26166,38626,34338,25799,30587,42314,46880,46105,37267,32513,31222,35349,32552,48511,51177,50759,38275,36488,34300,41923,22056,35548,36965
39391,45679,45597,32033,43077,19849,26869,44046,25772,28767,42066,39576,28942,40397,39321,25801,32918,48506,53090,52973,38558,35215,32255,39410,35913,50138,65696,53074,42732,41942,38571,47380,22098,36534,40087,34721,44959,40295,32947,39094,20782,22790,38090,23950,26567,37665,35276,26205,38486,34204,25867,30570,42398,46783,46093,37238,32508,31220,35363,32519,48326,51234,50767,38269,36498,34233,41866,21941,35578,37025
39534,45670,45665,32128,42917,19751,26790,44236,25681,28841,41905,39584,28745,40326,39335,25838,33157,48690,53134,53186,38506,35268,32466,39531,36172,50320,65930,53177,42953,41993,38785,47279,22141,36416,40114,34711,45011,40376,33085,38985,20629,22631,38238,23802,26542,37431,35288,26032,38498,34156,25660,30667,42276,46603,46035,37197,32563,31364,35376,32683,48451,51366,50883,38444,36350,34328,41678,22026,35347,36994
39514,45634,45698,32172,42897,19783,26723,44220,25730,28855,41817,39668,28799,40501,39395,25852,33055,48787,53226,53252,38478,35224,32337,39470,36128,50340,65904,53182,42866,42009,38729,47653,22469,36508,40111,34715,44898,40461,33126,38974,20662,22774,38293,23904,26550,37511,35398,26059,38592,34305,25761,30583,42287,46921,46079,37187,32507,31272,35337,32656,48515,51362,50914,38508,36360,34278,41743,22265,35403,37028
39481,45617,45836,32195,42913,19703,26605,44277,25694,28905,41698,39650,28738,40504,39423,25808,33166,48802,53311,53310,38393,35255,32416,39531,36270,50267,65986,53258,42977,41975,38806,47707,22577,36501,40147,34710,44828,40479,33119,39022,20577,22707,38385,23806,26562,37444,35279,26079,38558,34229,25749,30674,42268,46726,46120,37057,32547,31294,35361,32706,48423,51427,50957,38579,36324,34362,41608,22340,35275,37012
39527,45707,45729,32248,43166,19759,26646,44285,25723,28914,41768,39691,28912,40647,39502,25900,32987,48772,53409,53213,38530,35173,32420,39456,36089,50359,65943,53258,42820,42096,38730,47978,22605,36655,40231,34760,44979,40301,33138,39160,20585,22634,38318,23790,26515,37537,35320,26222,38606,34369,25870,30550,42359,46937,46119,37138,32459,31322,35290,32656,48351,51332,50964,38416,36497,34278,41865,22352,35450,37129
39381,45438,45676,32042,42768,20006,26811,44068,25971,28725,41827,39707,28953,40608,39585,25978,32891,48586,53320,52941,38398,35166,32159,39417,35879,50315,65718,53117,42608,42047,38589,47684,22593,36582,40113,34626,44718,40326,32954,38853,20864,22821,38041,24025,26385,37511,35389,26203,38556,34383,26015,30487,42102,46917,45808,36939,32378,31090,35222,32487,48305,51262,50769,38267,36475,34077,41876,22343,35410,36995
39459,45509,45810,32223,42820,19788,26916,44279,25854,28804,41877,39700,28930,40493,39596,25934,32894,48896,53478,53229,38409,35251,32294,39522,36116,50346,66019,53232,42846,42111,38675,47950,22579,36637,40185,34562,44807,40477,33101,38886,20698,22706,38224,23876,26472,37382,35426,26252,38553,34253,25956,30481,42315,47004,46025,36967,32453,31175,35345,32598,48438,51405,50906,38405,36450,34193,41825,22342,35498,37002
39358,45445,45811,32187,42848,19739,26856,44326,25825,28886,41792,39670,28945,40539,39477,25955,33058,48795,53417,53158,38443,35239,32361,39513,36283,50308,65953,53082,42895,41996,38709,47598,22481,36373,40147,34520,44758,40536,33137,38956,20642,22693,38414,23892,26621,37322,35363,26255,38639,34289,25963,30606,42293,46843,46058,37017,32476,31252,35306,32737,48435,51429,50855,38448,36392,34233,41916,22211,35354,36961
39387,45403,45816,32064,43143,19656,26733,44446,25725,28966,41815,39584,28962,40603,39433,25889,32896,48605,53351,53018,38638,35150,32309,39455,36246,50429,65961,53199,42827,41949,38638,47440,22319,36445,40128,34663,44861,40541,33131,39076,20540,22590,38467,23831,26770,37445,35287,26185,38661,34341,25913,30496,42252,46783,45972,37274,32331,31248,35235,32764,48692,51431,50905,38381,36368,34174,41774,22109,35365,36936
39487,45330,45777,32003,43210,19889,26851,44309,25847,28843,41956,39499,28999,40430,39484,25901,32911,48588,53170,53040,38782,35163,32240,39438,36170,50280,65905,53066,42868,41968,38629,47425,22302,36455,40034,34717,44734,40466,33028,39058,20748,22722,38342,23948,26765,37548,35250,26185,38603,34408,25926,30531,42099,46727,45904,37410,32311,31162,35188,32732,48603,51445,50758,38407,36390,34099,41828,22165,35233,36837
39509,45389,45740,32151,43533,19806,26863,44353,25830,28975,42098,39532,29104,40270,39472,25885,32893,48673,53172,53137,38925,35160,32311,39448,36272,50256,66044,53056,43034,42018,38654,47851,22416,36511,40076,34639,44846,40439,33170,39462,20694,22712,38372,23924,26783,37708,35233,26284,38590,34316,25899,30529,42287,46655,45976,37568,32369,31218,35291,32776,48531,51501,50805,38562,36378,34185,41977,22196,35363,36881
39506,45432,45661,32145,43378,19882,26980,44280,25940,28952,42223,39539,29147,40286,39353,25832,32924,48560,53084,52960,38903,35162,32280,39376,36253,50216,65831,52920,43051,41845,38666,47630,22168,36379,40031,34611,44782,40395,33120,39485,20701,22866,38299,24040,26671,37778,35282,26335,38571,34269,25847,30559,42169,46553,45882,37522,32346,31186,35218,32742,48452,51412,50739,38564,36236,34201,41944,22025,35270,36826
39565,45545,45637,32209,43489,19699,26980,44390,25864,28955,42320,39615,29202,40466,39368,25898,32850,48661,53219,53085,38917,35089,32282,39336,36222,50263,65852,53064,43079,41855,38683,47965,22027,36428,40070,34678,44853,40394,33072,39482,20624,22845,38388,23966,26658,37870,35332,26391,38605,34285,25827,30500,42276,46866,46158,37487,32336,31201,35229,32704,48520,51434,50864,38551,36315,34205,42136,21984,35330,36891
39478,45399,45616,31962,43136,19891,27077,44211,25959,28793,42314,39654,29140,40470,39387,25943,32890,48681,53161,53037,38748,35126,32145,39411,36036,50132,65805,52988,42919,41818,38612,47777,22116,36287,40022,34607,44763,40356,32891,39147,20723,22903,38164,24014,26530,37903,35338,26271,38559,34287,25787,30513,42206,46832,46008,37286,32346,31086,35229,32546,48360,51377,50689,38426,36302,34086,41965,21920,35197,36865
39486,45448,45633,32016,43051,19570,26851,44274,25738,28933,42033,39580,28965,40321,39264,25844,33027,48909,53131,53167,38608,35139,32276,39460,36183,50083,65909,52846,42969,41826,38630,47787,22238,36377,40019,34585,44768,40346,32980,39235,20541,22743,38262,23763,26613,37764,35189,26265,38529,34114,25736,30574,42368,46445,46120,37258,32450,31149,35301,32673,48274,51394,50642,38501,36332,34180,41905,22069,35236,36902
39542,45399,45784,32038,43007,19726,26749,44287,25846,28953,41993,39581,29026,40401,39381,25961,33026,48840,53157,53113,38607,35248,32271,39479,36122,50150,65830,53021,42846,41872,38647,47614,22456,36454,40089,34619,44690,40362,33025,39087,20617,22843,38273,23894,26641,37790,35239,26298,38556,34202,25852,30565,42200,46608,46006,37192,32437,31123,35230,32623,48245,51212,50751,38373,36305,34155,41752,22177,35210,36936
39397,45372,45846,31983,42694,19760,26692,44273,25889,28839,41816,39592,28823,40407,39394,25971,33008,48723,53155,52947,38401,35294,32201,39473,36047,50143,65815,53201,42783,41852,38667,47501,22383,36445,40026,34536,44676,40405,32968,38865,20673,22761,38173,23975,26476,37509,35204,26074,38539,34290,25839,30525,42087,46512,45846,36948,32491,31066,35237,32573,48251,51228,50872,38364,36234,34083,41698,22139,35180,36869
39349,45415,45579,32126,42871,19673,26776,44264,25812,28929,41799,39579,28937,40452,39473,25986,32948,48749,53206,53068,38458,35172,32308,39422,36148,50182,65744,52987,42819,42012,38644,47662,22418,36540,40096,34508,44691,40333,33049,38993,20513,22660,38297,23802,26618,37363,35210,26231,38621,34264,25965,30493,42287,46596,46089,36996,32501,31192,35305,32681,48344,51318,50769,38359,36484,34213,41941,22187,35354,36939
39273,45268,45610,32130,42711,19902,26864,44181,25942,28848,41825,39562,29016,40549,39495,26040,32894,48648,53149,52966,38413,35158,32286,39368,36090,50198,65697,53025,42700,41933,38579,47349,22484,36388,40071,34515,44547,40363,32998,38784,20720,22697,38226,23947,26615,37365,35241,26277,38634,34348,26002,30503,42168,46837,46039,36943,32443,31143,35225,32616,48291,51274,50737,38234,36453,34168,41857,22223,35313,36906
39470,45225,45611,32004,42623,19823,26825,44227,25838,28835,41763,39539,28895,40308,39478,25942,33048,48745,53276,53086,38338,35213,32313,39424,36096,50248,65829,53021,42752,41920,38670,47214,22466,36418,40038,34690,44613,40311,33107,38705,20519,22589,38265,23849,26678,37345,35152,26164,38573,34352,25859,30606,42169,46733,46132,36943,32513,31193,35250,32636,48435,51404,50755,38319,36409,34180,41827,22150,35298,36885
39662,45300,45365,31912,42800,19812,26773,43940,25813,28775,41837,39573,28881,40443,39539,25841,32918,48582,53358,53135,38439,35139,32170,39316,35917,50257,65671,52937,42637,41987,38517,47574,22365,36554,40034,34821,44636,40038,33100,38716,20612,22669,38061,23902,26625,37522,35264,26162,38595,34433,25842,30532,42166,46948,46135,37062,32407,31132,35185,32516,48510,51175,50624,38226,36542,34074,41956,22202,35422,36879
39471,45321,45417,31921,42778,19981,26850,43822,25897,28711,41933,39585,28856,40517,39496,25837,32912,48406,53205,52955,38403,35119,32118,39304,35836,50254,65633,52926,42489,41951,38451,47547,22271,36537,40039,34775,44791,40195,33066,38777,20748,22808,38009,24027,26559,37584,35341,26126,38569,34394,25863,30522,42124,46944,45981,37032,32386,31116,35212,32508,48477,51297,50651,38095,36551,34101,41905,22099,35487,36959
39443,45409,45532,32110,42755,19827,26837,44104,25793,28888,41877,39598,28805,40385,39391,25851,32976,48535,53175,53092,38372,35199,32264,39381,36023,50279,65873,53012,42669,41979,38640,47508,22201,36533,40082,34728,44903,40262,33175,38937,20556,22602,38232,23852,26693,37375,35371,26017,38596,34268,25744,30612,42192,46854,46034,37049,32483,31186,35282,32657,48540,51527,50772,38253,36441,34208,41812,21975,35389,36939
39511,45649,45401,32213,42767,19791,26777,44033,25795,28885,41805,39651,28794,40473,39376,25778,32913,48614,53254,53074,38331,35077,32307,39266,35977,50272,65797,52895,42574,41890,38573,47606,22058,36477,40039,34739,44938,40217,33154,38968,20616,22693,38238,23911,26709,37356,35354,26042,38605,34328,25758,30556,42242,46867,46098,36985,32399,31227,35245,32675,48529,51422,50723,38164,36425,34200,42049,21942,35334,36912
39488,45561,45507,32108,42839,19854,26811,44002,25850,28833,41863,39654,28789,40557,39490,25837,32819,48589,53258,53021,38322,35005,32280,39252,35929,50247,65853,53006,42503,41851,38511,47724,22052,36422,40040,34764,44920,40309,33059,38835,20764,22698,38182,23962,26662,37464,35356,26074,38561,34375,25817,30461,42244,47086,46143,36920,32365,31203,35226,32611,48466,51452,50780,38087,36435,34164,41954,21906,35334,36947
39477,45350,45691,32072,42735,19777,26740,44153,25774,28779,41771,39669,28608,40380,39453,25844,32972,48671,53183,52949,38245,35096,32257,39314,36060,50238,65880,53004,42722,41869,38684,47504,22176,36360,40037,34826,44716,40404,33088,38805,20597,22698,38328,23887,26512,37416,35404,25970,38593,34411,25660,30560,42174,46971,46050,36931,32441,31200,35222,32632,48513,51510,50836,38253,36388,34227,41849,22042,35308,36929
39441,45437,45657,32074,42832,19809,26587,44171,25781,28698,41651,39695,28659,40362,39420,25865,32861,48774,53318,53013,38336,35036,32201,39267,35939,50134,65789,52950,42633,41870,38613,47580,22509,36470,40096,34724,44738,40348,33071,38865,20678,22781,38300,23914,26447,37476,35382,26051,38528,34422,25778,30512,42366,46939,46152,36995,32386,31150,35244,32522,48420,51379,50809,38246,36434,34160,42003,22314,35373,36992
39344,45370,45734,31972,42705,19929,26605,44110,25962,28582,41615,39719,28703,40433,39451,25964,32811,48753,53325,52926,38235,35034,32126,39290,35808,50085,65772,53131,42570,41835,38529,47477,22571,36448,40103,34583,44676,40496,33000,38689,20715,22734,38226,24025,26365,37426,35408,26062,38514,34381,25941,30440,42302,47004,46081,36816,32411,31005,35254,32429,48254,51415,50876,38230,36390,34097,41860,22195,35307,36960
39369,45408,45711,32079,42732,19741,26708,44121,25885,28705,41616,39712,28735,40352,39479,25915,32904,48885,53433,53064,38194,35062,32187,39347,35885,50155,65888,53017,42633,42002,38570,47072,22474,36445,40153,34569,44685,40416,33051,38758,20610,22715,38309,23950,26381,37257,35468,26073,38547,34410,25986,30467,42327,47067,46132,36765,32444,31098,35259,32473,48383,51453,50861,38235,36462,34167,41767,22203,35336,36983
39249,45275,45640,31975,42691,19764,26722,44004,25884,28741,41748,39639,28855,40398,39478,25957,32862,48657,53457,53001,38259,35119,32131,39308,35832,50076,65759,52947,42576,41964,38522,47096,22473,36346,40064,34577,44579,40418,32956,38719,20652,22691,38198,23967,26472,37364,35447,26184,38534,34488,25985,30457,42250,47305,46116,36789,32439,31087,35234,32435,48381,51458,50814,38218,36476,34126,41895,22258,35323,36933
39320,45196,45508,31743,42514,19779,26725,43901,25785,28632,41776,39542,28818,40274,39385,25820,33001,48455,53206,52868,38277,35165,32125,39303,35758,50167,65577,52854,42555,41887,38472,47206,22394,36310,39959,34689,44526,40362,32949,38604,20596,22702,38120,23948,26514,37386,35351,26137,38516,34463,25809,30560,42071,47000,45963,36889,32487,31085,35235,32415,48377,51433,50732,38229,36419,34133,41877,22182,35219,36836
39466,45277,45398,31811,42748,19762,26717,43841,25756,28649,41820,39599,28806,40382,39401,25846,32924,48459,53168,52888,38416,35135,32173,39303,35779,50198,65536,52841,42598,41960,38427,47512,22297,36500,40062,34773,44734,40218,33048,38751,20570,22685,38032,23939,26489,37460,35371,26099,38570,34469,25831,30573,42156,47008,46052,37105,32481,31143,35277,32427,48463,51351,50711,38261,36553,34125,41955,22080,35368,36956
39441,45242,45396,31878,42829,19899,26740,43753,25866,28706,41835,39628,28793,40330,39373,25800,32852,48362,53070,52802,38419,35137,32133,39260,35764,50134,65485,52924,42490,41891,38393,47042,22288,36444,40010,34819,44760,40165,33057,38887,20654,22747,37945,23961,26493,37475,35341,26028,38542,34377,25784,30532,42034,46791,46015,37085,32482,31093,35251,32437,48464,51339,50693,38126,36526,34110,41868,21999,35400,36897
39560,45459,45395,32089,43189,19813,26729,43979,25765,28862,41931,39555,28883,40219,39381,25806,32892,48604,53212,53155,38588,35123,32296,39326,35956,50178,65610,52885,42676,41946,38514,46943,22174,36475,40030,34865,44814,40191,33115,39232,20484,22608,38177,23794,26636,37542,35189,26123,38454,34329,25725,30544,42289,46724,46268,37257,32557,31225,35345,32600,48397,51410,50673,38242,36594,34263,41865,21989,35434,36936
39396,45415,45534,32061,43186,19949,26764,44008,25892,28824,41999,39669,28885,40445,39363,25903,32874,48525,53330,53025,38628,35119,32236,39322,35950,50076,65693,52982,42700,41830,38505,47276,22161,36372,39981,34660,44766,40282,33004,39239,20792,22779,38121,23993,26596,37686,35303,26166,38548,34364,25828,30539,42256,47010,46176,37292,32457,31157,35266,32592,48308,51418,50690,38296,36540,34159,41974,22016,35446,36925
39415,45468,45550,32097,43226,19711,26768,44156,25734,28907,41997,39632,28945,40377,39303,25887,33008,48634,53384,53103,38726,35055,32284,39342,36153,50145,65842,52994,42869,41794,38548,47572,22074,36343,40000,34610,44801,40323,33068,39333,20605,22800,38280,23894,26640,37745,35334,26258,38578,34299,25786,30582,42292,46957,46186,37355,32415,31230,35251,32687,48441,51485,50740,38461,36418,34207,42070,22090,35339,36930
39307,45383,45485,32024,43109,19610,26676,44105,25663,28904,41854,39612,28893,40543,39305,25852,32934,48493,53166,52926,38585,34941,32236,39221,36096,50208,65658,52984,42762,41773,38385,47624,22250,36325,39971,34615,44791,40297,33013,39283,20535,22807,38250,23882,26645,37731,35341,26218,38608,34307,25819,30508,42154,47001,46040,37272,32319,31127,35153,32646,48499,51380,50729,38421,36364,34067,41915,22166,35283,36885
39298,45333,45649,31938,42836,19865,26626,44105,25816,28844,41838,39628,28852,40566,39355,25877,32902,48440,53137,52806,38379,35045,32126,39278,36035,50255,65686,53176,42751,41840,38442,47603,22475,36424,39954,34602,44662,40325,33013,39002,20693,22925,38130,24062,26500,37718,35386,26174,38642,34386,25788,30520,41962,47021,45837,37095,32350,31048,35155,32552,48414,51366,50792,38368,36352,34038,41826,22295,35333,36842
39382,45462,45551,32122,42907,19695,26667,44131,25757,28967,41743,39649,28896,40527,39384,25898,32849,48734,53252,53040,38382,34958,32228,39303,36123,50222,65809,53027,42708,41919,38420,47801,22434,36521,40047,34600,44751,40251,33135,38960,20574,22671,38209,23881,26606,37536,35333,26209,38665,34351,25864,30418,42314,47039,46114,36959,32396,31139,35253,32607,48347,51360,50773,38255,36491,34121,42034,22293,35408,36947
39305,45331,45632,32008,42653,19868,26742,44039,25838,28821,41663,39669,28860,40553,39396,25989,32952,48734,53235,53028,38266,35074,32137,39383,36046,50131,65793,53029,42611,41843,38480,47451,22407,36322,40026,34548,44605,40303,32996,38684,20652,22730,38129,23947,26452,37320,35400,26115,38639,34354,25948,30492,42195,47079,46128,36737,32457,31029,35248,32528,48251,51398,50753,38177,36473,34133,41887,22201,35288,36924
39438,45461,45495,32007,42643,19738,26765,44010,25800,28803,41727,39711,28844,40542,39501,25930,32869,48729,53295,53123,38290,35061,32216,39357,35990,50301,65735,53065,42589,41928,38531,47653,22435,36347,40046,34619,44675,40173,33054,38631,20584,22697,38094,23894,26522,37268,35402,26136,38692,34412,25912,30475,42176,47048,46107,36773,32384,31149,35215,32538,48432,51284,50791,38163,36511,34112,41935,22215,35271,36935
39452,45309,45642,31924,42516,19842,26798,43906,25839,28790,41781,39707,28869,40675,39571,25904,32830,48643,53338,53096,38301,35116,32197,39371,35889,50301,65739,53138,42472,41941,38502,47808,22421,36272,40063,34666,44591,40243,33013,38501,20724,22702,37981,23935,26600,37320,35442,26137,38721,34410,25941,30453,42119,47307,46073,36753,32346,31066,35227,32468,48412,51349,50772,38097,36492,34061,41905,22271,35234,36922
39659,45400,45575,32009,42644,19741,26761,44048,25758,28856,41771,39670,28828,40537,39508,25857,32974,48778,53333,53219,38384,35109,32292,39394,35980,50393,65856,53086,42584,41972,38571,47853,22377,36393,40089,34822,44750,40227,33124,38583,20587,22632,38136,23827,26612,37328,35383,26055,38680,34385,25860,30548,42201,47103,46138,36931,32414,31169,35259,32529,48521,51408,50753,38161,36492,34191,41922,22225,35228,36930
39536,45336,45563,32027,42788,19833,26756,44068,25837,28845,41753,39673,28816,40553,39479,25874,32902,48650,53320,53115,38383,35070,32192,39324,35906,50322,65821,53039,42523,41957,38539,47755,22298,36487,40073,34750,44811,40243,33125,38748,20641,22643,38113,23909,26575,37377,35399,26040,38681,34396,25831,30502,42269,47102,46156,37030,32336,31132,35205,32491,48571,51364,50743,38089,36516,34091,42020,22051,35335,36930
39428,45358,45471,32037,42634,19878,26701,43978,25859,28732,41729,39711,28665,40503,39378,25780,32909,48457,53214,52928,38214,35124,32186,39331,35851,50171,65855,53049,42514,41820,38550,47412,22187,36352,39980,34720,44849,40353,33104,38777,20639,22735,38094,23993,26528,37356,35428,25965,38638,34399,25742,30510,42140,47078,46031,36921,32375,31099,35217,32483,48464,51492,50808,38128,36432,34169,41927,21945,35421,36867
39518,45553,45395,32164,42806,19731,26703,43944,25748,28757,41806,39702,28723,40359,39314,25748,32892,48664,53197,53086,38281,35065,32356,39339,35936,50097,65893,52853,42626,41876,38612,47422,21975,36423,40059,34828,44903,40201,33121,38951,20544,22685,38205,23911,26560,37357,35365,26010,38568,34354,25708,30503,42359,47035,46235,36951,32406,31284,35283,32576,48362,51521,50714,38196,36524,34338,41911,21932,35456,36940
39518,45519,45531,32055,42742,19794,26749,43950,25740,28694,41798,39712,28738,40375,39302,25800,32910,48727,53088,53040,38317,35112,32288,39330,35860,50068,65813,52933,42583,41800,38620,47301,22046,36310,40059,34824,44835,40233,33001,38805,20669,22722,38079,23904,26445,37440,35342,26016,38511,34316,25722,30521,42320,47062,46259,36944,32420,31167,35251,32480,48281,51374,50746,38173,36475,34219,41863,21918,35312,36943
39456,45477,45497,31947,42648,19722,26619,43961,25704,28654,41653,39679,28573,40293,39308,25808,33086,48720,53106,53000,38210,35191,32264,39373,35937,50099,65796,52917,42684,41746,38625,46988,22404,36276,39994,34767,44774,40292,32984,38778,20515,22680,38117,23828,26377,37404,35237,25998,38488,34309,25616,30647,42214,46784,46133,36899,32505,31184,35270,32469,48299,51366,50806,38270,36380,34209,41743,22000,35315,36928
39392,45436,45414,31996,42805,19733,26531,43863,25758,28629,41708,39698,28647,40281,39285,25828,32959,48731,53058,52911,38290,35197,32222,39384,35836,50098,65716,52896,42675,41907,38524,47137,22620,36521,40115,34755,44806,40167,33036,38863,20578,22755,38034,23872,26302,37478,35285,26079,38553,34363,25778,30553,42307,46908,46098,36905,32546,31173,35330,32410,48275,51308,50828,38309,36540,34158,41788,22287,35484,37013
39283,45384,45429,31905,42541,19857,26712,43764,25835,28509,41742,39720,28742,40309,39266,25884,33081,48574,52925,52766,38253,35258,32131,39383,35747,50164,65656,53024,42618,41899,38499,46792,22507,36428,40095,34649,44671,40196,32924,38678,20676,22795,37859,23964,26230,37351,35361,26068,38549,34356,25916,30646,42083,46957,45963,36801,32583,31022,35362,32343,48223,51257,50808,38285,36491,34144,41631,22247,35400,36962
39308,45544,45121,31991,42850,19746,26686,43754,25691,28717,41784,39680,28869,40399,39354,25904,33047,48638,53093,53057,38354,35134,32365,39375,35825,50288,65591,52827,42707,42043,38490,47093,22479,36491,40120,34662,44775,40072,33019,38906,20576,22677,38038,23793,26481,37389,35363,26244,38535,34304,25955,30618,42297,47093,46116,36898,32616,31270,35430,32428,48294,51203,50724,38338,36599,34340,41647,22289,35553,37082
39293,45328,45292,31788,42795,19902,26781,43672,25780,28682,41934,39652,28971,40440,39319,25881,32999,48456,53065,52952,38509,35187,32206,39419,35733,50158,65529,52841,42554,42063,38431,47176,22476,36504,40103,34671,44663,40177,32934,38722,20700,22725,37867,23911,26589,37492,35336,26274,38496,34300,25926,30606,42218,47245,46006,36947,32555,31187,35373,32384,48281,51249,50630,38192,36641,34242,41657,22238,35496,36995
39440,45385,45466,31855,42621,19737,26791,43963,25788,28748,41879,39686,28853,40388,39279,25843,33056,48485,52942,52955,38515,35207,32212,39457,35899,50234,65623,53051,42641,42005,38567,47449,22398,36452,40108,34714,44847,40310,33073,38592,20593,22686,37974,23912,26607,37380,35394,26088,38570,34262,25864,30640,42134,46987,45923,37069,32590,31148,35385,32474,48509,51379,50780,38284,36534,34231,41749,22093,35438,36964
39477,45468,45522,32067,42901,19714,26740,44055,25727,28866,41774,39700,28895,40486,39341,25863,32978,48652,53183,53215,38489,35066,32323,39368,35991,50356,65813,52982,42591,41995,38572,47372,22242,36471,40107,34766,44935,40198,33188,38892,20543,22625,38156,23825,26681,37436,35319,26077,38628,34282,25832,30563,42253,46844,46212,37093,32499,31246,35282,32576,48622,51449,50737,38162,36562,34238,41882,22061,35405,36984
39366,45406,45428,32082,42934,19816,26739,43980,25779,28955,41796,39701,28851,40655,39353,25852,32868,48549,53200,53008,38421,35011,32344,39243,35975,50309,65753,52951,42448,41891,38419,47498,22194,36438,40009,34735,44827,40257,33123,38967,20627,22613,38156,23885,26730,37425,35320,26066,38699,34347,25820,30475,42172,46999,46121,36987,32397,31220,35172,32606,48535,51437,50736,38064,36498,34121,41856,21980,35323,36853
39303,45389,45442,32030,42703,19735,26727,44150,25778,28935,41843,39608,28694,40471,39220,25797,32879,48411,52934,52688,38292,35077,32216,39237,36006,50161,65671,52928,42569,41737,38481,47252,22050,36237,39944,34731,44819,40423,33095,38926,20511,22666,38279,23948,26678,37400,35285,25993,38692,34388,25724,30538,42024,46798,45863,36963,32465,31127,35199,32655,48459,51548,50757,38248,36409,34176,41837,21866,35271,36836
39320,45492,45429,32022,42900,19677,26703,44124,25722,28922,41851,39654,28748,40445,39228,25878,32844,48531,52934,52792,38419,35040,32168,39231,36027,50123,65697,52838,42643,41809,38428,47688,22005,36339,39973,34689,44930,40333,33065,39010,20517,22676,38294,23898,26668,37492,35354,26056,38682,34375,25702,30518,42139,46865,46092,37100,32408,31159,35193,32699,48488,51547,50730,38277,36484,34118,41964,22021,35265,36860
39206,45287,45486,31795,42674,19727,26662,43976,25729,28769,41704,39633,28699,40461,39138,25857,32875,48407,52884,52555,38366,35147,32080,39277,35915,50108,65462,52861,42573,41656,38355,47242,22221,36251,39909,34610,44701,40397,32970,38858,20511,22783,38134,23971,26560,37484,35358,26054,38657,34330,25753,30468,42061,46856,46002,37030,32448,31015,35205,32582,48435,51440,50715,38320,36408,34038,41947,21976,35247,36845
39267,45291,45441,31939,42860,19654,26496,44020,25670,28803,41643,39542,28738,40375,39133,25816,33106,48548,52888,52644,38367,35289,32220,39403,36027,50088,65416,52754,42799,41792,38474,47375,22446,36375,39959,34653,44655,40408,33011,39074,20380,22698,38266,23845,26508,37531,35258,26175,38631,34261,25695,30614,42202,46676,46005,37106,32613,31149,35312,32682,48288,51437,50695,38550,36542,34231,41843,22061,35384,36946
39210,45290,45467,31991,42997,19707,26670,44113,25721,28868,41855,39450,29044,40274,39202,25977,32931,48603,52881,52757,38485,35199,32197,39385,36011,50015,65429,52769,42797,41922,38480,47158,22314,36500,39985,34525,44648,40332,32952,39059,20538,22609,38277,23821,26536,37627,35186,26301,38550,34248,25911,30520,42230,46597,45908,37157,32476,31121,35200,32606,48279,51303,50609,38438,36538,34081,41746,22104,35352,36931
39116,45231,45662,31930,42607,19701,26732,44273,25827,28753,41794,39520,28926,40298,39198,25959,32891,48623,52922,52648,38389,35166,32135,39365,36013,50107,65535,53024,42782,41828,38538,46760,22361,36480,40008,34477,44621,40436,32991,38840,20562,22767,38238,23981,26465,37460,35280,26171,38624,34320,25969,30500,42047,46560,45765,37022,32420,31002,35180,32568,48405,51304,50733,38378,36419,34070,41708,22195,35395,36895
39268,45427,45577,32115,42880,19777,26716,44289,25774,28910,41751,39595,28979,40480,39337,25967,32920,48709,53153,52923,38518,34994,32302,39283,36104,50234,65646,52985,42746,41881,38526,47492,22427,36522,40084,34575,44715,40344,33105,39023,20476,22693,38387,23846,26688,37419,35270,26269,38648,34349,25927,30514,42223,46809,45991,37078,32374,31212,35205,32678,48432,51365,50726,38339,36534,34168,41966,22156,35480,36980
39325,45313,45583,32034,42830,19865,26750,44170,25802,28977,41825,39540,29074,40469,39369,25927,32805,48657,53220,52999,38531,34964,32222,39267,36007,50246,65659,52975,42541,41791,38447,47557,22333,36340,40038,34575,44690,40369,33055,38866,20669,22680,38228,23899,26717,37465,35257,26279,38545,34364,25953,30432,42160,46922,45948,37022,32245,31146,35133,32589,48432,51376,50703,38137,36462,33989,41968,22145,35308,36920
39483,45272,45642,31946,42688,19760,26724,44212,25806,28957,41788,39609,28943,40428,39424,25899,32737,48686,53359,53080,38511,34954,32190,39276,36000,50333,65784,53080,42556,41816,38455,47591,22324,36283,40046,34680,44747,40367,33098,38730,20501,22644,38171,23865,26675,37379,35300,26125,38639,34369,25865,30439,42024,46787,45963,37037,32232,31089,35134,32555,48584,51396,50760,38125,36385,33988,41923,22076,35222,36829
39633,45353,45574,31967,42863,19755,26740,44260,25764,28898,41751,39560,28983,40388,39423,25983,32805,48701,53348,53218,38583,34957,32164,39326,36060,50245,65689,52911,42666,41860,38505,47581,22286,36326,40031,34788,44652,40267,33133,38835,20500,22570,38300,23768,26729,37432,35195,26152,38646,34412,25864,30486,42189,46792,46176,37163,32243,31099,35159,32593,48543,51402,50634,38219,36509,34015,42074,22098,35237,36854
39501,45332,45663,31990,42820,19873,26739,44276,25858,28879,41731,39550,28919,40368,39384,25929,32875,48672,53257,53084,38475,34990,32109,39326,36007,50207,65806,53047,42609,41719,38492,47256,22206,36255,39946,34668,44771,40364,33127,38842,20513,22605,38280,23880,26751,37425,35245,26078,38600,34364,25870,30481,42080,46821,45894,37119,32231,31055,35120,32577,48517,51385,50724,38171,36379,33963,41955,21987,35268,36806
39488,45362,45524,32069,42642,19745,26702,44174,25857,28941,41686,39616,28818,40369,39295,25821,32907,48609,53166,53017,38364,35017,32139,39265,36019,50305,65811,52960,42554,41659,38480,47382,22015,36226,39923,34644,44778,40434,33151,38867,20495,22678,38254,23910,26738,37368,35340,26002,38643,34341,25778,30507,41950,46742,45809,37048,32291,31076,35130,32646,48515,51481,50707,38148,36273,34021,41950,21937,35247,36760
39529,45417,45439,32165,42881,19721,26811,44159,25811,28962,41846,39717,28886,40591,39379,25871,32739,48544,53220,52991,38396,34950,32157,39191,36042,50364,65733,52930,42606,41811,38413,48131,22075,36406,39946,34697,44750,40239,33129,39040,20527,22630,38263,23863,26769,37464,35386,26113,38803,34445,25845,30404,42145,47032,46018,37085,32240,31085,35138,32646,48561,51343,50768,38166,36439,34028,42223,21950,35350,36799
39368,45396,45484,32037,42826,19750,26792,44067,25794,28905,41906,39589,28823,40575,39297,25839,32764,48410,53029,52771,38367,34970,32105,39203,36000,50224,65618,53009,42537,41622,38382,47711,21931,36219,39824,34664,44738,40265,33022,39007,20606,22709,38111,23932,26678,37517,35242,26082,38709,34389,25807,30413,42030,46821,45906,37050,32239,31001,35129,32606,48407,51337,50735,38138,36315,33977,42120,21830,35173,36723
39551,45598,45614,32219,42914,19746,26780,44214,25736,29015,41911,39735,28895,40546,39395,25872,32865,48710,53238,53067,38487,35054,32288,39332,36096,50315,65903,53016,42658,41767,38575,47793,21994,36287,39969,34788,44874,40190,33148,39077,20497,22616,38178,23821,26654,37482,35295,26127,38683,34327,25774,30534,42153,46763,46014,37179,32338,31176,35205,32660,48476,51360,50736,38209,36348,34108,41908,21915,35276,36842
39482,45575,45495,32182,42880,19777,26792,44103,25742,28963,41919,39699,28882,40474,39335,25924,32846,48712,53195,53163,38418,35069,32270,39338,36013,50312,65892,52947,42666,41791,38523,47765,22037,36346,40065,34693,44913,40271,33117,39091,20527,22659,38163,23841,26620,37555,35277,26106,38660,34288,25721,30520,42194,46783,45967,37133,32348,31190,35238,32598,48492,51339,50693,38278,36349,34130,41918,21957,35320,36914
39444,45613,45580,32039,42723,19715,26805,44174,25679,28880,41864,39670,28717,40360,39178,25823,33005,48637,53086,53098,38315,35123,32318,39387,36039,50224,65862,52988,42780,41663,38601,47614,22078,36293,40007,34635,44904,40303,33066,39050,20503,22656,38149,23805,26520,37482,35188,26011,38544,34142,25573,30606,42061,46557,45894,37102,32421,31192,35258,32631,48325,51442,50698,38369,36237,34207,41856,21927,35311,36943
39556,45695,45519,32109,42815,19719,26732,44020,25712,28804,41842,39768,28851,40508,39288,25864,32862,48523,53092,52780,38569,35061,32203,39245,35922,50233,65677,53103,42721,41751,38525,47428,22267,36449,40021,34736,44895,40271,33070,39033,20452,22737,38136,23869,26509,37601,35374,26169,38586,34270,25737,30454,42127,46836,45830,37291,32374,31144,35197,32549,48377,51171,50857,38336,36386,34147,41883,22008,35439,36981
39235,45453,45698,31929,42670,19882,26565,43936,25793,28644,41747,39662,28676,40555,39246,25844,32867,48607,53028,52933,38278,35117,32092,39290,35656,50199,66066,53288,42466,41747,38345,47637,22307,36339,40074,34682,44906,40692,33087,38824,20688,22851,37950,23962,26405,37588,35350,26059,38724,34323,25764,30462,42292,47042,46252,36924,32482,30982,35358,32351,48333,51780,50998,38246,36429,34151,42529,22273,35402,37034
39307,45528,45606,32007,42698,19711,26355,44284,25605,28772,41659,39560,28525,40396,39264,25849,33034,48729,53254,53225,38220,35298,32237,39423,35929,50386,66001,52994,42791,41972,38601,48134,22630,36480,40204,34672,44935,40325,33206,38924,20407,22586,38184,23791,26411,37512,35072,26045,38906,34334,25682,30585,42392,46529,46234,36953,32516,31112,35338,32541,48435,51580,50707,38504,36640,34201,42788,22660,35502,37145
39442,45568,45652,32125,42910,19880,26673,44093,25751,28684,41744,39521,28835,40247,39290,25924,33025,48572,52983,52902,38504,35259,32301,39453,36017,50254,65730,53016,42815,41900,38660,47354,22480,36541,40152,34745,44928,40477,33175,38957,20654,22783,38234,23925,26425,37532,35196,26234,38603,34242,25815,30577,42327,46388,45976,37230,32553,31234,35394,32613,48412,51387,50848,38483,36354,34303,42032,22233,35365,37012
39389,45324,45816,32059,42667,19949,26689,44107,25863,28671,41630,39677,28725,40441,39351,25976,32941,48678,53193,52964,38302,35187,32119,39388,35888,50186,65779,53065,42645,41958,38589,47547,22392,36460,40132,34787,44726,40489,33114,38742,20763,22756,38158,24002,26418,37357,35354,26097,38639,34384,25974,30532,42282,46763,46044,36894,32434,31010,35284,32499,48376,51422,50861,38315,36467,34182,42011,22228,35422,37004
39337,45693,45619,32271,43157,19779,26691,44193,25712,28810,41732,39599,28798,40185,39299,25916,32885,48779,53199,53129,38347,35090,32393,39385,35989,50192,65935,53116,42825,42039,38593,47226,22361,36647,40189,34714,45010,40468,33174,39104,20461,22617,38343,23793,26463,37401,35245,26166,38473,34277,25960,30473,42559,46629,46140,36927,32518,31298,35463,32607,48389,51525,50958,38506,36473,34367,41834,22154,35567,37070
39212,45413,45656,32025,42968,19968,26824,43989,25867,28772,41863,39591,28992,40413,39342,25963,32798,48476,53154,52865,38473,35161,32147,39317,35825,50177,65700,53127,42532,41992,38411,47256,22424,36538,40125,34513,44658,40519,32998,38926,20740,22818,38090,23992,26514,37528,35364,26313,38578,34372,26042,30422,42278,47011,45978,36999,32394,31068,35293,32494,48369,51435,50890,38209,36443,34077,41756,22165,35601,37016
39341,45287,45653,31898,42700,19875,26752,44255,25741,28871,41712,39531,28842,40393,39368,25952,33031,48605,53058,52870,38452,35236,32291,39406,36111,50284,65639,53022,42773,41975,38596,47343,22397,36407,40061,34609,44613,40622,33085,38817,20559,22623,38302,23811,26686,37282,35229,26142,38659,34340,25956,30592,42155,46469,45924,37044,32506,31182,35352,32693,48394,51417,50918,38413,36282,34164,41995,22173,35338,36884
39465,45344,45525,31945,43127,19885,26726,44231,25708,28865,41854,39506,28893,40462,39415,25927,32920,48429,53063,52856,38607,35121,32201,39298,36150,50207,65588,52998,42734,41991,38547,47737,22427,36531,40060,34836,44718,40395,33116,39044,20667,22661,38371,23860,26754,37502,35259,26151,38709,34503,25939,30528,42082,46623,45985,37228,32403,31186,35227,32762,48513,51354,50857,38308,36460,34098,42049,22261,35415,36935
39472,45244,45538,31923,42968,19979,26778,44061,25822,28823,41947,39521,28930,40500,39451,25843,32842,48453,53119,52910,38573,35140,32129,39248,35931,50221,65576,53094,42544,41860,38436,47765,22261,36441,39998,34851,44649,40326,33055,38939,20777,22757,38130,24007,26695,37573,35310,26117,38673,34480,25882,30461,41992,46847,45919,37122,32343,31032,35172,32603,48501,51274,50839,38110,36378,33979,41993,22142,35399,36831
39523,45434,45560,32119,42912,19852,26738,44245,25779,28900,41838,39547,28763,40377,39395,25840,32907,48822,53287,53195,38390,35192,32307,39410,35972,50187,65725,53013,42773,41859,38575,47614,22136,36421,39974,34737,44786,40310,33155,39045,20593,22599,38239,23822,26676,37375,35248,26042,38678,34314,25796,30547,42256,46619,46131,36987,32506,31191,35323,32609,48462,51440,50790,38253,36364,34188,42059,22150,35306,36812
39503,45477,45588,32040,42980,19917,26777,44200,25837,28843,41892,39604,28825,40403,39385,25886,32887,48790,53324,53169,38484,35194,32264,39393,35845,50121,65769,53031,42689,41852,38571,47583,22169,36358,40023,34578,44773,40300,32986,39033,20627,22702,38122,23867,26556,37533,35271,26117,38694,34288,25815,30483,42223,46588,46058,37043,32448,31156,35257,32501,48423,51325,50721,38202,36361,34130,42022,22108,35366,36884
39468,45258,45618,31841,42732,19829,26747,44239,25772,28832,41808,39575,28681,40308,39272,25870,33076,48636,53170,52996,38362,35284,32243,39401,35880,50085,65664,53035,42716,41758,38617,47295,22225,36295,39974,34592,44720,40470,32955,38899,20608,22749,38157,23855,26511,37539,35220,26066,38632,34217,25688,30624,42110,46323,45927,36983,32519,31076,35268,32533,48277,51396,50739,38297,36261,34147,41993,22037,35353,36844
39381,45368,45637,31888,42833,19835,26592,44204,25773,28770,41754,39614,28665,40414,39363,25917,32972,48612,53212,52944,38355,35302,32189,39439,35849,50179,65717,53090,42730,41924,38547,47683,22516,36543,40054,34619,44744,40294,32945,38890,20612,22770,38132,23872,26513,37579,35256,26131,38672,34288,25805,30527,42126,46581,45928,36985,32523,31073,35286,32467,48249,51314,50815,38349,36386,34116,42028,22316,35450,36963
39273,45285,45549,31791,42699,20000,26609,44109,25866,28629,41785,39567,28645,40408,39286,25960,32988,48519,52936,52688,38331,35367,32097,39453,35795,50133,65414,52976,42748,41872,38408,47474,22643,36519,40037,34588,44588,40451,32887,38834,20783,22746,38074,23944,26417,37542,35269,26080,38675,34284,25922,30558,42024,46504,45774,36940,32629,30975,35347,32424,48167,51265,50777,38493,36419,34115,42003,22355,35407,36952
39366,45415,45572,32002,42760,19812,26701,44135,25784,28904,41726,39609,28726,40447,39282,25975,33128,48820,53129,52947,38325,35379,32324,39565,35936,50223,65604,53104,42745,42027,38544,47441,22461,36494,40130,34585,44698,40351,32993,38946,20489,22672,38159,23799,26551,37428,35237,26183,38727,34272,25972,30612,42248,46406,45947,36987,32730,31106,35477,32530,48249,51387,50800,38423,36546,34248,42001,22253,35501,37005
39452,45379,45466,31898,42775,19952,26760,43976,25828,28859,41788,39713,28875,40693,39439,26028,33087,48731,53431,53127,38462,35449,32235,39603,35812,50326,65711,53129,42710,42146,38512,47718,22600,36538,40177,34609,44674,40251,32946,38766,20592,22636,37956,23803,26625,37467,35307,26278,38740,34304,26025,30612,42138,46915,46010,37074,32720,31064,35455,32418,48366,51297,50737,38356,36601,34148,42019,22261,35532,36972
39498,45305,45394,31746,42646,19963,26740,44047,25774,28808,41697,39624,28739,40579,39295,25886,33162,48587,52938,52949,38422,35430,32195,39543,35892,50390,65406,52968,42744,42033,38553,47271,22511,36473,40065,34770,44633,40321,33012,38721,20595,22610,38079,23770,26669,37314,35256,26094,38666,34248,25865,30652,42050,46445,45885,37103,32728,31094,35428,32502,48415,51200,50703,38379,36519,34193,41890,22218,35393,36923
39459,45469,45305,32002,43151,19976,26709,43980,25715,28848,41776,39623,28894,40517,39271,25905,32917,48488,52969,52996,38596,35238,32263,39398,35900,50353,65380,52862,42636,42035,38462,47520,22407,36691,40101,34842,44889,40132,33130,39104,20568,22617,38186,23766,26730,37503,35302,26190,38698,34297,25871,30514,42333,46701,46112,37337,32533,31202,35353,32580,48546,51203,50658,38230,36624,34218,41946,22249,35594,37033
39341,45455,45344,32030,42908,20055,26739,43822,25824,28719,41829,39652,28868,40501,39279,25875,32849,48361,53018,52891,38470,35125,32197,39292,35751,50234,65478,52954,42467,41894,38476,47410,22319,36583,40058,34724,44894,40195,33038,38942,20743,22720,37955,23962,26577,37528,35402,26138,38631,34340,25877,30482,42249,46971,46083,37130,32417,31133,35259,32435,48458,51349,50681,38112,36568,34151,41799,22076,35602,36966
39532,45545,45465,32037,42607,19804,26689,44174,25735,28727,41717,39627,28582,40325,39297,25719,33029,48621,53124,53035,38221,35205,32350,39409,35955,50263,65714,53029,42775,41886,38738,46900,22063,36349,40066,34771,44908,40427,33141,38777,20509,22553,38178,23825,26501,37225,35261,25935,38546,34262,25657,30588,42175,46582,46003,36913,32574,31250,35343,32600,48398,51476,50795,38365,36441,34327,41749,21902,35330,36897
39427,45531,45483,32107,42935,19770,26664,44107,25624,28857,41664,39536,28647,40334,39278,25728,32919,48592,53101,52979,38315,35062,32381,39271,35973,50187,65585,52912,42612,41850,38548,47249,22114,36361,39978,34833,44952,40402,33110,39034,20519,22646,38333,23803,26636,37390,35258,25993,38606,34335,25669,30497,42347,46814,46136,37000,32411,31304,35246,32691,48480,51457,50761,38207,36521,34260,41887,22067,35385,36914
39239,45358,45537,31941,42883,19886,26659,44000,25757,28772,41675,39619,28758,40522,39316,25978,32836,48545,53080,52868,38376,35075,32189,39313,35787,50169,65657,53033,42495,41846,38436,47586,22528,36463,40030,34686,44843,40444,32960,38869,20645,22756,38142,23900,26531,37505,35344,26106,38675,34352,25802,30477,42313,47115,46087,36966,32401,31082,35250,32473,48449,51525,50814,38172,36508,34068,41843,22167,35430,36951
39386,45331,45599,31963,42778,19823,26535,44138,25794,28792,41582,39635,28633,40300,39323,25852,33018,48788,53074,52941,38299,35184,32265,39482,35972,50177,65673,53087,42712,41947,38563,47290,22612,36492,40118,34593,44658,40554,33041,38804,20497,22643,38196,23810,26460,37377,35266,26061,38543,34299,25724,30601,42209,46584,45907,36882,32591,31127,35410,32536,48351,51505,50801,38343,36458,34164,41762,22321,35307,36982
39301,45219,45669,32014,42796,19729,26617,44334,25747,28868,41571,39534,28768,40269,39286,25909,33022,48865,53150,53013,38321,35122,32245,39492,36090,50134,65750,53055,42783,41894,38571,46735,22421,36390,40092,34492,44631,40444,33035,38893,20408,22514,38240,23756,26501,37289,35173,26110,38507,34234,25821,30600,42169,46515,45915,36939,32547,31121,35368,32573,48323,51430,50703,38361,36419,34130,41650,22201,35398,36957
39297,45327,45633,32030,42861,19876,26719,44170,25790,28857,41678,39640,28946,40525,39392,25914,32816,48676,53303,53011,38448,35017,32211,39332,35895,50176,65731,53159,42629,41923,38490,47109,22410,36464,40100,34536,44724,40304,33031,38939,20546,22669,38122,23842,26592,37377,35368,26261,38627,34285,25963,30438,42138,46902,45855,36980,32418,31101,35238,32513,48456,51336,50766,38216,36468,34088,41602,22158,35571,36930
39242,45286,45563,31888,42763,19945,26732,44129,25860,28845,41731,39601,28979,40508,39421,25953,32860,48527,53349,53030,38567,35116,32179,39382,35881,50167,65709,53202,42621,41882,38500,47351,22451,36438,40123,34514,44816,40469,33040,38790,20685,22623,38040,23932,26649,37366,35346,26236,38670,34331,25897,30478,42238,47084,45944,37007,32498,31108,35357,32439,48413,51490,50795,38277,36468,34147,41878,22145,35573,37015
39514,45448,45405,31968,42785,19839,26698,44077,25786,28758,41729,39595,28914,40305,39390,25827,32950,48670,53326,53201,38545,35175,32253,39491,35935,50313,65835,52991,42756,41989,38689,46999,22315,36473,40191,34705,44855,40334,33161,38751,20509,22599,38082,23839,26635,37321,35299,26129,38628,34293,25800,30571,42329,46740,46089,37091,32559,31179,35419,32506,48546,51573,50734,38364,36497,34297,42093,22139,35415,37018
39442,45422,45399,32044,42797,19949,26829,43906,25844,28682,41837,39592,28964,40306,39339,25833,32872,48514,53152,53089,38481,35120,32197,39376,35875,50205,65751,52914,42657,41959,38608,47124,22331,36490,40147,34707,44851,40359,33148,38798,20646,22672,38053,23884,26564,37447,35286,26144,38568,34232,25831,30462,42237,46818,45931,37061,32375,31130,35283,32500,48548,51446,50701,38237,36403,34189,41767,22095,35328,36959
39420,45379,45347,32069,42637,19856,26814,43942,25861,28758,41819,39584,28819,40218,39189,25730,32831,48382,52938,52833,38331,35057,32123,39246,35893,50271,65622,52958,42610,41750,38564,46953,22161,36269,40026,34633,44920,40338,33245,38809,20549,22716,38098,23939,26571,37437,35301,26055,38569,34239,25768,30429,42064,46553,45726,36965,32288,31100,35174,32545,48543,51408,50754,38180,36219,34155,41891,21872,35292,36855
