32241,30290,33227,24937,29679,8788,20088,31507,22970,20590,34400,29259,22821,28574,30813,18746,25709,36473,39346,41006,29262,32069,24606,32467,28108,35233,48836,44207,35734,32029,33660,26685,11664,28319,27953,27301,33606,37816,26293,26933,12196,17404,28032,20855,20129,24596,31198,19433,30938,28805,16645,25675,37409,42341,43496,25335,29227,24545,31351,24843,35711,50586,44510,30409,30975,28733,32451,17005,26507,29606
32228,30433,33055,24978,29735,9170.8,20171,31482,23223,20583,34568,29363,22762,28598,30830,18850,25634,36036,39218,40527,29371,31940,24548,32266,28074,35311,48362,43885,35761,31934,33512,26218,11972,28190,27893,27231,33687,37307,26347,26936,12475,17535,27996,21072,20070,24702,31223,19455,31044,28955,16743,25597,37033,42338,43193,25462,29089,24469,31142,24835,35862,49948,44031,30445,30807,28666,32469,17469,26384,29419
32243,30495,32907,25078,29861,9213.6,20302,31284,23268,20672,34738,29374,22951,28587,30887,19009,25518,36137,39137,40474,29402,31820,24601,32204,27979,35297,48193,43631,35542,31975,33465,25966,11961,28398,27891,27454,33726,37233,26424,27131,12576,17682,27921,21154,20173,24856,31278,19665,31044,29055,16903,25424,37222,42471,43162,25573,29069,24513,31139,24781,35728,49941,43910,30238,30875,28722,32408,17559,26779,29527
32192,30488,32950,25132,29766,8797.3,20187,31322,23050,20669,34649,29243,22978,28531,30746,18848,25577,36354,39111,40724,29506,31936,24551,32329,28042,35269,48401,43672,35633,31971,33470,26972,11797,28442,27962,27485,33669,37330,26407,27071,12223,17586,27972,21029,20154,24854,31219,19696,30931,28966,16816,25525,37407,42054,43499,25644,29206,24472,31265,24827,35651,50077,43987,30363,30920,28791,32787,17345,26853,29648
32152,30406,32864,24990,29415,8862.7,20134,31168,23121,20517,34354,29328,22789,28662,30726,18789,25551,36097,39122,40555,29239,31780,24473,32161,27860,35349,48253,43687,35371,31751,33233,26997,11720,28042,27894,27235,33493,37230,26233,26735,12337,17528,27888,21101,20006,24621,31316,19491,31076,29004,16757,25515,37098,42362,43391,25345,29112,24402,31200,24694,35894,50020,43989,30282,30875,28610,32395,17043,26522,29575
32151,30349,32773,24966,29695,9018.2,20143,31268,23016,20604,34469,29245,22847,28463,30693,18898,25531,35989,39039,40508,29232,31742,24558,32125,27977,35214,47988,43540,35515,31818,33247,26331,11952,28021,27887,27326,33518,37175,26368,27105,12391,17551,27987,21086,20117,24691,31262,19580,30948,29043,16848,25446,37128,42260,43344,25447,29153,24477,31181,24810,35833,49852,43847,30353,30925,28643,31936,17351,26349,29519
32070,30253,32831,24938,29777,8841.1,20204,31394,22979,20668,34599,29243,22917,28466,30720,18973,25555,36109,39198,40666,29431,31771,24553,32128,28058,35308,48074,43562,35509,31940,33300,26967,11788,27970,27911,27336,33542,37221,26377,27100,12238,17538,28045,20996,20151,24783,31237,19638,30961,29030,16920,25469,37192,42283,43582,25574,29157,24443,31156,24817,35913,49865,43831,30339,30975,28721,32417,17187,26211,29485
32056,30414,32902,24980,29577,8947.1,20097,31406,23117,20616,34440,29305,22724,28667,30619,18773,25561,35909,39025,40237,29305,31781,24462,32088,27936,35343,47971,43633,35474,31687,33234,26928,11947,28020,27833,27208,33673,37232,26210,26915,12288,17557,28001,21082,20015,24667,31276,19463,31106,28907,16788,25543,36904,42349,43055,25477,29119,24381,31111,24731,35888,49786,43884,30313,30811,28714,32241,17261,26437,29504
32141,30494,32803,24962,29556,9231.9,20195,31139,23144,20656,34512,29250,22916,28555,30769,18932,25477,35934,39132,40299,29304,31657,24407,32030,27916,35254,47898,43592,35429,31719,33087,26475,12022,28229,27824,27297,33555,37096,26266,26953,12666,17607,27893,21155,20008,24735,31232,19649,30933,29086,16943,25389,37031,42388,43237,25497,29023,24270,31022,24697,35779,49765,43741,30251,30834,28505,32122,17582,26718,29576
32279,30467,32784,24995,29671,8841.7,20215,31283,23014,20718,34541,29254,23059,28567,30778,18918,25536,36247,39175,40710,29381,31703,24605,32130,28058,35272,48022,43605,35521,31890,33229,26870,11744,28203,27948,27421,33571,37291,26402,27070,12375,17583,28069,21079,20191,24777,31344,19769,31001,29014,16867,25435,37221,42302,43412,25502,29123,24478,31141,24816,35916,49818,43886,30354,31020,28640,32372,17113,26470,29644
32162,30520,33070,24953,29644,8791.3,20032,31507,22955,20622,34376,29300,22777,28704,30644,18690,25642,36134,39088,40564,29240,31799,24565,32208,28062,35344,48023,43679,35574,31760,33366,26993,11817,27991,27895,27289,33765,37409,26303,27054,12117,17468,28143,21027,20138,24704,31358,19505,31100,28870,16736,25591,37120,42376,43213,25440,29107,24477,31151,24864,35883,49901,43959,30361,30964,28701,32355,17177,26277,29485
31991,30572,32917,24949,29534,9170.2,20190,31167,23167,20572,34486,29331,22689,28696,30664,18880,25467,35859,39091,40375,29205,31652,24381,32056,27871,35305,47977,43624,35380,31695,33073,26460,11949,28112,27842,27235,33711,37156,26329,26909,12530,17643,27927,21181,20024,24732,31319,19464,31084,28982,16875,25431,36910,42621,43260,25434,29057,24311,31052,24695,35826,49936,43797,30164,30826,28635,32253,17458,26539,29468
32120,30534,32840,25053,29681,9014.8,20304,31298,23055,20697,34564,29232,22904,28617,30726,18946,25443,35842,39060,40290,29270,31642,24582,32021,28006,35224,47835,43493,35431,31758,33211,26625,11868,28274,27840,27447,33532,37180,26348,27090,12530,17724,28067,21159,20169,24767,31361,19680,31057,29099,16950,25330,37007,42518,43234,25530,29117,24441,31093,24803,35755,49916,43773,30260,30916,28727,32079,17412,26826,29585
32032,30519,32905,25090,29703,8791.2,20045,31298,23068,20671,34556,29162,22862,28620,30647,18793,25437,35975,38948,40413,29291,31634,24580,32059,27917,35300,47940,43586,35352,31698,33154,27223,11888,28193,27882,27392,33649,37246,26367,27092,12207,17543,28069,21125,20169,24822,31277,19614,31007,29002,16810,25396,37133,42279,43309,25498,29100,24445,31115,24778,35842,50123,43839,30215,30915,28647,32344,17098,26673,29545
32108,30517,32653,25036,29661,8914.2,20087,31225,23044,20626,34491,29235,22875,28748,30700,18848,25465,35972,38967,40391,29291,31553,24511,31957,27972,35425,47936,43494,35407,31748,33019,26772,11853,27972,27916,27357,33652,37059,26421,27113,12293,17577,28034,21139,20146,24762,31380,19633,31114,29087,16878,25380,37078,42408,43340,25509,29018,24400,31043,24810,36085,49977,43763,30272,31016,28568,32205,17153,26482,29519
32070,30478,32706,25041,29675,8970.9,20216,31223,23003,20617,34488,29218,22849,28659,30679,18977,25553,35911,39037,40430,29343,31712,24610,32019,28056,35302,47914,43408,35508,31792,33182,26971,11890,27998,27881,27373,33635,37180,26488,27065,12376,17613,28135,21107,20155,24718,31388,19636,31167,29127,16974,25486,37168,42491,43522,25555,29142,24461,31126,24881,35989,50018,43749,30405,31006,28710,32216,17255,26355,29507
31978,30578,32827,25113,29507,8989.5,20009,31253,22990,20472,34264,29235,22672,28715,30487,18697,25624,35782,38716,40097,29199,31710,24537,32013,27951,35335,47894,43518,35490,31562,33202,26747,12101,28028,27798,27301,33730,37218,26333,26932,12291,17614,28080,21178,20031,24632,31421,19459,31136,29046,16773,25558,37011,42526,43089,25439,29102,24403,31111,24809,35886,50072,43867,30353,30852,28715,31877,17275,26583,29581
32023,30453,32825,25016,29505,9155.4,20189,31110,23141,20506,34470,29170,22857,28478,30675,18916,25416,35706,38824,40156,29187,31586,24325,31970,27881,35122,47776,43505,35387,31663,33051,26582,12073,28190,27819,27381,33566,37126,26278,26893,12625,17683,27952,21269,20007,24714,31322,19579,30984,29099,16948,25378,36993,42403,43267,25426,28995,24239,31036,24705,35669,49948,43710,30234,30845,28564,31925,17539,26715,29546
32044,30336,32787,25012,29767,8895.5,20224,31398,23055,20617,34447,29146,22812,28529,30701,18938,25499,35795,38961,40311,29237,31679,24667,32039,28157,35133,47754,43377,35625,31753,33315,27145,11775,28153,27857,27478,33526,37276,26375,27183,12513,17604,28225,21158,20181,24639,31348,19618,31027,29171,16931,25348,37093,42431,43404,25472,29112,24520,31108,24952,35734,49952,43741,30428,30968,28779,32095,17108,26530,29572
31935,30588,32828,25066,29692,8810,20049,31327,22962,20672,34429,29086,22827,28675,30525,18863,25457,35879,38821,40359,29196,31614,24648,32005,27982,35276,47813,43488,35356,31713,33253,27849,11918,28051,27873,27448,33699,37230,26433,27083,12294,17526,28115,21123,20181,24725,31358,19615,31029,29087,16859,25371,37221,42338,43485,25448,29079,24477,31117,24843,35972,50175,43834,30268,31064,28738,32181,17211,26471,29524
31862,30693,32843,25049,29370,9167,19967,31085,23098,20519,34155,29381,22552,28848,30442,18710,25384,35648,38886,40097,29016,31517,24295,31909,27805,35503,47989,43581,35203,31469,32933,26963,12184,27915,27810,27234,33718,37008,26274,26791,12590,17615,27855,21284,20009,24535,31508,19402,31254,29133,16798,25324,36868,42756,43194,25293,28982,24206,31009,24716,36133,50077,43798,30167,30885,28534,31646,17407,26523,29543
31953,30694,32523,25175,29714,8780.8,20021,31453,22870,20681,34454,29146,22840,28771,30573,18763,25430,35827,38651,40200,29311,31535,24537,31796,28084,35379,47767,43368,35536,31746,33043,28247,12001,28111,27761,27376,33598,36900,26335,27200,12233,17528,28198,21036,20191,24759,31334,19661,31111,29100,16819,25311,36920,42248,43088,25591,28978,24345,30958,24942,35888,49947,43739,30455,31032,28604,32092,17124,26733,29505
31950,30421,32742,25031,29616,9007.5,20269,31224,23089,20617,34484,29118,22913,28697,30765,18976,25536,35848,38898,40314,29301,31650,24431,31916,28060,35256,47813,43340,35472,31715,33009,27529,11961,28190,27859,27342,33436,36993,26251,27001,12593,17681,28095,21245,20092,24741,31303,19670,31033,29292,17021,25407,37046,42383,43445,25481,29041,24230,31047,24874,35957,49902,43609,30391,31031,28545,31890,17224,26759,29588
31946,30441,32495,24949,29487,8939.4,20129,31209,23024,20524,34278,29142,22713,28689,30607,18788,25468,35676,38709,40127,29058,31458,24486,31778,27967,35310,47696,43327,35457,31624,32994,28051,12064,27925,27776,27271,33551,36954,26280,26977,12387,17620,28128,21221,20074,24642,31354,19511,31107,29146,16826,25363,36943,42361,43233,25318,28921,24318,30931,24817,35955,50038,43730,30323,30952,28594,32351,17098,26377,29432
31955,30509,32655,24971,29626,8970.7,20301,31267,22951,20579,34454,29144,22786,28683,30636,19007,25426,35708,38912,40169,29082,31582,24588,31893,27990,35219,47671,43298,35503,31753,33171,27747,11943,27936,27793,27366,33627,37097,26425,27164,12577,17704,28219,21202,20098,24745,31427,19611,31108,29190,17028,25274,37093,42491,43431,25438,29044,24412,31034,24819,35945,50029,43661,30377,31083,28794,32128,17321,26344,29489
31995,30692,32749,25126,29695,8800.5,20093,31363,22876,20591,34299,29181,22709,28692,30475,18748,25620,35994,38873,40278,29203,31717,24581,32008,28073,35316,47833,43390,35520,31650,33222,27768,12078,28150,27886,27387,33713,37093,26404,27170,12256,17651,28192,21107,20112,24673,31452,19568,31125,28999,16830,25487,37204,42455,43453,25541,29110,24404,31093,24896,35875,50161,43769,30404,31041,28848,32171,17244,26814,29652
32070,30751,32682,25100,29477,9064.7,20151,31197,23098,20602,34378,29194,22743,28609,30639,18822,25458,35931,38816,40192,29146,31504,24455,31894,27873,35356,47845,43505,35319,31640,33007,27530,12176,28157,27817,27357,33654,37004,26298,26937,12513,17715,27970,21236,20103,24708,31365,19567,31048,29084,16889,25365,37084,42471,43399,25414,28977,24269,31058,24692,35810,50155,43798,30186,30906,28562,32136,17377,26761,29569
32072,30609,32648,25063,29583,8994.2,20144,31274,22962,20586,34270,29220,22773,28709,30693,18869,25433,35847,38860,40151,29092,31550,24638,31930,27954,35287,47777,43374,35415,31712,33165,28106,12045,28084,27819,27443,33585,37130,26344,27111,12604,17585,28149,21140,20094,24629,31485,19627,31176,29188,16917,25279,37118,42615,43405,25369,29045,24461,31059,24787,35985,50106,43737,30305,31021,28690,32231,17142,26649,29584
32046,30596,32807,25064,29701,8745.1,20114,31391,22891,20608,34384,29140,22859,28549,30570,18836,25619,36026,38848,40434,29233,31662,24581,32032,28029,35312,47897,43396,35474,31805,33249,27984,11955,28040,27916,27462,33680,37198,26449,27161,12203,17628,28232,21117,20144,24734,31385,19682,31057,29106,16889,25443,37336,42352,43661,25485,29086,24432,31126,24853,36002,50273,43761,30354,31096,28754,32427,17145,26406,29563
32020,30506,32635,24932,29474,8992.8,20081,31251,23064,20551,34261,29315,22663,28690,30543,18812,25459,35776,38855,40152,29102,31530,24406,31872,27893,35360,47781,43397,35344,31625,33024,27455,12177,27920,27813,27304,33628,36974,26355,26917,12464,17643,28073,21259,20067,24614,31479,19515,31232,29065,16890,25374,37000,42682,43228,25369,28941,24250,30985,24725,36042,50041,43735,30267,30919,28561,32206,17340,26460,29506
31971,30539,32663,25026,29586,9098.5,20211,31156,23115,20554,34454,29228,22767,28626,30668,18955,25363,35759,38895,40012,29141,31495,24490,31856,27849,35107,47737,43366,35287,31681,33018,27691,12071,28114,27701,27389,33608,37011,26339,27106,12678,17724,28064,21269,20080,24761,31441,19615,31112,29178,16993,25267,37012,42724,43279,25491,28967,24317,31000,24699,35686,50124,43709,30215,30971,28659,32086,17440,26786,29472
32116,30617,32718,25118,29665,8750.4,20156,31352,22904,20640,34381,29053,22881,28435,30617,18787,25628,36062,38809,40364,29315,31809,24634,32108,28138,35209,47785,43362,35642,31704,33252,27749,11981,28302,27852,27529,33615,37063,26437,27164,12314,17638,28160,21110,20156,24738,31308,19710,30870,29088,16878,25496,37276,42197,43368,25569,29209,24473,31211,24881,35740,50127,43753,30566,31067,28789,32085,17158,26867,29644
32046,30540,32695,25040,29586,8907.4,20148,31366,23051,20630,34298,29216,22865,28623,30688,18842,25636,35909,38800,40256,29235,31696,24557,31992,28025,35263,47728,43352,35531,31687,33257,27820,12102,28214,27852,27395,33572,36990,26367,27023,12333,17648,28031,21188,20078,24597,31358,19680,31082,29065,16862,25524,37067,42210,43138,25426,29042,24392,31084,24800,35864,49958,43731,30371,30945,28679,32100,17086,26679,29489
31931,30535,32688,24945,29497,9145.4,20184,31197,23101,20575,34277,29206,22765,28689,30640,18999,25431,35667,38822,40210,29098,31550,24458,31879,27918,35258,47776,43389,35365,31659,33122,27799,12189,27948,27772,27258,33556,36862,26314,26948,12662,17698,27969,21259,20047,24559,31389,19552,31042,29062,17020,25338,36887,42477,43278,25348,28899,24291,30945,24746,35933,49907,43634,30240,30928,28608,31962,17367,26414,29430
31961,30626,32741,25040,29677,8972.9,20250,31486,22978,20631,34306,29232,22741,28745,30593,18922,25411,35719,38935,40210,29173,31593,24573,31901,28013,35307,47766,43296,35426,31689,33220,28194,12058,28002,27762,27332,33619,36985,26378,27162,12524,17683,28185,21193,20118,24614,31453,19570,31132,29128,16937,25235,36954,42568,43484,25471,28984,24376,30954,24840,35984,49981,43657,30307,31004,28732,32241,17234,26489,29463
32069,30740,32743,25151,29702,8907.3,20119,31460,22973,20702,34322,29233,22789,28703,30611,18767,25564,35900,38927,40263,29276,31629,24546,31917,28065,35364,47861,43408,35464,31645,33193,27724,12226,28212,27811,27368,33674,37065,26324,27121,12286,17623,28207,21134,20119,24647,31373,19597,31037,29038,16829,25451,37029,42351,43275,25485,28993,24360,30984,24865,35806,50017,43765,30340,30879,28656,32019,17292,26744,29553
32021,30607,32618,25010,29476,9032.9,20090,31190,23094,20543,34240,29204,22691,28694,30661,18814,25463,35709,38880,40115,29139,31534,24353,31842,27947,35357,47896,43457,35429,31584,32965,27710,12108,27966,27738,27290,33567,36891,26287,26918,12560,17656,28022,21289,20010,24571,31369,19494,31072,29138,16858,25363,36889,42453,43248,25315,28903,24190,30938,24761,35925,50041,43739,30275,30783,28453,31868,17190,26531,29485
31957,30455,32636,24967,29667,8898,20229,31360,22998,20555,34300,29173,22755,28668,30660,18954,25368,35765,38977,40274,29132,31514,24582,31830,27975,35252,47815,43239,35390,31714,33084,28172,12018,27869,27803,27388,33627,37095,26391,27215,12523,17664,28244,21200,20155,24617,31403,19588,31096,29206,16986,25182,37076,42450,43486,25421,28974,24387,30958,24812,36057,50088,43655,30298,31092,28669,32141,17143,26293,29478
31956,30495,32575,24959,29635,8913.6,20109,31232,22951,20530,34307,29216,22743,28630,30560,18905,25348,35848,38897,40241,29171,31491,24455,31823,27838,35272,47706,43226,35236,31623,33056,27990,12156,27993,27797,27379,33650,37018,26384,27148,12381,17664,28193,21218,20124,24654,31397,19588,31054,29173,16935,25266,37113,42567,43534,25466,28976,24298,30984,24731,35962,50172,43675,30228,30942,28604,32116,17261,26471,29480
32042,30528,32633,24993,29497,8940.4,20056,31176,22982,20599,34314,29200,22784,28634,30597,18816,25353,35884,38791,40228,29169,31511,24315,31825,27840,35326,47742,43335,35211,31683,32967,27709,12144,28176,27803,27387,33611,36916,26314,26998,12397,17686,28021,21259,20058,24722,31418,19621,31085,29152,16894,25244,37060,42697,43345,25423,28911,24173,30919,24691,35891,50196,43707,30166,30952,28548,31757,17253,26639,29563
32004,30451,32707,25030,29561,8807.7,20152,31511,22859,20663,34270,29021,22852,28510,30651,18892,25621,35933,38797,40378,29088,31755,24669,32036,28131,35218,47733,43431,35570,31675,33206,28146,11923,28261,27863,27472,33501,37121,26354,27096,12418,17627,28202,21089,20165,24614,31288,19672,30906,29186,16956,25476,37164,42251,43436,25380,29145,24461,31131,24917,35856,50121,43855,30517,31054,28717,32109,17071,26836,29589
31999,30508,32707,25026,29661,8853,20014,31511,22952,20599,34249,29210,22658,28635,30611,18712,25646,35779,38793,40166,29131,31686,24663,31938,28113,35411,47709,43423,35570,31633,33337,27423,12124,28033,27838,27399,33624,37117,26404,27175,12211,17571,28215,21148,20143,24564,31407,19554,31142,29099,16783,25510,37042,42371,43166,25400,29018,24490,31046,24913,36077,50061,43883,30405,30938,28776,31702,17116,26466,29515
31892,30463,32577,24912,29469,9014.4,20203,31207,23083,20567,34317,29210,22724,28665,30626,18985,25392,35689,38707,40114,29159,31476,24363,31834,27860,35304,47701,43261,35334,31734,33121,28299,12158,28010,27818,27328,33569,36745,26372,26944,12425,17663,27983,21212,19985,24637,31363,19549,31067,29103,16970,25278,36914,42413,43324,25401,28881,24209,30914,24703,35910,49960,43542,30224,30973,28641,32143,17316,26531,29505
31901,30646,32649,25009,29502,9043.2,20341,31198,23095,20546,34466,29169,22827,28693,30636,19160,25346,35730,38870,40145,29075,31501,24528,31905,27790,35188,47843,43377,35256,31833,33238,28097,12094,28095,27810,27326,33615,36874,26400,27051,12677,17745,27933,21231,20019,24721,31379,19589,30990,29100,17090,25217,36952,42609,43433,25405,28931,24340,30945,24651,35754,50073,43647,30153,31052,28645,31918,17418,26670,29546
32169,30780,32582,25198,29605,8753.6,20102,31580,22953,20603,34204,29134,22736,28573,30563,18719,25728,36000,38866,40426,29116,31915,24667,32198,28221,35303,47924,43448,35820,31749,33447,27811,12012,28225,27929,27454,33709,36986,26473,27085,12227,17557,28166,21016,20136,24479,31331,19533,30917,28978,16763,25650,37224,42304,43253,25398,29178,24573,31205,24989,35768,50216,43900,30721,31023,28774,31929,17115,26714,29693
32171,30605,32809,25093,29745,8775.8,20090,31598,22932,20589,34403,29193,22882,28570,30680,18798,25682,36052,38969,40554,29320,31772,24613,32079,28121,35387,48045,43374,35609,31891,33556,27384,11901,28264,27998,27444,33632,37044,26421,27194,12252,17562,28175,21069,20094,24614,31375,19622,31009,29043,16814,25569,37152,42334,43232,25461,28994,24468,31059,24957,35927,50055,43700,30344,31119,28755,31572,17023,26634,29681
31911,30509,32616,24921,29588,9091.8,20114,31291,23007,20520,34434,29173,22744,28681,30589,18898,25414,35736,38775,40133,29223,31563,24507,31906,27886,35254,47906,43242,35394,31840,33286,28195,12095,28143,27819,27338,33641,36840,26342,27068,12602,17574,28040,21156,20012,24693,31307,19554,31011,29049,16930,25271,36932,42484,43244,25453,28871,24285,30895,24759,35851,49987,43472,30241,31004,28646,32215,17401,26601,29433
31966,30644,32604,25070,29616,9018.8,20381,31395,23120,20626,34470,29202,22764,28559,30675,19118,25365,35783,38923,40134,28991,31498,24577,31857,27932,35218,47863,43274,35351,31827,33278,27413,11909,28118,27837,27373,33648,36933,26426,27176,12581,17770,28100,21246,20112,24698,31369,19592,30972,29165,17004,25224,37066,42614,43355,25362,28927,24384,30927,24783,35833,50131,43573,30215,30989,28686,31888,17314,26770,29541
32182,30733,32571,25237,29606,8896.3,20182,31451,23046,20683,34360,29217,22796,28577,30717,18762,25507,36059,39029,40404,29368,31653,24524,32009,28066,35309,48061,43391,35395,31862,33337,27679,12068,28298,27928,27494,33677,37067,26459,27071,12312,17652,28077,21086,20183,24621,31434,19611,30990,29131,16786,25416,37208,42569,43443,25492,29063,24397,31116,24874,35875,50216,43787,30358,31043,28705,32054,17311,26775,29670
32099,30561,32540,24971,29515,8871.4,20116,31504,23102,20574,34246,29216,22825,28657,30742,18784,25491,35940,38964,40276,29236,31608,24466,31884,28020,35369,47709,43356,35479,31668,33189,27818,12070,28091,27822,27334,33545,36933,26262,26954,12346,17570,28100,21169,20103,24522,31364,19579,31092,29051,16876,25434,37004,42410,43152,25335,28949,24330,31029,24834,35915,49895,43700,30386,30906,28581,32164,17078,26566,29495
31930,30561,32757,24935,29467,9068,20239,31302,23105,20612,34328,29234,22732,28628,30660,18983,25333,35856,38970,40184,29030,31463,24440,31870,27816,35278,47800,43534,35146,31594,33042,27461,12072,27972,27751,27264,33593,37052,26355,26998,12633,17671,27933,21210,20037,24614,31431,19554,31035,29021,16977,25185,37010,42582,43267,25371,28914,24252,30925,24645,35913,50063,43698,30017,30834,28559,31806,17445,26538,29412
32184,30612,32636,25025,29458,8855.3,20240,31443,23037,20741,34382,29249,22865,28611,30727,18939,25481,36035,39210,40374,29197,31591,24454,31961,28018,35304,47931,43631,35371,31774,33142,27435,11848,28142,27857,27390,33590,37188,26462,27001,12325,17642,28029,21079,20167,24623,31430,19638,31120,28998,16865,25380,37141,42609,43470,25458,28971,24383,31044,24810,35904,50165,43997,30290,30886,28612,32449,17214,26649,29500
32158,30614,32785,25004,29662,8706.4,20056,31454,22942,20655,34400,29105,22793,28671,30662,18713,25523,35880,38877,40298,29250,31691,24558,31996,28041,35259,47698,43493,35479,31668,33240,27774,12017,28138,27839,27369,33575,37183,26341,27148,12205,17557,28174,21075,20168,24624,31329,19571,30945,28989,16817,25428,37040,42249,43286,25435,28999,24441,31083,24854,35843,50113,43852,30336,30900,28695,32085,17170,26649,29576
32063,30492,32641,24896,29559,8891.7,20145,31283,23092,20651,34501,29159,22869,28608,30753,18984,25378,35801,38827,40215,29206,31494,24432,31845,27889,35261,47658,43314,35261,31719,33058,27680,11878,28167,27841,27371,33495,36878,26378,27092,12416,17644,28007,21199,20097,24791,31384,19641,31053,29147,16948,25196,36961,42457,43402,25459,28921,24260,30924,24719,35953,49931,43580,30163,30921,28569,32283,17056,26611,29511
31969,30333,32674,24804,29432,9142.7,20463,31191,23290,20571,34422,29362,22870,28730,30840,19250,25405,35724,39270,40445,29102,31531,24322,31858,27883,35367,47731,43204,35254,31791,32970,27205,11983,27816,27862,27245,33429,36802,26324,26913,12619,17804,27899,21287,19997,24617,31540,19584,31269,29256,17144,25276,36969,42858,43645,25368,28938,24165,30925,24686,36106,49884,43422,30138,31000,28546,32385,17436,26443,29539
31937,30538,32574,24987,29491,8897,20133,31293,23118,20510,34324,29246,22694,28672,30632,18833,25394,35758,38860,40096,29183,31549,24431,31847,27887,35240,47651,43319,35319,31662,33084,28016,12127,28032,27830,27307,33592,36888,26280,27004,12318,17637,28026,21174,20017,24589,31443,19510,31106,29036,16864,25289,36978,42465,43210,25451,28958,24261,30976,24740,35801,50032,43647,30250,30978,28647,32283,17325,26642,29602
32007,30399,32825,24994,29593,9154.4,20212,31456,23133,20527,34224,29225,22622,28464,30621,18878,25702,35656,39085,40119,29100,31837,24602,32089,28181,35077,47639,43383,35705,31560,33357,27029,12001,28067,27869,27392,33516,37164,26338,27123,12671,17640,28220,21182,20038,24468,31377,19480,31019,29088,16915,25592,36991,42462,43314,25414,29187,24472,31246,24983,35664,49839,43776,30613,30833,28776,32053,17347,26559,29602
32043,30448,32570,25010,29622,8803.3,20021,31526,22925,20511,34278,29129,22775,28488,30536,18697,25567,35758,38740,40144,29174,31707,24669,31962,28056,35268,47529,43356,35610,31644,33342,27983,12009,28056,27885,27421,33593,37103,26443,27135,12317,17524,28233,21112,20097,24536,31389,19578,30977,28981,16787,25496,37091,42331,43166,25452,29076,24510,31148,24884,35936,49936,43831,30495,31002,28741,31957,17091,26347,29536
32069,30555,32653,24988,29636,9154.1,20254,31353,23093,20610,34430,29124,22842,28421,30589,18959,25476,35708,38726,40051,29246,31571,24565,31931,27939,35175,47639,43354,35336,31658,33192,27543,12132,28083,27825,27374,33646,37013,26428,27124,12574,17676,28093,21223,20084,24670,31324,19617,30938,29106,16964,25333,37136,42447,43322,25514,28999,24362,31074,24786,35832,49967,43655,30276,30928,28697,31831,17369,26492,29527
32112,30655,32613,25130,29569,8782.1,20171,31362,22852,20745,34419,29069,22912,28440,30579,18888,25480,35919,38847,40178,29231,31570,24543,31916,28046,35250,47836,43481,35375,31776,33117,27417,11844,28222,27822,27455,33687,37186,26474,27092,12382,17651,28112,21056,20208,24701,31378,19678,31020,29086,16873,25344,37183,42426,43396,25495,29041,24367,31129,24869,35885,50293,43856,30342,31048,28706,32199,17271,26825,29600
32162,30707,32617,25190,29718,8774.9,20159,31488,22946,20736,34304,29102,22825,28705,30651,18759,25569,35874,38776,40220,29364,31622,24563,31918,28114,35405,47849,43354,35340,31751,33262,28024,12077,28244,27899,27481,33650,36998,26393,27161,12165,17650,28111,21085,20193,24579,31388,19637,31090,29136,16793,25428,37005,42224,43228,25504,29040,24429,31044,24913,35944,50072,43687,30279,31080,28704,32020,17145,26867,29648
31934,30560,32664,24944,29600,9032.6,20050,31525,23026,20617,34320,29154,22779,28627,30580,18846,25506,35670,38693,39999,29272,31604,24482,31885,28079,35347,47664,43459,35536,31636,33152,27708,12086,28052,27779,27291,33618,36986,26186,27073,12442,17556,28158,21129,20098,24611,31334,19566,31095,29021,16870,25400,36803,42301,43085,25443,29000,24337,30996,24895,35986,49814,43673,30440,30944,28586,31889,17144,26580,29467
31922,30613,32734,24982,29667,9089.4,20248,31364,23008,20700,34414,29197,22782,28581,30552,18978,25392,35726,38752,40067,29144,31482,24586,31831,27966,35224,47683,43470,35248,31659,33080,27176,12050,27951,27727,27263,33682,37130,26332,27232,12536,17662,28100,21136,20175,24695,31363,19606,31144,29056,16972,25221,37058,42416,43166,25539,28985,24401,30975,24800,35928,50049,43694,30142,30883,28630,31879,17491,26487,29434
31970,30521,32748,24964,29531,8926.4,20261,31218,23110,20758,34559,29169,22991,28602,30732,19011,25400,35833,38895,40124,29274,31525,24367,31905,27873,35203,47671,43350,35171,31726,32914,27776,11909,28232,27772,27362,33453,36887,26275,27025,12524,17743,27975,21299,20129,24890,31336,19718,31108,29205,17067,25323,37046,42603,43435,25461,28951,24138,30972,24728,35801,49998,43501,30129,30910,28453,32433,17310,26729,29528
32119,30543,32482,24918,29571,8894.2,20179,31520,23007,20828,34494,28982,22945,28592,30796,19065,25409,35908,38704,40202,29203,31510,24582,31808,28012,35160,47390,43117,35344,31696,33078,28232,12005,28112,27880,27393,33427,36837,26209,27181,12418,17643,28210,21256,20254,24885,31295,19701,31005,29245,17097,25298,37080,42318,43308,25409,28923,24359,30900,24836,35760,49756,43449,30269,31048,28546,32280,17108,26564,29538
32277,30578,32446,25018,29453,8938.2,20312,31475,22971,20774,34420,29069,22814,28632,30691,19053,25422,35935,38790,40293,29154,31654,24439,31853,28121,35274,47563,43195,35491,31825,33056,28641,11893,28077,27931,27454,33454,36967,26510,27076,12439,17788,28183,21077,20216,24686,31307,19645,31047,29176,16996,25284,37294,42103,43659,25427,29078,24329,31062,24880,36022,50084,43563,30476,31067,28645,32826,17149,26505,29627
32029,30455,32572,24948,29490,8981,20161,31494,22954,20608,34196,29138,22740,28749,30616,18779,25485,35749,38608,40046,29136,31694,24465,31871,28045,35251,47465,43198,35458,31624,33209,28201,12218,28168,27827,27325,33530,36972,26330,27008,12374,17720,28157,21153,20135,24536,31366,19540,31133,29098,16830,25433,37006,42387,43203,25326,29057,24306,30975,24870,35925,49914,43608,30323,30930,28599,32129,17281,26665,29597
31926,30322,32579,24805,29400,9082.4,20205,31289,23077,20551,34319,29103,22751,28548,30653,19026,25378,35577,38658,39939,29149,31593,24363,31842,27879,35184,47452,43264,35326,31560,33002,27531,12001,28045,27766,27258,33549,36881,26244,26863,12656,17727,28025,21240,20077,24619,31352,19561,31054,29090,17018,25279,36860,42416,43231,25355,28983,24201,30928,24734,35897,49850,43559,30226,30763,28455,31940,17157,26527,29427
31912,30357,32517,24867,29476,9093.7,20378,31248,23088,20595,34360,29161,22711,28546,30631,19113,25376,35564,38919,39980,28984,31478,24462,31823,27867,35199,47485,43340,35259,31659,32952,27256,11918,27850,27782,27269,33532,37129,26366,27047,12669,17797,28148,21236,20166,24635,31411,19540,31160,29190,17063,25292,37029,42704,43564,25354,29031,24326,31026,24769,35950,50103,43732,30185,30853,28625,32391,17392,26309,29504
32120,30548,32481,25102,29548,8893.8,20070,31413,22907,20683,34202,29177,22752,28684,30611,18672,25537,35986,38909,40226,29320,31672,24488,31976,28128,35235,47782,43344,35485,31736,33180,28038,12021,28220,27840,27427,33647,37048,26438,27061,12367,17678,28171,21101,20229,24548,31450,19598,31158,29122,16785,25417,37227,42725,43585,25517,29036,24368,31049,24946,35883,50267,43799,30442,30920,28640,32669,17230,26665,29632
32042,30354,32656,24915,29549,8906,20081,31613,23057,20571,34263,29158,22767,28669,30718,18740,25484,35919,38830,40237,29222,31669,24482,31970,28043,35229,47669,43314,35598,31651,33268,27381,12080,28025,27790,27230,33639,37096,26212,27017,12333,17588,28225,21177,20127,24497,31356,19540,31073,29011,16835,25408,36940,42597,43139,25360,28966,24339,30987,24897,35852,49834,43690,30441,30817,28546,31902,17096,26549,29462
31909,30304,32789,24847,29615,9146.6,20277,31340,23066,20599,34470,29147,22749,28591,30622,19081,25270,35795,38739,40192,29054,31451,24463,31859,27800,35153,47666,43283,35209,31648,33107,27264,12083,28003,27786,27192,33609,37104,26307,27112,12749,17727,28055,21220,20094,24720,31350,19580,31068,29030,17005,25144,37071,42585,43374,25429,28877,24254,30849,24678,35853,50041,43504,30008,30810,28518,32006,17452,26609,29418
32117,30416,32619,24991,29461,8976.4,20294,31254,23001,20687,34305,29227,22890,28646,30706,18986,25537,35999,38997,40237,29186,31660,24487,31986,28070,35199,47788,43461,35423,31764,33061,27738,11797,28168,27849,27377,33497,37203,26354,27007,12449,17731,28075,21134,20165,24645,31426,19676,31199,29112,16955,25446,37176,42830,43568,25407,29066,24363,31079,24888,35899,50029,43852,30405,30938,28631,32520,17211,26736,29523
32079,30452,32655,25046,29677,8809,20076,31574,22998,20671,34400,29090,22776,28647,30706,18699,25482,35887,38740,40150,29255,31711,24629,31962,28015,35230,47582,43395,35492,31635,33327,27841,12083,28069,27776,27307,33602,37098,26254,27196,12274,17554,28180,21074,20226,24671,31289,19566,30994,29016,16802,25400,36997,42252,43130,25448,29025,24425,31055,24875,35751,49880,43812,30367,30878,28694,31979,17163,26598,29436
32025,30382,32746,24887,29566,8948.6,20181,31280,23067,20652,34535,29195,22798,28730,30732,19009,25317,35762,38934,40148,29225,31515,24438,31851,27766,35256,47641,43345,35106,31707,33139,27517,12024,28018,27805,27259,33486,36916,26295,27021,12600,17688,27902,21212,20093,24774,31369,19602,31164,29087,16982,25170,36895,42523,43436,25479,28884,24203,30889,24637,35902,49802,43521,29970,30858,28560,32404,17294,26591,29416
32039,30286,32804,24927,29418,9114.6,20394,31194,23154,20614,34380,29291,22854,28683,30797,19054,25535,35869,39173,40269,29208,31686,24423,31996,27986,35255,47742,43421,35342,31760,33145,27333,11943,27982,27802,27252,33452,37047,26314,26887,12556,17800,27974,21234,20097,24593,31436,19602,31208,29186,17030,25409,36886,42806,43598,25369,29004,24329,31019,24834,35931,49759,43699,30271,30868,28661,32320,17413,26530,29459
32033,30370,32462,25016,29618,8950.1,20154,31438,23028,20689,34447,29045,22814,28544,30737,18776,25371,35799,38680,39913,29348,31454,24593,31720,28001,35079,47449,43315,35340,31659,33074,28500,12037,28191,27725,27363,33522,37009,26248,27147,12388,17691,28177,21159,20230,24847,31245,19621,30893,29130,16881,25258,36883,42202,43037,25584,28912,24425,30929,24855,35617,49727,43709,30187,30891,28652,32563,17374,26582,29464
31916,30154,32954,24781,29535,9338,20214,31701,23135,20760,34549,28879,22742,28133,30547,18964,25393,35626,38231,39661,29058,31586,24502,31937,27936,34901,47159,43460,35383,31469,33176,28444,12165,28118,27714,27315,33487,37322,26198,26958,13047,17799,28066,21492,20204,24883,31074,19529,30654,29348,17017,25267,36917,41921,42865,25398,29106,24385,31118,24788,35554,49647,43650,30150,30802,28636,32606,17432,26524,29363
31969,30336,32808,24882,29466,8978.6,20218,31546,23056,20683,34444,28911,22776,28154,30639,18958,25400,35964,38443,40302,29060,31681,24492,32017,27915,35086,47463,43539,35395,31692,33259,28681,11956,28086,27861,27288,33592,37159,26242,26948,12408,17586,27981,21127,20124,24688,30970,19542,30564,28983,16911,25299,37112,41494,43246,25371,29095,24363,31090,24763,35679,49838,43794,30229,30840,28644,32623,17031,26562,29404
31908,30294,32627,24848,29543,9553.2,20504,31159,23353,20588,34613,29136,22860,28401,30790,19194,25354,35735,39071,40223,29160,31630,24378,31936,27814,35027,47635,43445,35247,31788,33139,27345,12089,28197,27774,27302,33369,36976,26217,27040,12876,17912,27860,21326,20002,24832,31182,19648,30912,29230,17163,25236,37061,42578,43788,25422,29070,24241,31062,24641,35494,49863,43676,30103,30731,28522,33480,17550,26583,29505
32200,30351,32510,24913,29580,8924.2,20231,31407,22991,20743,34366,29129,22924,28430,30682,18851,25641,35849,38734,40197,29226,31836,24681,32025,28195,35136,47330,43374,35650,31711,33266,27944,11838,28167,27869,27438,33456,37173,26448,27167,12417,17712,28167,21109,20211,24746,31288,19692,30912,29078,16823,25504,37137,42168,43446,25439,29185,24571,31124,24976,35924,49563,43799,30596,30874,28734,32856,17059,26363,29478
32230,30395,32640,24940,29924,8797.2,20210,31622,22891,20740,34714,29083,22920,28590,30702,18793,25576,35937,38788,40238,29559,31753,24677,32050,28057,35176,47484,43389,35461,31880,33543,28253,11944,28209,27878,27372,33564,37155,26360,27386,12165,17635,28193,21044,20246,24943,31256,19678,30938,29026,16818,25483,37084,42050,43376,25710,29077,24550,31056,24924,35947,49651,43778,30261,30994,28794,32642,17067,26368,29514
32183,30447,32819,24879,29546,9089.4,20136,31435,23047,20621,34636,29125,22925,28457,30701,18757,25475,35819,38716,39862,29513,31761,24378,32100,27905,35038,47536,43516,35435,31695,33288,27006,12019,28262,27741,27273,33581,37160,26142,26932,12543,17691,27951,21122,20052,24945,31123,19653,30936,28997,16807,25458,36848,42135,43192,25549,29074,24270,31076,24717,35714,49649,43721,30251,30724,28596,32912,17372,26635,29402
32097,30555,32662,25009,29479,9012.3,20116,31201,22885,20627,34304,29072,22703,28520,30634,18809,25492,35901,38729,40218,29048,31617,24615,32017,27985,35153,47840,43720,35359,31636,33123,26954,11887,28036,27834,27330,33717,37471,26320,27108,12497,17644,28086,21074,20153,24646,31212,19546,31027,29130,16865,25400,37130,42426,43520,25335,29078,24560,31098,24852,35891,50073,44094,30298,30816,28735,33073,17048,26652,29516
32123,30465,32896,25030,29733,8731,20066,31430,22826,20712,34717,29081,22891,28536,30705,18781,25392,36096,38884,40440,29463,31703,24608,32104,27883,35202,47776,43664,35304,31889,33357,27994,11755,28079,27912,27422,33745,37429,26437,27245,12174,17531,28081,21012,20222,25040,31222,19675,30963,29096,16838,25348,37285,42146,43736,25658,29099,24466,31124,24749,35892,50067,43905,30143,30986,28719,33304,17076,26205,29466
32024,30461,32736,24884,29438,8959.4,20194,31134,23060,20596,34686,29244,22901,28684,30734,18924,25323,35923,38971,40156,29406,31621,24262,31983,27669,35313,47699,43440,35197,31869,33107,27230,11919,28123,27886,27331,33603,36949,26273,26881,12393,17705,27761,21223,19998,25007,31364,19690,31126,29067,16960,25275,37010,42560,43474,25534,29002,24133,31018,24522,35936,49744,43581,30096,30899,28515,33221,17230,26424,29575
32039,30394,32620,24926,29314,9185.4,20435,31025,23171,20537,34317,29160,22892,28564,30786,19063,25562,35915,38993,40354,29108,31690,24401,32034,27892,35215,47715,43499,35373,31790,32984,27433,11876,28187,27897,27374,33514,37102,26228,26777,12575,17774,27846,21221,19999,24552,31209,19628,30962,29138,17040,25498,37087,42423,43659,25261,29056,24328,31131,24712,35709,49838,43895,30314,30947,28565,33040,17240,26736,29607
32097,30439,32777,24936,29752,8948.9,20073,31549,22873,20555,34357,29158,22707,28537,30648,18580,25470,36049,38871,40339,29282,31753,24627,32095,27950,35211,47698,43599,35461,31632,33312,27497,11820,28069,27835,27254,33656,37367,26247,27184,12252,17433,28146,21003,20124,24720,31279,19455,30969,28941,16625,25496,37121,42174,43200,25498,29156,24515,31194,24787,35827,49805,44000,30347,30933,28686,32854,17053,26310,29423
32069,30430,32987,24886,29681,8960.6,20145,31329,23020,20606,34702,29284,22758,28521,30652,18875,25303,36024,39025,40403,29328,31637,24455,32056,27709,35160,47911,43723,35218,31721,33230,26893,11886,28146,27818,27251,33711,37363,26356,27137,12372,17577,27892,21052,20065,24922,31301,19538,30998,28957,16854,25213,37232,42536,43495,25608,29059,24285,31076,24541,35797,50054,43857,29999,30760,28631,32855,17275,26510,29436
32255,30387,32923,24938,29460,9022.7,20290,31291,23134,20613,34626,29241,22944,28541,30811,18918,25553,36216,39110,40567,29390,31802,24379,32199,27961,35061,48077,43711,35437,31824,33208,27504,11713,28173,27852,27408,33544,37224,26298,26947,12373,17737,27909,21146,20049,24801,31247,19672,31028,29118,16901,25493,37233,42590,43743,25540,29070,24277,31137,24745,35531,49973,43914,30309,30893,28633,33043,17121,26724,29551
32158,30285,32899,24790,29484,8953.7,20148,31611,23066,20533,34306,29259,22676,28528,30764,18689,25581,36174,39128,40538,29269,31775,24450,32186,28018,35161,47941,43656,35555,31608,33259,27358,11875,27812,27850,27188,33607,37277,26154,26957,12277,17513,28051,21085,20008,24605,31273,19421,30942,28994,16716,25562,37118,42437,43407,25457,29071,24355,31166,24828,35675,49769,43874,30355,30810,28620,32877,17135,26334,29440
32141,30345,32988,24745,29696,9099.1,20155,31551,23119,20644,34625,29186,22836,28406,30765,18834,25392,36139,39005,40533,29249,31648,24556,32101,27943,34978,47799,43612,35430,31678,33322,27179,12011,27974,27837,27231,33699,37419,26234,27271,12573,17539,28174,21048,20178,24846,31210,19584,30902,28913,16841,25305,37296,42526,43472,25529,28993,24485,31092,24780,35594,49994,43869,30182,30720,28690,32731,17191,26414,29477
32362,30504,32960,25006,29665,9025.9,20246,31372,23178,20736,34734,29354,22919,28626,30896,18864,25480,36338,39282,40570,29622,31730,24448,32186,27968,35105,48163,43686,35203,31920,33351,27616,11812,28280,27933,27419,33675,37356,26418,27070,12258,17645,28021,21123,20184,24961,31329,19682,31042,29099,16801,25381,37295,42712,43673,25740,29013,24402,31107,24748,35772,50081,43973,30035,30891,28762,33571,17309,26562,29512
32155,30282,32926,24793,29355,9017.9,20129,31542,23107,20501,34243,29331,22692,28583,30786,18724,25625,36210,39210,40581,29161,31875,24331,32274,28001,35142,48123,43709,35569,31661,33266,27025,12078,28049,27873,27152,33480,37299,26125,26736,12314,17523,27978,21120,19940,24538,31286,19432,30891,28966,16739,25614,37085,42710,43427,25305,29067,24233,31215,24791,35617,49854,43894,30375,30776,28519,32618,17357,26438,29540
32214,30356,32972,24792,29580,9099.6,20172,31393,23175,20645,34462,29214,22803,28460,30751,18890,25529,36131,39006,40591,29206,31750,24569,32204,27952,34985,47810,43685,35432,31660,33343,27108,12012,28030,27874,27253,33641,37489,26299,27102,12657,17528,28085,21086,20136,24719,31205,19531,30955,28998,16884,25411,37248,42504,43419,25459,29038,24517,31156,24813,35626,49995,43987,30194,30733,28680,32677,17034,26453,29510
32201,30515,33136,24846,29568,9086,20267,31194,23271,20735,34820,29357,23104,28652,30903,18991,25368,36255,39167,40532,29483,31685,24473,32210,27700,35040,47989,43891,35061,31916,33298,28045,11922,28255,27912,27307,33659,37566,26388,26977,12361,17649,27859,21189,20207,25006,31279,19771,31011,29068,16955,25371,37325,42726,43696,25622,29101,24400,31208,24570,35610,50130,44112,29883,30778,28636,33739,17375,26428,29452
32169,30501,32860,24932,29306,9062.4,20316,31285,23307,20557,34383,29530,22827,28954,30990,18811,25422,36328,39342,40847,29326,31733,24207,32123,27782,35424,48196,43462,35275,31862,33046,27754,12223,28140,28003,27223,33546,37069,26201,26660,12500,17785,27733,21281,19952,24792,31504,19614,31214,29152,16821,25407,37200,43067,43772,25426,28981,24101,31062,24554,35822,49944,43702,30088,30991,28477,32940,17516,26560,29697
32075,30224,32809,24799,29542,8969,20319,31455,23160,20662,34727,29168,22980,28430,30829,19025,25444,36091,38912,40485,29400,31764,24417,32135,27873,35052,47592,43403,35439,31752,33186,28841,11712,28041,27895,27313,33490,37037,26265,27000,12429,17621,27970,21168,20087,24964,31160,19725,30757,29089,16919,25381,37062,42053,43469,25566,29109,24257,31089,24714,35608,49626,43600,30251,30876,28551,33138,16783,26577,29452
32050,30274,32801,24808,29697,9408.8,20396,31508,23312,20696,34721,29166,22945,28352,30845,19218,25512,35885,38958,40388,29278,31872,24472,32130,28069,34871,47442,43402,35673,31722,33309,27653,11979,28032,27851,27237,33474,37152,26255,27200,12849,17774,28170,21283,20138,24846,31148,19667,30836,29155,17174,25481,37085,42416,43599,25553,29196,24347,31151,24868,35437,49603,43732,30501,30810,28621,33416,17320,26466,29499
32381,30628,32640,25179,29614,9008.4,20120,31412,23059,20761,34466,29339,22799,28604,30807,18651,25558,36329,39143,40606,29525,31897,24541,32169,28171,35310,48202,43717,35555,31842,33292,28012,11992,28300,28038,27421,33751,37319,26545,27063,12332,17574,28147,21113,20247,24789,31369,19631,30966,29079,16693,25494,37392,42546,43615,25628,29232,24437,31169,24916,35880,50256,44134,30407,30944,28726,33333,17346,26651,29692
32311,30404,32706,24852,29571,9000.7,20228,31633,23244,20710,34575,29324,22955,28597,30987,18926,25517,36349,39109,40622,29395,31811,24483,32126,28092,35294,47827,43562,35634,31862,33288,27729,11851,28120,28053,27325,33564,37153,26363,26973,12417,17657,28174,21252,20178,24822,31350,19666,30990,29079,16921,25483,37254,42528,43441,25408,29173,24374,31127,24868,35933,49721,43803,30428,30923,28592,33210,17171,26542,29645
32079,30309,32976,24904,29702,9346.3,20264,31439,23274,20696,34547,29357,22692,28623,30780,18991,25447,35976,39064,40407,29305,31672,24456,32067,27948,35090,47764,43464,35333,31676,33262,26940,12158,28034,27885,27273,33621,37267,26361,27088,12666,17799,28061,21253,20150,24728,31328,19481,31028,29049,16972,25357,37072,42594,43360,25521,29078,24339,31069,24789,35690,49758,43694,30095,30808,28693,32893,17486,26518,29552
32093,30403,32855,25028,29699,8860.7,20126,31363,22994,20726,34614,29178,22893,28490,30698,18718,25464,36159,38963,40419,29445,31735,24535,32144,27866,35068,47844,43515,35319,31774,33261,27655,11939,28352,27867,27423,33680,37367,26353,27066,12217,17558,28080,21047,20215,24901,31232,19625,30863,28961,16755,25449,37184,42265,43382,25603,29179,24399,31208,24735,35519,49857,43827,30220,30844,28663,33280,17293,26789,29562
32038,30346,32932,24950,29553,9072.8,20209,31073,23207,20535,34440,29390,22787,28700,30784,18754,25288,35861,39129,40247,29310,31508,24423,31962,27698,35362,47961,43523,34987,31713,33037,26712,11972,27994,27893,27250,33568,37191,26273,26839,12594,17709,27805,21312,20041,24742,31412,19585,31168,29151,16864,25287,36999,42695,43417,25449,28952,24307,31045,24593,35946,49782,43695,29915,30798,28508,32887,17316,26549,29549
31955,30205,32708,24966,29766,8751.1,20060,31559,22816,20613,34407,29150,22848,28587,30583,18688,25424,35848,38849,40166,29383,31704,24599,31980,28040,35215,47694,43394,35612,31755,33363,27761,11765,27927,27864,27343,33550,37229,26285,27152,12158,17491,28242,20943,20170,24753,31359,19624,31055,28998,16747,25409,37054,42345,43388,25574,29103,24489,31095,24886,35911,49697,43821,30494,31076,28790,32883,17152,26291,29464
32035,30358,32865,25069,29714,9055.2,20213,31452,22961,20706,34548,29099,22977,28443,30668,18868,25556,35965,38757,40219,29490,31923,24582,32195,27947,35102,47630,43383,35417,31722,33431,27941,11907,28368,27891,27404,33532,37188,26276,27052,12339,17625,28032,21090,20152,24875,31220,19672,30902,29071,16886,25564,37060,42215,43296,25596,29234,24443,31241,24803,35659,49702,43760,30297,30939,28742,32908,17188,26669,29511
32014,30338,32676,25037,29612,9211.9,20250,31221,23005,20615,34507,29079,22980,28418,30783,18894,25455,35938,38794,40310,29407,31748,24534,32041,27842,35189,47726,43410,35361,31755,33191,27253,12073,28162,27900,27354,33571,37039,26231,27054,12559,17658,27921,21159,20080,24837,31203,19719,30875,29253,16970,25407,37038,42149,43423,25529,29176,24317,31154,24715,35734,49652,43643,30257,30971,28583,33018,17269,26744,29600
32109,30333,32690,25058,29685,8945.3,20236,31379,22891,20679,34564,29127,23135,28568,30783,18930,25516,36057,38858,40357,29385,31846,24715,32074,28086,35265,47817,43573,35681,31976,33356,27786,11774,28099,27940,27503,33635,37300,26469,27148,12464,17598,28174,21042,20231,24885,31248,19809,31019,29199,16960,25440,37248,42178,43644,25534,29225,24550,31166,24888,35837,49850,43931,30553,31198,28754,33260,17101,26511,29633
32096,30569,32951,25119,29847,8965.1,20161,31641,22907,20685,34594,29173,22877,28627,30605,18769,25572,36007,38792,40211,29493,31914,24678,32172,28025,35260,47821,43512,35538,31868,33580,27581,11931,28319,27915,27333,33755,37275,26375,27220,12252,17617,28136,21046,20178,24848,31275,19627,31045,28945,16800,25584,37071,42015,43237,25664,29184,24536,31186,24862,35810,49785,43833,30353,30941,28832,33311,17244,26552,29530
32127,30618,32904,25128,29654,9263.2,20332,31227,23203,20628,34661,29292,23056,28673,30872,18967,25437,35954,38962,40292,29502,31706,24412,32056,27824,35398,48028,43598,35280,31955,33227,26827,12082,28431,27949,27395,33637,37109,26365,27008,12676,17811,27851,21262,20043,24915,31318,19778,31073,29236,17033,25407,37047,42395,43399,25596,29066,24253,31053,24684,35903,49855,43689,30099,30918,28533,33155,17563,26759,29649
32121,30316,32774,25001,29538,9080.5,20465,31276,23064,20707,34604,29140,23180,28487,30889,19130,25585,35938,38824,40305,29320,31859,24513,32116,28052,35242,47844,43501,35673,31990,33240,27544,11762,28215,27995,27420,33477,37199,26306,27026,12630,17744,28078,21164,20135,24839,31207,19814,30953,29239,17120,25505,37125,42150,43496,25384,29204,24379,31141,24841,35783,49737,43760,30574,31072,28594,33104,17029,26579,29657
32054,30287,32768,24895,29645,9549.8,20492,31669,23111,20693,34537,28933,22903,28317,30730,18979,25526,35791,38237,39851,29348,31796,24526,32050,27938,35078,47366,43387,35434,31818,33453,28717,12020,28047,27827,27234,33649,37258,26127,27076,12634,17766,28143,21237,20161,24903,30939,19654,30738,28994,16937,25509,36836,41619,42830,25479,29072,24404,31052,24778,35639,49418,43719,30311,30871,28727,33471,17060,26248,29332
32042,30369,32814,24978,29686,9382.3,20346,31232,23168,20635,34726,29235,22907,28652,30747,19013,25362,35788,38850,40060,29480,31742,24394,32043,27780,35238,47848,43555,35316,31878,33296,26912,12088,28270,27832,27303,33588,37179,26301,27058,12789,17842,27907,21266,20084,25000,31272,19669,31041,29055,17009,25320,36860,42535,43244,25626,29135,24248,31087,24623,35843,49773,43732,30166,30805,28698,32921,17390,26644,29472
32144,30230,32858,25026,29697,9168.8,20341,31411,23148,20716,34618,29137,23056,28500,30773,18992,25561,35904,38859,40325,29424,31915,24580,32161,28095,35118,47816,43543,35702,31848,33434,27536,11829,28334,27932,27418,33517,37311,26361,27105,12564,17772,28114,21218,20191,24822,31191,19741,30886,29087,17044,25508,37061,42294,43440,25523,29223,24401,31175,24887,35664,49864,43902,30531,30924,28724,33105,17193,26790,29640
32114,30316,32985,24967,29888,9002.5,20242,31687,22972,20682,34549,29152,22913,28618,30627,18820,25563,35952,38799,40344,29497,31923,24613,32164,28101,35292,47761,43508,35575,31708,33471,27617,11801,28085,27888,27267,33625,37346,26316,27215,12262,17618,28172,21089,20169,24794,31283,19604,31063,28931,16797,25587,37042,42256,43263,25623,29217,24463,31212,24928,35924,49789,43869,30444,30860,28688,33213,16983,26318,29461
32119,30488,33034,25021,29757,9120.4,20272,31410,23090,20686,34688,29262,22955,28796,30748,18939,25354,35983,38921,40284,29465,31714,24464,32083,27863,35426,47963,43680,35278,31813,33225,26907,11920,28237,27874,27294,33659,37328,26381,27124,12520,17699,27938,21161,20093,24954,31310,19661,31196,29071,16964,25332,37093,42242,43196,25647,29138,24347,31102,24691,36083,49837,43864,30085,30834,28653,33119,17313,26573,29503
32180,30495,32999,25073,29543,9047.8,20319,31350,23070,20779,34633,29203,23070,28757,30788,18953,25602,36118,38873,40472,29391,31918,24547,32247,28095,35254,48104,43831,35636,31856,33226,27505,11766,28336,27907,27390,33615,37386,26386,26973,12452,17713,27931,21077,20210,24787,31155,19757,31154,29040,16917,25558,37194,41942,43299,25465,29200,24479,31206,24842,35698,50068,44101,30448,30936,28599,33307,17155,26821,29581
32166,30486,33117,24985,29771,8998.4,20259,31638,23022,20731,34452,29197,22807,28749,30724,18789,25575,36038,38859,40342,29451,31902,24606,32220,28098,35318,48041,43786,35487,31673,33412,27241,11759,28052,27884,27258,33644,37463,26293,27111,12310,17590,28055,21085,20187,24682,31246,19565,31140,28941,16750,25612,37026,41958,43021,25548,29165,24550,31249,24923,35872,49796,44070,30364,30802,28706,32747,17058,26468,29438
32074,30457,33048,24992,29774,9062.4,20245,31383,23142,20666,34683,29358,22894,28841,30800,18985,25390,36036,39098,40388,29380,31701,24500,32106,27842,35372,48065,43653,35281,31840,33345,27274,11906,28181,27926,27267,33623,37239,26410,27147,12456,17632,27941,21155,20107,24918,31282,19628,31216,29046,16963,25320,37117,42228,43272,25606,29066,24363,31078,24701,35909,49854,43801,30090,30805,28727,32980,17330,26555,29491
32229,30457,32946,25123,29594,9087.4,20346,31419,23219,20662,34684,29319,23019,28766,30896,19000,25622,36214,39180,40515,29491,31970,24481,32269,28066,35220,48096,43591,35707,31975,33470,27446,11753,28270,27983,27394,33544,37168,26405,26971,12510,17704,28010,21122,20132,24852,31280,19726,31150,29101,16932,25572,37243,42321,43530,25553,29168,24407,31192,24856,35674,49836,43863,30500,31008,28727,33454,17154,26734,29598
32192,30388,32865,25011,29594,8995.3,20246,31536,23158,20550,34410,29323,22816,28619,30799,18714,25497,36128,39187,40479,29344,31784,24524,32133,27940,35247,48014,43578,35450,31757,33404,27165,12043,28127,27933,27293,33462,37259,26258,26945,12296,17607,28011,21140,20070,24680,31389,19543,31027,29075,16775,25501,37160,42488,43335,25452,29109,24412,31176,24792,35779,49822,43939,30303,30910,28654,32722,17380,26622,29568
32181,30243,33116,24998,29770,9088.2,20193,31542,23159,20509,34393,29378,22730,28537,30726,18750,25651,36008,39197,40446,29357,31924,24616,32263,28104,35162,48052,43695,35678,31642,33554,26361,12072,28011,27919,27251,33590,37471,26332,27162,12692,17558,28121,21109,20075,24642,31373,19497,31073,28996,16796,25631,37108,42533,43201,25541,29173,24587,31227,24919,35806,49786,44010,30439,30782,28826,32314,17326,26485,29512
32186,30329,32919,25038,29833,8978.1,20235,31488,23030,20649,34652,29279,22967,28577,30755,18728,25498,36061,38984,40325,29588,31809,24644,32164,27917,35172,47860,43639,35432,31832,33386,27427,11985,28110,27878,27294,33721,37427,26440,27190,12268,17604,28104,21101,20174,24878,31363,19711,31012,29009,16762,25479,37084,42434,43280,25765,29198,24549,31189,24780,35777,49809,44026,30309,30891,28819,32827,17505,26476,29411
32196,30428,32824,25007,29780,9225.8,20292,31246,23205,20552,34668,29290,23047,28512,30825,18833,25468,36040,38993,40343,29583,31776,24490,32133,27813,35038,47955,43458,35415,31844,33388,26750,12099,28352,27858,27425,33693,37278,26251,27179,12601,17711,28054,21190,20074,24896,31245,19747,31025,29138,16837,25403,37188,42471,43306,25766,29050,24414,31100,24694,35563,49903,43841,30236,30791,28739,32557,17478,26642,29557
32059,30329,32849,24954,29740,8809.2,20135,31277,22916,20594,34689,29044,23130,28326,30646,18795,25446,36097,38792,40330,29605,31744,24542,32177,27773,35024,47860,43629,35321,31766,33304,27573,11815,28245,27911,27444,33758,37476,26337,27063,12187,17560,28040,21101,20126,24948,31211,19816,30773,28989,16859,25439,37354,42183,43504,25719,29139,24435,31213,24656,35715,50095,43979,30198,30875,28644,32795,17091,26684,29629
32175,30357,32679,24934,29778,9074.5,20204,31327,23112,20591,34631,29296,23058,28516,30790,18893,25407,36006,39095,40373,29550,31716,24555,32073,27933,35205,47887,43364,35560,31770,33369,27058,11968,27987,27904,27363,33665,37279,26380,27191,12535,17611,28184,21220,20143,24913,31362,19766,31058,29104,16910,25315,37230,42616,43457,25676,29072,24455,31069,24752,35840,49855,43752,30402,30924,28722,32704,17216,26450,29576
32107,30434,32987,24938,29714,8865,20166,31344,22985,20597,34745,29290,23010,28516,30760,18906,25465,36146,39185,40593,29536,31815,24461,32217,27839,35136,47977,43491,35475,31888,33318,27321,11842,28031,27893,27425,33738,37465,26359,27079,12346,17570,28133,21115,20106,25047,31363,19720,31030,29085,16921,25443,37406,42711,43700,25716,29161,24385,31228,24667,35745,50092,43769,30291,30960,28743,33006,17305,26397,29559
32146,30548,32824,24933,29575,8900.5,20159,31248,23018,20575,34619,29299,22915,28591,30758,18864,25434,36063,39034,40319,29446,31708,24281,32093,27781,35224,48001,43588,35383,31838,33120,27434,11968,28106,27903,27378,33649,37139,26288,26952,12336,17622,27931,21227,20016,24987,31400,19667,30988,29088,16864,25372,37198,42725,43433,25642,29100,24208,31130,24637,35813,50007,43830,30242,30985,28594,32838,17438,26615,29635
32221,30309,32807,24957,29592,9111.4,20340,31247,23166,20570,34498,29219,22944,28491,30942,18999,25652,36014,39183,40478,29436,31947,24392,32240,28044,35147,47857,43456,35722,31940,33270,27337,11960,28214,27935,27439,33459,37133,26245,26954,12671,17723,28030,21261,20058,24724,31282,19716,30881,29251,17052,25587,37138,42500,43585,25551,29209,24333,31206,24846,35736,49711,43777,30559,31081,28629,32991,17373,26698,29660
32096,30221,32680,24844,29649,8948.8,20133,31384,23031,20575,34449,29180,22874,28556,30745,18721,25535,35989,38930,40350,29374,31813,24494,32114,27926,35182,47742,43430,35532,31818,33274,28089,11937,27992,27798,27330,33608,37171,26200,27036,12310,17607,28132,21179,20084,24745,31324,19636,30944,29096,16771,25503,37059,42406,43244,25537,29166,24399,31137,24814,35790,49733,43812,30407,31024,28686,32919,17279,26383,29430
32088,30232,32922,24879,29777,9251.4,20177,31304,23103,20561,34464,29264,22774,28464,30681,18834,25517,35882,38888,40217,29388,31859,24526,32148,27923,35044,47885,43499,35517,31727,33404,26826,12168,28075,27821,27377,33755,37450,26313,27183,12664,17653,28174,21257,20076,24781,31300,19555,31028,29125,16857,25477,37113,42614,43175,25590,29187,24464,31145,24800,35758,49920,43898,30355,30908,28856,32451,17506,26448,29459
32071,30335,32810,24972,29749,8824.1,20130,31326,22858,20604,34519,29086,22848,28410,30586,18613,25448,36042,38696,40237,29425,31813,24554,32122,27826,34969,47757,43519,35334,31793,33320,28002,12012,28306,27791,27410,33809,37378,26307,27055,12207,17564,28063,21091,20143,24856,31271,19639,30894,28935,16644,25476,37187,42309,43171,25608,29191,24431,31179,24703,35514,49975,43949,30242,30891,28761,32925,17425,26755,29479
32137,30435,32689,24998,29660,8919.8,20197,31167,23006,20644,34539,29176,23042,28416,30759,18893,25437,36019,38884,40368,29410,31713,24454,32045,27842,35153,47912,43533,35380,31762,33213,27430,11956,28250,27874,27436,33643,37097,26355,27016,12482,17600,27930,21221,20093,24936,31278,19755,30869,29124,16984,25334,37290,42342,43432,25562,29082,24298,31094,24685,35769,50001,43804,30242,30879,28605,32805,17439,26795,29600
32083,30283,32791,25031,29716,8926.5,20220,31265,23036,20683,34567,29187,23023,28464,30835,18937,25530,36071,38975,40526,29490,31859,24521,32166,28016,35234,48029,43506,35571,31937,33371,27403,11867,28127,27985,27433,33519,37111,26380,27019,12462,17610,27981,21132,20174,24840,31285,19757,30913,29165,16940,25457,37308,42163,43689,25608,29157,24412,31147,24813,35822,49945,43775,30383,31105,28712,32745,17158,26460,29675
32016,30388,32755,24973,29664,8993.6,20165,31429,23011,20584,34461,29231,22762,28568,30673,18817,25511,35843,38927,40203,29274,31758,24581,32055,27963,35245,47783,43492,35451,31825,33338,27545,11993,28040,27881,27257,33593,37105,26305,27035,12271,17606,28038,21141,20064,24753,31345,19542,31009,29056,16780,25495,36975,42360,43277,25485,29084,24482,31030,24803,35894,49727,43799,30262,30960,28745,32718,17344,26438,29528
32078,30425,32963,25057,29601,9263.2,20173,31344,23086,20601,34380,29268,22718,28529,30744,18795,25587,35799,38900,40158,29215,31913,24557,32173,28056,35083,47862,43567,35668,31728,33443,26862,12074,28172,27789,27330,33578,37262,26275,27032,12715,17655,28096,21178,20065,24639,31279,19496,31039,29140,16861,25559,36992,42475,43203,25383,29123,24448,31136,24882,35663,49804,43906,30437,30914,28781,32462,17516,26715,29519
32060,30327,32850,25046,29628,8867.5,20133,31566,22921,20647,34289,29162,22785,28587,30725,18634,25508,35974,38961,40353,29283,31813,24573,32101,27952,35309,47848,43560,35414,31719,33359,27825,11936,28156,27856,27285,33566,37299,26239,26979,12244,17528,28061,21055,20157,24620,31337,19561,30987,29025,16714,25507,37051,42171,43178,25422,29130,24416,31169,24814,35886,49848,43980,30278,30885,28698,32794,17151,26642,29513
31983,30309,32957,24931,29643,9126.9,20181,31328,23105,20643,34510,29320,22901,28676,30814,18984,25389,35866,39037,40270,29226,31724,24476,32067,27859,35315,47901,43647,35282,31772,33203,27354,12035,28079,27830,27227,33560,37191,26312,27010,12642,17613,27943,21217,20098,24816,31354,19599,31115,29198,17012,25332,37036,42385,43352,25446,29083,24340,31055,24709,35969,49863,43859,30117,30846,28569,32915,17384,26567,29400
32078,30453,32905,25075,29710,8992.2,20163,31434,22975,20711,34526,29170,22906,28575,30740,18921,25615,35990,38866,40301,29332,31908,24596,32187,28172,35252,47861,43702,35673,31839,33283,27417,11836,28161,27857,27338,33696,37330,26365,27084,12492,17617,28156,21075,20218,24805,31226,19614,31004,29112,16931,25552,37051,42190,43305,25474,29204,24516,31146,24975,35951,49894,44041,30483,30955,28727,33201,17331,26620,29427
32050,30505,32958,25070,29663,8927.8,20113,31491,22932,20707,34281,29191,22697,28715,30680,18666,25444,35954,38858,40123,29277,31739,24583,32071,28001,35289,47882,43657,35352,31628,33235,27624,12046,28149,27797,27271,33646,37393,26292,26978,12249,17554,28072,21065,20161,24650,31300,19482,30997,29012,16683,25466,36918,42346,42929,25397,29132,24464,31136,24849,35773,49841,43998,30235,30770,28626,32635,17470,26698,29468
31949,30465,32878,25014,29584,8978.3,20187,31310,23078,20714,34442,29255,22849,28596,30736,18904,25353,35932,38952,40291,29223,31604,24547,31986,27866,35285,47997,43647,35267,31641,33187,27461,11913,28103,27840,27284,33580,37153,26319,27001,12579,17600,27981,21168,20139,24819,31291,19607,31053,29115,16941,25285,37010,42309,43224,25432,29004,24360,30976,24706,35857,49885,43801,30108,30761,28525,32860,17193,26575,29442
32003,30343,32952,24953,29632,8977.5,20255,31300,23148,20599,34553,29308,22918,28629,30815,18951,25510,36010,39045,40397,29338,31805,24409,32142,27889,35274,48070,43521,35448,31839,33248,27429,11937,27979,27896,27299,33583,37115,26229,26952,12390,17627,27957,21186,20045,24845,31282,19641,31050,29164,16993,25443,37081,42358,43532,25532,29075,24243,31068,24705,35871,49879,43695,30234,30944,28610,33246,17253,26294,29488
32030,30390,32811,24893,29483,8956.5,20171,31212,23048,20459,34309,29313,22748,28692,30676,18768,25470,35903,38947,40152,29261,31718,24329,32100,27818,35200,48010,43493,35289,31750,33128,27257,12057,28076,27850,27280,33573,37091,26133,26774,12351,17662,27864,21211,19888,24692,31350,19541,31078,29034,16789,25446,37021,42460,43184,25409,29066,24174,31082,24616,35740,49823,43728,30157,30844,28557,32637,17458,26551,29554
32091,30271,32983,24898,29611,9087.4,20116,31348,22972,20591,34278,29181,22762,28505,30604,18824,25611,35854,38890,40335,29169,31921,24599,32233,28101,35075,47875,43659,35731,31628,33340,27017,11793,27961,27838,27355,33674,37468,26263,27068,12617,17546,28165,21108,20064,24635,31231,19525,30947,29036,16857,25575,37153,42331,43271,25373,29221,24530,31234,24865,35671,49893,44000,30556,30847,28765,32670,17160,26519,29525
32048,30368,33004,24917,29755,8936.5,20126,31518,22826,20748,34421,29101,22828,28612,30595,18715,25480,35947,38742,40405,29388,31793,24614,32135,27913,35226,47832,43678,35281,31737,33317,27650,11949,28028,27786,27339,33747,37391,26321,27084,12216,17537,28075,21027,20172,24776,31242,19578,30916,28953,16715,25489,37126,42141,43264,25595,29145,24492,31165,24738,35792,49890,43986,30188,30897,28722,32562,17286,26214,29371
32123,30580,32785,25018,29611,8984.7,20177,31307,22992,20740,34502,29245,22937,28689,30735,18860,25414,36022,38835,40284,29479,31708,24428,32037,27853,35334,48016,43619,35314,31749,33141,27097,11978,28359,27853,27402,33689,37094,26317,26999,12539,17639,27994,21122,20142,24944,31276,19683,31035,29086,16887,25350,37123,42347,43124,25611,29076,24284,31076,24654,35879,49989,43850,30178,30870,28577,32536,17385,26607,29549
32140,30401,32755,25040,29539,8881.7,20212,31287,22996,20762,34541,29171,23024,28610,30822,18944,25549,36095,38975,40480,29491,31805,24457,32107,28000,35335,48084,43597,35466,31856,33119,27610,11732,28254,27986,27453,33629,37084,26379,26908,12382,17587,27966,21146,20193,24868,31236,19752,31019,29224,16975,25480,37239,42234,43530,25506,29142,24323,31141,24749,35957,50096,43869,30332,31005,28577,33401,17072,26712,29650
32117,30319,32827,24868,29437,8956.5,20118,31313,23031,20648,34248,29343,22693,28758,30749,18729,25440,35898,39064,40292,29292,31654,24455,31977,27840,35396,47998,43572,35198,31692,33063,27094,11929,27889,27831,27252,33599,37260,26236,26844,12259,17585,27951,21177,20095,24598,31451,19489,31223,29101,16787,25421,36917,42516,43168,25382,29126,24327,31100,24673,36064,49754,43861,30153,30917,28647,32463,17291,26285,29446
32073,30413,32850,24909,29532,9118.3,20172,31193,23105,20651,34500,29207,22908,28562,30788,18931,25389,35907,38889,40209,29274,31622,24425,31974,27797,35050,47703,43516,35287,31751,33028,27313,12015,28278,27715,27309,33623,37158,26264,26998,12594,17657,27984,21130,20128,24862,31222,19630,31032,29087,16940,25333,36991,42319,43138,25531,28998,24250,31016,24645,35545,49852,43736,30142,30787,28551,32866,17471,26609,29403
32026,30303,32828,24910,29595,8892.6,20115,31269,22979,20641,34431,29077,22865,28484,30731,18814,25578,36014,38998,40402,29353,31798,24489,32130,28011,35118,47862,43570,35590,31700,33175,27695,11838,28092,27804,27310,33596,37239,26237,27004,12344,17530,28105,21075,20170,24765,31149,19603,30837,29099,16892,25516,37128,42232,43502,25522,29145,24342,31150,24800,35751,49910,43838,30414,30927,28642,33123,17019,26499,29494
31934,30184,32759,24773,29569,8924.7,20044,31301,22936,20533,34285,29189,22694,28558,30571,18707,25478,35729,39001,40106,29211,31679,24544,32008,27909,35186,47645,43528,35377,31561,33196,27296,11898,27733,27728,27161,33576,37319,26177,26982,12304,17551,28084,21153,20075,24697,31331,19478,30987,29014,16738,25449,36915,42657,43213,25413,29116,24415,31095,24768,35883,49675,43821,30275,30928,28717,32430,17239,26191,29347
31938,30225,32845,24891,29578,9203,20098,31091,23034,20450,34283,29217,22633,28562,30566,18720,25539,35695,38801,39987,29303,31846,24481,32115,27890,35035,47720,43410,35501,31558,33318,26640,12136,28052,27727,27252,33639,37290,26227,26999,12587,17645,28027,21202,20029,24661,31293,19479,31015,29060,16798,25479,36980,42662,43122,25483,29154,24394,31146,24763,35739,49730,43748,30322,30806,28778,32127,17461,26486,29425
31929,30304,32968,25011,29639,8750.9,20033,31459,22837,20517,34219,29168,22684,28481,30522,18520,25598,35988,38809,40243,29321,31797,24528,32122,27967,35129,47922,43534,35549,31612,33376,27559,12004,28137,27821,27309,33695,37484,26201,27021,12065,17483,28157,21054,20045,24676,31357,19517,30916,29005,16659,25534,37161,42389,43245,25497,29095,24424,31115,24816,35657,49982,43951,30346,30923,28739,32342,17244,26631,29514
31901,30189,32926,24810,29540,9033.4,20210,31213,23005,20475,34343,29283,22837,28422,30611,18886,25518,35904,39029,40416,29264,31768,24398,32119,27868,35102,48119,43585,35367,31633,33158,26673,12001,27927,27844,27222,33623,37290,26222,26864,12523,17599,27971,21196,19939,24653,31367,19561,30992,29057,16888,25480,37173,42732,43482,25462,29115,24320,31179,24712,35759,50046,43824,30269,30761,28594,32261,17345,26460,29482
31992,30301,32751,24946,29804,9121.3,20242,31377,23187,20587,34741,29227,23062,28413,30796,19087,25461,35937,38877,40288,29455,31760,24674,32102,27927,34968,47758,43434,35616,31870,33460,27284,11848,28181,27870,27368,33681,37161,26412,27233,12677,17677,28157,21208,20099,24926,31250,19733,30911,29128,17109,25412,37206,42451,43328,25694,29073,24503,31098,24775,35695,49875,43745,30361,30860,28798,32728,17274,26576,29477
32109,30638,32717,25211,29727,8962.3,20206,31287,22937,20603,34523,29200,22914,28392,30601,18767,25769,36175,38746,40431,29432,32037,24724,32312,28240,35078,47912,43560,35923,31893,33530,27104,11882,28504,27959,27516,33744,37264,26551,27143,12402,17653,28164,21093,20166,24789,31286,19677,30891,28985,16815,25677,37383,42369,43396,25608,29244,24643,31285,24992,35683,50108,43967,30674,31038,28912,32549,17436,26878,29667
32035,30395,32731,24984,29592,8777.7,20077,31390,22858,20538,34303,29151,22819,28438,30582,18662,25556,36032,38790,40323,29255,31826,24559,32134,28011,35155,47802,43487,35617,31714,33409,27497,11885,28209,27925,27372,33611,37351,26302,27020,12241,17526,28161,21076,20074,24667,31397,19570,30898,28956,16723,25539,37281,42454,43189,25411,29157,24441,31212,24829,35766,49952,43897,30421,31009,28790,32334,17143,26820,29637
32041,30268,32890,24922,29560,9136.7,20349,31220,23304,20625,34479,29384,22918,28532,30809,19115,25348,35813,38934,40264,29281,31623,24406,31999,27832,35171,47823,43502,35230,31770,33184,27383,12196,28097,27883,27281,33538,37157,26333,26967,12700,17747,27961,21349,20072,24747,31391,19609,31091,29220,17054,25305,37039,42629,43372,25455,29053,24260,31009,24690,35840,49784,43694,30090,30859,28625,32767,17442,26628,29462
32085,30410,32762,25022,29753,9037.4,20337,31349,23136,20774,34658,29264,22987,28564,30792,19144,25430,35927,38974,40466,29291,31655,24590,32020,28060,35246,47707,43440,35506,31889,33209,27465,11962,28174,27893,27402,33556,37147,26466,27232,12514,17775,28120,21236,20281,24854,31376,19704,31102,29254,17081,25328,37142,42563,43727,25561,29042,24505,31005,24868,35935,49925,43782,30298,30963,28689,33017,17397,26529,29496
32115,30640,32573,25166,29714,8913.1,20081,31247,22915,20662,34435,29277,22790,28688,30691,18761,25496,36123,39014,40417,29448,31697,24564,32035,28020,35210,48031,43459,35365,31836,33290,27420,11969,28336,27903,27431,33692,37119,26422,27078,12364,17619,28117,21128,20187,24752,31424,19597,31153,29167,16819,25442,37277,42603,43502,25646,29048,24458,31066,24833,35807,50059,43888,30261,31004,28807,32617,17500,26735,29675
32032,30429,32741,25002,29514,8913,20138,31343,23093,20498,34334,29246,22839,28533,30694,18800,25466,35969,38951,40268,29313,31709,24469,32048,27929,35249,47965,43577,35472,31673,33276,27167,11920,28171,27880,27246,33589,37174,26235,26839,12393,17600,28010,21247,19966,24641,31314,19566,30968,29063,16852,25493,37053,42490,43213,25410,29082,24309,31122,24756,35788,49795,43878,30341,30842,28659,32412,17320,26664,29575
31993,30384,32732,25019,29708,9047.9,20212,31289,23087,20628,34453,29239,22912,28493,30634,19000,25394,35891,38832,40310,29267,31607,24638,31986,27962,35228,47850,43461,35435,31737,33351,26978,12099,28097,27926,27296,33599,37320,26405,27188,12574,17657,28144,21204,20144,24727,31342,19657,30999,29042,16980,25321,37143,42391,43208,25498,29013,24521,31024,24822,35807,49928,43888,30285,30892,28815,32390,17272,26555,29556
31966,30325,33072,24983,29739,8875.4,20134,31447,23101,20680,34654,29301,22892,28535,30725,18963,25462,36003,39113,40424,29459,31807,24518,32175,27927,35213,47927,43548,35459,31868,33447,27557,11902,28102,27938,27333,33574,37399,26390,27053,12315,17558,28119,21160,20168,24916,31407,19627,31062,29102,16944,25462,37180,42547,43572,25651,29155,24388,31174,24765,35798,49999,43810,30246,30946,28799,32922,17300,26366,29518
32101,30488,32832,25022,29555,8843.4,20119,31271,23002,20620,34492,29338,22794,28773,30710,18795,25467,36009,39001,40280,29344,31747,24373,32094,27860,35420,47971,43659,35379,31820,33184,27345,11930,28181,27903,27312,33590,37116,26307,26918,12324,17595,27883,21213,20037,24831,31500,19565,31171,29075,16852,25405,37059,42664,43320,25521,29092,24206,31113,24685,35964,49931,43899,30204,30985,28617,32708,17393,26559,29660
32053,30321,32934,24976,29509,9146.2,20245,31192,23236,20556,34439,29349,22700,28772,30822,18940,25663,35913,39158,40413,29262,31884,24363,32188,27986,35314,47930,43655,35632,31701,33156,27553,11967,28127,27890,27244,33430,37079,26294,26880,12698,17671,27893,21283,19959,24663,31380,19497,31144,29244,17013,25602,36939,42600,43558,25447,29176,24223,31196,24775,35956,49792,43853,30456,30893,28606,33204,17470,26629,29615
32019,30298,32809,24874,29673,9050,20184,31386,23115,20525,34495,29321,22777,28709,30699,18783,25746,35912,39091,40271,29355,31862,24573,32173,28036,35274,47674,43578,35671,31669,33238,27446,12010,27889,27802,27208,33504,37103,26284,27060,12376,17635,28024,21230,20018,24774,31393,19553,31066,29109,16761,25643,36898,42508,43209,25586,29213,24372,31169,24855,35914,49570,43822,30485,30905,28638,32416,17262,26204,29381
32140,30424,33078,24989,29834,9158.1,20196,31394,23043,20591,34542,29234,22740,28579,30583,18792,25678,35896,38848,40252,29376,31964,24729,32313,28066,35143,47783,43728,35739,31663,33446,26753,11973,27986,27855,27320,33767,37581,26402,27291,12694,17635,28231,21173,20158,24795,31285,19536,31037,29028,16867,25678,37117,42421,43134,25620,29286,24660,31278,24929,35778,49869,44073,30572,30878,28890,32293,17393,26282,29465
32191,30510,33064,25059,29794,8787.4,20104,31478,22793,20611,34478,29198,22788,28565,30597,18552,25622,36132,38947,40424,29483,31877,24632,32248,27961,35163,47975,43724,35525,31767,33362,27463,11993,28203,27908,27334,33826,37582,26345,27178,12123,17511,28119,21013,20143,24781,31327,19573,30981,28889,16608,25600,37263,42334,43206,25662,29216,24517,31232,24811,35723,50051,44057,30321,30932,28790,32341,17337,26678,29575
32172,30504,32709,25013,29820,8939.8,20172,31309,23055,20580,34670,29190,22994,28493,30848,18889,25539,36024,39095,40408,29476,31796,24460,32101,27970,35221,47828,43459,35673,31914,33240,27706,11900,28270,27902,27442,33597,37078,26356,27212,12380,17561,28096,21143,20055,24950,31236,19712,30954,29179,16950,25442,37129,42399,43511,25662,29142,24347,31104,24805,35802,49901,43695,30466,30968,28571,33070,17300,26721,29622
32239,30508,32644,25072,29767,9071.7,20275,31357,23085,20613,34528,29201,22980,28561,30890,18948,25641,36076,39031,40550,29407,31851,24563,32128,28154,35271,48004,43425,35751,32015,33324,27251,11890,28194,27970,27507,33633,37128,26377,27135,12651,17673,28148,21212,20140,24770,31302,19687,30986,29296,16957,25496,37178,42475,43608,25511,29175,24492,31105,24943,35904,49853,43778,30605,31196,28674,32554,17067,26458,29681
32117,30499,32863,25051,29705,8907.5,20090,31450,22996,20609,34392,29377,22705,28681,30672,18687,25593,35982,39185,40311,29316,31788,24665,32140,28057,35384,48093,43743,35572,31814,33332,27315,12020,27963,27872,27280,33702,37426,26300,27073,12265,17532,28171,21126,20142,24654,31419,19491,31119,29078,16715,25530,37068,42830,43425,25458,29258,24537,31162,24906,35911,49948,44067,30425,30981,28768,32324,17353,26311,29458
32029,30577,32841,25105,29888,9246.8,20235,31250,23159,20685,34723,29209,22898,28553,30723,18947,25395,35871,38842,40217,29433,31592,24526,31979,27957,35026,47777,43337,35439,31745,33252,27141,12156,28211,27779,27386,33741,37068,26377,27335,12711,17768,28079,21262,20152,24923,31289,19688,31018,29156,16984,25250,37129,42633,43363,25702,28948,24389,30930,24822,35482,49993,43653,30209,30846,28719,32281,17445,26716,29472
32093,30685,32740,25226,29756,8922.4,20205,31254,23073,20685,34566,29256,22885,28530,30759,18815,25385,36161,38963,40455,29496,31547,24470,31952,27914,35286,48300,43491,35215,31857,33297,27339,11981,28413,27950,27509,33781,37100,26481,27128,12404,17669,28102,21234,20156,24865,31344,19704,30971,29196,16911,25280,37353,42573,43651,25652,28933,24329,30940,24770,35817,50357,43824,30090,30973,28696,32798,17417,26736,29674
32066,30445,32625,24905,29449,8925.8,20064,31358,23029,20488,34340,29325,22735,28643,30785,18794,25390,36090,39130,40542,29138,31570,24418,31934,27875,35469,48239,43553,35389,31820,33190,27081,11823,28021,27950,27313,33584,37057,26228,26855,12402,17579,28075,21164,20005,24634,31470,19498,31079,29072,16861,25365,37221,42696,43566,25296,28928,24252,30939,24687,36037,50179,43844,30198,30922,28557,32420,17113,26380,29604
32053,30325,32818,24886,29599,9268.4,20267,31120,23195,20573,34393,29383,22714,28661,30730,19014,25293,35772,39023,40324,29162,31462,24493,31895,27834,35198,47743,43392,35173,31684,33086,27378,12215,27897,27863,27310,33611,37277,26366,27029,12732,17759,28096,21267,20076,24648,31412,19504,31196,29203,17010,25259,37127,42727,43523,25417,28974,24372,30960,24672,35909,50102,43774,30052,30900,28717,32666,17473,26338,29519
32048,30471,32961,24972,29653,8858.7,20084,31264,23032,20597,34413,29283,22760,28519,30609,18723,25496,35952,38889,40168,29346,31760,24462,32122,27953,35094,47838,43505,35479,31591,33296,27169,12043,28203,27799,27402,33657,37402,26313,27008,12374,17621,28159,21214,20074,24740,31359,19541,31013,29027,16816,25497,37156,42464,43315,25535,29182,24356,31165,24773,35586,50002,43829,30301,30808,28765,32597,17497,26699,29512
32104,30354,32829,24895,29459,8849.5,20139,31205,23061,20492,34354,29288,22741,28646,30690,18778,25469,35893,38881,40254,29221,31732,24357,32062,27877,35274,47996,43555,35483,31644,33180,27114,11929,28091,27889,27373,33583,37212,26248,26847,12380,17666,28020,21278,19957,24700,31416,19518,31038,29100,16869,25441,37099,42443,43376,25346,29089,24222,31116,24686,36004,49951,43770,30310,30853,28565,32356,17351,26531,29580
32007,30191,32624,24794,29454,9108.8,20367,31130,23220,20537,34478,29262,22874,28579,30772,19148,25467,35734,38884,40362,29111,31639,24438,31958,27914,35133,47662,43350,35525,31743,33004,27482,11955,27974,27899,27342,33502,37077,26383,26933,12744,17795,28073,21315,20046,24762,31359,19602,31090,29260,17115,25429,37055,42387,43661,25327,29044,24308,31024,24728,35883,49923,43674,30359,30955,28513,33010,17188,26298,29520
31968,30186,32766,24784,29557,8987.2,20181,31217,23033,20572,34346,29279,22756,28592,30598,18885,25636,35812,38859,40231,29212,31860,24474,32113,28079,35120,47812,43434,35701,31617,33148,27004,11965,27947,27789,27300,33573,37238,26279,26996,12440,17678,28179,21188,20064,24690,31372,19540,31115,29074,16933,25605,37057,42490,43314,25479,29182,24354,31140,24874,35914,49873,43750,30521,30864,28705,32552,17372,26301,29451
32017,30349,32769,24857,29503,8849.6,20054,31303,23008,20600,34353,29324,22732,28731,30611,18742,25471,35810,38852,40100,29254,31726,24414,32013,27876,35244,47919,43575,35387,31655,33118,27179,12010,28106,27779,27294,33555,37193,26234,26894,12325,17652,28034,21189,20045,24706,31463,19534,31144,29033,16811,25452,37029,42646,43236,25447,29118,24273,31083,24694,35877,49936,43869,30278,30810,28642,32409,17418,26550,29524
32062,30393,32898,24937,29714,9059.5,20117,31331,22994,20690,34374,29183,22814,28599,30657,18790,25568,35713,38701,40162,29301,31817,24627,32112,28106,35253,47753,43586,35582,31595,33300,27070,12006,28109,27801,27371,33603,37331,26349,27139,12677,17643,28146,21164,20179,24668,31290,19612,31054,29139,16847,25490,36978,42298,43182,25454,29139,24543,31108,24919,35860,49824,43965,30398,30764,28786,32376,17228,26524,29468
32014,30311,32819,24923,29732,8798.1,20058,31473,22914,20727,34519,29235,22860,28764,30600,18727,25420,35776,38752,40024,29372,31735,24658,32033,28004,35351,47687,43608,35392,31673,33286,27690,11985,28062,27793,27356,33598,37338,26350,27125,12166,17531,28178,21082,20250,24819,31405,19631,31104,29004,16790,25453,36969,42114,43090,25559,29249,24505,31159,24838,35985,49749,43977,30351,30867,28816,32400,17210,26297,29375
32054,30557,32765,25040,29529,8854.6,20065,31174,22965,20678,34477,29246,22857,28833,30656,18858,25454,35918,38853,40173,29365,31718,24436,32004,27869,35444,47891,43723,35352,31746,33112,27605,11848,28288,27872,27385,33651,37101,26380,26930,12368,17597,27903,21134,20110,24848,31354,19630,31157,29058,16892,25411,37092,42225,43240,25572,29111,24318,31127,24680,36030,50066,44001,30226,30916,28669,32666,17435,26597,29611
32137,30463,32727,25097,29542,8859.5,20221,31239,23011,20718,34495,29116,23044,28660,30774,18937,25644,36100,38936,40506,29497,31919,24505,32203,28040,35382,48013,43732,35588,31797,33208,27833,11816,28257,27936,27412,33563,37112,26415,26936,12363,17620,27950,21084,20161,24786,31211,19759,30985,29130,16965,25582,37230,41999,43558,25561,29198,24429,31225,24813,35843,50172,44075,30419,31033,28672,33144,17259,26821,29641
32055,30308,32887,24864,29562,8977,20186,31328,23065,20639,34363,29357,22760,28760,30701,18731,25524,35834,39031,40180,29329,31797,24559,32101,27941,35298,47764,43609,35345,31589,33256,27157,11946,27848,27792,27180,33462,37273,26274,26946,12331,17645,28018,21191,20121,24656,31414,19530,31167,29051,16800,25532,36890,42432,43161,25493,29221,24448,31191,24784,35912,49638,43925,30267,30810,28693,32863,17199,26356,29406
32012,30463,32699,24960,29744,9027.3,20175,31317,22961,20641,34510,29244,22799,28741,30644,18805,25417,35942,38949,40394,29343,31604,24519,31953,27958,35167,47728,43395,35478,31703,33152,27524,12037,28173,27773,27328,33580,37017,26337,27214,12518,17626,28102,21080,20123,24834,31323,19603,31121,29067,16898,25334,37078,42544,43277,25656,29014,24402,31017,24779,35790,49867,43753,30305,30851,28698,32639,17322,26541,29461
32113,30533,32680,25147,29692,8967.2,20166,31237,23072,20626,34500,29180,22869,28618,30773,18803,25551,36037,38919,40329,29526,31753,24520,32101,28001,35191,47921,43441,35490,31819,33332,27471,11923,28371,27855,27479,33615,37044,26384,27069,12471,17648,28077,21154,20135,24816,31296,19647,30989,29161,16898,25477,37184,42417,43463,25672,29116,24423,31140,24791,35688,49953,43784,30289,30971,28766,32410,17354,26807,29590
32061,30411,32676,24920,29480,8905.1,20069,31263,22964,20444,34243,29258,22705,28667,30662,18701,25516,35860,38980,40273,29238,31754,24479,32069,27945,35306,47972,43548,35480,31698,33290,27249,11940,28008,27862,27306,33590,37150,26272,26859,12375,17525,28033,21189,19967,24596,31428,19466,31061,29053,16768,25528,37062,42573,43362,25405,29156,24364,31136,24781,35920,49936,43866,30327,30863,28720,32424,17198,26501,29526
32029,30426,32815,24945,29665,9086.4,20225,31201,23073,20564,34449,29250,22835,28536,30656,18955,25410,35878,38817,40297,29297,31657,24549,32075,27900,35170,47781,43433,35417,31806,33191,27261,12047,27965,27877,27343,33697,37353,26377,27129,12650,17663,28104,21192,20089,24707,31377,19581,31079,29135,16997,25355,37165,42511,43520,25514,29068,24478,31077,24753,35841,50042,43846,30240,30992,28775,32485,17296,26433,29543
31901,30478,32904,24992,29620,8793.4,20084,31196,22923,20526,34366,29185,22704,28479,30578,18758,25542,35980,38910,40263,29283,31770,24425,32110,27905,35090,47933,43453,35421,31731,33180,27323,11895,28093,27782,27320,33687,37357,26281,26954,12305,17534,28084,21063,20044,24703,31318,19493,31023,28998,16851,25455,37162,42563,43486,25504,29114,24336,31140,24751,35730,50135,43793,30270,30923,28714,32768,17412,26600,29514
32102,30462,32800,24971,29527,8849.4,20180,31284,23064,20492,34311,29322,22767,28626,30710,18758,25525,35893,39077,40350,29237,31763,24383,32059,27918,35391,48054,43606,35417,31720,33164,27348,11935,28087,27875,27308,33572,37235,26266,26846,12269,17602,28086,21261,19972,24690,31456,19502,31027,29094,16849,25496,37070,42793,43448,25382,29159,24246,31142,24760,36011,50113,43887,30284,30939,28628,32372,17382,26560,29580
32019,30208,32815,24852,29662,8883.1,20145,31319,22979,20561,34398,29131,22781,28503,30657,18852,25525,35784,38938,40337,29233,31797,24552,32096,28019,35205,47740,43461,35607,31739,33265,27331,11886,28006,27856,27361,33573,37386,26309,27086,12542,17580,28237,21159,20134,24655,31336,19526,31022,29119,16893,25451,37089,42564,43592,25403,29127,24468,31146,24849,35937,50054,43920,30413,31008,28751,32401,17040,26424,29539
31914,30249,32791,24821,29667,8796.4,20071,31329,22868,20592,34387,29172,22818,28499,30553,18682,25404,35838,38898,40255,29341,31714,24535,32044,27874,35134,47679,43509,35323,31658,33231,27090,11968,28028,27755,27312,33594,37409,26250,27002,12178,17538,28076,21133,20149,24730,31363,19566,31011,28980,16732,25432,37133,42554,43345,25492,29203,24403,31193,24723,35914,49985,43913,30250,30921,28724,32413,17375,26357,29436
31970,30492,32652,24983,29609,8813,20061,31110,22886,20538,34489,29160,22846,28502,30575,18660,25417,35918,38716,40155,29433,31691,24431,32026,27810,35127,47891,43531,35437,31690,33149,27043,11895,28188,27785,27373,33640,37143,26255,26997,12346,17541,27956,21122,20010,24889,31323,19612,31005,29032,16769,25396,37168,42481,43236,25592,29118,24324,31154,24627,35796,50116,43880,30293,30915,28676,32247,17373,26638,29551
31997,30316,32518,24936,29585,8745.5,20188,31021,22878,20549,34536,29007,23057,28339,30641,18902,25460,36056,38851,40490,29439,31721,24413,32094,27830,35131,47752,43354,35425,31758,33039,27661,11669,28162,27951,27459,33620,37056,26334,26966,12283,17590,27944,21016,20055,24846,31196,19794,30878,29087,16901,25398,37339,42129,43664,25560,29129,24368,31203,24645,35733,50184,43811,30318,31062,28660,32796,17003,26731,29692
32002,30301,32792,24841,29655,8861.4,20112,31252,22941,20529,34409,29257,22836,28549,30583,18704,25568,35941,38952,40336,29418,31825,24503,32145,27953,35246,47757,43407,35549,31607,33307,27133,11935,27913,27884,27265,33611,37282,26268,27039,12240,17548,28085,21111,20062,24749,31400,19577,31087,28962,16710,25527,37166,42392,43227,25562,29198,24414,31204,24793,35998,49857,43791,30404,30935,28794,32545,17177,26342,29528
31954,30440,32683,24937,29541,9034.3,20184,31052,23015,20521,34393,29259,22813,28601,30616,18866,25401,35774,38917,40226,29284,31669,24460,31965,27834,35202,47721,43368,35367,31698,33180,27180,12055,28063,27849,27256,33648,37092,26334,26986,12504,17617,27956,21214,20047,24750,31372,19556,31112,29102,16899,25352,37018,42586,43284,25519,29086,24356,31047,24703,35875,49827,43655,30244,30892,28713,32465,17413,26592,29500
32052,30555,32652,25124,29632,8984.7,20235,31175,22951,20681,34461,29052,22970,28531,30644,18902,25476,35830,38653,40257,29322,31749,24561,32016,27983,35153,47603,43345,35530,31783,33217,27575,11891,28290,27854,27474,33640,37129,26372,27117,12472,17651,28122,21138,20177,24774,31245,19718,30973,29134,16930,25406,37095,42269,43426,25512,29121,24468,31090,24834,35753,49915,43774,30384,31041,28743,32419,17280,26919,29622
31998,30479,32791,25048,29657,8753.1,20061,31248,22829,20674,34330,29124,22842,28647,30574,18753,25539,35927,38835,40336,29348,31736,24578,32027,28016,35355,47926,43528,35411,31736,33208,27294,11777,28175,27936,27455,33570,37239,26321,27064,12176,17479,28110,21054,20142,24684,31370,19593,31105,29061,16822,25527,37268,42303,43584,25521,29153,24444,31130,24885,35971,50153,43879,30291,31025,28760,32930,17051,26716,29667
31876,30389,32855,24854,29435,8956.8,20098,31247,23003,20586,34169,29275,22658,28777,30631,18798,25458,35707,38832,40012,29072,31688,24471,31976,27939,35391,47775,43664,35291,31648,33075,27092,12009,27913,27757,27218,33537,37175,26227,26823,12396,17559,27956,21185,20058,24524,31384,19453,31167,29082,16845,25475,36804,42424,43257,25277,29095,24303,31043,24813,36048,49808,43839,30195,30909,28645,32535,17381,26480,29446
31977,30439,32837,25032,29749,9098.7,20140,31416,23025,20749,34473,29204,22803,28900,30678,18940,25383,35790,38850,40051,29259,31648,24564,31961,28016,35276,47642,43432,35437,31701,33229,27626,11950,28070,27725,27328,33605,37244,26304,27196,12478,17618,28154,21103,20254,24751,31317,19610,31200,29157,16935,25324,36919,42391,43227,25468,29059,24444,31015,24885,35877,49888,43769,30273,30972,28750,32546,17272,26617,29404
31955,30433,33038,25033,29790,8828.3,20108,31435,22983,20697,34443,29229,22875,28703,30706,18793,25550,36042,38952,40358,29422,31809,24476,32157,28046,35226,48007,43557,35528,31714,33313,27180,11974,28240,27874,27357,33547,37296,26297,27078,12225,17521,28048,21104,20106,24744,31273,19627,30993,29104,16891,25512,37134,42337,43400,25548,29167,24365,31170,24874,35723,50020,43798,30334,30882,28642,32522,17335,26711,29554
32012,30461,32827,24890,29534,8892,20093,31181,22960,20483,34286,29307,22769,28834,30693,18851,25486,36026,39124,40421,29271,31688,24431,32068,27921,35525,48167,43669,35407,31772,33096,27408,11822,27953,27888,27265,33602,37071,26249,26852,12255,17538,27883,21105,19931,24628,31423,19533,31130,29066,16861,25445,37033,42542,43470,25384,29091,24285,31082,24734,36135,50013,43819,30284,30967,28554,32197,16959,26354,29504
31951,30566,32893,24976,29747,9084.1,20155,31358,23006,20661,34585,29146,22790,28729,30576,18993,25497,35791,38854,40222,29248,31761,24637,32155,27972,35226,47700,43622,35585,31760,33268,27674,11876,28004,27827,27332,33706,37308,26300,27217,12634,17593,28029,21042,20170,24813,31240,19582,31091,29042,17004,25387,37031,42288,43461,25511,29129,24503,31153,24806,35793,49965,43923,30418,31008,28712,32141,17231,26319,29434
32191,30784,32749,25259,29839,8914.4,20132,31374,22896,20790,34508,29187,22842,28730,30608,18674,25647,36125,38806,40332,29679,31908,24599,32260,28190,35290,48049,43598,35743,31752,33378,27145,11854,28351,27910,27498,33743,37155,26422,27221,12240,17556,28118,20990,20239,24835,31281,19660,31097,29020,16743,25605,37162,42117,43217,25747,29268,24499,31217,24966,35804,49952,43941,30572,31040,28801,32597,17350,26824,29601
32170,30547,32802,24940,29531,8904.5,20169,31426,23000,20633,34237,29305,22795,28794,30803,18761,25529,36125,39090,40489,29422,31774,24475,32138,27995,35330,48058,43571,35434,31681,33214,27081,11868,28062,27873,27281,33622,37045,26228,26905,12287,17551,27951,21121,20078,24586,31332,19581,31101,29037,16819,25536,37042,42358,43175,25496,29119,24307,31097,24806,35908,49773,43768,30308,30886,28590,32627,17181,26658,29528
32042,30415,32973,24869,29608,9166.8,20220,31258,23119,20647,34520,29283,22818,28850,30788,18998,25291,36009,39050,40498,29266,31522,24448,31950,27790,35205,47944,43492,35176,31817,33108,27667,12026,28066,27842,27240,33621,37059,26267,27019,12672,17661,27857,21126,20099,24765,31314,19568,31121,29060,16973,25214,37056,42469,43357,25514,28944,24299,30905,24658,35788,49965,43606,29998,30813,28547,31915,17323,26515,29430
32114,30746,32863,25178,29791,8992.1,20278,31399,23086,20801,34836,29074,22983,28632,30769,19040,25452,36091,38838,40390,29402,31691,24653,32099,28003,35135,47800,43561,35484,31889,33279,27769,11794,28320,27904,27434,33618,37172,26421,27249,12458,17687,28047,21046,20328,24981,31149,19723,30877,29071,16995,25355,37236,42136,43446,25647,29104,24523,31090,24818,35604,50095,43837,30257,30947,28649,31899,17037,26788,29559
32140,30756,32713,25191,29684,8846.9,20191,31317,23047,20669,34520,29218,22800,28666,30667,18801,25635,36038,39030,40465,29375,31836,24640,32167,28170,35363,48016,43465,35627,31781,33338,27369,11830,28134,27985,27390,33661,37064,26492,27091,12262,17605,28080,21069,20190,24725,31268,19568,31010,29061,16847,25586,37230,42262,43405,25558,29110,24512,31136,24941,35923,50097,43850,30457,30946,28709,31955,17140,26562,29653
32093,30455,32699,24898,29457,8910.8,20190,31337,23166,20536,34411,29362,22796,28795,30711,18833,25448,35853,39016,40281,29286,31665,24516,31989,27896,35387,47870,43456,35348,31785,33250,27331,11897,27989,27922,27215,33542,37030,26310,26818,12312,17616,27981,21160,20069,24592,31359,19510,31129,29011,16855,25451,36946,42306,43220,25389,29005,24382,31019,24746,36000,49720,43806,30261,30916,28605,32485,17114,26255,29500
32154,30530,32837,25028,29712,9197.1,20201,31325,23020,20584,34503,29217,22781,28792,30588,18858,25487,35840,38835,40241,29320,31688,24576,32023,27943,35136,47799,43392,35371,31728,33327,26960,12048,28191,27806,27381,33673,37239,26313,27138,12605,17647,28108,21057,20130,24741,31279,19543,31105,28910,16808,25448,37068,42332,43020,25516,29009,24504,31088,24799,35740,49957,43866,30217,30839,28837,31535,17460,26516,29468
32119,30463,32822,25033,29686,8802.4,20184,31244,22991,20646,34626,29130,22954,28561,30645,18833,25459,35929,38736,40272,29408,31743,24521,32059,27855,35188,47787,43514,35312,31812,33232,27497,11930,28419,27930,27495,33648,37230,26446,27011,12117,17596,28004,21070,20194,24834,31202,19652,30950,28982,16864,25464,37223,41876,43263,25533,29116,24432,31153,24716,35708,50141,43927,30192,30911,28608,32899,17379,26770,29600
32141,30491,32624,24898,29559,8928.7,20235,31225,23072,20614,34523,29212,22959,28583,30702,18989,25427,35915,38844,40331,29302,31591,24497,31908,27895,35327,47711,43347,35384,31799,33118,27508,11855,28092,27942,27422,33662,37025,26390,27006,12400,17653,28013,21141,20160,24859,31328,19649,31043,29087,16942,25327,37196,42235,43342,25446,28943,24417,30984,24733,35965,49975,43735,30217,30964,28548,32066,17000,26563,29599
32199,30494,32642,24978,29610,9057.3,20358,31242,23089,20693,34571,29194,23006,28632,30791,19057,25449,36060,38989,40467,29381,31661,24504,32014,27907,35260,47844,43322,35298,31933,33137,27512,11813,28066,27960,27425,33709,37087,26407,27021,12485,17689,28032,21119,20202,24820,31328,19704,31064,29165,17000,25364,37290,42456,43611,25494,29001,24443,31037,24736,35997,50064,43732,30141,31115,28658,31925,17204,26511,29611
32149,30527,32791,24968,29628,8961,20097,31412,23055,20551,34469,29241,22743,28638,30661,18701,25566,35834,38848,40067,29338,31781,24524,32092,27969,35108,47787,43536,35540,31716,33260,27235,11967,28189,27816,27268,33638,37237,26328,26970,12286,17607,28006,21118,20085,24662,31315,19499,31099,28917,16756,25552,36943,42380,43038,25455,29117,24409,31103,24774,35682,49819,43966,30365,30753,28651,32862,17476,26590,29502
32039,30535,32886,24942,29586,9139.4,20336,31175,23277,20610,34687,29141,22941,28577,30761,19008,25469,35774,38845,40203,29370,31653,24432,31982,27857,35132,47635,43421,35406,31737,33146,27480,11998,28200,27819,27338,33524,37043,26310,26997,12553,17755,27858,21209,20055,24864,31168,19667,30908,29096,16992,25405,37007,42241,43337,25519,28964,24312,31022,24697,35644,49901,43678,30200,30827,28543,31694,17188,26618,29529
32098,30500,32702,24996,29711,8822.1,20185,31351,22995,20686,34577,29205,22925,28688,30659,18824,25610,35994,38979,40394,29450,31808,24569,32089,28095,35347,47943,43471,35629,31812,33259,27391,11814,27960,27861,27373,33583,36981,26341,27073,12339,17626,28061,21064,20158,24806,31299,19669,31036,29039,16837,25499,37130,42312,43454,25519,29070,24446,31075,24865,35971,49972,43778,30423,31066,28677,32028,17146,26269,29522
32087,30498,32755,24967,29608,8855.3,20082,31352,23031,20583,34533,29352,22808,28827,30663,18713,25528,35936,39114,40200,29388,31734,24545,32029,27861,35351,47969,43578,35406,31733,33286,27362,11910,28029,27805,27239,33601,37080,26271,26959,12240,17569,27928,21098,20058,24758,31347,19530,31157,28910,16753,25490,36927,42455,43139,25489,29053,24382,31070,24696,35933,49816,43900,30253,30845,28674,32968,17362,26428,29420
32090,30628,32728,25155,29759,9005.2,20229,31199,23073,20633,34673,29083,23072,28557,30653,18913,25511,35902,38747,40195,29445,31666,24615,32060,27943,35011,47667,43380,35512,31716,33273,27495,11981,28392,27834,27436,33631,37126,26359,27211,12449,17659,27980,21091,20136,24930,31133,19751,30782,28980,16897,25402,37143,42071,43109,25613,29026,24483,31087,24780,35508,49912,43749,30296,30810,28754,31805,17293,26812,29515
32056,30488,32596,25142,29701,8829.8,20199,31206,23046,20613,34494,29139,22953,28525,30666,18941,25495,36001,38860,40397,29418,31675,24510,32031,28008,35192,47946,43312,35435,31844,33261,27677,11742,28246,27991,27471,33617,36974,26463,27093,12282,17644,28047,21116,20128,24792,31296,19701,30946,29122,16888,25407,37360,42270,43543,25549,29041,24448,31064,24831,35810,50150,43702,30301,31134,28760,32140,16945,26589,29742
31868,30204,32789,24752,29498,8884.5,20084,31406,23042,20485,34294,29249,22700,28563,30504,18752,25589,35647,38783,40059,29107,31789,24488,32047,28002,35162,47611,43484,35605,31561,33238,27267,11894,27765,27765,27145,33441,37182,26205,26854,12290,17567,28077,21172,20022,24569,31350,19438,31055,28977,16791,25625,36890,42445,43202,25295,29228,24388,31165,24851,35792,49724,43816,30478,30841,28669,32673,17280,26266,29444
32082,30491,32862,25022,29704,9100.7,20158,31356,23086,20666,34495,29179,22840,28651,30675,18855,25424,35818,38824,40184,29264,31600,24575,31971,27999,35082,47735,43339,35324,31632,33266,27163,11995,28143,27754,27369,33552,37253,26310,27146,12670,17658,28131,21152,20193,24719,31316,19597,31051,29099,16873,25322,36999,42527,43161,25505,29028,24481,31052,24840,35583,49922,43794,30214,30804,28765,31778,17425,26696,29481
31997,30435,32857,24963,29656,8790.7,20101,31410,22986,20675,34526,29144,22884,28518,30706,18848,25341,35903,38923,40285,29343,31671,24454,32010,27865,35227,47802,43546,35323,31645,33223,27540,11886,28184,27838,27343,33553,37256,26360,26975,12325,17551,28021,21166,20110,24796,31343,19613,30952,29159,16923,25356,37171,42472,43475,25514,29076,24311,31111,24695,35771,50110,43897,30143,30850,28631,32762,17312,26703,29550
32073,30421,32923,24854,29486,8885.1,20185,31236,23110,20576,34536,29235,22910,28621,30723,18932,25317,35946,38892,40402,29233,31539,24319,31931,27739,35322,47877,43483,35212,31698,33101,27212,11968,27978,27837,27275,33549,37102,26281,26816,12444,17701,27866,21266,19995,24858,31373,19638,31051,29104,16935,25250,37170,42509,43418,25385,28946,24182,30976,24557,36010,50062,43754,30047,30886,28570,32209,17187,26567,29459
32138,30521,32768,24948,29641,8872.3,20287,31341,23008,20662,34658,29093,22950,28571,30702,19079,25514,36044,38895,40426,29229,31743,24513,32089,28025,35203,47597,43351,35579,31796,33195,27769,11795,28028,27861,27406,33560,37122,26391,27047,12417,17727,28112,21097,20147,24822,31279,19697,30959,29022,17036,25464,37272,42249,43511,25448,29135,24391,31163,24816,35855,50031,43775,30425,31004,28736,32170,17196,26625,29557
32295,30779,32767,25182,29809,8820.7,20194,31349,22960,20656,34532,29265,22847,28676,30700,18731,25611,36188,39028,40564,29487,31719,24547,32106,28073,35411,48061,43442,35492,31833,33328,27032,11966,28197,27955,27515,33720,37100,26512,27182,12209,17668,28152,21140,20076,24900,31403,19607,31104,29051,16730,25523,37294,42410,43390,25598,29079,24470,31114,24888,35939,50129,43799,30323,31016,28776,32608,17545,26762,29670
32123,30537,32651,24941,29664,8938.2,20238,31257,23160,20591,34662,29186,22985,28567,30800,18893,25591,35990,38917,40302,29476,31761,24383,32065,28001,35215,47848,43425,35657,31838,33153,27574,11921,28101,27834,27407,33545,36879,26276,27022,12387,17660,28013,21251,19989,24936,31257,19714,30926,29070,16908,25538,37115,42425,43324,25562,29134,24281,31086,24811,35760,49847,43612,30500,30835,28528,32315,17025,26546,29531
32113,30448,32760,24914,29789,9183,20265,31220,23069,20570,34635,29209,22861,28726,30729,18940,25390,35945,38972,40428,29331,31573,24545,31957,27945,35213,47821,43269,35429,31850,33240,27548,12080,27946,27823,27401,33579,37149,26279,27247,12702,17707,28123,21133,20073,24853,31360,19665,31061,29067,16921,25289,37211,42589,43382,25582,29029,24437,31025,24805,35884,49999,43657,30286,31066,28822,31524,17233,26387,29600
32055,30470,32868,25026,29839,8817.2,20204,31356,22952,20648,34768,29171,22923,28561,30565,18761,25459,35987,38949,40346,29520,31735,24544,32056,27932,35066,47809,43520,35578,31763,33353,27540,11969,28270,27823,27397,33579,37318,26358,27169,12240,17646,28086,21075,20140,25041,31323,19698,30977,28925,16790,25470,37198,42320,43395,25686,29126,24376,31122,24738,35678,50115,43865,30318,30938,28806,32881,17407,26641,29481
32081,30587,32631,24999,29640,8897.4,20302,31187,23095,20642,34717,29136,23080,28463,30656,18932,25384,36044,38788,40358,29472,31590,24350,31925,27834,35182,47868,43385,35392,31712,33148,27295,11963,28212,27857,27376,33554,36895,26272,27035,12346,17751,27912,21207,20038,25060,31236,19814,30845,29025,16929,25294,37199,42317,43332,25555,28963,24236,30941,24648,35722,50099,43691,30195,30899,28610,32089,17326,26678,29547
32150,30530,32600,25009,29528,8875.3,20359,31263,23077,20728,34550,29168,23012,28645,30771,19100,25464,36102,38931,40593,29313,31660,24463,31978,28033,35429,47919,43333,35432,31821,33055,27691,11755,28044,28003,27387,33541,36869,26406,26996,12476,17792,27964,21180,20161,24839,31336,19792,31021,29109,17028,25365,37276,42325,43618,25421,29074,24350,31024,24784,35991,50149,43702,30346,31138,28636,31776,16921,26533,29783
32081,30517,32747,24899,29595,8841.2,20162,31451,23044,20714,34453,29314,22763,28777,30696,18734,25475,35895,38964,40341,29291,31689,24569,31977,27994,35395,47829,43501,35436,31698,33178,27549,11997,28024,27824,27269,33668,37141,26372,27044,12286,17621,28069,21149,20226,24735,31391,19547,31197,28948,16734,25443,36977,42319,43089,25446,29122,24437,31065,24803,36016,49835,43836,30349,30880,28665,32887,17309,26329,29446
32095,30692,32791,25055,29656,9038.1,20218,31317,23111,20758,34621,29192,22863,28693,30673,18893,25407,35866,38779,40196,29366,31606,24484,31958,27896,35185,47772,43463,35322,31689,33133,27462,11980,28281,27763,27401,33682,37072,26373,27139,12526,17685,28028,21111,20225,24849,31261,19685,31074,28996,16885,25299,37034,42338,43136,25599,28982,24346,31005,24755,35691,50044,43746,30158,30798,28610,32055,17248,26782,29430
32178,30600,32728,25124,29547,8839,20250,31346,23100,20677,34412,29158,22980,28737,30806,18966,25490,36148,38962,40478,29458,31644,24389,32067,27984,35331,48231,43466,35376,31833,33236,27585,11781,28280,27975,27489,33662,36926,26372,26961,12389,17642,28019,21165,20145,24710,31279,19743,31036,29178,16979,25351,37297,42325,43458,25536,28965,24305,31036,24809,35929,50273,43712,30239,31055,28609,31897,16962,26807,29669
32155,30388,32605,24848,29417,8898.6,20071,31412,23016,20554,34271,29336,22824,28839,30735,18785,25513,35996,39030,40393,29291,31633,24434,32033,27940,35369,48026,43486,35492,31773,33229,27324,11879,27942,27860,27301,33630,37076,26247,26835,12361,17523,28060,21195,20103,24621,31415,19553,31206,29035,16829,25458,37153,42574,43224,25398,29039,24349,31066,24768,36018,49938,43774,30347,30978,28546,32668,17232,26357,29506
32147,30488,32932,24987,29714,9153.1,20051,31513,22998,20622,34438,29158,22706,28614,30640,18807,25604,35884,38869,40239,29207,31768,24665,32146,28068,35017,47739,43458,35553,31691,33422,27074,11993,28103,27763,27391,33692,37341,26326,27193,12694,17556,28229,21056,20208,24652,31259,19547,31001,28940,16828,25491,37056,42474,43170,25503,29091,24519,31157,24924,35662,49962,43876,30337,30825,28848,31663,17334,26586,29437
32222,30633,32855,25148,29793,8812.7,20163,31425,23006,20709,34497,29199,22791,28574,30708,18766,25645,35984,38990,40411,29348,31707,24594,32043,28079,35311,47905,43456,35413,31794,33249,27354,12063,28323,27914,27476,33645,37181,26520,27203,12214,17656,28076,21095,20161,24728,31332,19641,31050,29096,16808,25493,37168,42318,43417,25553,28990,24487,31023,24914,35889,50177,43880,30158,30992,28691,32858,17481,26835,29634
31991,30309,32793,24755,29455,9020.3,20189,31296,23211,20600,34397,29291,22805,28721,30693,18977,25551,35646,38939,40122,29160,31694,24377,31958,27970,35365,47647,43427,35494,31586,33025,27439,12023,27868,27787,27189,33364,36975,26254,26841,12580,17726,27925,21262,20017,24678,31392,19571,31102,29146,17002,25491,36762,42525,43229,25347,29103,24258,31060,24783,35985,49703,43645,30386,30811,28442,32328,17129,26411,29474
32038,30477,32800,24924,29642,9240.8,20269,31451,23165,20778,34583,29157,22960,28837,30831,19131,25424,35842,38826,40094,29260,31568,24597,31901,27962,35201,47552,43335,35335,31817,33186,28020,11969,28076,27751,27296,33497,36964,26253,27167,12818,17760,28033,21170,20207,24842,31271,19733,31063,29184,17109,25267,36873,42355,43071,25593,28929,24443,30914,24810,35833,49723,43622,30171,30991,28620,31852,17240,26498,29430
32248,30735,32787,25188,29677,8964.8,20307,31371,23121,20733,34501,29201,22887,28767,30790,18957,25600,36009,38914,40199,29452,31740,24553,32045,28073,35274,47839,43356,35387,31863,33289,27518,11832,28364,27887,27505,33606,36902,26408,27096,12439,17794,28011,21199,20116,24803,31307,19690,31065,29200,16968,25432,37082,42319,43198,25661,29025,24417,31025,24869,35775,49875,43688,30240,31056,28735,31868,17257,26903,29577
32091,30515,32546,25009,29494,8909.6,20257,31317,23190,20533,34418,29283,22836,28735,30756,18951,25576,35834,38923,40231,29274,31689,24463,31976,27970,35365,47837,43354,35516,31842,33231,27584,11980,28140,27932,27362,33537,36776,26378,26935,12305,17681,27981,21234,19980,24669,31362,19580,31081,29105,16920,25468,37032,42368,43314,25410,28975,24322,30994,24822,35867,49778,43637,30388,31007,28544,32501,17249,26691,29576
32097,30588,32708,25096,29678,9194.4,20214,31365,23138,20612,34428,29143,22780,28553,30698,18960,25461,35825,38744,40196,29148,31567,24683,31983,27969,35194,47721,43330,35333,31772,33320,27384,12142,28054,27875,27346,33639,37131,26397,27242,12739,17644,28079,21129,20132,24635,31299,19601,30973,29048,16919,25293,37117,42259,43306,25468,28915,24519,30989,24830,35824,49923,43734,30180,30991,28741,31379,17116,26593,29590
32139,30615,32894,25127,29696,8963,20209,31454,23117,20618,34592,29181,22863,28525,30634,18950,25485,35926,38789,40265,29365,31698,24573,32072,27914,35195,47743,43377,35410,31851,33423,27850,11874,28191,27880,27428,33685,37196,26440,27148,12322,17661,28025,21174,20134,24822,31280,19656,30977,29079,16944,25418,37208,42342,43505,25611,29006,24439,31084,24755,35789,50076,43725,30198,31041,28748,32004,17279,26550,29557
32142,30634,32607,25026,29469,8910.2,20271,31196,23096,20548,34534,29247,22872,28639,30677,18931,25436,35999,38846,40329,29257,31632,24331,31988,27802,35250,47745,43310,35302,31929,33177,27680,11921,28252,27960,27406,33585,36860,26355,26895,12258,17684,27840,21185,19983,24801,31376,19624,31011,29006,16916,25368,37146,42407,43378,25435,28966,24209,31017,24631,35768,49970,43627,30176,31055,28541,32272,17338,26631,29656
32188,30566,32770,25035,29417,9053.2,20286,31305,23090,20563,34293,29174,22752,28563,30735,18960,25665,36017,38991,40435,29114,31833,24495,32179,28095,35243,47871,43477,35568,31777,33244,27407,11789,28055,27972,27355,33489,37045,26344,26895,12587,17656,27979,21128,20034,24490,31316,19543,30934,29040,16962,25582,37168,42346,43502,25300,29073,24347,31169,24865,35842,50022,43848,30454,30998,28658,31289,17058,26593,29707
32204,30490,32696,24904,29530,8865.7,20185,31478,23078,20603,34394,29300,22817,28647,30718,18753,25523,35955,39005,40354,29282,31684,24605,32056,27960,35337,47755,43466,35415,31797,33321,27490,11987,28013,27864,27288,33575,37058,26349,26993,12294,17559,27994,21124,20111,24601,31353,19557,31120,28946,16750,25481,37061,42261,43205,25454,29014,24452,31085,24764,35915,49767,43848,30295,30958,28687,32687,17282,26283,29436
32172,30654,32870,25075,29771,9141.3,20206,31483,23079,20608,34537,29192,22760,28605,30617,18881,25470,35958,38917,40312,29381,31633,24607,32051,28016,35113,47895,43416,35407,31715,33483,27232,12005,28267,27850,27363,33618,37111,26390,27212,12504,17623,28073,21071,20154,24697,31271,19554,30985,28914,16837,25355,37061,42291,43197,25607,28926,24445,31029,24836,35620,49950,43765,30181,30821,28828,31531,17247,26620,29471
32092,30629,32888,25115,29668,8808,20137,31457,22995,20682,34551,29099,22938,28503,30591,18858,25496,36032,38756,40305,29395,31711,24606,32111,27964,35120,47856,43544,35381,31734,33392,27714,11941,28350,27910,27418,33616,37222,26419,27086,12140,17527,28052,21074,20185,24727,31233,19662,30851,28954,16867,25432,37206,42023,43268,25570,29059,24422,31124,24789,35585,50112,43893,30241,30832,28650,32358,17281,26845,29577
32124,30500,32900,24904,29461,8872.4,20164,31252,23177,20557,34424,29308,22807,28669,30739,18887,25392,35897,39057,40356,29290,31603,24388,31991,27810,35395,48021,43476,35223,31706,33156,27414,11899,27978,27924,27310,33590,37040,26302,26857,12388,17592,27859,21248,20021,24629,31424,19552,31116,29076,16869,25339,37082,42518,43319,25421,28942,24301,31013,24652,35991,49989,43694,30069,30812,28540,32060,17009,26411,29545
32120,30390,32760,24870,29730,9040.7,20208,31484,23063,20657,34602,29146,22876,28650,30742,19061,25448,35951,39163,40412,29287,31663,24569,32027,28018,35195,47777,43365,35511,31801,33259,27977,11765,27914,27878,27306,33504,37164,26295,27198,12566,17578,28153,21044,20214,24719,31305,19619,30967,29073,17000,25343,37093,42527,43537,25523,28962,24484,31061,24846,35857,49923,43695,30320,30987,28665,31642,16960,26270,29518
32311,30613,32711,25078,29717,8838.6,20166,31449,22943,20741,34430,29196,22932,28559,30656,18895,25696,36091,39027,40418,29423,31928,24688,32235,28172,35174,47734,43324,35625,31793,33344,27081,11846,28211,27936,27460,33618,37182,26504,27155,12235,17601,28159,21074,20262,24695,31356,19676,31068,29077,16859,25588,37232,42494,43354,25611,29155,24560,31188,24960,35872,49974,43851,30484,31022,28779,32107,17357,26651,29591
32301,30756,32726,25191,29677,8889,20092,31513,22923,20610,34275,29307,22819,28706,30634,18684,25676,36055,39020,40356,29470,31738,24587,32091,28127,35267,48042,43438,35442,31812,33456,27307,11916,28319,27954,27440,33729,37020,26504,27109,12202,17534,28103,21087,20120,24639,31416,19590,31138,29056,16661,25523,37186,42642,43212,25564,29000,24507,31038,24927,35853,49999,43847,30299,31039,28836,32436,17288,26809,29677
32024,30501,32858,25035,29627,9038.7,20227,31317,23090,20632,34378,29109,22818,28506,30582,18894,25625,35739,38733,40027,29333,31761,24524,32103,28053,34994,47768,43533,35473,31614,33259,27199,12007,28266,27799,27231,33526,37085,26279,27012,12474,17607,28023,21146,20083,24571,31178,19578,30865,28983,16920,25539,36938,42296,43030,25500,29160,24393,31162,24877,35445,49701,43721,30391,30667,28624,31989,17310,26776,29457
32063,30527,32616,25100,29855,9221.2,20223,31717,22995,20779,34397,29128,22856,28645,30610,18808,25401,35935,38692,40224,29338,31452,24661,31793,28187,35244,47931,43317,35507,31722,33370,27886,12108,28159,27874,27267,33546,36932,26310,27365,12743,17651,28272,21115,20260,24705,31207,19664,30910,29017,16833,25217,37000,42157,43063,25570,28780,24487,30777,24975,35797,49755,43539,30316,30856,28666,31972,17271,26585,29512
31899,30569,32707,25052,29639,9028.9,20098,31617,22905,20744,34501,29119,22903,28555,30649,18799,25362,35981,38898,40419,29270,31607,24555,31946,27967,35304,47815,43521,35320,31694,33289,28532,12112,28241,27812,27266,33595,37088,26280,27114,12391,17568,28151,21019,20212,24757,31192,19676,30852,28994,16813,25303,37029,42299,43343,25503,29019,24377,30966,24801,35876,49863,43838,30175,30849,28694,32634,17414,26573,29413
32008,30429,32790,24968,29488,9323.6,20495,31102,23338,20733,34444,29107,23050,28499,30877,19333,25340,35672,38681,39964,29131,31532,24357,31881,27847,35068,47407,43239,35116,31755,32968,27455,12032,28328,27827,27280,33408,36942,26269,26903,12766,17939,27850,21356,20071,24639,31214,19746,30873,29272,17248,25212,36774,42262,43240,25352,29005,24140,30937,24696,35627,49490,43418,29982,30778,28458,32482,17311,26674,29460
31998,30301,32800,24980,29603,9113.7,20294,31383,23215,20700,34339,29220,22853,28693,30780,19039,25454,35758,38869,40231,29249,31624,24447,31921,28114,35295,47795,43321,35393,31721,33148,27471,12000,27988,27826,27256,33490,37045,26288,27009,12604,17773,28088,21309,20144,24634,31372,19605,31138,29245,17016,25324,36911,42491,43423,25428,29041,24270,30959,24904,35941,49707,43548,30282,30949,28604,32588,17078,26275,29490
32000,30456,32577,25034,29638,8904.9,20180,31557,22928,20671,34325,29255,22771,28819,30645,18880,25307,35909,38955,40234,29166,31469,24556,31809,27946,35363,47727,43429,35269,31712,33173,28084,11995,27953,27825,27277,33655,37007,26317,27163,12291,17621,28151,21138,20218,24725,31418,19573,31147,29148,16874,25165,37039,42543,43378,25509,28910,24407,30869,24768,36025,49847,43741,30131,31086,28588,32642,17328,26373,29498
31988,30461,32950,25018,29538,9396.3,20268,31201,23272,20521,34368,29295,22560,28662,30727,18913,25498,35691,38835,40067,29051,31651,24376,31953,27956,35218,47705,43355,35416,31559,33105,26959,12169,28109,27738,27317,33629,37040,26276,27041,12820,17783,28021,21328,19929,24624,31416,19425,31127,29253,16929,25399,36917,42825,43312,25412,29026,24204,31006,24792,35805,49808,43521,30250,30741,28584,32073,17512,26661,29463
32044,30469,32516,25050,29696,8753.2,20068,31476,22928,20556,34484,29132,22736,28523,30624,18688,25484,35766,38741,40080,29086,31589,24591,31873,27960,35291,47594,43378,35511,31698,33220,28132,11959,28058,27773,27379,33751,37053,26308,27310,12253,17574,28251,21110,20112,24839,31389,19557,30971,29084,16785,25339,37004,42241,43222,25440,29066,24374,31013,24834,35919,49843,43711,30414,30944,28615,32676,17017,26583,29464
32040,30326,32697,24893,29529,9186.6,20282,31344,23127,20499,34235,29187,22665,28558,30653,18928,25608,35722,38880,40160,29009,31715,24471,31977,28084,35228,47651,43298,35591,31715,33186,27240,11924,27830,27804,27335,33626,37137,26269,27044,12753,17717,28180,21248,20011,24571,31368,19512,31127,29225,16926,25478,37032,42516,43375,25279,29045,24366,31064,24880,35977,49822,43683,30495,31044,28632,32473,17206,26265,29514
31895,30233,32608,24872,29523,8776.4,20037,31539,22975,20564,34312,29233,22674,28514,30487,18717,25522,35667,38739,39924,29141,31676,24503,31919,28045,35162,47534,43414,35685,31545,33210,27816,12043,27942,27740,27267,33652,37115,26328,27028,12212,17590,28224,21155,20076,24625,31379,19472,31018,28992,16745,25394,36952,42412,43190,25388,29073,24386,31001,24879,35936,49776,43773,30559,30908,28691,32725,17200,26408,29402
32082,30483,32801,25100,29653,9174.5,20211,31348,23096,20667,34272,29097,22718,28406,30599,18818,25498,35706,38648,40084,29170,31600,24530,31927,28030,35145,47705,43478,35349,31536,33195,27000,12064,28217,27765,27405,33632,37203,26359,27128,12588,17730,28147,21218,20158,24588,31265,19554,30990,29126,16867,25407,36960,42387,43234,25459,28995,24442,31009,24897,35776,50003,43853,30246,30882,28725,32299,17420,26763,29536
31991,30322,32716,24981,29619,8693.5,20015,31519,22846,20691,34436,29029,22819,28485,30603,18760,25361,35841,38730,40237,29229,31523,24541,31869,27944,35287,47724,43615,35365,31611,33156,27888,11895,28159,27812,27361,33584,37215,26375,27047,12146,17484,28153,21068,20227,24764,31319,19577,30976,29046,16783,25321,37109,42102,43301,25467,29006,24345,31045,24770,35929,50112,43912,30262,30904,28562,32617,16956,26602,29488
32056,30404,32610,24927,29558,9031.3,20134,31431,22999,20726,34348,29224,22822,28669,30704,18974,25345,35866,38947,40267,29213,31378,24439,31756,27933,35389,47647,43354,35239,31635,32994,27753,12093,27969,27805,27306,33511,37009,26318,27051,12485,17634,28115,21179,20144,24774,31392,19623,31184,29225,16937,25210,36977,42489,43292,25496,28869,24258,30882,24762,36088,49916,43691,30147,30964,28575,32886,17295,26556,29475
32034,30454,32694,24959,29484,9011.6,20202,31256,23014,20667,34381,29198,22831,28797,30775,18972,25418,36026,39158,40388,29194,31470,24317,31845,27889,35259,47885,43410,35150,31715,32907,27843,11945,28103,27787,27353,33504,36950,26270,26897,12383,17710,28036,21182,20045,24808,31383,19665,31199,29247,16989,25332,37062,42785,43628,25487,28931,24152,30976,24716,35897,50069,43664,30100,30990,28578,33199,17353,26701,29495
32020,30376,32574,24896,29371,8916.9,20082,31260,23016,20527,34269,29259,22723,28699,30751,18792,25394,35877,39038,40233,29068,31462,24323,31787,27868,35287,47849,43463,35287,31607,32874,27490,12070,28024,27762,27246,33488,36915,26196,26786,12322,17621,27964,21225,19986,24715,31427,19513,31067,29181,16848,25321,36946,42700,43322,25305,28979,24113,30992,24670,35828,49861,43635,30230,30916,28473,32453,17349,26566,29503
31975,30369,32645,24879,29546,9080.7,20100,31345,22963,20602,34143,29116,22676,28604,30677,18933,25427,35778,38857,40321,28954,31470,24564,31823,28009,35215,47670,43372,35305,31586,33071,27219,12034,27920,27775,27318,33540,37147,26272,27052,12645,17640,28109,21133,20105,24521,31355,19543,31127,29199,16902,25229,36999,42484,43376,25308,28948,24372,30934,24847,35828,49897,43732,30217,30936,28639,32300,17130,26509,29496
31938,30405,32769,24916,29599,8749.9,19982,31423,22835,20613,34266,29155,22724,28564,30518,18838,25396,35854,38774,40279,29095,31611,24572,31965,27908,35140,47709,43589,35339,31586,33190,27719,12009,27965,27775,27307,33635,37312,26326,27020,12126,17524,28123,21072,20085,24669,31378,19507,31003,29041,16847,25316,37045,42319,43445,25399,29133,24390,31130,24748,35828,49976,43859,30257,30904,28684,32453,17312,26375,29455
32000,30629,32513,25000,29451,8950.9,20089,31183,23022,20568,34333,29251,22807,28627,30675,18865,25312,35946,38809,40248,29193,31442,24331,31800,27791,35245,47775,43408,35215,31705,32985,27627,12105,28186,27821,27344,33664,36912,26336,26944,12357,17664,27911,21210,19994,24793,31414,19617,31052,29137,16875,25198,37070,42557,43410,25442,28923,24154,30943,24597,35898,50014,43649,30112,30920,28464,32434,17417,26628,29594
31918,30401,32624,24911,29419,9002.1,20229,31094,23061,20494,34201,29201,22781,28580,30703,18943,25535,36009,39062,40514,29093,31626,24272,31984,27967,35229,47984,43357,35421,31673,32987,27570,11936,28029,27917,27308,33535,36899,26268,26873,12556,17701,27978,21227,19953,24568,31424,19626,31024,29257,16990,25448,37144,42667,43785,25351,29018,24167,31046,24758,35822,50064,43567,30356,30957,28517,32864,17095,26600,29656
31963,30394,32619,24863,29492,8907.7,20043,31341,23023,20518,34256,29302,22681,28644,30648,18784,25402,35971,39030,40454,29088,31535,24443,31920,27911,35370,48050,43552,35295,31695,33100,27822,12030,27873,27855,27227,33618,37058,26278,26964,12289,17575,28101,21195,20060,24656,31531,19507,31046,29070,16821,25300,37041,42745,43463,25397,29013,24344,31000,24742,35997,50029,43779,30237,30936,28640,32548,17116,26296,29484
31962,30482,32734,24939,29648,9229.6,20140,31340,23040,20619,34397,29148,22649,28556,30651,18914,25339,35860,38896,40332,29097,31479,24551,31900,27915,35109,47671,43436,35229,31640,33141,27613,12011,28012,27714,27297,33620,37243,26311,27188,12781,17653,28137,21149,20172,24680,31344,19542,31102,29120,16976,25207,37081,42703,43443,25487,28961,24433,30993,24792,35730,50075,43830,30152,30798,28742,32742,17344,26605,29416
32090,30691,32758,25176,29707,8908.6,20134,31362,22974,20654,34368,29162,22785,28516,30664,18766,25531,35972,38797,40287,29226,31667,24579,31984,28050,35257,47832,43503,35421,31659,33248,27387,12126,28258,27873,27347,33635,37220,26467,27160,12313,17642,28171,21206,20172,24706,31390,19609,30939,29141,16871,25442,37132,42507,43561,25494,29097,24444,31071,24916,35827,50065,43845,30292,30852,28714,32515,17413,26841,29609
32042,30581,32524,25011,29486,8956.1,20176,31218,23141,20485,34365,29298,22764,28673,30752,18903,25491,35798,38894,40206,29065,31605,24390,31868,27950,35467,47830,43459,35471,31725,33024,27653,12032,28020,27868,27307,33576,36896,26393,26959,12506,17681,28047,21328,20002,24692,31499,19550,31106,29206,16910,25398,37058,42634,43457,25309,29066,24234,31022,24797,36103,49940,43699,30378,30886,28490,32291,17188,26560,29559
31950,30336,32663,24943,29621,9261.8,20238,31297,23084,20550,34239,29240,22695,28722,30680,18929,25510,35641,38856,40071,29067,31620,24569,31902,28014,35308,47638,43259,35435,31712,33189,27374,12169,27832,27803,27357,33639,37136,26388,27122,12767,17712,28186,21248,20070,24522,31486,19543,31205,29242,16968,25377,37039,42618,43352,25377,29005,24421,31005,24898,35998,49919,43681,30329,31021,28740,32351,17369,26290,29509
31891,30437,32607,25013,29574,8826,20119,31381,22882,20626,34342,29172,22780,28541,30525,18821,25402,35762,38728,40125,29107,31600,24637,31882,27961,35208,47548,43423,35466,31680,33207,27905,12096,28159,27792,27387,33755,37247,26488,27099,12263,17606,28207,21175,20160,24691,31420,19568,31038,29060,16866,25319,37114,42419,43352,25420,29056,24450,31021,24811,35903,49989,43824,30338,31030,28696,32429,17410,26615,29504
31987,30485,32843,25046,29501,9289.1,20165,31209,23150,20524,34244,29262,22667,28547,30618,18817,25524,35711,38815,40090,29164,31679,24438,32001,27938,35258,47915,43464,35437,31554,33184,26785,12147,28086,27787,27351,33647,37289,26299,26938,12655,17754,28121,21333,19999,24551,31393,19469,31097,29198,16917,25426,37021,42859,43360,25401,29061,24271,31087,24751,35907,49968,43723,30297,30837,28640,31842,17403,26672,29576
32002,30399,32493,25000,29465,8749.4,20115,31246,23014,20593,34407,29151,22901,28486,30670,18759,25440,35838,38815,40201,29247,31549,24508,31886,27886,35255,47805,43387,35388,31738,33083,27952,11984,28012,27824,27439,33644,37162,26327,27014,12288,17607,28163,21188,20091,24728,31427,19649,31040,29139,16822,25339,37148,42450,43391,25495,29049,24315,31057,24726,35871,50038,43783,30307,31023,28600,32615,17019,26483,29530
31898,30345,32640,24913,29608,9152.9,20251,31213,23060,20571,34388,29130,22793,28488,30621,18965,25363,35755,38848,40255,29102,31530,24529,31875,27899,35196,47685,43248,35336,31741,33148,27403,12114,27908,27854,27409,33616,37208,26371,27120,12592,17733,28210,21255,20093,24657,31327,19600,31121,29285,16974,25217,37184,42558,43626,25433,29000,24406,31018,24756,35934,50102,43680,30263,31031,28701,32429,17258,26349,29555
32002,30392,32815,24991,29736,8817.4,20063,31390,22817,20578,34358,29152,22775,28510,30465,18743,25606,35857,38806,40182,29326,31776,24538,32056,28088,35180,47890,43466,35595,31689,33344,27292,11992,28085,27796,27410,33691,37301,26351,27194,12260,17602,28226,21096,20045,24661,31394,19536,31065,28987,16839,25497,37213,42524,43482,25584,29130,24420,31144,24890,35889,50111,43796,30479,30962,28831,32316,17308,26529,29560
32113,30468,32608,25006,29630,9076.3,20237,31322,23068,20640,34554,29157,22957,28514,30710,18884,25526,35707,38724,39954,29292,31685,24457,31930,28013,35189,47755,43479,35587,31773,33068,27341,12093,28204,27747,27439,33534,36934,26292,27129,12461,17741,28009,21274,20073,24866,31287,19687,30927,29185,16933,25421,36946,42445,43209,25525,29040,24242,31051,24795,35778,49923,43654,30466,30942,28515,32125,17402,26610,29505
31958,30220,32804,24909,29610,9113,20345,31412,23080,20677,34400,29150,22919,28705,30772,18961,25602,35692,38890,40115,29229,31731,24492,31988,28134,35316,47805,43397,35625,31747,33106,27266,12022,27989,27796,27349,33443,36988,26274,27096,12672,17775,28064,21241,20104,24642,31359,19688,31120,29231,16967,25473,36841,42442,43207,25395,29059,24328,31077,24911,35983,49824,43591,30532,31053,28561,32039,16991,26445,29441
31933,30304,32680,24928,29639,8854.8,20167,31539,22996,20698,34465,29243,22873,28867,30716,18837,25460,35902,38979,40228,29265,31660,24565,31930,28025,35431,47838,43532,35519,31761,33129,27923,12130,28058,27795,27256,33625,37004,26331,27172,12264,17632,28074,21108,20174,24747,31406,19655,31113,28969,16816,25367,36862,42307,43045,25472,29085,24369,31034,24842,36036,49803,43748,30423,31049,28638,32376,17290,26488,29421
31992,30448,32873,25035,29737,9203.5,20180,31387,23040,20676,34373,29121,22699,28659,30665,18879,25504,35773,38687,40122,29173,31756,24624,32051,28094,35226,47702,43511,35473,31637,33231,27233,12162,28255,27742,27387,33612,37149,26313,27263,12646,17744,28082,21229,20211,24696,31283,19615,31064,29102,16918,25409,36859,42347,43138,25476,29093,24430,31076,24922,35796,49923,43767,30354,30871,28699,31923,17315,26776,29459
31981,30421,32905,25021,29691,8785.9,19999,31506,22867,20756,34312,29150,22753,28629,30577,18734,25449,35969,38864,40368,29206,31720,24628,32056,28067,35337,47897,43666,35472,31652,33176,27689,12006,28211,27869,27401,33741,37410,26411,27194,12288,17543,28230,21102,20293,24732,31382,19602,31028,28967,16830,25382,37062,42205,43194,25468,29196,24417,31142,24908,36023,50139,43945,30374,30919,28662,32110,17023,26712,29499
31949,30459,32824,24934,29507,8923,20142,31339,22998,20716,34201,29265,22717,28682,30616,19014,25309,35884,39051,40419,29016,31525,24426,31866,27930,35422,47974,43556,35303,31695,32985,27557,12041,27963,27823,27232,33672,37035,26344,26990,12456,17609,27983,21184,20163,24581,31404,19546,31150,29121,16988,25204,36881,42516,43369,25303,28964,24227,30909,24766,36091,50102,43743,30176,30979,28514,32524,17265,26638,29473
32014,30532,32700,25082,29542,8998.3,20200,31400,22943,20633,34108,29170,22718,28726,30674,18963,25479,35939,39045,40445,29065,31726,24501,32018,28048,35358,47987,43479,35457,31720,33165,27838,11958,28086,27764,27316,33605,36927,26336,27015,12497,17661,28021,21118,20115,24430,31357,19576,31185,29109,16949,25387,36936,42544,43420,25334,29016,24348,31002,24865,35872,50084,43790,30331,31001,28663,32764,17231,26829,29488
32006,30526,32674,25120,29559,8844.4,20006,31376,23000,20603,34202,29259,22726,28631,30634,18692,25469,35871,38973,40226,29197,31709,24622,32020,27982,35283,47931,43526,35458,31613,33239,27455,12147,28279,27823,27344,33552,37099,26406,27019,12254,17539,28095,21139,20139,24533,31414,19522,31027,29003,16800,25409,36978,42417,42995,25387,29124,24427,31131,24819,35886,49876,43860,30391,30868,28680,32098,17367,26781,29511
32016,30534,32628,25092,29576,9014.6,20171,31257,23013,20605,34202,29186,22797,28549,30650,18949,25366,35792,38873,40309,29161,31529,24541,31903,27930,35210,47860,43370,35329,31691,33176,27500,12145,28112,27825,27328,33575,37014,26418,27081,12593,17647,28032,21151,20089,24517,31373,19616,31075,29112,16920,25281,37069,42402,43328,25385,28965,24404,30990,24784,35813,50047,43749,30229,30884,28665,32453,17154,26606,29529
32041,30400,32777,24998,29614,8906.7,20189,31359,22994,20594,34361,29200,22837,28494,30695,18987,25443,35917,39037,40461,29214,31636,24459,31981,27938,35322,47967,43422,35355,31840,33226,27424,11978,27897,27884,27321,33602,37086,26398,27042,12414,17632,28091,21142,20116,24595,31377,19623,31052,29148,16981,25353,37184,42497,43724,25430,29006,24316,31042,24770,36010,50213,43746,30203,31053,28645,32523,17182,26267,29546
32055,30596,32615,25032,29376,8897.3,20065,31284,22969,20492,34232,29295,22601,28630,30617,18820,25426,35858,38992,40247,29025,31578,24446,31887,27881,35401,47939,43467,35339,31764,33149,27555,12121,28068,27876,27284,33689,36991,26395,26922,12399,17601,28036,21159,20019,24585,31472,19416,31131,29047,16826,25330,36995,42629,43347,25320,28978,24298,30989,24710,36085,50087,43849,30242,30963,28610,32394,17431,26488,29589
31972,30456,32865,25027,29372,9216.5,20203,31192,23117,20464,34181,29212,22583,28583,30697,18862,25564,35714,39016,40213,28968,31735,24369,31996,27997,35318,47961,43484,35509,31621,33146,27105,12086,28106,27821,27275,33564,37086,26314,26866,12746,17673,28066,21266,19933,24468,31394,19409,31059,29209,16928,25506,36928,42717,43429,25238,29056,24268,31076,24813,35918,50056,43748,30384,30836,28591,32233,17452,26721,29569
31950,30355,32528,24890,29453,8897.4,20055,31366,22967,20537,34235,29256,22667,28536,30646,18761,25594,35737,38956,40215,29005,31707,24528,31937,28021,35382,47749,43515,35612,31645,33158,27597,12031,27958,27788,27288,33590,37111,26274,26974,12408,17528,28149,21153,20085,24514,31481,19445,31113,29073,16822,25504,37008,42642,43357,25261,29126,24360,31122,24850,36112,49999,43854,30502,30882,28583,32153,17190,26366,29494
31996,30402,32833,24937,29580,9196.4,20134,31392,23021,20493,34190,29242,22601,28666,30612,18799,25643,35721,38983,40168,29025,31826,24621,32082,28101,35288,47813,43463,35687,31706,33337,26751,12107,27948,27769,27331,33710,37323,26333,27104,12683,17597,28211,21144,20110,24477,31434,19432,31175,29138,16851,25522,36984,42756,43282,25296,29102,24503,31129,24937,35971,50023,43848,30548,30963,28792,31996,17356,26252,29459
32008,30438,32742,25002,29528,8850.6,19989,31405,22888,20530,34213,29254,22760,28580,30571,18646,25503,35851,38943,40049,29197,31693,24619,32023,27905,35219,47824,43546,35440,31654,33223,27548,12205,28214,27787,27334,33729,37359,26299,27020,12241,17518,28113,21065,20109,24559,31452,19554,31085,28963,16684,25417,36997,42570,43092,25413,29114,24432,31133,24770,35781,50005,43976,30375,30909,28655,32099,17404,26696,29476
32061,30527,32674,25062,29671,8950.8,20179,31261,22915,20580,34318,29055,22877,28286,30606,18935,25476,35884,38809,40332,29228,31639,24644,31992,27990,35179,47888,43439,35456,31703,33239,26993,12009,28111,27847,27412,33700,37225,26386,27209,12526,17633,28137,21096,20145,24594,31231,19695,30927,29103,16944,25317,37175,42347,43388,25478,28996,24490,31045,24859,35866,50190,43832,30335,30884,28690,32012,17260,26736,29551
32028,30322,32812,24907,29727,8864.1,20104,31382,22931,20611,34505,29133,22975,28385,30650,18961,25443,35904,38908,40315,29353,31748,24571,32076,27878,35175,47880,43483,35405,31814,33289,27274,11965,28072,27850,27411,33585,37299,26342,27160,12298,17556,28085,21113,20085,24789,31343,19706,30946,29109,16977,25394,37197,42509,43635,25563,29160,24359,31189,24751,35889,50241,43788,30330,30989,28700,32384,17164,26344,29537
32035,30564,32638,24988,29492,8889.2,20119,31255,22835,20684,34351,29177,22852,28581,30576,18838,25410,36006,38834,40285,29279,31627,24481,31950,27912,35430,47890,43490,35353,31748,33101,27437,12029,28155,27847,27314,33633,37059,26292,27017,12342,17605,27964,21080,20102,24745,31417,19651,31055,28939,16854,25326,37084,42438,43281,25480,29022,24286,31051,24715,36136,50188,43853,30262,31050,28596,32123,17311,26524,29613
31950,30616,32577,25071,29340,8844.2,20285,31167,22989,20790,34652,28918,23013,28456,30782,19177,25319,36034,38662,40240,29195,31514,24423,31874,27859,35266,47601,43419,35234,31749,32881,28458,11769,28393,27835,27372,33580,36926,26366,26879,12515,17731,27892,21098,20177,24786,31133,19823,30937,29108,17183,25194,37135,41973,43485,25400,28941,24205,30999,24630,35768,50228,43764,30165,30947,28433,32930,17140,27116,29607
