11.1842351507603,127.630569458008,90.008822412548,72.8717537767747,93.6941680908203,66.7317562103271,72.2996463926413,34.1020035825597,17.6004356158182,68.7332233716083,56.3332429797876,126.727217356364,87.9164373609755,0,14.1572753237934,71.7195501327515,157.797546386719,87.8345340199831,128.269187927246,107.24961124767,96.0241625750506,77.6210714122917,100.775887100785,80.3985123790394,78.1406802951165,0,110.417500703231,119.367225552783,70.085521994359,17.8303194649094,30.18302605545,117.761535644531,87.9053460359573,35.6473039681794,53.1718615809968,0,0,157.068148803711,106.198677062988,0,0,192.833126068115,148.148731007296,179.836837768555,95.0946922302246,157.766857147217,0,177.828521728516,227.188186645508,142.926254272461,0,189.502616882324,156.003662109375,0,0,151.86637878418,138.919525146484,163.113296508789,163.880049856086,140.967788060506,0,0,153.611076123787,136.4786996024,160.31955464681,145.156761169434,0,0,115.808906555176,163.813349405924
127.630569458008,9.01573810046785,33.6666046225506,12.0964874407503,134.370849609375,0,177.728675842285,99.9266560872396,114.184313456217,65.4110402521097,144.420399475098,53.7633295659419,149.825847625732,49.386730016797,0,99.6929138183594,57.0178539878444,47.6902450837797,66.5100961412702,51.6696849953045,0,87.6545059204102,20.8165071544675,72.9033551216125,81.1333308565444,24.0782025687754,44.2045044434535,26.6339909145838,104.975514355828,121.434066772461,91.3805484771729,69.8483610153198,0,116.357999165853,55.9432857464521,0,57.4102703094482,63.4387857649061,43.1729857054624,163.568389892578,0,0,147.650767008464,0,121.72891998291,162.609466552734,87.3855717976888,0,66.1380780808469,135.863479614258,110.565895080566,146.077575683594,82.0244183131627,145.70378112793,85.2424462636312,0,0,75.1857643127441,96.3395014444987,128.661483764648,55.2434673032899,77.9221325487193,73.7319549934886,124.648384094238,199.432479858398,0,95.159657796224,0,0,90.6321930885315
90.008822412548,33.6666046225506,14.0061573397201,37.7827737138078,130.572151184082,162.213908894857,125.605073227312,91.8580992449658,111.771875186767,95.0467517640856,106.282063257554,73.9433435624646,133.545706007216,78.0089679718018,105.019829362761,123.403607788086,77.8231093088786,42.0008639521367,91.3836190359933,70.122683207194,149.681205113729,66.0771658077967,41.3377207109145,28.4456700932953,91.9267325953433,65.3945514972393,17.4969625687271,26.9986271094064,79.7508739818884,107.5992520313,68.6651827206184,85.2204402923584,164.635204206194,98.7723521873599,62.6475975471403,148.862113952637,77.8582418823242,82.5129159238158,73.894388385441,0,0,203.090847015381,151.58737426334,179.415084075928,145.103024074009,180.801459679237,109.358163452148,0,136.347732543945,162.652681986491,168.264404296875,109.688721550836,92.261969176695,137.646034240723,117.680108303494,236.223129272461,118.727954475247,81.663441389035,90.291233370381,149.620535070246,89.5374632615309,93.1872447763832,83.1342554443734,146.203553280588,186.342363145616,125.710663826235,0,0,147.511917114258,96.220263915808
72.8717537767747,12.0964874407503,37.7827737138078,27.3832851745407,65.4455754805584,117.42639541626,74.3418213379689,52.1209867062943,75.485301174695,34.9523247142872,70.6488011481223,60.918507084702,74.5184736471067,53.1684434466892,84.8348161697388,95.5281130472819,48.6076715172236,59.1289990419035,65.2463643691119,59.381957231566,63.6083278656006,48.4861201396323,24.7847298350639,62.4323399588566,36.9606337162859,25.4668063193417,38.8591641669749,33.6623376393345,48.3713851400497,69.5555972879976,52.5262272323993,69.5075308855842,122.279551188151,56.8440571908028,63.06490427731,76.1114906311035,79.8049545288086,67.9072816115159,24.0812986675062,121.512531280518,170.029418945312,98.4910314131756,73.634747761552,88.1179383595784,41.1824111938477,95.938082155974,97.0049912588937,106.689538435502,67.4400705337524,122.12091459077,107.980575561523,67.2430756462945,85.9307661790114,107.281898498535,113.033833590421,109.092867924617,62.6027275611614,65.10402502837,93.3419468020215,63.0479259439417,56.0267115774609,97.9037407636642,70.707164866201,73.0996126170716,92.4643659738394,68.8058956547787,105.570335388184,140.925598144531,65.3511004447937,79.6681306021554
93.6941680908203,134.370849609375,130.572151184082,65.4455754805584,7.98229229169984,91.0002212524414,63.595603598923,68.9405501870548,103.027713012695,43.2741738518079,16.4250994405197,0,24.3010766623141,178.497604370117,103.711955225745,64.3465111939803,87.4798965454102,178.09593963623,0,0,14.1279781836314,123.644424438477,69.8990870389071,106.181785583496,17.282923912296,0,0,118.193199157715,15.7052551246459,88.07669089497,117.314715576172,0,133.80069732666,79.8808214823405,93.2098898160256,159.41429901123,0,0,91.3331722391063,13.9098038725434,0,139.115052775333,135.896532149542,156.122581329346,89.3513671374712,104.519833079251,216.069076538086,73.5061445950631,0,162.155422813014,95.5156143733433,0,0,0,0,32.1988844328067,0,113.610496520996,186.619196573893,101.849255364176,0,0,163.82448832194,119.737741712831,159.167002360026,139.338333129883,0,0,0,150.344666671753
66.7317562103271,0,162.213908894857,117.42639541626,91.0002212524414,6.80867448791869,9.35873663641684,119.876248579759,19.4479999575715,76.9907180241176,116.172203650841,63.9598693847656,89.0574748390599,79.9536056518555,33.0000193513976,12.2235524517376,0,158.175395965576,101.974182128906,0,109.127298990885,120.206817626953,113.684209187826,147.195260620117,108.185480662755,0,88.4869842529297,183.645233154297,116.622480604384,26.1093776969798,118.161944071452,0,11.0676786801639,0,42.1611848172888,0,0,0,0,0,0,0,203.13256072998,0,99.0439529418945,0,0,0,0,0,0,0,0,0,0,0,0,0,0,185.254348754883,0,0,183.59156036377,0,0,0,0,0,0,218.170227050781
72.2996463926413,177.728675842285,125.605073227312,74.3418213379689,63.595603598923,9.35873663641684,11.0315834870269,62.2472586398935,19.8758788841388,74.798195487241,32.9374060985006,75.6501390861742,27.6490315678422,95.2239303588867,30.045739060438,14.1969809769346,123.149090576172,140.912596495255,84.3099517822266,135.924270629883,44.247910182403,121.862153371175,113.900464177132,119.046435490953,79.2687871622485,160.40559387207,149.510405843572,137.517018207751,67.0112424188294,33.0176862574555,96.9779992537065,165.494862874349,22.1733309746357,86.6493707357668,63.9150855408135,180.571784973145,199.669540405273,187.700450224035,128.300702412923,155.292325461783,199.873260498047,152.875857338073,143.34925696686,165.602407266805,136.748639033391,159.107050784348,0,162.361329996361,0,168.964128621419,143.584922790527,188.242340087891,0,0,197.955184936523,159.314788818359,174.724220275879,143.203290939331,177.816588381503,126.187564726799,196.424591064453,184.431213378906,190.447025972254,147.166193614287,170.928707122803,146.861369238959,0,0,168.507115681966,172.951118469238
34.1020035825597,99.9266560872396,91.8580992449658,52.1209867062943,68.9405501870548,119.876248579759,62.2472586398935,11.0804726588839,53.0874510921759,50.9656731925066,21.8572261510297,144.76219813029,54.6118324887501,151.432557106018,32.9979937904888,72.1113422321823,89.2594116210937,113.056961533119,0,132.621660868327,39.1098567404548,66.5004817897158,78.6033958007242,73.343583257851,52.555869521243,138.482139587402,117.64324356629,98.2748671119863,24.6305668694989,65.2273370784975,16.0302731639321,0,118.894068778829,63.9041298947909,73.6758266005508,129.08253288269,181.45947265625,148.260828018188,80.8873275365585,132.541759672619,0,141.57924171116,119.426734958995,141.004862500476,101.222018366275,134.683694915771,0,134.090044294085,0,147.096589909043,118.96633605957,139.034370422363,163.567969582298,0,172.676818847656,128.331422119141,129.724781036377,126.465913945978,141.169170888265,106.05008735876,0,182.33154296875,152.441025401271,116.059494859774,137.316847143039,115.920689633018,0,181.848091125488,116.827842712402,143.948421296619
17.6004356158182,114.184313456217,111.771875186767,75.485301174695,103.027713012695,19.4479999575715,19.8758788841388,53.0874510921759,10.8915013975959,76.1845424121805,29.4193836157238,74.1883533732096,84.7976161623901,133.420058931623,13.9166943119958,24.9529955179452,139.895081953569,112.233703308105,122.289297739665,136.228604316711,91.0602528670124,96.5569246134181,110.554023227176,102.238484123378,84.8906363941271,108.671615600586,135.839025035657,132.103009790406,80.2561681551625,27.7496378811832,74.847688476737,108.513511657715,15.4312831384245,87.9130034714602,49.7975571332915,128.116952896118,0,176.011395263672,120.358032226562,164.197311401367,239.134353637695,162.960620989118,144.138700688927,166.19403391299,117.568313598633,162.889076414562,0,164.692571640015,224.040328979492,172.218348503113,0,190.071792602539,185.896474202474,0,148.431060791016,172.269219970703,180.453674316406,139.754098892212,165.998107910156,136.840848743406,181.252807617188,181.555926852756,174.202614784241,147.662369708626,175.056157112122,151.732846941267,0,0,120.39183807373,170.656648523667
68.7332233716083,65.4110402521097,95.0467517640856,34.9523247142872,43.2741738518079,76.9907180241176,74.798195487241,50.9656731925066,76.1845424121805,7.28273902587811,69.405525348308,117.975059024871,12.7297910732923,113.083388661229,84.2321321147762,26.6532928207774,52.4428474024722,111.7503490448,122.995932945838,113.816622161865,16.8988209087512,81.4761149088542,29.1962448310573,98.6929165043243,17.3448026144378,98.3186625026216,107.672504675649,97.6269693540011,47.7604738544282,69.7448701652097,56.2534753763787,128.415008544922,123.11536916097,59.3186440064242,69.8938878139603,91.7715077400208,0,123.549034118652,27.6155063855021,86.9254041211358,0,95.6217649708623,87.111013578332,117.485373988296,38.7072534701403,99.9846557058939,165.055000305176,100.568887111119,134.458484649658,119.142636349327,54.0903625488281,138.022506713867,127.034652709961,164.821884155273,180.289131164551,97.3940238952637,108.049197387695,99.6009521484375,114.837368011475,59.349095916748,125.861581802368,163.580583908979,134.691504629035,86.6988235954569,103.451035072064,85.4364619255066,168.74626159668,136.163330078125,69.472119140625,110.652744293213
56.3332429797876,144.420399475098,106.282063257554,70.6488011481223,16.4250994405197,116.172203650841,32.9374060985006,21.8572261510297,29.4193836157238,69.405525348308,10.7865225664572,169.806126912435,23.2271525014021,166.366172790527,44.4353577878561,70.3708885216419,96.994585164388,138.70683064954,0,146.413215637207,14.1792456963961,90.983453577215,102.581245002747,92.2963322957357,49.3288059702626,0,132.234458767638,117.214812594595,32.024401278248,86.5374036139737,74.5474456086451,0,118.325539239562,85.3361229806576,85.8396799225023,148.941307067871,168.365997314453,165.264999389648,114.729404818627,32.6556617520759,0,157.012854921172,144.738882700602,172.003842926025,115.447237447103,158.121995579113,245.92992401123,126.22663336199,195.086837768555,177.868146481721,144.12696389591,177.416534423828,180.275283813477,201.926345825195,218.273735046387,155.952610998097,157.892936706543,142.162735833062,161.051220429249,124.474195082109,0,177.231353759766,171.488269282322,149.45498635057,177.833913017722,158.9151207419,0,218.155629475911,156.482818603516,175.542199251945
126.727217356364,53.7633295659419,73.9433435624646,60.918507084702,0,63.9598693847656,75.6501390861742,144.76219813029,74.1883533732096,117.975059024871,169.806126912435,11.7790178043974,137.82585144043,16.7040149705047,65.2978833786985,94.0899200439453,106.830727577209,39.3086361635977,21.1495659758108,18.2402621934222,133.047973632812,80.5386666059494,88.8728276421042,85.2151836302222,146.928318023682,25.1419535134232,24.5254180677102,48.3563078293915,126.582198293586,48.7158068579596,93.6396520863409,26.8572628772884,55.7518323751596,91.3188446044922,26.1202138661465,0,96.8224890572684,126.01796468099,54.8019322752953,0,0,0,0,0,141.387687683105,0,82.4750209990002,0,67.8472517538762,0,0,165.854248046875,112.962024688721,94.3462894718821,94.4060598302771,0,0,148.294342041016,131.160112169054,0,55.9897168014989,88.2805648022387,85.8936324199041,160.395278930664,137.933135986328,165.745788574219,89.5126991271973,0,0,86.1205889383952
87.9164373609755,149.825847625732,133.545706007216,74.5184736471067,24.3010766623141,89.0574748390599,27.6490315678422,54.6118324887501,84.7976161623901,12.7297910732923,23.2271525014021,137.82585144043,10.9743529044925,0,94.1676051051741,16.1996259904589,78.02294921875,156.124825159709,0,0,14.121033312778,124.800094604492,76.3797063191732,125.632482088529,17.2234736533772,153.41344833374,160.884315490723,130.872933959961,51.4069427429114,89.2003846941918,124.947972811185,0,113.73155988273,92.2934297478717,85.4300515960535,0,0,157.092346191406,135.870287808505,70.9257717327196,215.198844909668,145.614498589256,145.463209073837,158.753928751185,91.708498050005,131.392211794853,213.067604064941,12.4046050884106,0,186.10906139173,93.7192348133434,0,0,0,0,20.1438780564275,0,165.59196472168,178.536722183228,118.085058673625,0,0,206.343203226725,141.183365151434,188.481275770399,163.125461578369,0,0,164.686630249023,153.011057767001
0,49.386730016797,78.0089679718018,53.1684434466892,178.497604370117,79.9536056518555,95.2239303588867,151.432557106018,133.420058931623,113.083388661229,166.366172790527,16.7040149705047,0,8.1640680557169,86.6964015960693,147.226547241211,116.147125244141,92.2821713856288,46.4375096992407,49.5112323880196,144.74870300293,127.320795694987,83.8780882293103,115.455112750714,121.413638305664,24.7089039355359,28.7540640429165,25.2348043510494,134.324031284877,74.0386804853167,136.080375671387,9.41398866512877,114.438479614258,144.522338867188,51.5976236129736,147.582092285156,83.2521194111217,124.011371612549,44.7255213171403,0,0,0,162.149765014648,110.459949493408,140.383985519409,0,73.2794946369372,0,61.2273395424236,145.811740875244,185.781021118164,0,123.757399664985,90.5207511566498,95.171791712443,0,0,86.1828231811523,172.095321655273,156.712608337402,49.7851387466289,88.1769852005275,86.2280512463813,120.279487609863,0,188.292724609375,84.7336041132609,0,0,104.794746496739
14.1572753237934,0,105.019829362761,84.8348161697388,103.711955225745,33.0000193513976,30.045739060438,32.9979937904888,13.9166943119958,84.2321321147762,44.4353577878561,65.2978833786985,94.1676051051741,86.6964015960693,7.04251136402994,53.8187214886701,137.22314453125,103.692224933988,86.1716105143229,127.233228683472,99.3590032245041,88.2804371786759,104.616719404856,92.7566388003966,89.257620139464,79.6376800537109,125.253004627843,127.080642845517,80.955110567319,16.6536394778179,57.8187468262928,110.05721282959,11.3472915969547,42.8994463910448,41.6912214309123,151.413330078125,0,161.63949432373,142.897926330566,0,0,170.587134467231,155.188762119838,187.968519592285,127.755809783936,171.955526351929,0,147.476206461589,0,194.041409301758,0,175.844818115234,188.926081339518,0,242.886764526367,185.009078979492,0,106.426071166992,164.035096062554,147.837851347747,0,178.805760701497,168.201259388643,147.342598895637,165.679977416992,154.329295158386,0,0,0,187.788516235352
71.7195501327515,99.6929138183594,123.403607788086,95.5281130472819,64.3465111939803,12.2235524517376,14.1969809769346,72.1113422321823,24.9529955179452,26.6532928207774,70.3708885216419,94.0899200439453,16.1996259904589,147.226547241211,53.8187214886701,7.47350549203158,0,167.365692138672,0,148.193161010742,54.8694316534687,94.3826942443848,75.9606006846708,114.223822784424,48.7266729915332,151.127578735352,138.690387301975,139.035114403927,78.808437365752,42.166743909809,82.0731360695579,0,33.7293577369737,102.887852562798,59.3625604521553,139.671264648438,0,166.800888061523,48.1653594970703,134.160910712348,0,144.146135602679,154.082717895508,178.236114501953,69.4149714878627,126.686505831205,0,112.810127766927,0,171.454177856445,71.8682098388672,0,0,0,0,116.044261508518,0,134.875579833984,167.949592590332,102.568720318022,0,0,165.928489685059,138.554868131071,0,143.742645263672,0,0,0,0
157.797546386719,57.0178539878444,77.8231093088786,48.6076715172236,87.4798965454102,0,123.149090576172,89.2594116210937,139.895081953569,52.4428474024722,96.994585164388,106.830727577209,78.02294921875,116.147125244141,137.22314453125,0,13.1365629920957,93.8778468608856,0,112.757662582397,0,23.4006117436468,33.5089335744266,21.002172938309,27.9876246645935,98.9236145019531,96.3102434158325,25.8469827234059,44.5529212708249,107.467544780058,69.0057674045178,140.118087768555,0,77.5161901473999,72.9192447108352,110.8076171875,0,125.217415809631,118.42179107666,165.498901367188,0,196.994033813477,138.13213293893,179.157678222656,79.3026487177069,154.532135009766,0,157.59521484375,0,154.999593098958,0,98.2841695685136,128.506748546254,0,149.589196777344,0,106.055507516861,61.7456492298054,94.3667347074131,107.570841533382,0,136.081276787652,110.92248585539,111.340737459952,123.980435180664,105.215623926233,0,0,101.617324829102,127.045389615572
87.8345340199831,47.6902450837797,42.0008639521367,59.1289990419035,178.09593963623,158.175395965576,140.912596495255,113.056961533119,112.233703308105,111.7503490448,138.70683064954,39.3086361635977,156.124825159709,92.2821713856288,103.692224933988,167.365692138672,93.8778468608856,9.15453183352528,32.2741222986715,17.8042495786761,206.304840087891,53.4467248286794,72.8196631261747,21.2856099593256,112.492453491211,50.979607233187,24.3885886674821,59.2472999092234,102.365055552165,86.1028285960705,64.5224546255969,63.1530146598816,155.095102945964,83.4084208646267,34.7210923406517,164.507019042969,81.279118562356,95.9889538400125,93.5082940321702,0,0,199.462692260742,172.526624043783,193.716412630948,134.717903137207,188.960205078125,102.82218170166,0,107.423698425293,188.995554924011,0,133.394550323486,101.707162578686,123.61664390564,106.876887175996,0,128.81190328887,106.59174041748,114.894819525224,149.521565028599,102.863022940499,96.9662819735726,96.5059902378089,142.436740743703,185.273696899414,130.557670593262,0,0,121.102081298828,114.741852871207
128.269187927246,66.5100961412702,91.3836190359933,65.2463643691119,0,101.974182128906,84.3099517822266,0,122.289297739665,122.995932945838,0,21.1495659758108,0,46.4375096992407,86.1716105143229,0,0,32.2741222986715,8.23012243474488,11.2618493903753,0,93.6975931440081,102.254172381233,92.158061504364,0,46.3379517488701,20.2426734151158,54.5583683366535,0,80.1208226945665,104.116836547852,50.3950415655624,91.6730372111003,107.623332977295,58.8862692417092,0,94.9980036417643,0,85.2937278747559,0,0,0,0,152.816864013672,144.427207946777,0,99.3311818440755,0,92.4511228288923,0,0,175.379913330078,112.904449462891,102.784551348005,98.5625666300456,0,0,133.244003295898,139.074432373047,0,70.1335029041066,98.4465252300641,97.2012805232295,0,0,158.280349731445,106.862426757812,0,0,119.38580915663
107.24961124767,51.6696849953045,70.122683207194,59.381957231566,0,0,135.924270629883,132.621660868327,136.228604316711,113.816622161865,146.413215637207,18.2402621934222,0,49.5112323880196,127.233228683472,148.193161010742,112.757662582397,17.8042495786761,11.2618493903753,7.85416283419353,0,75.2942739885245,87.7244398593903,50.4520218628275,125.331713162936,36.8651263879505,17.0252731992602,58.0259480437757,109.447007497152,94.0791899492951,83.4041170858259,49.8531607142035,120.385317484538,92.797069311142,38.5078097840739,0,78.9453880310059,113.937404378255,97.6408074696859,0,0,216.084884643555,0,0,190.414703369141,0,101.438150024414,0,81.5320019721985,0,0,146.852996826172,108.481292377819,102.914279683431,96.1973596811295,0,137.293863932292,114.003435134888,142.704594005238,183.681335449219,73.3837983873155,88.935907167809,94.9050345661664,162.626953125,161.256103515625,230.805068969727,112.455149332682,0,176.091400146484,112.120511372884
96.0241625750506,0,149.681205113729,63.6083278656006,14.1279781836314,109.127298990885,44.247910182403,39.1098567404548,91.0602528670124,16.8988209087512,14.1792456963961,133.047973632812,14.121033312778,144.74870300293,99.3590032245041,54.8694316534687,0,206.304840087891,0,0,10.2581181194596,134.906616210938,86.6647844314575,98.9611701965332,14.0191901492711,0,161.268096923828,132.642739977155,31.4250298177244,93.69999744105,103.845524597168,0,129.354137645048,81.5180833180745,85.912500154854,0,0,176.995391845703,111.054144995553,18.144976712437,0,145.54996121984,131.968825405084,155.542721845102,93.9507857150719,142.031300432542,201.485687255859,62.2340868197075,0,169.387497329712,98.1726852416992,138.153717041016,170.972946166992,0,0,30.104874533363,0,191.545227050781,158.012727355957,107.046571945151,0,171.121337890625,201.549652099609,115.902617770395,166.913905673557,149.847248077393,0,0,233.927536010742,172.89614185534
77.6210714122917,87.6545059204102,66.0771658077967,48.4861201396323,123.644424438477,120.206817626953,121.862153371175,66.5004817897158,96.5569246134181,81.4761149088542,90.983453577215,80.5386666059494,124.800094604492,127.320795694987,88.2804371786759,94.3826942443848,23.4006117436468,53.4467248286794,93.6975931440081,75.2942739885245,134.906616210938,9.3998256510795,46.7080108358032,22.1667004929443,50.7692024370463,108.080009460449,89.7357796353532,69.3322236572173,21.5036319951942,53.9273434771053,20.5253160319219,143.006782531738,144.925167507595,45.9831962114077,40.2657630487867,128.284060886928,134.944194793701,121.734748037238,122.875299072266,0,0,187.558776855469,139.829357910156,185.764689127604,84.5258631706238,214.579772949219,161.233810424805,0,0,173.984405517578,126.624839782715,103.551231494848,142.397846984863,0,157.107847213745,0,102.581431125073,83.5710116492377,101.079141965013,109.241800075624,0,150.148418426514,123.414997490085,112.509186553955,126.774752530185,104.713350242543,0,0,89.654216003418,112.062912585689
100.775887100785,20.8165071544675,41.3377207109145,24.7847298350639,69.8990870389071,113.684209187826,113.900464177132,78.6033958007242,110.554023227176,29.1962448310573,102.581245002747,88.8728276421042,76.3797063191732,83.8780882293103,104.616719404856,75.9606006846708,33.5089335744266,72.8196631261747,102.254172381233,87.7244398593903,86.6647844314575,46.7080108358032,7.92348130735093,44.2653484531646,24.1760675664383,66.5812894185384,76.5510614498241,36.5167100991558,48.8941238915214,78.6038607083834,51.8708260163017,95.9353062022816,143.910140991211,57.9783576282103,56.2553782252616,97.8835144042969,109.755651473999,71.4050851148718,79.7915329933167,160.907079060872,0,151.298556736537,120.54766204834,153.037542724609,81.1668538180265,133.600361294217,100.608707427979,143.137916564941,106.648149278429,127.037461174859,94.5163383483887,53.6249592002781,97.4545541158537,146.080520629883,105.437572479248,0,61.5461536275929,35.290171715521,55.8810187426837,89.7722977724942,86.5709968566894,118.206102689107,75.1759076537667,92.2130651306688,133.300163269043,79.528723417823,183.850112915039,0,80.8403205871582,75.4964605632581
80.3985123790394,72.9033551216125,28.4456700932953,62.4323399588566,106.181785583496,147.195260620117,119.046435490953,73.343583257851,102.238484123378,98.6929165043243,92.2963322957357,85.2151836302222,125.632482088529,115.455112750714,92.7566388003966,114.223822784424,21.002172938309,21.2856099593256,92.158061504364,50.4520218628275,98.9611701965332,22.1667004929443,44.2653484531646,11.797630442681,65.532514798807,113.893825107151,62.263953035049,40.785400429707,44.4539349344471,74.2402481449865,45.5790495609219,126.051361083984,153.189136505127,75.9738212678491,46.6596224783235,169.500833129883,107.151012714093,95.4142497815584,117.692312541761,178.152740478516,0,177.755530724159,146.720186382791,178.408326432512,127.039847479926,159.667611694336,136.618881225586,186.904434204102,121.711048126221,176.431292942592,124.274070739746,98.395560398638,119.321755271288,214.808334350586,146.635571797689,168.72395324707,103.089040490084,72.0198476763739,95.2849309525778,122.992611371554,118.759201049805,123.658110173543,98.3298913738396,127.255680571464,150.942229376899,120.412720380511,0,0,113.168279647827,122.544099846665
78.1406802951165,81.1333308565444,91.9267325953433,36.9606337162859,17.282923912296,108.185480662755,79.2687871622485,52.555869521243,84.8906363941271,17.3448026144378,49.3288059702626,146.928318023682,17.2234736533772,121.413638305664,89.257620139464,48.7266729915332,27.9876246645935,112.492453491211,0,125.331713162936,14.0191901492711,50.7692024370463,24.1760675664383,65.532514798807,11.0853066819385,120.764328589806,114.397305141796,63.5219830294801,18.2444754331883,73.6907994978935,67.3613267519542,142.614959716797,134.218804931641,68.4734719060361,73.0406491591424,115.239288999323,140.247760772705,144.136561163541,66.6020573254289,108.938694565384,178.894317626953,123.650342039801,110.654230763098,137.293225996333,66.9843761057094,122.334393554461,180.251258850098,118.154394616021,0,144.131209162355,109.08892966961,125.367059707642,162.603180567423,211.839508056641,178.315933227539,115.464459836873,104.490938039926,114.547162737165,123.46672177602,89.5564280468945,186.154632568359,176.277280535017,145.122394318276,106.66045990117,133.646913339804,105.41517572289,0,178.091862996419,118.23194548663,134.900141837902
0,24.0782025687754,65.3945514972393,25.4668063193417,0,0,160.40559387207,138.482139587402,108.671615600586,98.3186625026216,0,25.1419535134232,153.41344833374,24.7089039355359,79.6376800537109,151.127578735352,98.9236145019531,50.979607233187,46.3379517488701,36.8651263879505,0,108.080009460449,66.5812894185384,113.893825107151,120.764328589806,8.95283024543344,41.3182397163351,22.8088709110091,137.281461715698,69.8699293136597,0,48.6853261201278,0,0,53.3251402035206,247.73762512207,73.8124073028564,131.481674194336,28.1199327829316,0,0,179.619018554688,0,225.496231079102,123.396099090576,0,65.3051799508028,0,49.277532437018,183.451110839844,0,0,117.58247833252,81.3856889343262,82.1241541682063,0,0,106.405181884766,87.502571105957,0,36.9026593202462,73.4865200475895,68.7454529464886,226.082366943359,172.193717956543,0,73.5912575354943,0,0,94.9973098754883
110.417500703231,44.2045044434535,17.4969625687271,38.8591641669749,0,88.4869842529297,149.510405843572,117.64324356629,135.839025035657,107.672504675649,132.234458767638,24.5254180677102,160.884315490723,28.7540640429165,125.253004627843,138.690387301975,96.3102434158325,24.3885886674821,20.2426734151158,17.0252731992602,161.268096923828,89.7357796353532,76.5510614498241,62.263953035049,114.397305141796,41.3182397163351,9.97653755836297,18.1325482626687,114.966212427048,103.225037408789,95.3093210599238,19.01331830194,126.336286756727,103.270113099296,51.7175975682611,163.946153428819,69.8896814088027,93.0039080181261,80.2456525914809,191.722091674805,0,174.004302978516,172.329302978516,190.916291130914,146.212317330497,177.513668060303,100.504209177118,184.710891723633,88.3774452882654,185.251281738281,156.045216878255,127.98598245474,94.2723780574962,101.229767008031,94.4634549761009,0,133.316843159993,106.618764215586,128.556524411054,171.144192831857,66.3790834692658,84.7391499628051,88.3113644837715,166.07065246582,159.876232147217,151.207347869873,100.380626283843,0,136.360845565796,105.911977481348
119.367225552783,26.6339909145838,26.9986271094064,33.6623376393345,118.193199157715,183.645233154297,137.517018207751,98.2748671119863,132.103009790406,97.6269693540011,117.214812594595,48.3563078293915,130.872933959961,25.2348043510494,127.080642845517,139.035114403927,25.8469827234059,59.2472999092234,54.5583683366535,58.0259480437757,132.642739977155,69.3322236572173,36.5167100991558,40.785400429707,63.5219830294801,22.8088709110091,18.1325482626687,11.4593502818741,68.1970701415699,118.275096848432,96.4416042718111,11.265526342451,150.526194254557,109.997848296433,63.9022830990157,153.277012825012,79.7583109181247,84.3928224112101,70.5701685905456,150.865699768066,0,203.180132779208,151.430229949951,172.924078369141,152.966762195934,171.558202209473,97.5785038821347,224.634826660156,85.9812346361354,174.035497765792,174.015584309896,108.415329519626,100.255676998046,103.12234860156,102.91542654396,188.541946411133,121.110038093899,73.4381599741014,93.2258775730834,148.500954196878,67.423310344127,91.3824861525618,87.5998275629066,143.451875069291,181.577070969802,139.724589607932,107.492633016486,140.808883666992,153.477609634399,107.399590303426
70.085521994359,104.975514355828,79.7508739818884,48.3713851400497,15.7052551246459,116.622480604384,67.0112424188294,24.6305668694989,80.2561681551625,47.7604738544282,32.024401278248,126.582198293586,51.4069427429114,134.324031284877,80.955110567319,78.808437365752,44.5529212708249,102.365055552165,0,109.447007497152,31.4250298177244,21.5036319951942,48.8941238915214,44.4539349344471,18.2444754331883,137.281461715698,114.966212427048,68.1970701415699,11.9014373196163,74.6732561150941,33.7170484488277,167.968546549479,130.290949140276,65.4636902437977,64.1681600066721,118.642161560059,155.597526550293,144.309678077698,76.1958276633448,95.0580353852125,182.760566711426,144.979981424767,118.767724007999,151.404611978571,82.515003108015,144.516336386396,196.109239578247,144.976224165696,0,147.311939351699,128.014290703668,112.500476505445,156.549446487427,0,158.059790802002,142.869117357073,104.688016046452,116.660510021707,126.53085462182,105.559045767431,200.958831787109,177.584722847774,149.906970659892,120.8182450115,134.471010021135,107.680487349661,0,195.484680175781,117.990271806717,136.974972322763
17.8303194649094,121.434066772461,107.5992520313,69.5555972879976,88.07669089497,26.1093776969798,33.0176862574555,65.2273370784975,27.7496378811832,69.7448701652097,86.5374036139737,48.7158068579596,89.2003846941918,74.0386804853167,16.6536394778179,42.166743909809,107.467544780058,86.1028285960705,80.1208226945665,94.0791899492951,93.69999744105,53.9273434771053,78.6038607083834,74.2402481449865,73.6907994978935,69.8699293136597,103.225037408789,118.275096848432,74.6732561150941,8.66075222998893,31.9115599762128,81.4989547729492,11.6450335872117,15.0228788603944,35.1739375620236,133.143622658469,118.600242614746,162.124152047294,94.1904050386869,177.204874038696,0,170.124059262483,138.86863005395,176.043043212891,88.486791065761,172.929232877844,102.645702362061,192.548849105835,0,170.487256186349,167.24853515625,0,174.167653401693,0,168.483163833618,201.389532470703,104.261901855469,110.842010498047,157.057050977434,131.130271655171,127.05354309082,134.206037521362,152.757296023162,135.574201306861,146.689465999603,124.618777388233,0,0,105.976715087891,143.845987531874
30.18302605545,91.3805484771729,68.6651827206184,52.5262272323993,117.314715576172,118.161944071452,96.9779992537065,16.0302731639321,74.847688476737,56.2534753763787,74.5474456086451,93.6396520863409,124.947972811185,136.080375671387,57.8187468262928,82.0731360695579,69.0057674045178,64.5224546255969,104.116836547852,83.4041170858259,103.845524597168,20.5253160319219,51.8708260163017,45.5790495609219,67.3613267519542,0,95.3093210599238,96.4416042718111,33.7170484488277,31.9115599762128,9.53652780576179,152.202125549316,119.40806388855,39.9952692315427,35.2207171614013,123.410910415649,0,131.903919078686,84.0561025666028,150.887619018555,0,141.628328323364,122.05399092506,148.479728426252,79.2452561751656,142.160903167725,227.820739746094,158.334889729818,151.032684326172,148.884359688594,132.05389213562,107.81298205727,168.955379486084,0,157.734710693359,153.504417419434,106.540302744219,122.472721099854,116.0288223802,108.054303475789,0,143.897303104401,137.535557556152,110.798162532032,133.940561527159,107.629888253842,0,166.857696533203,115.570677506296,117.212892466578
117.761535644531,69.8483610153198,85.2204402923584,69.5075308855842,0,0,165.494862874349,0,108.513511657715,128.415008544922,0,26.8572628772884,0,9.41398866512877,110.05721282959,0,140.118087768555,63.1530146598816,50.3950415655624,49.8531607142035,0,143.006782531738,95.9353062022816,126.051361083984,142.614959716797,48.6853261201278,19.01331830194,11.265526342451,167.968546549479,81.4989547729492,152.202125549316,4.28730976351169,175.057094573975,0,68.3334678649902,0,107.610177993774,126.486671447754,69.9216232299805,0,0,0,0,0,0,202.525497436523,94.0612369884144,0,81.304456392924,0,0,0,129.615808486938,98.3711920844184,102.468370437622,0,0,128.428192138672,0,0,69.8848975106572,97.6085687425401,97.5509322030204,0,0,0,104.837278366089,0,0,103.372566223145
87.9053460359573,0,164.635204206194,122.279551188151,133.80069732666,11.0676786801639,22.1733309746357,118.894068778829,15.4312831384245,123.11536916097,118.325539239562,55.7518323751596,113.73155988273,114.438479614258,11.3472915969547,33.7293577369737,0,155.095102945964,91.6730372111003,120.385317484538,129.354137645048,144.925167507595,143.910140991211,153.189136505127,134.218804931641,0,126.336286756727,150.526194254557,130.290949140276,11.6450335872117,119.40806388855,175.057094573975,6.57945463253323,61.1971969604492,43.4414466726369,0,0,221.676605224609,0,0,0,0,226.656890869141,0,0,0,0,0,0,0,0,0,0,0,0,0,0,0,220.263305664062,174.742192586263,0,0,0,195.424499511719,242.537673950195,231.183715820312,0,0,236.848159790039,0
35.6473039681794,116.357999165853,98.7723521873599,56.8440571908028,79.8808214823405,0,86.6493707357668,63.9041298947909,87.9130034714602,59.3186440064242,85.3361229806576,91.3188446044922,92.2934297478717,144.522338867188,42.8994463910448,102.887852562798,77.5161901473999,83.4084208646267,107.623332977295,92.797069311142,81.5180833180745,45.9831962114077,57.9783576282103,75.9738212678491,68.4734719060361,0,103.270113099296,109.997848296433,65.4636902437977,15.0228788603944,39.9952692315427,0,61.1971969604492,7.18725825923967,29.0879532699924,123.520170211792,166.807952880859,145.178192138672,78.2614391326904,183.639930725098,0,147.572994995117,128.597772386339,141.140314737956,93.0016736984253,156.610568576389,0,154.664053344727,0,146.20120493571,0,0,160.460764567057,0,0,175.035939534505,122.510749816895,133.933464050293,146.782343546549,110.974242891584,0,172.899978637695,139.817192077637,121.044040625436,134.612204331618,116.389054994325,0,0,122.092662811279,143.043759918213
53.1718615809968,55.9432857464521,62.6475975471403,63.06490427731,93.2098898160256,42.1611848172888,63.9150855408135,73.6758266005508,49.7975571332915,69.8938878139603,85.8396799225023,26.1202138661465,85.4300515960535,51.5976236129736,41.6912214309123,59.3625604521553,72.9192447108352,34.7210923406517,58.8862692417092,38.5078097840739,85.912500154854,40.2657630487867,56.2553782252616,46.6596224783235,73.0406491591424,53.3251402035206,51.7175975682611,63.9022830990157,64.1681600066721,35.1739375620236,35.2207171614013,68.3334678649902,43.4414466726369,29.0879532699924,10.8789039883329,145.507488250732,87.2430011204311,102.710549917566,91.9309343477575,175.928359985352,0,177.243567215769,145.18857330026,178.981950683594,112.482930696928,177.98250664605,124.767292567662,167.441056387765,113.56679948171,171.674889937691,171.480621337891,114.774292310079,113.36651429263,106.92121887207,112.883851418128,176.237614222935,108.221238218708,90.7139818619709,106.087034994501,130.454929525202,75.0647229646382,105.239053174903,103.39044554065,132.394824935729,134.16520514855,121.255235177499,141.989651997884,0,137.600856018066,129.946950017189
0,0,148.862113952637,76.1114906311035,159.41429901123,0,180.571784973145,129.08253288269,128.116952896118,91.7715077400208,148.941307067871,0,0,147.582092285156,151.413330078125,139.671264648438,110.8076171875,164.507019042969,0,0,0,128.284060886928,97.8835144042969,169.500833129883,115.239288999323,247.73762512207,163.946153428819,153.277012825012,118.642161560059,133.143622658469,123.410910415649,0,0,123.520170211792,145.507488250732,10.7873899537244,163.084655761719,99.022234061185,62.8073705785415,79.0287595476423,99.4577407836914,88.9243286719689,26.9266063233554,45.6720883339516,62.191771448875,51.9551898690289,113.625489724649,111.215004487471,126.567596435547,20.2260982601444,41.4515672683716,102.788179016113,96.143396983946,126.211329740636,113.500013769385,104.975897979736,68.7092042476573,100.575424739293,93.7597436610823,61.4340909488166,120.540222167969,110.28973232061,120.62275982666,78.40160800804,16.6018422302799,22.9628112257928,164.65022277832,81.8285331726074,41.1475045821246,72.1032979771711
0,57.4102703094482,77.8582418823242,79.8049545288086,0,0,199.669540405273,181.45947265625,0,0,168.365997314453,96.8224890572684,0,83.2521194111217,0,0,0,81.279118562356,94.9980036417643,78.9453880310059,0,134.944194793701,109.755651473999,107.151012714093,140.247760772705,73.8124073028564,69.8896814088027,79.7583109181247,155.597526550293,118.600242614746,0,107.610177993774,0,166.807952880859,87.2430011204311,163.084655761719,5.53823517307541,43.9468543211619,19.0695847927747,0,0,118.730285644531,112.509078285911,147.42561340332,65.6492440636298,143.534561157227,54.9747261787528,107.191200256348,49.7343588659208,137.803591047015,102.03613319397,76.4362087249756,47.9532865829286,64.0384715398153,53.5588132946062,0,81.2256353818453,20.1608015715303,62.024094465737,66.9100896826288,17.449677067535,41.7999931852502,26.6525101288396,98.5459022521973,133.119226629084,91.9415802001953,58.6999336242676,0,79.4951248168945,56.1368673954284
157.068148803711,63.4387857649061,82.5129159238158,67.9072816115159,0,0,187.700450224035,148.260828018188,176.011395263672,123.549034118652,165.264999389648,126.01796468099,157.092346191406,124.011371612549,161.63949432373,166.800888061523,125.217415809631,95.9889538400125,0,113.937404378255,176.995391845703,121.734748037238,71.4050851148718,95.4142497815584,144.136561163541,131.481674194336,93.0039080181261,84.3928224112101,144.309678077698,162.124152047294,131.903919078686,126.486671447754,221.676605224609,145.178192138672,102.710549917566,99.022234061185,43.9468543211619,10.8217475604184,45.4063959867595,108.981979370117,156.260887145996,118.390018318937,87.1690083532254,111.25923905223,97.3273044041225,92.5818106933725,97.53552539532,160.641031901042,93.1640235053168,106.305117763623,119.634521484375,87.0620810190837,37.8320877240117,89.619251675076,71.8181804426564,188.874153137207,60.1692913218242,43.475825143897,19.9953939535553,105.372301265172,74.3986587524414,19.1476528994536,24.4870147684079,77.3227167429414,127.785509062976,75.0673211253419,100.204895019531,155.541618347168,100.141270030629,59.078869457501
106.198677062988,43.1729857054624,73.894388385441,24.0812986675062,91.3331722391063,0,128.300702412923,80.8873275365585,120.358032226562,27.6155063855021,114.729404818627,54.8019322752953,135.870287808505,44.7255213171403,142.897926330566,48.1653594970703,118.42179107666,93.5082940321702,85.2937278747559,97.6408074696859,111.054144995553,122.875299072266,79.7915329933167,117.692312541761,66.6020573254289,28.1199327829316,80.2456525914809,70.5701685905456,76.1958276633448,94.1904050386869,84.0561025666028,69.9216232299805,0,78.2614391326904,91.9309343477575,62.8073705785415,19.0695847927747,45.4063959867595,25.8654991933973,70.0593957055973,115.281002044678,74.8656607534911,56.6095590342646,82.1080355070352,37.6417879745095,71.4527545332653,55.9625973943937,82.9291971965009,34.0554054811083,85.7924830021749,86.5876379514995,68.7036135603742,60.9582077085856,75.6458166440328,61.8985079182268,76.1063271760941,89.9974336467806,42.5864426395987,70.8268963104398,37.7903524233522,15.3294537578533,44.2345826756012,36.0218179662527,52.4883685721189,72.295493761233,62.1976910488946,61.7395587921143,119.995290483747,62.8182646807502,67.3865139518628
