12.8675495883469,123.325579325358,98.9838992827529,78.0964487791061,95.1538505554199,81.0940483940972,71.9273011091817,36.9276454666154,42.2326678353444,77.0325792212235,67.9727809483531,98.5031905739994,104.337445632271,135.914693659002,24.5446443531223,66.8603155953544,114.56389465332,99.9023382230793,127.195322799683,131.045843618887,101.313536882401,79.256015786065,108.525289535522,85.7248411081736,84.2174845928421,122.015167236328,121.195277761906,128.894631175252,84.5034244190563,19.8511431303182,36.5868115081017,121.924072265625,75.8547662553333,68.4527654647827,69.4125932998206,115.609367370605,0,170.389923095703,82.54814453125,221.553894042969,0,178.045064290365,150.37119547526,0,68.5681610107422,178.831578572591,0,151.843856811523,0,186.746353149414,0,0,0,0,0,140.37633895874,0,98.6448364257812,182.813499450684,141.753781285779,0,174.873301188151,159.360562801361,147.801692962646,161.087933858236,141.172382354736,0,0,0,170.166198730469
123.325579325358,6.94081016767084,48.7380497672341,16.5260603859542,119.387280782064,131.191912333171,131.572158813477,117.065492248535,123.753770192464,64.5002272727558,187.142932891846,58.2664176206538,124.041404724121,52.379039225545,120.497359642616,104.242432429873,61.0550416310628,50.6246971965166,64.4502999090379,58.6014090538025,99.6055577596029,97.3015937805176,20.4713714154183,74.7118865793402,80.3905516408218,26.2487610043346,45.4637641497185,29.0111066966984,105.29873079867,105.536443857046,103.915430242365,64.065053890913,98.5050964355469,102.695579528809,61.4111316905302,116.497261047363,62.8212894201279,70.5845315639789,60.4988285064697,0,0,0,149.344639587402,0,188.595834350586,162.592895507812,124.987913131714,0,93.6540641784668,179.509241739909,0,76.4687171936035,86.0352453934519,121.988619995117,94.2980388641357,167.673141479492,126.132110595703,50.0993391383778,75.6788437366486,125.375025177002,58.720278845893,94.9910132705524,72.6272950867313,146.405010768345,0,114.220684051514,152.967796325684,0,120.60913848877,105.03635559082
98.9838992827529,48.7380497672341,13.2840479356771,101.162189190204,136.569981892904,172.747594197591,132.707270892407,99.739836990696,129.368555374281,113.898583221436,119.689228874012,97.4333226355047,168.252087290694,105.395587666829,117.237633734941,141.186141258062,108.475612539994,46.1902502488413,96.545223236084,76.3611538139815,156.12647545856,66.8647956137029,73.8642772581519,37.0192096023136,108.671012353206,167.207448323568,30.1322427382088,36.150783062503,85.3751638435716,120.689154695408,88.6186445977077,94.2781309647994,175.447211129325,101.528730957596,68.0010335977673,166.53537495931,75.331409072876,91.999374244433,98.4458465576172,205.006083170573,0,153.874984741211,163.624021368512,192.399765650431,141.509641207181,166.195169448853,131.010480880737,216.913177490234,117.803482055664,177.052092052641,0,110.024782010824,114.563748342548,154.532385253906,129.393608456566,231.773651123047,133.287379909206,79.2841969430447,102.519669087728,157.870688489688,120.349931716919,116.569996923463,91.2950984694294,155.646758844823,161.843755086263,149.764598723381,142.003341674805,0,166.691070556641,130.366128031413
78.0964487791061,16.5260603859542,101.162189190204,19.4682982786531,66.8092976888021,91.4534072875977,80.7944142376935,59.6135713586855,91.5050976053874,20.9050938111188,82.8799120585124,63.9172036144712,60.4490208387375,43.5483567697637,93.732878778039,66.6642456054688,38.537555606068,79.8518297126494,70.8439988222989,80.5172104608445,65.1840705871582,56.925861581843,26.1454659496181,71.5272764134326,42.4316597059137,16.9806041850279,55.0444277619662,36.960264387624,54.5135807684802,73.5032233474075,58.3838222924243,56.4456835428874,148.870584487915,56.965281829834,72.3364326672676,104.369081497192,75.8827157020569,104.823408508301,43.5969988959176,101.035899268256,135.229309082031,92.1102940486028,86.4326365334647,120.087797292074,18.6317050277062,92.1042294311523,101.574498857771,96.6990763346354,95.3575250962201,130.218681971232,92.685432434082,65.5597940527875,114.609061876933,0,136.862157968374,99.4027471040425,68.3075805077186,16.1372712972213,94.0872337477548,58.9652728793749,92.4011972427368,113.954063127626,96.3029558643414,82.0484248652603,119.704707145691,76.5373983383179,100.756457519531,0,99.1203053792318,97.6891530354818
95.1538505554199,119.387280782064,136.569981892904,66.8092976888021,9.03989143119911,117.449487304687,65.2525251820601,76.6694028334184,111.832525582149,35.6556712751453,15.8693295444162,160.416142054967,33.6501596067983,164.214075724284,116.635108851179,65.4223663277096,0,193.157689412435,173.794166564941,186.122146606445,15.0825007596048,233.552368164062,65.0330051845974,128.897047776442,18.6499434998552,153.471588134766,172.899968465169,133.090795370249,23.1820687826133,105.579066635272,92.6529098510742,177.276107788086,134.021361351013,74.698205947876,90.6712480024858,187.628211975098,0,235.591873168945,76.4859777178083,25.0621553936421,0,143.164579553119,126.205177307129,162.555946876263,82.8969401735248,141.820239103757,202.748413085938,64.7570052288827,0,166.558277893066,98.7148609161377,146.240005493164,0,0,0,25.4128689806599,152.851014709473,0,0,100.214120437752,0,0,206.402366638184,120.963004492895,158.592242240906,119.400146484375,0,0,139.204120635986,179.056976318359
81.0940483940972,131.191912333171,172.747594197591,91.4534072875977,117.449487304687,7.24560957789604,11.886447180817,116.688704260464,15.7862555163087,68.9135363101959,110.626595365084,66.3645612276517,72.4118696594238,92.1145153045654,33.9348855387685,14.8195233948159,0,154.337840809542,93.8397350311279,0,113.540377876975,146.565841674805,135.905824661255,162.10300554548,99.7203959929637,0,155.087822547326,163.499352931976,120.490974984518,32.4002577202661,124.867322921753,128.124816894531,10.6931417453378,52.969539642334,38.0207222135443,0,134.879211425781,0,0,0,0,0,185.776336669922,0,184.524963378906,141.279876708984,0,95.4186248779297,0,0,0,0,0,0,0,136.565734863281,0,0,0,140.885411834717,0,0,157.949523925781,168.47031656901,0,0,0,0,0,0
71.9273011091817,131.572158813477,132.707270892407,80.7944142376935,65.2525251820601,11.886447180817,13.2505376541696,64.877208061751,22.0142327839568,79.2477488658837,34.375521247043,120.9840543801,32.1622222161464,138.201500623654,39.6780211257215,17.6781851970471,154.908090764826,150.796925207184,141.61860074495,154.971175745914,47.2912611519656,113.251792198973,133.09352323744,128.948367678269,86.7487749539889,142.843140920003,151.426067592381,146.215044480227,75.4672581348039,57.5898930735411,90.7310950841101,155.367151260376,20.032153142464,99.7345222024357,89.240231464502,195.588394165039,0,190.897958608774,119.36659362793,164.252794405309,183.804077148438,155.856723393235,145.005896923589,168.009376627604,108.089763920482,160.101786824016,172.072718302409,122.847688859509,187.668312072754,168.209660456731,168.559347788493,178.290893554688,225.471110026042,216.722152709961,202.08674621582,158.567822889848,188.066375732422,161.625305175781,188.346920558384,129.721128504327,0,215.746698552912,194.639419223951,145.814914423194,180.895441515692,171.305191040039,146.637893676758,199.216949462891,154.468685913086,178.496685908391
36.9276454666154,117.065492248535,99.739836990696,59.6135713586855,76.6694028334184,116.688704260464,64.877208061751,11.3784707714424,63.822723377072,51.8734501976104,23.0175872694419,141.823406955652,74.4247162776628,152.385765790939,55.2856016333665,79.7800265354897,94.5089528882826,121.811800399088,166.445770263672,152.601473563058,33.7188302147451,70.6283019575354,82.9421663284302,86.0064443531511,56.7360979198504,145.458389282227,132.28617807714,117.000448766744,32.8411064238722,73.8753344223895,26.5209550866212,168.717505318778,121.590034333286,65.1855995960725,78.6339831210823,139.361509843306,171.110305786133,160.163354237874,77.1617537054397,141.120717208997,0,147.71156665257,122.852901625807,153.528030807908,92.6329105801052,139.343294360421,224.453058878581,138.909818099717,213.665557861328,163.2469360645,127.814556121826,134.552529278923,185.91968536377,0,221.236427307129,137.064343566895,139.192857833136,134.575304667155,153.726096007201,108.729032921424,194.514373779297,187.849551861103,170.289176677835,125.152801267907,151.070910749764,142.908457329933,0,200.057048797607,124.61541917589,144.687273597717
42.2326678353444,123.753770192464,129.368555374281,91.5050976053874,111.832525582149,15.7862555163087,22.0142327839568,63.822723377072,12.9017241428449,93.2725898762967,40.9033386880066,90.0051602421324,92.4390141080031,99.3920162449712,23.0236611510915,34.6646037404443,142.695978800456,131.696384048921,115.698023846275,141.825991686653,105.717286090462,107.207973026865,121.205887858073,117.773872012437,100.634204696206,102.110509872437,144.492439638834,145.991697176795,101.414948585349,32.5129193125912,83.194661978374,133.253600811136,15.5204686408662,102.167193094889,81.8005676399409,181.981002807617,201.634643554688,188.854738871257,104.314949943906,177.8682421875,185.167388916016,171.329579671224,157.576004510177,182.459059464304,126.428988530086,176.979054042271,212.501647949219,139.237933688694,119.486526489258,190.532112484887,186.361806233724,189.274951171875,215.875507354736,219.316741943359,224.030990600586,186.186398097447,173.598114013672,151.422031402588,187.982378507915,144.221770796665,0,182.874237863641,188.510589018322,161.323403302361,171.226165184608,161.429847717285,137.666442871094,0,146.739471435547,181.710288307884
77.0325792212235,64.5002272727558,113.898583221436,20.9050938111188,35.6556712751453,68.9135363101959,79.2477488658837,51.8734501976104,93.2725898762967,7.54865615097158,68.8598738869468,119.317869893621,9.85434496390891,115.47816550407,95.0103027876033,23.5203638740772,74.3949317932129,126.793254307338,127.5990004106,129.703998565674,18.8442344840775,84.0280758707147,26.36192086163,112.769263737638,24.150936417466,96.0054400583331,119.202608418261,104.229436692875,49.0736335414366,77.2565903058512,60.3178590393066,131.180767406117,114.894196404351,58.2476397495644,75.6822649981524,105.854347229004,0,152.424068450928,54.9701031507072,109.081247711182,0,131.556887308757,110.066248893738,126.028809287331,45.3450605943799,121.684708968453,168.508171081543,93.6409944387583,153.344120372425,129.703086853027,67.1706624712263,116.589231491089,181.795527140299,148.272689819336,164.476812744141,112.942794799805,113.605529785156,54.9347229003906,132.94739818573,79.4064546439339,129.654453277588,186.274681854248,150.074745788574,101.003233716993,125.440839004517,123.363465990339,161.209014892578,0,96.1890978131975,108.887961754432
67.9727809483531,187.142932891846,119.689228874012,82.8799120585124,15.8693295444162,110.626595365084,34.375521247043,23.0175872694419,40.9033386880066,68.8598738869468,12.0762707912972,141.056728722914,27.2663601783084,153.354185180664,69.1651499899944,74.9647732902976,140.406940660979,151.062455247713,166.981273485267,174.265633078182,14.4754433693963,99.7683361336654,97.5314913149233,108.127456791393,68.3031890346534,174.425025939941,146.089183759808,138.455853599667,33.8907792189015,95.1888124760816,71.815321366564,172.340637207031,120.431854543378,92.2480967261574,91.2665824035189,183.403739929199,0,170.04411315918,95.6912250094944,156.757683933371,0,158.445983768127,140.740359787113,171.319715573806,101.612422015216,156.544496040242,0,63.5205085957908,0,181.456902332795,140.760188293457,159.130638667515,212.589839935303,0,213.7568359375,151.000438741048,156.144354078505,129.451289367676,172.477241779196,123.58160534949,0,206.827420915876,184.534214564732,146.990488043183,178.2911418568,169.758535531851,0,202.232109069824,147.903622436523,173.056759538322
98.5031905739994,58.2664176206538,97.4333226355047,63.9172036144712,160.416142054967,66.3645612276517,120.9840543801,141.823406955652,90.0051602421324,119.317869893621,141.056728722914,13.6625527914389,134.749678892248,19.8951599757118,78.8310156928168,166.451309204102,125.086116497333,50.5526213275538,20.3704498292489,25.8396226358585,142.217567443848,102.426166748047,88.4573811660578,98.1697543836508,148.185375522923,39.2591841475077,30.4374783618214,69.0003456539578,136.053279368083,59.8940653830954,112.65184432385,42.2414797656105,69.7828810691833,96.4033611064055,31.2193265410152,0,95.9895406450544,130.603610568576,101.616883711381,239.35205078125,0,201.448974609375,209.06209564209,240.616828918457,165.815254905007,189.81950378418,83.1064015174097,156.679763793945,73.668949672154,153.38111441476,0,137.639495849609,136.391079902649,95.089038990162,101.697003173828,0,153.656242370605,132.280565897624,157.148497009277,178.122378349304,66.6630807006568,95.0964974955654,100.087387569102,212.72737121582,167.057429504395,147.609771728516,92.0646040780204,0,0,108.197299957275
104.337445632271,124.041404724121,168.252087290694,60.4490208387375,33.6501596067983,72.4118696594238,32.1622222161464,74.4247162776628,92.4390141080031,9.85434496390891,27.2663601783084,134.749678892248,11.3159191710649,145.551880200704,105.597228241409,16.0720797605837,92.0136489868164,196.888262662021,161.807893662226,178.43124181574,14.9576300270897,142.978647232056,75.4734028003834,160.300647735596,23.3851991561485,124.451001485189,168.031976107893,151.209110042027,51.8012256114392,98.7470058227072,143.202178955078,189.521252441406,117.500711261101,98.0921035766602,98.6887231292086,0,0,0,101.617624555315,124.242744829748,0,152.69375853105,141.69056039698,168.296864282517,87.8752497990926,150.020753064202,206.705215454102,9.70294745689715,196.459991455078,183.623072624207,89.2979100545247,179.065780639648,0,0,231.959213256836,26.8368148145761,150.098302205404,0,221.99250793457,117.123278309749,0,181.100646972656,185.414947509766,149.079947874508,193.324969482422,191.136871337891,0,0,0,160.132406616211
135.914693659002,52.379039225545,105.395587666829,43.5483567697637,164.214075724284,92.1145153045654,138.201500623654,152.385765790939,99.3920162449712,115.47816550407,153.354185180664,19.8951599757118,145.551880200704,8.82231955254458,92.5977575073242,154.049922180176,138.192593574524,114.494459191147,49.4585138300845,67.0217496499248,147.710113525391,146.299795968192,83.5963155151044,155.725813184466,137.413918698568,20.249890434557,27.7358816520661,30.2723061703016,154.183036804199,69.4193899264702,160.263858570772,12.2525554063078,78.2223962148031,167.913146972656,50.1219244999672,150.253047943115,96.604047376056,131.651611328125,109.938956520774,0,123.741355895996,196.529960632324,170.667320251465,138.146967569987,162.918810606003,200.370422363281,75.4759107980973,196.307266235352,63.5607060984787,154.740393161774,152.355758666992,0,134.891748046875,89.9069959242567,94.6532829747055,0,160.094757080078,133.971355438232,153.10427347819,168.548409311395,57.4891049683984,89.7653196075259,89.8009268874875,206.257528686523,149.657608032227,194.77848815918,85.7960520657626,116.575853983561,0,92.0264091491699
24.5446443531223,120.497359642616,117.237633734941,93.732878778039,116.635108851179,33.9348855387685,39.6780211257215,55.2856016333665,23.0236611510915,95.0103027876033,69.1651499899944,78.8310156928168,105.597228241409,92.5977575073242,10.4459359657778,65.0013736454787,125.233581542969,121.877758954976,111.660756556193,121.656202162612,109.998310563576,98.3305532341761,95.7828720092773,104.437278172741,100.899138685555,90.1552191840278,128.764703437074,133.074265102171,103.312632715499,25.8969373066022,66.8350520923269,117.742466342065,13.8958038465146,50.4051928953691,60.6600238112261,214.280700683594,134.467071533203,184.618843078613,114.236102294922,192.289896647135,0,180.715717860631,162.672123523469,191.643525017632,132.146537272135,183.91932479195,135.806098937988,139.433966636658,137.501327514648,190.402457237244,0,171.118385314941,203.163396199544,129.119903564453,199.004844665527,180.372940063477,145.102603912354,165.392781575521,192.403408232189,148.587672529549,138.512702941895,191.985942547138,175.824606301128,161.712364124116,179.521967569987,165.148236955915,183.210525512695,230.828567504883,168.790332794189,186.630667550223
66.8603155953544,104.242432429873,141.186141258062,66.6642456054688,65.4223663277096,14.8195233948159,17.6781851970471,79.7800265354897,34.6646037404443,23.5203638740772,74.9647732902976,166.451309204102,16.0720797605837,154.049922180176,65.0013736454787,8.01119163052501,0,170.847726821899,163.205703735352,204.446701049805,58.9376158659486,115.187358093262,70.8038167369609,138.392046389372,50.7464307691993,135.380532208611,160.153256120353,134.794312054598,75.4559322003237,96.3976349883027,93.7210036057692,183.325469970703,35.1839056383584,94.6680320290958,92.2218671881634,0,0,0,91.4548009236654,131.755673090617,0,147.678788757324,106.10146077474,185.38053894043,68.7005991052698,153.344497256809,0,101.516831031212,0,0,82.9988606770833,0,171.953811645508,0,0,115.287184143066,128.697818756104,0,212.776397705078,98.5237683005955,0,188.94499206543,189.456329345703,144.50663941482,0,128.196891784668,0,0,0,172.361755371094
114.56389465332,61.0550416310628,108.475612539994,38.537555606068,0,0,154.908090764826,94.5089528882826,142.695978800456,74.3949317932129,140.406940660979,125.086116497333,92.0136489868164,138.192593574524,125.233581542969,0,14.2304852822556,108.271981230236,126.559234619141,121.636913523955,101.858156204224,26.2019067060513,30.1777129061973,19.6718436326091,36.4634502363405,120.755027770996,114.855061201616,34.7056038352468,53.0394585011369,115.717771911621,81.7578111810887,175.753387451172,0,94.2492218017578,81.7111471065138,134.662490844727,0,121.299636077881,50.0363442777383,0,0,166.746826171875,144.186252049037,178.37929280599,98.1493025559645,158.545249938965,158.728256225586,0,171.225799560547,161.996936035156,0,81.2757492718631,151.014934539795,0,142.246826171875,160.019866943359,107.502638561695,56.4453414427366,96.4854399491541,107.582593120228,91.6620788574219,186.204460144043,106.666709250592,122.499441715709,127.884162055122,114.353260394224,0,198.038635253906,0,140.621720534105
99.9023382230793,50.6246971965166,46.1902502488413,79.8518297126494,193.157689412435,154.337840809542,150.796925207184,121.811800399088,131.696384048921,126.793254307338,151.062455247713,50.5526213275538,196.888262662021,114.494459191147,121.877758954976,170.847726821899,108.271981230236,11.7925161145822,51.2237395253675,20.5661472530074,211.401997884115,70.0522639128539,83.8623546655627,37.7366447202599,130.605770811028,79.5158136541193,37.9368614592977,68.1142801490082,115.316409610567,98.4354044569056,73.4583229331813,75.9821996381206,158.085451706596,80.7098179542517,49.4888949619243,0,84.8518189650316,114.190433137736,101.991706848145,0,0,206.006810506185,192.107303437733,206.932540893555,161.484405517578,212.896678924561,129.427932739258,0,135.501223972866,188.78568572998,0,134.020470590302,114.262800900441,121.023229980469,119.807945955717,0,158.250938796997,122.740386038116,128.403771595783,170.960679750185,80.2030207316081,111.12357981288,108.386226332404,166.282148838043,186.76485824585,164.072701674241,114.603820800781,0,0,121.030308356652
127.195322799683,64.4502999090379,96.545223236084,70.8439988222989,173.794166564941,93.8397350311279,141.61860074495,166.445770263672,115.698023846275,127.5990004106,166.981273485267,20.3704498292489,161.807893662226,49.4585138300845,111.660756556193,163.205703735352,126.559234619141,51.2237395253675,8.5147613096145,12.5085642086648,160.90079498291,119.232952626546,107.326909201486,107.204114297279,155.417767524719,43.0619316573971,27.1172604113011,59.4701741018731,154.680027610377,94.0419503981067,117.392488591811,48.4473327289928,99.6236376081194,105.449096679688,57.515795871543,0,111.718891143799,140.441262817383,148.805717468262,0,0,0,180.729309082031,175.562016805013,185.905952453613,0,99.190586344401,0,92.8646814598227,193.124900817871,0,0,123.512394496373,105.291228584621,101.590438324271,0,184.100128173828,159.655151367188,158.111034393311,188.683551025391,82.0401036398751,99.7886626612434,103.99820917462,232.511825561523,199.355758666992,171.873138427734,109.335191726685,0,0,111.513634768399
131.045843618887,58.6014090538025,76.3611538139815,80.5172104608445,186.122146606445,0,154.971175745914,152.601473563058,141.825991686653,129.703998565674,174.265633078182,25.8396226358585,178.43124181574,67.0217496499248,121.656202162612,204.446701049805,121.636913523955,20.5661472530074,12.5085642086648,9.10134083687392,165.458212280273,105.792047457458,107.876209894816,93.39882343739,147.332743530273,47.9793388560667,27.4060807085698,73.6360027760747,136.261910453675,99.5181367090877,96.7081563645515,57.2313156593137,104.690447957892,103.268471894441,49.0643014198343,213.035522460938,79.5455099741618,120.957901587853,139.449180603027,0,0,241.549545288086,165.466651916504,213.519861857096,168.136280604771,175.484191894531,129.558856540256,0,106.652445111956,0,0,175.127296447754,121.366697988202,107.601342773437,105.829398003177,0,171.971974690755,147.550098419189,160.664548873901,184.658966064453,91.7294003804525,99.8821348872209,108.94202104587,190.683143615723,239.219985961914,175.978118896484,121.152057102748,0,186.620880126953,127.582623799642
101.313536882401,99.6055577596029,156.12647545856,65.1840705871582,15.0825007596048,113.540377876975,47.2912611519656,33.7188302147451,105.717286090462,18.8442344840775,14.4754433693963,142.217567443848,14.9576300270897,147.710113525391,109.998310563576,58.9376158659486,101.858156204224,211.401997884115,160.90079498291,165.458212280273,10.2451549951016,168.885972159249,56.7362190246582,159.440210614886,15.5758039282621,130.734008789062,157.993269602458,138.410967704577,35.0726576335148,102.291096597348,121.523910073673,177.899215698242,130.701137376868,85.9495178222656,95.3191723001414,0,0,156.621459960938,103.57251739502,37.3237498247555,196.210342407227,157.244439171963,136.353220580054,162.496717352616,91.5657126385233,148.998971532892,226.667373657227,20.1926513189533,0,166.451844351632,98.5271784464518,171.285385131836,0,0,210.277801513672,81.4555704593658,123.015186309814,0,204.015602111816,111.988006992386,180.086013793945,203.661158243815,192.618347167969,132.010162734985,185.125542273888,158.942604064941,0,0,160.268076578776,188.487716674805
79.256015786065,97.3015937805176,66.8647956137029,56.925861581843,233.552368164062,146.565841674805,113.251792198973,70.6283019575354,107.207973026865,84.0280758707147,99.7683361336654,102.426166748047,142.978647232056,146.299795968192,98.3305532341761,115.187358093262,26.2019067060513,70.0522639128539,119.232952626546,105.792047457458,168.885972159249,12.8867782463656,54.4329148211678,32.4259878609711,49.2030394423676,115.081809997559,111.741256376592,73.7569650987379,36.0208940284219,67.5497967061357,28.865436033735,124.588096618652,158.544340133667,29.5968642254579,48.3530532467702,128.347318013509,171.505393981934,149.748805775362,56.211499144011,0,148.638778686523,162.120229085286,127.881180594949,174.277086530413,87.2720379700532,137.144069671631,176.353561401367,0,0,167.786268552144,119.831239700317,104.47987070482,159.168739573161,224.466812133789,174.976411819458,0,114.106605515578,70.7223694899987,116.775275502886,108.588728217117,224.962951660156,171.661006254308,141.607228536454,119.48649103293,137.242674175062,114.151486109173,0,175.589294433594,110.970200674874,135.162525177002
108.525289535522,20.4713714154183,73.8642772581519,26.1454659496181,65.0330051845974,135.905824661255,133.09352323744,82.9421663284302,121.205887858073,26.36192086163,97.5314913149233,88.4573811660578,75.4734028003834,83.5963155151044,95.7828720092773,70.8038167369609,30.1777129061973,83.8623546655627,107.326909201486,107.876209894816,56.7362190246582,54.4329148211678,7.94799312331638,50.1929560636773,36.2807992716391,64.5280378585638,94.0621436606837,40.912820549815,55.1521238044973,92.1837135763729,55.7233840914873,96.4219226837158,0,51.7014151919972,64.7937383284936,112.561599731445,40.5508918762207,100.340870176043,30.1864898291818,114.386898803711,0,0,113.751920259916,153.188552856445,48.0737457871437,157.868695576986,147.650695800781,0,125.798607720269,135.661291939872,172.413833618164,49.8277062865509,132.08193359375,0,169.749240875244,0,75.607099764815,25.2786561283497,69.7381069904237,87.7145937330583,108.774848937988,146.553479811724,91.4803678275253,96.7746637253534,120.409617337314,89.1232840220134,163.044830322266,0,78.3432159423828,118.330576324463
85.7248411081736,74.7118865793402,37.0192096023136,71.5272764134326,128.897047776442,162.10300554548,128.948367678269,86.0064443531511,117.773872012437,112.769263737638,108.127456791393,98.1697543836508,160.300647735596,155.725813184466,104.437278172741,138.392046389372,19.6718436326091,37.7366447202599,107.204114297279,93.39882343739,159.440210614886,32.4259878609711,50.1929560636773,19.1292433978368,80.1979717821063,148.521954006619,73.5113162644412,44.7330992941974,59.1277576843043,90.2456300580135,55.7435279809758,149.681175231934,159.085679589248,73.7432861600603,56.5772360437877,176.108993530273,124.559558868408,111.208248185523,74.9887488109818,177.076919555664,0,187.888209623449,153.768872039487,191.941963542591,122.311013630458,174.275924682617,152.67834854126,183.478744506836,180.197106933594,191.701153564453,182.647567749023,95.1262253091231,141.141790655595,155.610458374023,157.918218994141,193.570777893066,116.34241968435,69.3480401860052,106.594758064158,129.708413193117,232.515533447266,146.919563793745,103.768690800694,141.747730227781,171.257799863815,127.577531858932,184.541275024414,0,156.94767074585,144.225785855894
84.2174845928421,80.3905516408218,108.671012353206,42.4316597059137,18.6499434998552,99.7203959929637,86.7487749539889,56.7360979198504,100.634204696206,24.150936417466,68.3031890346534,148.185375522923,23.3851991561485,137.413918698568,100.899138685555,50.7464307691993,36.4634502363405,130.605770811028,155.417767524719,147.332743530273,15.5758039282621,49.2030394423676,36.2807992716391,80.1979717821063,12.519700670169,114.645088195801,127.909657356759,84.0775315425707,24.171625460854,85.3297170131199,75.632569971941,150.400385962592,134.826340646455,70.8512220621773,83.135133429642,135.028766308801,147.865042686462,155.578923625331,51.5610211852012,125.086672308321,165.738388061523,128.613440027777,112.516887282987,142.983014351353,68.8385619464674,127.945772708232,200.417967143812,117.637098641231,189.223258972168,146.529290658456,115.077905200777,106.334993471658,159.514616012573,195.487884521484,194.968872070312,120.287697376349,116.430185453771,79.2591821137849,131.454268464149,92.8973491172253,176.30383605957,188.136797391451,150.626368006953,109.589146046981,137.23942168685,115.171616437959,206.572067260742,180.074951171875,114.437920155245,130.955860643971
122.015167236328,26.2487610043346,167.207448323568,16.9806041850279,153.471588134766,0,142.843140920003,145.458389282227,102.110509872437,96.0054400583331,174.425025939941,39.2591841475077,124.451001485189,20.249890434557,90.1552191840278,135.380532208611,120.755027770996,79.5158136541193,43.0619316573971,47.9793388560667,130.734008789062,115.081809997559,64.5280378585638,148.521954006619,114.645088195801,8.94587809616637,41.7628719872477,24.1964840753195,129.939149336381,85.7747068966136,128.762363857693,45.1424448459179,88.5229873657227,156.138122558594,57.1629993243095,0,80.2263112068176,0,103.793151855469,188.578796386719,0,191.021072387695,179.711166381836,132.157806396484,134.57272084554,198.202102661133,60.5291245778402,0,54.5843169929445,113.643409729004,204.886291503906,0,99.7084579467773,75.4482096036275,80.6264113585154,0,189.832244873047,92.0406061808268,221.758865356445,157.851482391357,30.3743953475033,78.2644042295568,75.9249414767859,163.40901184082,0,0,75.09468237559,0,0,90.1987528119768
121.195277761906,45.4637641497185,30.1322427382088,55.0444277619662,172.899968465169,155.087822547326,151.426067592381,132.28617807714,144.492439638834,119.202608418261,146.089183759808,30.4374783618214,168.031976107893,27.7358816520661,128.764703437074,160.153256120353,114.855061201616,37.9368614592977,27.1172604113011,27.4060807085698,157.993269602458,111.741256376592,94.0621436606837,73.5113162644412,127.909657356759,41.7628719872477,15.5108772916334,30.7766354868058,123.467421128062,107.785959605468,115.090920060873,20.5263805921488,130.922784090042,114.029357351908,62.2436994226232,178.535398595473,77.1237150589354,101.504273428725,107.116834414207,217.105667114258,0,197.838965098063,179.755648295085,187.533573282176,152.997215270996,171.594809395926,101.613724887961,208.505084991455,89.5476207224129,178.602449655533,175.336293538411,143.583631277084,105.586978643368,101.699273724422,99.2820997042077,193.390579223633,154.533562215169,123.354499078566,133.683324383151,160.407009418194,75.3606156993405,94.1051725601109,95.9628922018056,180.502020615798,181.789693705241,160.850680881076,106.436909174515,152.32080078125,150.780269622803,118.31621898991
128.894631175252,29.0111066966984,36.150783062503,36.960264387624,133.090795370249,163.499352931976,146.215044480227,117.000448766744,145.991697176795,104.229436692875,138.455853599667,69.0003456539578,151.209110042027,30.2723061703016,133.074265102171,134.794312054598,34.7056038352468,68.1142801490082,59.4701741018731,73.6360027760747,138.410967704577,73.7569650987379,40.912820549815,44.7330992941974,84.0775315425707,24.1964840753195,30.7766354868058,16.1342290767542,77.5369122042071,117.656891124799,110.288068349182,17.659833979801,143.678622675877,115.976779937744,71.1587017020023,166.861294953719,75.0001198270895,91.3614260587775,77.2866052236902,191.333220345633,235.834762573242,185.811182482489,160.244646081259,186.970513116746,148.123826295631,173.578892143405,105.808372497559,194.703373718262,93.0816632858875,182.2046387236,178.277984619141,99.7346483686647,108.673934861147,110.691294435013,104.943638359816,163.074390411377,130.438065422906,79.5667654271826,100.047637719759,145.445540576248,77.5803227528735,98.2985463704654,89.7606381343916,155.607841023228,177.510385649545,152.569092251607,108.760408142467,151.27711391449,140.962730407715,119.428564607604
84.5034244190563,105.29873079867,85.3751638435716,54.5135807684802,23.1820687826133,120.490974984518,75.4672581348039,32.8411064238722,101.414948585349,49.0736335414366,33.8907792189015,136.053279368083,51.8012256114392,154.183036804199,103.312632715499,75.4559322003237,53.0394585011369,115.316409610567,154.680027610377,136.261910453675,35.0726576335148,36.0208940284219,55.1521238044973,59.1277576843043,24.171625460854,129.939149336381,123.467421128062,77.5369122042071,11.7081422623739,84.3238737482638,45.3494224109857,170.527898152669,131.794747103178,63.517463768369,63.448711334937,135.036149161203,164.337879180908,165.571590847439,69.6327438123997,143.214548666375,213.933883666992,145.76564527098,121.947333243041,151.190558953014,84.8006671942197,142.38997366233,207.866638183594,124.731821025502,188.517807006836,154.207852898574,116.21391204834,120.622573275899,170.210515561311,227.930816650391,184.572831587358,139.982813214724,123.96638930653,91.0915673230145,139.616828724078,107.673351538525,0,197.442162349306,155.452836592567,122.027353173993,142.723217890813,120.540666306396,220.713155110677,151.47216796875,119.419831085205,140.781205387439
19.8511431303182,105.536443857046,120.689154695408,73.5032233474075,105.579066635272,32.4002577202661,57.5898930735411,73.8753344223895,32.5129193125912,77.2565903058512,95.1888124760816,59.8940653830954,98.7470058227072,69.4193899264702,25.8969373066022,96.3976349883027,115.717771911621,98.4354044569056,94.0419503981067,99.5181367090877,102.291096597348,67.5497967061357,92.1837135763729,90.2456300580135,85.3297170131199,85.7747068966136,107.785959605468,117.656891124799,84.3238737482638,12.1175612346804,35.3799030447712,95.1241519927978,15.5769600028754,16.3474391300955,37.3556429916662,138.029499816895,0,190.138301304408,102.626348856333,174.849429539272,0,173.672265625,140.244285515377,170.023196847098,114.03873501402,178.503201599121,0,137.009745722232,136.708087921143,176.544645763579,0,155.893739064535,197.26123046875,245.617370605469,215.397121429443,172.996349334717,125.974856906467,143.255558013916,177.791514078776,130.340772320473,120.203399658203,141.105454878374,161.289223467717,140.991666914362,162.854870796204,149.208966064453,0,220.219161987305,153.308265686035,153.573489052909
36.5868115081017,103.915430242365,88.6186445977077,58.3838222924243,92.6529098510742,124.867322921753,90.7310950841101,26.5209550866212,83.194661978374,60.3178590393066,71.815321366564,112.65184432385,143.202178955078,160.263858570772,66.8350520923269,93.7210036057692,81.7578111810887,73.4583229331813,117.392488591811,96.7081563645515,121.523910073673,28.865436033735,55.7233840914873,55.7435279809758,75.632569971941,128.762363857693,115.090920060873,110.288068349182,45.3494224109857,35.3799030447712,11.7284877958268,157.736840384347,119.100057748648,36.7533592906587,37.6196322116311,131.542416499211,0,162.805852254232,66.7281977486271,174.923461914062,0,174.836317795974,126.792740987142,162.323643154568,75.5311521854041,162.179766464233,181.06298828125,169.816986083984,0,159.733445444415,0,111.487505399264,164.606990467418,0,176.09157816569,150.56925201416,118.816110351563,79.9408979415894,150.801502970906,111.628584107633,180.843528747559,180.414044831928,160.878084780565,118.497906472053,136.387541895327,117.188164403199,229.501251220703,0,113.811084298527,131.257011922201
121.924072265625,64.065053890913,94.2781309647994,56.4456835428874,177.276107788086,128.124816894531,155.367151260376,168.717505318778,133.253600811136,131.180767406117,172.340637207031,42.2414797656105,189.521252441406,12.2525554063078,117.742466342065,183.325469970703,175.753387451172,75.9821996381206,48.4473327289928,57.2313156593137,177.899215698242,124.588096618652,96.4219226837158,149.681175231934,150.400385962592,45.1424448459179,20.5263805921488,17.659833979801,170.527898152669,95.1241519927978,157.736840384347,4.99448272790069,120.393610636393,0,71.9544780968273,0,114.478526645237,138.199485778809,108.001029968262,216.1630859375,0,0,198.200881958008,155.199635823568,185.888229370117,0,93.8114324457505,0,87.7099938431406,191.606212615967,0,0,119.881648254395,99.5652414957682,104.772374784029,0,0,146.070571899414,189.29052734375,203.646141052246,74.0480664396939,99.7297174167363,100.336349296922,189.701416015625,217.955230712891,188.659830729167,103.306902918322,0,0,111.115189292214
75.8547662553333,98.5050964355469,175.447211129325,148.870584487915,134.021361351013,10.6931417453378,20.032153142464,121.590034333286,15.5204686408662,114.894196404351,120.431854543378,69.7828810691833,117.500711261101,78.2223962148031,13.8958038465146,35.1839056383584,0,158.085451706596,99.6236376081194,104.690447957892,130.701137376868,158.544340133667,0,159.085679589248,134.826340646455,88.5229873657227,130.922784090042,143.678622675877,131.794747103178,15.5769600028754,119.100057748648,120.393610636393,6.1086756213707,66.084864616394,38.729953312766,0,0,0,143.964897155762,0,0,0,199.007583618164,235.492645263672,190.520057678223,207.346603393555,0,0,87.0580101013184,211.332458496094,0,217.321258544922,0,0,0,227.381362915039,0,152.815208435059,173.749221801758,173.494926815941,140.158294677734,0,147.454622268677,190.890884399414,196.000595092773,0,0,0,0,0
68.4527654647827,102.695579528809,101.528730957596,56.965281829834,74.698205947876,52.969539642334,99.7345222024357,65.1855995960725,102.167193094889,58.2476397495644,92.2480967261574,96.4033611064055,98.0921035766602,167.913146972656,50.4051928953691,94.6680320290958,94.2492218017578,80.7098179542517,105.449096679688,103.268471894441,85.9495178222656,29.5968642254579,51.7014151919972,73.7432861600603,70.8512220621773,156.138122558594,114.029357351908,115.976779937744,63.517463768369,16.3474391300955,36.7533592906587,0,66.084864616394,8.41714502285329,24.6778960971806,123.909492492676,0,202.416366577148,74.6716180098684,152.578056335449,0,181.409387207031,122.324651864859,200.28443145752,82.046226755778,157.18159866333,0,0,0,157.036106533474,0,163.216842651367,194.125686645508,0,0,130.846649169922,107.524584452311,0,131.690338134766,115.167492094494,0,177.722778320312,153.114266204834,120.000647709287,135.577689170837,103.915234088898,0,0,123.040199279785,126.540491104126
69.4125932998206,61.4111316905302,68.0010335977673,72.3364326672676,90.6712480024858,38.0207222135443,89.240231464502,78.6339831210823,81.8005676399409,75.6822649981524,91.2665824035189,31.2193265410152,98.6887231292086,50.1219244999672,60.6600238112261,92.2218671881634,81.7111471065138,49.4888949619243,57.515795871543,49.0643014198343,95.3191723001414,48.3530532467702,64.7937383284936,56.5772360437877,83.135133429642,57.1629993243095,62.2436994226232,71.1587017020023,63.448711334937,37.3556429916662,37.6196322116311,71.9544780968273,38.729953312766,24.6778960971806,11.4673606421364,192.926767985026,103.360415220261,111.368802086782,73.4890108380999,171.181103793058,0,176.628395080566,144.440936369054,176.655101013184,122.67339098895,165.624298095703,140.982669406467,158.359859466553,106.238244939733,160.364859444754,123.759037017822,111.799387854499,124.294026947021,139.602857589722,121.602550756736,167.928859710693,128.726142600731,93.3893461961013,117.247057804831,123.206267678526,94.4348325227436,117.078813668453,116.062915784819,138.585877890899,141.851101122404,128.855655936308,119.612864685059,0,100.945449829102,147.817619687035
115.609367370605,116.497261047363,166.53537495931,104.369081497192,187.628211975098,0,195.588394165039,139.361509843306,181.981002807617,105.854347229004,183.403739929199,0,0,150.253047943115,214.280700683594,0,134.662490844727,0,0,213.035522460938,0,128.347318013509,112.561599731445,176.108993530273,135.028766308801,0,178.535398595473,166.861294953719,135.036149161203,138.029499816895,131.542416499211,0,0,123.909492492676,192.926767985026,10.0793612176215,129.478294372559,109.588664019549,73.8443933462168,100.946924649752,96.5948696136475,98.8137859997449,28.1585876282202,55.2321249786779,76.422139081088,66.9641554594596,117.564670715332,94.5659956137339,118.023090362549,25.720233223484,31.8520872252328,108.252128601074,103.378894797374,131.120993322256,118.246256263103,101.094149017334,83.019080635551,82.9173187679715,101.271474738488,84.3468972432245,130.302825927734,119.072064844394,134.555397072419,85.183071408953,17.0300127330748,34.3100599861354,148.857159007679,100.349701419953,52.1900491174662,76.0334663391113
0,62.8212894201279,75.331409072876,75.8827157020569,0,134.879211425781,0,171.110305786133,201.634643554688,0,0,95.9895406450544,0,96.604047376056,134.467071533203,0,0,84.8518189650316,111.718891143799,79.5455099741618,0,171.505393981934,40.5508918762207,124.559558868408,147.865042686462,80.2263112068176,77.1237150589354,75.0001198270895,164.337879180908,0,0,114.478526645237,0,0,103.360415220261,129.478294372559,6.4882903073892,50.0699944607047,8.78854405105182,0,0,148.233157348633,143.330828857422,140.201719284058,67.9898018261482,121.139744567871,64.1725118122404,119.244667053223,51.8989381954943,128.515482330322,96.1557731628418,60.7976426856462,55.4268672861517,72.1461771184748,54.3314442505708,0,90.2655557485727,20.0532823208529,65.2328664779663,66.0723028985139,21.6436191222057,45.8714294508686,29.5723723902146,123.028382041238,153.892639160156,104.050757090251,70.929262884732,0,104.804592132568,67.2343604046365
