9.48371310718721,0,110.609196149475,78.7760501826575,75.8596614115947,79.1113474919246,74.8000929053694,38.5172583045265,24.9871176530843,73.1979877948761,41.6309327800371,165.842432889071,92.6141149430048,179.389736468975,17.2650088505612,89.1057033538818,176.63357925415,116.292070377574,152.767913818359,153.756536083061,84.8649538213556,88.2943972481622,99.6763868892894,97.3864258581216,78.552901771741,193.617874145508,136.244282523832,132.85747914217,71.1188487747676,13.8792673415691,42.8182292016048,181.041711425781,83.4094472885132,60.3392766155774,71.6527968543922,141.949035644531,0,180.791086832682,131.171234130859,168.090155029297,0,177.687576293945,146.957290649414,184.011326716496,101.638423156738,163.134391784668,0,0,0,179.589107513428,169.472503662109,155.900021870931,202.517517089844,0,190.378860473633,154.122909545898,175.821645100911,119.846955108643,186.527545635517,127.645300547282,0,190.699963378906,181.838276007237,140.943832278252,164.408411661784,138.681639535087,0,0,159.973394775391,170.253924051921
0,6.73225170980452,49.1195534926194,18.5061235232691,156.025192260742,119.501598358154,0,202.51708984375,171.000114440918,83.6404578010991,0,69.0000869274139,0,59.6960140258152,138.896507263184,101.254692077637,54.8207806995937,54.2577362794143,71.9595238367717,56.512980779012,0,111.921852111816,27.4647225454672,91.3693447113037,85.5083734421503,37.7749993512551,43.8117880813766,34.1586250568361,102.231248219808,133.949303627014,115.350639343262,77.7608562816273,0,95.0890655517578,57.8752559779846,0,71.0984001159668,85.009847558063,52.2090473175049,0,0,0,184.032669067383,0,0,155.880859375,135.508903503418,0,104.913370450338,207.758605957031,0,163.290298461914,109.389534844293,104.064028422038,125.368756771088,0,0,78.5711441040039,113.270913260324,171.415306091309,76.155726202603,109.232388480765,95.6464762102094,143.779525756836,220.83203125,0,119.515805562337,0,0,146.574691772461
110.609196149475,49.1195534926194,13.0276483939166,54.0953484570233,123.293474699322,175.06153796968,140.569290571315,102.405851119707,133.366934941423,106.152492777507,116.412016996403,93.6368621142942,151.826678466797,100.629317835758,130.789450290974,142.743281773158,89.2737744028975,48.089438886886,93.6132081349691,79.8920872670679,158.526842753092,68.1369836673525,50.8578631946579,32.1417584555739,105.520355242949,86.0529708862305,34.9573759296369,34.1959793610702,89.561658198659,115.531631909642,84.2436597549418,100.225767664163,177.118244934082,116.814907897949,68.1721230194348,188.730026245117,78.7955773671468,97.8726126022856,81.8804792924361,196.951705932617,0,211.911285400391,176.864345816679,201.723684137518,170.555777655707,185.484470791287,148.400283813477,0,165.829263305664,188.524095618207,0,132.740742633217,111.691247032288,173.991474151611,149.874370054765,206.144287109375,139.848334993635,76.3643748969363,112.835204759078,158.343363501809,116.273368835449,104.57776015821,99.1760387383198,164.626133401053,184.940905979701,162.236680726747,144.830581665039,0,179.483532714844,116.611045994709
78.7760501826575,18.5061235232691,54.0953484570233,42.7053530572906,68.8167931692941,121.910749435425,83.1284861548472,62.051518269357,89.0790952850174,36.5670501126183,79.7343927198841,80.3978177490234,86.0536449750264,48.6121050400933,93.0295850826743,92.6768239628185,38.0156388588797,69.3328250812579,92.4806344509125,83.1912470730868,93.0674755389874,53.1851392953171,17.4991535401375,51.5731615502869,41.3359436981766,26.0549076794044,58.7932502027201,39.8525438593229,53.499280394613,78.4388428328359,52.8268280893939,90.0211305009558,131.706861707899,64.2469458580017,67.5762156720431,101.821455955505,84.4669829474555,93.0677475596583,27.1913566745185,85.424710450349,0,105.313359578451,77.7091388702393,104.53447309591,17.8475245067051,96.6263354133157,95.9945095607213,116.230353037516,84.544026191418,104.524285419171,146.580755869548,56.061455917991,113.9507726472,132.371342468262,124.516153259277,104.367671118842,65.5582618287948,40.1951314933657,66.1858534560125,60.9706755936748,46.4481870068444,107.041175744472,78.4880474328067,72.7244748619368,100.080862634832,69.6865403435447,78.3330211639404,136.181786855062,73.8533750261579,89.4365368718686
75.8596614115947,156.025192260742,123.293474699322,68.8167931692941,11.6640973062855,126.415788650513,75.1844572728994,70.6922807296117,97.4050609138855,47.6942388361151,24.182327739994,176.891116333008,31.2535400051432,184.717506408691,97.2285165528993,66.6877304635397,0,151.118901570638,0,173.825759887695,17.7937069192101,127.681364876883,60.616877922645,110.612855699327,19.5550807697033,0,151.230181926006,127.303318568638,18.0108209126658,90.5788842857136,94.7768738690545,182.506088256836,133.796040852865,78.226765314738,88.9759660669275,205.457229614258,0,162.563270568848,100.50407409668,38.5060356977157,193.899871826172,158.871766090393,136.542476381574,175.174906562356,84.1080142472141,137.008829973182,0,75.4585497365909,0,165.646001180013,140.065014648438,0,0,0,0,41.1559617349753,0,71.1335067749023,181.157211303711,104.249096294781,0,201.547958374023,200.091310773577,124.357801611607,167.012134128147,149.454752604167,0,0,195.728469848633,174.756524658203
79.1113474919246,119.501598358154,175.06153796968,121.910749435425,126.415788650513,7.64310991841171,16.0933657217697,116.44280093324,29.2912232329564,83.6784757886614,113.661380115308,69.2237924429087,96.4336738132295,246.734420776367,25.7463372150714,10.4580103846389,0,154.393483479818,94.1161529541016,148.521059308733,114.109423884639,135.010724385579,108.318168640137,157.730641084559,119.299181504683,0,192.326530838013,150.705827501085,131.245320342308,25.4141109950013,121.890579223633,177.086307525635,13.3996014200682,0,40.0118039053593,0,0,0,0,214.119979858398,0,0,225.377502441406,239.437057495117,100.208198547363,184.965469360352,0,0,0,0,0,0,0,0,0,220.340347290039,0,0,0,145.985880533854,0,0,247.728164672852,199.455627441406,0,0,0,0,0,215.736694335938
74.8000929053694,0,140.569290571315,83.1284861548472,75.1844572728994,16.0933657217697,12.4275368553317,73.4372021558874,22.5532922038905,82.8485295400454,37.6420496616362,135.847884156969,18.6894164386,211.201281229655,30.6751145964625,13.7558875915255,128.560150146484,161.082939692906,149.834518432617,176.724980908771,47.2634952523533,134.354798537034,142.108860778809,135.507626355705,82.5983826187112,0,174.353990840678,160.43450445599,87.7412783772422,37.4686974744793,106.012251124663,200.221001364968,15.0389014605204,91.157741697211,57.2922846073756,141.517364501953,170.508682250977,219.916343688965,93.5676735325864,151.013934494613,0,180.297825739934,151.516246697842,176.504752466234,115.80901449698,161.872762280841,0,111.079980741228,0,182.996255874634,166.860816955566,167.678749084473,212.682022094727,0,0,164.485455693425,183.126663208008,157.551022529602,190.220509120396,128.24970606944,239.536148071289,207.903895060221,208.217771089994,150.086474802957,187.76887512207,176.111381530762,0,221.044525146484,170.538070678711,171.796659469604
38.5172583045265,202.51708984375,102.405851119707,62.051518269357,70.6922807296117,116.44280093324,73.4372021558874,12.7480799804337,62.3350279004273,58.4599555429786,16.4080928098634,167.916440616954,60.4208561981781,172.833273636667,38.2785419071015,76.8917537342418,87.1337356567383,130.34099035748,176.703752790179,164.505680527798,59.8699400424957,83.012220521127,77.739310101765,87.9984489519432,58.354756941313,0,142.856301314849,119.656484754695,29.6917781776301,58.0212869838704,20.1088162094342,177.695584978376,122.620525928254,68.8272136853245,90.1780639373374,180.548629760742,0,172.444152468727,86.1031608581543,126.936781868102,0,155.687241595724,120.951249531337,157.06478729248,92.8370879323859,138.846471882553,0,135.623790413993,234.216491699219,159.1640625,160.442993164062,142.363898057204,188.522659301758,0,225.65071105957,134.520324707031,156.695621490479,122.028102527965,160.540531532437,108.286179484626,0,193.102436065674,167.487001665177,125.755488741225,155.424792082413,142.436667548286,0,244.737045288086,136.549658203125,157.448668797811
24.9871176530843,171.000114440918,133.366934941423,89.0790952850174,97.4050609138855,29.2912232329564,22.5532922038905,62.3350279004273,12.1530568556573,86.37403809152,53.7528620018325,155.493168971998,78.9395256960105,198.669529893663,13.7093973990894,36.8440678691995,170.822804260254,144.356179422045,148.524175141987,175.689083251953,91.5973511379903,115.336937718921,131.932799816132,123.909238381015,92.5844469140386,104.180107116699,165.295197939935,154.818760995034,94.0703076794472,30.8262023722124,79.9230108878674,204.15257297092,20.9417451636356,81.5533292059805,65.4271001122215,188.744125366211,183.395568847656,194.270153270048,120.070966491699,158.196177244186,0,182.5847864151,153.326329119794,178.050583341228,138.781457167405,174.798024988886,0,173.302384212099,0,182.707905016447,202.671188354492,198.042778015137,209.463012695312,0,0,175.42754762069,198.591594696045,146.957681274414,195.592895507812,140.268410266759,0,208.010138617622,197.347636761052,153.465704133926,181.903107452393,156.150055948893,0,216.581522623698,164.979789733887,188.648759969076
73.1979877948761,83.6404578010991,106.152492777507,36.5670501126183,47.6942388361151,83.6784757886614,82.8485295400454,58.4599555429786,86.37403809152,8.48364643835336,70.8046123650656,139.866253366778,8.04971424677601,135.550206857357,87.9600533723831,15.9848940581872,88.4425043378558,123.398124107948,158.209376017253,141.612637519836,36.2400060229831,96.4945360819499,19.86842261469,99.2645701938205,20.6833302744034,117.343187359796,138.175093946786,116.539882599361,49.7820029932937,73.079883805327,55.1056293762136,150.47247467041,114.897529602051,64.596682469337,83.8733241569705,151.168201446533,123.01448059082,178.231506347656,38.1838414764404,81.9189552307129,157.4951171875,128.600727844238,92.3757643266158,147.970164775848,36.3215478869933,109.538993358612,0,100.746997721055,179.588634914822,140.117653740777,65.8391952514648,100.096942901611,216.327728271484,188.386749267578,192.708389282227,96.9300443541329,143.20458984375,106.922583262126,186.740119934082,68.3347238889882,156.786537757287,191.662600199382,189.174247478617,99.3197835390685,131.957069396973,112.403891972133,241.882522583008,169.068400065104,0,113.593000411987
41.6309327800371,0,116.412016996403,79.7343927198841,24.182327739994,113.661380115308,37.6420496616362,16.4080928098634,53.7528620018325,70.8046123650656,11.4930302919556,174.806698682832,31.191994043404,177.163297653198,45.5077868131843,72.7215639704911,55.544734954834,152.718102323092,0,176.301612607894,20.7349516713024,103.1783033877,85.9694160793139,112.934172624236,55.2454599216298,163.670852661133,156.682858133952,140.783455632433,27.0967430790865,91.8564101061071,42.8004899908241,188.88139629364,128.046844274819,77.4755625441268,91.527925054279,191.965408325195,151.05118560791,182.222693050609,115.140060826352,139.218361283923,0,179.055908581442,145.6300537618,175.457586340002,101.300018430506,158.758986642148,221.16340637207,144.306621699704,237.666458129883,185.047242906359,179.0699735369,177.969177246094,211.853515625,0,0,151.050016986623,171.588762919108,145.12294960022,170.604500134786,122.116912995581,216.196983337402,181.294494628906,182.246551748422,146.888104252675,190.416716355544,153.498874664307,0,219.895840962728,144.963584899902,195.564621774774
165.842432889071,69.0000869274139,93.6368621142942,80.3978177490234,176.891116333008,69.2237924429087,135.847884156969,167.916440616954,155.493168971998,139.866253366778,174.806698682832,12.3412647842539,143.910158157349,15.8868981662376,148.378555717049,156.887882777623,121.680384018842,57.1929529911671,23.6522838548108,23.6889718768868,144.519409179688,108.394910315945,104.533998024564,100.286574624989,147.960605316162,35.1338294557552,17.305309898604,62.5393631993021,161.336738586426,76.8711199933546,124.345479472991,26.7557278074683,69.687879254741,139.216448465983,29.2956044124015,0,106.94000837538,145.012367248535,68.8495723322818,0,0,0,193.769805908203,0,172.14469909668,0,113.272714614868,0,93.6989898681641,0,0,177.031288146973,152.74181659405,108.122216168572,123.13782787323,0,179.873794555664,130.548358917236,164.647047254774,0,76.0669274378305,112.79259731895,113.932009382591,218.880437215169,232.282279968262,203.925608317057,114.108172607422,0,0,153.555356343587
92.6141149430048,0,151.826678466797,86.0536449750264,31.2535400051432,96.4336738132295,18.6894164386,60.4208561981781,78.9395256960105,8.04971424677601,31.191994043404,143.910158157349,10.4408936132034,155.652984619141,102.857758516988,12.4982894662875,156.732513427734,156.8209500994,0,0,16.6443879242702,128.677848815918,68.6744473775228,147.677373504639,20.6554440359233,0,179.075987382369,138.857157026018,53.9157504591426,98.1926710913489,131.11894124349,0,115.253307417327,94.2599646250407,97.1040155554331,165.151657104492,0,232.188095092773,127.231708526611,108.446043993079,0,85.3467410650009,136.381743797889,125.856523105076,79.8547977579051,115.776020569055,0,15.8467754331128,0,134.294458562678,86.3016611735026,0,207.0556640625,0,180.796234130859,30.3903481389962,0,0,193.289085388184,120.891025543213,0,224.30500793457,189.532877604167,141.517976284027,137.383910545936,0,243.023254394531,131.477816772461,0,136.284128189087
179.389736468975,59.6960140258152,100.629317835758,48.6121050400933,184.717506408691,246.734420776367,211.201281229655,172.833273636667,198.669529893663,135.550206857357,177.163297653198,15.8868981662376,155.652984619141,9.4008238360232,187.603936876569,163.719688415527,134.628690083822,94.0420980453491,53.8446449681332,75.832203801473,247.270111083984,161.442848205566,97.0221726983727,132.366352961614,140.88602237911,20.7828419750742,18.0148820734232,44.2243268639971,178.282889988111,137.475911181906,156.354627336775,15.5705337760541,109.511039733887,181.842340087891,71.6479880954908,0,137.108598709106,151.337448120117,54.7012569532482,190.177539825439,0,0,0,221.143630981445,185.231302897135,215.487945556641,78.8360430685322,0,75.189465390875,248.434844970703,0,0,142.825688934326,117.856827735901,139.229511758556,0,0,0,145.709007263184,186.141216278076,54.2953875950405,121.144309561593,112.224728203862,205.05924987793,212.116216023763,0,100.72187241264,0,0,127.33868598938
17.2650088505612,138.896507263184,130.789450290974,93.0295850826743,97.2285165528993,25.7463372150714,30.6751145964625,38.2785419071015,13.7093973990894,87.9600533723831,45.5077868131843,148.378555717049,102.857758516988,187.603936876569,7.70436654262637,50.8815841674805,133.467342376709,132.731838971066,138.656447274344,166.192599596296,97.2706849860232,107.810720831398,98.493234038353,118.16622135557,94.3934192612697,0,157.463749586833,152.141367958813,95.2015309483481,21.9440950920625,69.1995587276019,188.855000813802,11.5406185403806,48.5451206724409,56.9979797420172,179.750999450684,0,193.796811190518,110.546496391296,188.154724121094,0,179.629940795898,152.780635427921,184.712669677734,132.479967290705,177.897035217285,0,170.63357925415,0,183.900691350301,0,116.429992675781,215.841247558594,0,197.007019042969,195.496365356445,238.954277038574,157.025721740723,198.937771883878,143.798389704541,137.625274658203,212.875646591187,201.714330867845,157.817005183421,184.293919881185,156.102119445801,0,217.314682006836,147.742863972982,186.320976257324
89.1057033538818,101.254692077637,142.743281773158,92.6768239628185,66.6877304635397,10.4580103846389,13.7558875915255,76.8917537342418,36.8440678691995,15.9848940581872,72.7215639704911,156.887882777623,12.4982894662875,163.719688415527,50.8815841674805,7.98142721057724,0,172.866622924805,0,171.542500813802,43.3413724579267,102.312141418457,67.8185956889185,155.285279591878,41.0747008582614,148.461924502724,165.541105143229,143.921388974754,76.0240036795072,38.1560391534733,78.4519523620606,173.904342651367,37.7634912036714,55.8199873424712,42.0878943166425,0,0,0,123.098114013672,122.82957611084,0,0,157.233612060547,179.242940266927,0,155.394748687744,200.677017211914,38.171947479248,204.759078979492,0,0,0,0,0,0,0,0,133.016662597656,0,121.396831512451,0,234.679977416992,205.019220987956,160.58982679579,242.567092895508,0,0,0,0,158.130920410156
176.63357925415,54.8207806995937,89.2737744028975,38.0156388588797,0,0,128.560150146484,87.1337356567383,170.822804260254,88.4425043378558,55.544734954834,121.680384018842,156.732513427734,134.628690083822,133.467342376709,0,13.4525183146833,101.004544184758,171.390243530273,124.213520050049,0,35.4968365693893,25.8929261510728,23.9138883784131,22.8401874969464,94.6520385742188,110.12336920166,32.4496415978496,33.2128564998774,116.860468597412,70.5201007993598,129.350021362305,113.433441162109,99.567530632019,80.7752927613389,140.924513244629,97.9006805419922,111.419177182071,57.7426000258502,125.082023620605,0,0,148.198167710077,179.193397521973,237.94841003418,175.355921427409,0,0,144.613998413086,156.162092729048,0,65.044671696482,151.813784672664,198.429092407227,198.19945526123,0,108.039128772856,57.8955407393606,95.9004981802808,118.490627375516,157.19995880127,157.506813421482,110.608771784856,116.076588863797,142.5601433648,108.228852972284,0,0,104.592278889247,124.965031665304
116.292070377574,54.2577362794143,48.089438886886,69.3328250812579,151.118901570638,154.393483479818,161.082939692906,130.34099035748,144.356179422045,123.398124107948,152.718102323092,57.1929529911671,156.8209500994,94.0420980453491,132.731838971066,172.866622924805,101.004544184758,10.8161748396229,51.1703384592972,23.667679168877,203.596979777018,68.7793418735252,78.8204421852025,33.5294048445159,120.269865322736,87.3558298746745,36.1048336856512,72.4860748390843,118.823869687035,100.811820457628,78.1012642230939,112.100737435477,163.151908287635,100.490440100954,37.1646811509845,160.566207885742,89.9650066600126,109.354241314061,92.5686340332031,206.329650878906,0,210.766052246094,184.094530545748,222.250450134277,185.464752197266,194.052233609286,162.332276916504,0,134.128384399414,196.949447631836,0,145.82416677475,119.816017064671,148.583879089355,141.86597442627,0,152.15384552002,99.1785814921061,132.557099433794,164.641263259085,105.770453316825,111.25068757936,112.127329524987,169.519141995177,160.991540273031,156.077241042565,168.467549641927,242.709335327148,142.410301208496,125.330386278106
152.767913818359,71.9595238367717,93.6132081349691,92.4806344509125,0,94.1161529541016,149.834518432617,176.703752790179,148.524175141987,158.209376017253,0,23.6522838548108,0,53.8446449681332,138.656447274344,0,171.390243530273,51.1703384592972,7.61400144444497,11.4685499896478,198.463340759277,135.848290761312,113.906970630993,102.418824877058,159.263256072998,58.703682127453,31.5879760659469,68.5892499186603,140.277804056803,101.781671991154,128.27092461837,55.5947571056801,107.323464529855,134.392470041911,64.3747938119682,0,119.594734191895,125.451375325521,70.9783325195312,0,0,0,0,0,237.70475769043,0,119.883761814662,0,94.4107746732408,0,0,0,154.366221110026,102.877467927479,115.015601418235,0,0,209.599472045898,0,244.172821044922,75.7939262390137,109.119205371754,110.196215325213,0,0,181.711135864258,106.439709254674,0,0,0
153.756536083061,56.512980779012,79.8920872670679,83.1912470730868,173.825759887695,148.521059308733,176.724980908771,164.505680527798,175.689083251953,141.612637519836,176.301612607894,23.6889718768868,0,75.832203801473,166.192599596296,171.542500813802,124.213520050049,23.667679168877,11.4685499896478,8.93605938650485,213.427780151367,108.700786481585,107.010926246643,79.9614492406317,147.327454460992,54.0076075822879,26.3093473267538,66.6926404920151,144.698494720459,126.646886070915,111.233738230908,60.417887382137,106.859113057454,123.743507472948,44.5153890630189,0,88.5901090833876,128.787571833684,76.0296428514564,0,0,0,205.15567779541,0,200.789764404297,0,128.701373799642,0,104.285239923196,204.851211547852,0,158.523085457938,120.763503665016,112.258261617025,115.377641453462,0,175.785168117947,138.042887687683,156.500645319621,195.134780883789,81.8936811748304,110.334886887494,111.160760845873,179.490203857422,196.824409484863,193.975106375558,111.997219848633,0,184.163330078125,135.221746591421
84.8649538213556,0,158.526842753092,93.0674755389874,17.7937069192101,114.109423884639,47.2634952523533,59.8699400424957,91.5973511379903,36.2400060229831,20.7349516713024,144.519409179688,16.6443879242702,247.270111083984,97.2706849860232,43.3413724579267,0,203.596979777018,198.463340759277,213.427780151367,10.7142523036858,0,53.3270797729492,149.966725667318,24.709993339654,0,177.369411468506,129.781158447266,34.740018231667,92.8201644544657,125.93860244751,0,124.1956917899,87.9565788269043,90.571313721793,0,0,0,139.140260696411,88.9624917561112,219.746780395508,165.715439291561,133.804763793945,160.182767531451,89.5438699542351,148.462714174961,0,20.6519535920751,218.773590087891,163.706784566243,106.184028625488,0,0,0,0,142.09377625029,0,132.076793670654,209.064966837565,112.999891422997,0,0,218.602213541667,138.613515050788,156.136708577474,166.566902160645,0,0,0,187.690742492676
88.2943972481622,111.921852111816,68.1369836673525,53.1851392953171,127.681364876883,135.010724385579,134.354798537034,83.012220521127,115.336937718921,96.4945360819499,103.1783033877,108.394910315945,128.677848815918,161.442848205566,107.810720831398,102.312141418457,35.4968365693893,68.7793418735252,135.848290761312,108.700786481585,0,12.5676775365879,50.9563784092031,35.9383930483443,66.2931538332312,0,109.22937411499,77.1895209068308,32.4220572829523,61.6704853226244,26.0394614300786,155.934872436523,210.281600952148,58.5022981060957,47.6192186423453,121.596541268485,154.651992797852,127.912124046913,86.6078055699666,0,0,210.474182128906,137.59909081459,160.152410507202,152.533940633138,177.191835191515,184.564540863037,0,0,157.101200196801,0,107.110394256541,163.885673886254,0,185.374837239583,0,114.931018590927,74.2081924785267,112.136489171334,117.953709672998,0,160.887410780963,137.136598893398,119.989602446556,140.754427543053,114.541449821432,0,0,119.798079700005,127.434197562081
99.6763868892894,27.4647225454672,50.8578631946579,17.4991535401375,60.616877922645,108.318168640137,142.108860778809,77.739310101765,131.932799816132,19.86842261469,85.9694160793139,104.533998024564,68.6744473775228,97.0221726983727,98.493234038353,67.8185956889185,25.8929261510728,78.8204421852025,113.906970630993,107.010926246643,53.3270797729492,50.9563784092031,7.72466645903058,53.4245078130318,20.8793379332789,77.5725544736148,90.4416522590482,42.4023463129663,50.096622570327,72.4258780077279,45.6332583982384,119.061213005914,126.240715026855,51.7918948469491,66.3551032493304,87.5066003799438,115.02036857605,81.6194007091033,66.4218669164748,122.817395528158,0,124.445180257161,82.4220124232916,121.753936767578,24.2534785704179,110.636276971726,155.587425231934,109.59188079834,135.564233144124,107.064532470703,161.952743530273,57.6377082198413,119.063456217448,0,151.030471801758,160.980087280273,71.0954619719919,25.0292124289733,67.2649883437626,68.1565140451704,121.661906522863,143.06967020843,77.1252193450928,71.7363636768078,89.6694345474243,72.2291426225142,175.795879364014,145.627851486206,77.0749873206729,88.436013570646
97.3864258581216,91.3693447113037,32.1417584555739,51.5731615502869,110.612855699327,157.730641084559,135.507626355705,87.9984489519432,123.909238381015,99.2645701938205,112.934172624236,100.286574624989,147.677373504639,132.366352961614,118.16622135557,155.285279591878,23.9138883784131,33.5294048445159,102.418824877058,79.9614492406317,149.966725667318,35.9383930483443,53.4245078130318,18.1529805730118,76.0966187353579,150.659675598145,75.030298397967,56.7723767985656,58.042099199862,97.2332462674418,58.8673919232694,128.28457230788,166.201586555032,90.3462143985892,55.8732613209181,164.852844238281,111.629958343506,104.916507022968,72.5649696237901,175.615341186523,129.827079772949,214.788446426392,158.786477951776,190.679954528809,119.610298156738,183.747329048488,164.156021118164,219.711708068848,207.627726236979,188.969265973126,194.648414611816,105.535052173581,137.960382634943,197.069435119629,183.631220499674,176.243133544922,117.154746749553,72.9536865591416,109.720126917015,143.454956650734,178.607948303223,142.134412597656,107.408808551456,144.375797509553,165.919374164782,132.027731257377,200.547248840332,0,141.909926781288,129.967811427166
78.552901771741,85.5083734421503,105.520355242949,41.3359436981766,19.5550807697033,119.299181504683,82.5983826187112,58.354756941313,92.5844469140386,20.6833302744034,55.2454599216298,147.960605316162,20.6554440359233,140.88602237911,94.3934192612697,41.0747008582614,22.8401874969464,120.269865322736,159.263256072998,147.327454460992,24.709993339654,66.2931538332312,20.8793379332789,76.0966187353579,10.767899816788,121.482165095782,133.025405196782,95.3726639633807,26.2266849764533,76.8300926122435,60.9750262243706,163.043403116862,138.240522314001,71.076447158122,81.3483946669903,131.025986119321,123.395240783691,141.910702424891,67.1868558471853,101.776082782439,0,143.379512155293,109.377225453367,147.193920091651,59.1001068438067,123.621926034924,177.717188517253,126.389293517042,182.835383097331,151.069719778911,103.252874189808,112.31268801008,177.625228078742,0,201.612857394748,111.788825383262,129.326514680507,80.6659285177396,144.977967063979,90.3556288029967,167.372872246636,178.266328034578,145.970684327275,109.968047910133,139.748559395092,113.230338041114,0,183.808879852295,114.949788873846,142.700469823984
193.617874145508,37.7749993512551,86.0529708862305,26.0549076794044,0,0,0,0,104.180107116699,117.343187359796,163.670852661133,35.1338294557552,0,20.7828419750742,0,148.461924502724,94.6520385742188,87.3558298746745,58.703682127453,54.0076075822879,0,0,77.5725544736148,150.659675598145,121.482165095782,9.56670355688452,47.8981396958635,29.0414294157675,152.978302001953,84.6917098999023,161.218772888184,52.0388765815351,0,176.042007446289,55.9576030373573,150.529541015625,65.8783944447835,164.346977233887,34.5104173139522,194.119598388672,0,0,0,210.168273925781,0,186.813583374023,82.8519658855363,0,69.5688168805597,212.270889282227,0,0,184.142021179199,87.8327478262094,85.4054283414568,0,0,186.13444519043,150.334487915039,164.443430582682,47.2617716237118,79.80464768917,77.9085409307577,186.924743652344,153.97631072998,186.510154724121,86.8765983581543,0,0,120.359462738037
136.244282523832,43.8117880813766,34.9573759296369,58.7932502027201,151.230181926006,192.326530838013,174.353990840678,142.856301314849,165.295197939935,138.175093946786,156.682858133952,17.305309898604,179.075987382369,18.0148820734232,157.463749586833,165.541105143229,110.12336920166,36.1048336856512,31.5879760659469,26.3093473267538,177.369411468506,109.22937411499,90.4416522590482,75.030298397967,133.025405196782,47.8981396958635,15.6320668828272,34.5532393335131,140.468565812751,130.951205263908,112.619493762135,23.8436426245298,185.530414186675,128.414250364758,65.1283028491132,185.153882980347,86.7837265830004,107.971647806297,76.2441139221191,187.669692993164,237.18132019043,211.662536621094,187.581853866577,219.616202354431,182.638601129705,225.250366210938,115.678870836894,0,92.8503312667211,202.485219319661,0,152.857728397145,108.361299743652,110.212549339053,110.935656982214,0,154.339497089386,122.345608350966,141.369601902209,185.027427186357,74.6576578421671,99.9526757544767,100.927768730536,192.845776532147,183.615679105123,169.507755279541,109.245694817437,0,183.518615722656,128.528984593981
132.85747914217,34.1586250568361,34.1959793610702,39.8525438593229,127.303318568638,150.705827501085,160.43450445599,119.656484754695,154.818760995034,116.539882599361,140.783455632433,62.5393631993021,138.857157026018,44.2243268639971,152.141367958813,143.921388974754,32.4496415978496,72.4860748390843,68.5892499186603,66.6926404920151,129.781158447266,77.1895209068308,42.4023463129663,56.7723767985656,95.3726639633807,29.0414294157675,34.5532393335131,18.9484879958348,80.3640784264152,133.854421153331,113.798053099098,42.7377845864459,171.429307665144,128.810587729177,72.3981934564334,185.808153424944,93.3578720405454,100.665127280557,64.1297064441468,193.722614833287,150.59349822998,193.872073364258,174.037033754237,200.017043712527,166.801622057718,188.478583311423,121.691749269599,214.568618774414,96.0504404853612,195.782892486195,178.980443318685,123.240148668458,116.11498252493,113.087081728388,118.946680932187,191.391163219105,142.343284462072,71.9979629716404,113.164252349369,158.900587581148,74.8377782096945,106.567101602029,101.956713243619,169.392691294352,187.150056946952,170.407713702345,112.393486331832,172.655570983887,161.209115600586,127.431209934001
71.1188487747676,102.231248219808,89.561658198659,53.499280394613,18.0108209126658,131.245320342308,87.7412783772422,29.6917781776301,94.0703076794472,49.7820029932937,27.0967430790865,161.336738586426,53.9157504591426,178.282889988111,95.2015309483481,76.0240036795072,33.2128564998774,118.823869687035,140.277804056803,144.698494720459,34.740018231667,32.4220572829523,50.096622570327,58.042099199862,26.2266849764533,152.978302001953,140.468565812751,80.3640784264152,13.1417504315508,82.4645310569763,30.2886798893348,174.220966504968,140.741090874923,69.2740701246311,70.3181588429069,131.95037371047,175.386222839355,155.407266699749,80.1845502058665,112.291001069177,176.289581298828,158.633599714799,117.046188657727,150.884393936548,93.4943577766418,144.981038307139,228.445336914062,147.676467631819,191.700004577637,154.048222346546,146.9439549764,109.10866128393,195.656424628364,218.411056518555,204.202686854771,144.451674180872,125.255786426251,91.2209469432562,143.901472691127,106.018933143288,218.144805908203,187.017330322266,153.29170038859,119.902515278961,141.436891061288,115.852302802236,0,195.258335876465,118.964316428245,142.113607724508
13.8792673415691,133.949303627014,115.531631909642,78.4388428328359,90.5788842857136,25.4141109950013,37.4686974744793,58.0212869838704,30.8262023722124,73.079883805327,91.8564101061071,76.8711199933546,98.1926710913489,137.475911181906,21.9440950920625,38.1560391534733,116.860468597412,100.811820457628,101.781671991154,126.646886070915,92.8201644544657,61.6704853226244,72.4258780077279,97.2332462674418,76.8300926122435,84.6917098999023,130.951205263908,133.854421153331,82.4645310569763,10.5186069520882,31.2284425397027,160.761908017672,15.6182107891627,14.7004474265173,30.7999442476436,156.034109933036,155.812652587891,172.063440958659,100.858919867154,164.529661390516,0,174.120457119412,134.751724747587,174.916686527313,133.586856842041,175.14917826933,184.431015014648,173.703038995916,0,182.281172584085,0,121.614926528931,192.633700900608,231.81916809082,194.683670043945,159.762807846069,145.854395698099,87.8387650882497,177.770498820714,130.14328720851,0,188.419190979004,179.480641459371,136.940485323665,160.450508912404,126.994537978876,0,0,132.835536732393,160.724284362793
42.8182292016048,115.350639343262,84.2436597549418,52.8268280893939,94.7768738690545,121.890579223633,106.012251124663,20.1088162094342,79.9230108878674,55.1056293762136,42.8004899908241,124.345479472991,131.11894124349,156.354627336775,69.1995587276019,78.4519523620606,70.5201007993598,78.1012642230939,128.27092461837,111.233738230908,125.93860244751,26.0394614300786,45.6332583982384,58.8673919232694,60.9750262243706,161.218772888184,112.619493762135,113.798053099098,30.2886798893348,31.2284425397027,10.8534231996423,161.107432774135,122.152247619629,39.6731360854024,34.8574655654203,125.196394856771,0,156.826711152729,77.5002890153365,137.282709121704,0,160.60781955719,117.711624858535,164.224637408589,86.2132893880208,149.667807205864,182.532287597656,152.400798373752,0,152.230649897483,187.762451171875,103.838755895925,179.960188213148,236.723678588867,197.698677910699,201.078247070312,117.44301736483,75.0849620772571,128.808754894221,111.737140762262,185.359237670898,177.090950375512,163.226845579327,113.826472265391,137.095266639288,112.696667563152,0,191.346694946289,114.631667472221,129.305852139934
181.041711425781,77.7608562816273,100.225767664163,90.0211305009558,182.506088256836,177.086307525635,200.221001364968,177.695584978376,204.15257297092,150.47247467041,188.88139629364,26.7557278074683,0,15.5705337760541,188.855000813802,173.904342651367,129.350021362305,112.100737435477,55.5947571056801,60.417887382137,0,155.934872436523,119.061213005914,128.28457230788,163.043403116862,52.0388765815351,23.8436426245298,42.7377845864459,174.220966504968,160.761908017672,161.107432774135,11.2595064074339,115.867362976074,203.706344604492,82.2004407898993,0,127.880920410156,0,64.0647999258602,207.139877319336,0,0,0,0,0,0,105.58213358912,0,92.5555381326114,208.563766479492,0,0,156.30366973877,117.255239214216,123.899707794189,0,220.744003295898,0,0,232.600250244141,74.2838323757733,121.086355281782,120.096380669301,232.923400878906,0,207.753692626953,108.838131356747,0,200.267471313477,134.939514160156
83.4094472885132,0,177.118244934082,131.706861707899,133.796040852865,13.3996014200682,15.0389014605204,122.620525928254,20.9417451636356,114.897529602051,128.046844274819,69.687879254741,115.253307417327,109.511039733887,11.5406185403806,37.7634912036714,113.433441162109,163.151908287635,107.323464529855,106.859113057454,124.1956917899,210.281600952148,126.240715026855,166.201586555032,138.240522314001,0,185.530414186675,171.429307665144,140.741090874923,15.6182107891627,122.152247619629,115.867362976074,5.84621044865198,59.0915603637695,45.2978340040707,0,0,0,157.935470581055,0,0,0,188.280921936035,207.186248779297,106.426918029785,224.714202880859,0,0,0,0,226.498382568359,0,0,0,0,0,0,0,216.804672241211,178.758394241333,0,0,160.747940063477,198.016513061523,216.815093994141,0,0,0,0,0
60.3392766155774,95.0890655517578,116.814907897949,64.2469458580017,78.226765314738,0,91.157741697211,68.8272136853245,81.5533292059805,64.596682469337,77.4755625441268,139.216448465983,94.2599646250407,181.842340087891,48.5451206724409,55.8199873424712,99.567530632019,100.490440100954,134.392470041911,123.743507472948,87.9565788269043,58.5022981060957,51.7918948469491,90.3462143985892,71.076447158122,176.042007446289,128.414250364758,128.810587729177,69.2740701246311,14.7004474265173,39.6731360854024,203.706344604492,59.0915603637695,8.71695076462504,31.4621405913974,140.864456176758,0,188.462511698405,100.583015018039,176.315831502279,0,178.849521213108,122.323568725586,163.683342615763,118.637937757704,167.541835239955,0,176.983901977539,0,168.565105014377,0,114.921840443331,211.148727416992,0,193.833312988281,155.992361450195,157.645994567871,88.4346682230632,166.80873260498,119.054222553097,186.82341003418,188.137237548828,174.613433837891,130.035309678417,153.682781528782,128.779729570661,0,0,134.471358163016,148.934088486892
71.6527968543922,57.8752559779846,68.1721230194348,67.5762156720431,88.9759660669275,40.0118039053593,57.2922846073756,90.1780639373374,65.4271001122215,83.8733241569705,91.527925054279,29.2956044124015,97.1040155554331,71.6479880954908,56.9979797420172,42.0878943166425,80.7752927613389,37.1646811509845,64.3747938119682,44.5153890630189,90.571313721793,47.6192186423453,66.3551032493304,55.8732613209181,81.3483946669903,55.9576030373573,65.1283028491132,72.3981934564334,70.3181588429069,30.7999442476436,34.8574655654203,82.2004407898993,45.2978340040707,31.4621405913974,11.75694945439,178.218994140625,115.619090398153,117.382767402962,91.2995425415039,160.766705830892,0,181.105415344238,146.829976474538,175.198900575991,144.755020141602,168.641988754272,158.219046020508,207.34948512486,134.597930908203,175.157259772806,0,121.247289276123,140.801569158381,140.178877830505,139.742167768807,209.969676971436,134.579722456499,86.1832163977245,123.20775818194,131.70391516592,94.9220654169718,127.743043473188,119.816387650716,137.814386192888,155.197682698568,131.370686738387,153.64170328776,0,150.40161719689,143.396784382482
141.949035644531,0,188.730026245117,101.821455955505,205.457229614258,0,141.517364501953,180.548629760742,188.744125366211,151.168201446533,191.965408325195,0,165.151657104492,0,179.750999450684,0,140.924513244629,160.566207885742,0,0,0,121.596541268485,87.5066003799438,164.852844238281,131.025986119321,150.529541015625,185.153882980347,185.808153424944,131.95037371047,156.034109933036,125.196394856771,0,0,140.864456176758,178.218994140625,12.7786845778513,130.649765014648,133.944383320056,77.5026613871257,94.4030170440674,108.707437515259,61.8300986480713,26.7069986301886,65.5001651041606,74.4265152857854,75.0105657267147,142.49279332565,114.763043165207,161.1406136649,22.6299521439966,31.4955577850342,74.9578401125394,121.262175750732,155.085661167052,138.296043484028,121.396879196167,80.6636699414721,71.910241709127,102.253879575694,88.2301126781263,0,140.395266187952,148.300601083995,84.1979481481737,16.8576411512999,33.9833944892231,158.400538853237,85.5769389016288,42.6546070543054,79.3226219409357
0,71.0984001159668,78.7955773671468,84.4669829474555,0,0,170.508682250977,0,183.395568847656,123.01448059082,151.05118560791,106.94000837538,0,137.108598709106,0,0,97.9006805419922,89.9650066600126,119.594734191895,88.5901090833876,0,154.651992797852,115.02036857605,111.629958343506,123.395240783691,65.8783944447835,86.7837265830004,93.3578720405454,175.386222839355,155.812652587891,0,127.880920410156,0,0,115.619090398153,130.649765014648,6.26229459521981,52.5703193957989,17.0027577437338,103.212791442871,0,131.50553894043,120.967262268066,172.761700439453,78.6110243911378,126.671886444092,66.1002841222854,139.008674621582,55.6864660413642,151.85155804952,111.657867431641,54.9485755888354,67.836729777228,73.7397617763943,72.2029210024102,94.3816909790039,109.125551223755,28.0444924897161,71.4096476766798,84.4004614475795,21.0292503675431,58.8875169657698,31.7732292823256,111.408651303022,136.995545523507,135.079923629761,71.7163581848145,0,133.827156066895,74.6942322817716
180.791086832682,85.009847558063,97.8726126022856,93.0677475596583,162.563270568848,0,219.916343688965,172.444152468727,194.270153270048,178.231506347656,182.222693050609,145.012367248535,232.188095092773,151.337448120117,193.796811190518,0,111.419177182071,109.354241314061,125.451375325521,128.787571833684,0,127.912124046913,81.6194007091033,104.916507022968,141.910702424891,164.346977233887,107.971647806297,100.665127280557,155.407266699749,172.063440958659,156.826711152729,0,0,188.462511698405,117.382767402962,133.944383320056,52.5703193957989,17.3734935997338,62.3538032415259,137.788252936469,222.186042785645,151.179011001587,107.104621586397,141.896074233517,112.548704528809,116.773074503965,104.601783296336,178.298529730903,105.857672055562,138.41699554628,153.621984863281,101.484972706547,56.0572280704022,107.501733431252,87.5384957125639,172.676734924316,78.7640079784083,54.4024081230164,41.1024563522014,122.978449109574,116.197311401367,42.9750859067887,37.5040225571178,84.5143889630651,137.744209936488,103.529977574068,103.912184143066,153.284868240356,120.492013477144,74.1339979181802
