4877,3,268,19,1,0,49,3560,456,21,193,58,21,13,7842,1,1,562,37,166,11,200,2,523,137,0,305,140,444,7426,6263,3,2,57,191,1,0,1,5,0,0,2,5,9,4,0,0,0,1,7,0,2,1,0,0,0,2,1,2,44,0,7,9,38,2,6,0,0,2,2
3,3688,442,707,0,5,3,6,19,887,2,52,13,377,13,34,111,530,20,64,1,6,3382,167,913,1736,228,6246,30,11,12,12,0,0,74,0,66,212,29,0,0,1,5,4,1,0,8,0,47,2,0,3,87,7,26,0,2,22,24,17,8,119,927,10,0,1,7,0,0,15
268,442,24293,173,7,3,797,2298,1850,32,308,308,25,109,1730,14,37,8201,116,835,8,2515,151,19255,192,2,11198,18820,1951,444,2025,20,12,25,890,0,338,843,79,0,0,4,37,10,6,4,6,1,28,27,2,58,412,5,58,0,24,239,234,103,10,308,2977,73,10,16,7,0,2,47
19,707,173,919,63,3,84,182,120,1125,190,161,61,478,157,24,3144,199,20,96,56,650,2257,1544,4884,1040,359,5947,1244,248,711,14,2,108,293,7,140,31,345,48,0,38,70,22,65,83,12,15,92,38,1,158,38,15,28,7,88,42,194,571,74,226,520,494,42,99,12,0,5,24
1,0,7,63,19051,12,432,77,172,796,10146,30,6423,3,179,211,1,6,7,4,23402,5,3,8,4997,0,15,27,14298,187,9,1,3,33,93,1,0,3,25,1678,0,72,37,21,40,287,0,202,0,16,5,1,2,0,0,214,0,0,0,345,0,1,4,593,6,2,0,0,1,6
0,5,3,3,12,6522,3421,20,2979,51,25,64,59,8,255,3761,0,6,3,2,5,2,1,3,54,0,17,17,17,61,1,1,5920,0,70,0,0,0,0,0,0,0,2,0,0,0,0,0,0,0,0,0,1,0,0,0,0,0,0,1,0,0,0,1,0,0,1,0,0,0
49,3,797,84,432,3421,61153,6307,27709,221,18297,512,18192,119,3258,5965,8,307,47,159,1936,62,13,433,954,1,1158,319,3332,1104,168,14,3219,122,395,1,3,11,23,41,0,63,100,34,19,56,3,182,2,34,2,5,8,0,2,16,1,10,13,314,0,5,47,328,18,13,0,1,2,14
3560,6,2298,182,77,20,6307,51165,7310,281,14315,317,579,78,14587,87,36,422,46,154,258,676,49,2339,1677,2,1470,1295,20001,4893,13905,16,44,800,1677,3,6,37,30,17,0,43,108,42,24,41,0,10,2,49,1,14,13,2,2,6,14,22,89,378,1,11,142,403,39,37,1,0,5,19
456,19,1850,120,172,2979,27709,7310,65497,169,10449,1619,2572,233,31625,701,9,1431,144,696,636,229,33,1455,683,7,2634,600,2004,2864,1550,15,5439,76,758,3,7,27,10,7,0,22,55,17,16,9,1,61,11,21,0,5,10,1,5,3,2,14,21,229,2,19,88,187,19,27,0,1,1,5
21,887,32,1125,796,51,221,281,169,10415,974,107,1108,258,239,1385,25,58,12,55,257,44,3358,56,15653,740,200,3568,2429,342,445,11,9,78,179,13,9,12,67,120,0,59,102,38,82,145,10,40,34,67,6,2,13,3,2,46,4,6,2,590,6,45,83,621,43,58,4,0,9,18
193,2,308,190,10146,25,18297,14315,10449,974,142811,400,18865,72,7354,182,3,117,50,122,20342,63,7,228,2639,5,356,288,20764,3702,202,12,80,162,1507,3,1,9,76,777,0,234,143,76,100,546,5,203,3,43,4,5,0,1,0,114,1,5,6,1039,2,5,31,1392,25,11,1,1,3,16
58,52,308,161,30,64,512,317,1619,107,400,48262,283,5037,2009,22,21,745,9253,2132,118,290,136,433,176,569,10339,3001,281,1992,226,1073,711,52,5518,0,24,18,29,0,0,0,8,0,7,0,148,5,801,2,0,2,11,76,24,0,4,16,8,35,48,424,354,17,7,5,144,0,0,13
21,13,25,61,6423,59,18192,579,2572,1108,18865,283,74773,55,1769,3468,0,29,19,47,30561,8,26,24,2652,8,65,122,4488,994,39,5,68,19,494,1,1,2,14,372,0,115,40,82,18,473,13,5027,0,83,10,0,0,2,0,900,0,3,0,228,2,7,6,403,41,1,0,0,0,19
13,377,109,478,3,8,119,78,233,258,72,5037,55,18281,225,16,17,114,370,175,11,21,458,83,251,3056,4898,10219,66,172,41,2950,69,6,311,3,67,14,47,0,0,4,5,10,8,0,303,0,2160,15,1,1,31,62,44,0,2,23,8,27,131,479,581,5,5,6,224,1,0,25
7842,13,1730,157,179,255,3258,14587,31625,239,7354,2009,1769,225,98157,78,13,2387,255,1080,715,625,36,2302,978,14,2296,969,3429,17711,6954,27,6392,206,1762,4,9,14,27,6,0,20,59,22,22,9,5,30,14,27,0,5,14,2,4,3,8,11,39,284,5,35,115,276,25,33,1,0,4,5
1,34,14,24,211,3761,5965,87,701,1385,182,22,3468,16,78,9211,3,6,1,8,176,0,73,10,1398,16,24,269,408,52,15,1,343,5,30,0,0,0,2,2,0,5,2,3,1,9,0,14,2,0,1,0,0,0,0,2,0,0,1,21,1,1,8,24,0,1,1,0,0,1
1,111,37,3144,1,0,8,36,9,25,3,21,0,17,13,3,21041,71,2,18,1,4877,5234,18789,2317,3,70,5892,892,26,179,9,0,25,221,4,15,94,359,1,0,3,26,3,7,4,2,1,2,21,1,1703,30,2,6,0,819,292,2577,439,4,19,749,436,42,257,0,0,14,36
562,530,8201,199,6,6,307,422,1431,58,117,745,29,114,2387,6,71,21040,687,8057,13,1102,138,8628,221,21,7644,9457,471,2598,2430,12,18,245,3973,0,202,243,34,0,0,0,5,7,4,0,6,0,49,13,0,17,215,16,83,2,14,43,56,46,44,519,1171,20,1,14,7,1,3,31
37,20,116,20,7,3,47,46,144,12,50,9253,19,370,255,1,2,687,8961,4438,13,44,20,90,20,254,5603,1263,25,301,88,120,24,16,640,0,15,9,6,0,0,0,2,1,1,0,116,0,280,1,0,1,7,152,40,0,1,2,5,6,85,634,418,3,3,5,88,0,0,13
166,64,835,96,4,2,159,154,696,55,122,2132,47,175,1080,8,18,8057,4438,20819,19,444,63,734,133,215,12422,4102,148,1278,598,40,34,138,3367,3,49,30,21,0,0,0,8,1,5,1,55,0,176,17,0,4,47,253,292,0,5,11,18,18,279,1540,1000,8,12,19,51,0,2,50
11,1,8,56,23402,5,1936,258,636,257,20342,118,30561,11,715,176,1,13,13,19,17685,3,0,12,2375,1,36,32,6678,467,20,1,16,12,194,0,0,0,9,420,0,42,38,6,17,150,1,852,2,8,5,0,0,0,1,109,0,0,0,228,1,3,1,431,12,2,1,0,2,5
200,6,2515,650,5,2,62,676,229,44,63,290,8,21,625,0,4877,1102,44,444,3,80756,825,45284,388,3,587,2138,6645,1624,23754,5,6,1141,12094,3,6,51,168,0,0,2,22,5,6,1,0,1,2,28,1,848,19,0,12,0,866,229,997,591,2,16,380,508,51,381,1,0,25,38
2,3382,151,2257,3,1,13,49,33,3358,7,136,26,458,36,73,5234,138,20,63,0,825,12039,2246,7780,1260,247,9040,439,59,405,15,1,39,211,0,35,272,116,1,0,6,25,18,6,5,8,0,55,16,0,228,56,3,14,0,127,966,608,221,14,93,1545,267,14,73,8,0,5,27
523,167,19255,1544,8,3,433,2339,1455,56,228,433,24,83,2302,10,18789,8628,90,734,12,45284,2246,92807,1035,2,2816,24517,7116,2026,8642,14,12,300,9371,6,63,959,430,0,0,13,97,37,12,4,4,1,9,52,0,2446,201,4,26,0,756,1242,5435,356,9,89,5256,440,29,158,4,0,0,69
137,913,192,4884,4997,54,954,1677,683,15653,2639,176,2652,251,978,1398,2317,221,20,133,2375,388,7780,1035,47703,457,572,6300,15878,1762,1597,28,16,823,921,76,37,121,428,276,1,431,912,401,321,556,10,108,27,569,17,207,56,2,20,95,289,115,219,5125,6,61,428,4729,384,875,4,4,60,155
0,1736,2,1040,0,0,1,2,7,740,5,569,8,3056,14,16,3,21,254,215,1,3,1260,2,457,6077,408,6283,5,12,5,35,2,0,70,0,27,4,22,0,0,0,0,1,1,1,46,0,467,3,1,0,6,40,20,0,2,5,3,7,91,275,314,4,1,4,69,0,0,5
305,228,11198,359,15,17,1158,1470,2634,200,356,10339,65,4898,2296,24,70,7644,5603,12422,36,587,247,2816,572,408,92701,23136,804,1121,1261,967,50,57,1983,9,481,248,94,0,0,6,30,11,13,1,241,0,932,37,1,20,421,554,837,0,18,54,75,47,661,4644,4008,19,37,55,189,0,2,149
140,6246,18820,5947,27,17,319,1295,600,3568,288,3001,122,10219,969,269,5892,9457,1263,4102,32,2138,9040,24517,6300,6283,23136,129390,3390,948,597,1349,48,124,7642,13,2658,3411,749,3,0,40,239,88,68,16,356,1,2025,205,2,674,2125,668,1160,1,240,2452,3360,563,1137,7658,19560,491,90,173,358,0,10,383
444,30,1951,1244,14298,17,3332,20001,2004,2429,20764,281,4488,66,3429,408,892,471,25,148,6678,6645,439,7116,15878,5,804,3390,57347,4563,8732,7,28,2803,3606,48,15,89,285,909,1,345,567,203,252,646,7,235,3,339,21,166,36,2,8,136,320,121,215,3858,2,26,336,4037,345,769,1,4,45,117
7426,11,444,248,187,61,1104,4893,2864,342,3702,1992,994,172,17711,52,26,2598,301,1278,467,1624,59,2026,1762,12,1121,948,4563,89773,20782,20,3407,9169,5524,3,9,15,45,3,0,17,77,22,21,13,3,21,10,37,0,10,8,2,8,4,24,11,6,372,10,48,84,318,25,66,3,0,6,9
6263,12,2025,711,9,1,168,13905,1550,445,202,226,39,41,6954,15,179,2430,88,598,20,23754,405,8642,1597,5,1261,597,8732,20782,86298,6,11,2555,5282,10,6,34,116,2,0,12,105,35,35,13,3,2,1,62,1,210,14,1,1,0,305,74,129,1076,7,23,110,1028,82,309,0,0,17,46
3,12,20,14,1,1,14,16,15,11,12,1073,5,2950,27,1,9,12,120,40,1,5,15,14,28,35,967,1349,7,20,6,127,4,1,48,1,9,3,4,0,0,0,1,0,1,0,26,0,148,1,0,0,4,15,6,0,0,2,0,0,19,79,71,0,0,2,14,0,0,5
2,0,12,2,3,5920,3219,44,5439,9,80,711,68,69,6392,343,0,18,24,34,16,6,1,12,16,2,50,48,28,3407,11,4,25529,0,762,0,0,0,0,0,0,0,0,0,0,0,0,0,3,0,0,0,0,0,0,0,0,0,0,4,0,2,3,4,0,2,0,0,0,1
57,0,25,108,33,0,122,800,76,78,162,52,19,6,206,5,25,245,16,138,12,1141,39,300,823,0,57,124,2803,9169,2555,1,0,8829,2209,1,0,2,10,2,0,5,25,6,6,3,0,2,0,6,0,13,0,0,0,1,27,2,14,93,0,4,4,82,5,23,1,0,3,5
191,74,890,293,93,70,395,1677,758,179,1507,5518,494,311,1762,30,221,3973,640,3367,194,12094,211,9371,921,70,1983,7642,3606,5524,5282,48,762,2209,37883,5,56,56,36,1,0,10,47,16,18,5,10,6,52,22,0,55,41,17,45,1,55,33,102,168,47,225,487,175,17,49,8,1,2,28
1,0,0,7,1,0,1,3,3,13,3,0,1,3,4,0,4,0,0,3,0,3,0,6,76,0,9,13,48,3,10,1,0,1,5,6846,7,56,51,11,0,36,3398,118,53,253,117,13,51,6447,2,13,190,29,161,16,55,9,54,251,1,303,101,661,5457,2405,67,0,60,171
0,66,338,140,0,0,3,6,7,9,1,24,1,67,9,0,15,202,15,49,0,6,35,63,37,27,481,2658,15,9,6,9,0,0,56,7,6609,44,2867,3,0,2,11,5,600,1,30,8,1124,21,31,55,335,30,128,0,13,2147,43,1151,2849,506,5126,32,13,28,29,0,2,123
1,212,843,31,3,0,11,37,27,12,9,18,2,14,14,0,94,243,9,30,0,51,272,959,121,4,248,3411,89,15,34,3,0,2,56,56,44,31676,164,5,0,605,4061,1273,36,333,148,15,205,1524,12,79,15580,147,1577,2,1881,265,14694,368,6,16610,16328,4064,374,476,218,4,93,1516
5,29,79,345,25,0,23,30,10,67,76,29,14,47,27,2,359,34,6,21,9,168,116,430,428,22,94,749,285,45,116,4,0,10,36,51,2867,164,710,177,2,84,251,118,646,200,55,40,1163,291,21,2548,284,45,185,51,714,1531,999,3542,4178,702,3400,1616,319,703,38,2,66,172
0,0,0,48,1678,0,41,17,7,120,777,0,372,0,6,2,1,0,0,0,420,0,1,0,276,0,0,3,909,3,2,0,0,2,1,11,3,5,177,24193,1,508,56,286,460,7866,33,10038,2,408,210,1,2,2,0,33890,1,4,2,6280,0,5,20,12910,299,11,4,8,10,134
0,0,0,0,0,0,0,0,0,0,0,0,0,0,0,0,0,0,0,0,0,0,0,0,1,0,0,0,1,0,0,0,0,0,0,0,0,0,2,1,2593,5092,9,1474,3,14,22,15,2,17,1097,0,0,0,0,6,0,0,2,6,0,2,1,5,9,2,0,1236,0,72
2,1,4,38,72,0,63,43,22,59,234,0,115,4,20,5,3,0,0,0,42,2,6,13,431,0,6,40,345,17,12,0,0,5,10,36,2,605,84,508,5092,44687,2584,20698,238,21129,195,8007,55,1586,4224,2,291,10,48,608,13,13,134,961,0,432,123,4337,773,62,46,1681,46,302
5,5,37,70,37,2,100,108,55,102,143,8,40,5,59,2,26,5,2,8,38,22,25,97,912,0,30,239,567,77,105,1,0,25,47,3398,11,4061,251,56,9,2584,50353,4859,357,7812,247,116,112,23186,35,15,3513,83,842,37,867,62,2742,1687,2,2729,858,19102,5437,13439,113,23,574,1668
9,4,10,22,21,0,34,42,17,38,76,0,82,10,22,3,3,7,1,1,6,5,18,37,401,1,11,88,203,22,35,0,0,6,16,118,5,1273,118,286,1474,20698,4859,66166,164,13585,1514,2149,281,18115,501,4,807,64,212,566,45,22,372,833,2,1476,273,2876,2824,217,252,7094,41,807
4,1,6,65,40,0,19,24,16,82,100,7,18,8,22,1,7,4,1,5,17,6,6,12,321,1,13,68,252,21,35,1,0,6,18,53,600,36,646,460,3,238,357,164,7406,417,18,881,171,330,1351,10,78,7,31,142,22,2190,38,15010,274,113,1152,2810,340,496,15,2,50,157
0,0,4,83,287,0,56,41,9,145,546,0,473,0,9,9,4,0,0,1,150,1,5,4,556,1,1,16,646,13,13,0,0,3,5,253,1,333,200,7866,14,21129,7812,13585,417,134933,299,24005,21,7498,218,3,133,15,15,13229,28,6,94,1854,1,170,90,19245,3738,135,9,84,69,1379
0,8,6,12,0,0,3,0,1,10,5,148,13,303,5,0,2,6,116,55,1,0,8,4,10,46,241,356,7,3,3,26,0,0,10,117,30,148,55,33,22,195,247,1514,18,299,44716,173,3022,2681,1,13,778,7074,1869,60,175,22,361,86,38,8163,1247,188,2538,713,4226,721,56,11571
0,0,1,15,202,0,182,10,61,40,203,5,5027,0,30,14,1,0,0,0,852,1,0,1,108,0,0,1,235,21,2,0,0,2,6,13,8,15,40,10038,15,8007,116,2149,881,24005,173,71600,15,1701,4248,1,9,5,3,22827,0,8,3,2008,2,23,33,2784,726,18,10,67,8,417
1,47,28,92,0,0,2,2,11,34,3,801,0,2160,14,2,2,49,280,176,2,2,55,9,27,467,932,2025,3,10,1,148,3,0,52,51,1124,205,1163,2,2,55,112,281,171,21,3022,15,23695,674,12,17,104,188,146,0,10,582,93,300,3448,2292,5726,48,181,114,6873,40,4,222
7,2,27,38,16,0,34,49,21,67,43,2,83,15,27,0,21,13,1,17,8,28,16,52,569,3,37,205,339,37,62,1,0,6,22,6447,21,1524,291,408,17,1586,23186,18115,330,7498,2681,1701,674,119153,54,32,2114,188,1087,645,185,63,811,1510,10,4397,870,5082,15192,4655,758,3964,342,2281
0,0,2,1,5,0,2,1,0,6,4,0,10,1,0,1,1,0,0,0,5,1,0,0,17,1,1,2,21,0,1,0,0,0,0,2,31,12,21,210,1097,4224,35,501,1351,218,1,4248,12,54,8386,2,12,2,3,138,0,32,2,1291,6,16,137,313,22,14,3,51,2,13
2,3,58,158,1,0,5,14,5,2,5,2,0,1,5,0,1703,17,1,4,0,848,228,2446,207,0,20,674,166,10,210,0,0,13,55,13,55,79,2548,1,0,2,15,4,10,3,13,1,17,32,2,19064,190,5,39,0,5664,5763,12562,3048,2,91,6869,1620,99,582,4,1,30,220
1,87,412,38,2,1,8,13,10,13,0,11,0,31,14,0,30,215,7,47,0,19,56,201,56,6,421,2125,36,8,14,4,0,0,41,190,335,15580,284,2,0,291,3513,807,78,133,778,9,104,2114,12,190,24255,689,8774,1,1537,216,15140,531,32,8948,12324,2794,706,3706,132,5,55,4237
0,7,5,15,0,0,0,2,1,3,1,76,2,62,2,0,2,16,152,253,0,0,3,4,2,40,554,668,2,2,1,15,0,0,17,29,30,147,45,2,0,10,83,64,7,15,7074,5,188,188,2,5,689,13165,4806,3,73,10,140,26,64,8509,1142,73,184,288,451,11,17,1320
0,26,58,28,0,0,2,2,5,2,0,24,0,44,4,0,6,83,40,292,1,12,14,26,20,20,837,1160,8,8,1,6,0,0,45,161,128,1577,185,0,0,48,842,212,31,15,1869,3,146,1087,3,39,8774,4806,22903,2,348,46,881,175,87,12432,4321,448,643,1875,157,2,54,3108
0,0,0,7,214,0,16,6,3,46,114,0,900,0,3,2,0,2,0,0,109,0,0,0,95,0,0,1,136,4,0,0,0,1,1,16,0,2,51,33890,6,608,37,566,142,13229,60,22827,0,645,138,0,1,3,2,16992,1,2,2,1892,0,10,11,5936,354,9,2,20,2,188
2,2,24,88,0,0,1,14,2,4,1,4,0,2,8,0,819,14,1,5,0,866,127,756,289,2,18,240,320,24,305,0,0,27,55,55,13,1881,714,1,0,13,867,45,22,28,175,0,10,185,0,5664,1537,73,348,1,55405,1326,37763,1096,5,457,1790,7307,1881,22577,17,1,396,6757
1,22,239,42,0,0,10,22,14,6,5,16,3,23,11,0,292,43,2,11,0,229,966,1242,115,5,54,2452,121,11,74,2,0,2,33,9,2147,265,1531,4,0,13,62,22,2190,6,22,8,582,63,32,5763,216,10,46,2,1326,11268,3276,6318,977,214,5530,591,100,516,19,0,31,162
2,24,234,194,0,0,13,89,21,2,6,8,0,8,39,1,2577,56,5,18,0,997,608,5435,219,3,75,3360,215,6,129,0,0,14,102,54,43,14694,999,2,2,134,2742,372,38,94,361,3,93,811,2,12562,15140,140,881,2,37763,3276,82460,1359,13,2910,25243,10518,1797,8606,132,2,120,4751
44,17,103,571,345,1,314,378,229,590,1039,35,228,27,284,21,439,46,6,18,228,591,221,356,5125,7,47,563,3858,372,1076,0,4,93,168,251,1151,368,3542,6280,6,961,1687,833,15010,1854,86,2008,300,1510,1291,3048,531,26,175,1892,1096,6318,1359,54269,358,445,5545,16963,1693,2674,35,19,329,824
0,8,10,74,0,0,0,1,2,6,2,48,2,131,5,1,4,44,85,279,1,2,14,9,6,91,661,1137,2,10,7,19,0,0,47,1,2849,6,4178,0,0,0,2,2,274,1,38,2,3448,10,6,2,32,64,87,0,5,977,13,358,6037,284,1474,9,8,7,25,0,1,38
7,119,308,226,1,0,5,11,19,45,5,424,7,479,35,1,19,519,634,1540,3,16,93,89,61,275,4644,7658,26,48,23,79,2,4,225,303,506,16610,702,5,2,432,2729,1476,113,170,8163,23,2292,4397,16,91,8948,8509,12432,10,457,214,2910,445,284,101895,16375,1340,1027,1783,4388,35,83,3954
9,927,2977,520,4,0,47,142,88,83,31,354,6,581,115,8,749,1171,418,1000,1,380,1545,5256,428,314,4008,19560,336,84,110,71,3,4,487,101,5126,16328,3400,20,1,123,858,273,1152,90,1247,33,5726,870,137,6869,12324,1142,4321,11,1790,5530,25243,5545,1474,16375,90412,3711,751,1092,2197,8,116,5780
38,10,73,494,593,1,328,403,187,621,1392,17,403,5,276,24,436,20,3,8,431,508,267,440,4729,4,19,491,4037,318,1028,0,4,82,175,661,32,4064,1616,12910,5,4337,19102,2876,2810,19245,188,2784,48,5082,313,1620,2794,73,448,5936,7307,591,10518,16963,9,1340,3711,68959,7282,14107,42,28,2764,5388
2,0,10,42,6,0,18,39,19,43,25,7,41,5,25,0,42,1,3,12,12,51,14,29,384,1,37,90,345,25,82,0,0,5,17,5457,13,374,319,299,9,773,5437,2824,340,3738,2538,726,181,15192,22,99,706,184,643,354,1881,100,1797,1693,8,1027,751,7282,99914,7655,183,2385,8032,4880
6,1,16,99,2,0,13,37,27,58,11,5,1,6,33,1,257,14,5,19,2,381,73,158,875,4,55,173,769,66,309,2,2,23,49,2405,28,476,703,11,2,62,13439,217,496,135,713,18,114,4655,14,582,3706,288,1875,9,22577,516,8606,2674,7,1783,1092,14107,7655,63070,161,4,1192,6095
0,7,7,12,0,1,0,1,0,4,1,144,0,224,1,1,0,7,88,51,1,1,8,4,4,69,189,358,1,3,0,14,0,1,8,67,29,218,38,4,0,46,113,252,15,9,4226,10,6873,758,3,4,132,451,157,2,17,19,132,35,25,4388,2197,42,183,161,1465,21,2,188
0,0,0,0,0,0,1,0,1,0,1,0,0,1,0,0,0,1,0,0,0,0,0,0,4,0,0,0,4,0,0,0,0,0,1,0,0,4,2,8,1236,1681,23,7094,2,84,721,67,40,3964,51,1,5,11,2,20,1,0,2,19,0,35,8,28,2385,4,21,8706,0,793
2,0,2,5,1,0,2,5,1,9,3,0,0,0,4,0,14,3,0,2,2,25,5,0,60,0,2,10,45,6,17,0,0,3,2,60,2,93,66,10,0,46,574,41,50,69,56,8,4,342,2,30,55,17,54,2,396,31,120,329,1,83,116,2764,8032,1192,2,0,4905,1582
2,15,47,24,6,0,14,19,5,18,16,13,19,25,5,1,36,31,13,50,5,38,27,69,155,5,149,383,117,9,46,5,1,5,28,171,123,1516,172,134,72,302,1668,807,157,1379,11571,417,222,2281,13,220,4237,1320,3108,188,6757,162,4751,824,38,3954,5780,5388,4880,6095,188,793,1582,40155
