10.1156865819595,128.87442779541,114.52529537144,87.9931206954153,119.351928710938,0,103.907320917869,40.1446181448658,49.2411757205662,83.4730099269322,80.8895721089655,148.285371846166,117.621956598191,176.427720289964,18.1086276875136,90.0813140869141,112.053939819336,121.498847961426,155.505816485431,146.73359284918,118.900717301802,93.5581985855103,90.1694412231445,108.455474415883,94.327761128001,0,146.624305524982,151.703694207328,83.3766348168657,16.2852759309577,39.0708358656688,173.68928527832,142.901058197021,75.2516703354685,89.7022636673213,167.472793579102,0,148.860946655273,93.322297668457,0,0,187.255920410156,144.213217163086,173.847544352214,114.494010925293,0,0,0,222.993225097656,170.285805838449,0,147.145164489746,234.073287963867,0,0,0,237.851280212402,169.509033203125,168.595481872559,131.104117826982,0,214.13260105678,186.930211385091,159.524841509367,188.172134399414,145.566396077474,0,0,174.910858154297,184.761268615723
128.87442779541,9.30400252161212,47.241464273962,25.1427291168013,0,159.485409545898,143.724599202474,137.453648885091,156.14253275018,92.8035818613906,170.295028686523,71.0646497286283,138.522041320801,63.1878871462389,144.795689509465,125.658226237578,58.0696358036351,52.4026122686998,84.0406681060791,73.0460116267204,202.539825439453,105.230383555094,32.7954782545038,60.9994629500155,93.7341969417977,22.3417737933073,58.4468972892092,35.0458313271742,112.936313883464,135.551272999157,129.415953318278,78.3392022450765,0,0,67.7513482377336,0,57.9948788267193,83.6477452584033,46.1420738614839,0,0,151.465560913086,162.94953918457,172.339454650879,143.696136474609,0,126.645802497864,0,118.677031821393,166.119003295898,0,125.878420511882,99.6851613713407,155.582776750837,120.267451946552,0,163.611915588379,71.782154083252,101.005916595459,140.244453430176,105.743094921112,113.782065575864,85.2920519840113,149.290033721924,0,190.014373779297,131.948348999023,0,0,108.990735371908
114.52529537144,47.241464273962,17.8709000610252,53.675096203137,154.774256025042,188.003794352214,134.734417665259,110.669623028827,134.316977369979,130.197523117065,144.345352420559,104.664369062944,171.86385925293,105.240663720927,128.797463649684,146.299437386649,94.4020934233794,38.2065307482643,88.5101399586118,71.3220669637897,188.907375335693,74.0510064066286,64.8010609355194,38.4052320437257,125.535540819168,120.394485473633,46.1091930260295,36.107264894152,93.3125862579111,133.47822701394,89.790904859378,106.410099411011,201.264717102051,129.93238494873,75.8390734426091,0,82.3607642269699,102.069677341592,70.8654048291943,0,0,194.315017700195,169.02978474385,194.267060852051,177.287404378255,209.7751121521,162.36553700765,232.793731689453,155.221075057983,183.978820235641,207.514999389648,128.287407973717,119.150363792494,178.837789916992,140.198019488104,0,160.658859888713,81.3664395799198,118.867079645141,154.725297650087,132.63228302002,118.845658686254,103.848233817206,171.728563282588,196.170359802246,177.789580345154,155.918191092355,0,213.108100891113,131.917248015708
87.9931206954153,25.1427291168013,53.675096203137,10.435275104282,69.0592708284893,166.966626485189,92.6997376850673,77.7558431310968,111.2814397494,30.3105790146722,92.44522000363,79.315497605697,94.885027901071,65.5128344372227,103.109959158928,114.737586657206,39.8411775945707,70.2749978357823,99.5777509689331,84.0745788415273,77.7186852863857,60.2547502165574,23.5897397329494,59.2329685478013,42.6271359727189,30.2134682206007,69.2781056374893,44.1580362249387,62.5310697003576,90.4371759814601,58.0301247260071,92.1053747449602,116.816898345947,62.2674504915873,74.5324926539086,119.268039158412,47.4233218124935,108.047197772611,13.827814386893,84.3695639769236,0,106.913296649331,87.406846509661,109.157139518044,29.8606498278104,99.3398332710726,127.699281056722,90.7598284403483,93.5988876923271,118.819289157265,159.481384277344,57.6355780951584,97.9487227389687,124.823252614339,94.271030834743,107.162013462612,77.3657270778309,48.185585078739,78.82173294382,61.1622626009004,39.5997064178054,74.2012550050178,72.4926951445066,85.0735921435028,109.085211890084,84.051135400329,124.736616770426,0,98.318383026123,98.5730366706848
119.351928710938,0,154.774256025042,69.0592708284893,9.9320387485728,112.634230295817,62.7369763497953,71.5549163322944,124.857792898666,53.4378014521383,29.770324231134,170.183092244466,37.8728840164765,185.009190877279,127.13269213458,69.8802104787239,111.683212280273,189.180514017741,205.923100062779,200.449523925781,15.8995949329143,119.53664855957,111.623346964518,166.035938262939,20.5881718824882,0,183.697480265299,152.851515593352,22.6976104339931,120.666988434001,123.072353786892,198.888916015625,154.215123494466,99.423027269768,113.875547757713,191.083877563477,0,212.050470987956,87.9327932739258,23.5662888561301,0,150.192831251356,143.542381080421,181.4753196353,102.693144989014,155.993192426834,0,68.0603316231529,0,191.598010063171,115.122456359863,215.953994750977,239.03540802002,0,0,51.245091549704,0,0,0,116.320375873732,0,219.657913208008,211.876846313477,138.292716698542,174.853612263997,194.128395080566,0,0,181.171188354492,182.49289449056
0,159.485409545898,188.003794352214,166.966626485189,112.634230295817,7.10877033648627,16.6775024779113,119.739362335205,14.7785650672989,61.7892637813792,119.072582092285,71.5917598009109,85.6752779685845,134.630865097046,31.8532320284376,17.827508048281,0,168.520323435465,180.693163553874,134.575958251953,125.18175201416,142.50447845459,138.562255859375,131.615002950033,86.1844321356879,0,173.167822893928,158.608138589298,121.942515204935,42.9856323805012,124.076812744141,119.135902404785,9.29894943982363,0,35.6268592289516,0,0,0,0,0,0,0,197.365982055664,0,0,0,0,0,0,0,0,0,241.969619750977,0,0,0,0,0,0,185.347579956055,0,0,0,192.967758178711,0,0,139.349945068359,0,0,0
103.907320917869,143.724599202474,134.734417665259,92.6997376850673,62.7369763497953,16.6775024779113,12.5258686992657,62.9623708995639,20.5475338280767,72.4342558200543,40.7180945344744,124.034045025706,25.346394131332,151.50536057929,54.0493965110872,16.6621669127775,137.341541290283,148.48804560857,170.920453335376,171.945839647977,43.4373754356518,135.512893061484,143.643909160907,134.297747763971,79.9881109721506,217.621032714844,168.386440000386,164.753602174382,72.2906452061034,95.9072783407958,113.725589911143,186.875695364816,18.8408044186687,107.987976887187,102.363598854934,130.392196655273,197.972432454427,201.567808671431,105.172680730405,156.822334475634,0,169.880268762982,152.516616287231,176.598665574018,130.229178980777,179.649762834821,200.757466634115,53.139688879579,230.529907226562,181.270997440114,157.97827911377,183.838479614258,214.381818771362,0,236.126670837402,175.075965881348,223.499252319336,171.846282958984,199.602870060847,137.473035678742,0,213.792419433594,196.766055492645,162.070337528136,190.773916456434,178.851449819712,0,233.247497558594,171.630096435547,179.058547973633
40.1446181448658,137.453648885091,110.669623028827,77.7558431310968,71.5549163322944,119.739362335205,62.9623708995639,13.3805282621385,70.7148652445928,69.8173504486627,33.5661271164228,168.048546078077,71.3020174556857,183.1485548753,58.7480259746785,91.5492931234426,93.2370989057753,135.766925522501,177.638881517493,173.201626220307,63.0685807679051,91.2234521278968,105.900370850855,102.904334195102,70.7945414823511,202.707611083984,155.538154259507,125.986527060726,38.6297510692188,84.9332598807645,24.0243640412362,187.543776512146,139.14047535983,80.2140656089783,96.1027582699725,176.79084777832,171.689092000326,182.940311328785,93.997292582194,158.332314883961,0,167.114379527957,144.128804877952,175.046056838263,105.37693754832,163.043186652951,0,98.9831806182861,236.076774597168,168.879413215481,143.471130371094,162.059492383684,197.7550001878,230.26407623291,224.887901306152,166.056861877441,165.51968056815,144.010793512518,173.474026540692,130.76290512085,186.397796630859,218.866371848366,176.638841333524,149.742197098271,168.675422472832,152.000386830923,228.792510986328,0,139.898333740234,166.470343338816
49.2411757205662,156.14253275018,134.316977369979,111.2814397494,124.857792898666,14.7785650672989,20.5475338280767,70.7148652445928,13.8786839556253,100.855025929107,59.2590881878707,95.3642304593063,100.020934071734,132.194777836615,20.1350036647631,41.2841006522512,163.449986775716,145.919008640207,148.222087595198,165.396889154938,107.086262031171,126.334694674962,128.580764539314,128.087909837441,110.836635297772,132.440331595285,166.075420588187,168.992395617167,102.331859741858,50.1501877770744,85.6537813198951,165.271402486165,19.1839504704403,107.71981731214,79.0545790025615,202.675404866536,204.407952444894,198.176831280744,118.068458557129,211.305395943778,0,190.085641340776,186.130547540838,205.35578290154,162.474295139313,208.471389770508,130.087524414062,116.817840701244,163.669367009943,199.447158086868,0,203.004309082031,220.200605773926,161.071640014648,225.955560302734,202.514317830404,214.788612365723,168.780483790806,197.614924112956,160.798408674881,166.678375244141,206.549674586246,190.157052993774,186.106364530676,193.848946019223,175.915816130462,0,224.302597045898,210.358993530273,178.686929321289
83.4730099269322,92.8035818613906,130.197523117065,30.3105790146722,53.4378014521383,61.7892637813792,72.4342558200543,69.8173504486627,100.855025929107,7.87016487677854,79.9002606981344,149.564908963498,26.0057527095833,144.664140449938,103.623956033874,26.7541641727682,92.9461190795898,140.730640542918,166.723478953044,150.368836558949,61.5058962862779,96.666597626426,28.2637569843977,132.631711414882,26.8054225085787,109.46367157601,142.057349281311,120.926359080413,63.1812664391622,94.4044464178253,62.5458108151897,151.268144780939,115.210843404134,79.8738172971285,106.314263242583,103.86486346905,160.209596421984,158.162249883016,42.5810237429035,94.6229510943095,0,121.109590433412,104.079980177038,135.757877550627,49.4504338473809,112.444324151401,189.243193054199,102.388551425934,191.545284944422,136.42232752558,100.116342544556,187.084136962891,184.586880023663,202.221811930339,193.166244506836,100.366668535315,134.403339385986,150.301198323568,148.327209472656,75.1804100586196,180.31782023112,200.574341498481,176.981401374541,102.239389140057,125.03978250193,96.8686999616952,203.756786346436,0,115.34661271837,128.483311971029
80.8895721089655,170.295028686523,144.345352420559,92.44522000363,29.770324231134,119.072582092285,40.7180945344744,33.5661271164228,59.2590881878707,79.9002606981344,18.2580788049768,170.89635477066,29.1879753536044,192.753242704603,84.9611203655913,89.5526740524795,98.5854136149089,182.119976141514,192.066277770996,188.170611897453,24.2792353330255,149.273941766648,129.503214154925,145.702220983673,56.1808250263904,186.684005737305,183.464438170529,166.935696787304,40.2213135389229,114.674021425665,138.527044673957,208.328323364258,138.298551177979,105.821207187794,111.907822384293,165.934560139974,232.395751953125,207.229015774197,102.152724918566,81.3661731599687,0,170.3587436513,161.711469210111,195.894039756373,126.327352905273,182.097703814943,228.993878173828,119.929648883237,224.654805501302,201.115176888399,152.582424163818,196.98395690918,0,247.25358581543,0,172.893068815532,171.134887695312,196.248904418945,207.748448689779,138.479716377148,232.244705200195,226.895715332031,206.91132527013,170.150287869333,202.515458374023,196.080499822443,235.461791992188,196.513366699219,207.995468139648,199.264662742615
148.285371846166,71.0646497286283,104.664369062944,79.315497605697,170.183092244466,71.5917598009109,124.034045025706,168.048546078077,95.3642304593063,149.564908963498,170.89635477066,13.4668108477357,158.746316997407,26.0887553150369,91.6346001575217,134.489413174716,128.492144630069,67.3806586169556,27.7451964647309,29.3130722862247,160.092458951271,113.889114064184,103.739087216994,110.674211744348,160.526948842135,37.3848940827516,25.552517728218,64.9582879776082,170.532944865922,80.1004772732057,146.87337650873,23.6254859666122,68.3298611218416,125.269271263709,33.193546982985,0,126.701593716939,161.716732025146,115.745663346915,0,0,0,221.339441299438,0,195.727419172015,0,87.2568293133297,166.423181152344,79.7489311227787,226.590377807617,0,177.507621765137,164.631530068137,102.428313004343,115.044353485107,0,184.888591766357,144.447497844696,193.098421096802,208.043290492467,91.2715718746185,100.569611297463,111.709949902895,216.367763743681,202.296415056501,205.541998291016,94.6813484827677,0,0,144.771774878869
117.621956598191,138.522041320801,171.86385925293,94.885027901071,37.8728840164765,85.6752779685845,25.346394131332,71.3020174556857,100.020934071734,26.0057527095833,29.1879753536044,158.746316997407,11.909218430814,173.626628390226,113.522848571337,19.5207039204436,0,198.162093063881,181.878151341488,176.445513299171,18.2452083582388,169.49961566925,85.973672573383,180.260066986084,34.9917255835116,151.780691146851,186.35322664701,171.448250880007,60.9287244410863,118.141009470826,161.495497874725,192.875863647461,128.597283307244,121.590812683105,112.766853564181,119.07152557373,183.508010864258,183.999122619629,93.3750403267997,73.8041884206956,0,115.877986078677,160.672017097473,123.64082950499,122.542581770155,71.8373514320583,164.394021841196,18.1861596989162,0,128.851652030485,111.432832717896,0,0,236.203330993652,0,21.7673052607642,0,170.361022949219,0,133.821474727831,235.904281616211,218.481098720006,218.808049519857,143.414611664954,143.461258492819,174.042541503906,0,0,0,135.14879648309
176.427720289964,63.1878871462389,105.240663720927,65.5128344372227,185.009190877279,134.630865097046,151.50536057929,183.1485548753,132.194777836615,144.664140449938,192.753242704603,26.0887553150369,173.626628390226,8.28358185856656,131.161436716715,184.231418609619,139.471742517808,102.61225546452,57.5659229587864,85.8323379516602,182.14724592729,161.231777372814,100.870690033425,131.796195891966,159.352064489843,24.6223003742583,22.2876732239386,45.5855305840188,188.24704765551,111.91910473136,170.146026611328,12.8462923702143,94.1400581581005,189.220339457194,72.0274907017061,211.800704956055,122.558885488937,152.425902230399,111.197950971887,0,0,238.179626464844,219.423330688477,227.514492797852,190.127023696899,0,82.6041898570045,0,76.1813174689258,218.012423706055,238.155044555664,175.680541992188,158.384205971995,105.173976159865,136.760628266768,0,215.255310058594,147.612020741338,187.094318389893,212.042582759151,79.172476382656,107.187411409828,116.783100863537,227.629806518555,217.408602905273,197.484395345052,91.561140026365,158.007415771484,0,151.361563110352
18.1086276875136,144.795689509465,128.797463649684,103.109959158928,127.13269213458,31.8532320284376,54.0493965110872,58.7480259746785,20.1350036647631,103.623956033874,84.9611203655913,91.6346001575217,113.522848571337,131.161436716715,10.2461969443655,74.0069469305185,134.54748241718,138.345491800041,140.712957524318,152.497258422993,112.265405156062,113.628917401123,121.557614644368,121.69754628696,109.572846125971,112.220149993896,157.861970290074,157.661507259089,97.7976155563359,26.6207111409097,70.4856377962783,158.469150684498,11.7943416906239,88.8641703151962,71.84552876335,174.860717773438,196.732581244575,193.171891348703,126.382149872956,189.969505310059,0,189.152381134033,183.103697954598,203.492238131436,146.468187158758,205.62090894911,170.631213378906,127.323545074463,170.546609061105,193.914590906214,0,185.664083862305,219.661046709333,217.340675354004,185.516235351562,234.607121785482,180.582908630371,153.290036981756,187.542455428686,162.03784064172,184.848355102539,194.194115992955,191.39239860203,173.706650001415,197.709163818359,166.945841471354,156.526702880859,0,176.460506439209,186.495913696289
90.0813140869141,125.658226237578,146.299437386649,114.737586657206,69.8802104787239,17.827508048281,16.6621669127775,91.5492931234426,41.2841006522512,26.7541641727682,89.5526740524795,134.489413174716,19.5207039204436,184.231418609619,74.0069469305185,9.14738383547852,185.126467386882,169.287554423014,142.350936889648,187.649446487427,68.7829443324696,0,83.7357733739565,161.570538330078,54.2438152979031,155.608962535858,175.103119850159,151.934535455526,90.8278635623408,87.3063514049237,110.724850972493,183.787322998047,40.6127632630462,119.512821960449,119.0732934316,0,0,0,109.379543304443,187.919219970703,0,148.247190856934,155.536888122559,197.100087483724,128.4404296875,160.361340840658,0,64.5640174320766,229.647514343262,0,63.8271942138672,0,0,0,0,120.392463684082,0,0,161.793273925781,167.400182814825,167.380996704102,244.107269287109,193.364288330078,157.163398742676,0,163.608596801758,238.776947021484,0,0,143.925857543945
112.053939819336,58.0696358036351,94.4020934233794,39.8411775945707,111.683212280273,0,137.341541290283,93.2370989057753,163.449986775716,92.9461190795898,98.5854136149089,128.492144630069,0,139.471742517808,134.54748241718,185.126467386882,14.1820156872598,111.491873512805,160.367958068848,134.114935980903,129.702987670898,25.7037443539293,27.2682336067762,22.6745685843436,30.6364310120116,86.8289998372396,124.975178527832,38.2596897562588,45.0253776413443,113.190187014066,82.0314972946764,141.592620849609,0,70.912716217041,86.0398184832405,133.921159744263,118.202364095052,121.556607672509,57.1527338054519,145.116088867188,0,174.086120605469,158.303081219013,179.073008219401,95.0153634207589,164.620777130127,156.405265808105,225.874206542969,182.568061828613,159.935716174898,192.97575378418,96.5919385173359,142.696583302816,216.340141296387,182.115292867025,0,116.101148193136,73.3145987889538,108.325993047558,111.239412538011,160.174953460693,179.97589954577,105.69138858729,126.447496414185,135.980694180443,114.284578969043,0,0,129.10527747018,134.52472919888
121.498847961426,52.4026122686998,38.2065307482643,70.2749978357823,189.180514017741,168.520323435465,148.48804560857,135.766925522501,145.919008640207,140.730640542918,182.119976141514,67.3806586169556,198.162093063881,102.61225546452,138.345491800041,169.287554423014,111.491873512805,13.7251665834465,55.6207870500057,32.6088184651361,203.809700599084,83.4778922248882,92.4390038200047,30.4790589362314,143.846471864174,75.4103767758324,41.3424001151139,68.1682443712559,130.302733921448,120.914755591436,98.4440040933742,117.626307169596,157.349335564507,105.620791516985,42.7271382684465,0,87.0558572523665,111.359123952104,87.9255224115708,0,0,0,201.737216186523,199.504636492048,197.79967880249,0,156.007848103841,0,143.677554539272,206.052572397085,0,141.641608743107,122.858949031386,138.079469680786,127.729365337326,238.586067199707,188.527097429548,95.7487131163131,144.108234950474,185.838416058084,102.47586926547,113.230643682167,115.496705547955,191.532904815674,180.654998779297,179.99815586635,174.007897513253,143.27165222168,164.902542114258,135.953733136577
155.505816485431,84.0406681060791,88.5101399586118,99.5777509689331,205.923100062779,180.693163553874,170.920453335376,177.638881517493,148.222087595198,166.723478953044,192.066277770996,27.7451964647309,181.878151341488,57.5659229587864,140.712957524318,142.350936889648,160.367958068848,55.6207870500057,8.7520857531236,19.8055009501858,181.685490534856,134.509906248613,121.532105255127,115.046862241957,170.54144744873,49.5237269814559,37.3380989594777,76.4244620835885,193.059592895508,125.869172587347,146.52095005729,56.085826810201,111.872217496236,140.741516590118,67.1711470991373,0,127.338033040365,153.70290629069,120.628276824951,0,0,0,243.371520996094,232.683731079102,209.988479614258,0,98.7745997330238,0,89.6331709997995,242.444183349609,0,214.049453735352,143.738170078823,103.529977497302,123.254598617554,0,159.202026367188,178.198020935059,174.886135864258,215.779530843099,86.6954399108887,104.456597854662,111.495514408823,230.07497660319,197.0283203125,213.137817382812,102.633909658952,0,0,143.665761507474
146.73359284918,73.0460116267204,71.3220669637897,84.0745788415273,200.449523925781,134.575958251953,171.945839647977,173.201626220307,165.396889154938,150.368836558949,188.170611897453,29.3130722862247,176.445513299171,85.8323379516602,152.497258422993,187.649446487427,134.114935980903,32.6088184651361,19.8055009501858,12.3485013000376,178.867069445158,115.050581949251,107.967889089433,92.4521670432442,165.877752433146,50.4441925048828,31.5777768354987,71.5984325855317,172.245347718935,134.484780399639,130.209387833458,79.8293352127075,104.998043284697,124.123605258223,51.7530513376237,205.874445597331,119.32872865638,155.989110565186,103.815509432838,0,0,0,212.290662765503,246.667953491211,203.706460571289,223.146682739258,114.478745755282,0,105.694687886672,222.08268737793,0,196.240921020508,138.271947982463,105.062507810329,113.224914681422,0,166.211508178711,166.333645907315,167.1502049764,209.019889831543,83.1740916946028,105.226672878513,110.894969322205,207.331218719482,204.328263600667,180.627912822523,113.472827686983,0,189.007667541504,130.429658508301
118.900717301802,202.539825439453,188.907375335693,77.7186852863857,15.8995949329143,125.18175201416,43.4373754356518,63.0685807679051,107.086262031171,61.5058962862779,24.2792353330255,160.092458951271,18.2452083582388,182.14724592729,112.265405156062,68.7829443324696,129.702987670898,203.809700599084,181.685490534856,178.867069445158,10.5189233550993,172.004943847656,0,176.235587437948,23.0044357289766,188.337371826172,187.408681233724,190.885277509689,37.2177325040504,114.337369514482,150.77460975647,192.771484375,133.171388626099,106.794726053874,108.447292131247,0,0,0,96.2939516703288,52.8875455606551,0,157.741594042097,157.789459228516,189.668772379557,107.667278289795,169.599182103475,203.022827148438,23.0802427300825,230.451934814453,192.134044647217,112.795771789551,0,0,0,230.025695800781,48.2232510190491,0,0,0,122.879383664382,218.981109619141,226.734354654948,193.383392333984,138.977420076693,200.233725229899,148.389091491699,235.280502319336,0,194.358497619629,203.17297668457
93.5581985855103,105.230383555094,74.0510064066286,60.2547502165574,119.53664855957,142.50447845459,135.512893061484,91.2234521278968,126.334694674962,96.666597626426,149.273941766648,113.889114064184,169.49961566925,161.231777372814,113.628917401123,0,25.7037443539293,83.4778922248882,134.509906248613,115.050581949251,172.004943847656,17.1659924468383,59.923151621963,37.8041912765482,81.1215644700011,151.734349568685,116.038845998059,89.6462196978149,43.5830195586245,81.0854445549068,34.1126055469856,153.082498168945,151.952087402344,47.7179586484075,53.7874806925386,136.993316650391,127.820097605387,140.331184387207,72.8143157958984,0,0,208.696395874023,164.083377144553,166.979098510742,138.94318262736,160.070678710938,0,169.127944946289,232.663208007812,166.090673174177,156.058380126953,111.368064322562,168.300606175473,0,178.22971979777,0,125.619183564572,91.4685033106908,124.188430602476,121.193271023771,163.884796142578,182.970653533936,129.247328286422,131.610388027401,153.462177800197,121.831343342939,152.845550537109,0,121.755362854004,132.54461107756
90.1694412231445,32.7954782545038,64.8010609355194,23.5897397329494,111.623346964518,138.562255859375,143.643909160907,105.900370850855,128.580764539314,28.2637569843977,129.503214154925,103.739087216994,85.973672573383,100.870690033425,121.557614644368,83.7357733739565,27.2682336067762,92.4390038200047,121.532105255127,107.967889089433,0,59.923151621963,9.72979575853548,55.773320378943,32.2682809207311,68.8399522811647,105.354656713694,53.8999704265489,60.1435133514752,96.4243608248436,58.9774026705895,118.823743184408,140.207778930664,59.6235295809232,77.2128673300359,0,91.0221604483468,85.0999466110678,40.1190531911521,187.332427978516,0,169.757217407227,128.77930847168,153.855110168457,96.3281421661377,148.777792358398,135.278666496277,0,155.315749844638,154.017462730408,0,77.3504926279971,117.220192909241,168.370422363281,157.8489112854,0,99.0557050329494,21.6105273100654,86.6729552557594,98.2521570645846,127.657267979213,151.252883008731,80.3685841421479,103.618295748136,128.387411390032,87.9177165619315,169.878595352173,0,92.3046722412109,114.973776358145
108.455474415883,60.9994629500155,38.4052320437257,59.2329685478013,166.035938262939,131.615002950033,134.297747763971,102.904334195102,128.087909837441,132.631711414882,145.702220983673,110.674211744348,180.260066986084,131.796195891966,121.69754628696,161.570538330078,22.6745685843436,30.4790589362314,115.046862241957,92.4521670432442,176.235587437948,37.8041912765482,55.773320378943,22.0630762224234,87.7211675795956,165.601078033447,87.9054866619408,49.6846363151103,70.3428497893412,109.946988242282,75.37622988762,141.163005828857,170.650654474894,94.7824908574422,57.489579382936,188.477958679199,105.667009081159,111.615029495128,71.7366459247678,0,0,198.881231454703,167.955467460082,192.124659770244,156.806725819906,175.500118255615,216.477912902832,243.188980102539,168.813810560438,183.499692476713,0,108.097623828972,140.197018030271,178.044025421143,168.995254516602,0,129.357651644914,81.0469432099814,119.713857215243,145.403864335478,150.436192830404,161.874022065923,109.337471059831,153.154029447382,156.813872238685,132.493166863164,180.294429779053,0,0,131.84430329696
94.327761128001,93.7341969417977,125.535540819168,42.6271359727189,20.5881718824882,86.1844321356879,79.9881109721506,70.7945414823511,110.836635297772,26.8054225085787,56.1808250263904,160.526948842135,34.9917255835116,159.352064489843,109.572846125971,54.2438152979031,30.6364310120116,143.846471864174,170.54144744873,165.877752433146,23.0044357289766,81.1215644700011,32.2682809207311,87.7211675795956,13.6405376679087,119.773238952102,148.617851163958,111.213497248453,30.7905687978007,101.030985424115,76.1299340827956,163.203721727644,131.812139034271,82.8747384777046,102.40792146283,133.242427725541,149.816795142921,168.943266308997,63.9361651991015,119.320223753003,201.718872070312,131.425185750089,126.210225874918,154.302132356791,90.4233599214168,138.791127376419,207.202827453613,127.826692651819,202.521146421079,153.415466965607,130.833843006807,107.951951529093,187.801884787423,231.058433532715,203.556314086914,130.372532814427,124.950121579286,98.3912606280783,142.08377942647,104.771787271639,190.973078409831,208.849740950788,161.670051342973,121.927547813798,147.897229512533,122.344296395438,223.264099121094,188.298652648926,129.215418497721,144.133816183767
0,22.3417737933073,120.394485473633,30.2134682206007,0,0,217.621032714844,202.707611083984,132.440331595285,109.46367157601,186.684005737305,37.3848940827516,151.780691146851,24.6223003742583,112.220149993896,155.608962535858,86.8289998372396,75.4103767758324,49.5237269814559,50.4441925048828,188.337371826172,151.734349568685,68.8399522811647,165.601078033447,119.773238952102,10.0002095432134,49.2952431229984,29.1651551001736,157.445599365234,97.6388988494873,174.380676269531,48.1476296561105,84.8876457214355,0,63.0366636003767,0,82.8935544049298,168.291061401367,75.159537228671,0,0,0,0,219.345016479492,158.255096435547,197.687957763672,75.0108247839886,0,65.7478749358935,224.664688110352,180.911117553711,0,121.680015563965,80.4083510398865,127.848068618774,0,183.860610961914,129.409616088867,167.617416381836,191.879675728934,36.3376003831297,86.2078733270819,85.526852504463,191.617755889893,170.132385253906,177.937698364258,80.2769743877908,0,0,99.0180114746094
146.624305524982,58.4468972892092,46.1091930260295,69.2781056374893,183.697480265299,173.167822893928,168.386440000386,155.538154259507,166.075420588187,142.057349281311,183.464438170529,25.552517728218,186.35322664701,22.2876732239386,157.861970290074,175.103119850159,124.975178527832,41.3424001151139,37.3380989594777,31.5777768354987,187.408681233724,116.038845998059,105.354656713694,87.9054866619408,148.617851163958,49.2952431229984,18.2775268671709,42.4228645130003,150.040813208812,146.412083172352,135.009748502727,25.1777250426508,135.739115447998,150.457559016713,75.7672141561349,187.386491563585,86.0601652228659,122.719918589438,89.5091327504909,0,0,220.77946472168,194.255310058594,219.912789084695,192.775006807767,216.371017456055,101.790894726005,0,93.9356274666193,203.664363964184,227.830276489258,167.11459197998,118.561913587702,101.693790821392,109.715438742507,0,185.822011311849,132.379465315077,160.53607035319,199.603122792345,78.9455795807485,99.0325806409916,106.362551841431,204.208613345498,185.44955320616,185.041006192294,107.923613492774,0,196.995109558105,129.185834948649
151.703694207328,35.0458313271742,36.107264894152,44.1580362249387,152.851515593352,158.608138589298,164.753602174382,125.986527060726,168.992395617167,120.926359080413,166.935696787304,64.9582879776082,171.448250880007,45.5855305840188,157.661507259089,151.934535455526,38.2596897562588,68.1682443712559,76.4244620835885,71.5984325855317,190.885277509689,89.6462196978149,53.8999704265489,49.6846363151103,111.213497248453,29.1651551001736,42.4228645130003,21.5975679371676,97.5801164840878,142.566336547272,137.660831943429,36.9077945690494,130.464276949565,138.689056704121,76.0625595885464,183.650003873385,82.5905700967758,103.560914650511,64.9951244400086,221.539357503255,0,183.439794921875,168.756670644593,186.122375314886,168.077546175788,189.78457069397,114.413614080193,204.772033691406,104.310989946907,190.514792316716,173.739364624023,111.295984970002,119.418129602769,114.93637341939,121.650048400616,228.562850952148,146.204175885518,73.7538941003759,112.486924523399,156.592097660153,83.8336981955388,107.391299710756,101.787343924275,158.266471272331,190.698637813992,172.090444002537,120.734006764502,0,173.771942138672,129.799572498929
83.3766348168657,112.936313883464,93.3125862579111,62.5310697003576,22.6976104339931,121.942515204935,72.2906452061034,38.6297510692188,102.331859741858,63.1812664391622,40.2213135389229,170.532944865922,60.9287244410863,188.24704765551,97.7976155563359,90.8278635623408,45.0253776413443,130.302733921448,193.059592895508,172.245347718935,37.2177325040504,43.5830195586245,60.1435133514752,70.3428497893412,30.7905687978007,157.445599365234,150.040813208812,97.5801164840878,14.655080190301,102.364518159109,49.5694600619202,174.693372453962,150.221422467913,78.4749558047656,87.3611945555862,142.126985708872,153.96225789388,171.836010879345,83.1574148479261,78.5150507999332,189.09196472168,157.249928681747,140.728907697836,171.20236908861,106.110989283002,171.068174273606,215.286597115653,105.862301749371,225.286117553711,163.754383976129,148.156364804222,123.21865054211,195.514408535428,228.31079864502,206.934764862061,157.943456257091,133.345859694481,104.54633778974,154.918357103924,119.688814587393,228.846977233887,215.882006718562,162.75411042713,141.756078387949,154.496320442531,129.183845321596,235.100204467773,209.006481170654,137.654194641113,158.51228136894
16.2852759309577,135.551272999157,133.47822701394,90.4371759814601,120.666988434001,42.9856323805012,95.9072783407958,84.9332598807645,50.1501877770744,94.4044464178253,114.674021425665,80.1004772732057,118.141009470826,111.91910473136,26.6207111409097,87.3063514049237,113.190187014066,120.914755591436,125.869172587347,134.484780399639,114.337369514482,81.0854445549068,96.4243608248436,109.946988242282,101.030985424115,97.6388988494873,146.412083172352,142.566336547272,102.364518159109,14.0398339088221,37.7912638349054,144.60012512207,9.9582768912745,20.9398538836711,51.5356069895601,165.659317016602,171.8931511773,191.067822265625,112.647081078423,208.848108927409,0,190.869360531078,175.345088017451,189.211212158203,144.680437723796,212.960053663987,182.828420003255,127.637674240839,158.646984863281,190.446489488756,0,147.55612411499,190.107904434204,171.437545776367,168.731229782104,214.185489654541,156.839930216471,123.577645735307,198.322802225749,151.448661168416,165.986029052734,184.164142767588,188.799105507987,165.936222100408,176.582080993652,160.519290114894,165.850359598796,0,154.753935496012,187.227440728082
39.0708358656688,129.415953318278,89.790904859378,58.0301247260071,123.072353786892,124.076812744141,113.725589911143,24.0243640412362,85.6537813198951,62.5458108151897,138.527044673957,146.87337650873,161.495497874725,170.146026611328,70.4856377962783,110.724850972493,82.0314972946764,98.4440040933742,146.52095005729,130.209387833458,150.77460975647,34.1126055469856,58.9774026705895,75.37622988762,76.1299340827956,174.380676269531,135.009748502727,137.660831943429,49.5694600619202,37.7912638349054,15.7593076356789,182.964324951172,136.185417175293,47.7821994992385,51.3387237243786,152.607476806641,175.703938802083,163.096422083238,78.1852643900904,129.25577545166,0,163.973236083984,142.856784929548,166.059128679548,107.34213910784,184.86064852201,209.130040486654,178.816291809082,239.93359375,167.170973993117,208.730545043945,109.469844818115,177.83636365618,207.853637695312,229.303085327148,0,122.409495369333,111.311818509488,133.606695012529,118.900704883731,196.862433297294,199.985914810844,167.110178999467,129.827345406499,152.345392459776,123.723638318503,0,0,130.717493393842,145.257653609566
173.68928527832,78.3392022450765,106.410099411011,92.1053747449602,198.888916015625,119.135902404785,186.875695364816,187.543776512146,165.271402486165,151.268144780939,208.328323364258,23.6254859666122,192.875863647461,12.8462923702143,158.469150684498,183.787322998047,141.592620849609,117.626307169596,56.085826810201,79.8293352127075,192.771484375,153.082498168945,118.823743184408,141.163005828857,163.203721727644,48.1476296561105,25.1777250426508,36.9077945690494,174.693372453962,144.60012512207,182.964324951172,13.4198979618042,101.4869556427,157.429428100586,79.5031826496124,245.086883544922,122.679069519043,178.324986775716,115.010053634644,0,0,0,211.058654785156,0,187.961761474609,0,97.0394099308894,0,89.782360540854,211.832595825195,0,0,160.163177490234,111.981881713867,131.216271718343,0,0,164.225051879883,0,0,90.6354847958213,112.049760070028,122.289420544262,0,0,229.713165283203,100.688447134835,0,0,154.761964416504
142.901058197021,0,201.264717102051,116.816898345947,154.215123494466,9.29894943982363,18.8408044186687,139.14047535983,19.1839504704403,115.210843404134,138.298551177979,68.3298611218416,128.597283307244,94.1400581581005,11.7943416906239,40.6127632630462,0,157.349335564507,111.872217496236,104.998043284697,133.171388626099,151.952087402344,140.207778930664,170.650654474894,131.812139034271,84.8876457214355,135.739115447998,130.464276949565,150.221422467913,9.9582768912745,136.185417175293,101.4869556427,5.26646444143684,0,32.7143651706966,0,0,0,0,0,0,0,0,0,0,0,0,0,152.091066996257,0,0,0,0,0,0,0,0,0,0,202.880088806152,0,180.804275512695,173.911844889323,215.241661071777,0,190.176826477051,0,0,0,199.438583374023
75.2516703354685,0,129.93238494873,62.2674504915873,99.423027269768,0,107.987976887187,80.2140656089783,107.71981731214,79.8738172971285,105.821207187794,125.269271263709,121.590812683105,189.220339457194,88.8641703151962,119.512821960449,70.912716217041,105.620791516985,140.741516590118,124.123605258223,106.794726053874,47.7179586484075,59.6235295809232,94.7824908574422,82.8747384777046,0,150.457559016713,138.689056704121,78.4749558047656,20.9398538836711,47.7821994992385,157.429428100586,0,10.2567307272615,35.2514762525485,143.114822387695,0,163.335083007812,83.6022998809814,151.814468383789,0,160.7533203125,150.456120605469,168.442329406738,119.378185272217,164.206802368164,0,116.19164276123,0,165.605702718099,0,121.101064828726,0,0,0,140.679061889648,117.868846469455,104.559017181396,149.32704435076,128.697225755261,0,199.864418029785,196.328628540039,141.966218901844,167.061959838867,132.340482297151,244.770767211914,0,180.871810913086,161.045385742188
89.7022636673213,67.7513482377336,75.8390734426091,74.5324926539086,113.875547757713,35.6268592289516,102.363598854934,96.1027582699725,79.0545790025615,106.314263242583,111.907822384293,33.193546982985,112.766853564181,72.0274907017061,71.84552876335,119.0732934316,86.0398184832405,42.7271382684465,67.1711470991373,51.7530513376237,108.447292131247,53.7874806925386,77.2128673300359,57.489579382936,102.40792146283,63.0366636003767,75.7672141561349,76.0625595885464,87.3611945555862,51.5356069895601,51.3387237243786,79.5031826496124,32.7143651706966,35.2514762525485,13.0471486194274,192.959063720703,101.668978146144,134.474989754813,92.6486127641466,176.436416625977,0,191.257093811035,165.562695280034,184.646900177002,135.000139448378,213.57282409668,131.999192810059,168.082054138184,122.787965627817,187.482618852095,0,127.271580505371,140.52768279285,129.294135149787,137.087018839518,170.742050170898,132.471301269531,90.9760552608606,135.378184299843,149.528663544428,104.247930810807,127.764378187391,124.61285360442,166.418290623256,185.21178929946,152.513541552485,130.90191078186,224.658142089844,181.784706115723,168.603926522391
167.472793579102,0,0,119.268039158412,191.083877563477,0,130.392196655273,176.79084777832,202.675404866536,103.86486346905,165.934560139974,0,119.07152557373,211.800704956055,174.860717773438,0,133.921159744263,0,0,205.874445597331,0,136.993316650391,0,188.477958679199,133.242427725541,0,187.386491563585,183.650003873385,142.126985708872,165.659317016602,152.607476806641,245.086883544922,0,143.114822387695,192.959063720703,12.55097175839,129.407094682966,136.053876195635,79.1727386175417,102.432447260076,0,111.453350702922,36.5016792456215,85.6721828266726,72.6884861352309,91.7599497633018,147.018368908483,139.92093365009,165.614441217161,35.141221604348,111.222282409668,100.225801321176,117.179186529862,146.486194215972,133.303383679123,119.960173606873,89.9966928655451,82.3052686055501,113.083089475278,90.9863639466791,147.417846679688,145.836254409438,150.147165204039,93.1090307596412,28.071332644123,35.2374570493639,163.219726790243,0,58.9542148590088,82.6503783220436
0,57.9948788267193,82.3607642269699,47.4233218124935,0,0,197.972432454427,171.689092000326,204.407952444894,160.209596421984,232.395751953125,126.701593716939,183.508010864258,122.558885488937,196.732581244575,0,118.202364095052,87.0558572523665,127.338033040365,119.32872865638,0,127.820097605387,91.0221604483468,105.667009081159,149.816795142921,82.8935544049298,86.0601652228659,82.5905700967758,153.96225789388,171.8931511773,175.703938802083,122.679069519043,0,0,101.668978146144,129.407094682966,11.163389091864,81.0363834554499,17.069259345677,117.619511922201,0,147.515930175781,143.112537730824,159.486834716797,85.7400309499105,207.65461730957,88.0272296905518,135.891593933105,65.0111731736261,156.928771972656,124.721189929593,60.3528777382591,57.2460924233963,103.862471262614,65.9453385770321,0,125.251061659593,25.6416079884748,83.3898351802382,90.1157108807336,26.3348979606843,61.9845247984875,31.8460832283081,139.145673513412,132.099523104154,121.454980305263,91.7624336768841,0,121.481700897217,67.7419969667264
