8.09724726433195,125.91104888916,66.3939003814519,61.9622151897328,58.8057753218655,69.7945579860521,44.4387358553157,25.0683873384062,22.1622461697491,53.6508005217644,42.1524446104646,143.586964145783,38.1996998631566,139.45885365804,11.1871717587938,41.3601758744982,71.5106252034505,96.6609334609088,142.339427601207,127.303190069684,61.0817042212363,43.054794821149,60.0653993071412,57.3918509023669,48.3456311217253,0,109.984548954949,111.860414325862,46.5487560445612,10.2486712481184,13.4161183629454,150.158374786377,83.6521195631761,21.8581469735521,61.5434433345137,147.748338971819,0,137.553268432617,78.3711610132334,63.904504776001,0,162.277842930385,124.152028470426,163.824601117302,97.7665363658558,149.217316763742,0,167.645856221517,187.564636230469,161.170267890481,148.402995300293,120.813935852051,180.961471557617,0,0,128.386810302734,0,125.533473968506,148.434712727865,124.994642130534,0,199.205627441406,149.682195663452,125.438577031515,152.708775838216,127.292528788249,0,215.615570068359,167.960876464844,145.190389251709
125.91104888916,6.77127867554372,38.7203957883881,13.7867897175631,126.043663024902,0,0,120.42323244535,157.295394897461,56.4582336772572,0,62.0239521887166,0,50.2131966893453,113.124053955078,0,85.976135635376,53.0440598786767,77.2745539347331,57.7927965427902,0,95.3691024780273,21.4234806817482,71.9481457243574,99.2627685279177,18.6782131669702,43.3796032214064,31.5458508714708,106.049400156195,110.6202100118,99.0117053985596,75.5263925699087,119.331771850586,0,58.4909692135157,0,68.9845301310221,87.3567154624245,74.778982035319,0,0,0,0,232.560821533203,0,0,132.935064951579,0,111.16525377546,198.876419067383,0,151.345375061035,109.326251154361,138.961256408691,132.162406158447,0,0,71.4777626037598,109.017606295072,116.284118652344,108.653570175171,111.530649372176,104.003876917571,200.337997436523,0,96.12548828125,134.09114074707,0,0,82.3004169464111
66.3939003814519,38.7203957883881,9.50563641956723,35.2618621719848,114.871437072754,144.233187866211,100.004661158512,70.7297234928936,102.401093733938,120.677505493164,102.490686543783,77.2621406376187,115.593818664551,85.0164531892346,90.5948300217137,114.932800292969,86.9955586705889,36.4223678931689,91.1127610555509,65.014653764758,165.883171081543,57.7555573667799,34.3613838097737,18.4723861320078,104.080881855705,102.187697410583,30.4784580761759,26.7726971990513,55.1638476073198,64.2013910381029,50.8588555751482,91.0210537200278,99.9439525604248,86.9928385826849,49.5381290863012,146.768927140669,94.8117511749268,85.7270751066722,80.7626561873998,0,0,229.992248535156,129.192382594517,151.498546399568,90.8590049743652,145.289389038086,126.489653015137,0,149.895632425944,155.024231211344,0,96.1539982505467,106.504724691202,132.947341918945,143.132246335348,0,108.382226797251,56.9608865775684,96.4546346412667,131.283498128255,154.942260742188,121.433626850759,90.5315556756626,126.818222893609,163.813898722331,120.285259369881,151.552734375,0,135.713317871094,102.23763730862
61.9622151897328,13.7867897175631,35.2618621719848,19.3751053696044,71.1708451348382,104.373171670096,90.4171643690629,49.5739805926447,78.83306006996,9.00597545044081,75.370373013145,78.2916798326704,52.093217760603,62.7681554313598,78.0825911321138,40.5658458362926,50.9260601356016,56.7605483952691,72.7841198698003,59.8014589805435,73.6451899506325,45.7713473986038,22.1692492409029,51.8281070858825,39.8409493765885,24.8929903798824,48.4175267208665,39.0057385438231,48.6816110262906,67.2539994566591,48.8690165516032,74.9460627907201,114.577588399251,53.5876652672177,56.7958100826437,80.7753480275472,115.274822235107,64.8850816999163,21.1711793060303,109.001253763835,0,134.866064453125,74.6999171488994,124.370209587945,40.6768427491188,128.016815185547,103.073712348938,77.1221008300781,76.8028866803205,96.3289061652289,0,53.0771677017212,102.659223780913,116.079217433929,104.183353106181,119.764137268066,61.6082241351788,24.4909199666977,67.780967650875,61.7299211208637,60.204688352697,95.8769202971123,77.3419550088736,66.2597688081249,88.142827351888,68.5437529351976,106.262811388288,246.349166870117,55.09033203125,77.013806847965
58.8057753218655,126.043663024902,114.871437072754,71.1708451348382,8.41420760748353,104.199459838867,67.0829636781112,30.8650038878689,66.7306092183921,55.6925062581795,22.7606726635307,0,20.2933045547504,164.365051269531,74.2143371670232,69.0512971878052,72.2311608450753,0,0,0,12.9044817655063,98.3016777038574,75.2784986188335,103.622360229492,20.2713347496984,180.907043457031,133.056575012207,103.586293356759,13.5114605729607,76.3378820206524,77.2530670166016,0,112.964987754822,71.976333886385,74.858294305136,142.594329833984,0,0,87.9611793518066,6.63820377590847,0,151.924438900418,136.386212666829,163.684012020335,89.4593753814697,64.7468998557643,0,22.7529024612159,0,166.973637172154,162.45768737793,127.019058227539,0,0,0,8.04591156798693,0,0,0,109.117734394242,0,0,0,130.310980947394,162.495062828064,0,0,0,143.95970916748,157.087624231974
69.7945579860521,0,144.233187866211,104.373171670096,104.199459838867,8.00754518947195,10.9435556732715,101.413879856919,28.7715139756597,104.320993741353,101.561572893928,61.7830587274888,89.5498435138023,95.676586151123,33.5170212389269,15.9337243328088,0,0,96.9916000366211,86.3830795288086,104.877561507686,112.50990486145,105.852908833822,98.1274490356445,103.28239650111,0,117.444591522217,110.926171875,119.857954251564,28.470178071322,119.877718607585,0,8.97537136573184,67.9102634083141,35.6997200134105,0,0,0,120.466687011719,0,0,0,166.990463256836,211.845302581787,113.831321716309,193.184524536133,0,208.846755981445,0,181.508354187012,0,137.278472900391,0,0,0,0,0,0,0,173.157755071467,0,0,0,171.407304128011,204.764953613281,0,0,0,0,193.760162353516
44.4387358553157,0,100.004661158512,90.4171643690629,67.0829636781112,10.9435556732715,7.79241833198302,65.3645013263285,17.167277414791,84.6306162295134,17.5836636164575,79.972875436147,14.2781189785497,0,28.1900471727136,9.59192350276963,92.1165771484375,154.840358734131,97.7599589029948,102.23016611735,38.5476649587922,100.12838973999,91.8596120410495,116.716008504232,71.5667921842961,0,139.305388199656,121.281740570068,89.4236194462452,28.7236383115394,107.741590118408,197.954833984375,20.0939314614302,60.0034628671313,36.9173226464986,197.684885660807,0,0,101.341811828613,130.272048950195,0,183.806587219238,148.989404805501,179.101972307478,131.518356323242,157.92599995931,0,93.0507263183594,0,178.425218370226,168.566955566406,0,0,0,0,0,221.371017456055,133.996523539225,159.803914388021,148.31642473661,0,129.434295654297,0,150.204839152675,215.282887776693,171.602355957031,0,0,160.815677642822,175.549889700753
25.0683873384062,120.42323244535,70.7297234928936,49.5739805926447,30.8650038878689,101.413879856919,65.3645013263285,8.59727194006984,40.6662870454492,44.6292749757869,12.8216980260262,142.802705206265,40.3958335916522,140.410443383943,36.0497952673027,63.5439344912159,65.746822781033,97.420011129724,175.499542236328,130.902598142624,36.1957559875239,34.3243845072453,68.4896318743306,35.8841983882696,34.7001199171863,142.116801670619,109.401051003819,107.154695544444,14.4865292029707,33.5950320376891,11.4187351037252,146.659647773294,125.072724478585,45.6893966514218,56.8382591803374,140.040326254708,233.056503295898,148.059223175049,68.2515529926007,134.509207861764,167.949523925781,143.812293519365,112.134511675153,146.135927589991,77.5116049556409,136.119598079372,0,127.769657632579,0,148.600361496655,144.256945292155,128.940868377686,183.442710876465,0,214.514545440674,138.44787979126,0,87.9137087735263,147.000027583196,103.872940251341,156.69221496582,194.605549621582,161.485139673406,116.843267635423,148.42869166324,155.308826446533,0,211.232182820638,134.328947279188,145.958104324341
22.1622461697491,157.295394897461,102.401093733938,78.83306006996,66.7306092183921,28.7715139756597,17.167277414791,40.6662870454492,10.1961594228839,64.4548565546672,15.5022209180591,79.0691438268443,26.0624846409641,153.145872636275,15.960442384865,32.6017733046423,76.780756632487,124.120002053001,97.6188919067383,98.1467927631579,58.2867990658715,94.4640401204427,82.1667155249644,96.6445981434413,51.7433778773219,0,134.395198997008,129.704877506603,77.1323213003426,28.6100887623373,79.8266474405925,140.217269897461,18.532266706416,54.4024399714683,43.4377174132588,153.980080740792,0,168.116104125977,98.4080949598743,139.942927678426,0,160.759272257487,147.338115964617,163.04097865178,98.125693766276,153.68258085705,0,127.630023956299,0,165.960944542518,151.308288574219,145.880363464355,243.152893066406,0,0,182.69694519043,153.224395751953,126.420655822754,168.104114532471,130.47046384853,0,0,167.67610168457,139.01020096896,179.875503540039,136.397257486979,0,0,150.274229431152,157.222923278809
53.6508005217644,56.4582336772572,120.677505493164,9.00597545044081,55.6925062581795,104.320993741353,84.6306162295134,44.6292749757869,64.4548565546672,7.19211633219748,58.9851680736916,122.958262634277,13.14682451835,110.828256780451,72.8216155202765,19.0132029431776,67.1533254895892,0,0,131.72876739502,57.7582983255386,54.0220569904034,18.6896418100602,75.9614842732747,19.7206099576234,100.827494812012,137.190317789714,101.523561873526,46.2369848023612,68.8424359220799,49.7929335966805,0,115.600232018365,56.4849467703967,65.1103658634863,131.626602172852,0,187.625511169434,37.78782585689,108.751693725586,0,146.161249160767,109.499645579945,168.453501701355,47.1645175030357,98.4532036781311,0,110.97184032864,0,158.757818222046,59.7089831034342,195.974105834961,0,0,238.20654296875,68.6078033447266,142.902481079102,61.399893951416,130.547271728516,70.0401939990358,0,0,141.528289794922,111.472761426653,173.581471761068,126.162755330404,0,0,134.386581420898,129.1946144104
42.1524446104646,0,102.490686543783,75.370373013145,22.7606726635307,101.561572893928,17.5836636164575,12.8216980260262,15.5022209180591,58.9851680736916,9.43068229092578,168.449691772461,23.9848514063978,152.871704101562,40.4596280404671,60.0055056395354,109.510444641113,152.76342010498,0,163.298553466797,21.70508992448,120.740171160017,78.8582988607472,90.6289435492621,37.7768648766852,0,157.240756988525,118.665602250533,15.1054365902752,73.1492959229999,76.0214356316461,0,109.794934681484,72.580580744504,80.3601248970738,170.915475027902,0,248.348480224609,91.6797892683643,29.9836692461153,0,166.153256646518,145.021724700928,166.347974068778,109.957120794999,148.104233961839,0,60.364792547226,0,183.146260907573,179.704132080078,139.548305511475,0,0,0,133.258926391602,0,148.214299519857,179.06160736084,124.754600597219,0,0,206.879959106445,142.726878195098,183.689295718544,129.755493164062,0,233.477676391602,209.637634277344,165.246379852295
143.586964145783,62.0239521887166,77.2621406376187,78.2916798326704,0,61.7830587274888,79.972875436147,142.802705206265,79.0691438268443,122.958262634277,168.449691772461,12.4183634004477,183.505020141602,22.4209488209087,79.0736434242942,80.0421257019043,120.304262433733,53.5456604206656,27.1871117287682,21.7427720250654,0,89.9621574988732,96.5577521073191,87.4348886318116,153.779636036266,31.8155184442465,30.154539900311,65.0272625026418,134.180409049988,63.8002930314917,103.083784751522,39.0268498321111,57.9383817876427,99.1912491742302,26.5409220461619,0,94.9820037841797,144.63464494185,94.6014723344283,0,0,0,0,0,0,0,106.297245502472,0,83.1481616280296,229.640665690104,0,189.846649169922,152.216336337003,118.832176610043,123.710635185242,0,180.593536376953,111.01132405599,146.564954869887,0,76.1562466621399,111.793789386749,119.04296373247,198.007359822591,0,0,104.711172580719,0,0,128.460260391235
38.1996998631566,0,115.593818664551,52.093217760603,20.2933045547504,89.5498435138023,14.2781189785497,40.3958335916522,26.0624846409641,13.14682451835,23.9848514063978,183.505020141602,9.39602170866834,0,55.2883764902751,15.5882215491182,62.411434173584,0,155.781677246094,0,15.5082408908682,83.3516294691298,46.9475402832031,119.267444610596,20.5584105219757,0,118.04508972168,116.273480006627,51.7204131957023,72.0822017741315,84.6341733932495,0,102.469333151112,72.9733804209849,71.0220186618265,138.989377339681,0,0,80.7323229653495,63.8702386447362,0,51.4977105239342,128.346920013428,140.468005943298,88.0809742854192,34.661939448556,0,11.0443631620281,0,131.332614474826,137.366149902344,140.144991556803,0,0,0,13.8079877817514,0,119.242771148682,116.230102539062,106.669328773547,0,221.087226867676,0,128.455115943119,164.111102634006,0,0,0,139.025232950846,144.540702819824
139.45885365804,50.2131966893453,85.0164531892346,62.7681554313598,164.365051269531,95.676586151123,0,140.410443383943,153.145872636275,110.828256780451,152.871704101562,22.4209488209087,0,7.34047851185939,118.875014305115,0,147.066635131836,96.5215215682983,56.819428476794,75.4294329439656,0,140.904803466797,93.957411080076,114.419605731964,151.684195624457,20.1385460227666,49.5452787531888,36.4343987721026,136.901832374367,100.358548845564,130.521569087588,13.601390589676,83.4317646026611,168.193418502808,54.6586722543504,215.283950805664,125.176177978516,142.685750688825,86.7527046203613,0,0,0,194.763112386068,211.815139770508,126.055114746094,0,90.6233393351237,0,21.3136290028544,226.709526062012,0,0,155.323917388916,103.962993621826,134.032566294951,0,196.539703369141,129.631901550293,168.459945678711,0,76.3966662815639,126.783275445302,124.353846511841,0,0,165.130953470866,101.113104926215,103.962249755859,0,128.197994232178
11.1871717587938,113.124053955078,90.5948300217137,78.0825911321138,74.2143371670232,33.5170212389269,28.1900471727136,36.0497952673027,15.960442384865,72.8216155202765,40.4596280404671,79.0736434242942,55.2883764902751,118.875014305115,7.60996912090418,32.6437266726335,109.123779296875,116.519618988037,93.2873789469401,118.394077007587,70.4943184349107,79.6886704910633,77.1183721591265,92.0283379805715,65.6757792706759,117.361106872559,128.753885007372,130.52580544608,75.3252323995238,15.3832453445903,32.2367129855686,103.551605224609,16.2398166251997,25.4908412938768,37.3408841845101,165.834376017253,0,190.184555053711,87.8669931030273,154.568798065186,0,177.935791015625,135.372662226359,176.188699895685,106.521273295085,156.914410909017,0,134.810385131836,0,168.029470443726,160.797302246094,130.446058273315,0,0,0,215.423828125,0,110.694341659546,156.435316085815,139.838449610342,0,0,222.412788391113,141.067440434506,172.830682754517,172.710411071777,0,0,153.270146687826,169.679567609515
41.3601758744982,0,114.932800292969,40.5658458362926,69.0512971878052,15.9337243328088,9.59192350276963,63.5439344912159,32.6017733046423,19.0132029431776,60.0055056395354,80.0421257019043,15.5882215491182,0,32.6437266726335,6.82977359219876,68.9144744873047,0,0,89.6472778320312,70.2169383655895,91.0233345031738,58.8876782371884,88.9136695861816,44.9246355492972,0,145.851771036784,114.90153503418,75.3293230393354,28.6339835474888,106.131866455078,0,40.8772044694128,34.5936360359192,29.4236397135359,0,0,0,96.2606279850006,0,0,236.930511474609,0,0,65.3942489624023,0,0,0,0,174.34455871582,0,148.80615234375,0,0,0,0,0,0,0,124.482019424438,0,0,0,146.813068389893,171.555043538411,191.487335205078,0,0,0,163.809310913086
71.5106252034505,85.976135635376,86.9955586705889,50.9260601356016,72.2311608450753,0,92.1165771484375,65.746822781033,76.780756632487,67.1533254895892,109.510444641113,120.304262433733,62.411434173584,147.066635131836,109.123779296875,68.9144744873047,10.9755901904925,111.197130669488,139.337921142578,119.159990310669,135.844013214111,12.447624461951,34.1060295306338,12.5980862052663,22.3885548871475,123.819873809814,111.716773796082,23.8936213255817,44.2107678633787,71.2897716703869,60.2914686921853,125.162483215332,0,62.670982254876,78.1652302680077,114.816133117676,0,135.56787109375,71.0870161056519,0,0,0,129.425086975098,177.25358581543,145.066680908203,0,158.259094238281,0,0,186.755851745605,0,20.9044956755638,166.063827514648,0,0,0,115.676743570964,66.4064584619859,101.416993992303,120.783072153727,0,151.198355356852,133.758301289876,108.815483570099,115.81706237793,110.10673789978,0,0,123.238254547119,119.713969180458
96.6609334609088,53.0440598786767,36.4223678931689,56.7605483952691,0,0,154.840358734131,97.420011129724,124.120002053001,0,152.76342010498,53.5456604206656,0,96.5215215682983,116.519618988037,0,111.197130669488,8.39990573762294,65.9316344608534,19.3996991317024,0,33.6024455645558,70.3929353780414,15.4818580999446,123.15317254779,73.0606044769287,24.6785329176658,62.7012823293366,119.652114433971,87.6138794882256,60.8746477928303,92.9195194244385,77.638245900472,76.2966213226318,28.4453898626235,156.629592895508,103.080722263881,103.72227230013,85.6560101142296,0,0,0,183.360204060872,0,80.9422607421875,169.089401245117,140.223876953125,0,176.902740478516,176.36350402832,0,136.235734558105,118.74379233264,153.780512491862,134.844307826116,0,130.507703993056,82.6674992487981,123.212181017237,170.0849609375,103.408958435059,120.861875980458,108.736867062872,159.537438964844,0,146.27165222168,155.584243774414,0,0,118.582521820068
142.339427601207,77.2745539347331,91.1127610555509,72.7841198698003,0,96.9916000366211,97.7599589029948,175.499542236328,97.6188919067383,0,0,27.1871117287682,155.781677246094,56.819428476794,93.2873789469401,0,139.337921142578,65.9316344608534,7.86285548164803,12.7349389222947,0,118.499953269958,110.532794727999,110.91763556631,174.184242248535,46.8817224147157,25.7114621631429,67.2019471286742,150.008528275923,92.4089305584247,112.539068433974,56.9937067582615,88.8353179931641,106.257881164551,61.0241632827484,0,114.732820510864,150.565325927734,105.119883673532,0,0,0,0,0,167.484634399414,0,104.136197707232,0,98.6599460553519,220.794281005859,0,0,179.630155290876,105.679508845011,122.129094950358,0,212.138626098633,130.727925109863,177.414387294224,0,83.9792963663737,112.120495504262,122.451915520888,0,0,181.60279083252,108.771788761534,0,152.145385742188,125.153576244007
127.303190069684,57.7927965427902,65.014653764758,59.8014589805435,0,86.3830795288086,102.23016611735,130.902598142624,98.1467927631579,131.72876739502,163.298553466797,21.7427720250654,0,75.4294329439656,118.394077007587,89.6472778320312,119.159990310669,19.3996991317024,12.7349389222947,11.1293687000841,177.776351928711,70.4636314678192,96.9911208281646,52.6353927991069,146.693937821822,47.806457077716,21.6309773341667,69.6387852163493,140.713521139962,89.1743565559387,95.0289501606458,65.7283211785394,79.447455936008,87.5368968042834,37.8429927136549,166.176986694336,95.9001910235431,112.738454862405,85.9087665614797,0,0,0,180.796340942383,220.718597412109,155.366912841797,0,125.405164082845,0,121.968673706055,207.175308227539,0,180.5830078125,124.540405881578,111.463590621948,118.33361992047,0,178.357788085938,105.019430680708,159.891741991043,178.463737487793,88.872534942627,108.795927367754,113.016796284108,180.389255523682,0,154.875411987305,111.512505964799,0,0,119.244374411447
61.0817042212363,0,165.883171081543,73.6451899506325,12.9044817655063,104.877561507686,38.5476649587922,36.1957559875239,58.2867990658715,57.7582983255386,21.70508992448,0,15.5082408908682,0,70.4943184349107,70.2169383655895,135.844013214111,0,0,177.776351928711,9.6735353101819,107.133806864421,88.6299850463867,122.295003255208,21.2267475032769,0,0,136.879348754883,22.1906070935534,74.1158905449939,99.9774368286133,0,118.168827056885,71.0042550470922,76.2522572150597,169.730677286784,0,0,100.45967010498,13.9730406208038,0,132.715330123901,146.203860473633,169.575210571289,124.002603803362,158.654940468924,0,18.3246295891556,0,171.176005045573,174.65071105957,122.581481933594,0,0,0,6.7391405516517,0,0,136.803176879883,124.903555130005,0,0,171.529327392578,134.437215851574,190.555236816406,0,0,205.818252563477,162.113723754883,178.628332519531
43.054794821149,95.3691024780273,57.7555573667799,45.7713473986038,98.3016777038574,112.50990486145,100.12838973999,34.3243845072453,94.4640401204427,54.0220569904034,120.740171160017,89.9621574988732,83.3516294691298,140.904803466797,79.6886704910633,91.0233345031738,12.447624461951,33.6024455645558,118.499953269958,70.4636314678192,107.133806864421,7.92490296818722,38.7886564652384,17.4607255917371,16.3797164939793,112.501266479492,98.7731661115374,51.108846511621,15.5269020773462,18.522299682418,20.9898013414455,116.99186706543,118.811860402425,23.4848502413262,39.7563875404572,115.691927983211,143.036605834961,129.369112429412,66.2895796402641,219.050720214844,224.897918701172,125.283729553223,108.333823521932,153.688985188802,107.529285430908,169.968459129333,0,124.106693267822,0,128.337450844901,126.175582885742,84.8015947341919,147.29956817627,0,176.154602050781,0,101.920875549316,70.2493986606598,107.497785433917,116.051401138306,0,195.562976837158,146.927746772766,99.7421819051107,124.11625450982,102.713212735725,0,0,107.788033803304,110.699980362602
60.0653993071412,21.4234806817482,34.3613838097737,22.1692492409029,75.2784986188335,105.852908833822,91.8596120410495,68.4896318743306,82.1667155249644,18.6896418100602,78.8582988607472,96.5577521073191,46.9475402832031,93.957411080076,77.1183721591265,58.8876782371884,34.1060295306338,70.3929353780414,110.532794727999,96.9911208281646,88.6299850463867,38.7886564652384,7.14714727994447,41.4740941246659,26.8856905304024,75.9046419512841,95.6052271762741,29.5636413084363,49.9530749490227,59.9439375497013,45.4622492202194,115.897346496582,110.328945159912,43.8832662254572,54.5472181535427,97.5110893249512,79.1193822224935,56.8342026361027,42.9210908651352,188.733337402344,0,105.931770324707,95.0313526153564,117.625806172689,83.3325913747152,106.060977172852,0,126.051996866862,136.673492431641,125.040309482151,0,58.4387915647483,95.7959135770798,144.038777669271,102.893079485212,0,78.3968620300293,14.1049111861302,62.8675962318179,90.4892406664397,99.1231384277344,101.721647024155,62.8291351425816,85.038069124575,113.995546340942,79.6641981942313,0,0,70.2543811798096,84.920335928599
57.3918509023669,71.9481457243574,18.4723861320078,51.8281070858825,103.622360229492,98.1274490356445,116.716008504232,35.8841983882696,96.6445981434413,75.9614842732747,90.6289435492621,87.4348886318116,119.267444610596,114.419605731964,92.0283379805715,88.9136695861816,12.5980862052663,15.4818580999446,110.91763556631,52.6353927991069,122.295003255208,17.4607255917371,41.4740941246659,12.1495820829056,50.8200980148568,107.040826797485,69.4317335875138,36.2213395402796,28.5872709331185,59.3918554468783,38.1948814996314,115.324624633789,112.804403940837,55.267985058814,43.8546241525207,131.058666453642,135.266156514486,99.8802736963895,61.2780596188136,176.357147216797,0,135.65111541748,125.242710460316,159.638051986694,0,155.658889770508,164.019831339518,0,178.732705688477,162.429854543586,0,63.7935502163625,131.306749059799,184.135055541992,171.100290934245,0,103.46552770278,59.642906401429,96.5992949656078,114.543384552002,150.003791809082,152.471711900499,104.199545350508,107.81279426285,123.820172627767,105.225637850554,197.016082763672,230.792739868164,96.9767971038818,110.574190526977
48.3456311217253,99.2627685279177,104.080881855705,39.8409493765885,20.2713347496984,103.28239650111,71.5667921842961,34.7001199171863,51.7433778773219,19.7206099576234,37.7768648766852,153.779636036266,20.5584105219757,151.684195624457,65.6757792706759,44.9246355492972,22.3885548871475,123.15317254779,174.184242248535,146.693937821822,21.2267475032769,16.3797164939793,26.8856905304024,50.8200980148568,10.1244362877658,148.679649353027,121.547526940367,70.5729645333489,18.6254230000135,65.9356918991886,54.2353604557382,147.487606811523,113.366973613871,57.980535625072,70.758383946541,136.29805803299,160.098960876465,153.94582257952,65.9308865452541,131.012224691885,0,145.932064141168,107.841354793972,146.765647161575,69.9635355377197,134.930836147732,0,119.992845767882,221.314300537109,149.207853646114,129.740496317546,93.5750829908583,188.395444234212,0,191.668258666992,126.135358537946,126.210202534993,88.230961151123,135.074491882324,77.8790870136685,0,185.888394673665,157.375106048584,115.227594872044,146.017446936631,127.941161211799,0,188.400563557943,117.818852996826,138.762030792236
0,18.6782131669702,102.187697410583,24.8929903798824,180.907043457031,0,0,142.116801670619,0,100.827494812012,0,31.8155184442465,0,20.1385460227666,117.361106872559,0,123.819873809814,73.0606044769287,46.8817224147157,47.806457077716,0,112.501266479492,75.9046419512841,107.040826797485,148.679649353027,7.97659987322956,47.6043038042183,24.7040459192823,133.341617584229,67.3097276687622,108.122711181641,53.7991810434872,76.173828125,0,55.1863642223811,0,89.09583568573,0,24.8308274923865,0,0,0,166.090037027995,199.738189697266,144.523284912109,155.118743896484,73.9557090032668,0,60.2935271039605,0,0,0,117.789431762695,80.6542706156886,97.4276377360026,0,106.198356628418,107.728065784161,146.419418334961,0,35.9197078645229,89.1223249862443,86.9542832791227,0,181.103706359863,164.982223510742,80.6603601119098,123.620635986328,0,97.86875
109.984548954949,43.3796032214064,30.4784580761759,48.4175267208665,133.056575012207,117.444591522217,139.305388199656,109.401051003819,134.395198997008,137.190317789714,157.240756988525,30.154539900311,118.04508972168,49.5452787531888,128.753885007372,145.851771036784,111.716773796082,24.6785329176658,25.7114621631429,21.6309773341667,0,98.7731661115374,95.6052271762741,69.4317335875138,121.547526940367,47.6043038042183,11.5836197019994,33.8298474095511,106.094261081831,105.280053962091,96.2961660036581,30.2267256076835,93.9111357468825,107.857033224667,58.8541497865754,194.532270431519,88.3524805551552,95.7536302882421,74.5525460174118,0,0,200.29345703125,176.374470103871,205.216311368075,208.932769775391,188.885299682617,110.645600343362,0,105.846155813324,189.246159480168,0,140.686740451389,106.87200315522,107.952220063461,110.307020289194,0,134.046332619407,116.410944211281,126.602215809427,154.792118835449,85.1098759913549,101.874932326982,102.023513101898,170.390606880188,186.58575630188,142.425051237407,111.033609839047,0,0,110.671478242141
111.860414325862,31.5458508714708,26.7726971990513,39.0057385438231,103.586293356759,110.926171875,121.281740570068,107.154695544444,129.704877506603,101.523561873526,118.665602250533,65.0272625026418,116.273480006627,36.4343987721026,130.52580544608,114.90153503418,23.8936213255817,62.7012823293366,67.2019471286742,69.6387852163493,136.879348754883,51.108846511621,29.5636413084363,36.2213395402796,70.5729645333489,24.7040459192823,33.8298474095511,12.582322732735,72.979532505502,106.625763846732,97.1056041596556,23.0710679416497,104.390925774207,107.430293884277,64.5135662413084,168.686184777154,99.2378492761165,94.1468839266083,72.7234230157806,169.279861450195,0,212.47940826416,158.115723365961,191.564062679515,130.748224894206,172.245000203451,107.936207885742,178.567626953125,98.3697511153885,176.225443376814,132.029861450195,112.549716949463,114.467300763854,111.989821705392,116.380894487415,0,122.862001921001,71.6942497107501,102.149027679073,169.329393768311,82.7175191104175,109.141594199929,105.144465736015,148.667394269977,189.383554077148,130.00245215676,107.765737461399,164.650751749674,155.302276611328,112.376618004266
46.5487560445612,106.049400156195,55.1638476073198,48.6816110262906,13.5114605729607,119.857954251564,89.4236194462452,14.4865292029707,77.1323213003426,46.2369848023612,15.1054365902752,134.180409049988,51.7204131957023,136.901832374367,75.3252323995238,75.3293230393354,44.2107678633787,119.652114433971,150.008528275923,140.713521139962,22.1906070935534,15.5269020773462,49.9530749490227,28.5872709331185,18.6254230000135,133.341617584229,106.094261081831,72.979532505502,9.5135426337598,60.1764782293457,26.9668735928805,144.58359375,124.334623209635,48.1681426339635,61.3055598785085,126.473790210226,0,148.480237325033,65.6991094059414,116.416577948464,237.463745117188,143.636710293322,112.322125873868,147.47357096297,82.5509731319401,136.203131816426,230.389892578125,123.33679775859,227.049324035645,146.61223611115,145.406089019775,97.7501263391404,179.347409566243,0,202.567161560059,128.530667114258,110.839449140761,84.577089436849,137.440087509155,103.36765561474,178.494773864746,202.021922520229,171.874428667341,113.868930755123,146.92646796615,119.938325500488,0,183.401473999023,129.365324338277,136.635905051718
10.2486712481184,110.6202100118,64.2013910381029,67.2539994566591,76.3378820206524,28.470178071322,28.7236383115394,33.5950320376891,28.6100887623373,68.8424359220799,73.1492959229999,63.8002930314917,72.0822017741315,100.358548845564,15.3832453445903,28.6339835474888,71.2897716703869,87.6138794882256,92.4089305584247,89.1743565559387,74.1158905449939,18.522299682418,59.9439375497013,59.3918554468783,65.9356918991886,67.3097276687622,105.280053962091,106.625763846732,60.1764782293457,8.30752862975031,12.196659780295,144.879621233259,15.3096176758614,12.518149126021,26.4084392307124,136.48310807172,138.387710571289,162.01015625,84.2686751829375,131.744862874349,0,181.274831136068,128.523229158842,173.49668735928,99.7191031319754,162.617901611328,0,143.864677027652,0,165.006455388562,166.160446166992,97.5693283081055,130.735736846924,0,145.787536621094,152.78776550293,133.520483652751,103.845563776353,138.698252868652,136.01199687611,0,162.41457824707,152.197556086949,131.088199133622,154.49652211259,123.398719424293,0,186.864059448242,127.346409606934,147.960516033751
13.4161183629454,99.0117053985596,50.8588555751482,48.8690165516032,77.2530670166016,119.877718607585,107.741590118408,11.4187351037252,79.8266474405925,49.7929335966805,76.0214356316461,103.083784751522,84.6341733932495,130.521569087588,32.2367129855686,106.131866455078,60.2914686921853,60.8746477928303,112.539068433974,95.0289501606458,99.9774368286133,20.9898013414455,45.4622492202194,38.1948814996314,54.2353604557382,108.122711181641,96.2961660036581,97.1056041596556,26.9668735928805,12.196659780295,9.31222688585014,135.391031901042,129.283746083577,24.6140313813729,35.334718538799,121.840987141927,135.799255371094,139.543184280396,64.0189524859917,146.543192545573,0,136.656518936157,110.264456675603,157.732853359646,116.707347869873,147.098179408482,0,109.410133361816,183.766220092773,137.082211085728,143.176635742188,91.7730859929865,169.728080749512,0,149.656753540039,175.880630493164,106.115993817647,69.2978891134262,110.887489601418,111.899324461471,0,162.084108988444,149.96975179819,102.190939646501,126.486387671494,107.800434589386,0,169.183502197266,110.855840410505,118.087063060087
150.158374786377,75.5263925699087,91.0210537200278,74.9460627907201,0,0,197.954833984375,146.659647773294,140.217269897461,0,0,39.0268498321111,0,13.601390589676,103.551605224609,0,125.162483215332,92.9195194244385,56.9937067582615,65.7283211785394,0,116.99186706543,115.897346496582,115.324624633789,147.487606811523,53.7991810434872,30.2267256076835,23.0710679416497,144.58359375,144.879621233259,135.391031901042,8.1783960573257,0,125.34105682373,81.1566907422296,0,129.826431274414,139.119111197335,70.854663848877,0,0,0,0,0,0,0,103.488460540771,0,91.2864342547478,0,0,0,139.508693695068,114.127786254883,133.786448955536,0,0,141.490400314331,187.371704101562,0,82.7461558255282,120.351032137871,121.882899635716,0,146.703659057617,0,112.003922855153,0,0,144.304997762044
83.6521195631761,119.331771850586,99.9439525604248,114.577588399251,112.964987754822,8.97537136573184,20.0939314614302,125.072724478585,18.532266706416,115.600232018365,109.794934681484,57.9383817876427,102.469333151112,83.4317646026611,16.2398166251997,40.8772044694128,0,77.638245900472,88.8353179931641,79.447455936008,118.168827056885,118.811860402425,110.328945159912,112.804403940837,113.366973613871,76.173828125,93.9111357468825,104.390925774207,124.334623209635,15.3096176758614,129.283746083577,0,6.12873758010427,74.9379069010417,37.8811235818821,0,0,0,124.769542694092,190.706481933594,0,0,181.21215057373,212.117538452148,0,0,0,0,0,205.002914428711,0,0,152.799423217773,0,0,172.149398803711,0,117.348293304443,0,173.033920288086,0,119.699783325195,127.811378479004,168.032875061035,199.195022583008,0,128.494857788086,0,0,208.380554199219
21.8581469735521,0,86.9928385826849,53.5876652672177,71.976333886385,67.9102634083141,60.0034628671313,45.6893966514218,54.4024399714683,56.4849467703967,72.580580744504,99.1912491742302,72.9733804209849,168.193418502808,25.4908412938768,34.5936360359192,62.670982254876,76.2966213226318,106.257881164551,87.5368968042834,71.0042550470922,23.4848502413262,43.8832662254572,55.267985058814,57.980535625072,0,107.857033224667,107.430293884277,48.1681426339635,12.518149126021,24.6140313813729,125.34105682373,74.9379069010417,7.06294992311232,14.7779696667972,133.348974863688,0,0,71.3982988245347,140.942244211833,0,157.261343002319,116.031716999255,153.420728683472,100.529813766479,159.413647969564,0,117.915022713797,0,156.547430038452,0,91.9376953125,133.029598236084,0,0,0,99.6808128356934,58.7063460350037,140.980633544922,121.57861005995,0,0,187.274620056152,116.173448600021,133.593304951986,104.623588562012,0,0,110.147473653158,166.927923838298
61.5434433345137,58.4909692135157,49.5381290863012,56.7958100826437,74.858294305136,35.6997200134105,36.9173226464986,56.8382591803374,43.4377174132588,65.1103658634863,80.3601248970738,26.5409220461619,71.0220186618265,54.6586722543504,37.3408841845101,29.4236397135359,78.1652302680077,28.4453898626235,61.0241632827484,37.8429927136549,76.2522572150597,39.7563875404572,54.5472181535427,43.8546241525207,70.758383946541,55.1863642223811,58.8541497865754,64.5135662413084,61.3055598785085,26.4084392307124,35.334718538799,81.1566907422296,37.8811235818821,14.7779696667972,10.8692603595853,143.116347630819,91.8207127253215,99.2206007722136,87.9389644091642,177.081954956055,0,178.32014465332,136.139517495799,171.019088745117,111.176172733307,162.328894042969,153.377279009138,143.531244913737,128.994259174053,156.799246328848,0,110.392650127411,119.140336266879,139.399822658963,128.148326811243,155.36735534668,115.03256693194,73.8125407803443,109.540147781372,137.063926391602,120.337640126546,120.772893824284,109.532230193127,125.943985260285,146.493009779188,116.821310753916,139.396195547921,140.870208740234,120.601990836007,115.50999994278
147.748338971819,0,146.768927140669,80.7753480275472,142.594329833984,0,197.684885660807,140.040326254708,153.980080740792,131.626602172852,170.915475027902,0,138.989377339681,215.283950805664,165.834376017253,0,114.816133117676,156.629592895508,0,166.176986694336,169.730677286784,115.691927983211,97.5110893249512,131.058666453642,136.29805803299,0,194.532270431519,168.686184777154,126.473790210226,136.48310807172,121.840987141927,0,0,133.348974863688,143.116347630819,11.6286457004732,120.394184459339,102.091011219887,68.8246958383317,84.9893165068193,0,97.5406947757887,23.1634431677841,20.5523353854297,59.801761906102,54.1751717591391,132.169448899634,71.6056848608929,145.35191337735,11.7198156881901,108.68377494812,55.8276516789138,105.559203998952,131.297063191732,117.649076041322,80.105717821819,76.0204324937405,56.4717657419556,86.3490349483811,59.6145422133188,162.709785461426,130.217556585616,127.369703126701,61.7061230542573,13.3041408974791,28.5094156737916,155.722283136277,67.5920333862305,27.3988465346476,55.4093024862648
0,68.9845301310221,94.8117511749268,115.274822235107,0,0,0,233.056503295898,0,0,0,94.9820037841797,0,125.176177978516,0,0,0,103.080722263881,114.732820510864,95.9001910235431,0,143.036605834961,79.1193822224935,135.266156514486,160.098960876465,89.09583568573,88.3524805551552,99.2378492761165,0,138.387710571289,135.799255371094,129.826431274414,0,0,91.8207127253215,120.394184459339,7.42796121532303,41.3103391781011,10.8380091247418,0,0,0,112.902084937462,157.925117492676,74.1309254964193,122.633316040039,80.6666089163886,0,53.9952912143224,147.067129516602,0,71.0377744705446,57.9060984768542,90.7332299550374,60.7844139852642,0,84.9211119016012,23.2935280006066,68.8769072726428,102.767630400481,22.1302184603535,49.6496755499948,35.1344414520725,112.114738170917,117.904528045654,92.2196525573731,75.1112436567034,0,93.5586700439453,58.6420327303881
137.553268432617,87.3567154624245,85.7270751066722,64.8850816999163,0,0,0,148.059223175049,168.116104125977,187.625511169434,248.348480224609,144.63464494185,0,142.685750688825,190.184555053711,0,135.56787109375,103.72227230013,150.565325927734,112.738454862405,0,129.369112429412,56.8342026361027,99.8802736963895,153.94582257952,0,95.7536302882421,94.1468839266083,148.480237325033,162.01015625,139.543184280396,139.119111197335,0,0,99.2206007722136,102.091011219887,41.3103391781011,11.182503843983,41.2648707251739,108.911117553711,166.3017578125,130.5168385713,83.1958205263613,111.569139016641,129.821853637695,98.0330317179362,90.3076679774693,124.726991925921,110.947172376845,111.604615678839,129.229811350505,75.9031916149592,35.9931574801879,112.377236048381,69.3749235689997,194.147064208984,66.2539758453369,40.2327761631188,22.5407833062271,123.845529917124,78.2800050215288,30.7380195812577,27.1556652878887,76.5571163193671,125.065835869831,71.7014601743674,88.2178779602051,146.455624898275,120.657923126221,65.0464296750496
78.3711610132334,74.778982035319,80.7626561873998,21.1711793060303,87.9611793518066,120.466687011719,101.341811828613,68.2515529926007,98.4080949598743,37.78782585689,91.6797892683643,94.6014723344283,80.7323229653495,86.7527046203613,87.8669931030273,96.2606279850006,71.0870161056519,85.6560101142296,105.119883673532,85.9087665614797,100.45967010498,66.2895796402641,42.9210908651352,61.2780596188136,65.9308865452541,24.8308274923865,74.5525460174118,72.7234230157806,65.6991094059414,84.2686751829375,64.0189524859917,70.854663848877,124.769542694092,71.3982988245347,87.9389644091642,68.8246958383317,10.8380091247418,41.2648707251739,20.604029736068,77.6608741760254,112.005158424377,90.3368873239678,56.8818966410487,81.7799157218198,11.0956173378641,71.9572915918687,77.7375003269741,65.1837435855141,53.5618547628642,81.7233938433006,64.5952133602566,38.4840981665622,57.1960280594716,82.3602023746656,56.3676622238086,73.6552675035265,46.8838206586168,20.3338738842683,48.8193299936694,38.7519199073939,21.4869904887979,47.6118403404789,42.5676294159186,48.8132076704783,77.2186547855387,54.7270742925239,79.4752327171532,122.828450012207,57.8644021749496,62.2026396159253
63.904504776001,0,0,109.001253763835,6.63820377590847,0,130.272048950195,134.509207861764,139.942927678426,108.751693725586,29.9836692461153,0,63.8702386447362,0,154.568798065186,0,0,0,0,0,13.9730406208038,219.050720214844,188.733337402344,176.357147216797,131.012224691885,0,0,169.279861450195,116.416577948464,131.744862874349,146.543192545573,0,190.706481933594,140.942244211833,177.081954956055,84.9893165068193,0,108.911117553711,77.6608741760254,7.52050105496387,131.845947265625,62.2933991575095,91.5548801422119,89.2552851972909,35.574297045098,13.8673326754689,146.89973449707,21.1452345821541,205.502349853516,91.9618952480363,86.2847742600874,83.0020462036133,236.668807983398,0,196.584838867188,11.6797694920713,121.453887939453,106.975439245051,155.669990539551,13.4219812700667,0,227.144927978516,161.27978515625,11.7404038610878,97.319758601305,117.46262512207,0,141.374627685547,86.0961266451104,86.39329053243
