9.52439001728303,100.266759236654,72.6978297445757,70.2332257357511,68.7057399749756,69.3710962596693,66.7458249517234,19.0793657438439,40.3601740447925,57.5874509811401,48.6005199991091,104.103284072876,90.8668125293873,137.174819946289,17.4743167709502,45.2200430356539,0,80.3788388693603,129.237257821219,105.916228763128,89.6003181233126,60.6716515223185,78.6379089355469,64.412139169999,70.7356444391711,0,92.4945097959758,106.604736721393,70.3580080365378,12.3298090705034,21.2056547468941,135.779418945312,73.8092219034831,23.3568720245361,64.3096336386057,0,0,151.280982971191,76.7578907012939,0,0,0,112.030136108398,153.969268798828,70.0666679969201,149.422546386719,0,79.8804092407227,0,207.949325561523,0,115.255889892578,145.765533447266,0,208.215515136719,165.075942993164,0,0,139.954795837402,95.363374710083,0,158.095687866211,164.702776590983,122.006011327108,123.887062072754,102.056495666504,0,0,0,143.430084228516
100.266759236654,6.24481915655792,40.111670702242,14.6879665855534,86.7812194824219,0,193.465713500977,119.299599965413,142.174159240723,62.5299403997568,110.124725341797,66.6270045852661,91.5098876953125,48.8489209354253,110.385955810547,85.3886032104492,44.6983057007076,44.7670806972572,74.3183348337809,56.5257184383643,0,66.0910079956055,20.6153711553042,55.5974754151844,64.494891687926,26.7036380355942,42.6179875623263,28.9213622224396,75.986608505249,100.224938710531,86.2377500534058,64.4084744886919,119.80054473877,65.330961227417,50.6964927101135,0,58.5628674825033,70.3847611525963,33.8823942009729,0,0,156.433380126953,128.565231323242,134.69303894043,0,0,92.5796699523926,0,94.7542777061462,183.775588989258,0,122.911476135254,92.590146446228,108.659665425618,106.450658798218,0,126.329307556152,49.4413390526405,82.8442673316369,112.167315165202,74.0248934427897,94.4253579189903,72.6359869428676,182.872787475586,0,0,109.64995320638,0,0,99.6563835144043
72.6978297445757,40.111670702242,11.478266075578,47.6637396257977,116.062530517578,152.963602701823,125.124353147021,82.6271290346509,104.806498546332,148.381950378418,92.8071218769202,89.9536649530584,122.915053367615,153.318756103516,99.8504656304253,92.8664779663086,95.0586135387421,41.3590815407014,89.9627135140555,67.656964289491,156.075931549072,57.2761970189225,40.296212272644,24.5083493314404,121.349995204381,102.921012878418,30.0100740705045,21.7971341387351,57.6811475770086,90.9918390368739,60.0058024906876,106.537005615234,150.311838150024,91.3097362518311,47.7934240200035,187.7258644104,71.777804107666,88.1402481394366,53.3067699717052,0,0,170.269912719727,144.346827915737,178.5244140625,90.9341710408529,189.312057495117,120.919976806641,0,0,183.119189453125,0,108.372402954102,101.663660285887,129.747450256348,122.225458853585,0,111.723316669464,66.8688203750118,92.5258482197921,133.828753662109,128.22428894043,103.01249595175,87.4318121578778,141.882052103678,172.36572265625,145.729769388835,131.643081665039,0,0,103.170399017334
70.2332257357511,14.6879665855534,47.6637396257977,20.7800442672654,49.1929942688655,94.5933418273926,74.0698491087054,50.7541229104343,68.9352655757557,17.8080469519605,64.5043280560037,68.072863110629,62.0166831598049,50.6679463671498,82.9692264210094,69.1648578643799,38.3845993471471,62.6003884501841,65.8503106117249,60.4299104846254,60.5980239726127,48.54938171619,23.9779771565553,42.5885446401551,36.5922738011044,23.5431510600576,45.6866364129384,34.0678541563411,47.2792531583592,69.3740281096292,47.2021166350552,66.953429104989,108.484662628174,39.1104582831973,55.1259236152355,0,37.8851411819458,83.3248608907064,10.1766517457408,90.5693893432617,0,143.4599609375,106.039476394653,156.965548706055,16.3097256632412,110.743772506714,93.7332211662741,88.9045956929525,78.197229385376,76.9826278686523,0,86.2077056884766,84.1716117858887,113.461311340332,98.993425022472,108.334510803223,71.6568768819173,12.0230178833008,68.5954043070475,59.7305892206007,37.3332457224528,75.9650521775087,64.3716504242247,81.0396572993352,0,133.463052368164,124.106662750244,0,116.458892822266,102.584371948242
68.7057399749756,86.7812194824219,116.062530517578,49.1929942688655,9.91892713642629,108.541965866089,50.320051540028,31.8628711004327,67.7380535435032,30.4808884218627,18.7338459859584,155.842376708984,22.1382554702611,138.638107299805,103.235132773717,45.6898374151676,0,136.426701863607,0,0,13.2205704783455,0,49.924425880864,69.106819152832,14.7351936614507,118.322807312012,125.903263636998,122.34707440828,12.0579796174279,70.6343422192055,49.9081561144661,0,128.415584564209,59.7873263205251,76.7369191459056,159.57644144694,0,0,71.0272037875268,14.6423076352135,0,80.4801176212452,117.404196739197,131.845446268717,76.5691362169054,81.6802305788607,0,29.2460143385655,0,135.817539215088,0,0,0,0,186.79460144043,21.3629743638246,0,115.484535217285,140.198226928711,90.4077599026741,0,0,167.912467956543,98.4185533687986,159.303834533691,127.046020507812,0,157.270156860352,123.517204284668,127.533561706543
69.3710962596693,0,152.963602701823,94.5933418273926,108.541965866089,8.64213329116424,14.4841400153908,100.33301771448,18.4290171245579,88.6519966125488,108.757087622275,57.613672901022,96.714057635417,78.6218538284302,28.4866059827104,17.0245906351524,0,152.656370980399,124.470392227173,139.090761820475,112.115530566634,0,137.103541056315,124.570669555664,102.703732670964,74.4975479125977,146.111855643136,142.827467918396,106.13248431198,23.1775288407632,102.594758605957,100.373926798503,10.1680157096709,76.9954465230306,32.9453139964158,199.801498413086,0,0,113.757623672485,0,0,200.726615905762,156.040885925293,166.732940673828,108.184440612793,168.367401123047,126.154987335205,134.408874511719,0,0,114.529754638672,0,0,0,0,168.087585449219,0,0,0,145.631349646527,0,0,199.125625610352,161.078397863051,169.533126831055,0,0,0,0,0
66.7458249517234,193.465713500977,125.124353147021,74.0698491087054,50.320051540028,14.4841400153908,10.7374929989747,63.501873411271,17.9664522703234,66.7380951258762,19.8479419236777,75.8047107287816,25.5256779492434,83.7506198883057,39.776401577102,16.5493748801535,0,143.101172065735,128.096994400024,147.563379414876,27.9524464849984,124.054995218913,76.2882265363421,124.907385508219,76.1182408260577,106.026527404785,128.045661303462,145.996942138672,77.3321535958663,34.5490171234451,101.564658641815,167.003555297852,12.7845814839034,81.6853377602317,60.2247120991088,127.635124206543,0,180.44660949707,90.6970668640137,149.823219299316,0,135.132631937663,132.095500946045,154.093733215332,98.5707553365956,145.660227775574,0,56.2074763501277,0,152.603309631348,0,0,0,0,0,125.663998195103,0,0,180.766632080078,116.506449273292,0,0,214.484512329102,137.560144988584,173.027362823486,117.904663085938,0,0,0,0
19.0793657438439,119.299599965413,82.6271290346509,50.7541229104343,31.8628711004327,100.33301771448,63.501873411271,7.9653722859092,52.7032398962448,50.5130769914196,11.3176587705583,128.254072189331,68.7239377687303,132.571350097656,24.5779918798413,69.3679191126968,97.7271334330241,98.002158488398,155.496826171875,133.482511583265,39.7996613903249,55.6801578916352,73.1994837634968,52.5453993723248,49.3423908557719,186.877021789551,113.662334229543,95.4261536125897,24.6579188026204,54.7090599811733,16.6853486838646,160.803928375244,109.287542246809,52.088070245153,70.1191108372153,128.70144144694,127.483383178711,157.946747723748,68.2327847052977,104.818227495466,0,131.390935151473,105.684382906827,134.818606785366,68.7913238468455,129.084682240206,0,93.137274815486,231.0537109375,135.767479289662,85.2595062255859,100.166938304901,165.493563842773,0,167.452453613281,109.837846279144,124.180740992228,93.2094698819247,147.281597682408,91.6721758753173,0,175.643504333496,154.160324169341,106.029565714941,131.599909888373,123.653381652832,212.204696655273,0,114.690383911133,149.620807647705
40.3601740447925,142.174159240723,104.806498546332,68.9352655757557,67.7380535435032,18.4290171245579,17.9664522703234,52.7032398962448,10.1729521627944,68.0218396778979,25.649466914193,67.2366754181531,67.0364433178342,80.5849880419279,15.4146171509123,22.4097206975018,0,118.056589669044,125.497443880354,136.917129422412,72.7479936243203,96.0041738656851,93.8875731009024,86.4236356809542,69.118315130342,83.3657468159993,121.992059874303,130.623344779015,76.1319307885015,25.4650929027011,67.6263768390319,121.383917490641,18.885086688114,70.2384333403214,47.6588592804213,184.017822265625,0,162.398908487956,83.4771804946298,130.557308421415,0,133.529766392063,132.448596763611,153.449129649571,97.8617013895287,141.004008124856,128.911102294922,96.9251037173801,138.192199707031,163.354110717773,154.229873657227,143.572911580404,185.214378356934,0,0,119.00389769583,147.849784851074,116.113779703776,164.568202972412,102.714424947103,0,188.944720458984,174.145568847656,126.457327027252,159.871819087437,164.290152809837,0,179.350059509277,143.573066711426,156.879306793213
57.5874509811401,62.5299403997568,148.381950378418,17.8080469519605,30.4808884218627,88.6519966125488,66.7380951258762,50.5130769914196,68.0218396778979,8.73222231370551,59.405165216816,118.880895754186,11.752461462833,110.029416136362,78.804435341658,23.5331298267052,245.237686157227,125.783214992947,136.917598724365,128.52859379695,20.6738041052743,53.4914021858802,21.1779535115163,79.2025798797607,20.2144025221594,92.9889584271897,115.537231745864,105.42963851239,40.6425481914734,57.7719115856412,43.8640506744385,123.615682828224,112.719856710995,45.645016508836,62.9035572013274,92.7189865112305,244.61589050293,127.65327835083,47.2265174688406,102.003184000651,0,142.257586161296,90.7759540264423,118.272089640299,36.5815354449408,109.662995910645,159.754675292969,70.6443237891564,148.6139256404,130.135913848877,58.3866653442383,78.7390009562175,152.259292602539,186.241256713867,188.579902648926,74.2379508972168,103.779556274414,65.0668563842773,119.942153930664,71.2685985280507,142.729270935059,167.948138645717,174.436201413473,94.2621348698934,116.980982462565,97.5241222381592,168.72102355957,0,95.1032587687175,127.342071533203
48.6005199991091,110.124725341797,92.8071218769202,64.5043280560037,18.7338459859584,108.757087622275,19.8479419236777,11.3176587705583,25.649466914193,59.405165216816,9.26613298419849,124.321255366007,23.8270893484028,157.746486663818,57.8795332541446,62.0558703858175,0,129.930620046762,159.309120178223,155.49754969279,17.4113443117991,72.7251454671224,88.1791079594539,67.0699297950381,53.2981809607043,0,120.161058284618,110.809061177572,19.5689404100926,78.4261609246257,51.6493427978372,0,114.831860459696,66.9027460907861,78.4785210639961,139.594650268555,0,165.486629486084,79.7816901468969,120.596587331671,206.593338012695,137.517345765058,128.350529063832,150.831253745339,94.2704702908875,144.668570637703,0,89.6156119189216,216.649826049805,151.002894719442,132.183990478516,139.057178497314,0,0,0,124.282276973018,212.622222900391,89.073974609375,160.610877990723,98.5864841924237,0,165.612716674805,157.807896931966,132.006626642238,148.78683980306,145.525266647339,0,189.857666015625,177.867385864258,157.966708713108
104.103284072876,66.6270045852661,89.9536649530584,68.072863110629,155.842376708984,57.613672901022,75.8047107287816,128.254072189331,67.2366754181531,118.880895754186,124.321255366007,12.0883635902941,133.528380923801,21.5449148608775,70.6501436233521,80.9232381184896,132.929840087891,47.9407710423545,24.836254887528,25.1524584593401,129.093676053561,83.3052448473479,95.5385922251881,81.2574211120605,126.888313770294,28.654986909831,32.1934681488497,56.8323337483534,131.322000009042,59.9178290121896,86.0993097817026,42.5254625605019,57.8248758904097,86.4701611387963,24.1038941408543,0,99.8257217407227,133.407564798991,56.3069936964247,0,0,0,0,204.483688354492,151.157585144043,0,73.8186425103082,0,71.358778378618,137.688404083252,0,0,168.802352905273,92.8031144682894,101.98734144731,0,0,128.83080291748,185.577606201172,159.259765625,58.3359342061851,91.4461108330757,93.7251855649671,174.194931030273,0,0,89.0723617472113,104.324981689453,0,93.3699366251628
90.8668125293873,91.5098876953125,122.915053367615,62.0166831598049,22.1382554702611,96.714057635417,25.5256779492434,68.7239377687303,67.0364433178342,11.752461462833,23.8270893484028,133.528380923801,8.4194948744825,140.989367675781,97.0354640999032,15.6698367919374,0,178.63508605957,149.255699157715,155.575386047363,12.4885550202279,162.034851074219,50.9534630697282,135.35039629255,21.5995796237147,123.477598190308,158.515540313721,128.875444836087,50.4158220512922,97.0089828058616,93.8037896589799,155.299072265625,109.604351070377,72.9198042925666,89.8320116094641,0,0,0,82.3782387092465,45.6391789615154,0,95.1602296626314,110.931615193685,130.17530186971,98.2744428846571,42.6459169241098,0,10.115539611425,0,171.017276763916,0,0,0,0,0,24.6482198836311,0,0,153.035018920898,98.1723617941646,0,193.680084228516,166.843963623047,128.944716543522,144.300615946452,0,0,0,0,170.377555847168
137.174819946289,48.8489209354253,153.318756103516,50.6679463671498,138.638107299805,78.6218538284302,83.7506198883057,132.571350097656,80.5849880419279,110.029416136362,157.746486663818,21.5449148608775,140.989367675781,7.05505473797628,90.1703236897786,152.06506565639,116.16577911377,82.7296795845032,50.3845989137537,62.2517575294741,164.833386739095,148.284568786621,83.3857882817586,119.634822845459,118.299705072351,19.0282847566704,22.1557784377538,29.3819121745709,134.642028808594,81.9383035932268,138.679502487183,10.7733718574059,80.7493215893942,142.889556884766,55.8449083818708,0,94.380859599394,148.240016937256,43.0678137323539,0,0,0,0,101.844731648763,165.406396484375,221.348037719727,73.2889096854592,0,69.7201877742556,130.763796488444,0,123.354438781738,122.099910389293,86.7951735413593,101.458605925242,0,0,110.150758743286,156.272613525391,0,54.8098157562108,86.1092965192231,86.2850189333648,0,103.389883858817,199.799255371094,86.2249090647359,0,0,82.478690032959
17.4743167709502,110.385955810547,99.8504656304253,82.9692264210094,103.235132773717,28.4866059827104,39.776401577102,24.5779918798413,15.4146171509123,78.804435341658,57.8795332541446,70.6501436233521,97.0354640999032,90.1703236897786,8.38602300902966,45.4362487433092,115.679485321045,107.651117858353,133.282651011149,129.867620985518,95.0450402236566,79.3684247058371,100.387008320202,80.6236355581497,85.4389083634562,91.0272064208984,115.560321225425,131.03826767651,86.8213490467166,18.8593157982049,36.090984354601,128.785336303711,15.4010450625792,39.2685661132519,40.4109186336012,141.644006729126,0,159.844288219105,96.7940215602066,138.989212036133,0,150.624416896275,132.10402243478,172.512844085693,102.994052401456,175.428044128418,132.637512207031,121.92268208095,236.228851318359,165.334777832031,145.543319702148,158.413116455078,211.443420410156,188.227005004883,188.316731770833,167.392361958822,169.732721964518,122.131271362305,176.504567464193,129.201171174341,0,186.378819783529,172.70832157135,137.592130858323,174.616915384928,141.452067565918,0,0,110.514022827148,161.086001078288
45.2200430356539,85.3886032104492,92.8664779663086,69.1648578643799,45.6898374151676,17.0245906351524,16.5493748801535,69.3679191126968,22.4097206975018,23.5331298267052,62.0558703858175,80.9232381184896,15.6698367919374,152.06506565639,45.4362487433092,7.47024476257764,0,0,0,181.435302734375,46.1509441082998,0,59.2697289989841,102.766235351562,34.4020128021849,131.081204732259,147.283531188965,133.46756302683,66.4486820872237,36.5399631570887,93.7412284851074,0,39.3731752659412,100.229217529297,42.772071442953,0,0,0,79.9086260795593,0,0,132.156368255615,174.522918701172,0,94.5476531982422,174.746673583984,187.168411254883,96.2281257629395,0,0,0,0,0,0,0,136.911266326904,0,0,0,96.694995880127,0,0,0,123.986051831927,0,0,0,0,0,0
0,44.6983057007076,95.0586135387421,38.3845993471471,0,0,0,97.7271334330241,0,245.237686157227,0,132.929840087891,0,116.16577911377,115.679485321045,0,14.8547210180666,90.0641158819199,0,110.139458656311,139.075286865234,18.5866031092941,29.9223525238126,18.8796452203032,18.4975460954639,103.891917419434,90.6674282836914,31.1815433366068,27.0083857345045,0,66.4178964715255,138.614433288574,0,0,66.3650753850522,0,123.666175842285,112.366094970703,52.6953014379749,0,0,0,130.571640014648,0,67.1007217407227,0,0,0,0,188.304626464844,0,87.5872113511369,135.220372517904,0,0,244.443725585938,102.684147936233,52.9006992084224,91.9254883075583,20.333073590483,0,158.25366973877,104.572055156414,112.519434974307,0,101.76968963623,0,0,0,101.851967947824
80.3788388693603,44.7670806972572,41.3590815407014,62.6003884501841,136.426701863607,152.656370980399,143.101172065735,98.002158488398,118.056589669044,125.783214992947,129.930620046762,47.9407710423545,178.63508605957,82.7296795845032,107.651117858353,0,90.0641158819199,8.59463797348751,55.19249460805,18.2636340452505,182.988444010417,42.7564955418782,55.0329401929614,17.5563924587496,115.138080003526,76.4011341094971,24.1504627673176,54.8407969229437,102.794222360925,86.0696594220874,60.7295862340589,75.7006992340088,157.794884817941,77.9104406084333,32.4519793647537,0,69.6573080335345,97.4609684799657,65.6791753180233,0,0,0,154.271301269531,193.537338256836,141.216145833333,0,0,0,117.745784759521,185.581169128418,0,128.384132385254,106.09753692627,121.986469268799,122.502502687516,0,130.662708282471,83.144606590271,103.733720779419,164.019805908203,139.790260314941,104.496267600138,96.4272819616717,152.550519670759,196.302001953125,169.149440765381,149.07969156901,0,0,115.638909079812
129.237257821219,74.3183348337809,89.9627135140555,65.8503106117249,0,124.470392227173,128.096994400024,155.496826171875,125.497443880354,136.917598724365,159.309120178223,24.836254887528,149.255699157715,50.3845989137537,133.282651011149,0,0,55.19249460805,6.27800698243205,19.2643409783196,146.747680664062,112.94085015191,103.268002573649,104.969047909691,139.27352142334,41.1902919214511,29.2982390127999,59.6062037238281,149.426731109619,111.971925024893,105.260948593552,46.6963466112004,93.472727899966,105.040321985881,57.4345093962616,0,94.8262205123901,133.016418457031,98.8563413619995,0,0,0,0,139.012512207031,170.257858276367,0,90.7116517477888,0,87.4383428253397,185.57942199707,0,0,123.881372625178,95.2570585863931,104.326447585533,0,0,156.801940917969,200.127990722656,172.825424194336,72.1410274505615,94.8519149706202,97.189345122326,0,217.014923095703,0,98.1246201535489,0,219.29532623291,114.486116108141
105.916228763128,56.5257184383643,67.656964289491,60.4299104846254,0,139.090761820475,147.563379414876,133.482511583265,136.917129422412,128.52859379695,155.49754969279,25.1524584593401,155.575386047363,62.2517575294741,129.867620985518,181.435302734375,110.139458656311,18.2636340452505,19.2643409783196,12.45708654728,197.121658325195,77.5360806056431,95.0941313949286,66.2631539838356,130.233899043157,39.0605220969664,32.5046184078745,61.802498142061,129.522350311279,106.738732684866,81.3002086322128,53.6995212944755,137.203534906561,89.8434441103573,41.6828196339,181.204650878906,96.7351431595652,114.809604883194,75.7418694269089,0,0,0,0,209.937998453776,115.422966003418,0,99.3187207308683,0,101.265860280683,0,0,136.45329284668,111.358445138642,101.071654525458,106.865756259875,0,153.47386932373,122.003483581543,117.910230300006,177.299949645996,79.7242566622221,98.865702219536,101.639417963179,197.582244873047,135.402969360352,190.359652709961,99.905178672389,0,172.685699462891,123.214197540283
89.6003181233126,0,156.075931549072,60.5980239726127,13.2205704783455,112.115530566634,27.9524464849984,39.7996613903249,72.7479936243203,20.6738041052743,17.4113443117991,129.093676053561,12.4885550202279,164.833386739095,95.0450402236566,46.1509441082998,139.075286865234,182.988444010417,146.747680664062,197.121658325195,9.78815172437702,148.283660888672,57.0434858992293,127.11949496799,17.2161845196236,140.791107177734,160.027841356066,135.90208791097,27.836756502438,89.8494724734555,66.1803100585937,0,122.325840989204,64.8216927976024,85.0268291019258,108.60506439209,0,193.650360107422,83.2502580448073,52.0458413621654,0,140.632537486941,117.161492029826,163.873990535736,97.1837437947591,150.053229904175,0,28.2051149630503,0,156.275986735026,116.001739501953,0,0,0,0,127.37075794607,179.528854370117,104.376861572266,142.573806762695,101.770940790839,0,248.166198730469,155.793640136719,129.078989099573,170.732207489014,139.362272262573,0,0,145.601872762044,147.891296386719
60.6716515223185,66.0910079956055,57.2761970189225,48.54938171619,0,0,124.054995218913,55.6801578916352,96.0041738656851,53.4914021858802,72.7251454671224,83.3052448473479,162.034851074219,148.284568786621,79.3684247058371,0,18.5866031092941,42.7564955418782,112.94085015191,77.5360806056431,148.283660888672,10.2069510195518,42.7301714483865,24.8873426999606,12.4893963430051,102.910140991211,90.2528910717722,50.4604568470106,14.6425071094222,24.3377738665238,21.0278857121683,0,134.4892578125,51.8774903949938,33.9299922548031,113.788445790609,0,131.326872689383,58.001946073079,0,0,0,117.024150303432,128.476764678955,66.0229340466586,0,0,0,0,140.57332611084,0,86.7015442038482,151.50386428833,0,169.568832397461,0,102.612590151135,62.0845949149426,102.312664091278,77.6343005931739,0,163.488362121582,127.774617654306,101.734514559232,115.917862525353,100.954108612061,0,0,114.012060312124,104.298575592041
78.6379089355469,20.6153711553042,40.296212272644,23.9779771565553,49.924425880864,137.103541056315,76.2882265363421,73.1994837634968,93.8875731009024,21.1779535115163,88.1791079594539,95.5385922251881,50.9534630697282,83.3857882817586,100.387008320202,59.2697289989841,29.9223525238126,55.0329401929614,103.268002573649,95.0941313949286,57.0434858992293,42.7301714483865,8.79891105229704,40.3823902961051,24.8669306746107,64.0102982726002,87.2876702773084,43.0508923915055,45.2386215248067,75.1604562707849,44.4265311178333,96.4362804594494,123.315757751465,45.6044042110443,44.178928370047,0,0,96.9394196903004,36.3834374756283,107.51978302002,0,0,91.0438003540039,0,32.6722446282705,123.772018432617,132.119534912109,113.512187957764,127.913287162781,135.082489013672,0,53.4105236053467,129.112602233887,156.912368774414,137.06241607666,0,79.643669128418,17.6526432193694,108.962687405673,52.6222414128921,103.632327431127,133.978595040061,107.894414084298,97.3839956011091,105.438006083171,88.3286681175232,143.615475124783,0,86.4182319641113,111.062522888184
64.412139169999,55.5974754151844,24.5083493314404,42.5885446401551,69.106819152832,124.570669555664,124.907385508219,52.5453993723248,86.4236356809542,79.2025798797607,67.0699297950381,81.2574211120605,135.35039629255,119.634822845459,80.6236355581497,102.766235351562,18.8796452203032,17.5563924587496,104.969047909691,66.2631539838356,127.11949496799,24.8873426999606,40.3823902961051,13.4066235345262,38.7754267663915,102.254207611084,57.0066800782011,32.0917360003758,36.7670476893696,56.5659973234482,40.3799761103411,0,132.095853169759,71.3274293899536,38.5513096520406,132.224159240723,89.437678527832,97.5835024026724,54.5556322875977,0,0,0,116.838850975037,179.373947143555,79.0294359922409,0,137.132873535156,0,152.89094543457,164.214614868164,0,88.2540992736816,116.242863464355,0,132.116611480713,0,96.8676733386375,53.9415084448143,93.2844847262263,91.0834510666983,0,134.049575805664,97.1148555358887,115.835894892766,142.462715148926,97.6972524228303,0,0,135.691581726074,116.471598815918
70.7356444391711,64.494891687926,121.349995204381,36.5922738011044,14.7351936614507,102.703732670964,76.1182408260577,49.3423908557719,69.118315130342,20.2144025221594,53.2981809607043,126.888313770294,21.5995796237147,118.299705072351,85.4389083634562,34.4020128021849,18.4975460954639,115.138080003526,139.27352142334,130.233899043157,17.2161845196236,12.4893963430051,24.8669306746107,38.7754267663915,9.91122246129004,99.0187884443484,115.577317694352,86.8889133734781,15.4087428310638,63.9365834019039,49.7269733384339,133.512306213379,122.883911323547,49.7557482774654,70.9446817051643,109.522773234049,193.444732666016,181.674713828347,54.7762958495525,89.0212249755859,0,123.238744463239,100.18362295748,131.140296624631,52.3635692804007,133.82836956448,164.407634735107,88.222847366333,161.028524225408,132.767216682434,153.669746398926,82.10882227971,143.710405985514,193.885543823242,183.959329223633,101.200058880974,105.994267671005,67.5845349121094,115.564990135931,61.4236052446017,153.512607574463,187.950215339661,161.288407252385,96.4318230525957,118.626025181191,101.83464783017,178.490234375,143.82307434082,115.767824990409,125.454150390625
0,26.7036380355942,102.921012878418,23.5431510600576,118.322807312012,74.4975479125977,106.026527404785,186.877021789551,83.3657468159993,92.9889584271897,0,28.654986909831,123.477598190308,19.0282847566704,91.0272064208984,131.081204732259,103.891917419434,76.4011341094971,41.1902919214511,39.0605220969664,140.791107177734,102.910140991211,64.0102982726002,102.254207611084,99.0187884443484,10.5189259114714,38.1952412193038,25.0727352409752,121.198929039208,63.2412401835124,113.469492594401,45.260317773778,78.0646607535226,124.068893432617,49.1745659786722,0,82.1788040161133,154.758255004883,29.9141867747072,0,0,0,161.459457397461,93.4698638916016,149.62914276123,0,63.8468179702759,0,61.663565481594,0,0,0,94.9736121041434,74.4992720740182,79.7169601615818,0,124.386024475098,119.69841003418,0,0,34.2769740927156,73.6496195683047,71.754275234122,0,145.723693847656,143.395538330078,75.0665831694732,0,123.235450744629,86.5681665208605
92.4945097959758,42.6179875623263,30.0100740705045,45.6866364129384,125.903263636998,146.111855643136,128.045661303462,113.662334229543,121.992059874303,115.537231745864,120.161058284618,32.1934681488497,158.515540313721,22.1557784377538,115.560321225425,147.283531188965,90.6674282836914,24.1504627673176,29.2982390127999,32.5046184078745,160.027841356066,90.2528910717722,87.2876702773084,57.0066800782011,115.577317694352,38.1952412193038,14.0289634073849,28.2985344062623,109.231360071772,103.607239021445,83.5266807789111,18.4336967282238,129.748105269212,99.3207634748039,48.9863685102967,185.556449890137,87.4772036051013,107.335451651311,65.9857556269719,0,0,175.879585266113,172.025155460133,191.628547668457,157.226500919887,0,90.5928073914583,208.390686035156,85.1114186833414,186.221570101651,0,119.306289672852,98.422032284665,92.4568902397898,96.3720321173079,184.20964050293,155.441195170085,115.303914300327,110.191715577069,167.736549377441,66.907812160221,89.4697582800568,89.1537510566532,159.152348836263,164.230801173619,161.312837473551,95.669625671995,126.742263793945,160.936218261719,106.753473710644
106.604736721393,28.9213622224396,21.7971341387351,34.0678541563411,122.34707440828,142.827467918396,145.996942138672,95.4261536125897,130.623344779015,105.42963851239,110.809061177572,56.8323337483534,128.875444836087,29.3819121745709,131.03826767651,133.46756302683,31.1815433366068,54.8407969229437,59.6062037238281,61.802498142061,135.90208791097,50.4604568470106,43.0508923915055,32.0917360003758,86.8889133734781,25.0727352409752,28.2985344062623,14.841394405027,70.1347956697625,113.486844168769,95.8980340020505,22.0264773201174,134.508874893188,108.622699621952,52.5657517532255,184.709537929959,79.9250629625822,89.368531577412,50.5791954947605,0,0,179.461486816406,154.486604076321,179.022506205241,136.483264923096,169.507382202148,101.977982437656,152.697967529297,97.3858554652803,188.339783562554,0,107.240021485549,101.025355710328,101.914328775457,103.298096863608,183.572677612305,118.263701046214,63.0628737819012,94.8020923417073,104.707343560678,73.9835167602079,94.7462717823147,88.2610544529555,141.614459475955,185.530242919922,145.221526287972,107.215265039812,125.410865783691,158.5345703125,106.195751571655
70.3580080365378,75.986608505249,57.6811475770086,47.2792531583592,12.0579796174279,106.13248431198,77.3321535958663,24.6579188026204,76.1319307885015,40.6425481914734,19.5689404100926,131.322000009042,50.4158220512922,134.642028808594,86.8213490467166,66.4486820872237,27.0083857345045,102.794222360925,149.426731109619,129.522350311279,27.836756502438,14.6425071094222,45.2386215248067,36.7670476893696,15.4087428310638,121.198929039208,109.231360071772,70.1347956697625,9.00715731971642,65.7774353575376,26.265050324796,138.466486612956,118.030108904598,46.9402942153386,46.7374362491675,118.715339388166,0,141.833331714977,59.5119818237785,102.933709205465,0,123.170439237707,103.416688634994,133.344113934425,58.5118954755822,131.741985096651,195.773666381836,91.589043712616,178.284805297852,133.890974416965,111.032480875651,85.7196025105266,163.787730625698,216.512817382812,193.770686558315,106.776075380658,106.099482033469,71.1200800136644,119.101978853524,81.7835256323465,186.306625366211,177.661171190666,148.886106811523,100.023724738784,120.152747514513,104.247658397968,182.473007202148,161.342170715332,108.608934947423,119.494729541597
12.3298090705034,100.224938710531,90.9918390368739,69.3740281096292,70.6343422192055,23.1775288407632,34.5490171234451,54.7090599811733,25.4650929027011,57.7719115856412,78.4261609246257,59.9178290121896,97.0089828058616,81.9383035932268,18.8593157982049,36.5399631570887,0,86.0696594220874,111.971925024893,106.738732684866,89.8494724734555,24.3377738665238,75.1604562707849,56.5659973234482,63.9365834019039,63.2412401835124,103.607239021445,113.486844168769,65.7774353575376,10.5743073076179,18.6413232912854,94.0575315035307,11.4642451417991,15.5256371289025,30.0520902862973,114.992431640625,0,147.81813621521,80.483208857945,0,0,170.534249305725,135.330034592572,152.380390167236,75.1456783113025,172.8063621521,0,126.748258590698,113.418769836426,159.846739874946,0,102.893377304077,214.627151489258,207.613464355469,194.317184448242,151.470438639323,124.106406075614,69.6778678894043,155.039812723796,112.255981319553,0,199.744740804036,177.699485778809,120.091892060779,129.919397989909,109.256578782025,106.552070617676,0,110.449712117513,144.340567016602
21.2056547468941,86.2377500534058,60.0058024906876,47.2021166350552,49.9081561144661,102.594758605957,101.564658641815,16.6853486838646,67.6263768390319,43.8640506744385,51.6493427978372,86.0993097817026,93.8037896589799,138.679502487183,36.090984354601,93.7412284851074,66.4178964715255,60.7295862340589,105.260948593552,81.3002086322128,66.1803100585937,21.0278857121683,44.4265311178333,40.3799761103411,49.7269733384339,113.469492594401,83.5266807789111,95.8980340020505,26.265050324796,18.6413232912854,9.20542547850211,134.321116129557,108.251570129395,33.6023952871932,28.8715209606307,102.294683837891,0,138.924441746303,58.36378628045,0,0,113.641212463379,109.110104031033,122.071571350098,60.0695829978356,131.102863311768,0,96.5976765950521,154.659286499023,129.124880472819,153.612731933594,84.7039604187012,164.492887496948,0,165.434748331706,0,104.815947304309,68.1521432664659,110.603772090032,87.6262126571831,0,155.69362894694,140.107813615065,99.8496085686412,108.88733699404,100.879002314742,0,0,107.955776438994,110.112583384794
135.779418945312,64.4084744886919,106.537005615234,66.953429104989,0,100.373926798503,167.003555297852,160.803928375244,121.383917490641,123.615682828224,0,42.5254625605019,155.299072265625,10.7733718574059,128.785336303711,0,138.614433288574,75.7006992340088,46.6963466112004,53.6995212944755,0,0,96.4362804594494,0,133.512306213379,45.260317773778,18.4336967282238,22.0264773201174,138.466486612956,94.0575315035307,134.321116129557,5.31715474532375,100.1870604295,0,65.1857585116956,233.724060058594,110.918301391602,168.663665771484,74.0396813286675,0,0,0,0,0,0,0,88.7911556763268,0,85.7665758033247,0,0,0,121.60717010498,96.6459727817112,103.843268117597,0,0,151.179023742676,0,0,69.3491205408953,95.2453901737703,96.9331255089035,0,190.780471801758,0,97.9528257242839,143.585372924805,0,122.753386497498
73.8092219034831,119.80054473877,150.311838150024,108.484662628174,128.415584564209,10.1680157096709,12.7845814839034,109.287542246809,18.885086688114,112.719856710995,114.831860459696,57.8248758904097,109.604351070377,80.7493215893942,15.4010450625792,39.3731752659412,0,157.794884817941,93.472727899966,137.203534906561,122.325840989204,134.4892578125,123.315757751465,132.095853169759,122.883911323547,78.0646607535226,129.748105269212,134.508874893188,118.030108904598,11.4642451417991,108.251570129395,100.1870604295,4.74830284855947,76.4293449401855,33.125088234337,0,0,0,119.102543301053,187.737915039062,0,0,174.985054016113,0,124.301935831706,0,110.969871520996,137.565322875977,108.057804107666,183.48021697998,0,0,0,132.095596313477,0,0,0,0,0,154.371091402494,0,0,149.614643096924,165.299896240234,206.96265411377,0,122.774566650391,0,0,0
23.3568720245361,65.330961227417,91.3097362518311,39.1104582831973,59.7873263205251,76.9954465230306,81.6853377602317,52.088070245153,70.2384333403214,45.645016508836,66.9027460907861,86.4701611387963,72.9198042925666,142.889556884766,39.2685661132519,100.229217529297,0,77.9104406084333,105.040321985881,89.8434441103573,64.8216927976024,51.8774903949938,45.6044042110443,71.3274293899536,49.7557482774654,124.068893432617,99.3207634748039,108.622699621952,46.9402942153386,15.5256371289025,33.6023952871932,0,76.4293449401855,7.81241526091112,20.4510917693882,100.666076660156,0,0,53.1425473559034,0,0,0,101.976383209229,131.660827636719,55.7001484462193,0,0,104.980903625488,0,0,0,71.8047204017639,0,0,208.65461730957,0,94.5924631754557,81.4000523885091,0,91.526000128852,0,0,140.468322753906,101.105810437884,117.781397501628,91.6874936421712,0,0,119.441719055176,0
64.3096336386057,50.6964927101135,47.7934240200035,55.1259236152355,76.7369191459056,32.9453139964158,60.2247120991088,70.1191108372153,47.6588592804213,62.9035572013274,78.4785210639961,24.1038941408543,89.8320116094641,55.8449083818708,40.4109186336012,42.772071442953,66.3650753850522,32.4519793647537,57.4345093962616,41.6828196339,85.0268291019258,33.9299922548031,44.178928370047,38.5513096520406,70.9446817051643,49.1745659786722,48.9863685102967,52.5657517532255,46.7374362491675,30.0520902862973,28.8715209606307,65.1857585116956,33.125088234337,20.4510917693882,9.95892791998555,150.950012207031,125.990674972534,99.0446285491294,58.2143449750326,0,0,183.205084228516,124.640378316243,151.198118730025,75.3561543403788,159.097709655762,91.6910601298014,104.803041730608,87.4454807281494,155.355345153809,0,80.6071398925781,123.40820757548,104.555502084585,115.774626202053,154.995414733887,96.451488494873,78.0692504002498,105.394257136754,107.875418543816,77.1978775473202,108.03790057147,100.455113643787,117.74031131067,122.389976501465,104.746390342712,109.189709133572,0,100.604347229004,111.689893086751
0,0,187.7258644104,0,159.57644144694,199.801498413086,127.635124206543,128.70144144694,184.017822265625,92.7189865112305,139.594650268555,0,0,0,141.644006729126,0,0,0,0,181.204650878906,108.60506439209,113.788445790609,0,132.224159240723,109.522773234049,0,185.556449890137,184.709537929959,118.715339388166,114.992431640625,102.294683837891,233.724060058594,0,100.666076660156,150.950012207031,9.8655054376308,139.912114824568,107.254804442101,58.5617445432223,93.7699979146322,125.952987670898,78.3435429948749,28.5881830069481,24.3752415236932,63.1624892690907,63.6396642662585,119.414022905113,71.2618248939514,146.088861638849,16.1699794119935,119.536827087402,65.9954222106934,109.606262138298,128.548305310701,120.914138327316,77.0540148693582,88.9321916286762,72.9880404905839,96.7390829527278,64.8528647630111,135.720861816406,114.077711083721,128.795000301894,72.752324967844,17.8765331621465,18.7865438606957,133.666570027669,70.0736179351807,41.6844101208168,65.9483780541541
0,58.5628674825033,71.777804107666,37.8851411819458,0,0,0,127.483383178711,0,244.61589050293,0,99.8257217407227,0,94.380859599394,0,0,123.666175842285,69.6573080335345,94.8262205123901,96.7351431595652,0,0,0,89.437678527832,193.444732666016,82.1788040161133,87.4772036051013,79.9250629625822,0,0,0,110.918301391602,0,0,125.990674972534,139.912114824568,7.06339916848645,45.2172952110385,12.7497269229371,0,0,0,131.785919189453,136.430534362793,62.2484303676721,0,61.2983432204635,89.1634635925293,53.4916368005248,161.522234598796,102.415835062663,62.8368134131798,59.3772269103487,69.3607755510995,61.474685160319,0,90.5366092258029,16.1150348773625,54.8542442581281,63.172475680499,24.6221005637192,50.0143398618351,26.4701045695199,98.094295501709,136.270485511193,101.926297726838,68.5322637313452,0,125.317684173584,69.9957998322278
151.280982971191,70.3847611525963,88.1402481394366,83.3248608907064,0,0,180.44660949707,157.946747723748,162.398908487956,127.65327835083,165.486629486084,133.407564798991,0,148.240016937256,159.844288219105,0,112.366094970703,97.4609684799657,133.016418457031,114.809604883194,193.650360107422,131.326872689383,96.9394196903004,97.5835024026724,181.674713828347,154.758255004883,107.335451651311,89.368531577412,141.833331714977,147.81813621521,138.924441746303,168.663665771484,0,0,99.0446285491294,107.254804442101,45.2172952110385,11.9946684518368,51.5670467255608,164.230198669434,154.915644327799,115.545506114691,87.4401667920973,111.529727627133,137.614878082275,109.638640916204,91.9147460821903,124.892636980329,78.8416763305664,116.157764526048,128.986925760905,78.6597521381994,47.1280368777429,90.0520719870543,70.3211584107161,148.553040244363,61.5024690238378,48.0521293586155,29.5659697059557,99.7391623146514,73.3969751993815,26.4825947809379,25.0547382038684,70.7739882495253,121.693906264865,78.630745253811,99.0153266906738,163.93751373291,115.273022618787,62.1232301538641
76.7578907012939,33.8823942009729,53.3067699717052,10.1766517457408,71.0272037875268,113.757623672485,90.6970668640137,68.2327847052977,83.4771804946298,47.2265174688406,79.7816901468969,56.3069936964247,82.3782387092465,43.0678137323539,96.7940215602066,79.9086260795593,52.6953014379749,65.6791753180233,98.8563413619995,75.7418694269089,83.2502580448073,58.001946073079,36.3834374756283,54.5556322875977,54.7762958495525,29.9141867747072,65.9857556269719,50.5791954947605,59.5119818237785,80.483208857945,58.36378628045,74.0396813286675,119.102543301053,53.1425473559034,58.2143449750326,58.5617445432223,12.7497269229371,51.5670467255608,18.5651229725165,47.8443047505505,95.3628768920898,68.1265485499932,48.7298376625613,72.6644272820208,13.6192242173124,79.2958233816582,42.2037947102597,35.4226716114924,27.8878038393656,74.3962896486608,46.2103374004364,29.915046445195,64.6394472264532,62.9783953442986,61.6902201736183,47.6296981443842,49.1458590598166,14.7279783468093,42.3822614308038,23.4932827913518,16.6225540522627,44.9601722609067,34.7167615377205,41.5038770539132,63.839233121005,49.8399342990053,63.3275209792117,92.6384102957589,54.4437038871679,60.5120189485575
0,0,0,90.5693893432617,14.6423076352135,0,149.823219299316,104.818227495466,130.557308421415,102.003184000651,120.596587331671,0,45.6391789615154,0,138.989212036133,0,0,0,0,0,52.0458413621654,0,107.51978302002,0,89.0212249755859,0,0,0,102.933709205465,0,0,0,187.737915039062,0,0,93.7699979146322,0,164.230198669434,47.8443047505505,6.20901152260343,93.8425738016764,45.6483949182069,77.0523802683904,91.6479159763881,11.5806338796484,13.7009686995064,0,16.9984316170262,0,99.2416806307706,52.2282518021604,0,0,0,0,10.9367589958584,128.897003173828,0,147.87643178304,14.0055655591228,0,196.715225219727,132.806457519531,12.854101887751,95.231795715332,107.608276367188,0,124.774175008138,83.9861180623372,97.424218586513
