6882,3,427,11,2,38,83,5082,941,20,198,20,27,1,6921,13,0,927,7,236,34,108,6,586,58,0,366,97,126,12745,5215,1,39,50,179,0,0,2,32,0,0,0,2,3,13,1,0,1,0,3,0,1,1,0,1,1,0,0,2,8,0,3,12,12,2,2,0,0,0,1
3,2255,197,605,1,0,1,6,5,260,1,100,1,724,3,2,127,391,30,137,0,5,2359,42,247,1314,650,6564,84,6,8,44,1,2,100,0,6,145,262,0,0,1,1,1,0,0,12,0,16,1,0,1,20,3,4,0,2,13,26,3,6,76,695,1,0,0,6,0,0,2
427,197,20388,43,1,12,51,1962,710,3,178,33,8,2,675,1,16,3502,42,531,4,1355,100,11828,7,3,9857,10764,585,282,505,5,8,8,1581,4,25,605,335,0,0,1,7,7,6,1,5,0,0,5,0,15,121,5,35,0,16,62,384,5,1,245,1989,12,3,15,2,0,0,50
11,605,43,353,183,20,101,292,220,1903,230,110,82,502,110,17,3806,87,40,98,188,854,1423,3064,2005,815,600,11220,1815,109,239,57,20,21,208,0,10,15,913,1,0,1,6,5,68,4,17,3,16,1,0,5,14,2,22,1,6,36,30,31,30,192,302,26,0,5,4,0,1,5
2,1,1,183,11429,10,187,137,185,510,6773,1,2833,2,48,94,0,3,0,0,24501,0,53,1,5821,3,7,38,13270,149,34,0,6,31,89,3,0,0,155,244,0,54,8,9,45,37,0,251,0,4,0,0,0,0,1,322,0,1,1,218,0,0,2,58,5,2,0,2,2,2
38,0,12,20,10,7485,7901,141,5120,25,179,145,226,16,1837,1942,0,14,4,3,107,0,6,5,74,5,21,8,123,739,10,3,8165,3,492,1,0,0,28,0,0,2,2,1,4,1,2,1,0,0,1,0,0,0,0,2,0,0,0,23,0,0,2,17,1,0,0,0,0,0
83,1,51,101,187,7901,65895,454,36725,121,18408,56,11188,8,2695,6346,0,40,4,15,4243,6,7,21,264,2,49,20,443,1618,16,1,7266,11,570,1,0,2,125,7,0,12,12,5,23,8,0,61,0,6,0,0,0,0,0,7,0,0,1,94,0,0,2,71,4,1,0,0,0,0
5082,6,1962,292,137,141,454,82988,3303,310,20474,16,139,2,14474,33,3,460,5,91,376,406,53,2112,771,2,951,1474,15220,4216,9530,4,99,498,1312,9,2,34,457,7,0,23,55,28,134,17,0,26,1,22,1,16,5,0,2,16,12,11,28,267,0,10,105,337,18,25,2,0,7,6
941,5,710,220,185,5120,36725,3303,64848,306,8829,245,2284,19,30707,2799,0,545,28,162,1193,26,27,308,916,6,721,128,1385,3473,329,6,4523,46,1006,1,0,15,279,17,0,37,40,28,53,17,1,72,2,19,1,6,2,0,0,33,2,3,8,375,0,5,27,207,14,11,0,2,2,8
20,260,3,1903,510,25,121,310,306,11526,268,164,1961,641,167,634,1,9,16,13,1071,26,3747,20,12335,446,165,1062,3220,269,345,59,17,130,197,1,1,2,199,3,0,3,13,3,140,5,10,13,13,2,1,3,1,5,2,5,5,2,1,67,9,21,24,60,3,4,8,0,3,1
198,1,178,230,6773,179,18408,20474,8829,268,136962,24,9953,4,2844,324,0,52,2,12,27015,30,13,105,738,0,108,105,8780,2209,106,0,127,139,1031,1,0,4,364,76,1,68,22,33,61,64,0,206,1,24,5,2,0,0,0,135,1,1,2,692,0,1,9,171,9,4,0,1,2,9
20,100,33,110,1,145,56,16,245,164,24,55306,18,9152,196,3,1,189,11821,3258,13,19,286,25,96,1779,6106,1870,27,350,123,1885,373,51,6268,0,12,3,45,0,0,0,0,1,2,0,441,0,559,4,0,0,1,194,55,0,0,3,1,2,249,496,447,1,0,0,187,1,0,27
27,1,8,82,2833,226,11188,139,2284,1961,9953,18,58758,5,796,4979,0,1,2,2,36431,1,61,7,1294,8,10,36,731,388,11,2,143,17,370,0,0,0,122,32,0,47,6,18,18,65,0,2524,0,8,0,0,0,0,0,315,0,0,1,177,0,1,4,53,3,0,0,0,0,2
1,724,2,502,2,16,8,2,19,641,4,9152,5,26216,33,7,8,8,425,124,6,2,1560,2,370,7419,1806,5567,43,35,4,4837,63,2,350,0,34,4,203,0,0,0,0,3,5,1,1094,0,1592,3,0,1,11,368,48,0,0,16,1,0,827,778,918,0,7,1,493,0,0,50
6921,3,675,110,48,1837,2695,14474,30707,167,2844,196,796,33,98079,106,2,858,30,247,779,46,22,491,469,2,727,134,804,12677,1131,5,6656,104,1388,4,0,11,165,1,0,7,21,8,55,10,1,14,1,6,1,2,1,1,3,6,3,2,6,98,0,3,32,116,6,5,0,0,1,6
13,2,1,17,94,1942,6346,33,2799,634,324,3,4979,7,106,10801,0,0,0,1,417,0,62,1,376,3,2,19,123,81,5,0,188,2,41,0,0,0,16,0,0,2,1,0,5,1,2,5,0,0,0,0,0,0,0,2,0,0,0,12,0,0,0,14,0,0,0,0,0,0
0,127,16,3806,0,0,0,3,0,1,0,1,0,8,2,0,10333,32,0,16,1,2962,7469,5870,2073,5,75,6848,5335,0,19,3,0,0,115,0,1,10,639,0,0,0,4,0,5,0,0,0,0,1,0,74,3,0,0,1,47,164,406,112,0,8,104,21,0,25,0,0,0,7
927,391,3502,87,3,14,40,460,545,9,52,189,1,8,858,0,32,24715,199,10465,6,1457,142,11847,45,10,10615,7424,158,1534,3662,10,14,105,3958,0,14,132,162,0,0,0,2,2,3,0,0,0,2,2,0,2,50,2,31,0,4,24,56,1,2,244,703,7,3,4,3,0,0,11
7,30,42,40,0,4,4,5,28,16,2,11821,2,425,30,0,0,199,11173,3766,3,9,30,21,8,777,6687,1009,4,51,37,645,23,12,818,0,8,2,12,0,0,0,0,1,1,0,123,0,137,1,0,0,11,224,58,0,0,1,1,1,48,618,506,0,1,0,94,0,2,19
236,137,531,98,0,3,15,91,162,13,12,3258,2,124,247,1,16,10465,3766,25498,1,175,51,456,39,327,8608,4078,60,701,1034,137,11,171,4148,2,19,32,63,0,0,0,0,3,3,0,22,0,31,0,0,1,33,51,89,0,2,5,17,2,26,652,630,1,1,5,19,0,1,10
34,0,4,188,24501,107,4243,376,1193,1071,27015,13,36431,6,779,417,1,6,3,1,31716,3,37,9,4083,1,9,30,5606,687,20,0,73,49,420,1,0,1,245,92,0,43,12,16,51,40,0,551,0,15,3,0,0,0,0,69,2,1,1,374,0,1,1,108,10,4,0,0,3,4
108,5,1355,854,0,0,6,406,26,26,30,19,1,2,46,0,2962,1457,9,175,3,73004,1013,25771,717,1,236,1682,7636,662,25219,0,1,38,11712,6,0,21,905,0,0,0,14,2,44,0,0,0,0,4,0,159,4,0,1,0,221,162,193,66,0,10,54,130,13,250,0,0,13,30
6,2359,100,1423,53,6,7,53,27,3747,13,286,61,1560,22,62,7469,142,30,51,37,1013,14614,1616,9953,1745,269,9928,3704,37,334,105,3,24,367,0,0,17,225,1,0,0,1,0,36,1,25,2,32,3,0,5,3,10,3,0,9,61,11,34,19,44,98,14,3,8,9,0,2,6
586,42,11828,3064,1,5,21,2112,308,20,105,25,7,2,491,1,5870,11847,21,456,9,25771,1616,73064,233,2,1062,15030,5310,986,8294,0,9,40,13250,2,5,104,1250,0,0,0,16,2,32,0,1,0,1,3,0,245,10,0,2,0,253,371,1503,28,0,13,625,65,5,115,0,0,2,20
58,247,7,2005,5821,74,264,771,916,12335,738,96,1294,370,469,376,2073,45,8,39,4083,717,9953,233,50495,313,211,2196,24247,839,684,38,40,259,479,15,1,11,1718,2,0,21,99,49,827,18,4,30,11,56,2,65,3,4,5,17,46,50,31,739,10,16,52,861,51,101,5,2,14,30
0,1314,3,815,3,5,2,2,6,446,0,1779,8,7419,2,3,5,10,777,327,1,1,1745,2,313,8668,1698,5048,37,3,3,233,14,2,138,0,10,1,61,0,0,0,1,1,2,0,78,0,229,0,0,0,7,140,87,0,1,2,0,0,189,563,456,0,1,1,74,0,1,9
366,650,9857,600,7,21,49,951,721,165,108,6106,10,1806,727,2,75,10615,6687,8608,9,236,269,1062,211,1698,95988,25974,333,636,393,2166,26,59,3936,8,97,138,260,0,0,2,17,14,14,0,363,1,445,11,0,5,333,771,712,1,9,29,68,4,366,5684,5325,6,21,30,301,1,3,129
97,6564,10764,11220,38,8,20,1474,128,1062,105,1870,36,5567,134,19,6848,7424,1009,4078,30,1682,9928,15030,2196,5048,25974,108134,6640,162,346,2389,12,33,8508,18,285,2001,3684,0,0,7,59,30,26,5,263,3,387,36,0,104,786,557,973,3,85,457,1681,54,398,7760,15090,74,30,94,228,1,5,280
126,84,585,1815,13270,123,443,15220,1385,3220,8780,27,731,43,804,123,5335,158,4,60,5606,7636,3704,5310,24247,37,333,6640,66959,1949,7244,3,99,1400,5463,56,0,33,3561,47,0,85,282,124,980,51,1,120,3,164,3,308,7,1,7,109,385,196,166,1692,2,33,125,2071,180,650,1,2,56,84
12745,6,282,109,149,739,1618,4216,3473,269,2209,350,388,35,12677,81,0,1534,51,701,687,662,37,986,839,3,636,162,1949,94099,5887,13,7029,8119,2878,2,0,4,175,0,0,8,17,4,105,4,0,4,1,9,0,4,1,2,1,3,7,2,6,91,0,3,16,147,9,17,1,0,3,5
5215,8,505,239,34,10,16,9530,329,345,106,123,11,4,1131,5,19,3662,37,1034,20,25219,334,8294,684,3,393,346,7244,5887,55747,3,5,241,9029,5,0,7,1011,0,0,1,27,10,260,2,0,3,1,9,1,119,4,0,3,0,142,72,52,174,0,9,26,369,29,186,0,0,17,17
1,44,5,57,0,3,1,4,6,59,0,1885,2,4837,5,0,3,10,645,137,0,0,105,0,38,233,2166,2389,3,13,3,2528,13,0,169,1,10,2,18,0,0,0,0,0,0,0,213,0,287,0,0,0,3,180,31,0,0,2,0,0,138,397,367,0,1,0,150,1,0,8
39,1,8,20,6,8165,7266,99,4523,17,127,373,143,63,6656,188,0,14,23,11,73,1,3,9,40,14,26,12,99,7029,5,13,23399,5,1372,0,0,0,9,1,0,0,2,0,6,0,2,3,2,2,0,0,0,2,0,0,0,0,0,13,0,0,2,11,2,0,1,0,0,0
50,2,8,21,31,3,11,498,46,130,139,51,17,2,104,2,0,105,12,171,49,38,24,40,259,2,59,33,1400,8119,241,0,5,8363,944,1,0,0,91,0,0,0,2,1,21,0,0,1,0,0,0,8,0,0,1,0,9,3,0,18,0,0,1,28,6,6,0,0,1,0
179,100,1581,208,89,492,570,1312,1006,197,1031,6268,370,350,1388,41,115,3958,818,4148,420,11712,367,13250,479,138,3936,8508,5463,2878,9029,169,1372,944,43799,3,4,47,289,0,0,5,12,11,47,2,15,7,30,5,0,25,12,26,18,2,28,26,42,64,17,162,299,107,6,48,18,0,1,12
0,0,4,0,3,1,1,9,1,1,1,0,0,0,4,0,0,0,0,2,1,6,0,2,15,0,8,18,56,2,5,1,0,1,3,15768,7,485,208,12,2,66,12436,2774,92,512,137,20,11,14818,1,25,444,76,327,46,52,44,359,414,5,882,186,529,9434,4747,3,16,149,433
0,6,25,10,0,0,0,2,0,1,0,12,0,34,0,0,1,14,8,19,0,0,0,5,1,10,97,285,0,0,0,10,0,0,4,7,4850,81,774,0,0,0,3,4,330,0,270,2,593,6,3,13,118,89,180,0,9,2006,147,71,2961,961,7507,6,13,23,39,0,6,82
2,145,605,15,0,0,2,34,15,2,4,3,0,4,11,0,10,132,2,32,1,21,17,104,11,1,138,2001,33,4,7,2,0,0,47,485,81,21295,252,5,3,426,3112,1928,10,415,66,14,5,1338,6,31,3849,78,597,11,1395,212,14024,117,3,15259,12100,2743,349,692,20,10,29,946
32,262,335,913,155,28,125,457,279,199,364,45,122,203,165,16,639,162,12,63,245,905,225,1250,1718,61,260,3684,3561,175,1011,18,9,91,289,208,774,252,476,53,4,123,802,299,605,114,285,104,1125,410,8,3858,134,81,285,83,1357,2728,5652,3973,1819,1833,7376,3311,550,1448,47,7,178,379
0,0,0,1,244,0,7,7,17,3,76,0,32,0,1,0,0,0,0,0,92,0,1,0,2,0,0,0,47,0,0,0,1,0,0,12,0,5,53,20171,6,812,26,112,507,8855,0,5084,0,110,47,0,0,0,0,20208,1,0,3,5613,0,3,1,9749,125,4,0,6,15,28
0,0,0,0,0,0,0,0,0,0,1,0,0,0,0,0,0,0,0,0,0,0,0,0,0,0,0,0,0,0,0,0,0,0,0,2,0,3,4,6,6385,2998,7,2414,21,13,38,37,3,607,1364,0,1,0,0,7,1,0,1,11,0,0,1,8,331,0,3,5163,1,58
0,1,1,1,54,2,12,23,37,3,68,0,47,0,7,2,0,0,0,0,43,0,0,0,21,0,2,7,85,8,1,0,0,0,5,66,0,426,123,812,2998,81696,1827,33137,350,27772,51,12176,2,3471,4395,9,28,6,20,3787,4,11,48,1405,1,112,230,2654,1112,16,3,2041,49,224
2,1,7,6,8,2,12,55,40,13,22,0,6,0,21,1,4,2,0,0,12,14,1,16,99,1,17,59,282,17,27,0,2,2,12,12436,3,3112,802,26,7,1827,94784,7209,278,17326,136,564,11,14340,10,70,926,89,413,88,431,100,1834,1131,4,1450,860,9472,3544,13296,5,61,386,840
3,1,7,5,9,1,5,28,28,3,33,1,18,3,8,0,0,2,1,3,16,2,0,2,49,1,14,30,124,4,10,0,0,1,11,2774,4,1928,299,112,2414,33137,7209,89472,276,8021,338,1442,21,43362,1154,15,237,30,127,905,30,19,240,832,2,928,481,1457,6981,190,15,13089,54,916
13,0,6,68,45,4,23,134,53,140,61,2,18,5,55,5,5,3,1,3,51,44,36,32,827,2,14,26,980,105,260,0,6,21,47,92,330,10,605,507,21,350,278,276,8726,196,26,2418,52,238,562,118,20,14,33,281,41,2239,12,9970,181,107,1022,1359,332,159,5,10,156,162
1,0,1,4,37,1,8,17,17,5,64,0,65,1,10,1,0,0,0,0,40,0,1,0,18,0,0,5,51,4,2,0,0,0,2,512,0,415,114,8855,13,27772,17326,8021,196,182002,11,17498,0,3703,114,28,29,6,17,24606,32,25,93,5906,0,105,303,18500,2049,45,0,107,258,645
0,12,5,17,0,2,0,0,1,10,0,441,0,1094,1,2,0,0,123,22,0,0,25,1,4,78,363,263,1,0,0,213,2,0,15,137,270,66,285,0,38,51,136,338,26,11,50232,7,6628,546,1,6,854,15464,1661,3,192,75,282,19,1364,6070,1556,26,1015,473,3015,390,69,8481
1,0,0,3,251,1,61,26,72,13,206,0,2524,0,14,5,0,0,0,0,551,0,2,0,30,0,1,3,120,4,3,0,3,1,7,20,2,14,104,5084,37,12176,564,1442,2418,17498,7,64474,0,696,4263,5,6,1,2,23670,1,21,5,2690,1,7,24,760,335,9,0,84,20,126
0,16,0,16,0,0,0,1,2,13,1,559,0,1592,1,0,0,2,137,31,0,0,32,1,11,229,445,387,3,1,1,287,2,0,30,11,593,5,1125,0,3,2,11,21,52,0,6628,0,22076,28,1,6,12,663,54,0,2,176,2,19,6406,1444,4359,2,57,19,3078,26,3,243
3,1,5,1,4,0,6,22,19,2,24,4,8,3,6,0,1,2,1,0,15,4,3,3,56,0,11,36,164,9,9,0,2,0,5,14818,6,1338,410,110,607,3471,14340,43362,238,3703,546,696,28,129027,68,43,399,84,249,614,53,54,317,985,4,1194,343,1421,18047,696,13,11047,106,1865
0,0,0,0,0,1,0,1,1,1,5,0,0,0,1,0,0,0,0,0,3,0,0,0,2,0,0,0,3,0,1,0,0,0,0,1,3,6,8,47,1364,4395,10,1154,562,114,1,4263,1,68,10358,0,1,0,0,106,1,19,0,250,0,2,18,60,38,3,0,72,9,21
1,1,15,5,0,0,0,16,6,3,2,0,0,1,2,0,74,2,0,1,0,159,5,245,65,0,5,104,308,4,119,0,0,8,25,25,13,31,3858,0,0,9,70,15,118,28,6,5,6,43,0,31445,51,1,14,1,5989,7354,7150,1852,2,60,6935,1136,94,1508,1,0,134,514
1,20,121,14,0,0,0,5,2,1,0,1,0,11,1,0,3,50,11,33,0,4,3,10,3,7,333,786,7,1,4,3,0,0,12,444,118,3849,134,0,1,28,926,237,20,29,854,6,12,399,1,51,14373,546,8865,0,686,135,13409,31,24,4628,4553,318,370,1816,16,2,53,3829
0,3,5,2,0,0,0,0,0,5,0,194,0,368,1,0,0,2,224,51,0,0,10,0,4,140,771,557,1,2,0,180,2,0,26,76,89,78,81,0,0,6,89,30,14,6,15464,1,663,84,0,1,546,19745,7230,1,61,32,121,7,460,11380,2213,8,141,266,1068,16,16,1217
1,4,35,22,1,0,0,2,0,2,0,55,0,48,3,0,0,31,58,89,0,1,3,2,5,87,712,973,7,1,3,31,0,1,18,327,180,597,285,0,0,20,413,127,33,17,1661,2,54,249,0,14,8865,7230,24596,2,296,62,1280,25,287,14742,3684,103,425,1143,68,0,89,4452
1,0,0,1,322,2,7,16,33,5,135,0,315,0,6,2,1,0,0,0,69,0,0,0,17,0,1,3,109,3,0,0,0,0,2,46,0,11,83,20208,7,3787,88,905,281,24606,3,23670,0,614,106,1,0,1,2,18899,3,1,4,5064,0,6,7,3132,492,3,0,38,39,163
0,2,16,6,0,0,0,12,2,5,1,0,0,0,3,0,47,4,0,2,2,221,9,253,46,1,9,85,385,7,142,0,0,9,28,52,9,1395,1357,1,1,4,431,30,41,32,192,1,2,53,1,5989,686,61,296,3,65733,2018,27125,509,8,221,1793,6418,288,21301,2,3,750,10370
0,13,62,36,1,0,0,11,3,2,1,3,0,16,2,0,164,24,1,5,1,162,61,371,50,2,29,457,196,2,72,2,0,3,26,44,2006,212,2728,0,0,11,100,19,2239,25,75,21,176,54,19,7354,135,32,62,1,2018,19047,4240,7006,565,336,8570,726,136,1947,19,1,146,465
2,26,384,30,1,0,1,28,8,1,2,1,1,1,6,0,406,56,1,17,1,193,11,1503,31,0,68,1681,166,6,52,0,0,0,42,359,147,14024,5652,3,1,48,1834,240,12,93,282,5,2,317,0,7150,13409,121,1280,4,27125,4240,103425,684,8,2092,19198,6286,392,8102,8,2,251,7803
8,3,5,31,218,23,94,267,375,67,692,2,177,0,98,12,112,1,1,2,374,66,34,28,739,0,4,54,1692,91,174,0,13,18,64,414,71,117,3973,5613,11,1405,1131,832,9970,5906,19,2690,19,985,250,1852,31,7,25,5064,509,7006,684,33106,45,81,1082,19334,2134,1612,2,27,1169,1166
0,6,1,30,0,0,0,0,0,9,0,249,0,827,0,0,0,2,48,26,0,0,19,0,10,189,366,398,2,0,0,138,0,0,17,5,2961,3,1819,0,0,1,4,2,181,0,1364,1,6406,4,0,2,24,460,287,0,8,565,8,45,14305,1630,4927,2,22,14,248,3,2,111
3,76,245,192,0,0,0,10,5,21,1,496,1,778,3,0,8,244,618,652,1,10,44,13,16,563,5684,7760,33,3,9,397,0,0,162,882,961,15259,1833,3,0,112,1450,928,107,105,6070,7,1444,1194,2,60,4628,11380,14742,6,221,336,2092,81,1630,111819,37448,454,879,1084,3035,25,120,2574
12,695,1989,302,2,2,2,105,27,24,9,447,4,918,32,0,104,703,506,630,1,54,98,625,52,456,5325,15090,125,16,26,367,2,1,299,186,7507,12100,7376,1,1,230,860,481,1022,303,1556,24,4359,343,18,6935,4553,2213,3684,7,1793,8570,19198,1082,4927,37448,110783,2473,324,785,2433,9,85,4731
12,1,12,26,58,17,71,337,207,60,171,1,53,0,116,14,21,7,0,1,108,130,14,65,861,0,6,74,2071,147,369,0,11,28,107,529,6,2743,3311,9749,8,2654,9472,1457,1359,18500,26,760,2,1421,60,1136,318,8,103,3132,6418,726,6286,19334,2,454,2473,91841,3212,10328,4,49,2078,4150
2,0,3,0,5,1,4,18,14,3,9,0,3,7,6,0,0,3,1,1,10,13,3,5,51,1,21,30,180,9,29,1,2,6,6,9434,13,349,550,125,331,1112,3544,6981,332,2049,1015,335,57,18047,38,94,370,141,425,492,288,136,392,2134,22,879,324,3212,130819,4182,37,2243,7578,5358
2,0,15,5,2,0,1,25,11,4,4,0,0,1,5,0,25,4,0,5,4,250,8,115,101,1,30,94,650,17,186,0,0,6,48,4747,23,692,1448,4,0,16,13296,190,159,45,473,9,19,696,3,1508,1816,266,1143,3,21301,1947,8102,1612,14,1084,785,10328,4182,92498,13,6,1994,10856
0,6,2,4,0,0,0,2,0,8,0,187,0,493,0,0,0,3,94,19,0,0,9,0,5,74,301,228,1,1,0,150,1,0,18,3,39,20,47,0,3,3,5,15,5,0,3015,0,3078,13,0,1,16,1068,68,0,2,19,8,2,248,3035,2433,4,37,13,1668,13,3,195
0,0,0,0,2,0,0,0,2,0,1,1,0,0,0,0,0,0,0,0,0,0,0,0,2,0,1,1,2,0,0,1,0,0,0,16,0,10,7,6,5163,2041,61,13089,10,107,390,84,26,11047,72,0,2,16,0,38,3,1,2,27,3,25,9,49,2243,6,13,10972,4,999
0,0,0,1,2,0,0,7,2,3,2,0,0,0,1,0,0,0,2,1,3,13,2,2,14,1,3,5,56,3,17,0,0,1,1,149,6,29,178,15,1,49,386,54,156,258,69,20,3,106,9,134,53,16,89,39,750,146,251,1169,2,120,85,2078,7578,1994,3,4,4495,2813
1,2,50,5,2,0,0,6,8,1,9,27,2,50,6,0,7,11,19,10,4,30,6,20,30,9,129,280,84,5,17,8,0,0,12,433,82,946,379,28,58,224,840,916,162,645,8481,126,243,1865,21,514,3829,1217,4452,163,10370,465,7803,1166,111,2574,4731,4150,5358,10856,195,999,2813,44637
