9.17461238887364,0,70.379836735902,58.1239436605702,79.1595141092936,72.8421062893338,67.9978816929985,22.7496869027163,23.8238168424019,52.6689554452896,52.1003629122775,0,95.8578227499257,0,12.9649990383917,38.2052135467529,0,80.1140326449746,0,102.579408518473,78.9851274490356,54.8882584873634,72.6195838451385,53.8197548958488,64.5532426834106,0,86.7600431330937,87.0489232540131,56.6219679485668,11.99126317653,23.7759750054295,0,78.4545669555664,31.888859960768,65.2073348225027,129.63892364502,0,126.983218383789,62.5294380187988,0,0,0,138.802158355713,148.327529907227,72.8529148101807,0,0,0,0,124.12712097168,0,118.756233215332,0,0,0,170.117416381836,0,78.114107131958,0,106.241714477539,0,154.256164550781,143.201904296875,116.804511478969,117.590270996094,111.133619689941,0,0,130.9892578125,0
0,7.05258589693347,28.8680339891886,7.1907030967067,0,0,0,91.1220760345459,0,63.4873265266418,0,50.1906058954638,0,43.0262129277359,0,0,55.693666934967,38.8640276393535,56.6374015808105,46.0484854808221,0,89.1288045247396,16.9486375327617,55.016824307649,65.9179230740196,25.0409865226746,29.0843345494662,27.9278180870891,86.9035956642845,0,86.0223134358724,74.5365938459124,0,96.7026977539062,37.8949247682598,0,67.9272756576538,69.2832080296108,34.6939692777746,0,0,0,0,0,0,0,68.3311386108398,0,53.7669326782227,0,0,0,53.7098159790039,105.496856689453,71.7035827636719,0,91.1218338012695,45.9538230895996,90.3220558166504,0,46.676057362728,80.5947897774833,69.5845239101312,0,0,0,0,0,0,78.4080142974854
70.379836735902,28.8680339891886,8.96276821193252,34.018844825438,107.410428365072,142.948528490568,115.455919716575,82.9785583052117,101.545381131655,99.00609261649,95.3319121965396,68.9417400360107,139.641040802002,77.3414459228516,88.321394049603,128.956864674886,53.1249906366522,33.3894109807532,88.8719711303711,59.22748878479,139.146063232422,53.3568550309827,27.2255612901265,22.8944471117985,98.7359398735894,103.00464630127,14.4557484854096,15.0905813677558,68.7365773944763,69.9301477382984,59.0952620535012,0,156.414222717285,74.3127425057547,32.766663928491,133.314931696112,49.0283747963283,72.0245986199111,49.143335887364,214.735610961914,0,0,127.31244998508,155.492593383789,0,0,97.5064163208008,0,0,139.342628479004,0,89.0896348219651,86.589282989502,102.915832519531,109.152645111084,0,88.8072142490121,40.5387230732224,81.0306942616524,125.843831380208,94.0435485839844,83.9856813942514,71.4481258505963,108.78557510376,125.917216709682,113.381813049316,120.890602111816,0,97.0336685180664,90.1286012268066
58.1239436605702,7.1907030967067,34.018844825438,20.6656923597319,57.6265112282573,100.043602653172,74.0252739489079,49.4548982929539,70.6712659874741,9.347871800732,78.6907625942365,49.5175821989485,80.7453996611804,41.7107326819979,77.0583005213475,66.2761675516764,40.6980053564631,40.5645286833902,53.8979001045227,37.1957925358525,70.9563855257901,40.9284858066059,18.7576188756301,33.9956727076058,33.7084190474182,24.8706810662812,28.7529254474423,32.4974710155447,41.5572116368772,66.2544610079597,43.5999771166451,61.700606073652,103.645506286621,49.5065968704224,41.7286519243418,79.9546699523926,12.10761367443,51.7936207083769,20.0699230695175,151.265441894531,0,99.147467476981,70.3414275305612,119.600427107377,14.6630753517151,93.9642238616943,36.6203155517578,159.742401123047,55.5697751726423,84.2555274963379,0,53.9638963179155,53.0373770973899,89.9637145996094,77.8119008806017,0,63.7889783950079,16.9674472979137,56.0462165994847,57.9592596871512,41.1769494657163,62.7026360634646,52.1777683472538,62.3648868004481,89.5834912618001,66.7329718920649,71.4575653076172,0,66.7289733886719,71.9591556125217
79.1595141092936,0,107.410428365072,57.6265112282573,8.46800001111127,127.641812642415,57.3431137402852,25.5362646818161,74.3837525801225,38.0477563791415,21.1660883334246,0,21.1803772832279,0,94.2590989112854,43.098837192242,66.6938858032227,0,0,0,12.346703651024,0,61.3435373578753,80.7215203505296,17.3032215288139,0,0,95.6777801513672,11.5204738053871,77.0549039756302,64.764778137207,0,152.251907348633,69.4914736314253,75.8045647016918,168.9716796875,0,183.747024536133,73.4147878576208,128.495439897884,0,141.919599914551,115.190253548,156.859555562337,100.137302398682,142.043049468994,0,46.3680282942454,0,147.770909627279,150.586181640625,148.562881469727,0,0,0,116.802685547519,0,72.5690383911133,0,101.352973614709,0,0,0,131.793098738699,146.785606384277,121.462521870931,0,0,182.244125366211,166.187084197998
72.8421062893338,0,142.948528490568,100.043602653172,127.641812642415,6.75926419593039,16.3275157034317,107.241273051561,19.388058418612,100.246636679006,107.046283151912,58.214038848877,98.5581679161559,0,27.3964390063813,14.8870302316067,0,161.001274108887,0,0,114.388423261971,131.449775695801,112.991498947144,121.629126957485,106.984340466951,74.2357616424561,149.060725620815,79.9204788208008,110.496987266102,20.4106584517916,102.527104187012,0,9.33909953554169,67.1629759470622,33.3593898240258,0,0,0,125.943134943644,181.737823486328,0,0,161.557401384626,202.767710367839,109.453971862793,185.999126434326,0,118.296531677246,0,225.755798339844,0,189.564498901367,0,0,0,227.275894165039,199.858276367188,136.775489807129,0,155.161476135254,0,0,0,159.995577392578,185.827997843424,162.864419555664,0,0,0,163.393180847168
67.9978816929985,0,115.455919716575,74.0252739489079,57.3431137402852,16.3275157034317,12.9208549995654,65.3158528092264,19.4419934469232,72.8080548989145,29.5098285960563,49.6584892272949,26.7676190323288,0,36.1782096136433,15.1012542664991,0,0,0,139.783294677734,39.0436162081006,99.0266628265381,108.186750311601,93.577893705929,65.9563297737174,0,126.826092249911,123.709514345442,63.4131872548997,30.0862762814302,85.9775331020355,0,14.5395116216757,43.992355955408,53.9103589101103,160.10892868042,0,210.957641601562,88.8258288605045,160.040927342006,0,141.546821866717,132.56043289647,154.753518048455,99.1028356552124,155.772689819336,0,54.8193856529568,0,166.646642831656,0,141.666660308838,0,0,0,148.191360011245,0,0,164.624938964844,116.501799154973,0,183.709884643555,132.902843475342,134.278993850059,164.322240193685,136.385154724121,0,0,150.726383209229,142.261002760667
22.7496869027163,91.1220760345459,82.9785583052117,49.4548982929539,25.5362646818161,107.241273051561,65.3158528092264,9.71982933240576,59.1995414457203,48.2889789755353,17.7912922125681,0,61.9328855687922,0,31.7960340395426,75.157355088454,74.2902048551119,83.0913441699484,0,103.900866190592,77.6424579339869,45.2896991227802,65.2069755873755,59.9801293438564,43.8869951794514,0,99.6327608493572,82.744917049408,22.0602017614044,44.6554581398299,11.2898536953661,0,113.839748984889,54.3323281536364,61.0253941580373,113.990014648437,85.8330841064453,145.40940322876,64.7842539813067,143.985698699951,0,122.394529145339,102.651617897881,136.203035425257,72.3361256083504,136.771491741312,0,117.576698303223,0,131.350377290145,170.03857421875,96.3508764648438,0,0,0,121.362355804443,124.013818105062,76.8625809621003,117.500789783619,97.5774397850037,0,155.532174682617,153.846929550171,102.493878314646,123.257392883301,103.30521273613,0,186.599746704102,118.082515970866,122.334336941059
23.8238168424019,0,101.545381131655,70.6712659874741,74.3837525801225,19.388058418612,19.4419934469232,59.1995414457203,8.94448054759834,69.2436254909056,41.4402462875904,61.6973037719727,76.1325142470048,89.8647994995117,17.3850180098937,26.2403123173466,110.814376831055,118.126383001154,0,137.516890305739,77.6401020161156,95.5585053307669,92.8918170928955,80.6400786471205,64.4471337268879,0,114.089368727257,115.231650075605,71.5386259623715,22.7792251736504,70.2097731217094,0,11.7355450639165,68.0649600395789,48.9981388659091,131.657108306885,0,160.635612487793,82.650227145491,143.3140839168,0,142.3268700677,126.643404950999,154.564820970808,101.252865261502,150.646092145871,0,123.987607744005,0,143.992673088523,166.895309448242,127.296849568685,0,0,0,143.538683640329,0,111.094482421875,138.233386993408,109.759494665897,0,0,183.628865559896,126.945993358506,159.633338928223,133.078890873836,0,0,147.845856666565,142.965071784125
52.6689554452896,63.4873265266418,99.00609261649,9.347871800732,38.0477563791415,100.246636679006,72.8080548989145,48.2889789755353,69.2436254909056,7.79025331266899,75.78989663645,108.05853843689,11.2465299430271,103.251437137001,72.459937342891,15.5128814692891,59.675624370575,138.890983581543,0,109.018676757812,30.2023535258734,48.8064900911771,17.60497549561,57.1551666855812,16.4643013813793,92.8642430305481,85.3655426025391,90.7682108445601,39.2766881422877,63.3528207632212,43.7543506058313,0,105.117575327555,48.4762657748328,55.183928574973,122.864969889323,0,0,57.5392656326294,105.836307525635,0,117.961045837402,87.4299453735352,123.575819832938,55.6442477703094,120.224473806528,0,57.9169211387634,0,120.888218688965,0,0,0,0,0,92.8617304021662,118.925060272217,68.7807413736979,111.135906219482,79.7392313480377,109.516539001465,175.948226928711,162.89485168457,95.7712099229967,126.651044845581,113.946053187052,0,0,102.127635955811,119.831036885579
52.1003629122775,0,95.3319121965396,78.6907625942365,21.1660883334246,107.046283151912,29.5098285960563,17.7912922125681,41.4402462875904,75.78989663645,11.6925801167293,0,24.8945591798317,0,62.6962552986603,66.3154655456543,116.629829406738,114.296598815918,0,143.292022705078,18.0943585413743,72.0317649841309,93.1949141129203,75.287430504123,55.1798616719849,0,122.330830773642,99.4996495400706,20.21322750312,78.634396721274,59.2297787521825,0,118.41536755032,75.7966616419595,76.9438388054068,165.194836425781,0,186.339965820312,91.0956669720736,150.305115555272,208.301406860352,153.745792559723,140.991299542514,167.200190809907,127.508655548096,161.742269764776,0,112.023279053824,0,168.13171036517,159.744590759277,124.187934875488,0,0,0,144.51784559291,0,138.178910149468,0,116.149775565121,0,159.027587890625,149.481979370117,147.081679238213,169.997656972785,138.042692565918,0,205.510726928711,182.982339477539,169.514219665527
0,50.1906058954638,68.9417400360107,49.5175821989485,0,58.214038848877,49.6584892272949,0,61.6973037719727,108.05853843689,0,9.52026088483531,0,19.4398427157258,0,0,0,66.1904649734497,14.5626262897604,17.5318016028287,0,0,78.5355678296271,97.2932726542155,108.279377937317,25.607941040293,24.7642362174546,45.8863724942775,127.488891601562,49.4575674268934,106.938301086426,41.7910100441006,0,138.375885009766,24.1115443188104,0,70.1757144927979,0,53.4167095633114,0,0,0,0,0,0,0,89.8831011454264,0,74.610761227815,0,0,0,0,75.807186126709,96.7020785991962,0,0,0,0,0,53.6822945767601,90.9651136883235,81.2366012321724,0,0,0,97.2832679748535,0,0,49.3554935455322
95.8578227499257,0,139.641040802002,80.7453996611804,21.1803772832279,98.5581679161559,26.7676190323288,61.9328855687922,76.1325142470048,11.2465299430271,24.8945591798317,0,9.28555065241898,0,88.2179887039026,10.959058453303,84.3638076782227,0,0,0,13.0758726918128,127.411285400391,80.8660280704498,117.624958462185,29.7386932097702,0,177.653392791748,172.503598531087,46.4629272428881,83.380663278433,101.616419474284,0,109.72769309379,85.1911183311826,80.7857891812044,140.922256469727,0,177.998916625977,83.5212556105394,127.385144636366,0,133.266653285307,119.03924407959,143.812806129456,65.3507614135742,35.6298483570065,0,9.73725609040034,0,119.205428123474,113.891906738281,0,0,0,0,66.7534468594719,0,162.005340576172,170.273971557617,105.347742435152,0,0,0,138.035009689331,113.67200710899,0,0,0,153.495410919189,129.087856292725
0,43.0262129277359,77.3414459228516,41.7107326819979,0,0,0,0,89.8647994995117,103.251437137001,0,19.4398427157258,0,5.58408499565464,0,0,0,76.0503921508789,40.4741487831905,34.0059587376598,0,0,72.1907673427037,104.049263000488,106.717153109037,17.6622005992232,22.9700967316095,23.1313678859931,130.538654327393,84.8554267883301,0,12.4229870509488,0,0,35.7563740113978,0,61.2219254629953,0,40.209672759561,0,0,0,0,0,0,0,66.5493965148926,0,66.4358340176669,0,0,0,0,83.6913197835286,78.7194374932183,0,0,0,0,0,48.8017048477885,83.3475388516201,72.8795758910098,0,0,0,85.6911460876465,0,0,74.1624956130981
12.9649990383917,0,88.321394049603,77.0583005213475,94.2590989112854,27.3964390063813,36.1782096136433,31.7960340395426,17.3850180098937,72.459937342891,62.6962552986603,0,88.2179887039026,0,8.20664045056129,35.5613053353985,0,96.7816905820273,0,111.316789415148,86.8702519426709,67.0978543807049,94.7770815456615,69.4296826140801,76.1341713232928,143.56965637207,102.335011548161,106.598927815755,67.9896202187526,13.1468710736059,22.1969797163145,0,13.653795690737,34.1325397491455,47.0607485213009,137.706497192383,0,0,95.5930653810501,170.800735473633,0,150.689041137695,138.986546325684,172.393135070801,91.5320859636579,171.945687430246,0,87.346061706543,0,165.553872244699,0,116.964477539062,0,0,0,158.262552897135,134.817260742188,133.956230163574,135.214334487915,127.614333433263,0,0,0,134.363066196442,170.679217251864,127.068176856408,0,0,0,163.195091247559
38.2052135467529,0,128.956864674886,66.2761675516764,43.098837192242,14.8870302316067,15.1012542664991,75.157355088454,26.2403123173466,15.5128814692891,66.3154655456543,0,10.959058453303,0,35.5613053353985,6.61167328712807,0,132.909606933594,0,0,46.6380053683444,72.497631072998,53.0369725908552,90.6957329644097,28.4588815446333,0,129.155784606934,83.6690063476562,73.7669561931065,24.3573692571452,0,0,34.2360550220196,35.5040187835693,29.68145905289,0,0,0,0,0,0,0,0,0,151.745544433594,185.178619384766,0,0,0,142.053115844727,171.91716003418,0,0,0,0,0,0,0,0,129.549706776937,0,0,0,140.124980926514,0,0,0,0,0,145.907470703125
0,55.693666934967,53.1249906366522,40.6980053564631,66.6938858032227,0,0,74.2902048551119,110.814376831055,59.675624370575,116.629829406738,0,84.3638076782227,0,0,0,14.6541973949764,71.2991752624512,0,110.671283721924,0,15.7218163124351,32.0284480860605,13.0530403398183,27.9640460233374,0,79.1181468963623,19.1397125408286,26.6804049045383,90.2100016276042,43.4166584902031,0,0,0,56.303734650483,0,0,103.372184753418,85.9254684448242,0,0,0,128.955043792725,172.772399902344,63.3193821907043,0,0,0,0,0,0,92.0005874633789,0,0,0,0,0,56.5741846489184,0,82.6119842529297,0,91.8670272827148,92.9596532185872,118.834030151367,0,92.1777082170759,0,0,0,96.6245536804199
80.1140326449746,38.8640276393535,33.3894109807532,40.5645286833902,0,161.001274108887,0,83.0913441699484,118.126383001154,138.890983581543,114.296598815918,66.1904649734497,0,76.0503921508789,96.7816905820273,132.909606933594,71.2991752624512,7.57041327202873,21.5849631627401,15.9234020078626,0,29.577022035649,49.2626110415989,15.8454661152717,107.704138437907,0,12.1885203784679,43.3093672793726,89.1218149437095,72.95526468482,56.9148360122259,92.8837127685547,151.379806518555,71.8408425723805,28.4660061873821,0,67.0177214486258,81.6822509765625,51.0346754207168,0,0,0,103.445930480957,0,0,0,111.249328613281,0,0,180.880966186523,0,0,95.8308993252841,133.894805908203,103.520062255859,0,0,58.716515665469,101.283766256796,0,0,87.4953622326408,80.702718988428,141.601348876953,0,129.305511474609,0,0,0,96.0567031860352
0,56.6374015808105,88.8719711303711,53.8979001045227,0,0,0,0,0,0,0,14.5626262897604,0,40.4741487831905,0,0,0,21.5849631627401,5.67945651982198,9.19855856929226,0,0,82.5840250651042,0,0,38.8526491383415,19.2763943637185,51.4228613376617,0,0,0,50.2749767366003,0,0,42.2223651642333,0,88.3270111083984,0,90.0618502298991,0,0,0,0,0,0,0,83.9375782012939,0,85.6196975708008,0,0,0,0,104.68408203125,91.2364405581826,0,0,0,0,0,71.0444227457047,92.528314631036,87.5853565562855,0,0,0,98.0361531575521,0,0,81.1915740966797
102.579408518473,46.0484854808221,59.22748878479,37.1957925358525,0,0,139.783294677734,103.900866190592,137.516890305739,109.018676757812,143.292022705078,17.5318016028287,0,34.0059587376598,111.316789415148,0,110.671283721924,15.9234020078626,9.19855856929226,8.5352216085322,0,75.3163479664287,74.5927722493156,57.3626541469408,122.112358093262,27.356402905897,14.444680998638,43.5066727028843,102.700560251872,93.1888100725278,79.3564550304844,43.2019363611869,169.129180908203,82.6458965776153,34.1719168556241,0,83.9617824554443,95.2445259094238,56.1103478345004,0,0,0,176.506790161133,0,0,0,77.1621705918085,0,84.7347280328924,0,0,0,100.857597351074,91.3274612426758,85.4354254778694,0,158.439628601074,73.6609039306641,129.603565216064,0,61.8886983578022,83.1118323762538,82.7163836956024,0,0,0,106.56488609314,0,0,83.7095455593533
78.9851274490356,0,139.146063232422,70.9563855257901,12.346703651024,114.388423261971,39.0436162081006,77.6424579339869,77.6401020161156,30.2023535258734,18.0943585413743,0,13.0758726918128,0,86.8702519426709,46.6380053683444,0,0,0,0,8.91522988676551,0,69.347451210022,115.677129745483,18.8481449188524,0,181.215152740479,127.00380859375,27.6785823792645,85.1539043209658,90.3333587646484,0,122.109274727958,78.2106602986654,78.1778775796123,165.236373901367,0,0,82.4051850868838,123.164936206652,0,131.486950994695,130.820425923665,157.339335808387,92.9197296142578,137.701503686079,0,23.34196078976,0,155.7403235002,137.846441268921,156.901031494141,0,0,0,58.1684420827013,0,134.135192871094,144.871765136719,107.606786831005,0,0,183.733177185059,139.446004602644,147.891952065861,147.833508300781,0,0,172.47038269043,161.550807317098
54.8882584873634,89.1288045247396,53.3568550309827,40.9284858066059,0,131.449775695801,99.0266628265381,45.2896991227802,95.5585053307669,48.8064900911771,72.0317649841309,0,127.411285400391,0,67.0978543807049,72.497631072998,15.7218163124351,29.577022035649,0,75.3163479664287,0,8.81416090517561,44.5375687972359,18.1362614535916,10.2924729094786,109.239196777344,66.4005009587606,65.7940555371736,13.296003312162,16.7170625857025,16.8826178676871,0,94.6765975952148,41.7746015881735,31.0958164700652,95.8750076293945,156.150009155273,107.977292512593,74.8590454101563,0,0,0,0,0,58.1909614562988,130.323684692383,0,0,0,121.163955688477,0,82.4967048908102,121.529975891113,0,0,0,94.4551048278809,57.5214543215676,93.5528750949436,91.9238321404708,0,135.771636962891,108.120784759521,92.9716588580419,124.835594177246,93.0288992095412,0,0,84.2245349884033,108.809474945068
72.6195838451385,16.9486375327617,27.2255612901265,18.7576188756301,61.3435373578753,112.991498947144,108.186750311601,65.2069755873755,92.8918170928955,17.60497549561,93.1949141129203,78.5355678296271,80.8660280704498,72.1907673427037,94.7770815456615,53.0369725908552,32.0284480860605,49.2626110415989,82.5840250651042,74.5927722493156,69.347451210022,44.5375687972359,6.43401599949672,33.867233834668,21.8932862465215,60.9519220852683,61.3656849782975,30.5353107402079,40.3536265661775,62.3492114099963,42.4464147183642,97.4431577410017,0,42.5534367910246,48.9117578456276,86.5841903686523,76.8686256408691,52.1456604654139,60.1913902058321,0,0,102.786319732666,90.9709303719657,123.27116394043,13.6561936592234,155.183250427246,94.6543388366699,0,106.38180287679,140.202442932129,0,45.3696981157575,77.7104843139648,0,108.675875345866,132.644569396973,63.6044410179401,7.30111726181848,50.1819457733374,65.7228731742272,79.1084550660232,89.8722932338715,50.6552045528705,70.9194197403757,70.4300231933594,61.9751862235691,138.417724609375,0,0,65.5255133684944
53.8197548958488,55.016824307649,22.8944471117985,33.9956727076058,80.7215203505296,121.629126957485,93.577893705929,59.9801293438564,80.6400786471205,57.1551666855812,75.287430504123,97.2932726542155,117.624958462185,104.049263000488,69.4296826140801,90.6957329644097,13.0530403398183,15.8454661152717,0,57.3626541469408,115.677129745483,18.1362614535916,33.867233834668,10.3782921760121,31.7006494884812,88.7302500406901,46.1371791586387,29.1262117633936,24.6397668173875,55.7033549638073,33.4567918441857,0,126.719923400879,58.277357238907,34.3620552807319,0,0,85.9739797725234,75.8542527092828,208.957733154297,0,0,115.937016805013,130.308283487956,75.9012432098389,187.997871398926,0,0,0,142.13288269043,0,89.7416311899821,106.946710968018,0,143.899642944336,0,100.343306350708,48.2732274342427,84.1633347670237,124.362995147705,0,108.258878435407,86.3325039558886,109.855638504028,124.026693979899,102.677252269927,0,0,90.9233957926432,102.244488307408
64.5532426834106,65.9179230740196,98.7359398735894,33.7084190474182,17.3032215288139,106.984340466951,65.9563297737174,43.8869951794514,64.4471337268879,16.4643013813793,55.1798616719849,108.279377937317,29.7386932097702,106.717153109037,76.1341713232928,28.4588815446333,27.9640460233374,107.704138437907,0,122.112358093262,18.8481449188524,10.2924729094786,21.8932862465215,31.7006494884812,9.59668129814725,95.9436193466186,117.174456082858,66.0300805895936,14.1384347455562,66.8757792972131,57.4464465887525,117.462821960449,104.806625366211,49.7725562925463,61.9776671546467,107.835708618164,0,149.399686177572,54.0816545087575,105.60194229126,0,114.531806160422,99.9331164042155,125.068630065918,60.4677773804224,121.960423072179,0,91.9376132362767,0,128.781528938107,136.07506942749,89.9335065569196,0,0,0,101.525539029029,104.55200958252,66.5054669997271,116.892660522461,82.8929538651417,104.95868174235,167.214714050293,135.783408531776,95.5160027981582,120.053046316471,97.6723826272147,0,0,108.61305770874,113.94035602438
0,25.0409865226746,103.00464630127,24.8706810662812,0,74.2357616424561,0,0,0,92.8642430305481,0,25.607941040293,0,17.6622005992232,143.56965637207,0,0,0,38.8526491383415,27.356402905897,0,109.239196777344,60.9519220852683,88.7302500406901,95.9436193466186,10.7738616911247,30.9040930785797,23.8336053781725,141.499050140381,68.8709487915039,0,48.7149369655511,0,0,30.2867297588939,0,53.8294338226318,0,25.2363475759824,0,0,0,0,0,0,0,56.7087841715132,0,52.0636811398044,0,0,0,0,66.8882148742676,76.9749349447397,0,0,76.1979141235352,0,0,40.2102673169795,74.2602680510124,59.1597295131079,0,0,0,76.4097056070964,0,0,82.2072591781616
86.7600431330937,29.0843345494662,14.4557484854096,28.7529254474423,0,149.060725620815,126.826092249911,99.6327608493572,114.089368727257,85.3655426025391,122.330830773642,24.7642362174546,177.653392791748,22.9700967316095,102.335011548161,129.155784606934,79.1181468963623,12.1885203784679,19.2763943637185,14.444680998638,181.215152740479,66.4005009587606,61.3656849782975,46.1371791586387,117.174456082858,30.9040930785797,9.20180160046184,16.6114161065867,95.7678725059996,86.5486084830187,76.891770770333,22.9726054699096,207.216934204102,82.7951842546463,31.8324977763526,154.30687713623,60.6964789659549,74.8302380243937,45.0098037915956,0,0,0,160.358480834961,197.241231282552,0,0,81.7534619003046,0,79.9303822797887,192.152435302734,0,115.045322418213,83.4917629926633,94.6563035753038,81.0224009584413,0,122.11675898234,64.427048061205,86.4230561649098,0,63.0509833052866,76.6207958193912,74.6510513624951,145.035537719727,150.084196090698,125.732722355769,93.1296677840383,0,125.925384521484,84.5961613618126
87.0489232540131,27.9278180870891,15.0905813677558,32.4974710155447,95.6777801513672,79.9204788208008,123.709514345442,82.744917049408,115.231650075605,90.7682108445601,99.4996495400706,45.8863724942775,172.503598531087,23.1313678859931,106.598927815755,83.6690063476562,19.1397125408286,43.3093672793726,51.4228613376617,43.5066727028843,127.00380859375,65.7940555371736,30.5353107402079,29.1262117633936,66.0300805895936,23.8336053781725,16.6114161065867,10.8329420429278,63.1678168604283,95.1712017992993,78.738284236095,6.74464513025989,0,96.4582731917098,41.1870214277263,140.829461669922,49.2491265665187,73.0969248007384,48.0771407281199,0,0,165.190734863281,132.257422814002,152.736505126953,86.2235794067383,136.166229248047,87.0070783390718,0,84.9951630505649,148.460677676731,0,79.4808148701986,84.3888804439754,101.679456801642,90.0231593150013,0,86.2528019632612,43.1789379010129,84.7473356024324,134.33459690639,62.9587935779406,81.7240194573625,74.520457519126,113.775223567568,132.178659941021,118.624659697215,101.948123707491,0,112.621646881104,88.8490815137429
56.6219679485668,86.9035956642845,68.7365773944763,41.5572116368772,11.5204738053871,110.496987266102,63.4131872548997,22.0602017614044,71.5386259623715,39.2766881422877,20.21322750312,127.488891601562,46.4629272428881,130.538654327393,67.9896202187526,73.7669561931065,26.6804049045383,89.1218149437095,0,102.700560251872,27.6785823792645,13.296003312162,40.3536265661775,24.6397668173875,14.1384347455562,141.499050140381,95.7678725059996,63.1678168604283,8.72570972004629,64.2768551025659,28.9982696971532,0,113.837463378906,47.6761015305857,47.1828518267411,112.55532771983,136.899322509766,123.277057647705,60.9886716264405,140.977747136896,0,128.282474270115,100.716131363472,139.160146285077,57.5091752295016,138.630156077509,0,105.683077592116,0,127.490568068421,125.200878143311,85.8083556365967,157.787147521973,145.053268432617,166.666870117188,124.99920463562,106.122425666222,59.953906428646,98.346761420921,92.4745651280548,0,138.632400512695,122.707973945432,94.352967904478,116.582895500715,94.6872644254965,0,174.242416381836,104.69731280009,117.129946638898
11.99126317653,0,69.9301477382984,66.2544610079597,77.0549039756302,20.4106584517916,30.0862762814302,44.6554581398299,22.7792251736504,63.3528207632212,78.634396721274,49.4575674268934,83.380663278433,84.8554267883301,13.1468710736059,24.3573692571452,90.2100016276042,72.95526468482,0,93.1888100725278,85.1539043209658,16.7170625857025,62.3492114099963,55.7033549638073,66.8757792972131,68.8709487915039,86.5486084830187,95.1712017992993,64.2768551025659,7.4952788875581,16.3589281509691,78.2263259887695,11.6754535247811,11.9008509816998,32.1722586079121,135.251234690348,0,134.395166397095,84.8748498777064,172.960891723633,0,167.956416829427,126.52058429718,160.741648954504,77.7711216095955,174.112286885579,0,102.26501159668,0,159.981353251139,0,91.8487548828125,161.903656005859,0,0,155.808597019741,122.222663879395,86.5593425916589,131.785893758138,121.091948534095,0,160.326677958171,149.05628712972,121.924700029853,152.238933269794,121.560120812778,0,0,113.540402094523,155.085491943359
23.7759750054295,86.0223134358724,59.0952620535012,43.5999771166451,64.764778137207,102.527104187012,85.9775331020355,11.2898536953661,70.2097731217094,43.7543506058313,59.2297787521825,106.938301086426,101.616419474284,0,22.1969797163145,0,43.4166584902031,56.9148360122259,0,79.3564550304844,90.3333587646484,16.8826178676871,42.4464147183642,33.4567918441857,57.4464465887525,0,76.891770770333,78.738284236095,28.9982696971532,16.3589281509691,8.22685747164602,0,0,24.2010497869172,28.1293360691833,110.738371276855,0,114.795190175374,63.8585789998372,0,0,124.619400024414,104.343180338542,147.953323364258,55.6623455827886,130.80305480957,0,0,0,121.760523114886,124.135101318359,89.1637499940162,147.285255432129,0,0,111.151184082031,98.8324979699176,58.1667745040635,91.9552782694499,92.4414017417214,0,153.361591339111,125.62942843967,96.1988366868761,116.78240814209,93.2958214499734,0,0,95.5613848368327,107.319120519301
0,74.5365938459124,0,61.700606073652,0,0,0,0,0,0,0,41.7910100441006,0,12.4229870509488,0,0,0,92.8837127685547,50.2749767366003,43.2019363611869,0,0,97.4431577410017,0,117.462821960449,48.7149369655511,22.9726054699096,6.74464513025989,0,78.2263259887695,0,6.06273908932821,0,0,51.0495506572303,0,85.6182918548584,0,0,0,0,0,0,0,0,0,86.2889099121094,0,86.5092010498047,0,0,0,0,126.636829376221,101.746804373605,0,0,116.056571960449,0,0,71.6990915934245,99.2931156773721,91.6028170585632,0,0,0,112.326614379883,0,0,0
78.4545669555664,0,156.414222717285,103.645506286621,152.251907348633,9.33909953554169,14.5395116216757,113.839748984889,11.7355450639165,105.117575327555,118.41536755032,0,109.72769309379,0,13.653795690737,34.2360550220196,0,151.379806518555,0,169.129180908203,122.109274727958,94.6765975952148,0,126.719923400879,104.806625366211,0,207.216934204102,0,113.837463378906,11.6754535247811,0,0,5.30737869777705,159.597351074219,36.5095909833908,227.214782714844,0,0,121.288551330566,0,0,0,157.5680809021,0,0,225.378555297852,0,0,0,0,0,0,0,0,0,0,0,0,0,142.827102661133,0,0,0,168.524772644043,200.881973266602,0,0,0,0,0
31.888859960768,96.7026977539062,74.3127425057547,49.5065968704224,69.4914736314253,67.1629759470622,43.992355955408,54.3323281536364,68.0649600395789,48.4762657748328,75.7966616419595,138.375885009766,85.1911183311826,0,34.1325397491455,35.5040187835693,0,71.8408425723805,0,82.6458965776153,78.2106602986654,41.7746015881735,42.5534367910246,58.277357238907,49.7725562925463,0,82.7951842546463,96.4582731917098,47.6761015305857,11.9008509816998,24.2010497869172,0,159.597351074219,6.90747624783052,16.4910380135399,0,0,0,87.0622475941976,0,0,0,88.1204605102539,142.259994506836,50.7616689345416,0,0,113.738555908203,0,128.39045715332,0,91.6903762817383,0,0,0,0,99.0061416625977,55.4505966849949,95.0819854736328,105.761742811937,0,163.814498901367,135.218879699707,98.7560894436306,100.259892781576,91.7675255223324,0,0,113.670527140299,126.711486816406
65.2073348225027,37.8949247682598,32.766663928491,41.7286519243418,75.8045647016918,33.3593898240258,53.9103589101103,61.0253941580373,48.9981388659091,55.183928574973,76.9438388054068,24.1115443188104,80.7857891812044,35.7563740113978,47.0607485213009,29.68145905289,56.303734650483,28.4660061873821,42.2223651642333,34.1719168556241,78.1778775796123,31.0958164700652,48.9117578456276,34.3620552807319,61.9776671546467,30.2867297588939,31.8324977763526,41.1870214277263,47.1828518267411,32.1722586079121,28.1293360691833,51.0495506572303,36.5095909833908,16.4910380135399,10.1819985871525,123.63863881429,79.9028860727946,79.337340927124,70.2713596820831,164.464996337891,0,157.10681491428,131.803050842285,151.168589505282,69.6952234351117,166.065737043108,72.1636524200439,93.244255065918,73.9074271065848,153.062257130941,0,96.7173929214478,103.920362854004,81.3862838745117,75.9568399499964,146.1859261649,107.502597808838,59.7150662541389,96.5994402567546,115.125292223553,52.674443731121,78.7560273583627,75.890653425997,112.655322530995,132.918302536011,110.951221554778,81.9654070536296,0,135.303820292155,110.699829918998
129.63892364502,0,133.314931696112,79.9546699523926,168.9716796875,0,160.10892868042,113.990014648437,131.657108306885,122.864969889323,165.194836425781,0,140.922256469727,0,137.706497192383,0,0,0,0,0,165.236373901367,95.8750076293945,86.5841903686523,0,107.835708618164,0,154.30687713623,140.829461669922,112.55532771983,135.251234690348,110.738371276855,0,227.214782714844,0,123.63863881429,8.5904960063088,103.090732998318,88.0462659882336,59.3156568688082,77.8751597548976,0,66.8666582107544,29.6874002046768,16.226206916775,57.0356596447173,56.831325555533,106.717310333252,62.8043929390285,0,11.1458715518523,45.3957221167428,69.2245502471924,99.2662834894089,121.039710998535,113.831601996171,72.6967663356236,76.444769596708,63.1523629122002,82.658127545136,60.3939114227295,117.58757019043,100.590249407555,99.6892528134909,57.8900936224374,13.90815569275,19.0818051320793,0,0,35.6034773180149,69.1732287188189
0,67.9272756576538,49.0283747963283,12.10761367443,0,0,0,85.8330841064453,0,0,0,70.1757144927979,0,61.2219254629953,0,0,0,67.0177214486258,88.3270111083984,83.9617824554443,0,156.150009155273,76.8686256408691,0,0,53.8294338226318,60.6964789659549,49.2491265665187,136.899322509766,0,0,85.6182918548584,0,0,79.9028860727946,103.090732998318,4.87172168023572,27.341751375506,9.63162672650396,0,0,0,94.5407638549805,108.41556040446,48.3379174868266,0,44.7110029981027,0,42.9325659853741,119.4289894104,0,55.3611991882324,42.0139496612549,63.40661862022,48.6557254175986,0,62.5368381681896,12.0707782302736,48.2582084076314,64.2068894704183,14.7724724110777,33.9290364904184,21.550278405945,106.027903238932,103.271217346191,86.071860369514,65.2118166410006,0,94.0924911499023,44.7131523236836
126.983218383789,69.2832080296108,72.0245986199111,51.7936207083769,183.747024536133,0,210.957641601562,145.40940322876,160.635612487793,0,186.339965820312,0,177.998916625977,0,0,0,103.372184753418,81.6822509765625,0,95.2445259094238,0,107.977292512593,52.1456604654139,85.9739797725234,149.399686177572,0,74.8302380243937,73.0969248007384,123.277057647705,134.395166397095,114.795190175374,0,0,0,79.337340927124,88.0462659882336,27.341751375506,11.6413212780924,31.7310930352462,137.57600075858,122.544926961263,101.557211585667,78.2556224425146,97.8087908235708,97.1339443431181,105.832258731504,66.3109277089437,142.338534037272,85.7253564198812,100.454767234623,104.423648834229,53.3544964260525,22.4974368105165,86.3342151641846,57.1937583401906,148.040633201599,27.7445092558027,34.9594618697705,15.8556573629848,102.678696800681,65.3439869880676,19.9634700144448,18.1797325546915,51.7351486391121,97.1649149215279,52.5401893666721,84.2882080078125,157.481704711914,88.471622467041,43.6231712667656
62.5294380187988,34.6939692777746,49.143335887364,20.0699230695175,73.4147878576208,125.943134943644,88.8258288605045,64.7842539813067,82.650227145491,57.5392656326294,91.0956669720736,53.4167095633114,83.5212556105394,40.209672759561,95.5930653810501,0,85.9254684448242,51.0346754207168,90.0618502298991,56.1103478345004,82.4051850868838,74.8590454101563,60.1913902058321,75.8542527092828,54.0816545087575,25.2363475759824,45.0098037915956,48.0771407281199,60.9886716264405,84.8748498777064,63.8585789998372,0,121.288551330566,87.0622475941976,70.2713596820831,59.3156568688082,9.63162672650396,31.7310930352462,15.8626775912817,57.0012618436942,97.4684066772461,60.4628229798036,41.5754774744305,66.2779436389711,8.69293074163591,69.4229910464687,22.0546009333928,49.7744501961602,16.578955452869,67.381111158265,62.1450114780002,26.9086600645089,44.1755316913992,56.7409821748734,43.0160213035873,54.8355855741701,69.307644544329,23.5241033577338,49.9067599904819,23.3861481003364,17.3640618878742,33.7626556126113,28.6490990703715,39.8977211011967,64.9254379469773,51.5394847869873,57.4498476300921,111.969879150391,56.1286536175272,47.9077925489622
0,0,214.735610961914,151.265441894531,128.495439897884,181.737823486328,160.040927342006,143.985698699951,143.3140839168,105.836307525635,150.305115555272,0,127.385144636366,0,170.800735473633,0,0,0,0,0,123.164936206652,0,0,208.957733154297,105.60194229126,0,0,0,140.977747136896,172.960891723633,0,0,0,0,164.464996337891,77.8751597548976,0,137.57600075858,57.0012618436942,6.58036376454671,113.375606536865,52.6784700588126,93.0491019939554,88.6093475276308,22.2288467277633,19.1564488176147,0,22.4418958865901,0,92.2618516660204,60.4337164355863,70.7818044026693,0,0,167.695648193359,13.3421708342948,0,70.9243818918864,130.238126118978,17.7224910891824,0,146.067626953125,86.6506471633911,14.5277187072439,90.2704786662814,76.9598106384277,0,127.755336761475,84.9371437303948,87.7087954112462
0,0,0,0,0,0,0,0,0,0,208.301406860352,0,0,0,0,0,0,0,0,0,0,0,0,0,0,0,0,0,0,0,0,0,0,0,0,0,0,122.544926961263,97.4684066772461,113.375606536865,5.88573202685113,26.9866293382645,105.150270462036,8.75493460561556,0,109.690927823385,67.5797233581543,69.0042953491211,0,27.4289233210075,8.55996938153755,92.7368507385254,0,0,0,98.7375564575195,87.8502960205078,73.7154541015625,81.4804351806641,122.939674377441,0,0,95.6212844848633,109.785472523082,23.9769731766511,0,0,10.5934449583354,41.9079627990723,24.0911452708253
0,0,0,99.147467476981,141.919599914551,0,141.546821866717,122.394529145339,142.3268700677,117.961045837402,153.745792559723,0,133.266653285307,0,150.689041137695,0,0,0,0,0,131.486950994695,0,102.786319732666,0,114.531806160422,0,0,165.190734863281,128.282474270115,167.956416829427,124.619400024414,0,0,0,157.10681491428,66.8666582107544,0,101.557211585667,60.4628229798036,52.6784700588126,26.9866293382645,8.2560027063611,54.0947156109079,13.5049449934815,49.6238383458666,26.4912138418074,0,17.9472483506068,0,32.6781663312221,11.2150186176877,90.3532075881958,146.015655517578,0,181.541191101074,35.0833739414559,121.50802230835,86.1452237642728,88.93662677191,56.4565661755101,0,124.490598754883,98.2628908019135,61.1360355165934,37.2313848806061,74.2437988917033,0,11.9077771171195,72.7862456218306,37.5041390082957
138.802158355713,0,127.31244998508,70.3414275305612,115.190253548,161.557401384626,132.56043289647,102.651617897881,126.643404950999,87.4299453735352,140.991299542514,0,119.03924407959,0,138.986546325684,0,128.955043792725,103.445930480957,0,176.506790161133,130.820425923665,0,90.9709303719657,115.937016805013,99.9331164042155,0,160.358480834961,132.257422814002,100.716131363472,126.52058429718,104.343180338542,0,157.5680809021,88.1204605102539,131.803050842285,29.6874002046768,94.5407638549805,78.2556224425146,41.5754774744305,93.0491019939554,105.150270462036,54.0947156109079,8.705884016969,46.1693483600538,46.6167503287099,19.4667658253428,95.7589990121347,67.6669882560263,147.105682373047,26.5786064082948,60.181676864624,59.7920827557964,87.4151440262794,0,104.110423868353,87.9238786408395,54.989196567804,57.0261951739971,56.15764259771,49.3529261085943,137.813858032227,93.4957197797557,82.7222472704374,18.2294917412263,46.1053209646073,13.4392522835957,0,95.9971084594727,54.9037600475478,62.4434315653131
148.327529907227,0,155.492593383789,119.600427107377,156.859555562337,202.767710367839,154.753518048455,136.203035425257,154.564820970808,123.575819832938,167.200190809907,0,143.812806129456,0,172.393135070801,0,172.772399902344,0,0,0,157.339335808387,0,123.27116394043,130.308283487956,125.068630065918,0,197.241231282552,152.736505126953,139.160146285077,160.741648954504,147.953323364258,0,0,142.259994506836,151.168589505282,16.226206916775,108.41556040446,97.8087908235708,66.2779436389711,88.6093475276308,8.75493460561556,13.5049449934815,46.1693483600538,8.19707123048509,67.6824677070223,51.9449755720773,0,68.5608534647231,189.735641479492,15.6495940754915,24.7098602263333,79.0078692966037,117.478552076552,0,121.796519688198,74.9489025935591,105.211562633514,86.2038478117723,82.7388318473046,72.0368208567301,0,115.907415275574,98.0353753091863,69.1344753168905,18.4540156644894,66.8946768345724,0,8.65498696123432,72.3338276239542,25.9054321367997
72.8529148101807,0,0,14.6630753517151,100.137302398682,109.453971862793,99.1028356552124,72.3361256083504,101.252865261502,55.6442477703094,127.508655548096,0,65.3507614135742,0,91.5320859636579,151.745544433594,63.3193821907043,0,0,0,92.9197296142578,58.1909614562988,13.6561936592234,75.9012432098389,60.4677773804224,0,0,86.2235794067383,57.5091752295016,77.7711216095955,55.6623455827886,0,0,50.7616689345416,69.6952234351117,57.0356596447173,48.3379174868266,97.1339443431181,8.69293074163591,22.2288467277633,0,49.6238383458666,46.6167503287099,67.6824677070223,6.67424767349677,73.6661719632952,0,7.9688831929706,0,68.9925442899759,8.54724260226291,22.4192168246336,94.9410400390625,0,0,29.00667088682,65.1171881634256,13.3570054160756,58.6332946141561,13.1033057559281,0,117.744527544294,77.2677356175014,39.0885606823748,60.314716618351,47.2492827633524,0,0,53.8406021859911,59.942298220773
0,0,0,93.9642238616943,142.043049468994,185.999126434326,155.772689819336,136.771491741312,150.646092145871,120.224473806528,161.742269764776,0,35.6298483570065,0,171.945687430246,185.178619384766,0,0,0,0,137.701503686079,130.323684692383,155.183250427246,187.997871398926,121.960423072179,0,0,136.166229248047,138.630156077509,174.112286885579,130.80305480957,0,225.378555297852,0,166.065737043108,56.831325555533,0,105.832258731504,69.4229910464687,19.1564488176147,109.690927823385,26.4912138418074,19.4667658253428,51.9449755720773,73.6661719632952,12.0235906379291,0,19.7942829564828,0,60.4333533382361,60.9006617146154,80.5781555175781,139.026628494263,0,127.51220703125,17.506817467717,107.272055308024,90.363920211792,88.6301880232785,46.625353518033,0,142.704179846722,100.729148424589,29.2651594003647,76.6081749347782,77.4223922382701,0,115.405234654744,76.274012817844,77.1508431775497
