8.21041027115553,117.761428833008,84.7923550825312,72.2735716501872,70.8141174316406,75.9976806640625,74.6625784512224,22.2076413150017,34.203030438281,69.6226209912981,20.648722292772,116.512502034505,85.7695121765137,136.906597137451,13.5278293855911,113.769493103027,0,91.4049318147742,137.657014465332,129.160123825073,74.8218860626221,62.4659507808401,80.7504323323568,71.0884151741012,68.3403050774022,0,109.674176335739,109.262682571411,56.1707375034782,9.6775288998395,24.6932063265794,153.743118286133,70.474235534668,27.1544587807577,59.0224027633667,125.659907023112,0,134.469393920898,68.8830909729004,0,0,0,119.266054789225,143.384216308594,0,0,0,0,0,148.875785827637,0,140.839832305908,0,0,0,0,0,158.853012084961,127.930745442708,95.0011749267578,0,165.180160522461,136.394147872925,119.743231273833,144.014129638672,129.014072418213,0,0,120.30578994751,118.337455749512
117.761428833008,6.32899369993009,28.8907495971836,7.61897890322568,100.822600228446,0,119.464404514858,113.375505719866,119.910605690696,72.3335931931164,124.442812601725,58.3103605596031,86.9930606842041,34.6031503295898,124.627724541558,101.997992295485,56.9083480834961,39.1448524181659,63.8991734734897,57.4879582268851,0,74.4672274589539,27.4547452972439,61.0818212682551,78.5677323629392,9.48122442907071,39.3507882335155,21.1750823562133,96.8990113394601,98.676356059749,87.7413756911819,62.8698069254557,0,74.5499240330287,49.7057360013326,138.49104309082,42.6292300277881,55.2803952143743,58.540184656779,0,0,163.659461975098,131.172503153483,162.836649576823,127.389349619548,174.004409790039,78.0518620808919,0,77.7741915384928,153.145741780599,0,113.951507568359,69.7135177188449,85.2911376953125,69.3835435833847,173.658813476562,113.212043762207,145.415882110596,75.0124840912996,140.336822509766,60.6568531036377,57.5534123698557,56.4435430526733,129.629101753235,156.687112426758,119.434677971734,79.4435882568359,0,0,70.7566907833784
84.7923550825312,28.8907495971836,12.1122140098365,29.2533047931493,128.184388902452,152.799613952637,122.901263265899,84.8679612643876,109.279829831949,102.762791188558,98.2590403617402,78.5186269524392,124.599028153853,76.4623179836128,110.194220965008,113.653846740723,82.7410716304073,33.0467980193488,73.9180204073588,70.061901023485,157.37650160356,58.3408721664496,41.5599244109586,19.4691481313531,97.6517917257517,111.227935791016,31.0315726123049,25.5659075803202,70.2264496138021,90.923493933821,65.9152740486804,78.3446575967889,156.914291381836,92.1310413486355,57.588105910165,153.689239501953,59.3181991577148,71.6714949153719,66.4692392076765,0,0,157.022529602051,140.746041082567,163.883394241333,117.773237609863,157.409707205636,123.931685311454,135.50407409668,95.7444864908854,151.182874239408,0,94.0983028065075,86.4920097952675,125.340161132812,109.8420947531,183.877502441406,115.015055142916,65.35829441364,87.7713882973005,134.999471154543,127.931579589844,91.7355234387895,75.7460576653776,132.806999206543,147.548322405134,125.566185399106,0,0,171.903233846029,89.4087038243071
72.2735716501872,7.61897890322568,29.2533047931493,6.74098652530284,57.8637523035849,0,78.6428736277989,60.4646648338863,70.7184687361998,33.92995262146,86.5002240720003,50.8480588239224,65.8462774753571,32.3306848377652,82.3681225246853,102.880970954895,41.5429054582623,43.589892405384,64.8149497509003,56.7164824782618,72.4481830596924,46.3263433612761,25.812501888978,48.011236264033,36.3669316865982,12.0544322294273,38.3246290275203,22.3436218782535,49.6504604453172,67.4275124926086,57.4318601145889,61.9572287339431,115.658729553223,63.2881388600667,51.4618703012413,98.0338301225142,31.3679900922273,45.9822869404955,23.9168724015702,98.1967926025391,0,94.5028648376465,92.8297712235224,124.769671440125,94.6467999049595,117.500091552734,54.2478772572109,0,59.572545470261,112.210267908433,0,66.0292595182146,61.86054691095,61.6704980950607,54.0000348448753,78.7944882710775,67.3688122293223,33.6150588744726,63.3683900617366,65.6358088861945,30.1103427160354,48.2039816473108,47.0038859226789,75.4404966105586,106.193591669986,72.3257986369886,74.7431386311849,123.138648986816,66.2070223490397,61.2450356676399
70.8141174316406,100.822600228446,128.184388902452,57.8637523035849,9.20283141434403,129.961339314779,65.7981992833158,48.2308286446423,85.6972845980996,48.8361846505338,20.0323919642674,144.009221394857,30.4527482485426,175.861166381836,99.7827800391859,62.8842788324123,61.418512071882,137.637138366699,0,166.734664916992,14.851256583665,73.5174480438232,66.8986407385932,87.4478347084739,21.2536622861886,117.839683532715,140.684211037376,104.735899754574,17.9364015789629,92.3760435652025,102.095879146031,163.489768981934,131.037246704102,79.6293458071622,92.1689052234996,150.837387084961,0,160.501663208008,71.4085864475795,20.1932931453434,0,116.358308150552,120.907010555267,127.241926152655,83.8894167813388,117.064557353656,195.26668548584,29.380038835739,0,141.382002830505,161.146957397461,110.270496368408,0,0,0,20.126696998722,159.380386352539,180.897171020508,153.935646057129,93.4593488614927,0,179.588577270508,168.080627441406,121.777106979266,131.96138880803,0,0,134.559387207031,134.624206542969,133.589605851607
75.9976806640625,0,152.799613952637,0,129.961339314779,5.97416191735258,6.51498917492143,109.689329964774,23.6469662966794,51.884708404541,112.853518837377,63.7574478952508,85.5223503112793,92.5828216552734,25.6946047520074,15.6183667069496,0,100.136871337891,94.5033493041992,88.3425998687744,112.952122279576,0,0,123.806703186035,116.783299763997,0,160.293089866638,99.4288417271205,116.726407732282,18.9549859007435,118.742118835449,0,9.6389702795295,0,34.3138464645103,0,0,0,0,0,0,0,155.718399047852,0,0,0,0,0,0,0,0,0,0,0,0,0,0,0,0,168.535556793213,0,0,0,160.604420979818,172.361083984375,0,0,0,0,0
74.6625784512224,119.464404514858,122.901263265899,78.6428736277989,65.7981992833158,6.51498917492143,8.47604744194843,49.0216169953346,15.5225249636873,75.3322773833773,24.0660327005693,103.245060090096,26.4961534867759,160.250523234523,26.5658262429433,12.9185907688725,103.020957946777,140.798963012695,142.12366844626,134.944308326358,55.2484390660908,98.2564639239244,117.311862521701,110.906092455433,75.7186508464813,148.154861450195,153.434244659556,140.666739710261,57.1136718855964,40.9742409554499,89.025519526282,174.938798522949,15.8756447108598,78.9163377986235,64.1242738778535,134.490364074707,144.813064575195,169.13020324707,82.02110412273,137.749011190314,0,142.361929695561,134.73568866871,150.965632351962,116.914260864258,143.918965454102,0,99.0604892081403,0,181.09068552653,0,145.177772521973,201.833755493164,0,0,123.666618146394,190.050476074219,130.559310913086,177.328595248136,115.460415792122,0,0,178.683424324825,132.640988725604,167.354148864746,138.679290771484,0,193.626174926758,148.509094238281,174.01082695855
22.2076413150017,113.375505719866,84.8679612643876,60.4646648338863,48.2308286446423,109.689329964774,49.0216169953346,9.06251409935558,51.3250020928972,51.7570021369241,13.7000940307461,147.747388379327,45.0060072288513,143.056719836067,44.0678269817571,59.9205707203258,105.624757385254,128.89794884199,147.653907775879,156.671831130981,42.2068588896974,57.4475226686962,78.0636855231391,69.1942020816101,49.3583803519381,147.769287109375,126.385220830127,107.12052813867,25.1174974213138,59.4363907287932,14.3008387293093,145.30456660344,102.145366123744,60.5097652894479,77.6593150479234,113.729345703125,117.23673248291,141.711205800374,61.6412111033564,125.496274201766,0,124.015733337402,108.559118427214,128.379439318622,86.8583426475525,129.41210713106,205.715255737305,101.833840658498,140.058288574219,144.26158871858,129.343719482422,137.51376134699,157.512050628662,0,0,106.010334396362,140.909996032715,124.455519866943,139.250980649676,97.9726213361116,0,185.30398050944,147.115847893481,111.413358943979,138.606286493937,122.799280166626,0,0,121.371383122035,139.236463274275
34.203030438281,119.910605690696,109.279829831949,70.7184687361998,85.6972845980996,23.6469662966794,15.5225249636873,51.3250020928972,9.39833584114445,69.8213028344582,24.94514783053,105.312792978169,47.1203531575262,151.646885151171,16.1844240777081,22.3817144258581,135.640329996745,127.056800305843,156.304895273844,141.166253870184,75.7010133075496,82.5185276220653,99.4402557719838,97.2936323713163,73.0615415306866,118.11625289917,138.694395912917,129.150005151275,65.8614839727479,32.1998494018233,70.528468365746,168.722396401798,16.1185053533376,68.1122366494506,58.1309760322925,141.941984388563,136.216374715169,163.902430216471,76.1609323033234,142.450099550444,0,140.769444847107,129.354593035201,145.195558810453,89.0845199584961,139.998083750407,0,102.015154004097,0,160.387582063675,149.805980682373,159.453793525696,180.955850601196,0,147.076923370361,132.010429027469,145.808583577474,139.376886367798,162.402866070087,114.342252517233,139.438522338867,187.965654754639,165.286068466474,126.951384353638,155.899678575232,143.508684794108,0,0,143.758491847826,161.47327106755
69.6226209912981,72.3335931931164,102.762791188558,33.92995262146,48.8361846505338,51.884708404541,75.3322773833773,51.7570021369241,69.8213028344582,9.37304646751826,70.1960336806926,158.476499557495,9.26027857467081,120.724170082494,72.4397831239562,14.8820845416335,37.6694667339325,111.742161342076,125.305480957031,142.343992233276,17.6462269503409,54.0823158423106,27.8994160901893,68.8314502321441,19.8556800245868,93.991648795388,121.262342834473,83.1358700235381,43.9086160717049,58.8067699061666,50.4688888439234,142.310699462891,113.517791748047,52.0443406385534,68.5439214529815,86.6320793151855,0,121.160405476888,55.2507652394912,83.017463684082,0,115.306252797445,85.2862108292118,129.241710662842,35.90469789505,106.453163146973,132.805541992188,110.160352706909,0,96.4668821855025,0,70.67763671875,108.644060770671,0,0,93.6450805664062,84.5401016235352,101.934260050456,110.385753393173,71.825178894043,0,110.733673095703,134.353865623474,75.0819998190437,98.9999795729114,74.3709707821117,0,0,80.1366744995117,105.469917297363
20.648722292772,124.442812601725,98.2590403617402,86.5002240720003,20.0323919642674,112.853518837377,24.0660327005693,13.7000940307461,24.94514783053,70.1960336806926,8.64261007009562,157.102447841478,18.0201151504366,160.978297860282,38.5780635676446,62.1314599242391,76.5868581136068,142.972809640985,191.737567138672,181.294521331787,15.008523544031,69.6895707448324,91.3420005211463,92.3434117816743,54.2368247886162,0,141.114595690803,122.116889489664,21.3388488117622,81.3815300992597,74.9286795982948,166.201696777344,108.223807852609,75.6960288853321,82.6228868500004,116.98851776123,0,161.028381347656,83.0053974586197,114.604805532128,0,137.917199375318,124.174830754598,152.134901370642,117.158055818998,141.197318321051,0,47.7001147604825,0,174.735809326172,166.565414428711,137.563166809082,159.247116088867,0,171.933883666992,120.039411610896,157.318565368652,139.897384643555,151.604433695475,104.260543666295,0,231.960113525391,164.60804124312,132.194307872227,170.512314932687,169.371322631836,0,0,153.183787027995,173.463173606179
116.512502034505,58.3103605596031,78.5186269524392,50.8480588239224,144.009221394857,63.7574478952508,103.245060090096,147.747388379327,105.312792978169,158.476499557495,157.102447841478,13.7164368153949,142.573459201389,17.0457508097449,92.911732297102,113.034225463867,120.445751190186,44.6372631133882,19.7163985624551,21.0019057564417,130.66851915632,87.8695506660306,96.0300645094651,83.6195487117461,146.250143051147,26.7709151667024,31.6231242507324,54.4578294212168,146.257848704945,59.6796492260535,98.6740231293898,34.6448341712436,52.0348907782107,96.1496998430735,30.2940517956103,0,97.0246553421021,122.208487290602,83.2549493577745,0,0,0,177.794326782227,0,142.370626831055,0,88.9333016531808,0,78.1217165860263,0,0,146.388916015625,127.449453353882,84.8462092081706,99.0912573678153,0,0,112.16711807251,144.436446053641,173.749073028564,78.9337279579856,88.3225643101023,103.768266866495,205.806976318359,0,153.046676635742,80.7834984915597,0,0,124.899223327637
85.7695121765137,86.9930606842041,124.599028153853,65.8462774753571,30.4527482485426,85.5223503112793,26.4961534867759,45.0060072288513,47.1203531575262,9.26027857467081,18.0201151504366,142.573459201389,9.05530493453302,158.855180740356,90.6440417187885,11.4100820159985,106.815460205078,141.600341796875,0,0,15.7928545954343,63.6025466918945,58.5293181814799,123.654717763265,16.0970062988145,107.267055511475,153.304068247477,121.194109939947,48.3492802350949,85.7659009373558,129.702634811401,167.218490600586,102.656687164307,81.8011964162191,83.589530063541,149.80057144165,0,0,79.8065631172874,56.7814420210112,0,84.8213691401288,127.213929070367,104.911840465707,69.3743960062663,42.4055561890473,162.356506347656,12.2195979534343,0,114.500083208084,50.1246147155762,0,0,0,155.681869506836,28.6706663701269,0,0,0,102.975357343566,0,0,182.947545369466,129.83704544326,114.432876124527,158.041432698568,0,0,0,103.770585741316
136.906597137451,34.6031503295898,76.4623179836128,32.3306848377652,175.861166381836,92.5828216552734,160.250523234523,143.056719836067,151.646885151171,120.724170082494,160.978297860282,17.0457508097449,158.855180740356,6.03676754508079,142.403429212068,0,116.042415618896,75.0785898481097,32.5625261557828,56.2174198211186,153.279495239258,112.393283843994,86.2760381062826,93.0948152542114,131.209934795604,13.5935109365242,16.8198334422078,15.3395545136535,141.419116755894,100.85536027566,123.39255731756,6.6968558940906,75.7550299508231,122.184642791748,53.6398287070425,163.543640136719,85.1131880910773,110.280300685338,66.157841933401,206.039688110352,0,0,164.799697875977,0,125.965396051822,0,63.9272585782138,0,57.6675791624743,83.0386047363281,0,148.251556396484,106.521168518066,68.1092602866037,79.4240956513778,0,0,91.2943115234375,120.827798025949,143.37688773019,53.3769857406616,66.1542999729229,72.8474200980011,213.691121419271,196.192977905273,167.580955505371,67.9672824314662,0,0,103.952124162154
13.5278293855911,124.627724541558,110.194220965008,82.3681225246853,99.7827800391859,25.6946047520074,26.5658262429433,44.0678269817571,16.1844240777081,72.4397831239562,38.5780635676446,92.911732297102,90.6440417187885,142.403429212068,8.15896370825292,34.955687695239,127.041767120361,116.978277946341,145.330332697654,125.608526603848,92.1746525175778,88.3675937949067,90.579921875,96.3068517335598,86.0687671980707,96.0589227676392,132.727624002741,127.791806887476,79.997945882884,15.3298079383328,63.6423121922437,138.894372304281,9.47385984216825,26.2052478406621,42.9855743200228,140.398545837402,158.335098266602,155.396814982096,93.8912352376909,177.63947974311,0,160.03787612915,138.899036012847,160.93663687455,125.317821502686,156.908871241978,0,120.559992009943,0,164.375419980004,0,169.740743001302,178.792348225911,0,160.398693084717,178.481143527561,196.169540405273,146.628153483073,171.265040715535,128.736490393887,0,180.698813302176,163.721960659685,134.739768496828,158.044391338642,146.524777951448,0,227.333526611328,151.54775068495,156.252925179221
113.769493103027,101.997992295485,113.653846740723,102.880970954895,62.8842788324123,15.6183667069496,12.9185907688725,59.9205707203258,22.3817144258581,14.8820845416335,62.1314599242391,113.034225463867,11.4100820159985,0,34.955687695239,8.04939438743749,0,109.537840525309,147.085830688477,143.542266845703,49.2756820379519,89.5862935384115,70.37427296358,101.583343505859,38.707125391279,122.015291849772,138.793237898085,127.811253738403,70.7533655353621,60.662684073815,109.275329589844,0,26.8081124334624,95.1857045491536,32.3017929924859,0,0,0,78.9031931559245,0,0,0,0,0,0,0,0,0,0,0,0,0,168.757125854492,0,0,0,0,0,0,100.113850402832,0,193.117446899414,145.251319885254,132.465478897095,0,168.372848510742,0,0,0,0
0,56.9083480834961,82.7410716304073,41.5429054582623,61.418512071882,0,103.020957946777,105.624757385254,135.640329996745,37.6694667339325,76.5868581136068,120.445751190186,106.815460205078,116.042415618896,127.041767120361,0,9.69001848771078,93.1157872126653,111.275047302246,109.008432006836,0,26.9088929987657,21.9514855637533,18.3420503967138,26.6157362192827,96.1744918823242,104.546577453613,20.8776684153624,29.3625419678489,97.9908932277134,70.2006078362465,0,0,97.5092519124349,77.6178354333948,0,0,105.930896412243,67.5175433349609,0,0,0,129.427659254808,140.214538574219,59.4879684448242,126.932647705078,122.714012145996,0,0,124.359809875488,0,86.7896290355899,128.680577596029,169.426208496094,170.26676940918,0,96.8318862205328,63.2467809511019,92.2888000918811,93.2105620066325,0,154.632225036621,108.895635417863,103.998303597434,128.701042175293,96.3452181608781,0,0,100.018526713053,108.422467803955
91.4049318147742,39.1448524181659,33.0467980193488,43.589892405384,137.637138366699,100.136871337891,140.798963012695,128.89794884199,127.056800305843,111.742161342076,142.972809640985,44.6372631133882,141.600341796875,75.0785898481097,116.978277946341,109.537840525309,93.1157872126653,7.77412008489705,50.1887375978613,16.1510155924176,178.605369567871,50.6387698114145,69.0320752387823,19.2073182738899,120.453470721687,54.9353399276733,29.2919017311716,55.4876653399319,121.625909588294,81.6987164369251,68.1716187017121,89.8834922790527,119.075749206543,80.0325689170986,43.6112424112001,158.770148141044,72.0352913750543,87.3923167122735,90.5076654222276,0,0,218.106506347656,175.636166381836,167.249659220378,142.714063008626,0,0,0,97.3297866821289,212.107477823893,173.739440917969,127.402642726898,100.52874364351,108.107437133789,110.696487699236,0,139.52734375,95.6441943828876,109.859141115282,140.282071627103,101.04209391276,87.1415528730913,89.0728459498679,149.603618197971,194.658367156982,144.318972996303,156.987640380859,0,163.668090820312,96.8303313977791
137.657014465332,63.8991734734897,73.9180204073588,64.8149497509003,0,94.5033493041992,142.12366844626,147.653907775879,156.304895273844,125.305480957031,191.737567138672,19.7163985624551,0,32.5625261557828,145.330332697654,147.085830688477,111.275047302246,50.1887375978613,5.26605554122875,9.11843885551291,0,100.712819186124,111.153991699219,84.9513459523519,150.799891153971,39.0298801241694,14.0556819208216,51.0403911748562,151.262383597238,105.484062541615,110.420697348458,38.4545816896803,92.8976643880208,110.987423143889,58.7092391283889,0,96.619010925293,115.999885559082,64.7596130371094,0,0,0,0,0,154.556991577148,0,85.4448983328683,0,86.393081263492,0,0,0,116.588756561279,96.762508392334,96.2073253284801,0,0,98.7977867126465,144.338582992554,184.694480895996,83.9863673618862,86.4583791396197,98.8010071345738,0,0,187.005325317383,86.319896697998,0,0,115.292694091797
129.160123825073,57.4879582268851,70.061901023485,56.7164824782618,166.734664916992,88.3425998687744,134.944308326358,156.671831130981,141.166253870184,142.343992233276,181.294521331787,21.0019057564417,0,56.2174198211186,125.608526603848,143.542266845703,109.008432006836,16.1510155924176,9.11843885551291,8.10252935957659,0,83.2208505206638,94.4106068611145,72.8386940807462,151.29948425293,43.1906760720646,21.0842245932243,59.8274099418158,141.112140431124,85.2894250386978,94.4619354409394,58.4800731113979,77.4195906321208,97.8569429998528,44.4938013023748,0,92.7693145751953,113.14909689767,61.3832130432129,0,0,0,0,0,0,0,96.7245101928711,0,95.8690452575684,0,0,0,113.003341674805,100.215473175049,98.2918787002563,0,0,149.456901550293,139.926319469105,159.146565755208,75.2931289672852,90.816073843149,103.477119273709,176.87434387207,185.48051961263,159.075775146484,133.467152913411,0,0,108.759944622333
74.8218860626221,0,157.37650160356,72.4481830596924,14.851256583665,112.952122279576,55.2484390660908,42.2068588896974,75.7010133075496,17.6462269503409,15.008523544031,130.66851915632,15.7928545954343,153.279495239258,92.1746525175778,49.2756820379519,0,178.605369567871,0,0,9.54543258031465,141.338516235352,87.013955116272,133.934055328369,16.1868912397718,0,196.211076100667,145.660295339731,32.6646121126368,86.6293057494642,140.409092712402,0,109.101017291729,87.3931555975051,85.6292560664752,165.515533447266,0,0,84.6487520535787,16.444156911287,0,145.231265165368,125.107312202454,148.067263434915,96.4331645965576,132.782017621127,0,15.9714630180629,0,167.727966308594,146.303527832031,0,0,0,0,44.425459042076,0,0,172.081817626953,103.302947553516,0,187.694854736328,189.415115356445,133.698514390266,183.582656860352,234.054000854492,0,0,161.153472900391,183.676379394531
62.4659507808401,74.4672274589539,58.3408721664496,46.3263433612761,73.5174480438232,0,98.2564639239244,57.4475226686962,82.5185276220653,54.0823158423106,69.6895707448324,87.8695506660306,63.6025466918945,112.393283843994,88.3675937949067,89.5862935384115,26.9088929987657,50.6387698114145,100.712819186124,83.2208505206638,141.338516235352,8.377121225132,46.8202745097957,22.5521488151337,38.1976955602142,105.717624664307,93.2620820169864,77.3832734349656,24.0565766754626,52.751354565281,22.094114912852,0,156.152109781901,36.149723409348,34.6524527838549,111.948961469862,157.051864624023,123.66911806379,67.9822868771023,0,0,143.33805847168,122.030220650338,160.467849731445,70.0823757171631,169.473258972168,0,118.818099975586,0,140.131610325405,0,95.5376478666749,142.660707092285,0,201.222023010254,169.390502929688,101.979284568266,69.5511743882123,104.409992915328,97.09759193469,0,145.028911166721,120.278582838715,103.373070027787,133.922644919537,102.185000415415,0,0,106.961366653442,114.854753548758
80.7504323323568,27.4547452972439,41.5599244109586,25.812501888978,66.8986407385932,0,117.311862521701,78.0636855231391,99.4402557719838,27.8994160901893,91.3420005211463,96.0300645094651,58.5293181814799,86.2760381062826,90.579921875,70.37427296358,21.9514855637533,69.0320752387823,111.153991699219,94.4106068611145,87.013955116272,46.8202745097957,9.82858793640274,43.5493289014427,36.0642864376928,54.2408300597092,85.7935006883409,19.6743111585558,54.4833223057544,73.4096712140895,55.1886344944558,86.5915451049805,0,65.4561698777335,59.5340036343306,80.7719395955404,70.5973803202311,73.1282888341833,48.66561299182,136.655563354492,0,121.174396514893,106.149332427979,129.189874172211,30.9543641875772,102.792114257812,111.821453094482,99.8098907470703,0,118.624771118164,0,54.5999120725645,84.146851348877,0,112.51806640625,0,69.2884558757753,29.6476764564687,59.2739139084422,74.8014772751752,104.439987182617,108.255968960849,51.1479449300777,85.8758635013662,115.695887515419,73.6208681106567,0,0,106.680884769985,71.8063759999732
71.0884151741012,61.0818212682551,19.4691481313531,48.011236264033,87.4478347084739,123.806703186035,110.906092455433,69.1942020816101,97.2936323713163,68.8314502321441,92.3434117816743,83.6195487117461,123.654717763265,93.0948152542114,96.3068517335598,101.583343505859,18.3420503967138,19.2073182738899,84.9513459523519,72.8386940807462,133.934055328369,22.5521488151337,43.5493289014427,12.1237789580898,60.8594110619232,121.484344482422,59.3833280536641,36.4998510827462,44.8407675418023,72.6328399070813,45.9811301159716,92.577301718972,138.443283081055,61.2137729765877,46.549235030341,141.002200317383,94.2391933865017,89.6340528438526,76.6556071619834,0,0,166.091676500109,138.176212565104,157.446395365397,113.876650129046,146.973634401957,168.334663391113,0,104.037437438965,160.24680847168,0,90.6000282855506,117.05850376227,141.030334472656,126.296691046821,0,103.297017131907,70.1688095107748,93.6419790919206,115.575743635162,0,125.272289886475,89.5290239757441,120.537540485984,147.54707475142,104.591660203605,0,0,140.681720733643,105.765557737608
68.3403050774022,78.5677323629392,97.6517917257517,36.3669316865982,21.2536622861886,116.783299763997,75.7186508464813,49.3583803519381,73.0615415306866,19.8556800245868,54.2368247886162,146.250143051147,16.0970062988145,131.209934795604,86.0687671980707,38.707125391279,26.6157362192827,120.453470721687,150.799891153971,151.29948425293,16.1868912397718,38.1976955602142,36.0642864376928,60.8594110619232,10.0889395191405,103.659614369839,125.936526571001,74.3003480120382,19.9495448722233,66.3928182862291,61.8077805353352,149.589027404785,121.622977256775,59.7764509721649,70.1004191640218,101.966865129368,136.118179321289,140.244293906472,54.0190059797055,54.1758026049055,0,118.241845993769,104.425105931373,123.410111027582,67.2293024523505,123.148572848393,174.668955485026,87.6905435802781,0,132.863733261668,136.640712738037,97.077808380127,150.977778559146,160.320114135742,170.69945526123,76.3154348462646,103.669251460655,82.8876827557882,117.075006816378,87.131312844096,193.161148071289,166.889565177586,134.287247453811,97.6783376083761,121.86928869239,101.253471030652,0,178.670616149902,112.505757367169,120.177332191824
0,9.48122442907071,111.227935791016,12.0544322294273,117.839683532715,0,148.154861450195,147.769287109375,118.11625289917,93.991648795388,0,26.7709151667024,107.267055511475,13.5935109365242,96.0589227676392,122.015291849772,96.1744918823242,54.9353399276733,39.0298801241694,43.1906760720646,0,105.717624664307,54.2408300597092,121.484344482422,103.659614369839,6.91577815408841,36.1046548734392,7.84012126040768,112.767024993896,66.8210276649112,113.643679300944,50.4918848673503,72.5156517028809,123.856335957845,49.2200421439277,126.792556762695,56.6787007984362,66.9146270751953,46.7776982698509,0,0,0,132.553237915039,145.792694091797,119.525390176212,178.801116943359,51.4878869056702,0,48.2159603337342,154.920919418335,141.970733642578,128.067111968994,70.5446277194553,65.4830188751221,54.9631532941546,0,0,88.8901661511125,126.386085510254,138.041823977516,40.6427180175781,54.0358518061747,62.2150263483125,159.158081054688,148.308374404907,139.674446105957,61.8050299999761,0,141.954086303711,77.4196021556854
109.674176335739,39.3507882335155,31.0315726123049,38.3246290275203,140.684211037376,160.293089866638,153.434244659556,126.385220830127,138.694395912917,121.262342834473,141.114595690803,31.6231242507324,153.304068247477,16.8198334422078,132.727624002741,138.793237898085,104.546577453613,29.2919017311716,14.0556819208216,21.0842245932243,196.211076100667,93.2620820169864,85.7935006883409,59.3833280536641,125.936526571001,36.1046548734392,11.9985616895661,22.708633121638,127.760078335597,103.242105708103,97.3002063188532,16.1545927365238,150.85122753325,103.081721815483,61.2626129170175,148.039145333426,66.740120013971,91.9140596177843,82.5684378487723,0,0,164.057912190755,158.085452740009,176.721904754639,151.847038855919,176.541923522949,83.8189490787567,0,85.521590191385,181.132122039795,147.912292480469,128.083432006836,95.9630388078236,90.6750436865765,82.208032664968,194.206100463867,140.388746261597,111.670388115777,116.544818102303,169.504940953748,70.0443887837728,76.3674942186144,81.8808882302385,168.004162838585,163.18164730072,146.357993125916,91.1287269592285,131.826065063477,153.573585510254,97.030682299214
109.262682571411,21.1750823562133,25.5659075803202,22.3436218782535,104.735899754574,99.4288417271205,140.666739710261,107.12052813867,129.150005151275,83.1358700235381,122.116889489664,54.4578294212168,121.194109939947,15.3395545136535,127.791806887476,127.811253738403,20.8776684153624,55.4876653399319,51.0403911748562,59.8274099418158,145.660295339731,77.3832734349656,19.6743111585558,36.4998510827462,74.3003480120382,7.84012126040768,22.708633121638,10.6223822598466,78.741601881118,98.8018114473428,94.0636429416146,10.8115697422667,87.694541237571,97.3323578384687,58.8308687109089,141.789527444278,58.1517877531052,71.1089783102702,74.9846596364622,176.118751525879,0,181.59726079305,137.182512760162,156.886001825333,130.83397857666,148.638663205233,70.3766734961307,188.671836853027,76.4010393344862,160.278190612793,175.91667175293,84.2799395589434,86.5497146304789,83.1464146323826,76.096918628766,175.25378036499,109.423155037132,62.4821911326694,85.001827172257,127.200080033505,57.8388164279697,69.3246914970599,74.2062940686314,128.005356941971,161.569403457642,126.409237104593,87.7355921128217,119.172904968262,147.607908550062,88.4808396903836
56.1707375034782,96.8990113394601,70.2264496138021,49.6504604453172,17.9364015789629,116.726407732282,57.1136718855964,25.1174974213138,65.8614839727479,43.9086160717049,21.3388488117622,146.257848704945,48.3492802350949,141.419116755894,79.997945882884,70.7533655353621,29.3625419678489,121.625909588294,151.262383597238,141.112140431124,32.6646121126368,24.0565766754626,54.4833223057544,44.8407675418023,19.9495448722233,112.767024993896,127.760078335597,78.741601881118,10.8233291889156,68.3768426114205,27.5654181674083,145.997249603271,122.458792622884,57.0607221197094,61.4376649766055,109.416801071167,125.78039932251,144.983955383301,60.4570341540921,101.095362247381,0,122.133291157369,106.921814254427,128.616204354821,77.6253128320399,127.644959964854,191.136700948079,93.8312067659359,186.801406860352,136.128961479373,138.013837178548,107.524111525457,158.316556470148,213.597351074219,178.247025923295,107.86930771047,114.195121813424,89.616344208413,121.460248398454,92.0104758713272,133.745895385742,170.93469619751,139.800278196148,106.69980974041,129.451390395518,107.299167315165,0,169.516138712565,116.512046813965,127.665944546084
9.6775288998395,98.676356059749,90.923493933821,67.4275124926086,92.3760435652025,18.9549859007435,40.9742409554499,59.4363907287932,32.1998494018233,58.8067699061666,81.3815300992597,59.6796492260535,85.7659009373558,100.85536027566,15.3298079383328,60.662684073815,97.9908932277134,81.6987164369251,105.484062541615,85.2894250386978,86.6293057494642,52.751354565281,73.4096712140895,72.6328399070813,66.3928182862291,66.8210276649112,103.242105708103,98.8018114473428,68.3768426114205,7.24928490973441,27.0376608713955,135.773085276286,6.8906588627754,9.57442026079088,25.402607760436,124.544659932454,118.048152923584,142.801157901162,77.4233266942641,114.952274121736,0,151.880326197698,124.402569668352,143.220461472221,97.7990995407104,165.96314566476,169.525279998779,111.77415154197,149.609146118164,153.446671847639,0,91.8664855957031,163.905665079753,0,138.13614654541,148.096749739213,143.21887512207,159.707150777181,144.308684539795,112.374353399687,107.890296936035,135.252620515369,148.488864509427,120.015578903838,149.518890380859,110.005703353882,0,0,139.902798788888,145.210067033768
24.6932063265794,87.7413756911819,65.9152740486804,57.4318601145889,102.095879146031,118.742118835449,89.025519526282,14.3008387293093,70.528468365746,50.4688888439234,74.9286795982948,98.6740231293898,129.702634811401,123.39255731756,63.6423121922437,109.275329589844,70.2006078362465,68.1716187017121,110.420697348458,94.4619354409394,140.409092712402,22.094114912852,55.1886344944558,45.9811301159716,61.8077805353352,113.643679300944,97.3002063188532,94.0636429416146,27.5654181674083,27.0376608713955,9.43499206659025,114.185302734375,107.966167103161,25.599592193207,36.7457990497176,101.133940887451,113.508936564128,137.086241912842,75.3501905267889,166.955516815186,0,148.384437561035,112.388588464082,135.123886339592,69.9362794494629,151.376696586609,0,147.770767211914,156.685409545898,137.752571279352,0,101.292766412099,136.729748535156,188.809432983398,168.52485874721,0,105.391275769188,85.4054727554321,121.212959666311,101.120615431168,0,143.356575859918,139.706601323308,105.290895612221,126.714455980773,107.815121356706,195.228561401367,150.218414306641,121.546244996967,132.347473144531
153.743118286133,62.8698069254557,78.3446575967889,61.9572287339431,163.489768981934,0,174.938798522949,145.30456660344,168.722396401798,142.310699462891,166.201696777344,34.6448341712436,167.218490600586,6.6968558940906,138.894372304281,0,0,89.8834922790527,38.4545816896803,58.4800731113979,0,0,86.5915451049805,92.577301718972,149.589027404785,50.4918848673503,16.1545927365238,10.8115697422667,145.997249603271,135.773085276286,114.185302734375,4.66291281643928,90.5536918640137,110.350758870443,71.1319885253906,0,0,123.502532958984,0,0,0,0,0,0,0,0,0,0,84.5376091003418,0,0,177.934051513672,0,0,98.8838373819987,0,0,0,197.760459899902,0,70.4035396575928,91.8671661376953,102.538122558594,0,0,0,87.1880187988281,0,0,0
70.474235534668,0,156.914291381836,115.658729553223,131.037246704102,9.6389702795295,15.8756447108598,102.145366123744,16.1185053533376,113.517791748047,108.223807852609,52.0348907782107,102.656687164307,75.7550299508231,9.47385984216825,26.8081124334624,0,119.075749206543,92.8976643880208,77.4195906321208,109.101017291729,156.152109781901,0,138.443283081055,121.622977256775,72.5156517028809,150.85122753325,87.694541237571,122.458792622884,6.8906588627754,107.966167103161,90.5536918640137,4.65434491030293,95.350269317627,38.9873229807073,0,184.807723999023,222.565551757812,0,0,0,0,0,209.062255859375,0,0,0,0,0,178.976928710938,0,0,0,0,0,0,0,0,0,148.671211242676,0,0,188.349075317383,0,182.16276550293,0,0,0,0,0
27.1544587807577,74.5499240330287,92.1310413486355,63.2881388600667,79.6293458071622,0,78.9163377986235,60.5097652894479,68.1122366494506,52.0443406385534,75.6960288853321,96.1496998430735,81.8011964162191,122.184642791748,26.2052478406621,95.1857045491536,97.5092519124349,80.0325689170986,110.987423143889,97.8569429998528,87.3931555975051,36.149723409348,65.4561698777335,61.2137729765877,59.7764509721649,123.856335957845,103.081721815483,97.3323578384687,57.0607221197094,9.57442026079088,25.599592193207,110.350758870443,95.350269317627,6.41535808193867,28.9967692358829,107.404426574707,111.079345703125,115.220363616943,71.9210463814113,136.078872680664,0,155.316528320312,109.993159438625,134.835099029541,94.9749828338623,160.809173583984,223.898712158203,126.578315734863,0,142.843311854771,0,103.857905069987,132.057392120361,0,173.650146484375,102.581100463867,104.964949289958,0,139.578538374467,103.344706414973,0,134.85355313619,137.559340103813,108.429939524333,130.297564188639,117.523298410269,0,0,127.417527198792,128.254155245694
59.0224027633667,49.7057360013326,57.588105910165,51.4618703012413,92.1689052234996,34.3138464645103,64.1242738778535,77.6593150479234,58.1309760322925,68.5439214529815,82.6228868500004,30.2940517956103,83.589530063541,53.6398287070425,42.9855743200228,32.3017929924859,77.6178354333948,43.6112424112001,58.7092391283889,44.4938013023748,85.6292560664752,34.6524527838549,59.5340036343306,46.549235030341,70.1004191640218,49.2200421439277,61.2626129170175,58.8308687109089,61.4376649766055,25.402607760436,36.7457990497176,71.1319885253906,38.9873229807073,28.9967692358829,13.251834046936,125.138968727805,88.8416575263528,92.7123119748872,78.9494774762322,122.06713104248,0,159.511729847301,126.825795023065,143.031626774715,105.645105361938,158.648170471191,112.876119613647,110.819002324885,108.269449234009,143.965512411935,0,114.752682277134,112.989227294922,0,117.109852061552,150.171803792318,132.617707905016,89.3873153686523,107.372885605385,112.613908316343,102.165170669556,102.023670058653,95.9670207208324,119.585758850638,137.686696370443,115.85446395874,103.528709411621,0,142.445405069987,127.035321669145
125.659907023112,138.49104309082,153.689239501953,98.0338301225142,150.837387084961,0,134.490364074707,113.729345703125,141.941984388563,86.6320793151855,116.98851776123,0,149.80057144165,163.543640136719,140.398545837402,0,0,158.770148141044,0,0,165.515533447266,111.948961469862,80.7719395955404,141.002200317383,101.966865129368,126.792556762695,148.039145333426,141.789527444278,109.416801071167,124.544659932454,101.133940887451,0,0,107.404426574707,125.138968727805,9.19632576433185,110.173771449498,86.8147092736286,58.6298475454975,75.0609163851351,61.5289726257324,71.9100521390683,25.3668328261169,26.8447975661669,62.951671702339,27.3945268885656,114.271322313944,87.4360020955404,133.384429931641,13.0999787085876,53.5802179336548,94.4325356916948,93.0584270613534,122.839171545846,102.537968067082,84.9448771476746,57.8529576918658,80.4142604154699,78.8392945039108,69.7879648234604,0,97.6912201782037,112.90549842885,69.489030954492,13.6153407113024,13.7230996505074,0,93.8396282196045,41.0900028480971,59.1634780580994
0,42.6292300277881,59.3181991577148,31.3679900922273,0,0,144.813064575195,117.23673248291,136.216374715169,0,0,97.0246553421021,0,85.1131880910773,158.335098266602,0,0,72.0352913750543,96.619010925293,92.7693145751953,0,157.051864624023,70.5973803202311,94.2391933865017,136.118179321289,56.6787007984362,66.740120013971,58.1517877531052,125.78039932251,118.048152923584,113.508936564128,0,184.807723999023,111.079345703125,88.8416575263528,110.173771449498,7.10910823813778,35.4372331256807,14.5144992988652,0,0,153.4501953125,117.120204544067,123.59319860285,72.838030729975,103.59693145752,60.7437686920166,0,58.4553188125559,134.337691413032,105.134862263997,57.0572276645237,49.4408704896853,72.5484455249928,49.1564444128072,0,72.7179809570312,26.1893391036109,55.0076499656395,74.8102165813177,28.5507416422405,46.2161969718998,29.3649961480757,106.244946797689,118.774550882975,102.661879288523,65.7763450210159,81.7943649291992,117.110733032227,49.0439647898954
134.469393920898,55.2803952143743,71.6714949153719,45.9822869404955,160.501663208008,0,169.13020324707,141.711205800374,163.902430216471,121.160405476888,161.028381347656,122.208487290602,0,110.280300685338,155.396814982096,0,105.930896412243,87.3923167122735,115.999885559082,113.14909689767,0,123.66911806379,73.1282888341833,89.6340528438526,140.244293906472,66.9146270751953,91.9140596177843,71.1089783102702,144.983955383301,142.801157901162,137.086241912842,123.502532958984,222.565551757812,115.220363616943,92.7123119748872,86.8147092736286,35.4372331256807,10.7538926582298,38.6237959472501,139.262637051669,0,123.526643528658,81.6415913472562,104.035141721428,92.513109503852,101.972647361233,106.449449221293,133.45149230957,88.5193214416504,100.915438841842,123.032315063477,88.4914525349935,29.5437101380018,77.0741056359333,55.780816424652,163.54811223348,56.2632528822661,49.2664690921181,29.2548157023589,98.6050769369401,70.9930674235026,18.4766815953213,26.5859699498241,75.537020764766,117.391605828398,59.4685504694095,0,153.613123575846,99.7049342188342,54.0576990455135
68.8830909729004,58.540184656779,66.4692392076765,23.9168724015702,71.4085864475795,0,82.02110412273,61.6412111033564,76.1609323033234,55.2507652394912,83.0053974586197,83.2549493577745,79.8065631172874,66.157841933401,93.8912352376909,78.9031931559245,67.5175433349609,90.5076654222276,64.7596130371094,61.3832130432129,84.6487520535787,67.9822868771023,48.66561299182,76.6556071619834,54.0190059797055,46.7776982698509,82.5684378487723,74.9846596364622,60.4570341540921,77.4233266942641,75.3501905267889,0,0,71.9210463814113,78.9494774762322,58.6298475454975,14.5144992988652,38.6237959472501,10.9970646520774,47.9515157427107,0,65.7821287834781,51.4082903617797,68.1234410952215,24.0732172916622,67.0538400113583,57.6566630618673,44.962876499563,46.9571464584707,81.6246285631478,63.0783526102702,35.0255292069678,54.4340880112178,76.1881097157796,56.0649624898762,70.1620807647705,49.0214149072057,21.6157901241077,51.5034876393897,32.6789306158955,26.404021470248,43.8452256290424,38.4976840375616,49.6083250872037,73.7793245265621,50.6404179376188,60.6984455354752,110.188515799386,59.2745566243277,56.18225588855
