9.76201795681201,125.617340087891,93.5103436942412,67.456939458847,79.7891756057739,79.8937540690104,85.9970177051633,24.4198959581039,45.6111684522578,61.5472737507648,59.4651659162421,121.387456959692,95.108777663287,142.274502563477,14.7067424916936,73.5154907226563,108.105397796631,102.799500236758,149.175323486328,132.274346531028,84.2558269500732,77.1807067577655,73.6447896396413,95.1853456681299,71.6772107407451,0,124.966871012812,131.394507271903,71.7973812360364,18.3574303337412,30.1081347394051,192.01974995931,85.7806969919512,41.7575684212546,75.661669961938,133.678700764974,176.915344238281,173.848170689174,83.1321135540398,159.780639648438,0,171.552299499512,132.543826227603,167.76962890625,101.382739067078,165.239654541016,0,0,0,151.888137817383,0,111.124134608677,188.21573638916,224.556854248047,195.637908935547,0,142.590913391113,86.3715171813965,141.565516153971,122.066552375345,0,207.293182373047,173.567293439593,128.754948549492,128.676197398793,131.040117740631,0,0,130.790150960286,153.007301330566
125.617340087891,6.52957283074352,42.3769270173201,8.38274063698707,114.200218200684,0,179.429046630859,112.980518341064,145.153755187988,63.7324186626234,206.106643676758,65.5302002518265,95.013427734375,53.6091002805985,125.130687713623,125.880805969238,78.654634995894,57.6412944335937,73.0722584724426,68.0038764171111,109.499092102051,98.9468561808268,28.631643477008,67.4235960204026,71.1905406448076,27.7773467640162,62.1029530097698,28.462319726955,98.3884906768799,104.756801605225,95.3612469264439,74.4969723111107,104.51124382019,115.710746765137,60.4782368716072,0,75.7347383499146,104.824555969238,66.52570271492,0,0,0,0,0,185.266487121582,171.89225769043,0,0,88.7698426423249,0,0,211.673110961914,102.048843383789,102.866355895996,119.220024108887,0,0,138.088962554932,0,159.554103851318,76.0220340092977,113.112907811215,109.74631456397,186.462844848633,0,0,124.93362681071,0,0,113.227996826172
93.5103436942412,42.3769270173201,12.5411597077739,43.0822482447116,126.409040114459,178.698388671875,142.676915293155,98.5069820329741,124.938181924654,125.61185288011,110.546970154716,87.9602591650827,136.952529483371,146.030613708496,111.26256599763,153.028730010986,108.424088478088,41.3900680600305,91.9215615720165,70.4248731165237,156.443117777507,57.9995937458133,48.0903581736381,27.7300942769505,115.219728968165,61.0553588867188,39.1668079657719,32.8226577821043,83.8265078137268,113.756225213772,75.4489066681396,115.379515907981,160.229757036482,114.343873307512,63.7942844995638,183.16493733724,73.4561665290225,93.5507824418306,75.0782895229831,0,0,202.298624674479,166.517241593246,193.879660355417,141.970825195312,175.804972839355,125.002288818359,195.882736206055,159.924044799805,207.669882638114,212.715850830078,118.767204148429,105.345317416721,145.508943684896,120.774243413186,0,119.008703685942,60.6481225477542,100.49935956951,168.864794605183,146.497663497925,109.701729149831,99.5153347535071,155.657236876311,151.432611465454,156.071621922084,152.693300519671,0,140.006759643555,114.406656973703
67.456939458847,8.38274063698707,43.0822482447116,40.977413974186,64.3624309631715,110.676737104143,93.5256068171287,69.7117976286795,89.2519952654839,39.7092522771221,81.7484830628841,74.565310990183,84.3230594907488,61.1369495770789,85.4773085380364,77.0907541275024,41.6903154338218,61.4351850481928,88.1395059313093,81.0785003317163,69.5772622426351,53.7262378500461,22.9860226739771,49.7651550817687,45.2887886786393,26.0059092705793,64.9305155189292,37.7434695096586,51.9753780251862,75.1188659331378,63.3775710260499,77.0693121751149,123.515822274344,58.9554231397567,66.9096942214279,89.8698000226702,48.2980609734853,80.8695722307478,12.1688154870814,104.141372680664,0,111.126508076986,86.7645576090752,126.190316518148,32.7663991347603,119.632286874872,167.187957763672,159.010803222656,64.0634123665946,116.504397964478,0,66.7460994720459,93.679010738026,65.2905235290527,116.173991733127,85.3503646850586,79.8762476690884,25.4340654872358,72.3029293298721,75.7344380532542,45.6722955374882,100.552599554663,85.3179398652549,89.2362652762992,89.7477934464164,87.2527267819359,111.309335708618,183.590942382812,62.6928730010986,92.6803807345304
79.7891756057739,114.200218200684,126.409040114459,64.3624309631715,7.98256823076043,125.155530293783,74.5117509865466,86.1225741351092,101.080971589283,35.5555790892818,23.9732812355672,152.380325317383,21.0281777251532,0,99.893991273025,53.6181932355537,121.343063354492,138.416831970215,0,171.816627502441,13.8158764833796,111.10547765096,82.5403283437093,114.490014212472,10.817443979409,0,146.42267036438,125.254940619835,15.5415778784274,88.1673279809827,86.2321988274069,0,142.38356256485,84.4967540105184,98.7378027070829,238.986053466797,142.665969848633,206.766576131185,94.754390485359,14.5147650132468,216.319549560547,142.545006343297,133.09111521321,167.062752423968,91.7047843933105,112.044013746104,0,18.1312822986897,0,181.298931724147,139.874375479562,113.961166381836,0,0,0,16.4414073547538,197.78337097168,129.955993652344,199.198379516602,108.471454469057,0,214.091654459635,186.633110894097,133.049594564831,179.081393155185,148.566396077474,0,199.195327758789,0,173.002976417542
79.8937540690104,0,178.698388671875,110.676737104143,125.155530293783,6.76030808918724,10.02710689492,123.272419399685,23.9348566491768,115.809427199825,119.298421739023,67.4016111755371,106.65188869798,82.8009859720866,37.7947539125564,17.5351343410305,132.392543792725,165.037276131766,95.3627141316732,150.70832824707,125.631054822136,151.326553344727,107.571502685547,148.393540518624,128.655903028405,83.1955846150716,151.636926015218,138.771941775367,133.39567220436,32.163385071653,128.557406107585,113.721391677856,9.64693437849249,0,46.6161499256041,0,0,0,142.800248718262,126.836349487305,0,230.861274719238,189.737942504883,223.397087097168,145.169006347656,191.342661539714,0,0,0,199.651420593262,0,130.13134765625,0,0,0,0,191.289179484049,137.827255249023,241.03825378418,183.290909507058,0,0,198.47721862793,182.548079057173,0,188.577356974284,0,0,213.459197998047,0
85.9970177051633,179.429046630859,142.676915293155,93.5256068171287,74.5117509865466,10.02710689492,9.76687243617998,65.4050969948946,20.4348482732856,70.6511663070092,37.8367280151543,87.3418639231536,24.8712292523328,106.985361814499,31.1020920152837,13.8671529377762,132.975839614868,162.931465728373,118.271596272786,190.722472797741,63.220236740337,126.654680067493,118.851832221536,130.659992836617,76.7533177063528,84.4837188720703,169.842694974413,156.957065195277,71.1633214187622,41.5262913383946,110.444437341783,132.151658194406,13.4394735213447,98.414576586555,67.6742833922033,181.210726224459,217.214134216309,221.061660766602,120.531117030552,149.672975752089,0,178.567138671875,158.50355105056,184.86669031779,136.531877344305,160.000536868447,0,120.47484588623,0,193.711179845473,0,137.13591003418,211.802047729492,0,0,146.221003638373,0,122.466125488281,197.338062286377,142.147561567801,0,231.429580688477,208.268888685438,157.880933940411,178.033130168915,168.231783548991,0,0,160.854106903076,188.967185974121
24.4198959581039,112.980518341064,98.5069820329741,69.7117976286795,86.1225741351092,123.272419399685,65.4050969948946,9.18367152004229,63.7523024692365,56.7768904952077,14.24394781172,147.031212315415,47.0221221329736,165.454306920369,29.8040667248748,82.4244646440472,103.752997334798,116.507727111816,174.551193237305,153.904215842799,89.5094825938597,70.9442371939593,93.533517074585,79.7403244075291,57.7247751655435,171.370737711589,139.25210230014,111.475407201114,28.5042142529363,61.1646801462857,21.8043758110883,189.930374145508,123.445540933048,62.3382600279159,85.9645619111903,126.889129638672,150.063468933105,171.711522316446,88.6650061173873,128.523276265462,197.220611572266,155.277941068014,124.063320843927,156.581373214722,101.333939462338,140.238716125488,223.973770141602,126.083219909668,0,153.910204448397,0,131.507624699519,185.960869422326,221.179458618164,206.669281005859,137.879613876343,164.184509277344,114.596508257317,160.145778424812,114.452099047209,0,194.667215074812,177.527898846251,127.166811878031,148.704202016195,136.474934895833,0,0,119.595486958822,152.083861456977
45.6111684522578,145.153755187988,124.938181924654,89.2519952654839,101.080971589283,23.9348566491768,20.4348482732856,63.7523024692365,12.4366967572655,82.6283325502242,36.7365763881067,81.3291340058256,82.9210089902297,86.9313629374785,21.245596000609,32.9872357175241,134.778675079346,134.013760256986,153.675769424438,164.176631586097,94.4204452396057,110.738122762636,112.753600984461,118.140730285645,94.2895861998112,115.477123896281,152.573001552546,155.10268218796,93.4662871165625,36.2033893263078,78.6849566837265,128.782585144043,14.4401907189975,92.5666587769039,77.626053928365,166.721263163799,242.375991821289,202.85675904809,109.031157069269,143.551834651402,0,179.92768351237,153.915630278493,181.000570774078,121.79499373663,164.695619669828,238.127944946289,147.479821341378,0,185.145981226212,190.12353515625,162.120720757378,208.0670300652,231.527877807617,226.175765991211,173.884273182262,190.52939120206,152.230439503988,197.8626368596,144.570733901402,142.22477722168,211.707673914292,203.94951355763,153.609457685773,174.45819235409,162.635296380342,0,232.115875244141,169.594309997559,178.72114054362
61.5472737507648,63.7324186626234,125.61185288011,39.7092522771221,35.5555790892818,115.809427199825,70.6511663070092,56.7768904952077,82.6283325502242,7.65396932169223,72.7401820832649,129.91730665124,13.2867587639253,118.619003677368,79.7741693782806,19.9290856589351,50.8230089980565,123.004681030909,137.089649200439,139.776988534366,29.7184069164954,60.2214999937675,19.8662460378446,83.0512593098176,21.0763355216085,101.087793041846,129.001951333248,109.735456764628,48.5945249073372,68.8660137647345,58.7294316046579,137.300806045532,120.141082988066,64.8516368865967,100.258583661422,143.504119873047,183.833541870117,171.345600128174,44.4492515981867,89.268861917349,0,119.288386753627,109.951760956735,141.450331978176,33.6212188879649,99.6033610105515,0,67.847813129425,159.671940196644,141.111336299351,61.5070009231567,116.122323608398,199.660578409831,0,208.825338745117,82.1058676870246,151.496994018555,66.4279841423035,161.543984549386,71.6860784255074,143.092592092661,187.987046776748,177.743807576497,113.03850241767,145.363263910467,119.386564527239,229.581024169922,0,125.833848571777,150.822128295898
59.4651659162421,206.106643676758,110.546970154716,81.7484830628841,23.9732812355672,119.298421739023,37.8367280151543,14.24394781172,36.7365763881067,72.7401820832649,9.91926920027786,153.785969597953,28.6306659395284,164.881796836853,46.1367098659003,69.5139946613497,107.555422973633,123.827739834045,165.75678507487,160.340849575931,15.9731655115221,86.1607083082199,102.204577502082,95.6413800797025,66.1049801236501,150.443511962891,144.560902389577,131.100801804486,24.5358821320526,81.3273392519917,64.8476284489487,191.331405639648,124.313388082005,79.0141902739002,90.6129720400004,162.471536636353,167.078443527222,193.642564319429,99.1394204226407,116.586689321618,203.956904093424,167.231473236084,140.411157260688,168.121003598583,107.543239911397,151.453211306159,0,143.360845631567,0,173.949602762858,157.329823811849,174.80842590332,204.492135620117,0,193.187656402588,145.692953593695,196.379150390625,144.459584236145,171.85712071469,122.353188205206,0,212.822494506836,187.048759274366,143.593008689333,180.000377655029,155.914605947641,0,0,151.024345397949,179.456673362038
121.387456959692,65.5302002518265,87.9602591650827,74.565310990183,152.380325317383,67.4016111755371,87.3418639231536,147.031212315415,81.3291340058256,129.91730665124,153.785969597953,16.2680629681664,138.970934753418,30.2166145695061,76.01634721195,80.8816326141357,127.517227172852,58.8327203624977,22.0028066999237,20.4407891239146,154.562639089731,94.4338842198469,106.984279851804,90.4509273628136,145.754511138539,35.2639426071148,25.5001732677764,64.5515626572274,145.616424179077,58.633734636346,105.129922503517,50.0128024942331,64.3287380109124,92.779167175293,29.4283240985748,180.401077270508,102.082688331604,137.246187482561,73.9363772241693,0,0,237.765106201172,194.933181762695,0,200.015777587891,215.154724121094,116.780529785156,0,89.6423471140307,208.263626098633,0,179.070510864258,173.261761474609,116.754173278809,136.408003670829,0,179.613128662109,139.152824401855,150.402339935303,187.075040544782,73.6017815470695,117.539742745009,112.229801003791,221.913274129232,236.848403930664,194.730194091797,111.66347694397,0,0,157.070919799805
95.108777663287,95.013427734375,136.952529483371,84.3230594907488,21.0281777251532,106.65188869798,24.8712292523328,47.0221221329736,82.9210089902297,13.2867587639253,28.6306659395284,138.970934753418,8.52637323041955,158.801265369762,96.9905684573995,14.2493234456105,0,177.74292755127,0,177.832138061523,13.5629361217524,135.526847839355,136.667700195313,120.805704116821,27.8913799279204,0,178.614517211914,144.269436871564,50.3631316630273,93.3128705382347,98.0294818878174,0,116.698928041278,99.0434957231794,98.5092194404131,0,0,218.247009277344,85.9991134643555,23.4444755983125,0,99.6384948094686,153.735961914062,154.435952758789,72.8182958519977,99.2156078879898,0,9.89234139328942,0,171.722845458984,190.48127746582,0,0,0,0,12.9577896057559,0,87.6022720336914,199.45556640625,117.830278078715,0,183.5732421875,211.509422302246,151.6112439005,162.582255045573,173.950416564941,0,0,0,168.096084594727
142.274502563477,53.6091002805985,146.030613708496,61.1369495770789,0,82.8009859720866,106.985361814499,165.454306920369,86.9313629374785,118.619003677368,164.881796836853,30.2166145695061,158.801265369762,6.51233591265553,90.9407980648088,0,110.274848937988,140.417428152902,54.3273163699032,70.5632942914963,166.550563267299,144.165500640869,94.4567683640347,144.091379801432,128.77735756322,18.5475100656988,36.3514866048772,30.7240548131353,154.174237337979,75.8053544362386,170.791848754883,16.0916744675548,79.7787049838475,0,57.4441957590214,0,88.7291016829641,204.809043884277,41.2763954798381,0,0,0,212.392094930013,0,146.694518594181,0,94.6803009445603,0,73.7849099967653,150.652282714844,0,0,171.377632141113,101.793900473076,119.834599928422,0,0,135.149700709752,173.152130126953,185.607614135742,59.230493702005,102.389154268553,95.5644247589111,213.210487365723,0,211.142822265625,100.463984171549,0,0,155.307344709124
14.7067424916936,125.130687713623,111.26256599763,85.4773085380364,99.893991273025,37.7947539125564,31.1020920152837,29.8040667248748,21.245596000609,79.7741693782806,46.1367098659003,76.01634721195,96.9905684573995,90.9407980648088,9.38140404658555,56.2054216048297,101.621049768784,119.728195042923,131.390045166016,145.709114215125,96.7125776111427,97.9816661957772,96.6744422359743,107.55902475107,90.8856781716289,102.622275458442,138.660652954454,140.775258443442,89.5277882377125,20.6944045934614,60.5481334962301,118.353359767369,12.228757389357,23.0002176579474,56.9405458863689,157.723737589518,136.455963134766,176.786920819964,101.595232358186,161.466229248047,0,172.876336233956,150.849191506704,178.88113509777,120.671184866769,190.166092681885,0,204.499771118164,0,177.326042175293,188.437652587891,135.209575946514,180.713577270508,148.112640380859,235.609918212891,180.592859903971,172.281842549642,133.516514672173,173.957710629418,142.12039652005,0,197.878492736816,186.785326538086,151.442894167263,162.516898685031,159.485272026062,0,0,142.637585957845,176.837197621663
73.5154907226563,125.880805969238,153.028730010986,77.0907541275024,53.6181932355537,17.5351343410305,13.8671529377762,82.4244646440472,32.9872357175241,19.9290856589351,69.5139946613497,80.8816326141357,14.2493234456105,0,56.2054216048297,7.98249757217707,0,152.898317718506,0,182.138648986816,57.1606667508784,101.581560134888,87.3149452209473,111.554975721571,36.9433140470781,128.256713867188,202.479774475098,143.549254473518,80.3246463096305,41.8520846170922,83.3795645577567,145.807331085205,44.1853568045819,41.666431427002,45.6021033577297,165.790313720703,0,0,118.288602193197,85.2098083496094,0,161.349868774414,159.177219935826,184.291259765625,157.503845214844,148.838150024414,0,241.47087097168,0,179.320907592773,0,0,246.797241210938,0,0,0,0,0,0,139.779015280984,0,0,222.763702392578,151.973771776472,211.400451660156,0,0,0,146.345794677734,159.523796081543
108.105397796631,78.654634995894,108.424088478088,41.6903154338218,121.343063354492,132.392543792725,132.975839614868,103.752997334798,134.778675079346,50.8230089980565,107.555422973633,127.517227172852,0,110.274848937988,101.621049768784,0,13.5650714753446,113.224596786499,0,140.440710885184,0,20.4106563315291,33.8638255481244,16.3490128004658,26.8577071702904,136.366549491882,126.627261513158,34.0900304806221,46.4592129950876,89.2300251960754,76.3671788501132,157.57413482666,129.774551391602,71.2822699113326,78.7907839382396,137.875225067139,105.151916503906,127.065303968347,58.9784738307691,0,0,178.361206054688,135.547424316406,145.46745300293,135.94354095459,0,0,0,0,140.33723449707,0,90.6163142813577,143.49651506212,0,0,115.027030944824,116.306298689409,61.8010725293841,104.507809778403,125.786272385541,0,163.203477859497,123.211088433323,122.284790257045,135.446971348354,111.123087565104,0,0,106.597643534342,113.677519480387
102.799500236758,57.6412944335937,41.3900680600305,61.4351850481928,138.416831970215,165.037276131766,162.931465728373,116.507727111816,134.013760256986,123.004681030909,123.827739834045,58.8327203624977,177.74292755127,140.417428152902,119.728195042923,152.898317718506,113.224596786499,11.6719770008522,64.7406154863762,30.6032410811804,156.367895507813,57.2787252491356,88.1581375247142,25.3941632333817,129.090728799092,91.460870107015,26.4605776912831,65.486321512207,114.41050120471,99.2142879105841,77.5229595366758,100.019637552897,177.395111083984,90.5814464817876,35.1091305537216,0,92.7704243659973,109.47999917618,92.258426334547,0,0,225.009475708008,178.175035916842,201.101603190104,184.552087402344,189.200763702393,136.620244344076,0,152.72346496582,204.468208312988,0,153.945251464844,117.044091408297,175.480466570173,128.968417789625,175.840805053711,151.111206054688,101.781258928015,128.122218532839,167.712255141314,126.953512191772,116.388764058558,113.711198750899,188.233899943034,184.377573649089,162.46360206604,157.697747802734,0,179.412516276042,141.977976568814
149.175323486328,73.0722584724426,91.9215615720165,88.1395059313093,0,95.3627141316732,118.271596272786,174.551193237305,153.675769424438,137.089649200439,165.75678507487,22.0028066999237,0,54.3273163699032,131.390045166016,0,0,64.7406154863762,8.42522922010513,15.9408754590679,0,115.642880439758,121.281396389008,110.216683314397,158.199786594936,45.4889647820417,32.564683136995,70.1496579215225,161.933401925223,102.504986965295,138.193396674262,53.4481603841987,96.7905854445237,116.661186218262,69.1366282963321,0,123.377581278483,184.109100341797,94.555712890625,0,0,0,233.890731811523,0,0,0,0,0,99.5327766418457,0,0,0,168.19172668457,118.941808700562,135.618446350098,0,0,127.78694152832,0,0,88.4100685119629,120.790258669386,117.415267555577,0,0,0,133.372125244141,0,0,142.421516418457
132.274346531028,68.0038764171111,70.4248731165237,81.0785003317163,171.816627502441,150.70832824707,190.722472797741,153.904215842799,164.176631586097,139.776988534366,160.340849575931,20.4407891239146,177.832138061523,70.5632942914963,145.709114215125,182.138648986816,140.440710885184,30.6032410811804,15.9408754590679,11.9007105494809,173.922760009766,97.0337151705363,110.442368326308,76.6238606110597,148.237181675287,58.92037941753,26.6664463731675,71.767857006878,148.590693840614,113.311372856,109.379231215767,60.3339290777842,105.812784406874,103.043326762685,44.4378070973737,163.191299438477,103.658572926241,132.672927856445,93.9971725675795,0,0,0,214.685628255208,229.936157226562,175.520385742188,193.213897705078,144.496147155762,222.377746582031,126.978499276297,0,0,182.398902893066,141.314167404175,128.332899475098,129.63972895486,0,181.002294921875,167.006167820522,161.303041898287,197.984603881836,94.0610283613205,122.092631374087,122.641425697275,234.425796508789,183.264923095703,185.446843465169,142.298854064941,0,173.808868408203,136.642901992798
84.2558269500732,109.499092102051,156.443117777507,69.5772622426351,13.8158764833796,125.631054822136,63.220236740337,89.5094825938597,94.4204452396057,29.7184069164954,15.9731655115221,154.562639089731,13.5629361217524,166.550563267299,96.7125776111427,57.1606667508784,0,156.367895507813,0,173.922760009766,8.69992605117987,126.097440083822,101.400403703962,126.424746922084,17.3820082206098,139.390777587891,187.54583304269,140.078778982162,34.6441834557121,91.821786537735,108.263857754794,190.13298034668,130.201730931059,86.0899558067322,93.4429919363438,142.779602050781,0,208.710525512695,84.5129488894814,22.5591783320438,0,138.589085987636,129.829984130859,167.2377368927,88.7421739284809,127.02032998892,0,23.0789477781418,0,173.498211860657,107.846281687419,170.371643066406,0,0,0,27.1576598448876,164.117477416992,133.163558959961,167.386693318685,101.113428842998,0,201.059204101562,171.218393325806,115.853042035784,165.60326385498,148.812881469727,0,181.260055541992,0,186.762756347656
77.1807067577655,98.9468561808268,57.9995937458133,53.7262378500461,111.10547765096,151.326553344727,126.654680067493,70.9442371939593,110.738122762636,60.2214999937675,86.1607083082199,94.4338842198469,135.526847839355,144.165500640869,97.9816661957772,101.581560134888,20.4106563315291,57.2787252491356,115.642880439758,97.0337151705363,126.097440083822,9.70872933415166,51.5208694642425,23.6333961019706,24.2874533530564,129.622543334961,108.28225024071,66.2928659196003,20.8249477805995,43.8383716000073,22.8418403339427,139.680236816406,146.862341986762,48.9244012916053,46.3708909766536,133.005280234597,111.179985046387,129.931304754213,62.3843760714811,225.865219116211,0,193.741363525391,132.638919945919,157.666704177856,120.902079772949,208.884971618652,0,0,0,145.53020511974,0,111.579017496998,147.963671366374,0,146.912574768066,144.595657348633,117.643070220947,78.7133272503494,114.029257035639,120.899547106599,0,176.540741729736,135.511630880422,121.539291948591,123.860520172119,110.685287655101,0,0,105.30923861549,115.102313041687
73.6447896396413,28.631643477008,48.0903581736381,22.9860226739771,82.5403283437093,107.571502685547,118.851832221536,93.533517074585,112.753600984461,19.8662460378446,102.204577502082,106.984279851804,136.667700195313,94.4567683640347,96.6744422359743,87.3149452209473,33.8638255481244,88.1581375247142,121.281396389008,110.442368326308,101.400403703962,51.5208694642425,8.58017099753583,49.8214669052903,28.6343474873848,75.9302450437803,96.7562629519485,44.5535756738033,55.0937358098232,64.5729775188638,59.9073940302362,116.858062128867,109.458597183228,47.2671863932005,77.0433543395996,132.883039474487,124.315296519886,93.6072587966919,18.4087557504917,0,0,0,148.955680847168,151.931789398193,100.975947062174,150.730903625488,0,0,142.118359459771,133.365488052368,0,91.8697808005593,125.079365412394,146.98397064209,139.842704137166,0,93.4706647396088,28.0297811407792,91.9915947145031,111.601575148733,133.080529212952,147.237265205383,125.706034542763,109.857474822998,148.823467254639,122.245066833496,178.980270385742,0,0,133.085485458374
95.1853456681299,67.4235960204026,27.7300942769505,49.7651550817687,114.490014212472,148.393540518624,130.659992836617,79.7403244075291,118.140730285645,83.0512593098176,95.6413800797025,90.4509273628136,120.805704116821,144.091379801432,107.55902475107,111.554975721571,16.3490128004658,25.3941632333817,110.216683314397,76.6238606110597,126.424746922084,23.6333961019706,49.8214669052903,13.5910766963454,63.9554954616963,105.176418651234,82.4326147178595,40.5965856347675,48.4954400542247,71.0972373862647,52.079091255724,150.949752807617,133.716818809509,36.836804589767,46.1776024449602,171.844492231097,97.2628571987152,101.722334037464,63.9898799831032,189.307464599609,0,176.108772277832,165.27298598993,191.834060668945,132.718701680501,166.927210126604,172.472183227539,0,0,163.11124093192,0,95.8679392189252,122.927362000414,194.091934204102,145.357089381064,189.232131958008,116.744511759254,67.8512930262651,107.731111127548,140.065743393785,0,134.368517962369,109.403936051024,144.642141532898,153.443563779195,118.029128694795,198.757949829102,210.021469116211,131.3639087677,120.65376159668
71.6772107407451,71.1905406448076,115.219728968165,45.2887886786393,10.817443979409,128.655903028405,76.7533177063528,57.7247751655435,94.2895861998112,21.0763355216085,66.1049801236501,145.754511138539,27.8913799279204,128.77735756322,90.8856781716289,36.9433140470781,26.8577071702904,129.090728799092,158.199786594936,148.237181675287,17.3820082206098,24.2874533530564,28.6343474873848,63.9554954616963,10.5672007255721,111.081086809611,132.937714556138,91.1671560607543,20.4489284289776,74.2422506890222,69.612978079319,150.932667999268,129.528990535413,64.4561537742615,94.2812895748202,127.129700777823,152.996490478516,163.944074789683,65.3340200100305,113.028328398254,189.149139404297,133.369456939697,116.064705486955,149.793482208252,73.8250556099684,122.03031274615,189.924217224121,113.658786180284,159.40643157959,144.02359953923,88.4239602088928,101.126303225147,174.900882720947,200.215108235677,178.193978445871,106.465639559428,131.182791276412,84.5681821796256,146.798843646872,95.8416593090658,159.070887247721,180.086790406859,170.526033163071,115.482235117094,132.616642252604,118.761867523193,206.008911132812,186.992614746094,118.294564928327,140.797886293326
0,27.7773467640162,61.0553588867188,26.0059092705793,0,83.1955846150716,84.4837188720703,171.370737711589,115.477123896281,101.087793041846,150.443511962891,35.2639426071148,0,18.5475100656988,102.622275458442,128.256713867188,136.366549491882,91.460870107015,45.4889647820417,58.92037941753,139.390777587891,129.622543334961,75.9302450437803,105.176418651234,111.081086809611,7.55750482052745,49.4794507252305,24.6616910751605,142.4211001926,84.3211887500904,133.681213378906,53.9091638937229,78.5280529658,130.692596435547,54.3001522014016,188.005523681641,90.2198780907525,142.58544921875,29.835329413414,0,0,0,0,0,157.168853759766,0,84.7388510453074,0,65.1175069706414,0,0,0,150.082885742188,85.6438253130232,99.8642640795026,0,0,141.109353065491,179.408508300781,150.999012756348,38.2336473020983,82.1114388788025,72.9931042035421,183.239954630534,0,186.528610229492,85.3615983182734,0,0,130.252561569214
124.966871012812,62.1029530097698,39.1668079657719,64.9305155189292,146.42267036438,151.636926015218,169.842694974413,139.25210230014,152.573001552546,129.001951333248,144.560902389577,25.5001732677764,178.614517211914,36.3514866048772,138.660652954454,202.479774475098,126.627261513158,26.4605776912831,32.564683136995,26.6664463731675,187.54583304269,108.28225024071,96.7562629519485,82.4326147178595,132.937714556138,49.4794507252305,12.8255352587317,31.9301774330754,141.415120853214,118.085701032785,119.246806079138,24.9491412323858,110.817338689168,113.736595906002,64.8626551433719,208.339803059896,93.9136348073075,120.95192861214,78.5438997510453,182.447158813477,0,244.003982543945,197.092994241153,221.467590332031,181.554545084635,206.137699127197,131.276642608643,0,110.018868178464,205.644114176432,0,159.313793182373,128.342435054642,124.01250445048,114.339033437959,0,161.03727722168,142.327646789551,157.375195589933,191.920892888849,87.325485408586,110.316884271531,107.457075619332,206.150852203369,187.880176544189,175.045600382487,123.65512802124,0,0,130.844586332079
131.394507271903,28.462319726955,32.8226577821043,37.7434695096586,125.254940619835,138.771941775367,156.957065195277,111.475407201114,155.10268218796,109.735456764628,131.100801804486,64.5515626572274,144.269436871564,30.7240548131353,140.775258443442,143.549254473518,34.0900304806221,65.486321512207,70.1496579215225,71.767857006878,140.078778982162,66.2928659196003,44.5535756738033,40.5965856347675,91.1671560607543,24.6616910751605,31.9301774330754,15.5535023570958,74.9007391621185,120.72218132019,111.0274537721,31.1623852412579,117.203212080331,111.038472265946,67.8912057148432,167.111901855469,83.5671459312822,94.7757185075322,68.4337227039474,187.552773611886,0,202.085913085938,174.08528523763,200.142320192777,160.530029296875,192.709060668945,129.683032706932,182.642696380615,113.043398149174,196.061024521336,150.401473999023,111.95916156234,110.419886181236,126.933811987232,119.735423499608,188.553254869249,132.814738963385,70.2117437023983,105.950098522528,161.420741473358,87.069583643133,109.244875431516,104.329281692584,160.489253309038,186.373716874556,159.399770050049,125.203194952011,0,148.767590522766,130.933074214032
71.7973812360364,98.3884906768799,83.8265078137268,51.9753780251862,15.5415778784274,133.39567220436,71.1633214187622,28.5042142529363,93.4662871165625,48.5945249073372,24.5358821320526,145.616424179077,50.3631316630273,154.174237337979,89.5277882377125,80.3246463096305,46.4592129950876,114.41050120471,161.933401925223,148.590693840614,34.6441834557121,20.8249477805995,55.0937358098232,48.4954400542247,20.4489284289776,142.4211001926,141.415120853214,74.9007391621185,11.3483881648926,72.9312236923392,30.9496830346508,185.785064697266,133.59569422404,60.4544821712824,68.1394697841108,123.493906779462,189.979164123535,166.067652435303,66.7021726997199,62.0602174098032,172.849540710449,153.387489397501,122.82606422295,155.740947810482,93.8607141017914,142.325379093264,209.657864379883,136.82296034006,0,144.412382388334,157.706100463867,107.345019099688,182.170873853895,222.18440246582,190.915241786412,138.428571407612,123.496253178037,85.7974129701272,136.233250665326,111.659109891552,0,187.54457824707,163.602331738953,121.955786985249,137.350304612836,116.666765575341,0,197.05940246582,115.264672830071,143.835796043521
18.3574303337412,104.756801605225,113.756225213772,75.1188659331378,88.1673279809827,32.163385071653,41.5262913383946,61.1646801462857,36.2033893263078,68.8660137647345,81.3273392519917,58.633734636346,93.3128705382347,75.8053544362386,20.6944045934614,41.8520846170922,89.2300251960754,99.2142879105841,102.504986965295,113.311372856,91.821786537735,43.8383716000073,64.5729775188638,71.0972373862647,74.2422506890222,84.3211887500904,118.085701032785,120.72218132019,72.9312236923392,10.5815192686868,28.154204019619,106.172409751199,13.75851884068,14.7706328679779,36.4961337128901,142.273170047336,153.60969543457,177.265797206334,78.7553335635248,128.305701515891,0,153.69208017985,146.649486521128,176.851358731588,101.539624616835,171.753652954102,0,201.87565612793,0,165.924477225856,156.052108764648,121.039015246976,199.495402526855,118.054840087891,164.85986328125,176.838218688965,130.081132137414,115.732048447068,143.574737302719,136.263295218772,158.864044189453,190.263534969754,178.493437174204,141.069714000744,148.807881164551,138.98423688552,0,218.518173217773,134.318601434881,160.068542957306
30.1081347394051,95.3612469264439,75.4489066681396,63.3775710260499,86.2321988274069,128.557406107585,110.444437341783,21.8043758110883,78.6849566837265,58.7294316046579,64.8476284489487,105.129922503517,98.0294818878174,170.791848754883,60.5481334962301,83.3795645577567,76.3671788501132,77.5229595366758,138.193396674262,109.379231215767,108.263857754794,22.8418403339427,59.9073940302362,52.079091255724,69.612978079319,133.681213378906,119.246806079138,111.0274537721,30.9496830346508,28.154204019619,12.1997591904405,180.701438903809,133.992085306268,45.7097865627482,38.1288746743351,135.566889354161,148.44206237793,143.482391773571,69.1088240782765,138.471115112305,0,184.803762817383,129.209916400094,165.945395151774,102.861559549967,160.896759033203,0,0,0,152.595787684123,171.321266174316,112.162526904412,161.677230834961,0,188.829221452985,140.652130126953,120.611742380503,86.1629876529469,119.528992770581,123.87746215171,0,175.35193216233,160.276923794217,126.813779919509,133.134486322818,121.385755424826,0,0,116.185754299164,129.825839148627
192.01974995931,74.4969723111107,115.379515907981,77.0693121751149,0,113.721391677856,132.151658194406,189.930374145508,128.782585144043,137.300806045532,191.331405639648,50.0128024942331,0,16.0916744675548,118.353359767369,145.807331085205,157.57413482666,100.019637552897,53.4481603841987,60.3339290777842,190.13298034668,139.680236816406,116.858062128867,150.949752807617,150.932667999268,53.9091638937229,24.9491412323858,31.1623852412579,185.785064697266,106.172409751199,180.701438903809,10.9067219179354,105.74860297309,131.855781555176,78.6698100193437,0,134.345380401611,165.862294514974,93.3548967461837,0,0,0,0,0,0,0,126.395305633545,0,110.213769788866,0,0,0,160.063766479492,123.692956777719,128.444275750054,0,213.963684082031,0,224.428092956543,216.459938049316,88.2830023701986,122.020705544269,118.13501178185,239.735885620117,0,0,123.520961854516,0,0,146.269831339518
85.7806969919512,104.51124382019,160.229757036482,123.515822274344,142.38356256485,9.64693437849249,13.4394735213447,123.445540933048,14.4401907189975,120.141082988066,124.313388082005,64.3287380109124,116.698928041278,79.7787049838475,12.228757389357,44.1853568045819,129.774551391602,177.395111083984,96.7905854445237,105.812784406874,130.201730931059,146.862341986762,109.458597183228,133.716818809509,129.528990535413,78.5280529658,110.817338689168,117.203212080331,133.59569422404,13.75851884068,133.992085306268,105.74860297309,4.79481979444064,100.911739349365,36.9928497505819,194.574722290039,0,0,134.866775512695,122.875114440918,0,197.212615966797,186.899135883038,235.724365234375,162.317952473958,219.375366210938,0,0,123.25952911377,219.307421366374,0,149.720275878906,199.785598754883,0,0,0,0,0,204.484329223633,179.198849201202,0,182.501744588216,156.013231913249,185.703986839012,203.449195861816,176.632049560547,0,0,0,211.923990885417
41.7575684212546,115.710746765137,114.343873307512,58.9554231397567,84.4967540105184,0,98.414576586555,62.3382600279159,92.5666587769039,64.8516368865967,79.0141902739002,92.779167175293,99.0434957231794,0,23.0002176579474,41.666431427002,71.2822699113326,90.5814464817876,116.661186218262,103.043326762685,86.0899558067322,48.9244012916053,47.2671863932005,36.836804589767,64.4561537742615,130.692596435547,113.736595906002,111.038472265946,60.4544821712824,14.7706328679779,45.7097865627482,131.855781555176,100.911739349365,8.06568194751199,36.6833879376555,132.542232513428,0,167.11307144165,64.6785798945897,0,187.368530273438,194.08275604248,132.713735881605,157.34320526123,86.1360613505046,166.415219988142,0,0,0,155.644483293806,0,100.486762491862,0,0,220.760284423828,0,110.581860860189,62.8992782592773,129.710354614258,126.316097824662,0,174.605695452009,169.263923058143,129.202869588679,139.3943456014,121.386182149251,0,0,87.0438537597656,144.65954208374
75.661669961938,60.4782368716072,63.7942844995638,66.9096942214279,98.7378027070829,46.6161499256041,67.6742833922033,85.9645619111903,77.626053928365,100.258583661422,90.6129720400004,29.4283240985748,98.5092194404131,57.4441957590214,56.9405458863689,45.6021033577297,78.7907839382396,35.1091305537216,69.1366282963321,44.4378070973737,93.4429919363438,46.3708909766536,77.0433543395996,46.1776024449602,94.2812895748202,54.3001522014016,64.8626551433719,67.8912057148432,68.1394697841108,36.4961337128901,38.1288746743351,78.6698100193437,36.9928497505819,36.6833879376555,11.9157450539917,159.498302883572,99.7546384811401,108.271895702974,89.1847686767578,156.481002807617,0,190.589421590169,161.730498798077,178.946335928781,140.316533406576,198.599973678589,102.827613830566,179.782852172852,150.747766222273,177.327875310724,0,137.595187467687,125.823414172156,165.599258422852,149.764349222183,193.276481628418,140.153319040934,97.4222325897217,121.328117521186,150.170414468516,113.961566700655,130.935914578033,122.860359300692,151.065263264974,166.384777323405,150.719976945357,174.287027994792,0,136.543336868286,153.72168821447
133.678700764974,0,183.16493733724,89.8698000226702,238.986053466797,0,181.210726224459,126.889129638672,166.721263163799,143.504119873047,162.471536636353,180.401077270508,0,0,157.723737589518,165.790313720703,137.875225067139,0,0,163.191299438477,142.779602050781,133.005280234597,132.883039474487,171.844492231097,127.129700777823,188.005523681641,208.339803059896,167.111901855469,123.493906779462,142.273170047336,135.566889354161,0,194.574722290039,132.542232513428,159.498302883572,14.3572146193415,122.153076171875,123.570798964727,70.408458737766,91.3058857164885,98.3570698329381,97.8344921384539,24.7383856354081,54.9581809239358,66.5907638429657,66.7925401423712,119.680878916094,92.8310567310878,159.569267272949,18.8720136491552,55.7298683367277,76.7183638073149,114.043137045468,149.451374962216,136.342855453491,86.6465412139893,83.1880339610426,65.3636230741228,102.248868861669,76.8883409464134,156.140319824219,138.386856303496,142.301287430983,78.8992683164535,22.3741231934852,40.4643362379056,164.639729817708,92.0182388305664,50.9060152961362,62.5841632634682
176.915344238281,75.7347383499146,73.4561665290225,48.2980609734853,142.665969848633,0,217.214134216309,150.063468933105,242.375991821289,183.833541870117,167.078443527222,102.082688331604,0,88.7291016829641,136.455963134766,0,105.151916503906,92.7704243659973,123.377581278483,103.658572926241,0,111.179985046387,124.315296519886,97.2628571987152,152.996490478516,90.2198780907525,93.9136348073075,83.5671459312822,189.979164123535,153.60969543457,148.44206237793,134.345380401611,0,0,99.7546384811401,122.153076171875,7.46904780880011,38.933546399126,18.2938292214365,0,0,158.031621297201,118.463682134101,143.655450548444,62.4918902239462,126.532987594604,64.96591796875,0,51.320178419001,146.99949836731,108.370378494263,65.4029465428105,49.9550669277416,83.4943811167841,62.8426337762691,0,88.9600030517578,20.9159652438907,52.8126890617504,79.5869069468694,22.299096266844,55.1919725105245,27.973286449412,112.663537913355,119.628110249837,99.6440950012207,81.5194892883301,81.9254989624023,71.631950378418,61.8814034083533
173.848170689174,104.824555969238,93.5507824418306,80.8695722307478,206.766576131185,0,221.061660766602,171.711522316446,202.85675904809,171.345600128174,193.642564319429,137.246187482561,218.247009277344,204.809043884277,176.786920819964,0,127.065303968347,109.47999917618,184.109100341797,132.672927856445,208.710525512695,129.931304754213,93.6072587966919,101.722334037464,163.944074789683,142.58544921875,120.95192861214,94.7757185075322,166.067652435303,177.265797206334,143.482391773571,165.862294514974,0,167.11307144165,108.271895702974,123.570798964727,38.933546399126,13.3398652340879,43.7189137494123,121.963612523572,170.398283004761,139.451179540382,99.4799260075127,128.635615212091,101.742739715576,114.298911231568,79.9987839592828,131.736990865072,106.120005607605,128.738189287634,147.463875906808,87.8046878092998,43.4928186064472,94.1931823447899,73.1774330210463,127.352885196083,60.8752649224589,42.4052867330354,27.0944608403716,99.8000627024678,92.2109832763672,30.0017207299717,31.1480931839289,83.7926535508572,150.372103112376,94.5415036736465,96.1503610610962,158.099587440491,109.178030126235,69.6078139681713
