8.20848531604464,99.9265899658203,94.748151978659,71.2171075608995,71.0617738136878,68.2997619311015,69.4545046452114,30.8158808053949,22.7869887707101,72.2364848154896,61.0522024127526,129.026252141075,84.4027816772461,127.164519173758,12.8863080515309,97.7154998779297,157.086630249023,92.6276891154628,138.991527836497,127.361079989253,87.9741869839755,77.6411822572046,80.4601596485485,81.0763951102961,80.6602751246038,104.41284942627,112.295284795115,121.455642463421,70.7461784079268,16.7304718499799,33.2394488640912,155.555692884657,82.5784720102946,32.3092441047941,82.096344715573,0,0,172.427601405552,88.0652487905402,0,0,155.685201009115,125.042913818359,155.136293683733,81.4390190526059,153.354042053223,198.870376586914,0,0,167.433798895942,0,0,172.758193969727,0,208.702133178711,0,119.038871765137,102.335655212402,119.993614196777,119.907722223,0,179.284298706055,164.979023742676,130.599685033162,162.894857406616,133.595494951521,0,0,141.626012802124,140.508539835612
99.9265899658203,8.01586639689205,62.9449467468262,15.4414430701887,96.364128112793,0,0,141.702638244629,167.999521891276,62.5066707580688,137.896095275879,67.3798413856007,95.7757317679269,50.9823840779079,0,97.3077998691135,64.9836320671984,71.5430117845535,70.594039390827,73.2247770482844,0,101.154554367065,21.2497341648371,115.318812900119,77.5924978390546,22.087668791735,56.4006381308895,33.5560379060422,106.586446762085,136.33470916748,128.502342224121,64.4444226410429,0,92.705192565918,89.6259609504982,0,38.3000226020813,87.6349682807922,68.3239887237549,0,0,0,0,204.146286010742,88.2117767333984,138.523101806641,119.979385375977,125.521926879883,94.0980880043723,221.501091003418,0,0,104.89525604248,114.295216878255,135.716003417969,0,0,0,128.895488739014,129.199012756348,73.2697429656982,111.993891620636,108.300583794003,243.295654296875,221.566314697266,0,119.533299763997,0,0,0
94.748151978659,62.9449467468262,11.887739592505,55.4281164831696,156.522683461507,155.412437840512,127.671983585801,86.1241895013355,109.399013549047,120.035652160645,99.7559442803411,91.930573484446,139.548199971517,123.835861792931,107.898933648519,136.431225438272,103.24699415984,38.5647437041782,85.3851901323367,73.286275165837,169.013694763184,70.6335874986183,76.3390182495117,28.8423603123862,119.181818765307,105.703983306885,36.3119341818853,27.0124188586884,62.9482310734615,114.182914043422,80.7974111213517,97.0990979993665,158.639795939128,100.111638136736,59.9672340249593,142.604652404785,77.5735405369809,92.8657040315516,63.5644783197447,0,0,0,160.449295520782,183.626950945173,117.807456970215,180.912292480469,143.242477416992,193.237258911133,141.304244995117,164.790664672852,0,109.504375804554,107.378155661271,173.275054931641,118.426906858172,184.876754760742,125.964935302734,89.6434336061831,101.006701456706,161.335656738281,0,98.3736334468213,98.2004417737585,147.902111434937,190.596270243327,213.850540161133,165.912399291992,0,136.564682006836,119.73044945212
71.2171075608995,15.4414430701887,55.4281164831696,39.0176411776603,70.6248407865825,121.404591610557,93.3806424932441,62.330358253067,86.1357687398007,27.0308784594784,92.4414936945989,99.3602684684422,64.9072407313756,69.8016727500492,90.7523843257799,60.6149221721448,44.6440186288846,80.6684237241745,88.0063725280762,87.7255298296611,93.6469249725342,55.2159124412657,35.0948147601551,61.7183734230373,44.6433792837293,31.6582914498009,56.9223363382187,41.0243723672567,53.3612531918061,74.0400617750067,55.7545526898925,74.9171668441207,129.338362375895,60.1222110563709,72.5374988938612,78.2218856811523,8.11300122737885,78.6287027359009,22.0733299975773,76.0417617162069,0,88.9396692911784,97.7651105360551,105.845390014648,36.3116963200453,97.9581164484439,126.01106262207,27.2546253204346,116.698325157166,135.142907619476,92.5880508422852,53.4353523254395,102.871971130371,122.280251820882,145.819339752197,73.2416522979736,60.8783594767253,36.5391024521419,83.9836047490438,51.2698054874645,73.0685381455855,110.456479360891,104.333482983746,86.8066591841451,138.625373840332,86.34578221639,96.4070341927665,123.285545349121,108.109820048014,92.7826085090637
71.0617738136878,96.364128112793,156.522683461507,70.6248407865825,8.67141571527471,127.747927579013,62.0196039669912,59.296847820282,92.2781201048985,39.8816907965619,27.4611916858898,173.22580464681,19.126763124286,0,94.6714931233724,70.623087310791,0,136.156814575195,170.396621704102,202.257797241211,12.8689930097328,98.4754829406738,92.7549877166748,120.361747741699,15.8942208671838,0,171.399958292643,141.556524103338,16.5733616934006,80.7363834834036,91.9559345245361,155.966613769531,131.418274773492,71.9021021402799,79.4066019058228,182.554748535156,0,223.816940307617,69.2550556606717,18.6002182869467,0,126.325013054742,127.993456522624,143.113299560547,85.8436779695399,135.144782216925,0,17.0922104721514,0,155.630737304688,114.993384679159,0,0,0,224.98225402832,43.6205611503382,0,120.521789550781,0,96.2159958201379,0,0,0,128.461610096257,178.448547363281,169.782330322266,0,0,146.320264816284,0
68.2997619311015,0,155.412437840512,121.404591610557,127.747927579013,6.45547854293827,13.0345395640015,105.235987173544,22.7845790392572,92.2852120032677,99.9376136102984,81.5998476201838,80.2159539031982,76.6275422232492,37.2343607776421,16.4808786777273,158.84211730957,160.229188283285,120.85075378418,196.279455566406,115.292256249322,141.071868896484,111.874114990234,149.355921936035,120.210249059341,82.9159698486328,175.464061260223,168.213356419613,123.437555374638,26.4762331390381,121.928911844889,111.582145690918,9.79623013753683,96.3502616882324,34.3677037290034,198.160186767578,0,229.198226928711,144.764282226562,155.555358886719,0,0,160.631240844727,0,143.789329528809,0,0,0,0,0,0,239.751800537109,0,0,0,0,172.50129699707,158.564239501953,0,170.542299710787,0,214.90348815918,216.376182556152,184.37082417806,210.032307942708,225.195037841797,0,0,0,0
69.4545046452114,0,127.671983585801,93.3806424932441,62.0196039669912,13.0345395640015,9.34041120829938,68.7170097781906,19.3120786155008,85.4222311142388,22.7951747598996,123.253644525437,21.6068026686403,94.5887764378598,36.8445301941073,12.4681171085948,124.085807800293,144.442976121779,179.862106323242,168.355637232463,36.5151664331828,130.773534601385,110.580362146551,125.152706378073,85.3413123888596,140.036483764648,158.0734611668,145.165878506849,76.4217038718111,49.7156612490353,108.513648460651,172.435248741737,17.4689810746234,102.324767827988,80.9847956591961,156.141960144043,161.998962402344,199.660947527204,98.2488651791134,140.283511638641,0,162.589673723493,152.145923049362,166.863799794515,106.590251922607,162.499021576672,0,48.9657390594482,195.59391784668,180.446354336209,141.146340264214,0,196.857040405273,0,0,142.908237638928,154.550247192383,140.835620117187,164.144648234049,126.279567293197,191.084915161133,210.380813598633,202.72890218099,151.480683529016,176.455828740047,172.121355183919,0,197.241859436035,162.551140679253,168.620406150818
30.8158808053949,141.702638244629,86.1241895013355,62.330358253067,59.296847820282,105.235987173544,68.7170097781906,9.63730443494329,54.0193465988058,56.4216220479616,17.8571338175958,150.328420337878,63.1948337554932,158.306912508878,28.028036320873,82.370255094586,78.7255615234375,105.537945646069,153.9242155287,146.462024170675,78.4111992685418,62.7252315637379,67.9122192532408,69.1992391147614,59.9781505394104,164.247543334961,130.512377679922,97.0663801488639,27.5358752443088,50.7998586654191,13.4460018875206,160.371617635091,117.569702148438,58.4895205757835,84.9630198740255,129.489614868164,132.020561218262,158.363519331988,77.5544249164171,131.015260314941,181.096527099609,146.852320251465,123.06955914884,147.351638793945,75.7245876087862,135.175252380371,207.086085001628,135.44167582194,0,164.765412070534,146.076301574707,131.793544769287,167.457412719727,0,187.529525756836,111.039584766735,117.097345352173,135.402848561605,139.821200320595,105.990966096663,0,168.384992746206,169.073481155654,120.934273869158,145.832716369629,123.942679228606,0,212.720764160156,130.591804504395,127.732138707088
22.7869887707101,167.999521891276,109.399013549047,86.1357687398007,92.2781201048985,22.7845790392572,19.3120786155008,54.0193465988058,9.84748754608413,82.3427995954241,23.2600124534591,106.552468634271,57.2894748242496,92.5583410386915,17.0936909153137,27.7614180417864,124.14413016183,120.734842749896,153.89430584627,153.13958581543,74.5928377201536,105.063402290804,88.2830239250546,104.320622312344,88.5880308506211,101.484932899475,140.251480701434,131.60364703211,81.4816480430241,38.2833442356627,74.3552453524825,159.972242413145,20.3363144406584,84.7510766983032,64.1294476822516,157.112648010254,179.196090698242,176.961683853813,104.66982070605,145.209219932556,0,161.319779078166,145.537983438243,173.541172496059,102.569139874171,162.147735023499,210.600646972656,109.792478288923,223.126846313477,177.538769137475,204.361419677734,156.337493896484,197.798397827148,153.244979858398,195.477996826172,149.544859313965,148.433406829834,147.612689208984,194.08642578125,129.060895936531,0,191.770107269287,182.525568736683,146.515714538046,167.129906921387,155.455436706543,0,187.217803955078,159.402454376221,165.86381796132
72.2364848154896,62.5066707580688,120.035652160645,27.0308784594784,39.8816907965619,92.2852120032677,85.4222311142388,56.4216220479616,82.3427995954241,8.19678782788764,75.738601654999,128.124511413574,19.6383312599261,114.893530676298,88.6567924784427,24.7752677308209,63.4644162859235,123.136090730366,126.920283755741,128.490962073916,24.1011740192771,94.6305436221036,17.7346604057577,80.2580171064897,20.2457353179212,93.9247010797793,120.217060724894,101.70611949944,50.6516317470569,76.8357901265975,62.3009892039829,124.051208284166,120.778647613525,61.4818002722237,88.3356983478253,121.701076507568,0,0,45.3215038617452,93.2753868103027,0,113.567492893764,119.359553443061,118.678527196248,62.9305235998971,109.514011928013,150.01245880127,61.7599166870117,181.289198133681,164.994850158691,0,0,0,170.616256713867,0,78.2288589477539,172.324844360352,175.749298095703,142.391143798828,72.4678994377891,173.468469619751,177.746265411377,166.263742719378,109.157326698303,126.226395289103,106.99528503418,176.670059204102,0,139.389450073242,210.67822265625
61.0522024127526,137.896095275879,99.7559442803411,92.4414936945989,27.4611916858898,99.9376136102984,22.7951747598996,17.8571338175958,23.2600124534591,75.738601654999,10.7434822714383,143.256716584506,22.0570565473579,153.065264208563,65.9156347790395,74.3669435990964,108.318171183268,131.980642080307,171.230270385742,169.885267130534,17.8943403374739,93.0547597408295,91.4258804321289,93.7643595115811,65.4297876602564,176.497047424316,141.382020085032,115.988325660406,35.127167157559,82.6180149870052,55.2948032805794,167.138006357046,116.29516967269,77.3529738235474,87.6062824636857,165.047306060791,0,161.030371771918,86.9165453720093,90.106206082009,0,152.704481453731,144.563555750354,157.843910890467,98.5570961556784,154.793716430664,0,32.7738186939653,0,177.34069606236,126.525856865777,139.176475524902,0,0,186.758392333984,130.96061306908,138.432220458984,138.279968261719,182.356147766113,114.1319682421,0,194.934470040458,182.189041137695,141.201934566746,163.955749511719,198.237965901693,0,0,129.263544718424,157.226928710938
129.026252141075,67.3798413856007,91.930573484446,99.3602684684422,173.22580464681,81.5998476201838,123.253644525437,150.328420337878,106.552468634271,128.124511413574,143.256716584506,11.5666019939101,146.32220378675,22.7300217717966,84.5855019995507,155.577558517456,128.466830166903,50.8389444638159,23.2008928390329,25.8386664055061,138.256676355998,105.773752689362,103.707483861353,98.674744852272,143.311819423329,43.8713267710672,31.5326919945149,65.7813615464505,141.7603411819,71.0638628404175,107.018217121056,44.1719506011688,61.1698552174851,97.8214417370883,35.7466283450521,192.611267089844,77.6827392578125,161.240783691406,83.9459358851115,232.823867797852,0,230.095565795898,203.638549804688,212.71501159668,142.529960632324,218.048782348633,91.9290585109166,141.609573364258,82.2674975925022,206.866363525391,175.315490722656,0,136.761734008789,116.043186569214,127.199625882235,203.46435546875,0,164.943222045898,181.913787841797,189.650865342882,60.9281661430102,109.655642820208,115.356679423874,208.522644042969,0,0,105.531217540394,0,206.273478190104,166.090593973796
84.4027816772461,95.7757317679269,139.548199971517,64.9072407313756,19.126763124286,80.2159539031982,21.6068026686403,63.1948337554932,57.2894748242496,19.6383312599261,22.0570565473579,146.32220378675,7.38052428552971,159.922542572021,100.82428990682,11.0540402352368,134.541275024414,145.201950073242,153.999847412109,138.464825948079,9.42486768508373,0,61.9233580196605,0,24.3912229098739,0,173.697883605957,127.163612141329,47.7325715426157,92.8985356140137,0,168.914978027344,108.910907200405,89.6539884294782,91.3635948582699,0,0,0,65.5780504014757,39.5984600543976,0,62.01809425354,0,144.194444020589,125.507385253906,26.8297436465956,0,10.2656958512227,0,105.705289204915,67.9710006713867,0,0,0,0,19.9472991609573,0,0,0,100.536856333415,0,0,0,112.617691584996,124.105674743652,0,0,0,0,90.921272277832
127.164519173758,50.9823840779079,123.835861792931,69.8016727500492,0,76.6275422232492,94.5887764378598,158.306912508878,92.5583410386915,114.893530676298,153.065264208563,22.7300217717966,159.922542572021,8.40149031268132,83.1368883056641,146.212815856934,126.646610005697,106.153516354768,59.4035184473023,77.4819499343189,134.34966023763,142.408163452148,90.8349577281577,131.293679237366,126.012594049627,22.3056254057049,50.6640691154043,32.5108484547956,168.562045010653,71.1238846249051,143.049461364746,14.5997002077797,78.3889312744141,127.614410400391,55.1455185771974,204.910202026367,84.5061912536621,145.92317199707,42.329399089424,0,0,0,0,210.531494140625,159.862325032552,0,82.105567174242,0,56.0552098162658,0,0,171.344467163086,115.964668273926,104.628296902305,117.961401197645,0,0,182.627166748047,154.137100219727,178.649848937988,49.1977813383621,99.7155908630793,97.115007840082,198.993316650391,110.955543518066,186.583206176758,95.2173137049521,0,0,115.001908111572
12.8863080515309,0,107.898933648519,90.7523843257799,94.6714931233724,37.2343607776421,36.8445301941073,28.028036320873,17.0936909153137,88.6567924784427,65.9156347790395,84.5855019995507,100.82428990682,83.1368883056641,9.65931586719645,29.1581069933863,131.649852752686,110.415792853118,140.998864700545,141.653149421969,103.201898562363,102.028108765807,89.5486789279514,96.7843381995214,97.2082842931987,104.976498921712,131.702404700604,132.661084605405,86.9069088337033,25.42537691625,41.2414038586535,131.332152389899,17.0765316963196,29.2525309258977,51.7588239314056,163.587049484253,0,179.428533935547,107.539352270273,175.179046630859,0,175.906305948893,152.691793244461,179.079537784352,114.331473902652,191.236882019043,144.100509643555,157.824028015137,0,187.771362304688,173.118812561035,158.961044311523,203.861541748047,0,201.040710449219,157.735214233398,147.790240948017,121.470315413042,168.512939453125,141.946384255656,0,191.27490234375,180.867316917137,153.450890003551,168.156695158585,157.955972771896,0,0,166.89395459493,173.662123362223
97.7154998779297,97.3077998691135,136.431225438272,60.6149221721448,70.623087310791,16.4808786777273,12.4681171085948,82.370255094586,27.7614180417864,24.7752677308209,74.3669435990964,155.577558517456,11.0540402352368,146.212815856934,29.1581069933863,8.20727327857515,137.633285522461,150.843072255452,117.740646362305,162.420065307617,65.6504236493792,0,62.5320864832679,134.357838439941,45.0484189451622,143.017028808594,163.74025617327,124.766994628906,73.6297281462571,54.9069918920827,88.589786529541,162.768394470215,38.760115571218,93.0622276306152,92.8241498129708,168.178176879883,208.674591064453,0,92.6217568715413,152.636581420898,0,186.002647399902,172.905253092448,144.477798461914,68.3364334106445,189.775619506836,0,0,228.953277587891,203.844795227051,0,0,225.977157592773,0,0,0,0,154.11750793457,0,133.435779889425,0,195.170761108398,184.100486755371,150.462243513627,158.195419311523,169.919311523438,0,0,203.762466430664,0
157.086630249023,64.9836320671984,103.24699415984,44.6440186288846,0,158.84211730957,124.085807800293,78.7255615234375,124.14413016183,63.4644162859235,108.318171183268,128.466830166903,134.541275024414,126.646610005697,131.649852752686,137.633285522461,15.4179751514225,102.086118664262,128.590965270996,114.883014903349,0,16.1591747699028,34.7671219647867,14.3989308264708,29.3142091502749,100.220802307129,107.164623498917,30.8381355148188,35.7423181487816,96.3008615402948,74.9161602434262,118.574318237305,0,77.5774928501674,85.0496412756408,0,130.020278930664,102.197994886771,74.0943653272546,0,0,217.696990966797,144.976638793945,169.586859130859,120.314399719238,161.395080566406,0,0,0,171.881973266602,0,93.3426118841026,140.243526034885,193.755340576172,152.556856427874,0,117.122425372784,53.4029161761233,97.615745416745,132.64160332313,111.56995010376,132.955316990982,109.581712037819,129.956611251831,158.035640716553,135.268831426447,167.424133300781,0,124.415426254272,124.296789805094
92.6276891154628,71.5430117845535,38.5647437041782,80.6684237241745,136.156814575195,160.229188283285,144.442976121779,105.537945646069,120.734842749896,123.136090730366,131.980642080307,50.8389444638159,145.201950073242,106.153516354768,110.415792853118,150.843072255452,102.086118664262,9.62795198714975,59.177979943502,28.4742622235854,0,51.8291679802344,87.5709740133847,22.7496715300022,120.767910571247,67.5877542495728,34.9824638043358,61.0037804818306,94.1653745212425,90.6539429355011,65.463460725979,105.890683492025,159.894178072611,89.8757663347334,31.9351844912967,0,91.3175569014116,105.510314941406,73.8405675386128,0,0,0,185.762687683105,217.974060058594,125.089004516602,0,168.001739501953,0,130.364734649658,247.858352661133,0,131.393718719482,117.586494064331,136.920104980469,129.618363274468,190.430229187012,147.455642700195,105.090337480818,149.331292288644,160.54976792769,74.325792948405,106.009315345401,108.94629053981,176.154394967215,0,153.358010609945,149.955513000488,0,0,140.733884811401
138.991527836497,70.594039390827,85.3851901323367,88.0063725280762,170.396621704102,120.85075378418,179.862106323242,153.9242155287,153.89430584627,126.920283755741,171.230270385742,23.2008928390329,153.999847412109,59.4035184473023,140.998864700545,117.740646362305,128.590965270996,59.177979943502,7.22204775245441,13.6884363201985,173.325393676758,114.270112742548,101.87754460385,101.799699098636,143.288281954252,51.0787023595861,29.8157854573296,66.399685310015,146.047475927016,107.816843599887,116.609381781684,50.7742615109398,110.970653240497,119.302034759521,63.6849252159676,0,0,139.926570892334,70.529869556427,0,0,0,0,234.063903808594,191.967834472656,0,103.811393737793,0,89.2219711524853,0,0,0,143.698501586914,108.56875579834,109.863931509165,0,0,199.424591064453,0,187.999720255534,73.590454949273,101.271632957458,101.616863000861,205.408920288086,128.850051879883,195.906394958496,107.546289032581,0,168.19172668457,124.774589538574
127.361079989253,73.2247770482844,73.286275165837,87.7255298296611,202.257797241211,196.279455566406,168.355637232463,146.462024170675,153.13958581543,128.490962073916,169.885267130534,25.8386664055061,138.464825948079,77.4819499343189,141.653149421969,162.420065307617,114.883014903349,28.4742622235854,13.6884363201985,10.6410138792023,182.428863525391,94.0892310611085,103.673228672573,80.6144835029995,144.794655713168,58.3388659390536,29.1244878186015,70.9645576565132,142.445260590198,108.525599534944,97.1756326365202,63.6875441677599,142.767729759216,101.857822418213,53.3798904596191,221.552871704102,105.963385009766,123.534391549917,75.3432536125183,0,0,0,0,215.282852172852,193.854400634766,0,111.948181152344,0,97.0879485390403,195.685302734375,0,0,174.369800567627,110.454377826891,109.756061553955,0,192.25422668457,155.984736124674,0,203.07673034668,75.2532101222447,103.750926315575,103.981424759845,218.909149169922,0,171.519287109375,108.858818717625,0,0,146.098052978516
87.9741869839755,0,169.013694763184,93.6469249725342,12.8689930097328,115.292256249322,36.5151664331828,78.4111992685418,74.5928377201536,24.1011740192771,17.8943403374739,138.256676355998,9.42486768508373,134.34966023763,103.201898562363,65.6504236493792,0,0,173.325393676758,182.428863525391,7.85724231835125,156.038398742676,77.4331344604492,161.411936442057,12.8000673286837,0,0,145.097498575846,27.1723622483103,92.6539211379157,0,0,126.466739654541,86.9472205422141,89.1231400171916,0,0,0,71.1205827395121,11.8787359664213,0,136.704203469413,134.789199829102,125.497401428223,93.3010115189986,125.447004000346,0,11.3632361132796,0,137.521621704102,118.110685348511,108.50163269043,0,0,0,15.6285804627647,0,0,0,102.618689705344,0,0,190.535430908203,117.098315920149,104.632344055176,184.014343261719,0,0,0,92.0976638793945
77.6411822572046,101.154554367065,70.6335874986183,55.2159124412657,98.4754829406738,141.071868896484,130.773534601385,62.7252315637379,105.063402290804,94.6305436221036,93.0547597408295,105.773752689362,0,142.408163452148,102.028108765807,0,16.1591747699028,51.8291679802344,114.270112742548,94.0892310611085,156.038398742676,9.8616879632726,52.1736931661958,20.4012671325523,19.3882937131362,105.045623779297,107.912780863898,73.5820647445129,20.0813137836906,65.4893639338644,23.888202304896,131.10439491272,119.385585021973,60.0419169252024,42.1495739767535,117.705075581868,0,133.079558632591,71.2382535117013,0,0,0,138.308183288574,166.583677927653,83.2996231079102,161.659065246582,0,0,0,140.453750610352,0,111.999034384023,152.476755777995,0,158.637100219727,177.936576843262,114.917519873315,74.2491722106934,110.534120426622,109.144996027793,0,166.625095912388,138.839423479353,118.706098556519,128.164451599121,112.659913635254,0,0,131.069744110107,121.454965444712
80.4601596485485,21.2497341648371,76.3390182495117,35.0948147601551,92.7549877166748,111.874114990234,110.580362146551,67.9122192532408,88.2830239250546,17.7346604057577,91.4258804321289,103.707483861353,61.9233580196605,90.8349577281577,89.5486789279514,62.5320864832679,34.7671219647867,87.5709740133847,101.87754460385,103.673228672573,77.4331344604492,52.1736931661958,7.74356104002128,52.6329554478081,19.2163352499648,72.424640293994,94.7896165194577,46.7787914073587,52.1091128716737,77.0528266543434,57.1498042159939,103.715224551458,136.138925170898,66.3542576703158,85.664385760272,160.845053354899,91.0135345458984,114.130226584042,65.0749693371001,121.076932271322,0,146.426574707031,102.376565933228,135.98908996582,63.0330942471822,109.347957611084,0,89.6076583862305,169.432144165039,149.487033843994,131.93586730957,50.6379931131999,137.593035697937,160.941787719727,177.866156005859,0,74.921012878418,32.5303026676178,69.7290050930447,86.1133827796349,140.569096883138,136.669993030782,125.984672546387,107.014793634415,76.169246673584,73.4801131354438,187.698196411133,155.322341918945,116.538897196452,105.693378448486
81.0763951102961,115.318812900119,28.8423603123862,61.7183734230373,120.361747741699,149.355921936035,125.152706378073,69.1992391147614,104.320622312344,80.2580171064897,93.7643595115811,98.674744852272,0,131.293679237366,96.7843381995214,134.357838439941,14.3989308264708,22.7496715300022,101.799699098636,80.6144835029995,161.411936442057,20.4012671325523,52.6329554478081,14.9853621234983,58.6222080616912,152.139896392822,76.7672886029484,51.9355252081463,42.5133807299624,83.9732736602889,39.8571504571888,128.902354536385,146.775582747026,76.6802338452229,47.930477687962,185.529891967773,120.960366990831,99.3045433445981,91.5546333193779,0,0,184.641593933105,148.839385573928,171.485681244821,124.393184661865,167.241457621257,227.71321105957,0,0,172.181654710036,0,98.6403184146308,126.467856912052,170.150665283203,145.031794230143,145.059234619141,119.96208770752,62.7104807749833,103.509044572704,144.035091903974,146.536102294922,142.034660964716,104.129119430569,138.334737896919,159.351363045829,130.576562805176,166.165435791016,0,139.774453481038,139.043839194558
80.6602751246038,77.5924978390546,119.181818765307,44.6433792837293,15.8942208671838,120.210249059341,85.3413123888596,59.9781505394104,88.5880308506211,20.2457353179212,65.4297876602564,143.311819423329,24.3912229098739,126.012594049627,97.2082842931987,45.0484189451622,29.3142091502749,120.767910571247,143.288281954252,144.794655713168,12.8000673286837,19.3882937131362,19.2163352499648,58.6222080616912,10.9596048854985,105.859769467954,125.287861834516,76.7632728660261,20.7749359846642,78.9422658150221,68.9791237613156,140.98637172154,138.522741646602,68.0890349481164,86.0062608168389,123.185922813416,147.443023681641,143.830346461705,58.4968368268924,60.8948858710768,178.740989685059,132.030822263126,112.760247797748,134.218230750728,65.82181648043,125.91300835301,185.437204996745,98.3863489031792,206.740501403809,148.72577003479,89.7690051310771,121.898850384881,174.016091086648,227.198048909505,174.705146789551,78.0870333603823,116.948740178888,99.3796695260441,132.395353450332,86.1064268028323,174.196812947591,159.06442489624,152.279108339602,111.759199719419,135.217779785622,120.917079207921,212.080215454102,184.927335103353,124.672701390584,131.129035507423
104.41284942627,22.087668791735,105.703983306885,31.6582914498009,0,82.9159698486328,140.036483764648,164.247543334961,101.484932899475,93.9247010797793,176.497047424316,43.8713267710672,0,22.3056254057049,104.976498921712,143.017028808594,100.220802307129,67.5877542495728,51.0787023595861,58.3388659390536,0,105.045623779297,72.424640293994,152.139896392822,105.859769467954,7.06480204840565,44.2680585066928,26.4125267177513,156.506520589193,80.7799976348877,0,45.6397741359563,85.2219145033095,122.515811920166,64.2487956005594,165.613220214844,69.0641784667969,0,38.1842126713859,0,0,0,0,0,164.458084106445,0,79.3686485290527,173.048629760742,62.992104584316,0,0,0,166.461975097656,88.5283449613131,110.845051574707,0,0,155.274505615234,0,141.697059631348,47.1439284459214,93.2174812663685,88.7438609202703,0,0,0,84.7639822752579,0,0,139.201652526855
112.295284795115,56.4006381308895,36.3119341818853,56.9223363382187,171.399958292643,175.464061260223,158.0734611668,130.512377679922,140.251480701434,120.217060724894,141.382020085032,31.5326919945149,173.697883605957,50.6640691154043,131.702404700604,163.74025617327,107.164623498917,34.9824638043358,29.8157854573296,29.1244878186015,0,107.912780863898,94.7896165194577,76.7672886029484,125.287861834516,44.2680585066928,14.9453694700423,35.0442004376823,120.774253280075,113.032368076869,104.262466034522,29.5677844761753,129.155724556215,112.967649705069,59.9474242305138,196.809692382812,80.6769251251221,98.4891117016474,58.4505244034987,0,0,202.935348510742,196.130168914795,190.006811041581,171.329109191895,166.162048339844,105.679426677191,0,92.8028031254674,196.761112559925,0,138.967381795247,106.487578437442,105.957798317687,102.61091009646,0,235.583961486816,122.19473361969,131.614196083762,180.46508026123,62.991381843135,93.5122051289151,93.9849156121773,184.265720367432,168.339576721191,178.877265930176,107.254612565041,0,0,124.137037169259
121.455642463421,33.5560379060422,27.0124188586884,41.0243723672567,141.556524103338,168.213356419613,145.165878506849,97.0663801488639,131.60364703211,101.70611949944,115.988325660406,65.7813615464505,127.163612141329,32.5108484547956,132.661084605405,124.766994628906,30.8381355148188,61.0037804818306,66.399685310015,70.9645576565132,145.097498575846,73.5820647445129,46.7787914073587,51.9355252081463,76.7632728660261,26.4125267177513,35.0442004376823,16.4906481015729,70.6295332243665,114.316710187766,101.415743287561,27.3672511726873,125.568470294659,106.051885861767,66.7761170231684,190.691867828369,68.4925030964177,94.0141435640972,60.1597473372791,141.068046569824,0,198.385525512695,155.493797302246,184.672823905945,132.062488828387,180.19017791748,116.859018492467,0,97.3281369227149,189.045139630636,119.878570556641,103.795334892039,108.80916204365,115.12250135198,112.880507338471,152.766788482666,151.478219465776,61.0974207048292,101.563576478395,146.02076162943,68.7678914683488,97.4406126581203,96.9004631616407,156.009355266442,194.075734819685,160.947969789858,114.726327196512,180.520095825195,184.725140889486,122.936579336528
70.7461784079268,106.586446762085,62.9482310734615,53.3612531918061,16.5733616934006,123.437555374638,76.4217038718111,27.5358752443088,81.4816480430241,50.6516317470569,35.127167157559,141.7603411819,47.7325715426157,168.562045010653,86.9069088337033,73.6297281462571,35.7423181487816,94.1653745212425,146.047475927016,142.445260590198,27.1723622483103,20.0813137836906,52.1091128716737,42.5133807299624,20.7749359846642,156.506520589193,120.774253280075,70.6295332243665,11.8254304522244,70.6305205467751,33.1166498070925,162.795415242513,130.256104482731,59.9318558479024,58.9939366525786,123.160338494085,157.73844909668,140.639078648885,68.9586402877777,96.9382700330756,161.884132385254,140.328381391672,117.208925182415,138.698945460298,79.2927281541644,137.883834891123,220.650337219238,96.4971336364746,0,148.809162305749,120.22849382673,110.349084472656,162.653051937328,0,181.062739780971,122.756405714082,112.958496646605,84.5699913922478,130.850135326385,100.190302610957,0,178.316912841797,142.519737805818,116.561611397609,139.726809770633,118.997444152832,0,180.598613739014,125.267036437988,126.313384444625
16.7304718499799,136.33470916748,114.182914043422,74.0400617750067,80.7363834834036,26.4762331390381,49.7156612490353,50.7998586654191,38.2833442356627,76.8357901265975,82.6180149870052,71.0638628404175,92.8985356140137,71.1238846249051,25.42537691625,54.9069918920827,96.3008615402948,90.6539429355011,107.816843599887,108.525599534944,92.6539211379157,65.4893639338644,77.0528266543434,83.9732736602889,78.9422658150221,80.7799976348877,113.032368076869,114.316710187766,70.6305205467751,10.3183719050809,21.7312322677972,113.31761042277,13.072562516275,14.5654620291421,39.1030844618834,158.735028435202,180.969848632812,176.567445901724,91.8874473278339,139.821347045898,0,161.832166257112,142.25599024846,169.587280790685,88.1520265038334,167.322853653519,200.86519241333,92.6639976501465,0,174.871747916085,168.389846801758,174.679969787598,188.590438842773,0,208.825199127197,167.783198963512,136.149381160736,109.568076451619,151.533910311185,129.238349094569,101.308773040771,175.155858721052,175.440021091037,141.882048550774,159.741592407227,139.692709549614,0,226.919311523438,153.05401209781,164.685903797979
33.2394488640912,128.502342224121,80.7974111213517,55.7545526898925,91.9559345245361,121.928911844889,108.513648460651,13.4460018875206,74.3552453524825,62.3009892039829,55.2948032805794,107.018217121056,0,143.049461364746,41.2414038586535,88.589786529541,74.9161602434262,65.463460725979,116.609381781684,97.1756326365202,0,23.888202304896,57.1498042159939,39.8571504571888,68.9791237613156,0,104.262466034522,101.415743287561,33.1166498070925,21.7312322677972,8.26402690178433,150.898170471191,115.073165893555,32.1917894071182,32.6870245999355,122.677953447614,123.849498748779,143.144803082501,70.759265409416,124.785400390625,0,151.862170410156,129.903445023757,152.754795074463,71.4152250850902,159.600484575544,189.947301228841,0,0,155.278636474609,0,113.186866066673,152.088653564453,0,196.599624633789,136.431167602539,115.706504372989,82.6894375194203,124.532220409762,112.020465688503,0,151.591293334961,152.113852119446,119.269683467981,141.79926718435,116.509638038048,231.50129699707,176.554183959961,121.692661084627,127.246237656166
155.555692884657,64.4444226410429,97.0990979993665,74.9171668441207,155.966613769531,111.582145690918,172.435248741737,160.371617635091,159.972242413145,124.051208284166,167.138006357046,44.1719506011688,168.914978027344,14.5997002077797,131.332152389899,162.768394470215,118.574318237305,105.890683492025,50.7742615109398,63.6875441677599,0,131.10439491272,103.715224551458,128.902354536385,140.98637172154,45.6397741359563,29.5677844761753,27.3672511726873,162.795415242513,113.31761042277,150.898170471191,7.93200264429805,103.276343401741,133.065012250628,77.0586774414661,0,143.575247446696,127.716022491455,65.0121521268572,0,0,240.466415405273,213.850448608398,230.91877746582,0,0,99.0161919515641,0,90.7302140783091,164.394416809082,0,0,171.442563738142,107.96473475865,115.438121629798,0,0,154.215560913086,151.279846191406,187.55327351888,72.4282462855748,105.731574946008,106.315497118079,224.287933349609,0,199.601699829102,107.753135279605,0,0,126.706262588501
82.5784720102946,0,158.639795939128,129.338362375895,131.418274773492,9.79623013753683,17.4689810746234,117.569702148438,20.3363144406584,120.778647613525,116.29516967269,61.1698552174851,108.910907200405,78.3889312744141,17.0765316963196,38.760115571218,0,159.894178072611,110.970653240497,142.767729759216,126.466739654541,119.385585021973,136.138925170898,146.775582747026,138.522741646602,85.2219145033095,129.155724556215,125.568470294659,130.256104482731,13.072562516275,115.073165893555,103.276343401741,5.20538762759772,73.4078852335612,30.3355598288613,204.688995361328,0,0,147.982414245605,0,0,0,188.699057006836,235.450073242188,142.944589233398,209.036590576172,0,0,177.364837646484,218.897933959961,0,0,0,0,0,0,0,0,0,180.151758103144,0,169.783767700195,172.743110656738,196.300231933594,229.433303833008,0,0,0,0,0
32.3092441047941,92.705192565918,100.111638136736,60.1222110563709,71.9021021402799,96.3502616882324,102.324767827988,58.4895205757835,84.7510766983032,61.4818002722237,77.3529738235474,97.8214417370883,89.6539884294782,127.614410400391,29.2525309258977,93.0622276306152,77.5774928501674,89.8757663347334,119.302034759521,101.857822418213,86.9472205422141,60.0419169252024,66.3542576703158,76.6802338452229,68.0890349481164,122.515811920166,112.967649705069,106.051885861767,59.9318558479024,14.5654620291421,32.1917894071182,133.065012250628,73.4078852335612,7.87333145380615,19.5507158219489,128.18947007921,0,144.544948032924,76.0570533150121,133.00697072347,0,153.41524887085,120.490289778936,153.382817382813,89.1055790129162,154.586901346842,0,0,167.625061035156,156.461204020182,0,103.95795694987,195.345769246419,0,196.960525512695,159.586638132731,129.761792182922,81.5311838785807,134.384666442871,109.559831556931,0,172.112828572591,158.151493708293,127.299563118581,174.799087524414,122.485722859701,0,196.739883422852,125.59691535102,136.695720127651
82.096344715573,89.6259609504982,59.9672340249593,72.5374988938612,79.4066019058228,34.3677037290034,80.9847956591961,84.9630198740255,64.1294476822516,88.3356983478253,87.6062824636857,35.7466283450521,91.3635948582699,55.1455185771974,51.7588239314056,92.8241498129708,85.0496412756408,31.9351844912967,63.6849252159676,53.3798904596191,89.1231400171916,42.1495739767535,85.664385760272,47.930477687962,86.0062608168389,64.2487956005594,59.9474242305138,66.7761170231684,58.9939366525786,39.1030844618834,32.6870245999355,77.0586774414661,30.3355598288613,19.5507158219489,11.8421812330915,144.187110137939,92.1514329910278,120.504867172241,88.8412330062301,123.942024230957,0,175.88209097726,138.399263707603,169.126180376325,99.2969807942708,175.616749482996,208.55002339681,97.0727424621582,119.788188587536,184.406862894694,171.042032877604,128.036578369141,138.442222595215,133.069957733154,168.288758850098,159.566123962402,122.548783620199,81.7361679077148,136.833880954319,129.514576517741,102.445215861003,130.537243710289,125.539672494632,141.486518730552,156.619767622514,143.787378831343,150.442361831665,200.722427368164,154.509966850281,145.899002075195
0,0,142.604652404785,78.2218856811523,182.554748535156,198.160186767578,156.141960144043,129.489614868164,157.112648010254,121.701076507568,165.047306060791,192.611267089844,0,204.910202026367,163.587049484253,168.178176879883,0,0,0,221.552871704102,0,117.705075581868,160.845053354899,185.529891967773,123.185922813416,165.613220214844,196.809692382812,190.691867828369,123.160338494085,158.735028435202,122.677953447614,0,204.688995361328,128.18947007921,144.187110137939,8.67481743444269,106.469116210938,107.434041828452,62.438926335765,79.167047176721,83.7789026896159,87.6337454449999,33.1396884006117,22.7420242761726,58.653829965836,64.7284220153343,114.253682957139,81.1190671920776,135.013981066252,11.4306264383109,94.8980435458097,86.0382316226051,94.2929012338645,124.984149817264,109.06316750911,70.6718995571136,70.6625607237524,64.6908431371053,85.407330302449,69.3551206310144,104.411491394043,110.866382945668,126.732678848884,76.2931978500197,13.9592809653372,18.4191097601831,127.880615234375,95.2443725585938,24.9725022833688,75.7056219721949
0,38.3000226020813,77.5735405369809,8.11300122737885,0,0,161.998962402344,132.020561218262,179.196090698242,0,0,77.6827392578125,0,84.5061912536621,0,208.674591064453,130.020278930664,91.3175569014116,0,105.963385009766,0,0,91.0135345458984,120.960366990831,147.443023681641,69.0641784667969,80.6769251251221,68.4925030964177,157.73844909668,180.969848632812,123.849498748779,143.575247446696,0,0,92.1514329910278,106.469116210938,7.53804310553088,40.9162508320605,14.8108741882496,0,0,106.746475219727,106.878147125244,113.795771280924,57.201106505324,129.56402015686,70.47940798159,83.9201685587565,44.6085365142822,138.688611711775,88.4524841308594,55.5690881093343,60.0281927871704,82.9208958943685,69.9050147894657,0,96.5472316741943,16.9109835184413,74.8847133412081,56.1461832879925,18.282967571789,50.5230445913089,29.8613273667195,92.3142553965251,78.7871780395508,125.03927230835,69.5857684923255,182.844711303711,122.175928751628,68.4516921504851
172.427601405552,87.6349682807922,92.8657040315516,78.6287027359009,223.816940307617,229.198226928711,199.660947527204,158.363519331988,176.961683853813,0,161.030371771918,161.240783691406,0,145.92317199707,179.428533935547,0,102.197994886771,105.510314941406,139.926570892334,123.534391549917,0,133.079558632591,114.130226584042,99.3045433445981,143.830346461705,0,98.4891117016474,94.0141435640972,140.639078648885,176.567445901724,143.144803082501,127.716022491455,0,144.544948032924,120.504867172241,107.434041828452,40.9162508320605,12.5900016459841,44.6267887520615,149.632421221052,153.846656799316,129.639479877973,83.7735753272561,111.874936388195,106.287494860197,102.728759242926,87.9215654290241,174.049003601074,85.8705512306907,112.428638617588,128.166443347931,68.9401849110921,41.3581652652303,93.6965052286784,69.3608839378594,160.865468597412,59.535267909061,41.9544374181869,27.6926514981118,98.8348706847463,69.6258010864258,33.4589053251553,25.3108322239629,74.084422959137,127.058777585237,89.5795979808039,95.8575938542684,163.352094438341,108.136849975586,68.5741762535594
