8.33797287291633,109.56640625,94.8649327954532,74.8865269812468,89.9080145699637,78.6767820878462,73.6237350702286,24.8728983224313,28.02603920235,71.2598304748535,67.6723379527821,129.380894835566,94.8923959732056,149.85525226593,15.4214244057229,112.992972237723,138.013729095459,92.9885020926397,139.51220703125,126.704844489464,106.618980407715,72.3483535578993,104.552373886108,82.2136989642323,84.3315850496292,0,112.101702459927,119.948623738679,72.3575739380497,19.9998393810102,29.7816387903388,158.664927164714,81.0145315382216,31.1655399067195,86.6742639342944,135.166748046875,0,182.82022857666,87.4117933909098,101.480613708496,0,0,140.790690104167,145.736012776693,87.5531393197867,0,0,0,0,161.725306193034,0,129.015422821045,181.042083740234,0,0,123.559936523438,158.439168294271,96.8515594482422,180.375732421875,129.875972454364,0,170.666542053223,191.256655606357,139.522294998169,161.751605987549,141.740570068359,0,0,151.374755859375,140.021602630615
109.56640625,6.80073360935906,51.0358865828741,19.6909251089569,0,0,106.504280090332,121.30620765686,138.670262145996,59.1882712046305,129.831134796143,67.2601551519376,109.455703735352,51.3904759168087,127.162990570068,101.511297861735,60.9372971322801,61.0447931850658,71.9176904678345,86.1202153744905,0,93.1952972412109,18.284643596941,66.6336493719192,76.3569204832378,30.4144894767514,56.6377732203557,32.4998101376473,103.188583374023,119.661041259766,90.1179475784302,65.4555166493291,104.470291137695,126.902435302734,54.1586632728577,0,0,103.549015808105,79.134171295166,164.116455078125,0,0,0,0,104.374816894531,0,0,0,107.212405395508,0,0,0,121.12196858724,123.701858520508,138.583415222168,131.657264709473,0,0,0,138.262204488118,79.0575603908963,99.3096307607798,106.771248753866,216.236022949219,0,0,123.51372273763,0,0,110.839672088623
94.8649327954532,51.0358865828741,11.9365577205073,62.116515632912,0,158.114933013916,134.677761309075,87.0923382851385,114.728543819194,122.543607711792,99.6231954059904,91.2127173113975,156.213737487793,90.0970447080355,110.914816175624,140.898453122094,97.5417818181655,42.3817139385801,84.6365261744786,74.8519043826417,121.446971893311,66.2190985742368,80.4595103793674,30.4889762743991,108.374047342936,100.197408040365,34.1505708207693,32.7466856723649,62.4531975088423,116.903153199988,82.5542900953648,91.890871616832,165.200548518788,98.7409088277371,59.9895352677052,189.574485778809,88.186120669047,93.7780176553381,66.5328226787288,0,0,0,168.777651468913,180.850354875837,149.804388427734,173.096569824219,160.823944091797,0,135.039797465007,177.48796081543,159.722633361816,109.190795050727,108.905045764281,146.356228637695,124.151251051161,0,141.573305765788,90.7189750671387,114.649259509462,161.40113231114,124.502077102661,99.9849983366909,99.117877859487,155.48832484654,187.279287719727,153.311553955078,159.983154296875,0,182.977828979492,130.497516029759
74.8865269812468,19.6909251089569,62.116515632912,39.3433350946918,64.5187713623047,120.024302419027,99.167794994686,61.3071587794147,85.1238060806069,16.697308640063,98.0362130355835,109.663326556866,72.0564328034719,88.068105778224,87.3209479308325,74.89831966824,48.7435741837151,85.1141124793461,118.115480422974,118.542968241374,56.7311325073242,57.5752113317352,20.4470109871725,74.6242511994248,43.4156827261656,67.2427003865615,57.8399712010434,44.339810994421,53.6577764151536,79.5227116827639,56.0027188346845,104.501342455546,121.283552418584,60.0758861828876,78.9440190099901,73.8826571873256,125.619201660156,103.58232262021,20.3978240537963,63.5699949264526,119.246532440186,123.133140563965,86.2388415527344,103.038453063965,55.4014684586298,112.340574784712,0,65.3630002339681,105.591827392578,107.217511103703,55.6048309326172,63.1949475606283,105.885186876569,0,182.350173950195,59.7764798944647,78.500114440918,58.9405813217163,120.933212757111,56.5853426095211,68.1875610351562,109.894022100112,105.69152404416,90.5967743670354,94.069513411749,77.6096375409295,149.303764343262,0,84.327018737793,106.102280426025
89.9080145699637,0,0,64.5187713623047,9.26028980762467,126.88289642334,63.4263301985604,44.2433631274165,89.532309700461,43.3161224876962,21.8130407905919,144.86604309082,23.0191961276852,156.462158203125,96.0603775751023,64.288296651032,102.523452758789,180.326774597168,0,0,12.0637711331359,78.5772981643677,65.9019193649292,95.8557949066162,16.952397981302,127.31697845459,171.933085123698,118.614302953084,16.4377210112846,88.5156662153161,103.363300868443,0,137.931855519613,69.7083882913961,86.6434876976944,0,123.941184997559,143.164840698242,66.8621953500284,8.22190659840902,0,132.957948572495,149.712888717651,146.954936557346,85.7030624813504,89.0179638332791,0,62.594980103629,0,175.959279378255,103.61245959738,155.101333618164,0,0,0,17.2247151294802,0,126.393830617269,151.441772460938,94.5710675443583,182.159515380859,239.040130615234,173.195259094238,106.055596503142,148.368569946289,142.185124715169,0,0,0,159.389221191406
78.6767820878462,0,158.114933013916,120.024302419027,126.88289642334,6.80954683555334,13.8229603653423,108.237092674325,25.2287018425537,94.8357929502215,106.246444265351,76.3361087892114,97.4099861208864,115.180217319065,33.3183812087344,14.5744948828437,0,157.108778127034,156.24715423584,149.185110982259,111.373702155219,113.001509094238,118.353492736816,140.790108998617,118.705186072816,78.6585973103841,168.204237060547,165.331330732866,120.183854182561,25.901893293586,124.478638240269,0,11.0662630088828,76.1035391489665,35.2464531038436,186.858489990234,0,0,143.02717590332,0,0,198.716949462891,178.579444885254,215.261856079102,0,199.767295837402,0,117.786212921143,0,204.903205871582,0,209.026351928711,0,0,0,0,176.040710449219,133.466079711914,0,161.98928438384,0,164.709686279297,212.956207275391,175.016170247396,204.612365722656,188.974273681641,0,0,0,201.960746765137
73.6237350702286,106.504280090332,134.677761309075,99.167794994686,63.4263301985604,13.8229603653423,8.95374467042918,68.4634337100874,19.076144683262,76.0556232782058,30.3808437769909,98.1118339811053,25.4449200870481,129.617812778639,37.7614984350689,12.4339457356944,127.567860921224,150.830551198665,164.17518081665,164.870054732922,46.470343415977,125.528214348687,107.303476121691,125.660802512945,86.1467165877566,130.992762756348,159.688357481482,147.292317378668,79.3615076873424,45.822085439423,98.3955497741699,166.114826965332,16.5090390845924,83.1265358302904,70.1586746977049,156.506164550781,217.701934814453,198.03200785319,97.6338660011829,120.726294623481,0,164.823760986328,160.628278459821,170.541804053567,107.850213081606,169.181164264679,0,71.382926111636,0,189.332089233398,124.159698486328,117.944107055664,210.102554321289,0,0,132.332995278495,201.973892211914,0,193.473739624023,128.139258448558,0,201.526706695557,198.138789367676,159.212401399158,181.818675994873,178.914906819661,0,0,160.900686090643,179.256191253662
24.8728983224313,121.30620765686,87.0923382851385,61.3071587794147,44.2433631274165,108.237092674325,68.4634337100874,9.36614275470303,53.4541325861402,59.0672937026159,20.531674897861,154.21369068797,65.0745449373799,163.31337483724,33.8603145096245,84.7606530567956,93.8973534107208,108.917494482623,151.522991434733,147.800227650425,52.4196284157889,68.0657245503615,71.7755099487305,71.7889226386568,62.0296495978727,0,125.855539786188,101.789559469574,32.6809858883775,52.6748903523647,16.7859693461534,166.296238708496,117.967651809471,58.5368242975953,90.3251478896182,143.328192138672,0,157.16314202386,84.1577420915876,114.131439208984,179.682357788086,153.281761516224,126.961709829477,149.526947293963,78.3339214031513,143.93417400784,236.514251708984,158.742487589518,0,155.297348022461,129.059054056803,120.689043317522,180.582596998948,0,0,114.315380350749,165.017911275228,110.526944160461,150.941686559606,110.804959895102,191.261383056641,180.005442810059,172.049575551351,123.997968451021,140.947811889648,137.439936319987,0,193.921615600586,132.947980562846,141.827178955078
28.02603920235,138.670262145996,114.728543819194,85.1238060806069,89.532309700461,25.2287018425537,19.076144683262,53.4541325861402,11.1168632684818,85.8330493268713,29.5099867253348,107.217551487957,73.6642995186425,119.030204772949,18.1153108945882,32.5649247250906,138.066988627116,124.378823925291,149.34400177002,152.613987665107,81.1920374845847,107.114943345388,93.5852887080266,107.106036413729,90.47426924201,92.0894571940104,140.212214411521,133.113716680588,82.0978479363275,31.2130216453475,75.6672349019094,163.624518871307,20.9728676972403,93.882111156688,75.612643197266,164.220324925014,144.501892089844,191.362381879021,97.4311237824269,153.066126505534,0,169.348623820714,156.199447631836,162.610134610263,105.043934531834,162.133099642667,131.509506225586,125.215962727865,123.099594116211,179.19989827474,170.678833007812,129.396381378174,200.277137756348,0,191.961151123047,147.607532024384,135.499061584473,131.370400746663,159.21114654541,130.278996559161,0,197.851612091064,187.514733886719,150.184317513798,173.937059646998,160.392190933228,0,201.601791381836,159.525883394129,155.858673660843
71.2598304748535,59.1882712046305,122.543607711792,16.697308640063,43.3161224876962,94.8357929502215,76.0556232782058,59.0672937026159,85.8330493268713,7.46918231385116,69.0594179050343,130.118456753817,16.5283659463146,114.031220609492,88.8038450913622,27.7828678054574,81.2096608479818,137.560261317662,123.281818614287,131.646418484775,34.2890217718871,62.4250768025716,21.3583933825575,108.325617109026,22.0537474611612,93.7121539540419,117.772939586639,100.957677231865,51.9905855206476,76.3787749234368,64.0005448699757,129.688480536143,131.042970137163,63.0445694213218,103.495940808897,76.9348117283412,0,134.333517074585,26.108801205953,75.579891204834,0,113.294612248739,83.6634246563089,110.376639175415,32.93081190851,111.9372013637,162.252944946289,65.2979462941488,160.606109619141,121.523141714243,64.2661984761556,233.260543823242,134.145217895508,192.358795166016,0,74.5088461673621,128.290966033936,82.0413188934326,0,56.1405246783111,111.029418945312,196.195220947266,152.069228278266,94.7343682509202,111.19170665741,115.143422444661,0,121.262901306152,70.3292007446289,89.6550407409668
67.6723379527821,129.831134796143,99.6231954059904,98.0362130355835,21.8130407905919,106.246444265351,30.3808437769909,20.531674897861,29.5099867253348,69.0594179050343,12.2074331146244,144.351683466058,23.8467258519092,165.916542561849,71.6568623399706,74.7426262043666,109.10795211792,135.328298607651,171.813158671061,163.805076599121,15.892839971767,85.261449432373,100.911215591431,91.2085098726996,65.9548309485629,150.003005981445,137.697238418291,115.289310754514,30.3879993352081,85.5958196298235,70.1867696114306,176.034741719564,120.659236689083,76.5195531395717,86.4999037979616,142.652786254883,149.142618815104,176.770987616645,84.5525807857513,88.8010849830432,0,152.241933362237,150.286414202522,157.221592870252,101.81310933431,149.112747192383,0,51.6223258051956,215.013610839844,177.178998311361,113.953657531738,208.444305419922,161.041763305664,0,0,126.792835420775,131.368103027344,130.019121805827,181.349601745605,111.948495518311,0,197.690383911133,179.029174804688,153.75855490426,168.869384765625,152.62646484375,212.384246826172,0,159.827194213867,156.399535042899
129.380894835566,67.2601551519376,91.2127173113975,109.663326556866,144.86604309082,76.3361087892114,98.1118339811053,154.21369068797,107.217551487957,130.118456753817,144.351683466058,12.3160950368061,127.576909767007,22.997261625173,89.0131659142765,118.745971679688,121.530438874897,50.2476413156907,21.7979608167487,26.2009170138653,141.915633392334,106.758591813861,99.5301061892042,94.5241505625328,153.965880552928,28.9050884551139,29.0710809566353,66.5254396109423,144.959762696297,69.3096995366692,109.771310712084,41.7039177538035,58.196853167216,96.0211528724348,30.576383456199,0,131.386993408203,143.557056427002,88.5340589635512,0,0,0,229.416839599609,224.247711181641,152.308948516846,0,115.918752034505,0,82.5665271713073,0,0,215.423065185547,157.613051278251,120.648329483835,121.505444049835,0,175.14501953125,0,0,183.138233857996,70.2068214416504,110.473194085279,110.808277449126,201.585651397705,192.692835489909,228.400108337402,111.280833774143,0,193.592193603516,145.407505580357
94.8923959732056,109.455703735352,156.213737487793,72.0564328034719,23.0191961276852,97.4099861208864,25.4449200870481,65.0745449373799,73.6642995186425,16.5283659463146,23.8467258519092,127.576909767007,8.61628727840129,153.718959461559,99.4144625514746,16.3179839311921,100.356992085775,175.296298217773,149.178232828776,164.17588297526,11.9807499002233,0,71.3070297241211,177.231508890788,27.9430243646073,134.647885131836,174.983695983887,122.793520493941,46.0969753685347,94.6208957036336,103.5802637736,175.586822509766,111.447460074699,81.1554278323525,88.8932113647461,0,0,0,81.5067866007487,21.2467454075813,151.070602416992,54.0570169958738,129.342945098877,114.447498703003,85.5608656747001,46.22561378479,0,11.2902206446664,0,111.62646929423,72.4904070767489,0,0,0,0,18.1562207159668,0,107.896209716797,173.789398193359,95.6931952848667,0,0,160.849746704102,97.1877709750471,118.714442913349,142.661193847656,0,124.17027130127,165.882202148438,99.8883409500122
149.85525226593,51.3904759168087,90.0970447080355,88.068105778224,156.462158203125,115.180217319065,129.617812778639,163.31337483724,119.030204772949,114.031220609492,165.916542561849,22.997261625173,153.718959461559,7.79289977167242,97.4691366972747,157.90575281779,131.440998077393,94.5504768650706,52.3218510313468,67.3051972688684,177.546463012695,134.15272630964,85.1903631462241,118.041390575062,131.396862268448,19.9164375039018,44.1765408860451,31.257478267481,169.291934967041,78.0928209981611,145.440338134766,14.5397991551922,74.7705507522974,154.66058807373,52.8484605708825,207.348815917969,86.7277992248535,150.459207807268,52.2235426409491,0,0,0,0,0,165.467582702637,238.440414428711,99.4364461898804,0,54.2250305548085,239.982696533203,165.224510192871,0,0,100.123037093725,110.379323686872,0,0,156.809288024902,108.88875579834,198.551696777344,54.1794110544073,99.4050872580519,88.0161679950818,211.391357421875,171.041468302409,174.56901550293,93.3693364461263,86.7704849243164,214.460693359375,118.932631598579
15.4214244057229,127.162990570068,110.914816175624,87.3209479308325,96.0603775751023,33.3183812087344,37.7614984350689,33.8603145096245,18.1153108945882,88.8038450913622,71.6568623399706,89.0131659142765,99.4144625514746,97.4691366972747,9.7630000114639,26.8233665930373,122.996040344238,114.318370069132,134.880036893098,142.584252037078,97.9299394388114,98.3248707208878,104.424755096436,101.19473471127,96.8901834532688,84.7313125610352,132.93799114356,133.676308924152,89.0327145143108,22.3056094044699,49.2410368701519,130.219518873427,17.3208647833275,40.3698523095314,59.9087063232229,165.704609264027,0,178.592984367819,102.059822845459,184.209259033203,0,177.774499075753,156.56957040182,172.957284545898,103.014922068669,174.020440673828,0,128.434076944987,0,178.868088820885,185.529907226562,127.316305541992,206.098306274414,0,213.000007629395,175.720359802246,161.811737060547,113.896558761597,168.63373374939,143.26754091703,0,192.09013671875,180.958155092986,150.918556414152,176.303899383545,168.252972602844,245.688278198242,0,161.949924468994,164.00106375558
112.992972237723,101.511297861735,140.898453122094,74.89831966824,64.288296651032,14.5744948828437,12.4339457356944,84.7606530567956,32.5649247250906,27.7828678054574,74.7426262043666,118.745971679688,16.3179839311921,157.90575281779,26.8233665930373,8.16332999549344,160.294389724731,138.206982203892,0,0,66.0892380475998,84.8793563842773,72.0845300674439,136.41558380127,49.5327978368588,139.363375345866,160.360998535156,128.218617158778,78.86670688707,33.5787380218506,114.00596110026,0,43.2702033649791,80.4793821970622,85.9309961795807,0,0,0,101.345569610596,162.323539733887,0,185.75471496582,0,192.461490631104,136.864440917969,0,0,0,0,0,47.3077170054118,144.140731811523,0,0,0,143.252593994141,0,124.281028747559,128.226867675781,130.09583898691,0,228.540237426758,164.347457885742,144.64050074986,169.128295898438,0,0,0,166.048873901367,175.514602661133
138.013729095459,60.9372971322801,97.5417818181655,48.7435741837151,102.523452758789,0,127.567860921224,93.8973534107208,138.066988627116,81.2096608479818,109.10795211792,121.530438874897,100.356992085775,131.440998077393,122.996040344238,160.294389724731,13.1547578437183,103.707195009504,137.059184265137,131.956230799357,0,16.9667070870088,33.423453219539,18.6218995945625,35.1739213337907,105.282426452637,111.992446749818,28.0631300281021,36.9610731763135,122.153006843899,73.8110911606701,128.828365325928,0,84.7976226806641,81.746355935639,128.850660705566,120.199249267578,95.6654837526868,59.5985257198936,154.453460693359,0,148.75074005127,145.230534447564,163.0621678279,108.481777954102,167.786291503906,0,0,154.310272216797,162.538854598999,0,92.7923075358073,137.173492996781,0,139.2255859375,0,113.48809967041,52.5694208972027,97.796739702895,111.402669486353,0,137.841164588928,96.4584807809475,130.851415680676,147.81849861145,116.635872840881,0,0,117.564512634277,139.082903544108
92.9885020926397,61.0447931850658,42.3817139385801,85.1141124793461,180.326774597168,157.108778127034,150.830551198665,108.917494482623,124.378823925291,137.560261317662,135.328298607651,50.2476413156907,175.296298217773,94.5504768650706,114.318370069132,138.206982203892,103.707195009504,9.97181886977991,53.8181290394551,28.5780222518443,0,54.9844769343734,90.0503937403361,24.3718212111102,123.788109008205,85.3935999189104,27.9637087701875,63.3846742319952,101.634453415289,94.8659070671478,72.8107451681928,91.0204354991084,158.81702782126,82.9200682867141,35.2838747868581,154.188232421875,121.927160898844,108.483373322358,88.2891804544549,0,0,207.130020141602,191.739616394043,216.20329284668,94.8429489135742,222.62873840332,137.299163818359,0,110.046669006348,217.888786315918,0,146.430479431152,122.693917592367,151.020552317301,110.399566226535,0,156.418518066406,140.32756652832,152.735361735026,172.174517463235,104.834106445312,106.658460066408,109.70844885371,163.596141270229,201.830551147461,215.428588867188,0,0,0,135.868452284071
139.51220703125,71.9176904678345,84.6365261744786,118.115480422974,0,156.24715423584,164.17518081665,151.522991434733,149.34400177002,123.281818614287,171.813158671061,21.7979608167487,149.178232828776,52.3218510313468,134.880036893098,0,137.059184265137,53.8181290394551,6.27821086674368,11.9173539890782,187.255599975586,129.100393507216,108.476766146146,99.800339161266,164.587562561035,44.8538746039073,26.3424158387276,60.3109526713955,156.847150802612,124.373247747552,124.521259992551,49.8815627066781,91.4663321755149,117.522681342231,64.6151776376524,0,98.1102828979492,148.16471862793,78.6939680916922,0,0,0,0,0,0,0,112.429676055908,0,101.70656846699,0,0,0,130.659507751465,107.447116651033,122.371829509735,0,0,0,0,224.808807373047,85.7240666283502,103.853762029832,102.059190750122,223.904159545898,0,0,116.789518447149,0,0,160.808197021484
126.704844489464,86.1202153744905,74.8519043826417,118.542968241374,0,149.185110982259,164.870054732922,147.800227650425,152.613987665107,131.646418484775,163.805076599121,26.2009170138653,164.17588297526,67.3051972688684,142.584252037078,0,131.956230799357,28.5780222518443,11.9173539890782,9.12165725715157,0,108.732782904782,96.9340703863847,70.1631122000157,147.549414770944,47.639065391139,27.6765690718334,66.3391461938011,138.071982998318,113.833866812242,108.130935656356,55.0808154470552,115.377403767904,99.7127558530032,49.3698108826852,192.212265014648,136.248550415039,140.879796196433,108.392932198264,0,0,0,0,0,185.890533447266,0,118.082544180063,0,106.051406411564,0,0,160.774063110352,131.907771809896,111.309921851525,111.794163471944,0,0,154.994003295898,0,0,82.0320353074507,104.313967745355,102.840906459793,246.569198608398,148.615615844727,0,117.730955335829,0,218.401962280273,140.016987609863
106.618980407715,0,121.446971893311,56.7311325073242,12.0637711331359,111.373702155219,46.470343415977,52.4196284157889,81.1920374845847,34.2890217718871,15.892839971767,141.915633392334,11.9807499002233,177.546463012695,97.9299394388114,66.0892380475998,0,0,187.255599975586,0,8.42332946874022,0,72.7190933227539,0,14.103070733963,0,171.310333251953,149.808700561523,28.0956272831682,92.6917141548336,132.321090698242,0,124.961312157767,71.8447250366211,89.1394459117543,151.275985717773,159.572418212891,0,70.839518737793,16.6142972522312,0,68.662230682373,0,125.055839538574,93.6036326090495,121.462420327323,135.075149536133,14.8753196195114,0,152.386093139648,99.5792144775391,0,0,0,0,53.9173409471325,0,0,0,100.404756729212,0,0,194.613967895508,134.976209640503,0,0,0,0,0,128.51139831543
72.3483535578993,93.1952972412109,66.2190985742368,57.5752113317352,78.5772981643677,113.001509094238,125.528214348687,68.0657245503615,107.114943345388,62.4250768025716,85.261449432373,106.758591813861,0,134.15272630964,98.3248707208878,84.8793563842773,16.9667070870088,54.9844769343734,129.100393507216,108.732782904782,0,11.179328370409,55.7284779347165,24.24945574501,32.9936893663032,0,105.954154228442,76.0681300009451,22.9315392777958,53.0856586244048,24.5144353847721,133.224900817871,0,52.2898178100586,47.694988093949,125.696050008138,0,137.602323913574,64.0498481716276,133.219055175781,0,167.301612854004,132.095050464977,156.626387023926,95.7932342529297,168.994717407227,180.612182617188,0,0,161.19615872701,125.241325378418,99.986989763048,154.330165863037,193.230819702148,0,0,116.188332066391,80.1062996204083,125.970431082589,110.720400819684,0,150.818346150716,136.40454305013,117.524597837214,134.205605643136,119.990234540856,0,0,125.288438415527,125.71063486735
104.552373886108,18.284643596941,80.4595103793674,20.4470109871725,65.9019193649292,118.353492736816,107.303476121691,71.7755099487305,93.5852887080266,21.3583933825575,100.911215591431,99.5301061892042,71.3070297241211,85.1903631462241,104.424755096436,72.0845300674439,33.423453219539,90.0503937403361,108.476766146146,96.9340703863847,72.7190933227539,55.7284779347165,9.07213604063709,52.8808396364075,28.6575054846493,65.0639034168354,90.2123303459686,42.6133464055757,58.4811145313625,80.1641952411549,56.6787882850284,99.5540697198165,129.637359619141,63.0910261053788,91.0829635288404,59.612232208252,126.111763000488,107.274938088876,55.7473703879936,0,0,150.671473185221,146.448340098063,156.82154973348,86.7185825771756,133.099979400635,0,0,149.699522018433,91.1318206787109,93.5514831542969,65.3553695678711,143.884593963623,0,184.839012145996,97.9868927001953,74.9114583333333,64.953127179827,76.8260714919479,86.8378481864929,80.4454078674316,127.202617100307,96.5176235143689,106.140707492828,163.85782623291,132.182897567749,0,0,112.508941650391,78.7628726959229
82.2136989642323,66.6336493719192,30.4889762743991,74.6242511994248,95.8557949066162,140.790108998617,125.660802512945,71.7889226386568,107.106036413729,108.325617109026,91.2085098726996,94.5241505625328,177.231508890788,118.041390575062,101.19473471127,136.41558380127,18.6218995945625,24.3718212111102,99.800339161266,70.1631122000157,0,24.24945574501,52.8808396364075,14.5260308479165,70.0010215672921,122.012034098307,73.5562449664325,42.9258709742928,41.608242234259,65.6597887392904,43.750163512739,126.2880423069,147.167463989258,76.9958453630879,48.1822903341552,150.666595458984,111.743138631185,100.904689641326,77.8501718486854,0,175.773529052734,193.571746826172,152.032207489014,172.441996983119,89.6424789428711,156.863971710205,213.242431640625,0,146.293594360352,164.544926961263,124.270355224609,100.171599418886,133.815244562486,157.281890869141,148.770363943917,184.992614746094,119.567371309721,66.4588972570197,106.916830401516,138.21083017985,148.216918945312,133.018026702258,103.337075068062,139.605485311369,183.062200546265,129.220243835449,0,0,159.281661987305,142.863386154175
84.3315850496292,76.3569204832378,108.374047342936,43.4156827261656,16.952397981302,118.705186072816,86.1467165877566,62.0296495978727,90.47426924201,22.0537474611612,65.9548309485629,153.965880552928,27.9430243646073,131.396862268448,96.8901834532688,49.5327978368588,35.1739213337907,123.788109008205,164.587562561035,147.549414770944,14.103070733963,32.9936893663032,28.6575054846493,70.0010215672921,12.3019596636091,107.804156545865,125.27954415714,79.7264665258745,22.6435678485508,81.1015347271933,71.4642894976247,145.987647628784,132.134757833278,66.4437549304514,92.3732026062864,125.908689004404,127.412722269694,141.359004384464,61.3527093279961,101.737644665058,179.581172943115,135.351066161539,116.519738343183,136.814405572323,65.2595193913963,130.753137998228,192.857604980469,91.0663724332242,0,146.847168841994,84.9846935272217,96.9840458386565,173.992370605469,207.850936889648,176.846262613932,92.447527579053,119.725781917572,82.0862302458688,134.390717424665,92.4688073056022,153.439697265625,178.174270383773,148.1978381037,114.131912282649,133.93618169457,121.610714300355,0,183.349772135417,124.560230113842,128.210835870707
0,30.4144894767514,100.197408040365,67.2427003865615,127.31697845459,78.6585973103841,130.992762756348,0,92.0894571940104,93.7121539540419,150.003005981445,28.9050884551139,134.647885131836,19.9164375039018,84.7313125610352,139.363375345866,105.282426452637,85.3935999189104,44.8538746039073,47.639065391139,0,0,65.0639034168354,122.012034098307,107.804156545865,6.98870052431626,39.1796820015261,20.1723629453461,134.548997061593,82.7403917312622,0,46.2645453978121,74.0616467793783,0,54.6431695302327,0,56.3578125,156.876739501953,23.6082471086268,0,0,0,0,169.979225158691,134.326164245605,0,59.0204311170076,0,58.6895557931588,0,145.063858032227,0,102.261650085449,89.9879442850749,77.049934387207,159.099945068359,0,0,0,147.835502624512,38.3063232327296,79.3003258372462,69.9878032673364,0,0,0,83.1363717714946,89.6479110717773,0,109.788793563843
112.101702459927,56.6377732203557,34.1505708207693,57.8399712010434,171.933085123698,168.204237060547,159.688357481482,125.855539786188,140.212214411521,117.772939586639,137.697238418291,29.0710809566353,174.983695983887,44.1765408860451,132.93799114356,160.360998535156,111.992446749818,27.9637087701875,26.3424158387276,27.6765690718334,171.310333251953,105.954154228442,90.2123303459686,73.5562449664325,125.27954415714,39.1796820015261,12.6250889241419,37.3290635843691,123.662284013164,115.541533103189,102.770439970279,30.1544795229874,139.684869271738,110.072950363159,61.3843381767954,149.755661010742,99.6490515136719,100.288008153044,69.8965497919031,0,139.681045532227,206.726150512695,153.861909866333,201.494161269244,174.53092956543,187.59716796875,112.599493861198,0,98.2670012220825,184.293551635742,110.806083679199,129.24985738901,107.791767483666,106.286368942261,103.302689548814,194.136154174805,171.211369105748,147.082775539822,148.977444152832,178.322090996636,73.8944894799359,93.3963107133663,93.0461332423805,181.747978210449,193.37712097168,161.764132047954,112.827282881536,0,173.509971618652,117.919562476022
119.948623738679,32.4998101376473,32.7466856723649,44.339810994421,118.614302953084,165.331330732866,147.292317378668,101.789559469574,133.113716680588,100.957677231865,115.289310754514,66.5254396109423,122.793520493941,31.257478267481,133.676308924152,128.218617158778,28.0631300281021,63.3846742319952,60.3109526713955,66.3391461938011,149.808700561523,76.0681300009451,42.6133464055757,42.9258709742928,79.7264665258745,20.1723629453461,37.3290635843691,14.6849284521045,74.740163826253,119.244198891747,102.096689377655,23.8110437407481,141.016395775047,100.940870225162,67.9924986175601,172.976650238037,106.235266134773,95.541927533983,65.0215598533743,149.986692047119,171.368064880371,199.46036605835,161.56432101601,184.661181458041,143.846903307685,174.84970703125,120.105746509583,149.821421305339,95.9745320992128,187.953896262429,151.02362714495,100.610766173572,112.289455318083,112.091901836973,113.436653067849,147.436568366157,134.800779454848,67.2318857474761,104.343375874597,142.305504288212,73.9334774947748,98.0553187180137,96.4810197561082,155.8893868231,179.014629364014,166.546653442383,115.198935178953,0,182.700303297776,123.474382171631
72.3575739380497,103.188583374023,62.4531975088423,53.6577764151536,16.4377210112846,120.183854182561,79.3615076873424,32.6809858883775,82.0978479363275,51.9905855206476,30.3879993352081,144.959762696297,46.0969753685347,169.291934967041,89.0327145143108,78.86670688707,36.9610731763135,101.634453415289,156.847150802612,138.071982998318,28.0956272831682,22.9315392777958,58.4811145313625,41.608242234259,22.6435678485508,134.548997061593,123.662284013164,74.740163826253,11.1404210462025,73.6984339118374,33.2143271681464,159.46721496582,130.788953427915,58.571433559455,58.7665287007188,126.665452448527,144.976357596261,142.60089956996,69.9722529324618,86.8024089373075,144.996757507324,137.771564382367,123.637654265312,139.590504838606,81.306501865387,144.27862409135,206.89875793457,104.335105003195,0,150.750830103139,109.743596058971,102.239842234431,177.053810521176,0,190.376899719238,114.47739997065,122.276983642578,90.0830860795646,131.563396597808,101.124879632514,0,179.454434394836,143.213948905468,121.842989522205,137.824462447628,119.183686969661,0,183.302011108398,124.797942931394,134.679222786781
19.9998393810102,119.661041259766,116.903153199988,79.5227116827639,88.5156662153161,25.901893293586,45.822085439423,52.6748903523647,31.2130216453475,76.3787749234368,85.5958196298235,69.3096995366692,94.6208957036336,78.0928209981611,22.3056094044699,33.5787380218506,122.153006843899,94.8659070671478,124.373247747552,113.833866812242,92.6917141548336,53.0856586244048,80.1641952411549,65.6597887392904,81.1015347271933,82.7403917312622,115.541533103189,119.244198891747,73.6984339118374,10.0356557046088,22.3836730019486,112.253316413032,12.5322168797634,15.1293014606379,38.0486845803546,153.562347412109,216.699325561523,168.075792789459,92.7459294433594,135.733907699585,0,160.282442959872,150.216971046046,172.899994189923,103.492983334306,164.968086536114,0,123.58403438992,123.110729217529,184.385578818943,179.173568725586,105.485004425049,165.260859171549,0,216.748764038086,157.211739434136,138.195158216688,83.3782219519982,151.908778797496,135.817157413296,0,166.203778743744,161.336319432114,144.232564833558,165.993457539876,154.60231757164,0,205.574928283691,163.728423269171,158.348964575565
29.7816387903388,90.1179475784302,82.5542900953648,56.0027188346845,103.363300868443,124.478638240269,98.3955497741699,16.7859693461534,75.6672349019094,64.0005448699757,70.1867696114306,109.771310712084,103.5802637736,145.440338134766,49.2410368701519,114.00596110026,73.8110911606701,72.8107451681928,124.521259992551,108.130935656356,132.321090698242,24.5144353847721,56.6787882850284,43.750163512739,71.4642894976247,0,102.770439970279,102.096689377655,33.2143271681464,22.3836730019486,10.0492398759163,146.494332631429,108.926103591919,23.559941603844,32.8729722566017,140.363390604655,0,139.157035827637,64.1619529934297,0,177.551493326823,161.322788783482,128.457278900146,147.529795782907,72.9379005432129,164.505292256673,0,0,0,152.292813873291,0,94.8741768686395,154.888048444475,0,0,0,118.791760471889,68.0457636746493,133.951774597168,111.95379670087,0,157.106232537164,151.152011303192,116.725099646527,134.641672406878,115.004080685702,0,212.771911621094,128.721230537661,128.345435732887
158.664927164714,65.4555166493291,91.890871616832,104.501342455546,0,0,166.114826965332,166.296238708496,163.624518871307,129.688480536143,176.034741719564,41.7039177538035,175.586822509766,14.5397991551922,130.219518873427,0,128.828365325928,91.0204354991084,49.8815627066781,55.0808154470552,0,133.224900817871,99.5540697198165,126.2880423069,145.987647628784,46.2645453978121,30.1544795229874,23.8110437407481,159.46721496582,112.253316413032,146.494332631429,6.94778762207679,114.257247924805,129.09757232666,76.9773612156549,0,149.28205871582,144.861948649089,75.3912694719103,0,0,0,0,0,0,0,110.976545606341,0,93.7163598124186,0,0,0,152.012149265834,106.71844886331,107.098174245734,0,0,0,194.916122436523,168.882537841797,76.901015479966,105.633411570064,101.873988774358,0,0,187.746963500977,107.772634652945,0,0,118.688587188721
81.0145315382216,104.470291137695,165.200548518788,121.283552418584,137.931855519613,11.0662630088828,16.5090390845924,117.967651809471,20.9728676972403,131.042970137163,120.659236689083,58.196853167216,111.447460074699,74.7705507522974,17.3208647833275,43.2702033649791,0,158.81702782126,91.4663321755149,115.377403767904,124.961312157767,0,129.637359619141,147.167463989258,132.134757833278,74.0616467793783,139.684869271738,141.016395775047,130.788953427915,12.5322168797634,108.926103591919,114.257247924805,5.40111024587651,73.182666015625,34.7336172815097,0,0,210.730339050293,138.343795776367,0,0,209.285491943359,185.622848510742,204.792325973511,126.131217956543,0,0,148.91438293457,0,0,0,0,199.881088256836,0,0,183.348526000977,0,198.022232055664,217.273956298828,178.366987609863,0,246.291580200195,198.880561828613,185.098864468661,198.993082682292,197.491628011068,0,0,193.914558410645,197.531379699707
31.1655399067195,126.902435302734,98.7409088277371,60.0758861828876,69.7083882913961,76.1035391489665,83.1265358302904,58.5368242975953,93.882111156688,63.0445694213218,76.5195531395717,96.0211528724348,81.1554278323525,154.66058807373,40.3698523095314,80.4793821970622,84.7976226806641,82.9200682867141,117.522681342231,99.7127558530032,71.8447250366211,52.2898178100586,63.0910261053788,76.9958453630879,66.4437549304514,0,110.072950363159,100.940870225162,58.571433559455,15.1293014606379,23.559941603844,129.09757232666,73.182666015625,8.2630988381584,19.2870059585437,142.771907806396,131.020050048828,147.774237496512,72.3193512644087,120.479150390625,0,152.660018920898,131.552145821708,145.028795151483,74.3054497760275,143.254579162598,0,123.828590393066,0,154.406266645952,133.634464263916,132.456411361694,192.268802642822,0,0,127.342472076416,118.172382354736,69.0050825639205,151.647804260254,107.91960107958,0,188.381169637044,147.811358365146,125.909315852796,144.839848041534,124.375831155216,0,0,142.479534912109,131.970412118094
86.6742639342944,54.1586632728577,59.9895352677052,78.9440190099901,86.6434876976944,35.2464531038436,70.1586746977049,90.3251478896182,75.612643197266,103.495940808897,86.4999037979616,30.576383456199,88.8932113647461,52.8484605708825,59.9087063232229,85.9309961795807,81.746355935639,35.2838747868581,64.6151776376524,49.3698108826852,89.1394459117543,47.694988093949,91.0829635288404,48.1822903341552,92.3732026062864,54.6431695302327,61.3843381767954,67.9924986175601,58.7665287007188,38.0486845803546,32.8729722566017,76.9773612156549,34.7336172815097,19.2870059585437,11.721604530351,0,207.689987182617,114.581047294066,81.6107113020761,159.882530212402,188.972244262695,154.204315185547,141.491706609726,169.70898261437,117.729784223768,164.872360229492,157.36376953125,102.758053588867,121.964679718018,175.348649245042,0,125.085457611084,119.384856541951,138.04997253418,137.287754603795,171.428672790527,146.808368682861,77.138422648112,129.187097821917,134.764042907715,120.489623069763,131.22532482682,121.960790235731,146.283013916016,170.082359313965,155.390855407715,137.707410176595,208.740707397461,147.017280578613,140.022933959961
135.166748046875,0,189.574485778809,73.8826571873256,0,186.858489990234,156.506164550781,143.328192138672,164.220324925014,76.9348117283412,142.652786254883,0,0,207.348815917969,165.704609264027,0,128.850660705566,154.188232421875,0,192.212265014648,151.275985717773,125.696050008138,59.612232208252,150.666595458984,125.908689004404,0,149.755661010742,172.976650238037,126.665452448527,153.562347412109,140.363390604655,0,0,142.771907806396,0,8.53120374947417,111.750974655151,110.020124747083,69.4542080982622,85.3217000094327,90.4688034057617,86.7046401108367,35.4417600421766,61.8335338220787,67.4224559559542,72.012753597046,113.989581214057,86.0506772540865,143.347730364118,19.2899088588977,77.8528079986572,76.1799082633777,98.3173300124307,126.775897418751,111.804761392401,65.3908332542137,75.3663665049175,68.7190443311419,91.62953602962,73.1544673541939,136.857767740885,112.184666655416,126.13800126346,80.3082546772903,15.4005984603575,20.0752862140051,160.370941162109,85.1242687225342,25.7842469226109,70.0238648410735
0,0,88.186120669047,125.619201660156,123.941184997559,0,217.701934814453,0,144.501892089844,0,149.142618815104,131.386993408203,0,86.7277992248535,0,0,120.199249267578,121.927160898844,98.1102828979492,136.248550415039,159.572418212891,0,126.111763000488,111.743138631185,127.412722269694,56.3578125,99.6490515136719,106.235266134773,144.976357596261,216.699325561523,0,149.28205871582,0,131.020050048828,207.689987182617,111.750974655151,5.63007587251572,38.3180165417426,12.6248480381061,107.676620483398,0,144.403381347656,119.551954481337,134.193658828735,58.5526462407777,118.190929412842,62.0740420643876,91.9220809936523,49.6566771631655,124.60463587443,91.2068748474121,38.4953428441828,61.3807708228507,72.3155681610107,63.7330421447754,0,87.7450742721558,17.1247400232619,79.8262606534091,59.6666344753531,19.6998075693123,51.9449556898607,30.4000222338065,101.274625338041,99.195068359375,102.054011874729,66.6709660847982,0,98.6534614562988,78.8324894496373
182.82022857666,103.549015808105,93.7780176553381,103.58232262021,143.164840698242,0,198.03200785319,157.16314202386,191.362381879021,134.333517074585,176.770987616645,143.557056427002,0,150.459207807268,178.592984367819,0,95.6654837526868,108.483373322358,148.16471862793,140.879796196433,0,137.602323913574,107.274938088876,100.904689641326,141.359004384464,156.876739501953,100.288008153044,95.541927533983,142.60089956996,168.075792789459,139.157035827637,144.861948649089,210.730339050293,147.774237496512,114.581047294066,110.020124747083,38.3180165417426,12.889204408915,42.278551641251,167.031700134277,154.472328587582,126.59647183302,89.8683694470084,111.01823851034,93.3684779200061,107.332259540558,94.4441929552928,179.401154836019,86.6016534123108,115.549319538524,127.398206787109,78.4260415576753,39.3564464107718,92.24326543247,76.4549281391097,160.473756578234,60.3663943053397,50.6050348060076,32.6438713924099,101.443416200835,95.6775512695312,28.6246377634517,29.7031734998083,76.4013211544638,130.832450571194,93.0938839440817,99.1900468306108,163.9905128479,102.796309800581,73.3843300044537
87.4117933909098,79.134171295166,66.5328226787288,20.3978240537963,66.8621953500284,143.02717590332,97.6338660011829,84.1577420915876,97.4311237824269,26.108801205953,84.5525807857513,88.5340589635512,81.5067866007487,52.2235426409491,102.059822845459,101.345569610596,59.5985257198936,88.2891804544549,78.6939680916922,108.392932198264,70.839518737793,64.0498481716276,55.7473703879936,77.8501718486854,61.3527093279961,23.6082471086268,69.8965497919031,65.0215598533743,69.9722529324618,92.7459294433594,64.1619529934297,75.3912694719103,138.343795776367,72.3193512644087,81.6107113020761,69.4542080982622,12.6248480381061,42.278551641251,15.6855614039206,49.4765361819351,114.694434426048,86.5839251596993,60.8789071496928,90.29316932119,17.3988030361383,82.4320948362351,63.412010141041,42.103321387551,43.5372677650452,89.3207881472526,37.5692514093911,38.9661836481974,67.3161261160543,82.7635099237615,67.8460787989158,47.5912143861925,50.3595422973428,17.8835980033601,49.9083677664633,35.6725279102641,13.6087169072152,48.2512790324015,38.9183854288111,58.0600293067194,77.2752609138717,56.9051097505412,75.284242235381,125.864018440247,59.8744657796706,66.5811671170321
