14.5004537694078,139.068689982096,105.04478667979,79.8020597058673,82.7800617218018,84.5617126464844,83.6083556648314,25.4185103391739,47.3457754208727,77.8752372347075,42.4348214317843,133.038791363056,96.4574899673462,174.402397155762,18.1088742121745,72.0097015380859,176.511528015137,107.10676205953,152.393630981445,136.010328347342,105.659373023293,81.1427605946859,127.078680038452,96.5353379795207,86.4168191221025,0,130.749980192918,134.911074283349,84.2735857793263,19.78504449042,41.3125844863699,186.877014160156,94.750276071054,56.7815654599989,85.9726315021515,150.376152038574,167.124801635742,178.918185424805,100.71678314209,0,0,0,137.135121027629,163.455708821615,0,0,0,0,0,198.619598388672,0,152.474130630493,188.088897705078,0,0,0,157.982734680176,108.898718261719,180.972208658854,138.653146559192,0,204.35329691569,193.153645324707,142.603315016803,0,133.451649983724,0,0,0,147.179046630859
139.068689982096,6.73286124319737,58.3920814384848,30.6713826189558,112.567821502686,0,0,182.000190734863,157.653917312622,69.0945591316667,141.035537719727,86.2428393129443,96.3664665222168,54.4584895111084,124.29573059082,121.034440176828,75.1938722398546,69.1083346207937,85.6725379096137,76.6530517019877,114.163070678711,105.946620941162,22.5645490278541,88.4333174705505,75.6211464074629,29.0668023406414,63.9529581251253,42.6473296127257,115.854769897461,136.237951660156,120.280276489258,76.9348602872906,109.39990234375,144.731918334961,75.3435745568111,0,0,119.955035490148,119.672085571289,0,0,0,195.416854858398,0,127.310054779053,0,142.202192687988,0,113.358196973801,0,0,0,111.057332720075,124.204623413086,120.16628519694,0,0,125.916300455729,142.017753601074,186.137390136719,104.316559110369,133.13972158993,130.205876530828,179.363479614258,0,0,135.953820037842,0,0,196.411811828613
105.04478667979,58.3920814384848,15.4122414932789,59.4860298242388,142.936489398663,182.374145507812,141.217929451262,106.125267057516,132.763543804487,121.146819610596,122.958709448671,97.6799572975405,163.255030463724,98.3228867142289,123.397951901231,142.873662100898,101.474804256273,44.6748506891457,104.986379540485,85.640875495419,153.48875342475,65.438340004815,65.3583152392679,31.3024430294443,122.905182353786,177.181518554688,39.0235694873749,34.7156481839546,95.5582018376352,126.628408105964,85.4849056005478,103.589819272359,183.264904785156,105.706743240356,70.2963302222482,178.940790349787,116.143411636353,107.010965384142,77.1854443107684,192.815437316895,0,210.561602783203,171.01338410811,212.858556574041,239.529144287109,205.623124775134,163.279871622721,214.194702148438,160.16154607137,211.066825866699,0,136.419404489023,120.752705165318,149.46891784668,146.959321726923,224.956924438477,145.451929400044,89.3560494486491,123.168239933034,170.524493977175,114.836845397949,125.107738016327,107.260779214358,170.461825224069,181.054653930664,169.255147821763,152.488182067871,0,161.997711181641,137.466196907891
79.8020597058673,30.6713826189558,59.4860298242388,21.7504752883153,70.3852702549526,117.26079750061,99.3938445414393,63.0631790441625,92.9722895343944,13.0818647445222,95.7304998213245,101.334833894457,61.9691079457601,51.2455471444203,95.3016418631086,67.7514975865682,44.6055903008837,76.2726225372929,107.938356876373,93.7544047526824,76.7909165034218,57.1980850955794,28.7018040675999,59.5330354593601,42.8043923173205,20.8744539461884,64.4833370872166,47.3374568292917,58.6015911599236,80.0804147611965,63.3579253297627,89.5968626294817,119.458635965983,53.0180121268935,81.9469264707704,78.6853454589844,94.2147827148438,111.306788693304,27.2334564233027,102.046193440755,140.515533447266,130.987376403809,91.8947579151875,128.723116094416,43.0087027141026,149.574780782064,128.245990329319,73.7803682599749,78.1038535805636,170.166205406189,68.5382595062256,84.82079818032,125.405249419036,99.2612451825823,175.057462419782,120.827381134033,95.5412905462857,54.8037004635252,108.071115544412,70.2560326433007,42.3299084050315,127.799192350205,99.5617500408276,95.7386673950568,146.531136648996,76.6271518006617,95.8629916264461,0,108.996019744873,131.235555921282
82.7800617218018,112.567821502686,142.936489398663,70.3852702549526,8.43446906906456,135.043090820312,62.3628638124219,72.4212635843377,83.081538453119,52.5973508393063,20.3280091446744,182.487380981445,27.0724833538614,0,104.458770512426,66.8007263015298,117.18653678894,156.764147949219,0,226.168975830078,11.3373642961688,152.243459065755,79.6230289234835,128.643973486764,20.6182131811898,0,159.817141215007,130.560186437658,20.0100141124869,100.200023442416,112.438961722634,0,162.544219970703,81.3169718349681,99.274529578469,156.120751698812,187.695007324219,209.696022033691,92.147391849094,9.12440717478289,189.087432861328,168.878415243966,136.951570871714,169.026360405816,112.511620866491,143.748778184255,0,20.567235416992,0,159.386284964425,150.867212295532,161.487192789714,0,0,0,10.2827843474051,168.20361328125,134.184238433838,175.905023193359,123.084186059883,0,204.372919718424,200.950481414795,143.46765662734,166.491390991211,179.179056803385,0,0,161.473749160767,173.416398620605
84.5617126464844,0,182.374145507812,117.26079750061,135.043090820312,7.36194042370924,12.3463313910973,126.050043106079,26.0778575406208,0,134.343683515276,63.8122070919384,115.859812818255,84.7219495773315,36.5661822985979,15.6879957379966,0,172.261863708496,97.0771160125732,99.869091796875,135.118595123291,110.615562438965,0,135.982321166992,108.271730863131,96.2405586242676,120.915626525879,121.376553344727,130.24810579088,26.104470192612,132.529210542378,103.22151184082,14.1834716033727,0,40.9070636325412,0,0,0,0,0,0,0,179.317237854004,0,0,0,0,0,0,0,0,0,0,0,0,0,0,0,0,181.083089192708,0,159.396072387695,0,209.101097106934,0,0,0,0,0,0
83.6083556648314,0,141.217929451262,99.3938445414393,62.3628638124219,12.3463313910973,10.6616880804607,67.6907535138713,25.4815249336027,88.7000231229342,29.4311942642598,91.0142241477966,23.8393105318623,114.649852059104,55.3353277577175,13.7918923967959,0,159.4002806011,137.715174674988,162.013999938965,42.0729210100204,119.428892299107,140.243981679281,134.097688997173,68.6783455436428,66.845724105835,167.865803337097,160.221815175024,61.1727781356816,45.1306781322551,99.4594819941991,130.185147094727,24.0837539693906,94.5373297734047,79.7003660417681,153.936367034912,0,209.898179895738,138.528190025916,121.395051782781,0,172.300184122721,148.916412830353,174.925451660156,146.137293497721,177.415995630725,0,100.708251123843,0,182.01055738661,113.970069885254,164.97455851237,0,0,0,168.309065385298,0,134.153457641602,199.049600219727,141.523398071289,0,227.378120422363,202.135996500651,155.036411488114,181.321064540318,162.374243164063,0,0,160.301864624023,163.65383206881
25.4185103391739,182.000190734863,106.125267057516,63.0631790441625,72.4212635843377,126.050043106079,67.6907535138713,11.5469275450537,63.9520883986898,60.6793380699048,18.4162452722744,161.899378935496,80.7705815868613,180.104040527344,45.1160962115409,80.2793492482121,104.363579489968,121.138061038783,186.410219828288,157.042520364126,107.244643932436,73.5851068417888,92.7654483230026,90.424084184332,62.8484658006269,0,139.995221242183,122.563034868505,26.8716113280712,72.6791589099148,17.7079059276282,178.137457953559,133.083565747296,64.8022932121434,88.8958261586852,142.464457988739,140.11637878418,180.629588407629,80.4099099206143,141.735561847687,0,155.637221731791,130.296635354084,162.300012559157,106.648363310715,163.69876953125,0,139.759976704915,0,154.697346536737,134.934745788574,144.104130554199,194.550037090595,0,209.897806803385,158.254100799561,146.475400924683,109.846901864717,163.755987044868,121.43458579285,0,200.219256083171,179.690194089969,132.612537393814,154.319105420794,139.795924738834,0,172.838897705078,140.518509906271,155.040174310858
47.3457754208727,157.653917312622,132.763543804487,92.9722895343944,83.081538453119,26.0778575406208,25.4815249336027,63.9520883986898,13.4242819198535,92.7039892748258,26.0414959455126,91.5602600097656,75.1598742507348,111.665612613454,19.4140242820236,35.6975090629176,167.491723632812,141.408650238502,132.963148934501,157.001011739641,91.9366102935262,110.875095038245,136.143048373136,124.690094837609,84.2470454474544,103.148985862732,158.162090809,158.88563105344,82.6408381062678,46.6560090694594,81.7423483894732,142.960237503052,23.0910213757642,95.776629070903,74.5643140322542,155.329428536551,0,197.844476013184,109.833253309462,148.257953008016,0,186.677667236328,157.561343372316,198.959228515625,130.459010442098,175.944254981147,209.250701904297,144.070442708333,0,189.836732652452,218.862609863281,161.436233520508,203.28000793457,0,242.793617248535,173.695198059082,161.815658569336,138.711669158936,195.024162928263,153.917649886187,0,221.656723022461,205.2313968892,161.284512716626,199.526820935701,173.912833213806,245.387329101562,0,179.816934204102,185.3852394104
77.8752372347075,69.0945591316667,121.146819610596,13.0818647445222,52.5973508393063,0,88.7000231229342,60.6793380699048,92.7039892748258,7.60466406708677,80.3088920802286,145.644927571615,14.9457333383982,125.29541947965,92.5688439014694,19.2954067744841,76.6138398234049,129.685896140651,163.500588989258,147.738593060037,45.5937373796183,93.2111013257826,22.5548962877746,112.982534281413,25.5733892793512,106.263134969424,126.462095069885,113.047686178392,55.683271685528,81.5138671451145,64.5356293385824,143.783097116571,120.471492222377,61.4589141459947,105.273592159448,108.087491989136,109.349586486816,164.124852987436,55.1206584952094,117.156651704208,0,114.854469935099,104.662896695344,142.974537531535,57.9478633953975,120.025228647085,207.421855926514,102.176733597465,197.124842325846,124.524402618408,81.8785514831543,118.086242675781,176.399041069878,205.179443359375,231.456359863281,114.699224584243,119.88557434082,100.888306427002,143.815921783447,85.6974296926338,153.165321350098,200.81935716712,173.401970734467,108.068504155692,131.237888336182,126.371685573033,210.566181182861,224.390197753906,108.706377029419,144.491394444516
42.4348214317843,141.035537719727,122.958709448671,95.7304998213245,20.3280091446744,134.343683515276,29.4311942642598,18.4162452722744,26.0414959455126,80.3088920802286,12.1003604756912,156.339020578485,19.4593176964448,159.832443237305,63.7589497623916,78.8060769275226,145.262588500977,144.757329750061,165.275489807129,174.349453396267,18.8807347092844,104.148269183819,107.294457435608,110.928955672444,60.8623170239302,0,159.267333172737,146.581625036291,25.7654760313711,95.1005601194904,54.61343613664,201.253765869141,133.659094674247,88.9354753494263,95.7076347767024,155.248089877042,0,195.990651702881,132.832343546549,48.4862331428097,221.957458496094,179.431798934937,149.868144962705,183.190768334173,127.510342597961,179.964934031169,0,51.5148895726059,0,163.518446488814,0,180.627888997396,213.052606201172,0,246.938217163086,91.1258507440257,167.914245605469,155.770950317383,188.55903116862,139.221875951154,0,224.288569132487,189.92568692294,154.923462768897,167.384117126465,169.692279052734,0,0,191.130035400391,189.209383283343
133.038791363056,86.2428393129443,97.6799572975405,101.334833894457,182.487380981445,63.8122070919384,91.0142241477966,161.899378935496,91.5602600097656,145.644927571615,156.339020578485,14.2284196896834,136.989484001608,38.6889555999889,87.5976260231762,111.948303222656,136.768938064575,53.7222846524735,24.4106652710105,28.2344118042755,165.129438920455,106.039691641524,109.221418484775,98.0687729773983,149.996690684351,32.5087944945511,36.2161361624659,72.5731899581428,150.031203133719,62.5274638032689,126.76428749982,42.1982547371831,65.9028046690387,114.283464768354,30.4012203120811,0,91.3239288330078,160.413826533726,113.172700246175,0,0,0,228.173553466797,0,229.275588989258,0,100.150115032585,0,81.8177102670883,0,0,177.996170043945,157.902391560872,142.6757973565,147.524598121643,0,0,120.845570882161,173.577909469604,197.248565673828,69.9633532932827,127.324252487323,125.67704484977,209.066889444987,0,200.975189208984,108.005824236803,0,0,166.349690755208
96.4574899673462,96.3664665222168,163.255030463724,61.9691079457601,27.0724833538614,115.859812818255,23.8393105318623,80.7705815868613,75.1598742507348,14.9457333383982,19.4593176964448,136.989484001608,9.81428426310975,178.390045166016,98.4560992744293,11.3897065648356,0,173.012767791748,185.472808837891,188.319732666016,16.2628555660768,183.485950469971,72.1971729502958,166.102783203125,27.1859572024855,147.549819946289,177.360290527344,139.278300476074,52.7818201867275,101.332289367961,135.619221850139,178.984764099121,121.914793395996,93.3856811523438,95.4703491295474,156.014015197754,0,234.15510559082,86.4452351161412,57.758774701651,0,161.303614298503,134.734499613444,183.187252807617,72.7185785247058,151.992324066162,0,10.1068793148195,0,187.100883483887,0,180.68049621582,197.901718139648,0,0,15.1511790853436,0,150.121490478516,189.494270324707,113.374248613113,0,0,168.38445854187,143.807059974937,114.701877593994,201.582405090332,0,0,0,154.728719075521
174.402397155762,54.4584895111084,98.3228867142289,51.2455471444203,0,84.7219495773315,114.649852059104,180.104040527344,111.665612613454,125.29541947965,159.832443237305,38.6889555999889,178.390045166016,8.00309935954318,122.58928527832,168.222981770833,132.710653686523,106.316929626465,58.7303389941945,83.8016020880805,197.543960571289,141.941123962402,95.0028490608985,139.638048171997,138.605483254721,18.4252478217115,40.4661556029778,35.851156231051,181.718278364702,93.7703744448148,166.745199584961,15.510165352521,95.0914241245815,0,71.6831241306506,214.570213317871,106.352861676897,155.736036573138,49.4830278214954,0,111.942291259766,0,0,0,169.367233276367,0,87.4844293645359,0,77.6214774607485,153.035415649414,0,212.258117675781,165.242721557617,107.257689736106,139.891931707209,0,183.47802734375,132.228193109686,201.459808349609,0,62.0808767932458,111.277760192052,104.022186019427,220.07869720459,97.2013702392578,191.977961222331,98.305816898346,125.594932556152,0,133.135414668492
18.1088742121745,124.29573059082,123.397951901231,95.3016418631086,104.458770512426,36.5661822985979,55.3353277577175,45.1160962115409,19.4140242820236,92.5688439014694,63.7589497623916,87.5976260231762,98.4560992744293,122.58928527832,9.41455263821078,56.7344362205929,167.790484958225,124.273084652063,130.804976781209,145.150041140043,101.143035293152,98.3738978975382,112.618228912354,114.110703357649,95.1040797124534,88.30579884847,147.363050037392,148.817168354988,98.9085508515381,20.2797911674681,62.9064236580808,145.517715005314,23.6373898158389,43.6738674082655,56.014736662867,169.251507759094,0,189.946643460181,109.935622121774,151.387097040812,0,198.181115722656,155.538431695167,192.483391898019,164.528264363607,207.706909179688,142.413558959961,131.16917292277,0,186.790047781808,0,133.353934288025,223.618040605025,0,243.339294433594,136.898685455322,170.613006591797,119.450140211317,195.40629359654,156.705728604649,133.309692382812,213.279123942057,196.381270899917,161.957355045137,173.299612426758,166.5713722229,0,0,157.933764648437,179.645999363491
72.0097015380859,121.034440176828,142.873662100898,67.7514975865682,66.8007263015298,15.6879957379966,13.7918923967959,80.2793492482121,35.6975090629176,19.2954067744841,78.8060769275226,111.948303222656,11.3897065648356,168.222981770833,56.7344362205929,8.43687393197143,100.874671936035,157.809164047241,98.1685791015625,190.595596313477,58.0135001954578,109.89134979248,73.5332177025931,137.986401367188,46.1746570043458,138.307561238607,171.444312286377,133.514086955302,75.1610140422034,38.170420806262,94.7117692947388,0,39.0600363181455,101.047196706136,52.2483285613682,0,0,199.204788208008,72.9130878448486,95.1572923660278,0,129.237533569336,136.549627304077,198.197265625,98.9607251485189,120.86865234375,0,0,0,240.00276184082,0,0,0,0,0,147.270416259766,0,103.219699859619,203.347096761068,105.316126987852,0,229.985168457031,183.682723999023,152.151350657145,185.722229003906,137.054946899414,0,0,0,0
176.511528015137,75.1938722398546,101.474804256273,44.6055903008837,117.18653678894,0,0,104.363579489968,167.491723632812,76.6138398234049,145.262588500977,136.768938064575,0,132.710653686523,167.790484958225,100.874671936035,13.2082677588637,116.129073494359,136.525451660156,132.022095998128,0,16.8981503282899,35.1077245433507,17.767514218086,34.7869043906952,140.474703470866,112.111004638672,29.6169378772524,46.4872489989489,111.149639129639,85.9561777288263,145.92350769043,0,69.7628597683377,95.0477856622226,0,0,123.971721707858,63.772203207016,0,0,173.903274536133,197.347091674805,200.895652770996,117.54468536377,167.89835357666,0,0,0,162.631820678711,0,105.120598889272,154.555721282959,0,188.124153137207,0,122.134031136831,62.0839120960463,110.999498615687,132.641556234921,0,167.573650783963,119.707362781871,124.292817727113,0,121.544280158149,0,0,106.075050354004,144.595666503906
107.10676205953,69.1083346207937,44.6748506891457,76.2726225372929,156.764147949219,172.261863708496,159.4002806011,121.138061038783,141.408650238502,129.685896140651,144.757329750061,53.7222846524735,173.012767791748,106.316929626465,124.273084652063,157.809164047241,116.129073494359,11.4268693590837,58.243634826107,26.6669840148287,199.956420898438,66.4670266905827,94.8343946630305,29.5177279732498,136.402169148633,0,35.1700485492979,70.6821631358702,129.72232559032,109.842326006918,82.8589006378911,105.13328965505,153.471614837646,101.685774844626,43.2858147462859,208.805786132812,105.5434425354,115.980099779157,104.025573649305,0,0,0,198.065358479818,234.386306762695,187.552101135254,201.457374572754,145.960713704427,0,170.173443603516,0,0,157.294988458807,122.259104644452,127.987129211426,140.497938009409,0,151.943818664551,121.732555643717,148.356813397324,176.475322246552,123.692352294922,118.488459117053,117.342454440968,192.071192060198,163.070190429688,166.21722539266,178.939376831055,0,181.303639729818,137.256268141005
152.393630981445,85.6725379096137,104.986379540485,107.938356876373,0,97.0771160125732,137.715174674988,186.410219828288,132.963148934501,163.500588989258,165.275489807129,24.4106652710105,185.472808837891,58.7303389941945,130.804976781209,98.1685791015625,136.525451660156,58.243634826107,6.92700092688579,19.2097652038956,0,114.996532440186,120.165101369222,104.499511911411,181.38064956665,57.4056507457386,29.3934541199919,72.5729284493178,160.872552490234,104.811663274896,133.773442545245,54.8673186924147,99.2628331338206,132.061212812151,62.2454943073916,0,0,159.28049214681,0,0,0,0,0,0,0,0,113.912227924053,0,105.931328773499,0,0,0,147.071716308594,132.663970947266,131.054498672485,0,0,0,0,202.452026367188,85.1985015869141,123.269193611893,126.318189348493,0,0,0,113.587252616882,0,0,124.285097757975
136.010328347342,76.6530517019877,85.640875495419,93.7544047526824,226.168975830078,99.869091796875,162.013999938965,157.042520364126,157.001011739641,147.738593060037,174.349453396267,28.2344118042755,188.319732666016,83.8016020880805,145.150041140043,190.595596313477,132.022095998128,26.6669840148287,19.2097652038956,11.0285746740425,215.97541809082,100.041023154446,118.963667678833,73.2807091909486,165.407323964437,58.8339940309525,31.3313716077769,77.0344909388875,152.242561721802,114.449229287014,113.000635461156,70.5533894557579,106.808526538667,121.136942429976,51.8391802184405,0,93.6718826293945,128.812855279268,122.313990592957,0,0,0,203.530181884766,0,0,0,136.443834940592,0,123.526497432164,0,0,205.76008605957,138.478238619291,133.190050627056,128.025553251568,0,0,153.59680557251,155.544867775657,209.181610107422,94.9806572409237,118.067712681527,123.74299186722,214.2861328125,0,0,133.507069905599,0,0,152.303113937378
105.659373023293,114.163070678711,153.48875342475,76.7909165034218,11.3373642961688,135.118595123291,42.0729210100204,107.244643932436,91.9366102935262,45.5937373796183,18.8807347092844,165.129438920455,16.2628555660768,197.543960571289,101.143035293152,58.0135001954578,0,199.956420898438,0,215.97541809082,10.5469999264792,171.91813659668,83.053721110026,131.241207122803,26.7999406656334,139.684799194336,198.04176940918,148.559587229853,37.1620479359853,101.94393712824,147.104175567627,0,133.442357699076,83.5414153651187,93.1981534415663,183.028513590495,0,205.252738952637,90.4363356696235,10.6331530490776,0,167.780405680339,148.110905965169,187.16433933803,108.347358703613,163.375412835015,0,13.3115631348707,0,149.644485473633,119.321584065755,138.550399780273,0,0,0,16.9401976056754,0,98.3675689697266,176.663202921549,121.483960024758,0,0,0,135.62151307022,165.369283040365,220.748413085938,0,0,0,180.959663391113
81.1427605946859,105.946620941162,65.438340004815,57.1980850955794,152.243459065755,110.615562438965,119.428892299107,73.5851068417888,110.875095038245,93.2111013257826,104.148269183819,106.039691641524,183.485950469971,141.941123962402,98.3738978975382,109.89134979248,16.8981503282899,66.4670266905827,114.996532440186,100.041023154446,171.91813659668,12.439304314042,52.6045673072144,28.0902504091363,24.4971185328232,106.021118164062,116.993421781866,88.852373902694,27.4772195686293,63.7843168241168,32.8692189391392,147.515543619792,159.874731445313,32.1482494526886,44.6536093721766,136.187956237793,0,152.148186635163,78.6424369812012,0,0,188.568496704102,128.711517765837,154.314140319824,113.28745880127,162.502716064453,0,178.340942382812,0,144.342798868815,0,108.437312713623,185.979032244001,0,208.873840332031,224.319198608398,123.003420627478,78.8880221409354,124.562884328233,118.175068051796,0,172.618997427133,149.989069338198,120.40925745081,146.982056935628,118.202247164143,0,0,117.337991887873,124.843085606893
127.078680038452,22.5645490278541,65.3583152392679,28.7018040675999,79.6230289234835,0,140.243981679281,92.7654483230026,136.143048373136,22.5548962877746,107.294457435608,109.221418484775,72.1971729502958,95.0028490608985,112.618228912354,73.5332177025931,35.1077245433507,94.8343946630305,120.165101369222,118.963667678833,83.053721110026,52.6045673072144,9.30662002198683,55.4828537980715,27.496971977858,79.6153099209655,94.0362339937751,44.7535394946428,58.3743449568298,80.0037269194921,61.5751501527326,112.696404528262,191.645360310872,45.7314748646301,76.9333067070948,125.238408406576,0,95.6902976316564,56.2998706918014,177.407768249512,0,194.051132202148,119.453746541341,187.639793395996,78.2201953887939,174.653750101725,202.62082417806,0,169.876895268758,146.71736907959,0,71.9346583006812,133.915617998909,0,181.46257019043,0,86.6899978481993,23.6653224895337,86.6189081301248,91.7329447937012,138.115094866071,159.520694243602,93.6429900693222,96.7606327787359,171.330312093099,86.9590849740165,181.86616734096,0,84.7907127380371,111.504409281413
96.5353379795207,88.4333174705505,31.3024430294443,59.5330354593601,128.643973486764,135.982321166992,134.097688997173,90.424084184332,124.690094837609,112.982534281413,110.928955672444,98.0687729773983,166.102783203125,139.638048171997,114.110703357649,137.986401367188,17.767514218086,29.5177279732498,104.499511911411,73.2807091909486,131.241207122803,28.0902504091363,55.4828537980715,15.504513610582,54.8039972287106,115.348080952962,85.1273242853915,55.7985913636614,51.0765935810867,100.983028646255,57.0854704327966,130.064295768738,164.276176452637,65.2415805143469,51.8314148054492,180.967172796076,143.074396769206,112.506283746816,79.626414067997,196.25358581543,211.596725463867,201.633360429244,161.836209449215,208.88260269165,142.192794799805,183.401929855347,178.360677083333,212.771514892578,0,180.120615641276,0,109.865088314813,146.823019682471,217.049255371094,162.114730199178,190.042961120605,124.098029741275,70.6775648324601,115.103088389722,144.433092727274,135.253158569336,149.773671388626,114.511243606046,145.946843177685,154.700401306152,138.837022612366,182.437965393066,0,139.40806350708,140.506955210368
86.4168191221025,75.6211464074629,122.905182353786,42.8043923173205,20.6182131811898,108.271730863131,68.6783455436428,62.8484658006269,84.2470454474544,25.5733892793512,60.8623170239302,149.996690684351,27.1859572024855,138.605483254721,95.1040797124534,46.1746570043458,34.7869043906952,136.402169148633,181.38064956665,165.407323964437,26.7999406656334,24.4971185328232,27.496971977858,54.8039972287106,10.4219916941254,118.747722805248,135.903906045501,90.1293368600855,20.7844273501673,85.4503786304454,75.7775216620432,162.48777601454,138.347207910874,66.6759731073927,94.4364369266348,135.794531281461,175.412480672201,162.305613330959,68.9779885140332,130.090137132324,236.793655395508,145.105809166318,115.520023402322,152.37533892118,85.3729661599184,145.352922704098,208.418492635091,125.406757684402,211.553092956543,148.272933472978,132.16565997784,106.968299218786,183.22452100118,229.190155029297,200.475051879883,145.559290285464,125.98145386883,79.2539844752857,138.895265999487,105.162989518465,0,195.430120716924,156.812221382603,117.746631899693,143.109416662478,123.48548968633,229.113662719727,193.919799804688,127.848276192801,142.744820594788
0,29.0668023406414,177.181518554688,20.8744539461884,0,96.2405586242676,66.845724105835,0,103.148985862732,106.263134969424,0,32.5087944945511,147.549819946289,18.4252478217115,88.30579884847,138.307561238607,140.474703470866,0,57.4056507457386,58.8339940309525,139.684799194336,106.021118164062,79.6153099209655,115.348080952962,118.747722805248,8.42108647415998,58.8038379619648,32.5725593373021,150.526925223214,87.6450500488281,183.840972900391,54.3611955854628,81.6460666656494,0,57.0320546668872,0,105.889332580566,140.91783618927,46.7577597935994,0,0,0,0,0,180.718592325846,0,82.9510501819653,0,70.4596724659204,0,0,166.419891357422,126.805023193359,94.5095347869091,106.625080653599,0,0,86.6551475524902,184.753601074219,0,51.6917693447059,91.8658043673046,89.0867848850432,231.751892089844,213.04313659668,236.359954833984,85.059339593958,0,176.424789428711,137.434541066488
130.749980192918,63.9529581251253,39.0235694873749,64.4833370872166,159.817141215007,120.915626525879,167.865803337097,139.995221242183,158.162090809,126.462095069885,159.267333172737,36.2161361624659,177.360290527344,40.4661556029778,147.363050037392,171.444312286377,112.111004638672,35.1700485492979,29.3934541199919,31.3313716077769,198.04176940918,116.993421781866,94.0362339937751,85.1273242853915,135.903906045501,58.8038379619648,18.3486616955477,42.0144347416748,136.080188100988,117.910570017497,123.254459907429,23.9710858775264,119.221553874466,117.067517732319,65.7710709585517,204.520853678385,116.026082655963,116.364324115409,89.6573483943939,238.834259033203,0,0,196.118715922038,232.20920308431,209.02397664388,220.196197509766,122.489243847983,247.540191650391,114.996355477026,206.25354385376,245.043807983398,155.441808319092,120.055072026778,123.205107910992,119.868037921626,0,150.743946184431,143.398112089738,146.393400192261,200.558160852503,92.9295322418213,108.449417091504,107.802658628145,200.379605693202,204.65389251709,175.012617781356,122.887435396811,0,0,127.538898784153
134.911074283349,42.6473296127257,34.7156481839546,47.3374568292917,130.560186437658,121.376553344727,160.221815175024,122.563034868505,158.88563105344,113.047686178392,146.581625036291,72.5731899581428,139.278300476074,35.851156231051,148.817168354988,133.514086955302,29.6169378772524,70.6821631358702,72.5729284493178,77.0344909388875,148.559587229853,88.852373902694,44.7535394946428,55.7985913636614,90.1293368600855,32.5725593373021,42.0144347416748,18.3086606405137,75.0167118876601,125.048139930839,120.008038953811,31.7556581750388,118.833327508742,119.00736593431,72.3932688392951,183.296666971842,101.021679021135,104.761440030698,72.3992571687984,171.900421142578,0,210.283122187075,171.055795592136,212.289694744608,184.777696397569,189.719032287598,112.286985848317,183.393432617188,106.247893943988,200.914319206687,194.425796508789,107.940206120859,119.684672436599,119.148738671843,122.775726412988,205.925071716309,147.600632642663,63.6898544381905,111.976360384226,157.231036631266,88.165347593802,110.829010285833,104.535743060836,164.786428971724,202.632775046609,171.783489021095,115.757141785744,0,163.893928527832,129.146480429293
84.2735857793263,115.854769897461,95.5582018376352,58.6015911599236,20.0100141124869,130.24810579088,61.1727781356816,26.8716113280712,82.6408381062678,55.683271685528,25.7654760313711,150.031203133719,52.7818201867275,181.718278364702,98.9085508515381,75.1610140422034,46.4872489989489,129.72232559032,160.872552490234,152.242561721802,37.1620479359853,27.4772195686293,58.3743449568298,51.0765935810867,20.7844273501673,150.526925223214,136.080188100988,75.0167118876601,11.5601742568586,87.1800017469228,36.859343033844,179.390070597331,145.316547575451,64.2642827748054,78.0124806797497,138.947370266092,0,166.064648129524,78.982983553558,61.6637379176476,197.563079833984,163.519544328962,125.07458726899,165.655105483364,109.153184799921,169.1229957298,0,109.665030198939,209.605018615723,158.680759220333,140.977367824978,120.558285799893,191.81328531901,0,203.268420410156,159.669514876146,127.097457162957,91.7295821098866,142.853528149157,118.333198488424,0,199.938704833984,161.850603428593,128.86109915192,150.659013626423,127.719080237186,195.418640136719,0,135.132848786145,147.385860819212
19.78504449042,136.237951660156,126.628408105964,80.0804147611965,100.200023442416,26.104470192612,45.1306781322551,72.6791589099148,46.6560090694594,81.5138671451145,95.1005601194904,62.5274638032689,101.332289367961,93.7703744448148,20.2797911674681,38.170420806262,111.149639129639,109.842326006918,104.811663274896,114.449229287014,101.94393712824,63.7843168241168,80.0037269194921,100.983028646255,85.4503786304454,87.6450500488281,117.910570017497,125.048139930839,87.1800017469228,12.0483773207931,28.8467810444212,99.5781888459858,17.4894809598346,14.417368053298,38.948334490559,172.159888458252,187.372650146484,195.889801025391,96.3020491166548,121.254257202148,0,169.677429199219,143.581759679885,187.903513590495,129.480930328369,218.455787658691,0,174.2619972229,110.442070007324,192.477955409459,174.422225952148,120.320279802595,206.545166015625,0,155.472412109375,111.636947631836,129.573663884943,91.7242117987739,160.94829864502,143.333456457229,0,174.717518615723,184.742055469089,147.037218225413,156.21288061142,136.860932548091,0,0,132.859909057617,153.484910510835
41.3125844863699,120.280276489258,85.4849056005478,63.3579253297627,112.438961722634,132.529210542378,99.4594819941991,17.7079059276282,81.7423483894732,64.5356293385824,54.61343613664,126.76428749982,135.619221850139,166.745199584961,62.9064236580808,94.7117692947388,85.9561777288263,82.8589006378911,133.773442545245,113.000635461156,147.104175567627,32.8692189391392,61.5751501527326,57.0854704327966,75.7775216620432,183.840972900391,123.254459907429,120.008038953811,36.859343033844,28.8467810444212,11.2325987562406,165.79424879286,129.927155714769,33.5983753597066,47.1296671550827,140.462801615397,200.229202270508,166.687335786365,83.142939852685,124.447107315063,0,180.355656941732,125.444289318351,179.761822170681,101.535517120361,184.079493204753,0,135.349052429199,0,152.655465988886,0,111.517594640395,192.033895704481,0,239.082366943359,173.668518066406,128.738146737906,83.5954217302038,138.559910538173,121.524236153583,0,183.74672267748,168.904526530832,124.631898176475,151.118291681463,123.183118129122,0,0,129.071884881882,139.471030816799
186.877014160156,76.9348602872906,103.589819272359,89.5968626294817,0,103.22151184082,130.185147094727,178.137457953559,142.960237503052,143.783097116571,201.253765869141,42.1982547371831,178.984764099121,15.510165352521,145.517715005314,0,145.92350769043,105.13328965505,54.8673186924147,70.5533894557579,0,147.515543619792,112.696404528262,130.064295768738,162.48777601454,54.3611955854628,23.9710858775264,31.7556581750388,179.390070597331,99.5781888459858,165.79424879286,6.78747726606008,123.782768249512,167.50032043457,76.5232788003901,0,150.839939117432,172.431482950846,74.5028839111328,0,0,0,227.432037353516,0,0,0,111.895320769279,0,103.581692555504,0,0,0,179.834030151367,120.085154303189,135.543403262184,0,0,159.494369506836,200.691757202148,0,91.5538973127093,121.987055979984,121.808072248508,0,188.773406982422,0,118.480571050229,0,0,178.375780105591
94.750276071054,109.39990234375,183.264904785156,119.458635965983,162.544219970703,14.1834716033727,24.0837539693906,133.083565747296,23.0910213757642,120.471492222377,133.659094674247,65.9028046690387,121.914793395996,95.0914241245815,23.6373898158389,39.0600363181455,0,153.471614837646,99.2628331338206,106.808526538667,133.442357699076,159.874731445313,191.645360310872,164.276176452637,138.347207910874,81.6460666656494,119.221553874466,118.833327508742,145.316547575451,17.4894809598346,129.927155714769,123.782768249512,7.09031983005387,0,44.2936178463347,213.237548828125,0,0,0,0,0,0,195.508397420247,0,170.261016845703,0,0,168.164077758789,0,0,0,0,0,0,0,0,0,0,0,0,0,176.804880777995,196.045394897461,200.724157714844,0,0,0,0,0,0
56.7815654599989,144.731918334961,105.706743240356,53.0180121268935,81.3169718349681,0,94.5373297734047,64.8022932121434,95.776629070903,61.4589141459947,88.9354753494263,114.283464768354,93.3856811523438,0,43.6738674082655,101.047196706136,69.7628597683377,101.685774844626,132.061212812151,121.136942429976,83.5414153651187,32.1482494526886,45.7314748646301,65.2415805143469,66.6759731073927,0,117.067517732319,119.00736593431,64.2642827748054,14.417368053298,33.5983753597066,167.50032043457,0,8.23415431173596,24.4070478099299,133.666046142578,0,142.941182454427,70.7481321447036,136.277282714844,0,164.474533081055,133.176488436185,217.158142089844,128.677043914795,227.449295043945,0,192.095199584961,0,178.044509887695,0,92.9803321144798,181.932291666667,0,0,244.300918579102,115.437967777252,76.4465008439689,129.583045535617,117.450694813448,0,0,171.300876617432,118.897536589721,151.686208724976,113.073348716453,0,0,120.932874679565,109.959147135417
85.9726315021515,75.3435745568111,70.2963302222482,81.9469264707704,99.274529578469,40.9070636325412,79.7003660417681,88.8958261586852,74.5643140322542,105.273592159448,95.7076347767024,30.4012203120811,95.4703491295474,71.6831241306506,56.014736662867,52.2483285613682,95.0477856622226,43.2858147462859,62.2454943073916,51.8391802184405,93.1981534415663,44.6536093721766,76.9333067070948,51.8314148054492,94.4364369266348,57.0320546668872,65.7710709585517,72.3932688392951,78.0124806797497,38.948334490559,47.1296671550827,76.5232788003901,44.2936178463347,24.4070478099299,11.9372844044469,180.587056477865,111.48486328125,121.430165724321,91.7875531952957,141.114407857259,0,197.917928059896,154.970655441284,192.329006195068,130.1640625,213.905937194824,139.741780598958,103.087753295898,127.742009480794,192.152194976807,0,120.952180568989,137.656693368588,157.035095214844,143.354686737061,0,123.44940884908,93.4901027273625,128.120773404144,151.31949338046,125.410443878174,133.89995513916,127.465421006944,156.017260233561,208.841668701172,157.253705342611,162.676197596959,0,152.750295003255,154.904313223703
150.376152038574,0,178.940790349787,78.6853454589844,156.120751698812,0,153.936367034912,142.464457988739,155.329428536551,108.087491989136,155.248089877042,0,156.014015197754,214.570213317871,169.251507759094,0,0,208.805786132812,0,0,183.028513590495,136.187956237793,125.238408406576,180.967172796076,135.794531281461,0,204.520853678385,183.296666971842,138.947370266092,172.159888458252,140.462801615397,0,213.237548828125,133.666046142578,180.587056477865,9.59121031178929,0,118.762963807349,74.2780131464419,89.4234642372992,72.3038986206055,45.4229071220914,26.8048892237495,24.7882594871435,64.9753884608203,67.0774073790205,148.038797598619,64.6061990239338,152.361991535534,11.3620456617649,28.9607860036643,75.8165658315023,112.130800676217,151.559368133545,138.942416315493,75.9838364770479,93.6230012862409,99.3824119567871,106.104808368514,66.8935142740791,140.496723175049,130.515747214037,128.833982039471,78.7817452132702,12.9587936403041,29.6312772462772,161.616223144531,83.3226421901158,21.1917179506241,53.1352387125712
167.124801635742,0,116.143411636353,94.2147827148438,187.695007324219,0,0,140.11637878418,0,109.349586486816,0,91.3239288330078,0,106.352861676897,0,0,0,105.5434425354,0,93.6718826293945,0,0,0,143.074396769206,175.412480672201,105.889332580566,116.026082655963,101.021679021135,0,187.372650146484,200.229202270508,150.839939117432,0,0,111.48486328125,0,6.43264817179923,49.442034312657,10.4296873350524,127.784271240234,0,134.692329406738,125.326618739537,0,66.3278644704609,126.174621582031,61.6805611928304,0,54.9010221730108,152.120071411133,105.582591663707,64.5356432596842,69.8784295786982,65.1672477722168,79.5594583399156,0,87.1200993855794,19.0950535077017,91.7746874945504,73.1172258668675,23.0654260810093,56.5213876259633,28.1965014398365,100.550447463989,0,108.159505844116,70.5846029009138,0,0,78.8077675501506
178.918185424805,119.955035490148,107.010965384142,111.306788693304,209.696022033691,0,209.898179895738,180.629588407629,197.844476013184,164.124852987436,195.990651702881,160.413826533726,234.15510559082,155.736036573138,189.946643460181,199.204788208008,123.971721707858,115.980099779157,159.28049214681,128.812855279268,205.252738952637,152.148186635163,95.6902976316564,112.506283746816,162.305613330959,140.91783618927,116.364324115409,104.761440030698,166.064648129524,195.889801025391,166.687335786365,172.431482950846,0,142.941182454427,121.430165724321,118.762963807349,49.442034312657,16.2288546382649,51.3292565195184,146.323447799683,174.000244140625,145.6654776463,100.218857879781,150.001345217228,130.401003519694,126.222468998533,105.11372196928,153.243063038793,98.1728637904337,131.837850937821,151.363327026367,93.0540405387309,42.0411760515275,106.766981336806,92.2195804616347,153.667300224304,74.9428518721201,54.8392392710636,28.8619820551232,114.178436012678,100.118960952759,34.4940142253232,37.0230578751398,92.2186601258303,137.796275528618,101.071681199673,96.536160139604,194.541725158691,132.78155113669,75.5126494689727
100.71678314209,119.672085571289,77.1854443107684,27.2334564233027,92.147391849094,0,138.528190025916,80.4099099206143,109.833253309462,55.1206584952094,132.832343546549,113.172700246175,86.4452351161412,49.4830278214954,109.935622121774,72.9130878448486,63.772203207016,104.025573649305,0,122.313990592957,90.4363356696235,78.6424369812012,56.2998706918014,79.626414067997,68.9779885140332,46.7577597935994,89.6573483943939,72.3992571687984,78.982983553558,96.3020491166548,83.142939852685,74.5028839111328,0,70.7481321447036,91.7875531952957,74.2780131464419,10.4296873350524,51.3292565195184,20.4419972224113,59.8447911739349,62.4891738891602,88.4921840667725,54.6461543244887,99.6407165527344,14.7425926037627,106.434704609406,59.3654666958433,58.3894118203057,32.4108846642203,83.9947412451919,45.254846572876,43.9033204682019,70.0200786590576,82.4373716874556,77.6962797376845,100.04580896551,69.4286934053055,23.7591088565099,59.3069345609306,37.7129521441253,12.1041988056071,58.0207588422959,36.3447237793832,57.1309725389182,72.540340423584,60.3892943561077,64.9784514533149,104.96918741862,60.2917115347726,72.3542456798064
