9.82855665399974,108.355323791504,86.4338564505944,61.5773300260131,85.8082644144694,68.0538330078125,82.6501972743443,19.7854363963839,47.1387855841116,62.4156269019758,58.1009773254395,115.082741477273,86.6703627904256,126.463731493269,22.2527757141824,99.3454182942708,109.774904039171,86.7546375027172,134.64538860321,106.153365694243,77.6339817047119,68.8887560330904,74.3648876735142,79.9870634849027,63.0540936787923,0,108.844851668163,114.749836418199,57.9280664522581,16.4090396887967,17.627952889204,134.92310333252,71.1740618705749,31.5902381512003,51.666817523815,120.750877380371,0,125.524631500244,67.969520350865,0,0,184.017158508301,122.21006181505,0,73.7045254707336,0,0,0,0,147.208068847656,0,148.756942749023,156.603421020508,0,0,0,134.22639465332,108.669898986816,133.321047973633,98.6877331733704,0,160.15592956543,153.171955108643,115.372046606881,160.632736206055,111.4896068573,0,0,113.737083435059,141.61067199707
108.355323791504,5.75356373534965,36.20336342627,8.24849621481017,0,125.825883865356,156.677871704102,97.2979536056519,130.465356826782,63.0801669273587,0,56.6597341570938,85.8137130737305,40.3874290268143,121.166984558105,106.932420518663,40.795699066586,48.7831799695446,62.0603643564078,53.6568048000336,0,97.3713607788086,18.194253010065,58.0365101849591,70.9124691423163,23.2854710237518,46.6337942349709,24.357934093094,97.0658302307129,139.148726327079,92.680106692844,0,0,84.1802673339844,50.7493358062486,0,85.2671127319336,74.8401031494141,36.657817363739,0,0,0,0,0,0,0,0,0,143.266555786133,0,0,95.7957229614258,87.0224151611328,0,100.301563262939,0,0,93.6354446411133,0,0,56.2243725776672,87.7383514131818,85.5501155479282,0,0,81.8247604370117,0,0,0,100.792697906494
86.4338564505944,36.20336342627,8.69694528709302,42.8658140537826,0,150.654420740464,128.720153286032,77.5861129458673,108.23569325915,109.286280314128,108.790387283137,78.8588412602742,177.781066894531,70.5908917513761,109.210386586927,139.669377644857,69.7847584088643,35.220939594792,79.87957294782,64.8629684448242,198.443176269531,47.0334770183108,35.2722286954839,17.6650797878815,107.814145945539,65.8462904037968,23.2721574059651,24.5155037198684,74.5651296218508,115.539630555887,64.4643163141648,81.3000946044922,143.572448730469,97.486701965332,52.8006009138923,161.78483581543,71.4929019383022,77.0249395370483,69.2640309827081,0,0,185.123359680176,129.877026484563,161.431897481283,149.552532196045,150.550599839952,129.326858520508,0,132.36840057373,155.783563613892,0,102.521903342389,90.1233012921577,0,108.470257441203,0,94.4899380658124,67.9103627255088,85.0213885701326,177.255784988403,150.491409301758,88.8012359830231,79.0657185344747,133.573765630307,0,129.923558044434,0,0,174.7392578125,90.6956384673373
61.5773300260131,8.24849621481017,42.8658140537826,42.6947455848615,58.3386293176102,113.925042372483,93.2128213246663,48.8356876934276,82.0210953558645,26.5549934259499,76.6483016823823,70.2081990735284,93.3323141098022,57.3434194564819,94.381185877937,83.3103814966538,37.3492966669073,60.8385553509777,68.6214968363444,67.4779650531238,66.9373632158552,43.4860472590835,15.6687745197059,40.9545770423976,40.563845364066,32.3784071282178,48.6340540691363,37.4652352903114,45.6243514682583,81.284843260887,52.5577620826524,68.1933517456055,124.577242682962,67.6329263540415,63.7243845594545,0,40.3877690633138,81.146921559384,33.5563235506415,71.6590347290039,0,0,127.492546081543,0,43.9304022312164,0,43.3536567687988,40.6517028808594,44.2522103786469,0,0,62.5943307876587,85.4180494944255,0,113.388003540039,0,61.1044516790481,40.5942937626558,58.8314033349355,115.206297132704,30.8015763234284,75.5114255202444,67.3823617100716,87.8649444580078,0,90.8814422607422,0,0,0,68.5579354422433
85.8082644144694,0,0,58.3386293176102,7.53925822127745,0,44.3388880783657,41.9764816530289,72.6892671024098,49.4770346280211,14.2973896036919,0,16.6906667305517,0,111.214107390373,60.7423125372993,59.1608565194266,153.233899434408,0,144.672002156576,8.54871685110619,174.171112060547,58.4577885219029,80.2531004685622,17.7308012915929,0,136.356092834473,111.120431045006,12.3183864804547,95.4846731941655,0,0,120.387180328369,0,90.6358351707458,0,0,141.729110717773,67.9714495751166,7.34436630715103,0,157.747131347656,127.268936157227,156.743011474609,70.9763265089555,133.036087036133,0,20.0674773565928,0,0,0,0,0,0,0,25.5391088970124,0,0,141.866516113281,85.4043731279271,0,0,0,85.1302568647597,0,0,0,0,0,0
68.0538330078125,125.825883865356,150.654420740464,113.925042372483,0,7.36236009386266,9.88338350328906,89.8507025146484,25.5730360297431,52.8569644581188,101.105361938477,85.5872428894043,61.351399266687,141.350494384766,18.6646893775174,18.9841964957736,0,151.782619476318,0,166.885932922363,96.6169669411399,147.602294921875,91.677375793457,136.753450393677,73.9237553278605,114.777111053467,165.76127746582,148.760913848877,103.743721644084,21.0871305621189,106.553569793701,0,8.94483465249118,0,41.8367309155672,0,0,0,116.577941894531,0,0,0,180.54621887207,0,78.2928447723389,0,0,95.70241355896,0,0,0,0,219.566421508789,0,0,0,0,0,0,129.229389735631,0,0,0,152.842971801758,0,0,0,0,0,0
82.6501972743443,156.677871704102,128.720153286032,93.2128213246663,44.3388880783657,9.88338350328906,7.97465638163172,61.7323175483491,15.5855030973892,64.1189463265637,14.1207793864952,90.9492456536544,16.0977776021761,181.424997965495,33.6923823203149,14.3433891795337,77.7792663574219,148.126972579956,174.313705444336,170.173891507662,24.2320393748504,131.268244425456,109.134567260742,118.253528753916,58.3242538463142,146.118316650391,149.530242416885,145.126985239428,54.6092201820283,60.6259872131706,100.524489629836,0,30.0902336924105,76.0347595214844,72.9165562834756,174.252586364746,0,164.165944417318,82.5885062635991,70.5488700866699,0,142.001782226563,142.814679145813,167.956814575195,88.824688911438,136.141675313314,0,45.8793218891795,232.307983398438,178.503662109375,0,175.58219909668,0,0,0,116.416858673096,0,0,174.238299560547,95.5670271117658,0,0,184.496317545573,135.656466892787,167.231201171875,0,0,0,0,0
19.7854363963839,97.2979536056519,77.5861129458673,48.8356876934276,41.9764816530289,89.8507025146484,61.7323175483491,7.94957182181396,48.573326119334,46.5827720400161,11.6371308569342,131.495603370667,81.2824478997125,131.806376246402,34.309960956491,72.0553330641526,82.3502343387927,91.2507377962095,138.475086212158,117.656658906203,49.0170528748456,54.6126017104982,68.6897644937774,59.4141536834458,36.5515608270963,125.898675872058,114.675982090022,99.296396442116,21.4477165605813,56.9081542255104,12.63087230141,145.348007202148,98.4497699079842,59.4119010320524,75.7783765201101,122.769788742065,0,139.32850588285,59.7694769234493,107.059469495501,0,135.407440185547,102.82946975917,142.481282234192,60.2686267700195,119.590834673713,0,86.8969039916992,201.722351074219,140.930949529012,0,128.371691894531,158.169079948874,0,208.283142089844,107.94539642334,125.113026705655,93.9444675445557,134.063879776001,79.924478541721,0,155.81090037028,140.869755388742,100.346737222357,133.322518721871,106.714201676218,0,0,136.624048233032,143.38204574585
47.1387855841116,130.465356826782,108.23569325915,82.0210953558645,72.6892671024098,25.5730360297431,15.5855030973892,48.573326119334,9.65102074762162,66.1716036108088,20.6507262464031,92.0466999806149,40.881653860496,154.681458853125,14.4268146559758,29.7011107813637,110.928579631605,123.264041454761,158.342193984985,147.245930189939,71.1878952710134,94.0582572089301,111.658276741965,96.5211524310413,61.0395083329225,157.478918667497,141.179451088741,135.379429138985,64.3456680378888,28.8235528751955,65.7831277616296,164.657381057739,18.6945896505077,86.1357599894206,60.633298774488,157.256443023682,0,175.451018810272,79.7960707257051,132.94303894043,0,144.301368350074,125.039542106733,155.509705200195,87.2591410223043,130.616512132728,0,109.495492935181,224.232604980469,175.749471664429,0,154.31999206543,180.614861806234,0,0,120.415466308594,170.688323974609,135.555090767997,167.641095987956,94.1826683562479,0,190.237908257378,171.170681762695,125.766582298279,151.370561599731,145.301300811768,0,0,170.712631225586,165.776920665394
62.4156269019758,63.0801669273587,109.286280314128,26.5549934259499,49.4770346280211,52.8569644581188,64.1189463265637,46.5827720400161,66.1716036108088,6.38680664809093,59.2566509982781,147.003128051758,12.4756033490638,111.69273651123,91.0676587835535,20.2273952102119,49.3049195233513,129.677514939081,149.010757446289,139.819077301025,47.5069447475321,71.9675619942801,24.4287079591416,82.3686047115841,17.9365008394814,103.046643033941,116.361074447632,102.655650155098,45.0267930993616,83.5418746529892,59.193899577096,0,110.747160824862,71.6979807920234,81.5658227521821,0,0,182.125392913818,68.4271975358327,73.7243499755859,0,117.521064758301,0,0,45.9262389183044,115.824882507324,0,44.3999193364924,0,0,0,0,164.009704589844,0,0,0,0,0,114.796497344971,54.0656392024114,100.662094116211,159.277816772461,152.842037200928,116.497725963593,0,165.713195800781,0,0,0,0
58.1009773254395,0,108.790387283137,76.6483016823823,14.2973896036919,101.105361938477,14.1207793864952,11.6371308569342,20.6507262464031,59.2566509982781,8.39738462970312,130.057272477583,12.0788981924837,142.709803263346,34.0052628556057,67.8123385652583,86.0623970031738,142.823935437558,0,158.081400090998,12.3669229679824,128.052406311035,80.8870475075462,99.4920684950692,43.9373176461476,145.451426188151,136.093509238107,114.373600615552,17.7024926837286,81.3248966298205,84.8876606688208,0,107.513280446906,71.7081551324754,77.513199993341,0,0,161.16303507487,72.0815204221811,12.0425444890375,0,148.507339477539,118.709122794015,135.327629089355,89.7852856179942,145.198991394043,0,64.9178156419234,0,116.651985168457,0,129.380477905273,167.255859375,0,0,137.982189178467,0,122.188014984131,152.195278930664,89.5268524530772,0,178.196277618408,161.187675476074,120.82061988429,0,0,0,0,0,176.071712493896
115.082741477273,56.6597341570938,78.8588412602742,70.2081990735284,0,85.5872428894043,90.9492456536544,131.495603370667,92.0466999806149,147.003128051758,130.057272477583,10.5440394969461,94.7184947967529,21.9786667952034,67.446154518733,163.043548583984,121.704692840576,54.6662756401723,19.0365369120504,15.0017228886657,133.597793579102,89.3513832092285,92.6329309800092,95.8082493868741,140.152982858511,27.2800144743279,28.1502131266301,44.3646770502012,125.61164855957,65.718719306567,111.734146318938,35.5426280406883,50.8283388726065,101.950386047363,23.2825412741244,0,82.2878608703613,107.486831665039,58.7751455307007,0,0,0,0,0,141.304458618164,0,0,0,85.7543544769287,0,0,0,134.292287190755,0,122.548942565918,0,0,0,123.156631469727,0,65.6161762237549,89.3936248779297,101.367931677371,0,194.672286987305,0,0,0,0,134.097290039062
86.6703627904256,85.8137130737305,177.781066894531,93.3323141098022,16.6906667305517,61.351399266687,16.0977776021761,81.2824478997125,40.881653860496,12.4756033490638,12.0788981924837,94.7184947967529,8.47941152816888,116.189598083496,73.3114639323691,11.9326664909581,86.9891757965088,167.662988390241,0,142.432729085286,13.7023656356468,122.30172475179,66.414400100708,139.951753234863,15.0076499868133,135.14380645752,165.550241643732,146.66142171224,30.8143243894525,72.6202289904578,140.468101501465,0,79.5723820736534,0,66.0056490631878,81.3835830688477,0,208.434356689453,53.9055706977844,19.020555440662,0,53.4114674377441,100.262371063232,86.6163940429688,60.2133685202494,24.5757454958829,0,12.8820927290578,0,100.897312164307,74.8829159736633,0,0,0,0,10.8215824359743,0,0,180.781448364258,67.5148717968963,0,244.335876464844,176.964691162109,173.536354064941,94.139165242513,0,0,0,0,88.286093711853
126.463731493269,40.3874290268143,70.5908917513761,57.3434194564819,0,141.350494384766,181.424997965495,131.806376246402,154.681458853125,111.69273651123,142.709803263346,21.9786667952034,116.189598083496,6.49575526688218,141.049339447021,153.921478271484,90.4320697784424,82.073885679245,38.4102357690985,37.4849102628248,0,0,73.1042526790074,98.8806509878121,118.928277449174,22.5439287069682,19.0371285987773,21.6720072385898,129.268486022949,140.518027701029,128.686210338886,10.297260974512,79.0221187591553,126.470748901367,48.3169481639484,0,90.5337924957275,124.680229187012,52.837283543178,0,0,0,0,0,159.242935180664,0,54.7857055664062,0,7.18521178059462,0,0,0,94.7442932128906,0,120.724319458008,0,0,86.2797584533691,0,0,50.5971366928284,85.6934195230174,82.1562108371569,0,0,0,0,0,0,112.64527130127
22.2527757141824,121.166984558105,109.210386586927,94.381185877937,111.214107390373,18.6646893775174,33.6923823203149,34.309960956491,14.4268146559758,91.0676587835535,34.0052628556057,67.446154518733,73.3114639323691,141.049339447021,9.27640148834508,55.8941401022452,124.915643865412,118.488404948537,142.947505569458,142.650177500269,102.258237202962,94.2921181042989,113.42875755124,97.3913086495748,82.4507328609996,144.801104227702,139.674936007861,137.0182013095,81.1303361726766,18.0460300104238,62.2452218236865,175.981582641602,13.7024427170958,71.1719424907978,41.7143950027478,0,0,170.370789961381,103.325850365867,135.768241882324,0,168.289489746094,156.409372080927,178.428611755371,107.854828357697,163.230352783203,0,110.349026150174,0,190.334884643555,0,176.714859008789,183.992540631975,0,204.321250915527,0,177.279541015625,134.9075655256,170.034745110406,130.640978520459,0,0,173.909722222222,143.921546025063,180.440509796143,159.754390716553,0,0,172.655487060547,166.719200134277
99.3454182942708,106.932420518663,139.669377644857,83.3103814966538,60.7423125372993,18.9841964957736,14.3433891795337,72.0553330641526,29.7011107813637,20.2273952102119,67.8123385652583,163.043548583984,11.9326664909581,153.921478271484,55.8941401022452,8.89140174729483,90.7140223185221,144.473439025879,0,166.224075317383,45.7262539621127,197.559616088867,74.8985923222133,101.069068908691,36.0831978021079,142.758417765299,141.062479119552,134.581580661592,66.6495741139288,73.1382856369019,0,0,39.4966809247669,0,136.934234619141,0,0,166.832702636719,138.956954956055,0,0,0,0,0,66.4152572631836,0,0,64.7316309611003,0,0,0,0,0,0,0,0,0,0,176.376800537109,67.4968818664551,0,190.943687438965,0,0,0,0,0,0,0,0
109.774904039171,40.795699066586,69.7847584088643,37.3492966669073,59.1608565194266,0,77.7792663574219,82.3502343387927,110.928579631605,49.3049195233513,86.0623970031738,121.704692840576,86.9891757965088,90.4320697784424,124.915643865412,90.7140223185221,10.961846496624,85.7177185323197,0,99.0994599660238,65.5050384521484,12.3114154390176,28.2365358443096,18.534659340959,22.344823326002,94.3891827509953,84.8370740618025,20.6168281899907,44.6182204523544,105.146909441267,59.1081043632285,0,0,65.8253419664171,64.8950047167192,123.197052001953,78.8975296020508,100.289482334682,56.8111651097575,0,0,0,116.298482148544,195.945373535156,50.3795331584083,148.900207519531,142.010055541992,0,0,140.041549682617,0,59.4720215818712,113.507118225098,0,140.891286214193,0,98.2134944349527,58.5974806193858,78.9037102650512,100.592738795925,0,123.807335486779,97.5348080927783,92.1254940509796,111.596744537354,92.6868368295523,0,0,0,105.801530536852
86.7546375027172,48.7831799695446,35.220939594792,60.8385553509777,153.233899434408,151.782619476318,148.126972579956,91.2507377962095,123.264041454761,129.677514939081,142.823935437558,54.6662756401723,167.662988390241,82.073885679245,118.488404948537,144.473439025879,85.7177185323197,8.32656302472343,62.2013909816742,17.3387913664462,191.08474222819,39.1713306747707,72.1202409507905,22.2427494296123,120.135091817157,75.3743527730306,19.726329226123,60.6172870905154,111.076663583949,105.932558149958,59.2922507698414,61.2853507995605,140.931295485724,89.0547097887312,31.7107456606146,179.741744995117,92.7846132914225,92.031184452336,95.9976645575629,0,0,188.913909912109,163.780637105306,188.235733032227,102.666041056315,164.411636352539,145.429824829102,0,155.099227905273,177.50227355957,0,128.338157653809,102.627885456327,0,115.339575873481,0,121.971835666233,83.3722414440579,110.9005339097,173.464588165283,129.942810058594,93.4732692067216,95.1168066590697,154.054275512695,172.961273193359,141.000471115112,0,0,0,109.265524893096
134.64538860321,62.0603643564078,79.87957294782,68.6214968363444,0,0,174.313705444336,138.475086212158,158.342193984985,149.010757446289,0,19.0365369120504,0,38.4102357690985,142.947505569458,0,0,62.2013909816742,6.40834639677173,9.24592278898575,0,112.61227162679,103.036901855469,102.752938842773,135.988539123535,40.9192609918529,19.7858115914711,59.1232243402279,167.762603759766,131.869740412785,127.653444925944,50.9764640973962,125.348431905111,149.953369140625,58.573897421897,0,111.43578338623,128.254165649414,0,0,0,0,0,0,0,0,0,0,56.2608947753906,0,0,0,133.18383026123,0,124.3515625,0,0,0,0,0,74.5920054117839,109.448543201793,107.722553750743,0,0,0,0,0,0,0
106.153365694243,53.6568048000336,64.8629684448242,67.4779650531238,144.672002156576,166.885932922363,170.173891507662,117.656658906203,147.245930189939,139.819077301025,158.081400090998,15.0017228886657,142.432729085286,37.4849102628248,142.650177500269,166.224075317383,99.0994599660238,17.3387913664462,9.24592278898575,10.0333023799622,205.052581787109,71.9360263386711,86.8674018661697,73.5961617576234,139.786105216818,31.4726934879147,26.6781085308614,63.072257488422,127.240494890911,121.204006234909,79.7189163585286,51.9675009178393,169.668138292101,108.033014368128,39.7889830193156,0,78.9302916093306,103.079639111535,60.1376838684082,0,0,0,163.49577331543,0,198.30793762207,0,0,0,120.680053710938,0,0,0,111.946104431152,0,116.837674458822,0,124.100090026855,87.2319819132487,132.169616112342,180.894035339355,81.3250834147135,97.644006263919,102.490652742057,198.091522216797,0,0,0,0,0,121.437518819173
77.6339817047119,0,198.443176269531,66.9373632158552,8.54871685110619,96.6169669411399,24.2320393748504,49.0170528748456,71.1878952710134,47.5069447475321,12.3669229679824,133.597793579102,13.7023656356468,0,102.258237202962,45.7262539621127,65.5050384521484,191.08474222819,0,205.052581787109,8.60289118061388,143.514068603516,69.9136142730713,0,11.6698181796618,0,142.327848434448,121.229563626376,17.0438152487917,93.3912302766527,111.15648651123,0,112.912972768148,0,86.0413063897027,0,0,0,74.3737897237142,6.91734986560625,0,75.4513905843099,0,121.538360595703,81.4999539992389,43.8169784545898,0,11.2880387545801,0,105.854782104492,111.642868041992,0,0,0,0,22.6023703416189,0,0,0,94.0084743075901,0,0,0,0,98.5474472045898,0,0,0,0,0
68.8887560330904,97.3713607788086,47.0334770183108,43.4860472590835,174.171112060547,147.602294921875,131.268244425456,54.6126017104982,94.0582572089301,71.9675619942801,128.052406311035,89.3513832092285,122.30172475179,0,94.2921181042989,197.559616088867,12.3114154390176,39.1713306747707,112.61227162679,71.9360263386711,143.514068603516,8.39043818060707,49.0486621823402,19.1501794799098,23.8810100716965,121.200115203857,89.8723648285197,78.7832348213289,15.1138997556998,83.1280311336362,14.7285820983251,0,126.622047424316,10.2092469268375,37.9149777170202,103.91748046875,0,111.539615631104,56.8312294346512,0,0,0,116.930534362793,130.80782699585,62.3369364487497,0,0,0,0,0,0,87.909967360958,149.097778320312,0,0,0,97.5948276110473,62.0379993820912,96.3911320368449,91.5001670292446,141.647857666016,167.615951538086,108.134239543568,89.7704011380316,122.545786539714,92.1918150226722,0,0,139.513885498047,123.244381427765
74.3648876735142,18.194253010065,35.2722286954839,15.6687745197059,58.4577885219029,91.677375793457,109.134567260742,68.6897644937774,111.658276741965,24.4287079591416,80.8870475075462,92.6329309800092,66.414400100708,73.1042526790074,113.42875755124,74.8985923222133,28.2365358443096,72.1202409507905,103.036901855469,86.8674018661697,69.9136142730713,49.0486621823402,6.53520583872287,44.0477116294496,28.9769025870416,60.0765125345887,80.5272029060464,36.2229487012828,46.4770909904284,88.438853523948,48.1807246350767,0,140.878688812256,60.5245109558105,61.6640864840045,118.463478088379,0,92.8015034415505,37.6474879582723,68.7025680541992,0,155.691970825195,146.309112548828,122.10279083252,22.7010538578033,0,78.3124237060547,0,0,0,0,69.1922340393066,113.421146046032,0,130.687850952148,0,58.493900844029,19.9812592192541,69.8237770080566,132.967035293579,70.6994895935059,106.109754562378,86.5083857157144,106.548830205744,0,52.004443359375,0,0,0,101.078852517264
79.9870634849027,58.0365101849591,17.6650797878815,40.9545770423976,80.2531004685622,136.753450393677,118.253528753916,59.4141536834458,96.5211524310413,82.3686047115841,99.4920684950692,95.8082493868741,139.951753234863,98.8806509878121,97.3913086495748,101.069068908691,18.534659340959,22.2427494296123,102.752938842773,73.5961617576234,0,19.1501794799098,44.0477116294496,12.6472250006931,57.697590245762,92.9877972073025,69.0638932212383,33.9584591189835,35.3029782546069,99.2624831938408,41.6625547550476,110.021156311035,122.342968622843,74.5324783802032,46.7394988013839,166.726844787598,113.857730865479,95.5892839004744,56.2964164128913,0,0,181.236557006836,133.03653717041,167.991901652018,79.6292592366537,152.922486957751,160.773651123047,0,158.929840087891,165.181649780273,0,89.1380571077948,111.033216658093,0,162.274042765299,0,98.1159780387744,58.7824465817625,89.8786804834044,120.897805647417,128.55383682251,118.272701165615,90.2643626006061,120.367301584404,181.948413085937,91.4433007178368,0,0,186.89973449707,107.339484223222
63.0540936787923,70.9124691423163,107.814145945539,40.563845364066,17.7308012915929,73.9237553278605,58.3242538463142,36.5515608270963,61.0395083329225,17.9365008394814,43.9373176461476,140.152982858511,15.0076499868133,118.928277449174,82.4507328609996,36.0831978021079,22.344823326002,120.135091817157,135.988539123535,139.786105216818,11.6698181796618,23.8810100716965,28.9769025870416,57.697590245762,8.49629346366533,106.49704053325,114.683548246111,85.3918028446796,16.1197945508732,76.738661477905,59.7523544651552,0,115.213566173207,65.7466951258042,81.4272526099336,110.759286880493,113.491455078125,137.569804721408,56.381313274954,33.4723363161087,0,128.960108670321,99.4664106889204,135.146565551758,53.588682016932,129.078993116106,0,50.1262090471056,115.348846435547,139.066521644592,0,96.5632608587092,154.588781256425,0,173.794794718424,103.586540222168,110.970637003581,77.0610839932464,126.336308288574,76.0237107968242,106.231150309245,160.570298512777,136.473240639666,98.0823354816756,132.969618797302,100.169058726384,0,0,134.177961349487,134.785073713823
0,23.2854710237518,65.8462904037968,32.3784071282178,0,114.777111053467,146.118316650391,125.898675872058,157.478918667497,103.046643033941,145.451426188151,27.2800144743279,135.14380645752,22.5439287069682,144.801104227702,142.758417765299,94.3891827509953,75.3743527730306,40.9192609918529,31.4726934879147,0,121.200115203857,60.0765125345887,92.9877972073025,106.49704053325,11.4440737704161,33.1816263660594,20.3021193654057,131.129463195801,120.461819966634,123.697940826416,39.6196493002085,73.9452654520671,0,48.0609256450946,155.545425415039,81.8140930762658,99.266658782959,33.0052605129424,0,0,0,0,0,127.012626647949,0,63.0560224056244,0,63.5217925928816,0,0,0,110.549551391602,0,79.8551155893426,0,0,93.5914652347565,0,0,42.4986752768271,71.6233760894291,69.6482001073111,0,0,173.497314453125,83.607551574707,0,0,116.406618754069
108.844851668163,46.6337942349709,23.2721574059651,48.6340540691363,136.356092834473,165.76127746582,149.530242416885,114.675982090022,141.179451088741,116.361074447632,136.093509238107,28.1502131266301,165.550241643732,19.0371285987773,139.674936007861,141.062479119552,84.8370740618025,19.726329226123,19.7858115914711,26.6781085308614,142.327848434448,89.8723648285197,80.5272029060464,69.0638932212383,114.683548246111,33.1816263660594,10.3363655756652,20.1974849710954,118.013390484978,129.749257984503,98.8152009469491,21.4985022383178,140.054737091064,110.431244776799,55.3685548521515,0,76.271956510322,93.866188134561,81.4391431550722,0,0,212.88542175293,151.400257110596,191.095676422119,157.969917297363,0,114.834256308419,0,107.989403263215,183.550379435221,0,147.525749206543,98.259019744873,0,98.5847460705301,0,135.277683258057,126.657852172852,120.722422281901,128.677932739258,72.5161302396567,84.803907422203,90.6369174409913,178.353942871094,169.405960083008,157.597902297974,127.130102539063,0,0,107.2497662389
114.749836418199,24.357934093094,24.5155037198684,37.4652352903114,111.120431045006,148.760913848877,145.126985239428,99.296396442116,135.379429138985,102.655650155098,114.373600615552,44.3646770502012,146.66142171224,21.6720072385898,137.0182013095,134.581580661592,20.6168281899907,60.6172870905154,59.1232243402279,63.072257488422,121.229563626376,78.7832348213289,36.2229487012828,33.9584591189835,85.3918028446796,20.3021193654057,20.1974849710954,11.8455659185649,76.5066408858792,125.472787827253,91.7781984565967,11.2093085207538,118.441411889118,110.300686705346,60.6573319617644,167.37353515625,78.7550167058477,79.4865124957396,67.0595833522822,0,0,176.314025878906,135.056547546387,181.946018642849,129.835729122162,166.423130989075,115.105295621432,0,115.742410910757,171.992925262451,0,97.0442271475065,94.927437966023,0,106.769476790177,182.833694458008,101.962900572185,66.0878695961814,88.3227177286433,139.734501266479,69.3834105710932,85.6970557088667,84.4138333877009,145.898334866478,186.553389231364,129.549701538086,117.70688533783,0,153.575770060221,99.6596279729363
57.9280664522581,97.0658302307129,74.5651296218508,45.6243514682583,12.3183864804547,103.743721644084,54.6092201820283,21.4477165605813,64.3456680378888,45.0267930993616,17.7024926837286,125.61164855957,30.8143243894525,129.268486022949,81.1303361726766,66.6495741139288,44.6182204523544,111.076663583949,167.762603759766,127.240494890911,17.0438152487917,15.1138997556998,46.4770909904284,35.3029782546069,16.1197945508732,131.129463195801,118.013390484978,76.5066408858792,9.71229042710061,72.8774600597697,27.0032050179906,0,110.582258648343,57.1763361219169,41.2278685276842,117.639460395364,0,143.732648288502,54.4430081290428,8.95406442234852,0,131.123372214181,94.5194413051132,138.449214744568,51.9509338027681,117.687165000222,0,37.1345502484229,0,130.917125244141,0,80.4160937293101,157.958212534587,0,180.136672973633,94.3085039456685,102.224753159743,56.1963743932039,104.471453016049,78.9073494605537,0,163.082358466254,145.786753760444,93.0674643306243,135.707350106075,88.7393942168265,0,0,136.065217018127,139.59624004364
16.4090396887967,139.148726327079,115.539630555887,81.284843260887,95.4846731941655,21.0871305621189,60.6259872131706,56.9081542255104,28.8235528751955,83.5418746529892,81.3248966298205,65.718719306567,72.6202289904578,140.518027701029,18.0460300104238,73.1382856369019,105.146909441267,105.932558149958,131.869740412785,121.204006234909,93.3912302766527,83.1280311336362,88.438853523948,99.2624831938408,76.738661477905,120.461819966634,129.749257984503,125.472787827253,72.8774600597697,10.5118763738355,28.9362615329268,176.917953491211,6.73775834513032,17.5647428058493,31.6533655724223,162.12802734375,0,161.398651123047,88.5793131577341,172.838333129883,0,174.898429870605,132.916289096408,162.742513020833,89.9553894551595,168.105504353841,0,108.352058410645,0,170.248845418294,0,121.766176496233,180.176849365234,0,167.518981933594,156.036460876465,170.466342926025,103.565205500676,160.73326756404,121.416142696804,0,185.045255388532,170.358733707004,127.603280845848,171.870607648577,131.075127665202,0,219.718322753906,187.196189880371,169.480723063151
17.627952889204,92.680106692844,64.4643163141648,52.5577620826524,0,106.553569793701,100.524489629836,12.63087230141,65.7831277616296,59.193899577096,84.8876606688208,111.734146318938,140.468101501465,128.686210338886,62.2452218236865,0,59.1081043632285,59.2922507698414,127.653444925944,79.7189163585286,111.15648651123,14.7285820983251,48.1807246350767,41.6625547550476,59.7523544651552,123.697940826416,98.8152009469491,91.7781984565967,27.0032050179906,28.9362615329268,8.34902913093708,164.072479248047,97.4460661315918,30.4335598472162,26.9329114389524,101.683781941732,0,125.911838238056,56.762300955585,0,0,216.48762512207,98.9041766859081,132.266906738281,54.0693134192264,143.149037679036,0,0,156.219635009766,138.798309326172,0,84.7897315154205,140.463454437256,0,0,0,103.584246635437,59.4431900611291,106.657583148663,90.3219673292977,0,135.758317947388,131.990061308208,92.2776442924794,157.838943481445,95.7444299062093,0,0,128.319105148315,110.782620429993
134.92310333252,0,81.3000946044922,68.1933517456055,0,0,0,145.348007202148,164.657381057739,0,0,35.5426280406883,0,10.297260974512,175.981582641602,0,0,61.2853507995605,50.9764640973962,51.9675009178393,0,0,0,110.021156311035,0,39.6196493002085,21.4985022383178,11.2093085207538,0,176.917953491211,164.072479248047,9.9409962064901,0,0,66.1069806416829,0,0,0,0,0,0,0,0,0,0,0,110.038566589355,0,113.191711425781,0,0,0,0,0,0,0,0,0,0,0,0,0,118.647163391113,0,0,0,0,0,0,0
71.1740618705749,0,143.572448730469,124.577242682962,120.387180328369,8.94483465249118,30.0902336924105,98.4497699079842,18.6945896505077,110.747160824862,107.513280446906,50.8283388726065,79.5723820736534,79.0221187591553,13.7024427170958,39.4966809247669,0,140.931295485724,125.348431905111,169.668138292101,112.912972768148,126.622047424316,140.878688812256,122.342968622843,115.213566173207,73.9452654520671,140.054737091064,118.441411889118,110.582258648343,6.73775834513032,97.4460661315918,0,4.34894146952514,159.565139770508,34.880536723197,0,0,0,131.845474243164,0,0,0,0,0,128.623112996419,0,0,108.352722167969,0,0,0,0,0,0,0,0,0,0,212.619911193848,163.145637512207,0,0,0,169.833396063911,0,0,0,0,0,0
31.5902381512003,84.1802673339844,97.486701965332,67.6329263540415,0,0,76.0347595214844,59.4119010320524,86.1357599894206,71.6979807920234,71.7081551324754,101.950386047363,0,126.470748901367,71.1719424907978,0,65.8253419664171,89.0547097887312,149.953369140625,108.033014368128,0,10.2092469268375,60.5245109558105,74.5324783802032,65.7466951258042,0,110.431244776799,110.300686705346,57.1763361219169,17.5647428058493,30.4335598472162,0,159.565139770508,8.92281979801011,17.3899612008459,0,0,143.675872802734,69.2627908212167,0,0,0,109.258712768555,170.69862874349,67.3150681715745,0,0,0,0,0,0,82.4967575073242,0,0,0,146.853363037109,0,52.1915636062622,135.895741780599,99.1917365579044,0,210.757019042969,146.27560043335,109.156046186175,176.253356933594,96.4794120788574,0,0,152.56396484375,0
51.666817523815,50.7493358062486,52.8006009138923,63.7243845594545,90.6358351707458,41.8367309155672,72.9165562834756,75.7783765201101,60.633298774488,81.5658227521821,77.513199993341,23.2825412741244,66.0056490631878,48.3169481639484,41.7143950027478,136.934234619141,64.8950047167192,31.7107456606146,58.573897421897,39.7889830193156,86.0413063897027,37.9149777170202,61.6640864840045,46.7394988013839,81.4272526099336,48.0609256450946,55.3685548521515,60.6573319617644,41.2278685276842,31.6533655724223,26.9329114389524,66.1069806416829,34.880536723197,17.3899612008459,11.0504367415126,164.862579345703,83.2128496170044,93.8022711048956,74.6973104022798,124.754688262939,0,0,126.948354932997,156.921640014648,82.9046014639048,0,0,86.5601704915365,169.317245483398,0,0,100.934975990882,103.953955452397,0,116.387036132812,0,112.923757171631,61.994068662999,104.001813334803,120.460417429606,114.183143615723,108.596424628948,100.83701861387,124.148479926877,0,110.126008033752,0,0,174.840911865234,110.228491592407
120.750877380371,0,161.78483581543,0,0,0,174.252586364746,122.769788742065,157.256443023682,0,0,0,81.3835830688477,0,0,0,123.197052001953,179.741744995117,0,0,0,103.91748046875,118.463478088379,166.726844787598,110.759286880493,155.545425415039,0,167.37353515625,117.639460395364,162.12802734375,101.683781941732,0,0,0,164.862579345703,6.90159248855691,116.602458953857,90.0933509882349,68.2649054391044,78.7026713444636,73.418438911438,69.8391935629923,18.0637675440689,32.8030846238136,63.5482163900857,63.713300586044,125.135656356812,89.5096981048584,138.339650771197,10.2476365104022,61.4482027689616,107.436410268148,95.8386955370534,0,113.394521618566,78.300062306722,76.4356343027507,75.9371733414499,91.252978524009,60.0404280733633,135.008791242327,110.338060316697,127.587069782458,62.987072751787,11.747504388746,24.7924329966688,0,65.7235298156738,26.6242618319919,52.6303788873128
0,85.2671127319336,71.4929019383022,40.3877690633138,0,0,0,0,0,0,0,82.2878608703613,0,90.5337924957275,0,0,78.8975296020508,92.7846132914225,111.43578338623,78.9302916093306,0,0,0,113.857730865479,113.491455078125,81.8140930762658,76.271956510322,78.7550167058477,0,0,0,0,0,0,83.2128496170044,116.602458953857,5.30391563306432,33.8915849413191,13.1538551275072,0,71.3199234008789,116.146270751953,102.230154418945,132.952151489258,59.484263420105,180.078842163086,64.8516314370292,98.8342895507812,56.2312327720024,134.385829162598,100.069633483887,78.4610237121582,47.331841913381,0,51.5138664716556,0,76.3600070953369,20.4927300766226,60.3068740027291,71.8471552530925,21.14350658339,36.4343884537529,29.813226772841,93.2320098876953,135.050039291382,101.953987121582,68.1658776601156,0,124.67289352417,51.1092630127567
125.524631500244,74.8401031494141,77.0249395370483,81.146921559384,141.729110717773,0,164.165944417318,139.32850588285,175.451018810272,182.125392913818,161.16303507487,107.486831665039,208.434356689453,124.680229187012,170.370789961381,166.832702636719,100.289482334682,92.031184452336,128.254165649414,103.079639111535,0,111.539615631104,92.8015034415505,95.5892839004744,137.569804721408,99.266658782959,93.866188134561,79.4865124957396,143.732648288502,161.398651123047,125.911838238056,0,0,143.675872802734,93.8022711048956,90.0933509882349,33.8915849413191,10.7193714530961,38.0748179453724,124.370220184326,157.733164469401,124.284845427265,76.6415074205152,115.548261838082,83.6070805302373,95.4922295925171,80.8319985525949,157.102546691895,72.0579772949219,106.16794892132,121.408533732096,60.9704315597947,39.3814323556784,0,65.853107502586,126.40781211853,58.5795159646131,35.7070216665463,22.0918890563943,88.5699072519938,58.4480285644531,13.2357054012405,31.3792790521203,78.2458737716675,118.461331562824,50.2588743790783,77.2021420796712,175.691783905029,106.751393636068,60.6547045005384
67.969520350865,36.657817363739,69.2640309827081,33.5563235506415,67.9714495751166,116.577941894531,82.5885062635991,59.7694769234493,79.7960707257051,68.4271975358327,72.0815204221811,58.7751455307007,53.9055706977844,52.837283543178,103.325850365867,138.956954956055,56.8111651097575,95.9976645575629,0,60.1376838684082,74.3737897237142,56.8312294346512,37.6474879582723,56.2964164128913,56.381313274954,33.0052605129424,81.4391431550722,67.0595833522822,54.4430081290428,88.5793131577341,56.762300955585,0,131.845474243164,69.2627908212167,74.6973104022798,68.2649054391044,13.1538551275072,38.0748179453724,18.468255776985,46.4543704986572,131.22526550293,78.201502936227,43.6085300696194,85.5301948670418,13.0551874887596,75.9242251562694,28.468693870859,111.159935379028,37.6679553168791,84.6483399100926,77.1077499389648,31.6683744106096,49.6875912215683,0,56.4532873045723,61.9465086800711,41.547775052922,11.969527868454,39.5493102669173,18.4660491592875,13.1106952700898,39.1169632820696,32.2237913269121,38.369684641715,75.5252842999145,40.8768151945987,70.0518889427185,0,72.4379119873047,56.4361436175604
0,0,0,71.6590347290039,7.34436630715103,0,70.5488700866699,107.059469495501,132.94303894043,73.7243499755859,12.0425444890375,0,19.020555440662,0,135.768241882324,0,0,0,0,0,6.91734986560625,0,68.7025680541992,0,33.4723363161087,0,0,0,8.95406442234852,172.838333129883,0,0,0,0,124.754688262939,78.7026713444636,0,124.370220184326,46.4543704986572,7.46383796235454,0,51.5918629150081,39.6499191993891,88.4095396496001,26.5855519737996,20.4827940821398,0,20.0571749559102,0,92.5201681367644,52.7470607757568,75.147144317627,157.219426472982,0,0,12.0939018627512,136.400512695312,57.2313808865017,111.012074788411,13.8607678321872,159.59504699707,136.057891845703,124.916131973267,15.2412102674681,92.7092592081892,91.2859573364258,0,0,95.2463577270508,93.0000023677431
0,0,0,0,0,0,0,0,0,0,0,0,0,0,0,0,0,0,0,0,0,0,0,0,0,0,0,0,0,0,0,0,0,0,0,73.418438911438,71.3199234008789,157.733164469401,131.22526550293,0,6.62826691860351,8.84821205924877,94.7819420950753,13.3700573332473,43.4482788672814,99.2548085992987,0,87.905363202095,0,23.2330957169228,13.526204758051,0,0,0,0,100.123991394043,0,0,146.105246407645,93.6406026567732,0,187.480145263672,87.3372573852539,109.491045633952,16.8841546352372,85.4626057942708,0,8.97762315074807,0,26.5241643124678
184.017158508301,0,185.123359680176,0,157.747131347656,0,142.001782226563,135.407440185547,144.301368350074,117.521064758301,148.507339477539,0,53.4114674377441,0,168.289489746094,0,0,188.913909912109,0,0,75.4513905843099,0,155.691970825195,181.236557006836,128.960108670321,0,212.88542175293,176.314025878906,131.123372214181,174.898429870605,216.48762512207,0,0,0,0,69.8391935629923,116.146270751953,124.284845427265,78.201502936227,51.5918629150081,8.84821205924877,8.58205485240416,48.3663564588551,16.6078692605289,40.6345837005941,20.4786701950896,123.217376708984,19.8388333699054,173.242361886161,28.0013922538954,13.0174557954726,102.786488583213,144.003065745036,0,162.33517964681,46.8502196430175,124.415580325656,95.4215633251049,113.022384949844,54.5347421913692,162.445668538411,149.145913050725,127.881342887878,54.3374705422766,38.876908861933,105.465134048462,192.15998840332,21.2786813484606,105.033429972331,57.563285463864
122.21006181505,0,129.877026484563,127.492546081543,127.268936157227,180.54621887207,142.814679145813,102.82946975917,125.039542106733,0,118.709122794015,0,100.262371063232,0,156.409372080927,0,116.298482148544,163.780637105306,0,163.49577331543,0,116.930534362793,146.309112548828,133.03653717041,99.4664106889204,0,151.400257110596,135.056547546387,94.5194413051132,132.916289096408,98.9041766859081,0,0,109.258712768555,126.948354932997,18.0637675440689,102.230154418945,76.6415074205152,43.6085300696194,39.6499191993891,94.7819420950753,48.3663564588551,7.83518665462584,55.5418527556588,38.7408199043397,13.0393218130787,125.101424255371,73.7097304662069,134.458111156117,24.2417400004303,67.0677354986017,79.766080012087,80.713621875218,0,100.80937894686,65.4374336159748,58.8895115741065,71.7276637811455,70.0073832200465,45.2234823096558,117.912211608887,101.168133110028,106.818239029594,17.8991570493588,45.1327342821914,13.990410704459,159.481074015299,110.070534769694,55.6443528284,59.5703541982571
0,0,161.431897481283,0,156.743011474609,0,167.956814575195,142.481282234192,155.509705200195,0,135.327629089355,0,86.6163940429688,0,178.428611755371,0,195.945373535156,188.235733032227,0,0,121.538360595703,130.80782699585,122.10279083252,167.991901652018,135.146565551758,0,191.095676422119,181.946018642849,138.449214744568,162.742513020833,132.266906738281,0,0,170.69862874349,156.921640014648,32.8030846238136,132.952151489258,115.548261838082,85.5301948670418,88.4095396496001,13.3700573332473,16.6078692605289,55.5418527556588,9.50662995562952,77.3753707494491,48.233157299364,141.463010101318,73.2764327099378,165.438993648607,15.9307070953851,29.5457597498034,117.101358828337,123.258864003866,162.517776489258,142.487508458999,84.4173134119824,107.924523098368,116.934637451172,109.553453138538,72.6957093326906,157.67645665219,138.464975029158,136.869297972513,71.6330458954341,31.8841353136642,83.6817649664906,184.590076446533,15.5177084650312,109.651757558187,53.6476858993879
