11.4311904275301,108.70532989502,85.8244200052167,70.9456065409892,81.2296161651611,0,96.8986132485526,36.45511641609,42.2642752760848,58.9105226931365,35.2654059143066,107.475248798571,98.6228551864624,117.737098693848,18.7424305779315,137.029300689697,189.108825683594,89.5717501566506,137.092729048295,112.148585938571,99.8519081447435,79.3735658592648,74.6877850712957,79.0767421501484,76.9094073254129,140.404277801514,102.792296548684,119.84158338237,71.1725538041857,22.6075156064338,28.2773223137284,145.626285552979,65.4660606384277,29.4356002560977,62.3336111315254,118.841594696045,0,138.75777943929,81.6391593933105,0,0,0,127.745029025608,158.295516967773,82.6449796888563,191.752807617188,0,0,0,161.659439086914,0,118.097503662109,174.973419189453,0,0,96.5043678283691,128.979736328125,0,136.91947555542,113.299425942557,0,160.916674804687,159.727648221529,116.986824035645,137.864883422852,122.522501627604,0,0,0,135.878273010254
108.70532989502,5.88197126276173,34.3062439564459,24.3239087499017,124.817100524902,0,148.104225158691,120.864545036765,135.78656095617,66.2092806092548,127.806005096436,57.1789377547882,102.169061660767,41.5050378946158,119.944696426392,103.867174933938,70.6114456653595,46.0593572539749,61.4215547243754,53.1559133587462,186.000183105469,91.867070711576,22.82523472269,77.7308776443069,76.8297021102277,18.5949679732766,36.0231266200194,30.9937432546154,107.464928817749,114.465230829575,102.611298322678,45.0070495605469,0,84.7553787231445,49.842531673411,0,75.1977355957031,78.1910007701201,61.5398537772042,0,0,0,147.8800684611,0,142.631652832031,164.605690002441,64.8028464317322,0,75.9035081129808,0,0,90.8763961791992,73.7874380258413,0,95.0044441223145,126.413452148438,0,0,95.3658048189603,118.460217475891,51.3995587158203,80.2730167812771,77.6357251273261,180.8056640625,0,0,90.1010284423828,0,0,92.3640646501021
85.8244200052167,34.3062439564459,10.1147607036933,37.913414930686,119.173680623372,0,130.045482023263,86.3307044522546,115.296519182814,107.295002656824,114.060232449683,93.4139516510233,127.485133923982,88.8760115305583,107.296535963528,133.841978708903,85.1623306274414,37.0445398851534,99.407169342041,69.0682736007934,138.673082351685,55.0457726067474,41.0110334541365,20.5953830435359,101.449967991222,76.9334208170573,23.9059032455517,30.0929414380942,70.5806564501862,108.366419704085,80.0795440673828,61.9452781677246,162.668319702148,102.627566997822,54.4188444937126,164.444803237915,59.3121205350778,77.9171197108155,58.1958839792601,0,0,0,143.830096318172,0,159.925540161133,157.980799357096,132.016971588135,0,102.621124267578,207.321365356445,0,109.111373607929,84.5756901854299,0,104.975519620455,0,110.844309806824,80.136838277181,90.0922685738918,158.007609317177,120.191291809082,87.0804444798883,81.6188446360788,140.054435899523,104.908111572266,123.349425217201,0,0,136.746602376302,88.0564828850757
70.9456065409892,24.3239087499017,37.913414930686,54.6299871033238,57.6063959319016,0,102.610894266764,59.8349680118873,83.3106769518254,23.0695474265785,73.2211279488335,59.7656554415881,56.3955928553706,46.6296348719634,92.3765338452882,85.9904376983643,40.4972182333207,52.6156214025537,62.5512701825398,56.034995924796,63.9727763039725,49.3344276461907,36.0597132924068,48.0964903871699,41.4325067123094,29.7323234965007,39.9590319653722,37.6702907113726,48.7322417312479,65.6688482858301,52.1738960879375,55.9322462081909,109.606864929199,51.7326373203545,55.6282265313128,76.7034024556478,41.5701791445414,63.336909748259,32.3665499219707,123.201461791992,0,106.675163269043,81.6058745914035,77.8575630187988,18.9177446611996,108.981976191203,105.760580062866,159.364227294922,77.8832211494446,124.903930664062,0,71.0424999055408,72.9404133977117,148.006164550781,93.1020930897106,81.4205220540365,78.4067227681478,67.0033227205276,80.5358929885061,71.9143429806358,75.4913673400879,77.0961560044333,67.1961549425882,83.7928174175794,100.87576675415,72.8311338424683,0,0,70.6273053487142,80.2717131508721
81.2296161651611,124.817100524902,119.173680623372,57.6063959319016,9.11996524583362,0,61.5109733566927,42.7917448897589,83.4398189130412,50.2447159978635,28.7177655007507,148.566614786784,20.6910115812556,0,96.6325562738739,61.3980902372486,0,142.798090616862,0,176.221157073975,12.1220137839594,101.590934753418,69.9401671368143,104.778821309408,20.6248558566182,0,147.343591213226,113.556577582108,12.872777559334,88.7608872166386,102.423548126221,0,0,80.5224702623155,87.455212138948,143.459471893311,147.217391967773,237.805206298828,81.4221549987793,38.7193387034463,0,145.411665739837,111.576790582566,129.454798184908,78.3756743983218,132.255644955681,0,19.9964151402824,0,144.468693366418,0,170.225818634033,218.93000793457,0,0,66.0234417272418,0,102.008113098145,162.994985961914,94.1110644120106,0,175.512100219727,173.734027862549,118.576298515002,159.499041557312,115.394798278809,0,0,0,155.32400970459
0,0,0,0,0,6.36251158096704,8.70483652101204,0,12.3640984409631,59.3305625915527,109.594755172729,0,85.757640838623,0,29.2778596707753,22.8536560935092,0,0,0,0,126.374214172363,0,0,0,63.1234512329102,0,0,0,0,24.0193880222462,0,0,9.05672724608976,0,38.0674285888672,0,0,0,0,0,0,0,0,0,0,0,0,0,0,0,0,0,0,0,0,0,0,0,0,0,0,0,0,0,0,0,0,0,0,0
96.8986132485526,148.104225158691,130.045482023263,102.610894266764,61.5109733566927,8.70483652101204,8.56057280423957,55.0936770777223,15.4522978886779,51.431343204719,35.5502418882806,132.426840782166,22.1462654783799,95.4616117477417,34.3895686840558,16.2522284426523,0,134.576472830265,0,167.363244192941,37.0433996622965,109.390282948812,105.303065776825,118.593852256661,73.4807175530328,140.811103820801,148.298021552268,141.375763177872,64.3096261478198,44.5394084608571,99.0240021377313,216.411026000977,8.10689430770325,105.476910517766,97.2908399128678,159.61762491862,0,166.270004272461,110.023099263509,137.815325927734,0,157.312840779622,134.155237833659,146.142639160156,80.0927289326986,165.192428588867,0,57.7358818054199,0,165.357711791992,0,0,192.51505279541,0,0,90.3189886533297,0,0,189.399128723145,121.039908235723,0,205.933197021484,182.550643920898,149.214533606241,169.190200805664,160.02689743042,0,0,165.421340942383,176.852809906006
36.45511641609,120.864545036765,86.3307044522546,59.8349680118873,42.7917448897589,0,55.0936770777223,9.17035345980799,64.4624778203906,50.9752184517811,21.9938631866866,139.962577573715,49.0554683763022,137.899053446452,41.5085575748898,72.4654478159818,90.8929481506348,107.479728479669,167.911265563965,142.091334236993,47.8365417457558,62.3211206681843,73.1783539560428,68.5482917838463,55.7184403439762,133.733171463013,116.540131333394,104.099832469914,26.3210219980811,68.0681844069631,18.3766759497846,171.458366394043,117.93231010437,59.129274520373,66.7711807162531,115.011881762788,166.074066162109,147.289761781693,75.8353559412855,125.944804558387,0,153.812562830308,106.834696101908,128.177772903442,70.3007888183594,133.028629578266,216.122436523438,136.036632113987,0,126.195676103423,150.236694335938,131.549619402204,150.257270812988,0,191.838958740234,123.32837451588,143.174936467951,114.587103843689,138.728326234661,101.000848066494,215.891761779785,185.421033112899,151.210530175103,110.923444313145,131.639062112837,114.083946126302,0,176.341171264648,117.160498879173,135.293776973601
42.2642752760848,135.78656095617,115.296519182814,83.3106769518254,83.4398189130412,12.3640984409631,15.4522978886779,64.4624778203906,11.2877817328239,73.3199642642161,37.8341816336807,83.1431612545217,66.5503596452133,86.8675219217936,19.7350377744194,26.7071058071136,197.381896972656,121.03555636309,126.323634727328,134.041096004088,79.4262588942868,99.401917909321,97.5995700441558,104.046532397532,72.8121735072298,85.7952955494756,130.86384990377,137.794753269716,79.6469318709363,33.1622694117261,70.3505977104906,113.771812438965,8.04521944500027,99.7130720260296,73.9751050776415,141.053918921429,157.437164306641,169.046109154111,100.161948457056,138.333582878113,0,156.600143432617,125.310209558365,152.100194027549,97.877063932873,142.319137768868,0,139.037809371948,121.155181884766,152.233932858422,0,178.635025024414,184.611570570204,0,187.898574829102,110.810803004674,0,157.199417114258,172.792014286436,121.477658730477,124.493263244629,191.147311870868,174.987671089172,131.010546180823,144.951602935791,159.837531456581,0,0,130.936968485514,154.270157623291
58.9105226931365,66.2092806092548,107.295002656824,23.0695474265785,50.2447159978635,59.3305625915527,51.431343204719,50.9752184517811,73.3199642642161,6.98616267118887,70.9944744601692,121.640302981184,10.1792220879978,115.449281642748,77.3609650998502,19.1722592624999,63.2431494394938,108.99064095815,129.622943878174,128.17740712847,52.1524707219934,85.0459230211046,28.6412976904349,85.223360748291,24.5037892438566,96.5054974383618,112.605884445048,95.9291880869726,45.6295557932583,64.8755882137424,50.467270409883,123.615148162842,91.261121114095,55.6614334911381,75.9504222869873,74.9917184738886,0,96.2580833435059,38.8486090208355,81.2932903010671,0,95.6701976231166,85.0209691247275,105.125830332438,26.3185712607332,96.7362955996865,144.240203857422,62.9256459749662,142.325020684136,98.383599281311,0,103.611595153809,0,0,0,75.9085940608272,100.593265533447,74.0495651245117,136.881730397542,56.4067612368451,129.956365697524,151.783391316732,153.920684365665,88.8463771914648,99.8451934814453,117.451404571533,154.766082763672,0,97.8361206054688,111.968267440796
35.2654059143066,127.806005096436,114.060232449683,73.2211279488335,28.7177655007507,109.594755172729,35.5502418882806,21.9938631866866,37.8341816336807,70.9944744601692,12.8589939633301,138.547403936517,27.008455504519,155.984700520833,41.9760186931914,64.6838398194649,108.895290374756,142.147590174819,163.378472222222,161.804386023319,20.8892973338009,83.9273870849609,95.4276280721029,94.9464084871354,53.3950008471235,133.856986999512,138.649914069716,128.780312538147,32.9277373603287,82.5132507833384,69.7845680456895,0,112.980811527797,77.4066888341364,84.7995668300064,141.587287571119,0,178.636823654175,92.5212739944458,137.544943499717,0,156.36151776995,125.180394453161,140.149646606445,97.4673552513123,142.617299515162,0,109.615560107761,0,153.262147776286,99.2604064941406,176.520294189453,196.179354349772,0,0,37.9568961813708,174.483428955078,134.199212507768,159.779375159222,103.898631855223,0,201.92423248291,175.328769186269,132.822322911994,160.049065907796,148.043409729004,0,0,168.781700134277,153.574350357056
107.475248798571,57.1789377547882,93.4139516510233,59.7656554415881,148.566614786784,0,132.426840782166,139.962577573715,83.1431612545217,121.640302981184,138.547403936517,11.0998479459527,134.95287128205,15.1411255885161,79.27507033451,174.779693603516,116.533702850342,53.8908294131871,17.6036025086573,27.1893228874671,140.779632367586,94.3307234221814,96.2763162306797,83.0502065354912,135.422527567546,31.398433497439,23.1251188735619,48.1118216764884,128.318091828944,58.8303746988153,99.8635000878192,30.7372145287596,62.7050266265869,97.0037113854645,28.6986666035838,0,100.382544623481,126.636643660696,84.923922758836,0,0,0,174.129211425781,0,156.757659912109,213.718002319336,69.917094707489,0,73.5129460987292,216.989868164062,0,137.986826578776,110.689944797092,94.6586053030831,100.571770562066,0,159.519149780273,112.188168207804,140.203120838512,170.116512298584,63.5538241448094,90.057240722,95.9804443817973,178.943119594029,0,162.596786499023,93.6288838106043,0,0,111.011448383331
98.6228551864624,102.169061660767,127.485133923982,56.3955928553706,20.6910115812556,85.757640838623,22.1462654783799,49.0554683763022,66.5503596452133,10.1792220879978,27.008455504519,134.95287128205,9.1911999586522,132.711879306369,87.2718627535064,14.0624263354092,0,170.235763549805,163.847663879395,164.925851995295,15.3557796314685,131.975920359294,62.4369104558771,148.930725097656,13.7589257095843,153.842708587646,154.411305060753,150.154795116848,41.3233498994981,95.1828868022332,130.803105248345,179.463302612305,105.470296859741,77.3788096110026,93.6744939203132,114.602220153809,0,0,53.3138378143311,61.4272130607219,0,127.65309270223,128.595780054728,110.455269949777,51.8004067364861,84.4863479277667,0,27.589118378503,0,117.824446784125,0,0,0,0,0,40.1765157276509,0,95.5306243896484,176.530384063721,80.9428732699196,0,171.618764241536,200.274653116862,118.248300481726,128.51898765564,0,0,0,111.917900085449,162.096664428711
117.737098693848,41.5050378946158,88.8760115305583,46.6296348719634,0,0,95.4616117477417,137.899053446452,86.8675219217936,115.449281642748,155.984700520833,15.1411255885161,132.711879306369,5.63348647391936,81.7906630682567,0,0,85.8105445861816,38.4449877510608,42.4229067209605,155.567474365234,122.530418395996,90.8133441625017,107.769795735677,130.98500392748,17.5790961066928,11.905922313725,20.7036990818102,156.994293212891,62.2621455626054,134.087986755371,7.16865682724239,79.4588441848755,154.317764282227,34.4209588410562,164.086990356445,82.044068472726,115.753807067871,45.200662612915,0,0,0,208.771881103516,0,137.362579345703,0,58.0124846065746,0,48.8134221469655,0,0,0,0,0,114.144752502441,149.950180053711,0,0,0,0,40.7139861048484,91.7827780151367,84.9675163641209,0,0,0,80.6496185302734,0,0,118.41886138916
18.7424305779315,119.944696426392,107.296535963528,92.3765338452882,96.6325562738739,29.2778596707753,34.3895686840558,41.5085575748898,19.7350377744194,77.3609650998502,41.9760186931914,79.27507033451,87.2718627535064,81.7906630682567,9.56115531642115,57.1409461774324,128.955169677734,112.81837310164,128.12026838077,124.284086413585,95.4543070847215,90.7803465498255,86.8393928172977,96.2973308676827,84.6240272659687,93.8246532440185,121.266758065131,128.709770217032,82.5831388054472,24.9923250068985,56.4378801433274,111.879392351423,6.54214106256039,87.2576312783324,55.2310768382325,140.874636614764,157.945566813151,161.544761940285,108.131770854094,155.636868476868,0,166.813003540039,131.992792473465,149.391704265888,94.177372402615,150.144505818685,146.406845092773,0,178.869537353516,153.163981511043,0,133.433352152507,186.814426128681,0,218.861190795898,117.592751094273,166.664367675781,172.469863891602,174.313235473633,125.149426576568,0,186.004440307617,168.880726026452,133.903164612619,152.178074229847,150.935501098633,0,0,131.603205871582,165.666928100586
137.029300689697,103.867174933938,133.841978708903,85.9904376983643,61.3980902372486,22.8536560935092,16.2522284426523,72.4654478159818,26.7071058071136,19.1722592624999,64.6838398194649,174.779693603516,14.0624263354092,0,57.1409461774324,7.32589560785629,0,108.118385314941,176.740737915039,0,56.1836245501483,111.497886657715,68.2303065906871,103.767672220866,36.3295018695187,133.49055480957,139.001065063477,121.275309562683,68.0709750474849,97.5274904691256,82.6701278686523,0,35.7657767265074,89.347843170166,78.4424694606236,98.4953384399414,124.070175170898,0,0,90.6895853678385,0,0,0,138.889492034912,57.763277053833,120.930927276611,0,85.0504188537598,0,132.317367553711,64.9486465454102,157.217529296875,0,0,0,85.3473167419434,0,86.2705917358398,0,86.0073363262674,0,247.249847412109,152.371940612793,89.0575256347656,0,0,0,0,0,0
189.108825683594,70.6114456653595,85.1623306274414,40.4972182333207,0,0,0,90.8929481506348,197.381896972656,63.2431494394938,108.895290374756,116.533702850342,0,0,128.955169677734,0,12.6754761221787,106.915846391158,142.111059188843,111.623728434245,0,20.5303104162308,29.8480115006114,14.480591680442,30.86415281831,153.012710571289,94.7379584679237,24.5531066620118,30.2392285530537,122.49700012207,76.3809491599478,0,0,121.125427246094,72.8613330759901,118.909561157227,0,93.1157035827637,90.9527698516846,0,0,0,125.510036468506,0,74.5093383789062,122.384757995605,128.855987548828,0,0,0,0,92.7549169848779,146.988182067871,0,0,0,103.858424324825,51.7290405971663,88.0598616055255,109.99104145595,0,141.550043378557,91.0344557369457,105.362705230713,0,100.208576856341,0,0,93.1340866088867,95.5318010503595
89.5717501566506,46.0593572539749,37.0445398851534,52.6156214025537,142.798090616862,0,134.576472830265,107.479728479669,121.03555636309,108.99064095815,142.147590174819,53.8908294131871,170.235763549805,85.8105445861816,112.81837310164,108.118385314941,106.915846391158,7.80593305501344,62.4124114172799,21.8638225666853,177.235872541155,47.6921326217651,80.4234455467289,17.660045815255,121.006406060581,72.1199427894924,24.1364477814229,58.3048393281287,109.30236498828,90.5118044328599,66.921965378948,105.158576965332,164.749206542969,79.7075345583773,43.3994238003998,192.551666259766,78.6462134192972,91.4583790302277,81.8430422732705,0,0,0,176.266892866655,195.76628112793,126.45832824707,167.907528686523,129.52867380778,0,144.845085144043,165.597122192383,0,131.370568316916,92.9682654867367,163.365753173828,109.16797281901,169.796287536621,123.817319084616,96.5372037385639,105.303312431856,162.03925051008,95.7189407348633,90.8152790306518,92.887739150182,155.150368138363,173.200378417969,143.15142501028,141.932174682617,0,0,99.3297398502665
137.092729048295,61.4215547243754,99.407169342041,62.5512701825398,0,0,0,167.911265563965,126.323634727328,129.622943878174,163.378472222222,17.6036025086573,163.847663879395,38.4449877510608,128.12026838077,176.740737915039,142.111059188843,62.4124114172799,7.22927225504871,18.7351147058941,156.576593399048,104.779954310826,110.443471735174,100.329553876604,160.449558803013,43.2116162286085,31.798754103605,50.7934720125534,156.175857543945,97.3186360824207,116.794648049094,45.0569372934008,114.656593322754,105.076792110096,56.5197332450876,208.548690795898,118.016033935547,120.802146911621,82.46226978302,0,0,0,0,0,0,0,91.6955947875977,0,89.3819746289934,0,0,0,125.595135280064,98.5127480246804,108.80023765564,0,0,117.136787414551,148.237188720703,0,77.5361571502686,94.6995111725867,99.6880969139837,0,0,0,101.639691352844,0,0,99.6709734598796
112.148585938571,53.1559133587462,69.0682736007934,56.034995924796,176.221157073975,0,167.363244192941,142.091334236993,134.041096004088,128.17740712847,161.804386023319,27.1893228874671,164.925851995295,42.4229067209605,124.284086413585,0,111.623728434245,21.8638225666853,18.7351147058941,9.45037421719737,162.022958608774,73.0896871691552,98.083781465571,59.7220416716122,147.457698088426,44.013684110208,17.1054756908929,62.0878974159721,137.715168692849,98.076509056041,88.2973490260368,48.4692682089265,105.650482177734,97.8406787178733,42.3880633183204,176.237314860026,101.295200694691,111.80099884669,104.800111670243,0,0,0,176.091313680013,191.443321228027,187.348083496094,197.661102294922,125.337818569607,0,105.603509408456,0,0,149.399265289307,103.350385938372,100.061688741048,101.828922923018,0,155.28568485805,125.119099087185,128.429789055718,168.435234069824,89.7143688201904,90.543183833479,99.1654115521345,174.578035142687,0,151.881689961751,109.732436286079,0,182.940505981445,105.792338939982
99.8519081447435,186.000183105469,138.673082351685,63.9727763039725,12.1220137839594,126.374214172363,37.0433996622965,47.8365417457558,79.4262588942868,52.1524707219934,20.8892973338009,140.779632367586,15.3557796314685,155.567474365234,95.4543070847215,56.1836245501483,0,177.235872541155,156.576593399048,162.022958608774,9.08163177129853,0,113.159068516323,144.790367713341,15.6566831216816,148.417724609375,158.452541351318,163.097063479216,24.5997664973798,94.9492930251087,116.891850398137,149.004104614258,117.051798820496,106.809240068708,90.1907520869007,148.268714904785,0,188.906318664551,80.1865456899007,35.2797196215054,0,154.032144069672,136.499481836955,130.514906076285,81.1889176368713,134.556875367096,0,34.7960508465767,0,149.781947453817,161.668518066406,0,0,0,0,14.2286222869118,132.709854125977,128.908877563477,175.710525512695,96.5407255195475,0,0,213.373275756836,128.666146555255,170.800037384033,161.9345703125,0,0,126.698852539062,138.223297119141
79.3735658592648,91.867070711576,55.0457726067474,49.3344276461907,101.590934753418,0,109.390282948812,62.3211206681843,99.401917909321,85.0459230211046,83.9273870849609,94.3307234221814,131.975920359294,122.530418395996,90.7803465498255,111.497886657715,20.5303104162308,47.6921326217651,104.779954310826,73.0896871691552,0,11.3475004465623,47.5150864511739,22.8754006977546,39.7321344839339,91.0822296142578,91.5222061450665,60.8479848075669,24.9728295632619,72.2013651984079,27.119791561195,0,0,43.2789200230649,45.2582962877501,115.041609587493,0,110.363046918597,69.5912955457514,0,0,0,132.705729277238,0,88.5669275919596,126.560974121094,169.598922729492,0,177.47868347168,125.241504669189,0,99.0763904711339,137.658325888894,0,162.100806342231,0,104.439420103415,61.6209728021537,103.335778903117,108.173498139558,0,141.004116535187,123.215998987998,100.825187252962,119.324218301212,99.3118174426445,172.081832885742,0,98.4955146789551,109.688638787521
74.6877850712957,22.82523472269,41.0110334541365,36.0597132924068,69.9401671368143,0,105.303065776825,73.1783539560428,97.5995700441558,28.6412976904349,95.4276280721029,96.2763162306797,62.4369104558771,90.8133441625017,86.8393928172977,68.2303065906871,29.8480115006114,80.4234455467289,110.443471735174,98.083781465571,113.159068516323,47.5150864511739,8.04475827440669,45.2455443234235,31.0685888592299,72.2713252476284,86.2250246447186,34.3199610093746,47.5304868020349,64.9281858829637,49.7226818437555,115.32670211792,119.833221435547,47.9696782877747,59.9712238651153,111.414039611816,0,95.1408508845738,68.7750305029062,104.818730672201,0,0,104.034014188326,212.406219482422,65.249568939209,140.665924072266,140.97841389974,82.8182856241862,118.6512840271,107.15592956543,0,45.1286537082209,108.365121023996,0,133.010055541992,142.120227050781,64.3161910876893,21.7140679325376,54.3465004770943,100.883960110801,108.578536987305,102.182956695557,59.4894715889351,95.4340015568145,125.52320098877,79.5999416429169,126.076972961426,0,130.085662841797,68.6788260142009
79.0767421501484,77.7308776443069,20.5953830435359,48.0964903871699,104.778821309408,0,118.593852256661,68.5482917838463,104.046532397532,85.223360748291,94.9464084871354,83.0502065354912,148.930725097656,107.769795735677,96.2973308676827,103.767672220866,14.480591680442,17.660045815255,100.329553876604,59.7220416716122,144.790367713341,22.8754006977546,45.2455443234235,12.0684099500533,60.8692524280023,109.942974090576,58.6880700001221,37.0539363000226,39.5162931191423,86.3953647939012,49.9535432509966,123.399255752563,0,74.1714611837309,47.2146028255355,146.989295196533,86.2020068535438,83.6239794678986,80.0232150125847,182.179565429688,0,0,142.983445276188,162.65335337321,96.7257446289063,151.102463495164,155.30024210612,0,0,168.148828125,0,95.243219446763,105.75352938213,0,138.763076782227,0,98.5921738387754,57.7607278073772,92.7468491811817,126.494681797671,177.793975830078,130.974905700684,94.0723963394682,123.360427254844,145.776873906453,103.279380247328,0,0,124.775269317627,95.5190476345351
76.9094073254129,76.8297021102277,101.449967991222,41.4325067123094,20.6248558566182,63.1234512329102,73.4807175530328,55.7184403439762,72.8121735072298,24.5037892438566,53.3950008471235,135.422527567546,13.7589257095843,130.98500392748,84.6240272659687,36.3295018695187,30.86415281831,121.006406060581,160.449558803013,147.457698088426,15.6566831216816,39.7321344839339,31.0685888592299,60.8692524280023,11.131975951197,109.436298267261,125.367395134859,71.7985427536425,21.6951465724781,75.0343226309968,64.5224494152382,0,0,62.5001141482061,76.2686896334154,106.090322961111,133.913653564453,137.566143260283,58.8240985833611,98.871075724879,0,124.782297356184,97.7353619821701,115.893230322636,57.889335587838,115.782167642013,209.42458597819,91.7570786331639,150.613525390625,122.990056017896,125.907684326172,94.7559394836426,160.93115234375,0,194.872249603271,98.6697145959605,106.661195526123,79.9376974487305,121.033505665172,84.5567225398378,122.42073059082,171.542677198138,151.032411397298,99.4138888458376,120.10906775523,99.9501311182976,172.510635375977,0,107.606681646303,115.392669753273
140.404277801514,18.5949679732766,76.9334208170573,29.7323234965007,0,0,140.811103820801,133.733171463013,85.7952955494756,96.5054974383618,133.856986999512,31.398433497439,153.842708587646,17.5790961066928,93.8246532440185,133.49055480957,153.012710571289,72.1199427894924,43.2116162286085,44.013684110208,148.417724609375,91.0822296142578,72.2713252476284,109.942974090576,109.436298267261,7.04957867327454,35.1497241074818,20.5931422930053,134.58456548055,67.9549824107777,115.51742723253,37.759771782419,77.8434829711914,90.21875,43.0487589730157,164.807647705078,73.3004764059316,0,30.3601716964141,0,0,0,0,0,142.125102996826,0,53.2097364347808,0,51.1478705362327,0,0,0,77.8832035064697,72.6280978066581,71.5114002227783,0,181.766235351562,101.952728965066,0,176.886604309082,39.6579525441299,67.3480340109931,69.6173164974765,0,0,0,76.0746929402254,0,0,82.6289901733398
102.792296548684,36.0231266200194,23.9059032455517,39.9590319653722,147.343591213226,0,148.298021552268,116.540131333394,130.86384990377,112.605884445048,138.649914069716,23.1251188735619,154.411305060753,11.905922313725,121.266758065131,139.001065063477,94.7379584679237,24.1364477814229,31.798754103605,17.1054756908929,158.452541351318,91.5222061450665,86.2250246447186,58.6880700001221,125.367395134859,35.1497241074818,13.0685577503502,26.7717065577064,119.831099356374,104.978237046947,98.8048336119448,22.0059740166915,133.225794474284,101.697465754267,57.4346836882752,152.594284057617,83.4577872314453,90.1786119259965,67.8166735210116,0,0,0,183.266235351562,191.820748465402,181.642124176025,167.281865437826,94.2907102535932,0,83.725256331844,186.357172648112,0,133.901706271701,89.2294456555293,94.4555317560832,94.3393959389593,161.491226196289,117.281448813046,112.604319095612,107.164575825567,163.788083902995,73.6502703322166,80.4173988769014,85.9752286504418,174.452774574017,182.403350830078,138.74871619972,95.2488608266793,0,172.031997680664,89.827240405802
119.84158338237,30.9937432546154,30.0929414380942,37.6702907113726,113.556577582108,0,141.375763177872,104.099832469914,137.794753269716,95.9291880869726,128.780312538147,48.1118216764884,150.154795116848,20.7036990818102,128.709770217032,121.275309562683,24.5531066620118,58.3048393281287,50.7934720125534,62.0878974159721,163.097063479216,60.8479848075669,34.3199610093746,37.0539363000226,71.7985427536425,20.5931422930053,26.7717065577064,11.7361324719186,64.5982771304422,104.233532719693,105.943755833282,8.86526054102526,138.90743637085,109.435356632356,62.5856056320233,164.591363143921,73.7420584774582,82.7480624556246,71.2071328233123,164.28080368042,0,186.800283813477,147.27198158611,162.983049180773,126.399397850037,163.888958158947,79.7714036551628,182.219345092773,77.9130026394168,175.290109422472,0,91.9620550842936,88.6191130393415,92.672367743726,99.7628134583398,154.691036224365,110.752227083842,68.7955949820724,91.9456772126624,139.743421849197,63.9039678147861,84.2682977122537,88.1738570191017,136.233291241007,160.605800628662,127.185403198755,93.2328138200064,0,105.95543162028,94.6261080567818
71.1725538041857,107.464928817749,70.5806564501862,48.7322417312479,12.872777559334,0,64.3096261478198,26.3210219980811,79.6469318709363,45.6295557932583,32.9277373603287,128.318091828944,41.3233498994981,156.994293212891,82.5831388054472,68.0709750474849,30.2392285530537,109.30236498828,156.175857543945,137.715168692849,24.5997664973798,24.9728295632619,47.5304868020349,39.5162931191423,21.6951465724781,134.58456548055,119.831099356374,64.5982771304422,9.55533370158547,71.9747591161149,38.1653142924014,0,120.271179199219,51.8925803394438,63.8965717310849,107.729885664143,146.670513698033,134.973641749791,70.1492270873898,120.677618655291,0,145.568396332976,101.186900721715,125.158789345388,61.4322173005791,130.177387748178,199.529609680176,81.3563592372796,185.583953857422,127.604481014398,160.742914199829,96.6627166291587,148.945598983765,0,176.914630889893,105.038697426779,106.773515933028,82.2464281552798,123.863803642597,96.4344245137562,0,173.515779876709,139.739516518333,104.527175023847,119.218646719101,97.6885190872015,0,0,104.91420396169,122.188213729858
22.6075156064338,114.465230829575,108.366419704085,65.6688482858301,88.7608872166386,24.0193880222462,44.5394084608571,68.0681844069631,33.1622694117261,64.8755882137424,82.5132507833384,58.8303746988153,95.1828868022332,62.2621455626054,24.9923250068985,97.5274904691256,122.49700012207,90.5118044328599,97.3186360824207,98.076509056041,94.9492930251087,72.2013651984079,64.9281858829637,86.3953647939012,75.0343226309968,67.9549824107777,104.978237046947,104.233532719693,71.9747591161149,9.21801968095293,19.3673237594773,111.548729578654,7.31901253409502,12.8982084571796,27.5086478286075,128.995532620338,186.391311645508,137.474748399523,79.374075114727,143.095916748047,0,242.125946044922,123.256584616268,140.657402038574,72.6710970329516,138.501808166504,0,194.081634521484,107.884029388428,147.587427312678,0,139.517299107143,163.997197469076,0,159.374514261882,107.267987060547,121.276832580566,114.242794036865,147.957240364768,122.911272942265,94.3745269775391,136.572444458008,141.103778948103,118.658472237936,144.864134979248,104.415691473545,0,0,120.918062210083,127.442311604818
28.2773223137284,102.611298322678,80.0795440673828,52.1738960879375,102.423548126221,0,99.0240021377313,18.3766759497846,70.3505977104906,50.467270409883,69.7845680456895,99.8635000878192,130.803105248345,134.087986755371,56.4378801433274,82.6701278686523,76.3809491599478,66.921965378948,116.794648049094,88.2973490260368,116.891850398137,27.119791561195,49.7226818437555,49.9535432509966,64.5224494152382,115.51742723253,98.8048336119448,105.943755833282,38.1653142924014,19.3673237594773,9.52797740939923,139.191318511963,116.155448913574,42.1095991353194,43.635989047527,110.575830569212,119.280644734701,128.314488318659,62.8349217509364,145.181610107422,0,126.700012207031,105.020079324412,126.089258829753,63.8551249555362,148.990353175572,183.514378138951,0,0,124.553951808384,0,97.5653803745906,153.295732671564,0,182.161823817662,0,111.748077244435,75.9183832380507,129.060249759305,102.645096821731,0,152.216663136202,143.470279097557,100.919479624157,112.066497949454,99.292600476179,0,0,103.961665760387,122.882919311523
145.626285552979,45.0070495605469,61.9452781677246,55.9322462081909,0,0,216.411026000977,171.458366394043,113.771812438965,123.615148162842,0,30.7372145287596,179.463302612305,7.16865682724239,111.879392351423,0,0,105.158576965332,45.0569372934008,48.4692682089265,149.004104614258,0,115.32670211792,123.399255752563,0,37.759771782419,22.0059740166915,8.86526054102526,0,111.548729578654,139.191318511963,5.18111261568571,91.2675857543945,0,66.7705248696464,0,0,0,51.6272354125977,0,0,0,0,0,0,0,89.8238843282064,0,84.0612846657082,0,0,0,0,0,103.934623718262,0,0,138.45246887207,0,0,70.0098642621722,93.6648414874899,98.0676469930013,0,0,0,104.851776123047,0,0,134.254659016927
65.4660606384277,0,162.668319702148,109.606864929199,0,9.05672724608976,8.10689430770325,117.93231010437,8.04521944500027,91.261121114095,112.980811527797,62.7050266265869,105.470296859741,79.4588441848755,6.54214106256039,35.7657767265074,0,164.749206542969,114.656593322754,105.650482177734,117.051798820496,0,119.833221435547,0,0,77.8434829711914,133.225794474284,138.90743637085,120.271179199219,7.31901253409502,116.155448913574,91.2675857543945,3.97464230583609,0,25.5999811666983,235.741439819336,0,0,0,0,0,0,141.650970458984,0,0,0,0,0,0,0,0,0,0,0,0,0,0,0,0,0,0,0,117.493209838867,0,0,0,0,0,0,0
29.4356002560977,84.7553787231445,102.627566997822,51.7326373203545,80.5224702623155,0,105.476910517766,59.129274520373,99.7130720260296,55.6614334911381,77.4066888341364,97.0037113854645,77.3788096110026,154.317764282227,87.2576312783324,89.347843170166,121.125427246094,79.7075345583773,105.076792110096,97.8406787178733,106.809240068708,43.2789200230649,47.9696782877747,74.1714611837309,62.5001141482061,90.21875,101.697465754267,109.435356632356,51.8925803394438,12.8982084571796,42.1095991353194,0,0,8.31047921468004,46.2156834635869,104.196239471436,0,188.553237915039,68.4686310107891,0,0,0,103.83843536377,165.9404296875,62.1958708329634,150.649887084961,0,0,0,128.674324035645,0,112.088291168213,217.398406982422,0,158.691795349121,0,99.4554405212402,65.9190368652344,130.015803019206,99.0812491214637,0,137.60649617513,169.36279296875,104.420331999313,126.427248001099,93.7899408755095,0,0,136.598068237305,95.8404922485352
62.3336111315254,49.842531673411,54.4188444937126,55.6282265313128,87.455212138948,38.0674285888672,97.2908399128678,66.7711807162531,73.9751050776415,75.9504222869873,84.7995668300064,28.6986666035838,93.6744939203132,34.4209588410562,55.2310768382325,78.4424694606236,72.8613330759901,43.3994238003998,56.5197332450876,42.3880633183204,90.1907520869007,45.2582962877501,59.9712238651153,47.2146028255355,76.2686896334154,43.0487589730157,57.4346836882752,62.5856056320233,63.8965717310849,27.5086478286075,43.635989047527,66.7705248696464,25.5999811666983,46.2156834635869,12.1358634270921,122.412558555603,84.6471918279474,90.8726265589396,81.143382884838,174.178675333659,0,140.958480834961,123.712175705854,174.471510314941,85.8213165283203,145.903900146484,157.440689086914,0,89.1792002783881,147.84262738909,176.561248779297,109.947652725946,97.392818766429,119.374565124512,116.153484467537,86.6219253540039,114.247174987793,68.499780813853,103.451393524077,122.94294091427,101.753961450913,93.6174012290107,97.3377816857844,123.61415149004,167.501440048218,118.979449123806,113.465190887451,0,115.050668716431,105.737464211204
118.841594696045,0,164.444803237915,76.7034024556478,143.459471893311,0,159.61762491862,115.011881762788,141.053918921429,74.9917184738886,141.587287571119,0,114.602220153809,164.086990356445,140.874636614764,98.4953384399414,118.909561157227,192.551666259766,208.548690795898,176.237314860026,148.268714904785,115.041609587493,111.414039611816,146.989295196533,106.090322961111,164.807647705078,152.594284057617,164.591363143921,107.729885664143,128.995532620338,110.575830569212,0,235.741439819336,104.196239471436,122.412558555603,8.108595175738,115.871294888583,92.4876685931528,52.8599824757666,74.3522680329114,73.135856628418,54.246394856256,18.5260641025781,21.3430456304685,48.3433987356166,53.9596370610871,121.574706682478,62.0753970902453,131.077149047852,10.3890267516809,31.781226116678,57.8768551524092,91.853972735572,135.216955566406,113.978815696023,60.668114044956,70.111708976127,58.0025099140324,88.4553669794509,57.1735537943748,124.8204387318,105.638497401268,114.929561643672,58.7884830200672,13.337844033741,24.6439296586467,147.062252044678,0,30.8706008080875,50.5290655651952
0,75.1977355957031,59.3121205350778,41.5701791445414,147.217391967773,0,0,166.074066162109,157.437164306641,0,0,100.382544623481,0,82.044068472726,157.945566813151,124.070175170898,0,78.6462134192972,118.016033935547,101.295200694691,0,0,0,86.2020068535438,133.913653564453,73.3004764059316,83.4577872314453,73.7420584774582,146.670513698033,186.391311645508,119.280644734701,0,0,0,84.6471918279474,115.871294888583,5.89155526614077,31.5198118725878,14.3004249115485,0,0,0,118.429890025746,125.022852579753,67.5570508823838,99.339729309082,57.5712926528033,106.1904296875,51.8177513614778,123.337777455648,97.0389785766602,65.563736039765,44.594648627569,93.1441650390625,51.3582030920674,0,71.3201875397653,13.9573148307426,50.2666172989223,71.9535509435142,21.5694383129265,35.7866172686867,28.9590269469728,99.0585812038845,130.241918563843,91.9719677652631,65.1721792221069,0,91.685920715332,47.563193487238
138.75777943929,78.1910007701201,77.9171197108155,63.336909748259,237.805206298828,0,166.270004272461,147.289761781693,169.046109154111,96.2580833435059,178.636823654175,126.636643660696,0,115.753807067871,161.544761940285,0,93.1157035827637,91.4583790302277,120.802146911621,111.80099884669,188.906318664551,110.363046918597,95.1408508845738,83.6239794678986,137.566143260283,0,90.1786119259965,82.7480624556246,134.973641749791,137.474748399523,128.314488318659,0,0,188.553237915039,90.8726265589396,92.4876685931528,31.5198118725878,9.25260346920924,31.2989568318601,114.402055104574,0,123.159475962321,76.8753378960273,112.797127461088,89.194701561561,92.0776082600501,76.1132167469371,129.927213541667,113.001899719238,100.629660585652,91.7598495483398,64.6059130793032,22.1435927142257,119.324516296387,63.0224957673446,123.279167938232,47.733917592646,44.7779352498609,19.396298652882,87.1360585212708,76.3316345214844,15.3626131299868,20.1959723903008,55.4107249593247,113.093145511768,49.1956707535276,71.7953567504883,173.139663696289,101.822408788344,44.1844643621161
81.6391593933105,61.5398537772042,58.1958839792601,32.3665499219707,81.4221549987793,0,110.023099263509,75.8353559412855,100.161948457056,38.8486090208355,92.5212739944458,84.923922758836,53.3138378143311,45.200662612915,108.131770854094,0,90.9527698516846,81.8430422732705,82.46226978302,104.800111670243,80.1865456899007,69.5912955457514,68.7750305029062,80.0232150125847,58.8240985833611,30.3601716964141,67.8166735210116,71.2071328233123,70.1492270873898,79.374075114727,62.8349217509364,51.6272354125977,0,68.4686310107891,81.143382884838,52.8599824757666,14.3004249115485,31.2989568318601,33.2478947221316,52.966734572545,0,82.6159048275072,52.3658303990209,70.3519559869184,12.146971688038,75.303156437018,59.2215579436706,51.3629812827477,45.1202394317349,75.072827551649,44.4150701522827,44.896947376939,46.5028542737263,72.7242393493652,60.0036117650901,55.3260106909765,56.4602208348918,21.9294395063802,46.3719289751124,31.6486091147823,21.4226483686573,36.2737525474562,35.7638151530582,47.1135289206173,64.0440915842525,45.4724578617894,61.3186615535191,0,57.4021670923824,49.1160744756508
0,0,0,123.201461791992,38.7193387034463,0,137.815325927734,125.944804558387,138.333582878113,81.2932903010671,137.544943499717,0,61.4272130607219,0,155.636868476868,90.6895853678385,0,0,0,0,35.2797196215054,0,104.818730672201,182.179565429688,98.871075724879,0,0,164.28080368042,120.677618655291,143.095916748047,145.181610107422,0,0,0,174.178675333659,74.3522680329114,0,114.402055104574,52.966734572545,8.68828494781775,105.946510314941,57.9707096798319,54.7880943946119,84.7720556405874,49.7534617866789,23.4116336683016,0,17.7766527078955,0,76.2635104285346,67.9682692263989,89.9885139465332,0,0,0,13.1986350127691,0,64.1786321004232,100.974872589111,19.3882504440972,0,143.33198928833,118.089824358622,15.4879796423714,85.4265228865983,62.7054080963135,0,111.919128417969,78.3362297751687,78.5918076898634
0,0,0,0,0,0,0,0,0,0,0,0,0,0,0,0,0,0,0,0,0,0,0,0,0,0,0,0,0,0,0,0,0,0,0,73.135856628418,0,0,0,105.946510314941,6.64178462791885,30.6926537395335,108.570291519165,11.7216246422266,83.2409744262695,95.0475423476275,52.8187284469604,94.6911954879761,0,21.4372529965493,10.7640884479185,0,0,0,0,103.616953531901,0,0,0,114.730743408203,0,159.099746704102,0,95.7902984619141,18.5529278341117,0,0,8.94925252771022,0,31.7811215718587
0,0,0,106.675163269043,145.411665739837,0,157.312840779622,153.812562830308,156.600143432617,95.6701976231166,156.36151776995,0,127.65309270223,0,166.813003540039,0,0,0,0,0,154.032144069672,0,0,0,124.782297356184,0,0,186.800283813477,145.568396332976,242.125946044922,126.700012207031,0,0,0,140.958480834961,54.246394856256,0,123.159475962321,82.6159048275072,57.9707096798319,30.6926537395335,7.82251820685868,52.5841222570236,24.2100503170388,36.0964804956736,24.1700696097284,75.1743329366048,24.2836183366609,0,41.2657735071351,14.1559036051782,116.185806274414,128.095016479492,0,0,27.9249580799279,0,0,124.653657425282,56.4308006505171,0,140.037647336028,129.73888334936,50.9863800647969,50.6364974917731,92.8691272735596,0,39.6012346302309,89.6087504863739,64.4606575589431
