8.15399164502479,0,71.7977217637099,66.684644762675,67.4781519982123,68.8678150177002,43.9627891065399,28.3953069730783,36.0495708463089,56.1265764544087,36.376008550326,101.90096282959,57.1459325746048,0,9.86211316775326,42.0062191772461,60.8537963867187,108.810625712077,145.602279663086,0,69.6038302545962,44.4007156104372,69.2150721342667,44.1332934056559,61.1714727392903,0,99.6180482118026,97.6365712483724,41.1448284655749,12.6191472100304,21.6522184022728,0,77.2298448523697,24.5647240366255,54.9745967427238,134.879876030816,0,0,82.5168163299561,109.203147888184,165.318176269531,128.984954833984,123.542385325712,179.493281046549,95.1238549550374,174.506301879883,0,0,0,148.914895491167,0,0,0,0,0,0,197.620552062988,104.471108754476,161.69856262207,112.364152388139,0,0,0,116.040886369724,144.803023529053,126.471700032552,0,0,146.507174173991,146.849123084027
0,5.94149486369067,37.1893132434172,11.81375495409,0,0,112.938468933105,89.6891270687706,114.770118713379,59.9902073374966,94.5233993530273,59.8227993952085,0,52.0423291315798,0,0,67.4940571784973,51.3228180878827,68.8755172729492,59.6251860699022,0,83.889949798584,18.697124987402,70.511897923995,96.4935606149527,19.167370807663,43.4463664221505,28.8753146748747,94.5197303635733,110.529049682617,93.120726108551,56.6565338134766,98.9323501586914,95.3185531616211,57.3321680595626,0,0,95.5132730657404,49.2191712061564,0,0,0,108.753303527832,0,82.656867980957,0,115.917649586995,0,106.028060913086,127.798362731934,0,0,119.084944152832,137.548858642578,123.946228027344,0,0,104.051704406738,89.1281979878743,122.91221110026,0,110.353954133533,103.577313796334,0,0,0,153.025161743164,0,0,123.899322509766
71.7977217637099,37.1893132434172,10.168315426684,40.6420715393724,0,0,0,101.503079223633,111.667466481527,83.7591209411621,0,75.3134164577577,0,88.9642791748047,104.160949162075,0,63.0324246636752,26.5564453018563,85.1157218933105,69.562433782932,0,51.8192310180358,44.3430185572306,15.6942008175769,100.329927946392,90.7902533213298,18.7989657101845,22.3374503537057,60.5167729289261,78.159725744074,46.4917489156194,0,0,74.1621437072754,34.4847546287969,135.255015055339,74.2573165893555,88.510062380476,53.5039920043945,0,0,0,0,0,100.157859802246,0,123.792904853821,0,85.5082855224609,0,0,128.128269195557,101.121453857422,118.150677998861,126.796169916789,0,119.074868338449,69.5247088623047,96.0927370288704,128.356248855591,133.606046676636,95.1485698370286,93.1036499194885,145.90302335299,0,122.629006819292,0,0,151.715042114258,119.532114028931
66.684644762675,11.81375495409,40.6420715393724,16.4968474195493,66.5250767299107,0,89.2481681560648,53.0383554814936,84.3014950525193,14.7749986465271,74.9180758981144,51.5069366863796,64.4784259796143,42.2473662272993,83.5261210600535,35.6433247157506,50.4780365334281,52.9334422549032,52.4149316667436,67.1489958735237,99.7010261535645,51.5161190352984,12.1267937160231,42.2888133362548,42.0871866578477,43.5896178881327,42.8399804263279,37.8432866053766,46.8045139738351,62.4447973848299,53.1741525753618,47.8705756847675,130.602783203125,58.2971723383123,56.6856619228016,84.6747482299805,48.1559410095215,62.7411589803575,18.4555449594151,78.9035288492839,144.650131225586,95.2960357666016,77.7286222775777,118.432954152425,32.9311470407428,106.241288757324,67.6501770019531,134.567451477051,38.112123636099,93.2062586004084,0,70.5069477558136,92.8558514912923,131.922996520996,114.838549613953,159.327911376953,66.0769072408261,14.2039980106884,59.09249718096,65.8542659944958,97.1806735992432,97.6976593017578,70.495757039388,68.0451512291318,98.8726321629116,69.1559266420168,123.259574890137,0,92.876513671875,75.6060112662937
67.4781519982123,0,0,66.5250767299107,7.6324966721748,116.464050292969,56.5426254911653,30.9116030535084,64.5921948542962,51.3120680722323,24.2328904478663,0,21.1405617651023,0,89.0665654182434,68.179899597168,0,0,0,0,9.37619717926361,0,90.4292844136556,0,14.5141912520929,0,169.102066040039,0,13.2124787821825,66.4288821264962,68.670832824707,0,122.200968933105,60.6668788096944,73.2045841217041,0,0,0,110.544540405273,7.6269608574609,0,60.3615341186523,143.218933105469,0,129.127727508545,24.3985701474276,0,8.979092861044,0,0,0,0,0,0,0,26.7959800720215,0,0,0,37.5439971288045,0,0,0,17.61889889661,0,0,0,0,79.3384246826172,162.487670898438
68.8678150177002,0,0,0,116.464050292969,6.9931526479452,9.06553436710507,96.6131466456822,18.9095194446759,65.638845716204,88.9592230660575,64.5525548264787,100.488196902805,76.8139762878418,23.2591739630047,13.2213811064556,0,0,0,0,114.101397705078,0,0,106.803821563721,101.40206127632,78.7035064697266,96.0654983520508,108.697389602661,109.67274128307,24.7598223676959,95.6369247436523,0,10.2292211262911,53.8838798121402,31.560460471353,0,0,0,0,0,0,0,0,0,0,0,0,0,0,0,0,0,0,0,0,0,0,0,0,0,0,0,0,171.680618286133,0,0,0,0,0,0
43.9627891065399,112.938468933105,0,89.2481681560648,56.5426254911653,9.06553436710507,6.98236132423235,52.1637890144802,14.6150343062051,52.4254411406118,18.5716213174886,71.6443642545338,14.9047849380964,79.9299617767334,26.7743070627915,9.89449466971134,98.7134506225586,104.181045532227,105.138389587402,103.42414855957,38.9602537363447,0,95.0510705801157,96.2726669311523,51.1351159306423,90.1407623291016,114.677021373402,128.163305282593,58.1713636879802,34.3414010252166,81.1831288459973,0,21.8223125564117,38.3036684232337,36.5965087697824,172.533624649048,0,0,143.060657501221,63.2104339599609,0,203.091079711914,150.434158325195,208.765142822266,105.801008224487,0,0,46.0087253933861,0,187.540374755859,0,0,0,0,0,0,0,111.565952301025,0,142.678381347656,0,0,0,144.7526382778,171.490692138672,154.50098830003,0,0,176.196100870768,160.707557678223
28.3953069730783,89.6891270687706,101.503079223633,53.0383554814936,30.9116030535084,96.6131466456822,52.1637890144802,8.34959675011814,49.0984710554915,42.0356235386413,13.2957793868508,157.930633544922,40.4487413502158,0,13.6853580913361,60.7630197694986,66.5092650519477,0,0,0,34.6151388978393,65.771427154541,68.4131738117763,58.7529302679974,35.0556960629209,118.683685302734,106.244723510742,86.0263611231095,17.9110164543463,30.7713694074964,22.2978461973716,168.956359863281,103.370830535889,47.0063499730566,48.4208969039534,121.472660679971,118.543960571289,168.034828186035,70.063176030698,82.0859540303548,180.715377807617,158.818644205729,118.692124708644,161.811799185617,114.364190864563,140.772001647949,0,54.3410549163818,0,137.514375686646,134.469772338867,116.803672790527,0,0,0,143.390594482422,0,96.2106838226318,143.576686859131,112.236862806404,200.302139282227,169.224761962891,174.244247436523,108.578768209147,139.32689666748,120.596458435059,0,177.685317993164,137.716119619516,133.18726348877
36.0495708463089,114.770118713379,111.667466481527,84.3014950525193,64.5921948542962,18.9095194446759,14.6150343062051,49.0984710554915,8.2503921659636,72.1419506684328,22.682456993927,72.2955076521721,34.6351221779699,81.6589543024699,14.3902004046453,30.562341697252,98.0542724609375,0,101.042284965515,91.5069389343262,52.5664040487906,109.01299794515,93.5724612644741,96.4441182063176,64.8364298413224,96.0589116414388,114.731790330675,127.076811726888,66.7982899195327,32.0059311829681,75.7433279687232,109.358024597168,17.628707435481,40.9181154305336,42.7596828799061,163.261282602946,0,0,97.0342035293579,73.7226657867432,0,0,159.471728733608,239.381454467773,115.740474700928,0,135.562026977539,53.5232054392497,117.488262176514,196.030613490513,0,120.601173400879,0,0,0,0,0,133.027389526367,0,145.425224304199,0,0,0,143.963633551114,198.798269098455,159.155807495117,0,0,174.358535766602,164.648545159234
56.1265764544087,59.9902073374966,83.7591209411621,14.7749986465271,51.3120680722323,65.638845716204,52.4254411406118,42.0356235386413,72.1419506684328,7.37363256973336,48.3882957750613,134.0537109375,6.62141913107098,112.411483764648,81.7991189416849,10.3554376503983,53.2252060572306,130.636268615723,0,117.142280578613,44.7524711543863,55.5696594424364,19.0679817930224,63.1190476288667,20.4223273374293,80.9299942016602,100.113637288411,82.5707316807338,42.5544077000877,66.2103604432881,53.0158888872932,123.986020406087,104.892141977946,59.0866405189811,58.4751094818115,96.6001550425654,105.385414123535,100.049743652344,47.4929409393897,82.5227705637614,146.753143310547,151.319274902344,93.1562688615587,135.462042236328,51.1808217966332,101.716510772705,0,85.8946862220764,0,138.327849070231,136.34049987793,72.3359832763672,0,127.695251464844,0,0,0,63.7990820748465,154.616026306152,81.4478140258789,133.781425476074,0,155.19206237793,83.4801196058591,119.295847211565,94.2989189147949,0,0,102.278732299805,109.297290378147
36.376008550326,94.5233993530273,0,74.9180758981144,24.2328904478663,88.9592230660575,18.5716213174886,13.2957793868508,22.682456993927,48.3882957750613,8.02008723476547,110.746520996094,24.1125253607716,0,23.9894310937208,55.0030038392015,91.7435760498047,169.790740966797,0,0,20.0468991307441,87.0255584716797,98.9801330566406,78.39927927653,35.992753956091,0,0,123.84460067749,14.413418166752,69.8216303521014,60.4806598165761,0,99.3103225708008,60.1090532286554,69.0146755550219,161.855369567871,0,0,116.904200236003,39.8292792060158,0,0,137.132060750326,0,126.246585845947,0,0,31.1235468247358,0,169.867609659831,0,0,0,0,0,0,177.176055908203,90.6879577636719,0,132.287467507755,0,0,0,131.172724950881,167.088317871094,146.644996643066,0,0,0,158.205039284446
101.90096282959,59.8227993952085,75.3134164577577,51.5069366863796,0,64.5525548264787,71.6443642545338,157.930633544922,72.2955076521721,134.0537109375,110.746520996094,9.26020050316801,0,15.7981387946891,69.6282737787827,65.4195404052734,116.526000976562,55.7880738339526,12.8253709348086,18.9942678984118,0,99.8946481184526,97.2182803976125,87.7001255895361,137.465074157715,30.2085387556808,15.3154460741512,52.5425260676796,130.856894059615,53.5004767841763,102.291289265951,25.5391232553924,64.2921591225792,90.7646751403809,32.7951441786081,0,123.267395019531,127.986606852214,64.0195881236683,0,0,0,0,103.518852233887,0,0,72.1924210612447,0,65.2197192515276,0,0,0,123.146466936384,99.0135334713358,109.025132906639,0,165.589401245117,137.370025634766,152.527317047119,0,88.3739710587722,96.8415005738253,107.20241964431,170.676910400391,0,147.954498291016,91.3888372265318,0,0,116.3202923366
57.1459325746048,0,0,64.4784259796143,21.1405617651023,100.488196902805,14.9047849380964,40.4487413502158,34.6351221779699,6.62141913107098,24.1125253607716,0,7.55705575013293,0,69.610094318545,14.7407659589896,0,0,0,181.188415527344,11.8812418935237,0,70.3821430206299,0,17.4176833698862,0,0,139.411087036133,35.9191745780955,78.5763872818426,75.8771781921387,0,122.212832132975,66.87316470676,71.4935117868277,166.774298095703,0,0,87.0014419555664,9.98721113204956,0,0,147.426361083984,223.419143676758,72.0118204752604,0,0,9.50317177531265,0,0,0,0,0,0,0,0,0,0,0,114.312576293945,0,0,0,151.176129477365,166.261108398438,0,0,0,175.175163269043,0
0,52.0423291315798,88.9642791748047,42.2473662272993,0,76.8139762878418,79.9299617767334,0,81.6589543024699,112.411483764648,0,15.7981387946891,0,7.67567131277663,72.2096485561795,0,111.571044921875,81.0362014770508,46.3501932356093,74.9369945526123,0,151.954391479492,89.4101940652598,100.235376993815,131.228500366211,14.9142050142396,28.346597311868,21.0798679986178,180.686080932617,61.9443319865635,116.878982543945,14.1126134853844,74.485432434082,99.5518798828125,40.7088175083809,0,0,123.44987487793,55.2027458190918,0,0,0,0,0,0,0,67.833561949469,0,52.7690495115338,0,0,0,0,96.2734969289679,103.604507044742,0,0,182.979598999023,0,201.280303955078,55.1732410084118,95.6495896475656,106.607416739831,125.674369812012,0,0,93.980294581822,0,0,0
9.86211316775326,0,104.160949162075,83.5261210600535,89.0665654182434,23.2591739630047,26.7743070627915,13.6853580913361,14.3902004046453,81.7991189416849,23.9894310937208,69.6282737787827,69.610094318545,72.2096485561795,6.99944149654098,37.9497169237983,87.8985410417829,121.773971557617,94.7917098999023,95.5738067626953,86.1654800148897,74.3053249782986,96.1942769218894,72.1823483635397,78.0207886810637,85.7330453660753,105.734137217204,113.417956542969,65.8355148669688,14.6801329621889,15.767921194271,120.503856658936,16.7235368524119,26.8477226057325,38.0442027726242,159.176181248256,0,200.948135375977,107.612226104736,91.1137008666992,0,187.285865783691,151.440775190081,182.706059773763,112.093161265055,207.296813964844,110.879219055176,0,106.608325958252,168.992291768392,0,0,0,0,0,0,145.15071105957,116.672967529297,0,138.433015005929,0,0,0,139.868402662731,166.256141662598,151.180550208459,0,0,165.613293457031,167.811669243707
42.0062191772461,0,0,35.6433247157506,68.179899597168,13.2213811064556,9.89449466971134,60.7630197694986,30.562341697252,10.3554376503983,55.0030038392015,65.4195404052734,14.7407659589896,0,37.9497169237983,7.11323111523064,87.2869033813477,0,0,0,62.3039323961413,89.7743148803711,67.419308980306,101.725219726562,35.3602154343723,92.4927825927734,0,111.059944152832,69.0007659815535,36.8382083808051,87.0031723022461,0,44.125961467198,32.7055383283038,24.9810485216527,0,0,119.931991577148,91.1456146240234,0,0,0,0,0,67.0980275472005,0,0,0,0,0,0,0,0,0,0,0,0,0,0,79.5769386291504,0,0,0,134.09202448527,0,140.560722351074,0,0,0,189.929840087891
60.8537963867187,67.4940571784973,63.0324246636752,50.4780365334281,0,0,98.7134506225586,66.5092650519477,98.0542724609375,53.2252060572306,91.7435760498047,116.526000976562,0,111.571044921875,87.8985410417829,87.2869033813477,14.2844873055258,88.2900473104941,115.228797912598,116.746474583944,0,19.9722193821506,35.5591935453816,12.6729996541934,27.9205550898326,82.8736763000488,93.5773400393399,27.5106566720682,37.8318589031696,70.7791281427656,45.0210636807423,94.8185806274414,0,50.2511251767476,51.2321589300238,133.257811652289,0,127.564843314035,76.9962276590282,0,0,0,118.937786102295,165.481424967448,58.3053703308105,0,0,0,0,173.694152832031,0,108.032936096191,139.124504089355,0,163.11462020874,0,106.581700838529,69.7936004750869,122.379381815592,96.2260322570801,103.32347869873,145.858486175537,139.240592956543,106.864445201138,147.228424072266,109.371878652862,0,214.020416259766,131.216444015503,122.277483732804
108.810625712077,51.3228180878827,26.5564453018563,52.9334422549032,0,0,104.181045532227,0,0,130.636268615723,169.790740966797,55.7880738339526,0,81.0362014770508,121.773971557617,0,88.2900473104941,8.70158472775898,58.6152391161237,18.2015466280975,0,45.3219375762029,75.3919320242746,13.0761454375039,121.890706818679,79.3567171963778,16.5252716643646,53.1893383496768,99.8526382446289,22.729205762423,59.1338297042212,101.276123046875,97.131721496582,83.2472330729167,31.0618845510538,128.360061645508,63.7772035598755,100.734836744226,70.5391632783497,0,0,0,0,0,0,0,155.819149780273,0,166.38688659668,0,0,138.134104410807,114.497032165527,128.189798990885,132.822472466363,0,143.417249043783,118.619881629944,117.675127070001,154.066034952799,119.75582631429,108.978976347952,106.699235498338,145.087994384766,0,140.551310221354,0,0,0,137.322202301025
145.602279663086,68.8755172729492,85.1157218933105,52.4149316667436,0,0,105.138389587402,0,101.042284965515,0,0,12.8253709348086,0,46.3501932356093,94.7917098999023,0,115.228797912598,58.6152391161237,6.79408779825341,17.6237023550178,0,111.544692993164,109.070910453796,94.6687760882907,151.273732503255,42.417905218461,15.6306576953007,62.3179471486271,107.355400085449,80.7106505499946,107.550399457905,45.2826784678868,89.1228288922991,0,50.3112564189521,0,153.439674377441,134.663966587612,82.0118345780806,0,0,0,0,0,0,0,94.2760599427304,0,110.127290578989,0,0,0,121.660565853119,106.140043141891,110.523561492221,0,184.113967895508,0,149.939312744141,0,77.5448781063682,102.135039238703,113.353133519491,187.53857421875,0,156.23323059082,105.615267617362,0,0,130.09010106867
0,59.6251860699022,69.562433782932,67.1489958735237,0,0,103.42414855957,0,91.5069389343262,117.142280578613,0,18.9942678984118,181.188415527344,74.9369945526123,95.5738067626953,0,116.746474583944,18.2015466280975,17.6237023550178,9.17018141675229,0,70.853190257137,96.470571729872,39.9199030644066,135.265698115031,55.1267622955574,14.129806958428,61.6356418462318,107.645181274414,94.0216554495005,88.7151183784008,57.8362661997477,106.329439798991,118.072875976562,36.7132885876498,0,114.523777770996,113.576726749965,72.5628633619864,0,0,0,0,0,0,0,125.178931896503,0,118.858039855957,0,0,0,116.718038967678,126.453748876398,119.149877010248,0,143.803726196289,130.981266021729,149.956025695801,0,86.8790739150274,106.976570754216,111.344799511754,142.812763214111,145.457244873047,164.389716012137,127.006353378296,0,0,133.084721459283
69.6038302545962,0,0,99.7010261535645,9.37619717926361,114.101397705078,38.9602537363447,34.6151388978393,52.5664040487906,44.7524711543863,20.0468991307441,0,11.8812418935237,0,86.1654800148897,62.3039323961413,0,0,0,0,8.56069010501028,0,67.310920715332,0,15.3657823461882,0,0,0,22.9483018514696,78.7944489570513,98.9056396484375,0,126.122486114502,71.1386527345892,90.5125590733119,0,0,0,144.237335205078,5.91410283524057,0,0,0,0,0,0,0,8.93372784501357,0,0,0,0,0,0,0,0,0,133.104049682617,0,146.381271362305,0,0,0,159.653514862061,0,0,0,0,0,0
44.4007156104372,83.889949798584,51.8192310180358,51.5161190352984,0,0,0,65.771427154541,109.01299794515,55.5696594424364,87.0255584716797,99.8946481184526,0,151.954391479492,74.3053249782986,89.7743148803711,19.9722193821506,45.3219375762029,111.544692993164,70.853190257137,0,9.09100936907027,41.6128275033026,17.5144683959021,19.1669674795131,148.933799743652,87.7986732218307,54.5764271973423,16.2587765066378,28.0580442721049,20.0193034163326,0,103.716697692871,60.2654696484001,40.0669927436015,130.170136213303,156.206359863281,131.242370605469,66.2051335652669,0,176.018043518066,156.321314493815,129.585844421387,167.198213195801,78.1357383728027,166.376602172852,179.141899108887,0,0,148.168739318848,0,113.180931636265,0,0,174.432334899902,0,111.61006627764,70.4483921281223,116.596959795271,111.848230535334,192.808456420898,160.009162902832,145.065092468262,107.020724759954,148.074462890625,113.555372817176,0,0,120.701340415261,124.360751794309
69.2150721342667,18.697124987402,44.3430185572306,12.1267937160231,90.4292844136556,0,95.0510705801157,68.4131738117763,93.5724612644741,19.0679817930224,98.9801330566406,97.2182803976125,70.3821430206299,89.4101940652598,96.1942769218894,67.419308980306,35.5591935453816,75.3919320242746,109.070910453796,96.470571729872,67.310920715332,41.6128275033026,7.50887108622638,37.742576785081,16.216937622413,57.8157182943941,90.4802638371786,36.7467358817753,41.0467882502546,56.2772905019889,43.3310788592736,76.2820167541504,118.328193664551,49.5105501659333,49.8282103067221,92.2802624702454,0,87.9691702898811,24.4189995283104,97.9318046569824,165.573043823242,0,114.843562602997,137.486124038696,72.7126391074237,0,0,0,119.992652893066,142.810842514038,0,77.6156666278839,0,0,0,0,72.2484123852788,22.395496714887,71.0517433454406,78.6937870788574,0,142.479569753011,79.5911862850189,74.2830274602869,112.057280404227,78.3483589460265,0,149.745193481445,105.481319774281,89.1445639474051
44.1332934056559,70.511897923995,15.6942008175769,42.2888133362548,0,106.803821563721,96.2726669311523,58.7529302679974,96.4441182063176,63.1190476288667,78.39927927653,87.7001255895361,0,100.235376993815,72.1823483635397,101.725219726562,12.6729996541934,13.0761454375039,94.6687760882907,39.9199030644066,0,17.5144683959021,37.742576785081,10.3735543904998,39.1941339995621,119.88425881522,61.4374180758849,27.625172399629,17.8458162700563,12.7887912646628,34.3922553091302,0,110.431182861328,61.2183946390621,37.7914633046231,129.402834415436,65.7956790924072,107.4559729894,60.9175229363117,0,247.463043212891,0,131.253705342611,193.139785766602,114.645858764648,0,165.262748718262,0,90.0461959838867,142.781478881836,0,107.783164433071,136.819511413574,162.360961914062,156.696063995361,0,106.009864053236,58.4683080801187,101.027007539394,121.230770111084,0,135.696934563773,105.51876505605,102.19275408833,138.528520584106,105.824559292263,0,0,126.220759073893,113.905607873267
61.1714727392903,96.4935606149527,100.329927946392,42.0871866578477,14.5141912520929,101.40206127632,51.1351159306423,35.0556960629209,64.8364298413224,20.4223273374293,35.992753956091,137.465074157715,17.4176833698862,131.228500366211,78.0207886810637,35.3602154343723,27.9205550898326,121.890706818679,151.273732503255,135.265698115031,15.3657823461882,19.1669674795131,16.216937622413,39.1941339995621,9.75976366505769,123.051300048828,121.280641307002,74.402170996547,15.5500635774753,63.3783362518164,54.4026966420929,0,107.789660474989,54.660537095733,62.8431480465127,123.356139105719,123.261050415039,131.954383850098,66.3651184563164,109.953333775202,163.850120544434,150.253194173177,116.432039373061,158.030373164586,74.2229227338518,166.16967010498,184.548835754395,53.6251073564802,0,140.595407737876,187.717697143555,102.82365322113,0,225.5048828125,223.396560668945,0,124.27547454834,77.2377241200414,144.741964975993,102.809644048614,157.794189453125,172.835577646891,156.188746316092,104.596445896913,135.317224121094,113.51444485313,0,165.750743865967,122.474270290799,127.363922676344
0,19.167370807663,90.7902533213298,43.5896178881327,0,78.7035064697266,90.1407623291016,118.683685302734,96.0589116414388,80.9299942016602,0,30.2085387556808,0,14.9142050142396,85.7330453660753,92.4927825927734,82.8736763000488,79.3567171963778,42.417905218461,55.1267622955574,0,148.933799743652,57.8157182943941,119.88425881522,123.051300048828,6.81761316409872,34.3481552202451,25.8580664691213,119.050830841064,75.3228379567464,116.942581176758,37.6861359518928,82.1171974182129,0,60.8646657881949,0,126.503059387207,117.774883270264,68.5052813688914,0,0,0,0,0,101.561149597168,0,73.9015040608634,0,59.0452185544101,0,0,0,125.002107620239,99.1523452085607,108.238701897698,0,192.127250671387,0,139.977533976237,0,70.1104572841099,97.7114069620768,106.20524381155,185.823345184326,0,196.054580688477,94.8944729075712,0,0,146.978530883789
99.6180482118026,43.4463664221505,18.7989657101845,42.8399804263279,169.102066040039,96.0654983520508,114.677021373402,106.244723510742,114.731790330675,100.113637288411,0,15.3154460741512,0,28.346597311868,105.734137217204,0,93.5773400393399,16.5252716643646,15.6306576953007,14.129806958428,0,87.7986732218307,90.4802638371786,61.4374180758849,121.280641307002,34.3481552202451,10.715674038257,24.0357583901232,78.2299999493384,94.4507426115183,81.5573857227961,7.83193409178286,92.0913655598958,98.3836371681907,51.4184820775726,175.7353515625,95.4879826564415,95.6044809449675,58.1416983604431,0,0,0,0,181.18798828125,0,0,92.3628090391768,0,101.847499181354,173.470748901367,0,163.542488945855,104.568575417818,105.871725594125,106.675845102163,0,158.526155199323,152.832425798689,129.233164281021,148.977958679199,74.2228722190857,95.4102543825577,100.316143615723,154.051134321425,189.386154174805,159.724357996231,104.101783191457,0,142.677825927734,122.144146614886
97.6365712483724,28.8753146748747,22.3374503537057,37.8432866053766,0,108.697389602661,128.163305282593,86.0263611231095,127.076811726888,82.5707316807338,123.84460067749,52.5425260676796,139.411087036133,21.0798679986178,113.417956542969,111.059944152832,27.5106566720682,53.1893383496768,62.3179471486271,61.6356418462318,0,54.5764271973423,36.7467358817753,27.625172399629,74.402170996547,25.8580664691213,24.0357583901232,10.9699111148078,48.6548676137571,96.9068430348447,87.6031511806653,12.519892321866,108.946252610948,79.8302687952074,55.7770496847511,164.548974609375,93.6473529649817,90.5153585610269,56.3937403014212,0,0,0,159.488314819336,171.654780069987,98.0528778076172,0,105.648442300518,0,103.617079162598,197.29426574707,0,148.467046101888,106.267673242872,110.450075028582,108.447437039443,0,143.532565612793,71.6675574067351,102.110943754276,142.96944732666,66.6215146458791,96.3786967753622,97.939461377546,144.680986475061,168.092819213867,143.068710708618,111.617722829183,0,177.821940104167,122.805823064483
41.1448284655749,94.5197303635733,60.5167729289261,46.8045139738351,13.2124787821825,109.67274128307,58.1713636879802,17.9110164543463,66.7982899195327,42.5544077000877,14.413418166752,130.856894059615,35.9191745780955,180.686080932617,65.8355148669688,69.0007659815535,37.8318589031696,99.8526382446289,107.355400085449,107.645181274414,22.9483018514696,16.2587765066378,41.0467882502546,17.8458162700563,15.5500635774753,119.050830841064,78.2299999493384,48.6548676137571,8.53803046285414,48.8068179494373,34.4260524302254,0,112.010603904724,51.6573371574242,49.2759094692773,119.523840123957,113.611709594727,125.04776679145,64.7994018495083,61.346833208774,160.795758565267,152.89735921224,115.863450909188,153.888129197158,91.2999014760934,141.563101196289,161.859931945801,115.322291056315,0,147.120289897919,160.85856628418,96.6513183911641,0,222.302780151367,0,157.42170715332,103.746762055617,66.3425300861227,124.377747671945,107.307314239408,155.558662414551,166.75407409668,158.571698760986,104.928444544474,137.775759379069,110.777037170198,0,171.65666809082,117.128730100744,123.038835989052
12.6191472100304,110.529049682617,78.159725744074,62.4447973848299,66.4288821264962,24.7598223676959,34.3414010252166,30.7713694074964,32.0059311829681,66.2103604432881,69.8216303521014,53.5004767841763,78.5763872818426,61.9443319865635,14.6801329621889,36.8382083808051,70.7791281427656,22.729205762423,80.7106505499946,94.0216554495005,78.7944489570513,28.0580442721049,56.2772905019889,12.7887912646628,63.3783362518164,75.3228379567464,94.4507426115183,96.9068430348447,48.8068179494373,8.25450759978021,17.6585163204295,109.466442108154,14.0855356239392,14.8889763411866,22.8722607751876,135.297344823037,221.528915405273,150.33772277832,94.2738405863444,131.529546101888,170.751876831055,165.82204246521,133.613886469061,176.705879211426,101.213102835196,198.753214518229,123.448677062988,118.49821472168,89.9853744506836,168.087748391288,160.598709106445,114.48514175415,182.248748779297,0,0,0,128.651520729065,85.3996360191932,160.883389282227,117.903788020102,131.364044189453,161.859980265299,175.719604492188,121.120157048732,155.30218633016,125.655027849921,125.007774353027,203.32326965332,135.659635190611,136.932709532899
21.6522184022728,93.120726108551,46.4917489156194,53.1741525753618,68.670832824707,95.6369247436523,81.1831288459973,22.2978461973716,75.7433279687232,53.0158888872932,60.4806598165761,102.291289265951,75.8771781921387,116.878982543945,15.767921194271,87.0031723022461,45.0210636807423,59.1338297042212,107.550399457905,88.7151183784008,98.9056396484375,20.0193034163326,43.3310788592736,34.3922553091302,54.4026966420929,116.942581176758,81.5573857227961,87.6031511806653,34.4260524302254,17.6585163204295,8.78599202706635,0,105.731307983398,35.3536427057151,40.522863462432,125.642752495365,107.895469665527,144.731473286947,70.7215175858463,142.884811401367,165.417137145996,153.40592956543,126.955849724847,166.12302507673,97.394348526001,149.31810760498,0,131.288635253906,0,160.95015335083,154.548767089844,106.457693990072,157.267883300781,187.667785644531,185.585490635463,188.196746826172,112.100565592448,69.4369379369224,122.987083858914,103.992615544519,204.665557861328,172.512705802917,157.588288879395,108.735817792746,142.207509554349,114.098977620978,0,187.453659057617,123.884628295898,126.133826335878
0,56.6565338134766,0,47.8705756847675,0,0,0,168.956359863281,109.358024597168,123.986020406087,0,25.5391232553924,0,14.1126134853844,120.503856658936,0,94.8185806274414,101.276123046875,45.2826784678868,57.8362661997477,0,0,76.2820167541504,0,0,37.6861359518928,7.83193409178286,12.519892321866,0,109.466442108154,0,4.71425504152,0,0,67.6757188524519,0,0,0,63.5787925720215,0,0,0,0,0,0,0,94.7270022136409,0,107.019012451172,0,0,0,0,108.410739135742,114.345752716064,0,0,0,0,0,63.3780708312988,106.149454116821,122.337398529053,0,0,0,107.201567755805,0,0,0
77.2298448523697,98.9323501586914,0,130.602783203125,122.200968933105,10.2292211262911,21.8223125564117,103.370830535889,17.628707435481,104.892141977946,99.3103225708008,64.2921591225792,122.212832132975,74.485432434082,16.7235368524119,44.125961467198,0,97.131721496582,89.1228288922991,106.329439798991,126.122486114502,103.716697692871,118.328193664551,110.431182861328,107.789660474989,82.1171974182129,92.0913655598958,108.946252610948,112.010603904724,14.0855356239392,105.731307983398,0,5.52596515546525,61.4778072039286,35.3702578911414,196.098724365234,0,0,0,0,0,0,210.171630859375,0,0,0,0,0,0,0,0,0,0,0,0,0,0,0,0,191.37873840332,0,0,169.149154663086,179.96342976888,0,0,0,0,0,0
24.5647240366255,95.3185531616211,74.1621437072754,58.2971723383123,60.6668788096944,53.8838798121402,38.3036684232337,47.0063499730566,40.9181154305336,59.0866405189811,60.1090532286554,90.7646751403809,66.87316470676,99.5518798828125,26.8477226057325,32.7055383283038,50.2511251767476,83.2472330729167,0,118.072875976562,71.1386527345892,60.2654696484001,49.5105501659333,61.2183946390621,54.660537095733,0,98.3836371681907,79.8302687952074,51.6573371574242,14.8889763411866,35.3536427057151,0,61.4778072039286,6.30113483355654,16.0614067564584,133.471905008952,0,130.349685668945,77.3542412205746,124.895418802897,185.731548309326,167.461536952427,132.037694386074,177.612877585671,92.3694129356971,162.555549621582,0,116.182746887207,0,162.533238220215,0,110.730299949646,0,0,0,0,111.949633789063,77.1438541006535,145.089376831055,114.46214221275,0,0,184.000305175781,118.455126432939,147.621745182918,123.523485147728,0,192.017295837402,135.541395568848,133.484371278344
54.9745967427238,57.3321680595626,34.4847546287969,56.6856619228016,73.2045841217041,31.560460471353,36.5965087697824,48.4208969039534,42.7596828799061,58.4751094818115,69.0146755550219,32.7951441786081,71.4935117868277,40.7088175083809,38.0442027726242,24.9810485216527,51.2321589300238,31.0618845510538,50.3112564189521,36.7132885876498,90.5125590733119,40.0669927436015,49.8282103067221,37.7914633046231,62.8431480465127,60.8646657881949,51.4184820775726,55.7770496847511,49.2759094692773,22.8722607751876,40.522863462432,67.6757188524519,35.3702578911414,16.0614067564584,10.3496902671991,129.373429616292,93.6111590067546,104.209871222756,69.6470536189293,0,180.64192199707,163.566360473633,129.517556084527,166.575922648112,73.2839942932129,160.874290466309,110.577207150667,0,71.9262214660644,158.065831502279,0,111.739393234253,131.125709109836,144.80198764801,138.183673045674,0,116.01481997172,71.4402009116279,120.687358442559,125.885793245756,111.173094177246,121.074787064354,116.196461098535,112.735927954964,142.02508392334,118.296288458856,134.8605372111,0,144.291398790148,130.128160588882
134.879876030816,0,135.255015055339,84.6747482299805,0,0,172.533624649048,121.472660679971,163.261282602946,96.6001550425654,161.855369567871,0,166.774298095703,0,159.176181248256,0,133.257811652289,128.360061645508,0,0,0,130.170136213303,92.2802624702454,129.402834415436,123.356139105719,0,175.7353515625,164.548974609375,119.523840123957,135.297344823037,125.642752495365,0,196.098724365234,133.471905008952,129.373429616292,6.76617635815866,119.547664642334,88.3824157714844,63.1483311815327,61.4248688327279,59.2575296783447,38.2500417246295,27.0510110548026,30.7034192318649,60.3468044748846,54.1067783255982,116.647718282846,69.4556506889454,124.456657409668,8.83477427608587,37.7127994537354,53.9146041239589,101.507722707895,130.686855316162,116.617409015524,67.5756493272453,68.2852658544268,60.4216882396677,81.6388889494396,52.8545541261372,120.961280822754,112.705649614334,115.314853668213,43.8437492512347,11.0118522701342,18.428091790686,0,69.6129065293532,13.495947616965,45.8584975294165
0,0,74.2573165893555,48.1559410095215,0,0,0,118.543960571289,0,105.385414123535,0,123.267395019531,0,0,0,0,0,63.7772035598755,153.439674377441,114.523777770996,0,156.206359863281,0,65.7956790924072,123.261050415039,126.503059387207,95.4879826564415,93.6473529649817,113.611709594727,221.528915405273,107.895469665527,0,0,0,93.6111590067546,119.547664642334,7.00450987682855,35.2389294664115,14.5160386075324,85.7595291137695,0,0,103.363731384277,0,60.1147873696316,0,72.9886599779129,0,72.8262438092913,0,0,64.8369339102566,55.1232059199636,78.7677944728306,60.5222801540209,0,82.0171587807792,14.4144906373876,62.2319759539704,63.68964987686,19.7521277713651,42.6464901908239,30.2216402831522,97.3558401810495,74.837028503418,99.3346495628357,60.7872479756673,0,0,72.9655238560268
0,95.5132730657404,88.510062380476,62.7411589803575,0,0,0,168.034828186035,0,100.049743652344,0,127.986606852214,0,123.44987487793,200.948135375977,119.931991577148,127.564843314035,100.734836744226,134.663966587612,113.576726749965,0,131.242370605469,87.9691702898811,107.4559729894,131.954383850098,117.774883270264,95.6044809449675,90.5153585610269,125.04776679145,150.33772277832,144.731473286947,0,0,130.349685668945,104.209871222756,88.3824157714844,35.2389294664115,9.94425335067422,39.2052682833821,0,131.344314575195,149.566253662109,71.0536956787109,88.1781921386719,93.5795249938965,129.063140869141,73.2576868118778,146.145202636719,86.0387229919434,141.409240722656,0,79.7748126116666,43.2903636772008,74.094934983687,56.3650312958649,0,56.1241133635181,35.158340285096,23.0729802639482,89.1030248369489,94.8420176188151,15.7699763316782,19.157203319027,68.6853275679907,96.6081876754761,73.3090527927174,95.990837097168,118.623281478882,88.2334060668945,52.6147231640421
82.5168163299561,49.2191712061564,53.5039920043945,18.4555449594151,110.544540405273,0,143.060657501221,70.063176030698,97.0342035293579,47.4929409393897,116.904200236003,64.0195881236683,87.0014419555664,55.2027458190918,107.612226104736,91.1456146240234,76.9962276590282,70.5391632783497,82.0118345780806,72.5628633619864,144.237335205078,66.2051335652669,24.4189995283104,60.9175229363117,66.3651184563164,68.5052813688914,58.1416983604431,56.3937403014212,64.7994018495083,94.2738405863444,70.7215175858463,63.5787925720215,0,77.3542412205746,69.6470536189293,63.1483311815327,14.5160386075324,39.2052682833821,17.6766688210405,51.5904248336266,108.500909805298,87.0398162841797,57.7900403512491,93.7579333467304,10.903871912278,82.3788478685462,32.9016585453979,40.0793962478638,31.0186995918185,86.2370433229389,47.8861397107442,60.433633102417,55.536070363723,79.2776590235093,62.8676323639719,70.3492520650228,53.2896774270561,16.7311406009686,48.2633901153186,40.1045459710762,14.4006287685255,41.8772923201535,39.7514626409735,47.3469544605617,77.404274843177,53.3537607998318,46.1501154442356,117.092501322428,62.3067125840621,65.360309758262
109.203147888184,0,0,78.9035288492839,7.6269608574609,0,63.2104339599609,82.0859540303548,73.7226657867432,82.5227705637614,39.8292792060158,0,9.98721113204956,0,91.1137008666992,0,0,0,0,0,5.91410283524057,0,97.9318046569824,0,109.953333775202,0,0,0,61.346833208774,131.529546101888,142.884811401367,0,0,124.895418802897,0,61.4248688327279,85.7595291137695,0,51.5904248336266,8.38279752540035,113.512957255046,43.390719439025,41.9339848099762,73.3002087187372,25.2836881260295,17.1327049731484,130.606769561768,16.7043720470635,0,83.4148013591766,49.828466574351,109.107627868652,0,0,0,8.70551978978388,121.538465499878,101.208515930176,108.311700820923,15.1608695724864,0,0,0,11.4732442279423,77.1349369787401,52.7590667406718,0,130.542829241071,62.9703785589886,68.5582026394931
165.318176269531,0,0,144.650131225586,0,0,0,180.715377807617,0,146.753143310547,0,0,0,0,0,0,0,0,0,0,0,176.018043518066,165.573043823242,247.463043212891,163.850120544434,0,0,0,160.795758565267,170.751876831055,165.417137145996,0,0,185.731548309326,180.64192199707,59.2575296783447,0,131.344314575195,108.500909805298,113.512957255046,6.95648986230739,8.36275796218839,81.0279483533885,14.9252263094825,111.265955607096,95.5575733508094,62.657177734375,111.74022762592,74.540283203125,33.3143465354315,12.7412892908308,102.892219543457,72.0702438354492,86.250602722168,97.2879257202148,117.41797765096,98.8017578125,99.638747215271,97.4633763631185,94.697685470581,69.3236083984375,95.6105499267578,0,105.73919804891,26.6478213539606,98.8271865844727,115.248054504395,13.0232938561991,64.6902643839518,35.3858976485881
128.984954833984,0,0,95.2960357666016,60.3615341186523,0,203.091079711914,158.818644205729,0,151.319274902344,0,0,0,0,187.285865783691,0,0,0,0,0,0,156.321314493815,0,0,150.253194173177,0,0,0,152.89735921224,165.82204246521,153.40592956543,0,0,167.461536952427,163.566360473633,38.2500417246295,0,149.566253662109,87.0398162841797,43.390719439025,8.36275796218839,6.73303205498859,39.9624878849782,17.7825476407899,59.6515922281477,17.685513148789,69.6217398265051,15.2293093577838,0,35.0232795945783,9.4219250362619,86.2087249755859,0,135.059875488281,91.5132217407227,31.0236423922837,128.624486287435,86.9573748270671,111.925275166829,43.2986215850217,0,0,142.800262451172,46.9963118909585,41.2775010429963,112.210945892334,0,33.057487250802,88.3675972723192,52.2114844246516
123.542385325712,108.753303527832,0,77.7286222775777,143.218933105469,0,150.434158325195,118.692124708644,159.471728733608,93.1562688615587,137.132060750326,0,147.426361083984,0,151.440775190081,0,118.937786102295,0,0,0,0,129.585844421387,114.843562602997,131.253705342611,116.432039373061,0,0,159.488314819336,115.863450909188,133.613886469061,126.955849724847,0,210.171630859375,132.037694386074,129.517556084527,27.0510110548026,103.363731384277,71.0536956787109,57.7900403512491,41.9339848099762,81.0279483533885,39.9624878849782,9.02956441242401,43.8134983328034,53.3015271015656,8.9420485875803,120.766875743866,42.4603231107517,0,13.1709587698555,44.6693895101547,56.6461757536857,149.194290161133,146.23393758138,134.073948330349,43.8712969345029,65.2580152658316,61.5803506416187,96.0838989257813,34.8893158308545,165.619918823242,117.611077158075,130.466627938407,17.6048638001575,37.5921085363487,12.610769132818,0,91.0448671228745,45.5525290359559,59.6163554208089
179.493281046549,0,0,118.432954152425,0,0,208.765142822266,161.811799185617,239.381454467773,135.462042236328,0,103.518852233887,223.419143676758,0,182.706059773763,0,165.481424967448,0,0,0,0,167.198213195801,137.486124038696,193.139785766602,158.030373164586,0,181.18798828125,171.654780069987,153.888129197158,176.705879211426,166.12302507673,0,0,177.612877585671,166.575922648112,30.7034192318649,0,88.1781921386719,93.7579333467304,73.3002087187372,14.9252263094825,17.7825476407899,43.8134983328034,10.6469836905426,89.706706015269,27.9645355028371,68.650448391695,45.4436155193108,71.8422657893254,16.36567251579,21.3387794048855,91.0902287960052,113.723876953125,101.163105555943,102.417366027832,63.2572490001412,125.442141941616,94.325421333313,110.234575271606,71.4465311466962,88.2198588053385,113.915059661865,122.735255940755,70.8698329004113,28.9425231958016,86.4378532127098,144.09056854248,18.4794165582838,61.0737052697402,42.1192331271772
