7.36236312200002,0,75.2111138114094,70.5450300736861,65.0826989376184,68.7053551991781,40.9809523433761,35.1727810642335,32.1959770522501,61.5299315957462,47.2757114995505,108.80176633947,51.9396643084149,0,13.0101700936127,46.730788787206,71.0925919214884,102.452652426327,121.629989624023,138.028986612956,66.3184975333836,57.6810735619586,63.8790454864502,49.7972450601569,61.7044403746888,0,94.7553153887187,105.020577965713,42.2246769256948,14.0840030905629,20.5739828520216,0,80.3584326666755,35.6009323332045,68.2912748669266,133.84171295166,0,158.495681762695,102.898373413086,116.809432983398,199.782691955566,0,123.839652709961,165.357511247907,88.1469879150391,158.450965881348,0,0,0,176.980155944824,0,137.777046203613,0,0,0,0,0,0,0,121.007815043132,0,183.462783813477,221.809875488281,128.307197917591,170.007949829102,130.841888876522,0,196.441131591797,142.038754272461,155.761853027344
0,5.7186818706528,37.3615762315947,7.82048279542326,0,102.862930297852,0,81.9659805297852,128.442527770996,43.7954228375409,0,58.7189010334015,0,55.476993429068,121.19386100769,0,58.6754089991252,51.8942482063362,65.6498871803284,66.7328442072464,0,75.9174618721008,18.0304867131275,61.6751669929141,75.8018101283482,20.371645223737,50.8489258351533,29.6294235739993,75.1145987510681,106.135950261896,92.9945627848307,66.648839731132,105.770217895508,107.619998931885,66.3036507021996,0,16.4869249888829,59.8100854304799,19.7128002868508,0,0,0,0,0,0,0,104.839408874512,0,94.7021942138672,0,0,0,63.8889484405518,115.290313720703,106.56805267334,0,0,115.783088684082,75.4335141863142,121.120933532715,0,76.5077467222471,65.3039638519287,134.559646606445,0,0,0,0,0,83.1348037719727
75.2111138114094,37.3615762315947,10.5605825578799,38.3908635832423,0,0,0,99.4039115905762,103.813608551025,103.995091756185,0,73.4513859403306,0,91.2360229492188,97.2165273030599,0,66.9087477463942,31.1058905614241,86.8414028712681,73.2355903526405,0,66.5612183234952,44.3404661269415,18.1835126906668,90.1590886116028,105.928565979004,19.5732702032767,24.2384580898741,67.0406321752639,79.5987657970852,52.3489723575599,0,88.4280090332031,81.0336666107178,40.8496709098331,0,52.5381522708469,88.4122282083513,58.3266753486965,0,0,150.247344970703,0,0,100.205135345459,0,0,0,0,0,0,125.312606048584,106.680551034433,0,152.295720418294,0,125.234264173006,95.5043511390686,95.1466598104923,129.160374034535,0,99.7792601267497,94.1890464975864,138.139007568359,152.958557128906,132.187255859375,0,0,0,113.151120503743
70.5450300736861,7.82048279542326,38.3908635832423,12.3165858428587,72.335334777832,0,90.9238777160645,50.3475083245171,93.7327307424238,10.8320285568423,87.1668634829314,66.8398711655166,63.1226696741013,56.5776907700759,90.5296431321364,44.1616727284023,48.1124644621139,59.9876364342417,78.7799625396729,71.4615666898963,67.1840503692627,51.9702489893735,9.88459018377025,47.1504810021358,36.9869058261007,15.5270984380433,49.741634987496,36.9256335016989,44.9572767058966,64.6895971065614,55.467486013685,65.9772849449745,0,57.8097437078303,63.8505527616123,84.1222148895264,88.7275354597304,52.3224517167217,19.5646671081076,118.635524749756,119.636341094971,103.46203994751,70.201174270275,110.473976381363,38.1051193807543,84.1104948255751,99.4042438707854,96.1603729248047,59.3000204903739,104.61504152086,69.7190081278483,64.7375787734985,86.9479593797164,145.708408355713,116.666239811824,128.385055541992,66.7514051346094,24.8692912137733,61.3793435156098,55.8980108416047,100.960594177246,75.2429894916082,60.7339454700528,59.7439114210113,94.3058406284877,62.8895973379876,143.163940429688,143.241008758545,70.9599902629852,71.7146632811602
65.0826989376184,0,0,72.335334777832,7.81949334974767,115.61452293396,53.8765045718456,35.9135490375407,66.3534340511969,51.5622305733817,25.4915884785188,147.483576456706,18.6362092722668,0,87.6419572070637,72.475460597447,99.3137741088867,0,0,0,9.09631545233982,0,91.1199798583984,0,14.1689766582016,0,0,0,12.6262201619633,67.9671275959265,134.084228515625,0,118.01976776123,64.3240689533513,114.969481574164,0,0,0,67.3924865722656,6.24745703402263,0,55.7195816040039,157.73706817627,98.2019195556641,0,0,0,0,0,143.885040283203,0,0,0,0,0,24.086124420166,0,0,0,51.0336481730143,0,0,0,11.6153934145796,0,0,0,0,0,0
68.7053551991781,102.862930297852,0,0,115.61452293396,7.44185468683278,8.18312693162871,87.0376920700073,17.3241546881699,105.074251174927,87.6356582641602,60.4820775401836,99.8650455474854,79.2233306884766,24.3296750102724,13.8912270450819,0,102.379974365234,105.428215026855,0,132.009803771973,0,142.742736816406,109.816654968262,107.691641587477,98.9128112792969,103.719034830729,103.973719278971,113.75016784668,25.0786674860919,95.0559921264648,93.8196716308594,10.1449151902011,54.298790324818,32.4322259869492,0,0,0,0,0,0,0,0,0,0,0,0,0,0,0,0,0,0,0,0,0,0,136.021789550781,0,0,0,0,0,0,0,200.383285522461,0,0,0,0
40.9809523433761,0,0,90.9238777160645,53.8765045718456,8.18312693162871,6.9612277800663,49.0065333989524,16.8427788305005,64.9651150124095,16.029121419972,70.5010071121344,14.8382222175626,72.909600575765,28.4059859434361,9.21711244507056,98.3402069091797,0,102.266300201416,106.787929534912,36.2211935690726,102.70338567098,92.2614970960115,95.0252634684245,43.4005887759849,86.9714241027832,106.912033081055,124.284713745117,57.9579815095174,33.317635217523,81.7223685479933,97.8645477294922,25.7114706213223,38.4057961184569,37.4321637032293,177.180063883464,0,0,90.9875869750977,72.6746406555176,0,0,137.44731648763,207.120664596558,169.224060058594,177.509719848633,0,226.039337158203,0,225.349807739258,0,0,0,0,0,0,197.571907043457,147.784240722656,0,142.60615123402,0,0,181.106689453125,156.576168940617,188.32421875,153.989038085937,0,0,0,189.241317749023
35.1727810642335,81.9659805297852,99.4039115905762,50.3475083245171,35.9135490375407,87.0376920700073,49.0065333989524,8.61268302414718,47.3497212877578,43.4962995759372,14.2006855998847,122.1499871148,41.5064350097193,148.518112182617,20.299812826932,56.6568693628117,73.2075158632719,121.5080909729,135.739044189453,0,40.4742797786083,72.5189700493446,75.0419044494629,86.3692875775424,35.8120647467232,0,107.97689743042,90.5713733520508,19.6754456794246,33.8106908135228,18.55040563485,150.993927001953,101.640118767233,43.8701927326856,68.1637841018976,121.450252826397,0,158.248092651367,80.6410755830653,101.337154933384,0,150.885197957357,108.06559753418,152.741781180246,85.2053048652515,124.500212192535,210.023086547852,87.6603851318359,0,158.033432145552,0,178.688232421875,205.862411499023,0,0,143.831344604492,125.616451263428,120.664318378155,188.510955810547,100.942273372475,0,0,169.542465209961,109.205467326943,150.590501885665,114.208302179972,0,177.46147664388,130.180753881281,137.414593663709
32.1959770522501,128.442527770996,103.813608551025,93.7327307424238,66.3534340511969,17.3241546881699,16.8427788305005,47.3497212877578,9.0554227966647,79.8707213364248,19.2474020691141,69.5194888833451,41.58574236703,83.5839221477509,14.4043199743929,31.5919127651425,104.945110321045,169.643909454346,96.7067775726318,96.911376953125,53.4412097263407,122.032506440815,99.4174166740255,92.910160609654,66.26970084539,97.4629262288411,118.537554877145,132.922531604767,66.3044185358369,32.7775071717389,76.1742188104308,116.349325180054,18.2729246102467,42.0624750647746,40.1832429741154,160.985984802246,0,173.361419677734,118.032946268717,88.6896057128906,0,0,161.294246673584,185.139180501302,142.223658243815,174.889957972935,0,187.405197143555,0,213.205274309431,0,189.274368286133,0,0,0,0,170.410102844238,137.912367502848,0,155.349317932129,0,0,0,153.563731539077,180.731381225586,163.129275778066,0,211.223266601562,165.27884250217,152.939257303874
61.5299315957462,43.7954228375409,103.995091756185,10.8320285568423,51.5622305733817,105.074251174927,64.9651150124095,43.4962995759372,79.8707213364248,7.99852780987693,59.7154289299334,103.971558707101,7.87426280877911,107.566788306603,82.7984108053228,18.2450625608509,55.3132594181941,0,0,111.322113037109,20.8982722216015,58.3271791209345,11.7965030581754,68.1729073157677,19.0527657212441,84.4899728563097,108.508242520419,88.2046214883978,40.7461591325216,63.1447228803321,54.6343042010353,123.970739576552,116.487602233887,56.7739330193935,68.1352925235278,80.7774627685547,86.1207885742188,86.226131439209,23.2833841274946,100.053787231445,0,112.508224487305,81.1517869858515,135.174073028564,33.3457540130615,107.495025634766,171.686294555664,0,0,116.752187645954,111.505531311035,111.946662902832,0,0,0,116.099967956543,98.9188194274902,58.6966330210368,104.721448262533,68.1770876260628,142.813430786133,0,71.2771759033203,76.8613170567404,106.22034962972,78.3920649921193,0,132.507316589355,82.0650329589844,86.6369677456942
47.2757114995505,0,0,87.1668634829314,25.4915884785188,87.6356582641602,16.029121419972,14.2006855998847,19.2474020691141,59.7154289299334,7.77781286032973,128.35424041748,19.8113031646873,0,52.4498125569669,58.120068254142,94.4668350219727,0,0,0,21.0197007994106,115.170397440592,111.756565517849,100.177879333496,36.4138834007451,0,0,130.73264058431,11.5667100215875,78.5937700972389,89.2256100972493,0,112.514432271322,70.7877720029731,90.6474848527175,164.919364929199,0,0,0,35.8962978786892,0,186.913841247559,146.045532226562,0,200.555328369141,159.496505737305,0,0,0,187.579437255859,0,0,0,0,0,0,0,0,0,128.004084587097,0,0,166.449737548828,144.668449401855,160.303344726562,156.079027811686,0,0,156.244052886963,0
108.80176633947,58.7189010334015,73.4513859403306,66.8398711655166,147.483576456706,60.4820775401836,70.5010071121344,122.1499871148,69.5194888833451,103.971558707101,128.35424041748,9.23220937131352,0,15.9893957830768,68.13848692371,87.8545036315918,105.079642295837,54.0221036978103,13.3207850178481,20.6159465205754,126.975788116455,116.719488697667,92.7378966176612,81.7275667190552,137.011967086792,26.388171263794,16.3257723390853,55.1727315676571,120.49105610567,56.1464521442345,111.24030468915,25.956326844255,63.7736465793186,76.109873453776,28.6125142480182,0,120.040619850159,137.528540547689,77.2212553891269,0,0,0,0,0,143.89884185791,0,71.1453741618565,0,62.3548699744842,0,0,0,122.152239285983,97.0115850697393,105.886402188815,0,176.046722412109,172.309593200684,135.96397857666,0,106.963997927579,105.599966616244,111.965663208359,185.442896525065,0,153.158012390137,95.0287442329602,0,0,142.779561360677
51.9396643084149,0,0,63.1226696741013,18.6362092722668,99.8650455474854,14.8382222175626,41.5064350097193,41.58574236703,7.87426280877911,19.8113031646873,0,7.77134878616674,0,64.9026041030884,9.46847230557285,124.369934082031,165.499984741211,0,0,13.8487502112994,108.516574859619,95.955571492513,0,13.2269415586248,0,0,146.804878234863,40.8782759368307,74.7625799983381,92.1555875142415,0,174.676651000977,61.7262652213113,86.0926628112793,0,0,0,102.292381286621,13.6039860454308,0,46.5099045435588,80.4027290344238,0,66.7722835540771,34.8449433644613,0,5.48041469421027,0,155.165054321289,0,0,0,0,0,7.72250273457397,0,138.573425292969,0,84.6570943196615,0,0,0,121.266985348293,0,169.85657119751,0,0,0,146.719078063965
0,55.476993429068,91.2360229492188,56.5776907700759,0,79.2233306884766,72.909600575765,148.518112182617,83.5839221477509,107.566788306603,0,15.9893957830768,0,8.41070215220316,80.6140697620533,0,0,90.3886108398438,49.0477050194374,59.6057292090522,0,0,93.3288538777236,73.145133972168,105.008460998535,19.1676174867077,28.0781051078945,25.6077631595244,133.901626586914,69.4316055991433,102.675849914551,19.4614144081994,80.2804872849408,0,48.6047333203829,0,0,152.434509277344,54.4140225923978,0,0,0,0,0,0,0,78.6258324653872,0,59.8449640143408,0,0,0,148.481430053711,111.046339035034,101.378716278076,0,177.501541137695,128.661422729492,0,0,88.5948905944824,98.8075050685717,111.680221557617,0,0,0,106.981178283691,169.503387451172,0,113.825077056885
13.0101700936127,121.19386100769,97.2165273030599,90.5296431321364,87.6419572070637,24.3296750102724,28.4059859434361,20.299812826932,14.4043199743929,82.7984108053228,52.4498125569669,68.13848692371,64.9026041030884,80.6140697620533,7.21686425488477,38.1792360921256,101.416143629286,98.8178253173828,100.456400553385,83.7457141876221,81.5317580744905,100.697578430176,98.6675357055664,76.8093213337224,79.0051437745924,90.5846939086914,108.430126495361,122.016462152654,70.8260756704542,13.3390119948159,13.0181926717911,124.091251373291,14.4109335997171,26.5801735198393,39.1566294873977,151.984718322754,0,0,116.923665364583,0,189.817016601562,0,150.783825214093,181.171763102214,118.971746444702,153.101206461589,0,0,0,195.177894592285,0,192.637786865234,0,0,0,0,167.735164642334,128.477458953857,0,143.005001437279,0,0,147.695770263672,145.328173618691,186.398937225342,157.944844563802,0,225.532363891602,155.884160359701,169.05086517334
46.730788787206,0,0,44.1616727284023,72.475460597447,13.8912270450819,9.21711244507056,56.6568693628117,31.5919127651425,18.2450625608509,58.120068254142,87.8545036315918,9.46847230557285,0,38.1792360921256,6.56613646177884,71.1293659210205,0,174.523101806641,0,59.2744991847447,103.589477539062,80.9880383809408,68.9088859558105,35.1875961473433,0,0,0,75.6146407657199,38.9354625227889,89.0023447672526,0,46.2093183455929,33.420895199443,28.3429408254503,0,0,0,92.6049499511719,0,0,0,150.016662597656,0,77.7292404174805,0,0,0,0,0,0,0,0,0,0,0,130.662033081055,0,0,95.8431498209635,0,0,0,153.518058776855,0,189.620864868164,0,0,153.237396240234,0
71.0925919214884,58.6754089991252,66.9087477463942,48.1124644621139,99.3137741088867,0,98.3402069091797,73.2075158632719,104.945110321045,55.3132594181941,94.4668350219727,105.079642295837,124.369934082031,0,101.416143629286,71.1293659210205,14.7610712329128,83.3908118293399,113.420909118652,98.7256520589193,0,19.9080803734021,29.2883002966917,16.6911995816954,22.739451726053,0,93.0368874867757,27.6331718058637,23.1492693588153,65.265077718099,47.9568766533519,0,97.1822357177734,55.5204508868131,52.1945619454833,122.123905181885,0,110.849695841471,80.9399473402235,0,0,141.407958984375,0,165.838806152344,0,199.948654174805,0,0,0,0,0,101.882417678833,163.577087402344,0,156.773574829102,0,111.398937225342,77.5865709940592,110.885947487571,50.5451397895813,0,149.765095103871,109.558069163355,104.865661451552,157.356338500977,114.789429243221,0,0,113.543367004395,113.772755214146
102.452652426327,51.8942482063362,31.1058905614241,59.9876364342417,0,102.379974365234,0,121.5080909729,169.643909454346,0,0,54.0221036978103,165.499984741211,90.3886108398438,98.8178253173828,0,83.3908118293399,8.89947954625943,52.7153960388976,17.901390416322,0,47.8882307543442,71.9428951090032,13.5289700068686,120.410745893206,93.0488510131836,20.3487703728157,57.8908520296435,114.036473700341,90.0506239891052,67.5998354216257,83.0486373901367,72.2719955444336,119.034931182861,34.5587357632032,0,99.1779529026577,104.601781759457,78.9047281558697,0,0,0,0,0,119.193099975586,0,134.116424560547,0,0,0,0,142.023403167725,117.949493626186,0,136.23575428554,0,139.553884887695,113.238957722982,121.896273893469,142.336766052246,0,104.82853850426,109.703146831806,150.87624206543,0,138.053833007812,0,0,0,127.069806416829
121.629989624023,65.6498871803284,86.8414028712681,78.7799625396729,0,105.428215026855,102.266300201416,135.739044189453,96.7067775726318,0,0,13.3207850178481,0,49.0477050194374,100.456400553385,174.523101806641,113.420909118652,52.7153960388976,5.84703278443802,17.5694388151604,0,102.192032708062,101.758411407471,77.9782017123315,164.906433105469,40.2997443693398,14.6535103779364,60.108824732571,128.261904907227,78.8716354370117,113.572560683541,48.697180464461,93.3423309326172,151.35676574707,54.2150618846896,0,135.637069702148,137.827987670898,80.6165806696965,0,0,0,0,0,0,0,94.6229860259265,0,99.3880566683683,0,0,0,131.77739238739,109.9940366745,105.572127646588,0,159.85563659668,137.95654296875,155.300224304199,0,107.549575805664,106.923042363706,114.290227819372,164.42041015625,148.647384643555,162.133931477865,118.172712053571,0,0,123.137213134766
138.028986612956,66.7328442072464,73.2355903526405,71.4615666898963,0,0,106.787929534912,0,96.911376953125,111.322113037109,0,20.6159465205754,0,59.6057292090522,83.7457141876221,0,98.7256520589193,17.901390416322,17.5694388151604,8.12987908905985,0,76.6902004466337,100.505728403727,43.5573286328997,135.027295892889,54.0909946881808,18.5008822312875,64.5935772944995,133.979995727539,91.1537602742513,93.1846513973446,67.1364415032523,82.0187110900879,119.626403808594,39.6685308110184,0,122.445284843445,122.392738839854,76.3939674377441,0,0,0,0,0,0,241.729202270508,110.590458824521,0,112.261655807495,0,0,176.737762451172,118.802616777091,120.908008575439,118.669765673186,0,165.214218139648,0,163.348763275146,0,131.186763763428,110.641384345684,116.725648010254,157.087112426758,0,153.746589660645,128.160354614258,0,0,129.235133488973
66.3184975333836,0,0,67.1840503692627,9.09631545233982,132.009803771973,36.2211935690726,40.4742797786083,53.4412097263407,20.8982722216015,21.0197007994106,126.975788116455,13.8487502112994,0,81.5317580744905,59.2744991847447,0,0,0,0,9.38192542327567,0,109.448509216309,0,16.3634636746555,0,0,0,28.1850906938382,87.5071789932251,127.452710469564,0,0,72.8351351830267,126.087530771891,0,0,0,0,6.06558359998171,0,0,159.245803833008,0,135.825866699219,0,0,0,0,0,0,0,0,0,0,0,0,0,0,115.863174438477,0,0,0,142.971855163574,0,0,0,0,0,0
57.6810735619586,75.9174618721008,66.5612183234952,51.9702489893735,0,0,102.70338567098,72.5189700493446,122.032506440815,58.3271791209345,115.170397440592,116.719488697667,108.516574859619,0,100.697578430176,103.589477539062,19.9080803734021,47.8882307543442,102.192032708062,76.6902004466337,0,10.3076283215451,40.5144383930431,18.1439937845993,25.0165746689182,0,92.2501822477262,53.2926367272312,18.2169931584188,31.1234525196136,21.4868340527558,0,113.653564453125,46.570329712226,42.3735452657643,132.169991493225,0,133.59595489502,97.0773482322693,0,0,157.349319458008,135.960142953055,168.509885152181,131.028312683105,0,200.468002319336,0,0,161.684809366862,0,117.166453968395,0,0,0,0,113.633690338135,86.9977111816406,115.745567703247,58.3956106359308,0,162.168939208984,139.259401550293,105.604488977318,140.181468963623,112.524370581154,0,0,120.186073811849,121.724706726074
63.8790454864502,18.0304867131275,44.3404661269415,9.88459018377025,91.1199798583984,142.742736816406,92.2614970960115,75.0419044494629,99.4174166740255,11.7965030581754,111.756565517849,92.7378966176612,95.955571492513,93.3288538777236,98.6675357055664,80.9880383809408,29.2883002966917,71.9428951090032,101.758411407471,100.505728403727,109.448509216309,40.5144383930431,7.80455248563643,37.0931992271167,11.4433720349101,68.2211451143832,91.8436168760765,35.3783000924935,38.861889237538,55.8053949951495,43.6540397919861,106.943652788798,111.71427154541,49.7773092612242,52.7310857566998,81.0697671990646,76.8922424316406,78.6013523101807,70.8921945745295,0,108.924789428711,146.147186279297,80.9002513885498,129.133062090193,91.0507587432861,101.941937764486,148.902435302734,0,0,109.221317584698,0,67.1402627193567,108.162989298503,0,167.313705444336,0,68.4146920820323,24.8570113581812,58.860910120318,73.4472540578535,0,130.217422485352,53.3943444181372,63.7860648772296,94.046630859375,65.1785953092987,0,0,71.459633026123,71.9624571929107
49.7972450601569,61.6751669929141,18.1835126906668,47.1504810021358,0,109.816654968262,95.0252634684245,86.3692875775424,92.910160609654,68.1729073157677,100.177879333496,81.7275667190552,0,73.145133972168,76.8093213337224,68.9088859558105,16.6911995816954,13.5289700068686,77.9782017123315,43.5573286328997,0,18.1439937845993,37.0931992271167,11.5609351873825,43.2446188714521,106.309080759684,52.536932811468,29.966871049753,15.3952692226196,35.5206896830488,37.5440254761504,0,95.535149710519,60.1345232033435,39.8884736976379,125.145014444987,95.170560836792,102.371644106778,95.5156899860927,0,0,165.730491638184,143.041706085205,155.940353393555,152.128234863281,161.525054931641,0,0,0,148.71467590332,0,112.211867523193,133.33209664481,176.599594116211,160.769351196289,0,111.169085341233,64.3190136836125,101.948335833666,82.2672812143962,99.7299880981445,129.111637115479,100.935985111954,122.349801445007,133.001449584961,109.720500946045,0,0,97.4455947875977,110.746491546631
61.7044403746888,75.8018101283482,90.1590886116028,36.9869058261007,14.1689766582016,107.691641587477,43.4005887759849,35.8120647467232,66.26970084539,19.0527657212441,36.4138834007451,137.011967086792,13.2269415586248,105.008460998535,79.0051437745924,35.1875961473433,22.739451726053,120.410745893206,164.906433105469,135.027295892889,16.3634636746555,25.0165746689182,11.4433720349101,43.2446188714521,9.62269849097189,128.310096740723,112.245812374613,72.6561039137656,13.7635868457382,62.82698538248,52.3345927927597,0,107.797755206073,56.2895362064195,62.365375899032,119.327946277375,217.175399780273,150.345217386882,54.3364020302182,53.4964008748531,177.862335205078,168.147710164388,106.63563007591,146.49253418486,72.1874968424565,134.672691345215,200.439468383789,123.184024810791,178.580062866211,142.497923152963,62.9307975769043,107.332063947405,159.967330932617,0,0,0,117.028327306112,87.5650690396627,117.701189313616,36.5372459820339,172.502731323242,203.092361450195,154.571062088013,100.76926918958,140.747144258939,105.773343297361,0,174.505546569824,119.369359103116,121.019987275329
0,20.371645223737,105.928565979004,15.5270984380433,0,98.9128112792969,86.9714241027832,0,97.4629262288411,84.4899728563097,0,26.388171263794,0,19.1676174867077,90.5846939086914,0,0,93.0488510131836,40.2997443693398,54.0909946881808,0,0,68.2211451143832,106.309080759684,128.310096740723,6.52014147249815,35.9855163276644,29.1621949278425,0,83.7415288925171,179.150253295898,40.8712288788268,92.4605579376221,0,64.2220865810619,0,105.094207763672,0,36.5189522038335,0,0,0,0,0,0,0,77.7719237327576,0,67.1928133283343,0,0,0,79.1970367431641,95.3172428131104,87.9315587212058,0,156.891784667969,163.324447631836,0,0,61.4373273849487,82.2442188262939,91.8030717445142,0,0,110.200157165527,86.4532028198242,0,0,90.0506286621094
94.7553153887187,50.8489258351533,19.5732702032767,49.741634987496,0,103.719034830729,106.912033081055,107.97689743042,118.537554877145,108.508242520419,0,16.3257723390853,0,28.0781051078945,108.430126495361,0,93.0368874867757,20.3487703728157,14.6535103779364,18.5008822312875,0,92.2501822477262,91.8436168760765,52.536932811468,112.245812374613,35.9855163276644,11.7170235153107,28.6102347347324,75.653477636402,97.3231074967573,81.269175674451,9.47806635808731,102.15412902832,96.5084476470947,57.4414454423529,201.48041788737,108.799816846848,99.6113128006288,66.0730503780741,0,198.235504150391,0,0,0,0,0,97.1940761282424,0,99.4894492107889,188.61213684082,0,158.903357369559,106.606671107093,107.388215964797,102.903035898678,0,152.438915252686,131.054644107819,129.75185579867,139.974318186442,103.98585024747,95.1975362270175,100.349937945021,154.826311928885,0,153.677721595764,111.213064738682,145.282989501953,0,115.00485730412
105.020577965713,29.6294235739993,24.2384580898741,36.9256335016989,0,103.973719278971,124.284713745117,90.5713733520508,132.922531604767,88.2046214883978,130.73264058431,55.1727315676571,146.804878234863,25.6077631595244,122.016462152654,0,27.6331718058637,57.8908520296435,60.108824732571,64.5935772944995,0,53.2926367272312,35.3783000924935,29.966871049753,72.6561039137656,29.1621949278425,28.6102347347324,10.7844192537377,58.618195251985,104.94157497942,97.5657759420736,17.712044005123,111.791962363503,87.9250814437866,64.0652554376565,175.392929077148,84.9153711001078,91.2716881162884,57.5778557647705,0,0,141.202346801758,165.132376098633,185.759910583496,101.03183555603,140.424789428711,103.798830945564,0,101.211783495816,181.185508728027,0,126.564987182617,108.009009211318,113.217861781045,101.072964679888,0,127.840000046624,66.4557552130326,99.9901503730689,109.546054724491,103.523264811589,95.9578732755219,96.8023067871126,142.633182343983,197.88028717041,138.408941797463,107.108957417806,0,0,118.026465751029
42.2246769256948,75.1145987510681,67.0406321752639,44.9572767058966,12.6262201619633,113.75016784668,57.9579815095174,19.6754456794246,66.3044185358369,40.7461591325216,11.5667100215875,120.49105610567,40.8782759368307,133.901626586914,70.8260756704542,75.6146407657199,23.1492693588153,114.036473700341,128.261904907227,133.979995727539,28.1850906938382,18.2169931584188,38.861889237538,15.3952692226196,13.7635868457382,0,75.653477636402,58.618195251985,8.84665970427048,52.1087744599713,36.9947942183851,0,119.741194043841,49.2843132859902,55.5552426098812,120.096011479696,135.109039306641,150.220743306478,71.5693227833715,105.638841934204,155.887306213379,154.671284266881,109.307639497699,151.738832746233,81.4856187536361,136.301119910346,200.109735107422,108.890331268311,168.571067810059,148.914240519206,134.673769632975,100.446317799886,180.954010009766,0,0,159.838790893555,111.002736122377,90.923503122212,124.204386711121,58.4232999155527,149.181060791016,137.224116007487,133.707207072865,103.092222695673,137.218055061672,107.435143481984,0,180.44607035319,114.85006403923,122.879607218616
14.0840030905629,106.135950261896,79.5987657970852,64.6895971065614,67.9671275959265,25.0786674860919,33.317635217523,33.8106908135228,32.7775071717389,63.1447228803321,78.5937700972389,56.1464521442345,74.7625799983381,69.4316055991433,13.3390119948159,38.9354625227889,65.265077718099,90.0506239891052,78.8716354370117,91.1537602742513,87.5071789932251,31.1234525196136,55.8053949951495,35.5206896830488,62.82698538248,83.7415288925171,97.3231074967573,104.94157497942,52.1087744599713,8.24422727014923,18.527606959461,87.5989646911621,10.77027524747,15.5432441626271,33.6571102639475,142.937443687802,157.149505615234,170.759203592936,90.0470600128174,143.37287902832,201.687896728516,159.283949631911,127.858607727804,172.543124062674,110.11317896843,154.334795458563,222.467076619466,147.399658203125,0,166.047771224056,198.212799072266,122.499638875326,0,0,235.416946411133,0,126.986829584295,98.9666428702218,148.160733795166,120.29082850026,0,165.782089233398,156.453418731689,121.483996687264,159.11098421537,126.947144733212,0,203.614794049944,139.160226641961,144.584259481991
20.5739828520216,92.9945627848307,52.3489723575599,55.467486013685,134.084228515625,95.0559921264648,81.7223685479933,18.55040563485,76.1742188104308,54.6343042010353,89.2256100972493,111.24030468915,92.1555875142415,102.675849914551,13.0181926717911,89.0023447672526,47.9568766533519,67.5998354216257,113.572560683541,93.1846513973446,127.452710469564,21.4868340527558,43.6540397919861,37.5440254761504,52.3345927927597,179.150253295898,81.269175674451,97.5657759420736,36.9947942183851,18.527606959461,9.63808679244563,0,143.470718383789,14.6771014506063,40.4846989878553,128.760953036222,165.506591796875,136.235223067434,84.2626350804379,0,185.933700561523,182.429504394531,120.441872567842,162.557826741536,100.993627374822,151.989776611328,221.739471435547,100.778472900391,0,153.661797417535,0,113.394416809082,170.535707092285,190.399383544922,0,0,116.981661755106,87.5626047307795,141.420210031363,106.757753819595,0,176.806564331055,153.762752733733,109.760847603402,160.003923688616,115.062699787652,0,203.980644226074,123.844079589844,131.014865733959
0,66.648839731132,0,65.9772849449745,0,93.8196716308594,97.8645477294922,150.993927001953,116.349325180054,123.970739576552,0,25.956326844255,0,19.4614144081994,124.091251373291,0,0,83.0486373901367,48.697180464461,67.1364415032523,0,0,106.943652788798,0,0,40.8712288788268,9.47806635808731,17.712044005123,0,87.5989646911621,0,5.68685363918003,114.791435241699,0,73.5720717951937,0,0,154.363372802734,65.5016196114676,0,0,0,0,0,0,0,97.5214222717285,0,92.8148000616776,0,0,0,124.329971313477,111.272918701172,115.908818721771,0,0,0,0,0,108.232704162598,108.112579082621,112.921131749307,0,0,154.078605651855,137.02547454834,0,0,125.364524841309
80.3584326666755,105.770217895508,88.4280090332031,0,118.01976776123,10.1449151902011,25.7114706213223,101.640118767233,18.2729246102467,116.487602233887,112.514432271322,63.7736465793186,174.676651000977,80.2804872849408,14.4109335997171,46.2093183455929,97.1822357177734,72.2719955444336,93.3423309326172,82.0187110900879,0,113.653564453125,111.71427154541,95.535149710519,107.797755206073,92.4605579376221,102.15412902832,111.791962363503,119.741194043841,10.77027524747,143.470718383789,114.791435241699,5.71551929387935,61.1265173287227,37.3820540027582,0,0,0,0,0,0,235.496780395508,189.90795135498,0,0,0,0,0,0,0,0,0,0,0,0,0,0,0,0,0,0,0,0,174.143468221029,0,178.392761230469,0,0,0,0
35.6009323332045,107.619998931885,81.0336666107178,57.8097437078303,64.3240689533513,54.298790324818,38.4057961184569,43.8701927326856,42.0624750647746,56.7739330193935,70.7877720029731,76.109873453776,61.7262652213113,0,26.5801735198393,33.420895199443,55.5204508868131,119.034931182861,151.35676574707,119.626403808594,72.8351351830267,46.570329712226,49.7773092612242,60.1345232033435,56.2895362064195,0,96.5084476470947,87.9250814437866,49.2843132859902,15.5432441626271,14.6771014506063,0,61.1265173287227,6.32635452250437,27.9767875436038,131.102387564523,0,129.310684204102,80.6105599403381,0,190.86979675293,170.905097961426,126.838922378865,167.107491387261,107.716858950528,161.952560424805,203.388862609863,147.81217956543,0,168.359013875326,157.059036254883,124.972506436435,0,0,0,126.939903259277,134.390035356794,96.2869567871094,120.376460484096,113.29034954071,0,0,122.002914428711,116.460691646654,153.617508479527,118.276422564903,0,179.725936889648,128.64872402615,137.495790481567
68.2912748669266,66.3036507021996,40.8496709098331,63.8505527616123,114.969481574164,32.4322259869492,37.4321637032293,68.1637841018976,40.1832429741154,68.1352925235278,90.6474848527175,28.6125142480182,86.0926628112793,48.6047333203829,39.1566294873977,28.3429408254503,52.1945619454833,34.5587357632032,54.2150618846896,39.6685308110184,126.087530771891,42.3735452657643,52.7310857566998,39.8884736976379,62.365375899032,64.2220865810619,57.4414454423529,64.0652554376565,55.5552426098812,33.6571102639475,40.4846989878553,73.5720717951937,37.3820540027582,27.9767875436038,10.6689462081518,137.978199428982,106.834228515625,111.914462942826,94.5615534101214,0,0,164.507213592529,129.449756145477,170.707231794085,87.5952072143555,164.887418746948,121.954835679796,0,129.014220237732,151.603166368273,0,118.208447969877,131.541900316874,136.024974476207,125.803381247599,144.80322265625,122.947799864269,98.6651542186737,119.929081157102,107.62587890625,126.915012359619,122.013063094195,123.156629523132,115.81215375535,152.611895751953,121.805547581163,0,0,145.985095977783,130.617577496697
133.84171295166,0,0,84.1222148895264,0,0,177.180063883464,121.450252826397,160.985984802246,80.7774627685547,164.919364929199,0,0,0,151.984718322754,0,122.123905181885,0,0,0,0,132.169991493225,81.0697671990646,125.145014444987,119.327946277375,0,201.48041788737,175.392929077148,120.096011479696,142.937443687802,128.760953036222,0,0,131.102387564523,137.978199428982,6.13966404185419,0,127.060123443604,63.8835620880127,65.8396301269531,51.9765338897705,48.3265031987971,28.3945931640459,21.7154650535541,63.5045789887633,22.6107781233908,106.896020297346,74.7703261375427,0,10.1899126298779,33.8429192860921,58.849255954518,91.3783446091872,119.731729888916,112.060206095378,75.6821823120117,68.3044350412157,63.442984726118,74.3250176565988,58.9364583898474,0,115.931628799438,122.566454145643,47.4802131761204,10.2562402930599,15.8866814724459,0,76.5075465611049,11.7473361194713,50.040837512826
0,16.4869249888829,52.5381522708469,88.7275354597304,0,0,0,0,0,86.1207885742188,0,120.040619850159,0,0,0,0,0,99.1779529026577,135.637069702148,122.445284843445,0,0,76.8922424316406,95.170560836792,217.175399780273,105.094207763672,108.799816846848,84.9153711001078,135.109039306641,157.149505615234,165.506591796875,0,0,0,106.834228515625,0,7.44212610792809,38.5861512889033,24.3398197927593,0,0,0,0,150.451110839844,72.0004930114746,0,64.8578270998868,0,50.9896941582362,113.061443328857,0,61.3498464988096,56.5070610925349,71.7838421662648,60.9156247359056,0,85.673849635654,18.3976077175169,57.1078209970512,75.5699097893455,19.9207504312116,45.9544814775289,33.2483264295443,88.2637386322021,150.901565551758,104.83549202813,67.9291616167341,0,0,69.7795790470008
158.495681762695,59.8100854304799,88.4122282083513,52.3224517167217,0,0,0,158.248092651367,173.361419677734,86.226131439209,0,137.528540547689,0,152.434509277344,0,0,110.849695841471,104.601781759457,137.827987670898,122.392738839854,0,133.59595489502,78.6013523101807,102.371644106778,150.345217386882,0,99.6113128006288,91.2716881162884,150.220743306478,170.759203592936,136.235223067434,154.363372802734,0,129.310684204102,111.914462942826,127.060123443604,38.5861512889033,11.9444507428597,39.4881124605451,0,0,0,109.690742492676,133.823287963867,93.5602226257324,0,74.5353757072897,0,84.9802894592285,119.336688995361,88.333251953125,87.633664449056,48.9526451713015,83.6476969617478,64.2168887301189,0,56.7721472288433,41.7178412823638,23.7873437668547,85.8396581013997,96.761417388916,14.9475005220367,26.575681705364,60.4350419825442,81.7938553946359,74.7589113773444,117.550605773926,121.583301544189,0,57.4059954640929
102.898373413086,19.7128002868508,58.3266753486965,19.5646671081076,67.3924865722656,0,90.9875869750977,80.6410755830653,118.032946268717,23.2833841274946,0,77.2212553891269,102.292381286621,54.4140225923978,116.923665364583,92.6049499511719,80.9399473402235,78.9047281558697,80.6165806696965,76.3939674377441,0,97.0773482322693,70.8921945745295,95.5156899860927,54.3364020302182,36.5189522038335,66.0730503780741,57.5778557647705,71.5693227833715,90.0470600128174,84.2626350804379,65.5016196114676,0,80.6105599403381,94.5615534101214,63.8835620880127,24.3398197927593,39.4881124605451,19.0400177098105,61.3900236402239,100.46940612793,81.7091647061435,52.9413737561329,95.8228741963704,17.5052586866114,74.5398387908936,34.8614241380139,39.1736806120191,33.6985375160395,92.437194646791,37.1784086227417,65.1735368227437,57.0324328714801,59.3071451187134,58.797531391214,103.736759185791,78.8771639043635,23.9263638813519,55.621783059687,38.5084367076312,26.1808792701812,41.6867919367556,40.544049058421,47.7224781399681,85.3421334584554,58.687006241236,52.9325316644484,122.073590087891,61.2081268534941,70.6102928864328
116.809432983398,0,0,118.635524749756,6.24745703402263,0,72.6746406555176,101.337154933384,88.6896057128906,100.053787231445,35.8962978786892,0,13.6039860454308,0,0,0,0,0,0,0,6.06558359998171,0,0,0,53.4964008748531,0,0,0,105.638841934204,143.37287902832,0,0,0,0,0,65.8396301269531,0,0,61.3900236402239,8.94884813943967,115.777132987976,42.0864971817855,40.2965395557485,78.6541859808574,50.0752239459898,18.0653195102227,144.31255531311,16.4537278925297,0,92.255589170409,60.342713606985,0,0,0,0,9.40022531946133,127.559097290039,101.639204661051,132.654945373535,20.8017490312806,149.690643310547,176.214324951172,0,12.8345825929181,83.7455070148815,52.2625735889782,0,130.183005332947,67.4418955547054,74.4048441030683
199.782691955566,0,0,119.636341094971,0,0,0,0,0,0,0,0,0,0,189.817016601562,0,0,0,0,0,0,0,108.924789428711,0,177.862335205078,0,198.235504150391,0,155.887306213379,201.687896728516,185.933700561523,0,0,190.86979675293,0,51.9765338897705,0,0,100.46940612793,115.777132987976,7.53592387888335,7.69656445667008,89.7936484018962,11.6780354305972,67.3996295928955,79.8022317674425,62.4504803975423,95.3574245997838,63.8816057840983,30.5123104692349,11.4074288286254,0,0,79.9852905273438,58.1582717895508,110.933006286621,115.23462677002,92.7912551879883,115.36118888855,101.644296569824,0,79.0197448730469,115.421964009603,115.509217002175,26.1760771511737,88.7490524291992,0,12.3172836286698,62.9918532371521,39.4940614478533
0,0,150.247344970703,103.46203994751,55.7195816040039,0,0,150.885197957357,0,112.508224487305,186.913841247559,0,46.5099045435588,0,0,0,141.407958984375,0,0,0,0,157.349319458008,146.147186279297,165.730491638184,168.147710164388,0,0,141.202346801758,154.671284266881,159.283949631911,182.429504394531,0,235.496780395508,170.905097961426,164.507213592529,48.3265031987971,0,0,81.7091647061435,42.0864971817855,7.69656445667008,7.19769631875417,37.3284174209707,17.3196780362679,39.6325796878699,17.8399309729848,71.6629443745037,15.6556140817056,77.2933578491211,34.5295623657483,9.44145408803529,96.8755264282227,0,90.755256652832,131.247573852539,29.4244125698931,86.1371129353841,96.6618890762329,111.958196004232,45.6406433118791,0,118.740676879883,111.703369140625,44.2619705028141,31.7570883738601,69.1728078668768,0,22.4865915012257,57.6323008537292,52.7376080354055
123.839652709961,0,0,70.201174270275,157.73706817627,0,137.44731648763,108.06559753418,161.294246673584,81.1517869858515,146.045532226562,0,80.4027290344238,0,150.783825214093,150.016662597656,0,0,0,0,159.245803833008,135.960142953055,80.9002513885498,143.041706085205,106.63563007591,0,0,165.132376098633,109.307639497699,127.858607727804,120.441872567842,0,189.90795135498,126.838922378865,129.449756145477,28.3945931640459,0,109.690742492676,52.9413737561329,40.2965395557485,89.7936484018962,37.3284174209707,9.86870427058088,49.6128728705199,51.799306548944,9.83977313020741,124.029428754534,37.9251079516076,151.63410949707,19.028300339272,60.1225911190635,65.149954178754,119.456611633301,120.804467773437,117.839298248291,38.1008653768757,78.212161648658,66.7210441026531,96.947639465332,28.3041522791667,152.849090576172,107.233308892501,124.397341641513,16.3792634613492,33.414495029965,14.0407779684609,0,106.964516957601,39.7598146640119,51.6256420921733
165.357511247907,0,0,110.473976381363,98.2019195556641,0,207.120664596558,152.741781180246,185.139180501302,135.174073028564,0,0,0,0,181.171763102214,0,165.838806152344,0,0,0,0,168.509885152181,129.133062090193,155.940353393555,146.49253418486,0,0,185.759910583496,151.738832746233,172.543124062674,162.557826741536,0,0,167.107491387261,170.707231794085,21.7154650535541,150.451110839844,133.823287963867,95.8228741963704,78.6541859808574,11.6780354305972,17.3196780362679,49.6128728705199,9.56376952238774,86.7318825875559,26.6189119006729,69.8358280190903,43.6667644661033,80.9083216349284,16.3469473077424,22.2299727892138,91.3772722880046,104.05658976237,93.7918243408203,89.7493008700284,62.4415282802181,101.757481098175,105.08439318339,105.189039963942,70.2048829516699,104.810852050781,109.626087733677,115.627205481896,74.9266372285359,29.2028265354662,73.3302749633789,129.561294555664,18.6003362535896,47.0136264728017,46.8399016046032
88.1469879150391,0,100.205135345459,38.1051193807543,0,0,169.224060058594,85.2053048652515,142.223658243815,33.3457540130615,200.555328369141,143.89884185791,66.7722835540771,0,118.971746444702,77.7292404174805,0,119.193099975586,0,0,135.825866699219,131.028312683105,91.0507587432861,152.128234863281,72.1874968424565,0,0,101.03183555603,81.4856187536361,110.11317896843,100.993627374822,0,0,107.716858950528,87.5952072143555,63.5045789887633,72.0004930114746,93.5602226257324,17.5052586866114,50.0752239459898,67.3996295928955,39.6325796878699,51.799306548944,86.7318825875559,9.1508739346522,54.8763643441741,131.668047587077,14.4706988745266,115.233619144985,87.6335229717317,16.0633223887338,57.2249883015951,0,125.983055114746,105.117205301921,51.2974285284678,62.6536230004352,19.4911061101847,78.8505523681641,18.5827351669697,94.8729877129286,108.768043518066,109.444648016067,43.0743907731155,90.6351558460909,52.5510528130822,126.726894378662,120.211767196655,60.833809932073,64.9907211976893
