11.0808711433996,135.238773345947,99.1298424437806,72.0125309467316,76.9550979137421,0,84.4905512068007,31.4867259500265,46.4161898269028,68.9516023000081,35.3592239036261,117.246592672248,97.5256261825562,125.58620707194,14.5701943176682,110.079776000977,126.783798217773,103.925533211949,141.930395126343,127.990720012995,96.58167775472,79.5078850922761,93.9923689469047,90.1730687851722,78.0889818166758,0,124.124337567541,127.967233449927,77.8582981109619,18.2720294314227,35.1538237686384,0,76.9156494140625,48.6137014276841,62.5789880130602,149.002502441406,0,157.55223274231,101.07075214386,167.760635375977,161.308578491211,147.149062262641,143.571717464563,158.563222936682,113.076501464844,154.603284200033,0,152.393356323242,0,167.994880131313,0,159.598258972168,188.577865600586,0,0,226.564453125,190.498241424561,140.314462280273,177.629305158343,122.318116944412,0,180.290542602539,166.568348475865,132.695171449243,162.27806930542,151.470865249634,0,0,170.422912597656,186.408030192057
135.238773345947,6.54585166021325,48.1259756512112,17.6991200596561,89.352163042341,128.091873168945,133.522315979004,125.339977264404,124.638339233398,66.3690343106047,126.59251499176,65.9873186279746,114.398798624674,52.5412557320068,120.488383611043,103.122511765053,57.433434736161,53.7173066583124,76.7060118965481,61.1998120330706,114.138214111328,97.6754713387325,24.4092221733517,94.706757301508,68.920463822469,26.2960328859368,51.838168155264,35.9176439945865,108.450879160563,115.122778786553,103.539386455829,67.6041970191064,111.641009521484,123.882704598563,67.5315868671124,133.697204589844,70.3554954528809,106.050491333008,53.5901847986075,149.705894470215,0,0,186.003120422363,0,137.620602925618,179.412841796875,107.934169133504,0,87.3100187513563,202.847244262695,0,0,99.4341003417969,88.085075378418,120.435005774865,0,135.345489501953,89.9134750366211,129.145088195801,133.476787567139,56.8582818773058,93.670528042701,97.209384098649,164.52555847168,137.944152832031,153.7180519104,0,0,0,134.879081726074
99.1298424437806,48.1259756512112,15.3568621965916,50.4826187174918,123.795562157264,163.852096557617,131.39907162831,94.0937556820689,119.497924728276,114.02152797154,110.296504073926,88.7501408882689,147.614903376653,108.799344889323,115.666970168988,131.621497472127,97.2020038782164,46.6800218199008,91.9790970096743,76.4448588054312,136.435266222273,66.3518036051494,63.5747170936404,37.0357259582554,106.278960975175,105.4787940979,41.0809492584174,32.3864749200997,87.5678494264946,116.698119437096,88.0009271945173,93.1461375843395,149.244937133789,106.513031400483,68.0876945113241,169.593180338542,85.9952591605808,94.4956047657,64.8958495912098,197.529342651367,0,196.731968688965,158.054197216034,190.730762300037,153.292632102966,182.963910189542,138.939676557268,206.317916870117,153.366256713867,179.56564896195,0,121.902106628418,114.069420803799,146.106867472331,128.008458686597,0,138.463133378462,81.7020083904266,118.160227795036,148.458120875888,0,111.489414921513,98.0144789592468,161.638077006621,174.883033420729,155.737311922271,148.232788085938,0,145.650382995605,124.341507560328
72.0125309467316,17.6991200596561,50.4826187174918,36.2336220780357,50.8845506865403,0,79.8470365869717,64.6225554386032,84.8829876955818,24.1250906025662,75.215550523367,78.701453034083,87.7738127027239,55.2911868538716,87.4494852478971,72.7524529298147,40.7753792055484,71.7238142309218,78.1880504901593,75.834386714737,70.494757879348,59.8813637928603,32.0270526902312,56.298181567761,41.2883049179763,32.6376478919765,59.1620072133578,41.1533733586888,61.2645104149861,77.4094265986018,64.3259845614433,78.1970106386671,143.948304176331,63.2937162977478,69.1998175460448,87.3674131120954,45.2556591033936,77.8056807798498,30.3717094091029,78.8993300301688,0,115.431206151059,101.502185911291,113.753488680212,72.1188052848533,113.23972029913,101.409866333008,80.1858129501343,61.3066512213813,109.859351137851,63.5512669881185,62.2370093572707,121.344565073649,86.2331790924072,112.089392089844,83.4359288215637,81.471394355851,15.9465661511373,72.930164835114,70.2261537023857,41.8024010291466,95.0887028376261,64.6641390943598,91.0652338341822,101.097246372953,82.5098078078118,0,122.758827209473,88.0988775889079,90.884975170267
76.9550979137421,89.352163042341,123.795562157264,50.8845506865403,9.71561670856874,0,76.4084225997184,60.100196979664,90.0068279182824,41.2592203224919,19.0440684265309,134.969703674316,20.6492600473295,166.049598693848,99.7814107688076,56.8978863358498,88.7224349975586,146.707775963677,0,167.781120300293,14.4942897915041,113.335100809733,68.5307179042271,127.272306442261,19.0755067729896,133.379653930664,153.039755601149,122.075969500419,20.1447767087967,90.9787363431701,99.7077793121338,0,142.104080200195,82.1556600811838,91.6822034576793,219.413909912109,0,0,63.7258447011312,29.4624822361307,114.913974761963,132.397945887606,135.30980597602,147.032914479574,76.4686044916376,136.581614788223,0,60.1034998832605,0,167.724050348455,84.7420753810717,148.139343261719,0,0,0,24.9652587901118,0,0,230.614074707031,88.6850501491177,236.666976928711,231.422386169434,188.91889444987,113.383121220853,172.904144287109,158.3818359375,0,0,119.181571960449,137.513791402181
0,128.091873168945,163.852096557617,0,0,6.43655659552919,8.49590662001906,118.567037963867,17.2007455992645,69.2160426053134,104.199668520973,67.4343552127961,88.0424569702148,111.812143113878,28.1631144687269,13.1010342170851,0,179.283162434896,129.206438064575,97.2276840209961,118.585302352905,75.9729537963867,92.002815246582,97.8952713012695,94.7164740562439,0,147.60009765625,122.179552350725,129.373479207357,29.451925391393,0,0,11.9787754854959,140.98957824707,41.9074114437761,0,0,0,0,0,0,0,187.01064046224,0,0,0,0,0,0,0,0,0,0,0,0,0,0,0,0,163.268798828125,0,0,0,184.313400268555,190.356536865234,0,0,0,0,0
84.4905512068007,133.522315979004,131.39907162831,79.8470365869717,76.4084225997184,8.49590662001906,9.63120708236758,56.6261656075779,19.357321035967,77.4639633971954,29.2395605568176,89.1248397620949,24.6027436097674,109.728770141602,27.9632853464623,12.4180153600881,152.221508026123,138.182118618127,126.505548095703,148.893361028035,45.7286403027144,135.154880523682,109.491193597967,122.209844276087,85.5571538483469,133.610887527466,150.370616706642,142.904221289796,65.2391479358227,47.9931134836201,98.3534467061361,151.041239420573,14.9523251399024,103.008085324214,71.5379905700684,174.138480050223,0,178.308203803168,134.759615811435,156.164300860781,0,156.709209750158,144.538371660851,160.29902834685,112.240126037598,157.01191148134,0,71.7212624342545,232.333389282227,179.677945080925,167.511660766602,196.722381591797,223.282562255859,0,0,156.719867930693,164.506004333496,148.968722343445,199.538278579712,128.205878427866,0,221.023162841797,190.752147001379,149.637929548297,182.988841395224,176.434332953559,0,208.57470703125,157.749908447266,190.555036272321
31.4867259500265,125.339977264404,94.0937556820689,64.6225554386032,60.100196979664,118.567037963867,56.6261656075779,12.3103855556049,58.5081717611918,62.037120186942,25.8919887136371,143.431398627463,54.1674165619271,158.399698430842,42.2936753116749,79.3690805493688,96.3540444867364,112.18299590096,163.557208776474,142.066173358839,66.9804520274318,67.5308464357517,83.3636473417282,79.4789326027648,61.7712444643787,149.625930786133,124.409233507736,102.600499753754,29.4206135247681,59.8777089017643,27.085032718711,165.962695035067,122.779623822468,76.2149205647231,96.4510782761513,141.202866660224,181.815673828125,158.095052752578,91.0731654575893,132.783665512547,0,140.005204951231,129.739564961401,147.031805089315,99.6447815789117,140.815891098558,219.607676188151,123.282949066162,0,156.080366915288,145.25173034668,143.871275220599,180.08478982108,210.285903930664,191.661140441895,143.761209341196,155.297399520874,115.953881483812,159.515403747559,112.535003076558,0,186.08672926161,167.250735576888,126.985596750078,150.811137418135,142.826830246869,0,191.092366536458,136.223392687346,152.960651641196
46.4161898269028,124.638339233398,119.497924728276,84.8829876955818,90.0068279182824,17.2007455992645,19.357321035967,58.5081717611918,11.9290364606491,83.2237414434339,39.9725495197514,78.0180340103271,73.3767709454396,91.5397353381645,18.0103656952053,34.9977720472639,149.494410514832,129.271600627389,116.751703913908,137.467523758335,81.5322199446952,107.025240772902,98.7177309556441,112.209242078993,90.9222824164828,104.213757514954,137.716439829309,134.679837980725,86.5351629817308,37.2004088337801,88.1807847563117,123.304764457371,13.2839614559702,81.1716784624986,60.5291356719148,163.722318462297,0,178.423335181342,123.756426565988,181.7765625,203.168563842773,164.398017981114,151.902233395733,166.04534602384,111.811589096532,166.343497407651,214.401852925618,128.011810009296,176.468170166016,177.267521066639,169.073727416992,180.277651105608,220.591419764927,0,202.545590209961,187.021667480469,170.664541764693,133.53798532486,180.4163102044,134.410532161719,192.151168823242,196.879225158691,183.938904876709,147.307459862404,177.482362863109,161.510330002029,0,220.854354858398,161.133103052775,172.127049763997
68.9516023000081,66.3690343106047,114.02152797154,24.1250906025662,41.2592203224919,69.2160426053134,77.4639633971954,62.037120186942,83.2237414434339,8.23573775888734,74.8254830969385,132.762391747369,15.175346735307,122.216607963514,86.4176020259746,27.4705165057506,82.1480377031409,124.33636668943,140.774016551482,133.689464483046,60.9990273822438,97.2044805380014,26.4949022808439,122.857227169738,23.2689347213626,104.916522023345,121.382822527204,102.001721834078,56.0323154773317,78.8031818534233,69.3296076527348,135.379083542597,143.02853502546,71.2278374283402,97.721142489211,93.2771911621094,132.255661010742,155.002674102783,95.2675527572632,94.05925486638,0,153.325033708052,105.904854229518,117.765758514404,38.1816938840426,118.66403343564,0,80.3683836800711,152.91607093811,130.181190490723,0,198.48095703125,166.927653721401,182.997858683268,174.623646327427,126.070363044739,129.464996337891,51.9146575927734,128.817993164062,85.1439614189996,130.624334547255,173.143787090595,159.040958570397,112.572074160856,131.936540083452,109.446327209473,0,0,85.4051742553711,140.036001205444
35.3592239036261,126.59251499176,110.296504073926,75.215550523367,19.0440684265309,104.199668520973,29.2395605568176,25.8919887136371,39.9725495197514,74.8254830969385,12.6616404443547,142.406927349187,26.3713388303404,166.056550525484,48.5516026976104,66.0824186681843,135.373110198975,132.513732870829,161.32651810419,163.212815882796,17.1768556145764,96.855836168925,105.95953641619,99.7523201086897,74.1420682602111,184.363388061523,142.92890273693,134.850802885596,39.9552467617469,95.6547622230518,80.7996936858969,180.2509765625,122.033517820645,92.8088791680443,94.7696156480194,183.422202216254,0,170.00156656901,106.69365917108,137.044559484963,206.12922668457,148.77940350771,141.132900733279,154.485806990643,92.3930307607182,151.094024109286,238.140182495117,104.587365214385,234.910461425781,185.203532132235,126.057450545462,163.836669921875,232.269149780273,0,206.044715881348,147.505699131039,179.830529349191,147.00519997733,174.9204949273,110.936500530685,0,201.227905273438,175.162111635561,143.511318086788,187.247294245539,182.415826970881,0,0,217.991584777832,183.436659495036
117.246592672248,65.9873186279746,88.7501408882689,78.701453034083,134.969703674316,67.4343552127961,89.1248397620949,143.431398627463,78.0180340103271,132.762391747369,142.406927349187,13.4913187255065,140.405809986348,25.3192337347149,75.2276499207195,180.374991522895,123.7325091362,72.3396587371826,24.0083270991658,31.8583238832219,147.3434425354,102.400227079204,108.459271347314,99.5853165208695,149.3119811271,39.6612858923744,32.9386893704584,66.8750414101147,151.960304406973,64.8228095351968,111.867292146425,45.955512965167,63.4280042551249,96.9740997413536,26.1279504613271,0,105.98380279541,140.72421499399,73.1023740110726,0,0,232.247436523438,204.631072998047,214.339416503906,164.559112548828,244.723434448242,112.04923248291,0,82.8711132193511,214.016708374023,0,166.406215667725,135.900043487549,128.131216321673,122.099713065407,0,0,119.94774500529,154.91919708252,169.920790354411,71.826113986969,109.271647322069,105.889742839484,207.82892197829,215.524211883545,194.895072937012,116.010309855143,0,209.069900512695,133.702285766602
97.5256261825562,114.398798624674,147.614903376653,87.7738127027239,20.6492600473295,88.0424569702148,24.6027436097674,54.1674165619271,73.3767709454396,15.175346735307,26.3713388303404,140.405809986348,9.36615317702478,159.090158081055,100.865630833036,17.0240796195062,0,178.633261362712,168.29620191786,149.823354721069,13.2698973070939,140.413976669312,76.6653111775716,148.616775512695,28.4642666688661,143.401646931966,170.667059091421,150.964819834783,42.7966453009393,106.927793828453,121.272678920201,162.71524810791,120.055337967411,104.723399891573,104.28801946079,0,0,197.453720092773,87.915404183524,62.9756346206143,0,144.882104873657,145.606415675237,166.892711457752,90.9797803878784,149.224290696401,223.558898925781,13.0238092937341,182.971664428711,182.590661185128,117.350921630859,0,0,0,241.977630615234,26.9342963021734,0,127.955711364746,188.603820800781,115.362959935115,0,0,191.421427408854,140.45805555177,205.805840628488,0,0,0,208.062423706055,198.634635925293
125.58620707194,52.5412557320068,108.799344889323,55.2911868538716,166.049598693848,111.812143113878,109.728770141602,158.399698430842,91.5397353381645,122.216607963514,166.056550525484,25.3192337347149,159.090158081055,8.89446220271577,92.7098552762097,160.083143060858,137.256265258789,114.112916128976,50.3373795093248,69.3197410756891,0,158.910741632635,90.4363317489624,120.016354878743,135.588273977932,24.9229231355611,30.3533858692328,37.6209242831465,170.013592720032,85.381781278872,150.096728238192,15.3967718609444,82.8288166920344,168.800257364909,64.7921754447363,0,105.780282156808,146.002532958984,60.5832605084169,199.522148132324,0,241.174942016602,225.900848388672,225.162063598633,147.855357487996,224.452117919922,96.4998579025269,0,75.1352309277183,245.945922851562,188.605520629883,171.050247192383,140.380304972331,102.661839687463,114.19455291748,0,167.790512084961,110.690502929687,146.921646118164,168.992096396054,61.6344501508056,98.5021898481581,92.6585935999135,213.830182756696,173.526062011719,246.963928222656,105.158489227295,0,0,128.616716384888
14.5701943176682,120.488383611043,115.666970168988,87.4494852478971,99.7814107688076,28.1631144687269,27.9632853464623,42.2936753116749,18.0103656952053,86.4176020259746,48.5516026976104,75.2276499207195,100.865630833036,92.7098552762097,9.25724643607948,75.0272121263587,137.996879577637,119.475153642467,109.566703406564,128.888725349806,105.417931147984,98.8506466080814,105.847475218541,105.730452049911,95.0159693313401,104.114355016638,130.033893135783,132.604601984705,92.8260629098962,20.1864916270209,57.3762600682676,117.179194641113,19.9582301795867,45.1973635993869,50.3139279120791,165.980867862701,161.986099243164,179.054674702306,118.36036769322,200.879689534505,0,175.987560769786,156.523596799225,175.417335655576,111.963028377957,183.869895582933,224.025184631348,202.998243331909,128.685482025146,178.849406930852,175.029781341553,167.542195638021,198.765908135308,0,179.701443990072,186.087852478027,186.005850791931,151.265788151668,177.498396786776,140.170098404212,133.658195495605,179.937692495493,176.284930759006,150.333091368735,174.866779425205,165.407918439593,0,227.695841471354,160.119015284947,166.999518330892
110.079776000977,103.122511765053,131.621497472127,72.7524529298147,56.8978863358498,13.1010342170851,12.4180153600881,79.3690805493688,34.9977720472639,27.4705165057506,66.0824186681843,180.374991522895,17.0240796195062,160.083143060858,75.0272121263587,7.45733621388422,145.460746765137,163.597413283128,181.155349731445,167.826493696733,46.5291472434998,161.002044677734,76.3616731245439,136.997621389536,44.475658012886,148.20674571991,157.762645555579,136.593970665565,86.7227807674768,104.539849382766,100.950275421143,186.703945922852,30.8573375834097,106.188002268473,137.205888523775,0,0,221.295425415039,95.3383598327637,147.108489990234,0,164.321266174316,148.037477111816,187.314136505127,52.1240692138672,177.337326049805,0,104.84651184082,201.798690795898,173.452880859375,81.282829284668,0,210.788955688477,0,0,0,0,0,0,146.77366027832,178.479682922363,182.086502075195,202.889623006185,160.801904678345,207.051559448242,0,0,0,0,0
126.783798217773,57.433434736161,97.2020038782164,40.7753792055484,88.7224349975586,0,152.221508026123,96.3540444867364,149.494410514832,82.1480377031409,135.373110198975,123.7325091362,0,137.256265258789,137.996879577637,145.460746765137,13.117680272844,107.407441772461,148.202891213553,125.431690999906,0,27.6668062058717,26.4418952986153,21.6583586806081,28.8763641835996,111.641247272491,122.493625045916,35.1342050673692,43.6209870741619,99.2975959400139,76.6730237767316,144.189598083496,0,72.6468554295992,89.0311710368175,134.680151939392,0,125.876415163972,72.9237357330322,0,0,172.850239562988,149.630748655738,166.856362479074,91.3069911532932,153.152493794759,191.988067626953,0,218.692169189453,152.966215345595,0,101.268188658215,144.862314664401,0,180.480621337891,0,116.361900579734,60.4795872167493,105.032914973862,115.290484837123,144.244094848633,159.968449910482,114.335026468549,122.924492719697,134.939005897159,122.398819406827,0,0,104.293357849121,132.987235546112
103.925533211949,53.7173066583124,46.6800218199008,71.7238142309218,146.707775963677,179.283162434896,138.182118618127,112.18299590096,129.271600627389,124.33636668943,132.513732870829,72.3396587371826,178.633261362712,114.112916128976,119.475153642467,163.597413283128,107.407441772461,13.2245677382318,70.2553643668864,29.4787431627166,173.4521484375,60.6008855280128,86.2397210730447,37.0044662041109,126.890438939704,96.1859047629616,38.6811151143072,72.4117632548374,115.485358695558,100.608131840777,77.3010470513853,115.102624644404,151.869654973348,81.3523408537001,45.4974798864765,173.525161743164,98.8996106928045,110.011094464601,79.5569976911153,199.146464029948,0,217.64274597168,186.5591156571,198.060972213745,148.788158961705,186.583687918527,143.896293640137,0,142.511906433105,193.163081956946,210.877296447754,143.631809416271,127.60943262736,141.089611053467,133.194769651993,0,155.001240599389,98.2820890290397,141.048920953825,170.252135947899,128.596118927002,117.22282336085,114.081780713122,171.242474246335,191.905995108865,167.464286804199,179.848022460938,0,158.038764953613,136.707009356955
141.930395126343,76.7060118965481,91.9790970096743,78.1880504901593,0,129.206438064575,126.505548095703,163.557208776474,116.751703913908,140.774016551482,161.32651810419,24.0083270991658,168.29620191786,50.3373795093248,109.566703406564,181.155349731445,148.202891213553,70.2553643668864,11.569798076289,20.4350300576575,171.520206451416,123.534471582483,105.331498336792,117.4543967458,160.388581514359,48.4694832393101,39.7636573836893,71.1176654887649,166.376053466797,107.623483221686,124.160314242045,57.8363532220948,92.4030753626968,115.396329879761,50.2446058923915,0,108.664111328125,151.722429911296,71.3759390830994,0,0,0,0,0,172.185053507487,235.778564453125,100.111274719238,0,99.0774084237906,0,0,0,181.899444580078,109.062361466257,123.159992980957,0,0,138.436489105225,180.634567260742,175.803110758464,78.2492799093557,106.893948976384,107.08422973285,228.401252746582,0,185.63053894043,117.889920915876,0,0,158.179270426432
127.990720012995,61.1998120330706,76.4448588054312,75.834386714737,167.781120300293,97.2276840209961,148.893361028035,142.066173358839,137.467523758335,133.689464483046,163.212815882796,31.8583238832219,149.823354721069,69.3197410756891,128.888725349806,167.826493696733,125.431690999906,29.4787431627166,20.4350300576575,12.7449094338855,166.578776041667,91.3987849121403,104.437298609206,85.5463080227327,142.451860996003,46.586085228359,36.7299043812036,71.0152655148089,141.994084073786,113.097688954018,97.2329586156081,65.9089132196763,95.096922132704,97.6509178690828,44.6600747045352,199.422790527344,109.532405641344,122.661620117187,85.0180970489002,212.880897521973,0,189.550704956055,195.703126089913,197.374018351237,168.703692966037,207.452471923828,122.143486386254,0,104.65983581543,218.968929714627,0,161.989540100098,127.841221869746,120.961248636246,119.627395327729,202.134887695312,163.765207290649,132.011909166972,158.344496213473,181.173732333713,91.7472122547238,107.606699818989,112.433098860661,194.528666178385,185.144195556641,189.804700349507,126.587763006037,0,157.260314941406,129.013399124146
96.58167775472,114.138214111328,136.435266222273,70.494757879348,14.4942897915041,118.585302352905,45.7286403027144,66.9804520274318,81.5322199446952,60.9990273822438,17.1768556145764,147.3434425354,13.2698973070939,0,105.417931147984,46.5291472434998,0,173.4521484375,171.520206451416,166.578776041667,8.02443488390181,168.190612792969,110.331413269043,172.312266031901,24.7211101963146,169.775993347168,179.301877702985,151.969662475586,32.5747595363193,105.858987058647,140.538057327271,0,123.136131286621,101.726992797852,101.848513501756,0,0,207.734550476074,111.989883422852,108.11153285946,0,146.131769021352,151.924338531494,161.275995107797,89.6817869706587,153.624718303412,0,14.4297495031586,0,198.305773417155,103.364405314128,0,0,0,0,64.2649864341902,0,206.256240844727,220.050277709961,109.610249416887,0,0,209.5107421875,143.038240002914,195.398686726888,0,0,0,147.551055908203,228.637145996094
79.5078850922761,97.6754713387325,66.3518036051494,59.8813637928603,113.335100809733,75.9729537963867,135.154880523682,67.5308464357517,107.025240772902,97.2044805380014,96.855836168925,102.400227079204,140.413976669312,158.910741632635,98.8506466080814,161.002044677734,27.6668062058717,60.6008855280128,123.534471582483,91.3987849121403,168.190612792969,13.0944808617724,57.8941024461929,34.321404853935,50.4472407684306,140.109877450126,115.226496700242,74.9257480294449,30.579611385055,64.5839002236076,32.0621295974064,146.51008605957,161.558006286621,45.9102819136624,47.1601635600609,150.1400488829,123.218517303467,143.955670801799,73.4023902699099,171.740898132324,0,182.5345287323,141.567926927046,162.574018181695,103.269827651978,165.483969254927,214.025672912598,0,0,159.347819224898,0,115.464595244299,161.643074580601,197.595001220703,180.919998168945,218.800491333008,121.567958271035,80.9909302794818,127.229123021031,119.342517386734,0,167.056592668806,139.257079810427,126.67059743897,142.894900402992,126.195245164675,0,0,125.706502096994,142.527033542065
93.9923689469047,24.4092221733517,63.5747170936404,32.0270526902312,68.5307179042271,92.002815246582,109.491193597967,83.3636473417282,98.7177309556441,26.4949022808439,105.95953641619,108.459271347314,76.6653111775716,90.4363317489624,105.847475218541,76.3616731245439,26.4418952986153,86.2397210730447,105.331498336792,104.437298609206,110.331413269043,57.8941024461929,9.03182255174537,55.9587769402201,28.4305245566295,76.0220675040514,100.849063212796,44.065518984551,58.6710527011512,76.5566936158702,60.2898902915168,110.621792973699,126.878395080566,57.0906225430068,73.2111158605867,111.503726078914,0,117.898114885603,65.597036645526,143.00771077474,0,149.454597473145,107.923904352021,127.657686485434,92.2947732925415,138.694448617788,162.468910217285,0,97.2233543395996,128.197158651149,0,61.2469770643446,126.530543518066,99.1220321655273,152.794160207113,141.728368123372,84.1410406881304,21.0750102664851,77.2027179974468,84.1960809848927,111.285939322578,141.989472961426,92.941348894678,98.2434846854504,107.895418133652,85.5222479622319,172.807571411133,189.873779296875,97.7244281768799,102.075967152913
90.1730687851722,94.706757301508,37.0357259582554,56.298181567761,127.272306442261,97.8952713012695,122.209844276087,79.4789326027648,112.209242078993,122.857227169738,99.7523201086897,99.5853165208695,148.616775512695,120.016354878743,105.730452049911,136.997621389536,21.6583586806081,37.0044662041109,117.4543967458,85.5463080227327,172.312266031901,34.321404853935,55.9587769402201,18.0889194879921,70.115391672234,154.948719787598,79.4970516064416,48.8438326828159,56.9585980962216,87.7763877998584,57.7934726936139,136.032656860352,148.896089826311,67.524547832068,56.9978973217341,159.016455078125,120.577085706923,105.543776987152,92.4669676218947,0,0,185.795321873256,156.868731643214,184.608527443626,115.553488787483,176.638191223145,195.656253814697,0,0,183.64335528287,194.265472412109,107.887061992911,154.293314088066,167.793131510417,168.691607581245,0,127.061580399105,73.5754420474115,112.300270015423,140.277674063658,0,155.150439042311,109.252379821682,146.964155583367,164.270635047326,140.718134623455,0,0,148.02293326638,131.51893157959
78.0889818166758,68.920463822469,106.278960975175,41.2883049179763,19.0755067729896,94.7164740562439,85.5571538483469,61.7712444643787,90.9222824164828,23.2689347213626,74.1420682602111,149.3119811271,28.4642666688661,135.588273977932,95.0159693313401,44.475658012886,28.8763641835996,126.890438939704,160.388581514359,142.451860996003,24.7211101963146,50.4472407684306,28.4305245566295,70.115391672234,12.4857047593394,116.158510236317,134.776260543823,84.7186382651562,23.3852386228042,84.0803456438234,75.3276532937708,149.074498494466,137.846221677719,75.6062679757989,91.5651888613996,132.336430827464,177.838258743286,155.146681292304,78.3136260223389,101.775306196616,131.858329772949,130.823144674636,118.040157558682,134.147483192872,63.0634204649156,128.291135753857,203.576087619947,91.437571138949,187.857070922852,141.72455594722,103.606063842773,124.594772338867,186.3934472891,237.756896972656,200.774222237723,114.469085855687,125.625454815951,101.813487329791,145.910454268308,94.5453252842936,170.346532185872,194.982501029968,160.668583383037,112.013085393859,140.871558791481,126.42556530848,181.331176757812,188.973508199056,124.814524763722,140.305602706781
0,26.2960328859368,105.4787940979,32.6376478919765,133.379653930664,0,133.610887527466,149.625930786133,104.213757514954,104.916522023345,184.363388061523,39.6612858923744,143.401646931966,24.9229231355611,104.114355016638,148.20674571991,111.641247272491,96.1859047629616,48.4694832393101,46.586085228359,169.775993347168,140.109877450126,76.0220675040514,154.948719787598,116.158510236317,10.0766416807373,43.2619735121727,28.524423120003,143.353883916681,96.4936235427856,144.413801193237,44.8227092417996,90.9753752814399,128.744441986084,63.4429903728206,163.731842041016,77.8616653891171,152.835141499837,40.4961185194756,194.06685256958,0,222.130325317383,197.180459594727,217.499740600586,136.216773986816,201.464889526367,68.2663608897816,0,64.4581498622894,236.437881469727,148.214431762695,180.577529907227,141.3427734375,97.764528910319,92.737798055013,0,158.185821533203,113.548470088414,174.299362182617,158.598285328258,50.1890676079727,77.7622301073497,76.7176009961664,173.637210845947,0,152.125289916992,86.4753430684408,0,0,105.376883873573
124.124337567541,51.838168155264,41.0809492584174,59.1620072133578,153.039755601149,147.60009765625,150.370616706642,124.409233507736,137.716439829309,121.382822527204,142.92890273693,32.9386893704584,170.667059091421,30.3533858692328,130.033893135783,157.762645555579,122.493625045916,38.6811151143072,39.7636573836893,36.7299043812036,179.301877702985,115.226496700242,100.849063212796,79.4970516064416,134.776260543823,43.2619735121727,18.4086353178721,41.7275922540123,134.947552906383,119.862435342872,115.444917696461,24.5907221053077,105.971656799316,121.207845875915,67.056379600016,180.641737365723,94.3614274932117,106.78739815353,74.6522230191995,217.952560424805,0,204.961853027344,184.456498827253,207.44247671274,173.94871198214,198.868335723877,115.460364763127,225.755443572998,100.281246966626,195.537690429688,203.006139755249,148.26715037028,111.944295427618,115.772057737623,108.35556033986,202.622268676758,154.232954624721,125.734264893965,146.19959293093,174.198960944788,79.1554436953563,98.8061765961542,100.30722303094,184.063515639887,180.737953694661,168.805453788943,116.232242785002,0,163.761108398438,117.348982722122
127.967233449927,35.9176439945865,32.3864749200997,41.1533733586888,122.075969500419,122.179552350725,142.904221289796,102.600499753754,134.679837980725,102.001721834078,134.850802885596,66.8750414101147,150.964819834783,37.6209242831465,132.604601984705,136.593970665565,35.1342050673692,72.4117632548374,71.1176654887649,71.0152655148089,151.969662475586,74.9257480294449,44.065518984551,48.8438326828159,84.7186382651562,28.524423120003,41.7275922540123,18.1011397250631,74.9747823882189,124.797446573051,109.854370947748,33.394473245486,117.447257787531,112.579647453795,73.9328835775046,168.003783226013,90.051631648366,97.5325184669579,60.7927606562978,175.136695168235,0,197.366286247007,161.886734985724,176.20175242424,158.832018958198,187.543405659993,122.478448134202,181.10360281808,97.2529904429118,180.386152872225,201.87935256958,111.238478309521,115.345060836437,124.545940361401,112.407739017246,200.541508483887,132.882781721141,68.6989554421286,110.692385799104,152.193716577737,82.3841629542431,102.667764049884,99.566028516004,153.228030111275,173.062662304572,157.358683121943,121.370709446498,197.126602172852,155.495897565569,119.066776987712
77.8582981109619,108.450879160563,87.5678494264946,61.2645104149861,20.1447767087967,129.373479207357,65.2391479358227,29.4206135247681,86.5351629817308,56.0323154773317,39.9552467617469,151.960304406973,42.7966453009393,170.013592720032,92.8260629098962,86.7227807674768,43.6209870741619,115.485358695558,166.376053466797,141.994084073786,32.5747595363193,30.579611385055,58.6710527011512,56.9585980962216,23.3852386228042,143.353883916681,134.947552906383,74.9747823882189,13.5042915959613,87.4373156349614,44.9783960916114,174.681411743164,137.032188960484,72.259566997398,80.0399724777815,137.268127793532,135.605850219727,159.761638143788,94.045864673371,130.031119013407,179.941352844238,139.227774685576,128.42998864862,144.560733420311,88.2173713263819,141.771731132006,205.604293823242,103.450203144445,0,152.713330053008,124.602350050403,125.080110549927,184.286517216609,192.782836914062,206.944816589355,135.577745724568,128.154016996685,107.20698150934,144.564660025115,104.364320467596,208.568425496419,209.596123831613,157.955293141544,125.266896657846,145.93177471366,129.988708603854,237.891815185547,207.21955871582,132.505417910489,147.377065084067
18.2720294314227,115.122778786553,116.698119437096,77.4094265986018,90.9787363431701,29.451925391393,47.9931134836201,59.8777089017643,37.2004088337801,78.8031818534233,95.6547622230518,64.8228095351968,106.927793828453,85.381781278872,20.1864916270209,104.539849382766,99.2975959400139,100.608131840777,107.623483221686,113.097688954018,105.858987058647,64.5839002236076,76.5566936158702,87.7763877998584,84.0803456438234,96.4936235427856,119.862435342872,124.797446573051,87.4373156349614,10.9009373227277,31.1478521947311,111.891313825335,13.7231532759731,17.8696200706422,43.6328977071536,152.801510846173,174.349700927734,174.522182888455,91.7753630624691,183.81554367963,0,172.302328491211,151.565359523919,167.067248117356,101.404317347209,172.430466461182,143.127639770508,178.057022094727,174.69319152832,169.000038417306,183.392055511475,140.813086191813,180.112572165097,197.246276855469,192.341952514648,198.369079589844,140.107628958566,109.02040962551,161.679904065813,128.611129700668,156.092079162598,176.220822811127,174.964945182526,138.951138926577,159.652154525908,141.673204411221,0,239.501113891602,147.617572126717,160.565977457407
35.1538237686384,103.539386455829,88.0009271945173,64.3259845614433,99.7077793121338,0,98.3534467061361,27.085032718711,88.1807847563117,69.3296076527348,80.7996936858969,111.867292146425,121.272678920201,150.096728238192,57.3762600682676,100.950275421143,76.6730237767316,77.3010470513853,124.160314242045,97.2329586156081,140.538057327271,32.0621295974064,60.2898902915168,57.7934726936139,75.3276532937708,144.413801193237,115.444917696461,109.854370947748,44.9783960916114,31.1478521947311,13.5990441901906,133.505477905273,116.528596496582,35.8588523730046,39.3405643125926,142.003909541111,146.482032775879,154.816186351161,81.9480778703066,155.0859375,0,160.537852393256,140.186701513727,156.803530698567,81.1688159493839,168.173053225955,207.333852132161,0,231.681533813477,158.027541089414,156.976135253906,123.239602426382,184.126611073812,232.590469360352,223.472244262695,0,126.905432764689,94.1726424653651,139.798196254632,118.358243511294,208.44921875,178.671385544997,156.520249372758,127.038395773352,146.688792196134,134.350243860362,178.483200073242,190.807266235352,134.015049818085,144.570432434082
0,67.6041970191064,93.1461375843395,78.1970106386671,0,0,151.041239420573,165.962695035067,123.304764457371,135.379083542597,180.2509765625,45.955512965167,162.71524810791,15.3967718609444,117.179194641113,186.703945922852,144.189598083496,115.102624644404,57.8363532220948,65.9089132196763,0,146.51008605957,110.621792973699,136.032656860352,149.074498494466,44.8227092417996,24.5907221053077,33.394473245486,174.681411743164,111.891313825335,133.505477905273,5.59751645269482,114.793757629395,142.81135559082,76.2644836300022,0,97.3682759602865,145.918472290039,74.7430657051705,0,0,0,241.073028564453,221.210311889648,145.406372070312,0,113.243896484375,0,93.1746913685518,0,0,0,141.868462562561,105.397432963053,117.710564931234,0,0,123.246503194173,189.814514160156,213.110972086589,80.2859377393536,107.823797109176,107.349175042188,230.048034667969,0,244.068237304688,110.653076171875,0,0,113.342594909668
76.9156494140625,111.641009521484,149.244937133789,143.948304176331,142.104080200195,11.9787754854959,14.9523251399024,122.779623822468,13.2839614559702,143.02853502546,122.033517820645,63.4280042551249,120.055337967411,82.8288166920344,19.9582301795867,30.8573375834097,0,151.869654973348,92.4030753626968,95.096922132704,123.136131286621,161.558006286621,126.878395080566,148.896089826311,137.846221677719,90.9753752814399,105.971656799316,117.447257787531,137.032188960484,13.7231532759731,116.528596496582,114.793757629395,5.18942845196696,51.8081689562116,39.6518502180058,219.286865234375,0,0,0,0,0,209.773971557617,178.068210601807,216.339467366536,0,244.908050537109,0,0,154.977523803711,216.042839050293,0,0,0,0,0,0,168.612503051758,0,177.994476318359,181.16552734375,140.888954162598,169.349514007568,155.875961303711,178.98216683524,210.814796447754,204.443842569987,0,0,0,0
48.6137014276841,123.882704598563,106.513031400483,63.2937162977478,82.1556600811838,140.98957824707,103.008085324214,76.2149205647231,81.1716784624986,71.2278374283402,92.8088791680443,96.9740997413536,104.723399891573,168.800257364909,45.1973635993869,106.188002268473,72.6468554295992,81.3523408537001,115.396329879761,97.6509178690828,101.726992797852,45.9102819136624,57.0906225430068,67.524547832068,75.6062679757989,128.744441986084,121.207845875915,112.579647453795,72.259566997398,17.8696200706422,35.8588523730046,142.81135559082,51.8081689562116,10.1830334025912,34.7296076966315,138.476165771484,178.578247070312,167.961435953776,80.4262738661333,166.508605957031,0,158.525852326424,138.227228124091,157.366267763335,88.4140112740653,160.065810259651,0,141.581531524658,0,160.564809918404,0,108.485868453979,206.386135864258,0,0,157.490299224854,128.012293158637,73.7806805201939,141.850524054633,118.953440522494,157.763488769531,177.226692199707,162.284756204356,127.136182733083,145.479064056839,127.340293884277,0,178.011291503906,132.959375,142.197605133057
62.5789880130602,67.5315868671124,68.0876945113241,69.1998175460448,91.6822034576793,41.9074114437761,71.5379905700684,96.4510782761513,60.5291356719148,97.721142489211,94.7696156480194,26.1279504613271,104.28801946079,64.7921754447363,50.3139279120791,137.205888523775,89.0311710368175,45.4974798864765,50.2446058923915,44.6600747045352,101.848513501756,47.1601635600609,73.2111158605867,56.9978973217341,91.5651888613996,63.4429903728206,67.056379600016,73.9328835775046,80.0399724777815,43.6328977071536,39.3405643125926,76.2644836300022,39.6518502180058,34.7296076966315,11.4487652344741,157.180833296342,107.29449005127,111.414345930462,82.4493856278677,190.8984375,0,174.015187431784,155.629418637572,168.329913548061,117.895514297485,183.284468650818,124.80689239502,169.151397705078,131.907963472254,172.666021219889,179.724868774414,126.869776850161,140.31224416097,152.08107648577,132.041256798638,191.880851745605,136.279954984591,91.4114239751076,126.75394401013,133.681356188895,100.610395703997,121.796616418021,117.627393260977,141.370670609063,168.833276089755,144.302445016256,144.55838394165,0,145.277027675084,141.263291893936
149.002502441406,133.697204589844,169.593180338542,87.3674131120954,219.413909912109,0,174.138480050223,141.202866660224,163.722318462297,93.2771911621094,183.422202216254,0,0,0,165.980867862701,0,134.680151939392,173.525161743164,0,199.422790527344,0,150.1400488829,111.503726078914,159.016455078125,132.336430827464,163.731842041016,180.641737365723,168.003783226013,137.268127793532,152.801510846173,142.003909541111,0,219.286865234375,138.476165771484,157.180833296342,15.0971960849369,122.575973510742,119.099988125338,81.7898205802554,96.6251355012258,0,97.331497111219,33.1879571622712,67.0237466086452,75.7277638753255,77.0529376008457,124.556230268406,109.849066598075,147.750499891198,24.7685258391576,105.027412414551,133.304124450684,113.452119359836,137.938771565755,123.606045376938,107.944042406584,91.2802417718091,86.1073448039867,105.102315029856,81.9159591469459,160.078086853027,133.776986559232,136.316801696777,88.8434623111643,23.9009946999492,32.6267216255694,160.125738525391,100.716082890828,48.196299716046,74.3029596793219
0,70.3554954528809,85.9952591605808,45.2556591033936,0,0,0,181.815673828125,0,132.255661010742,0,105.98380279541,0,105.780282156808,161.986099243164,0,0,98.8996106928045,108.664111328125,109.532405641344,0,123.218517303467,0,120.577085706923,177.838258743286,77.8616653891171,94.3614274932117,90.051631648366,135.605850219727,174.349700927734,146.482032775879,97.3682759602865,0,178.578247070312,107.29449005127,122.575973510742,9.02720065171329,45.8295337891411,17.0818734886055,0,140.600982666016,129.224718729655,125.376407824065,151.583538818359,74.0399910910836,162.537745157878,75.4288491010666,120.36582438151,54.3645036805351,141.953488349915,126.948793764468,41.3734993934631,56.5757209577058,83.2478966712952,62.8944235836782,0,98.8118048773871,24.443844592894,70.7359517175447,77.1094986388402,26.6436653786004,51.6657853222533,34.7195099401583,119.989882427713,120.373154163361,105.333528319402,77.2898680947044,0,101.300804138184,65.5056851428488
