13.8357427488424,116.409866333008,97.5456294066517,72.0496173338457,91.0035640659617,0,76.2920781988847,32.0601846651714,36.8109119909881,81.7114705624788,32.738444505571,108.123826068381,95.2748728213103,0,17.0984831998587,82.491221110026,108.604482014974,95.2161483803376,134.04466012808,118.608548661353,100.784864308883,79.1754641759963,101.771161859686,83.5453643319494,78.2172051265867,131.199111938477,115.172840852004,121.48051944931,74.9921521968152,16.1560738779622,30.9478173023482,158.41660563151,87.1172262338492,64.1025978585948,83.1544055938721,164.872787475586,0,156.432836914063,88.004719543457,112.328979492188,0,174.660158157349,160.505839157105,177.302449544271,121.938040161133,169.429178873698,0,145.318710327148,0,179.392105102539,162.418426513672,146.033476511637,0,0,200.622512817383,162.91584777832,160.733604431152,102.203637440999,169.333457946777,131.047687192506,0,191.956832885742,165.249620611017,141.311565240224,166.624029541016,163.826805114746,0,200.114013671875,0,148.317854309082
116.409866333008,6.84382127581269,50.0018137202543,11.6059164989508,0,0,135.182136535645,102.863570404053,137.27995300293,67.0969872665405,232.898300170898,56.6952677832709,94.3231262207031,43.8788759982947,133.20981004503,96.0986372629801,50.395847252437,54.5574282424091,69.8457489013672,64.5632475836802,0,79.2882516043527,22.5502346831413,75.746722968849,74.1057734422281,21.2862231147729,49.2584437313012,31.6888903000702,83.8861034227454,108.202085494995,103.239647759332,59.7175912145358,0,91.0936622619629,65.934353629748,0,37.6390701021467,68.4084150791168,20.6238766759634,0,0,0,135.575927734375,0,0,121.951148986816,127.940662384033,0,76.4193449020386,0,0,56.1725158691406,68.9862270355225,89.6428146362305,92.9520964622498,0,152.631088256836,29.6102746327718,96.1082674662272,143.674053955078,70.7498340606689,58.9246959686279,57.8914421237245,0,0,0,90.8102722167969,0,0,46.5914306640625
97.5456294066517,50.0018137202543,11.7060678662145,59.689432144165,137.066831861224,150.488159179688,127.558835395477,91.4922689844561,126.141472608944,98.6840641021729,113.13651311784,104.639318629674,121.725403729607,99.2652816772461,122.59164760814,140.182997131348,73.417132794857,37.1940874911284,90.6773743500581,71.9849830726524,157.635684967041,60.7281729072161,51.8042229525561,29.3903562276456,98.0584165633352,93.060184902615,29.9174567681619,35.8905866536147,82.2338576381542,118.516140501378,86.7528590501213,91.1393000284831,181.389999389648,85.1018737157186,63.317019292753,0,62.5251977443695,95.066238458208,91.5217029026577,194.861175537109,0,228.95849609375,157.543132203998,178.147113037109,162.089206695557,167.045104980469,146.193267822266,0,0,171.994983673096,0,103.80205653264,118.928804224188,0,152.03588104248,0,128.165418624878,58.8905347021003,101.184662602648,149.131588351342,0,105.967105865479,91.397350065665,154.117110116141,178.192573547363,149.669626024034,0,0,184.557968139648,97.9646892547607
72.0496173338457,11.6059164989508,59.689432144165,11.8439885069126,84.2823880513509,73.4500274658203,92.7963340065696,66.619707403336,85.2218743011731,15.6872757027397,101.793918927511,59.1120574315389,67.7995147705078,45.7769829986695,89.8322393798828,60.4043701171875,36.6885310104507,69.9408074838144,79.815528960455,71.5480735835744,147.020043690999,53.2020727824695,18.4039417300032,53.8712187557859,36.8278753559789,26.5012927511433,64.1781654702197,46.4017195894472,49.0583630385024,81.7842386873385,64.4403285059436,69.1423146132882,115.666191101074,63.9904360907418,68.0599078961781,96.7224025726318,18.3443335186351,67.7415396648905,16.9066835187145,93.9510921131481,0,96.3588120596749,84.4284861830414,106.64250831604,57.9351017951965,95.9295428240741,53.1197611490885,60.4740524291992,70.3355816927823,102.433778635661,78.4042854309082,50.3300580470836,72.6409411960178,100.915594736735,72.6145853996277,0,70.8069060643514,15.2198752675738,64.7603753366778,56.936772310447,35.8885711261204,66.7223020792007,56.825029123142,75.8020409963217,107.702910479377,77.2209715001723,153.184997558594,0,115.073449707031,68.8754092129794
91.0035640659617,0,137.066831861224,84.2823880513509,9.09010131796774,141.964447021484,57.2977790732133,64.3257644763891,94.6287429382061,56.4403839382515,23.2781588175396,147.661932203505,24.8878186286296,152.224632263184,106.091057631743,71.2341377314399,0,138.447345339019,174.91487121582,181.79373550415,12.6208721609925,130.990861075265,103.437550067902,119.556085733267,22.7846531370032,0,143.059811909993,133.60965750558,17.4926202927472,104.102671174872,109.127035595122,215.638259887695,129.24881883101,105.24933310116,95.9082640006062,162.090324401855,0,195.392791748047,83.2517913818359,13.5869719207402,0,100.280098978678,152.630794525146,127.108341217041,109.496721903483,47.2283560267666,0,26.986680709863,0,101.041793823242,110.274091084798,141.180366516113,0,0,0,16.261054880056,0,120.06372833252,0,98.1556892871857,0,0,200.942569732666,84.7545116901398,136.238864135742,215.630096435547,0,0,203.666732788086,139.398178100586
0,0,150.488159179688,73.4500274658203,141.964447021484,6.54545263682081,9.79017996069468,102.891287994385,18.250051165871,40.7613385518392,100.393453870501,43.678165435791,59.4569525467722,83.02663230896,47.1824847298699,13.4419884387735,0,157.218452453613,82.1611455281575,72.1780052185059,110.707314627511,134.787185668945,111.830688476562,122.632858276367,77.8734817504883,0,72.1501770019531,71.0436325073242,113.943310077374,26.7017267406387,156.148170471191,85.2732238769531,11.8914320890903,142.597427368164,31.3090994358063,0,0,0,0,0,0,0,0,0,0,0,0,0,0,0,0,173.389236450195,0,0,0,0,0,0,0,0,0,0,0,0,0,0,0,0,0,0
76.2920781988847,135.182136535645,127.558835395477,92.7963340065696,57.2977790732133,9.79017996069468,12.831931709202,59.8460063510176,22.4185157096546,58.9031225597157,36.5985409095135,82.4589331800287,21.5178596302247,119.144001324972,58.7669499222396,15.0654372412876,144.371065139771,135.879046478271,143.454077584403,142.912350753258,43.0895721420757,107.777495755988,116.529224819607,118.632637708615,79.6294857509553,103.939613342285,141.858866657702,144.322882526677,64.2963872954861,73.1164167369045,93.6752577947339,95.7522094726562,17.9725143942793,94.7285069465637,75.4019261303366,201.290985107422,0,189.300013224284,120.377051035563,133.174097151983,0,168.136176476112,163.489088578658,165.939882550921,123.51678276062,168.672622680664,0,133.227266947428,0,181.472142537435,129.925762176514,175.271873474121,0,0,0,148.199951171875,190.075042724609,117.552612304688,177.843053181966,136.379613859757,0,0,177.864618637983,154.015589627353,185.8410987854,195.265975952148,0,0,181.421844482422,148.710708618164
32.0601846651714,102.863570404053,91.4922689844561,66.619707403336,64.3257644763891,102.891287994385,59.8460063510176,11.3938970487105,59.1020933153362,62.1150726806435,14.5865982948553,134.926136119946,67.1351645643061,136.793340047201,40.0420175916517,72.9969185099882,93.7547471182687,104.472050506255,149.106568109422,136.240081698395,94.7410090824343,63.3343530073337,89.1461327870687,77.4697039665797,56.8802355455734,144.704490661621,112.356240230271,112.434140422357,30.5687574416542,55.212980072284,21.7166144223549,165.353439331055,115.207557941305,74.1364638610456,85.5394294315785,129.648048400879,111.936981201172,154.756054741996,78.7943916320801,139.452057410931,0,153.849672851563,133.146681728133,161.770557179171,109.02644147371,150.44807544653,0,132.61604309082,205.291030883789,171.956002512286,127.014907836914,139.953604656717,183.851608276367,0,0,134.338500976562,147.751828511556,121.472181432387,155.3707948882,116.066325804003,0,220.289901733398,153.675274090889,130.617519639602,163.339805603027,146.696692693801,0,0,141.736977895101,138.322567531041
36.8109119909881,137.27995300293,126.141472608944,85.2218743011731,94.6287429382061,18.250051165871,22.4185157096546,59.1020933153362,12.4256235966687,90.4998569488525,35.288666425542,68.5825364800948,75.390265299168,81.1325534638904,17.9531443867867,31.0670846442799,124.380508422852,122.714615273713,113.37934753418,125.07611872849,90.3314427865945,106.162737694339,112.780452630459,114.872856686033,92.0918286809241,115.39838663737,140.011607151974,139.766946136311,80.4143115772921,39.6982671273637,80.4071321168014,131.399814439856,24.5820847924687,98.5501729420253,55.4919465316494,169.004287719727,141.174514770508,169.717727661133,99.7430774854577,134.96127482823,192.527374267578,174.503258666992,166.359106940192,181.275445302327,141.573754882812,178.258840387518,237.652297973633,150.246083577474,0,183.286535824046,147.258781433105,126.953546524048,0,0,0,168.194030761719,185.281578063965,134.830878121512,187.313604501578,142.26851818322,0,215.910949707031,182.832063462999,153.224966440769,183.817698974609,166.30615234375,0,221.638687133789,169.291198730469,167.967198689779
81.7114705624788,67.0969872665405,98.6840641021729,15.6872757027397,56.4403839382515,40.7613385518392,58.9031225597157,62.1150726806435,90.4998569488525,8.70674511814094,60.7587021478538,129.493691621003,7.41558639457032,108.749804785085,96.9396602953251,15.3742152276844,54.8196512491275,111.303128216718,137.897612508138,124.424225597847,17.2978864782948,48.1642809973823,31.5811973180265,92.273065498897,21.6770070331656,93.4408362769327,110.075111834672,88.7116744636644,48.0289899481886,83.9262782330494,68.8336418426789,122.76090612167,117.251068115234,63.2990940856934,73.5595661549086,0,66.7159423828125,100.642723083496,49.670118560791,124.191526412964,129.441436767578,150.838701883952,122.446283976237,121.585037231445,88.7363155909947,107.723453945584,0,68.1436233520508,0,132.803577423096,0,114.71573638916,153.135177612305,0,153.859909057617,0,109.956570943197,0,120.579197474888,94.7165416948723,145.112297058105,135.479700724284,148.887132343493,108.053849750095,133.725270589193,96.6876754760742,156.832786560059,0,115.82844543457,131.431854248047
32.738444505571,232.898300170898,113.13651311784,101.793918927511,23.2781588175396,100.393453870501,36.5985409095135,14.5865982948553,35.288666425542,60.7587021478538,10.6298334821414,133.050997802734,28.1848146356478,160.500639481978,48.9576701241213,62.2991389377861,121.054623921712,131.522403230854,156.375390625,157.919505741285,19.1641960046138,90.6843042146592,109.139999898275,106.360815085863,58.3815374119397,157.791381835938,130.964643686759,134.067150959926,24.4455031558852,100.587819837354,81.5643404879311,183.332465035575,117.188988264217,95.4267609490289,97.5910465963956,0,0,167.05234375,102.871577739716,38.8875732068662,0,167.382255554199,155.141278353604,182.429107666016,113.856325149536,166.368664550781,0,147.170781453451,0,243.844299316406,0,157.523178100586,0,0,0,165.101119995117,0,145.680236816406,165.841458129883,133.08047320048,0,0,168.345889282227,160.841683523996,175.3671875,152.451572418213,0,0,194.19292195638,239.400337219238
108.123826068381,56.6952677832709,104.639318629674,59.1120574315389,147.661932203505,43.678165435791,82.4589331800287,134.926136119946,68.5825364800948,129.493691621003,133.050997802734,11.3776445419199,120.91682434082,19.9064173364185,68.8909766105226,139.989322662354,107.60439046224,47.9392278160205,17.5541522735334,19.3895597489895,135.363106258332,115.772298431396,82.5198172944965,101.381027064911,132.430073405421,34.5847306936933,18.7317021869591,53.0621975053351,143.336168670654,58.7082126617432,117.992887454563,17.6180051638517,52.9796276877908,78.4224877357483,24.2288097623198,0,82.5129995346069,127.070213317871,74.1432484218052,142.398315429688,0,0,0,0,0,0,83.2191375732422,0,76.1318834665659,0,192.09001159668,0,112.437207539876,95.9421848720974,96.3205022078294,0,0,97.2720031738281,142.758903503418,187.56923828125,64.796363390409,90.1201004615197,90.7460272505477,195.040735880534,167.618148803711,0,93.6602519642223,0,203.841903686523,115.940299987793
95.2748728213103,94.3231262207031,121.725403729607,67.7995147705078,24.8878186286296,59.4569525467722,21.5178596302247,67.1351645643061,75.390265299168,7.41558639457032,28.1848146356478,120.91682434082,11.8130306985086,136.320693969727,98.3963200400857,15.5094921148135,0,131.582194010417,176.054092407227,145.858264042781,16.3528429417615,91.2027028401693,73.2725201924642,144.665404068796,15.5008059745608,167.089012145996,146.166685376849,133.731390816825,45.2910243259026,98.8252267720938,102.860783100128,154.751408894857,106.512689927045,107.993424309625,97.1436825046292,0,0,0,73.1971492767334,46.9185580565379,0,133.677865982056,173.156772613525,184.912267049154,135.317330932617,141.61653137207,0,108.295951843262,0,0,0,0,0,0,0,0,0,128.112121582031,164.568435668945,114.878542813388,0,0,194.803268432617,126.685865129743,0,0,0,0,0,0
0,43.8788759982947,99.2652816772461,45.7769829986695,152.224632263184,83.02663230896,119.144001324972,136.793340047201,81.1325534638904,108.749804785085,160.500639481978,19.9064173364185,136.320693969727,7.87666961500249,89.9270123662175,135.56421661377,107.320126342773,111.23669388715,50.4689522793418,55.1583158930794,149.398914337158,103.389410018921,64.7679335923628,116.753352238582,118.293835440347,21.9100766704658,28.3576820707086,30.7017735764384,132.083888876027,89.3285006205241,145.267035166423,14.1295940750148,75.9471810080788,171.127777099609,46.5638764653229,0,72.2019515037537,121.243263244629,49.3700954149354,0,0,0,0,0,0,0,80.3742576054164,0,68.0116362980434,127.980804443359,201.166061401367,148.919204711914,118.6811378479,87.4120475427428,92.9118470205388,0,0,103.912364959717,133.505020141602,168.658365885417,61.0118495478775,86.2654810564234,84.2453523627816,0,0,185.419906616211,82.6173326828901,0,0,88.413082546658
17.0984831998587,133.20981004503,122.59164760814,89.8322393798828,106.091057631743,47.1824847298699,58.7669499222396,40.0420175916517,17.9531443867867,96.9396602953251,48.9576701241213,68.8909766105226,98.3963200400857,89.9270123662175,9.9719389065039,64.8836806350284,136.531528179462,114.838805013169,117.316455602646,122.729024750846,102.987702878374,97.9747130187631,111.555715224322,106.381408669398,94.3225748200601,156.952445983887,139.418160829789,136.931831462195,90.2661623298516,25.8760276881665,66.0667848047332,112.407865109651,22.1610211652402,60.034761428833,55.1039598296493,163.315322875977,0,169.517820570204,107.604737131219,154.736097916313,0,181.561243286133,168.568238830566,188.806566619873,143.212290082659,184.303586578369,0,141.80859375,0,186.907245033666,141.231033325195,156.114915030343,222.915222167969,160.059707641602,160.811096191406,225.801712036133,195.264686584473,114.972760009766,179.464718409947,146.189830146592,0,208.451084136963,175.707592986351,157.790443656371,188.343755722046,161.017768496559,172.465393066406,0,168.263885498047,181.44118347168
82.491221110026,96.0986372629801,140.182997131348,60.4043701171875,71.2341377314399,13.4419884387735,15.0654372412876,72.9969185099882,31.0670846442799,15.3742152276844,62.2991389377861,139.989322662354,15.5094921148135,135.56421661377,64.8836806350284,8.52009862450609,143.902755737305,136.585154215495,0,160.706354777018,49.4902699191267,78.7320976257324,71.1902446746826,147.45238494873,42.2793137167529,123.091059875488,146.111740112305,125.225659688314,72.2587755017164,88.1850241731714,93.5306833055284,148.881683349609,32.4244561394056,95.9956410725911,54.5599412918091,0,0,0,90.4339828491211,170.108306884766,0,0,0,0,0,177.131011962891,0,224.586669921875,0,147.750762939453,0,176.421325683594,0,0,0,0,0,0,0,134.551666259766,0,0,161.740585327148,135.303592681885,0,0,0,0,0,0
108.604482014974,50.395847252437,73.417132794857,36.6885310104507,0,0,144.371065139771,93.7547471182687,124.380508422852,54.8196512491275,121.054623921712,107.60439046224,0,107.320126342773,136.531528179462,143.902755737305,12.0469987210665,93.103664289202,115.705243428548,104.663133144379,115.216094970703,25.144493433398,25.5056982890587,24.1983652508859,32.0762596268107,91.7979061889648,95.1077536157815,25.5303782865179,38.4612962649033,107.466052867748,79.3332474490246,121.452298482259,191.215759277344,77.1913909912109,69.8898497332493,0,123.078460693359,97.5059793406519,58.1216757202148,141.949813842773,0,169.095458984375,139.05823135376,137.679534912109,0,139.709182739258,0,0,0,149.278854370117,0,84.2940171332586,114.122792561849,0,0,0,111.935484190245,54.025614534871,94.0650258461074,111.769025564194,0,143.157676696777,90.9535259177468,124.128014841387,163.950904846191,121.583097185407,0,0,185.651733398438,105.545663833618
95.2161483803376,54.5574282424091,37.1940874911284,69.9408074838144,138.447345339019,157.218452453613,135.879046478271,104.472050506255,122.714615273713,111.303128216718,131.522403230854,47.9392278160205,131.582194010417,111.23669388715,114.838805013169,136.585154215495,93.103664289202,10.4647300998096,47.4146832252035,24.3633776531788,162.622681837815,62.6378863997917,70.157865805375,31.1602340997601,117.381653378549,67.009533145211,30.8001144173283,59.8335274017499,109.707926581888,72.4062385488494,76.5339223130305,76.6353898555674,102.827864907005,72.6344813982646,24.5629174353529,164.794036865234,87.2243787977431,107.296131134033,72.7521662558279,195.506072998047,0,199.31987508138,180.83286176409,193.233102416992,154.513717651367,204.730599975586,122.263618469238,167.804046630859,103.412101745605,160.397094726562,0,145.147149658203,128.439649369982,0,128.729336131703,0,159.555679321289,71.1144074576242,132.382237174294,171.052638530731,83.6729867117746,105.935251712799,104.686708510434,175.927466256278,204.233291625977,166.711433410645,0,0,0,118.464391326904
134.04466012808,69.8457489013672,90.6773743500581,79.815528960455,174.91487121582,82.1611455281575,143.454077584403,149.106568109422,113.37934753418,137.897612508138,156.375390625,17.5541522735334,176.054092407227,50.4689522793418,117.316455602646,0,115.705243428548,47.4146832252035,7.64954213822822,13.1684905053032,151.995121547154,113.968423323198,91.0177762261752,101.562433123589,141.769337874192,47.2608572395755,26.1318828466959,60.4255712870633,152.813077486478,100.385583159744,121.962083899457,49.4474698407761,76.6332427978516,108.083562215169,52.9153397777293,0,96.2955841064453,139.539306640625,78.7234382629395,0,0,0,0,0,0,221.734710693359,89.5079520896629,0,86.0604299347976,0,0,0,123.566549682617,99.5618429378587,103.172729492188,0,0,0,0,195.987777709961,71.9045234093299,104.211823640046,100.419809148553,0,193.812652587891,0,94.5467636108398,0,180.608306884766,109.630634307861
118.608548661353,64.5632475836802,71.9849830726524,71.5480735835744,181.79373550415,72.1780052185059,142.912350753258,136.240081698395,125.07611872849,124.424225597847,157.919505741285,19.3895597489895,145.858264042781,55.1583158930794,122.729024750846,160.706354777018,104.663133144379,24.3633776531788,13.1684905053032,9.82570834454959,166.845131874084,108.397949817134,88.8815247564033,77.7813160786262,135.077045951922,48.2878053711682,25.0192933269274,59.0689200236072,150.451794114224,102.311639441065,109.281311893463,53.4724654063844,85.84688725191,97.1074039234835,41.8958147285651,0,99.6893675062392,113.733115302192,60.4544375875722,225.541229248047,0,0,201.777114868164,0,151.993240356445,0,97.5867981329197,0,83.2007959211195,0,0,138.752288818359,116.181339645386,101.035962041219,100.465596330275,0,0,128.165925979614,153.338044908312,179.106399536133,66.2333774972469,95.0242294721155,95.2917041903228,198.125919342041,0,146.771591186523,106.216843605042,0,0,102.228443908691
100.784864308883,0,157.635684967041,147.020043690999,12.6208721609925,110.707314627511,43.0895721420757,94.7410090824343,90.3314427865945,17.2978864782948,19.1641960046138,135.363106258332,16.3528429417615,149.398914337158,102.987702878374,49.4902699191267,115.216094970703,162.622681837815,151.995121547154,166.845131874084,10.5497918254927,135.975875854492,140.268686930339,153.75611038208,19.8982805806173,0,159.913553873698,172.415135433799,27.5010879197768,100.678887158328,135.605870173528,177.590118408203,120.215786860539,100.713544845581,98.5224585038197,0,0,0,129.478444417318,14.235663382725,0,0,165.772155761719,0,125.974319458008,0,0,141.018218994141,0,0,125.284275054932,0,0,0,0,0,0,157.262268066406,210.316467285156,169.530548095703,0,0,201.961822509766,210.355880737305,217.05094909668,0,0,0,0,155.482376098633
79.1754641759963,79.2882516043527,60.7281729072161,53.2020727824695,130.990861075265,134.787185668945,107.777495755988,63.3343530073337,106.162737694339,48.1642809973823,90.6843042146592,115.772298431396,91.2027028401693,103.389410018921,97.9747130187631,78.7320976257324,25.144493433398,62.6378863997917,113.968423323198,108.397949817134,135.975875854492,13.0256040295954,53.9956155052352,29.1316202187949,31.8051074644545,108.297277069092,106.54595842274,83.7635739556839,35.0912473759467,59.7458523936782,26.9692156818165,142.410110473633,121.125720977783,50.1158011562108,41.0242210643747,133.091604232788,0,135.374247233073,73.0060420368993,0,0,172.728004455566,146.731376647949,166.525891113281,99.694637298584,158.311613900321,0,0,0,151.995147705078,138.493789672852,104.049857892488,161.656875610352,0,0,0,113.111391846563,77.6493516921997,117.68795187105,111.050668181566,0,138.568756103516,125.281120709011,118.361846624636,150.796156819661,120.416538037752,0,0,117.911224365234,108.731790161133
101.771161859686,22.5502346831413,51.8042229525561,18.4039417300032,103.437550067902,111.830688476562,116.529224819607,89.1461327870687,112.780452630459,31.5811973180265,109.139999898275,82.5198172944965,73.2725201924642,64.7679335923628,111.555715224322,71.1902446746826,25.5056982890587,70.157865805375,91.0177762261752,88.8815247564033,140.268686930339,53.9956155052352,8.99365879068015,50.6847024188616,33.9906055792604,52.6199381018404,75.2930972025945,34.6856380261149,50.2727383650641,90.6223027629237,76.4827666630019,84.8615886319068,159.522705078125,78.5542377744402,67.9992140836494,111.843254089355,33.6479710665616,65.79617915434,59.2617121609775,109.227691650391,0,120.790584564209,116.013181050618,151.308090209961,0,109.718086242676,118.472277323405,209.791397094727,116.674936930339,164.722229003906,111.641815185547,51.8021175421557,110.853054046631,137.780822753906,119.091021728516,0,89.9933066368103,16.1208830616691,65.8510848668617,98.2092866030606,96.2719116210938,126.402036031087,60.413320196086,118.875947851884,134.330825805664,94.337370300293,0,0,0,68.9588443756104
83.5453643319494,75.746722968849,29.3903562276456,53.8712187557859,119.556085733267,122.632858276367,118.632637708615,77.4697039665797,114.872856686033,92.273065498897,106.360815085863,101.381027064911,144.665404068796,116.753352238582,106.381408669398,147.45238494873,24.1983652508859,31.1602340997601,101.562433123589,77.7813160786262,153.75611038208,29.1316202187949,50.6847024188616,16.8152847201638,58.1216544497413,106.525609184714,64.8712761810119,45.2233893927805,55.8393612324581,65.5981525815897,54.6197479686473,106.814183321866,128.57174428304,64.3284351747115,48.4068420280443,179.920913696289,76.4626512527466,105.123927832997,87.6171036770469,163.20626449585,0,191.371526082357,156.02668762207,180.166122436523,165.795009613037,166.3955078125,0,0,0,176.696177164714,0,95.2011191935479,137.442652775691,156.913121541341,169.030120849609,0,122.364671675885,70.6506210866601,106.23918540805,138.447917884504,0,155.577883402507,102.294867767762,148.757985229492,178.0234375,144.103452954974,0,0,146.819889068604,114.475057983398
78.2172051265867,74.1057734422281,98.0584165633352,36.8278753559789,22.7846531370032,77.8734817504883,79.6294857509553,56.8802355455734,92.0918286809241,21.6770070331656,58.3815374119397,132.430073405421,15.5008059745608,118.293835440347,94.3225748200601,42.2793137167529,32.0762596268107,117.381653378549,141.769337874192,135.077045951922,19.8982805806173,31.8051074644545,33.9906055792604,58.1216544497413,10.1677101422682,102.352560926367,114.904086077655,84.4792484026375,19.6508772275079,88.2118708879612,71.5315822394725,133.577449798584,122.775978537167,73.249445968473,80.0320728958033,129.145873458297,79.9367179870605,139.818717638652,59.0127204807325,114.76232292297,119.985313415527,135.147683303722,123.109705817181,150.49887985781,91.0505646181778,135.50414394688,198.278361002604,108.338167650946,204.457717895508,144.939276504517,120.907847086589,100.708937937125,170.193509783064,0,212.473002115885,121.882038752238,113.131316689884,71.0640413050066,115.912537077944,98.8654326466119,0,170.910247802734,139.798648452759,112.776801105357,141.076972602395,119.659201254056,0,182.572387695312,127.46479095459,133.789510938856
131.199111938477,21.2862231147729,93.060184902615,26.5012927511433,0,0,103.939613342285,144.704490661621,115.39838663737,93.4408362769327,157.791381835938,34.5847306936933,167.089012145996,21.9100766704658,156.952445983887,123.091059875488,91.7979061889648,67.009533145211,47.2608572395755,48.2878053711682,0,108.297277069092,52.6199381018404,106.525609184714,102.352560926367,8.7724854220001,42.2620258638936,29.1109299453409,113.592767987932,116.583499654134,122.127706255232,43.1002850458889,59.0677261352539,108.884860992432,62.7985806320653,0,51.8171838124593,102.277714729309,36.6670803115481,0,0,0,154.328720092773,0,117.541297912598,0,58.1059211524757,0,47.7049325736793,194.401306152344,0,144.84204864502,93.0515310499403,72.9873852085423,71.4201278108539,0,0,64.5072453816732,133.567927042643,130.514483133952,35.8394816961044,69.0195118980686,67.6479496294565,0,0,167.71614074707,66.4650268554688,0,0,80.5587019920349
115.172840852004,49.2584437313012,29.9174567681619,64.1781654702197,143.059811909993,72.1501770019531,141.858866657702,112.356240230271,140.011607151974,110.075111834672,130.964643686759,18.7317021869591,146.166685376849,28.3576820707086,139.418160829789,146.111740112305,95.1077536157815,30.8001144173283,26.1318828466959,25.0192933269274,159.913553873698,106.54595842274,75.2930972025945,64.8712761810119,114.904086077655,42.2620258638936,13.7967502990702,32.4008094897558,112.665733689933,123.879593816297,105.13583278656,23.2520270380832,117.072357177734,115.944783782959,58.8479476775099,185.617752075195,65.8382350921631,102.705797312211,52.1208378223891,0,0,0,180.159149169922,0,0,182.974955240885,100.795150365585,0,82.4405675615583,165.220352172852,0,118.540103488498,112.201656422717,99.6952354580748,100.595735095796,0,151.27490234375,86.8806621844952,139.468840099516,159.339773995536,67.8049953400143,93.7613112796005,91.2407651062471,181.39374433245,168.163459777832,160.212008666992,111.016589355469,0,212.383590698242,103.661891439687
121.48051944931,31.6888903000702,35.8905866536147,46.4017195894472,133.60965750558,71.0436325073242,144.322882526677,112.434140422357,139.766946136311,88.7116744636644,134.067150959926,53.0621975053351,133.731390816825,30.7017735764384,136.931831462195,125.225659688314,25.5303782865179,59.8335274017499,60.4255712870633,59.0689200236072,172.415135433799,83.7635739556839,34.6856380261149,45.2233893927805,84.4792484026375,29.1109299453409,32.4008094897558,14.3633101896922,85.4228504199829,117.887201664741,106.428003836773,21.9886087881841,145.285502624512,108.255407144735,63.8706311206749,175.544209798177,60.9075077672159,90.4138954065408,53.0877888405371,172.10179901123,0,181.036659240723,150.32525551966,177.118335499483,150.936417897542,162.85807079739,100.164432618676,0,88.1733721778506,178.555966463956,0,85.7687988822891,105.738895557545,102.737896435881,104.312432127179,158.959976196289,119.528008094201,54.3890811359181,98.5774231434182,142.65641708374,74.0014165914976,93.352090126926,86.3641862709973,144.166349631089,182.694826761882,143.59407749176,103.145217514038,0,219.636093139648,105.774157240584
74.9921521968152,83.8861034227454,82.2338576381542,49.0583630385024,17.4926202927472,113.943310077374,64.2963872954861,30.5687574416542,80.4143115772921,48.0289899481886,24.4455031558852,143.336168670654,45.2910243259026,132.083888876027,90.2661623298516,72.2587755017164,38.4612962649033,109.707926581888,152.813077486478,150.451794114224,27.5010879197768,35.0912473759467,50.2727383650641,55.8393612324581,19.6508772275079,113.592767987932,112.665733689933,85.4228504199829,11.7042363179932,87.5372080350999,37.8693138354912,154.497160339355,129.412232262748,64.0319230228,72.1264060028506,132.848806381226,112.008995056152,157.000175074527,68.8504342079163,19.0249490350025,0,134.648671176455,127.712928996367,152.908428083147,101.30628152994,84.8710399351485,144.360397338867,84.0374233790806,212.386505126953,148.117493974402,116.651672363281,111.930417874964,158.242431640625,0,220.28889465332,53.9198393583298,121.189992234514,94.9208958066743,130.8299836872,105.30273371571,0,178.875610351562,142.781679695899,89.9034348986535,146.210974977728,123.854553612479,0,185.76798248291,128.997361319406,137.742984771729
16.1560738779622,108.202085494995,118.516140501378,81.7842386873385,104.102671174872,26.7017267406387,73.1164167369045,55.212980072284,39.6982671273637,83.9262782330494,100.587819837354,58.7082126617432,98.8252267720938,89.3285006205241,25.8760276881665,88.1850241731714,107.466052867748,72.4062385488494,100.385583159744,102.311639441065,100.678887158328,59.7458523936782,90.6223027629237,65.5981525815897,88.2118708879612,116.583499654134,123.879593816297,117.887201664741,87.5372080350999,12.2558208361519,24.8727771510448,103.938675350613,10.3414152146767,19.4530305607075,38.1451339166344,173.694667469371,149.086826324463,144.967889959162,100.467581411508,129.525467395782,0,179.905391693115,151.311741438068,164.291732788086,137.612841924032,172.0997405582,0,151.875196838379,0,184.982896747011,142.125137329102,138.519362131755,0,151.299156188965,138.575035095215,172.633648681641,147.379629516602,123.145825195312,165.434781816271,135.558662097437,0,201.942235310872,164.595325138258,148.234242401123,172.54825686102,146.164571838379,0,229.195327758789,166.974220275879,164.593145671644
30.9478173023482,103.239647759332,86.7528590501213,64.4403285059436,109.127035595122,156.148170471191,93.6752577947339,21.7166144223549,80.4071321168014,68.8336418426789,81.5643404879311,117.992887454563,102.860783100128,145.267035166423,66.0667848047332,93.5306833055284,79.3332474490246,76.5339223130305,121.962083899457,109.281311893463,135.605870173528,26.9692156818165,76.4827666630019,54.6197479686473,71.5315822394725,122.127706255232,105.13583278656,106.428003836773,37.8693138354912,24.8727771510448,11.5132494899832,143.921354293823,118.322840372721,29.7518529283702,36.7208475710594,155.073941548665,0,147.393669128418,73.9955656571822,143.314519246419,0,162.560848236084,144.11842543079,177.624598185221,124.359875996908,159.679061889648,175.091903686523,0,169.588943481445,163.498122660319,164.014083862305,119.966105506534,0,0,181.822341918945,174.027679443359,129.068270169772,90.0200108614835,138.325782363479,119.357563263515,189.972915649414,201.099304199219,143.210193089076,130.883544527251,153.671474138896,126.2916418893,0,0,140.863689422607,141.441279820033
158.41660563151,59.7175912145358,91.1393000284831,69.1423146132882,215.638259887695,85.2732238769531,95.7522094726562,165.353439331055,131.399814439856,122.76090612167,183.332465035575,17.6180051638517,154.751408894857,14.1295940750148,112.407865109651,148.881683349609,121.452298482259,76.6353898555674,49.4474698407761,53.4724654063844,177.590118408203,142.410110473633,84.8615886319068,106.814183321866,133.577449798584,43.1002850458889,23.2520270380832,21.9886087881841,154.497160339355,103.938675350613,143.921354293823,7.24429631515606,93.6184018452962,0,62.9678013871356,0,95.8277160644531,0,66.8555250167847,0,0,0,185.911590576172,0,194.371978759766,0,91.3377489921374,0,81.4098949432373,0,0,128.912750244141,122.897716946072,100.812872314453,105.271731192606,0,0,152.95825958252,0,211.753784179688,70.4455927068537,96.8770411976597,96.7484970092773,0,142.479278564453,0,99.0549011230469,0,0,105.077843560113
87.1172262338492,0,181.389999389648,115.666191101074,129.24881883101,11.8914320890903,17.9725143942793,115.207557941305,24.5820847924687,117.251068115234,117.188988264217,52.9796276877908,106.512689927045,75.9471810080788,22.1610211652402,32.4244561394056,191.215759277344,102.827864907005,76.6332427978516,85.84688725191,120.215786860539,121.125720977783,159.522705078125,128.57174428304,122.775978537167,59.0677261352539,117.072357177734,145.285502624512,129.412232262748,10.3414152146767,118.322840372721,93.6184018452962,6.7944751313013,55.6128597259521,36.1356914261012,0,0,0,0,0,0,0,0,209.269104003906,0,191.150146484375,0,0,0,0,0,0,0,0,0,0,0,0,229.572067260742,179.977710723877,0,0,0,194.351829528809,0,0,0,0,0,0
64.1025978585948,91.0936622619629,85.1018737157186,63.9904360907418,105.24933310116,142.597427368164,94.7285069465637,74.1364638610456,98.5501729420253,63.2990940856934,95.4267609490289,78.4224877357483,107.993424309625,171.127777099609,60.034761428833,95.9956410725911,77.1913909912109,72.6344813982646,108.083562215169,97.1074039234835,100.713544845581,50.1158011562108,78.5542377744402,64.3284351747115,73.249445968473,108.884860992432,115.944783782959,108.255407144735,64.0319230228,19.4530305607075,29.7518529283702,0,55.6128597259521,9.68464589231627,25.8988598379397,178.997375488281,0,144.108581542969,84.8108901977539,148.207458496094,0,160.495244344076,137.783609278062,164.627307128906,113.427113342285,177.419479370117,0,169.501167297363,0,155.830223083496,153.048336029053,106.729327392578,144.614776611328,0,0,0,132.422943115234,99.2023620605469,142.816202799479,119.043506506718,0,143.841186523438,136.008616129557,132.747902243478,170.572914971246,137.710639260032,0,0,140.242528915405,148.596308390299
83.1544055938721,65.934353629748,63.317019292753,68.0599078961781,95.9082640006062,31.3090994358063,75.4019261303366,85.5394294315785,55.4919465316494,73.5595661549086,97.5910465963956,24.2288097623198,97.1436825046292,46.5638764653229,55.1039598296493,54.5599412918091,69.8898497332493,24.5629174353529,52.9153397777293,41.8958147285651,98.5224585038197,41.0242210643747,67.9992140836494,48.4068420280443,80.0320728958033,62.7985806320653,58.8479476775099,63.8706311206749,72.1264060028506,38.1451339166344,36.7208475710594,62.9678013871356,36.1356914261012,25.8988598379397,11.4857685151893,145.270843505859,79.5787544250488,108.183329532021,75.1409301757812,112.922437032064,0,155.100226266044,149.208552042643,154.361183166504,94.3759384155273,153.191343827681,108.710830688477,173.564407348633,82.65203221639,162.228063310896,0,107.905003267176,115.511212666829,126.946871948242,117.832084655762,0,141.265910148621,66.1477723121643,127.148912702288,124.844277966407,75.1442939758301,108.064501675692,104.577690755514,138.420386178153,163.775960540771,135.40154876709,124.543998718262,215.422225952148,145.136407470703,141.404289245605
164.872787475586,0,0,96.7224025726318,162.090324401855,0,201.290985107422,129.648048400879,169.004287719727,0,0,0,0,0,163.315322875977,0,0,164.794036865234,0,0,0,133.091604232788,111.843254089355,179.920913696289,129.145873458297,0,185.617752075195,175.544209798177,132.848806381226,173.694667469371,155.073941548665,0,0,178.997375488281,145.270843505859,11.3185824305382,105.638975524902,106.667279310629,72.6584454345703,83.4755066287133,57.2392082214355,74.6368628770877,25.5026571427061,49.5892574946086,74.3040033976237,60.6244796291812,112.147258758545,90.6157697041829,0,29.1632213768106,58.645396232605,88.9390783309937,97.4917077873692,121.820238749186,115.799510329517,105.89225769043,73.5585897638557,73.3663851420085,89.5501194515744,74.7095075251196,0,104.884432262845,112.38086858042,74.7261104830168,19.3486333712943,21.9801308709949,0,82.32011113848,38.4721058643225,63.4751953451257
0,37.6390701021467,62.5251977443695,18.3443335186351,0,0,0,111.936981201172,141.174514770508,66.7159423828125,0,82.5129995346069,0,72.2019515037537,0,0,123.078460693359,87.2243787977431,96.2955841064453,99.6893675062392,0,0,33.6479710665616,76.4626512527466,79.9367179870605,51.8171838124593,65.8382350921631,60.9075077672159,112.008995056152,149.086826324463,0,95.8277160644531,0,0,79.5787544250488,105.638975524902,8.12691441772687,43.0922599171483,7.57476691273281,89.669563293457,0,184.941757202148,122.121576309204,129.889945983887,64.3551976298238,121.041679382324,62.7675428805144,100.457272847493,45.1510291592828,121.299815177917,91.9615544637044,42.8072321342699,51.7191263862278,66.4905026753743,57.4611974716187,0,98.3512680053711,21.7393552303588,69.5429554501095,69.3312444751182,13.0124773966804,45.5712303304672,24.4062602417521,93.5284806765043,119.54549407959,96.5104499230018,66.0419788360596,161.239791870117,99.1786041259766,42.818219109187
156.432836914063,68.4084150791168,95.066238458208,67.7415396648905,195.392791748047,0,189.300013224284,154.756054741996,169.717727661133,100.642723083496,167.05234375,127.070213317871,0,121.243263244629,169.517820570204,0,97.5059793406519,107.296131134033,139.539306640625,113.733115302192,0,135.374247233073,65.79617915434,105.123927832997,139.818717638652,102.277714729309,102.705797312211,90.4138954065408,157.000175074527,144.967889959162,147.393669128418,0,0,144.108581542969,108.183329532021,106.667279310629,43.0922599171483,12.7605797897744,49.7403726100922,129.791444554048,155.003424072266,119.685728470081,90.9996703368608,119.493815099827,97.3194887315905,104.960127366914,75.4699447029515,148.162596269087,67.4111729939779,120.507905328825,133.21477678087,66.2227957341578,41.7013457083815,76.2112936333044,63.1331317305961,135.974351501465,69.1522825923967,44.5507486971413,29.3869812969167,94.4164659141889,78.2171189785004,29.6431934360776,28.4413885504515,86.5073862526868,133.448770126859,94.6499933666653,85.015540267482,179.657279968262,103.657362504439,54.7651702209323
88.004719543457,20.6238766759634,91.5217029026577,16.9066835187145,83.2517913818359,0,120.377051035563,78.7943916320801,99.7430774854577,49.670118560791,102.871577739716,74.1432484218052,73.1971492767334,49.3700954149354,107.604737131219,90.4339828491211,58.1216757202148,72.7521662558279,78.7234382629395,60.4544375875722,129.478444417318,73.0060420368993,59.2617121609775,87.6171036770469,59.0127204807325,36.6670803115481,52.1208378223891,53.0877888405371,68.8504342079163,100.467581411508,73.9955656571822,66.8555250167847,0,84.8108901977539,75.1409301757812,72.6584454345703,7.57476691273281,49.7403726100922,7.23954846397523,69.3711845397949,105.920867919922,82.7486416952951,69.1581806414055,85.6807466671791,15.4480348566246,84.9111047598032,62.08673116139,46.2661231040955,35.5477417436673,86.5701002134894,47.9762229156494,36.9487781061463,52.7323393750547,64.4980758898186,51.8969839804513,64.0757427215576,55.0575279064393,22.1937475171059,52.5215669947968,35.8622575720583,18.7743036827635,43.0516678251401,34.1630337223992,55.7088402741982,84.8280682135485,59.4108830937799,60.4151598612467,137.689346313477,64.960225018588,54.9733422072892
112.328979492188,0,194.861175537109,93.9510921131481,13.5869719207402,0,133.174097151983,139.452057410931,134.96127482823,124.191526412964,38.8875732068662,142.398315429688,46.9185580565379,0,154.736097916313,170.108306884766,141.949813842773,195.506072998047,0,225.541229248047,14.235663382725,0,109.227691650391,163.20626449585,114.76232292297,0,0,172.10179901123,19.0249490350025,129.525467395782,143.314519246419,0,0,148.207458496094,112.922437032064,83.4755066287133,89.669563293457,129.791444554048,69.3711845397949,10.8697433305668,105.680267333984,63.6878841200784,65.4890817922704,90.9479655051718,55.3646481323242,27.3175194035018,142.251943315778,22.9103248280195,120.068382263184,102.925189871348,75.70247859783,97.8305740356445,152.285952758789,146.502555847168,162.25446955363,13.9915153880479,110.072443181818,79.7613057223233,122.436357286241,16.6844328661113,154.463516235352,148.667218362131,129.996507400121,16.6948812690001,100.428226661003,107.848354187012,0,128.792892007267,89.2726335797991,110.224250475566
