11.2656050778904,117.58603477478,86.659548806806,74.9996627752926,78.4554966688156,71.0339517593384,72.9136293875205,30.7987437688017,31.9625445355528,67.4094126020159,36.1370617254323,123.88186173212,88.8200433150582,0,11.2269562235752,68.283885717392,106.371994018555,88.1635443695954,138.673263549805,115.946974470809,84.7330846786499,79.8663473862868,98.1387825012207,78.9208147889283,69.2477123848426,0,100.292265199071,111.039671978547,62.6660246707425,13.902717244648,29.8093054871114,148.152234395345,87.4889831542969,47.5920769493535,83.1393181482951,142.296295166016,0,154.510119628906,108.084027608236,131.174383980887,0,178.285089492798,147.050160217285,178.502221243722,112.855419158936,149.679846191406,0,153.65348815918,196.505020141602,181.107373555501,0,0,173.884702046712,0,192.702962239583,0,164.563456217448,118.197325570243,160.072699173637,131.049868206645,0,176.612599690755,154.223198360867,133.959179401398,159.232808589935,139.466814676921,0,0,138.857693481445,147.81983311971
117.58603477478,7.67275502455646,38.872633434259,12.8216154319252,0,0,146.808596801758,105.749625069754,150.083565606011,56.4706723403931,151.6533203125,57.1250168116747,83.3999900817871,41.3805975951975,125.3498878479,92.0392608642578,50.4759712219238,52.9526964874268,66.2354413200827,58.5884144484501,0,108.529878234863,17.1776502092195,70.7049864255465,74.1342653274536,23.9946092849797,42.8295328422226,31.2536726863733,101.958433671431,104.536003793989,106.323462894985,60.4935447198373,0,110.603858947754,56.0462018095929,0,50.5538152058919,123.972850036621,58.5857575734456,0,0,0,188.925186157227,0,0,0,0,0,53.6682304382324,0,0,0,112.95223236084,102.529403686523,108.211476008097,0,0,75.7118377685547,129.859464009603,0,45.2258190741906,111.893598937988,105.893256414504,0,0,190.639907836914,87.7231178283691,0,0,0
86.659548806806,38.872633434259,12.423358863344,39.9582134667002,117.275332243546,166.198405674526,123.417178423571,83.6569676154981,117.133902363232,88.5238247495709,97.8059487940105,101.85784892032,114.994880413187,87.0068217686244,108.599420865377,120.246290588379,54.859150345261,36.82386900156,95.0760288238525,72.2620948015061,152.481216430664,51.6690209342279,41.1523970275514,23.7372869973265,91.7289190881046,76.6936588287354,19.5285765821494,29.3365275651902,63.7447561951708,102.370248024924,75.512765888284,88.5999506170099,167.250885596642,93.217529296875,51.9515542911541,146.417003631592,57.2411168302809,91.3369516671334,55.8371497719975,0,0,180.219065348307,141.214354231551,167.229718526204,149.273986816406,146.784624676372,146.098129272461,0,143.547286987305,161.311245188994,0,149.902137756348,104.294202298534,168.516110229492,126.443688964844,0,119.859869241714,52.93547378646,100.459095954895,148.064269002279,119.179428100586,99.6919945517739,90.0041574317289,136.972418192271,156.560358524323,134.694549711624,0,0,168.614906311035,107.543349973617
74.9996627752926,12.8216154319252,39.9582134667002,30.7846882230144,94.197824205671,118.737963358561,88.5947715640068,60.3754597395993,89.3705558490574,19.0889584116275,88.3813530806172,70.4993911459426,75.8603431383769,46.4928188188381,86.727227260883,101.45532144819,43.1316876880239,55.4060467403544,75.351693028989,60.9167044900804,129.851322428385,51.785118785049,25.0335062455043,49.0618352701168,38.0080882322642,25.30722260982,44.4517189113072,38.2811654363735,48.2340882221094,74.7058865594082,61.1157215960614,80.8357214773855,119.933411189488,58.0491745534368,61.5737589498597,80.8709670796114,9.58802605661853,57.1289264950413,11.3347128068567,101.057331085205,0,110.51229095459,88.2524393066879,107.785116831462,12.2089362802177,93.1417457407171,85.0295537312825,75.165168762207,48.5748825073242,103.489321209136,0,62.2006774113096,66.2855310623462,91.6153303782145,80.4525091575854,85.5583801269531,73.1890687863689,22.1498341773873,64.9046839849758,63.374488147438,31.782233783177,58.7368215971355,52.3927477790463,71.410682326513,91.2168655956493,77.2385395728737,125.792444229126,130.287780761719,78.9302746165882,85.0424731184797
78.4554966688156,0,117.275332243546,94.197824205671,9.46563585309979,123.889964512416,63.4824485841966,58.40490429218,95.0292294460581,58.2506761165024,17.9606878149288,0,24.1848824345893,0,100.498469730943,66.0405460180238,82.9872093200684,136.801765441895,0,169.844619750977,13.1910481402802,88.7928237915039,106.06745783488,130.007460784912,22.122813678481,0,141.010259628296,115.53210788303,15.2752692274253,98.6900197034442,124.244725545247,0,126.774050785945,85.4173363731021,88.2589049302895,0,0,180.082336425781,138.312444051107,16.4307234443859,0,157.125513500637,142.595484324864,212.716819763184,113.969729105632,135.707100966881,0,67.2591359398582,0,184.147271728516,0,0,0,0,0,26.2907137352487,0,0,0,118.239111051888,0,0,108.094535827637,95.6351618766785,159.093386332194,0,0,0,144.14037322998,0
71.0339517593384,0,166.198405674526,118.737963358561,123.889964512416,8.24768144051427,11.2008327012736,98.285289655413,19.0034237906157,102.812149047852,103.824200868607,46.1619096108533,97.7108812332153,72.9942490259806,23.0642813154226,11.2441386382286,0,148.488646189372,77.0694931030273,60.902156829834,119.60678768158,105.491703033447,137.870498657227,125.565053766424,114.209909227159,0,119.637813568115,119.652820240368,115.998587608337,18.2108074315446,108.06589617048,0,13.1581509497845,103.259029388428,30.3666274368659,0,0,0,0,224.066009521484,0,226.926956176758,0,0,0,201.947540283203,0,0,0,0,0,0,0,0,0,0,0,0,193.97917175293,175.14496866862,0,132.45295715332,0,187.402215576172,0,0,0,0,0,0
72.9136293875205,146.808596801758,123.417178423571,88.5947715640068,63.4824485841966,11.2008327012736,10.4993033244521,55.4757852095204,21.1060430720608,68.936805006824,29.1580801668382,65.268716123369,15.1293504591745,84.7932815551758,32.4313408245634,11.3347725256953,126.617731730143,131.648599052429,81.549877166748,142.282221476237,37.8576722181739,107.331212824041,126.644687175751,115.387695142958,79.0175709220318,0,137.095911298479,139.240011399792,62.6667104834388,41.8208807733533,92.9576398248542,145.593017578125,24.5595927937168,87.8774976094564,58.7495441825494,179.862592061361,156.945419311523,189.702426147461,122.484092712402,154.007919134096,0,171.015587439904,152.717174006443,192.299362182617,135.021112442017,165.766351902739,0,40.4432678222656,0,200.278552715595,179.551910400391,181.850814819336,196.99878692627,0,216.79296875,167.787719726562,0,151.141845703125,195.85326385498,138.570803870453,0,215.585182189941,173.059722900391,155.939817694169,190.643511685458,176.444342931112,0,0,177.545532226562,167.229843139648
30.7987437688017,105.749625069754,83.6569676154981,60.3754597395993,58.40490429218,98.285289655413,55.4757852095204,11.5004313780177,55.1769152476586,57.169366387312,17.2854667412856,133.214292086088,45.248463802428,149.984359741211,33.2284113747968,63.6906897168641,108.701145172119,95.1992465886203,148.880352783203,127.450464768843,68.7914304293119,61.230550729223,93.9472200884138,69.4185950968639,49.2458088812146,141.275360107422,106.568364440918,99.8337032041537,22.8630193601862,46.2838187884343,17.1753194721873,145.982238769531,117.082359148108,63.1541592268994,77.4716632494603,138.763569480494,128.90815448761,155.31274134318,86.4451786518097,132.387043158213,0,152.570712920158,125.834654740461,160.597214548211,110.236467997233,138.002070812469,0,138.714700698853,0,157.288770403181,160.764108657837,152.316925048828,169.905278523763,0,211.206497192383,152.218516540527,146.839915275574,117.402778625488,158.882676954393,111.918508704081,0,193.764567783901,155.154140228921,123.260559975564,150.04468015035,132.282320476714,0,189.69504292806,136.463379669189,143.173772699693
31.9625445355528,150.083565606011,117.133902363232,89.3705558490574,95.0292294460581,19.0034237906157,21.1060430720608,55.1769152476586,11.5028718198072,86.4478226846723,32.120149452369,67.8323905212058,37.7480758854247,107.314725090476,12.1367447219541,28.643399956389,130.493489946638,114.901702385249,133.827216408469,138.726736536566,88.2387339903362,102.533075372104,124.378458477202,106.795964428431,88.2977123993406,131.878845214844,130.696742404237,134.59382278767,77.2547412033053,29.8095565862697,74.7972135705463,141.12513885498,21.0535633337184,87.810868176547,54.2854440676634,159.632159233093,174.710968017578,187.384716258329,112.230767739786,170.614278456744,0,185.663408915202,162.590669949849,186.572609396542,126.795533752441,179.080005992543,0,191.057167053223,0,189.233327692205,168.430892944336,0,186.178828648158,0,210.410888671875,214.158818562826,169.335166931152,149.340753936768,184.880598397091,146.718817868847,0,191.849849700928,181.976192767803,155.089097231173,176.587162562779,164.434758504232,0,221.100769042969,174.167098999023,172.824350357056
67.4094126020159,56.4706723403931,88.5238247495709,19.0889584116275,58.2506761165024,102.812149047852,68.936805006824,57.169366387312,86.4478226846723,7.76682487415186,75.6878555920107,108.487916946411,10.0209568363354,94.9631924788157,83.2992151591853,12.0946049157497,32.6656185013907,107.75779900184,117.172917879545,113.068229517986,13.1386756465955,59.5300649755141,19.1884806511916,79.1643204811292,19.6525724187431,83.702656047895,101.702723398259,92.7884380583815,45.1218532577731,69.6359856514047,57.7729308271786,112.536334526248,132.361222161187,56.5585103014508,70.074949539716,0,0,141.930313110352,27.4979810714722,97.7275859287807,0,176.889686584473,101.797204153878,151.104583740234,10.2578579533485,124.466086493598,0,86.8007965087891,105.220550537109,86.3245010375977,147.442588806152,0,172.82266998291,131.504505157471,166.479181925456,0,134.548671722412,0,129.711334228516,103.051917076111,91.6437168121338,135.819396972656,144.556894938151,117.323719819387,113.419158935547,115.096573638916,0,0,0,132.922645568848
36.1370617254323,151.6533203125,97.8059487940105,88.3813530806172,17.9606878149288,103.824200868607,29.1580801668382,17.2854667412856,32.120149452369,75.6878555920107,10.2047563190443,128.366487676447,27.6868915198402,146.414524623326,35.0799113289671,59.3012942037275,93.9700317382812,112.112196932134,0,165.024078369141,19.2064989417884,78.9142446036291,115.168403189523,86.8583573058061,45.7899012982931,0,119.540201678966,114.850677703644,19.1074102049656,87.7566558091389,56.4677197165408,162.688888549805,118.898833877162,82.5832390521639,87.6626878786087,186.004379272461,138.520736694336,178.591040475028,115.17217491413,66.3902236242143,0,159.702345904182,142.813650512695,180.336092122396,115.977794647217,155.209813672443,0,141.230503845215,0,195.804527282715,162.657135009766,0,184.610641479492,0,203.572189331055,179.581974029541,129.156829833984,129.625408172607,179.238552093506,129.035630993377,0,225.804931640625,169.67820930481,148.868766853401,178.802871704102,172.863006591797,0,231.215515136719,176.598526000977,161.12880452474
123.88186173212,57.1250168116747,101.85784892032,70.4993911459426,0,46.1619096108533,65.268716123369,133.214292086088,67.8323905212058,108.487916946411,128.366487676447,10.0637711302859,121.087107658386,23.412089595555,70.4988807247531,63.4900652567546,109.060688018799,62.995975585119,16.7830129592101,23.6522397047397,133.924607170953,96.3047220139276,83.6858536442624,93.5273843341404,147.053051948547,36.2513843858746,27.3686499115685,52.5635407630971,132.926179885864,56.6269690179459,113.805368323075,35.3881231717234,55.2238026573544,107.625453948975,25.7757411079149,0,92.0915178571429,141.009366989136,65.0332870483398,0,0,0,0,0,0,0,92.7123294406467,0,34.3445915610103,0,0,0,130.866889953613,85.7184951088645,103.761208697063,0,0,106.834175109863,164.360781860352,180.948486328125,64.3742637634277,96.7416422569146,93.4625984398094,199.120417277018,0,171.056427001953,83.2121912638346,0,0,0
88.8200433150582,83.3999900817871,114.994880413187,75.8603431383769,24.1848824345893,97.7108812332153,15.1293504591745,45.248463802428,37.7480758854247,10.0209568363354,27.6868915198402,121.087107658386,10.7568968344591,115.513736724854,89.3560930516598,12.3617719785085,0,124.523387908936,0,198.908416748047,14.6243120011852,109.280164082845,69.6854538917542,114.33177947998,19.4990482042823,133.791423797607,142.334478378296,128.753676520454,44.5768056106167,85.7526041783324,107.962835693359,0,113.683811872433,86.0404849874562,84.3458920132582,0,0,182.210322062174,117.039497375488,91.0137733366431,0,155.816847229004,133.161573682513,116.905461629232,128.395770263672,101.171401410489,0,11.5429768427363,0,156.269296646118,0,0,0,0,0,30.5887698973379,0,110.563987731934,166.248046875,117.282024095643,0,0,177.645767211914,132.988874386518,157.608153603294,0,0,0,0,159.492721557617
0,41.3805975951975,87.0068217686244,46.4928188188381,0,72.9942490259806,84.7932815551758,149.984359741211,107.314725090476,94.9631924788157,146.414524623326,23.412089595555,115.513736724854,7.99076612486285,117.701967875163,136.031901041667,113.978256225586,79.5201036477391,48.6119942878985,57.0193167618343,0,144.854616800944,71.236564865408,115.954428280101,116.496187280726,25.7476501314434,32.1282085295152,33.7542619947482,144.595413208008,81.2914802717126,132.507790883382,16.6151190208659,82.1516986423069,160.931930541992,46.7681918481962,0,88.0540199279785,140.921882629395,60.258839323714,0,0,0,0,0,142.441223144531,164.247497558594,74.7732105870401,0,8.11470563740453,0,0,0,128.749114990234,89.5223089626857,99.4436999353869,0,207.27473449707,90.5453618367513,140.48291015625,0,45.7982204712189,88.6396463653188,83.2746113655262,144.213653564453,0,179.892059326172,83.4784938267299,0,0,126.215850830078
11.2269562235752,125.3498878479,108.599420865377,86.727227260883,100.498469730943,23.0642813154226,32.4313408245634,33.2284113747968,12.1367447219541,83.2992151591853,35.0799113289671,70.4988807247531,89.3560930516598,117.701967875163,7.8638603125512,31.2782482901285,150.668598937988,107.195493717386,107.722646077474,130.976777067639,98.4281595188767,95.1624611632465,121.087437513398,100.122645893163,86.3966063735108,0,121.772934783589,129.718453974062,82.7218489117093,18.2163791320181,61.175712890625,114.37019443512,14.0169626619569,34.8526797967799,51.6985266459335,166.323330470494,137.799118041992,191.425108846029,109.258059375691,159.768132136418,212.834487915039,186.933819041533,160.360872541155,193.089107806866,136.12902538593,170.58680378307,0,181.753623962402,81.5405578613281,176.51865234375,0,0,170.167221069336,0,191.768829345703,0,154.430058797201,153.721620832171,176.905199133832,145.408795114291,0,170.306401570638,172.160827636719,152.732882046005,175.016156514486,151.266486031669,0,0,174.363432566325,165.551895141602
68.283885717392,92.0392608642578,120.246290588379,101.45532144819,66.0405460180238,11.2441386382286,11.3347725256953,63.6906897168641,28.643399956389,12.0946049157497,59.3012942037275,63.4900652567546,12.3617719785085,136.031901041667,31.2782482901285,7.93728211197243,0,130.066627502441,0,159.971786499023,56.9260438464937,86.0019454956055,59.4539859605872,93.0847778320312,35.5790803217949,121.291994730632,143.25092569987,131.549558367048,73.8386353906595,51.0321079429827,101.04496383667,0,42.1495042364281,82.9315536499023,52.6723692922881,0,0,0,183.039764404297,124.658512115479,0,186.872009277344,144.427864074707,0,0,141.42618560791,0,169.937973022461,0,0,0,0,0,0,0,0,0,161.326225280762,0,130.21518765963,0,0,0,132.837562561035,184.697593688965,0,0,0,0,0
106.371994018555,50.4759712219238,54.859150345261,43.1316876880239,82.9872093200684,0,126.617731730143,108.701145172119,130.493489946638,32.6656185013907,93.9700317382812,109.060688018799,0,113.978256225586,150.668598937988,0,14.9287443946171,77.3350466047014,0,112.504927635193,0,29.2985463496427,27.6367536783218,21.6089527766649,30.3481709489033,86.0144195556641,86.1886864739495,23.4687353280044,34.8162416117947,89.9260679391714,74.5040392949031,146.435279846191,0,105.381134033203,74.4264873157848,0,62.1245803833008,89.6805704290217,66.820942401886,0,0,0,125.357978820801,182.727249145508,61.9879531860352,148.18962097168,0,0,0,147.355773925781,0,112.594192504883,126.344004313151,0,167.396865844727,0,107.613783518473,49.1014460810909,102.843489552272,124.744640350342,0,0,97.7019920349121,128.270530700684,0,125.445061683655,0,0,157.624130249023,98.6879608154297
88.1635443695954,52.9526964874268,36.82386900156,55.4060467403544,136.801765441895,148.488646189372,131.648599052429,95.1992465886203,114.901702385249,107.75779900184,112.112196932134,62.995975585119,124.523387908936,79.5201036477391,107.195493717386,130.066627502441,77.3350466047014,9.49691673179649,45.3721442243788,22.1147557105731,176.886667251587,55.4244930424183,62.199434342096,21.9497378417324,112.206216825109,66.159555943807,19.4075538694852,55.7925868871946,81.3711101959717,69.8001473889995,68.9461186935578,74.6279148605635,124.247681299845,77.3867600010891,29.4353812533521,166.499462551541,67.7593194842339,103.448832157989,65.9545261906643,0,234.411178588867,194.240859985352,157.106061780775,166.118126763238,0,159.631509399414,132.948270161947,0,87.9883804321289,171.201787312826,0,130.536485671997,109.870412358267,131.188198634556,121.069603989764,0,136.755311584473,64.766200352641,115.781705953307,160.116686503092,128.869360605876,103.900417902295,104.649390396563,159.399417695545,154.852886962891,144.614591112324,145.904266357422,0,161.345336914062,129.763349645278
138.673263549805,66.2354413200827,95.0760288238525,75.351693028989,0,77.0694931030273,81.549877166748,148.880352783203,133.827216408469,117.172917879545,0,16.7830129592101,0,48.6119942878985,107.722646077474,0,0,45.3721442243788,7.00708380873649,9.16945136884505,0,111.537616729736,93.5776271204795,88.9286962236677,124.283309936523,48.3946172971252,21.9838340814117,61.8823196223525,113.284049987793,107.149108299842,116.125493621826,50.7100550621114,81.6821195814345,126.883289337158,47.2901587286946,0,75.2794990539551,132.736488342285,67.4341254234314,0,0,0,0,0,0,0,98.3534749348958,0,77.5800738016764,0,0,0,129.882130622864,107.873253413609,124.203126346364,0,155.252136230469,105.505344390869,0,242.151611328125,75.9714653015137,105.482411884126,103.711263320025,0,0,166.928741455078,101.926034927368,0,0,0
115.946974470809,58.5884144484501,72.2620948015061,60.9167044900804,169.844619750977,60.902156829834,142.282221476237,127.450464768843,138.726736536566,113.068229517986,165.024078369141,23.6522397047397,198.908416748047,57.0193167618343,130.976777067639,159.971786499023,112.504927635193,22.1147557105731,9.16945136884505,9.38813335589852,0,91.5527108207582,84.095173326843,69.0227020949566,130.721373722471,46.062043566077,21.1145927336403,56.9178474772617,127.810726050175,102.033985300879,97.3438242352198,52.8315681607536,96.7678745814732,94.3349027411882,35.6278202413198,0,75.7256190890358,123.454054011855,65.9665860541073,202.295806884766,0,234.676910400391,171.775436401367,189.799468994141,0,167.691635131836,113.113605117798,0,86.5170411196622,186.184127807617,0,163.755233764648,117.337119420369,101.77403021478,107.27412763555,0,153.121515909831,98.690149307251,141.495563622677,246.097595214844,68.8082672465931,98.1515347965861,99.9878054387995,197.304748535156,160.009094238281,161.044985684482,120.923824310303,0,141.71076965332,118.665732828776
84.7330846786499,0,152.481216430664,129.851322428385,13.1910481402802,119.60678768158,37.8576722181739,68.7914304293119,88.2387339903362,13.1386756465955,19.2064989417884,133.924607170953,14.6243120011852,0,98.4281595188767,56.9260438464937,0,176.886667251587,0,0,10.2520395707329,161.632499694824,109.823169708252,159.55539855957,19.6251202696648,0,165.657516479492,148.38996887207,26.7247307328767,95.5802038252524,130.52660369873,0,129.420260502742,90.032072485947,87.0883370812259,219.509262084961,0,0,109.478538513184,16.6158170741486,0,135.258046468099,167.034060668945,177.198951721191,92.1130104064941,163.503393411636,0,9.4847995753682,0,0,0,0,0,0,0,15.4325197684137,0,154.173431396484,0,133.074284982681,0,0,0,156.676090770298,0,182.165794372559,0,0,0,0
79.8663473862868,108.529878234863,51.6690209342279,51.785118785049,88.7928237915039,105.491703033447,107.331212824041,61.230550729223,102.533075372104,59.5300649755141,78.9142446036291,96.3047220139276,109.280164082845,144.854616800944,95.1624611632465,86.0019454956055,29.2985463496427,55.4244930424183,111.537616729736,91.5527108207582,161.632499694824,11.084525745466,53.1405410087321,23.2163969153766,22.534254311492,112.326782226562,98.5413900637159,74.9907964620835,28.1764737981917,37.6231384834446,19.4302471895972,140.307529449463,124.890043640137,39.7816504433941,43.6278284016912,125.549321492513,0,126.816606621993,72.3727856953939,0,0,0,138.406866322393,179.147521972656,81.8778076171875,139.434204101562,0,0,0,145.161441040039,0,113.479587057362,149.442607334682,0,0,0,114.498568840747,85.8090835752941,113.946799848547,114.880235720903,0,132.184743245443,136.161201477051,117.919966994532,129.981464809842,117.278766123454,0,0,112.097166442871,120.301066679113
98.1387825012207,17.1776502092195,41.1523970275514,25.0335062455043,106.06745783488,137.870498657227,126.644687175751,93.9472200884138,124.378458477202,19.1884806511916,115.168403189523,83.6858536442624,69.6854538917542,71.236564865408,121.087437513398,59.4539859605872,27.6367536783218,62.199434342096,93.5776271204795,84.095173326843,109.823169708252,53.1405410087321,8.38099543844015,46.7174937627824,23.5540874502861,58.1872634930946,64.1051213387811,34.7071255385789,52.4048861678766,86.9765539881009,69.797545637609,93.8616809844971,128.562006632487,73.4678688049316,60.0651655627013,0,69.6560587882996,77.4828158181811,17.3949248275241,140.694484710693,167.780334472656,0,129.756542552601,171.106870651245,83.9673919677734,207.468940734863,117.126773834229,155.504104614258,88.0855340957642,110.415260314941,0,83.4786796569824,108.047465282938,108.397567749023,142.072530110677,0,106.8491698045,19.2581590819127,84.4603906656457,141.72936466762,62.7762960351032,122.512867854192,72.4976513924137,117.844762166341,0,144.938945225307,0,0,101.849212646484,163.446725463867
78.9208147889283,70.7049864255465,23.7372869973265,49.0618352701168,130.007460784912,125.565053766424,115.387695142958,69.4185950968639,106.795964428431,79.1643204811292,86.8583573058061,93.5273843341404,114.33177947998,115.954428280101,100.122645893163,93.0847778320312,21.6089527766649,21.9497378417324,88.9286962236677,69.0227020949566,159.55539855957,23.2163969153766,46.7174937627824,12.6724837860482,41.030894787196,98.6032836914062,58.1165054353307,33.0299459265755,39.220594517579,38.917925618231,44.4398965789054,131.339987754822,127.497627803258,40.917372581793,45.1848149478839,149.413492475237,90.7772921048678,103.585213758203,67.2587161197841,186.774129231771,0,176.517953055246,151.542882832614,181.904134750366,101.015019008092,156.79518699646,164.51969909668,0,163.805740356445,170.787857055664,0,110.665470911452,125.148184140523,196.168685913086,151.563096313477,236.001174926758,115.910808495113,70.6174050175495,110.015324851515,127.719526882829,0,143.541375296456,104.633354256056,140.078311976265,161.54448890686,134.801494544661,0,228.250946044922,111.588832855225,128.292362897824
69.2477123848426,74.1342653274536,91.7289190881046,38.0080882322642,22.122813678481,114.209909227159,79.0175709220318,49.2458088812146,88.2977123993406,19.6525724187431,45.7899012982931,147.053051948547,19.4990482042823,116.496187280726,86.3966063735108,35.5790803217949,30.3481709489033,112.206216825109,124.283309936523,130.721373722471,19.6251202696648,22.534254311492,23.5540874502861,41.030894787196,9.58889766173097,102.319643974304,106.408684913785,73.0993762936786,19.0493641614682,76.287094715142,65.5841573392312,135.964019775391,131.133369445801,65.4878037104736,77.0893561183312,132.01570871714,150.990025838216,147.979981795601,64.9112548738578,96.8691770398256,167.698692321777,141.102498178264,117.387573379902,153.118892245822,81.6233536646916,124.820724282489,212.513000488281,105.062456086624,153.876831054688,152.92522835009,111.965734863281,120.952802385603,163.166284179687,0,180.732025146484,128.458920655427,123.366465388118,86.3095302581787,132.357568855745,98.6715396053386,0,169.521784464518,151.862308979034,112.692553053714,136.87277330671,118.165954387293,0,180.535820007324,123.546675364176,129.97868347168
0,23.9946092849797,76.6936588287354,25.30722260982,0,0,0,141.275360107422,131.878845214844,83.702656047895,0,36.2513843858746,133.791423797607,25.7476501314434,0,121.291994730632,86.0144195556641,66.159555943807,48.3946172971252,46.062043566077,0,112.326782226562,58.1872634930946,98.6032836914062,102.319643974304,13.0163646718844,43.9899591420116,33.8905401174143,109.870683942522,136.511923472087,137.791275024414,46.4498189926147,0,113.506164550781,48.4200105482532,0,64.9527034759521,133.36340713501,39.9574363976717,0,0,0,0,0,0,0,68.5995562417167,0,43.7031991273454,0,0,0,114.598886108398,78.0360391790217,88.9884809494019,0,0,54.7749671936035,0,0,28.623506570899,78.1189550672259,73.1077082250025,0,0,0,68.7699486868722,0,0,119.653839111328
100.292265199071,42.8295328422226,19.5285765821494,44.4517189113072,141.010259628296,119.637813568115,137.095911298479,106.568364440918,130.696742404237,101.702723398259,119.540201678966,27.3686499115685,142.334478378296,32.1282085295152,121.772934783589,143.25092569987,86.1886864739495,19.4075538694852,21.9838340814117,21.1145927336403,165.657516479492,98.5413900637159,64.1051213387811,58.1165054353307,106.408684913785,43.9899591420116,12.1731189608695,28.6229574824594,96.1743749808823,102.955739320831,91.6253229777018,31.1435089645946,122.298263549805,95.2679916381836,51.3655121543191,149.851725260417,61.5633410204638,98.4040641096095,56.9290293046325,0,0,223.963363647461,162.751382266774,198.436971028646,0,164.751202392578,111.96258724437,0,92.8773461341858,178.088312149048,210.443168640137,147.753364562988,99.2282530215276,107.016427117425,103.090026239711,0,139.138158162435,73.5329170227051,110.488546512745,149.51579284668,69.5006808887829,90.836266684888,92.3498038381435,158.110135396322,161.196038140191,138.237293134417,118.30858039856,0,0,113.499203902024
111.039671978547,31.2536726863733,29.3365275651902,38.2811654363735,115.53210788303,119.652820240368,139.240011399792,99.8337032041537,134.59382278767,92.7884380583815,114.850677703644,52.5635407630971,128.753676520454,33.7542619947482,129.718453974062,131.549558367048,23.4687353280044,55.7925868871946,61.8823196223525,56.9178474772617,148.38996887207,74.9907964620835,34.7071255385789,33.0299459265755,73.0993762936786,33.8905401174143,28.6229574824594,14.0726605450605,69.5462980349615,105.367026064131,98.2066942129758,30.7510326110055,125.514537266323,99.0629855816181,54.2035712004579,146.088310241699,61.8883343276978,91.7157088421761,55.2225581736957,0,196.135787963867,175.451516723633,144.538067686792,174.514475345612,152.986122131348,148.155214335124,110.821219062805,0,86.0273871129873,158.100107192993,0,123.209390120073,102.865137863663,108.711298950195,106.409096508056,0,124.508623448814,52.7038921845872,103.781765754151,156.099855596369,66.9395106922496,92.6669449802571,90.6619080982208,138.706227089042,154.431908055356,137.528430800004,104.443398369683,203.727355957031,156.580647786458,110.936218363444
62.6660246707425,101.958433671431,63.7447561951708,48.2340882221094,15.2752692274253,115.998587608337,62.6667104834388,22.8630193601862,77.2547412033053,45.1218532577731,19.1074102049656,132.926179885864,44.5768056106167,144.595413208008,82.7218489117093,73.8386353906595,34.8162416117947,81.3711101959717,113.284049987793,127.810726050175,26.7247307328767,28.1764737981917,52.4048861678766,39.220594517579,19.0493641614682,109.870683942522,96.1743749808823,69.5462980349615,11.1920745040384,76.0922343914325,28.3318323362179,155.227493286133,126.893164478649,58.9179554413365,67.8171449882327,124.347426016119,136.577654838562,138.524487189527,69.5635070605156,111.423945120165,197.853368123372,153.730508515329,123.462717020287,154.410504774614,93.4605619779197,137.707812799192,0,130.772041320801,0,148.088432453297,153.838498433431,115.612381829156,150.207424345471,206.756988525391,195.247406005859,145.447817557199,114.204336093022,92.4777500152588,128.499319976231,109.859814218494,228.838348388672,166.344170570374,138.254270113431,117.004039895946,135.997254998021,119.200597732298,0,188.508061000279,128.71717275892,131.44059338777
13.902717244648,104.536003793989,102.370248024924,74.7058865594082,98.6900197034442,18.2108074315446,41.8208807733533,46.2838187884343,29.8095565862697,69.6359856514047,87.7566558091389,56.6269690179459,85.7526041783324,81.2914802717126,18.2163791320181,51.0321079429827,89.9260679391714,69.8001473889995,107.149108299842,102.033985300879,95.5802038252524,37.6231384834446,86.9765539881009,38.917925618231,76.287094715142,136.511923472087,102.955739320831,105.367026064131,76.0922343914325,10.7504973629279,22.0914211963781,101.839815313166,11.5982153138176,15.6018862754271,37.0330622383267,141.284135818481,156.87727355957,147.559643307248,93.7303421665245,149.251756456163,225.921432495117,181.304487546285,144.004274819114,166.179888689959,100.034242720831,163.413640727168,165.003646850586,172.506744384766,0,169.840145746867,143.736114501953,144.532451629639,168.764019165039,0,191.945037841797,154.959660847982,141.616132463728,110.37190967136,142.547990292919,133.481319211564,0,166.441634041922,152.350965557676,136.028363493986,161.587963032273,139.402001084953,0,199.875356038411,144.841664950053,148.237260437012
29.8093054871114,106.323462894985,75.512765888284,61.1157215960614,124.244725545247,108.06589617048,92.9576398248542,17.1753194721873,74.7972135705463,57.7729308271786,56.4677197165408,113.805368323075,107.962835693359,132.507790883382,61.175712890625,101.04496383667,74.5040392949031,68.9461186935578,116.125493621826,97.3438242352198,130.52660369873,19.4302471895972,69.797545637609,44.4398965789054,65.5841573392312,137.791275024414,91.6253229777018,98.2066942129758,28.3318323362179,22.0914211963781,10.2887331191337,146.802022298177,138.050872802734,31.3994286096025,37.8239699630429,145.857379368373,100.313079833984,140.507824134827,86.3728100544698,167.915547688802,0,175.147262573242,136.732734680176,170.804254150391,101.401007708381,146.308433055878,0,0,0,156.699690598708,0,124.677391052246,161.497270920697,0,0,0,123.947584845803,89.6763389850485,137.233730928397,125.535455379846,0,144.069320678711,140.318476709826,124.424158018463,147.998211022579,125.888012953208,0,0,129.714582555434,131.886195096103
148.152234395345,60.4935447198373,88.5999506170099,80.8357214773855,0,0,145.593017578125,145.982238769531,141.12513885498,112.536334526248,162.688888549805,35.3881231717234,0,16.6151190208659,114.37019443512,0,146.435279846191,74.6279148605635,50.7100550621114,52.8315681607536,0,140.307529449463,93.8616809844971,131.339987754822,135.964019775391,46.4498189926147,31.1435089645946,30.7510326110055,155.227493286133,101.839815313166,146.802022298177,7.5233190307706,97.658078511556,126.76448059082,56.0794343576059,0,105.594596862793,0,83.8054317898221,0,0,0,0,0,0,0,106.679414367676,0,66.0761541128159,0,0,0,123.835810852051,104.148161697388,117.2909821903,0,165.082946777344,0,0,0,70.5959509277344,103.732733293013,99.309632136904,0,0,176.944458007812,113.191566467285,0,0,115.859973907471
87.4889831542969,0,167.250885596642,119.933411189488,126.774050785945,13.1581509497845,24.5595927937168,117.082359148108,21.0535633337184,132.361222161187,118.898833877162,55.2238026573544,113.683811872433,82.1516986423069,14.0169626619569,42.1495042364281,0,124.247681299845,81.6821195814345,96.7678745814732,129.420260502742,124.890043640137,128.562006632487,127.497627803258,131.133369445801,0,122.298263549805,125.514537266323,126.893164478649,11.5982153138176,138.050872802734,97.658078511556,6.44808937777355,61.6448224385579,37.2335957267542,0,0,0,108.703086853027,225.466705322266,0,0,203.303863525391,0,0,226.891731262207,0,0,0,0,0,0,0,0,0,0,235.020797729492,0,0,197.157674153646,0,0,0,178.272682189941,0,172.529495239258,0,0,0,189.589797973633
47.5920769493535,110.603858947754,93.217529296875,58.0491745534368,85.4173363731021,103.259029388428,87.8774976094564,63.1541592268994,87.810868176547,56.5585103014508,82.5832390521639,107.625453948975,86.0404849874562,160.931930541992,34.8526797967799,82.9315536499023,105.381134033203,77.3867600010891,126.883289337158,94.3349027411882,90.032072485947,39.7816504433941,73.4678688049316,40.917372581793,65.4878037104736,113.506164550781,95.2679916381836,99.0629855816181,58.9179554413365,15.6018862754271,31.3994286096025,126.76448059082,61.6448224385579,7.45965118267374,24.7666379941629,138.196950276693,0,141.344749450684,79.7322763442993,164.878314971924,0,148.29208984375,133.04850769043,175.096151351929,106.832679748535,152.330885750907,0,141.40202331543,0,152.789307912191,0,109.376096725464,145.648849487305,0,190.272064208984,0,109.417450798882,91.4017272949219,135.672356923421,119.092382625658,0,148.639785766602,154.927305221558,124.755727682028,144.037624904088,127.556394577026,0,0,123.198181152344,129.427340189616
83.1393181482951,56.0462018095929,51.9515542911541,61.5737589498597,88.2589049302895,30.3666274368659,58.7495441825494,77.4716632494603,54.2854440676634,70.074949539716,87.6626878786087,25.7757411079149,84.3458920132582,46.7681918481962,51.6985266459335,52.6723692922881,74.4264873157848,29.4353812533521,47.2901587286946,35.6278202413198,87.0883370812259,43.6278284016912,60.0651655627013,45.1848149478839,77.0893561183312,48.4200105482532,51.3655121543191,54.2035712004579,67.8171449882327,37.0330622383267,37.8239699630429,56.0794343576059,37.2335957267542,24.7666379941629,13.088100315044,148.781417153098,74.8720715171412,105.431739368027,70.120552943303,155.457834031847,0,173.788828531901,151.467070579529,172.486474990845,108.684229850769,164.032393844039,103.544920603434,180.276062011719,58.7230226993561,178.128694152832,0,108.612125396729,112.755206625802,102.613166809082,115.526332092285,0,131.515292519017,71.372065612248,120.08503667176,133.398241300841,60.7240483210637,101.220777877653,105.704127888103,141.673476627895,160.470095825195,146.561263402303,121.698585510254,192.615753173828,145.376820882161,135.228114408605
142.296295166016,0,146.417003631592,80.8709670796114,0,0,179.862592061361,138.763569480494,159.632159233093,0,186.004379272461,0,0,0,166.323330470494,0,0,166.499462551541,0,0,219.509262084961,125.549321492513,0,149.413492475237,132.01570871714,0,149.851725260417,146.088310241699,124.347426016119,141.284135818481,145.857379368373,0,0,138.196950276693,148.781417153098,13.6520772662817,109.647094161422,99.4640228927776,63.6000824292501,77.5137091991948,0,77.5322280352629,24.4595187215657,49.6642511762711,64.0668294472815,44.9662211603809,126.143237749736,79.3183420621432,125.629383632115,17.0513361177222,97.8299980163574,64.3478012084961,94.3815362951258,142.052427503798,115.790291897086,78.0154798598517,75.3015783878795,86.6093530273437,84.0085892986051,69.4076113761226,0,102.422079739505,107.335915691448,64.8729315907736,16.98565766477,21.5056874584495,142.059135437012,71.9219932556152,26.3389891267965,46.1428614226072
0,50.5538152058919,57.2411168302809,9.58802605661853,0,0,156.945419311523,128.90815448761,174.710968017578,0,138.520736694336,92.0915178571429,0,88.0540199279785,137.799118041992,0,62.1245803833008,67.7593194842339,75.2794990539551,75.7256190890358,0,0,69.6560587882996,90.7772921048678,150.990025838216,64.9527034759521,61.5633410204638,61.8883343276978,136.577654838562,156.87727355957,100.313079833984,105.594596862793,0,0,74.8720715171412,109.647094161422,7.3532444032253,38.9755915374886,19.6019425805082,112.610740661621,0,127.170644124349,100.643576219347,125.068092346191,56.8126657471512,111.64402216131,63.3631392938119,92.5892196655273,44.3277435670948,118.613209892722,98.6624975204468,64.5500770568848,50.3668296284558,72.354482867501,54.8351163525448,103.608207702637,87.3489087422689,20.0878894495453,61.7762681954272,71.7547754207945,12.9933110757596,38.5955798931611,30.3405282767854,101.145788642798,104.693625450134,94.496797935985,61.7728838602702,0,113.854638671875,60.1459483550145
154.510119628906,123.972850036621,91.3369516671334,57.1289264950413,180.082336425781,0,189.702426147461,155.31274134318,187.384716258329,141.930313110352,178.591040475028,141.009366989136,182.210322062174,140.921882629395,191.425108846029,0,89.6805704290217,103.448832157989,132.736488342285,123.454054011855,0,126.816606621993,77.4828158181811,103.585213758203,147.979981795601,133.36340713501,98.4040641096095,91.7157088421761,138.524487189527,147.559643307248,140.507824134827,0,0,141.344749450684,105.431739368027,99.4640228927776,38.9755915374886,12.3347443928945,41.3625136674422,132.386816758376,151.223449707031,117.699654237472,83.2792680440126,118.707024554817,92.5944755872091,90.93232141147,83.1883784434834,0,76.653761882408,116.005777513659,124.672403775729,67.5326115001332,36.1833423375865,91.0877299589269,68.7544052404759,143.337278747559,65.2267578892086,44.2337766341631,28.7758799541109,93.5853602839451,76.8305807113647,23.0530436749052,27.8261151663561,74.9883027661839,117.194274680845,88.6719598670454,88.1624517026155,169.997586568197,113.513973909266,79.5248497419828
108.084027608236,58.5857575734456,55.8371497719975,11.3347128068567,138.312444051107,0,122.484092712402,86.4451786518097,112.230767739786,27.4979810714722,115.17217491413,65.0332870483398,117.039497375488,60.258839323714,109.258059375691,183.039764404297,66.820942401886,65.9545261906643,67.4341254234314,65.9665860541073,109.478538513184,72.3727856953939,17.3949248275241,67.2587161197841,64.9112548738578,39.9574363976717,56.9290293046325,55.2225581736957,69.5635070605156,93.7303421665245,86.3728100544698,83.8054317898221,108.703086853027,79.7322763442993,70.120552943303,63.6000824292501,19.6019425805082,41.3625136674422,46.7838759020755,57.3059296007977,103.865768432617,84.9571387756047,65.2434925998214,86.4820903482891,25.6523157350249,75.8850098315852,67.6952553612845,64.500594496727,33.8438803142971,83.7051689542573,95.1222550868988,44.15721690846,51.3944034394908,75.0619827688557,54.3458202122841,93.3322065141466,53.6293910881421,39.9278267577075,49.8613738921928,39.158916620301,16.6456136282753,39.2988502195665,36.4650103851836,51.9708196389155,74.5331288440005,62.8182056414093,78.4287124633789,125.927337646484,64.2721950288803,65.749277637623
131.174383980887,0,0,101.057331085205,16.4307234443859,224.066009521484,154.007919134096,132.387043158213,170.614278456744,97.7275859287807,66.3902236242143,0,91.0137733366431,0,159.768132136418,124.658512115479,0,0,0,202.295806884766,16.6158170741486,0,140.694484710693,186.774129231771,96.8691770398256,0,0,0,111.423945120165,149.251756456163,167.915547688802,0,225.466705322266,164.878314971924,155.457834031847,77.5137091991948,112.610740661621,132.386816758376,57.3059296007977,10.2860251125681,122.126956394741,63.430881545409,48.3893930489676,98.281674233461,50.5908673214138,18.9219146739315,0,20.4546364122863,179.258636474609,92.1541324574164,68.8599162631565,0,157.251490275065,0,164.136444091797,15.237336901175,83.4194450378418,82.3574006822374,119.946250915527,18.8344760339124,0,158.453033447266,118.599273578541,13.3316752286968,90.292285281797,93.9159074510847,0,122.722955976214,81.4970852431431,81.3471181985918
