9.56915920750549,117.946247794411,100.165132167346,85.2050183697751,78.335941803761,71.4484090805054,42.5905016008228,30.3528303443811,27.4228559501949,65.4245681762695,39.2118464707168,143.640401338276,72.8625116896355,162.952868652344,9.69461610926178,42.8082833656898,77.1390419006348,105.298609118879,151.708972295125,139.312679588795,72.0821076017438,70.0032472364137,76.2510688595655,84.4353060365886,72.7981089240953,161.722282409668,128.384467346842,138.708573330654,57.5912874878011,16.6275384263978,29.7913318418027,163.312347412109,61.3534669876099,30.0810136239506,89.6435398162599,157.58073425293,0,0,88.7610094407026,147.836071777344,0,147.261993408203,123.756196975708,160.3546875,81.5657740372878,154.25865427653,0,163.082453409831,0,150.422278267997,0,127.117881774902,207.75609588623,212.505264282227,206.374069213867,156.775497436523,0,0,174.277389526367,121.999066099829,0,192.804646809896,195.321792602539,125.050678337945,151.639102172852,127.133637746175,0,0,134.511184692383,172.461486816406
117.946247794411,6.16782237700828,37.6990839565715,17.6765590901147,0,0,154.230003356934,103.995725597035,135.115659441267,63.9632845339568,115.788085350624,67.8017167794077,102.478872680664,56.6668180327176,133.960177612305,108.723785400391,76.057002523671,52.7908721974466,81.4184575762067,63.8031931317542,0,87.3568432547829,19.3064996154004,56.112664865577,60.9934904526691,20.8200730992214,43.8233464145917,33.9628260449081,90.3736781819661,123.070735359192,100.168553670247,78.8688578605652,0,0,59.7403574297505,0,101.328140258789,104.295207214355,80.4194784164429,121.217178344727,0,0,0,0,103.182769775391,0,73.3002471923828,0,97.8499247233073,0,0,0,136.086875915527,140.843460083008,128.580137252808,0,162.263366699219,133.151779174805,163.385223388672,128.126538594564,58.4505805969238,115.017073781867,91.403119802475,139.854248046875,195.544769287109,138.168472290039,0,0,0,100.443018595378
100.165132167346,37.6990839565715,13.19269682879,40.4394748585857,116.26554107666,83.2877807617188,136.707603903378,93.0403545547027,126.375425238358,85.6774842398507,103.772911936966,88.6793177286784,118.685800679525,88.405652364095,111.001939786898,145.197967529297,67.1324095096228,21.8376591643489,92.392083431812,77.0279766786764,0,54.8283832326477,41.3466990080121,20.5398618113229,95.9286732264927,71.8217277526855,28.7408509716447,31.3825709272777,62.8339235894873,104.852581656758,71.7634412462466,95.7972937689887,0,86.9541778564453,57.6821171359325,168.657485961914,86.4841742082076,85.1138586196899,56.6909520522408,0,138.308410644531,0,179.083948135376,174.087844848633,94.7585380554199,221.890319824219,143.973297119141,0,0,168.626148223877,0,134.626735142299,98.152768091722,0,144.652823893229,0,124.543296813965,66.6096604545161,101.707228691128,163.840936660767,210.80632019043,108.412809937865,95.7520519004861,137.097887420654,186.51895904541,133.139368896484,0,0,0,107.975887583263
85.2050183697751,17.6765590901147,40.4394748585857,38.8201756775379,77.6658083597819,112.118160247803,94.5451668529976,60.7464991836548,77.997513708039,19.8609196230423,66.7110490865025,67.2738233030888,64.0046760659469,33.9193649409007,88.7944045585672,66.6641789638635,44.8366480603653,55.1328742925132,70.1927279551095,59.289806508269,82.143576912258,66.4131549670936,44.7598450156979,51.2053214856291,42.9395335901687,20.2806743966984,43.5089857411939,43.0894473758801,51.0591395779839,80.6635129568177,61.4507010125963,69.8345665651209,112.479616165161,59.8111746511152,63.5107302202299,139.64591217041,61.8420744503246,63.4607137921213,27.113052990477,132.389559427897,0,221.070648193359,143.195468357631,0,13.2979756377594,172.899129231771,67.1504448784722,0,49.7144329364483,134.663280910916,0,136.725367546082,66.460624536819,79.3024139404297,74.842477906425,152.692779541016,119.478123982747,25.247785951577,96.6634151006149,78.9591278076172,43.4288445413113,56.0544750104372,58.2380733423532,101.565271678724,114.630760192871,99.4306927170864,0,0,0,84.3136184398945
78.335941803761,0,116.26554107666,77.6658083597819,6.53149507429263,142.785453796387,68.270144050504,62.9949460710798,90.1768508638654,35.3466706294639,17.4625895475363,0,13.6668451037204,0,102.893571036203,76.9257722334428,0,0,0,0,10.6184649651248,0,57.7853755950928,0,17.6279046173932,0,0,0,10.966965056254,95.8483855799625,102.544723510742,0,140.403991699219,87.6457277570452,90.570729475755,100.982597351074,0,0,86.3452862330845,7.2739971222574,0,94.7143491109212,99.4364433288574,101.645133972168,94.2793747584025,41.4407820779769,0,9.21259398187166,0,95.0758514404297,0,0,0,0,0,11.612913948376,0,0,0,51.6223400698768,0,0,0,28.6634466555691,142.196817398071,163.308074951172,0,0,97.607666015625,0
71.4484090805054,0,83.2877807617188,112.118160247803,142.785453796387,6.53612734305477,11.4239126913688,106.542404174805,8.40404547410279,109.11524772644,105.945106955136,57.2457471575056,95.2105127970378,0,28.0391836762428,14.870914898697,0,185.997634887695,0,63.2788047790527,128.182998657227,0,0,0,124.20831451416,0,169.074325561523,95.9498519897461,110.948982662625,18.9717092851741,109.207186381022,0,7.60966430273018,72.0210113525391,23.7903661574087,0,0,0,137.284759521484,201.003128051758,0,0,0,0,141.510133743286,0,0,0,0,0,0,0,0,0,0,0,0,0,0,166.550285339355,0,0,0,168.962024688721,0,0,0,0,204.167877197266,0
42.5905016008228,154.230003356934,136.707603903378,94.5451668529976,68.270144050504,11.4239126913688,7.68560603209359,53.5109388233204,19.831545972228,88.5489256659219,26.7666487857838,78.3573650560881,14.751415303848,113.51000213623,33.493117125643,14.8823244888007,0,140.671123851429,100.136390686035,129.087741851807,43.2326024123601,110.330780029297,98.4211643763951,118.91615992007,93.0571797322884,0,156.841960837624,153.148026410271,79.7423937135344,27.8528624631718,99.3253205617269,0,25.2810669849269,52.6527982107023,49.5704287676076,172.132977294922,0,0,97.9291075192965,158.002995808919,211.440444946289,161.142135620117,144.957134791783,177.78865814209,100.183666627799,163.460703531901,0,152.801239013672,0,175.257696969169,172.196365356445,128.654510498047,0,0,0,155.620241800944,0,166.280151367188,0,134.733777884977,0,209.38232421875,0,149.200581318623,175.113754272461,163.371360778809,0,0,149.273551940918,166.09638671875
30.3528303443811,103.995725597035,93.0403545547027,60.7464991836548,62.9949460710798,106.542404174805,53.5109388233204,9.45635639311487,44.5425647235045,50.9449336002855,12.635870239453,154.909893329327,38.3323340950431,159.03199089898,48.1418183771928,63.3363253484007,43.3700841267904,104.738705059089,154.070245361328,140.947590600877,57.4409817634745,56.5987817673456,63.0830976698134,67.466512922163,48.9410574243372,155.135520935059,119.762855394581,128.958127721151,25.4663981209504,37.0357006509655,12.9420084573693,157.813000996908,110.261912027995,51.9699617355589,69.3440070152283,136.223885854085,0,0,64.7410715672877,119.41257809921,0,141.444498502291,126.882690668106,162.617490328275,65.975793055634,135.916279542793,0,135.526642371868,189.083251953125,149.923070635114,131.974304199219,0,195.80647277832,0,0,124.198755900065,0,106.815168380737,132.020690917969,99.4133770257835,0,200.514333089193,153.555974324544,116.269332347197,157.812229156494,143.620894840785,0,0,131.711002604167,151.82965033395
27.4228559501949,135.115659441267,126.375425238358,77.997513708039,90.1768508638654,8.40404547410279,19.831545972228,44.5425647235045,9.43700091318537,73.633360349215,20.075560850212,107.019232940674,25.3264401557182,172.125823974609,13.2342438460653,27.5889181468048,73.8247528076172,143.186913299561,135.199172973633,165.957860310872,79.8543583194861,119.595373971122,91.6966906956264,114.265905441776,90.3202737131426,103.710815429688,153.540507092888,154.988947677612,79.003128713491,24.0669087557784,89.9999754769461,194.372802734375,10.0193207269896,56.257659639631,47.6155756418256,177.007158915202,0,178.302322387695,90.9969863891602,160.696884155273,207.052444458008,143.797750854492,132.339766025543,168.488265991211,90.8061740609103,157.255345916748,0,151.064750671387,0,163.267431961863,0,0,0,0,0,160.506059646606,0,106.902820587158,161.462829589844,128.369939775609,0,0,192.251525878906,146.166740226746,173.560037547144,144.824275970459,0,0,167.96542930603,161.881323772928
65.4245681762695,63.9632845339568,85.6774842398507,19.8609196230423,35.3466706294639,109.11524772644,88.5489256659219,50.9449336002855,73.633360349215,10.4683526342198,59.3785022125658,153.660238477919,11.5702956061253,124.766987609863,85.8588431705938,18.2665416400426,73.7890785217285,126.980523003472,153.027213202582,140.961306980678,30.6561122936539,89.656448618571,23.075753959454,106.172086518386,18.4024846611264,107.247892069262,124.377070835658,110.26882753581,41.6295365086968,74.5045801326929,54.9424485717157,135.349006652832,118.67406463623,62.5926335897201,72.7404645963479,155.635635375977,0,138.11376953125,45.3084616868392,90.1751810709635,0,151.344802856445,100.428846740723,0,38.663966427909,114.040862189399,0,114.318489074707,0,160.213958740234,0,0,0,0,0,102.918909072876,0,106.700958251953,0,73.5106008746956,0,0,0,98.9638450376449,157.267013549805,0,0,0,167.484756469727,166.379104614258
39.2118464707168,115.788085350624,103.772911936966,66.7110490865025,17.4625895475363,105.945106955136,26.7666487857838,12.635870239453,20.075560850212,59.3785022125658,8.77302839340078,156.10875193278,25.1662777480634,159.703944614955,31.2814609955917,51.3737455036329,0,110.89077353964,152.625152587891,144.755456924438,19.7355819663106,55.3451796637641,93.3580248906062,72.7288855143956,51.6980258387701,0,123.821728879447,138.093026391391,15.5436413448721,67.1046900891388,52.2894471255216,153.166269938151,105.348580384866,62.3794978646671,78.4158296389458,138.508351135254,0,175.527687072754,79.1538474275538,49.8913998304759,0,151.534645863068,122.522565722466,161.179432678223,78.1900922812505,147.907782409668,0,145.421257019043,0,148.313401166131,0,0,180.227523803711,0,188.135543823242,140.927756551107,236.801193237305,112.351028442383,180.730690002441,115.411467242715,0,0,0,131.295380865263,157.008057912191,138.897399139404,0,194.617156982422,155.589208814833,162.997699064367
143.640401338276,67.8017167794077,88.6793177286784,67.2738233030888,0,57.2457471575056,78.3573650560881,154.909893329327,107.019232940674,153.660238477919,156.10875193278,11.9077391925555,187.166259765625,16.3550891387759,96.5975464091581,0,125.03924331665,53.3299430328812,25.5893049970508,33.0278047787637,0,107.954345007628,110.995771640685,82.9273753723015,164.706230163574,25.3796464961433,23.0313990973635,61.2634884071421,133.310883155236,61.1333153456784,105.276997100936,26.7062358837072,65.6638673146566,157.93391418457,31.1354037414917,200.698959350586,88.8797411237444,145.540491485596,85.8675254821777,0,0,0,0,0,0,0,61.4212455749512,0,59.3359090631658,0,0,183.234191894531,140.519696371896,0,115.190383063422,0,0,153.991889953613,175.580280303955,191.393127441406,67.7501138489822,115.729820544903,115.087163880814,0,0,181.124794006348,117.884033203125,0,0,162.49565633138
72.8625116896355,102.478872680664,118.685800679525,64.0046760659469,13.6668451037204,95.2105127970378,14.751415303848,38.3323340950431,25.3264401557182,11.5702956061253,25.1662777480634,187.166259765625,9.47838835157548,169.861190795898,90.1234741940218,17.178458841769,0,0,0,237.666732788086,12.6833675302112,0,75.8947393629286,86.203727722168,18.6046150630991,0,147.207778930664,160.444127400716,41.4667797000592,84.1439697036037,91.5765323638916,0,99.2234933035714,85.4610728025436,88.8994072079659,153.191528320312,0,0,87.5333742414202,15.0885639298231,0,135.738496144613,135.217095947266,178.902488708496,91.145206971602,118.78603165238,0,7.98947571303201,0,160.211837768555,43.2143592834473,133.909957885742,0,0,0,13.5005131136884,0,0,0,121.133735556352,0,0,0,142.176357470061,164.390174865723,0,0,0,188.125762939453,170.414131164551
162.952868652344,56.6668180327176,88.405652364095,33.9193649409007,0,0,113.51000213623,159.03199089898,172.125823974609,124.766987609863,159.703944614955,16.3550891387759,169.861190795898,5.70233905945436,116.76931254069,0,0,85.7745649973551,47.7832062535553,63.7469494317168,0,129.485912322998,94.7216468479322,106.376710074289,138.450997488839,18.9319193709795,18.8387729156054,17.7294327499364,138.921908985485,80.7808059923577,139.022616068522,8.95051553143741,0,0,47.0079287269901,0,70.4087515438304,0,40.6509102412633,0,0,0,195.894577026367,0,166.440711975098,0,59.354946408953,0,47.0319155259566,0,0,0,156.88493347168,0,105.089315414429,0,0,110.344088236491,0,224.949127197266,47.4865692312067,89.3418621194774,89.0347581637108,195.224685668945,0,162.387634277344,92.6966171264648,0,0,135.403188069661
9.69461610926178,133.960177612305,111.001939786898,88.7944045585672,102.893571036203,28.0391836762428,33.493117125643,48.1418183771928,13.2342438460653,85.8588431705938,31.2814609955917,96.5975464091581,90.1234741940218,116.76931254069,7.98760485173821,38.6876712953722,0,117.772539487092,133.344848632812,152.866436386108,98.5673361036513,87.6747791653588,97.6295566558838,90.4171999903286,98.4737284851074,82.2166595458984,136.273525134937,147.867289425282,79.9176683773748,18.0808438393445,45.4502782043658,0,13.4101683459313,26.7716131983577,52.2687060880981,157.26383972168,0,178.683242797852,100.120229620683,188.636779785156,173.203414916992,158.828282674154,139.538244883219,180.42611541748,99.4350694509653,164.861115773519,0,166.448318481445,0,188.226913452148,0,0,194.834579467773,0,207.016510009766,153.550579071045,238.267791748047,168.295277913411,158.921524047852,135.294419497535,0,182.970527648926,0,147.91913061431,170.953767776489,171.200297764369,0,0,171.138875325521,166.384841918945
42.8082833656898,108.723785400391,145.197967529297,66.6641789638635,76.9257722334428,14.870914898697,14.8823244888007,63.3363253484007,27.5889181468048,18.2665416400426,51.3737455036329,0,17.178458841769,0,38.6876712953722,8.08964096486958,179.437362670898,133.961143493652,177.446975708008,0,78.8426776685213,86.5559692382812,59.9075870513916,118.269277572632,41.9202786568672,135.475234985352,169.111636691623,150.99333190918,74.1590223312378,42.1553462181256,72.3516222635905,0,47.7570775060943,81.4899724324544,40.3413518732244,0,0,0,87.0987434387207,0,0,0,151.972793579102,204.568740844727,102.781158447266,171.742752075195,0,0,0,167.06005859375,0,0,0,0,0,162.571548461914,0,73.4996719360352,0,127.446837361654,0,0,0,149.563112258911,169.281555175781,142.26114654541,0,0,0,169.169692993164
77.1390419006348,76.057002523671,67.1324095096228,44.8366480603653,0,0,0,43.3700841267904,73.8247528076172,73.7890785217285,0,125.03924331665,0,0,0,179.437362670898,15.9398875319539,102.869058653366,0,129.588325500488,0,20.4877039124761,35.9126684000933,15.9590122376392,29.5714411019367,0,108.748500315348,25.0799718614614,33.3005693662498,78.828125,62.9607920837402,0,0,61.2175487942166,80.3140878677368,147.572790145874,123.746452331543,88.5949654414736,62.5849174499512,0,0,0,0,0,53.7892417907715,156.10823059082,0,0,0,154.905281066895,0,103.684146457248,115.211634318034,0,0,0,113.175663948059,56.5448636590999,101.978147234235,0,0,149.487208048503,110.783704317533,99.6437149047852,158.061401367188,119.558397769928,0,0,0,117.524586486816
105.298609118879,52.7908721974466,21.8376591643489,55.1328742925132,0,185.997634887695,140.671123851429,104.738705059089,143.186913299561,126.980523003472,110.89077353964,53.3299430328812,0,85.7745649973551,117.772539487092,133.961143493652,102.869058653366,8.6754404873584,64.3324922548611,22.5952017790614,0,67.2587388132048,81.6387407357352,23.0533614847992,124.790950012207,74.4853914048937,31.471751870259,63.8669846657818,98.9727537650762,93.3850134368612,74.572919620731,94.0896129608154,0,109.675329208374,37.2563732988416,198.059445699056,105.019944085015,107.962446485247,140.94303894043,0,0,0,200.10475769043,210.51953125,163.285929361979,209.429779052734,151.496260506766,0,134.641149902344,193.660125732422,0,155.285942077637,109.717389392853,0,124.268158399142,0,154.064959716797,131.621864954631,134.740423278809,0,102.214358520508,102.756888785677,107.29514505459,184.918766784668,182.557846069336,165.701968965076,147.376014709473,0,171.414413452148,116.747479787687
151.708972295125,81.4184575762067,92.392083431812,70.1927279551095,0,0,100.136390686035,154.070245361328,135.199172973633,153.027213202582,152.625152587891,25.5893049970508,0,47.7832062535553,133.344848632812,177.446975708008,0,64.3324922548611,7.61507134726673,16.4432596320271,0,128.394383457729,122.8025390625,99.4910041884621,163.844838460286,47.7644026005522,28.7965777181511,60.8343747739313,144.914377039129,120.005249023438,123.03715499406,59.0585900629599,0,125.969703674316,60.3890619480864,0,91.5647201538086,154.621563720703,71.0435485839844,0,0,0,0,0,0,0,126.083521525065,0,89.4131736755371,0,0,200.758728027344,132.533711751302,0,106.596844100952,0,183.740982055664,152.820541381836,0,0,86.4048291256553,108.519487432531,114.887923717499,0,0,199.421112060547,119.256034851074,0,0,137.60600789388
139.312679588795,63.8031931317542,77.0279766786764,59.289806508269,0,63.2788047790527,129.087741851807,140.947590600877,165.957860310872,140.961306980678,144.755456924438,33.0278047787637,237.666732788086,63.7469494317168,152.866436386108,0,129.588325500488,22.5952017790614,16.4432596320271,8.84916829604904,0,107.560457855225,111.115557419626,75.2424935245634,152.464485168457,45.9163931104872,20.4141412469985,63.4092573748241,123.686947888667,123.035049589057,104.108245531128,59.8926574707031,108.619964599609,130.696113586426,40.2565899232258,0,102.766563415527,134.942169189453,85.3604614257813,0,0,0,185.339959280831,0,0,0,123.07520866394,0,122.93165435791,207.624923706055,0,200.591583251953,121.484382844307,115.870648701986,114.172945658366,0,177.117603846959,104.906158447266,149.713105095757,0,83.9439421028926,103.775891805433,104.920539955688,197.237945556641,221.264839172363,171.151977539062,0,0,0,132.793474324544
72.0821076017438,0,0,82.143576912258,10.6184649651248,128.182998657227,43.2326024123601,57.4409817634745,79.8543583194861,30.6561122936539,19.7355819663106,0,12.6833675302112,0,98.5673361036513,78.8426776685213,0,0,0,0,9.13037609711914,0,136.095474243164,144.178802490234,17.0486164397558,0,0,0,26.231992889456,92.6035163846367,68.7933624267578,0,120.632766723633,80.5878757008335,91.108524199455,0,0,0,94.9328999673167,9.10365734239147,0,110.99783744812,141.230041503906,162.384540557861,104.021857367622,142.612075593736,0,16.674223922047,0,182.438629150391,0,0,0,0,0,18.0029470992191,0,0,0,128.69390738351,0,0,0,144.508469051785,205.994274139404,0,0,0,0,192.600779215495
70.0032472364137,87.3568432547829,54.8283832326477,66.4131549670936,0,0,110.330780029297,56.5987817673456,119.595373971122,89.656448618571,55.3451796637641,107.954345007628,0,129.485912322998,87.6747791653588,86.5559692382812,20.4877039124761,67.2587388132048,128.394383457729,107.560457855225,0,10.8396865384443,47.801541243882,22.8148100902592,31.3090336551928,137.147201538086,111.893816454657,76.7423357904205,27.518141272137,59.578712584564,20.9586275068286,143.183624267578,0,66.5694940211409,42.596293536361,128.993148803711,130.563751220703,120.111959888089,71.0573379993439,0,0,0,124.63245900472,152.953306833903,84.5970749855042,123.247863769531,163.3115234375,0,147.648025512695,141.134434291295,0,99.3151744842529,142.615752538045,0,179.517278035482,0,109.191579546247,64.1343438965934,110.587832403965,110.673125712077,0,165.688073102166,142.602358011099,99.4383669993916,142.505450439453,110.142900570019,0,0,178.899993896484,131.105421851663
76.2510688595655,19.3064996154004,41.3466990080121,44.7598450156979,57.7853755950928,0,98.4211643763951,63.0830976698134,91.6966906956264,23.075753959454,93.3580248906062,110.995771640685,75.8947393629286,94.7216468479322,97.6295566558838,59.9075870513916,35.9126684000933,81.6387407357352,122.8025390625,111.115557419626,136.095474243164,47.801541243882,9.05355946169134,46.4117481814295,22.5229256378101,73.7193908833746,98.31221986091,35.3918190848756,47.938295140095,76.8816522390731,52.9752215281972,116.424705505371,110.878257751465,55.5540741182143,64.4064429685079,79.1022529602051,145.594421386719,94.6341861925627,24.161564207077,96.6508941650391,0,0,92.2466837565104,173.438247680664,26.3960996552518,147.672317504883,0,92.2089996337891,0,95.5276832580566,0,60.3609519958496,147.340923854283,0,120.576736450195,0,48.8723258972168,11.5573561759974,79.7053805641506,93.2453564453125,97.2599601745605,145.74745287214,83.7504684448242,88.5518942612868,132.22571182251,95.2242596944173,0,0,101.929224650065,124.724431037903
84.4353060365886,56.112664865577,20.5398618113229,51.2053214856291,0,0,118.91615992007,67.466512922163,114.265905441776,106.172086518386,72.7288855143956,82.9273753723015,86.203727722168,106.376710074289,90.4171999903286,118.269277572632,15.9590122376392,23.0533614847992,99.4910041884621,75.2424935245634,144.178802490234,22.8148100902592,46.4117481814295,13.3729389093893,65.8910239441754,91.0256385803223,67.7184697868898,53.4039622634152,37.4039244236309,69.9010273212749,49.3100020710749,125.422407967704,0,73.2496028835491,41.9671559788205,145.762152194977,139.54005355835,90.3085020014393,59.7260790644465,161.184562683105,0,195.38346862793,152.654394296499,156.871231079102,82.2812171209426,165.511013031006,173.646842956543,0,184.942840576172,162.860790676541,0,95.7171603902181,113.394128024194,0,158.765975620436,0,105.190889298916,52.5501372723139,99.1931197871139,132.230010562473,0,132.877743385934,98.2623387804478,130.692551204136,158.926838801457,120.434741577148,0,0,137.750409444173,116.796099476431
72.7981089240953,60.9934904526691,95.9286732264927,42.9395335901687,17.6279046173932,124.20831451416,93.0571797322884,48.9410574243372,90.3202737131426,18.4024846611264,51.6980258387701,164.706230163574,18.6046150630991,138.450997488839,98.4737284851074,41.9202786568672,29.5714411019367,124.790950012207,163.844838460286,152.464485168457,17.0486164397558,31.3090336551928,22.5229256378101,65.8910239441754,12.5323388491072,99.074938583374,137.056902249654,77.2042350678647,15.4647061811441,75.0855946219551,58.7305943805102,128.898834228516,130.180860042572,67.7995936008922,76.0718714804263,140.041015988305,0,150.817445373535,59.5044772049476,116.368533187838,187.65495300293,144.750679679539,112.427248734694,146.69174684797,63.9394439741687,132.960255645042,233.130081176758,126.586877045808,0,142.668612928276,0,127.765213012695,177.467514038086,0,217.680221557617,125.839182314665,105.635717773438,72.8790716383192,139.397917747498,89.8341583608912,0,177.883544921875,175.198516845703,110.717235987335,139.036334288748,116.017233742608,0,0,132.874066533269,141.441039902823
161.722282409668,20.8200730992214,71.8217277526855,20.2806743966984,0,0,0,155.135520935059,103.710815429688,107.247892069262,0,25.3796464961433,0,18.9319193709795,82.2166595458984,135.475234985352,0,74.4853914048937,47.7644026005522,45.9163931104872,0,137.147201538086,73.7193908833746,91.0256385803223,99.074938583374,8.19436469340939,39.7355265166189,17.5497711317706,130.610158920288,93.7139320373535,130.562661064996,44.7495576750557,0,0,53.0818895076184,0,68.3574957300405,103.242340087891,37.9162333876222,0,0,0,0,0,0,0,58.8285906110491,0,49.6179378740715,0,0,0,104.254244486491,79.9426193237305,76.5306411069982,0,0,110.047735595703,103.695861816406,169.904922485352,45.1481076933497,72.5652057102748,76.4236360196714,0,0,156.404602050781,78.6994995117188,0,0,107.85515322004
128.384467346842,43.8233464145917,28.7408509716447,43.5089857411939,0,169.074325561523,156.841960837624,119.762855394581,153.540507092888,124.377070835658,123.821728879447,23.0313990973635,147.207778930664,18.8387729156054,136.273525134937,169.111636691623,108.748500315348,31.471751870259,28.7965777181511,20.4141412469985,0,111.893816454657,98.31221986091,67.7184697868898,137.056902249654,39.7355265166189,11.7595063605217,28.3509669944935,100.088044633148,126.531200417,106.229460758529,24.3711728643638,153.686889648438,130.435977172852,62.8021404084249,183.615801130022,90.6283744236208,102.658693158949,75.9034083557129,0,0,0,175.242965698242,203.300987243652,154.38232421875,182.814122517904,119.501805714199,0,92.675320982933,192.380157470703,0,165.228898620605,101.875162105368,111.602734565735,104.972283739562,0,153.33065032959,136.558418273926,127.199516421459,191.554344177246,75.6221549242063,90.7050944642525,93.3643595679053,190.615496986791,174.309326171875,158.206101674882,103.41869269477,0,187.26650390625,106.751972121422
138.708573330654,33.9628260449081,31.3825709272777,43.0894473758801,0,95.9498519897461,153.148026410271,128.958127721151,154.988947677612,110.26882753581,138.093026391391,61.2634884071421,160.444127400716,17.7294327499364,147.867289425282,150.99333190918,25.0799718614614,63.8669846657818,60.8343747739313,63.4092573748241,0,76.7423357904205,35.3918190848756,53.4039622634152,77.2042350678647,17.5497711317706,28.3509669944935,13.4363072093566,78.014057068013,125.924492673176,115.419637027999,21.0377542674195,153.780001322428,131.262288411458,69.5026461779225,192.887668609619,84.6132199301648,91.1694960753714,56.9833232178085,0,0,0,172.987149556478,171.80376180013,154.743268330892,158.985160827637,89.1509556336836,0,79.3609106365003,172.95151410784,0,125.328632354736,108.983799940385,93.8279301570012,103.157409710831,244.6943359375,146.518685234918,54.9043037245009,105.051484134877,169.992333003453,64.1324316188914,93.6726255236042,94.2350809848172,171.745384665097,178.95401763916,160.260043885973,105.129576683044,0,0,115.965930552422
57.5912874878011,90.3736781819661,62.8339235894873,51.0591395779839,10.966965056254,110.948982662625,79.7423937135344,25.4663981209504,79.003128713491,41.6295365086968,15.5436413448721,133.310883155236,41.4667797000592,138.921908985485,79.9176683773748,74.1590223312378,33.3005693662498,98.9727537650762,144.914377039129,123.686947888667,26.231992889456,27.518141272137,47.938295140095,37.4039244236309,15.4647061811441,130.610158920288,100.088044633148,78.014057068013,10.1884042883216,62.9149213430963,25.5429213763877,156.476618448893,113.556745317247,55.7927261573224,60.9201403601772,131.201661682129,196.449188232422,130.769033813477,60.3194781287242,48.1863802760255,164.704734802246,139.289426894415,112.373819351196,153.501809609903,60.5725845914898,134.514016635176,0,130.139872687204,224.481170654297,138.17571918781,165.248924255371,104.911311149597,157.660806135698,0,0,124.623618956535,114.673095194499,65.1745982306344,130.845108519209,94.4033110396667,0,172.801764748313,156.695064798991,104.716228150485,136.884638544339,107.121402834283,0,189.80884552002,127.911272764206,133.36103269789
16.6275384263978,123.070735359192,104.852581656758,80.6635129568177,95.8483855799625,18.9717092851741,27.8528624631718,37.0357006509655,24.0669087557784,74.5045801326929,67.1046900891388,61.1333153456784,84.1439697036037,80.7808059923577,18.0808438393445,42.1553462181256,78.828125,93.3850134368612,120.005249023438,123.035049589057,92.6035163846367,59.578712584564,76.8816522390731,69.9010273212749,75.0855946219551,93.7139320373535,126.531200417,125.924492673176,62.9149213430963,8.45295610495737,19.7501187795173,151.967277526855,10.412870248695,13.132361993912,31.8705302671143,159.453574407668,231.500137329102,177.393600463867,93.6089541259425,153.924601146153,182.125526428223,171.789202008929,137.953321933746,179.949266221788,93.0781170545306,163.477331797282,0,159.329962730408,0,168.560672559236,180.966918945312,91.1253433227539,180.40002822876,0,206.056482950846,148.841179847717,172.527282714844,110.549862452916,173.118655734592,127.420199565707,0,165.910484313965,170.424502372742,135.258054640985,167.178276205963,135.070825774094,0,166.443511962891,151.282421112061,162.455289887219
29.7913318418027,100.168553670247,71.7634412462466,61.4507010125963,102.544723510742,109.207186381022,99.3253205617269,12.9420084573693,89.9999754769461,54.9424485717157,52.2894471255216,105.276997100936,91.5765323638916,139.022616068522,45.4502782043658,72.3516222635905,62.9607920837402,74.572919620731,123.03715499406,104.108245531128,68.7933624267578,20.9586275068286,52.9752215281972,49.3100020710749,58.7305943805102,130.562661064996,106.229460758529,115.419637027999,25.5429213763877,19.7501187795173,9.79693352378312,164.764770507812,0,27.2137124802429,43.2652585573671,127.456546147664,0,130.822581699916,67.9643079232478,138.352849324544,0,0,118.978364424272,152.14669938521,65.9312703268869,140.581452026367,0,139.769424438477,0,143.31303109063,0,104.281240675184,154.805745442708,0,167.19761912028,141.430947875977,115.051199595133,59.8954918835614,112.941809567538,106.662165063059,0,163.177917480469,162.643154689244,103.041216548185,140.493959903717,104.873539506343,0,0,118.991721259223,129.798613808372
163.312347412109,78.8688578605652,95.7972937689887,69.8345665651209,0,0,0,157.813000996908,194.372802734375,135.349006652832,153.166269938151,26.7062358837072,0,8.95051553143741,0,0,0,94.0896129608154,59.0585900629599,59.8926574707031,0,143.183624267578,116.424705505371,125.422407967704,128.898834228516,44.7495576750557,24.3711728643638,21.0377542674195,156.476618448893,151.967277526855,164.764770507812,8.49823847882034,0,0,74.4048301908705,0,98.8821487426758,156.366394042969,64.5485200881958,0,0,0,0,0,0,0,71.3927688598633,0,67.2784729003906,0,0,0,0,0,124.786361694336,0,0,0,176.166809082031,0,70.351001739502,98.1252919977362,105.532196892632,0,0,0,0,0,0,0
61.3534669876099,0,0,112.479616165161,140.403991699219,7.60966430273018,25.2810669849269,110.261912027995,10.0193207269896,118.67406463623,105.348580384866,65.6638673146566,99.2234933035714,0,13.4101683459313,47.7570775060943,0,0,0,108.619964599609,120.632766723633,0,110.878257751465,0,130.180860042572,0,153.686889648438,153.780001322428,113.556745317247,10.412870248695,0,0,5.02972996458927,0,33.902726872762,0,0,0,128.243865966797,0,0,0,0,0,125.68083190918,192.087509155273,0,0,0,200.590637207031,0,0,0,0,0,210.971817016602,0,0,0,0,0,0,0,147.45979309082,209.272521972656,188.124526977539,0,0,198.306228637695,177.036926269531
30.0810136239506,0,86.9541778564453,59.8111746511152,87.6457277570452,72.0210113525391,52.6527982107023,51.9699617355589,56.257659639631,62.5926335897201,62.3794978646671,157.93391418457,85.4610728025436,0,26.7716131983577,81.4899724324544,61.2175487942166,109.675329208374,125.969703674316,130.696113586426,80.5878757008335,66.5694940211409,55.5540741182143,73.2496028835491,67.7995936008922,0,130.435977172852,131.262288411458,55.7927261573224,13.132361993912,27.2137124802429,0,0,8.63192987818378,16.1490168347277,150.774452209473,0,179.380104064941,78.7810046195984,125.595560346331,0,171.365915934245,134.355556488037,159.139605204264,79.5184289492094,168.444679260254,0,146.279804229736,0,168.557233537946,0,0,0,0,0,151.251415252686,130.546325683594,59.9140942891439,143.084754943848,117.412809604552,0,0,0,117.086575753348,152.135478973389,123.655204227992,0,0,117.584602355957,151.308506011963
89.6435398162599,59.7403574297505,57.6821171359325,63.5107302202299,90.570729475755,23.7903661574087,49.5704287676076,69.3440070152283,47.6155756418256,72.7404645963479,78.4158296389458,31.1354037414917,88.8994072079659,47.0079287269901,52.2687060880981,40.3413518732244,80.3140878677368,37.2563732988416,60.3890619480864,40.2565899232258,91.108524199455,42.596293536361,64.4064429685079,41.9671559788205,76.0718714804263,53.0818895076184,62.8021404084249,69.5026461779225,60.9201403601772,31.8705302671143,43.2652585573671,74.4048301908705,33.902726872762,16.1490168347277,14.1539891428036,159.891257476807,133.907493591309,106.415869270883,89.4530828916109,0,0,171.889764404297,145.308353424072,187.796127319336,85.3170777956645,154.352960759943,131.049194335938,0,126.568354288737,170.905559539795,0,131.547339121501,121.728674299262,145.196186065674,132.552449081883,143.620582580566,114.92127272662,79.3582660039266,127.203340264815,129.629587090534,103.251151451698,114.850504680346,119.87572054863,128.198230489095,162.771549224854,124.445588866277,121.573036193848,0,149.156845092773,135.106936062084
157.58073425293,0,168.657485961914,139.64591217041,100.982597351074,0,172.132977294922,136.223885854085,177.007158915202,155.635635375977,138.508351135254,200.698959350586,153.191528320312,0,157.26383972168,0,147.572790145874,198.059445699056,0,0,0,128.993148803711,79.1022529602051,145.762152194977,140.041015988305,0,183.615801130022,192.887668609619,131.201661682129,159.453574407668,127.456546147664,0,0,150.774452209473,159.891257476807,9.49232969146508,135.014277140299,111.762938022614,79.4861414709757,84.5594101232641,69.0586948394775,52.0712314121464,29.6544573859892,23.7575499965047,64.0232147905562,61.2372324283572,135.440930048625,83.7711524963379,171.86916698109,9.18128249699534,70.323966662089,77.9280521638932,109.979437950814,190.315536499023,139.724033355713,77.4888826032575,87.1785892333984,73.8941128347802,100.569862948524,68.9700431772319,155.09895324707,131.966333514475,135.610470849115,73.3282195858572,11.9546594781502,25.8484227011747,180.938140869141,70.6769119262695,19.32692060966,78.7857351989197
0,101.328140258789,86.4841742082076,61.8420744503246,0,0,0,0,0,0,0,88.8797411237444,0,70.4087515438304,0,0,123.746452331543,105.019944085015,91.5647201538086,102.766563415527,0,130.563751220703,145.594421386719,139.54005355835,0,68.3574957300405,90.6283744236208,84.6132199301648,196.449188232422,231.500137329102,0,98.8821487426758,0,0,133.907493591309,135.014277140299,5.49546796330841,34.8315821547899,40.6875682506921,0,0,167.506585693359,124.187214706883,143.002808888753,61.0750626080657,140.362802842084,64.8729828054255,0,51.8697882936712,147.059980773926,0,78.7920293987922,51.0174791052258,68.5787838527134,66.1543972204763,0,89.8077203189626,14.2225373890482,60.1466217842904,90.9217896712454,27.4780963941826,46.6023726252849,32.3096418694446,123.800025122506,142.319143507216,103.802858778268,72.0604378382365,83.2577590942383,114.621978759766,61.6546206198798
0,104.295207214355,85.1138586196899,63.4607137921213,0,0,0,0,178.302322387695,138.11376953125,175.527687072754,145.540491485596,0,0,178.683242797852,0,88.5949654414736,107.962446485247,154.621563720703,134.942169189453,0,120.111959888089,94.6341861925627,90.3085020014393,150.817445373535,103.242340087891,102.658693158949,91.1694960753714,130.769033813477,177.393600463867,130.822581699916,156.366394042969,0,179.380104064941,106.415869270883,111.762938022614,34.8315821547899,10.2732247269857,38.4751740058031,152.268335342407,175.52712097168,124.714523665402,90.5394444244076,123.23438433149,95.4056888580322,110.701928801007,87.1164449585809,126.735518368808,85.7898152896336,120.716600303826,116.292411804199,59.1976171750871,36.5953837890229,84.1085525512695,79.8521261568423,131.115086146763,59.6802223619208,36.581786446308,17.5333764019651,88.2635749084781,104.449239458357,23.2313160995288,25.8460420660162,75.9290860323011,130.926425701639,72.8871136756792,81.6959442138672,198.256645202637,127.771076583862,61.2779359363374
88.7610094407026,80.4194784164429,56.6909520522408,27.113052990477,86.3452862330845,137.284759521484,97.9291075192965,64.7410715672877,90.9969863891602,45.3084616868392,79.1538474275538,85.8675254821777,87.5333742414202,40.6509102412633,100.120229620683,87.0987434387207,62.5849174499512,140.94303894043,71.0435485839844,85.3604614257813,94.9328999673167,71.0573379993439,24.161564207077,59.7260790644465,59.5044772049476,37.9162333876222,75.9034083557129,56.9833232178085,60.3194781287242,93.6089541259425,67.9643079232478,64.5485200881958,128.243865966797,78.7810046195984,89.4530828916109,79.4861414709757,40.6875682506921,38.4751740058031,23.7673180637075,58.7806991456865,115.769036865234,76.6885290474727,53.019081162055,84.8845776813786,8.85882607535493,69.380197201745,45.7963400233876,67.1274159331071,28.4534049978351,87.1978657942552,76.118844350179,41.1634437798808,53.4550021317814,60.3786926269531,75.7980930010478,64.3219459796774,55.0030882673443,31.2510969081707,47.966710887388,23.6347425866603,12.1463682622503,51.1936607974591,41.1222162158145,50.6984878340338,84.3922312887091,56.6616375098794,57.7982031504313,125.175994873047,71.4072337680393,66.6493421419702
147.836071777344,121.217178344727,0,132.389559427897,7.2739971222574,201.003128051758,158.002995808919,119.41257809921,160.696884155273,90.1751810709635,49.8913998304759,0,15.0885639298231,0,188.636779785156,0,0,0,0,0,9.10365734239147,0,96.6508941650391,161.184562683105,116.368533187838,0,0,0,48.1863802760255,153.924601146153,138.352849324544,0,0,125.595560346331,0,84.5594101232641,0,152.268335342407,58.7806991456865,7.42002645124629,140.118133544922,51.5541707141754,59.3755591256278,92.5528161943573,29.206166527488,13.078299148207,0,15.2235293578865,193.659301757812,95.2089073702415,49.453900301898,68.2527236938477,149.760757446289,0,161.202056884766,10.1129821025076,0,105.996829986572,116.898820495605,14.6144829704272,0,177.223058700562,145.178070068359,13.5008427009844,98.02880846574,82.871875,0,0,89.1722316152042,90.7774023267958
0,0,138.308410644531,0,0,0,211.440444946289,0,207.052444458008,0,0,0,0,0,173.203414916992,0,0,0,0,0,0,0,0,0,187.65495300293,0,0,0,164.704734802246,182.125526428223,0,0,0,0,0,69.0586948394775,0,175.52712097168,115.769036865234,140.118133544922,6.90407257623988,9.08977639820439,110.456848144531,13.9856875732934,105.165235519409,104.023032052176,58.1498286303352,88.0303840637207,99.8410758972168,27.7393711157248,14.1333794535568,85.1589965820312,175.829025268555,0,86.8845977783203,121.497355143229,0,116.568379720052,105.179302215576,112.799800270482,0,167.108204650879,134.135860443115,119.239984666979,19.8685257214573,128.10301361084,0,8.03206178443651,48.8820129394531,26.4012139875062
147.261993408203,0,0,221.070648193359,94.7143491109212,0,161.142135620117,141.444498502291,143.797750854492,151.344802856445,151.534645863068,0,135.738496144613,0,158.828282674154,0,0,0,0,0,110.99783744812,0,0,195.38346862793,144.750679679539,0,0,0,139.289426894415,171.789202008929,0,0,0,171.365915934245,171.889764404297,52.0712314121464,167.506585693359,124.714523665402,76.6885290474727,51.5541707141754,9.08977639820439,8.31333061282838,61.4553280675352,19.3359362452547,74.3560567635756,23.9542044121,103.386841328939,15.5366470070135,186.669315338135,33.0966373181891,12.623812373408,102.77463054657,149.979178292411,0,186.929885864258,31.8337164748888,113.127614702497,97.9266337344521,126.093519934293,57.0845569560402,0,160.41854095459,161.453333767978,55.2246781435001,30.708003489984,91.1404992016879,185.292327880859,10.887390072085,96.2698217538687,38.8576855808139
123.756196975708,0,179.083948135376,143.195468357631,99.4364433288574,0,144.957134791783,126.882690668106,132.339766025543,100.428846740723,122.522565722466,0,135.217095947266,195.894577026367,139.538244883219,151.972793579102,0,200.10475769043,0,185.339959280831,141.230041503906,124.63245900472,92.2466837565104,152.654394296499,112.427248734694,0,175.242965698242,172.987149556478,112.373819351196,137.953321933746,118.978364424272,0,0,134.355556488037,145.308353424072,29.6544573859892,124.187214706883,90.5394444244076,53.019081162055,59.3755591256278,110.456848144531,61.4553280675352,10.3430415642341,51.10678359675,50.8267158143756,16.1980233721981,149.946973927816,56.057134821795,155.974155669517,29.5637118357214,74.327231725057,69.3357905876346,104.327711138614,147.540169852121,128.200091983961,57.6772412163871,68.8328595590202,75.2286237457095,79.179553397278,43.7839860815813,134.794174194336,123.45784317475,128.590374237636,22.6497154352912,46.460033024497,21.2315078826857,165.329625447591,126.989166259766,63.4457391144127,79.3252052086359
