9.61993120361851,115.710269927979,115.086902024316,81.3470107630679,100.390226745605,112.722756522042,79.4648235176183,29.1738357389179,55.2010677583096,81.8691230773926,75.5294216570453,133.917685104629,98.2592387729221,156.157973225911,14.4783346498274,82.1113834381104,79.1608743667603,102.429627860553,141.543695265247,124.021425555451,98.8106870883849,74.2653995294945,74.0313887247225,87.7151807725957,91.6939143353735,0,126.60100417158,150.521297087493,81.8635735236911,18.8551048612597,25.5819637218727,162.24036026001,95.2149254294003,43.6184031069279,76.6568783407884,219.599090576172,0,190.306889851888,113.209167480469,137.377075195312,0,0,150.214088439941,174.440851847331,81.2979049682617,169.444544474284,0,138.295509338379,0,169.564682006836,0,123.181864261627,194.546043395996,0,0,0,142.958361173931,92.1371722412109,155.072307041713,139.078996930804,0,205.111551920573,198.496426391602,148.006969798695,133.239753723145,141.499016655816,0,0,136.008651733398,155.903182983398
115.710269927979,8.18159833928128,50.8845218022664,15.4931457407156,0,147.212768554688,131.839813232422,133.171006422776,125.515656607492,70.1020856181935,120.901323318481,70.9208971659342,104.299498124556,53.8433960808648,155.703143310547,111.651475906372,65.7518415817848,89.2615474065145,120.630238850911,94.2075682746039,111.810935974121,109.670639038086,25.5619597042939,106.431907653809,71.2943371552371,29.7284065684344,77.0062446964597,34.0442461281008,104.878219959348,111.604548136393,104.341207504272,68.5198400285509,0,133.95201365153,101.787192344666,0,54.7972843933105,99.6632114955357,35.120583381293,0,0,0,163.548617045085,206.008361816406,0,0,97.5251871744792,0,96.3882419361788,181.715621948242,0,130.90002746582,84.8496554238456,120.850242614746,103.817641394479,225.570343017578,154.373657226562,68.0408721923828,133.714541753133,136.600482940674,72.0573279486762,95.6462191021632,86.7634278711283,211.834518432617,0,0,116.642654418945,0,143.535949707031,90.6565933227539
115.086902024316,50.8845218022664,15.5012203464582,109.996000289917,127.995194753011,175.713101196289,152.090613359962,100.774685127273,125.789492469545,131.901482391357,111.853523801651,90.75756588079,184.946529388428,91.4140218098958,118.999421038262,157.116441579965,98.9956282547542,47.810260634373,90.6574031106787,78.8167181676399,167.117931365967,65.5114403061519,50.1798091005501,32.0649763288029,123.53786886892,166.548999786377,38.9698254821875,40.8104834893344,80.1457685688674,147.053754146283,81.0276955449304,102.128525272492,187.682594662621,123.692505518595,69.5953532264814,203.947677612305,86.5186089833578,99.9607818706933,119.753011491564,0,0,215.873710632324,177.944302687774,205.731035232544,161.973639855018,194.330041885376,151.396329498291,191.055969238281,142.083499908447,198.472331455776,203.515823364258,108.855483597976,115.766628412809,145.02156829834,139.379873781788,0,138.005547023955,75.4514089862952,108.815300939901,166.81349251487,115.738054275513,123.196490825434,101.978916347718,166.496928889577,166.702335357666,152.404226721787,168.48099899292,0,147.783076477051,120.892341528998
81.3470107630679,15.4931457407156,109.996000289917,24.2884245835818,62.1722576871831,134.100831168038,83.1787177969556,59.2256525126371,74.9227597806547,24.8962766289228,74.9331918883434,67.9300114767892,65.0654785973685,44.3776201183876,84.2223548563118,61.9613570107354,46.6433337231849,105.387602354351,129.05913066864,112.912339104546,80.3354994637626,58.7048266278266,49.5561123762131,54.0251045205364,43.8166405013256,23.0048745427533,57.2527393172769,40.2796594030542,56.1288580764462,93.409798546175,60.8426913983894,66.6776400479403,122.751289367676,70.5472990671794,78.7783742777507,103.574188232422,57.289852142334,160.04341506958,18.4175697342167,41.9706077575684,0,109.627485275269,80.1789804034763,98.6613933018276,10.5075273015282,120.948149681091,64.3830604553223,112.020723978678,75.4244810251089,95.4244556427002,0,66.7697903128231,0,70.4446067810059,78.74597752889,0,103.541662979126,49.8507691730152,84.6531716585159,69.0990755808981,39.6002644168006,82.3037567138672,73.3588268897113,74.3955548809421,113.452320098877,94.725741704305,0,0,108.872451782227,102.333770751953
100.390226745605,0,127.995194753011,62.1722576871831,9.47983808618804,0,48.4765089498573,63.7808235883713,73.9982688657699,46.4182251124155,24.6742136078855,215.895324707031,33.4439568865146,0,102.361564017631,59.9740858743357,101.033954620361,148.075466156006,186.943481445312,176.259346008301,18.0724339570284,0,76.7133164839311,156.905212402344,16.1465369792857,0,158.809250681024,128.190589141846,14.8369892575354,98.2931052864372,80.5473815917969,0,145.88890838623,85.8759886089124,104.552989308427,0,0,169.945510864258,80.0608984629313,69.2707088341316,0,118.458765574864,147.569609069824,182.899757385254,91.22694675739,144.794572557722,0,50.4951530232149,0,191.233421325684,150.801773071289,160.853240966797,0,0,0,23.631446946499,142.400512695312,96.1814219156901,0,106.046595780746,0,0,204.571151733398,142.381595663828,163.818695068359,123.531188964844,0,0,163.825759887695,153.860565185547
112.722756522042,147.212768554688,175.713101196289,134.100831168038,0,7.00634027170395,12.3288644125903,111.995280674526,25.8814096398023,67.5030269622803,97.6029836604026,63.7369141810149,90.1469065722297,85.2851895419034,44.3804492453734,14.5729819701336,0,170.007607460022,92.463436126709,155.417379379272,132.070868272048,108.706609725952,111.416857038225,171.0140511649,120.89147596006,0,167.039101851614,161.28325958252,130.770042419434,24.2414394513587,124.824513026646,102.24471282959,11.000217388405,65.3872680664062,38.9461494053111,0,0,0,167.339950561523,244.18571472168,0,0,206.158676147461,208.975799560547,0,233.568359375,0,0,0,0,0,181.442077636719,0,0,0,0,215.813766479492,164.613746643066,0,195.66304397583,0,0,0,189.563466389974,0,0,0,0,0,0
79.4648235176183,131.839813232422,152.090613359962,83.1787177969556,48.4765089498573,12.3288644125903,10.0613567419034,58.0358152202897,20.9986452764867,79.7660358271648,30.8031010297759,92.9160563872891,25.7553522345546,103.144695382369,39.2241823816904,13.9555146441874,176.197334289551,166.631944803091,150.999117533366,179.751670360565,45.4047014527455,130.298679058368,113.094142368862,156.160052531474,96.0204264561548,75.1453247070312,177.705313920975,181.160040244078,54.8908630739491,43.8996300656435,120.190647277832,160.284231567383,24.6107743512123,84.7920543836511,68.6359550108821,220.663391113281,0,224.535614013672,102.734898090363,171.434274291992,0,174.362475077311,167.605369567871,191.491449991862,126.603522922682,178.827372643255,0,140.262281629774,0,198.806049346924,231.640106201172,162.243995666504,244.940307617188,0,236.950668334961,168.19199185758,180.150365193685,136.958080638539,189.594432830811,146.111079129306,0,225.808715820312,212.775625610352,161.482966395787,188.927179972331,185.765367507935,0,0,180.900668334961,188.970817565918
29.1738357389179,133.171006422776,100.774685127273,59.2256525126371,63.7808235883713,111.995280674526,58.0358152202897,8.88146071430953,45.8584857894737,56.7178708476405,13.8453730577461,158.57422601023,62.3580382273747,165.52922717945,31.3739724216677,85.5995241511952,107.599115660696,113.804602809287,159.67154304654,141.123329279973,94.2694194157918,73.2559214313473,70.6583320514576,82.7374310834347,65.7256839646386,155.5806640625,134.839474891377,127.880224209609,26.0545730179846,70.7835004525266,27.8616228301305,165.918778483073,127.205042157854,70.2241280993576,91.7661642464485,153.044824453501,161.372637430827,181.283908813477,77.8988269002814,140.545306037454,210.287582397461,162.437715911865,138.149081598762,164.107918930054,80.7660831809044,153.541591486655,195.670074462891,124.127886454264,185.105987548828,169.771451803354,156.757019042969,130.396961874213,198.897908749788,218.913009643555,218.25777943929,144.280745849609,141.643876287672,97.0729448106554,162.908353525442,118.508787668239,188.17301940918,209.622387605555,187.839153084212,134.826775080537,150.197715625428,135.454066975911,0,0,147.505439758301,167.117899987005
55.2010677583096,125.515656607492,125.789492469545,74.9227597806547,73.9982688657699,25.8814096398023,20.9986452764867,45.8584857894737,12.080911808647,71.5578624934216,19.7501139794092,97.1565012223271,84.2548686362149,118.696175489755,15.5875494178155,40.4306371131338,127.198273552789,138.34557729951,138.509251018147,154.522908868569,93.6704831780576,106.204540192135,93.258546398532,118.316672750421,89.9765861960018,158.217805862427,152.011340415926,165.179206813932,90.2638956559782,34.5495718008927,86.9584723578559,138.413817801127,30.3548410994919,82.3696895061723,57.4627788853988,165.270413325383,212.393600463867,194.742471059163,88.3418712000693,148.805918273926,0,159.658441320642,146.860036161211,168.902390984928,108.600506782532,155.716490161278,182.033737182617,129.441058052911,133.226257324219,177.190185241699,158.203903198242,148.213192074798,218.886856079102,0,223.470036824544,151.086152970163,159.728555134365,123.135327127245,192.11366780599,128.895767671007,145.133613586426,219.659035422585,206.45938873291,146.692802192389,178.500804138184,155.490216149224,0,0,166.53312365214,180.490712356567
81.8691230773926,70.1020856181935,131.901482391357,24.8962766289228,46.4182251124155,67.5030269622803,79.7660358271648,56.7178708476405,71.5578624934216,8.43650737246014,70.1229132011389,142.073858822093,11.6881107653907,122.022778704123,87.7184459956612,24.199298098882,99.0500950532801,136.364544261586,146.001669311523,164.118357340495,46.0833651909461,95.8154161893404,30.4574371766019,126.429840087891,20.5331255481357,106.360815410673,136.858815002441,106.140174129033,51.3776254593117,80.9442726189945,60.7107329870525,142.278884887695,152.823170253209,70.8007853627205,90.3431305604823,143.284454345703,0,172.926184082031,48.1985317118028,106.304979424728,0,142.97457240178,118.930277143206,130.821455383301,48.2963960337084,137.668121337891,0,88.9258908081055,153.156598177823,157.027887980143,0,146.149060930525,207.108535766602,0,219.726692199707,108.215404387443,132.84422938029,67.4082189287458,168.711401367188,83.8003759847104,146.895309448242,189.066045125326,180.429744373668,115.175175334132,134.245733642578,122.657473754883,0,0,140.755137125651,153.254023234049
75.5294216570453,120.901323318481,111.853523801651,74.9331918883434,24.6742136078855,97.6029836604026,30.8031010297759,13.8453730577461,19.7501139794092,70.1229132011389,9.78838057852855,158.955049753189,29.5357231709429,166.148066997528,47.2684870560964,68.9629543477839,162.281579335531,133.114598037412,166.70899514591,163.861807081434,21.8205430434464,99.9539145536201,95.2106262900613,97.1961760142493,70.727929229822,0,145.943673026864,157.125501522348,26.8773449562613,97.7572490912255,78.2432954466188,189.3733959198,126.92573966232,84.1600096960488,96.9854403866196,176.637084960938,184.767272949219,190.454178619385,90.0487674110814,151.55259751437,0,164.460277254619,146.570302494237,171.956554236779,118.425739916065,163.322708004399,0,117.81846638407,0,190.437247212728,159.26015218099,148.786396026611,212.382034301758,241.531143188477,225.143600463867,154.104515075684,166.116401270816,117.62213973999,185.965078874068,125.81209297922,0,216.275463104248,192.751920259916,150.512522418682,180.947943967931,159.945786370171,0,0,174.377612643772,194.344370524089
133.917685104629,70.9208971659342,90.75756588079,67.9300114767892,215.895324707031,63.7369141810149,92.9160563872891,158.57422601023,97.1565012223271,142.073858822093,158.955049753189,13.6103820873793,155.623579586253,24.2690536586438,107.559618180108,149.01447732108,119.951656341553,68.1728167782463,22.1155943067531,30.8146531015915,174.4263785226,117.954204456226,108.508341761998,100.882042119791,160.267615493463,31.1357073467842,24.9249538859774,61.218885206287,154.216049587604,83.1782918065617,124.939661841892,38.3347772462888,64.7705168549126,102.34557888486,32.2830528776632,0,117.100690841675,145.207973255831,92.0786656466397,0,0,0,0,0,0,0,90.8189025878906,0,85.3305499233417,0,0,183.992202758789,160.370742797852,113.584741864886,120.319794874925,0,233.562240600586,178.991994222005,165.391422816685,182.894696916853,76.7206904671409,114.411335331379,114.003113688593,213.677755737305,160.711395263672,202.769973754883,125.314447021484,0,0,120.034721374512
98.2592387729221,104.299498124556,184.946529388428,65.0654785973685,33.4439568865146,90.1469065722297,25.7553522345546,62.3580382273747,84.2548686362149,11.6881107653907,29.5357231709429,155.623579586253,10.2866127718808,156.98445892334,95.4126470967343,17.121657804986,110.020217895508,215.343373616536,0,184.054949951172,14.8285233563683,156.074356079102,59.8992134522055,165.831855773926,16.8003106668012,155.971593221029,195.712908231295,124.216062079536,44.6606550216675,104.247742457972,132.025987625122,0,124.807413255846,96.8467878861861,99.4600214000306,164.830352783203,0,231.792678833008,79.5497821807861,125.093717462876,0,133.232853962825,157.187787373861,175.738348642985,88.6848582217568,133.436465793186,0,9.47823979878666,0,212.336929321289,87.0137615203857,0,215.684631347656,0,0,10.7404651517588,179.406977335612,133.588259379069,156.137171427409,123.203052642239,0,0,243.346649169922,156.21673658159,172.28542582194,138.001918792725,0,0,0,224.286605834961
156.157973225911,53.8433960808648,91.4140218098958,44.3776201183876,0,85.2851895419034,103.144695382369,165.52922717945,118.696175489755,122.022778704123,166.148066997528,24.2690536586438,156.98445892334,7.93439164292713,126.358159986593,171.03769938151,114.001816431681,122.773178918021,52.4782701048904,67.3980319374486,179.810165405273,149.880787440709,91.373471110026,149.607536951701,126.432101490733,17.2765836337185,28.2538929848471,36.4412482525964,156.603110573509,103.070185852051,143.581707803827,13.1528937844614,80.0960853073623,139.514879862467,57.9729261012992,0,99.2152265660903,148.546721564399,47.0545422934631,0,0,0,225.705932617188,0,151.044329833984,0,87.4486275949786,0,76.4618669174042,179.407783508301,231.820236206055,183.056549072266,158.486831665039,105.492409600152,120.431272937405,0,200.512786865234,128.426335471017,175.848194122314,167.836567687988,67.4839364131138,111.826988320163,106.547575541905,174.216659545898,0,168.622894287109,104.614341549757,0,0,151.012728009905
14.4783346498274,155.703143310547,118.999421038262,84.2223548563118,102.361564017631,44.3804492453734,39.2241823816904,31.3739724216677,15.5875494178155,87.7184459956612,47.2684870560964,107.559618180108,95.4126470967343,126.358159986593,8.96508055205615,61.3012300322327,112.398692791279,125.019529114489,144.119256161853,143.121114008433,103.591765196427,100.236017107524,86.2198306100811,109.133812246042,98.4659940499893,175.67427444458,143.025778163405,157.499942758581,89.7626269886665,22.1537474033923,67.5003310626265,159.510228377122,18.4253772054687,45.2449647445305,53.9991046752154,159.971928914388,213.014587402344,203.382454872131,106.130232186153,166.200952148437,0,201.238388061523,159.083839552743,192.796617507935,123.152358034824,181.920006343297,0,171.697998591832,213.7587890625,188.328818581321,182.877738952637,142.223581032675,207.838722229004,217.110855102539,223.203727722168,155.061953226725,150.944177042643,108.188168284657,177.742858886719,144.693598429362,0,219.893404447115,200.406694793701,154.549317612271,172.954385840374,152.230571171023,0,0,147.413352517521,168.941187381744
82.1113834381104,111.651475906372,157.116441579965,61.9613570107354,59.9740858743357,14.5729819701336,13.9555146441874,85.5995241511952,40.4306371131338,24.199298098882,68.9629543477839,149.01447732108,17.121657804986,171.03769938151,61.3012300322327,8.89181789038393,95.0448913574219,190.943206787109,170.609909057617,166.826034545898,64.4843679904938,30.0498161315918,68.1806538375383,119.977966308594,43.9313719324605,156.57551574707,186.958634694417,133.399215698242,82.8381493809711,51.9912744725792,95.3772311740451,0,39.5373559364906,58.4827933992658,71.7400814056396,0,0,0,93.975341796875,132.066160583496,0,201.82154083252,165.887395222982,208.093368530273,51.192066192627,147.230066935221,0,0,0,200.21174621582,0,141.174285888672,0,0,231.794845581055,108.717834472656,189.449554443359,161.079299926758,0,123.976554679871,0,0,206.286781311035,148.897605202415,0,157.763387044271,0,0,0,206.50789642334
79.1608743667603,65.7518415817848,98.9956282547542,46.6433337231849,101.033954620361,0,176.197334289551,107.599115660696,127.198273552789,99.0500950532801,162.281579335531,119.951656341553,110.020217895508,114.001816431681,112.398692791279,95.0448913574219,13.704757848626,100.095694588326,168.861618041992,120.027394951714,98.1069564819336,24.7013437875492,33.8013685968179,24.4500851042203,40.1220452806529,98.8634289828214,113.570542177947,31.6144374635586,46.3489773598434,96.1109986556204,76.8120391212375,156.402053833008,149.622924804688,64.7008020737592,77.293259072811,133.219312032064,141.325687408447,118.722826875959,81.6627400342156,0,0,0,154.804874825985,165.353723798479,178.538375854492,181.695810953776,0,244.629379272461,144.430473327637,175.45739364624,0,97.8140913602293,143.201323954264,224.70068359375,165.451734270368,200.306701660156,123.709894605251,61.2744469755439,107.258475709116,93.1363564503344,190.925109863281,161.450538090297,115.664499981673,130.335153091786,140.627880859375,120.436487515767,0,0,119.364117940267,130.249906980074
102.429627860553,89.2615474065145,47.810260634373,105.387602354351,148.075466156006,170.007607460022,166.631944803091,113.804602809287,138.34557729951,136.364544261586,133.114598037412,68.1728167782463,215.343373616536,122.773178918021,125.019529114489,190.943206787109,100.095694588326,11.2769389321969,72.1003173419407,25.0111560672564,197.709567599826,74.1773147273373,95.6561465890067,28.5514109599126,142.382480527277,113.099812825521,40.2278805241416,72.8392085840635,122.884377191652,108.927760941062,80.723985796457,91.0529248555501,178.358415686566,84.1232078707948,42.3015691653188,211.105773925781,108.727327664693,116.678038748455,137.044981479645,0,0,229.945930480957,194.390864257812,205.943855285645,208.178382873535,214.848133087158,167.613590240479,209.297439575195,193.380648803711,209.036626180013,0,146.608100152785,130.01956259686,144.725978851318,142.392136604555,0,171.837838008486,137.178917541504,134.952016731788,189.378053765548,107.11579767863,130.70333449567,121.790031203304,194.507467651367,198.20211537679,190.837732950846,200.028656005859,0,170.653625488281,136.254737607894
141.543695265247,120.630238850911,90.6574031106787,129.05913066864,186.943481445312,92.463436126709,150.999117533366,159.67154304654,138.509251018147,146.001669311523,166.70899514591,22.1155943067531,0,52.4782701048904,144.119256161853,170.609909057617,168.861618041992,72.1003173419407,8.5659640425736,17.1521213463944,189.665714263916,131.343005371094,119.594965934753,108.173658989571,187.546481323242,44.089168080523,36.9442049205685,70.2226489911164,166.113370824743,121.038643866777,126.334288305166,59.0467155255769,93.7692878723145,118.768072720232,57.29232092206,0,125.7506980896,149.612370808919,115.570576667786,0,0,0,0,178.004684448242,0,223.251876831055,108.994413757324,0,102.877816009521,0,0,0,164.931118774414,116.544509887695,119.469762529646,0,0,153.11901473999,163.12419128418,0,82.7609787735284,120.27186620124,124.970401923814,0,0,217.932754516602,109.906214396159,0,0,126.274187723796
124.021425555451,94.2075682746039,78.8167181676399,112.912339104546,176.259346008301,155.417379379272,179.751670360565,141.123329279973,154.522908868569,164.118357340495,163.861807081434,30.8146531015915,184.054949951172,67.3980319374486,143.121114008433,166.826034545898,120.027394951714,25.0111560672564,17.1521213463944,13.9224551643121,0,108.495356225766,125.302658601241,79.4118819416433,160.150079884249,51.6509488423665,39.9700006627199,77.1812780164454,150.65485314903,118.435757575943,107.593863404443,66.6857745283741,115.024651065949,99.6919138833378,46.5042023329586,0,109.178213461851,128.699398816116,103.53253364563,0,0,239.47338104248,202.01776776995,0,220.349014282227,222.970565795898,125.108444213867,0,116.840943472726,206.772918701172,0,175.863093058268,143.299643816267,123.6061063494,120.596552364162,0,197.263196672712,139.644603729248,163.310367393494,211.900030517578,96.7860978868273,119.428848456152,124.069589690919,209.344711303711,190.832862854004,232.580322265625,133.298269271851,0,0,150.560369219099
98.8106870883849,111.810935974121,167.117931365967,80.3354994637626,18.0724339570284,132.070868272048,45.4047014527455,94.2694194157918,93.6704831780576,46.0833651909461,21.8205430434464,174.4263785226,14.8285233563683,179.810165405273,103.591765196427,64.4843679904938,98.1069564819336,197.709567599826,189.665714263916,0,13.6745068212264,155.639892578125,78.1627076092888,196.338200887044,20.6957654980539,145.962936401367,202.213364664714,185.271698951721,26.2234850165086,110.657006837512,147.578165227717,200.370178222656,145.930461210363,102.396081173059,102.351795472961,180.680168151855,0,0,92.2200014450971,158.350222732082,0,171.871392991808,138.196261935764,184.267267862956,106.528148651123,170.346194826323,0,26.3610439492272,0,200.678649902344,0,233.845779418945,0,0,0,157.095657001842,0,218.064659118652,0,128.036495515856,0,227.556915283203,195.269233703613,158.100790221116,190.742826461792,161.121704101562,0,0,185.760108947754,176.17643737793
74.2653995294945,109.670639038086,65.5114403061519,58.7048266278266,0,108.706609725952,130.298679058368,73.2559214313473,106.204540192135,95.8154161893404,99.9539145536201,117.954204456226,156.074356079102,149.880787440709,100.236017107524,30.0498161315918,24.7013437875492,74.1773147273373,131.343005371094,108.495356225766,155.639892578125,12.4744207081343,55.7200556716534,28.6648454667434,30.6167869604684,140.022773742676,127.298064659847,75.6292232239472,24.505119112126,54.5826463214112,30.3283303504265,150.761557006836,110.173231858474,33.2163507768646,49.4206756245071,134.241122038468,130.125335693359,155.416707013104,76.9886717874496,0,0,191.912857055664,147.947872924805,167.769590250651,155.500356674194,169.532377243042,196.82946395874,201.308906555176,0,152.559327261788,0,117.718777437823,165.664984809028,0,0,198.702308654785,125.809319670049,79.2794632029758,124.909800319183,125.662031773863,0,191.071329453412,146.914025861163,129.667860568148,130.728434591582,121.931018759988,0,0,123.637804031372,132.96864910515
74.0313887247225,25.5619597042939,50.1798091005501,49.5561123762131,76.7133164839311,111.416857038225,113.094142368862,70.6583320514576,93.258546398532,30.4574371766019,95.2106262900613,108.508341761998,59.8992134522055,91.373471110026,86.2198306100811,68.1806538375383,33.8013685968179,95.6561465890067,119.594965934753,125.302658601241,78.1627076092888,55.7200556716534,9.07750704182424,53.0243479731623,31.0353903076891,73.3914028529117,107.677788141611,44.3816454015112,58.1068854662067,73.6251921439863,56.3428785649067,114.452624729701,137.835271835327,57.4173169788561,74.8495495413232,97.7507781982422,116.68966783796,88.4088066171069,91.1369892883301,154.639526367188,0,130.607063293457,116.419553995132,141.134991814108,35.1963405235141,135.592044830322,142.676866531372,113.921569824219,129.383141951127,118.98611668178,0,61.5712482162386,135.200980377197,160.489471435547,151.942137824164,148.831121826172,83.6345163692128,31.3199357882033,78.6438867024013,92.1204471285381,116.86542224884,144.446339743478,98.9389049295794,97.4201648299758,105.421484727126,96.8396281790226,0,0,83.1129837036133,148.624384562174
87.7151807725957,106.431907653809,32.0649763288029,54.0251045205364,156.905212402344,171.0140511649,156.160052531474,82.7374310834347,118.316672750421,126.429840087891,97.1961760142493,100.882042119791,165.831855773926,149.607536951701,109.133812246042,119.977966308594,24.4500851042203,28.5514109599126,108.173658989571,79.4118819416433,196.338200887044,28.6648454667434,53.0243479731623,15.69347218645,93.596514440801,144.67741394043,100.76998562167,57.6785194389204,57.1391670879389,87.091499940341,52.9556923215886,177.314956665039,134.523350765831,67.9510432471748,47.2286588269767,142.996021270752,131.346321105957,106.892299046423,87.8466646557763,0,0,192.462529500326,158.34986006247,188.672420247396,140.235996246338,185.469557698568,153.051940917969,189.041732788086,169.203758239746,166.82402910505,0,103.734561470069,140.109729055631,0,165.747424897693,0,130.816791738502,72.0447262566087,112.762721643677,151.315901915232,152.677363077799,168.549589792887,109.352254573681,149.073020841158,157.426302942736,131.522066504554,199.046798706055,0,149.963204956055,135.390687545927
91.6939143353735,71.2943371552371,123.53786886892,43.8166405013256,16.1465369792857,120.89147596006,96.0204264561548,65.7256839646386,89.9765861960018,20.5331255481357,70.727929229822,160.267615493463,16.8003106668012,126.432101490733,98.4659940499893,43.9313719324605,40.1220452806529,142.382480527277,187.546481323242,160.150079884249,20.6957654980539,30.6167869604684,31.0353903076891,93.596514440801,11.3770776161715,101.07737239313,146.442180855453,97.8475112945227,22.4268198033905,93.5854042108912,76.363208793445,152.528856913249,146.960428074428,73.4482337744214,103.005928204928,135.758624054665,150.489475250244,172.827362988446,63.6874418489226,120.015866796176,197.932327270508,142.37099236881,124.261133576987,151.359096903197,71.4636845422912,137.516477516719,0,109.443361490965,193.64514378139,155.634469259353,131.263434346517,107.328356807393,185.548821004232,0,211.221719915217,124.477762820116,130.582291679543,78.5313403250157,151.860179836467,86.4817055263754,171.950458179821,196.11390061812,172.87109516513,120.838433100834,149.349280274433,126.897004004448,0,201.753979492188,132.828147066556,153.481185807122
0,29.7284065684344,166.548999786377,23.0048745427533,0,0,75.1453247070312,155.5806640625,158.217805862427,106.360815410673,0,31.1357073467842,155.971593221029,17.2765836337185,175.67427444458,156.57551574707,98.8634289828214,113.099812825521,44.089168080523,51.6509488423665,145.962936401367,140.022773742676,73.3914028529117,144.67741394043,101.07737239313,9.2251565343665,53.704294051716,23.9911549356931,138.63527513587,122.55470602853,142.100456237793,52.6520351833767,82.0071411132812,133.573404312134,53.4888164315905,0,53.9459221579812,121.546285629272,25.4882218680292,0,0,208.53466796875,0,0,131.46790259225,0,72.4050712585449,0,60.0092748481862,0,0,0,113.833235168457,96.2592582702637,97.078163840554,0,124.112159729004,101.996499575101,157.700332641602,146.218564987183,39.4748385293143,87.7984799352186,79.777784164838,206.805709838867,0,0,79.622989134355,0,0,97.3383769989014
126.60100417158,77.0062446964597,38.9698254821875,57.2527393172769,158.809250681024,167.039101851614,177.705313920975,134.839474891377,152.011340415926,136.858815002441,145.943673026864,24.9249538859774,195.712908231295,28.2538929848471,143.025778163405,186.958634694417,113.570542177947,40.2278805241416,36.9442049205685,39.9700006627199,202.213364664714,127.298064659847,107.677788141611,100.76998562167,146.442180855453,53.704294051716,21.00920017251,39.3496996935514,137.069920990382,140.119557036623,125.557977280639,23.429197138006,124.611734502456,131.116865090763,69.6432545220754,206.780469621931,90.6722313852021,116.967020425836,80.4719384292076,246.593521118164,0,196.449264526367,204.479867553711,217.88205909729,184.240251239977,205.70533316476,115.185414632161,194.790954589844,106.463453510464,216.896175808377,214.57969156901,156.458653468712,120.035484507464,114.38910618113,114.064625344402,0,166.60071857159,137.974322040264,149.449434129019,191.242888556586,82.6319448611157,111.027130309129,110.108569805074,203.438040161133,167.510182952881,186.075872421265,116.792806302584,0,203.546966552734,130.066136650417
150.521297087493,34.0442461281008,40.8104834893344,40.2796594030542,128.190589141846,161.28325958252,181.160040244078,127.880224209609,165.179206813932,106.140174129033,157.125501522348,61.218885206287,124.216062079536,36.4412482525964,157.499942758581,133.399215698242,31.6144374635586,72.8392085840635,70.2226489911164,77.1812780164454,185.271698951721,75.6292232239472,44.3816454015112,57.6785194389204,97.8475112945227,23.9911549356931,39.3496996935514,18.8098562527235,94.1487504303625,140.08965079339,128.916163898336,27.8290018486486,116.275113211738,126.57202007896,75.372222053456,192.57561316857,87.5926933107611,102.049659011362,59.9045094603101,0,0,209.797387017144,185.293873323542,214.086215475331,175.300914883614,201.008611188616,116.868056904186,0,101.01214677751,198.779350789388,202.993358067104,112.126393893429,119.930359911563,120.959002705363,115.280943313226,214.143569946289,144.341118516593,77.3164926862661,113.638482105445,160.285544292036,81.7839923743849,110.123585696151,103.809651434071,169.899432148252,187.511426058683,169.385913543701,115.826421750825,144.43022664388,185.004150390625,123.540490136132
81.8635735236911,104.878219959348,80.1457685688674,56.1288580764462,14.8369892575354,130.770042419434,54.8908630739491,26.0545730179846,90.2638956559782,51.3776254593117,26.8773449562613,154.216049587604,44.6606550216675,156.603110573509,89.7626269886665,82.8381493809711,46.3489773598434,122.884377191652,166.113370824743,150.65485314903,26.2234850165086,24.505119112126,58.1068854662067,57.1391670879389,22.4268198033905,138.63527513587,137.069920990382,94.1487504303625,11.3201333105824,84.8262255073297,35.9821188313925,169.151236397879,149.080880834701,65.3468251207174,75.883731502541,143.053590774536,158.442677815755,168.517690335787,76.19262509043,132.450089373712,185.476959228516,154.418697921482,131.338321997498,157.740915289831,87.2415925194235,148.606533663507,225.761253356934,117.031503605269,195.77473449707,163.316295623779,143.678722180818,120.881063553781,185.441949732163,203.991516113281,207.711883544922,136.504887609931,127.947482804296,83.050467447581,144.358615050445,104.547913076042,234.046684265137,204.943939208984,174.079350575362,130.070472425213,149.292215636887,126.136909576563,219.86181640625,182.903411865234,129.850903061201,152.23816813151
18.8551048612597,111.604548136393,147.053754146283,93.409798546175,98.2931052864372,24.2414394513587,43.8996300656435,70.7835004525266,34.5495718008927,80.9442726189945,97.7572490912255,83.1782918065617,104.247742457972,103.070185852051,22.1537474033923,51.9912744725792,96.1109986556204,108.927760941062,121.038643866777,118.435757575943,110.657006837512,54.5826463214112,73.6251921439863,87.091499940341,93.5854042108912,122.55470602853,140.119557036623,140.08965079339,84.8262255073297,12.0027471704887,27.0122803395516,139.82830657959,14.779631195403,19.2499455592947,48.5155937870536,155.581378173828,169.659103393555,212.478396824428,121.807020920974,201.41449991862,202.16813659668,230.985791015625,164.980821749059,186.537590613732,122.707163174947,193.601162325951,0,187.858547504132,128.159534454346,174.934370040894,201.11393737793,127.928989198473,208.808624267578,0,222.267738342285,179.031325204032,140.709522764562,97.878830871582,151.612887214212,152.593084600588,178.322814941406,210.581494649251,200.092811584473,155.776115700051,162.753816043629,141.659838618064,224.514694213867,0,149.563890977339,128.672049088912
25.5819637218727,104.341207504272,81.0276955449304,60.8426913983894,80.5473815917969,124.824513026646,120.190647277832,27.8616228301305,86.9584723578559,60.7107329870525,78.2432954466188,124.939661841892,132.025987625122,143.581707803827,67.5003310626265,95.3772311740451,76.8120391212375,80.723985796457,126.334288305166,107.593863404443,147.578165227717,30.3283303504265,56.3428785649067,52.9556923215886,76.363208793445,142.100456237793,125.557977280639,128.916163898336,35.9821188313925,27.0122803395516,11.6549349853896,152.392062187195,132.791911655002,36.5773765613895,42.1620807919145,134.700386047363,149.155418395996,161.152678458921,91.60522999483,164.676933288574,0,170.66450881958,137.726566978123,164.330897486487,83.5645402420399,168.903654832106,207.398468017578,182.630880737305,0,157.884517741653,0,111.847926953166,174.712220041375,0,191.035608927409,180.199256896973,124.989965214665,77.1338497857628,130.40059778614,121.861556234814,196.860832214355,185.08216603597,173.455476566237,125.701454989881,135.511174327922,120.249911112328,0,0,123.34615619366,128.051826234848
162.24036026001,68.5198400285509,102.128525272492,66.6776400479403,0,102.24471282959,160.284231567383,165.918778483073,138.413817801127,142.278884887695,189.3733959198,38.3347772462888,0,13.1528937844614,159.510228377122,0,156.402053833008,91.0529248555501,59.0467155255769,66.6857745283741,200.370178222656,150.761557006836,114.452624729701,177.314956665039,152.528856913249,52.6520351833767,23.429197138006,27.8290018486486,169.151236397879,139.82830657959,152.392062187195,6.97515864460108,98.0094394683838,0,71.0276025977016,0,106.782476806641,160.606678009033,70.3241223787007,0,0,0,0,0,0,0,103.189640045166,0,97.5566641402571,0,0,0,0,139.946361541748,151.837287902832,0,0,233.454864501953,0,0,86.3522335115026,122.871988568987,123.254200144711,0,0,0,122.48683251275,0,0,0
95.2149254294003,0,187.682594662621,122.751289367676,145.88890838623,11.000217388405,24.6107743512123,127.205042157854,30.3548410994919,152.823170253209,126.92573966232,64.7705168549126,124.807413255846,80.0960853073623,18.4253772054687,39.5373559364906,149.622924804688,178.358415686566,93.7692878723145,115.024651065949,145.930461210363,110.173231858474,137.835271835327,134.523350765831,146.960428074428,82.0071411132812,124.611734502456,116.275113211738,149.080880834701,14.779631195403,132.791911655002,98.0094394683838,5.68677304612825,114.609666551862,32.7840149498925,0,0,153.131797790527,0,0,0,0,202.922454833984,221.28965250651,136.315032958984,235.145401000977,0,0,142.815307617188,240.403503417969,0,174.169723510742,0,0,0,0,182.863891601562,146.887817382812,0,198.533588115986,0,170.467685699463,160.413933890206,213.412898472377,0,201.340476989746,0,0,0,0
43.6184031069279,133.95201365153,123.692505518595,70.5472990671794,85.8759886089124,65.3872680664062,84.7920543836511,70.2241280993576,82.3696895061723,70.8007853627205,84.1600096960488,102.34557888486,96.8467878861861,139.514879862467,45.2449647445305,58.4827933992658,64.7008020737592,84.1232078707948,118.768072720232,99.6919138833378,102.396081173059,33.2163507768646,57.4173169788561,67.9510432471748,73.4482337744214,133.573404312134,131.116865090763,126.57202007896,65.3468251207174,19.2499455592947,36.5773765613895,0,114.609666551862,8.50311936302179,28.1961376397391,135.720602035522,0,151.726837158203,82.3798480314367,151.321640014648,0,189.454844156901,147.522326605661,180.555970412034,93.8472350438436,162.29185740153,240.799880981445,141.139627456665,0,142.914930343628,0,107.334628018466,183.030303955078,0,0,160.144302368164,119.035830010308,77.6265299320221,125.622422027588,126.945547405042,0,204.295318603516,199.942851257324,133.862285494804,138.230934836648,115.407699026713,0,0,120.81348546346,131.615691290961
76.6568783407884,101.787192344666,69.5953532264814,78.7783742777507,104.552989308427,38.9461494053111,68.6359550108821,91.7661642464485,57.4627788853988,90.3431305604823,96.9854403866196,32.2830528776632,99.4600214000306,57.9729261012992,53.9991046752154,71.7400814056396,77.293259072811,42.3015691653188,57.29232092206,46.5042023329586,102.351795472961,49.4206756245071,74.8495495413232,47.2286588269767,103.005928204928,53.4888164315905,69.6432545220754,75.372222053456,75.883731502541,48.5155937870536,42.1620807919145,71.0276025977016,32.7840149498925,28.1961376397391,12.7481628791251,157.088994344076,127.433421611786,118.879745431142,91.5775859355927,183.701324462891,0,158.614522298177,170.82314167852,184.695592244466,133.758839130402,194.450476837158,148.007934570312,176.579860687256,112.68484551566,188.027227783203,0,133.189243550203,160.943648020426,126.651878356934,149.149496639476,167.251842498779,140.726268826998,98.9648726678664,133.338038804796,151.989353942871,112.859881591797,139.584654146082,130.971499751596,161.210468928019,180.366006469727,138.513086853027,216.404449462891,0,159.313555630771,145.404467900594
219.599090576172,0,203.947677612305,103.574188232422,0,0,220.663391113281,153.044824453501,165.270413325383,143.284454345703,176.637084960938,0,164.830352783203,0,159.971928914388,0,133.219312032064,211.105773925781,0,0,180.680168151855,134.241122038468,97.7507781982422,142.996021270752,135.758624054665,0,206.780469621931,192.57561316857,143.053590774536,155.581378173828,134.700386047363,0,0,135.720602035522,157.088994344076,13.0462091057564,0,127.217316005541,89.3491226478859,92.924919620637,78.6053013801575,83.5941746115684,22.5188565123658,63.0712876936969,80.2723994255066,81.2456497977528,134.517391280124,76.585541898554,151.85001046317,16.4366835832033,80.7484724521637,70.2561574663435,109.88547416625,139.652410395005,123.659003429302,97.121396806505,82.4768358191665,63.0902372926146,98.434265980576,77.1828842163086,0,132.887498593798,149.369038211598,82.4965965302328,14.7763430038176,23.5554210105296,157.408464836352,102.834038367638,40.3012771302081,70.6014996777784
0,54.7972843933105,86.5186089833578,57.289852142334,0,0,0,161.372637430827,212.393600463867,0,184.767272949219,117.100690841675,0,99.2152265660903,213.014587402344,0,141.325687408447,108.727327664693,125.7506980896,109.178213461851,0,130.125335693359,116.68966783796,131.346321105957,150.489475250244,53.9459221579812,90.6722313852021,87.5926933107611,158.442677815755,169.659103393555,149.155418395996,106.782476806641,0,0,127.433421611786,0,8.92117828349869,48.9841366873847,18.917090816623,119.869132995605,0,120.330680847168,152.441247940063,168.461463928223,74.1838359766305,133.294143676758,69.5239029884338,112.268936157227,58.009577078204,146.232691955566,114.529736709595,69.8254314579376,71.3324483739268,81.4404553731283,70.2062876494034,136.28596496582,117.9878777398,22.0989737028131,81.8463344044156,76.9906692698522,26.2338121893805,61.361769610516,39.3361267476353,121.022757848104,153.313677978516,126.563642229353,78.9969523747762,0,0,69.2164006726495
190.306889851888,99.6632114955357,99.9607818706933,160.04341506958,169.945510864258,0,224.535614013672,181.283908813477,194.742471059163,172.926184082031,190.454178619385,145.207973255831,231.792678833008,148.546721564399,203.382454872131,0,118.722826875959,116.678038748455,149.612370808919,128.699398816116,0,155.416707013104,88.4088066171069,106.892299046423,172.827362988446,121.546285629272,116.967020425836,102.049659011362,168.517690335787,212.478396824428,161.152678458921,160.606678009033,153.131797790527,151.726837158203,118.879745431142,127.217316005541,48.9841366873847,12.2353877328699,53.6329881707016,151.340026855469,178.601542472839,154.547262264731,103.326405548685,139.139962750096,131.809735870361,123.837968672939,110.070393446015,159.06248922909,110.492310206095,135.645403759454,146.868465847439,80.611111896794,42.8859386640579,95.9695072174072,68.7807916735744,178.25160446167,69.0863157444246,44.5479566013746,33.6901250841746,122.436100769043,164.881327056885,30.3666927845711,30.6907066558302,90.2704907547057,159.505136314958,95.4873617447634,93.3048328823513,173.399477005005,143.869677456942,70.3253818463334
