9.47487137685038,120.503588358561,76.4574722206462,108.292083740234,77.8302421569824,0,63.94099928538,26.2338413061185,46.2946494239116,61.8957245022643,51.1741210159503,98.4513327557108,76.7688891274588,0,15.9755810455707,80.9472217559814,96.991943359375,71.096766161085,107.593835830688,95.559248046875,76.5475128037589,60.3557505240807,72.7589384460449,66.990355436192,72.1404553806081,0,96.880359715809,97.8069422795222,62.2398096791132,13.9201991639869,26.3404264110424,0,79.9077081680298,44.2256770989834,72.3562784364238,133.752508544922,116.407367706299,137.239014761788,93.7924619402204,135.636810302734,0,141.290069580078,115.409586225237,143.440752156576,105.94658606393,143.706637573242,0,232.996963500977,0,148.032772827148,0,148.27490234375,158.922587076823,0,0,148.390396118164,0,115.118434906006,152.359436035156,103.47054505684,0,148.137750898089,160.788932800293,118.943664444817,135.34500579834,116.698983934191,0,0,117.763904571533,136.393099784851
120.503588358561,5.32095029112659,36.5175457299924,18.5776482186419,0,0,148.470550537109,117.337448120117,142.197743007115,59.3105018475304,135.521270751953,45.4329139895555,0,45.036400949291,126.404602050781,100.360682169596,56.0441588275837,40.6809238337169,52.9891557693481,46.2757594459935,0,81.7667612595992,14.1086372990695,58.5392429979542,77.614124503187,26.0652381715409,32.3088042093727,29.9884627659344,103.298425886366,97.870453898112,79.957799987793,60.9138046264648,0,79.9112091064453,42.1203590081939,0,84.1763763427734,0,67.5862804412842,0,0,0,0,219.808792114258,126.270973205566,0,86.5073013305664,0,75.1249000549316,0,113.294242858887,0,104.393081665039,0,104.93132019043,0,0,112.578506469727,0,116.151992797852,61.2256551800352,102.347034726824,86.9758417129517,0,0,133.020751953125,103.592300415039,0,0,101.849945068359
76.4574722206462,36.5175457299924,10.4944225153585,36.6979086014532,111.864743550618,141.550004959106,122.416618347168,77.3866734278613,102.770798832798,92.3160581588745,96.1177393095499,61.0292977756924,155.867917378743,76.1847931998117,91.1279847303774,138.828366088867,68.577322278704,40.5626214731837,73.2667215135362,63.1098261239394,157.419157409668,51.9599897937169,51.9985050788293,25.3890266651297,87.3822945488824,87.4568506876628,22.4861818356253,22.1687274526132,66.864844336744,87.6790441793958,64.267877973829,81.1343806873668,140.62634059361,84.8176390437757,42.8096837687864,152.121083068848,50.2016126810298,80.3836712130237,46.3909102305383,165.413070678711,0,175.146464029948,147.62434045892,176.852575005425,149.054890950521,172.485062408447,119.322988510132,148.225021362305,133.346206665039,167.893211736912,0,109.830781482515,88.214332075522,111.490446302626,96.3671956581644,0,125.142254257202,75.7378279368083,94.7832670747564,129.807973036126,79.1939144134521,82.8112677895378,80.5279303117711,153.028387175666,156.682592773438,126.48770234643,138.276794433594,0,158.74932384491,99.1685410591021
108.292083740234,18.5776482186419,36.6979086014532,16.1378543667014,0,0,0,118.077418987568,127.820695877075,56.4528113047282,123.177825927734,34.0684173512756,0,32.0137729880474,125.948574412953,94.2919044494629,74.6318877370734,47.5330000317786,48.5971832275391,44.4087127236759,0,102.364759922028,29.1202935282389,69.6123566627502,80.7328952789307,23.217446170072,34.5984637420378,36.3723140782265,105.186362179843,104.06447836069,91.0476127624512,54.0313472747803,83.6702651977539,113.28727722168,49.7120651225403,0,70.1441965103149,110.725639343262,80.9027336120605,0,0,0,0,0,91.1662979125977,121.284088134766,43.6930809773897,0,39.357702596564,224.767608642578,0,0,126.00065612793,52.8682906287057,65.6227028586648,0,0,121.969429016113,147.486343383789,103.461101531982,19.0592178707757,51.1373706616853,36.099556468782,207.967254638672,233.82878112793,153.465942382812,50.4792766571045,0,119.492111206055,48.9646412531535
77.8302421569824,0,111.864743550618,0,6.73704995273095,136.341247558594,51.1454234741722,52.2946856769163,88.4001019674055,40.9045292205811,28.1945319076693,0,18.6058217275613,0,97.4783897888966,57.9060845008263,59.1294288635254,103.034366607666,0,0,11.7504561859098,0,0,140.400096893311,17.5365472154821,0,144.418029785156,106.974109649658,11.8884972406825,93.2806990025407,101.766506195068,0,123.902420043945,80.008522605896,85.4208057470489,0,0,0,0,69.5596947329385,0,130.002009073893,113.725552150181,134.702246579257,72.8635064079648,126.814810816447,0,27.4430935045259,0,142.06640625,98.1056251525879,0,0,0,0,25.0203581768307,189.245819091797,0,0,83.4679100499988,0,0,217.177688598633,82.5639066696167,154.063083648682,170.814521789551,0,0,145.783813476562,117.050357818604
0,0,141.550004959106,0,136.341247558594,6.59546150769575,8.19886552002964,112.748217264811,12.7207206680754,59.669989994594,104.480515797933,59.0423603057861,96.8574572476474,0,21.6785472599236,16.7384194633113,0,0,0,69.7859878540039,115.700298854283,128.650741577148,0,0,93.1187410354614,0,81.2798461914062,0,116.51009979248,20.402972901088,0,94.5316543579102,15.4752726733358,0,30.2289639472961,170.906845092773,0,0,0,0,0,0,156.0439453125,0,0,0,0,0,0,174.48957824707,0,0,0,0,0,0,192.799789428711,0,0,160.71076965332,0,0,0,163.972312927246,0,174.366073608398,0,0,0,0
63.94099928538,148.470550537109,122.416618347168,0,51.1454234741722,8.19886552002964,8.50124595810418,50.7959727308929,19.5861548897692,34.3576021423079,30.801060933826,72.1649198532104,27.4079328093082,0,20.6467197286716,12.1001847577415,0,111.232597144874,0,128.505574544271,45.6204228834022,124.629585266113,87.5617814833118,113.588486891526,78.8550413061071,143.049911499023,128.734680507494,132.85340906779,66.4094870097176,29.6046703865625,83.152043838501,91.8000030517578,17.2302584673459,29.015671902855,45.7428541940973,147.08984375,0,174.357597351074,109.544067382812,140.922028761644,0,140.53160164573,144.700406646729,163.00495507982,102.92749786377,151.261870403679,0,110.325108247645,0,155.770941341625,123.505584716797,125.325157165527,0,0,0,127.851589747838,136.385445912679,100.237258911133,165.737739562988,119.306639661693,0,202.283576965332,174.328811645508,146.267019050066,162.00442843967,155.002324422201,0,0,133.71687189738,175.884463500977
26.2338413061185,117.337448120117,77.3866734278613,118.077418987568,52.2946856769163,112.748217264811,50.7959727308929,10.7311611850657,53.9636101367266,57.0551753001554,18.5951844354748,133.179706573486,60.1870590407273,0,44.2492514413348,77.8701515197754,75.2670451077548,81.0771020074635,0,111.870058695475,55.6922653393868,53.070511952153,70.0689093036416,64.8958153871728,56.4459282361133,0,111.001859291893,82.9216767239433,26.3719811341314,54.422596556535,18.5112037627189,0,116.861323637121,63.7517463043446,76.5285780248671,128.577810499403,117.471620559692,139.965688917372,103.438266572498,118.91486114502,0,134.89518454136,112.166660463488,133.950295094694,65.4295901862942,132.143925624611,165.117362976074,135.55199025472,0,134.878836987065,149.878494262695,127.069813537598,151.234596946023,218.120422363281,171.548862457275,118.846574191389,121.501844278971,100.377686564128,143.543224466258,93.4213680345185,0,164.431868119673,140.776688315652,109.990233426916,131.576132791084,125.833785717304,0,170.905212402344,124.325502248911,132.24729115804
46.2946494239116,142.197743007115,102.770798832798,127.820695877075,88.4001019674055,12.7207206680754,19.5861548897692,53.9636101367266,10.9940073048758,76.8348375430052,41.5507479241481,95.2359115481377,70.9030637072595,106.618632507324,12.8998080711482,27.9058895220901,113.834703717913,104.616866742492,104.018490600586,119.371019999186,78.2821249584006,103.433081509774,90.9781625028142,98.6892007404996,76.2301061287201,170.242840576172,129.621804977476,116.586736635302,73.565811183467,33.0851235999487,77.3847690282507,159.30528717041,17.756771372226,87.4522997128066,55.1141747116102,155.315671808579,141.980928421021,163.644750350561,133.704671463876,137.514276504517,193.841293334961,151.672466165215,131.742783556814,154.4054467195,94.8450672777393,151.605649386204,176.416397094727,137.535414934158,0,155.565465368619,0,136.25045522054,166.291776529948,214.259201049805,195.340441617099,144.682909060747,152.719617843628,130.490735371908,166.288395152372,113.531418451393,0,184.69216695646,158.659071941765,132.049770980046,152.648550164609,142.937594291491,0,214.486801147461,142.994866908282,150.115243817939
61.8957245022643,59.3105018475304,92.3160581588745,56.4528113047282,40.9045292205811,59.669989994594,34.3576021423079,57.0551753001554,76.8348375430052,7.50929069961486,73.8738908543833,104.064343861171,19.6366346034598,105.486174563144,76.2686032310861,16.3888394266806,67.0686425632901,116.555624154898,0,132.633354187012,41.1644095280131,109.879600524902,31.67471246862,98.2365170288086,20.788010381306,97.0469562011146,104.519390704585,103.6246128691,45.884791765501,71.7973695416941,56.9213160061907,121.669583129883,88.9893239339193,62.514421172764,76.0353551394698,73.69837697347,0,0,0,72.5056982369259,0,97.8611132303874,77.9099958370893,98.0593478863056,35.0735929630421,102.258952178955,0,54.7827026844025,124.089241027832,104.256250901656,45.9169748094347,0,0,0,0,74.0197539696327,108.610397338867,87.5340938568115,132.789291381836,50.1686229429954,148.871007283529,192.74382019043,166.693179539272,80.0232079212482,96.7436357498169,66.9591115315755,0,0,94.5823459625244,94.7905248006185
51.1741210159503,135.521270751953,96.1177393095499,123.177825927734,28.1945319076693,104.480515797933,30.801060933826,18.5951844354748,41.5507479241481,73.8738908543833,11.5880104236035,145.575256347656,19.7650690569403,0,37.8358939952278,69.6103078030992,143.902610778809,127.094145823333,0,134.683368682861,15.4898026090518,75.2395862780119,104.280800278122,82.9871951406316,63.109402287704,0,123.040707833426,97.5779758149927,29.6793634114028,87.037263996092,78.2261871355309,0,124.217431288499,84.862015333592,85.8316239636591,151.308515071869,148.491477966309,181.389606051975,135.951743443807,126.161659405386,0,147.143535614014,128.411542706785,145.19803797404,90.3844348628347,141.993714867569,0,130.039112546551,0,159.447471300761,108.948361272397,156.916275024414,165.708633422852,0,195.620381673177,127.099047356683,173.667141723633,146.275103251139,160.697148640951,101.446883577809,185.96125793457,184.738920945388,179.681474958147,133.593411773521,160.96671852369,152.612328665597,0,0,151.148494554603,161.593242433336
98.4513327557108,45.4329139895555,61.0292977756924,34.0684173512756,0,59.0423603057861,72.1649198532104,133.179706573486,95.2359115481377,104.064343861171,145.575256347656,7.99435738346987,199.060302734375,14.7253718943801,95.4518300526178,0,114.101412091936,37.9310019194523,14.105834158497,18.5544147190632,0,85.5498232233444,77.8708755856469,66.7724784834195,121.502012464735,17.4350753583587,18.8827232359362,37.9810715070851,108.469252427419,69.9968810029652,80.4159192487228,33.6468854335303,48.3284694383729,91.179088973999,25.7853166176687,0,52.017017364502,116.76042175293,86.7222122192383,0,0,0,0,0,0,0,76.8830894470215,0,57.6847121152011,200.893859863281,0,116.559120178223,142.202842712402,97.6430206298828,100.188154602051,0,169.325622558594,126.563316345215,132.86741065979,0,47.3020875018576,85.8731298775509,69.6883412432927,195.941543579102,0,0,75.811506652832,0,0,75.1135635375977
76.7688891274588,0,155.867917378743,0,18.6058217275613,96.8574572476474,27.4079328093082,60.1870590407273,70.9030637072595,19.6366346034598,19.7650690569403,199.060302734375,8.06323019215825,0,90.5941259489752,11.8430992818704,0,171.573692321777,0,0,13.1095700732809,0,98.3297983805339,139.218063354492,35.6353608256295,170.646606445312,184.549687703451,158.704032897949,49.907028330453,88.607481230018,156.301022338867,0,114.845994472504,92.9480947766985,85.8986358471516,86.0682209559849,0,183.854965209961,139.986129760742,65.7285737149856,0,66.833153629303,157.425581227178,106.961672989364,92.5694797515869,45.3457635285562,0,12.3931970852809,0,106.312388908572,96.3673133850098,124.01636505127,0,0,0,17.8319062688169,238.528244018555,0,164.854568481445,104.206524131003,0,162.503494262695,157.233917236328,93.5926152887479,104.169861824282,237.033462524414,0,140.094802856445,118.552653842502,91.7279381130053
0,45.036400949291,76.1847931998117,32.0137729880474,0,0,0,0,106.618632507324,105.486174563144,0,14.7253718943801,0,6.72046088038197,122.00968837738,153.249893188477,0,80.9197654724121,39.0987149260765,44.2497722502678,0,104.845846557617,70.4297117820153,106.683553059896,130.642902919224,18.1067066491999,20.0232231698253,30.8979602545423,0,55.8988619486491,0,10.21011939678,49.1571502685547,0,43.4658439525504,0,132.629959106445,0,96.5742492675781,0,0,0,0,0,0,195.521865844727,72.1937547571519,0,60.9130028115827,0,0,0,0,83.1776084899902,107.957675933838,0,0,0,0,133.069152832031,48.0901218291252,92.7635076186236,71.5396783762965,0,0,0,79.9125022888184,0,0,0
15.9755810455707,126.404602050781,91.1279847303774,125.948574412953,97.4783897888966,21.6785472599236,20.6467197286716,44.2492514413348,12.8998080711482,76.2686032310861,37.8358939952278,95.4518300526178,90.5941259489752,122.00968837738,8.11985564492107,41.7150366127896,92.6406173706055,88.1152504449383,89.6689548492432,113.841223169546,90.0298622260659,76.3555743408203,87.0617182172578,84.7749358810885,76.2662012207031,244.715545654297,118.528628048367,109.900278162073,71.6955866306233,16.3705579385851,58.5397920279667,128.79239654541,11.9065767221422,38.9119048659541,50.7247307258345,146.859021928575,118.255058288574,146.330631456877,116.134662159702,149.441035183993,0,155.424980735779,131.801415172532,155.339807287439,110.690983948884,146.284581310344,0,146.814202989851,0,151.98682931312,119.382789611816,118.712727864583,154.131610107422,227.619415283203,169.088436126709,140.203255286584,149.197901916504,139.040602547782,162.997680664062,112.984919749421,0,175.273604884292,154.444621183434,131.059774582419,148.430124463533,137.540642945663,0,0,138.594344245063,146.127984067227
80.9472217559814,100.360682169596,138.828366088867,94.2919044494629,57.9060845008263,16.7384194633113,12.1001847577415,77.8701515197754,27.9058895220901,16.3888394266806,69.6103078030992,0,11.8430992818704,153.249893188477,41.7150366127896,8.3254661557799,0,0,0,0,52.7022318406539,0,67.6332891676161,107.596416473389,43.2227892824944,144.761459350586,132.371039496528,128.047306060791,69.2489992777507,48.1428208822732,97.5566024780273,168.844497680664,36.513003526251,101.390815734863,30.4179121543621,0,0,0,0,85.7042922973633,0,130.300373077393,107.028831481934,154.672271728516,53.8333683013916,129.575546264648,0,0,0,0,0,0,0,0,0,118.493194580078,0,0,0,92.5110921859741,0,0,0,115.207946777344,0,0,0,0,0,0
96.991943359375,56.0441588275837,68.577322278704,74.6318877370734,59.1294288635254,0,0,75.2670451077548,113.834703717913,67.0686425632901,143.902610778809,114.101412091936,0,0,92.6406173706055,0,13.9779468861939,83.25066831035,105.505531311035,109.257717132568,144.939071655273,22.0951001130751,26.9105777580248,23.4179086659222,18.1867132543579,87.7395401000977,87.0064383188883,36.5905337843697,33.5197783835768,80.1523773193359,62.130269780755,0,0,69.6317705071491,67.0163999536763,116.057739257812,95.1729278564453,94.1171473452919,71.7019019849373,0,0,0,124.075001056378,156.412643432617,0,166.938095092773,0,0,0,138.864390055339,0,84.7428642759932,109.178127635609,0,135.950657653809,0,104.263571394251,52.2531053415934,91.2073896123451,106.957880837577,0,127.206264919705,85.3962811201047,122.003419457412,122.589677984064,103.228016853333,0,0,127.499961853027,108.185283115932
71.096766161085,40.6809238337169,40.5626214731837,47.5330000317786,103.034366607666,0,111.232597144874,81.0771020074635,104.616866742492,116.555624154898,127.094145823333,37.9310019194523,171.573692321777,80.9197654724121,88.1152504449383,0,83.25066831035,9.00519511546823,43.243932723999,11.3357674869444,160.311302185059,39.7053715720632,67.3597835856638,14.1116959768798,109.576263972691,55.2456140518188,23.0576962809317,45.1319473970754,89.5403309720855,74.9988581673722,52.9112031371965,72.8935832977295,135.540411376953,69.9710037297216,24.6598566230578,161.006698608398,63.3606020404447,90.8011175434241,55.9537523709811,0,0,195.335227966309,157.804248809814,198.740154266357,143.507827758789,175.521518707275,117.978957282172,0,93.1108169555664,169.794779459635,0,107.689399719238,98.2979323250907,113.581394488995,96.6541180029148,0,134.92722429548,98.2785705566406,115.326492603009,145.163744412936,60.3701013837542,86.9767135877946,85.6762552492702,155.903668212891,173.16615041097,139.648300170898,0,0,198.292358398438,118.736621856689
107.593835830688,52.9891557693481,73.2667215135362,48.5971832275391,0,0,0,0,104.018490600586,0,0,14.105834158497,0,39.0987149260765,89.6689548492432,0,105.505531311035,43.243932723999,7.71996680809664,7.09608998276403,0,105.419835771833,0,90.7024183273315,0,28.0172946857956,12.4948319137143,47.9064997567071,143.972839355469,78.29156766619,103.99171257019,40.9785934135095,66.3362665176392,112.333801269531,39.7983966731033,0,76.5277099609375,111.584648132324,0,0,0,0,0,0,0,0,81.9426727294922,0,66.9795394170852,0,0,0,0,115.524700164795,0,0,0,0,0,0,55.0025903802169,74.113890838623,71.5936903272356,0,0,0,84.3111190795898,0,0,0
95.559248046875,46.2757594459935,63.1098261239394,44.4087127236759,0,69.7859878540039,128.505574544271,111.870058695475,119.371019999186,132.633354187012,134.683368682861,18.5544147190632,0,44.2497722502678,113.841223169546,0,109.257717132568,11.3357674869444,7.09608998276403,5.94832554487472,0,85.4411557023696,80.0324522165152,54.7644963108975,138.079071044922,34.863308207194,13.1882391989944,46.5013297440494,94.9871906280518,92.0203374307367,76.220088534885,48.1563338773796,54.9559173583984,84.7467283165973,27.5511405883766,0,70.7066345214844,116.221449279785,73.9711570739746,0,0,0,0,0,0,0,79.8655738830566,0,72.2814872048118,0,0,0,0,92.1950912475586,96.5083583484996,0,144.666259765625,0,145.110527038574,0,57.7988538497534,84.1965786229784,77.5554223855336,168.902114868164,0,127.016731262207,88.3127403259277,0,0,96.398567199707
76.5475128037589,0,157.419157409668,0,11.7504561859098,115.700298854283,45.6204228834022,55.6922653393868,78.2821249584006,41.1644095280131,15.4898026090518,0,13.1095700732809,0,90.0298622260659,52.7022318406539,144.939071655273,160.311302185059,0,0,8.56123881848411,168.519515991211,142.820724487305,140.941165924072,14.3636190029974,0,164.807373046875,156.144162495931,27.0237432796306,88.3251371062539,113.36014175415,197.803573608398,116.607720224481,90.0656274494372,83.7252713983709,131.197830200195,0,220.117584228516,150.722213745117,31.182038505175,0,118.634768776272,139.985172271729,145.17502951622,79.5362751700661,113.728166662237,0,21.9947746451308,0,173.716632419162,91.7478942871094,182.394027709961,0,0,0,26.543957645942,0,112.354629516602,0,95.0431230033653,0,0,235.775283813477,105.32537849582,146.227485656738,195.925710042318,0,0,160.948740641276,145.928582998422
60.3557505240807,81.7667612595992,51.9599897937169,102.364759922028,0,128.650741577148,124.629585266113,53.070511952153,103.433081509774,109.879600524902,75.2395862780119,85.5498232233444,0,104.845846557617,76.3555743408203,0,22.0951001130751,39.7053715720632,105.419835771833,85.4411557023696,168.519515991211,10.7979824676901,44.2338817504264,18.4434498772962,73.7373758641685,0,85.1772328642405,44.6155206703943,24.6594146103933,56.7396477852668,21.076463218264,95.459358215332,78.1313934326172,44.5266644621273,38.3415065004279,120.903503417969,71.7528877258301,98.5532215966119,64.182406766074,0,0,0,129.993256961598,151.888509114583,63.9154281616211,162.33943939209,145.282875061035,0,0,165.069591522217,0,88.1250531690502,108.930848257882,166.318634033203,146.63508605957,0,100.998458706603,58.1352465330665,94.8875370076138,106.151708100971,106.690322875977,131.539212120904,102.384238699208,121.204521905808,124.645172119141,105.200789890932,0,0,111.704132080078,103.87984161377
72.7589384460449,14.1086372990695,51.9985050788293,29.1202935282389,0,0,87.5617814833118,70.0689093036416,90.9781625028142,31.67471246862,104.280800278122,77.8708755856469,98.3297983805339,70.4297117820153,87.0617182172578,67.6332891676161,26.9105777580248,67.3597835856638,0,80.0324522165152,142.820724487305,44.2338817504264,7.68319740519701,45.940927934194,31.7447018455771,53.0259071308783,60.9594798439427,34.8185155330946,45.470844514384,70.9195638230037,49.9539764928204,78.8032119750977,120.782865524292,51.702903037601,61.2648327562949,105.677581787109,61.7152641296387,82.2787073920755,60.0228956858317,120.036804199219,0,131.502470397949,87.8242435455322,121.679255008698,68.9341421763102,114.15877532959,81.565299987793,0,96.2519505818685,121.215254465739,176.570159912109,52.1536831595681,109.66924794515,0,132.603572845459,121.025901794434,70.7380790710449,27.1729672551155,58.9327503312821,73.3066270230997,96.4145453316825,103.84492559994,83.1847112746466,97.1690076609127,107.786289801964,61.8288088480632,108.292831420898,0,89.0177442762587,104.065645490374
66.990355436192,58.5392429979542,25.3890266651297,69.6123566627502,140.400096893311,0,113.588486891526,64.8958153871728,98.6892007404996,98.2365170288086,82.9871951406316,66.7724784834195,139.218063354492,106.683553059896,84.7749358810885,107.596416473389,23.4179086659222,14.1116959768798,90.7024183273315,54.7644963108975,140.941165924072,18.4434498772962,45.940927934194,14.1522466446443,65.1576280179231,90.6960868835449,67.1160080777682,36.3355941894202,35.7367679480233,72.569277240384,38.1624577066352,98.9959487915039,135.389511108398,58.3130025032645,39.9903586148075,168.14200592041,62.972972869873,90.7881862711143,58.030580723921,179.762359619141,0,165.864892578125,139.272247203075,173.904180738661,135.045351664225,171.171926498413,119.690132141113,190.52131652832,174.034439086914,158.894531794957,155.664047241211,87.930940414594,102.774195098877,0,117.578183043237,0,104.153293381649,57.4162536562791,95.9102565642429,118.818583352225,0,105.352466424306,88.0506198871853,132.47510698591,138.972459893478,114.034299435823,0,0,124.386148071289,112.622610092163
72.1404553806081,77.614124503187,87.3822945488824,80.7328952789307,17.5365472154821,93.1187410354614,78.8550413061071,56.4459282361133,76.2301061287201,20.788010381306,63.109402287704,121.502012464735,35.6353608256295,130.642902919224,76.2662012207031,43.2227892824944,18.1867132543579,109.576263972691,0,138.079071044922,14.3636190029974,73.7373758641685,31.7447018455771,65.1576280179231,10.6182812668124,109.774508241747,110.398950769267,71.5936957827897,21.6172427528683,77.9313804946752,60.4064101856716,143.383163452148,123.029440307617,65.1968631744385,76.1681148746471,117.738871782676,112.695560455322,143.284047953288,91.1367433166504,88.6427943849344,169.12028503418,115.221864589127,98.157698168726,120.674132257746,46.7418192953183,109.467588202594,206.305104573568,93.75154035432,203.837585449219,121.74537527527,69.5809706663474,94.7537665367126,182.819877624512,193.72087097168,183.018020629883,84.414594690005,109.188943545024,90.8842841557094,120.044292195638,67.9688362771013,167.184356689453,169.219768870961,142.80166313865,95.7745893856512,118.146639782449,108.652834174338,0,162.550262451172,110.312616515578,118.782140681174
0,26.0652381715409,87.4568506876628,23.217446170072,0,0,143.049911499023,0,170.242840576172,97.0469562011146,0,17.4350753583587,170.646606445312,18.1067066491999,244.715545654297,144.761459350586,87.7395401000977,55.2456140518188,28.0172946857956,34.863308207194,0,0,53.0259071308783,90.6960868835449,109.774508241747,10.6877891228315,29.8409045824953,18.056346286393,128.581105913435,139.267211914062,145.69357808431,25.6789664807527,77.0799407958984,155.815897623698,40.7792429014017,192.47541809082,60.1583023071289,0,39.8927841186523,0,0,0,0,226.141494750977,0,0,54.4890250411688,0,51.3664946814144,0,0,0,0,73.6034736633301,68.5271250406901,0,0,0,0,130.897422790527,38.5506876221976,67.0310061028663,56.9937725128076,0,193.709091186523,0,72.947643438975,0,169.047760009766,51.541934967041
96.880359715809,32.3088042093727,22.4861818356253,34.5984637420378,144.418029785156,81.2798461914062,128.734680507494,111.001859291893,129.621804977476,104.519390704585,123.040707833426,18.8827232359362,184.549687703451,20.0232231698253,118.528628048367,132.371039496528,87.0064383188883,23.0576962809317,12.4948319137143,13.1882391989944,164.807373046875,85.1772328642405,60.9594798439427,67.1160080777682,110.398950769267,29.8409045824953,8.93123173942641,16.3095799168013,108.254478432282,94.5238327044511,79.2240439311113,15.5114196022599,67.8418996474322,98.8563389879592,38.1288341022633,144.574279785156,56.572732480367,106.529626131058,59.9665394132099,0,0,193.949478149414,160.600990958836,196.305206298828,127.734550476074,180.241714477539,75.2378718017382,0,68.6513958676812,198.678049723307,0,143.502488708496,101.934172811387,85.3122123069609,88.0258165292608,0,147.342151641846,96.56383228302,112.147020916606,157.60246967134,52.0815480841774,79.173946851851,73.871810677429,180.146585801068,183.502263387044,140.368014791737,85.3587897932026,0,154.160659790039,91.3515386352539
97.8069422795222,29.9884627659344,22.1687274526132,36.3723140782265,106.974109649658,0,132.85340906779,82.9216767239433,116.586736635302,103.6246128691,97.5779758149927,37.9810715070851,158.704032897949,30.8979602545423,109.900278162073,128.047306060791,36.5905337843697,45.1319473970754,47.9064997567071,46.5013297440494,156.144162495931,44.6155206703943,34.8185155330946,36.3355941894202,71.5936957827897,18.056346286393,16.3095799168013,11.496176228414,61.8792388825872,103.731851918808,82.9335863693901,10.0034568243093,90.0826110839844,93.2790141947129,47.4572172994824,143.121532440186,51.9524881227882,82.3563052696174,45.8623579064918,155.888290405273,0,181.875483194987,137.649245312339,173.008052152746,106.183405303955,167.849319458008,76.2454804441983,131.087738037109,69.8394017743708,158.689659118652,0,91.5858692369963,90.7850704611656,91.5300867937613,92.1696417484808,0,115.704776128133,52.7613734096086,92.5389418080648,130.835385756059,55.9590053906724,82.3963506254588,77.8627014638322,136.393926156534,165.572957125577,136.174845377604,89.243757090849,0,125.23199005127,96.1735466851129
62.2398096791132,103.298425886366,66.864844336744,105.186362179843,11.8884972406825,116.51009979248,66.4094870097176,26.3719811341314,73.565811183467,45.884791765501,29.6793634114028,108.469252427419,49.907028330453,0,71.6955866306233,69.2489992777507,33.5197783835768,89.5403309720855,143.972839355469,94.9871906280518,27.0237432796306,24.6594146103933,45.470844514384,35.7367679480233,21.6172427528683,128.581105913435,108.254478432282,61.8792388825872,11.8288022691759,75.5431271219027,38.0997284313603,141.738502502441,128.961929321289,58.3663882859146,58.1384838246212,122.811258173701,105.864131503635,131.43294631958,74.9429403101123,117.436804767797,166.30118560791,133.813302901483,105.684264439536,130.70654990636,76.9055394216477,131.286653293485,176.132207870483,120.361527521807,148.033111572266,126.709649119845,99.6552462910497,95.8918913664641,137.316111973354,214.525436401367,161.177859306335,113.162986904967,103.2609759269,81.0658145527263,111.589474708246,88.7083051772786,0,167.441350041604,138.077869861157,108.512039419446,125.930222726233,104.606852170016,0,187.512351989746,113.702630805057,118.786437575022
13.9201991639869,97.870453898112,87.6790441793958,104.06447836069,93.2806990025407,20.402972901088,29.6046703865625,54.422596556535,33.0851235999487,71.7973695416941,87.037263996092,69.9968810029652,88.607481230018,55.8988619486491,16.3705579385851,48.1428208822732,80.1523773193359,74.9988581673722,78.29156766619,92.0203374307367,88.3251371062539,56.7396477852668,70.9195638230037,72.569277240384,77.9313804946752,139.267211914062,94.5238327044511,103.731851918808,75.5431271219027,8.27775270611014,22.8953489234334,98.2399531773159,9.8811381051423,12.3148894015162,36.4113185713061,142.6658608286,138.481071472168,155.359610239665,85.8398312886556,141.71260209517,0,156.991402405959,129.35457485854,153.78821349144,87.5531303555358,162.586155947517,157.738189697266,151.205682482038,139.512542724609,148.53743347168,145.096656799316,114.486352443695,164.655686514718,0,169.200244903564,131.416439819336,118.834446334839,106.094702339172,140.260454324576,114.762319202402,142.472610473633,167.068000793457,143.334798431396,128.657866663078,144.948743591309,127.624714908437,0,193.933797200521,130.607605099678,136.321534072297
26.3404264110424,79.957799987793,64.267877973829,91.0476127624512,101.766506195068,0,83.152043838501,18.5112037627189,77.3847690282507,56.9213160061907,78.2261871355309,80.4159192487228,156.301022338867,0,58.5397920279667,97.5566024780273,62.130269780755,52.9112031371965,103.99171257019,76.220088534885,113.36014175415,21.076463218264,49.9539764928204,38.1624577066352,60.4064101856716,145.69357808431,79.2240439311113,82.9335863693901,38.0997284313603,22.8953489234334,11.0580327496152,0,117.792027791341,29.0152630261964,31.1441968982243,128.37504814411,96.8022079467773,125.885250854492,59.7842340827885,128.545440673828,141.847473144531,146.600014134457,109.859095943675,142.131549549103,63.3555127461751,145.830432082667,187.937294006348,127.366863250732,0,133.9130715439,167.128791809082,98.1529427477594,133.047266387939,186.803123474121,156.263500213623,135.161991119385,105.256016605922,67.6442743937175,103.954765484487,94.6451688367267,0,142.129056515901,129.052875641854,108.933090387072,124.267046553365,104.718911506034,0,0,107.502575874329,111.335707284872
0,60.9138046264648,81.1343806873668,54.0313472747803,0,94.5316543579102,91.8000030517578,0,159.30528717041,121.669583129883,0,33.6468854335303,0,10.21011939678,128.79239654541,168.844497680664,0,72.8935832977295,40.9785934135095,48.1563338773796,197.803573608398,95.459358215332,78.8032119750977,98.9959487915039,143.383163452148,25.6789664807527,15.5114196022599,10.0034568243093,141.738502502441,98.2399531773159,0,4.49721975445895,80.9108467102051,0,54.0133782924887,0,0,135.917510986328,0,0,0,0,0,0,0,0,77.1128364562988,0,74.2972306410472,0,0,0,0,93.8670272827148,124.778984069824,0,0,0,0,0,62.6209690539868,84.4814557527241,78.8887825693403,0,0,0,93.3142835828993,0,0,0
79.9077081680298,0,140.62634059361,83.6702651977539,123.902420043945,15.4752726733358,17.2302584673459,116.861323637121,17.756771372226,88.9893239339193,124.217431288499,48.3284694383729,114.845994472504,49.1571502685547,11.9065767221422,36.513003526251,0,135.540411376953,66.3362665176392,54.9559173583984,116.607720224481,78.1313934326172,120.782865524292,135.389511108398,123.029440307617,77.0799407958984,67.8418996474322,90.0826110839844,128.961929321289,9.8811381051423,117.792027791341,80.9108467102051,5.04021061004334,0,24.9315663490828,173.177398681641,0,196.768478393555,0,0,0,197.533218383789,165.889887491862,190.144927978516,0,0,0,0,93.7311172485352,0,0,136.683456420898,0,0,0,0,164.404037475586,154.435745239258,0,153.335327148438,0,0,0,164.309709436753,201.737236022949,0,0,0,0,204.159545898438
44.2256770989834,79.9112091064453,84.8176390437757,113.28727722168,80.008522605896,0,29.015671902855,63.7517463043446,87.4522997128066,62.514421172764,84.862015333592,91.179088973999,92.9480947766985,0,38.9119048659541,101.390815734863,69.6317705071491,69.9710037297216,112.333801269531,84.7467283165973,90.0656274494372,44.5266644621273,51.702903037601,58.3130025032645,65.1968631744385,155.815897623698,98.8563389879592,93.2790141947129,58.3663882859146,12.3148894015162,29.0152630261964,0,0,7.51918672477609,21.4997358066695,128.929843022273,0,157.710277557373,67.6795425415039,182.681447347005,0,148.959832118108,113.940764839768,143.571636898417,93.9443012735118,148.392528772354,127.922607421875,170.131640116374,0,142.033830778939,0,97.9922943115234,173.328577677409,220.839462280273,144.873268127441,120.081531524658,98.7380173845989,90.5304136276245,106.149790330367,97.4283613586426,218.483535766602,153.513389587402,143.312728881836,113.183837046665,136.526069641113,105.796374885403,0,208.978561401367,116.479230095358,128.598744637626
72.3562784364238,42.1203590081939,42.8096837687864,49.7120651225403,85.4208057470489,30.2289639472961,45.7428541940973,76.5285780248671,55.1141747116102,76.0353551394698,85.8316239636591,25.7853166176687,85.8986358471516,43.4658439525504,50.7247307258345,30.4179121543621,67.0163999536763,24.6598566230578,39.7983966731033,27.5511405883766,83.7252713983709,38.3415065004279,61.2648327562949,39.9903586148075,76.1681148746471,40.7792429014017,38.1288341022633,47.4572172994824,58.1384838246212,36.4113185713061,31.1441968982243,54.0133782924887,24.9315663490828,21.4997358066695,8.94943832016545,150.391495955618,66.1719927257962,94.5658918108259,58.1170327985609,145.72823878697,0,157.407967307351,127.079213460286,154.550700910164,87.7710873530461,160.757170457106,99.1791564941406,179.636856079102,78.1617482503255,153.277633265445,171.427780151367,93.6284482402186,102.984466995018,99.1795756022135,99.910475353862,140.168629964193,109.903365971492,76.0257277488708,109.522137596494,107.290506268224,70.5975614547729,88.754992493904,87.5645880081329,123.844902583531,140.747507052951,115.341512506658,97.827631632487,160.67692565918,132.15446395874,118.150217628479
133.752508544922,0,152.121083068848,0,0,170.906845092773,147.08984375,128.577810499403,155.315671808579,73.69837697347,151.308515071869,0,86.0682209559849,0,146.859021928575,0,116.057739257812,161.006698608398,0,0,131.197830200195,120.903503417969,105.677581787109,168.14200592041,117.738871782676,192.47541809082,144.574279785156,143.121532440186,122.811258173701,142.6658608286,128.37504814411,0,173.177398681641,128.929843022273,150.391495955618,17.1543831419733,117.041490994967,105.105830378502,101.098964397724,84.1658573979917,56.7991383870443,67.6460747067394,37.0265083361871,38.9553541770348,76.3982109945328,73.4940791136332,122.94696064868,86.4751213442895,126.144178985268,12.6900027667249,77.876293182373,78.3965781529744,97.4645038273024,122.275164851436,112.552007081774,80.1683141920302,81.0112522888184,64.8999416563246,98.166924349467,70.0150448035887,0,104.400740152462,117.776423508559,76.2079561000091,14.0098572821309,25.1110548135796,131.310132344564,63.1884498596191,23.9887975510335,67.3077443939409
116.407367706299,84.1763763427734,50.2016126810298,70.1441965103149,0,0,0,117.471620559692,141.980928421021,0,148.491477966309,52.017017364502,0,132.629959106445,118.255058288574,0,95.1729278564453,63.3606020404447,76.5277099609375,70.7066345214844,0,71.7528877258301,61.7152641296387,62.972972869873,112.695560455322,60.1583023071289,56.572732480367,51.9524881227882,105.864131503635,138.481071472168,96.8022079467773,0,0,0,66.1719927257962,117.041490994967,5.07637773936576,30.4644251783591,6.20478176461457,102.760887145996,0,129.455391331723,109.187950275562,133.730012234775,57.6996182834401,133.19949836731,51.3124824870716,107.720550537109,28.0079345941544,123.084910238943,93.2475442325368,58.7286219963661,42.348985106616,49.4154689930103,43.2794377587058,159.631217956543,74.09130859375,21.5887439393427,55.3006008766793,69.1699486086445,7.79484195761821,30.2657249767683,22.9194702782492,103.779744148254,117.351859283447,86.0346195386804,63.0297401428223,0,135.718081156413,46.5464574735459
137.239014761788,0,80.3836712130237,110.725639343262,0,0,174.357597351074,139.965688917372,163.644750350561,0,181.389606051975,116.76042175293,183.854965209961,0,146.330631456877,0,94.1171473452919,90.8011175434241,111.584648132324,116.221449279785,220.117584228516,98.5532215966119,82.2787073920755,90.7881862711143,143.284047953288,0,106.529626131058,82.3563052696174,131.43294631958,155.359610239665,125.885250854492,135.917510986328,196.768478393555,157.710277557373,94.5658918108259,105.105830378502,30.4644251783591,9.03207829985941,34.7686923795244,134.734539576939,142.733428955078,117.991890298167,83.7993913351996,112.115807406536,112.032482147217,106.037031279361,76.9403674477025,155.252207438151,78.8538911992853,104.79559056647,149.424748738607,57.9704479134601,35.186548689349,82.9538023206923,62.8820340326854,143.92340523856,58.1941468957911,35.9870985926132,21.4002355653061,109.557595156552,69.4000289916992,21.464693778836,17.890606550458,82.2696817740693,122.716346260887,80.4885075077866,98.2311220169067,159.921911239624,94.127432686942,55.4735467680208
93.7924619402204,67.5862804412842,46.3909102305383,80.9027336120605,0,0,109.544067382812,103.438266572498,133.704671463876,0,135.951743443807,86.7222122192383,139.986129760742,96.5742492675781,116.134662159702,0,71.7019019849373,55.9537523709811,0,73.9711570739746,150.722213745117,64.182406766074,60.0228956858317,58.030580723921,91.1367433166504,39.8927841186523,59.9665394132099,45.8623579064918,74.9429403101123,85.8398312886556,59.7842340827885,0,0,67.6795425415039,58.1170327985609,101.098964397724,6.20478176461457,34.7686923795244,25.2458497789171,116.33763885498,0,132.298672324733,90.9315565521653,123.823871669485,69.4959316668303,121.615652508206,71.9907506306966,116.261772155762,54.4489016532898,113.334619461351,134.618591308594,38.1866728477555,47.7074112235025,58.37623462677,47.5635840233956,0,46.8916870701471,12.08894682485,49.3529432869388,44.7128473055889,18.2479690313339,34.8966391993128,29.1396196496584,65.6675253163213,77.6842137505026,48.4171178649973,64.5529384613037,0,52.9944620949881,49.2738392953159
135.636810302734,0,165.413070678711,0,69.5596947329385,0,140.922028761644,118.91486114502,137.514276504517,72.5056982369259,126.161659405386,0,65.7285737149856,0,149.441035183993,85.7042922973633,0,0,0,0,31.182038505175,0,120.036804199219,179.762359619141,88.6427943849344,0,0,155.888290405273,117.436804767797,141.71260209517,128.545440673828,0,0,182.681447347005,145.72823878697,84.1658573979917,102.760887145996,134.734539576939,116.33763885498,8.41884214471212,0,65.4719409757447,71.2702399304039,80.5816466788935,44.2537044259005,22.806444654288,171.925048828125,22.021273030235,0,90.7166935990496,69.9195604324341,63.0189208984375,107.919647216797,0,0,9.87182771728472,0,99.9760980606079,105.947174072266,16.2306910654208,0,168.47346496582,106.645635268267,20.0751309588217,89.9074949376723,93.8559287389119,0,0,80.2220190221613,84.6469391576502
0,0,0,0,0,0,0,0,193.841293334961,0,0,0,0,0,0,0,0,0,0,0,0,0,0,0,169.12028503418,0,0,0,166.30118560791,0,141.847473144531,0,0,0,0,56.7991383870443,0,142.733428955078,0,0,7.21216337774226,10.9647948039117,95.4951234297319,11.28250615009,63.7551784515381,109.865257517497,0,95.0544063861553,0,23.2305940710088,13.2925918229863,0,77.7257690429688,0,0,108.774879455566,129.363143920898,0,108.087370554606,107.316962718964,0,164.410339355469,165.874038696289,118.014840126038,21.4710418017287,0,0,9.63402327661837,93.424991607666,26.4735127196592
141.290069580078,0,175.146464029948,0,130.002009073893,0,140.53160164573,134.89518454136,151.672466165215,97.8611132303874,147.143535614014,0,66.833153629303,0,155.424980735779,130.300373077393,0,195.335227966309,0,0,118.634768776272,0,131.502470397949,165.864892578125,115.221864589127,0,193.949478149414,181.875483194987,133.813302901483,156.991402405959,146.600014134457,0,197.533218383789,148.959832118108,157.407967307351,67.6460747067394,129.455391331723,117.991890298167,132.298672324733,65.4719409757447,10.9647948039117,9.44440235965425,55.4602338276983,15.6979032361371,50.2858412771514,25.1727676451656,157.23225402832,22.6692907532486,170.798749651228,34.6639737011288,10.4690212795129,0,136.897344918087,140.465133666992,164.035039265951,40.3418355341533,101.645095825195,110.253771268404,111.355978048073,67.8979127942506,0,131.382140650068,122.594569236354,70.7735609902589,42.4163199626587,106.228593102817,0,24.2680817853864,90.5013891366812,44.2796534058315
