10.517638634567,146.101822444371,95.7312927028856,91.380027729532,87.0033093502647,73.0041094885932,62.9646138289036,40.1220435562468,27.854284882113,74.4945524091551,38.7748172564268,167.548929081407,84.0088521172019,174.441683255709,15.5953091215469,111.512974421183,115.457619222005,109.267718744278,158.293492403897,137.283468696509,86.3492002487183,79.0084624802771,105.243883514404,86.9327706929483,76.0775016707015,150.483324686686,131.216660043238,133.65770378782,62.1672293482919,13.516724120686,30.6747124554889,175.13582611084,76.2453817220835,66.2168518196453,103.859858613856,0,0,177.842829386393,141.648143344455,143.230865478516,0,173.752731323242,0,206.981578826904,102.606727600098,175.386166381836,0,0,0,170.209838867188,0,188.381454467773,0,0,233.333702087402,135.71891784668,0,101.225463867188,175.119164360894,127.037154166929,0,193.283527374268,177.110702514648,142.406429835728,154.827514648438,203.973526000977,0,0,0,176.141357421875
146.101822444371,7.56036007937574,34.7493938885678,32.229911962304,0,0,182.981872558594,130.562392786929,145.792873001099,70.2869716966174,140.115803527832,74.5330231814461,91.7240371704102,48.9584605126154,144.546818003935,110.266883850098,79.3528195256772,53.533609274527,75.1334568370472,59.3263369877341,121.915092468262,96.6310847889293,24.9651661904847,66.9754894783622,94.6434844287474,25.0270491461733,42.7996692763008,35.247683744662,121.841918749687,127.013713130244,109.338296217077,66.3230571918659,0,116.631429195404,59.9401873335781,0,38.8693073674252,77.5801700901341,60.3458167711894,159.683822631836,0,240.587890625,152.298901875814,0,118.896179199219,198.72151184082,136.513595581055,148.955444335938,77.3968534469604,135.424453735352,0,102.14575958252,107.289843632625,110.855812072754,157.952003479004,0,125.083168029785,11.5323406855265,95.5485156132625,111.619403294155,99.7930679321289,95.5944743300929,78.5346727707807,155.909866333008,138.745381673177,132.725479125977,127.572116851807,0,0,125.249727521624
95.7312927028856,34.7493938885678,12.8247681764355,54.376005500149,117.586213684082,189.22580464681,131.253402130513,92.8892215474181,124.253229963002,106.527707488449,112.967607041036,95.9504023864206,131.545283508301,94.29595029964,105.70616453617,136.739061991374,70.4168612022923,38.3255513419364,97.4358150340893,81.813665894901,0,71.4516089624036,40.9151374998849,28.3817381935217,95.789607464243,89.452921628952,30.2810392476678,32.7712732984214,80.1629284534555,102.335077861184,77.78604002325,88.7836989760399,150.207855224609,104.309680938721,64.608301046418,199.375381469727,79.4651625061035,88.2813773879735,51.7649397137521,0,0,0,160.570545397307,188.507466634115,132.643337249756,180.165428161621,146.303213936942,0,160.098983764648,170.50191116333,0,103.69291290077,113.635643550328,138.983489990234,148.566892835829,0,127.698635267175,61.336192380465,95.4636333593144,135.140241552282,0,113.824409874118,94.7561094631174,158.252719116211,195.271327972412,154.67299079895,173.674461364746,0,0,112.617160797119
91.380027729532,32.229911962304,54.376005500149,21.6888255222823,65.2741801820952,117.803290230887,85.5013977535187,76.3207695529488,86.2454917436541,17.7269289676439,79.6159983652081,69.0635154810819,87.6121406555176,54.9897634173339,95.3425120535614,48.6353784561157,42.3762560085081,66.4320257445234,63.8345877136847,54.9603879405672,78.4410154169256,58.3456851105192,43.4719369999774,49.505710180428,36.7714221254608,23.5370797683177,43.4347797418013,48.1501886151361,61.4277813793364,79.4238210704229,65.1768634881431,61.9840887661638,133.968481699626,66.5979890652046,70.2424984852608,92.5097274780273,92.7249374389648,55.5971824867385,27.1275421651204,77.580992380778,0,102.111672973633,93.6739068712507,117.349289417267,32.5642362895765,106.917377818714,91.4914906819661,98.2587814331055,122.293530600412,130.335949579875,0,59.8264768327985,91.5844009717305,112.277876536051,81.1240212225145,76.7694267272949,71.2089299638142,14.5617972552348,58.3627626592908,60.6162818081408,54.2000759840012,81.5433039997899,52.2274784444793,79.4932836767745,102.137422000661,75.9741005436067,139.296981811523,0,70.7437210083008,104.100204174335
87.0033093502647,0,117.586213684082,65.2741801820952,10.1757637589476,0,70.8086321991269,49.9186521606445,96.7804092716526,39.1104682496356,19.2812913367918,158.862167358398,19.516664043414,188.457489013672,100.61576144796,60.2397225119851,73.8210258483887,122.601722717285,0,0,13.1716471333367,110.124881744385,71.3851180443397,107.467022487095,18.9678160619717,0,184.984191894531,143.396895272391,16.8035553178329,90.6292208286754,73.0911409589979,0,147.52604675293,70.2987638201032,86.5816449765806,0,154.653121948242,0,76.7202130126953,17.989840715905,0,160.691080002558,131.480255126953,167.235003822728,82.5082362719944,146.664213601645,0,39.076173955744,174.835922241211,167.584935274991,79.7630157470703,0,0,0,0,73.2110491640427,0,106.059272766113,0,105.541070680361,0,0,184.033798217773,136.417723968381,187.557269626194,0,0,0,151.254745483398,168.863507952009
73.0041094885932,0,189.22580464681,117.803290230887,0,6.91138280478371,8.51534331923112,126.458537510463,20.6223472398162,119.782065073649,115.864972127279,61.9130586896624,64.4022598266602,245.436141967773,33.0157301158191,13.3585774273757,0,0,0,0,148.166053771973,178.125701904297,121.463233947754,141.610668182373,124.114860026042,0,86.7423477172852,165.508628845215,130.557748894942,26.7194953530522,113.746181488037,0,10.4462443656711,0,35.8532470491197,0,0,0,0,0,0,219.728561401367,186.057708740234,0,125.390830993652,227.88858795166,0,0,0,0,0,0,0,0,0,0,0,0,0,164.266487121582,0,0,0,0,245.983474731445,0,0,0,0,216.409713745117
62.9646138289036,182.981872558594,131.253402130513,85.5013977535187,70.8086321991269,8.51534331923112,9.00222272461107,65.0695224468307,19.4026265527139,68.9908811802767,25.4523405135782,83.4383214314779,15.6984665672313,168.696932474772,31.1363254783404,11.0818573261463,142.265274047852,150.727428379344,176.176361083984,171.269583565848,36.0558045500844,116.318341181828,123.789241154989,128.676538630894,93.0614797364862,0,167.635155944824,166.775432374742,81.4841790958327,30.0987820569809,109.895667378495,207.76220703125,14.504781314863,94.1067289812812,50.8585690336024,0,203.586364746094,170.999684651693,119.953327525746,162.340882521409,209.806434631348,183.659216986762,157.147779941559,183.10795135498,135.629812240601,174.089816138858,0,81.1089611053467,0,188.710032145182,0,0,0,0,0,160.077036539714,182.852600097656,142.317245483398,181.452493667603,138.192506578234,0,0,196.640182495117,152.210416047469,186.197856229894,160.289291381836,0,0,160.617137908936,178.07104214755
40.1220435562468,130.562392786929,92.8892215474181,76.3207695529488,49.9186521606445,126.458537510463,65.0695224468307,10.7848323616973,68.2869890003556,60.815002465215,23.1298493971644,170.765850337472,49.3413473874203,169.816822475857,39.5543028240804,79.6782449994768,82.6142800582083,119.793697038639,171.898852180032,157.244390091806,30.4191192249619,61.2466285320637,82.9763320922852,73.9749337124314,53.1358985810687,154.856214523315,130.553469932031,116.654882722742,27.860002526581,61.2574734195402,18.7372281747133,171.72374259101,129.589822387695,62.7089677411456,88.2062145514237,169.48713684082,160.196258544922,145.850855020376,95.8220495408581,134.236063639323,0,154.497097015381,133.64672887893,154.803568619948,86.8757442978193,139.84271697998,241.827560424805,138.824110666911,0,166.211300936612,0,140.58810710907,0,0,0,126.659811132094,151.5523853302,107.141471862793,154.97345538472,104.693595639397,163.920776367188,201.390310668945,159.865438842773,135.889763841351,167.332904391819,161.315940856934,218.576080322266,0,129.490631103516,173.500160217285
27.854284882113,145.792873001099,124.253229963002,86.2454917436541,96.7804092716526,20.6223472398162,19.4026265527139,68.2869890003556,12.4393598403343,86.3666344990208,33.1832077502617,143.742190361023,52.3580490657261,171.06536077684,15.2230222927591,39.0197495536917,135.804660123937,136.686880459993,178.48669128418,159.105771470344,94.5542620739906,104.114424160549,120.926192650428,114.971630514954,91.8124965236351,159.456500244141,154.250910064464,156.303271702358,91.4368528805191,22.9064288705274,81.5787566523803,197.321331317608,17.1047210473056,74.9379849915111,50.0175531092197,200.031204223633,179.851867675781,190.455053710938,105.178943634033,166.235896486225,194.325408935547,176.686038601783,152.52798873303,186.817231149384,135.36609375,174.101420475886,0,191.698036193848,0,189.821202046162,182.912109375,156.284729003906,0,0,214.103713989258,172.162891387939,199.54814453125,115.8662109375,187.554642387058,140.430801331528,0,217.856244768415,190.279574584961,157.539129687894,180.883391571045,184.337097167969,0,227.716491699219,174.616034371512,173.554871877035
74.4945524091551,70.2869716966174,106.527707488449,17.7269289676439,39.1104682496356,119.782065073649,68.9908811802767,60.815002465215,86.3666344990208,9.66012323614952,80.8262472242397,142.832056999207,9.85101517318945,127.672602257362,87.5539887608389,17.6548773574724,51.8396646499634,126.080288655049,141.636735534668,147.513904571533,34.8588636435714,71.2236315409342,17.3300194286885,83.9456742215319,19.0487007776528,113.509216174745,139.627370791965,106.279409373465,52.9096302296703,71.8228708323128,57.9566943379233,148.280406951904,122.475874059341,60.1213951461617,77.3598371493589,0,87.96402658735,121.409354527791,35.2285136761873,95.1523341303286,0,112.545446872711,87.2558466593425,133.829188664754,23.7600440277275,114.869688815758,0,59.5940551757812,167.56462097168,162.987454732259,108.172021865845,73.8685658772786,0,0,177.280685424805,97.5405490013861,0,25.6846278289269,126.685426984515,67.8724196481367,152.095718383789,0,140.159175872803,97.4469815835185,129.752419365777,0,166.212692260742,0,80.2235412597656,133.247128486633
38.7748172564268,140.115803527832,112.967607041036,79.6159983652081,19.2812913367918,115.864972127279,25.4523405135782,23.1298493971644,33.1832077502617,80.8262472242397,12.9678580266916,178.056579589844,22.3331557532954,190.769778980928,40.5705788029554,66.9985465480857,107.631123352051,138.803544477983,169.34971110026,168.00643157959,16.578049309976,84.3620603156812,99.0706034693225,98.5352272806288,68.4920201447333,195.328104654948,143.415060764601,138.946847489737,31.9429748689457,86.6653979380304,74.209412433207,184.179161071777,122.026659297943,78.9844535290355,86.5830789309282,187.029376983643,159.022903442383,162.009920756022,93.3821659603634,67.2657705060806,0,173.683211771647,150.59269056649,176.690177440643,110.416687388479,161.200654271661,0,145.116358348301,0,176.409202738011,174.480465698242,179.43713760376,234.503601074219,0,204.33666229248,159.526655547473,195.459091186523,134.636597527398,173.681115892198,127.176663813931,0,216.914459228516,185.094342745267,150.631943973926,185.711819966634,179.128093719482,0,0,170.249367607964,175.91683392192
167.548929081407,74.5330231814461,95.9504023864206,69.0635154810819,158.862167358398,61.9130586896624,83.4383214314779,170.765850337472,143.742190361023,142.832056999207,178.056579589844,13.2557755123257,0,17.182943269439,141.03260368934,0,154.040822809393,56.1683527801452,21.3192145250157,30.4806619612093,0,103.233961169639,116.090619647314,91.4283143149482,161.812161254883,29.7586866396176,29.2200667656217,75.5333048502604,156.961667073568,84.9871920296558,115.581322337306,33.1975088675503,55.2004883289337,109.773872218181,33.2626746098949,0,115.100247955322,156.580300331116,77.8818197250366,0,0,0,0,0,0,0,112.833784103394,0,95.5666505782331,0,0,200.469879150391,145.561992645264,109.840609741211,124.941301682416,0,0,0,155.511322021484,208.266204833984,75.8029659105384,113.36199554132,116.29159228773,0,0,0,103.587705930074,0,213.512451171875,162.713361467634
84.0088521172019,91.7240371704102,131.545283508301,87.6121406555176,19.516664043414,64.4022598266602,15.6984665672313,49.3413473874203,52.3580490657261,9.85101517318945,22.3331557532954,0,8.98128104131218,151.782272338867,97.9149087357195,13.3269177892202,0,0,0,0,12.7912933182772,170.533447265625,75.9694496790568,123.156223297119,15.4594637555647,0,173.031349182129,144.883930206299,49.9276676545787,92.8610792219269,86.8759536743164,223.54557800293,115.749340481228,84.8246042588178,98.1153904896862,0,131.108032226562,179.54866027832,61.7315686543783,65.7543711942785,0,108.317027409871,140.851547241211,170.207339477539,78.6513632365635,111.691071363596,0,8.68446780985052,0,0,111.1789894104,0,0,0,0,17.1812768852624,0,0,190.405517578125,53.2668801357872,0,0,0,115.280621337891,167.96467590332,0,0,0,201.525253295898,173.105545043945
174.441683255709,48.9584605126154,94.29595029964,54.9897634173339,188.457489013672,245.436141967773,168.696932474772,169.816822475857,171.06536077684,127.672602257362,190.769778980928,17.182943269439,151.782272338867,7.43455931819717,185.358691624233,164.22395324707,143.150642903646,93.184710306664,50.3173614700007,68.2133152470444,0,146.431346893311,99.7538875470843,126.368756496545,164.878757823597,18.2609714872559,37.9486045294914,30.0262549095884,170.232877980108,115.341926107601,156.493030059032,13.4549604956287,110.21675491333,146.635663812811,57.4188634430621,0,89.8447032727693,153.570308685303,89.6307127210829,0,0,0,0,0,127.17707824707,0,86.827982796563,0,43.2348669845648,0,178.553909301758,170.749053955078,157.573120117188,110.416852133615,138.01403427124,0,0,174.274948120117,194.50471496582,194.602355957031,51.8408479236421,98.3939740951747,99.4578109579457,0,0,230.499618530273,90.3098537517044,0,0,101.554678344727
15.5953091215469,144.546818003935,105.70616453617,95.3425120535614,100.61576144796,33.0157301158191,31.1363254783404,39.5543028240804,15.2230222927591,87.5539887608389,40.5705788029554,141.03260368934,97.9149087357195,185.358691624233,7.08127488045112,50.5197264727424,116.951711654663,123.387445373535,164.074162801107,155.95762749438,107.137355194092,89.669241314092,113.438464962706,98.2057582470345,88.2566127748157,165.570158004761,143.594253717192,147.800759117883,75.07563265655,15.9276769602004,53.6606299167462,187.754679870605,10.8159605359421,30.6570963528591,49.4782937229329,0,177.46907043457,178.522167205811,131.370182461209,173.926345062256,0,186.927182515462,148.85898624767,184.032572428385,119.460047721863,179.439109438942,0,206.567779541016,0,190.455254690988,0,147.66442489624,211.156372070312,0,234.7998046875,167.829093933105,165.988555908203,153.926345825195,181.299736022949,148.862330920076,0,209.510686238607,192.25440788269,166.81027086046,181.625492442738,196.920211791992,0,0,178.723977661133,175.379493713379
111.512974421183,110.266883850098,136.739061991374,48.6353784561157,60.2397225119851,13.3585774273757,11.0818573261463,79.6782449994768,39.0197495536917,17.6548773574724,66.9985465480857,0,13.3269177892202,164.22395324707,50.5197264727424,7.80852601050037,152.598159790039,184.903157552083,167.333358764648,158.17497253418,43.5782490372658,85.3246612548828,59.9826431274414,124.2286084493,39.0405354173216,0,164.905004882813,134.791500091553,78.8314858486778,48.7722038500237,86.367610168457,0,34.538490191373,82.7285435994466,42.3046627044678,0,0,0,99.7614212036133,150.958862304688,0,0,0,198.628623962402,90.7216644287109,149.040054321289,0,42.613525390625,0,215.939849853516,0,0,0,0,0,174.189514160156,0,0,0,127.967321777344,0,0,0,141.864393234253,188.37907409668,0,0,0,0,189.678329467773
115.457619222005,79.3528195256772,70.4168612022923,42.3762560085081,73.8210258483887,0,142.265274047852,82.6142800582083,135.804660123937,51.8396646499634,107.631123352051,154.040822809393,0,143.150642903646,116.951711654663,152.598159790039,12.7266270901564,109.595713663658,171.06506729126,140.599735514323,0,14.4706244694813,31.7000089542561,19.7478756626389,22.2383719869668,122.56725856236,116.253418986003,35.1391544194999,36.9640097099351,104.987045465514,69.315314738511,160.670837402344,0,69.3590079307556,85.5885457010364,163.109268188477,0,108.231869917649,132.35191822052,178.129180908203,0,0,139.215785980225,0,90.5922908782959,0,0,0,208.469650268555,162.432464599609,0,56.7204954574848,130.62073135376,0,212.592269897461,162.939880371094,125.835433558414,51.8423718719482,93.957518834884,91.350926399231,0,123.921801249186,87.0806788444519,131.736577606201,173.461059570312,125.665926615397,0,0,128.270510355632,134.976243591309
109.267718744278,53.533609274527,38.3255513419364,66.4320257445234,122.601722717285,0,150.727428379344,119.793697038639,136.686880459993,126.080288655049,138.803544477983,56.1683527801452,0,93.184710306664,123.387445373535,184.903157552083,109.595713663658,8.34589575367809,64.3721225628486,28.6887203851795,0,61.0766139198752,85.1042070820772,23.5040589712259,124.396670150757,71.6538414628538,23.5140611429035,64.072167036192,117.420535174736,97.9007861138799,78.0056369449969,96.7495460510254,191.487415858677,81.428143119812,33.301358519058,185.918060302734,84.3529153121145,112.325942352935,69.8626314579755,0,0,0,177.699691772461,208.589938354492,157.01318359375,221.382011413574,164.987182617188,0,160.677622795105,203.25358581543,0,143.589488983154,128.047494272085,127.180431365967,122.503477573395,220.369262695312,140.738464355469,121.064069112142,131.874521137756,178.561530219184,115.798305511475,111.822755160397,120.200218453313,175.955408732096,190.3310546875,189.130180358887,175.398078918457,0,165.621597290039,133.947818332248
158.293492403897,75.1334568370472,97.4358150340893,63.8345877136847,0,0,176.176361083984,171.898852180032,178.48669128418,141.636735534668,169.34971110026,21.3192145250157,0,50.3173614700007,164.074162801107,167.333358764648,171.06506729126,64.3721225628486,8.73280197103661,13.6723536376008,0,113.733435630798,117.947763442993,101.010780758328,158.086238861084,51.3696502395298,26.4885652039809,67.5878166288534,163.152796936035,126.59197195645,127.797929763794,53.9903726643833,93.7167358398438,120.448099263509,60.9908381123336,0,120.031423568726,139.335317993164,71.9740563851816,0,0,0,0,202.802764892578,154.732925415039,0,109.544681202282,0,95.2374041875203,0,0,180.427093505859,156.308058166504,106.350258156105,120.129773920233,0,0,0,156.738265991211,0,83.0689281664397,102.546367645264,109.902185752744,0,0,0,107.641160262258,0,0,138.8606300354
137.283468696509,59.3263369877341,81.813665894901,54.9603879405672,0,0,171.269583565848,157.244390091806,159.105771470344,147.513904571533,168.00643157959,30.4806619612093,0,68.2133152470444,155.95762749438,158.17497253418,140.599735514323,28.6887203851795,13.6723536376008,10.318555565478,0,91.0895721473504,111.13214956996,72.8909073174,152.784526683666,51.2787599879063,22.43901185092,69.2578363403197,147.046832235236,122.404235469388,103.483661575751,68.9656059916426,138.129833221436,105.964225769043,39.2080156037538,206.941253662109,106.734814453125,137.594426962046,69.0595210984696,0,0,0,229.088958740234,213.251159667969,0,0,128.092935562134,0,116.113070257779,222.405479431152,0,0,129.430037630521,108.86194934845,118.683386764526,0,176.762893676758,166.420761108398,157.950482177734,187.748710632324,95.4067126512527,106.000330839838,114.331232018564,244.15071105957,200.891143798828,244.252014160156,119.637471074643,0,0,126.913375854492
86.3492002487183,121.915092468262,0,78.4410154169256,13.1716471333367,148.166053771973,36.0558045500844,30.4191192249619,94.5542620739906,34.8588636435714,16.578049309976,0,12.7912933182772,0,107.137355194092,43.5782490372658,0,0,0,0,9.97561462922881,101.125312805176,67.16552734375,127.175796508789,18.8560862295822,0,159.57829284668,0,30.2508984264666,99.1221206665039,0,0,0,91.4348420037164,94.2240081787109,0,0,0,89.0834045410156,23.0788138864378,0,162.234568786621,135.609721790661,178.795890114524,101.073975457086,163.50595925071,0,5.98713740965178,0,199.450846354167,0,0,0,0,0,34.2135620236397,0,0,0,116.208178306112,0,0,0,133.627451790704,174.009799194336,0,0,234.290084838867,177.706840515137,169.193328857422
79.0084624802771,96.6310847889293,71.4516089624036,58.3456851105192,110.124881744385,178.125701904297,116.318341181828,61.2466285320637,104.114424160549,71.2236315409342,84.3620603156812,103.233961169639,170.533447265625,146.431346893311,89.669241314092,85.3246612548828,14.4706244694813,61.0766139198752,113.733435630798,91.0895721473504,101.125312805176,12.0204202855266,55.3958237008092,29.1215595735216,49.4319146503246,135.019213867187,107.238312631283,85.1215760479803,25.8619331266931,63.2977410102075,26.7945411645339,151.77843952179,147.10668182373,53.2146012645501,44.964963054309,0,150.45290629069,148.458250779372,113.950510660807,0,0,0,152.173682318793,186.628890991211,87.3400014241536,161.273040771484,0,0,0,225.397361755371,0,113.303839432566,177.872261047363,0,190.766708374023,0,126.76151516563,69.3679448908026,126.453277587891,108.372036271625,0,206.391624450684,160.063106536865,124.855852175982,149.875999450684,122.379744974772,0,0,114.646675109863,129.257014973958
105.243883514404,24.9651661904847,40.9151374998849,43.4719369999774,71.3851180443397,121.463233947754,123.789241154989,82.9763320922852,120.926192650428,17.3300194286885,99.0706034693225,116.090619647314,75.9694496790568,99.7538875470843,113.438464962706,59.9826431274414,31.7000089542561,85.1042070820772,117.947763442993,111.13214956996,67.16552734375,55.3958237008092,7.72148951453961,50.2469412931621,28.8274087561059,81.6297036125546,99.6217219829559,34.9665531666499,62.5251250919165,91.0461322978392,58.4271924532004,120.648262516145,145.41246287028,68.2483917713165,69.5218005189511,96.1865119934082,69.6069845835368,60.5409102468096,72.5689857800802,131.361890520368,0,139.800249735514,93.0075320652553,142.488789645108,16.4969589531827,131.276349385579,0,113.97216796875,0,120.914938790458,0,51.2325183817013,97.7709302168626,145.774612426758,123.720990753174,0,65.6975301868187,8.32870932665381,60.4693648958585,61.9579958829013,115.899805704753,116.232136813077,49.9136138850567,81.3330546503482,109.703024970161,69.5865544702253,0,0,79.5684432983398,76.2186698244329
86.9327706929483,66.9754894783622,28.3817381935217,49.505710180428,107.467022487095,141.610668182373,128.676538630894,73.9749337124314,114.971630514954,83.9456742215319,98.5352272806288,91.4283143149482,123.156223297119,126.368756496545,98.2057582470345,124.2286084493,19.7478756626389,23.5040589712259,101.010780758328,72.8909073174,127.175796508789,29.1215595735216,50.2469412931621,14.6601095803873,59.9420868690511,103.523461871677,73.6541211268285,54.721987176466,50.7354130600848,81.158087190837,50.8218338570641,133.054806584897,137.689448038737,65.9204635659202,45.3439741452465,159.41584777832,90.6047630310059,104.315857352791,95.9908404994655,0,0,184.313171386719,164.496577212685,0,135.936294555664,176.123944091797,181.182261149089,0,217.861724853516,157.118713378906,0,101.268466433963,137.796279907227,202.21418762207,169.306649780273,159.879531860352,115.753912102686,59.5238150137442,102.357321385097,113.358300239809,0,144.754704243428,110.357917816533,148.926620081851,178.509806315104,132.957592773438,0,0,156.07438659668,132.357461656843
76.0775016707015,94.6434844287474,95.789607464243,36.7714221254608,18.9678160619717,124.114860026042,93.0614797364862,53.1358985810687,91.8124965236351,19.0487007776528,68.4920201447333,161.812161254883,15.4594637555647,164.878757823597,88.2566127748157,39.0405354173216,22.2383719869668,124.396670150757,158.086238861084,152.784526683666,18.8560862295822,49.4319146503246,28.8274087561059,59.9420868690511,10.1285332520018,137.215076793324,138.04832056755,72.8155185936496,16.2628836170549,70.0236579370932,61.3578604499,172.584097726004,132.436881171332,61.547163232011,79.6582983239109,142.223595937093,136.959007263184,151.557010650635,53.6606435129198,108.51933422795,194.76537322998,137.763901519775,112.428024009422,145.151766703679,67.4309842745463,127.601964355469,0,126.837221781413,238.121505737305,155.192569447987,135.723036193848,120.488714599609,204.632385253906,0,0,111.517641379616,120.046292622884,108.597305615743,136.65968125442,64.077655139891,0,218.170806884766,143.200910497595,112.439069038214,153.599550004439,129.584103902181,0,193.134811401367,123.560864375188,141.290178848525
150.483324686686,25.0270491461733,89.452921628952,23.5370797683177,0,0,0,154.856214523315,159.456500244141,113.509216174745,195.328104654948,29.7586866396176,0,18.2609714872559,165.570158004761,0,122.56725856236,71.6538414628538,51.3696502395298,51.2787599879063,0,135.019213867187,81.6297036125546,103.523461871677,137.215076793324,7.41549056985877,41.1637770620365,24.6306009211924,147.911752065023,142.822528614717,134.31555112203,44.6687898055927,0,133.022983551025,66.454722541909,0,68.3166227340698,126.868663787842,38.2208499908447,0,0,0,0,0,164.763778686523,205.806259155273,76.93792936537,0,56.8273928442667,0,0,0,0,82.6460998535156,111.669389724731,0,0,149.503517150879,0,149.181381225586,48.0501472155253,83.0427237338707,87.3797425566048,0,0,0,81.7868993422564,0,0,133.051132202148
131.216660043238,42.7996692763008,30.2810392476678,43.4347797418013,184.984191894531,86.7423477172852,167.635155944824,130.553469932031,154.250910064464,139.627370791965,143.415060764601,29.2200667656217,173.031349182129,37.9486045294914,143.594253717192,164.905004882813,116.253418986003,23.5140611429035,26.4885652039809,22.43901185092,159.57829284668,107.238312631283,99.6217219829559,73.6541211268285,138.04832056755,41.1637770620365,12.7369386234731,32.9909908215816,124.955006774238,125.346305406672,114.927305754623,28.5049059902391,182.223955790202,125.500433709011,64.2371156097501,174.518814086914,81.7088508009911,106.831136683414,60.1210372195379,245.203796386719,0,0,195.272288004557,233.100898742676,0,220.140472412109,111.006539026896,0,95.0742615055917,211.461631774902,0,176.696395874023,119.090602505592,100.025019614927,103.3499081615,223.31787109375,159.953043937683,117.226178850446,142.056185366502,183.195283369585,70.731739687116,93.4424503668512,101.507409887963,224.095603942871,188.325317382812,157.092707633972,104.461238201399,0,173.434226989746,119.59423762996
133.65770378782,35.247683744662,32.7712732984214,48.1501886151361,143.396895272391,165.508628845215,166.775432374742,116.654882722742,156.303271702358,106.279409373465,138.946847489737,75.5333048502604,144.883930206299,30.0262549095884,147.800759117883,134.791500091553,35.1391544194999,64.072167036192,67.5878166288534,69.2578363403197,0,85.1215760479803,34.9665531666499,54.721987176466,72.8155185936496,24.6306009211924,32.9909908215816,13.9271876540667,86.8134079445647,130.234411966384,108.289444868701,21.3780152239572,116.332748413086,115.586544910109,71.085328785985,0,101.377443642452,98.6467281129004,69.6248656994588,194.585723876953,0,234.119125366211,165.604711679312,185.891451154436,166.779106140137,182.026733398438,118.958087970684,0,98.5561208310335,184.44528503418,0,119.261371612549,131.328864602482,106.025784670073,111.089386749268,0,126.491583506266,73.4448178349709,105.929002103486,112.725203552246,81.0127237554182,102.752929556443,105.631882450622,163.665110778809,192.570400238037,168.719033377511,109.785115966797,0,183.24826558431,134.604422631202
62.1672293482919,121.841918749687,80.1629284534555,61.4277813793364,16.8035553178329,130.557748894942,81.4841790958327,27.860002526581,91.4368528805191,52.9096302296703,31.9429748689457,156.961667073568,49.9276676545787,170.232877980108,75.07563265655,78.8314858486778,36.9640097099351,117.420535174736,163.152796936035,147.046832235236,30.2508984264666,25.8619331266931,62.5251250919165,50.7354130600848,16.2628836170549,147.911752065023,124.955006774238,86.8134079445647,11.1406556020461,76.3040446335256,41.3282261931951,171.567115783691,134.748010706019,63.4723889930828,79.1429297404204,200.091674804688,167.286773681641,143.141374588013,80.6576951960082,61.2582240097339,238.335479736328,158.905092557271,135.665383991442,164.69676384559,89.4110924243927,152.920394099407,219.399261474609,146.651104450226,0,163.982988993327,188.940284729004,133.229689461844,225.946128845215,185.839981079102,202.628982543945,142.070764212773,136.685276426118,114.085485458374,137.270530814555,58.3894370860781,210.634826660156,198.275075276693,158.621089332982,133.609416022089,154.832088593514,134.426301435991,0,0,137.507973304162,153.186358704859
13.516724120686,127.013713130244,102.335077861184,79.4238210704229,90.6292208286754,26.7194953530522,30.0987820569809,61.2574734195402,22.9064288705274,71.8228708323128,86.6653979380304,84.9871920296558,92.8610792219269,115.341926107601,15.9276769602004,48.7722038500237,104.987045465514,97.9007861138799,126.59197195645,122.404235469388,99.1221206665039,63.2977410102075,91.0461322978392,81.158087190837,70.0236579370932,142.822528614717,125.346305406672,130.234411966384,76.3040446335256,9.20169054680631,26.5050054268297,131.295325059157,12.9457420415186,15.2341639097564,44.0020006068171,183.106163024902,171.836756388346,179.222888183594,109.848705749512,160.081302370344,0,171.183488845825,139.472363686075,172.57233027408,110.011435627937,170.209719379132,218.172332763672,163.323867797852,0,189.229391915458,0,122.900739034017,213.738566080729,165.821792602539,220.474411010742,147.08464050293,148.562408447266,165.222305297852,160.593774523054,135.380012547858,178.117263793945,188.888699531555,201.061867453835,156.095967555392,174.53071975708,161.014443969727,0,0,164.940147399902,178.082617623465
30.6747124554889,109.338296217077,77.78604002325,65.1768634881431,73.0911409589979,113.746181488037,109.895667378495,18.7372281747133,81.5787566523803,57.9566943379233,74.209412433207,115.581322337306,86.8759536743164,156.493030059032,53.6606299167462,86.367610168457,69.315314738511,78.0056369449969,127.797929763794,103.483661575751,0,26.7945411645339,58.4271924532004,50.8218338570641,61.3578604499,134.31555112203,114.927305754623,108.289444868701,41.3282261931951,26.5050054268297,13.3713730966519,158.13553860313,118.568484624227,37.7916426961486,37.0283290030397,113.175857543945,101.345794677734,160.513050752528,121.435648812188,142.063673655192,0,162.809829711914,131.066879272461,150.251848856608,76.3716135892001,153.785214143641,0,107.205215454102,176.563873291016,158.719011942546,0,111.768980327405,178.501132202148,186.724384307861,0,136.68042755127,137.305114322238,85.8959884643555,149.701341901507,97.5082371880026,0,177.692363484701,164.099768265434,124.632883583627,145.478517012163,129.295261383057,0,0,138.68993250529,170.070655822754
175.13582611084,66.3230571918659,88.7836989760399,61.9840887661638,0,0,207.76220703125,171.72374259101,197.321331317608,148.280406951904,184.179161071777,33.1975088675503,223.54557800293,13.4549604956287,187.754679870605,0,160.670837402344,96.7495460510254,53.9903726643833,68.9656059916426,0,151.77843952179,120.648262516145,133.054806584897,172.584097726004,44.6687898055927,28.5049059902391,21.3780152239572,171.567115783691,131.295325059157,158.13553860313,7.46258587713558,104.815055847168,155.503707885742,82.5577088667883,0,109.349123636882,156.313995361328,81.8187719072614,0,0,0,0,0,159.040344238281,0,112.556255722046,0,84.6414865700595,169.953796386719,0,216.472640991211,163.92142868042,107.371858596802,128.352373758952,0,212.328826904297,132.675155639648,0,0,74.4391787602351,101.877747512445,107.799227278362,233.73844909668,0,191.278274536133,105.18324264215,0,0,143.359939575195
76.2453817220835,0,150.207855224609,133.968481699626,147.52604675293,10.4462443656711,14.504781314863,129.589822387695,17.1047210473056,122.475874059341,122.026659297943,55.2004883289337,115.749340481228,110.21675491333,10.8159605359421,34.538490191373,0,191.487415858677,93.7167358398438,138.129833221436,0,147.10668182373,145.41246287028,137.689448038737,132.436881171332,0,182.223955790202,116.332748413086,134.748010706019,12.9457420415186,118.568484624227,104.815055847168,5.43199232444202,177.408149719238,38.124219247273,0,0,0,176.607696533203,221.524230957031,0,219.488616943359,221.569030761719,222.770324707031,0,225.879341125488,0,0,0,244.894088745117,0,0,0,0,0,0,0,0,0,181.787658691406,0,0,0,193.021999359131,0,0,0,0,0,201.316711425781
66.2168518196453,116.631429195404,104.309680938721,66.5979890652046,70.2987638201032,0,94.1067289812812,62.7089677411456,74.9379849915111,60.1213951461617,78.9844535290355,109.773872218181,84.8246042588178,146.635663812811,30.6570963528591,82.7285435994466,69.3590079307556,81.428143119812,120.448099263509,105.964225769043,91.4348420037164,53.2146012645501,68.2483917713165,65.9204635659202,61.547163232011,133.022983551025,125.500433709011,115.586544910109,63.4723889930828,15.2341639097564,37.7916426961486,155.503707885742,177.408149719238,7.29552948438345,34.9062081949603,132.17706044515,134.367197672526,138.824066162109,94.8443952287946,135.101981026786,206.366516113281,156.269594464983,130.398231104801,162.4144969267,104.705228881836,158.425492136102,0,131.331844329834,218.880874633789,168.237713283963,0,109.247356414795,157.080718994141,0,0,0,126.597938537598,151.485549926758,175.246017456055,112.671367140377,170.127746582031,168.616302490234,179.945798238118,137.968633057641,155.848976135254,146.450170898438,0,0,129.290908813477,152.136795043945
103.859858613856,59.9401873335781,64.608301046418,70.2424984852608,86.5816449765806,35.8532470491197,50.8585690336024,88.2062145514237,50.0175531092197,77.3598371493589,86.5830789309282,33.2626746098949,98.1153904896862,57.4188634430621,49.4782937229329,42.3046627044678,85.5885457010364,33.301358519058,60.9908381123336,39.2080156037538,94.2240081787109,44.964963054309,69.5218005189511,45.3439741452465,79.6582983239109,66.454722541909,64.2371156097501,71.085328785985,79.1429297404204,44.0020006068171,37.0283290030397,82.5577088667883,38.124219247273,34.9062081949603,10.5523481261825,165.564769744873,104.002287387848,111.719012110686,79.4037711733863,142.351404571533,0,175.405958175659,153.815993354434,176.458120866255,120.375885703347,174.905493164063,155.437916225857,135.306594848633,127.710073682997,202.782289632161,147.668426513672,131.776491800944,129.150702647674,129.671404520671,125.076533472815,160.756507873535,131.436950683594,92.306892981896,124.870240529378,140.097190638951,120.745617294312,119.625073088697,126.475202620297,154.263643733791,181.939797295464,176.18489074707,133.495964050293,0,177.933880615234,151.263310496012
0,0,199.375381469727,92.5097274780273,0,0,0,169.48713684082,200.031204223633,0,187.029376983643,0,0,0,0,0,163.109268188477,185.918060302734,0,206.941253662109,0,0,96.1865119934082,159.41584777832,142.223595937093,0,174.518814086914,0,200.091674804688,183.106163024902,113.175857543945,0,0,132.17706044515,165.564769744873,13.5483701948214,131.703601989746,120.632036522974,116.541720670812,87.3613243103027,68.8553009033203,98.7669973827544,31.4044017867001,53.0699969279615,80.0096324471866,73.7335969924927,129.402895576076,87.9015922546387,181.001495361328,11.0383094893922,95.0194339752197,84.6754692479184,108.982270504947,146.109099033901,126.897735179554,91.8620365687779,80.4749868669008,85.3160003213321,98.2526478571847,83.6920476640974,155.221092224121,131.734371784755,132.945700558749,83.0413910438274,16.4855651904773,27.4568720234907,162.999290466309,91.3630752563477,26.152991655577,73.601887908822
0,38.8693073674252,79.4651625061035,92.7249374389648,154.653121948242,0,203.586364746094,160.196258544922,179.851867675781,87.96402658735,159.022903442383,115.100247955322,131.108032226562,89.8447032727693,177.46907043457,0,0,84.3529153121145,120.031423568726,106.734814453125,0,150.45290629069,69.6069845835368,90.6047630310059,136.959007263184,68.3166227340698,81.7088508009911,101.377443642452,167.286773681641,171.836756388346,101.345794677734,109.349123636882,0,134.367197672526,104.002287387848,131.703601989746,6.14588152015432,40.7399683735133,14.9180913084919,0,0,162.837580362956,122.132027382074,144.462766520182,59.6103219484028,139.749658372667,84.9525351524353,103.234525680542,55.6899099918391,141.540201540346,113.732175827026,66.4083447921567,57.5008161864504,77.8362870087495,57.7339265239131,0,94.0367126464844,28.1621325250888,68.8299003816118,84.3008507476456,21.1324264255051,41.4708273945509,35.2949371447561,131.567344216739,133.203260149275,113.273458753313,70.5777191629215,0,106.222402954102,63.636912574545
177.842829386393,77.5801700901341,88.2813773879735,55.5971824867385,0,0,170.999684651693,145.850855020376,190.455053710938,121.409354527791,162.009920756022,156.580300331116,179.54866027832,153.570308685303,178.522167205811,0,108.231869917649,112.325942352935,139.335317993164,137.594426962046,0,148.458250779372,60.5409102468096,104.315857352791,151.557010650635,126.868663787842,106.831136683414,98.6467281129004,143.141374588013,179.222888183594,160.513050752528,156.313995361328,0,138.824066162109,111.719012110686,120.632036522974,40.7399683735133,12.3784488590764,40.7313054578337,135.723832266671,166.898162841797,136.873308976491,92.7086823345485,127.036467043033,104.677140701649,113.37332732042,94.7007351187067,192.18643951416,92.4909842871373,120.222975147714,122.029337310791,79.3930128945245,43.0931171107269,89.876253880492,75.1832963136526,103.655937194824,73.9988807026344,48.2648549605389,29.5574653107616,96.1598750027743,89.3361315954299,28.8486959008028,31.9422696524938,95.9584137584595,136.79789903099,97.8910695191856,90.7969591617584,146.753697713216,115.677678307822,71.6709125652896
141.648143344455,60.3458167711894,51.7649397137521,27.1275421651204,76.7202130126953,0,119.953327525746,95.8220495408581,105.178943634033,35.2285136761873,93.3821659603634,77.8818197250366,61.7315686543783,89.6307127210829,131.370182461209,99.7614212036133,132.35191822052,69.8626314579755,71.9740563851816,69.0595210984696,89.0834045410156,113.950510660807,72.5689857800802,95.9908404994655,53.6606435129198,38.2208499908447,60.1210372195379,69.6248656994588,80.6576951960082,109.848705749512,121.435648812188,81.8187719072614,176.607696533203,94.8443952287946,79.4037711733863,116.541720670812,14.9180913084919,40.7313054578337,17.2064435756014,68.4280415296555,135.405227661133,88.5443010041208,83.1789187816595,94.5939100507706,16.1094118557312,80.5458442827338,90.0092207799192,74.4713789866521,86.4264251208696,112.942133711131,81.1014565361871,82.1577886568083,59.5226842280797,77.8668533227383,60.9774912252595,58.9880310297012,96.4102231706892,40.6659989916045,71.3551412501412,33.1848836041155,57.1769763742174,43.7993675047005,44.325467768362,66.0444663256946,110.209094197041,104.351121387784,91.9605022006565,156.349431991577,88.8297776614918,67.210434514826
143.230865478516,159.683822631836,0,77.580992380778,17.989840715905,0,162.340882521409,134.236063639323,166.235896486225,95.1523341303286,67.2657705060806,0,65.7543711942785,0,173.926345062256,150.958862304688,178.129180908203,0,0,0,23.0788138864378,0,131.361890520368,0,108.51933422795,0,245.203796386719,194.585723876953,61.2582240097339,160.081302370344,142.063673655192,0,221.524230957031,135.101981026786,142.351404571533,87.3613243103027,0,135.723832266671,68.4280415296555,9.98403019273073,150.468765258789,53.3267368624465,64.1723937534151,98.6780160447242,50.0985818256606,20.0685079116793,155.244979858398,23.5111304827959,187.484375,101.484610838049,70.4295282717104,0,163.144049072266,0,170.77799987793,13.8482045193345,141.973866780599,0,122.144543734464,18.3602465777792,0,157.770355224609,156.782561302185,18.4150430465619,99.9550366237246,124.242076873779,0,161.260955810547,88.746225797213,95.2141528496375
