9.27220596313052,101.309454345703,89.8660155705043,73.6169162378079,92.4242992401123,96.7483215332031,74.4821546554565,34.8510975720796,38.9475237879166,67.167974114418,66.5248974338174,113.654140178974,90.5173479715983,0,15.0915875097329,50.7901398051869,105.501918792725,97.9340193975539,133.095924377441,127.846453094482,95.6774305863814,66.9786626163282,76.4749282201131,82.7130867075697,82.9903385764674,145.825546264648,114.57522004816,119.959008342815,74.9302206002607,15.5205366237202,27.5623932165912,150.384796142578,68.3954075899991,50.1698421478271,70.9341151298733,0,0,0,84.1095422108968,0,0,133.34592628479,130.006387149586,184.411158243815,83.4615275065104,177.095315551758,0,125.088447570801,0,165.22619934082,0,114.585601806641,244.457260131836,0,0,139.69758605957,132.611618041992,83.7808693779839,0,118.881292419434,0,0,0,131.443950653076,143.999464416504,149.596789550781,0,0,136.213821411133,0
101.309454345703,6.92713118177656,37.8808534145355,19.2056769723744,116.803024291992,0,180.682182312012,127.90879535675,154.630630493164,70.8641608950966,139.583152770996,65.3487254477836,91.0256271362305,45.7115290491812,129.090933227539,101.022425515311,74.022302199747,50.1271670835989,76.5553313746597,58.2707897186279,0,91.2818403805003,27.2651740772077,63.763526467716,84.5581408798173,27.9766381209302,48.588710334203,34.6874968178083,97.3131705390082,123.196165902274,98.6450889850485,69.7127851940337,0,97.375119527181,61.5497022271156,213.389892578125,160.736953735352,98.3700167338053,85.5934856959752,160.457763671875,0,187.153137207031,133.837127685547,0,101.615272521973,155.77709197998,70.5879516601562,0,90.3627014160156,0,0,0,114.41205406189,0,102.534912109375,0,0,0,0,127.334256490072,80.1472630500793,116.373753070831,107.203096490157,157.997080485026,243.063934326172,151.282775878906,135.134796142578,0,0,178.154403686523
89.8660155705043,37.8808534145355,11.3020633394508,39.7826786428539,129.658547973633,0,129.489446152088,101.170720597201,117.226391735108,112.836046346029,118.866575962707,82.7912875021658,148.84694035848,89.8790593147278,108.353872930724,126.874586317274,87.8298534287347,41.7693415625261,82.0624901209122,60.4695701137666,134.273347707895,64.0260871781045,52.3387001467423,29.77827907885,102.501553804446,81.7665996551514,31.9486115231748,36.1915619070249,87.4562582953928,98.430375441699,79.7908621680117,85.7646190442537,145.856327056885,94.7692718505859,59.3317049787792,176.756896972656,75.158812713623,89.3610501623457,53.8423419034934,0,0,185.869888305664,156.412047068278,193.847351074219,170.529937744141,170.434349060059,0,168.013488769531,0,170.648254394531,0,114.627687072754,99.9928037066792,0,106.435846601214,199.016967773438,159.273808288574,93.5098684098985,104.498239405015,139.731446584066,0,92.0252556540749,89.3770100194165,176.592071533203,151.546325683594,147.917533874512,0,0,135.347839355469,108.825477600098
73.6169162378079,19.2056769723744,39.7826786428539,15.5947245604555,88.5010805130005,141.933975219727,89.0952191296746,66.4029787659411,86.5303948105884,18.6487177866368,90.2744928008144,79.0964562552316,108.976412993211,47.4988488008457,85.7829373043009,70.5499526262283,35.8508181072767,53.6006172548412,74.6359263828823,57.7993356210214,109.901242755708,77.4079777285349,28.270856924372,53.2646292312678,38.9182850083703,33.0574048566454,45.7076115608215,41.1176456590223,55.9445564725455,77.0427134367041,63.9632609685262,68.8733835017428,111.780536106655,61.4663819302334,63.9927533138089,71.9374160766602,14.5522489547729,73.5171555605802,13.7277133599513,78.9572486877441,0,109.141166687012,83.9201469421387,125.772268121893,6.0913015515716,141.176169077555,0,108.208168029785,68.7049774169922,88.7368993759155,0,44.9810703350947,66.1315964592828,0,121.766788482666,0,124.117253621419,11.9979107941843,57.9345740477244,58.364899520874,62.7593818240695,79.1252509525844,76.4883227955211,81.1633319365673,106.415121078491,87.7374126065162,110.396944681803,0,78.4433975219727,108.70174407959
92.4242992401123,116.803024291992,129.658547973633,88.5010805130005,10.9223674853288,0,55.7322806801115,70.0210969948474,95.8747253656387,30.4619180170139,25.3690902851038,159.618633270264,30.206841408193,168.234191894531,104.223720520966,67.4774919439245,0,144.137082417806,182.312713623047,0,13.7889912500419,117.263493855794,86.1452808380127,125.958653259277,19.1909667235538,0,154.501193237305,114.135147897821,17.3468011277897,100.812160293777,99.0768064611098,183.21216583252,142.541900634766,79.3138697697566,100.073557853699,144.583862304688,0,229.179931640625,89.0306304051326,16.9609333107524,0,144.791934473374,124.248505115509,174.577646164667,73.3402822157916,145.680703806323,0,124.785667346074,0,156.776033673968,132.828936258952,130.328693389893,0,0,0,22.3882462648044,116.424430847168,126.263427734375,120.22339630127,106.725741412593,0,0,213.102005004883,135.453020413717,175.001451619466,153.96794128418,0,0,0,157.822784423828
96.7483215332031,0,0,141.933975219727,0,6.70540439003614,9.42272214384441,116.291643415179,27.706899260843,53.7931098937988,110.058023071289,57.4699230194092,107.197436014811,65.3933792114258,38.1665607734963,12.0181417610674,0,0,0,0,112.717895507812,82.3839874267578,90.5121536254883,0,104.190208435059,0,140.232322692871,82.3246078491211,0,24.4205506790516,0,0,13.7605575152573,0,32.8079300793734,0,0,0,0,0,0,0,0,0,0,0,0,0,0,0,0,0,0,0,0,0,0,0,0,0,0,0,0,199.007827758789,0,0,0,0,0,0
74.4821546554565,180.682182312012,129.489446152088,89.0952191296746,55.7322806801115,9.42272214384441,10.7983171570196,60.9463241272649,18.6433746280701,78.9492569890516,31.1813745259782,78.0119075126388,22.7777137474901,93.1610624525282,38.6594696325414,11.8585634838729,168.465385437012,154.175280616397,132.833872477214,136.501235961914,39.1401396539231,106.4082869901,115.694742431641,123.997154760361,80.5309809240183,99.5483932495117,151.710099745427,152.25056552887,74.1406205374057,40.2993112511105,100.908481915792,153.683071136475,13.6165300099473,91.6011543273926,84.7136944475944,162.710699462891,0,233.998916625977,104.283396223901,110.642544062451,0,159.032835540771,141.980065130418,184.26846888808,114.694257524278,163.974688785832,0,133.543101072311,0,180.898961580717,195.987861633301,164.934951782227,0,0,0,152.080821487139,198.216873168945,149.227838516235,194.610455322266,132.143309724097,155.580017089844,165.005271911621,178.876991271973,146.194345526357,171.885769042969,163.376045675839,148.377838134766,0,167.418986002604,180.232208251953
34.8510975720796,127.90879535675,101.170720597201,66.4029787659411,70.0210969948474,116.291643415179,60.9463241272649,12.1480156745836,57.0610038925199,61.4191182139163,19.062890087681,144.586845397949,75.5468589750111,161.575941259211,47.6105095084518,73.8054947853088,120.661232910156,125.759645157501,165.950964355469,143.661590887576,92.1195906415398,67.1151742214923,91.9785990160565,85.4191839198107,65.3044155176876,167.737670898438,124.446621272562,114.360172554299,36.6835700901551,61.3908567725383,21.5054021547871,166.502979024251,115.208155573631,64.2849444785017,85.2525845249003,155.175225830078,0,167.329756164551,79.9999731162499,132.350693523884,0,142.837552566528,124.455335554383,158.390095418294,86.9252857753209,145.309715464964,0,131.605721028646,0,160.946423457219,149.687606811523,130.322147022594,172.540227254232,0,0,127.321120035081,150.890411376953,97.6090898513794,153.28868821088,112.946510960506,0,215.821090698242,166.90817676891,130.411806908351,149.061528041445,141.188655217489,0,204.367599487305,138.05691389604,144.112161489633
38.9475237879166,154.630630493164,117.226391735108,86.5303948105884,95.8747253656387,27.706899260843,18.6433746280701,57.0610038925199,10.6027936136816,84.3874214916694,42.1768424673004,91.5847768919163,74.0678125291545,102.805431122475,17.4034812607929,29.145375379251,125.095542907715,126.599264698644,144.259222525137,146.391933804467,78.1851751047288,94.6170761637883,97.387939453125,106.65386525449,93.5766468827666,117.204012552897,140.114336128201,142.580534900938,90.0594907883009,34.4571599717387,70.6470748460386,161.953714671888,19.6609382140315,93.8247547538913,88.0055171897352,166.611377716064,158.895263671875,190.0920753479,96.2799833478971,126.702315289041,0,165.873789813067,147.763280537923,180.07691722446,107.76395395067,171.860452356473,0,146.737342071533,0,182.089767948274,194.028564453125,140.388107299805,0,0,196.851043701172,166.597190856934,156.115755948153,127.508856273833,179.089307512556,135.282425180133,0,203.176567077637,187.217685699463,147.414229037615,167.329243977865,160.061210493608,0,0,150.933587294358,161.783451625279
67.167974114418,70.8641608950966,112.836046346029,18.6487177866368,30.4619180170139,53.7931098937988,78.9492569890516,61.4191182139163,84.3874214916694,8.03387103621099,76.4923026178924,142.74517364502,10.0300830420177,121.329566807901,86.1281176028044,15.9155873315432,56.4428850809733,126.653063128071,138.233898162842,154.91845703125,40.2350617564699,105.335390472412,28.9563552218409,110.576623414692,19.9506090208689,108.792878546682,122.671361811021,112.121773390475,51.6837278837253,81.1235610565113,61.9547836331354,135.429159052232,127.512927246094,64.9249273173014,90.8945726093493,179.758117675781,0,135.465972900391,67.5041986662766,91.9698796029818,0,112.145488194057,98.8972189015356,133.030733585358,40.8542257717678,107.18608364306,0,85.5286936078753,0,138.571802775065,56.2522945404053,95.7652435302734,0,0,0,90.3822180430094,111.586776733398,77.9518486826043,0,63.6858761929675,167.90397644043,147.79411315918,165.507916768392,105.546041434152,141.610542297363,104.14052327474,0,0,101.670967102051,130.306997680664
66.5248974338174,139.583152770996,118.866575962707,90.2744928008144,25.3690902851038,110.058023071289,31.1813745259782,19.062890087681,42.1768424673004,76.4923026178924,12.6666199596264,149.125010664745,28.5050844414331,160.49408576602,53.7584391647085,77.9560079423208,132.205406188965,141.968511928212,162.066772460938,169.455153465271,19.5315081138854,87.9986657125908,116.185996500651,107.632262476559,70.5801377003218,143.003723144531,143.463182993949,131.8986528621,31.8674055321215,87.266406150952,68.1070635363072,179.267056391789,117.492954196352,86.154055575107,92.9853897655711,154.669637044271,0,194.006042480469,101.413631739579,51.5397967666912,0,156.477325866272,138.290775258054,176.535735244051,91.7830668962919,159.725063512355,0,141.920798377653,0,179.276079954924,146.715591430664,162.260894775391,247.703308105469,0,232.479370117188,71.0853594784435,171.909475326538,139.360276320885,191.321067810059,122.360597747994,0,0,181.077522277832,146.962126049937,167.396417129871,172.943400912815,0,208.212417602539,164.493490045721,168.683743125514
113.654140178974,65.3487254477836,82.7912875021658,79.0964562552316,159.618633270264,57.4699230194092,78.0119075126388,144.586845397949,91.5847768919163,142.74517364502,149.125010664745,12.2603915490296,121.81095967974,23.2928892385793,83.2372604521695,103.039884567261,120.557813262939,42.6030273974026,24.232663859364,25.1809667307009,123.0271581014,107.03396783224,97.8597541385227,84.0604838839444,155.322492200275,32.8305239465187,34.1024125814438,61.6417662359271,144.435567533053,49.3245553183522,126.970891906554,34.0904351482554,55.3074743353802,97.1465252291772,25.6160297063397,207.702514648438,0,141.11971282959,120.658887227376,0,0,201.263458251953,180.932266235352,0,156.530952453613,192.764450073242,94.6631927490234,178.301055908203,84.7188731922823,0,0,0,129.40315246582,91.6226053237915,103.935493469238,0,179.314147949219,137.059539794922,151.233459472656,198.39572652181,72.8063611117276,104.059342520578,96.6018777574812,216.784395853678,0,208.636734008789,103.208723885672,0,0,0
90.5173479715983,91.0256271362305,148.84694035848,108.976412993211,30.206841408193,107.197436014811,22.7777137474901,75.5468589750111,74.0678125291545,10.0300830420177,28.5050844414331,121.81095967974,11.4544013312136,154.870174407959,87.9555965921153,12.7411787831653,0,180.418467203776,0,0,16.498040171342,133.193302699498,60.400218963623,160.605373382568,14.9097897162077,129.537284851074,161.825437719172,148.826109452681,56.6564225158588,90.4900423489329,129.83943939209,161.947006225586,103.97806817835,99.6283130645752,87.7125193716466,0,0,194.681488037109,112.921320597331,48.189496644338,0,125.649205023782,137.079956935002,156.283963238751,73.645870753697,86.2451851822948,0,14.5910821759441,0,149.734297532302,160.85883585612,0,0,0,0,54.8597034999302,0,140.997259521484,0,111.304901561518,0,0,0,142.377352955577,154.402761760511,0,0,117.406021118164,193.710678100586,0
0,45.7115290491812,89.8790593147278,47.4988488008457,168.234191894531,65.3933792114258,93.1610624525282,161.575941259211,102.805431122475,121.329566807901,160.49408576602,23.2928892385793,154.870174407959,8.79117923687784,97.2829184438668,159.409805297852,137.404489244734,79.6903424317809,52.1519015759838,61.4650658295218,136.959892272949,130.071576527187,81.814048741743,119.758034944534,134.872269161164,15.5048178225249,28.0819321718909,35.2399054459272,154.161304292225,62.846738992493,145.988593592788,15.7387875614318,67.7599175771077,130.588067626953,52.1983206871292,0,96.3829956054688,0,103.954551696777,0,0,0,0,0,151.048080444336,0,78.7758212842439,0,58.4633915151349,0,0,0,0,84.3386217753092,112.283592224121,213.675140380859,0,0,0,172.764785766602,54.6434701488864,86.8260716169308,77.5382970236792,206.088775634766,0,205.337783813477,82.379145026207,0,0,145.727897644043
15.0915875097329,129.090933227539,108.353872930724,85.7829373043009,104.223720520966,38.1665607734963,38.6594696325414,47.6105095084518,17.4034812607929,86.1281176028044,53.7584391647085,83.2372604521695,87.9555965921153,97.2829184438668,10.6732201885843,51.6684312358979,115.96194712321,114.25244605104,133.812420184796,138.61731240184,87.5372020832543,85.8156560064684,93.6093870639801,94.9530840660994,94.1416957679836,121.056453704834,132.984873348371,137.426586742132,90.8932606623723,22.0547926232475,41.6236357468164,167.096426963806,12.9878029236143,66.3636411700332,76.7822525420012,163.82332611084,208.094223022461,170.589959716797,96.9510831755351,132.967681483219,0,176.201205662319,149.900755856015,186.173040970512,96.0109598636627,185.542353662951,0,167.92599995931,0,179.351542597232,162.035705566406,142.175804138184,198.662643432617,0,209.855651855469,166.218948364258,150.740604400635,102.063465998723,184.62261505127,142.475996809396,0,197.01003519694,192.636201858521,146.868172053763,163.790233025184,152.861772766113,0,0,159.168969290597,160.552887471517
50.7901398051869,101.022425515311,126.874586317274,70.5499526262283,67.4774919439245,12.0181417610674,11.8585634838729,73.8054947853088,29.145375379251,15.9155873315432,77.9560079423208,103.039884567261,12.7411787831653,159.409805297852,51.6684312358979,7.2687822692611,72.8915596008301,155.368753051758,171.536895751953,0,63.4814066494212,81.4083595275879,73.097657703218,101.500248718262,45.3398884509472,136.58821105957,144.101822989328,136.055619557699,79.3272268329552,51.7084344360564,62.6521824107451,166.839950561523,27.6397083125897,84.5519472757975,85.1660667419434,0,0,0,103.525504218207,80.0155588785807,0,190.277770996094,145.958702087402,189.45092010498,66.4451026916504,190.297332763672,0,123.697044372559,0,166.536148071289,0,0,0,0,0,195.862289428711,151.091171264648,77.3191299438477,184.797790527344,99.756773630778,0,0,210.794372558594,137.977778116862,0,0,0,0,0,0
105.501918792725,74.022302199747,87.8298534287347,35.8508181072767,0,0,168.465385437012,120.661232910156,125.095542907715,56.4428850809733,132.205406188965,120.557813262939,0,137.404489244734,115.96194712321,72.8915596008301,14.5809713556953,107.930514368518,177.975364685059,138.414472307478,0,21.4840858480336,31.7208892118541,19.6430053883368,37.5227858183627,115.466340382894,109.925611890596,36.679280709338,41.6010873645197,104.177223478045,77.1118091481977,130.535386657715,0,72.3352903886275,76.770716921243,126.935836791992,0,94.7230588401236,66.6659061030338,0,0,149.947883605957,143.771186828613,148.60823059082,54.1985390981038,179.373054504395,0,0,0,157.859161376953,0,31.4397108675102,142.975006103516,0,174.299301147461,0,103.447399590779,53.906454069686,93.919150047509,81.7454676377146,0,163.595990498861,98.2599345684052,115.628663253784,125.223844909668,103.344028282166,0,0,104.809936523438,112.092414855957
97.9340193975539,50.1271670835989,41.7693415625261,53.6006172548412,144.137082417806,0,154.175280616397,125.759645157501,126.599264698644,126.653063128071,141.968511928212,42.6030273974026,180.418467203776,79.6903424317809,114.25244605104,155.368753051758,107.930514368518,9.4980491849139,47.3055995484919,19.0840765575638,189.472712198893,56.9040129406454,83.9125961097511,22.6904624063081,126.310920278231,63.9661555454649,39.6221503854824,61.9555348729784,117.369863575902,96.6656311414846,75.1890151758775,81.4331824051706,184.619323730469,79.4451727337307,30.2524060046123,0,0,107.370641188188,73.2999264045998,0,0,0,0,0,0,0,123.915100097656,0,110.795501708984,0,0,118.1953125,118.042024785822,131.082092285156,120.483245849609,218.123718261719,169.243860880534,110.486775716146,152.768613179525,174.77988243103,92.9015757242839,102.751073353326,105.955997739519,195.147267659505,241.118103027344,137.294784545898,122.697052001953,0,0,110.143135070801
133.095924377441,76.5553313746597,82.0624901209122,74.6359263828823,182.312713623047,0,132.833872477214,165.950964355469,144.259222525137,138.233898162842,162.066772460938,24.232663859364,0,52.1519015759838,133.812420184796,171.536895751953,177.975364685059,47.3055995484919,9.30415407727559,11.4027171565156,0,109.206145501906,101.806113560994,95.8134691753085,165.872467041016,48.0178557321535,30.582651436055,63.6823294018161,158.632295880999,85.5689335012794,119.362809961492,53.6990647615442,78.6691284179688,104.996610641479,60.2281907648378,0,0,203.310272216797,0,0,0,0,0,0,0,0,108.957158406576,0,83.1550187004937,0,0,0,140.597869873047,106.553943089076,107.366779327393,0,0,0,0,196.246231079102,67.2102226844201,99.3569515452665,92.2807739844689,226.821846008301,0,201.907516479492,96.0812199910482,0,0,0
127.846453094482,58.2707897186279,60.4695701137666,57.7993356210214,0,0,136.501235961914,143.661590887576,146.391933804467,154.91845703125,169.455153465271,25.1809667307009,0,61.4650658295218,138.61731240184,0,138.414472307478,19.0840765575638,11.4027171565156,7.81813670207774,0,96.1186481888886,110.32575674618,69.3317109723935,161.529858907064,42.651172289641,23.6286257717968,64.0421052224764,140.669994452061,113.826936623485,107.97009250337,60.6732153439655,110.293780008952,99.9354019165039,40.9633456841725,193.095657348633,0,0,85.3891999380929,0,0,0,0,0,0,0,186.203155517578,0,85.9427795410156,0,0,128.165252685547,129.682540893555,99.3487564086914,105.232173374721,0,189.556182861328,134.053699493408,151.194931030273,212.211837768555,63.5756486256917,99.5862187870213,91.1810955334735,183.608026123047,0,0,144.002624511719,0,0,0
95.6774305863814,0,134.273347707895,109.901242755708,13.7889912500419,112.717895507812,39.1401396539231,92.1195906415398,78.1851751047288,40.2350617564699,19.5315081138854,123.0271581014,16.498040171342,136.959892272949,87.5372020832543,63.4814066494212,0,189.472712198893,0,0,10.6120213111228,125.147699144151,102.518730163574,132.367356618245,16.5999890056967,0,184.709244339554,157.848324457804,31.9665501081541,87.0593703683131,121.336085232821,141.706649780273,111.13809046252,101.48149226262,79.5956375798568,147.673988342285,0,202.964050292969,102.463191604614,22.335259094677,0,145.446576952934,130.743832588196,163.213443049678,92.8889434120872,147.954224487305,0,91.9136900901794,0,177.456893920898,0,167.370193481445,0,0,0,79.4726855732776,0,134.373738606771,0,110.608342764015,0,221.405181884766,187.252906799316,133.294767366423,154.134847640991,0,0,184.282272338867,124.863319396973,195.46940612793
66.9786626163282,91.2818403805003,64.0260871781045,77.4079777285349,117.263493855794,82.3839874267578,106.4082869901,67.1151742214923,94.6170761637883,105.335390472412,87.9986657125908,107.03396783224,133.193302699498,130.071576527187,85.8156560064684,81.4083595275879,21.4840858480336,56.9040129406454,109.206145501906,96.1186481888886,125.147699144151,12.6919699412357,51.6390822767425,32.5019146916039,54.1962627807221,129.129148483276,92.0977525752778,77.7154746468612,25.7092557946078,62.8802934615712,27.2847841931258,130.92752456665,113.329696655273,40.8737213981728,43.2861225800891,130.245442708333,0,117.693954467773,69.476932364774,113.459106445312,0,180.375415039062,137.050150553385,168.981201171875,53.9437711715698,175.076863606771,0,145.338226318359,0,169.281594848633,0,64.0750505859787,138.155258178711,0,0,0,109.211885144634,63.0540196709778,110.243184800582,108.381669264573,0,155.919749668666,127.183435637375,113.577551570252,117.770802815755,112.242911257986,0,0,104.91417388916,128.247943878174
76.4749282201131,27.2651740772077,52.3387001467423,28.270856924372,86.1452808380127,90.5121536254883,115.694742431641,91.9785990160565,97.387939453125,28.9563552218409,116.185996500651,97.8597541385227,60.400218963623,81.814048741743,93.6093870639801,73.097657703218,31.7208892118541,83.9125961097511,101.806113560994,110.32575674618,102.518730163574,51.6390822767425,9.17623284554858,48.3318115715391,34.464785681527,66.7180408936381,92.6918632740877,43.7090405778642,51.5217457183939,78.3903453213045,62.6354256018907,104.747121592037,117.24333190918,56.770665074738,64.6418254775489,0,0,70.8950568489406,49.9115100900332,125.524368286133,0,134.42135365804,134.492575073242,181.775248209635,8.26009745302454,133.822357177734,0,96.3615875244141,79.1046981811523,184.503326416016,0,47.3686907222505,117.896293640137,0,0,125.68380355835,71.8036041259766,10.352534015231,61.115432809467,89.8484723567963,102.702892303467,152.112576802572,76.4266822249801,118.042785099575,163.282529830933,89.0488901138306,0,0,0,112.454246520996
82.7130867075697,63.763526467716,29.77827907885,53.2646292312678,125.958653259277,0,123.997154760361,85.4191839198107,106.65386525449,110.576623414692,107.632262476559,84.0604838839444,160.605373382568,119.758034944534,94.9530840660994,101.500248718262,19.6430053883368,22.6904624063081,95.8134691753085,69.3317109723935,132.367356618245,32.5019146916039,48.3318115715391,15.647068877288,68.7218065913751,104.698576927185,67.1910386264636,47.6536011835459,56.4031656058499,86.3941693723013,56.6223478725017,113.168326467838,142.19750213623,69.5305087176236,46.0094547645959,156.778821672712,119.091616312663,95.5312965612843,74.9592035675049,143.494600931803,202.031692504883,171.902313232422,152.137854632209,178.067326863607,84.5188318888346,221.756523132324,158.461166381836,0,177.199996948242,170.434719085693,0,39.7077894738193,110.859033823013,0,137.979502360026,0,117.005226004837,64.7317900959918,104.411587975799,108.018033052102,152.932464599609,116.801315816243,96.3546534594367,136.91828983388,161.815065171984,128.535075539037,0,0,224.93473815918,129.941843818216
82.9903385764674,84.5581408798173,102.501553804446,38.9182850083703,19.1909667235538,104.190208435059,80.5309809240183,65.3044155176876,93.5766468827666,19.9506090208689,70.5801377003218,155.322492200275,14.9097897162077,134.872269161164,94.1416957679836,45.3398884509472,37.5227858183627,126.310920278231,165.872467041016,161.529858907064,16.5999890056967,54.1962627807221,34.464785681527,68.7218065913751,11.3187893553592,117.607025884813,128.429392448843,88.5504110908062,19.1613976808812,84.9511971926167,74.0548196172714,154.690264553494,129.678679616828,71.0506623980994,89.9298466852469,129.646801503499,123.281455993652,150.437005996704,60.1232082160203,104.248099982406,0,121.318554260055,109.041716261914,146.324742612283,58.5388916455782,122.092324677461,0,101.240802718932,0,145.16922727886,150.101084391276,80.4435588143089,184.057703653971,0,172.291046142578,101.046102234206,115.642056726526,64.9029658425681,128.741684125817,78.2496258005209,217.050506591797,179.248664008247,158.995599445544,110.247751389911,129.230195560366,122.617204556799,0,179.451583862305,114.830793027525,122.686764035906
145.825546264648,27.9766381209302,81.7665996551514,33.0574048566454,0,0,99.5483932495117,167.737670898438,117.204012552897,108.792878546682,143.003723144531,32.8305239465187,129.537284851074,15.5048178225249,121.056453704834,136.58821105957,115.466340382894,63.9661555454649,48.0178557321535,42.651172289641,0,129.129148483276,66.7180408936381,104.698576927185,117.607025884813,8.68397220544678,40.9902879854454,28.4887755717451,129.753671434191,62.8173062642415,126.714113871257,48.9974249730127,56.2112731933594,0,55.8652864132287,0,0,112.666053771973,85.3384830474854,0,0,0,0,0,0,0,56.5584545135498,0,49.710323617265,0,0,125.638786315918,113.624122619629,82.3517951965332,0,0,0,93.6675796508789,0,192.425684611003,36.7486750284831,64.9315814456424,57.5163021924203,0,0,0,64.3948049130647,0,0,0
114.57522004816,48.588710334203,31.9486115231748,45.7076115608215,154.501193237305,140.232322692871,151.710099745427,124.446621272562,140.114336128201,122.671361811021,143.463182993949,34.1024125814438,161.825437719172,28.0819321718909,132.984873348371,144.101822989328,109.925611890596,39.6221503854824,30.582651436055,23.6286257717968,184.709244339554,92.0977525752778,92.6918632740877,67.1910386264636,128.429392448843,40.9902879854454,13.9697166122548,34.6943207331612,120.957983671008,118.391249727588,109.035218216635,21.7693849073586,130.140167236328,109.93674498338,54.2120384047476,0,90.1470034672664,94.1385469709124,74.3388550587189,202.973979949951,0,192.258972167969,200.20397731236,219.487724304199,128.659455871582,230.552307128906,98.9721022896145,0,81.3826503529268,186.435997009277,0,110.513595581055,105.804565654081,95.165937093099,99.1704876708984,0,191.156761169434,144.186024314479,174.086741856166,186.291879272461,62.5888866740427,90.4040881438905,85.5309018463074,196.131225585938,239.490931193034,178.565999348958,94.1239310673305,0,0,101.652738298689
119.959008342815,34.6874968178083,36.1915619070249,41.1176456590223,114.135147897821,82.3246078491211,152.25056552887,114.360172554299,142.580534900938,112.121773390475,131.8986528621,61.6417662359271,148.826109452681,35.2399054459272,137.426586742132,136.055619557699,36.679280709338,61.9555348729784,63.6823294018161,64.0421052224764,157.848324457804,77.7154746468612,43.7090405778642,47.6536011835459,88.5504110908062,28.4887755717451,34.6943207331612,17.3211425368947,78.6425903677429,119.079545186571,105.256318561589,34.8902670170336,116.545573643276,110.486876695052,66.0108637004299,129.114318847656,100.286673704783,91.3488784000791,57.9972920920153,141.096973419189,0,186.678867340088,159.124815877279,169.28362601144,98.2539541071112,187.25042288644,106.721576517278,203.187921142578,87.2649079299555,168.124567368451,0,90.4630420569218,107.013588738196,98.4680629457746,105.317376504733,178.168117523193,138.713557924543,75.208704040164,102.275811450582,124.639172617594,64.4328497217057,96.3900532867272,89.6736746626377,149.476789855957,171.633055686951,142.71767616272,101.370913357205,0,165.999794006348,118.715422494071
74.9302206002607,97.3131705390082,87.4562582953928,55.9445564725455,17.3468011277897,0,74.1406205374057,36.6835700901551,90.0594907883009,51.6837278837253,31.8674055321215,144.435567533053,56.6564225158588,154.161304292225,90.8932606623723,79.3272268329552,41.6010873645197,117.369863575902,158.632295880999,140.669994452061,31.9665501081541,25.7092557946078,51.5217457183939,56.4031656058499,19.1613976808812,129.753671434191,120.957983671008,78.6425903677429,11.8604562710151,80.3977063050592,44.4332672008074,161.353807785932,132.280198233468,63.622228140842,67.7753894284714,135.551744757758,152.66423034668,147.103231392655,68.0097497629767,59.6093096874329,155.619415283203,140.940784787871,120.50080226089,156.052963761259,71.4785394941057,142.705938599038,0,131.577122963081,0,155.568547035331,144.630422592163,83.4055150006268,170.174780951606,0,178.00276184082,117.914007938151,113.274303724501,68.5732265202406,132.325626458062,90.6448224258755,0,190.452419704861,154.763705586278,121.931649735308,138.34642880662,121.277663927688,0,198.858551025391,122.184567451477,132.153084064352
15.5205366237202,123.196165902274,98.430375441699,77.0427134367041,100.812160293777,24.4205506790516,40.2993112511105,61.3908567725383,34.4571599717387,81.1235610565113,87.266406150952,49.3245553183522,90.4900423489329,62.846738992493,22.0547926232475,51.7084344360564,104.177223478045,96.6656311414846,85.5689335012794,113.826936623485,87.0593703683131,62.8802934615712,78.3903453213045,86.3941693723013,84.9511971926167,62.8173062642415,118.391249727588,119.079545186571,80.3977063050592,11.3262335548648,29.1493269726108,109.407566631542,12.8249759890604,16.6149632262299,34.4768905690748,152.011532465617,0,186.45352045695,86.1987095273774,137.883630990982,0,168.478050951688,144.288594339408,178.941128349304,90.7087160168272,169.592012999488,0,164.739412943522,120.515853881836,175.478213119507,175.887822469076,124.626603933481,209.086067199707,0,129.929016113281,162.361217922635,127.028788146973,86.1232206523418,155.602890559605,129.996049067771,142.288949966431,163.891705104283,163.082815806071,144.615272268957,159.838362693787,140.74880084285,0,0,133.21303319931,148.593273586697
27.5623932165912,98.6450889850485,79.7908621680117,63.9632609685262,99.0768064611098,0,100.908481915792,21.5054021547871,70.6470748460386,61.9547836331354,68.1070635363072,126.970891906554,129.83943939209,145.988593592788,41.6236357468164,62.6521824107451,77.1118091481977,75.1890151758775,119.362809961492,107.97009250337,121.336085232821,27.2847841931258,62.6354256018907,56.6223478725017,74.0548196172714,126.714113871257,109.035218216635,105.256318561589,44.4332672008074,29.1493269726108,10.2536245401682,145.613010743085,101.714422353109,33.0610320230229,38.1941244760315,140.540376027425,0,140.77190988714,72.8828500302252,173.361923217773,0,153.990854899089,130.380365172429,162.300690827546,70.7007556605983,165.852135022481,0,162.568450927734,0,152.173055921282,0,103.613905944824,160.472885131836,0,168.880218505859,159.536987304688,119.658852564145,70.8442546673675,130.991229163276,113.726611060818,0,179.542948404948,157.591255187988,122.504056686872,134.3377463477,124.368829646581,0,0,128.657421112061,133.006361181086
150.384796142578,69.7127851940337,85.7646190442537,68.8733835017428,183.21216583252,0,153.683071136475,166.502979024251,161.953714671888,135.429159052232,179.267056391789,34.0904351482554,161.947006225586,15.7387875614318,167.096426963806,166.839950561523,130.535386657715,81.4331824051706,53.6990647615442,60.6732153439655,141.706649780273,130.92752456665,104.747121592037,113.168326467838,154.690264553494,48.9974249730127,21.7693849073586,34.8902670170336,161.353807785932,109.407566631542,145.613010743085,8.72073631126745,86.2969207763672,116.306747436523,73.6672715558692,0,133.335754394531,164.934112548828,118.675230662028,0,0,0,0,0,168.051834106445,0,95.4607950846354,0,84.865534282866,0,0,0,179.382675170898,98.9602549626277,106.577797783746,0,0,0,0,213.392166137695,72.0636655171712,100.251427565949,92.738513448964,0,230.089935302734,0,101.545571009318,0,0,0
68.3954075899991,0,145.856327056885,111.780536106655,142.541900634766,13.7605575152573,13.6165300099473,115.208155573631,19.6609382140315,127.512927246094,117.492954196352,55.3074743353802,103.97806817835,67.7599175771077,12.9878029236143,27.6397083125897,0,184.619323730469,78.6691284179688,110.293780008952,111.13809046252,113.329696655273,117.24333190918,142.19750213623,129.678679616828,56.2112731933594,130.140167236328,116.545573643276,132.280198233468,12.8249759890604,101.714422353109,86.2969207763672,5.37836140714564,143.833923339844,36.8206139344435,0,0,0,125.538854980469,142.398681640625,0,204.637542724609,183.560047149658,0,0,207.889099121094,0,0,0,232.874908447266,0,190.867034912109,0,0,0,0,0,0,0,177.937967300415,0,0,0,189.225917469371,230.314437866211,210.272964477539,0,0,0,0
50.1698421478271,97.375119527181,94.7692718505859,61.4663819302334,79.3138697697566,0,91.6011543273926,64.2849444785017,93.8247547538913,64.9249273173014,86.154055575107,97.1465252291772,99.6283130645752,130.588067626953,66.3636411700332,84.5519472757975,72.3352903886275,79.4451727337307,104.996610641479,99.9354019165039,101.48149226262,40.8737213981728,56.770665074738,69.5305087176236,71.0506623980994,0,109.93674498338,110.486876695052,63.622228140842,16.6149632262299,33.0610320230229,116.306747436523,143.833923339844,8.71904189279073,20.7202784877331,145.699508666992,0,145.176292419434,68.7573362920702,155.778096516927,0,161.28748626709,121.912437175882,174.718506813049,65.822909116745,148.220838373358,0,111.906219482422,0,150.338220214844,0,62.8051872253418,156.416458129883,0,0,168.701566060384,111.934357779367,64.9265382828251,153.215740203857,111.75438619543,0,146.51481628418,174.239456176758,130.248446044922,144.082273006439,124.061065936911,0,0,136.336715698242,113.743270874023
70.9341151298733,61.5497022271156,59.3317049787792,63.9927533138089,100.073557853699,32.8079300793734,84.7136944475944,85.2525845249003,88.0055171897352,90.8945726093493,92.9853897655711,25.6160297063397,87.7125193716466,52.1983206871292,76.7822525420012,85.1660667419434,76.770716921243,30.2524060046123,60.2281907648378,40.9633456841725,79.5956375798568,43.2861225800891,64.6418254775489,46.0094547645959,89.9298466852469,55.8652864132287,54.2120384047476,66.0108637004299,67.7753894284714,34.4768905690748,38.1941244760315,73.6672715558692,36.8206139344435,20.7202784877331,10.9790803149929,157.43454284668,101.049427032471,100.591867234972,78.2255236067862,105.719841003418,0,160.00600869315,139.152514563666,175.186108398438,86.9941249423557,161.861540222168,126.06852722168,125.405075073242,125.145408630371,179.11408996582,0,92.7469016483852,122.757629394531,106.409202575684,110.078287124634,172.062891642253,110.620371704102,73.902888361613,113.562623500824,117.977945130447,87.1878110445463,113.240032098232,108.95260404699,132.91584180065,149.110609436035,131.24555022141,125.61363474528,0,134.118730545044,139.768775939941
0,213.389892578125,176.756896972656,71.9374160766602,144.583862304688,0,162.710699462891,155.175225830078,166.611377716064,179.758117675781,154.669637044271,207.702514648438,0,0,163.82332611084,0,126.935836791992,0,0,193.095657348633,147.673988342285,130.245442708333,0,156.778821672712,129.646801503499,0,0,129.114318847656,135.551744757758,152.011532465617,140.540376027425,0,0,145.699508666992,157.43454284668,12.8248873241877,118.892295837402,103.736477482573,65.6876885917749,89.5067575073242,102.572100321452,83.7075305113921,27.364462714435,45.3669863109347,70.4511086000215,65.4476387849116,134.867996889002,90.0976004600525,139.009044871611,19.0043940646531,160.720306396484,93.9844403948103,103.398072568175,137.052943638393,116.132778394544,82.6065699555153,85.2455128314448,77.9086114081784,92.045343783792,77.2621133266351,166.032897949219,118.606816347127,121.697094212173,81.4228126246755,18.9044426041988,28.0907486587332,142.893905639648,91.294851620992,37.7633335406964,73.3938364794874
0,160.736953735352,75.158812713623,14.5522489547729,0,0,0,0,158.895263671875,0,0,0,0,96.3829956054688,208.094223022461,0,0,0,0,0,0,0,0,119.091616312663,123.281455993652,0,90.1470034672664,100.286673704783,152.66423034668,0,0,133.335754394531,0,0,101.049427032471,118.892295837402,6.17750223562812,37.8718534993846,9.69777013954363,122.463488260905,0,150.041118621826,114.664729990858,145.022269710418,70.6330966393924,130.129321289062,67.9837908889308,0,49.9461964920386,139.836553573608,102.415672302246,41.7666634095682,51.0474209877321,78.5012016296387,53.7579955565624,0,94.3832120393452,18.8363747969989,64.315418863871,74.8256167884634,13.8001071866446,43.5693199753672,25.920350516736,101.950333459037,117.602434430804,102.631338827951,63.9681654710036,0,98.1802062988281,56.5785328774225
0,98.3700167338053,89.3610501623457,73.5171555605802,229.179931640625,0,233.998916625977,167.329756164551,190.0920753479,135.465972900391,194.006042480469,141.11971282959,194.681488037109,0,170.589959716797,0,94.7230588401236,107.370641188188,203.310272216797,0,202.964050292969,117.693954467773,70.8950568489406,95.5312965612843,150.437005996704,112.666053771973,94.1385469709124,91.3488784000791,147.103231392655,186.45352045695,140.77190988714,164.934112548828,0,145.176292419434,100.591867234972,103.736477482573,37.8718534993846,13.1844636360095,37.688043896856,160.00671450297,144.018646240234,119.027507671847,93.1595615273741,119.682063045765,87.9982648577009,114.101434510798,89.4779498001625,162.573408427991,81.2931327071844,113.758229452958,145.349028693305,61.7512872708554,48.4214353818243,88.5795893418161,66.2737334721052,150.174234830416,66.9473887179023,46.8727681137795,34.8459494034493,98.432146681116,61.6569769723075,31.8870524842956,32.6696823904664,83.3810725437446,118.956690999486,88.9583188796955,83.4646747935902,168.005731435922,96.2858596075149,65.4318306658345
84.1095422108968,85.5934856959752,53.8423419034934,13.7277133599513,89.0306304051326,0,104.283396223901,79.9999731162499,96.2799833478971,67.5041986662766,101.413631739579,120.658887227376,112.921320597331,103.954551696777,96.9510831755351,103.525504218207,66.6659061030338,73.2999264045998,0,85.3891999380929,102.463191604614,69.476932364774,49.9115100900332,74.9592035675049,60.1232082160203,85.3384830474854,74.3388550587189,57.9972920920153,68.0097497629767,86.1987095273774,72.8828500302252,118.675230662028,125.538854980469,68.7573362920702,78.2255236067862,65.6876885917749,9.69777013954363,37.688043896856,9.32320498115138,71.7953930607548,119.88237508138,81.356648349762,57.1278442683034,89.6530577862849,22.1093509223292,87.4238029385205,85.0473458933276,80.3523146201824,41.6518604072036,88.4312164729428,59.9649504025777,58.4358190453571,49.34769543814,77.8690749897676,54.0415847799721,73.4186008998326,72.3446245135683,36.7297062146795,61.9499209832937,32.7783783331089,15.5886772518755,40.4162104128938,34.7636922654565,53.1759974295799,70.413389767487,59.8396924903247,72.4097077846527,131.584753036499,61.0826085408529,59.5218112017657
0,160.457763671875,0,78.9572486877441,16.9609333107524,0,110.642544062451,132.350693523884,126.702315289041,91.9698796029818,51.5397967666912,0,48.189496644338,0,132.967681483219,80.0155588785807,0,0,0,0,22.335259094677,113.459106445312,125.524368286133,143.494600931803,104.248099982406,0,202.973979949951,141.096973419189,59.6093096874329,137.883630990982,173.361923217773,0,142.398681640625,155.778096516927,105.719841003418,89.5067575073242,122.463488260905,160.00671450297,71.7953930607548,10.1414950199525,0,56.0683757043043,61.5489805210272,106.719780930528,71.733729914615,30.5249283760647,161.252944946289,27.594357610704,0,103.911471609976,98.6261052732115,77.8404235839844,182.957702636719,0,178.748967488607,15.3509144810827,0,76.9340054194133,141.791694641113,20.0292786351244,0,174.139739990234,143.697437013899,23.392377148758,96.795809175946,124.244804382324,0,170.158096313477,85.3271124703544,89.201639855045
0,0,0,0,0,0,0,0,0,0,0,0,0,0,0,0,0,0,0,0,0,0,0,202.031692504883,0,0,0,0,155.619415283203,0,0,0,0,0,0,102.572100321452,0,144.018646240234,119.88237508138,0,7.42609081012433,11.5885300013814,105.031131744385,27.249836771881,0,109.191368103027,40.9660129547119,76.828577041626,0,41.2560239571791,14.3341978446326,0,179.915985107422,0,190.586624145508,91.3150583902995,0,0,100.614934285482,143.639709472656,0,0,96.9504814147949,98.8646926879883,36.0061410665512,100.32946395874,0,12.4587216915461,0,29.057332447597
