10.241262270571,113.760232925415,92.0562249812113,76.7540477752686,80.7721392313639,83.6209564208984,44.7369208759105,31.5996441889472,17.5884792496202,81.4829379717509,51.5768232645951,127.042642419988,72.3410131281072,152.719024658203,11.3271975830414,55.6771365574428,119.115371704102,93.1290420321276,136.97141011556,123.874900189568,70.0650823492753,67.2568850530195,84.6746956961496,85.9461730412074,78.0890772872501,0,108.526711421226,120.290771803931,72.158150592357,11.5856641794157,23.2663169324351,153.139907836914,72.7222115652902,45.8401770311243,72.5736418546632,0,0,0,95.3941558202108,154.486038208008,0,142.884267171224,137.552638244629,166.132131403143,82.4235668182373,148.538491143121,0,0,0,165.265435791016,0,0,0,0,0,0,108.689140319824,92.3027687072754,0,114.802966669986,0,0,160.673416137695,134.492224241558,157.297260284424,133.301516215007,0,0,0,134.98819732666
113.760232925415,8.24703675344681,40.0128584230268,21.2962725349897,0,93.7969207763672,159.669034957886,120.604965209961,132.396416664124,68.0320098723341,170.265024820964,61.9818911211831,117.690031051636,46.2468875642214,129.766176663912,99.821174621582,66.106201171875,54.4395665805718,83.5387466975621,59.6039084196091,0,88.7179321712918,23.812313348641,55.7624992858198,78.6814363479614,24.2671102401311,47.6865250642447,31.7258244253737,100.699307941255,101.191935947963,97.8489403357873,61.0755870489427,0,100.234234619141,64.6084076540314,0,5.81477135082461,78.079719543457,14.1913863480091,0,0,170.344299316406,154.859331766764,0,74.443238735199,143.577487182617,107.031917572021,176.571701049805,86.3055191040039,0,0,72.9362518310547,88.5712020874023,0,95.8814121882121,0,105.206985473633,30.1957024335861,73.6595802307129,112.036552429199,7.78909512127147,98.9262601918188,84.306948462198,143.707234896146,175.500022888184,0,141.875129699707,0,0,139.544192314148
92.0562249812113,40.0128584230268,11.4987231838034,41.5224346697678,115.48120880127,0,129.702753610322,97.8607542101308,117.985428344521,99.4664780238889,115.537039154312,78.0285597984944,125.915803697374,82.6613612319484,107.128400131896,114.732471466064,78.0812450832791,45.4108903329688,92.9978689378308,67.8738263193038,139.481085883247,63.5465247070396,60.5208659774956,28.3980199292696,93.4646075776108,76.4984957377116,26.9386714597388,33.0700860153085,88.3597701473422,101.100236849548,78.2964381700681,87.7478893280029,180.345169067383,99.1798845374066,58.6552814946181,169.956197102865,75.0363578796387,89.9294036545679,53.0046223989537,166.647216796875,0,197.899810791016,161.346866183811,184.134635925293,194.231521606445,201.907543945313,124.960752868652,0,139.679509480794,187.746072387695,0,125.508422851562,100.670677425354,0,108.131975510541,0,140.153265816825,71.7023518880208,109.959615663041,150.332405090332,0,95.7254960107022,93.1605697631836,165.48184803554,174.817942810059,149.889485976275,153.023910522461,0,158.315185546875,109.84540423225
76.7540477752686,21.2962725349897,41.5224346697678,20.8677819902354,63.0685103567023,151.333053588867,93.2089791297913,67.5847294007466,84.7210595208979,14.6846486518258,86.9241320292155,63.5095969382963,85.3636505490258,44.6755987607122,83.5991222883883,80.5080926077706,44.9560455760889,54.6851401589996,63.7713622068747,53.215622831274,98.948146126487,52.7309237779778,23.6147030592878,52.2517694021339,39.2151663794906,22.4527664177898,46.087933848541,38.636072661648,52.0659382663803,70.4639216128582,56.60006074722,65.782309935265,137.196027755737,50.436829997272,63.0954599281152,103.057714144389,5.83125465088996,58.0982193745358,12.3558810290306,116.446040344238,0,117.347637176514,84.1518652779715,131.66645695613,21.6601956367493,103.981072925386,82.6433387756348,71.2404861450195,66.1403896107393,102.008171590169,0,56.428870010376,74.9117539723714,80.2807092666626,89.3096273916739,105.491116841634,64.3668760182906,35.2887193799019,65.5509516398112,57.591808005555,7.77518086297171,72.6348686218262,70.1060997692507,80.5645838905783,91.8807337143842,69.8222238813128,122.138871874128,0,70.463737487793,90.9372736612956
80.7721392313639,0,115.48120880127,63.0685103567023,9.29937865491842,0,69.4115545450435,58.6476454377174,92.5275329288683,47.0745956526496,20.8071575785435,169.520762125651,19.8532524689165,0,95.7414845143716,70.4058688128436,0,134.507183074951,0,154.991485595703,12.087954758642,95.9060759110884,101.49275080363,115.08081593233,20.6687913000584,0,152.200596056486,123.700951385498,15.6170115628517,87.5790694952011,74.9622099740165,179.340301513672,120.781593322754,76.6051401055377,88.6184492978183,127.667307535807,154.61855061849,184.437850952148,74.8136310047574,9.36220467681352,0,140.31221020808,128.755151089755,168.063999624813,83.6376537322998,67.8185383649099,0,24.002370061477,0,169.178014482771,0,154.42008972168,0,0,0,14.7249767201902,129.133438110352,143.530415534973,177.019561767578,103.352577821973,197.037719726562,0,172.171800885882,122.316807956769,162.345791156475,151.256703694661,0,0,129.579238891602,142.900952657064
83.6209564208984,93.7969207763672,0,151.333053588867,0,8.23533259627183,10.6694744205529,105.931245591905,22.2977719855134,91.1882133483887,111.890662299262,59.4821959043804,83.5506547292074,66.297216114245,40.2803013100809,13.4082282628277,0,176.651123046875,82.3759422302246,94.543212890625,109.574754333496,101.296203613281,74.8617172241211,76.2147064208984,114.322580973307,0,115.988634381975,118.745700836182,110.776944841657,22.9602211500917,106.979463577271,0,9.85826449186868,0,29.9274190105969,0,0,0,128.370536804199,0,0,205.291870117188,198.882034301758,0,0,227.310943603516,0,0,0,0,0,0,0,0,146.362564086914,0,0,0,0,0,0,0,0,187.468864440918,198.748985290527,0,0,0,0,0
44.7369208759105,159.669034957886,129.702753610322,93.2089791297913,69.4115545450435,10.6694744205529,9.15782370583583,55.0360506944318,18.0101183853792,80.9953385031684,30.7215719143996,65.0146019074975,29.0642335289484,85.8166201535393,36.0651696902689,9.01860521945089,151.178451538086,134.690670623779,123.205063197924,162.026023501442,48.5718210619267,101.756157882125,119.078200658162,124.072512048664,83.7480546728357,119.042393366496,145.679387660385,147.758003416516,72.5708936293495,32.1269025784124,80.6902440638324,180.56776545598,17.4030689904499,81.4253681945801,53.0712776599674,176.388480292426,0,219.779968261719,102.377051871164,139.932649383545,212.932846069336,161.635211520725,147.242744910199,176.921868357939,108.117711117393,158.908003268035,0,114.899286710299,0,179.788306741153,145.840148925781,150.620712280273,0,0,0,147.002489725749,169.735656738281,140.332739693778,176.721667480469,128.547699561486,0,0,194.464241027832,146.687989629029,173.655078342983,173.449458122253,0,0,163.239966498481,162.47234308152
31.5996441889472,120.604965209961,97.8607542101308,67.5847294007466,58.6476454377174,105.931245591905,55.0360506944318,10.2934931988714,42.0560236226826,60.3402145992626,16.7455471342446,144.708015316822,48.2767071319839,159.068914794922,35.4283846639876,74.2778194600886,94.5898258067943,113.369245806607,146.2369140625,137.833690370832,45.1507824221524,60.4466513507953,85.6580586820035,87.7420302356114,59.1436020573826,138.38404083252,119.110795764984,115.187884376163,34.4447900784598,54.2670744343015,18.8053735777721,163.737865447998,110.793432123521,60.1782331703479,80.9087390257533,154.478447505406,139.294738769531,156.457437955416,77.6802287575425,140.772466786702,203.100311279297,145.964871105847,123.195909974203,154.350281406456,88.2485198974609,142.465477774484,0,138.151647714468,181.772033691406,158.838158102597,133.088249206543,112.772101084391,187.790318806966,0,182.217163085938,131.341772659965,138.783638545445,112.116079542372,163.052809495192,107.510056198165,0,189.247052510579,169.517088528337,123.972366676253,143.659456839928,142.21731095087,0,189.192815144857,127.85437435574,147.548556630204
17.5884792496202,132.396416664124,117.985428344521,84.7210595208979,92.5275329288683,22.2977719855134,18.0101183853792,42.0560236226826,11.495221830383,87.0370654838886,38.1356502436531,81.9661135431808,64.2240258320495,85.3129599501447,14.0902522848874,32.1016341343261,132.558392116002,125.71690053304,135.852028239857,147.020151410784,68.9988576839787,95.2215886514537,100.182874679565,114.077103160677,90.7085263406908,95.4153928756714,137.099627161203,144.704287976774,86.700686189099,25.2923725690768,63.5765790980946,169.421315644917,15.3748993017909,80.8204740423905,73.0489804118411,165.147146927683,0,175.85479482015,102.750725030899,150.619454520089,0,170.897138617012,149.135406668527,179.905897112035,112.804425274884,166.828863902759,246.658508300781,167.488592965262,220.623840332031,178.554246764252,182.257659912109,153.908509572347,226.607604980469,0,206.424087524414,155.79693391588,184.287405395508,146.548085530599,180.569921875,131.863148012372,198.823623657227,191.814121246338,202.021934509277,146.876942454773,168.202890732709,156.333260553533,0,0,155.886250178019,170.238549625172
81.4829379717509,68.0320098723341,99.4664780238889,14.6846486518258,47.0745956526496,91.1882133483887,80.9953385031684,60.3402145992626,87.0370654838886,7.97824935147104,72.3220201941098,129.726173112977,16.1681126022339,121.037281072028,85.0138673493356,22.6097511923859,81.3508446103051,119.434559967558,168.024714878627,128.193175179618,57.2065464884964,84.2461615730734,26.6043610522263,108.752884745598,19.8947934993688,102.56102518556,115.491611607027,102.4481343903,50.1149874178962,72.4400417077915,59.2608284917671,136.596321799538,121.550933837891,63.1898652118185,83.4387280782064,134.478870391846,0,167.420486450195,36.7829485545083,102.712085050695,0,117.139835156892,92.4149052706632,134.925081976529,14.5295581887238,115.485418097917,190.488616943359,144.059886932373,143.269523620605,131.496698379517,0,103.732503255208,0,0,199.778686523438,97.8962446359488,112.248936971029,60.5161279950823,136.792472839355,72.9752279723563,0,193.205688476562,161.798878261021,96.3790019250685,121.491939676219,92.8139332362584,0,0,93.0224208831787,111.849461723776
51.5768232645951,170.265024820964,115.537039154312,86.9241320292155,20.8071575785435,111.890662299262,30.7215719143996,16.7455471342446,38.1356502436531,72.3220201941098,10.1342017480063,143.303840463812,28.0868664800126,161.4967515128,52.4059944069389,80.717800643709,109.204520089286,129.315930966978,154.964825948079,149.751433454241,17.293735909313,88.1576584114516,97.4217243852287,109.349101590283,67.5273591815848,165.696217854818,136.095204709563,135.426979687749,30.3034992082508,79.1166461529506,48.8052071030291,169.687503212377,116.634873641165,76.4661588640355,87.1996702393297,170.891981942313,182.717643737793,171.231500244141,95.5499928792318,28.6500179417531,0,157.042061674381,138.387562787091,173.2984136766,106.108780924479,154.465370439057,242.600479125977,131.124215386131,0,177.716688028971,170.268112182617,145.95539855957,197.974517822266,0,203.342254638672,38.4076705163266,153.496556599935,145.459801483154,170.013437906901,120.104295582884,205.72492980957,199.814141845703,183.554890950521,142.405084103444,171.142917789825,168.880895094438,0,0,162.476633707682,175.073765869141
127.042642419988,61.9818911211831,78.0285597984944,63.5095969382963,169.520762125651,59.4821959043804,65.0146019074975,144.708015316822,81.9661135431808,129.726173112977,143.303840463812,15.5845361750394,133.985181172689,30.5808235498619,88.9686244212798,57.6475285616788,118.839762687683,46.4842128876717,25.3344855569632,23.7451926293646,128.569672584534,105.384169793898,88.3803598022461,98.1370817965969,149.28677734375,32.6363376410013,34.7225153014136,66.580815336534,145.816297274917,45.3735014333597,118.815627200787,41.5313156784652,53.035264600407,93.946255387931,30.0728267987717,0,108.654766082764,143.731452941895,105.571656545003,0,0,0,0,208.567825317383,0,212.39533996582,91.9193384507123,0,74.9886252553839,0,0,0,149.93331451416,102.182322502136,115.04470466165,0,0,0,136.792068481445,182.331153869629,75.4488308429718,105.794020313328,106.049838994843,210.08525390625,193.156463623047,0,107.690815226237,0,0,182.537879943848
72.3410131281072,117.690031051636,125.915803697374,85.3636505490258,19.8532524689165,83.5506547292074,29.0642335289484,48.2767071319839,64.2240258320495,16.1681126022339,28.0868664800126,133.985181172689,9.57214178745319,136.052732467651,74.1606005925566,13.2821262556474,0,149.31672668457,169.122295379639,182.499977111816,13.9027601394785,110.199600855509,72.2418628019445,130.608825683594,12.0800533635973,0,141.308836746216,142.371845245361,49.0455428047115,72.0795602173102,81.3649988174438,168.93433380127,84.2837575276693,75.0487442016602,72.2313657134544,128.288604736328,0,243.768768310547,75.5817158508301,68.6183460610253,0,118.857819535011,125.324965794881,158.552733788124,81.7448860168457,104.343381595612,0,10.7801767490294,0,172.375049591064,0,0,0,0,0,24.4258495133098,0,160.422607421875,0,106.093327230337,0,219.330047607422,181.421817779541,133.177884803628,151.190434773763,154.181036631266,0,0,0,149.732404708862
152.719024658203,46.2468875642214,82.6613612319484,44.6755987607122,0,66.297216114245,85.8166201535393,159.068914794922,85.3129599501447,121.037281072028,161.4967515128,30.5808235498619,136.052732467651,10.2415196484056,87.3963461336882,93.4129257202148,119.789600372314,84.7366921561105,54.8941885379981,69.4237094238727,138.16015625,122.5183801651,82.1133289907171,116.663094240076,134.501456636371,19.7191472748717,51.8951349969211,33.4005160784678,156.467001988338,57.6368972343557,146.051542394301,20.882016611912,60.5966739654541,0,55.7600690474334,0,98.2582120028409,132.754806518555,83.8259860447475,0,0,0,190.926681518555,100.134239196777,161.043899536133,0,75.8434298833211,0,62.0613216654931,105.701698303223,0,0,138.12459564209,97.3255131244659,127.968597412109,188.775894165039,189.417602539062,96.2092924851638,154.998443603516,197.667361450195,55.6373647054036,98.1792305566931,96.6399140659767,203.665496826172,77.4628448486328,194.943026733398,92.294253283208,0,0,80.9485664367676
11.3271975830414,129.766176663912,107.128400131896,83.5991222883883,95.7414845143716,40.2803013100809,36.0651696902689,35.4283846639876,14.0902522848874,85.0138673493356,52.4059944069389,88.9686244212798,74.1606005925566,87.3963461336882,8.8282629200178,44.0254520269541,120.530438142664,111.412385360824,133.19571685791,137.43339144473,74.7422956427749,82.2541910273768,98.4023934341058,103.489043178115,90.5488519483261,131.865933736165,126.062831186736,134.539076293387,84.8032484439456,17.7007628002985,34.2088848437737,153.824713897705,13.0383490084809,29.3209647169137,72.7908665925127,167.858572152945,213.800628662109,188.732933044434,96.9991559590379,156.349124908447,0,168.07490523318,146.099303912399,177.798296771472,115.208204432896,168.729925810401,226.245834350586,170.179801940918,0,178.043986680773,170.674987792969,131.439261542426,207.039352416992,0,235.040481567383,130.768007278442,165.242179870605,121.266447067261,161.597562517439,130.338004999863,0,188.936304092407,183.489865816556,142.915755161019,165.716648054712,150.18331849575,0,0,148.67812278054,166.697613623834
55.6771365574428,99.821174621582,114.732471466064,80.5080926077706,70.4058688128436,13.4082282628277,9.01860521945089,74.2778194600886,32.1016341343261,22.6097511923859,80.717800643709,57.6475285616788,13.2821262556474,93.4129257202148,44.0254520269541,7.83232127075697,0,128.190371195475,0,134.706665039062,65.8721752929687,81.9270477294922,71.9340551757813,104.731536865234,40.5627268182439,0,140.743956429618,127.803414916992,76.484804051523,46.2936097658597,76.9493087768555,174.312103271484,32.7263988447778,96.4449295043945,51.8087964057922,0,173.39794921875,0,78.751277923584,0,0,143.922622680664,150.716590881348,172.645278930664,189.498031616211,180.558059692383,0,0,207.552154541016,0,0,137.342391967773,0,0,0,0,0,0,0,117.79209206321,0,0,0,148.417217678494,155.790061950684,136.734786987305,0,0,0,0
119.115371704102,66.106201171875,78.0812450832791,44.9560455760889,0,0,151.178451538086,94.5898258067943,132.558392116002,81.3508446103051,109.204520089286,118.839762687683,0,119.789600372314,120.530438142664,0,13.4571515839917,102.248445732649,0,118.898841222127,135.906936645508,20.0637343596471,30.920398764784,20.7196093781832,33.0493326072349,118.198755900065,101.198307418823,32.6740154300551,33.7086142203342,110.976398976644,78.0230721718924,121.155166625977,0,70.4343719482422,83.7063280811626,134.644855499268,0,99.3434668646918,52.7429628985094,0,0,199.563212076823,136.575556945801,145.21012878418,77.9469451904297,148.164260864258,0,0,0,153.027323404948,0,48.0889319746118,131.590243748256,0,148.56623840332,0,107.809029015311,55.7954242454385,97.872776613607,118.734544233842,0,140.665672302246,97.1366493000704,127.312758661086,146.852872848511,108.20602273941,0,0,110.724864959717,111.553764979045
93.1290420321276,54.4395665805718,45.4108903329688,54.6851401589996,134.507183074951,176.651123046875,134.690670623779,113.369245806607,125.71690053304,119.434559967558,129.315930966978,46.4842128876717,149.31672668457,84.7366921561105,111.412385360824,128.190371195475,102.248445732649,9.98418135071955,47.7302157372236,21.0614292952319,162.491371154785,57.3654043850889,86.2116032389851,21.8861713882904,123.305983391361,80.9531045996625,39.1172697275153,64.3728169209526,116.448896477439,88.6731165234087,72.7766984630061,80.270908240116,195.556823730469,77.2796688356261,34.5013695480482,0,103.216976801554,105.952374814162,68.5905465491024,0,0,196.271774291992,177.58293762207,235.09073638916,184.041450500488,0,139.113389333089,247.49658203125,157.315434773763,200.120956420898,0,108.514355977376,112.97867384411,131.864639282227,114.661395381047,0,150.132909138997,94.687624613444,127.178563435872,158.010777282715,102.133094787598,103.451066377631,107.805699464751,183.869482676188,174.95344543457,166.456517537435,133.20650100708,0,220.531433105469,108.203861236572
136.97141011556,83.5387466975621,92.9978689378308,63.7713622068747,0,82.3759422302246,123.205063197924,146.2369140625,135.852028239857,168.024714878627,154.964825948079,25.3344855569632,169.122295379639,54.8941885379981,133.19571685791,0,0,47.7302157372236,8.75183185366665,15.9716093322279,156.561347961426,111.062901130089,114.163564409528,102.501743149583,175.343841552734,48.1504287719727,28.7717093182381,64.2925152043414,153.068224393404,78.5060355498059,119.103127815354,53.3828144737126,78.8459777832031,106.379251098633,59.503968480632,207.619583129883,117.566864013672,0,126.535373687744,0,0,0,204.380676269531,0,0,0,98.0529187520345,0,93.3398715679462,0,0,0,0,97.6151428222656,115.276858610265,0,0,93.2936553955078,162.638000488281,188.031773885091,73.7377487182617,103.594594368568,100.09700708291,220.377934773763,0,193.959594726562,100.685620065463,0,0,151.173881530762
123.874900189568,59.6039084196091,67.8738263193038,53.215622831274,154.991485595703,94.543212890625,162.026023501442,137.833690370832,147.020151410784,128.193175179618,149.751433454241,23.7451926293646,182.499977111816,69.4237094238727,137.43339144473,134.706665039062,118.898841222127,21.0614292952319,15.9716093322279,9.34676223538246,162.835220336914,96.3739490901851,98.6656478306033,77.6516795358585,145.590105417612,51.8507415266598,26.2076544202235,67.3667247474314,131.855053429465,97.7238741751747,101.298301667834,61.7350562920005,107.400224958147,90.7131370968289,45.3170981489886,165.13313293457,108.978001185826,121.696330070496,81.7281290020859,0,0,0,192.414825439453,225.584381103516,0,0,106.797329989347,0,104.006279440487,195.711334228516,0,170.911849975586,120.078009287516,100.916665245505,108.503289909773,0,0,118.093879699707,147.335746765137,189.425684611003,89.1924326760428,97.5196225812358,98.8275999362283,205.636604309082,175.081527709961,157.277409871419,104.215725560342,0,0,118.467554959384
70.0650823492753,0,139.481085883247,98.948146126487,12.087954758642,109.574754333496,48.5718210619267,45.1507824221524,68.9988576839787,57.2065464884964,17.293735909313,128.569672584534,13.9027601394785,138.16015625,74.7422956427749,65.8721752929687,135.906936645508,162.491371154785,156.561347961426,162.835220336914,8.39595777916069,107.820284675149,98.524792989095,131.337724473741,17.1588241417445,0,162.597616195679,149.404596502131,29.1636898177011,75.7889251365833,91.9896973319676,208.200820922852,111.635370254517,68.6749280293783,74.9058057259822,135.350921630859,0,224.577545166016,75.9981481652511,16.291223818547,0,145.719071639212,119.717139825588,168.113648914156,99.4040329673073,143.563727118752,227.607177734375,17.2286264818984,0,189.218877156576,170.689910888672,112.370193481445,0,0,0,44.7859805604837,0,137.416927337646,231.955825805664,105.871867140134,188.523193359375,228.785766601562,169.186218261719,131.584233980652,151.357616424561,0,0,0,0,171.805767059326
67.2568850530195,88.7179321712918,63.5465247070396,52.7309237779778,95.9060759110884,101.296203613281,101.756157882125,60.4466513507953,95.2215886514537,84.2461615730734,88.1576584114516,105.384169793898,110.199600855509,122.5183801651,82.2541910273768,81.9270477294922,20.0637343596471,57.3654043850889,111.062901130089,96.3739490901851,107.820284675149,12.0237528289532,49.3464482212236,28.2167397426529,28.7330585509663,124.872394561768,84.0130623489953,73.9977886622618,26.9675531854224,60.8274093878638,27.2455182327795,127.419937896729,143.167404174805,19.7565269913269,40.4118548906461,121.283544752333,0,127.722383045015,65.8639996957571,0,0,154.088038126628,125.83216796875,169.331203279041,77.9523569742839,163.642302293044,0,0,0,149.688993566176,0,98.2194194157918,147.1798731486,176.541381835938,190.427494049072,0,109.010035725383,68.7495849546322,115.89641286559,103.663869055632,0,139.080935001373,130.25473467509,111.769054900435,125.911903249806,108.280865058214,189.467185974121,0,121.955726623535,118.74904523577
84.6746956961496,23.812313348641,60.5208659774956,23.6147030592878,101.49275080363,74.8617172241211,119.078200658162,85.6580586820035,100.182874679565,26.6043610522263,97.4217243852287,88.3803598022461,72.2418628019445,82.1133289907171,98.4023934341058,71.9340551757813,30.920398764784,86.2116032389851,114.163564409528,98.6656478306033,98.524792989095,49.3464482212236,8.04571002212993,48.4608424023012,30.3264112454001,68.0179056362415,86.0487005388415,41.3820179697974,51.4774981759535,74.0613625500653,57.1448092093835,99.2494155528934,119.335350036621,62.4947481685215,67.3860652610047,94.6720886230469,56.2315788269043,60.7180975467787,14.0941688197338,116.467951456706,0,138.498888015747,112.766549682617,165.68599319458,56.2685965220133,133.96762975057,157.036987304688,0,115.558869361877,144.123476982117,0,50.8205042056695,96.897836858576,131.409606933594,120.51466293335,117.823619842529,66.2691290564571,11.8225705273502,62.9181438009423,76.3345517052545,69.2241058349609,122.328568352593,56.8005503507761,102.59134988527,137.578846232096,74.5073127746582,156.820617675781,0,87.5598678588867,92.8350126478407
85.9461730412074,55.7624992858198,28.3980199292696,52.2517694021339,115.08081593233,76.2147064208984,124.072512048664,87.7420302356114,114.077103160677,108.752884745598,109.349101590283,98.1370817965969,130.608825683594,116.663094240076,103.489043178115,104.731536865234,20.7196093781832,21.8861713882904,102.501743149583,77.6516795358585,131.337724473741,28.2167397426529,48.4608424023012,16.2494314244941,73.8207614168774,119.813966924494,61.7735419119281,50.3028595970122,63.8228444559253,82.2699430055415,54.0748366073651,115.277096097431,138.752423286438,71.3270791131097,45.4283253527568,149.600437927246,117.195838928223,97.5185421991615,62.5536417192921,109.786865234375,0,174.272590637207,153.077406989204,191.510269165039,103.437740325928,187.020571195162,149.202540588379,197.732849121094,0,178.238743373326,0,35.9331031582175,111.364338080088,157.421203613281,136.73066815463,0,120.221841022886,68.4326208667642,104.711409276075,146.121831893921,191.890045166016,122.877989768982,99.8913847226444,150.099481896509,174.00128698349,130.57158394747,222.426620483398,0,150.645919799805,123.430912780762
78.0890772872501,78.6814363479614,93.4646075776108,39.2151663794906,20.6687913000584,114.322580973307,83.7480546728357,59.1436020573826,90.7085263406908,19.8947934993688,67.5273591815848,149.28677734375,12.0800533635973,134.501456636371,90.5488519483261,40.5627268182439,33.0493326072349,123.305983391361,175.343841552734,145.590105417612,17.1588241417445,28.7330585509663,30.3264112454001,73.8207614168774,10.4891477808595,115.638112581693,122.477750441607,82.2417136164272,17.6459999496633,76.1172732336479,65.1745986383238,155.299376487732,126.544498150165,65.7960440808742,82.168441370499,123.149654473199,130.08911895752,159.88191419329,56.0673776932705,106.523628586573,0,126.439451772113,109.495811406097,142.578295338803,59.4094982708202,121.833023981615,198.752329508464,104.598259718522,180.120182037354,144.712317483467,138.719625473022,96.8669083489312,159.675623893738,237.680999755859,184.055035400391,107.538548624793,116.223650409329,82.3435698864507,133.009544563293,85.6133520842211,204.443511962891,172.112079874674,160.723924001058,106.741322145368,130.734510608341,121.564651439064,216.69248453776,184.034637451172,115.816792455213,124.515978189339
0,24.2671102401311,76.4984957377116,22.4527664177898,0,0,119.042393366496,138.38404083252,95.4153928756714,102.56102518556,165.696217854818,32.6363376410013,0,19.7191472748717,131.865933736165,0,118.198755900065,80.9531045996625,48.1504287719727,51.8507415266598,0,124.872394561768,68.0179056362415,119.813966924494,115.638112581693,7.45456988766341,43.9385156286128,28.9438353304388,145.594292322795,69.5672232309977,104.486175537109,42.4970747202951,0,0,69.6025765482585,0,6.91799381777489,92.4746500651042,15.0396253619574,172.850494384766,0,0,162.047264099121,0,0,0,66.0185241699219,0,57.2938247149504,99.9056091308594,0,0,0,84.4771766662598,89.2423439025879,0,0,83.7682447433472,0,146.886451721191,5.41983977287353,82.6335041339581,81.7725566682361,171.497055053711,0,0,77.8083075009859,0,0,80.7386957804362
108.526711421226,47.6865250642447,26.9386714597388,46.087933848541,152.200596056486,115.988634381975,145.679387660385,119.110795764984,137.099627161203,115.491611607027,136.095204709563,34.7225153014136,141.308836746216,51.8951349969211,126.062831186736,140.743956429618,101.198307418823,39.1172697275153,28.7717093182381,26.2076544202235,162.597616195679,84.0130623489953,86.0487005388415,61.7735419119281,122.477750441607,43.9385156286128,14.4759119726411,46.2034644595837,115.832367647563,102.448951281579,100.367719530248,29.0481730164818,129.787401471819,103.338076178707,59.8030664668849,168.391455078125,99.2016889927751,95.6270677232251,62.8795099445418,0,0,209.587163289388,180.544438081629,200.201833624589,178.681482950846,204.570744105748,95.3577297645927,214.997314453125,86.5821567499299,194.908181997446,0,130.197525872125,105.329365288339,94.5551525344196,98.7467844277734,0,158.83146794637,119.338497797648,140.741102106431,176.528579711914,84.0937991225929,91.1086104993951,92.5881527635258,187.042130103478,192.018335342407,164.636256839918,95.4508727954335,0,138.742176055908,118.073848478256
120.290771803931,31.7258244253737,33.0700860153085,38.636072661648,123.700951385498,118.745700836182,147.758003416516,115.187884376163,144.704287976774,102.4481343903,135.426979687749,66.580815336534,142.371845245361,33.4005160784678,134.539076293387,127.803414916992,32.6740154300551,64.3728169209526,64.2925152043414,67.3667247474314,149.404596502131,73.9977886622618,41.3820179697974,50.3028595970122,82.2417136164272,28.9438353304388,46.2034644595837,16.995053291094,78.8009454430444,108.608002455633,107.720498896543,34.1432828689717,111.256746080187,112.231154406512,69.8995960977748,184.073957443237,100.631631767049,93.8395423257139,53.9315301318501,175.440745035807,0,201.91108586238,163.398938332835,194.93695731785,119.785940987723,191.289326387293,99.7599170539953,167.371810913086,89.7279278160388,184.43987358941,0,88.3636258978593,104.698994628906,100.89216367969,104.922845676967,180.229316711426,137.054489490598,67.4656724376063,100.702074782362,141.122554913689,76.7339179257312,96.2024708786578,95.9128484647136,156.112203663793,186.196633475167,151.89524592524,101.318219314753,0,165.078201293945,121.228562104075
72.158150592357,100.699307941255,88.3597701473422,52.0659382663803,15.6170115628517,110.776944841657,72.5708936293495,34.4447900784598,86.700686189099,50.1149874178962,30.3034992082508,145.816297274917,49.0455428047115,156.467001988338,84.8032484439456,76.484804051523,33.7086142203342,116.448896477439,153.068224393404,131.855053429465,29.1636898177011,26.9675531854224,51.4774981759535,63.8228444559253,17.6459999496633,145.594292322795,115.832367647563,78.8009454430444,11.5407390480175,73.2118706838851,42.6025124929477,152.614522616069,129.59619245858,62.5613191054126,68.2344562569643,137.992265240899,154.082171630859,164.157870112239,69.92051966013,66.6646235740348,0,140.675009967754,118.648978849001,148.890517342724,76.4315679472995,139.736885082154,236.067970275879,127.321863810221,0,150.043573171607,136.613650512695,110.071757507324,177.627282949594,0,196.425970458984,109.720771360976,121.827233267303,98.4041503759531,136.01313952742,102.090743360052,0,195.360376993815,168.779243918026,119.186996971972,138.18148176365,122.290093785567,0,198.471176147461,124.832989465623,133.375342170112
11.5856641794157,101.191935947963,101.100236849548,70.4639216128582,87.5790694952011,22.9602211500917,32.1269025784124,54.2670744343015,25.2923725690768,72.4400417077915,79.1166461529506,45.3735014333597,72.0795602173102,57.6368972343557,17.7007628002985,46.2936097658597,110.976398976644,88.6731165234087,78.5060355498059,97.7238741751747,75.7889251365833,60.8274093878638,74.0613625500653,82.2699430055415,76.1172732336479,69.5672232309977,102.448951281579,108.608002455633,73.2118706838851,8.94829046878366,18.398688393227,97.5854851507371,10.7557477072314,15.0859128244452,28.0528054518763,159.340800892223,233.562042236328,181.769491577148,86.1383515993754,152.987301219593,0,167.962381601334,137.423413533431,171.929808940363,95.9817917194772,162.034179294232,0,141.873504638672,104.515285491943,169.363302230835,210.96159362793,107.073533058167,176.440269470215,0,211.821731567383,160.457059860229,123.459920756022,152.181916809082,148.078395298549,119.196796315961,204.657852172852,178.009530385335,169.443920516968,136.146775255498,155.442565445351,134.690909396397,136.203364562988,0,138.333318074544,153.776383792653
23.2663169324351,97.8489403357873,78.2964381700681,56.60006074722,74.9622099740165,106.979463577271,80.6902440638324,18.8053735777721,63.5765790980946,59.2608284917671,48.8052071030291,118.815627200787,81.3649988174438,146.051542394301,34.2088848437737,76.9493087768555,78.0230721718924,72.7766984630061,119.103127815354,101.298301667834,91.9896973319676,27.2455182327795,57.1448092093835,54.0748366073651,65.1745986383238,104.486175537109,100.367719530248,107.720498896543,42.6025124929477,18.398688393227,9.04178493207695,143.967476173683,114.966548039363,35.9909868755172,37.2616841458978,136.315989774816,0,141.473432064056,70.6543855667114,134.397520065308,0,147.879089556242,122.652546090139,153.408866295448,78.7474945068359,140.438765554717,225.265396118164,0,0,154.95140004158,148.705230712891,106.26699791885,177.885882568359,216.955085754395,158.848125457764,153.501323154994,114.692921447754,67.2890338239999,118.162721169961,105.153300741444,0,166.064618004693,161.858072814941,117.573073191815,136.056986450195,120.863546655533,0,0,118.515418370565,131.290555414164
153.139907836914,61.0755870489427,87.7478893280029,65.782309935265,179.340301513672,0,180.56776545598,163.737865447998,169.421315644917,136.596321799538,169.687503212377,41.5313156784652,168.93433380127,20.882016611912,153.824713897705,174.312103271484,121.155166625977,80.270908240116,53.3828144737126,61.7350562920005,208.200820922852,127.419937896729,99.2494155528934,115.277096097431,155.299376487732,42.4970747202951,29.0481730164818,34.1432828689717,152.614522616069,97.5854851507371,143.967476173683,7.15864394121808,95.3831558227539,153.350219726562,75.824390411377,188.903900146484,103.871539524623,124.933990478516,127.453812493218,0,0,0,0,226.621589660645,165.222511291504,0,95.1561512194182,0,84.5762038003831,208.59489440918,0,195.267837524414,0,100.589283505002,114.912601047092,0,0,150.890914916992,0,0,80.0838789258684,99.9856677015289,100.325574307041,0,209.34651184082,180.266387939453,99.1336062113444,0,0,134.90852355957
72.7222115652902,0,180.345169067383,137.196027755737,120.781593322754,9.85826449186868,17.4030689904499,110.793432123521,15.3748993017909,121.550933837891,116.634873641165,53.035264600407,84.2837575276693,60.5966739654541,13.0383490084809,32.7263988447778,0,195.556823730469,78.8459777832031,107.400224958147,111.635370254517,143.167404174805,119.335350036621,138.752423286438,126.544498150165,0,129.787401471819,111.256746080187,129.59619245858,10.7557477072314,114.966548039363,95.3831558227539,6.08140426108005,48.6664581298828,28.8142842233708,186.542068481445,0,0,141.147407531738,0,0,204.683837890625,178.986549377441,0,0,226.475494384766,0,0,0,0,0,0,0,0,0,208.980865478516,200.351165771484,173.917587280273,0,182.228762817383,0,0,0,181.609515719944,209.338628133138,171.61279296875,0,0,0,182.337051391602
45.8401770311243,100.234234619141,99.1798845374066,50.436829997272,76.6051401055377,0,81.4253681945801,60.1782331703479,80.8204740423905,63.1898652118185,76.4661588640355,93.946255387931,75.0487442016602,0,29.3209647169137,96.4449295043945,70.4343719482422,77.2796688356261,106.379251098633,90.7131370968289,68.6749280293783,19.7565269913269,62.4947481685215,71.3270791131097,65.7960440808742,0,103.338076178707,112.231154406512,62.5613191054126,15.0859128244452,35.9909868755172,153.350219726562,48.6664581298828,7.29176154684357,28.2737592023673,137.790625254313,157.033996582031,168.697303771973,69.6792980981252,149.379734039307,189.131286621094,156.744404262967,133.749338785807,153.005043492173,78.9954027696089,158.167815889631,0,146.275844573975,0,159.209732055664,166.341445922852,99.315486907959,0,0,0,179.86222076416,109.028954965097,89.3344873700823,146.202014923096,108.097501574065,0,147.420450210571,159.614360264369,124.032493591309,140.708681355352,116.28172781808,0,0,115.813412984212,119.798977938565
72.5736418546632,64.6084076540314,58.6552814946181,63.0954599281152,88.6184492978183,29.9274190105969,53.0712776599674,80.9087390257533,73.0489804118411,83.4387280782064,87.1996702393297,30.0728267987717,72.2313657134544,55.7600690474334,72.7908665925127,51.8087964057922,83.7063280811626,34.5013695480482,59.503968480632,45.3170981489886,74.9058057259822,40.4118548906461,67.3860652610047,45.4283253527568,82.168441370499,69.6025765482585,59.8030664668849,69.8995960977748,68.2344562569643,28.0528054518763,37.2616841458978,75.824390411377,28.8142842233708,28.2737592023673,10.1434415421334,160.18190612793,106.079101017543,111.646955373336,73.6409053627504,143.491516113281,0,173.155096200796,138.94897703691,168.467900594076,84.8098909714643,167.380785773782,132.051643371582,130.450574239095,116.992055075509,180.771831258138,0,97.292637688773,117.565727820763,141.363452911377,125.447016398112,121.39432144165,113.061029752096,85.0296983718872,121.001314798991,114.071641879612,89.2384834289551,118.658707832804,119.151850439001,133.08210225008,139.602985143661,126.848889601858,126.322643573468,0,186.438446044922,139.73818927341
0,0,169.956197102865,103.057714144389,127.667307535807,0,176.388480292426,154.478447505406,165.147146927683,134.478870391846,170.891981942313,0,128.288604736328,0,167.858572152945,0,134.644855499268,0,207.619583129883,165.13313293457,135.350921630859,121.283544752333,94.6720886230469,149.600437927246,123.149654473199,0,168.391455078125,184.073957443237,137.992265240899,159.340800892223,136.315989774816,188.903900146484,186.542068481445,137.790625254313,160.18190612793,11.2765452590814,131.418968200684,106.543659687042,70.7877291312178,93.5751107257345,124.584743499756,90.3514729382699,34.4276037239828,45.9259567277485,75.507045533922,64.1051321374216,128.940356095632,83.5293598881474,144.50834918413,15.2706369260928,97.1239242553711,81.1009543923771,103.562067616983,138.327610104583,114.943580794858,82.4989306563038,82.0538810987151,79.5908406231854,100.641407951476,76.6519045578806,138.430300394694,119.067790131322,128.584928199603,79.4209609973486,16.1056913295553,29.2149741175075,163.235122680664,81.502186701848,59.1762645721436,64.6563906502305
0,5.81477135082461,75.0363578796387,5.83125465088996,154.61855061849,0,0,139.294738769531,0,0,182.717643737793,108.654766082764,0,98.2582120028409,213.800628662109,173.39794921875,0,103.216976801554,117.566864013672,108.978001185826,0,0,56.2315788269043,117.195838928223,130.08911895752,6.91799381777489,99.2016889927751,100.631631767049,154.082171630859,233.562042236328,0,103.871539524623,0,157.033996582031,106.079101017543,131.418968200684,6.33658232210182,41.3691488062205,12.4286918394813,111.922477722168,0,155.747961044312,115.438672135516,146.850839887347,78.333834707737,134.125893729074,68.7913408279419,105.779411315918,59.3857382166455,137.053351163864,109.180689493815,50.7656352925965,51.7759712962615,92.4347520911175,54.5428417232487,104.724342346191,86.5185996345852,20.2552895313915,70.817834450858,79.8018380084069,16.603337132905,47.1480772259089,33.5180786464129,113.390147178404,121.438349133446,98.6934649299173,66.6576424371628,0,94.1894709269206,57.7100884791271
0,78.079719543457,89.9294036545679,58.0982193745358,184.437850952148,0,219.779968261719,156.457437955416,175.85479482015,167.420486450195,171.231500244141,143.731452941895,243.768768310547,132.754806518555,188.732933044434,0,99.3434668646918,105.952374814162,0,121.696330070496,224.577545166016,127.722383045015,60.7180975467787,97.5185421991615,159.88191419329,92.4746500651042,95.6270677232251,93.8395423257139,164.157870112239,181.769491577148,141.473432064056,124.933990478516,0,168.697303771973,111.646955373336,106.543659687042,41.3691488062205,13.3410824751691,42.2555841654046,150.366418626573,151.523010253906,127.535188806615,93.8809203028306,122.291872460328,145.37718963623,114.597700009319,101.325104843943,172.349011230469,101.295524597168,114.305387606543,135.258870638334,70.9116397008409,48.2883738097311,113.304575602214,65.7935632210043,142.051192728678,69.2571228759272,43.1842400083396,38.586091609291,96.861674824699,101.631011962891,34.9549882405287,31.179640347942,85.3799069070921,119.306156166962,89.9064273688109,95.2809155161788,174.697900390625,106.898545837402,71.0349098191297
95.3941558202108,14.1913863480091,53.0046223989537,12.3558810290306,74.8136310047574,128.370536804199,102.377051871164,77.6802287575425,102.750725030899,36.7829485545083,95.5499928792318,105.571656545003,75.5817158508301,83.8259860447475,96.9991559590379,78.751277923584,52.7429628985094,68.5905465491024,126.535373687744,81.7281290020859,75.9981481652511,65.8639996957571,14.0941688197338,62.5536417192921,56.0673776932705,15.0396253619574,62.8795099445418,53.9315301318501,69.92051966013,86.1383515993754,70.6543855667114,127.453812493218,141.147407531738,69.6792980981252,73.6409053627504,70.7877291312178,12.4286918394813,42.2555841654046,11.8873987469936,108.276966942681,129.594451904297,86.8159449490634,59.6714976024227,89.8550551883758,14.5117159361593,85.7593376045796,68.8422171743292,93.5788210762872,52.3759531255541,89.0490994521356,77.9539073063777,39.5195350040516,51.9061877355754,93.581884929112,54.2619187753881,81.2065194447835,51.6668591890748,20.7583405276813,56.3936586995741,33.4602097399302,21.8122010164974,45.4417723996427,39.8828990590189,54.8882952563665,71.8754734663745,56.6676297723456,74.4211110761089,139.283958435059,56.3373483465624,61.5627180073885
