11.1538747697983,110.67381439209,98.4663522947638,68.1237239423005,83.7453649520874,99.8277626037598,96.3210734103588,23.7506388248166,55.455882556924,65.0704803466797,78.7942409515381,125.556290607063,106.600578308105,173.616607666016,20.1278136179693,101.097504615784,119.254813194275,94.0099930381775,129.545327470109,114.268822059499,111.563160167021,72.1348534111215,107.015733819259,85.7745401903709,76.0533679577944,153.479606628418,121.093443159172,129.343134491532,74.5517963768018,17.8975857001528,29.4397355815954,158.665440877279,113.315183639526,46.6271299813923,80.3590657134034,134.754042053223,193.096092224121,159.351126098633,89.5808781941732,118.844135284424,0,190.059837341309,135.841292294589,178.014778137207,98.9767735799154,171.422846476237,0,214.392242431641,0,159.967311096191,0,137.848709106445,209.128898620605,0,0,0,121.228935241699,125.429629007975,178.012802124023,125.714213598342,0,176.588989257812,164.004700978597,127.910617767818,164.842662811279,140.2639705113,0,0,0,146.46614074707
110.67381439209,8.4985434898771,38.9951747721763,22.7585377192706,82.2973663330078,132.10534286499,131.331169128418,123.106217193604,141.531388963972,70.6300310601531,191.56778717041,68.9091753429837,124.661106109619,49.8109623465951,143.867536718195,108.825063994437,65.7223567199707,52.4504994730796,83.3199052356538,62.4753941609309,99.7661056518555,111.629285176595,29.0284517999584,79.7447267108493,78.9824705757806,21.3274595453732,47.1028140424713,29.6007428875517,110.303945830374,131.950516787442,109.641470067641,62.9490279590382,110.803359985352,109.176961031827,67.7299354626582,0,54.01123046875,88.4495431809198,68.5217489242554,0,0,175.716842651367,0,198.409652709961,0,0,88.7534828186035,0,87.4397922384328,193.672561645508,136.720321655273,100.612337112427,107.344060262044,128.000631332397,114.877966228284,0,0,139.598873138428,0,158.703887939453,68.4145668029785,104.008070203993,92.0931408064706,147.559307098389,0,0,125.178897857666,0,0,78.9633636474609
98.4663522947638,38.9951747721763,12.3987489957198,46.5978112070972,129.108701852652,141.929119110107,125.159385681152,94.0626787461106,117.073821799666,106.086228779384,114.572690747448,92.4579056278352,150.247188023158,96.1968032594711,113.781464102757,135.450294494629,84.6177207418235,50.1641129530995,89.3282465473298,64.0101397679891,160.677886962891,72.0098350594897,59.4630603475885,31.4824163693379,99.1700763213329,95.9615058898926,40.4965049818161,32.2994241960628,86.1479248020058,123.430119768244,82.7467351994451,90.1589748709542,162.754068102155,104.338694826762,70.2395591704051,153.228530883789,75.9876687367757,94.3781866986627,65.7852538983846,194.754463195801,191.931060791016,215.469398498535,172.014090904823,200.978276824951,197.811462402344,199.421496073405,132.45229212443,0,168.913336181641,218.173543294271,177.394332885742,127.354773226651,113.317918867719,153.339737892151,122.289714974417,0,151.231182391827,103.414712270101,127.496527112764,158.887352391293,122.748596191406,103.321013533551,95.8975956841027,166.462085889733,179.4925550981,167.651321411133,164.042846679688,199.694046020508,0,120.871535445705
68.1237239423005,22.7585377192706,46.5978112070972,21.1250324959451,62.1460002937702,132.888033866882,97.2361828066268,76.9803107168555,86.6740725976735,38.7856342828043,98.1222683213512,78.1344036666714,123.999750036942,53.7924741068352,89.6862489777493,73.5356726743737,40.8338915690989,72.174303313642,99.9052124835075,87.4828188578288,114.153228378296,62.3445696758135,32.1759099984709,57.0404799862202,46.9815638201354,32.0494024308887,60.1460905855934,41.2868251194589,64.0622014458541,82.4156542344989,64.7874150806947,71.7118989755441,119.218889713287,56.6185970306396,68.1923822460205,89.3539164406913,64.6601160594395,69.5485564382453,29.3368249105083,101.670005321503,130.007350921631,132.39764894758,100.647774108469,145.372827630294,31.9521984204854,137.226189353249,105.811731429327,82.7334976196289,71.9321878433228,107.19597491096,50.5507316589355,55.4973202395214,93.4604493776957,106.696603393555,108.813188171387,122.093395233154,68.1264494871482,21.4740063796923,68.138569095088,73.1749102680396,39.0632090568542,91.460318746446,69.780582311043,89.6132873276533,105.848135075099,80.9082720526334,71.373556137085,0,103.206957499186,88.8711282379773
83.7453649520874,82.2973663330078,129.108701852652,62.1460002937702,10.0181475561497,115.918259175618,67.9615300343034,67.9339638454158,97.9181786289922,43.0135757515083,21.1537769116967,152.167192731585,34.0494961588315,150.668334960938,106.695336745957,58.3794890498787,87.3575865030289,161.143339792887,0,196.576061248779,15.4833658965147,84.911376953125,58.0502902583072,130.63299333727,22.1531834181375,161.078231811523,172.233826410203,117.956862425193,17.0189647414792,100.842805054968,100.930075073242,167.438346862793,133.552443842734,80.2698165045844,97.9091172180176,137.79948425293,0,144.403526306152,86.8662203008478,55.9844357804429,171.855087280273,143.521240965961,138.909130960141,152.557445635114,92.3753453209287,135.854006875236,213.97883605957,46.5647798884999,0,166.479403381348,78.3660481770833,214.993476867676,203.84610748291,0,188.710121154785,35.8317712201911,148.51350402832,126.536164601644,176.662684122721,107.495800703315,0,191.628540039062,190.268831888835,133.986630720793,159.727699611498,139.841547012329,0,213.830108642578,0,144.828386942546
99.8277626037598,132.10534286499,141.929119110107,132.888033866882,115.918259175618,6.71659787760941,20.8513930175144,116.676959644664,23.0057705344279,62.3194673437821,117.443432476504,69.6037566241096,99.2161868752785,68.399573802948,21.9091820942558,16.3589480815296,150.691340128581,170.115435791016,117.195104598999,171.990901947021,113.510347275507,129.627405802409,93.3012339274089,155.878662109375,90.3833878214766,139.225273132324,172.255340839254,162.978455013699,118.44283914566,31.3366883294336,110.322764805385,139.052841186523,11.6219379558612,58.4874725341797,47.8010310461355,186.776596069336,0,0,131.59342956543,150.814163208008,0,183.218276977539,196.583784315321,197.471389770508,0,198.250015258789,0,113.296882629395,0,201.155166625977,0,0,0,0,0,0,0,0,221.078109741211,163.277342732747,0,176.445281982422,0,188.706597900391,220.623199462891,184.357681274414,0,0,0,226.722137451172
96.3210734103588,131.331169128418,125.159385681152,97.2361828066268,67.9615300343034,20.8513930175144,11.7852776277365,58.7878539256561,20.9240663702639,80.9227819843452,38.6227918908538,111.713240835402,32.5378423212665,117.347801384559,42.3016526817319,16.1497555605359,127.204106330872,143.90427981848,151.74146270752,153.880011301192,58.8997996481572,108.434731305656,108.848209034313,120.603204024465,83.0632031966512,133.107089042664,153.073653107897,152.067415237427,68.2763900133805,61.8056746382151,101.446324005127,169.878534105089,26.0395566712515,97.2361838600852,80.0528770665217,172.329663848877,0,188.421174367269,107.570865533291,161.014092309134,218.113052368164,165.275807526152,149.581995833154,177.523569802677,121.206261226109,183.528708096208,199.225601196289,127.413780371348,0,181.8059999397,154.509877522786,186.991363525391,243.276580810547,0,221.383051554362,162.782350540161,171.480421066284,145.125636291504,195.859278361003,136.355604161972,0,230.792991638184,198.647167387463,154.883558304179,179.192262013753,169.085608440897,199.166107177734,214.593742370605,177.961315917969,181.181127694937
23.7506388248166,123.106217193604,94.0626787461106,76.9803107168555,67.9339638454158,116.676959644664,58.7878539256561,10.6193694940872,56.0002719310045,62.5273291970801,19.3824532146908,150.950182316221,80.9996998484542,158.823899798923,48.7871095901064,78.2325797407594,84.4725617362069,118.211253131847,151.612869367208,134.831471104776,96.7601640874689,69.1350014623343,92.0500860628874,87.2478877193618,61.7057450428197,160.935906546456,130.115201170928,115.453027503858,33.5764207526709,75.6437104920283,26.7751343089175,160.849442770315,122.300020824779,68.1123579046228,93.0922881769649,156.209487915039,157.212793986003,165.313896179199,95.1173442416721,151.674809773763,201.039535522461,154.440824508667,138.005650838216,159.178147187104,100.413939581977,161.025426691229,211.052932739258,178.773736572266,0,162.771863937378,183.053695678711,156.19446509225,180.718918863932,0,187.872487386068,170.523066202799,135.892645891975,113.889854084362,171.693716982578,125.457423769195,196.12663269043,195.989908071665,170.901819047474,134.081856046404,162.58740061634,154.553312937419,0,0,184.501655578613,146.537123998006
55.455882556924,141.531388963972,117.073821799666,86.6740725976735,97.9181786289922,23.0057705344279,20.9240663702639,56.0002719310045,12.362246298899,83.8577729643437,44.5960302497175,104.106215340751,88.6382048470633,111.094237395695,19.3149390529781,36.1341932963309,126.635579223633,125.298904479892,147.024424787527,143.478034839359,94.4658233526981,101.396570391872,121.268376032511,114.295597434044,92.229311450852,125.832210540771,144.83464232521,149.297761454981,86.7236260727763,52.1972338633104,68.7078807629386,160.530751741849,27.288015052556,89.6792838984522,69.5387282925423,164.263730367025,221.193046569824,180.014931311974,103.008714147361,171.888440946253,0,169.703304451956,153.780581845673,181.722388000488,111.73545214156,176.079113835874,154.269315083822,164.18848991394,208.962295532227,179.112377191045,204.190155029297,185.048528035482,207.079942703247,216.597030639648,219.683512369792,185.644250869751,182.820660061306,136.416834397749,188.519909449986,138.880882820526,170.216461181641,191.70151646932,192.489577422271,150.756710381817,179.799370488034,175.829036039465,241.32389831543,219.18900680542,157.57425181071,174.433982849121
65.0704803466797,70.6300310601531,106.086228779384,38.7856342828043,43.0135757515083,62.3194673437821,80.9227819843452,62.5273291970801,83.8577729643437,8.73955562468705,78.2691726072587,129.050228786468,29.5250711748357,117.136350867454,87.6164099666288,24.0178856077793,72.4669784746672,122.025306132302,147.608485751682,134.998398353314,41.707425311815,96.4273939634624,24.2140079680439,110.479854861895,25.7032931871835,100.543220819211,123.661038335164,101.971215029558,58.0223288661335,81.8335497129999,62.0148490481251,131.128298123678,127.477350958462,61.0377726882854,86.1290506041876,131.153402709961,0,144.641088597915,45.2840407436544,127.256826400757,0,129.467151935284,120.93278830392,155.093721662249,18.1395969744082,117.675496419271,151.960594177246,147.033004760742,145.84977722168,125.829165810033,131.472518920898,131.503303527832,180.176528930664,179.408248901367,188.499013264974,146.979835510254,127.696287536621,26.4755037532133,143.972694396973,88.1565325793098,151.847648620605,196.487784491645,154.805348873138,109.553281315037,129.805335521698,130.079940795898,171.876586914062,0,0,129.506958007812
78.7942409515381,191.56778717041,114.572690747448,98.1222683213512,21.1537769116967,117.443432476504,38.6227918908538,19.3824532146908,44.5960302497175,78.2691726072587,16.0167893969465,159.97180107048,28.5123322457583,171.155148432805,64.9859463574147,83.5476533660441,102.033991029947,146.693010826633,177.689724589503,166.866867792039,22.3706190548233,100.865504636109,98.5761393229167,118.723763654079,65.329911074791,155.422264099121,157.695299586543,135.022443271691,34.7081531865487,98.3386952779632,73.1507861233461,179.658105561228,125.096117944268,88.3252454212734,98.5010809958597,157.104331970215,0,197.61907043457,107.461656792219,165.858303537174,180.791702270508,167.263019816081,157.364844393139,178.664107025647,112.228829984312,171.154247741699,0,120.850560247898,0,182.618099594116,157.159072875977,165.129676818848,214.851521809896,0,232.083076477051,165.148016652753,156.742242336273,128.074275970459,192.880527750651,137.836203074051,0,219.912485758464,194.008191622221,159.190068868766,194.686974874357,179.50380897522,0,0,185.699523925781,174.590777587891
125.556290607063,68.9091753429837,92.4579056278352,78.1344036666714,152.167192731585,69.6037566241096,111.713240835402,150.950182316221,104.106215340751,129.050228786468,159.97180107048,13.9922062501791,147.88197840815,23.9630281021704,93.1152176961794,120.643240610758,132.558371323806,51.9588927088455,27.8867204398974,41.5260158448647,152.094135856628,102.749385070801,104.295639038086,104.865099860019,152.621624231339,31.0199341764236,33.552555882785,71.6291617428897,149.668015679648,85.5876946913732,117.479891535062,34.6059620656572,66.2971557102123,95.53681928058,32.8085669912348,241.829574584961,102.232889175415,131.231276702881,101.752445514386,0,0,102.082191467285,205.289385986328,238.19157409668,163.411547851562,0,77.7097472221621,0,75.7039798868114,229.880874633789,0,188.021224975586,151.272445678711,105.55412940979,128.737156232198,0,173.785064697266,130.849856058757,188.674285888672,187.445910862514,72.8454638636389,111.361774088542,115.150294534521,205.078920491536,208.137619018555,0,96.2583160400391,122.900691986084,200.527145385742,142.748275756836
106.600578308105,124.661106109619,150.247188023158,123.999750036942,34.0494961588315,99.2161868752785,32.5378423212665,80.9996998484542,88.6382048470633,29.5250711748357,28.5123322457583,147.88197840815,11.3914039727785,152.891089352694,106.289015847645,20.6087014632829,133.557417975532,188.080406951904,172.475479125977,176.643315055154,17.9946213305312,160.817158835275,98.592828310453,153.225451660156,31.1848287316904,157.071405029297,178.336818579471,161.120184834798,53.258622712232,103.567051945752,141.437113020155,190.39079284668,117.600161229184,124.56127166748,104.186637675268,0,0,186.752944946289,101.79629611969,89.410617351532,136.251856486003,73.8439012027922,151.065302276611,129.343787698185,115.285681915283,51.6432365278403,0,11.8102453989507,197.013946533203,138.038180958141,75.4013698577881,0,0,0,0,18.2717067971826,188.374252319336,195.449569702148,176.871864318848,136.684727138943,214.446243286133,205.024668375651,179.407065255301,160.607234123426,190.939897537231,173.310292561849,0,0,0,176.514183044434
173.616607666016,49.8109623465951,96.1968032594711,53.7924741068352,150.668334960938,68.399573802948,117.347801384559,158.823899798923,111.094237395695,117.136350867454,171.155148432805,23.9630281021704,152.891089352694,9.22767741515678,92.8349789257707,150.939293239428,128.414924621582,118.075771141052,57.0310945699711,80.2709769577277,162.893611907959,140.551734924316,93.3810016992782,116.747543196245,136.043646951324,14.6205796492414,28.9999815510589,38.0070819299933,164.908955014985,103.849254325584,163.736067998977,11.9361669213562,72.9052129633286,168.613933563232,61.3533484598665,0,106.243700027466,136.457274542914,67.6206174933392,0,93.0317726135254,100.436531066895,214.741409301758,117.723590305873,159.602411443537,0,65.8777228531085,178.221405029297,65.1571070412113,125.203370666504,0,186.403091430664,144.318711853027,101.479446919759,119.365766814261,0,236.040390014648,132.036090504039,144.728858947754,180.251029968262,59.498272375627,98.1823910522461,101.339551838657,211.920613606771,169.572511037191,0,84.812845163178,106.894579206194,0,120.361985778809
20.1278136179693,143.867536718195,113.781464102757,89.6862489777493,106.695336745957,21.9091820942558,42.3016526817319,48.7871095901064,19.3149390529781,87.6164099666288,64.9859463574147,93.1152176961794,106.289015847645,92.8349789257707,11.5876644580398,59.941764831543,134.6949122111,115.821475176089,135.226151860225,135.49428410206,106.903833389282,91.7920268554687,115.832394047787,106.972138273063,97.4388342009065,114.222940143786,139.886723657798,145.034751979366,88.9295214660485,28.5817519605944,53.693730721473,150.780738694327,18.6278912103734,56.962769591725,54.5030851197737,169.436690821792,186.773254394531,181.238127083614,107.861783786696,183.639167785645,223.153945922852,181.024700257836,163.064330309287,189.937874427209,112.289317569217,202.589897742638,164.606899261475,136.131964365641,167.572532653809,187.550253731864,189.135823567708,167.698828560965,199.9380469689,219.355814615885,201.730187552316,170.983586629232,163.328658160041,129.239239085804,185.35210609436,145.563109006563,192.546188354492,211.822995503743,188.210828214078,155.296841861149,184.319497892172,168.729168162626,192.567962646484,222.595855712891,173.374124526978,186.31081290867
101.097504615784,108.825063994437,135.450294494629,73.5356726743737,58.3794890498787,16.3589480815296,16.1497555605359,78.2325797407594,36.1341932963309,24.0178856077793,83.5476533660441,120.643240610758,20.6087014632829,150.939293239428,59.941764831543,8.93608471370998,103.195120811462,147.844888305664,0,162.373507181803,52.4586830522547,73.7582550048828,66.1303176093347,120.181288909912,44.1564550438443,137.60355682373,161.796106691714,131.140043000252,78.219259610935,104.617414662867,107.630106674997,167.760299682617,43.4006374546739,82.0943822860718,94.4348274230957,0,0,159.993693033854,90.2541440327962,134.439958572388,0,151.186520385742,133.21676940918,206.843215942383,81.4832286834717,153.229047775269,0,129.663293457031,0,167.770179748535,119.228160858154,0,180.742771148682,0,215.475769042969,133.025333404541,182.43482208252,0,146.303115844727,123.730678200722,194.07373046875,0,164.297733306885,142.794280342434,204.633209228516,0,209.057525634766,0,180.228256225586,0
119.254813194275,65.7223567199707,84.6177207418235,40.8338915690989,87.3575865030289,150.691340128581,127.204106330872,84.4725617362069,126.635579223633,72.4669784746672,102.033991029947,132.558371323806,133.557417975532,128.414924621582,134.6949122111,103.195120811462,17.8750633576645,106.465888249158,130.871790268842,123.722011747814,141.783081054688,23.632149601276,27.6528351998046,28.4052130207921,35.3983003106199,121.940164354112,119.870530391085,39.6635745992324,44.2701987665641,114.570381955403,82.1487018954369,138.901763916016,0,71.9874215227492,82.262325928129,138.889757792155,111.879712422689,103.130948545321,65.6657252377027,0,0,164.579822540283,162.451947766681,187.396606445312,136.21851348877,172.276681264242,146.960540771484,186.070724487305,0,163.010520426432,0,99.5709824444272,134.073088180187,234.585144042969,165.846494765509,0,120.222414072494,55.7391318803504,106.219243200645,127.423095158168,136.103500366211,144.586172567832,105.630530225727,131.514817003934,154.159986707899,126.259709676107,194.085327148438,0,123.742587280273,115.500856018066
94.0099930381775,52.4504994730796,50.1641129530995,72.174303313642,161.143339792887,170.115435791016,143.90427981848,118.211253131847,125.298904479892,122.025306132302,146.693010826633,51.9588927088455,188.080406951904,118.075771141052,115.821475176089,147.844888305664,106.465888249158,10.5021575844184,50.8599256469589,28.6189376442283,217.736676534017,61.548439363923,81.0567017457424,30.6905565838547,132.796883776823,97.8576615277459,50.0749632802834,72.8856681086267,125.037063133426,95.478111998904,78.8580471677008,98.1115666439659,161.430362939835,80.2448191234044,37.5145993635233,199.878475952148,107.418702697754,114.75391268568,84.2787747987559,199.893211364746,0,214.304489135742,197.493640354701,214.225830078125,166.447331746419,186.367436726888,149.294117736816,0,118.891328811646,224.296798706055,187.204650878906,150.738943401136,131.060265677316,135.055732727051,137.477345275879,0,175.233726501465,115.923195765569,154.502683278677,181.959412384033,97.5583896636963,115.669976292824,116.749059852488,187.509363555908,187.085193634033,154.395663452148,149.713773454939,0,0,137.363465627035
129.545327470109,83.3199052356538,89.3282465473298,99.9052124835075,0,117.195104598999,151.74146270752,151.612869367208,147.024424787527,147.608485751682,177.689724589503,27.8867204398974,172.475479125977,57.0310945699711,135.226151860225,0,130.871790268842,50.8599256469589,10.3413898880659,21.0794132479534,184.042230224609,122.039746754205,125.233109235764,104.677353643236,170.860336303711,45.0704706102142,31.1992672991824,77.8988043659138,161.50851719196,121.794958791425,122.720006219272,56.6123264379669,102.86458654571,113.530638096696,58.9182282515368,0,119.521541050502,155.033594512939,110.795774732317,220.268707275391,0,0,195.764755249023,0,166.11852645874,231.379608154297,91.4550267812368,0,87.4558257893619,191.923835754395,0,172.103469848633,142.158164215088,103.986017794222,117.480021228529,0,195.500427246094,155.416287231445,183.816599527995,212.127093505859,79.8399427731832,108.37281491744,113.01330653782,193.734664916992,186.698481241862,209.406143188477,101.911438453488,191.491661071777,0,145.41053425182
114.268822059499,62.4753941609309,64.0101397679891,87.4828188578288,196.576061248779,171.990901947021,153.880011301192,134.831471104776,143.478034839359,134.998398353314,166.866867792039,41.5260158448647,176.643315055154,80.2709769577277,135.49428410206,162.373507181803,123.722011747814,28.6189376442283,21.0794132479534,8.70492271958767,186.624917602539,104.508121267627,101.05033600636,80.7786057338964,153.967795541353,52.3321901873538,32.1403870026604,70.5287846254573,140.730093723752,118.601369953066,108.143859219578,66.1931877910788,137.944659694549,96.4950153901405,50.1138760079197,176.15657043457,101.825774853046,129.959077374689,97.3569415923088,0,216.188537597656,0,198.372647094727,244.476737976074,216.522125244141,0,105.551189027984,0,99.3312551933422,178.812118530273,0,145.319730122884,135.164394073486,110.300009777671,111.003427481946,0,167.332366943359,144.298983764648,192.519611358643,199.710132175022,90.5587701564882,109.01721601708,111.777970888528,215.344909667969,194.844062805176,190.824905395508,109.69863465253,0,189.617935180664,133.875902677837
111.563160167021,99.7661056518555,160.677886962891,114.153228378296,15.4833658965147,113.510347275507,58.8997996481572,96.7601640874689,94.4658233526981,41.707425311815,22.3706190548233,152.094135856628,17.9946213305312,162.893611907959,106.903833389282,52.4586830522547,141.783081054688,217.736676534017,184.042230224609,186.624917602539,10.7757779557927,174.631553649902,72.4166926145554,173.65283203125,24.0009177190888,126.571113586426,196.677599225725,154.940124511719,28.4338493864734,103.364109397853,146.990651607513,179.27490234375,129.82663554715,102.454772949219,102.950749040215,174.450973510742,0,0,99.9348653157552,27.945993543121,0,138.322357940674,160.837089538574,170.411265563965,111.684713840485,107.823015946608,0,20.560171157677,206.986785888672,204.787170410156,119.9943262736,0,0,0,0,25.0870610343085,0,140.573154449463,200.700088500977,117.451381976788,0,194.923049926758,197.143135070801,111.856768340207,188.846893310547,206.735214233398,0,0,0,178.301406860352
72.1348534111215,111.629285176595,72.0098350594897,62.3445696758135,84.911376953125,129.627405802409,108.434731305656,69.1350014623343,101.396570391872,96.4273939634624,100.865504636109,102.749385070801,160.817158835275,140.551734924316,91.7920268554687,73.7582550048828,23.632149601276,61.548439363923,122.039746754205,104.508121267627,174.631553649902,13.3123230846943,65.9653869131972,34.085216074474,54.1920454742933,128.294738769531,113.578618996179,98.5730760006504,33.0821746544733,70.2877397351768,32.9693083354805,147.570418675741,150.145278930664,51.319015317044,51.7160450420182,145.499718666077,147.218536376953,147.390522492238,87.9124202150287,190.365707397461,0,188.836074829102,141.551284203163,150.831573486328,122.714454650879,187.709081013997,243.356872558594,0,0,167.072048187256,0,118.097850555029,161.847928365072,213.97038269043,188.859451293945,195.160522460938,123.35918963397,84.6378410694211,122.761435108072,118.135350629318,0,163.763606262207,147.064912607972,133.116166484599,149.598120117188,126.458426823692,0,198.068695068359,124.585100809733,143.431709289551
107.015733819259,29.0284517999584,59.4630603475885,32.1759099984709,58.0502902583072,93.3012339274089,108.848209034313,92.0500860628874,121.268376032511,24.2140079680439,98.5761393229167,104.295639038086,98.592828310453,93.3810016992782,115.832394047787,66.1303176093347,27.6528351998046,81.0567017457424,125.233109235764,101.05033600636,72.4166926145554,65.9653869131972,9.15639313209715,56.9187751370685,30.6759076713373,76.3691682277299,91.8485525093827,44.9745232775334,63.864554185388,104.073626401948,72.8602747653393,108.190208669809,149.868534851074,63.3601942795974,77.4851900549496,104.364192962646,115.058619689941,86.1403537912572,61.6364263172807,0,0,176.865147908529,144.354194096157,165.866954803467,60.0048232608371,144.097844441732,147.669236319406,0,132.407817459106,174.071499633789,0,63.8306284293854,116.475274043297,154.099296569824,144.757895974552,0,78.9818450927734,13.0897404483913,75.0157696247101,71.7679980319479,113.540016174316,115.874951420998,99.8397843449126,113.889079007235,151.226958054763,111.801221847534,0,150.920135498047,138.050102233887,125.085195204791
85.7745401903709,79.7447267108493,31.4824163693379,57.0404799862202,130.63299333727,155.878662109375,120.603204024465,87.2478877193618,114.295597434044,110.479854861895,118.723763654079,104.865099860019,153.225451660156,116.747543196245,106.972138273063,120.181288909912,28.4052130207921,30.6905565838547,104.677353643236,80.7786057338964,173.65283203125,34.085216074474,56.9187751370685,19.8394257062827,64.9354529951964,135.806521824428,69.4400577543989,49.0599573218288,66.5753001678642,85.315449817971,62.4274653196435,109.778070900657,167.542634230394,69.5330867494298,55.34158601897,152.643490382603,113.867710406964,103.355040284179,74.0569497888739,142.655018615723,234.9912109375,194.390515645345,159.841701931424,189.35587147304,143.015047890799,178.773615264893,137.751968383789,0,180.830025809152,188.286685285897,197.583000183105,105.530932873435,133.143854050409,163.644015842014,152.896407190959,0,131.516500606871,73.4203328264891,113.397767526695,148.14119420153,0,121.844223222183,107.078244647047,152.570531572614,169.524180290027,149.329293479382,0,0,163.329190063477,128.291782902736
76.0533679577944,78.9824705757806,99.1700763213329,46.9815638201354,22.1531834181375,90.3833878214766,83.0632031966512,61.7057450428197,92.229311450852,25.7032931871835,65.329911074791,152.621624231339,31.1848287316904,136.043646951324,97.4388342009065,44.1564550438443,35.3983003106199,132.796883776823,170.860336303711,153.967795541353,24.0009177190888,54.1920454742933,30.6759076713373,64.9354529951964,14.4022814587847,114.332278302791,138.255663988067,96.7385707597351,24.4606331917699,91.6770511623578,75.0414973170445,144.646190955991,136.604708353678,68.2876558231255,89.4485224050703,131.332190836283,143.510238647461,152.36238825181,66.0460021476746,131.143008172095,196.003631591797,138.332369889072,121.867291546791,147.408224549683,72.3638878910919,144.470250172658,202.030145263672,154.551546223958,177.455035209656,149.075583830334,142.021415261661,129.528555444924,180.844385385513,238.392730712891,188.435391877827,132.441907806396,120.997549025393,82.3006489954957,141.4304466526,104.979816929981,186.956665039062,170.176895297304,158.68202368569,116.851043161839,146.684500729889,129.207439260772,182.338905334473,195.915382385254,128.952206364384,142.545968124547
153.479606628418,21.3274595453732,95.9615058898926,32.0494024308887,161.078231811523,139.225273132324,133.107089042664,160.935906546456,125.832210540771,100.543220819211,155.422264099121,31.0199341764236,157.071405029297,14.6205796492414,114.222940143786,137.60355682373,121.940164354112,97.8576615277459,45.0704706102142,52.3321901873538,126.571113586426,128.294738769531,76.3691682277299,135.806521824428,114.332278302791,8.1859630984214,42.1009971421698,26.1478820486277,135.373471577962,100.133603264304,139.484028407506,43.8159107597507,113.431687831879,129.528917312622,65.8480997515154,0,78.6390254680927,122.072973251343,46.0768607457479,0,0,125.738708496094,201.758377075195,146.238427734375,152.797722952706,0,61.8493423905484,0,57.9152282465284,0,0,176.959884643555,131.883623758952,81.6549729739918,100.809777659755,0,0,123.348028182983,167.882568359375,160.352762858073,47.4745550827241,85.7112141036987,87.9934533352322,0,109.889984130859,197.031585693359,76.4332711069207,85.0961456298828,178.461364746094,97.3934631347656
121.093443159172,47.1028140424713,40.4965049818161,60.1460905855934,172.233826410203,172.255340839254,153.073653107897,130.115201170928,144.83464232521,123.661038335164,157.695299586543,33.552555882785,178.336818579471,28.9999815510589,139.886723657798,161.796106691714,119.870530391085,50.0749632802834,31.1992672991824,32.1403870026604,196.677599225725,113.578618996179,91.8485525093827,69.4400577543989,138.255663988067,42.1009971421698,16.4380819766512,46.7427800369183,129.609548768264,135.019094116834,119.984280690628,25.4401267753298,130.146202228687,121.441694651565,67.001884811542,178.069622039795,92.8705145757001,105.399926101793,80.541623171638,204.693099975586,0,0,189.247609292307,211.56685093471,172.459918067569,205.977947235107,90.1615440316575,212.268096923828,81.4494341058098,188.320907592773,0,151.498244186928,119.796203533808,102.124607030628,105.076437121331,231.390426635742,163.621910095215,129.458488196657,161.908587617694,182.78845233452,74.5718662011577,98.6204345237695,101.608317434991,196.343412546011,180.785453523908,171.013982984755,97.3732634220879,151.75090637207,0,116.530434814453
129.343134491532,29.6007428875517,32.2994241960628,41.2868251194589,117.956862425193,162.978455013699,152.067415237427,115.453027503858,149.297761454981,101.971215029558,135.022443271691,71.6291617428897,161.120184834798,38.0070819299933,145.034751979366,131.140043000252,39.6635745992324,72.8856681086267,77.8988043659138,70.5287846254573,154.940124511719,98.5730760006504,44.9745232775334,49.0599573218288,96.7385707597351,26.1478820486277,46.7427800369183,18.7515786912632,95.0678498297985,133.991211038397,117.804888325862,37.6000898353794,148.50767586448,115.448346037023,75.3315733750023,182.213501703172,94.5886519408423,98.2969747781224,64.6785972173824,189.855476379395,120.051254272461,204.386299981011,176.94722996705,188.634487352873,165.7987130109,186.472123040093,97.4784184853011,207.164398193359,84.4554239576108,189.793315764396,169.410095214844,115.44367796002,116.097481391135,105.3909711613,109.044630008339,208.40690612793,150.238205183798,95.925551071167,124.84500360673,158.357789287417,77.890827730298,100.884637188669,99.5897113109297,166.211367747823,182.785730675806,169.00641932632,103.555309055657,148.182473318917,183.65185546875,121.90509798927
74.5517963768018,110.303945830374,86.1479248020058,64.0622014458541,17.0189647414792,118.44283914566,68.2763900133805,33.5764207526709,86.7236260727763,58.0223288661335,34.7081531865487,149.668015679648,53.258622712232,164.908955014985,88.9295214660485,78.219259610935,44.2701987665641,125.037063133426,161.50851719196,140.730093723752,28.4338493864734,33.0821746544733,63.864554185388,66.5753001678642,24.4606331917699,135.373471577962,129.609548768264,95.0678498297985,13.0937896716916,90.7202637286914,47.8122433130071,162.002166900635,134.223805363973,63.2768078874861,83.8300827439783,140.43005835873,121.154190063477,164.705967970297,78.4391984641552,153.278962135315,0,155.371724431108,133.798151452327,158.543797745997,92.0077011829286,159.881454930161,207.278241475423,129.38157361619,246.39289855957,157.381346320227,153.061052495783,137.181984030682,172.461956370961,229.167516072591,206.003082275391,156.16430696528,131.88143801098,97.4867264653595,147.172346857668,117.240888506651,0,179.002563476562,160.843124580383,129.786164264156,155.269002079185,135.025001593396,207.172569274902,189.325116838728,135.821993394331,152.764253775279
17.8975857001528,131.950516787442,123.430119768244,82.4156542344989,100.842805054968,31.3366883294336,61.8056746382151,75.6437104920283,52.1972338633104,81.8335497129999,98.3386952779632,85.5876946913732,103.567051945752,103.849254325584,28.5817519605944,104.617414662867,114.570381955403,95.478111998904,121.794958791425,118.601369953066,103.364109397853,70.2877397351768,104.073626401948,85.315449817971,91.6770511623578,100.133603264304,135.019094116834,133.991211038397,90.7202637286914,13.030139840788,30.5752987379248,134.871688842773,13.3210350132863,17.8818911325587,48.947858013435,164.025476756849,156.695917765299,175.226841430664,100.420096451674,172.41321018764,212.476608276367,182.594490269252,157.992625550966,183.333307964046,120.062513950893,179.903242928641,171.785245259603,90.7746658325195,140.731888665093,180.33702541042,179.777404785156,175.59066857232,187.829347090288,154.725992838542,159.259605407715,161.628173828125,141.275036323361,122.841588973999,181.667057800293,137.55345587669,0,179.35000038147,184.962057453312,148.044652541478,177.470074326245,154.297829627991,126.240844726562,0,162.997768695538,174.414044929273
29.4397355815954,109.641470067641,82.7467351994451,64.7874150806947,100.930075073242,110.322764805385,101.446324005127,26.7751343089175,68.7078807629386,62.0148490481251,73.1507861233461,117.479891535062,141.437113020155,163.736067998977,53.693730721473,107.630106674997,82.1487018954369,78.8580471677008,122.720006219272,108.143859219578,146.990651607513,32.9693083354805,72.8602747653393,62.4274653196435,75.0414973170445,139.484028407506,119.984280690628,117.804888325862,47.8122433130071,30.5752987379248,12.574500053262,151.527638691228,121.073314666748,26.4184626168675,44.0398867257776,147.993908691406,173.43424987793,154.948293934698,80.0120565871562,173.00791422526,176.783988952637,167.266614278158,140.338248596191,170.484025524509,80.9809107780457,177.525156656901,195.373291015625,211.221740722656,218.909164428711,162.889133054819,146.063537597656,129.51304105433,167.038473690257,239.585754394531,189.007190704346,120.614051818848,128.488099551895,96.7125597867099,145.931328337071,123.583815543882,200.901962280273,189.618430397727,162.761664545813,129.35155541726,154.615418107542,132.029408591134,0,197.824363708496,140.132977803548,148.706143379211
158.665440877279,62.9490279590382,90.1589748709542,71.7118989755441,167.438346862793,139.052841186523,169.878534105089,160.849442770315,160.530751741849,131.128298123678,179.658105561228,34.6059620656572,190.39079284668,11.9361669213562,150.780738694327,167.760299682617,138.901763916016,98.1115666439659,56.6123264379669,66.1931877910788,179.27490234375,147.570418675741,108.190208669809,109.778070900657,144.646190955991,43.8159107597507,25.4401267753298,37.6000898353794,162.002166900635,134.871688842773,151.527638691228,10.1207428459124,103.433571624756,153.85718536377,79.6518276616147,0,114.095424358661,145.429016113281,82.739279683431,0,0,196.332626342773,0,177.612033843994,170.884180704753,0,86.2279133713036,0,81.486012188164,144.567764282227,220.337203979492,0,132.043342590332,104.152814295385,122.148598304162,0,0,149.277509689331,0,170.548980712891,73.8016545176506,105.431612534956,108.990675618826,208.111595153809,149.640019734701,186.890228271484,97.410251015111,136.615671157837,0,147.035188039144
113.315183639526,110.803359985352,162.754068102155,119.218889713287,133.552443842734,11.6219379558612,26.0395566712515,122.300020824779,27.288015052556,127.477350958462,125.096117944268,66.2971557102123,117.600161229184,72.9052129633286,18.6278912103734,43.4006374546739,0,161.430362939835,102.86458654571,137.944659694549,129.82663554715,150.145278930664,149.868534851074,167.542634230394,136.604708353678,113.431687831879,130.146202228687,148.50767586448,134.223805363973,13.3210350132863,121.073314666748,103.433571624756,6.43582371129566,116.236460113525,29.7905181648503,210.713508605957,0,0,146.062911987305,244.908050537109,0,217.803125,193.657461727367,210.227602871982,133.537033081055,0,0,0,161.219314575195,212.338355170356,0,0,0,0,0,0,0,102.850860595703,236.179725646973,180.192143249512,106.776428222656,0,175.969339370728,183.885831109409,217.623524257115,215.913421630859,0,0,0,198.212814331055
46.6271299813923,109.176961031827,104.338694826762,56.6185970306396,80.2698165045844,58.4874725341797,97.2361838600852,68.1123579046228,89.6792838984522,61.0377726882854,88.3252454212734,95.53681928058,124.56127166748,168.613933563232,56.962769591725,82.0943822860718,71.9874215227492,80.2448191234044,113.530638096696,96.4950153901405,102.454772949219,51.319015317044,63.3601942795974,69.5330867494298,68.2876558231255,129.528917312622,121.441694651565,115.448346037023,63.2768078874861,17.8818911325587,26.4184626168675,153.85718536377,116.236460113525,8.24346011444142,37.444100124342,126.554968697684,0,126.502687454224,75.9905537825364,129.712643941243,0,152.653753662109,136.98550767165,167.319803619385,92.8931328909738,124.540203094482,235.593521118164,0,162.426254272461,161.14506669478,0,129.438011169434,199.812052408854,183.66748046875,196.668075561523,186.430999755859,111.968771572771,82.2862153304251,145.261249835675,118.872550964355,136.859283447266,172.139577229818,163.449387141636,123.790663536559,151.107210726351,120.647094525789,190.450500488281,0,123.883769989014,155.688502502441
80.3590657134034,67.7299354626582,70.2395591704051,68.1923822460205,97.9091172180176,47.8010310461355,80.0528770665217,93.0922881769649,69.5387282925423,86.1290506041876,98.5010809958597,32.8085669912348,104.186637675268,61.3533484598665,54.5030851197737,94.4348274230957,82.262325928129,37.5145993635233,58.9182282515368,50.1138760079197,102.950749040215,51.7160450420182,77.4851900549496,55.34158601897,89.4485224050703,65.8480997515154,67.001884811542,75.3315733750023,83.8300827439783,48.947858013435,44.0398867257776,79.6518276616147,29.7905181648503,37.444100124342,12.3804946588959,156.013832541073,113.16697883606,116.50689408718,86.4376560211182,188.438547770182,195.611373901367,176.660688612196,152.371013259888,190.22758429391,102.516245524089,184.836336408343,121.08544883728,0,115.377012028414,174.614807128906,173.174270629883,130.742293599447,137.003270018334,121.260864670212,131.327642492346,0,132.09687739781,100.956075562371,131.975597926549,132.640289554751,107.857256437603,123.47144059212,118.498971660043,141.510471628673,167.891903292748,145.065650667463,122.839679718018,140.680114746094,0,141.126891544887
134.754042053223,0,153.228530883789,89.3539164406913,137.79948425293,186.776596069336,172.329663848877,156.209487915039,164.263730367025,131.153402709961,157.104331970215,241.829574584961,0,0,169.436690821792,0,138.889757792155,199.878475952148,0,176.15657043457,174.450973510742,145.499718666077,104.364192962646,152.643490382603,131.332190836283,0,178.069622039795,182.213501703172,140.43005835873,164.025476756849,147.993908691406,0,210.713508605957,126.554968697684,156.013832541073,11.6364576344386,133.308605448405,126.990814208984,78.2206243773801,92.0500426753875,92.2592717488607,97.1932010177738,26.3657170355108,62.409997362079,69.8091047661645,68.1473787559951,120.968877072366,98.2706329345703,143.839497157506,23.150870668769,110.107381820679,116.959044947769,108.793497468725,131.272711852501,118.748957375919,91.3721974690755,76.2976944283263,77.6465632915497,97.462060491466,78.6313386226444,144.821544647217,128.31937330707,136.743431190714,81.699393282018,23.0516062801703,26.8354963793199,143.718891143799,89.0898438793118,23.9082762908936,73.0291665719067
