10.3876850169183,126.567995707194,87.3722395821223,71.5254123021686,89.1627540588379,77.3122951984406,67.7512727517348,27.983228603324,34.764265753483,74.6553099782843,77.4310983572251,125.481332778931,114.490180382362,169.591651916504,18.77689008121,43.5869140625,130.434202194214,96.4798200499844,137.435447692871,124.087914045467,102.6748046875,67.2617647359659,79.326150170688,81.795644272853,85.4654376122259,0,110.683054265058,123.178972758944,59.5220695301638,16.7392959183277,28.5349009599424,155.102096557617,75.2188402063706,46.7243363753609,77.58799958002,130.504043579102,0,146.929925918579,74.4649716545554,0,0,0,132.178977966309,0,103.7102394104,0,0,0,0,0,0,0,165.984130859375,0,175.906356811523,0,148.086410522461,126.03448232015,162.196436564128,128.060288169167,0,172.811073303223,159.777591160366,126.633944375174,0,121.236127679998,0,0,121.852806091309,137.681411743164
126.567995707194,7.10654018745315,37.4125596469211,22.5710882300631,108.812033081055,0,112.90055847168,114.779246520996,135.061532974243,73.00697520146,150.935899353027,60.7462509274483,93.0555038452148,47.2209093911307,118.045427322388,103.834243774414,46.4636406098436,42.5858636414966,74.3480428059896,59.95063621521,150.580795288086,62.9954444340297,17.627712562727,43.6287797352914,83.2921171878044,21.1374531051851,42.4082566349446,25.4891268412084,104.512730338357,137.549787902832,89.0515917264498,64.1490972743315,93.4673919677734,93.5007133483887,51.1338286115634,0,35.5451392630736,70.4579259588363,63.7059343655904,0,0,0,138.245529174805,187.326446533203,148.753101348877,0,83.518669128418,113.167266845703,80.588374710083,0,0,101.537139892578,84.894702911377,0,97.6108079798081,188.706665039062,170.298767089844,64.8013458251953,86.9014876229422,116.01050901413,66.7258179664612,98.8243963751994,80.29914350095,140.928462982178,0,123.121688842773,105.162535095215,0,134.860946655273,114.998895645142
87.3722395821223,37.4125596469211,9.29560045993074,40.6699090884648,123.765686580113,151.971506027948,128.325576782227,89.573437436615,113.926420157296,111.151533126831,122.402189023567,76.7810347874959,138.660548073905,88.786616734096,105.678920225093,140.449104309082,71.4391396262429,39.3748666115085,78.3872268199921,62.2947290420532,130.540858798557,56.3302058160833,37.2265426798384,19.7895052196198,104.187741831729,86.8003540039062,27.4320599738823,20.6107926114258,80.5799044175582,104.191677689049,76.4067618201761,80.030907684902,163.632320697491,98.517887311104,47.7270112481999,151.297344207764,52.616128607972,82.6627390263444,78.1603212738037,0,0,178.280715942383,151.976249694824,180.991925048828,180.980499267578,178.088409423828,121.063076019287,180.359954833984,128.647127423968,163.348567962646,0,122.289766947428,95.2762248467646,0,106.359958408115,0,112.326813591851,90.4979459022989,94.7721301060097,156.053199157715,118.677059173584,91.4415374776369,85.9568028162396,144.919195810954,171.046043395996,141.068212985992,129.289352416992,0,196.933052062988,99.2745519365583
71.5254123021686,22.5710882300631,40.6699090884648,29.8335303020769,59.307159660958,105.650566609701,97.7565553882454,59.5973330286683,81.8056782495072,26.7037668367034,87.8020462072813,82.1949747293302,71.3565394083659,61.7908702327256,85.5813052583193,64.7639799118042,34.8108067658145,54.2611987704322,78.3408141136169,59.8870815433091,74.9442927042643,47.8790723879912,36.8914430388382,43.8124075682609,38.7893277657503,55.6724515373324,42.851471849034,35.9777092308366,53.3068298096047,79.7209922037007,51.5998766671536,84.9921494969782,111.253138028658,61.7256883701808,58.3779568303111,69.2318801879883,36.0968653328565,75.5515945819246,40.6889421168496,91.5804672241211,0,76.6138763427734,88.9812209087869,95.2829119364421,22.0828868746758,125.797219085693,107.401171366374,97.5751239231655,98.5892245483398,88.3852897644043,94.4986190795898,84.7076034545898,89.9895587720369,159.750640869141,100.683118239693,0,97.9515291849772,58.0098475615183,64.7737671988351,65.2598417867528,68.9121349787308,93.8540079398233,74.818334052346,92.9610955654046,119.067720413208,106.762115001678,110.295308794294,0,67.1905784606934,74.3989866430109
89.1627540588379,108.812033081055,123.765686580113,59.307159660958,10.2910270399382,125.292217254639,56.5078373197372,60.2300054815751,92.0554124023278,27.4465989238433,20.9354495981603,159.871849822998,29.8277060893061,166.387994384766,102.438297549161,56.3497259667579,82.5617599487305,159.183325631278,0,180.270599365234,12.7918774397214,116.389965057373,75.8064079284668,107.289462225778,24.0499885912233,125.150527954102,157.265756697882,136.081008911133,16.8647844425946,95.6464229683751,135.672256469727,176.279113769531,121.154930114746,84.8724501927694,97.1493959824244,0,146.029661698775,185.965530395508,86.5765821016752,21.8409504854318,0,135.288813999721,129.501879882812,151.168321089311,86.3682071038012,150.454317092896,0,50.425696182251,189.480575561523,157.604606628418,97.4602216084798,155.994705200195,200.885223388672,0,199.875747680664,36.146795321452,0,119.680913925171,161.404693603516,99.7854134385733,0,182.014144897461,172.524050140381,125.554192447662,148.211603164673,134.505780537923,0,0,153.287780761719,162.908864339193
77.3122951984406,0,151.971506027948,105.650566609701,125.292217254639,7.91860739621249,10.5988144977294,102.269849744894,19.4456468646476,95.7415000915527,111.902179260254,55.6680973360202,96.1247202686428,68.8048992156982,24.8824700059282,15.6393257577916,0,162.015298025949,84.2616806030273,150.728830973307,111.029329801861,115.884819030762,106.110122680664,146.160769907633,106.280675714666,82.9585113525391,165.946129108297,116.248886108398,124.927894810268,20.1811828689347,97.4199180603027,0,12.4096677131846,0,31.6974514340315,0,0,206.544891357422,0,0,0,0,184.711654663086,201.026229858398,122.241477966309,196.841110229492,0,0,0,0,0,0,0,0,0,0,0,0,207.398101806641,154.945811589559,0,0,167.990524291992,163.431287493025,0,158.612289428711,0,0,0,199.137664794922
67.7512727517348,112.90055847168,128.325576782227,97.7565553882454,56.5078373197372,10.5988144977294,8.72991126338172,54.3128538309482,20.8014774287896,45.166340982782,35.2295535711249,97.559159223946,22.5369067979795,127.107779947917,38.8434042728664,12.4745340728197,154.514279683431,150.38699093987,136.125038146973,163.31915355864,36.4324283053303,128.183828353882,101.227594522329,115.72797454834,63.6889360177571,104.801778157552,151.936516593484,150.517805903791,58.550887952279,48.558233065202,100.060005092621,174.315891265869,24.6215426314858,92.5880896828391,62.466043901572,0,172.869160970052,197.890151977539,130.71319770813,81.5222358703613,0,131.713821411133,146.338372548421,167.348518371582,96.5401077270508,152.977850341797,242.978164672852,28.2224346705845,0,166.022412981306,194.946754455566,228.523345947266,206.018142700195,0,212.341506958008,57.1596492420543,0,0,213.714553833008,118.260096655952,0,202.440357753209,198.357048034668,144.041067214239,142.805891036987,149.103403091431,0,0,197.397125244141,173.738021850586
27.983228603324,114.779246520996,89.573437436615,59.5973330286683,60.2300054815751,102.269849744894,54.3128538309482,9.03491446738555,52.8069161761555,58.5969204764835,20.1894469109968,143.79365335712,43.2265712025769,159.480990409851,36.0361357067124,75.8164484880973,87.0112632468895,109.289559222684,155.124054648659,140.622351916868,57.2605217351752,60.7349172144225,75.3962032817234,73.5258392705833,59.5514616471303,125.804122924805,124.119523630202,115.445046976993,26.4723090389441,57.4360758360969,21.1143184230603,163.549708463708,110.706627625685,55.6555948737527,79.5920671000625,132.60009765625,137.881206512451,162.072396255121,88.5564463415811,146.658645629883,0,126.645801544189,113.582638331822,132.656959533691,91.2214808146159,130.068092346191,0,0,237.552612304688,133.667646789551,0,134.106198628743,174.996388117472,0,189.546388898577,138.350730895996,192.472259521484,131.144539969308,147.541005249023,101.534450760157,189.372146606445,181.826071519118,167.657071984333,115.493344537143,131.48733375186,115.931411577308,212.466812133789,0,123.745622971479,142.093015034993
34.764265753483,135.061532974243,113.926420157296,81.8056782495072,92.0554124023278,19.4456468646476,20.8014774287896,52.8069161761555,12.5288184238367,79.7083291163487,45.7239613333953,93.2021559400065,75.8403187185403,116.338661373363,16.9240166506884,36.7457017963259,130.78201675415,122.424367266116,135.525119472194,138.39405635319,77.5292577877312,91.9300462282621,92.9027326323769,108.253729162306,81.4596866445739,81.2969039916992,139.030397431189,141.924312653279,79.1657609588788,30.6470855544167,67.5456971383004,169.178408849807,20.563728976042,81.674462894817,54.0095297752727,152.979461669922,152.056316375732,175.70464614342,99.433464050293,162.058153152466,0,166.102602277483,136.442980792071,162.377869606018,91.8693008422852,163.36413192749,167.091201782227,180.566329956055,185.910026550293,157.215834768195,0,152.863235473633,189.137298583984,0,199.361824035645,137.846015930176,174.499847412109,152.622915267944,195.212161593967,127.445844407898,0,191.155085881551,189.652939167429,135.85445413961,155.321735805935,131.563111791071,0,0,143.633003234863,167.819970024957
74.6553099782843,73.00697520146,111.151533126831,26.7037668367034,27.4465989238433,95.7415000915527,45.166340982782,58.5969204764835,79.7083291163487,7.89494753449587,68.4566378386124,126.946523694025,11.935089633109,115.975925390271,85.9649874124772,16.711576737302,66.4936663039187,107.707783355713,144.51587677002,136.724870954241,32.2324839612794,71.982833147049,28.2007108019967,101.757254386435,20.9067333820097,98.3288879599622,115.1953528268,103.554598925282,48.011335036157,73.1098102152589,52.5572602483961,136.575388754568,107.660504427823,57.9494335916307,77.3214654766145,0,146.400765991211,146.239418029785,77.7181303766039,59.422534942627,0,0,94.8383163452148,127.398040771484,34.0408361040313,132.586087544759,167.754165649414,66.1374876234267,151.383504000577,152.070178985596,49.1838321685791,0,179.021408081055,0,148.301818847656,95.5995655059814,198.798400878906,71.2402458190918,138.454833984375,62.5640772531724,133.219326019287,160.173885345459,167.536100769043,112.842981815338,106.643539428711,94.4032073974609,179.607920328776,0,109.770347595215,164.22579574585
77.4310983572251,150.935899353027,122.402189023567,87.8020462072813,20.9354495981603,111.902179260254,35.2295535711249,20.1894469109968,45.7239613333953,68.4566378386124,12.6843438412116,149.979237556458,21.7807000070562,167.127065805288,60.1811754324685,66.8278723521213,88.7160205841064,163.491770002577,169.504180908203,177.103947032582,20.8971865277729,125.11636704665,102.417755575741,103.179155074283,54.699690745132,173.622619628906,150.485228040577,147.546039915921,34.9619172731962,91.4581621713176,106.415248385343,187.062331199646,121.207640808105,83.8675971097724,95.5785737693857,0,165.747815218839,190.718055725098,105.026904514858,138.452226342095,0,156.14350260859,141.438573422639,167.080449422201,101.117588267607,160.527349199568,0,70.2206462737053,206.326141357422,179.389686584473,121.514547348022,145.271492004395,180.03505452474,0,207.534154256185,139.100946553548,155.566772460938,148.727987289429,171.368270874023,114.880221670892,0,205.128611246745,188.772686993634,145.342509445635,186.24769744873,134.140144348145,245.011657714844,0,156.896926879883,173.692882961697
125.481332778931,60.7462509274483,76.7810347874959,82.1949747293302,159.871849822998,55.6680973360202,97.559159223946,143.79365335712,93.2021559400065,126.946523694025,149.979237556458,13.6018191856768,137.175696910511,21.0531218341225,89.7022367567463,144.222605705261,119.757510792125,47.7018562233361,22.5417826757142,28.3938314487757,138.281338500977,91.4862316860242,90.2186892409074,82.4048711657524,144.168095497858,29.4007705854333,29.6181407421341,57.141856734916,147.461788675059,61.2759102954659,114.270931015366,35.1701791282044,49.4031338852869,87.5634184184827,23.1599026371482,0,92.2805762039988,124.103580932617,87.2678149438674,0,0,0,190.805557250977,215.752197265625,0,202.233047485352,92.7733983357747,0,89.5840549737635,224.62190246582,0,0,125.275924682617,114.830069405692,116.4715868632,200.472442626953,131.900695800781,153.844478607178,139.311219215393,177.336620677601,67.9263603630967,107.439717739443,110.381400534634,202.055282592773,246.274108886719,0,100.968738390052,0,218.551788330078,147.369909014021
114.490180382362,93.0555038452148,138.660548073905,71.3565394083659,29.8277060893061,96.1247202686428,22.5369067979795,43.2265712025769,75.8403187185403,11.935089633109,21.7807000070562,137.175696910511,10.0806501389289,155.533050537109,94.007227125622,18.6671705119482,98.4953079223633,158.678187283603,164.974533081055,152.910601806641,12.6442961858816,181.104019165039,72.0723306655884,116.493364630805,22.3346825804975,173.679779052734,153.748343054928,149.402220153809,46.8629917458262,91.4072139864383,122.939126756456,168.557301839193,110.386824777193,89.2491523124076,91.5991292912909,0,148.407043457031,206.280960083008,100.484153747559,26.4651819138691,0,119.973790095403,155.130316416423,149.809211730957,89.1252254077366,136.139103253682,0,12.941853196413,0,152.674138387044,90.5045013427734,0,190.378463745117,209.286712646484,185.280151367188,23.5673259693364,0,150.365516662598,0,104.571233312069,0,217.7666015625,174.710501670837,124.339506888876,116.777109781901,146.092128753662,0,0,180.288009643555,192.108189900716
169.591651916504,47.2209093911307,88.786616734096,61.7908702327256,166.387994384766,68.8048992156982,127.107779947917,159.480990409851,116.338661373363,115.975925390271,167.127065805288,21.0531218341225,155.533050537109,7.00834402982894,106.897415824558,156.367552185059,109.294262886047,82.7336336023667,52.369208814513,57.4921880098853,191.008277893066,136.549449920654,76.3205131694355,108.339138633326,131.811649362948,19.0621580999884,35.0307116636371,30.7724114485817,155.855622990926,67.1780097338618,142.075648716518,15.2512176622808,73.3909908294678,153.540222167969,56.3242307005257,0,89.3515676840758,129.065568288167,50.0313953359922,0,0,223.90104675293,209.917022705078,0,141.171437072754,0,65.4301293896091,0,59.4118407160737,0,0,0,129.199462890625,99.7422071184431,106.30454312838,0,129.790512084961,88.8758029937744,0,157.083565090014,51.1719984257565,111.419790011733,99.5551242404514,229.826644897461,218.123718261719,0,91.8852292841131,0,0,135.314264933268
18.77689008121,118.045427322388,105.678920225093,85.5813052583193,102.438297549161,24.8824700059282,38.8434042728664,36.0361357067124,16.9240166506884,85.9649874124772,60.1811754324685,89.7022367567463,94.007227125622,106.897415824558,7.91816255438517,43.9733918158563,129.0597337087,115.259743938634,133.42935666171,135.802426365444,92.5024564602231,88.0738791182234,90.4644348804767,101.711653027532,89.8388754395878,68.2491912841797,131.443726093925,134.57075811018,85.7351290572736,24.6630491006121,55.5318654817023,159.052976989746,13.8602876172818,62.3869936853392,51.5546061411471,140.684093475342,151.063555908203,171.211636176476,96.7164627758425,163.400054931641,0,171.282015991211,138.900131580441,173.097864004282,131.24945640564,184.478601455688,0,164.451557159424,0,180.65340423584,0,0,194.205302647182,0,205.851608276367,0,0,147.061782836914,162.808981895447,133.016155042146,133.068361282349,182.986510382758,175.703157082582,135.232477741857,168.087142944336,129.834471725836,0,205.769134521484,172.828725814819,166.472140385554
43.5869140625,103.834243774414,140.449104309082,64.7639799118042,56.3497259667579,15.6393257577916,12.4745340728197,75.8164484880973,36.7457017963259,16.711576737302,66.8278723521213,144.222605705261,18.6671705119482,156.367552185059,43.9733918158563,8.48323465846697,80.4849904378255,145.009399414062,150.354251861572,0,49.164133283827,0,68.3768926703412,126.51568476359,41.7512255873861,130.870741271973,147.213582720075,137.369586785634,75.0842188949105,52.9578160297723,84.8939762115479,164.996284484863,40.2709454279097,91.7193374633789,47.5150430385883,0,0,0,134.000523885091,105.18962097168,0,0,0,0,65.3738594055176,0,0,67.1129859924316,210.724754333496,197.623428344727,68.0198211669922,0,0,0,0,0,0,0,0,94.0654423053448,158.36457824707,0,178.853739420573,136.637104034424,0,0,0,0,0,0
130.434202194214,46.4636406098436,71.4391396262429,34.8108067658145,82.5617599487305,0,154.514279683431,87.0112632468895,130.78201675415,66.4936663039187,88.7160205841064,119.757510792125,98.4953079223633,109.294262886047,129.0597337087,80.4849904378255,11.0650611729345,87.3432494549712,91.5801162719727,109.896186828613,108.802749633789,18.4075595543314,26.7190419206449,21.7013418197047,25.0267693698669,90.3337590694427,93.4948101218687,32.6911743414675,32.5134646754373,124.261270840963,59.2685176880379,121.068441217596,0,93.1359634399414,69.5434509726132,116.057262420654,85.3523567199707,91.8422621057389,35.5102797686312,0,0,0,153.101952870687,148.252336502075,83.2386703491211,192.901916503906,154.423004150391,0,0,165.981153488159,0,86.0115364230409,115.143599101475,0,137.260864257812,0,99.0331155686151,55.1802034281721,89.0237358109273,97.0288899739583,122.364326477051,127.911333356585,90.1560522147587,107.559782134162,131.714332580566,96.6679273223877,144.804191589355,0,109.388359069824,98.0874187762921
96.4798200499844,42.5858636414966,39.3748666115085,54.2611987704322,159.183325631278,162.015298025949,150.38699093987,109.289559222684,122.424367266116,107.707783355713,163.491770002577,47.7018562233361,158.678187283603,82.7336336023667,115.259743938634,145.009399414062,87.3432494549712,7.21124766252928,55.897512006088,20.8437712211031,179.489297231038,49.9849782927984,60.7086472624824,22.6420566813785,116.850646597998,101.451545715332,26.8546426252297,59.2173249502632,109.086197938407,94.7838810778953,72.6439754818403,82.027816656864,161.53098005407,70.1690569543219,30.7589481825263,192.260599772135,67.8618130067579,89.6043767615042,71.6670476617947,0,0,191.297246297201,159.283201429579,177.375709533691,161.315622965495,176.52751159668,119.175319671631,0,126.945679800851,175.205543518066,0,132.953101687961,97.8093751574319,145.254287719727,99.8883284477338,0,122.310673522949,95.1462578092303,109.009647244313,147.969731648763,143.36205291748,91.709084777832,93.1030710316912,159.13694636027,184.849931081136,137.927428245544,141.861843109131,0,166.353313446045,109.397046515282
137.435447692871,74.3480428059896,78.3872268199921,78.3408141136169,0,84.2616806030273,136.125038146973,155.124054648659,135.525119472194,144.51587677002,169.504180908203,22.5417826757142,164.974533081055,52.369208814513,133.42935666171,150.354251861572,91.5801162719727,55.897512006088,6.76053028882193,12.5336629578062,212.360229492188,111.064129638672,103.559364318848,98.2829360961914,167.298314412435,52.9702445136176,31.2233021374876,64.5342555117679,159.186771392822,105.2792970812,129.737676520097,53.135114377044,83.8522288004557,119.423782348633,62.1105259219302,0,95.1517372131348,123.440444946289,103.160522460938,0,0,0,0,0,186.982360839844,0,85.5123519897461,0,93.9015208653041,0,0,0,116.94002532959,102.636451721191,119.584116617839,0,0,0,152.076049804688,167.958465576172,67.2690838575363,108.791345132364,108.680643626622,0,0,200.180297851562,97.7863397598267,0,0,108.70450592041
124.087914045467,59.95063621521,62.2947290420532,59.8870815433091,180.270599365234,150.728830973307,163.31915355864,140.622351916868,138.39405635319,136.724870954241,177.103947032582,28.3938314487757,152.910601806641,57.4921880098853,135.802426365444,0,109.896186828613,20.8437712211031,12.5336629578062,9.81458848286635,151.790267944336,88.0873432067724,83.936737207266,67.44393576008,138.174890057794,43.1687813713437,21.8598119207484,64.1290814072235,131.247119185948,113.953992154079,98.2138002497669,54.2584653384444,113.827260450883,90.3505639667752,40.4682802019759,0,84.6023110180366,108.449440208641,65.7164224653102,218.705154418945,0,0,172.207412719727,0,0,0,111.699399533479,0,101.600722449166,211.703277587891,0,145.225082397461,106.069315798648,104.228691101074,100.340402869768,0,0,126.430143356323,134.298732757568,162.690176391602,74.4672461221384,93.5068976192151,99.2973396482613,183.867178344727,206.948387145996,156.398755391439,108.963625456157,0,185.382202148438,123.281203774845
102.6748046875,150.580795288086,130.540858798557,74.9442927042643,12.7918774397214,111.029329801861,36.4324283053303,57.2605217351752,77.5292577877312,32.2324839612794,20.8971865277729,138.281338500977,12.6442961858816,191.008277893066,92.5024564602231,49.164133283827,108.802749633789,179.489297231038,212.360229492188,151.790267944336,10.2515315106129,146.257934570312,99.2213317871094,133.58060836792,20.1433902980148,0,159.222806410356,154.28901570638,28.8978852218156,91.634753836466,129.708403693305,0,120.902348167018,88.7243773516487,90.1079759836197,0,146.587910461426,192.772216796875,100.122698465983,50.2948244180572,0,143.427841880105,133.778889973958,140.891819000244,85.2631066640218,144.573373031616,0,21.3125325623933,0,174.598870849609,96.6448577880859,145.862686157227,0,0,201.00666809082,101.049935411524,0,143.073577880859,0,103.328209381104,0,206.507278442383,177.585688273112,137.712368011475,140.385162353516,163.223731994629,0,0,164.334396362305,174.250923156738
67.2617647359659,62.9954444340297,56.3302058160833,47.8790723879912,116.389965057373,115.884819030762,128.183828353882,60.7349172144225,91.9300462282621,71.982833147049,125.11636704665,91.4862316860242,181.104019165039,136.549449920654,88.0738791182234,0,18.4075595543314,49.9849782927984,111.064129638672,88.0873432067724,146.257934570312,11.0953776427743,46.1960552442976,26.7817555668462,51.0121382072994,188.381759643555,94.4980163329687,72.1083423105876,25.7210165496529,42.8856125671823,23.7332143512142,142.541812896729,139.313674926758,37.6255917741795,39.2412500858963,111.585985819499,95.4278774261475,110.77327450839,52.4997071992008,132.339721679688,0,0,116.957689557757,171.535344441732,149.234756469727,0,0,0,0,111.511586507161,0,96.745919741117,131.351669311523,0,146.645840454102,0,101.345331440801,60.6791105623598,98.2497079414234,110.287861506144,0,130.954886300223,112.130195496574,105.308542480469,109.771818796794,100.389218902588,0,0,119.264780317034,112.578918457031
79.326150170688,17.627712562727,37.2265426798384,36.8914430388382,75.8064079284668,106.110122680664,101.227594522329,75.3962032817234,92.9027326323769,28.2007108019967,102.417755575741,90.2186892409074,72.0723306655884,76.3205131694355,90.4644348804767,68.3768926703412,26.7190419206449,60.7086472624824,103.559364318848,83.936737207266,99.2213317871094,46.1960552442976,7.40877579850998,43.8001671449981,34.4163444093881,56.1173483396446,80.4206822006791,37.2356653505282,52.7456123849524,67.6789672851562,47.2381016849692,93.4457096409153,112.53790473938,47.4818398356438,54.7188499160111,98.022471110026,69.548189387602,72.5675643458511,70.2455783512281,172.004486083984,0,132.266891479492,119.411582946777,142.863433837891,73.4499168395996,178.845069885254,150.012054443359,89.0801213582357,110.70017183744,164.078969319661,98.903507232666,53.6382312774658,89.1480735143026,140.919189453125,117.291483561198,104.347999572754,74.9628997802734,51.8134788310889,67.360834542807,88.2456760641969,94.529122950667,105.721101907583,78.7864533635496,111.013964554359,120.426326751709,95.7950052533831,134.090446472168,0,164.906753540039,102.600925869412
81.795644272853,43.6287797352914,19.7895052196198,43.8124075682609,107.289462225778,146.160769907633,115.72797454834,73.5258392705833,108.253729162306,101.757254386435,103.179155074283,82.4048711657524,116.493364630805,108.339138633326,101.711653027532,126.51568476359,21.7013418197047,22.6420566813785,98.2829360961914,67.44393576008,133.58060836792,26.7817555668462,43.8001671449981,13.4184599668526,88.4829004408821,101.48508644104,52.9435418000092,38.1158403946324,40.2415466461731,80.5946899929188,51.3736652281823,94.383924176616,142.801951188308,64.3051743960247,42.412665366649,157.157447814941,66.6199163873512,88.1456371219394,61.3041478691372,0,0,174.087509155273,146.244509829751,177.411114162869,136.752752304077,192.163851651278,151.878590393066,0,0,162.717425224109,0,90.349803983795,103.976926021765,129.635986328125,127.240449364506,0,104.781684761617,62.6818597937832,93.3363789488463,131.540735934643,139.816563924154,113.56877012606,90.2905482461685,131.133302081073,171.929889332164,123.874651842778,148.110733032227,0,115.666019439697,97.7572627754368
85.4654376122259,83.2921171878044,104.187741831729,38.7893277657503,24.0499885912233,106.280675714666,63.6889360177571,59.5514616471303,81.4596866445739,20.9067333820097,54.699690745132,144.168095497858,22.3346825804975,131.811649362948,89.8388754395878,41.7512255873861,25.0267693698669,116.850646597998,167.298314412435,138.174890057794,20.1433902980148,51.0121382072994,34.4163444093881,88.4829004408821,10.3952598646174,109.459709652586,118.247216184275,97.2075364307968,22.2448628553785,78.1278083882433,64.4242706842749,146.430025138107,119.522816128201,58.9048327931597,90.9801672104506,124.990582885742,133.084475925991,143.350895867831,52.3028918360616,117.286826007771,0,127.504665636036,100.35352956424,131.74846237697,58.3608765012763,129.864776515961,200.721534729004,88.3595579320734,170.908791678292,128.242619117994,91.6417742411296,103.681443607106,163.031087239583,0,175.690970284598,117.671829833984,118.746008555094,100.06059877496,136.018225351969,83.08521373013,153.102228982108,170.034589582874,151.214451115306,99.2644359217154,122.292992539839,97.9403544390643,189.186578369141,151.324676513672,110.745297187983,122.18903218964
0,21.1374531051851,86.8003540039062,55.6724515373324,125.150527954102,82.9585113525391,104.801778157552,125.804122924805,81.2969039916992,98.3288879599622,173.622619628906,29.4007705854333,173.679779052734,19.0621580999884,68.2491912841797,130.870741271973,90.3337590694427,101.451545715332,52.9702445136176,43.1687813713437,0,188.381759643555,56.1173483396446,101.48508644104,109.459709652586,9.1875087079352,37.0446560617556,26.6008484325467,139.323160344904,99.9452476501465,102.200504302979,44.7486605453491,74.7996368408203,0,53.3000278997859,0,73.2442100048065,0,29.7685398681491,0,0,191.747772216797,0,0,131.241199493408,0,58.8669558025542,0,48.6712429398757,0,0,0,130.222717285156,143.177520751953,106.260268317329,178.494125366211,0,104.483654022217,137.929496765137,144.244103749593,34.3666302534418,92.8276717776344,74.387813463733,0,0,200.231872558594,70.6055997212728,0,0,51.6089553833008
110.683054265058,42.4082566349446,27.4320599738823,42.851471849034,157.265756697882,165.946129108297,151.936516593484,124.119523630202,139.030397431189,115.1953528268,150.485228040577,29.6181407421341,153.748343054928,35.0307116636371,131.443726093925,147.213582720075,93.4948101218687,26.8546426252297,31.2233021374876,21.8598119207484,159.222806410356,94.4980163329687,80.4206822006791,52.9435418000092,118.247216184275,37.0446560617556,11.8090714528055,26.3984663164847,116.773070820351,119.618063231646,101.501583956976,24.365468017946,154.47640630934,109.054537598516,52.6284096470863,162.72113869407,77.9369515649204,94.0808382987976,53.2500682606763,0,0,197.772655487061,175.144342493128,204.370054244995,146.052635192871,195.985538482666,97.1896530968802,166.42219543457,89.6017533387655,181.554192793997,0,127.484090169271,94.3582789377629,98.6336097717285,91.9488515656806,0,155.8364876195,121.070113940117,115.932188801382,164.786348277125,62.4736956738411,85.7280072741979,89.6503500231888,174.658748279918,185.556200663249,151.431724254902,101.40670681908,0,169.418496704102,109.306776594407
123.178972758944,25.4891268412084,20.6107926114258,35.9777092308366,136.081008911133,116.248886108398,150.517805903791,115.445046976993,141.924312653279,103.554598925282,147.546039915921,57.141856734916,149.402220153809,30.7724114485817,134.57075811018,137.369586785634,32.6911743414675,59.2173249502632,64.5342555117679,64.1290814072235,154.28901570638,72.1083423105876,37.2356653505282,38.1158403946324,97.2075364307968,26.6008484325467,26.3984663164847,13.9034524291468,79.0490089801732,129.738923848882,104.148496312109,26.7944230240663,119.450090491253,111.032386679398,59.6504379125711,184.744127713717,66.5497583902505,84.4903159762905,55.7618486452243,176.325778961182,0,185.661144055818,152.771366742192,184.044052429199,148.863975088937,175.13500289917,100.609024680783,154.604768753052,86.2684828619333,175.637099469294,0,117.551178504681,97.8294502857195,101.824626640037,98.6288766896414,201.210993448893,121.319066429138,72.166205946506,96.9132965902997,147.870676762849,63.4723081152251,91.1817391078148,90.5002562603809,145.316224487305,180.318629264832,142.339856246422,102.92478920711,0,183.837265014648,105.926749129794
59.5220695301638,104.512730338357,80.5799044175582,53.3068298096047,16.8647844425946,124.927894810268,58.550887952279,26.4723090389441,79.1657609588788,48.011335036157,34.9619172731962,147.461788675059,46.8629917458262,155.855622990926,85.7351290572736,75.0842188949105,32.5134646754373,109.086197938407,159.186771392822,131.247119185948,28.8978852218156,25.7210165496529,52.7456123849524,40.2415466461731,22.2448628553785,139.323160344904,116.773070820351,79.0490089801732,11.5892437764912,77.200483378242,31.4676635294189,153.975278581892,117.858241875966,53.1407709622054,58.8665582526545,115.869980180767,126.637087065598,143.546971112313,50.8270195434543,129.622577171326,0,138.731792195638,105.459207307725,141.339547400381,81.3175452868144,141.616230508556,124.26195526123,106.470726686365,201.115215301514,132.71578828912,126.372122446696,107.67271677653,158.918193014045,0,175.626432335895,133.397939046224,110.966557366507,90.8503896218759,121.566274161291,97.8977706080133,187.614803314209,168.364562179103,149.478875901964,104.343602885967,124.438570658366,99.9152877223149,198.498840332031,0,116.997044004243,126.512180643344
16.7392959183277,137.549787902832,104.191677689049,79.7209922037007,95.6464229683751,20.1811828689347,48.558233065202,57.4360758360969,30.6470855544167,73.1098102152589,91.4581621713176,61.2759102954659,91.4072139864383,67.1780097338618,24.6630491006121,52.9578160297723,124.261270840963,94.7838810778953,105.2792970812,113.953992154079,91.634753836466,42.8856125671823,67.6789672851562,80.5946899929188,78.1278083882433,99.9452476501465,119.618063231646,129.738923848882,77.200483378242,9.08806200247865,24.4800738012866,127.992408976835,9.52900675517165,14.0116634623962,35.593355013774,134.903978983561,155.45135345459,177.288160150701,70.6147327743658,119.713634490967,0,162.248110453288,127.972053650887,169.32209777832,97.4422485351563,162.97813873291,221.178131103516,136.626811981201,0,145.24700568704,155.15934753418,145.616981506348,167.680063247681,0,165.921534220378,215.311721801758,129.638356526693,135.364562988281,141.265423366002,121.700138826839,155.930751800537,180.050190516881,172.899971485138,122.892710016129,149.296432495117,118.418424790905,0,0,154.92798614502,157.491099039714
28.5349009599424,89.0515917264498,76.4067618201761,51.5998766671536,135.672256469727,97.4199180603027,100.060005092621,21.1143184230603,67.5456971383004,52.5572602483961,106.415248385343,114.270931015366,122.939126756456,142.075648716518,55.5318654817023,84.8939762115479,59.2685176880379,72.6439754818403,129.737676520097,98.2138002497669,129.708403693305,23.7332143512142,47.2381016849692,51.3736652281823,64.4242706842749,102.200504302979,101.501583956976,104.148496312109,31.4676635294189,24.4800738012866,9.68464549695227,148.045946988192,106.756748199463,28.5792373059889,35.0143662824283,116.20453898112,143.387365341187,133.438488483429,50.8976938826248,187.821830749512,0,145.883585248675,108.641963660717,140.890648234974,74.499998341436,155.221160888672,202.759803771973,178.584335327148,0,129.943902362477,0,94.7833935281505,144.677730015346,181.044357299805,156.584849766323,164.463790893555,106.748178175938,70.9101077079773,132.312306404114,95.996561403887,231.259704589844,154.78191103254,145.283446354653,100.428240120411,115.390414493185,100.108850546307,207.638214111328,0,108.589689340164,112.839971336952
155.102096557617,64.1490972743315,80.030907684902,84.9921494969782,176.279113769531,0,174.315891265869,163.549708463708,169.178408849807,136.575388754568,187.062331199646,35.1701791282044,168.557301839193,15.2512176622808,159.052976989746,164.996284484863,121.068441217596,82.027816656864,53.135114377044,54.2584653384444,0,142.541812896729,93.4457096409153,94.383924176616,146.430025138107,44.7486605453491,24.365468017946,26.7944230240663,153.975278581892,127.992408976835,148.045946988192,6.19672466688332,0,176.750625610352,73.7897717158,0,101.025409062703,134.624268668038,66.8541784286499,0,0,0,0,0,0,0,89.2386178970337,0,84.0145502179583,0,0,0,134.385459899902,100.144194466727,116.79378306071,0,0,0,180.571380615234,186.924564361572,64.989333371082,114.615615382339,105.579974292076,227.523483276367,0,0,99.8644556999207,0,0,166.953819274902
75.2188402063706,93.4673919677734,163.632320697491,111.253138028658,121.154930114746,12.4096677131846,24.6215426314858,110.706627625685,20.563728976042,107.660504427823,121.207640808105,49.4031338852869,110.386824777193,73.3909908294678,13.8602876172818,40.2709454279097,0,161.53098005407,83.8522288004557,113.827260450883,120.902348167018,139.313674926758,112.53790473938,142.801951188308,119.522816128201,74.7996368408203,154.47640630934,119.450090491253,117.858241875966,9.52900675517165,106.756748199463,0,5.27219627676604,115.182523727417,30.2274625301361,175.051773071289,0,210.994812011719,126.036010742188,0,0,214.9248046875,160.932416280111,0,0,0,0,0,171.530738830566,0,0,0,0,0,0,0,0,0,0,183.761671278212,0,213.648193359375,128.289409637451,164.691256713867,200.108337402344,168.940073649089,0,0,0,155.5576171875
46.7243363753609,93.5007133483887,98.517887311104,61.7256883701808,84.8724501927694,0,92.5880896828391,55.6555948737527,81.674462894817,57.9494335916307,83.8675971097724,87.5634184184827,89.2491523124076,153.540222167969,62.3869936853392,91.7193374633789,93.1359634399414,70.1690569543219,119.423782348633,90.3505639667752,88.7243773516487,37.6255917741795,47.4818398356438,64.3051743960247,58.9048327931597,0,109.054537598516,111.032386679398,53.1407709622054,14.0116634623962,28.5792373059889,176.750625610352,115.182523727417,8.08549935022849,35.5370096133487,108.911455154419,137.869541168213,148.978873116629,44.6670840550395,126.478706359863,0,0,104.8413624483,0,0,139.263977050781,0,0,0,135.023513793945,0,0,148.288751602173,0,145.511027018229,180.92903137207,95.0177154541016,0,128.168635050456,101.014146704423,0,144.178431193034,128.139121055603,102.239134695016,103.603755950928,98.813422203064,0,0,0,127.66707611084
77.58799958002,51.1338286115634,47.7270112481999,58.3779568303111,97.1493959824244,31.6974514340315,62.466043901572,79.5920671000625,54.0095297752727,77.3214654766145,95.5785737693857,23.1599026371482,91.5991292912909,56.3242307005257,51.5546061411471,47.5150430385883,69.5434509726132,30.7589481825263,62.1105259219302,40.4682802019759,90.1079759836197,39.2412500858963,54.7188499160111,42.412665366649,90.9801672104506,53.3000278997859,52.6284096470863,59.6504379125711,58.8665582526545,35.593355013774,35.0143662824283,73.7897717158,30.2274625301361,35.5370096133487,10.1461573506572,171.576614379883,76.8218057632446,95.7325861405353,57.7363783129219,167.915786743164,0,167.082237243652,141.964015819408,170.552039252387,119.728382110596,169.316380818685,90.5499160766602,0,126.991420321994,152.888724190848,0,97.8344039916992,108.816278669569,132.051869710286,120.534366062709,169.997756958008,107.572683546278,74.1093703999239,96.5162064234416,126.990798193561,100.225253006508,109.422641360571,102.959222313743,126.497016417675,135.702526092529,109.465719043084,122.970529174805,0,138.89378792899,113.382338629829
130.504043579102,0,151.297344207764,69.2318801879883,0,0,0,132.60009765625,152.979461669922,0,0,0,0,0,140.684093475342,0,116.057262420654,192.260599772135,0,0,0,111.585985819499,98.022471110026,157.157447814941,124.990582885742,0,162.72113869407,184.744127713717,115.869980180767,134.903978983561,116.20453898112,0,175.051773071289,108.911455154419,171.576614379883,10.6869321782413,127.449122958713,100.784687580506,66.8433296365941,85.9826327592899,0,92.864834853581,28.7204337406509,56.6095103961509,60.909482161204,72.6791267920667,127.966634526983,94.0423246530386,130.903085046885,11.4669510079075,82.9140396118164,97.0702896118164,103.555614544997,130.348338535854,113.60753319419,82.5387245178223,73.4660069656372,85.2231412615095,92.5963078202873,60.1369992804854,137.705047607422,117.266866471367,128.132397795377,75.8787783434953,14.1664832084147,28.9811099588939,146.964619954427,59.2615814208984,24.9696872819022,54.2364299737724
0,35.5451392630736,52.616128607972,36.0968653328565,146.029661698775,0,172.869160970052,137.881206512451,152.056316375732,146.400765991211,165.747815218839,92.2805762039988,148.407043457031,89.3515676840758,151.063555908203,0,85.3523567199707,67.8618130067579,95.1517372131348,84.6023110180366,146.587910461426,95.4278774261475,69.548189387602,66.6199163873512,133.084475925991,73.2442100048065,77.9369515649204,66.5497583902505,126.637087065598,155.45135345459,143.387365341187,101.025409062703,0,137.869541168213,76.8218057632446,127.449122958713,5.80044415705972,33.9636663008309,17.9993031327367,111.221343994141,0,134.492274475098,109.988183480722,123.098981221517,56.3416508142401,126.677158355713,66.5749783742995,217.805282592773,49.3246285017835,140.740479787191,92.1584034969932,75.3790756508156,48.7110274877304,70.2446617126465,47.8891754388314,0,99.0559996032715,13.7164410484448,63.506474036675,65.1946347408368,19.9525400668313,44.8811495101929,25.6985136205564,101.726372294956,133.087551964654,97.4367804034003,63.1854373247196,0,105.290572426536,53.6393119295438
146.929925918579,70.4579259588363,82.6627390263444,75.5515945819246,185.965530395508,206.544891357422,197.890151977539,162.072396255121,175.70464614342,146.239418029785,190.718055725098,124.103580932617,206.280960083008,129.065568288167,171.211636176476,0,91.8422621057389,89.6043767615042,123.440444946289,108.449440208641,192.772216796875,110.77327450839,72.5675643458511,88.1456371219394,143.350895867831,0,94.0808382987976,84.4903159762905,143.546971112313,177.288160150701,133.438488483429,134.624268668038,210.994812011719,148.978873116629,95.7325861405353,100.784687580506,33.9636663008309,12.8372702904237,45.2625831577876,150.742230502042,168.346201578776,120.184185445309,87.0052678590684,118.198157714119,88.6009375254313,111.416374497187,82.2957328160604,127.330444335938,89.9368368784587,109.718244777496,130.717448764377,68.0064058091905,32.0234612683878,80.7526671465705,54.5102443233327,142.789615631104,57.6318769691079,42.9784694685328,23.0914690402951,86.9921351955525,109.986529032389,21.5935236775476,21.5749135879898,72.5196004031975,127.882269714593,63.7645352929831,80.0691383361816,165.051025390625,117.639131122165,61.368813835144
