8523,3,378,63,2,16,52,5417,1160,19,78,44,13,4,6970,3,4,568,4,86,6,91,29,822,31,0,343,63,295,7730,3650,3,17,23,105,1,0,8,17,0,0,0,2,0,2,0,0,0,0,0,0,0,3,0,3,0,1,3,3,11,0,6,14,14,0,11,0,0,1,4
3,2134,97,545,5,0,1,5,4,416,5,192,4,714,8,7,149,307,3,50,1,14,2552,209,401,1451,238,8467,55,5,13,68,2,2,151,0,48,94,24,0,0,0,3,2,2,0,4,1,30,0,0,3,38,0,17,1,1,3,7,16,80,71,161,4,0,2,5,0,1,4
378,97,17202,601,14,21,116,987,910,20,132,252,14,21,1216,2,22,2952,32,370,9,226,258,12494,76,2,9959,5575,715,474,510,106,13,39,1438,4,146,944,50,0,0,6,43,15,1,3,12,1,7,12,0,15,443,0,111,0,9,49,204,25,4,372,1260,30,4,16,3,0,2,70
63,545,601,327,185,30,79,488,541,618,208,202,87,299,369,20,4322,756,16,269,66,1805,560,5824,5618,162,1231,13208,2660,405,1253,53,26,71,646,1,49,119,68,1,0,3,23,6,48,10,6,7,25,10,2,15,57,1,23,0,6,12,217,202,59,122,275,39,6,16,7,0,2,22
2,5,14,185,15391,10,394,79,191,524,7988,10,8093,5,110,141,3,14,0,3,29366,2,24,28,4260,3,42,74,4684,267,4,3,3,36,96,0,11,3,13,330,0,7,10,11,53,24,0,100,1,4,6,1,1,0,4,152,0,8,1,861,0,1,10,60,4,3,0,0,3,6
16,0,21,30,10,5500,9934,59,5293,15,150,149,97,6,1175,2001,0,14,3,3,19,2,2,30,22,1,29,4,35,1003,6,0,3059,0,321,0,0,1,0,0,0,0,1,1,1,1,0,0,0,0,0,0,0,0,0,0,0,0,1,12,0,0,2,7,0,1,0,0,0,1
52,1,116,79,394,9934,75628,1824,24659,271,8525,191,10881,30,2196,13207,3,68,4,21,855,8,26,275,442,3,272,83,1292,1088,40,14,1689,33,371,0,3,8,8,8,0,1,6,6,5,5,1,105,0,7,2,1,5,0,2,11,0,0,2,126,0,7,8,42,4,8,0,0,1,1
5417,5,987,488,79,59,1824,52611,6722,173,12047,131,798,16,10136,69,27,404,11,67,118,264,107,4401,395,1,1113,456,12121,3781,9406,49,52,735,660,2,10,41,43,2,0,4,56,12,15,5,0,0,1,15,0,3,24,0,7,4,2,7,25,283,1,26,69,145,21,46,1,0,17,24
1160,4,910,541,191,5293,24659,6722,77032,226,11366,947,1699,85,32412,737,6,920,37,289,499,104,88,1922,1013,5,1547,309,2039,4584,787,42,3789,91,1100,7,8,29,58,4,0,7,74,16,18,8,1,1,2,19,0,1,13,0,6,2,2,4,9,362,0,24,47,154,27,53,0,0,17,9
19,416,20,618,524,15,271,173,226,5142,161,138,2419,483,156,1292,47,50,7,14,252,16,3276,49,13312,372,84,1076,1903,247,540,31,11,72,183,0,5,4,18,1,0,0,10,4,29,3,3,9,22,2,2,0,4,0,1,4,1,2,1,169,52,8,30,16,2,5,3,0,1,4
78,5,132,208,7988,150,8525,12047,11366,161,114426,88,13424,13,3839,239,8,54,1,11,10715,13,34,367,1243,1,226,171,8647,3733,55,16,125,215,981,0,11,6,21,45,0,23,23,15,51,42,0,62,1,16,8,2,3,0,3,30,1,4,5,1145,0,6,27,103,10,3,1,0,5,9
44,192,252,202,10,149,191,131,947,138,88,64682,55,8966,699,4,11,1233,15520,6958,10,89,152,320,168,805,15633,3650,138,1023,217,2694,503,95,10776,0,19,25,62,0,0,0,5,1,0,2,15,0,71,1,0,0,25,7,42,1,1,2,8,22,254,158,217,1,1,0,23,0,1,7
13,4,14,87,8093,97,10881,798,1699,2419,13424,55,61245,3,735,3242,3,11,1,5,26139,1,20,45,2880,1,67,60,2093,920,9,3,107,37,376,0,2,1,8,232,0,13,6,2,28,12,0,2362,0,3,4,0,1,1,2,297,0,2,0,362,0,4,8,49,3,4,0,0,1,3
4,714,21,299,5,6,30,16,85,483,13,8966,3,24650,46,10,16,17,265,101,2,4,513,19,283,4818,783,10249,60,49,7,2722,30,1,290,0,39,6,96,0,0,1,1,0,5,0,31,0,344,0,0,0,5,7,13,0,1,4,0,23,902,67,225,1,1,0,22,0,0,3
6970,8,1216,369,110,1175,2196,10136,32412,156,3839,699,735,46,58936,91,12,1422,22,280,298,185,104,2393,340,1,1592,285,1151,9792,2217,30,6544,117,1042,6,5,26,67,1,0,5,43,13,4,8,0,2,0,8,0,0,14,0,5,0,0,1,8,152,4,18,39,124,13,41,0,1,8,13
3,7,2,20,141,2001,13207,69,737,1292,239,4,3242,10,91,10944,3,4,2,0,153,0,46,12,790,5,7,48,159,81,4,2,126,5,39,0,0,0,3,1,0,0,0,0,3,0,0,5,2,1,1,0,0,0,0,0,0,0,0,13,1,0,3,2,0,0,0,0,0,0
4,149,22,4322,3,0,3,27,6,47,8,11,3,16,12,3,9083,121,1,21,2,4341,11403,6522,3403,16,109,6237,1760,12,246,11,0,3,272,2,5,141,1205,0,0,0,6,4,1,1,1,0,0,4,0,49,28,0,6,0,42,198,953,24,2,21,336,36,4,50,2,0,7,39
568,307,2952,756,14,14,68,404,920,50,54,1233,11,17,1422,4,121,21020,142,8121,12,1454,336,13141,224,3,7217,4030,503,1924,3283,33,17,462,4827,3,147,577,142,0,0,6,18,4,3,2,10,0,7,8,0,18,378,2,146,0,5,28,122,27,2,575,948,30,12,24,2,0,4,47
4,3,32,16,0,3,4,11,37,7,1,15520,1,265,22,2,1,142,15667,5149,1,5,2,23,3,9,3012,333,4,37,19,215,6,3,316,0,2,1,10,0,0,0,0,0,1,0,4,0,14,0,0,0,2,1,6,0,0,0,1,1,32,37,56,0,0,1,8,0,0,1
86,50,370,269,3,3,21,67,289,14,11,6958,5,101,280,0,21,8121,5149,32893,1,208,52,584,58,42,10224,1657,101,473,486,138,11,158,5398,0,41,74,134,1,0,0,4,0,0,0,23,0,28,1,0,1,111,13,186,0,0,8,14,5,43,649,589,5,2,6,19,0,2,17
6,1,9,66,29366,19,855,118,499,252,10715,10,26139,2,298,153,2,12,1,1,10166,1,5,20,1906,0,22,15,2248,443,9,0,19,17,160,0,5,1,3,89,0,11,6,2,36,20,0,222,0,5,10,1,0,0,1,27,0,1,0,600,0,2,6,31,3,2,0,0,1,4
91,14,226,1805,2,2,8,264,104,16,13,89,1,4,185,0,4341,1454,5,208,1,42491,1493,17218,175,1,156,450,2783,952,14836,4,1,396,8723,6,4,33,879,1,0,0,7,3,1,0,0,0,0,3,0,26,17,0,5,0,46,162,285,24,0,7,63,50,6,120,0,0,7,26
29,2552,258,560,24,2,26,107,88,3276,34,152,20,513,104,46,11403,336,2,52,5,1493,11293,6850,8351,521,108,5156,1733,215,1530,37,4,64,512,3,17,165,46,2,0,1,18,2,10,4,1,3,13,3,2,16,60,1,12,1,5,33,231,81,59,52,262,29,2,14,5,0,1,18
822,209,12494,5824,28,30,275,4401,1922,49,367,320,45,19,2393,12,6522,13141,23,584,20,17218,6850,75490,315,4,2590,13321,7909,1482,6427,31,26,358,9987,6,83,1691,705,0,0,9,79,27,4,11,5,0,0,39,0,322,505,1,67,0,134,952,6708,94,3,216,3235,135,11,101,3,0,4,243
31,401,76,5618,4260,22,442,395,1013,13312,1243,168,2880,283,340,790,3403,224,3,58,1906,175,8351,315,56883,173,543,4443,15404,752,526,102,36,326,513,25,21,69,910,53,0,73,318,89,178,80,2,44,14,89,15,17,36,0,14,25,12,38,30,2753,28,62,123,1068,110,270,5,1,86,81
0,1451,2,162,3,1,3,1,5,372,1,805,1,4818,1,5,16,3,9,42,0,1,521,4,173,8703,193,7261,11,9,2,100,2,0,109,0,32,0,102,0,0,1,0,0,6,0,21,0,325,0,0,0,2,1,9,2,0,2,2,18,872,42,201,0,0,1,27,0,0,1
343,238,9959,1231,42,29,272,1113,1547,84,226,15633,67,783,1592,7,109,7217,3012,10224,22,156,108,2590,543,193,101936,16308,1115,826,685,2167,36,71,3568,11,290,320,647,0,0,4,27,8,3,4,140,1,257,19,0,6,834,80,1113,0,19,39,87,29,564,3577,3442,22,6,26,105,0,5,101
63,8467,5575,13208,74,4,83,456,309,1076,171,3650,60,10249,285,48,6237,4030,333,1657,15,450,5156,13321,4443,7261,16308,112702,4060,247,290,3077,23,76,4757,13,747,2778,1356,4,0,19,98,50,35,20,223,8,817,61,0,58,1465,108,1076,3,40,323,1170,206,2163,4053,7684,125,16,58,241,0,5,268
295,55,715,2660,4684,35,1292,12121,2039,1903,8647,138,2093,60,1151,159,1760,503,4,101,2248,2783,1733,7909,15404,11,1115,4060,63144,2210,9838,70,48,2535,3220,71,29,169,1134,50,0,60,504,102,120,69,1,34,4,152,6,27,76,0,23,27,28,54,99,2816,4,66,207,1391,165,731,1,0,87,109
7730,5,474,405,267,1003,1088,3781,4584,247,3733,1023,920,49,9792,81,12,1924,37,473,443,952,215,1482,752,9,826,247,2210,83620,7707,34,5816,4898,2184,9,5,22,119,2,0,6,62,6,15,5,1,2,0,17,1,2,16,0,9,1,3,2,7,244,2,28,32,188,22,93,0,0,9,6
3650,13,510,1253,4,6,40,9406,787,540,55,217,9,7,2217,4,246,3283,19,486,9,14836,1530,6427,526,2,685,290,9838,7707,53575,11,18,1385,4834,30,4,32,2578,2,0,7,128,22,23,5,2,1,0,88,0,23,28,1,14,1,81,40,56,545,1,42,67,768,71,653,1,0,67,65
3,68,106,53,3,0,14,49,42,31,16,2694,3,2722,30,2,11,33,215,138,0,4,37,31,102,100,2167,3077,70,34,11,2657,0,1,144,0,12,7,32,0,0,0,0,0,0,0,16,0,107,0,0,0,7,7,15,0,0,0,1,4,332,33,146,1,0,0,16,0,0,4
17,2,13,26,3,3059,1689,52,3789,11,125,503,107,30,6544,126,0,17,6,11,19,1,4,26,36,2,36,23,48,5816,18,0,7192,2,688,1,0,1,2,0,0,1,6,0,0,0,0,0,2,0,0,0,0,0,0,0,0,0,0,9,0,1,2,10,2,3,0,0,0,1
23,2,39,71,36,0,33,735,91,72,215,95,37,1,117,5,3,462,3,158,17,396,64,358,326,0,71,76,2535,4898,1385,1,2,11314,808,4,2,7,103,1,0,0,17,0,0,1,0,0,0,4,0,0,4,0,3,1,2,0,6,57,0,6,8,51,4,40,0,0,0,4
105,151,1438,646,96,321,371,660,1100,183,981,10776,376,290,1042,39,272,4827,316,5398,160,8723,512,9987,513,109,3568,4757,3220,2184,4834,144,688,808,36184,1,20,147,147,1,0,4,27,9,6,6,5,0,9,7,0,10,72,3,35,2,9,34,288,121,29,126,318,78,6,53,5,0,7,18
1,0,4,1,0,0,0,2,7,0,0,0,0,0,6,0,2,3,0,0,0,6,3,6,25,0,11,13,71,9,30,0,1,4,1,15849,9,163,235,78,0,56,7882,149,120,254,222,13,49,13609,1,16,363,28,567,20,100,35,116,584,1,637,146,518,23130,4395,12,1,734,471
0,48,146,49,11,0,3,10,8,5,11,19,2,39,5,0,5,147,2,41,5,4,17,83,21,32,290,747,29,5,4,12,0,2,20,9,4332,583,946,1,0,5,27,12,706,8,84,1,773,18,19,27,507,15,481,0,25,2226,154,261,5597,1250,10864,36,18,58,78,0,11,288
8,94,944,119,3,1,8,41,29,4,6,25,1,6,26,0,141,577,1,74,1,33,165,1691,69,0,320,2778,169,22,32,7,1,7,147,163,583,22503,438,11,3,256,2117,1179,12,315,48,3,12,1374,9,45,4647,17,537,2,727,557,13016,239,3,16763,8478,2463,257,384,20,1,36,500
17,24,50,68,13,0,8,43,58,18,21,62,8,96,67,3,1205,142,10,134,3,879,46,705,910,102,647,1356,1134,119,2578,32,2,103,147,235,946,438,145,46,0,77,810,226,210,119,91,14,376,477,11,1136,682,32,845,10,2759,1475,3708,5004,983,2991,8177,1638,471,3323,69,0,237,572
0,0,0,1,330,0,8,2,4,1,45,0,232,0,1,1,0,0,0,1,89,1,2,0,53,0,0,4,50,2,2,0,0,1,1,78,1,11,46,22806,3,792,72,232,87,6100,3,9096,0,352,58,4,4,0,6,32884,0,13,5,6510,0,25,29,3359,508,11,2,0,96,217
0,0,0,0,0,0,0,0,0,0,0,0,0,0,0,0,0,0,0,0,0,0,0,0,0,0,0,0,0,0,0,0,0,0,0,0,0,3,0,3,1940,7115,3,3812,12,9,5,22,1,312,2787,0,1,0,1,0,0,0,3,11,0,1,0,4,202,0,0,921,0,79
0,0,6,3,7,0,1,4,7,0,23,0,13,1,5,0,0,6,0,0,11,0,1,9,73,1,4,19,60,6,7,0,1,0,4,56,5,256,77,792,7115,90630,1755,36586,545,21040,14,13053,4,4521,9594,16,102,2,55,1030,14,40,67,2706,0,608,172,3383,2251,45,9,4034,71,757
2,3,43,23,10,1,6,56,74,10,23,5,6,1,43,0,6,18,0,4,6,7,18,79,318,0,27,98,504,62,128,0,6,17,27,7882,27,2117,810,72,3,1755,92316,4886,573,16898,226,120,52,17365,43,68,1710,51,1129,25,597,133,1515,2212,1,3118,640,16595,4919,9030,24,8,847,1079
0,2,15,6,11,1,6,12,16,4,15,1,2,0,13,0,4,4,0,0,2,3,2,27,89,0,8,50,102,6,22,0,0,0,9,149,12,1179,226,232,3812,36586,4886,123748,128,11548,152,1005,38,50597,1067,17,499,11,262,221,52,43,270,1192,4,2232,286,2633,5825,128,20,9139,86,1621
2,2,1,48,53,1,5,15,18,29,51,0,28,5,4,3,1,3,1,0,36,1,10,4,178,6,3,35,120,15,23,0,0,0,6,120,706,12,210,87,12,545,573,128,7644,120,16,3464,75,236,2445,24,40,0,29,89,21,1239,25,12146,123,82,473,911,306,733,8,0,199,155
0,0,3,10,24,1,5,5,8,3,42,2,12,0,8,0,1,2,0,0,20,0,4,11,80,0,4,20,69,5,5,0,0,1,6,254,8,315,119,6100,9,21040,16898,11548,120,129661,13,12240,4,8664,209,20,107,1,53,15757,39,52,122,4893,0,485,209,11809,3362,87,6,21,374,1582
0,4,12,6,0,0,1,0,1,3,0,15,0,31,0,0,1,10,4,23,0,0,1,5,2,21,140,223,1,1,2,16,0,0,5,222,84,48,91,3,5,14,226,152,16,13,65388,1,10354,358,0,12,677,17407,6899,0,111,26,181,21,167,14198,1261,49,282,338,2567,14,64,11103
0,1,1,7,100,0,105,0,1,9,62,0,2362,0,2,5,0,0,0,0,222,0,3,0,44,0,1,8,34,2,1,0,0,0,0,13,1,3,14,9096,22,13053,120,1005,3464,12240,1,71769,0,893,3983,1,5,0,2,32314,1,5,3,3757,1,23,17,1691,1042,3,2,16,36,695
0,30,7,25,1,0,0,1,2,22,1,71,0,344,0,2,0,7,14,28,0,0,13,0,14,325,257,817,4,0,0,107,2,0,9,49,773,12,376,0,1,4,52,38,75,4,10354,0,33782,101,1,3,46,158,137,1,5,54,13,19,2452,749,10186,14,39,33,2764,0,6,400
0,0,12,10,4,0,7,15,19,2,16,1,3,0,8,1,4,8,0,1,5,3,3,39,89,0,19,61,152,17,88,0,0,4,7,13609,18,1374,477,352,312,4521,17365,50597,236,8664,358,893,101,158938,105,25,1052,54,929,285,111,84,318,1371,2,3301,308,2153,27497,1597,50,9399,370,2025
0,0,0,2,6,0,2,0,0,2,8,0,4,0,0,1,0,0,0,0,10,0,2,0,15,0,0,0,6,1,0,0,0,0,0,1,19,9,11,58,2787,9594,43,1067,2445,209,0,3983,1,105,10696,0,5,1,2,62,1,17,7,1280,0,17,33,86,23,1,1,13,11,13
0,3,15,15,1,0,1,3,1,0,2,0,0,0,0,0,49,18,0,1,1,26,16,322,17,0,6,58,27,2,23,0,0,0,10,16,27,45,1136,4,0,16,68,17,24,20,12,1,3,25,0,22047,116,1,57,1,2374,5099,7812,1889,0,126,5546,457,23,457,2,0,30,201
3,38,443,57,1,0,5,24,13,4,3,25,1,5,14,0,28,378,2,111,0,17,60,505,36,2,834,1465,76,16,28,7,0,4,72,363,507,4647,682,4,1,102,1710,499,40,107,677,5,46,1052,5,116,38032,216,19224,2,1834,571,14149,261,23,4294,5576,844,311,2879,30,0,167,5208
0,0,0,1,0,0,0,0,0,0,0,7,1,7,0,0,0,2,1,13,0,0,1,1,0,1,80,108,0,0,1,7,0,0,3,28,15,17,32,0,0,2,51,11,0,1,17407,0,158,54,1,1,216,15605,4779,1,6,9,33,9,31,8869,438,19,16,53,330,0,3,407
3,17,111,23,4,0,2,7,6,1,3,42,2,13,5,0,6,146,6,186,1,5,12,67,14,9,1113,1076,23,9,14,15,0,3,35,567,481,537,845,6,1,55,1129,262,29,53,6899,2,137,929,2,57,19224,4779,56550,1,414,194,1420,108,349,17932,3532,355,477,1429,227,0,159,7091
0,1,0,0,152,0,11,4,2,4,30,1,297,0,0,0,0,0,0,0,27,0,1,0,25,2,0,3,27,1,1,0,0,1,2,20,0,2,10,32884,0,1030,25,221,89,15757,0,32314,1,285,62,1,2,1,1,11708,2,4,1,2993,0,10,6,2097,472,3,0,2,26,250
1,1,9,6,0,0,0,2,2,1,1,1,0,1,0,0,42,5,0,0,0,46,5,134,12,0,19,40,28,3,81,0,0,2,9,100,25,727,2759,0,0,14,597,52,21,39,111,1,5,111,1,2374,1834,6,414,2,55512,1636,21594,952,2,240,573,4914,140,19139,4,0,336,7013
3,3,49,12,8,0,0,7,4,2,4,2,2,4,1,0,198,28,0,8,1,162,33,952,38,2,39,323,54,2,40,0,0,0,34,35,2226,557,1475,13,0,40,133,43,1239,52,26,5,54,84,17,5099,571,9,194,4,1636,15365,10833,8342,80,364,8052,447,47,1068,18,0,65,504
3,7,204,217,1,1,2,25,9,1,5,8,0,0,8,0,953,122,1,14,0,285,231,6708,30,2,87,1170,99,7,56,1,0,6,288,116,154,13016,3708,5,3,67,1515,270,25,122,181,3,13,318,7,7812,14149,33,1420,1,21594,10833,84011,1140,4,1994,10876,5850,163,7750,9,0,258,7124
11,16,25,202,861,12,126,283,362,169,1145,22,362,23,152,13,24,27,1,5,600,24,81,94,2753,18,29,206,2816,244,545,4,9,57,121,584,261,239,5004,6510,11,2706,2212,1192,12146,4893,21,3757,19,1371,1280,1889,261,9,108,2993,952,8342,1140,80417,27,512,1823,12456,1558,2825,8,5,998,1031
0,80,4,59,0,0,0,1,0,52,0,254,0,902,4,1,2,2,32,43,0,0,59,3,28,872,564,2163,4,2,1,332,0,0,29,1,5597,3,983,0,0,0,1,4,123,0,167,1,2452,2,0,0,23,31,349,0,2,80,4,27,10607,675,4784,0,3,4,37,0,1,36
6,71,372,122,1,0,7,26,24,8,6,158,4,67,18,0,21,575,37,649,2,7,52,216,62,42,3577,4053,66,28,42,33,1,6,126,637,1250,16763,2991,25,1,608,3118,2232,82,485,14198,23,749,3301,17,126,4294,8869,17932,10,240,364,1994,512,675,99069,16101,1943,720,789,1881,5,112,1921
14,161,1260,275,10,2,8,69,47,30,27,217,8,225,39,3,336,948,56,589,6,63,262,3235,123,201,3442,7684,207,32,67,146,2,8,318,146,10864,8478,8177,29,0,172,640,286,473,209,1261,17,10186,308,33,5546,5576,438,3532,6,573,8052,10876,1823,4784,16101,109876,1703,183,559,2709,3,103,3723
14,4,30,39,60,7,42,145,154,16,103,1,49,1,124,2,36,30,0,5,31,50,29,135,1068,0,22,125,1391,188,768,1,10,51,78,518,36,2463,1638,3359,4,3383,16595,2633,911,11809,49,1691,14,2153,86,457,844,19,355,2097,4914,447,5850,12456,0,1943,1703,69643,2151,9673,16,6,1750,2534
0,0,4,6,4,0,4,21,27,2,10,1,3,1,13,0,4,12,0,2,3,6,2,11,110,0,6,16,165,22,71,0,2,4,6,23130,18,257,471,508,202,2251,4919,5825,306,3362,282,1042,39,27497,23,23,311,16,477,472,140,47,163,1558,3,720,183,2151,149331,2727,14,4778,9573,1944
11,2,16,16,3,1,8,46,53,5,3,0,4,0,41,0,50,24,1,6,2,120,14,101,270,1,26,58,731,93,653,0,3,40,53,4395,58,384,3323,11,0,45,9030,128,733,87,338,3,33,1597,1,457,2879,53,1429,3,19139,1068,7750,2825,4,789,559,9673,2727,81652,11,0,1999,10302
0,5,3,7,0,0,0,1,0,3,1,23,0,22,0,0,2,2,8,19,0,0,5,3,5,27,105,241,1,0,1,16,0,0,5,12,78,20,69,2,0,9,24,20,8,6,2567,2,2764,50,1,2,30,330,227,0,4,18,9,8,37,1881,2709,16,14,11,2704,0,5,275
0,0,0,0,0,0,0,0,0,0,0,0,0,0,1,0,0,0,0,0,0,0,0,0,1,0,0,0,0,0,0,0,0,0,0,1,0,1,0,0,921,4034,8,9139,0,21,14,16,0,9399,13,0,0,0,0,2,0,0,0,5,0,5,3,6,4778,0,0,4637,0,104
1,1,2,2,3,0,1,17,17,1,5,1,1,0,8,0,7,4,0,2,1,7,1,4,86,0,5,5,87,9,67,0,0,0,7,734,11,36,237,96,0,71,847,86,199,374,64,36,6,370,11,30,167,3,159,26,336,65,258,998,1,112,103,1750,9573,1999,5,0,7619,1914
4,4,70,22,6,1,1,24,9,4,9,7,3,3,13,0,39,47,1,17,4,26,18,243,81,1,101,268,109,6,65,4,1,4,18,471,288,500,572,217,79,757,1079,1621,155,1582,11103,695,400,2025,13,201,5208,407,7091,250,7013,504,7124,1031,36,1921,3723,2534,1944,10302,275,104,1914,43651
