10.9316225785765,117.80955696106,89.9024524593828,83.9300547673152,124.116120910645,68.3348670959473,71.5570641494379,26.1885967366276,26.3225972290257,73.5846140725272,65.051606024305,104.053465498255,130.963175455729,113.878667831421,15.5570386830773,86.0708312988281,109.922334671021,96.8663424721247,121.648621559143,113.254228864397,61.3979396820068,66.4819525210284,85.5001619127062,79.6222789603376,75.0607547475331,124.986949920654,121.911750385779,124.071634715414,66.8417058342382,18.7243704342378,25.6999172600608,147.010040283203,76.7506658236186,33.1801286865683,70.5906133121914,137.133911132812,0,175.622741699219,88.9820434570313,0,0,0,132.164237976074,0,92.1078033447266,0,0,0,184.422378540039,187.632965087891,0,0,202.227416992188,0,0,0,154.758136749268,89.9039306640625,158.299835205078,108.584862772624,0,179.716528320313,166.408912658691,116.564111328125,131.998476028442,135.762672424316,0,0,165.941787719727,0
117.80955696106,9.31865375418687,45.9517538338377,21.1219408184874,88.8530101776123,128.681365966797,159.079767608643,107.904518127441,129.025006612142,75.8397877426147,179.936108398438,70.9159640098105,169.080993652344,58.6708506133659,131.674835750035,110.971610477992,67.7881879409154,55.2536090767902,74.0301894489517,59.3664431493423,207.41153717041,108.643621717181,25.5272035623815,66.9081171077231,87.0891346471123,29.058554874266,54.4474858388851,33.6581081698827,104.520754691882,113.994046529134,109.055231459597,64.3372401509966,123.368309020996,116.54522450765,65.7834339790236,0,69.256251335144,69.1665101051331,73.5325233459473,0,0,0,159.091430664062,0,227.655731201172,0,100.261366271973,144.990173339844,97.3956909179688,169.560638427734,0,0,98.816712697347,103.994860331217,91.0381096431187,161.270950317383,152.782389322917,118.139218902588,91.0588050842285,132.53497144911,71.7750358581543,88.2113849270728,104.598747693575,0,164.945195515951,79.498405456543,120.362467447917,0,0,114.948576790946
89.9024524593828,45.9517538338377,11.9850951914331,43.5739469178486,109.931716918945,141.697494506836,128.151002987011,96.2764511067114,113.505845270237,107.623699273003,100.003247010474,113.83533212413,169.789103190104,136.597659428914,105.27205773699,135.36611661044,96.6031372363751,38.1021150159517,89.4043799219905,64.7496434592119,157.54313659668,62.4974324805396,62.5136402469792,27.4978058969873,110.81894038636,108.610280990601,36.1046778592577,30.1909256946714,92.2421092881097,107.542638528694,86.3307759438154,92.5766796189912,173.191116333008,108.736094580756,63.0533811701349,0,53.9049662421731,88.9711116622476,54.0752539634705,190.01879119873,0,0,154.702799016779,173.993445656516,148.519866943359,186.08568572998,166.032806396484,0,171.751647949219,174.154662068685,0,152.763554890951,107.710756778717,143.026817321777,120.499891662598,163.653930664062,135.230337778727,108.439231872559,104.86624329479,167.21474202474,0,107.293390528361,95.5727196565438,137.81569925944,181.62523651123,150.621602226706,160.018913269043,0,0,121.007399749756
83.9300547673152,21.1219408184874,43.5739469178486,14.0667564960095,45.0615402779928,117.963075637817,85.7060978480748,73.3762756712893,93.1018836038155,41.6661728792939,80.0978013803293,76.0808440742143,121.911387443542,46.737157482348,97.4149564688546,77.3482334136963,42.345006747543,59.3788413137901,63.7127171123729,59.66857426028,89.1809616088867,57.2813672506456,33.128637712167,55.2568507703194,43.4373934745392,23.1712184916358,51.8446325814282,44.6322410461825,57.9831316815147,84.1610624264059,64.6497928580393,65.1591075668987,133.782431793213,57.3866717875505,63.7567013999791,152.825569152832,39.0834548473358,75.7910608511705,40.8778048753738,81.2658602396647,0,92.1623382568359,150.284618922642,165.495016479492,34.2162640889486,112.411595153809,80.8063759803772,107.617881774902,85.523994869656,116.250345865885,0,132.033480326335,72.3590942083621,105.847388797336,79.7993808587392,73.1775994300842,112.447319507599,6.45295964227828,94.8164498178582,49.0879291441382,50.7472901874118,63.4750050826811,77.00266065353,138.250631544325,91.562385559082,141.957736206055,110.778857421875,0,0,100.230033329555
124.116120910645,88.8530101776123,109.931716918945,45.0615402779928,8.00519919207696,0,69.3065636578728,49.2151320197366,89.6228138657867,33.4406148755715,15.766360795845,172.222663879395,17.7947167282808,190.528884887695,96.5608915601458,51.6725454542372,86.6319904327393,178.047429402669,0,178.745635986328,11.2131404850928,101.661079406738,40.9748385747274,115.538021511502,18.1908975866886,0,146.993896484375,124.444001850329,14.178702180538,88.3286323767866,69.4988071735089,0,139.738754272461,67.5217144489288,90.1083722321883,0,0,0,54.6291776170918,9.77116762614341,0,125.270977020264,116.916585922241,127.678802490234,63.8085736168755,84.0179254743788,0,11.9550615330132,0,165.375411987305,91.828483581543,0,0,0,0,14.7523099300709,0,0,0,67.1280321495874,0,0,168.500099182129,61.8227900822957,90.9435577392578,0,0,0,0,0
68.3348670959473,128.681365966797,141.697494506836,117.963075637817,0,6.70886121676878,8.35545220814397,97.7498153686523,17.7167097925246,120.345001220703,106.997943048892,64.3136100769043,92.5771070627066,75.7544841766357,25.4431083997091,13.7711546795438,0,172.795967102051,74.4243507385254,118.98412322998,121.600009918213,0,0,142.558219909668,130.166665213449,0,148.341987609863,154.446787834167,126.756938709932,24.7474486135197,106.778772354126,137.00478108724,11.1003122908818,0,36.5355549166279,0,0,0,0,0,0,0,0,0,0,0,0,0,0,0,0,152.569747924805,0,0,0,0,0,0,0,173.293151855469,0,0,224.032791137695,0,204.468521118164,0,0,0,0,0
71.5570641494379,159.079767608643,128.151002987011,85.7060978480748,69.3065636578728,8.35545220814397,10.9296845102585,49.6776301952604,16.2722863713585,78.7648422440372,30.8335277708016,95.5250800820284,24.5948201406685,105.672577033609,26.1283814223815,12.0095518085914,129.603972117106,140.52384344422,129.15710873074,152.571910955967,44.2059012154473,106.805918809844,112.912017822266,119.142139380058,83.9410635027872,133.581112670898,147.584376346918,150.571918541277,61.6007096423759,58.5425159928813,93.4566342035929,141.117286258274,31.4642962446189,98.4379257694367,73.8020619760013,148.540985107422,173.951553344727,170.395629882812,99.308313107958,156.443848553826,0,165.581369018555,151.373136080228,162.916264851888,96.9543796115451,163.70674472385,0,72.2987268235948,218.846405029297,180.037882486979,0,0,203.918716430664,0,205.338836669922,144.907341003418,195.42839050293,142.083404541016,195.421981811523,118.361821849172,0,192.307209014893,187.150590515137,152.545887374878,160.348091973199,184.420948028564,0,0,0,196.323725382487
26.1885967366276,107.904518127441,96.2764511067114,73.3762756712893,49.2151320197366,97.7498153686523,49.6776301952604,9.89581778532892,44.0767666269,58.288946260178,16.2055881262053,136.774761777936,67.239917262908,175.096666608538,27.9879562644156,81.6838080666282,86.7749677464582,125.559933233035,153.563214111328,147.534281113568,66.4759627448188,65.0603916789124,83.7027714623345,78.9446213864568,58.7528855052911,152.615748087565,128.539918107713,107.615087958154,30.9674658061519,56.4736101159621,16.5148485749399,170.792156512921,114.210467020671,59.6392779829399,83.0785064109567,209.34504699707,0,154.584953308105,84.9009140416196,125.526605224609,0,138.396530151367,126.213070551554,157.706303914388,76.0661735534668,142.046646118164,0,118.644287109375,0,147.462107340495,0,116.202883402507,183.205403645833,0,0,131.908870697021,135.331039428711,103.991241455078,153.100325811477,95.550402079543,0,187.911019897461,152.918362785788,123.830446879069,161.480414496528,130.662937164307,0,0,128.485876083374,178.395803833008
26.3225972290257,129.025006612142,113.505845270237,93.1018836038155,89.6228138657867,17.7167097925246,16.2722863713585,44.0767666269,11.3485933326551,86.9855474846901,31.1808072558075,79.780812922229,69.8254487486225,86.5763835990273,19.1740946356042,32.9933328805146,133.834318894606,127.547831508329,132.410341001024,137.352695752628,71.5885386304422,91.3243949987949,106.370346762917,102.983114245322,89.929205751882,105.116619696984,138.004218076561,139.15457588571,78.6826243037446,42.6757306177245,59.2082767474569,126.59133502799,22.1991753898613,74.429280090332,60.3894563120574,174.234664916992,133.716468811035,169.873813752205,105.89665222168,199.035614013672,0,159.083057750355,171.89643573761,165.281309127808,84.2690467834473,167.340457569469,176.533335367839,130.349624633789,178.014714558919,185.388166947798,177.890472412109,129.506046295166,195.96937221951,201.00483194987,180.353288650513,151.943471272786,167.733187866211,127.624108450753,187.659683227539,126.221872806549,196.05396270752,168.84275970459,167.359090005198,151.597832838694,180.54638671875,158.346581595285,176.299118041992,0,178.557151794434,200.236358642578
73.5846140725272,75.8397877426147,107.623699273003,41.6661728792939,33.4406148755715,120.345001220703,78.7648422440372,58.288946260178,86.9855474846901,9.02743884214468,72.4249184868552,147.816728526148,16.1306215343562,135.9104291598,94.1775299174674,23.6090023868565,58.7620981693268,125.195041122437,147.699993791251,138.156143265541,37.9415048735482,73.1201539216218,31.0047133183996,106.65758782959,24.3466485378883,113.348393742631,132.978638013204,110.381034768056,53.1818367416113,80.1285877004141,62.0731741430846,143.486132673784,133.333512739702,58.6740452058134,85.2658553151689,0,0,156.092244466146,32.7026087911505,83.4500783920288,0,99.7005615234375,93.6068979899089,121.319849014282,44.425650869097,97.8154685974121,0,78.3843072255452,163.795700073242,128.974090576172,67.3219288417271,0,0,193.25431060791,204.537480672201,77.0543547543612,0,0,194.901763916016,51.4273340991049,117.292495727539,204.669326782227,204.468963623047,93.0757949829102,111.255577087402,139.840126037598,181.492736816406,0,134.759140014648,146.665687561035
65.051606024305,179.936108398438,100.003247010474,80.0978013803293,15.766360795845,106.997943048892,30.8335277708016,16.2055881262053,31.1808072558075,72.4249184868552,11.730345118511,140.919787223522,23.0759937786933,154.276917819319,39.6814488468286,76.6488687750999,109.39523097447,138.595687208505,167.03679878481,153.591689246041,18.6652888335262,87.6660043001175,101.573282965298,86.6496090978946,63.6590500391118,150.47142791748,139.094366082563,141.451473143686,24.3095820910179,83.9035186950551,76.556988982467,165.929278055827,118.380965076793,70.7984706972852,94.9787612290976,238.322998046875,0,167.264297485352,82.191707611084,140.801425388881,0,168.084350585938,114.090866088867,146.085686577691,91.4150991439819,150.216757093157,0,34.4198430713854,200.102005004883,184.472164154053,117.488918304443,0,192.338653564453,236.68798828125,203.125015258789,126.830292701721,0,88.8458862304688,164.481005859375,104.840068255584,191.82258605957,224.552059936523,160.074012756348,143.989116923014,0,117.647842407227,0,0,128.709384918213,0
104.053465498255,70.9159640098105,113.83533212413,76.0808440742143,172.222663879395,64.3136100769043,95.5250800820284,136.774761777936,79.780812922229,147.816728526148,140.919787223522,13.4857182926873,141.414462950171,29.2522321391453,74.7697445093199,91.2585884094238,121.253449757894,62.8738016761565,20.7042008616754,32.5185828642585,150.384331923265,108.107883539415,115.716173111765,102.264490458591,160.759549348251,38.3683296992392,29.5875398052572,71.0447499436692,153.929294173782,71.2230972586268,119.109459693986,50.5469957239323,59.0706479137105,99.5798907279968,35.2874490684795,0,85.7730124337333,136.643949720595,128.196876102024,0,0,0,187.168601989746,225.421630859375,175.781192016602,238.29621887207,87.1203161427673,0,70.9167119372975,163.326526641846,0,231.984527587891,135.107480829412,101.019463920593,109.121241056002,213.153335571289,0,132.015737915039,182.57913462321,193.377044677734,58.078078721699,98.1069963516728,97.2968715333102,0,153.798403422038,0,94.4077302085029,0,0,121.368793911404
130.963175455729,169.080993652344,169.789103190104,121.911387443542,17.7947167282808,92.5771070627066,24.5948201406685,67.239917262908,69.8254487486225,16.1306215343562,23.0759937786933,141.414462950171,8.80444628394775,162.351187313304,102.304922439039,18.0464480678219,0,175.47622026716,171.10621547699,168.94508596567,13.3448402808087,123.397682189941,112.179012616475,193.807510375977,18.7298361950077,178.830123901367,169.330395954411,179.007254873003,45.0973159213399,104.355884745151,89.8717130025228,180.019184992864,119.875560234333,75.8053293228149,110.467666329689,0,0,149.158447265625,39.4078567504883,37.1066353191029,0,45.4828547583686,89.1851806640625,87.813198362078,50.3026866912842,36.1875635849502,141.742599487305,14.4370164990219,0,101.92282976423,55.0802768525623,0,232.371719360352,226.323547363281,0,13.9768969860312,0,0,174.383270263672,76.8737492416844,0,209.78657913208,173.131062825521,78.7321230570475,117.920125961304,168.393753051758,0,0,0,129.271255493164
113.878667831421,58.6708506133659,136.597659428914,46.737157482348,190.528884887695,75.7544841766357,105.672577033609,175.096666608538,86.5763835990273,135.9104291598,154.276917819319,29.2522321391453,162.351187313304,10.6777967925599,91.2293072636263,157.266066414969,140.073139190674,117.226581573486,62.5720611121584,75.7434230714332,160.586102803548,152.084664481027,104.298612489092,142.301884787423,149.77587890625,17.1018464128853,30.6034051680051,43.4357570973914,159.192686080933,95.0487208608854,168.111204528809,18.5618340366036,72.2536730332808,142.4557762146,56.0088904824173,0,81.7623583475749,137.819595336914,96.9978536878313,0,0,0,221.972137451172,232.453506469727,156.232945760091,0,79.9359317421913,0,64.100840604758,0,0,236.661819458008,129.87305577596,88.7683467158565,114.775625228882,0,0,125.597667694092,156.206680297852,185.071801757812,44.7123219476987,92.8647294964707,88.7313570295061,0,178.88304901123,0,84.5379297537882,109.017807006836,0,124.601732381185
15.5570386830773,131.674835750035,105.27205773699,97.4149564688546,96.5608915601458,25.4431083997091,26.1283814223815,27.9879562644156,19.1740946356042,94.1775299174674,39.6814488468286,74.7697445093199,102.304922439039,91.2293072636263,10.6141889975555,38.1722424674678,125.489443265475,119.348735148182,109.201395021263,123.31817344383,103.043625640869,84.5257587833004,111.454264607923,95.9982622437161,101.254228862023,104.883266795765,124.661146930317,127.89273378412,82.5199169031123,22.9754327740806,51.4671690710439,117.617634243435,20.0739446169229,38.047122532426,47.9288506597496,158.385360717773,0,174.203083292643,106.140193939209,168.88249206543,0,170.260513305664,174.465032958984,179.641088485718,0,189.244232177734,195.802983601888,96.5126190185547,163.293466186523,210.09875869751,0,175.083323160807,170.662673950195,171.223858642578,172.841201782227,167.914131164551,149.90948232015,131.473934936523,183.599657925692,141.544889276678,130.223175048828,164.503163655599,161.488363857927,149.602186475481,177.511838912964,161.656937493218,0,0,161.664169311523,180.674631754557
86.0708312988281,110.971610477992,135.36611661044,77.3482334136963,51.6725454542372,13.7711546795438,12.0095518085914,81.6838080666282,32.9933328805146,23.6090023868565,76.6488687750999,91.2585884094238,18.0464480678219,157.266066414969,38.1722424674678,8.66974144779791,95.5700149536133,150.66330464681,193.289291381836,167.954664230347,59.0280753326416,135.763914108276,66.6166865191882,126.386032691369,45.7474514409115,158.399368286133,162.347297668457,147.438125398424,80.5038512420654,56.9203841084182,87.9602515179178,120.164253234863,36.1543680901402,83.2537574768066,69.2194685935974,0,0,0,29.908883412679,99.2408752441406,0,0,166.652816772461,0,59.9838371276855,0,0,68.0093536376953,0,179.030632019043,0,0,178.711975097656,0,0,99.0840771993001,0,138.766143798828,0,103.289309501648,0,193.441787719727,0,177.501937866211,0,0,0,0,0,233.88459777832
109.922334671021,67.7881879409154,96.6031372363751,42.345006747543,86.6319904327393,0,129.603972117106,86.7749677464582,133.834318894606,58.7620981693268,109.39523097447,121.253449757894,0,140.073139190674,125.489443265475,95.5700149536133,16.3234036275569,112.270299550649,132.856316566467,124.982597096761,0,19.1496621238301,32.0983846425594,18.0691619809264,40.3359866549131,121.389656066895,126.42453918457,26.845117996039,41.3426967335639,113.040084075928,75.2699506823458,164.778533935547,0,82.5031237602234,80.6849074811567,0,0,106.56437365214,57.7774840159396,0,0,0,151.690399169922,0,153.632904052734,0,188.751731872559,0,0,162.184211730957,0,96.1758183373345,136.094045639038,0,154.935020446777,0,104.877974155971,52.4388611691857,97.2075537363688,125.934781074524,0,206.022033691406,104.606994628906,124.859399061937,160.078674316406,114.939698652788,196.276138305664,0,122.166698455811,129.063222885132
96.8663424721247,55.2536090767902,38.1021150159517,59.3788413137901,178.047429402669,172.795967102051,140.52384344422,125.559933233035,127.547831508329,125.195041122437,138.595687208505,62.8738016761565,175.47622026716,117.226581573486,119.348735148182,150.66330464681,112.270299550649,12.4381835800357,59.3913396007299,19.4748969909222,0,69.0934461077029,84.8011395339425,29.3033411988195,131.174154496351,66.5333767845517,39.3293831759634,62.6455550545114,114.299552834294,100.103783277968,78.6213275528747,97.5187444350299,155.631189234117,82.851156463623,39.6615128579771,183.351872762044,67.0697050094604,109.406670257335,85.1283090764826,205.028717041016,0,201.638534545898,178.714928122128,191.113016764323,223.122177124023,198.381062825521,161.731341552734,0,130.802294413249,202.311472211565,223.655090332031,189.38954671224,114.316125090693,141.479871114095,115.207324786064,0,165.68158976237,115.009661865234,130.050197485721,177.517142401801,109.600659688314,101.235737582615,114.283344347724,185.69438680013,175.973536900112,172.455537160238,0,0,197.427894592285,116.850634166173
121.648621559143,74.0301894489517,89.4043799219905,63.7127171123729,0,74.4243507385254,129.15710873074,153.563214111328,132.410341001024,147.699993791251,167.03679878481,20.7042008616754,171.10621547699,62.5720611121584,109.201395021263,193.289291381836,132.856316566467,59.3913396007299,7.25447829827979,21.216309711,169.613723754883,114.378173589706,115.448511893289,107.477674166361,172.793855146928,47.3293553690511,32.6221493767738,65.2361890695657,160.824266052246,103.896410913178,122.477112416471,55.6581658202611,105.837465922038,111.196941375732,53.0622774088403,193.390350341797,99.774787902832,199.38028717041,123.092221577962,0,0,0,202.659027099609,157.872985839844,0,0,105.385540771484,0,93.6990078517369,191.025479634603,0,0,132.247977733612,101.759363831592,107.83179473877,0,188.487457275391,151.786664962769,155.894260406494,183.589899698893,65.2853801638581,96.9195474665216,96.2632528695579,0,179.943166097005,180.974328613281,101.546531854674,0,0,115.483763694763
113.254228864397,59.3664431493423,64.7496434592119,59.66857426028,178.745635986328,118.98412322998,152.571910955967,147.534281113568,137.352695752628,138.156143265541,153.591689246041,32.5185828642585,168.94508596567,75.7434230714332,123.31817344383,167.954664230347,124.982597096761,19.4748969909222,21.216309711,12.1177758735742,165.226516723633,93.9179768696009,103.745405887534,61.52259520407,147.205141900813,47.0515603495168,29.1592876878707,64.4778650497149,136.423820713588,111.10151755593,95.6346217880664,63.4169985345528,116.361686706543,105.99777247111,46.0086523394279,186.170467376709,68.1007864210341,120.412543523879,90.2976591690727,0,0,0,183.084686279297,202.76788160536,183.883616129557,0,117.743342472957,0,105.860557324959,177.041345214844,0,169.666412353516,117.619284826862,110.961115379856,105.983887007257,0,164.774444580078,142.328342437744,147.015379333496,197.938959121704,69.0548302577092,99.5376551775095,102.768603557574,187.128204345703,176.574402809143,175.435842660757,107.265954237718,149.568939208984,186.965286254883,115.722170705381
61.3979396820068,207.41153717041,157.54313659668,89.1809616088867,11.2131404850928,121.600009918213,44.2059012154473,66.4759627448188,71.5885386304422,37.9415048735482,18.6652888335262,150.384331923265,13.3448402808087,160.586102803548,103.043625640869,59.0280753326416,0,0,169.613723754883,165.226516723633,7.28399684504756,135.769470214844,64.3915786743164,143.157110214233,15.106892516831,0,179.157220840454,182.74329439799,27.9114267602759,103.926366747938,124.743572235107,187.705230712891,127.907939365932,101.692140579224,106.861820076996,0,0,0,94.6269248962402,6.24855468891285,0,0,0,0,0,0,0,7.60941642593489,0,0,0,0,0,232.538177490234,0,122.845306396484,0,0,0,107.666482543945,0,225.693939208984,0,124.621063232422,0,0,0,0,0,0
66.4819525210284,108.643621717181,62.4974324805396,57.2813672506456,101.661079406738,0,106.805918809844,65.0603916789124,91.3243949987949,73.1201539216218,87.6660043001175,108.107883539415,123.397682189941,152.084664481027,84.5257587833004,135.763914108276,19.1496621238301,69.0934461077029,114.378173589706,93.9179768696009,135.769470214844,12.553047957739,55.287209471235,30.3939010725278,31.2411587371668,126.861431121826,103.473614638826,85.3872322957873,27.2886798296602,68.8212524138775,29.2697466669688,158.484619140625,137.800527572632,21.3512327432632,40.0530035448331,0,105.988819122314,124.651103591919,69.0724475175906,0,0,0,143.240478515625,232.29508972168,0,0,179.102630615234,0,179.744682312012,163.221836090088,0,106.473698674416,171.468765258789,0,186.656745910645,0,110.107636919209,65.0875450288407,120.763909601532,109.32817586263,0,152.650118509928,137.137110826446,128.058082580566,145.093466440837,112.833703292044,0,215.124694824219,119.01849822998,143.674166361491
85.5001619127062,25.5272035623815,62.5136402469792,33.128637712167,40.9748385747274,0,112.912017822266,83.7027714623345,106.370346762917,31.0047133183996,101.573282965298,115.716173111765,112.179012616475,104.298612489092,111.454264607923,66.6166865191882,32.0983846425594,84.8011395339425,115.448511893289,103.745405887534,64.3915786743164,55.287209471235,9.52166838289698,54.770027210993,32.8056514896926,79.4513813883463,99.7181730703874,43.4090483563904,52.026401301955,87.0554149578779,66.5170519066943,110.298001693467,154.402137756348,71.5503914572976,67.8634798278107,0,92.1620254516602,98.4649914332798,37.0875983061614,132.959686279297,0,128.719757080078,162.37434387207,139.396881103516,82.125846862793,0,139.041168212891,0,135.69868687221,192.168716430664,0,68.6742919921875,141.08732882413,168.450500488281,174.58585357666,106.083839416504,96.6725251334054,11.0756972934317,106.25746067365,94.6188673722117,110.482940673828,133.527960205078,109.602080378039,124.39474105835,145.358721415202,128.409220377604,0,0,0,146.381629943848
79.6222789603376,66.9081171077231,27.4978058969873,55.2568507703194,115.538021511502,142.558219909668,119.142139380058,78.9446213864568,102.983114245322,106.65758782959,86.6496090978946,102.264490458591,193.807510375977,142.301884787423,95.9982622437161,126.386032691369,18.0691619809264,29.3033411988195,107.477674166361,61.52259520407,143.157110214233,30.3939010725278,54.770027210993,17.1752338460213,74.1695341928267,136.189289516873,73.2887337354922,49.1334338724013,49.4024127327011,93.2327604070376,59.647554612991,137.832250646643,154.425585696572,55.546328888383,42.2507722813958,152.09653363909,64.8889946937561,98.8240978115806,68.6308336873208,214.078002929688,0,198.26301574707,168.696971084132,187.105479431152,0,178.10376739502,153.385767618815,0,185.779361724854,182.449669247582,0,103.709944488309,132.034790750277,188.204522705078,152.724770938649,0,126.6871146889,63.8454021698979,106.552101751012,151.927908216204,91.1532516479492,129.000051741167,102.251100992007,160.097582036799,162.426922934396,153.218945702841,172.888717651367,0,180.42618560791,123.903613767762
75.0607547475331,87.0891346471123,110.81894038636,43.4373934745392,18.1908975866886,130.166665213449,83.9410635027872,58.7528855052911,89.929205751882,24.3466485378883,63.6590500391118,160.759549348251,18.7298361950077,149.77587890625,101.254228862023,45.7474514409115,40.3359866549131,131.174154496351,172.793855146928,147.205141900813,15.106892516831,31.2411587371668,32.8056514896926,74.1695341928267,12.1265405931345,125.842747254805,149.950163900441,86.171893137909,14.5983927790354,83.842144500754,68.6668753590059,166.704162793282,141.238300910363,65.5740975111494,79.5652827063045,119.674452463786,100.319025039673,138.44005878155,56.8111924094123,106.759166870117,0,129.998664855957,121.272317956995,134.087199317084,63.8231844019007,126.803959655762,206.35205078125,107.033363342285,220.735691070557,140.975608825684,0,103.432684056899,189.760437011719,0,210.667388916016,95.7260478251689,131.270481533474,79.2824698554145,153.41686396445,70.8409282813653,0,191.910439627511,157.854185665355,111.892279177296,133.944796717444,115.578582945324,203.897125244141,0,116.175427436829,146.271814786471
124.986949920654,29.058554874266,108.610280990601,23.1712184916358,0,0,133.581112670898,152.615748087565,105.116619696984,113.348393742631,150.47142791748,38.3683296992392,178.830123901367,17.1018464128853,104.883266795765,158.399368286133,121.389656066895,66.5333767845517,47.3293553690511,47.0515603495168,0,126.861431121826,79.4513813883463,136.189289516873,125.842747254805,8.50824029037904,42.5716451250988,26.8786731517752,163.259089152018,96.7400447300502,143.991853078206,40.4365883307023,89.6753692626953,118.751510620117,65.424596291462,0,74.1559608459473,0,88.6322116851807,0,0,0,0,0,216.044738769531,0,74.9036876454073,0,60.0802750917945,0,0,0,90.576481628418,85.1756642659505,69.7565532684326,0,0,134.897766113281,0,168.827116012573,23.191479572883,75.4557298932757,73.5544486749368,0,0,178.42610168457,75.9973341941834,0,0,87.0423030853271
121.911750385779,54.4474858388851,36.1046778592577,51.8446325814282,146.993896484375,148.341987609863,147.584376346918,128.539918107713,138.004218076561,132.978638013204,139.094366082563,29.5875398052572,169.330395954411,30.6034051680051,124.661146930317,162.347297668457,126.42453918457,39.3293831759634,32.6221493767738,29.1592876878707,179.157220840454,103.473614638826,99.7181730703874,73.2887337354922,149.950163900441,42.5716451250988,15.4235821960359,40.8090657333319,140.128476684158,118.878674182775,114.296279525333,29.3004221854472,124.98089890253,122.601919809977,65.4016566598933,196.845764160156,81.8400993347168,112.686520204706,86.9126812616984,0,0,230.799415588379,185.068571610884,168.518797556559,181.835075378418,193.453353881836,98.9379661715761,0,83.2289225794688,171.128077189128,0,180.293571472168,110.121164262665,93.6642326354981,98.3550456120418,205.420303344727,162.567808363173,149.541217258998,147.76098590427,187.123918321398,55.1849466085434,89.5761110673443,90.2841957064132,0,143.987240717961,175.921008639865,90.9096102419153,139.72338104248,159.535842895508,110.257551502046
124.071634715414,33.6581081698827,30.1909256946714,44.6322410461825,124.444001850329,154.446787834167,150.571918541277,107.615087958154,139.15457588571,110.381034768056,141.451473143686,71.0447499436692,179.007254873003,43.4357570973914,127.89273378412,147.438125398424,26.845117996039,62.6455550545114,65.2361890695657,64.4778650497149,182.74329439799,85.3872322957873,43.4090483563904,49.1334338724013,86.171893137909,26.8786731517752,40.8090657333319,20.1754316640021,84.1765059877856,116.253694632215,108.115102755686,37.2589864475032,140.877149047852,113.121368651694,71.4958258709473,175.457358224051,71.1576422427563,92.1423224747547,68.093829981486,185.217735290527,0,193.960827636719,166.77237886371,186.276954345703,172.584261576335,191.496681800255,108.504248030642,207.428825378418,93.9204455933284,179.687245810904,151.920463562012,103.842261978343,116.198724779402,106.221865081787,109.267399114542,181.852284749349,126.650458415956,60.9081825443445,103.097106481404,164.430010422416,56.4514004843576,101.81344602364,95.3464242066026,160.33198038737,173.460371511954,155.45244302555,103.592536096988,149.800979614258,161.508110046387,114.415778670772
66.8417058342382,104.520754691882,92.2421092881097,57.9831316815147,14.178702180538,126.756938709932,61.6007096423759,30.9674658061519,78.6826243037446,53.1818367416113,24.3095820910179,153.929294173782,45.0973159213399,159.192686080933,82.5199169031123,80.5038512420654,41.3426967335639,114.299552834294,160.824266052246,136.423820713588,27.9114267602759,27.2886798296602,52.026401301955,49.4024127327011,14.5983927790354,163.259089152018,140.128476684158,84.1765059877856,9.56871684959743,82.370654473986,37.3314837161853,178.292395019531,137.078723046087,60.9582916218336,59.3191901157331,127.789068857829,103.787666320801,144.647209754357,72.7236019134521,131.798851175511,0,140.311709812709,141.416127522786,146.777157030608,81.5178377787272,142.537741484465,0,105.170927047729,223.123519897461,142.94622833252,101.644790649414,104.507014804416,204.744010925293,0,198.395950317383,120.039466533255,110.149243513743,71.7627690887451,144.030706448025,92.0462841067694,0,210.704528808594,148.595932006836,120.874025846782,137.827582836151,116.908795338757,0,0,117.920053209577,165.034538269043
18.7243704342378,113.994046529134,107.542638528694,84.1610624264059,88.3286323767866,24.7474486135197,58.5425159928813,56.4736101159621,42.6757306177245,80.1285877004141,83.9035186950551,71.2230972586268,104.355884745151,95.0487208608854,22.9754327740806,56.9203841084182,113.040084075928,100.103783277968,103.896410913178,111.10151755593,103.926366747938,68.8212524138775,87.0554149578779,93.2327604070376,83.842144500754,96.7400447300502,118.878674182775,116.253694632215,82.370654473986,12.5059946686991,24.2777937048836,121.192485731475,15.8000507623368,17.3272457372362,32.9237600587578,150.191145155165,116.867637634277,155.077906095065,89.3987488746643,177.12712097168,0,164.561254882813,148.981964874268,168.677632948932,117.36877857555,177.635063171387,167.630574544271,129.071956634521,170.848007202148,171.25526936849,0,123.321318233714,165.718783378601,145.272145589193,145.096323394775,180.144663492839,143.783421325684,103.989191691081,167.819816080729,130.229016264608,0,152.18142914772,146.132760910761,142.847383362906,160.339727352827,151.862818774055,149.967834472656,0,160.91906956264,156.863353983561
25.6999172600608,109.055231459597,86.3307759438154,64.6497928580393,69.4988071735089,106.778772354126,93.4566342035929,16.5148485749399,59.2082767474569,62.0731741430846,76.556988982467,119.109459693986,89.8717130025228,168.111204528809,51.4671690710439,87.9602515179178,75.2699506823458,78.6213275528747,122.477112416471,95.6346217880664,124.743572235107,29.2697466669688,66.5170519066943,59.647554612991,68.6668753590059,143.991853078206,114.296279525333,108.115102755686,37.3314837161853,24.2777937048836,10.6042297076422,154.631997172038,115.363379738548,32.7630231471623,44.4621024811719,164.012896728516,122.217004394531,151.09230110862,75.1446352135645,184.320671081543,0,138.986768086751,140.375100029839,151.678594415838,83.4878883361816,138.474105834961,194.99885559082,0,0,161.585269165039,0,109.411120022044,174.676447251264,0,201.590126037598,136.622970581055,117.074412841797,73.7285399156458,151.80755506243,114.978654196096,0,179.249551391602,150.931598489935,120.065218757181,138.556902129075,126.792750872098,237.693252563477,192.716033935547,131.895112991333,148.305415344238
147.010040283203,64.3372401509966,92.5766796189912,65.1591075668987,0,137.00478108724,141.117286258274,170.792156512921,126.59133502799,143.486132673784,165.929278055827,50.5469957239323,180.019184992864,18.5618340366036,117.617634243435,120.164253234863,164.778533935547,97.5187444350299,55.6581658202611,63.4169985345528,187.705230712891,158.484619140625,110.298001693467,137.832250646643,166.704162793282,40.4365883307023,29.3004221854472,37.2589864475032,178.292395019531,121.192485731475,154.631997172038,10.3475944441493,111.359161376953,140.302532196045,81.3507624456674,0,101.528779029846,168.906377156576,163.682713826497,220.287612915039,0,0,0,0,166.874404907227,0,96.5670453917305,0,86.4295216287885,155.413200378418,0,0,144.633683776855,97.054782131262,110.230564541287,0,0,0,203.553123474121,217.727638244629,48.3899679792688,96.6765670271109,93.297163117921,0,159.192565917969,0,92.6795443799122,0,0,124.131807599749
76.7506658236186,123.368309020996,173.191116333008,133.782431793213,139.738754272461,11.1003122908818,31.4642962446189,114.210467020671,22.1991753898613,133.333512739702,118.380965076793,59.0706479137105,119.875560234333,72.2536730332808,20.0739446169229,36.1543680901402,0,155.631189234117,105.837465922038,116.361686706543,127.907939365932,137.800527572632,154.402137756348,154.425585696572,141.238300910363,89.6753692626953,124.98089890253,140.877149047852,137.078723046087,15.8000507623368,115.363379738548,111.359161376953,4.81928917738331,70.3347810109456,35.315274977684,0,0,122.239463806152,0,0,0,0,0,0,0,0,0,0,99.1203193664551,0,0,0,0,0,161.475591023763,0,0,0,0,189.860862731934,92.3199920654297,160.654541015625,168.678863525391,169.848724365234,0,193.46955871582,208.888916015625,0,0,175.096466064453
33.1801286865683,116.54522450765,108.736094580756,57.3866717875505,67.5217144489288,0,98.4379257694367,59.6392779829399,74.429280090332,58.6740452058134,70.7984706972852,99.5798907279968,75.8053293228149,142.4557762146,38.047122532426,83.2537574768066,82.5031237602234,82.851156463623,111.196941375732,105.99777247111,101.692140579224,21.3512327432632,71.5503914572976,55.546328888383,65.5740975111494,118.751510620117,122.601919809977,113.121368651694,60.9582916218336,17.3272457372362,32.7630231471623,140.302532196045,70.3347810109456,7.32629672827877,22.7018528058357,0,0,0,72.0092512130737,154.920181274414,0,149.81852722168,125.694654846191,150.95690536499,0,183.984893798828,0,0,0,149.752044677734,0,88.006477355957,0,0,0,132.6513671875,119.824195861816,74.4267997741699,139.648418426514,112.126055399577,0,0,155.668464660645,126.457284407182,140.219135829381,116.19394938151,0,0,133.362075805664,0
70.5906133121914,65.7834339790236,63.0533811701349,63.7567013999791,90.1083722321883,36.5355549166279,73.8020619760013,83.0785064109567,60.3894563120574,85.2658553151689,94.9787612290976,35.2874490684795,110.467666329689,56.0088904824173,47.9288506597496,69.2194685935974,80.6849074811567,39.6615128579771,53.0622774088403,46.0086523394279,106.861820076996,40.0530035448331,67.8634798278107,42.2507722813958,79.5652827063045,65.424596291462,65.4016566598933,71.4958258709473,59.3191901157331,32.9237600587578,44.4621024811719,81.3507624456674,35.315274977684,22.7018528058357,11.4193842092702,158.866560799735,92.2828683853149,106.678032203957,73.5237745012556,152.189575195312,0,201.240979003906,177.735430036272,185.946226755778,170.009740193685,151.031005859375,131.6715965271,113.608169555664,126.474727842543,165.831454806858,0,112.507708358765,126.839859008789,124.340080753449,121.201164805094,183.043426513672,124.953619595232,77.3503209573251,114.524583146379,118.946613914088,92.7074650035185,111.830692680019,113.707079129945,134.640080620261,150.632754855686,144.348790884018,133.404973347982,224.874038696289,208.462043762207,124.075344166857
137.133911132812,0,0,152.825569152832,0,0,148.540985107422,209.34504699707,174.234664916992,0,238.322998046875,0,0,0,158.385360717773,0,0,183.351872762044,193.390350341797,186.170467376709,0,0,0,152.09653363909,119.674452463786,0,196.845764160156,175.457358224051,127.789068857829,150.191145155165,164.012896728516,0,0,0,158.866560799735,9.08193048751554,127.31459236145,121.982230912394,75.3895177997527,92.7406780536358,92.0845165252686,83.4773173482795,20.200073134068,43.2373670544928,68.3621841747456,73.5121193942645,131.971463521322,73.4038003285726,143.636790275574,24.0643754648648,109.892578125,87.4502051382354,111.68834617235,138.443023681641,128.003173758131,110.750802612305,83.6291210411838,73.9100126538958,97.8196374671047,70.0111444316385,144.06428527832,128.359148762014,132.315155367879,84.5546408283467,21.014006820408,36.2583390285269,163.301164627075,82.3857396443685,48.2557625017668,78.576870212778
0,69.256251335144,53.9049662421731,39.0834548473358,0,0,173.951553344727,0,133.716468811035,0,0,85.7730124337333,0,81.7623583475749,0,0,0,67.0697050094604,99.774787902832,68.1007864210341,0,105.988819122314,92.1620254516602,64.8889946937561,100.319025039673,74.1559608459473,81.8400993347168,71.1576422427563,103.787666320801,116.867637634277,122.217004394531,101.528779029846,0,0,92.2828683853149,127.31459236145,6.66912011278864,47.3451264583703,14.352188437391,0,0,153.786565144857,115.558200914033,139.285624942264,71.1863188101432,123.997998046875,68.1340527785452,108.405957539876,49.2528126309412,132.530277252197,116.828699747721,64.8422943995549,57.9773722138134,68.7345739214608,56.9825005440361,0,100.233592605591,26.0018413697315,65.261088848114,69.3540426301367,21.748555148832,49.7924342782714,27.5669100741249,119.256540151743,131.192413330078,106.326127303274,68.4000142685911,131.031127929688,109.304128011068,62.9785098375593
175.622741699219,69.1665101051331,88.9711116622476,75.7910608511705,0,0,170.395629882812,154.584953308105,169.873813752205,156.092244466146,167.264297485352,136.643949720595,149.158447265625,137.819595336914,174.203083292643,0,106.56437365214,109.406670257335,199.38028717041,120.412543523879,0,124.651103591919,98.4649914332798,98.8240978115806,138.44005878155,0,112.686520204706,92.1423224747547,144.647209754357,155.077906095065,151.09230110862,168.906377156576,122.239463806152,0,106.678032203957,121.982230912394,47.3451264583703,14.2126971281932,41.01138406002,133.675033569336,154.658126831055,129.885783463073,99.2794249253081,124.020563300139,104.838163736704,117.118819941787,95.232975561642,149.24420759413,92.2688372812153,125.913420276962,120.228899637858,72.9046316588951,47.6771810376141,86.7591019719025,71.2714618272585,149.85343170166,70.3373559623073,55.4464186242286,34.1571134312762,96.3630346193958,92.5368804931641,31.7273336217564,37.5042461169301,92.2682812672395,139.736221045106,97.9652294148067,90.9982962149161,174.183045959473,115.536891555786,72.8551618085049
88.9820434570313,73.5325233459473,54.0752539634705,40.8778048753738,54.6291776170918,0,99.308313107958,84.9009140416196,105.89665222168,32.7026087911505,82.191707611084,128.196876102024,39.4078567504883,96.9978536878313,106.140193939209,29.908883412679,57.7774840159396,85.1283090764826,123.092221577962,90.2976591690727,94.6269248962402,69.0724475175906,37.0875983061614,68.6308336873208,56.8111924094123,88.6322116851807,86.9126812616984,68.093829981486,72.7236019134521,89.3987488746643,75.1446352135645,163.682713826497,0,72.0092512130737,73.5237745012556,75.3895177997527,14.352188437391,41.01138406002,14.7732590712034,70.68264073339,106.333366394043,83.0382358061962,66.3483972987312,88.5109645474342,12.8385460027009,76.4186480682675,88.519033578726,46.5412924630301,68.6092007093696,92.0301751024325,85.5771143436432,31.9968186015535,58.8906812527479,89.2446333463075,62.1127121068254,60.1370991600884,50.381358739898,29.4273439708984,53.1576095310154,29.1676975336307,37.8191235087333,52.285489965059,37.9456427704348,55.8397873542678,82.9331992889618,61.735121212849,95.8700133236972,138.361184553667,67.044490814209,68.8086889112318
