12.3382379868676,117.430639827953,78.5919027679703,86.0904559085244,0,59.5210189819336,52.9992437118139,22.6646507161343,13.4150133557762,67.4529680169147,30.8208194480223,113.140079498291,96.0208587646484,148.533843994141,8.35907533514579,90.0017967224121,112.669894218445,90.3569991167854,131.74324798584,122.126277770996,70.1788101196289,55.2099647883711,89.7745598879727,72.6490525381906,72.3174039575438,140.079914093018,108.360758296779,118.716614271465,51.1980948692713,9.61916490395036,21.2491252605597,152.455921173096,84.0926123725043,14.8739429533482,80.7636698548512,168.680023193359,0,0,83.5647226969401,0,0,0,0,146.135528564453,0,0,0,0,0,0,0,0,0,0,195.884353637695,0,0,87.5987567901611,0,0,0,0,0,126.209407806396,0,139.544156392415,0,0,0,0
117.430639827953,6.39752384765884,37.9507826531139,27.9012428949162,108.435180664062,183.037780761719,142.736773899623,118.330292111351,133.851601600647,73.1321775168667,121.685289001465,77.1683227639449,88.0524749755859,58.0972402634159,129.778169155121,108.215760272482,77.436531829834,49.3763069777539,80.352975045481,55.0887405030868,0,89.1346230660715,25.7991938779049,60.8724634815769,80.3630035349865,20.9684997762502,40.5278875291689,28.4462700955228,96.4567944294698,99.7260591222885,101.853667873806,74.3831509959941,115.528681945801,117.849932861328,63.9127725227893,0,0,103.132301330566,77.3917080879211,0,0,0,174.011199951172,0,113.392996651786,0,137.982498168945,119.931198120117,90.5783470153809,0,0,0,0,123.258991241455,0,138.976483154297,0,147.220081329346,129.842455546061,113.333274254432,87.3515434265137,107.300457000732,117.13053894043,164.426635742188,0,0,99.3218994140625,0,0,0
78.5919027679703,37.9507826531139,9.82829257880531,38.985150433722,117.94641494751,157.379908243815,123.326492758358,89.0513257323972,107.701851878759,107.174669538225,88.7465329552502,87.9554632263184,124.06963857015,99.5547832992842,100.172236435543,114.860838456587,81.514346661775,35.5131771247711,99.3541584014893,73.1331906636556,130.298497517904,56.7097072739532,51.1683607528459,19.4947346654447,102.162974566948,104.173755645752,26.8115977778131,31.0036001434752,81.8584878658181,94.3830720864888,77.5925440973239,87.3175483817485,159.369914661754,101.341554121538,56.8751214605863,0,117.689170837402,82.4465123538313,73.3335380554199,0,0,0,166.05334777832,162.383201599121,0,163.593017578125,155.790702819824,0,147.88395690918,171.038833618164,0,129.216687011719,105.840081569127,138.715850830078,130.624877929688,0,122.564158757528,65.2125409933237,93.9235175706418,138.763195037842,105.545600891113,96.8340768814087,93.8268522156609,157.637771606445,185.068885803223,0,0,0,186.890335083008,109.339490388569
86.0904559085244,27.9012428949162,38.985150433722,34.0804907625372,49.2219597767975,118.713267735073,105.53257139339,80.6614921334557,103.609613250732,17.158557940799,74.2955799322019,68.4140908665127,53.865276000079,55.2507715182454,110.184932913099,51.4122410687533,45.2907124508406,52.8237883073149,56.5313453052355,50.9428667614277,73.7242383956909,57.1783666133157,26.3323971048282,50.2189000400998,37.2559935963115,27.3259609173803,39.0788119551317,46.1189766061235,54.604064543533,80.399659082445,63.8917919695187,82.8359211408175,134.877795410156,57.963298139901,60.6723071802819,118.550651550293,86.5464070638021,48.0940071428941,32.1077214082082,103.889747619629,178.832473754883,193.063247680664,138.390546798706,150.404042561849,87.7966590881348,155.372108459473,86.9773205843839,142.533432006836,68.9456146240234,150.914536325555,0,58.3061684776755,61.107603395728,78.1765295664469,56.8518966690934,140.244888305664,74.7701579823214,8.16458920657127,56.0662707910087,88.3778775822033,75.5957200229168,49.4301949546103,52.3019096715041,102.627925139207,135.833205223083,104.218461648012,113.602949959891,0,107.946403503418,72.6058793416837
0,108.435180664062,117.94641494751,49.2219597767975,7.54503964559263,0,66.2638355054353,49.4312698364258,83.2873070456765,31.4030845551877,12.8605840119383,0,15.0685811387319,0,98.4588386898949,44.0570444853409,101.088912963867,121.001846313477,0,0,9.85647212412703,64.974739074707,66.1108875274658,110.181101904975,17.2741092270188,0,131.174520492554,132.673278808594,14.7863821515928,71.6855201405927,61.59149183076,185.253280639648,134.148551940918,72.4104993343353,74.2745469411214,0,0,0,72.9589614868164,7.10670807459187,0,134.119247436523,0,0,70.1169617970784,134.985778808594,0,11.1640631198883,0,0,0,0,0,0,0,11.8739039299047,0,171.241027832031,0,41.9678538117228,0,0,0,25.3377922375997,0,0,0,0,0,0
59.5210189819336,183.037780761719,157.379908243815,118.713267735073,0,5.98053789484592,8.14417609990321,95.1903512137277,21.3225585085978,90.2033331734794,100.20580078125,57.7057592074076,80.551783879598,76.4251734759357,22.330802490998,14.67011708826,0,164.401846313477,81.2512664794922,124.438385009766,0,178.141487121582,98.6643714904785,125.824333826701,138.933918544224,79.6822331746419,179.816555786133,147.331957075331,119.066388581928,25.5013585634972,117.37353515625,105.386627197266,9.51638937174818,58.8773345947266,37.7292794010095,0,0,0,0,0,0,0,0,0,0,0,0,0,0,0,0,0,0,0,0,0,0,0,0,175.461578369141,130.404373168945,165.822731018066,164.029174804688,0,0,0,0,0,0,0
52.9992437118139,142.736773899623,123.326492758358,105.53257139339,66.2638355054353,8.14417609990321,10.1672793142742,46.884158711774,15.9057359344978,86.2210189254196,23.3194608028128,75.4678194146407,24.2575924820825,99.0208539493748,20.9089480418749,13.5254549822303,139.809204101562,137.362370836866,108.924003601074,111.494816589355,41.7476021737763,104.250853889867,98.6314006604646,112.918984037457,87.0914693245521,117.931144714355,145.247411748414,141.931207803579,55.1639756257074,40.8016245651044,92.3121057930639,155.341808319092,18.4678408976972,80.2913249538791,69.627395927906,0,0,181.322372436523,98.0098241170247,0,0,154.451210021973,155.776733398438,187.846515655518,0,167.801111857096,0,40.7162799835205,0,159.115478515625,0,188.885452270508,0,0,0,140.445332845052,0,112.133861541748,150.714004516602,119.063028661216,0,0,0,140.853797912598,181.174967447917,150.192754109701,0,0,181.409469604492,0
22.6646507161343,118.330292111351,89.0513257323972,80.6614921334557,49.4312698364258,95.1903512137277,46.884158711774,8.69708336073799,45.3537950644205,53.4231590857873,15.4516251168125,147.869352167303,55.3519315938003,152.267903841459,26.774661965459,66.4541031166359,69.1481596423734,122.585814498192,159.684600830078,150.741371154785,49.2963164069436,59.0304635787651,74.8403940882002,73.1818833821021,48.2803611890008,175.813552856445,121.423957957392,105.419241873552,28.0073914220633,38.1482386359103,11.5284635944707,167.751686096191,109.37957933214,43.2857611021134,62.3892304945965,152.386154174805,0,139.641883850098,76.8320471445719,137.244594573975,0,132.873275756836,106.25101776123,178.18586730957,0,133.417521158854,0,0,0,182.3681640625,0,112.168055216471,0,0,0,108.100482940674,130.015460968018,89.7468223571777,147.961383595186,89.4273289825957,0,0,152.079907226563,126.390397644043,181.010276794434,114.587669372559,0,0,147.05590057373,151.48567199707
13.4150133557762,133.851601600647,107.701851878759,103.609613250732,83.2873070456765,21.3225585085978,15.9057359344978,45.3537950644205,9.87245721729695,87.0691287755086,22.0191107532759,76.5942488216218,55.2255092057689,93.5895323494608,15.293389447237,28.3744443284937,152.894229888916,125.087423206141,117.485370929425,132.405208540551,75.876574864107,85.4251939294936,111.52627174527,96.8388698195752,88.7506881736013,114.065940009223,133.438097691798,137.07113503153,67.6526592008529,28.3985820894965,62.9257129121566,129.897945658366,20.8194810096342,54.117968765465,59.1059816151102,0,0,185.56790415446,97.5519305142489,124.785949707031,0,168.030136108398,150.73471624201,146.838287353516,117.376693725586,149.096588134766,0,0,144.246368408203,178.334078979492,172.598419189453,150.422170639038,209.604858398438,190.772705078125,0,139.334728240967,157.050392150879,101.76099395752,185.542877197266,117.479418022688,0,175.180442810059,172.883653640747,143.764968109131,176.70302772522,164.496505737305,0,0,183.212829589844,147.194046020508
67.4529680169147,73.1321775168667,107.174669538225,17.158557940799,31.4030845551877,90.2033331734794,86.2210189254196,53.4231590857873,87.0691287755086,9.53436883076676,64.7659078726739,144.209546628206,15.4447204457226,136.927209128796,89.9347577045873,21.9789254934891,56.9295537848222,125.552924000133,152.452555338542,137.181392275054,48.2059748032514,81.0548704692296,31.0993747894484,103.015180767707,22.0237942627331,109.406639449898,131.709772491455,109.732788020393,48.6867874940798,74.1999354075237,62.1054357940801,149.911710527208,138.258093261719,63.4338489729783,67.4004455640299,0,0,0,38.6288390755653,87.5717506408691,0,121.076385498047,68.4070739746094,189.345550537109,43.04546875,79.5901336669922,0,50.6334075927734,186.42130279541,138.526992797852,58.6348762512207,95.8780975341797,0,0,0,72.5060046652089,0,95.5791015625,157.204574584961,50.7361812658243,0,0,195.725062052409,120.759511311849,134.588592529297,133.104873657227,177.652450561523,0,0,0
30.8208194480223,121.685289001465,88.7465329552502,74.2955799322019,12.8605840119383,100.20580078125,23.3194608028128,15.4516251168125,22.0191107532759,64.7659078726739,10.320187088245,136.60968915154,21.2256803893248,148.549729156494,26.7766268538985,59.0615796038979,95.7423553466797,134.136440501494,164.009923299154,164.689538138253,15.4960680527295,63.734153180083,84.2593175102683,75.5779710948977,56.9010188190396,164.949996948242,120.598531380678,111.700430928106,22.7972676511582,63.4253848041838,46.7993711630503,164.534891764323,114.973753552104,50.9434379000624,64.0408554077148,0,0,136.734039306641,88.1882171630859,6.60895148840155,0,151.877197265625,116.644983927409,0,67.5425796508789,176.57405090332,0,0,0,182.858322143555,0,135.691436767578,0,0,0,132.99604288737,0,115.278729756673,143.95442199707,96.8502908751022,0,0,157.306541442871,157.228372192383,172.162872314453,0,0,0,0,0
113.140079498291,77.1683227639449,87.9554632263184,68.4140908665127,0,57.7057592074076,75.4678194146407,147.869352167303,76.5942488216218,144.209546628206,136.60968915154,14.5787245006687,144.172197614397,32.7371298483062,71.5419960107313,158.036445617676,125.143348693848,52.1825057371395,21.9319233468756,22.9048729990422,159.281547546387,108.60443026399,110.084320068359,94.2849715781097,159.888235037667,39.9706315465391,25.9648495903544,70.4274317198484,148.729891095843,56.5888160619396,118.847522806238,47.8860374838511,58.7957946285605,107.878120422363,34.5325926085329,0,88.0174789428711,164.631118774414,102.76509475708,0,0,185.678184509277,0,204.607849121094,167.36018371582,0,92.2288767496745,0,59.0607954888117,0,0,0,125.396743774414,94.7625629462085,101.772890444155,0,0,191.904296875,169.692855834961,218.516677856445,54.3267418698567,91.6034213474819,92.4070202201925,203.116302490234,132.216400146484,159.009918212891,89.6938681253573,170.227920532227,183.244216918945,111.431745529175
96.0208587646484,88.0524749755859,124.06963857015,53.865276000079,15.0685811387319,80.551783879598,24.2575924820825,55.3519315938003,55.2255092057689,15.4447204457226,21.2256803893248,144.172197614397,9.00947191650629,154.440490722656,85.493831862574,18.0692907771111,0,119.70418548584,158.353942871094,174.906173706055,12.4546161447413,71.2944107055664,56.216743045383,111.846260070801,19.8395913660366,0,151.751571655273,149.555108642578,45.8065518927236,90.0806126379198,71.1809432983398,178.348449707031,119.682646500437,84.5048816204071,97.1305046081543,0,0,0,0,32.0781031608582,0,41.745083468301,0,0,69.1879272460938,31.1189314156524,0,10.9592399008554,0,0,55.9151432037354,0,0,0,0,10.039756481882,0,0,0,62.6110600062779,0,0,160.289154052734,73.1711082458496,0,0,0,0,0,0
148.533843994141,58.0972402634159,99.5547832992842,55.2507715182454,0,76.4251734759357,99.0208539493748,152.267903841459,93.5895323494608,136.927209128796,148.549729156494,32.7371298483062,154.440490722656,9.1818104701101,83.1876937321254,152.216247558594,0,90.143984492821,52.5345260024071,64.8632393692071,0,151.394945780436,103.258877774502,140.262403700087,152.199235501497,16.7420361393788,35.2163952802114,32.2280838876521,170.475689697266,67.8880394678267,151.136118570964,15.3831535235777,71.3048613589743,0,55.7369002883197,0,69.7259344621138,149.123179117839,110.237630844116,0,0,0,0,135.697947184245,167.054183959961,0,72.1545990664943,0,46.4941292716389,173.824905395508,183.482772827148,180.250244140625,131.070808410645,82.846531575269,99.4532583136308,0,200.912963867188,106.746988932292,0,197.32551574707,39.2821910217518,77.3437617012624,82.2350469230558,191.981552124023,142.499696731567,149.17497253418,77.497871164503,123.048431396484,0,97.8066711425781
8.35907533514579,129.778169155121,100.172236435543,110.184932913099,98.4588386898949,22.330802490998,20.9089480418749,26.774661965459,15.293389447237,89.9347577045873,26.7766268538985,71.5419960107313,85.493831862574,83.1876937321254,8.52613294446715,29.1792324750851,128.446828569685,117.28133264715,105.328619176691,118.048275262537,90.5204286575317,70.4722984083768,109.824679056803,87.6391881393174,89.7331790712927,95.7514343261719,124.825568838512,126.233027738683,68.0478089331353,15.4027566444836,52.1721380659416,122.740868308327,18.4992376243462,23.5550328723303,49.0652237762188,140.158737182617,0,181.349609375,95.8875554402669,0,0,134.39030456543,143.572158813477,165.320617675781,0,155.796783447266,210.380508422852,0,0,196.340934753418,0,0,0,167.397491455078,147.151977539062,0,0,93.7078374226888,182.529937744141,144.086239624023,109.123161315918,0,169.463005065918,152.197591145833,181.903282165527,159.423934936523,0,218.636169433594,183.3037109375,179.284118652344
90.0017967224121,108.215760272482,114.860838456587,51.4122410687533,44.0570444853409,14.67011708826,13.5254549822303,66.4541031166359,28.3744443284937,21.9789254934891,59.0615796038979,158.036445617676,18.0692907771111,152.216247558594,29.1792324750851,8.16854555820763,0,161.282180786133,0,130.864440917969,47.9619260152181,147.706746419271,64.7117134543026,104.919281005859,46.1513744603808,136.148643493652,123.940620422363,143.214850107829,79.6382579490787,47.3608443316291,93.5842590332031,126.531257629395,39.7726931407534,89.3519592285156,100.164946189293,0,0,0,109.871746063232,0,0,0,0,0,0,0,0,38.3167152404785,0,0,0,132.163711547852,0,0,0,0,0,0,0,86.7335014343262,0,0,0,0,0,0,0,0,0,0
112.669894218445,77.436531829834,81.514346661775,45.2907124508406,101.088912963867,0,139.809204101562,69.1481596423734,152.894229888916,56.9295537848222,95.7423553466797,125.143348693848,0,0,128.446828569685,0,15.4730229777501,103.523514475141,0,127.002206802368,0,16.5120638338329,31.9411231301378,15.8445943610027,36.0930868011432,114.63289642334,119.643779209682,30.068337934566,41.0252476471821,107.814523176713,77.5143651518711,152.679943084717,0,111.986618041992,88.3363238701454,0,105.565773010254,95.207215990339,57.0536855061849,0,0,0,111.142803192139,161.55924987793,48.2047004699707,93.1653518676758,0,0,0,155.60856628418,0,12.3373382326396,98.5305480957031,0,130.750518798828,0,45.305766734524,50.9578348602179,87.8816528019943,25.3948024749756,0,135.078971862793,83.25619170245,95.1696138381958,91.0107345581055,101.352918243408,190.833251953125,0,119.986447652181,104.070649147034
90.3569991167854,49.3763069777539,35.5131771247711,52.8237883073149,121.001846313477,164.401846313477,137.362370836866,122.585814498192,125.087423206141,125.552924000133,134.136440501494,52.1825057371395,119.70418548584,90.143984492821,117.28133264715,161.282180786133,103.523514475141,10.4718021564311,55.640462693714,22.5886964919442,150.497741699219,54.5715361145003,79.7780975545549,18.9391133890216,120.856097486051,62.7429113561457,22.9898107548235,62.506798954248,117.096044074405,90.9601469728682,72.5016936927685,90.005901506212,158.5287077162,85.8682192484538,36.2825381916867,177.136566162109,0,103.345704985828,109.98700932094,0,0,0,0,0,157.553298950195,0,140.811630249023,0,0,185.022827148438,0,0,112.883646471747,122.987403869629,111.077807426453,0,167.533169555664,104.188012017144,131.782770668588,174.330548095703,72.501708984375,101.880886501736,121.878829956055,175.141520182292,181.390441894531,195.002298990885,137.502151489258,0,0,123.212747846331
131.74324798584,80.352975045481,99.3541584014893,56.5313453052355,0,81.2512664794922,108.924003601074,159.684600830078,117.485370929425,152.452555338542,164.009923299154,21.9319233468756,158.353942871094,52.5345260024071,105.328619176691,0,0,55.640462693714,6.39157918501488,14.5861726357846,0,115.263492584229,107.062182617188,96.0284764862061,168.207424163818,43.9298054888532,18.7001913278375,57.021043251435,179.174142020089,85.3688847914986,123.150636499578,51.7254584423907,98.9523533412388,112.57014465332,55.039953140014,0,0,0,0,0,0,0,0,0,0,0,104.760086907281,0,94.7597049077352,180.269241333008,0,0,114.306495666504,96.8937636155349,97.423718606272,0,0,0,184.626304626465,186.986679077148,53.0941024288054,90.611532050443,95.3003929248755,0,157.121429443359,0,98.8443113054548,166.768447875977,0,121.815509033203
122.126277770996,55.0887405030868,73.1331906636556,50.9428667614277,0,124.438385009766,111.494816589355,150.741371154785,132.405208540551,137.181392275054,164.689538138253,22.9048729990422,174.906173706055,64.8632393692071,118.048275262537,130.864440917969,127.002206802368,22.5886964919442,14.5861726357846,9.12445274496611,174.056579589844,92.196096872546,106.716180451062,67.90781521297,148.896008864693,42.2655817590512,14.4493861267857,62.4797542184416,138.230909532116,90.7222218617906,100.812664333778,63.2100605810842,98.3111419677734,105.544745309012,43.118305541908,0,0,120.413455963135,109.750313350133,0,0,0,153.411193847656,200.857681274414,0,0,106.696242081492,0,120.676898193359,189.779760742188,0,0,113.87654876709,99.6906651515587,97.8930845714751,0,167.422637939453,128.875869750977,161.084342956543,195.700326538086,58.990197306094,94.9468463921697,103.702747258273,0,169.771488189697,0,107.622351906516,139.536071777344,0,120.515981674194
70.1788101196289,0,130.298497517904,73.7242383956909,9.85647212412703,0,41.7476021737763,49.2963164069436,75.876574864107,48.2059748032514,15.4960680527295,159.281547546387,12.4546161447413,0,90.5204286575317,47.9619260152181,0,150.497741699219,0,174.056579589844,6.91721924186171,145.071228027344,0,0,17.8033089838749,0,0,0,28.2925367065798,89.8972320556641,62.4166030883789,0,131.774333953857,82.1587391662598,91.8189738880504,0,0,0,115.49422454834,6.41739386119892,0,0,0,0,0,31.2710809707642,0,6.98712331239431,0,0,56.7862510681152,0,0,0,0,11.9202595822355,0,0,0,104.574657440186,0,0,0,157.591888427734,0,0,0,0,0,0
55.2099647883711,89.1346230660715,56.7097072739532,57.1783666133157,64.974739074707,178.141487121582,104.250853889867,59.0304635787651,85.4251939294936,81.0548704692296,63.734153180083,108.60443026399,71.2944107055664,151.394945780436,70.4722984083768,147.706746419271,16.5120638338329,54.5715361145003,115.263492584229,92.196096872546,145.071228027344,12.1647695347613,49.6588419264313,25.1803864757035,31.6029153100807,118.905079650879,99.1918541686703,81.5193522779297,23.2513141585345,56.8039941215973,24.3333393369211,144.994828965929,123.281450271606,21.1795305205642,38.1193875113316,0,0,110.547871180943,62.9227244567871,0,0,0,190.16535949707,123.855026245117,0,0,0,0,0,162.167116800944,0,104.111421797011,161.056274414062,0,147.822250366211,0,111.324024589694,61.8276089535484,122.865660247803,120.219738353382,0,132.474029541016,139.070290883382,111.063507572297,143.722437078303,114.326742874949,0,0,110.537256876628,127.560761769613
89.7745598879727,25.7991938779049,51.1683607528459,26.3323971048282,66.1108875274658,98.6643714904785,98.6314006604646,74.8403940882002,111.52627174527,31.0993747894484,84.2593175102683,110.084320068359,56.216743045383,103.258877774502,109.824679056803,64.7117134543026,31.9411231301378,79.7780975545549,107.062182617188,106.716180451062,0,49.6588419264313,8.06859366987227,49.9266733895832,24.9983619215793,72.172445336568,95.5116707149305,35.9308294539717,48.2826911469966,76.0059301973593,58.2774092668219,114.520081293015,135.813568115234,58.7314732415335,65.9021835186385,119.66185760498,0,100.174938964844,34.0636876204918,92.6022491455078,0,0,113.128817240397,0,77.8161712646484,149.319396972656,158.548645019531,0,106.927665710449,152.035171508789,0,69.3636047363281,124.171188354492,0,0,102.218635559082,87.0561273362901,8.12948662350687,71.8159426229971,66.1648961580717,0,0,74.4434642791748,139.167114257812,131.578388214111,0,143.745376586914,0,120.569362640381,158.162391662598
72.6490525381906,60.8724634815769,19.4947346654447,50.2189000400998,110.181101904975,125.824333826701,112.918984037457,73.1818833821021,96.8388698195752,103.015180767707,75.5779710948977,94.2849715781097,111.846260070801,140.262403700087,87.6391881393174,104.919281005859,15.8445943610027,18.9391133890216,96.0284764862061,67.90781521297,0,25.1803864757035,49.9266733895832,15.6807546997975,71.8057062508886,101.473332625169,65.8327477261481,51.8444169299083,45.316743917014,83.7548526015049,54.8207358241318,120.288621775309,140.701974323818,44.7581686377525,45.0136784066064,156.390659332275,124.318695068359,90.2139503569026,66.3462625635732,0,0,164.612731933594,147.08617401123,178.894996643066,120.931663513184,181.189323425293,154.208099365234,0,0,187.577857971191,0,102.208337976298,136.854547353891,131.851303100586,157.836531321208,0,120.443877538045,57.1450402633004,96.9034354860419,134.41850923237,0,122.660787582397,96.221885222283,140.088587079729,169.058860778809,138.4682030311,0,0,162.167432149251,115.232930939773
72.3174039575438,80.3630035349865,102.162974566948,37.2559935963115,17.2741092270188,138.933918544224,87.0914693245521,48.2803611890008,88.7506881736013,22.0237942627331,56.9010188190396,159.888235037667,19.8395913660366,152.199235501497,89.7331790712927,46.1513744603808,36.0930868011432,120.856097486051,168.207424163818,148.896008864693,17.8033089838749,31.6029153100807,24.9983619215793,71.8057062508886,11.3164152105752,115.761611022949,136.956728307212,81.2126118374368,15.7641946019368,73.3417002156168,62.2827173594881,160.769535411488,133.332983398438,63.0154929105754,65.0192360335604,132.583323160807,0,172.193669637044,65.1853542582194,110.826792399089,0,124.671679178874,119.949977397919,132.28773021698,58.0562801361084,112.063346275916,0,0,182.443756103516,147.427477518717,112.324760437012,100.082466574276,0,0,0,93.8346762657166,129.254557291667,75.3116711032006,137.608956378439,68.2444754094885,0,0,138.754090881348,108.841533872816,123.097778320312,128.475405693054,0,194.938125610352,129.657557678223,156.792654673258
140.079914093018,20.9684997762502,104.173755645752,27.3259609173803,0,79.6822331746419,117.931144714355,175.813552856445,114.065940009223,109.406639449898,164.949996948242,39.9706315465391,0,16.7420361393788,95.7514343261719,136.148643493652,114.63289642334,62.7429113561457,43.9298054888532,42.2655817590512,0,118.905079650879,72.172445336568,101.473332625169,115.761611022949,6.85767279522982,34.7353191861182,23.9194653013598,157.631725311279,75.163552263048,146.036899021694,41.2518905126132,78.3043613433838,0,62.8524949061406,0,102.632698059082,0,121.205444335938,184.854629516602,0,0,0,0,134.498092651367,0,47.7125344709917,0,44.772855758667,0,0,0,53.0699081420898,66.0100982189178,63.5275068283081,0,124.914947509766,0,0,151.842475891113,14.7669688255068,66.5051768376277,71.1617809561796,0,108.135620117188,0,67.7792299906413,0,119.936149597168,89.3739585876465
108.360758296779,40.5278875291689,26.8115977778131,39.0788119551317,131.174520492554,179.816555786133,145.247411748414,121.423957957392,133.438097691798,131.709772491455,120.598531380678,25.9648495903544,151.751571655273,35.2163952802114,124.825568838512,123.940620422363,119.643779209682,22.9898107548235,18.7001913278375,14.4493861267857,0,99.1918541686703,95.5116707149305,65.8327477261481,136.956728307212,34.7353191861182,10.8390854447365,30.4997812005944,124.763254213333,103.018455225985,104.713214841137,22.3087049418884,134.427409278022,130.535435016339,60.6327341886122,181.270156860352,126.326133728027,105.745220729283,116.20352772304,0,0,202.912170410156,198.98193359375,165.423807779948,200.701873779297,165.647842407227,91.0879188028971,0,78.6966921879695,177.102826436361,0,162.812774658203,104.381205172152,85.5260985001274,88.7277939334992,0,190.876266479492,104.765405654907,145.293215070452,201.301342010498,42.6064562304267,80.7484524315836,85.6194117952276,208.418510437012,169.566319783529,161.802612304688,85.3149113125271,0,0,103.428994149873
118.716614271465,28.4462700955228,31.0036001434752,46.1189766061235,132.673278808594,147.331957075331,141.931207803579,105.419241873552,137.07113503153,109.732788020393,111.700430928106,70.4274317198484,149.555108642578,32.2280838876521,126.233027738683,143.214850107829,30.068337934566,62.506798954248,57.021043251435,62.4797542184416,0,81.5193522779297,35.9308294539717,51.8444169299083,81.2126118374368,23.9194653013598,30.4997812005944,16.3318508416042,81.0167817232221,107.954523017608,106.695044493799,28.8314954356515,120.685608173239,114.633399364995,71.3794483071805,221.928497314453,110.589790344238,91.6914718683823,81.5144926602723,166.728240966797,138.59831237793,207.079238891602,169.000085127981,184.585698445638,0,174.020159912109,98.3531819133015,0,81.8890669162457,166.407409667969,0,109.677128062529,123.685574667794,92.7011442988752,93.289807742404,159.614562988281,124.622621500267,56.5784166516591,100.730802615569,147.775673792912,44.3629425511216,88.6652781660386,93.3272758428933,153.117600661058,165.907249450684,149.557082621257,92.8300537297755,0,191.388488769531,113.964082394006
51.1980948692713,96.4567944294698,81.8584878658181,54.604064543533,14.7863821515928,119.066388581928,55.1639756257074,28.0073914220633,67.6526592008529,48.6867874940798,22.7972676511582,148.729891095843,45.8065518927236,170.475689697266,68.0478089331353,79.6382579490787,41.0252476471821,117.096044074405,179.174142020089,138.230909532116,28.2925367065798,23.2513141585345,48.2826911469966,45.316743917014,15.7641946019368,157.631725311279,124.763254213333,81.0167817232221,9.93621258482126,65.3586684989558,30.423827802071,175.509958902995,127.431294250488,61.1642948870516,55.2635155657915,113.6774559021,0,117.966745376587,65.5384193869198,66.3328238400546,0,138.012777328491,111.335795266288,147.349940960224,75.3317286173503,120.69747467041,0,0,0,139.66487197876,0,106.335887000674,0,0,210.072555541992,119.635336739676,107.621418544224,75.4332772305137,137.136533443744,90.1950385438884,0,0,133.453474998474,107.058984623399,140.094915502212,113.744921964758,0,0,118.999660068088,148.069685799735
9.61916490395036,99.7260591222885,94.3830720864888,80.399659082445,71.6855201405927,25.5013585634972,40.8016245651044,38.1482386359103,28.3985820894965,74.1999354075237,63.4253848041838,56.5888160619396,90.0806126379198,67.8880394678267,15.4027566444836,47.3608443316291,107.814523176713,90.9601469728682,85.3688847914986,90.7222218617906,89.8972320556641,56.8039941215973,76.0059301973593,83.7548526015049,73.3417002156168,75.163552263048,103.018455225985,107.954523017608,65.3586684989558,10.0293359315767,21.7303584870081,99.3242016792297,11.7051897569731,14.5537605262244,27.0133096778928,0,206.470626831055,159.931823730469,89.2307265709186,0,0,159.614852905273,134.0804574149,168.998799641927,110.988063049316,0,117.19750213623,0,135.260482788086,186.032740275065,0,103.307905578613,178.839686075846,151.559059143066,135.951553344727,156.980186462402,146.822224208287,87.1430187225342,153.74024105072,120.458267798791,79.0558013916016,141.271646387437,144.105798085531,128.587122709855,160.871156692505,132.151357650757,160.965393066406,0,147.126159667969,169.825399780273
21.2491252605597,101.853667873806,77.5925440973239,63.8917919695187,61.59149183076,117.37353515625,92.3121057930639,11.5284635944707,62.9257129121566,62.1054357940801,46.7993711630503,118.847522806238,71.1809432983398,151.136118570964,52.1721380659416,93.5842590332031,77.5143651518711,72.5016936927685,123.150636499578,100.812664333778,62.4166030883789,24.3333393369211,58.2774092668219,54.8207358241318,62.2827173594881,146.036899021694,104.713214841137,106.695044493799,30.423827802071,21.7303584870081,9.7381247543842,162.541324391085,127.509887695312,36.1747530275355,36.8686909286593,124.641278584798,0,146.598262023926,67.6471169617799,0,158.857208251953,135.004572550456,121.840171813965,151.446193695068,75.5895494733538,0,204.929222106934,0,0,165.960955619812,0,98.7943475657496,181.901702880859,165.716842651367,0,156.939025878906,116.078098449707,71.0886929829915,131.674040476481,101.585816593493,172.633720397949,181.457740783691,154.397868436926,110.231547805498,131.436324148467,124.08919888451,0,0,119.181304931641,132.971957936006
152.455921173096,74.3831509959941,87.3175483817485,82.8359211408175,185.253280639648,105.386627197266,155.341808319092,167.751686096191,129.897945658366,149.911710527208,164.534891764323,47.8860374838511,178.348449707031,15.3831535235777,122.740868308327,126.531257629395,152.679943084717,90.005901506212,51.7254584423907,63.2100605810842,0,144.994828965929,114.520081293015,120.288621775309,160.769535411488,41.2518905126132,22.3087049418884,28.8314954356515,175.509958902995,99.3242016792297,162.541324391085,7.12456158901324,115.100090026855,171.303863525391,80.0857729615018,0,0,160.189849853516,0,0,0,0,0,204.535552978516,208.146682739258,0,93.8392817687988,0,85.490994820228,176.313335418701,0,0,139.331130981445,92.7067104315608,94.6039678400213,0,0,158.111770629883,0,228.367553710938,47.5621281941732,87.4487229365452,89.3097655367689,0,190.053192138672,164.672096252441,92.6563083424288,0,169.239013671875,117.953711373465
84.0926123725043,115.528681945801,159.369914661754,134.877795410156,134.148551940918,9.51638937174818,18.4678408976972,109.37957933214,20.8194810096342,138.258093261719,114.973753552104,58.7957946285605,119.682646500437,71.3048613589743,18.4992376243462,39.7726931407534,0,158.5287077162,98.9523533412388,98.3111419677734,131.774333953857,123.281450271606,135.813568115234,140.701974323818,133.332983398438,78.3043613433838,134.427409278022,120.685608173239,127.431294250488,11.7051897569731,127.509887695312,115.100090026855,5.25020826759421,72.8572616577148,37.9889604460518,0,0,0,133.010559082031,0,0,0,189.818267822266,0,0,0,0,0,0,0,0,152.090179443359,0,157.055450439453,0,196.630996704102,0,0,0,0,0,0,140.760498046875,0,226.064468383789,0,0,0,0,0
14.8739429533482,117.849932861328,101.341554121538,57.963298139901,72.4104993343353,58.8773345947266,80.2913249538791,43.2857611021134,54.117968765465,63.4338489729783,50.9434379000624,107.878120422363,84.5048816204071,0,23.5550328723303,89.3519592285156,111.986618041992,85.8682192484538,112.57014465332,105.544745309012,82.1587391662598,21.1795305205642,58.7314732415335,44.7581686377525,63.0154929105754,0,130.535435016339,114.633399364995,61.1642948870516,14.5537605262244,36.1747530275355,171.303863525391,72.8572616577148,7.77639528930952,14.5633241655258,0,0,0,71.7494862874349,0,0,141.009330749512,125.377502441406,146.581136067708,0,160.704666137695,0,0,0,0,0,0,0,0,0,161.062088012695,108.516792297363,0,126.436454772949,109.803295771281,0,0,0,116.235717773438,132.604791641235,138.456985473633,0,0,128.528271993001,0
80.7636698548512,63.9127725227893,56.8751214605863,60.6723071802819,74.2745469411214,37.7292794010095,69.627395927906,62.3892304945965,59.1059816151102,67.4004455640299,64.0408554077148,34.5325926085329,97.1305046081543,55.7369002883197,49.0652237762188,100.164946189293,88.3363238701454,36.2825381916867,55.039953140014,43.118305541908,91.8189738880504,38.1193875113316,65.9021835186385,45.0136784066064,65.0192360335604,62.8524949061406,60.6327341886122,71.3794483071805,55.2635155657915,27.0133096778928,36.8686909286593,80.0857729615018,37.9889604460518,14.5633241655258,11.4526202777071,150.093353271484,0,114.538732655843,69.139990234375,0,0,140.917022705078,140.333139692034,176.403330485026,169.085922241211,169.299362182617,146.344022369385,0,125.716409683228,152.402854156494,0,100.977690887451,124.793872539814,126.672884402068,130.783917282567,0,111.245255061558,65.152345823205,118.991211980026,117.613311767578,86.2492496266085,117.370210409164,121.506247817829,115.885993109809,149.941319205544,123.33125570546,130.593172345843,0,118.661112976074,125.83309337071
168.680023193359,0,0,118.550651550293,0,0,0,152.386154174805,0,0,0,0,0,0,140.158737182617,0,0,177.136566162109,0,0,0,0,119.66185760498,156.390659332275,132.583323160807,0,181.270156860352,221.928497314453,113.6774559021,0,124.641278584798,0,0,0,150.093353271484,10.5344395131619,119.657207912869,114.379789582976,72.6232469465349,93.2733906337193,73.311534336635,77.1599035263062,22.2435590263292,33.2560214627631,72.151779868386,52.7024518977481,140.95213186504,100.760813395182,151.805812835693,20.225837301439,103.911880493164,72.2581436157227,108.793500354436,143.7710457401,130.731733713091,95.3882493239183,84.9628951855878,75.1730427514939,97.132991708911,71.8841401801622,143.036181640625,127.891823361851,135.746787363688,81.5634976492988,19.3053424531802,26.6717289084226,161.508684794108,79.0015476942062,32.6724317528609,79.910719300394
0,0,117.689170837402,86.5464070638021,0,0,0,0,0,0,0,88.0174789428711,0,69.7259344621138,0,0,105.565773010254,0,0,0,0,0,0,124.318695068359,0,102.632698059082,126.326133728027,110.589790344238,0,206.470626831055,0,0,0,0,0,119.657207912869,5.35095243289161,40.0216624842489,18.5976605483205,0,0,133.201089223226,116.435108282627,133.429804288424,66.047246121039,133.995207214355,75.0675705554439,108.419792175293,51.8953635155935,131.427943250868,105.092910766602,84.1854212443034,54.0590303267608,74.0649016942733,53.884417006659,0,98.0665598417583,21.8772299130883,61.3978496715181,68.6108936866124,15.2954937494718,41.9439777169024,34.7258575910872,116.643386077881,129.54285528721,105.095811670477,71.1339781477645,138.539998372396,104.000330352783,60.9188349236382
0,103.132301330566,82.4465123538313,48.0940071428941,0,0,181.322372436523,139.641883850098,185.56790415446,0,136.734039306641,164.631118774414,0,149.123179117839,181.349609375,0,95.207215990339,103.345704985828,0,120.413455963135,0,110.547871180943,100.174938964844,90.2139503569026,172.193669637044,0,105.745220729283,91.6914718683823,117.966745376587,159.931823730469,146.598262023926,160.189849853516,0,0,114.538732655843,114.379789582976,40.0216624842489,12.9602086970095,42.6951887894257,125.629820187887,87.1827239990234,126.762570755258,94.1499946385052,120.511834605968,112.923187255859,113.125197299691,91.963090375005,158.426245553153,92.5672798876492,124.777808186953,144.566502888997,81.6832128621764,42.60978531025,85.1479948182769,74.5262001603842,140.578643798828,68.2472679876346,46.2508172960593,32.833839489865,95.4676813163505,88.6571075439453,31.2806331926646,31.3110805982814,91.0067892255376,134.070802222634,92.3814165215743,88.1455580312994,173.924934387207,123.443377031599,70.7587881494862
83.5647226969401,77.3917080879211,73.3335380554199,32.1077214082082,72.9589614868164,0,98.0098241170247,76.8320471445719,97.5519305142489,38.6288390755653,88.1882171630859,102.76509475708,0,110.237630844116,95.8875554402669,109.871746063232,57.0536855061849,109.98700932094,0,109.750313350133,115.49422454834,62.9227244567871,34.0636876204918,66.3462625635732,65.1853542582194,121.205444335938,116.20352772304,81.5144926602723,65.5384193869198,89.2307265709186,67.6471169617799,0,133.010559082031,71.7494862874349,69.139990234375,72.6232469465349,18.5976605483205,42.6951887894257,40.0423544140962,73.93434513637,122.543254852295,85.0171048764829,58.1282682543927,85.1562919839781,12.3744491685749,74.3122134348339,89.7380992282521,64.7580945151193,89.3934268951416,91.7067527958912,47.520002746582,35.6096262076407,60.382090147415,74.7467303225869,53.0108965218785,55.859712600708,55.6255210539554,29.6237838077095,60.8678128765226,30.6174385347725,59.0475341454148,44.3746984120338,56.6471786631776,51.7576795540371,79.2881013361135,62.7303368385021,119.312840913471,119.787210736956,65.2289085175072,69.0435578001647
0,0,0,103.889747619629,7.10670807459187,0,0,137.244594573975,124.785949707031,87.5717506408691,6.60895148840155,0,32.0781031608582,0,0,0,0,0,0,0,6.41739386119892,0,92.6022491455078,0,110.826792399089,184.854629516602,0,166.728240966797,66.3328238400546,0,0,0,0,0,0,93.2733906337193,0,125.629820187887,73.93434513637,9.45300168924661,124.858551025391,58.2874432413202,66.3142874186276,89.1017436442402,64.0425314738833,18.5217358617107,182.488765716553,20.1898721643222,191.011154174805,112.62975848654,65.5098304748535,101.456985473633,153.287382125854,197.727767944336,158.673797607422,10.5615068803973,139.270122528076,199.93879699707,111.013777788948,21.9277473152318,0,152.449091984675,157.830024719238,15.8529163759661,97.8680229187012,92.3276596069336,0,136.597078959147,91.1929775037264,98.4294755835282
0,0,0,178.832473754883,0,0,0,0,0,0,0,0,0,0,0,0,0,0,0,0,0,0,0,0,0,0,0,138.59831237793,0,0,158.857208251953,0,0,0,0,73.311534336635,0,87.1827239990234,122.543254852295,124.858551025391,7.07415025877073,8.85840278213841,97.8531398773193,11.4034704955815,77.4080139160156,95.0255870819092,64.7182269058828,44.3903007507324,73.937630426316,32.0673868625869,12.4918953902773,96.8941955566406,176.912841796875,86.7311382293701,173.574157714844,0,122.073961257935,106.706398010254,96.0544281005859,92.8403527396066,67.1769180297852,101.30640738351,119.196962356567,130.399551391602,30.0807456877324,122.643030166626,90.9242223103841,9.75620122186228,0,41.9846075036553
0,0,0,193.063247680664,134.119247436523,0,154.451210021973,132.873275756836,168.030136108398,121.076385498047,151.877197265625,185.678184509277,41.745083468301,0,134.39030456543,0,0,0,0,0,0,0,0,164.612731933594,124.671679178874,0,202.912170410156,207.079238891602,138.012777328491,159.614852905273,135.004572550456,0,0,141.009330749512,140.917022705078,77.1599035263062,133.201089223226,126.762570755258,85.0171048764829,58.2874432413202,8.85840278213841,8.23813723951527,60.4992434298739,16.6241461489279,46.6594396451624,22.9666700384192,102.702813844423,24.8174326215163,91.255552482605,42.8254008837065,13.6790017425499,108.390081278483,143.782842650894,162.087439060211,149.890631357829,38.7021788245753,119.963431939846,103.894995008196,116.49477497367,53.0298189624689,165.097422281901,141.185330508048,151.435616773718,60.4303143710026,63.6197521905958,104.441718014804,134.96690586635,17.782315217229,98.4539143962245,72.133862467015
0,174.011199951172,166.05334777832,138.390546798706,0,0,155.776733398438,106.25101776123,150.73471624201,68.4070739746094,116.644983927409,0,0,0,143.572158813477,0,111.142803192139,0,0,153.411193847656,0,190.16535949707,113.128817240397,147.08617401123,119.949977397919,0,198.98193359375,169.000085127981,111.335795266288,134.0804574149,121.840171813965,0,189.818267822266,125.377502441406,140.333139692034,22.2435590263292,116.435108282627,94.1499946385052,58.1282682543927,66.3142874186276,97.8531398773193,60.4992434298739,11.1485910863302,56.9018751123439,60.0563528526075,24.1321698491505,146.467179833389,54.0280599912008,171.85493687221,36.0890744920489,79.2479936508905,66.6250458246545,103.596968481318,143.95559097386,126.171070423002,45.2054195594788,62.9775401211241,80.6730931241747,77.6638755159052,52.2245136818627,141.14446105957,114.570988781376,119.976167104,27.6249248838923,54.8411330594692,19.7142298953208,164.241617475237,112.378024339676,70.0265997726226,87.764111109146
