11826,1,1060,39,36,2,129,6959,411,95,536,54,21,6,6832,7,1,326,11,108,34,74,6,341,186,0,855,68,415,10658,4350,3,6,8,107,2,2,16,10,2,0,9,16,25,7,11,0,2,1,17,0,3,4,1,1,3,2,1,9,81,0,7,22,48,16,13,0,0,1,7
1,2648,284,549,4,3,14,13,27,789,4,373,16,709,22,38,106,246,14,65,2,13,1997,55,972,2590,1037,11778,87,9,30,29,4,3,406,0,7,88,15,1,0,2,4,5,2,2,10,0,52,5,1,0,30,10,24,0,2,1,16,16,20,144,193,8,1,5,5,0,1,9
1060,284,30179,758,11,5,1331,6272,3776,98,608,227,36,69,4217,18,53,6676,54,212,21,671,281,12072,338,4,12539,10438,3004,946,878,29,18,8,2149,20,404,5501,214,2,1,44,164,186,11,43,11,3,17,210,1,231,948,4,70,3,57,116,1209,221,13,1584,5465,172,49,87,6,0,4,195
39,549,758,157,29,2,60,337,167,932,53,269,20,330,125,13,270,439,15,85,13,207,607,592,1733,1049,1149,8711,1308,366,1081,23,5,111,498,28,7,176,178,7,0,16,108,54,21,26,3,4,23,89,2,25,26,4,11,10,15,8,87,317,12,89,233,104,60,93,3,0,14,34
36,4,11,29,9492,6,544,358,322,194,5094,15,4763,3,318,316,3,14,0,3,18234,2,22,5,3169,1,54,45,13089,531,30,1,8,60,176,7,1,6,159,748,0,76,24,59,56,453,1,106,0,23,36,1,2,0,1,624,1,3,1,636,0,4,21,137,8,10,0,0,2,9
2,3,5,2,6,5046,8314,26,3138,51,29,275,57,38,337,4239,0,1,4,1,9,1,4,0,35,6,34,28,20,247,5,6,6989,0,349,1,0,0,1,0,0,0,1,1,0,1,0,1,0,1,0,0,0,0,0,1,0,0,0,4,1,0,2,3,0,1,0,0,0,0
129,14,1331,60,544,8314,86019,3143,44435,442,16209,607,19324,118,3804,9595,4,200,45,66,2178,22,18,199,1200,12,1495,190,1648,2092,225,52,4855,35,832,20,4,23,79,103,0,66,112,159,36,296,2,39,2,82,5,2,2,5,1,68,3,2,15,521,1,30,58,181,44,42,0,0,4,27
6959,13,6272,337,358,26,3143,59222,8583,971,19068,206,398,77,9209,111,8,512,28,77,668,478,79,2902,3781,10,2395,667,26735,5268,17374,33,50,171,1426,62,19,209,145,130,2,185,337,393,100,322,7,42,2,267,10,51,26,1,10,129,15,19,128,1401,4,76,202,691,177,196,0,3,38,100
411,27,3776,167,322,3138,44435,8583,101178,623,13986,1991,2262,262,38399,628,10,572,189,359,728,79,36,753,3144,85,4355,453,3021,4498,1274,103,6339,43,1757,57,5,83,122,97,2,169,393,474,71,435,4,39,7,353,5,10,18,3,14,87,2,12,30,1443,4,85,106,610,181,180,2,5,25,81
95,789,98,932,194,51,442,971,623,8007,477,419,332,415,416,1298,36,95,18,31,140,57,2666,75,10654,590,220,2194,2330,1297,2230,22,17,383,636,17,4,20,109,36,0,14,83,50,41,51,5,9,29,58,1,3,6,5,7,38,5,4,10,341,8,38,47,214,59,86,5,0,7,20
536,4,608,53,5094,29,16209,19068,13986,477,87759,133,10306,33,6265,193,3,104,13,23,12977,16,28,129,2273,6,512,113,11598,5825,151,8,75,168,1456,12,3,38,275,665,1,297,113,270,115,1307,3,153,1,132,41,9,8,0,4,1210,3,9,19,1436,0,12,48,470,64,39,2,2,3,23
54,373,227,269,15,275,607,206,1991,419,133,58727,177,4266,1784,29,17,289,10659,3475,62,125,269,208,193,2564,14149,4272,203,1768,465,1254,1146,33,8742,2,3,18,10,0,0,2,15,9,2,0,22,0,160,11,1,1,10,24,14,1,1,4,10,38,73,161,200,32,4,12,28,0,2,5
21,16,36,20,4763,57,19324,398,2262,332,10306,177,77785,25,1853,4523,3,17,17,21,19550,3,8,3,723,11,131,109,1278,1554,33,3,84,12,648,1,0,0,54,110,1,78,18,92,32,185,2,1002,1,42,37,1,3,0,0,225,0,0,3,208,0,1,9,65,13,11,1,1,1,8
6,709,69,330,3,38,118,77,262,415,33,4266,25,20157,161,13,20,2,97,33,10,1,302,15,159,7300,3114,9863,91,106,20,5883,143,0,368,0,4,6,10,0,0,0,0,1,2,1,44,0,360,2,0,0,2,26,17,1,0,3,4,4,91,145,191,7,2,2,41,0,0,4
6832,22,4217,125,318,337,3804,9209,38399,416,6265,1784,1853,161,117633,98,2,785,244,556,847,143,26,951,1408,51,4640,543,2170,23049,2925,95,8754,75,1869,31,1,76,45,29,0,46,253,182,39,103,7,5,8,163,3,9,21,2,5,27,7,5,20,722,3,70,115,405,110,155,5,2,14,50
7,38,18,13,316,4239,9595,111,628,1298,193,29,4523,13,98,10213,2,10,2,3,492,1,63,7,1116,5,50,142,170,132,35,2,219,24,50,1,0,1,17,14,0,3,2,4,7,27,0,9,0,2,8,1,1,1,2,32,0,0,0,20,0,1,3,6,1,0,0,0,1,1
1,106,53,270,3,0,4,8,10,36,3,17,3,20,2,2,9124,46,3,18,1,6937,7844,4228,3549,11,82,3354,5636,15,313,2,0,1,251,5,4,387,525,0,0,14,35,18,3,18,2,0,2,20,0,1195,33,0,9,0,783,503,2564,61,2,37,421,68,8,188,2,0,7,97
326,246,6676,439,14,1,200,512,572,95,104,289,17,2,785,10,46,20891,186,6150,11,1717,163,9392,371,4,6901,6457,764,965,1838,1,9,34,4387,2,104,996,51,2,0,7,24,45,6,6,3,2,6,52,0,45,211,2,38,1,19,18,132,57,5,458,1134,42,12,29,2,0,2,25
11,14,54,15,0,4,45,28,189,18,13,10659,17,97,244,2,3,186,6191,3312,13,24,11,32,18,35,4939,508,17,241,80,97,47,6,922,2,1,7,1,0,0,0,3,0,1,0,18,0,51,1,0,1,0,33,11,0,2,0,1,6,22,93,98,5,3,1,22,0,0,2
108,65,212,85,3,1,66,77,359,31,23,3475,21,33,556,3,18,6150,3312,12634,13,172,22,695,75,23,8781,1466,115,1187,835,41,17,35,6049,1,22,29,15,2,0,4,4,8,2,1,6,0,12,11,0,4,43,18,57,0,1,1,4,18,18,441,403,14,4,6,10,0,0,21
34,2,21,13,18234,9,2178,668,728,140,12977,62,19550,10,847,492,1,11,13,13,8829,3,11,4,1895,3,39,35,3973,869,28,5,25,21,265,4,2,1,107,310,0,78,25,55,66,469,0,77,0,35,19,1,0,0,0,537,0,0,0,433,1,5,6,126,6,7,1,0,1,6
74,13,671,207,2,1,22,478,79,57,16,125,3,1,143,1,6937,1717,24,172,3,76086,1174,21491,901,0,178,476,6662,527,21988,1,7,27,12981,9,3,223,327,2,0,9,27,32,6,16,8,0,1,30,1,1334,21,2,8,1,1483,427,3083,176,3,27,141,220,21,401,1,0,12,162
6,1997,281,607,22,4,18,79,36,2666,28,269,8,302,26,63,7844,163,11,22,11,1174,9789,3731,8795,453,166,4649,1796,132,987,22,0,14,667,6,4,382,82,2,1,10,39,22,8,14,1,4,17,29,1,466,35,3,10,3,125,124,932,128,13,79,577,172,18,114,9,0,9,50
341,55,12072,592,5,0,199,2902,753,75,129,208,3,15,951,7,4228,9392,32,695,4,21491,3731,74937,842,3,1907,9215,6810,479,5000,4,8,15,12048,17,22,4438,346,3,1,54,183,108,12,87,6,0,3,106,0,3746,215,8,25,0,919,904,11466,181,1,94,4419,286,27,200,2,1,6,378
186,972,338,1733,3169,35,1200,3781,3144,10654,2273,193,723,159,1408,1116,3549,371,18,75,1895,901,8795,842,46397,113,712,3720,14382,2758,2102,43,34,536,1526,167,16,329,369,192,3,221,913,727,301,479,16,53,7,665,20,131,79,12,31,174,151,73,207,3604,14,229,390,2224,511,951,6,3,108,237
0,2590,4,1049,1,6,12,10,85,590,6,2564,11,7300,51,5,11,4,35,23,3,0,453,3,113,11803,619,10369,19,37,9,156,33,0,233,2,12,7,32,0,0,0,0,2,3,3,65,0,595,8,0,1,3,24,8,0,1,3,2,4,141,172,297,3,2,5,104,0,0,3
855,1037,12539,1149,54,34,1495,2395,4355,220,512,14149,131,3114,4640,50,82,6901,4939,8781,39,178,166,1907,712,619,126073,23742,1411,2359,767,2123,164,37,6955,23,219,901,185,6,0,29,96,145,26,26,296,3,524,227,2,48,897,476,1011,3,30,45,120,145,606,7788,7100,82,45,74,241,4,5,254
68,11778,10438,8711,45,28,190,667,453,2194,113,4272,109,9863,543,142,3354,6457,508,1466,35,476,4649,9215,3720,10369,23742,98548,2877,392,334,3641,74,11,10469,30,605,7531,660,10,4,58,182,262,38,88,487,3,1772,414,9,747,1788,566,1080,13,102,305,2382,251,1013,9372,15558,190,67,156,609,7,6,506
415,87,3004,1308,13089,20,1648,26735,3021,2330,11598,203,1278,91,2170,170,5636,764,17,115,3973,6662,1796,6810,14382,19,1411,2877,64714,4426,15788,35,43,920,4464,141,37,543,405,432,5,215,829,565,312,865,19,102,4,581,27,370,84,9,38,490,407,219,492,3747,6,188,529,3084,569,1596,5,8,147,333
10658,9,946,366,531,247,2092,5268,4498,1297,5825,1768,1554,106,23049,132,15,965,241,1187,869,527,132,479,2758,37,2359,392,4426,100716,13813,34,5251,6514,3913,53,2,48,77,36,3,57,334,243,84,121,3,16,7,218,3,15,10,8,6,48,19,7,27,1093,4,48,38,684,180,287,2,2,25,80
4350,30,878,1081,30,5,225,17374,1274,2230,151,465,33,20,2925,35,313,1838,80,835,28,21988,987,5000,2102,9,767,334,15788,13813,63123,5,15,556,6945,62,3,107,89,11,1,34,281,185,124,55,5,2,2,237,2,218,23,5,5,13,300,118,170,1269,4,45,71,1260,249,769,0,1,76,160
3,29,29,23,1,6,52,33,103,22,8,1254,3,5883,95,2,2,1,97,41,5,1,22,4,43,156,2123,3641,35,34,5,1266,27,0,210,1,3,4,4,0,0,0,1,3,1,0,26,0,222,0,0,0,1,24,5,0,0,2,0,1,70,122,147,0,1,2,52,0,0,1
6,4,18,5,8,6989,4855,50,6339,17,75,1146,84,143,8754,219,0,9,47,17,25,7,0,8,34,33,164,74,43,5251,15,27,19372,2,1569,1,1,0,0,0,1,1,4,4,1,1,0,0,2,6,0,0,0,0,1,1,0,1,0,17,1,3,10,9,1,5,1,0,0,1
8,3,8,111,60,0,35,171,43,383,168,33,12,0,75,24,1,34,6,35,21,27,14,15,536,0,37,11,920,6514,556,0,2,7255,1519,14,0,4,17,6,1,6,47,35,13,17,0,1,0,34,0,5,1,0,0,4,4,2,1,169,0,2,2,100,25,48,0,2,4,9
107,406,2149,498,176,349,832,1426,1757,636,1456,8742,648,368,1869,50,251,4387,922,6049,265,12981,667,12048,1526,233,6955,10469,4464,3913,6945,210,1569,1519,31575,31,38,410,50,16,0,17,168,107,40,54,20,2,44,115,3,176,99,22,71,10,98,72,487,437,36,533,791,265,86,166,16,0,18,56
2,0,20,28,7,1,20,62,57,17,12,2,1,0,31,1,5,2,2,1,4,9,6,17,167,2,23,30,141,53,62,1,1,14,31,3732,4,465,105,614,0,168,3084,273,201,1426,161,78,41,6378,8,26,247,56,314,328,59,32,115,1014,2,1360,174,1821,12771,3652,26,5,78,197
2,7,404,7,1,0,4,19,5,4,3,3,0,4,1,0,4,104,1,22,2,3,4,22,16,12,219,605,37,2,3,3,1,0,38,4,4344,639,157,5,0,11,20,43,672,9,124,8,371,81,46,171,817,22,187,2,37,1863,513,294,2869,1191,7305,44,24,64,20,0,4,268
16,88,5501,176,6,0,23,209,83,20,38,18,0,6,76,1,387,996,7,29,1,223,382,4438,329,7,901,7531,543,48,107,4,0,4,410,465,639,32388,1359,18,7,456,6284,3496,94,637,43,10,65,7691,20,201,6110,67,399,10,711,786,16496,361,6,10876,14931,3838,528,1453,38,14,30,1206
10,15,214,178,159,1,79,145,122,109,275,10,54,10,45,17,525,51,1,15,107,327,82,346,369,32,185,660,405,77,89,4,0,17,50,105,157,1359,131,70,3,54,261,201,478,156,89,86,185,388,125,1870,703,13,193,94,322,323,1867,1869,409,1656,5539,788,318,1095,16,3,116,354
2,1,2,7,748,0,103,130,97,36,665,0,110,0,29,14,0,2,0,2,310,2,2,3,192,0,6,10,432,36,11,0,0,6,16,614,5,18,70,14451,6,705,248,583,287,5355,15,5642,3,664,185,13,9,5,11,22798,4,13,14,6929,1,44,58,5402,895,115,1,8,12,270
0,0,1,0,0,0,0,2,2,0,1,0,1,0,0,0,0,0,0,0,0,0,1,1,3,0,0,4,5,3,1,0,1,1,0,0,0,7,3,6,6619,6389,10,5323,12,60,157,64,8,443,4610,0,1,5,2,14,0,3,3,29,0,15,5,20,111,3,7,7096,1,31
9,2,44,16,76,0,66,185,169,14,297,2,78,0,46,3,14,7,0,4,78,9,10,54,221,0,29,58,215,57,34,0,1,6,17,168,11,456,54,705,6389,79070,2201,28759,409,28822,210,10690,26,1289,7317,37,121,51,47,1472,170,35,298,1739,5,393,417,3081,569,173,25,1528,24,253
16,4,164,108,24,1,112,337,393,83,113,15,18,0,253,2,35,24,3,4,25,27,39,183,913,0,96,182,829,334,281,1,4,47,168,3084,20,6284,261,248,10,2201,70413,6233,697,13868,103,106,33,23904,47,82,1018,63,505,275,2151,89,3652,2179,1,3549,1124,15581,2858,16613,33,12,211,1153
25,5,186,54,59,1,159,393,474,50,270,9,92,1,182,4,18,45,0,8,55,32,22,108,727,2,145,262,565,243,185,3,4,35,107,273,43,3496,201,583,5323,28759,6233,115176,455,18574,2308,2310,243,43327,307,46,429,627,461,1020,624,48,943,2790,82,4214,1165,3855,5133,755,233,7062,38,1774
7,2,11,21,56,0,36,100,71,41,115,2,32,2,39,7,3,6,1,2,66,6,8,12,301,3,26,38,312,84,124,1,1,13,40,201,672,94,478,287,12,409,697,455,8696,498,89,3114,143,675,1428,68,64,12,34,238,26,2939,49,13474,407,212,760,1057,649,1298,7,6,139,261
11,2,43,26,453,1,296,322,435,51,1307,0,185,1,103,27,18,6,0,1,469,16,14,87,479,3,26,88,865,121,55,0,1,17,54,1426,9,637,156,5355,60,28822,13868,18574,498,128765,97,11932,12,9812,479,97,118,46,70,11655,229,56,476,3995,6,358,705,14328,3391,357,10,59,55,1580
0,10,11,3,1,0,2,7,4,5,3,22,2,44,7,0,2,3,18,6,0,8,1,6,16,65,296,487,19,3,5,26,0,0,20,161,124,43,89,15,157,210,103,2308,89,97,50145,67,7798,2361,9,10,302,11865,1405,31,273,72,261,64,1166,7569,1048,92,1614,1355,2525,1436,118,7337
2,0,3,4,106,1,39,42,39,9,153,0,1002,0,5,9,0,2,0,0,77,0,4,0,53,0,3,3,102,16,2,0,0,1,2,78,8,10,86,5642,64,10690,106,2310,3114,11932,67,87835,2,943,5486,9,6,37,31,24191,4,11,6,2121,4,52,54,616,462,14,4,50,2,389
1,52,17,23,0,0,2,2,7,29,1,160,1,360,8,0,2,6,51,12,0,1,17,3,7,595,524,1772,4,7,2,222,2,0,44,41,371,65,185,3,8,26,33,243,143,12,7798,2,19627,307,13,8,17,397,50,3,11,105,12,62,3068,4669,5679,30,115,94,7152,87,4,194
17,5,210,89,23,1,82,267,353,58,132,11,42,2,163,2,20,52,1,11,35,30,29,106,665,8,227,414,581,218,237,0,6,34,115,6378,81,7691,388,664,443,1289,23904,43327,675,9812,2361,943,307,126453,45,63,1051,861,1337,764,826,83,1652,2832,83,10274,1626,4643,21606,4131,289,6954,68,4112
0,1,1,2,36,0,5,10,5,1,41,1,37,0,3,8,0,0,0,0,19,1,1,0,20,0,2,9,27,3,2,0,0,0,3,8,46,20,125,185,4610,7317,47,307,1428,479,9,5486,13,45,12022,2,14,0,6,537,3,137,16,1247,26,17,91,132,16,22,2,98,4,14
3,0,231,25,1,0,2,51,10,3,9,1,1,0,9,1,1195,45,1,4,1,1334,466,3746,131,1,48,747,370,15,218,0,0,5,176,26,171,201,1870,13,0,37,82,46,68,97,10,9,8,63,2,15427,186,11,27,8,4622,8847,9176,3386,8,102,4432,738,59,939,1,0,30,440
4,30,948,26,2,0,2,26,18,6,8,10,3,2,21,1,33,211,0,43,0,21,35,215,79,3,897,1788,84,10,23,1,0,1,99,247,817,6110,703,9,1,121,1018,429,64,118,302,6,17,1051,14,186,13199,119,8517,5,1651,196,13448,297,22,5597,6481,915,240,2713,5,3,16,2177
1,10,4,4,0,0,5,1,3,5,0,24,0,26,2,1,0,2,33,18,0,2,3,8,12,24,476,566,9,8,5,24,0,0,22,56,22,67,13,5,5,51,63,627,12,46,11865,37,397,861,0,11,119,9420,2284,17,144,16,147,32,311,6206,1150,46,476,505,341,133,69,1422
1,24,70,11,1,0,1,10,14,7,4,14,0,17,5,2,9,38,11,57,0,8,10,25,31,8,1011,1080,38,6,5,5,1,0,71,314,187,399,193,11,2,47,505,461,34,70,1405,31,50,1337,6,27,8517,2284,19505,11,806,50,976,104,328,7804,2088,377,634,2711,23,47,83,8545
3,0,3,10,624,1,68,129,87,38,1210,1,225,1,27,32,0,1,0,0,537,1,3,0,174,0,3,13,490,48,13,0,1,4,10,328,2,10,94,22798,14,1472,275,1020,238,11655,31,24191,3,764,537,8,5,17,11,14262,3,6,3,2804,5,32,27,1163,755,30,1,18,13,233
2,2,57,15,1,0,3,15,2,5,3,1,0,0,7,0,783,19,2,1,0,1483,125,919,151,1,30,102,407,19,300,0,0,4,98,59,37,711,322,4,0,170,2151,624,26,229,273,4,11,826,3,4622,1651,144,806,3,60318,1517,26552,1136,8,596,696,9054,234,25934,7,6,279,8075
1,1,116,8,3,0,2,19,12,4,9,4,0,3,5,0,503,18,0,1,0,427,124,904,73,3,45,305,219,7,118,2,1,2,72,32,1863,786,323,13,3,35,89,48,2939,56,72,11,105,83,137,8847,196,16,50,6,1517,6563,4105,6010,499,204,5311,551,105,1487,7,1,87,493
9,16,1209,87,1,0,15,128,30,10,19,10,3,4,20,0,2564,132,1,4,0,3083,932,11466,207,2,120,2382,492,27,170,0,0,1,487,115,513,16496,1867,14,3,298,3652,943,49,476,261,6,12,1652,16,9176,13448,147,976,3,26552,4105,84651,1271,9,2274,12055,6553,620,6721,9,4,102,6585
81,16,221,317,636,4,521,1401,1443,341,1436,38,208,4,722,20,61,57,6,18,433,176,128,181,3604,4,145,251,3747,1093,1269,1,17,169,437,1014,294,361,1869,6929,29,1739,2179,2790,13474,3995,64,2121,62,2832,1247,3386,297,32,104,2804,1136,6010,1271,49628,72,412,2503,11836,2423,4910,18,19,412,1249
0,20,13,12,0,1,1,4,4,8,0,73,0,91,3,0,2,5,22,18,1,3,13,1,14,141,606,1013,6,4,4,70,1,0,36,2,2869,6,409,1,0,5,1,82,407,6,1166,4,3068,83,26,8,22,311,328,5,8,499,9,72,11092,1839,4517,6,30,20,112,19,1,234
7,144,1584,89,4,0,30,76,85,38,12,161,1,145,70,1,37,458,93,441,5,27,79,94,229,172,7788,9372,188,48,45,122,3,2,533,1360,1191,10876,1656,44,15,393,3549,4214,212,358,7569,52,4669,10274,17,102,5597,6206,7804,32,596,204,2274,412,1839,94395,18012,1694,1476,4292,3162,159,85,2709
22,193,5465,233,21,2,58,202,106,47,48,200,9,191,115,3,421,1134,98,403,6,141,577,4419,390,297,7100,15558,529,38,71,147,10,2,791,174,7305,14931,5539,58,5,417,1124,1165,760,705,1048,54,5679,1626,91,4432,6481,1150,2088,27,696,5311,12055,2503,4517,18012,93037,1536,502,1063,1039,56,74,5579
48,8,172,104,137,3,181,691,610,214,470,32,65,7,405,6,68,42,5,14,126,220,172,286,2224,3,82,190,3084,684,1260,0,9,100,265,1821,44,3838,788,5402,20,3081,15581,3855,1057,14328,92,616,30,4643,132,738,915,46,377,1163,9054,551,6553,11836,6,1694,1536,53699,3944,23675,16,24,893,2598
16,1,49,60,8,0,44,177,181,59,64,4,13,2,110,1,8,12,3,4,6,21,18,27,511,2,45,67,569,180,249,1,1,25,86,12771,24,528,318,895,111,569,2858,5133,649,3391,1614,462,115,21606,16,59,240,476,634,755,234,105,620,2423,30,1476,502,3944,145052,6392,87,2697,4802,3346
13,5,87,93,10,1,42,196,180,86,39,12,11,2,155,0,188,29,1,6,7,401,114,200,951,5,74,156,1596,287,769,2,5,48,166,3652,64,1453,1095,115,3,173,16613,755,1298,357,1355,14,94,4131,22,939,2713,505,2711,30,25934,1487,6721,4910,20,4292,1063,23675,6392,77154,74,10,1068,7788
0,5,6,3,0,0,0,0,2,5,2,28,1,41,5,0,2,2,22,10,1,1,9,2,6,104,241,609,5,2,0,52,1,0,16,26,20,38,16,1,7,25,33,233,7,10,2525,4,7152,289,2,1,5,341,23,1,7,7,9,18,112,3162,1039,16,87,74,963,42,3,116
0,0,0,0,0,0,0,3,5,0,2,0,1,0,2,0,0,0,0,0,0,0,0,1,3,0,4,7,8,2,1,0,0,2,0,5,0,14,3,8,7096,1528,12,7062,6,59,1436,50,87,6954,98,0,3,133,47,18,6,1,4,19,19,159,56,24,2697,10,42,8040,1,552
1,1,4,14,2,0,4,38,25,7,3,2,1,0,14,1,7,2,0,0,1,12,9,6,108,0,5,6,147,25,76,0,0,4,18,78,4,30,116,12,1,24,211,38,139,55,118,2,4,68,4,30,16,69,83,13,279,87,102,412,1,85,74,893,4802,1068,3,1,5805,1149
7,9,195,34,9,0,27,100,81,20,23,5,8,4,50,1,97,25,2,21,6,162,50,378,237,3,254,506,333,80,160,1,1,9,56,197,268,1206,354,270,31,253,1153,1774,261,1580,7337,389,194,4112,14,440,2177,1422,8545,233,8075,493,6585,1249,234,2709,5579,2598,3346,7788,116,552,1149,37449
