10.3844615246224,158.773452758789,81.2982112488657,81.7081331106333,88.3292524549696,131.081874847412,86.0135773947073,27.764531175267,62.6711345357036,73.5719399301629,77.201328242003,132.163643448441,105.484461466471,164.396466573079,21.0361773442887,84.7999441964286,103.781311035156,88.7828542557231,136.298270485618,116.4779264662,89.931791417739,70.2436277544176,90.6936976114909,76.7265797500387,82.5353820144489,0,107.022219830786,120.45368531171,79.4472946258913,17.5397983771995,30.2703905768778,177.755416870117,86.368766784668,49.2614574432373,93.409729075209,154.117713928223,127.37659072876,159.982901573181,91.839754486084,167.019348144531,0,154.008076985677,135.059136390686,165.012600097656,94.0124904087612,164.312100497159,0,164.707344055176,245.809066772461,166.668047736673,0,132.507713317871,152.151538848877,232.481109619141,222.090393066406,121.542302449544,182.145957946777,190.642150878906,167.477440728082,125.05093327275,0,178.147914341518,164.181408275257,138.905217170715,151.897191524506,139.363831740159,0,0,154.627731323242,146.180895124163
158.773452758789,7.90246044400956,50.2232980459509,21.470278725598,100.154964447021,112.647580464681,132.130118233817,147.406065133902,149.595727991175,71.4021597645884,142.005029678345,59.4338742887686,121.967225551605,52.0937872807297,147.102744709362,110.859798230623,56.5148024469052,55.7093674109234,75.4227085113525,54.9261183812068,107.216537475586,111.596710791955,25.4701354208742,72.04041186246,76.6294300055798,24.3015187057289,46.3236841405944,30.0611765206741,108.610772933083,124.171211242676,105.492035675049,60.8751958649734,105.577299118042,137.8328221639,61.6521438260384,0,85.5657046181815,84.5020057938316,68.1397155761719,169.116424560547,0,187.014572143555,151.041381835938,160.053634643555,148.563598632812,186.235771179199,106.809622955322,0,94.9939571527334,189.263702392578,139.520370483398,0,97.3233030954997,141.116371154785,107.358311017354,0,152.911926269531,174.684524536133,118.320550918579,132.959420204163,71.7508670806885,102.533474471834,94.5364053459365,151.079432487488,87.6390228271484,123.53278503418,122.875190734863,0,125.37809753418,114.403688218859
81.2982112488657,50.2232980459509,11.8619157437511,51.9938661479698,140.875557639382,147.798828125,124.89230904984,90.0799068030046,114.675371986325,108.555448726732,112.116222218463,99.9809337229456,167.364079581367,101.40307915729,107.356001526704,137.855146196153,89.8282572188467,38.327582055291,97.8890293262623,79.227847243255,178.465883527483,60.9578039337022,54.7016057051798,30.9560833817448,117.95375880405,137.520076751709,33.5808844958037,32.9337280921768,74.4692921816271,106.832811089449,70.8371214725434,105.48815733811,164.862885369195,111.805944442749,64.3698381279279,191.915496826172,79.0517519204923,99.3988654145846,72.4521837858396,207.191543579102,220.009536743164,195.53774989735,174.991694101473,198.125048893754,142.904481367631,200.567390619322,152.610344626687,223.927103678385,145.666658289292,192.619641767229,184.350891113281,114.688370939973,106.255191851266,161.164150238037,136.120420183454,201.408986409505,140.691981666966,93.9726267189815,110.314599799952,162.618573149944,125.153236976037,105.572349591689,97.8593367252891,171.27322232446,196.341558339644,163.453873908383,147.455186208089,0,173.202747344971,130.425007355519
81.7081331106333,21.470278725598,51.9938661479698,19.6926370016329,67.3609208731816,185.043243408203,97.7182530085246,68.9856702991338,83.6839961891403,15.8429212178795,102.049648572814,76.1975726939489,100.270412349701,65.1846444621231,98.9851363220215,86.8433297964243,51.9111868964301,60.4043906956979,87.9574890136719,70.0194528467515,82.1400064321665,64.8700859512108,29.2261443314874,63.5520696962202,47.4299566276625,22.6418108540109,51.1731906671748,38.5619998399158,59.7557670158713,74.5176621942572,64.2166259758567,88.6527814450471,128.338816833496,66.4984382423195,69.8190209760245,89.0093612670898,96.1340642656599,80.2317914095792,15.5715821378686,109.916437694005,0,109.559769153595,82.9198284502383,107.703107904505,31.8989241236732,105.327030475323,161.999776204427,141.195894241333,107.601968516474,107.553397446536,100.306056976318,92.9982830810547,112.811727963961,150.083463668823,110.856854178689,109.985930633545,110.568850199382,72.7106609344482,97.5265338503081,62.7354066529861,93.4099960327148,116.330382486408,82.1424377752476,89.217058291802,99.3177469889323,86.0738266975649,118.513155619303,0,73.4305885859898,103.789824541877
88.3292524549696,100.154964447021,140.875557639382,67.3609208731816,9.83978239233063,96.0192095438639,69.6626352387316,55.9816441189643,97.2406176454532,49.553277241815,22.19658613219,157.587530517578,30.7855971610373,193.317118326823,107.659624375637,62.8943294211279,93.1323712666829,150.738286699568,0,196.399805704753,13.1430210245013,132.211368560791,66.9797847054221,141.735751342773,19.6188715899092,179.593170166016,164.162629021539,133.166614786784,15.6733197198121,98.8378814654162,104.361889521281,187.519058227539,137.242201805115,88.6680845896403,102.073618932204,142.278981889997,173.350372314453,176.20095316569,70.6002999791559,63.0253338380293,0,135.275011765329,140.501891771952,149.261329650879,89.5868240083967,149.907032164517,203.153060913086,99.4885236002364,0,159.474238851796,104.521925184462,158.755783081055,227.984016418457,0,204.598892211914,85.2678099072132,144.194381713867,99.8896713256836,186.772155761719,96.1373891860434,0,192.882179260254,181.602163405645,140.783216838419,156.709973335266,147.608208465576,0,0,132.008224487305,146.812924702962
131.081874847412,112.647580464681,147.798828125,185.043243408203,96.0192095438639,8.54996262596469,10.8305817749284,116.734001746544,13.7272933849185,67.4631235459272,121.132069554822,60.5321407803622,97.5940028408117,82.9332853618421,28.4893722986963,14.0160513673928,0,186.793991088867,85.8843517303467,77.8568878173828,109.636989169651,72.1916580200195,106.222229003906,0,86.6637689862932,97.6092249552409,136.886459126192,133.743859154837,128.291653060913,30.033149808042,125.015493774414,91.9522132873535,10.6147814545445,0,35.299837719062,185.359344482422,0,0,82.7945098876953,0,0,0,228.699478149414,203.805236816406,0,185.291381835938,0,164.493545532227,0,193.321716308594,0,0,0,0,0,139.56575012207,0,0,0,159.058353424072,148.311584472656,0,180.642837524414,169.753158569336,0,191.669326782227,0,0,0,0
86.0135773947073,132.130118233817,124.89230904984,97.7182530085246,69.6626352387316,10.8305817749284,12.579930857068,60.1386171541812,22.4991316709929,70.6106643158926,35.4052096803652,95.9977867340138,31.3518355650404,134.634141534062,51.6081647074436,15.312925611976,115.506053924561,148.644995498657,144.114690823025,157.592442946001,49.729556578031,129.182892192494,96.8679707845052,113.568882199388,75.7684688107173,102.133042017619,152.270665187262,153.830487100702,76.1867983306496,72.1670323416562,93.9843740166558,160.958771192111,19.0544680402895,96.9923405783517,83.2027944555649,162.770149993896,213.797660827637,201.967348181683,86.9092441027678,160.073171374867,0,155.258470015092,150.079252174922,167.06853413132,104.407372156779,157.165528838699,180.542510986328,150.344811463967,123.871559143066,168.981708061404,165.060836791992,145.166641235352,207.571067810059,211.5380859375,210.850799560547,146.768937223098,214.688817342122,170.459197998047,201.522678629557,129.645098080333,149.478302001953,215.451001485189,206.106976739291,153.514335210811,168.782007044012,164.476064227876,0,0,186.133045196533,170.640146326136
27.764531175267,147.406065133902,90.0799068030046,68.9856702991338,55.9816441189643,116.734001746544,60.1386171541812,13.4859843388271,62.62376427331,62.1611695765958,21.809881378413,155.111858590135,64.8344154166217,173.893256249366,52.4950277178538,81.0322474230517,113.197768211365,121.632316842675,163.886127471924,148.328886255041,42.9147793218761,68.8843289419198,95.7696938333632,68.4143564117768,56.7474211274364,155.712835693359,134.792012323368,117.422017533561,33.8608341544504,70.7863976511887,18.8487929951078,172.558534564394,127.71637802124,72.2203758641293,100.447798757031,140.316663065264,166.230909648694,172.071620959414,82.6666818289921,143.167043363131,177.146675109863,141.088651956094,130.036738138171,154.598739488131,90.5910774993897,148.425584046737,212.114630562919,143.572021484375,203.107345581055,156.42439007134,148.272709655762,153.618655934053,191.49709554819,235.450790405273,218.243092346191,140.530603719312,157.771741739909,130.477566769249,168.343558847904,114.852684930424,182.857898712158,198.650731538471,173.450321121971,131.597343886468,151.758693285581,143.442488222706,0,191.688664754232,140.948774638929,149.649933319092
62.6711345357036,149.595727991175,114.675371986325,83.6839961891403,97.2406176454532,13.7272933849185,22.4991316709929,62.62376427331,13.1746481452467,75.1689763505424,31.4812221932646,89.9273552159339,82.6269959876434,115.764324115433,17.1512036250033,43.165821228817,155.161682128906,133.777882982801,122.441857312722,142.829383446314,88.3501302278959,107.750775397578,111.788802676731,102.147888867504,77.8786283230964,94.3527925379136,140.810170322773,140.450016164885,83.7563765619575,41.3570644008472,80.5597561472439,140.669515813439,19.1790312216248,110.304873799169,63.3771606862172,158.50448661938,169.593728637695,196.987111470785,86.5496193932705,149.048538758583,204.823738098145,145.805764463526,143.767721646918,161.491875596187,107.785312383947,145.701770650929,216.539436340332,148.707219246106,140.457070486886,168.046729393113,158.875204467773,181.339965820312,211.808250427246,220.575286865234,219.155828203474,143.533789009883,175.46996307373,158.539010365804,190.644381205241,126.243261420553,195.584579467773,205.38382173426,194.780005113134,146.150257460797,163.679495416293,157.952171283298,160.981086730957,197.416220092773,149.493911437988,159.483621762123
73.5719399301629,71.4021597645884,108.555448726732,15.8429212178795,49.553277241815,67.4631235459272,70.6106643158926,62.1611695765958,75.1689763505424,8.92531807964268,73.0784045685262,124.847438457189,33.8379998501525,122.263488181241,91.0558177966338,32.2353007516067,78.4587161805895,116.483637920179,156.144060770671,129.200960466939,52.8306963171278,94.3795344034831,27.7200468870722,102.904148152669,22.5612143494968,105.771701980849,126.848875392567,105.059769591311,56.3004581737928,73.9657761361292,66.3293965018918,137.525834863836,133.280934502097,65.0457910084538,82.3695046706769,108.768806008732,134.37300491333,162.429550933838,19.5507460996645,104.436529477437,0,117.979866572789,101.277515365417,132.431632843018,48.5808793044672,120.89505962297,179.352719116211,92.2647671169705,159.203422283304,125.746403398185,83.8139953613281,144.207954406738,144.904118855794,217.008874511719,189.013711111886,95.6497447365209,142.51739654541,84.189323425293,143.866431427002,79.3359527979429,166.021932601929,178.795020454808,163.99191332878,101.623461500507,117.42634543726,112.484968806422,211.603988647461,0,106.57559640067,121.405471801758
77.201328242003,142.005029678345,112.116222218463,102.049648572814,22.19658613219,121.132069554822,35.4052096803652,21.809881378413,31.4812221932646,73.0784045685262,14.4677920189245,158.449961898918,26.8727425708369,180.613155711781,65.561500759688,79.3467367103063,101.783139546712,148.865111644451,172.095699603741,178.156719041907,19.858951477605,127.874497175217,112.019264221191,96.2476826157681,54.7450505838591,169.012280782064,155.527999311686,161.209075320083,24.9090491740287,92.3877655212664,104.770961812,192.490648269653,128.652925415039,89.1968235061282,96.3267573655307,195.028321584066,160.570465087891,189.884085002698,83.6273526555842,153.302036012922,150.797515869141,148.412371702869,151.607354155684,160.697437512433,101.771469646951,158.498504066613,220.915496826172,147.937693676917,245.990524291992,162.29167025017,135.722353121129,148.520480685764,208.587598800659,0,231.030052185059,100.7802751484,186.387929280599,158.779930962457,190.472121389289,121.430483618819,0,214.708306630452,203.829656283061,154.922150534772,182.075568199158,170.13803530962,212.052398681641,196.262138366699,201.796340942383,172.867490022079
132.163643448441,59.4338742887686,99.9809337229456,76.1975726939489,157.587530517578,60.5321407803622,95.9977867340138,155.111858590135,89.9273552159339,124.847438457189,158.449961898918,12.2731512293583,143.547799837791,27.6539039103235,88.2656624712752,119.521064495218,132.588099760168,55.427230795362,19.5675747611082,18.490448669461,154.128486510246,91.1484100952148,93.1778447885052,84.4318526341365,150.955163352848,29.3885476460881,26.8258395060708,59.1827315415782,153.745801502848,84.6815679537225,97.252118830527,34.4825813667626,60.2274844284457,111.352071819883,26.4983564139612,214.2822265625,99.7504806518555,153.613177405463,113.336470413208,0,0,228.182510375977,201.616351318359,227.835940890842,167.288345336914,0,85.5791343342174,0,79.0023401498795,207.230851606889,212.620941162109,166.235778808594,139.526624298096,111.212468783061,108.57432610648,168.796203613281,204.703109741211,121.154991149902,170.776986694336,191.376574064556,70.8607345476542,108.277941828189,114.99450044632,199.110901832581,201.792785644531,204.650848388672,99.6515001569475,0,209.64281463623,175.777604675293
105.484461466471,121.967225551605,167.364079581367,100.270412349701,30.7855971610373,97.5940028408117,31.3518355650404,64.8344154166217,82.6269959876434,33.8379998501525,26.8727425708369,143.547799837791,11.0565480927433,162.137998962402,100.229308944101,22.2775757780862,105.364869435628,172.771952909582,166.92999088063,163.849747794015,15.5313802429477,176.09809366862,82.3461480140686,157.687540690104,36.2629998116078,157.140591708097,177.00510773404,150.256642822826,51.1570676951341,98.9323187340794,128.541444605047,188.871734619141,121.667649405343,95.4107716878255,100.917284847778,179.585647583008,0,0,72.074360176369,135.98252140392,124.838157653809,98.8649625044603,163.910182529026,127.952787399292,92.1224839687347,154.156900271854,164.115562438965,19.0902513351269,202.879516601562,139.795394715809,78.8267964543523,150.943084716797,220.288518269857,0,0,95.6965972752041,0,0,223.948038736979,124.515942023351,0,200.885208129883,207.403937445747,163.676075862004,178.211871220515,206.712585449219,235.149917602539,215.330078125,162.009033203125,139.509941101074
164.396466573079,52.0937872807297,101.40307915729,65.1846444621231,193.317118326823,82.9332853618421,134.634141534062,173.893256249366,115.764324115433,122.263488181241,180.613155711781,27.6539039103235,162.137998962402,8.11302472957574,116.346091134208,155.233768169697,141.974029922485,96.3804016113281,59.1364272599368,74.5931021950462,180.261448669434,146.501953125,88.885799635325,142.34633585612,149.648638743275,20.0181352228008,28.79813277775,37.7179450331988,166.521688440344,100.517133964683,163.161464309692,13.8739060385382,80.4700869046725,0,61.653359423513,0,98.6015396118164,158.398643493652,102.083883476257,0,0,0,0,174.437423706055,176.046852111816,226.31135559082,89.4583702954379,0,75.385059844123,189.346206665039,0,0,167.190589904785,122.206129220816,132.005366605871,231.417495727539,0,171.136637369792,187.076553344727,181.839008331299,68.8571339282361,115.361165066423,113.143832681067,226.152029854911,209.229080200195,206.956680297852,95.826666483065,0,0,136.148818969727
21.0361773442887,147.102744709362,107.356001526704,98.9851363220215,107.659624375637,28.4893722986963,51.6081647074436,52.4950277178538,17.1512036250033,91.0558177966338,65.561500759688,88.2656624712752,100.229308944101,116.346091134208,10.2552298016624,72.1035855157035,97.4362487792969,116.864337517805,113.897282834913,127.511261816505,103.093722540485,93.5433949290456,114.043643657978,94.67767962547,94.4849956198172,96.4199727376302,130.07691227321,132.810199575969,97.9533128448346,21.2071250469557,67.3130853624425,121.652928482859,13.0978676485149,51.4447917811076,56.0317018089478,168.321243286133,183.265441894531,188.806370986135,114.623942226834,179.949541552313,0,167.38832838639,156.437764314795,179.129960992834,112.282117403471,169.994257658431,206.709568568638,184.576083374023,161.190397262573,184.961890004164,188.178090413411,156.074329800076,201.877932593936,219.16202545166,183.511282348633,159.118665341978,177.625418526786,141.501304626465,197.119785308838,141.135132184649,120.348907470703,192.782919965472,184.048861163595,156.77499602518,176.198738514293,163.50532861525,143.068789672852,212.151741027832,165.958675929478,172.531134338379
84.7999441964286,110.859798230623,137.855146196153,86.8433297964243,62.8943294211279,14.0160513673928,15.312925611976,81.0322474230517,43.165821228817,32.2353007516067,79.3467367103063,119.521064495218,22.2775757780862,155.233768169697,72.1035855157035,9.20100946647232,119.166938781738,155.821325683594,141.279342651367,158.60471089681,55.4420841457398,202.172225952148,77.6767996530684,142.01369367327,40.7106401604136,160.424404907227,159.608368530273,136.464473401996,82.4692751716165,96.8900234627001,104.575577218192,137.563064575195,35.9153728833482,103.763534228007,98.2476354217529,184.208618164062,0,191.28076171875,71.6210578469669,138.005973270961,0,131.508875528971,141.379356384277,158.975872039795,74.7955632890974,143.886441831236,0,103.794069925944,0,204.587516784668,91.0567054748535,172.118621826172,168.626129150391,223.086181640625,225.144973754883,113.549062252045,0,0,0,108.276578140259,0,227.881271362305,182.122929890951,133.481702168783,185.13737487793,0,0,0,167.416656494141,138.861862182617
103.781311035156,56.5148024469052,89.8282572188467,51.9111868964301,93.1323712666829,0,115.506053924561,113.197768211365,155.161682128906,78.4587161805895,101.783139546712,132.588099760168,105.364869435628,141.974029922485,97.4362487792969,119.166938781738,13.3599926075722,101.022198220958,190.783157348633,123.419750637478,240.562057495117,24.7339866821234,26.4178801960388,21.9602916302158,23.5645083965937,119.44965986772,116.386545134754,32.2831319044514,25.1352564641734,109.784465026855,71.5675037859347,129.090072631836,0,108.290550231934,88.3379298510305,185.785641479492,112.980659484863,101.613479121403,47.7188077000209,0,0,168.140917641776,152.139838736398,180.111313713921,106.581615447998,164.686113993327,191.697631835938,0,176.138954162598,169.803510665894,0,82.8652929339948,133.299720532966,0,167.784645928277,0,108.914992759968,54.5040374475255,102.923790094075,113.972122630135,128.109466552734,152.546085048366,104.660231891551,129.848415262559,136.959050178528,118.903489051981,181.360427856445,0,109.56753213065,110.855028447417
88.7828542557231,55.7093674109234,38.327582055291,60.4043906956979,150.738286699568,186.793991088867,148.644995498657,121.632316842675,133.777882982801,116.483637920179,148.865111644451,55.427230795362,172.771952909582,96.3804016113281,116.864337517805,155.821325683594,101.022198220958,8.30973175449498,51.2562927738313,19.4513137717751,173.878255670721,35.6465325208341,75.2028618560978,18.2025859421928,128.173389897514,104.342186927795,26.1618555205021,65.8461607061194,112.032060024002,93.7385202002649,62.9817864010202,72.121826171875,157.577799479167,97.270564920762,35.3117481887218,210.467430114746,84.4596814742455,108.056220541039,79.281919890759,206.699729919434,0,195.519583565848,188.837123235067,210.575529649523,164.734545389811,205.312672932943,151.586807250977,191.913299560547,143.06446202596,197.916972527137,0,135.860505845812,111.865158948853,142.699234008789,120.406235745079,235.667282104492,154.261477420205,102.007581498888,132.527723370176,177.099450094658,118.41915435791,109.145570330224,105.712518049506,181.848580133347,207.147383371989,171.980774451946,145.096904754639,0,151.12565612793,137.561627807617
136.298270485618,75.4227085113525,97.8890293262623,87.9574890136719,0,85.8843517303467,144.114690823025,163.886127471924,122.441857312722,156.144060770671,172.095699603741,19.5675747611082,166.92999088063,59.1364272599368,113.897282834913,141.279342651367,190.783157348633,51.2562927738313,7.04832737227477,13.8545255686206,170.289395845853,113.522880872091,116.418195551092,100.716058373451,163.746374342177,50.3874627249581,27.6965627567467,67.4477833124596,163.740264892578,112.440140245366,113.695077037811,50.7705001831055,90.0219082122153,120.350341796875,58.4418871625127,221.187683105469,86.7169036865234,153.08459690639,47.7482070922852,0,0,0,226.975677490234,0,187.463973999023,0,103.437646230062,0,92.7749189489028,129.931167602539,0,170.423782348633,0,107.982457941229,121.660087585449,0,195.38695526123,0,223.681396484375,221.221422831217,79.7799502286044,105.975693405315,106.648099704665,215.655023193359,226.422648111979,243.021087646484,101.230280442671,0,0,175.380783081055
116.4779264662,54.9261183812068,79.227847243255,70.0194528467515,196.399805704753,77.8568878173828,157.592442946001,148.328886255041,142.829383446314,129.200960466939,178.156719041907,18.490448669461,163.849747794015,74.5931021950462,127.511261816505,158.60471089681,123.419750637478,19.4513137717751,13.8545255686206,11.3843810996697,178.174592238206,85.9483595781548,97.6086099798029,40.8423616409302,143.862254130046,55.0115588644276,24.3650171154521,66.5885718372964,139.063392771845,106.399055185294,88.1738097139461,63.5128644617592,87.1209135616527,109.281047712054,35.6250479319092,204.613357543945,99.8190217451616,125.444510361244,79.7719050089518,239.522468566895,0,221.185363769531,193.604049682617,204.721035003662,181.080993652344,191.585754394531,112.517621358236,0,104.87889289856,210.899183793501,0,144.531414031982,113.710661067519,116.337845272488,108.089061402438,0,118.206558227539,120.118743896484,162.262802124023,192.064999050564,80.3915746476915,104.50193297025,107.166228888348,198.187750680106,186.055858612061,189.664876302083,113.163890075684,0,0,129.242525736491
89.931791417739,107.216537475586,178.465883527483,82.1400064321665,13.1430210245013,109.636989169651,49.729556578031,42.9147793218761,88.3501302278959,52.8306963171278,19.858951477605,154.128486510246,15.5313802429477,180.261448669434,103.093722540485,55.4420841457398,240.562057495117,173.878255670721,170.289395845853,178.174592238206,10.1274269128362,189.271942138672,84.3634768399325,165.695045471191,21.9013893688574,185.24467976888,181.537998884152,164.774775913783,27.3018181026957,99.2944828511931,126.673958642142,180.036471557617,126.456273803711,90.7668965657552,100.447362172829,166.41873550415,204.822303771973,200.452560424805,72.2022554272803,121.030823943692,0,146.298890431722,164.55849029541,161.88792627508,93.2170890461315,154.786778822128,0,135.64829630666,0,174.466813441685,110.555285002056,174.505279541016,0,0,0,90.9705131275916,0,0,0,111.594032261168,186.940277099609,217.256713867188,194.935747782389,151.743669116308,180.893511454264,168.336018153599,221.745193481445,0,118.281837463379,187.300224304199
70.2436277544176,111.596710791955,60.9578039337022,64.8700859512108,132.211368560791,72.1916580200195,129.182892192494,68.8843289419198,107.750775397578,94.3795344034831,127.874497175217,91.1484100952148,176.09809366862,146.501953125,93.5433949290456,202.172225952148,24.7339866821234,35.6465325208341,113.522880872091,85.9483595781548,189.271942138672,14.6823109840271,59.3515905627197,28.4824349811547,32.5946469177284,0,105.783956549141,79.7592344644691,34.4926241586889,57.2613181619988,28.446396761739,112.030220031738,123.632802690778,60.5825472054658,44.1230610496375,171.294960869683,141.261446634928,133.662144716545,66.9693715973367,193.191078186035,0,182.165481567383,160.927541944716,184.708610057831,130.669933319092,181.843716621399,175.847709655762,0,183.988296508789,181.55372467041,153.070846557617,105.076498051633,158.465755644299,183.04857635498,175.943325042725,207.322357177734,120.367244229153,79.2858974001168,118.370498293451,123.991069793701,193.78764851888,167.494287561487,132.387144535146,129.221407456831,167.168284461612,125.324158551984,243.698333740234,0,127.363824208577,126.230740488311
90.6936976114909,25.4701354208742,54.7016057051798,29.2261443314874,66.9797847054221,106.222229003906,96.8679707845052,95.7696938333632,111.788802676731,27.7200468870722,112.019264221191,93.1778447885052,82.3461480140686,88.885799635325,114.043643657978,77.6767996530684,26.4178801960388,75.2028618560978,116.418195551092,97.6086099798029,84.3634768399325,59.3515905627197,10.1188681025295,55.5410720198444,35.7473478748827,73.4736616290431,100.151105719877,43.2540599218772,56.6954316986696,71.3333910306295,59.624806204103,111.49117417769,0,50.2458738599505,66.8079461436579,144.590493520101,96.5765218734741,83.7659295965864,43.8787091825067,154.414054870605,227.088668823242,159.840505981445,126.859382629395,155.245366876776,96.9520230293274,147.979677472796,137.078079223633,140.730743408203,140.208883397719,161.710611540696,148.908767700195,60.6059617259472,113.598970358712,172.868026733398,161.932097625732,152.252451578776,94.1251722412109,36.4459567493008,82.442837015242,90.9107963740826,120.742706298828,131.018652614159,86.9654201924078,99.7976957587309,113.664513481988,100.808021913495,162.511498345269,0,99.7735188802083,99.2937107086182
76.7265797500387,72.04041186246,30.9560833817448,63.5520696962202,141.735751342773,0,113.568882199388,68.4143564117768,102.147888867504,102.904148152669,96.2476826157681,84.4318526341365,157.687540690104,142.34633585612,94.67767962547,142.01369367327,21.9602916302158,18.2025859421928,100.716058373451,40.8423616409302,165.695045471191,28.4824349811547,55.5410720198444,16.0854885157422,67.3342620142848,120.028045654297,64.8868378777747,40.8822658237917,51.719949169271,90.4577577786057,51.5969885987282,143.234966278076,133.838266372681,100.425836181641,48.8015884569442,183.599055570715,93.0741112448952,105.775435399128,72.0819455626383,179.610692342122,147.728942871094,191.131245083279,164.39205736671,188.848305454961,142.364892323812,182.234064737956,158.374671936035,0,166.436716715495,188.96487973771,0,98.7981695020765,123.612118459302,170.608594894409,152.305004577637,0,119.136890591942,76.7632557902716,112.192957579518,154.061190736887,154.098709106445,147.27808144752,106.448956549343,157.024876387803,184.707742479112,144.70506111145,193.558471679688,246.468475341797,138.675843556722,125.682019995634
82.5353820144489,76.6294300055798,117.95375880405,47.4299566276625,19.6188715899092,86.6637689862932,75.7684688107173,56.7474211274364,77.8786283230964,22.5612143494968,54.7450505838591,150.955163352848,36.2629998116078,149.648638743275,94.4849956198172,40.7106401604136,23.5645083965937,128.173389897514,163.746374342177,143.862254130046,21.9013893688574,32.5946469177284,35.7473478748827,67.3342620142848,10.280298571886,124.124692393615,137.397559723158,94.6085580938606,22.5275891978325,81.7576937436885,76.8963805270354,158.237957976585,124.290180879481,72.1337154160685,99.807045047905,131.879177710253,141.551760196686,157.815927082282,57.1197025381776,119.32548781236,173.523600260417,128.484242331388,118.975818186966,142.645968871399,72.9865092344062,132.409822595393,203.945566177368,118.357121593547,205.545098440988,147.24715895115,110.724460220337,111.125873973351,177.173254085492,214.865590413411,202.457130186019,114.733724177569,125.547167140127,94.7585095967332,145.157997757916,96.6542487516917,166.713455200195,181.832174576006,164.790299713917,114.320097837517,137.130905868023,124.572008864987,212.158241271973,186.670984903971,119.199442121718,131.517220187288
0,24.3015187057289,137.520076751709,22.6418108540109,179.593170166016,97.6092249552409,102.133042017619,155.712835693359,94.3527925379136,105.771701980849,169.012280782064,29.3885476460881,157.140591708097,20.0181352228008,96.4199727376302,160.424404907227,119.44965986772,104.342186927795,50.3874627249581,55.0115588644276,185.24467976888,0,73.4736616290431,120.028045654297,124.124692393615,9.43703489730613,46.3287354532467,26.420244819576,159.693232486123,86.5788120579075,154.945987277561,38.4959735197899,87.1848868167762,0,52.2424057399766,178.885498046875,91.5764989852905,130.451617649623,65.3240111470222,0,0,0,0,160.112270355225,151.542048136393,196.805369059245,74.1673627413236,0,62.1677457312576,182.141229629517,0,197.148483276367,121.987937927246,88.5218915939331,90.594820022583,0,182.314926147461,131.366099039714,163.993850708008,170.522899627686,48.7574524507455,80.7235442316809,82.2507189227274,211.014338175456,220.765045166016,191.965823364258,78.0830150750967,0,0,120.06489054362
107.022219830786,46.3236841405944,33.5808844958037,51.1731906671748,164.162629021539,136.886459126192,152.270665187262,134.792012323368,140.810170322773,126.848875392567,155.527999311686,26.8258395060708,177.00510773404,28.79813277775,130.07691227321,159.608368530273,116.386545134754,26.1618555205021,27.6965627567467,24.3650171154521,181.537998884152,105.783956549141,100.151105719877,64.8868378777747,137.397559723158,46.3287354532467,15.3277698613629,38.5830767674772,133.773360946515,114.149438190986,99.5881293544247,23.03026804933,106.173076908763,123.319676992056,59.2729187099476,200.073295261549,91.4928457355935,107.62626564119,81.9540631062276,202.843607584635,0,207.876830528522,191.184628486633,203.52894308156,177.417881598839,220.539038438063,98.8556119300224,197.048416137695,94.3211872741466,195.157795137246,174.545166015625,153.26304880778,105.744504726584,106.473933115727,103.399301764755,222.052841186523,154.957903798421,143.526022847493,143.60369052887,190.798166735419,76.5399604583337,97.4578548063054,98.80974353253,198.543037414551,193.834844631619,184.989544017895,100.800063422112,182.114128112793,157.45617980957,119.433295332541
120.45368531171,30.0611765206741,32.9337280921768,38.5619998399158,133.166614786784,133.743859154837,153.830487100702,117.422017533561,140.450016164885,105.059769591311,161.209075320083,59.1827315415782,150.256642822826,37.7179450331988,132.810199575969,136.464473401996,32.2831319044514,65.8461607061194,67.4477833124596,66.5885718372964,164.774775913783,79.7592344644691,43.2540599218772,40.8822658237917,94.6085580938606,26.420244819576,38.5830767674772,16.9401816424623,87.8014564858902,125.145284360769,117.960459771984,29.0031025183132,111.475052292283,127.833547418768,68.3636234548352,192.223505147298,80.716284466578,96.5211769583184,70.7263434178901,193.80634765625,232.355236053467,205.263427734375,178.981796641926,196.770398321953,174.280264603464,203.697011254051,103.080109433717,226.477035522461,92.5850074544179,191.488937488501,205.070109049479,100.524523917611,105.266089245244,111.190552809213,107.879148977774,190.620829655574,136.049339818019,81.5117414505755,106.364417502902,168.070453810977,76.530044220513,100.315064177877,96.7309321165545,176.568123867637,181.876805205843,157.068295649993,104.381364393313,161.24216570173,173.728439331055,117.885941607208
79.4472946258913,108.610772933083,74.4692921816271,59.7557670158713,15.6733197198121,128.291653060913,76.1867983306496,33.8608341544504,83.7563765619575,56.3004581737928,24.9090491740287,153.745801502848,51.1570676951341,166.521688440344,97.9533128448346,82.4692751716165,25.1352564641734,112.032060024002,163.740264892578,139.063392771845,27.3018181026957,34.4926241586889,56.6954316986696,51.719949169271,22.5275891978325,159.693232486123,133.773360946515,87.8014564858902,13.6522062708156,86.3397898620144,46.000206493232,165.715693010603,138.686036575672,71.5517890909444,78.408279399718,138.508359219166,145.645222431905,158.32879205918,81.8285151257927,131.414246700428,191.471884155273,143.419340124796,128.399961731546,153.610030209702,88.3689309022365,150.073794467463,201.686202199836,137.900218589633,216.380611419678,155.104207483709,122.526570638021,118.827578405432,175.176043192546,226.938997056749,205.730845802709,125.843583535175,125.582137367942,93.8868459936691,146.135368254127,110.887220884088,182.384203592936,187.902830367393,163.258758516077,122.679035270879,144.155728734021,128.894247074175,222.869088745117,180.365558624268,121.240281345082,134.254614363204
17.5397983771995,124.171211242676,106.832811089449,74.5176621942572,98.8378814654162,30.033149808042,72.1670323416562,70.7863976511887,41.3570644008472,73.9657761361292,92.3877655212664,84.6815679537225,98.9323187340794,100.517133964683,21.2071250469557,96.8900234627001,109.784465026855,93.7385202002649,112.440140245366,106.399055185294,99.2944828511931,57.2613181619988,71.3333910306295,90.4577577786057,81.7576937436885,86.5788120579075,114.149438190986,125.145284360769,86.3397898620144,11.5387226790279,25.6703185102574,117.012926438275,12.9225897829865,14.6950716571205,44.6632715435915,155.498127631421,216.8291015625,180.966412067413,99.8167318368887,182.520661671956,182.151458740234,173.2407844945,142.426262427233,171.348126164189,109.889989353362,174.811806166468,165.872105916341,177.513984680176,178.507219587054,173.934588651045,157.919479370117,146.403126525879,199.485705566406,200.909343719482,206.771189371745,152.901729901632,143.994456241005,113.1488167899,167.05103443287,129.424132100181,177.388210296631,188.783633073171,192.398618798507,140.95721086424,160.741844304403,149.870023694188,117.37126159668,185.80150604248,142.94188659668,156.952512454987
30.2703905768778,105.492035675049,70.8371214725434,64.2166259758567,104.361889521281,125.015493774414,93.9843740166558,18.8487929951078,80.5597561472439,66.3293965018918,104.770961812,97.252118830527,128.541444605047,163.161464309692,67.3130853624425,104.575577218192,71.5675037859347,62.9817864010202,113.695077037811,88.1738097139461,126.673958642142,28.446396761739,59.624806204103,51.5969885987282,76.8963805270354,154.945987277561,99.5881293544247,117.960459771984,46.000206493232,25.6703185102574,11.8034159768008,159.390278625488,133.798307291667,39.4127542706702,43.7002302788761,147.748156393728,161.645843505859,158.658295675973,86.9165197651038,168.732625787908,190.462600708008,162.251842498779,133.858733099126,165.739323301573,94.5678327929589,175.149762240323,198.270520019531,147.575031280518,210.258743286133,161.442635258542,173.683181762695,110.598741443879,176.396252176036,208.14563293457,196.773599243164,176.83932025616,123.982022603353,90.1227854065976,132.958958300422,118.003554047328,182.63419342041,190.583322143555,166.876816763005,126.536230184161,144.48672807073,131.433953442716,0,182.323638916016,122.970299269024,135.061503267288
177.755416870117,60.8751958649734,105.48815733811,88.6527814450471,187.519058227539,91.9522132873535,160.958771192111,172.558534564394,140.669515813439,137.525834863836,192.490648269653,34.4825813667626,188.871734619141,13.8739060385382,121.652928482859,137.563064575195,129.090072631836,72.121826171875,50.7705001831055,63.5128644617592,180.036471557617,112.030220031738,111.49117417769,143.234966278076,158.237957976585,38.4959735197899,23.03026804933,29.0031025183132,165.715693010603,117.012926438275,159.390278625488,9.10504808508766,101.833740234375,0,65.2786129179455,191.363174438477,147.493937174479,150.440986633301,71.5539255142212,0,0,0,234.91374206543,227.881546020508,224.584136962891,0,91.0099099966196,0,84.8394393061732,0,0,0,146.545288085938,105.827691713969,131.791516113281,0,0,149.942905426025,0,243.629470825195,75.0986848558698,104.765852943796,107.452603813742,0,143.443817138672,168.580711364746,99.0080431424654,0,0,189.812438964844
86.368766784668,105.577299118042,164.862885369195,128.338816833496,137.242201805115,10.6147814545445,19.0544680402895,127.71637802124,19.1790312216248,133.280934502097,128.652925415039,60.2274844284457,121.667649405343,80.4700869046725,13.0978676485149,35.9153728833482,0,157.577799479167,90.0219082122153,87.1209135616527,126.456273803711,123.632802690778,0,133.838266372681,124.290180879481,87.1848868167762,106.173076908763,111.475052292283,138.686036575672,12.9225897829865,133.798307291667,101.833740234375,5.81947655950281,74.0146045684814,32.053175986383,181.384170532227,215.031005859375,0,0,0,242.861343383789,204.489837646484,189.50707244873,210.441654205322,132.146408081055,228.232147216797,0,0,159.931396484375,217.585451761882,0,0,0,0,234.073547363281,123.604362487793,0,246.329849243164,0,178.705111335306,164.676147460938,159.245498657227,179.885105133057,181.57620578342,209.82942199707,193.103405761719,125.522232055664,0,0,169.152252197266
49.2614574432373,137.8328221639,111.805944442749,66.4984382423195,88.6680845896403,0,96.9923405783517,72.2203758641293,110.304873799169,65.0457910084538,89.1968235061282,111.352071819883,95.4107716878255,0,51.4447917811076,103.763534228007,108.290550231934,97.270564920762,120.350341796875,109.281047712054,90.7668965657552,60.5825472054658,50.2458738599505,100.425836181641,72.1337154160685,0,123.319676992056,127.833547418768,71.5517890909444,14.6950716571205,39.4127542706702,0,74.0146045684814,8.05127999386567,13.8754688753275,146.352919442313,0,172.664428710938,87.1195898617015,186.369140625,205.203659057617,154.966875712077,131.830502449198,161.843905203683,88.619013272799,156.548229441923,0,151.774124145508,0,167.864198123707,0,92.9723602294922,194.488327026367,0,0,157.211029052734,124.752229690552,76.0539321899414,166.776779174805,119.039648383327,0,216.333351135254,214.037216186523,126.127683868408,140.439510192871,138.017808119456,0,207.403884887695,129.180662155151,145.081380208333
93.409729075209,61.6521438260384,64.3698381279279,69.8190209760245,102.073618932204,35.299837719062,83.2027944555649,100.447798757031,63.3771606862172,82.3695046706769,96.3267573655307,26.4983564139612,100.917284847778,61.653359423513,56.0317018089478,98.2476354217529,88.3379298510305,35.3117481887218,58.4418871625127,35.6250479319092,100.447362172829,44.1230610496375,66.8079461436579,48.8015884569442,99.807045047905,52.2424057399766,59.2729187099476,68.3636234548352,78.408279399718,44.6632715435915,43.7002302788761,65.2786129179455,32.053175986383,13.8754688753275,11.10136773601,157.184699273879,97.840734281038,117.804317288282,97.2978818511963,182.131753444672,0,174.033959781422,155.582668940226,181.40988244743,125.903054428101,166.737262019405,116.507837295532,190.532043457031,111.881921854886,182.421305780825,152.13166809082,115.259457544847,122.828890251391,133.927213495428,127.340615608323,141.335227203369,127.798011546232,89.1504309442308,121.868084979987,134.276333213125,91.9933280944824,118.59863457313,116.865429315193,148.376370872642,165.99223904277,146.852860186473,125.122407436371,0,142.917694939507,136.149658884321
154.117713928223,0,191.915496826172,89.0093612670898,142.278981889997,185.359344482422,162.770149993896,140.316663065264,158.50448661938,108.768806008732,195.028321584066,214.2822265625,179.585647583008,0,168.321243286133,184.208618164062,185.785641479492,210.467430114746,221.187683105469,204.613357543945,166.41873550415,171.294960869683,144.590493520101,183.599055570715,131.879177710253,178.885498046875,200.073295261549,192.223505147298,138.508359219166,155.498127631421,147.748156393728,191.363174438477,181.384170532227,146.352919442313,157.184699273879,12.0697677184659,146.918771743774,111.431352791735,77.0439604259673,90.2750330126635,0,100.10491664069,38.7382655002264,81.7297921023526,74.5604886676542,88.9858194246867,125.149915233162,103.636529482328,139.358123593214,23.7859425541001,124.752637863159,121.580005058875,110.397323484845,124.80599961962,114.203756466033,86.019611451684,104.143064919165,80.5990257263184,112.242610168457,78.0518748529799,134.183109283447,115.20696441426,147.380368462924,84.1727647357168,18.7228214917173,26.6733190009915,145.151768024151,111.960997772217,38.7298555496411,71.8879229840893
