9.93783571155327,113.943250020345,91.0199848871465,72.9702931162137,88.9935137430827,0,99.3248514921769,25.7441305675324,15.6546835122021,75.1657896554598,59.5984479130565,120.57775071088,117.334922790527,161.367530822754,13.8034282707389,79.740348815918,93.0518188476562,89.5239692675936,121.38879776001,117.630879899146,115.789777119954,68.1790739550264,80.7335664113363,77.4199656101173,80.3409976862409,0,115.511359339175,117.357267361935,76.1744864283619,18.0983749559179,28.6737272436854,0,96.016606648763,33.0131249836513,67.422598471407,140.156438191732,0,147.429239273071,102.504639569451,143.436553955078,0,165.762355804443,131.819652557373,182.610705566406,0,158.372502644857,0,0,0,174.81845925071,0,138.377365112305,201.81965637207,0,187.459014892578,0,130.055910746257,144.621704101562,156.350378417969,120.789217267718,0,169.882965087891,166.795564651489,144.114731421837,155.062970987956,133.609150356717,0,0,142.866897583008,155.268198649089
113.943250020345,6.69431671849871,36.8603430304508,18.1864240785064,0,0,0,103.15023651123,129.828170776367,66.7488301017068,133.427441914876,58.4703817246835,94.0419082641602,50.004077965243,125.510348728725,112.271861606174,47.7405374967135,52.3242842356364,73.3945263133329,68.2923687927483,200.18473815918,84.1075558662415,16.19442898769,67.3757478292886,72.3923335254641,26.2359368015419,53.4308758119994,26.8196891620307,103.051885128021,117.816566467285,106.043282728929,66.1726658630371,131.487277984619,88.587336730957,61.7650528515086,0,49.1529717445374,59.7869761206887,24.9236474990845,0,0,0,134.71354675293,0,127.970851898193,204.467872619629,93.2957712809245,157.298400878906,76.758839743478,0,0,98.1087341308594,73.5829547246297,91.201237487793,100.879286332564,0,0,0,68.6041069030762,106.444391886393,49.0649969577789,84.2306486765544,70.659045171256,115.843994140625,0,0,104.220274925232,0,0,78.7600326538086
91.0199848871465,36.8603430304508,15.2731075400189,53.5033468613489,132.598133228443,209.51220703125,126.228297470208,88.6759300089328,108.83271865391,117.456580858552,111.36357176149,88.9333968145197,139.930865696498,85.9047910360465,106.269536423032,148.966444015503,89.1647136688232,42.1680281511198,93.9892775706756,77.6938067396482,153.767118326823,63.5104530531852,47.954560761962,32.5501385519738,114.083582372251,116.324413299561,46.512218952296,36.573185560028,77.0586219330259,116.576747796787,80.4790128854274,88.0602254867554,156.401904635959,110.773130098979,70.4149015784264,140.40867767334,79.2355902535575,86.0157164621894,60.7034749369467,224.434219360352,0,172.110046386719,142.065158299037,194.065224541558,123.537673950195,172.574363708496,152.045116424561,0,150.784393310547,165.056574503581,0,103.297351731194,100.338219790989,132.576369149344,114.324468709655,0,122.838927984238,81.8947199744147,100.411152672875,139.087670026507,139.830307006836,100.629202073237,89.6043672834124,146.578829129537,171.621122506949,139.27620615278,144.310302734375,216.691513061523,208.625198364258,101.956914728338
72.9702931162137,18.1864240785064,53.5033468613489,26.6619409404952,68.3802826841113,110.094261169434,96.2749254490302,70.4564821234656,90.7269902376428,18.6294783238102,85.5278392260588,92.2388298599808,69.7505496631969,58.9428033244853,90.8478274673999,58.7336901151217,36.2239298697626,64.4987176166544,101.850345387178,68.0429548729791,90.4944600557026,57.1178605061657,23.1829824526794,49.3184528160678,36.9299985713393,27.3643275531946,51.0896486616022,38.1307037696958,60.9228759908173,82.337949599598,62.1718676032229,73.3941137313843,126.54907989502,59.3290052577427,63.4406969761722,89.2059249083201,71.6823561986287,69.3276156016758,14.1815897770417,81.1941895621163,0,100.96760232108,76.0504232901114,108.290298049514,30.145310196222,89.6640525054932,125.783198038737,77.6277758280436,118.203877449036,109.244230710543,117.85333887736,52.450881313968,84.0908635767495,82.4036846160889,96.7925020217895,67.872058391571,67.0446832668014,15.0896314209847,62.2625699443202,57.7525366942088,46.048768485034,82.2577773384426,63.3571600677274,77.8120417927587,98.6757557776667,70.770958438362,124.726938247681,0,80.2646989368257,77.4435543332781
88.9935137430827,0,132.598133228443,68.3802826841113,10.6678432052502,141.154815673828,61.1849324423988,53.7927993117579,85.9139582462575,41.2412748645535,27.671646364525,168.133987426758,33.7199268519104,168.409042358398,101.148776728445,67.6473547966926,88.9793303353446,158.409341430664,0,199.23876953125,16.4955543421675,125.467544555664,74.6286610194615,115.573377755972,22.2243483391359,0,164.649151611328,120.563183466593,16.1958504488558,108.37979991747,102.802115904979,0,138.129450798035,82.9065559023903,102.236132902258,142.80298614502,0,197.998301188151,73.1160922694851,131.676463567723,208.024108886719,145.679794167573,126.671660486857,160.283578796387,84.2575801414779,135.159046814505,0,125.347620877353,190.778717041016,171.656922773881,107.830961227417,0,193.763793945312,0,0,20.7961892035597,0,0,149.102386474609,101.245035872167,0,220.659088134766,170.50651550293,130.129307459271,166.22489304976,115.407089233398,0,0,140.081115722656,169.27749464247
0,0,209.51220703125,110.094261169434,141.154815673828,7.31475958748469,7.35677119069328,128.174613952637,14.6265038417608,43.0770824656767,124.437808990479,56.7796801757813,67.9202717372349,77.7472267150879,20.6759959404096,13.909279210976,0,145.874298095703,81.8461380004883,104.385414123535,85.6281967163086,0,0,148.352569580078,85.6338005065918,0,106.93616104126,132.340854991566,127.68457921346,21.0845775222778,114.236267089844,90.0001449584961,10.131902294664,0,31.9090101298164,0,0,0,0,0,0,0,0,0,0,0,0,0,0,0,0,0,0,0,0,0,0,0,0,0,0,144.15852355957,211.065628051758,0,212.145606994629,0,0,0,0,0
99.3248514921769,0,126.228297470208,96.2749254490302,61.1849324423988,7.35677119069328,11.3605053634561,56.8845780108559,18.6888203986716,52.4276096940501,31.0443267300331,77.4458731103131,24.8879489769585,121.517078600432,46.0756659473813,11.5642833390873,122.912489573161,144.080632412072,108.876178741455,139.920505777995,42.8234014736927,109.0032898585,106.54877726237,121.738738686698,76.9559909664217,171.8349609375,145.682979447501,141.733763315145,67.0734142329417,60.381002509594,109.182656201449,104.261734008789,14.271880992016,89.5778690338135,59.1700830432111,170.510728624132,0,188.07466506958,96.1951299031576,151.846752039591,230.150482177734,169.890551303295,146.245244847666,174.630008976634,108.808837652206,156.408225383955,0,153.212419782366,205.910980224609,192.491969389074,182.359092712402,0,212.493858337402,151.927703857422,0,114.132965288664,0,142.754470825195,198.576502482096,119.436094959755,0,0,193.133450826009,153.949301147461,185.67494837443,170.108479817708,0,0,182.816871643066,188.957369995117
25.7441305675324,103.15023651123,88.6759300089328,70.4564821234656,53.7927993117579,128.174613952637,56.8845780108559,11.0401915931565,52.8101513521687,58.7462845006048,18.2815864824016,145.39969058747,62.7448108135126,151.906633213588,34.9107011343438,82.5320974210413,91.5630286625453,108.032933604086,160.421798706055,140.810684280396,44.4221899157665,68.5956681851696,94.1699142456055,77.5368771493621,56.798118714897,0,120.74997252297,109.663912369881,27.9954160240465,60.6279350000844,24.3698514837471,156.6594581604,119.534015489661,66.1599579073552,89.0954400903357,145.999322255452,238.649597167969,154.288281874223,86.9281152997698,140.712236844576,0,151.158765258789,124.512309530507,157.594073368953,98.0832283713601,135.363882015913,0,102.884620666504,0,156.595735867818,140.673828125,122.661270141602,168.921891212463,0,189.746704101562,128.232866923014,153.120778401693,114.518788146973,144.859877596196,107.026553471883,0,170.353390284947,156.943140444548,136.932691301618,156.103886520653,142.874128453872,0,187.49333190918,150.057108561198,149.859243710836
15.6546835122021,129.828170776367,108.83271865391,90.7269902376428,85.9139582462575,14.6265038417608,18.6888203986716,52.8101513521687,11.4120892370059,85.7358075347601,28.5192893167685,81.1901620048977,45.9462627133778,115.616591048567,19.149376062931,27.4494178186763,131.879558704518,119.391217858649,119.030047035217,138.688759029613,70.8476929641502,98.7360624763055,119.622516763621,100.717379811105,84.935376962157,157.567337036133,132.012214857367,133.622632993381,76.2323253483116,39.8215225999302,71.4445560174508,130.205657958984,23.4551723897874,81.8273605090469,52.3420406966851,160.295902854518,225.201705932617,170.011557769775,96.6810364120308,157.563303140494,0,170.719114786784,148.016806975234,180.432507832845,128.681868780227,159.844637305991,217.12963104248,148.034215927124,0,180.632641836313,0,204.880661010742,180.568170166016,0,189.785473632813,123.090853881836,174.914978027344,150.658237457275,179.838935450504,125.701951124729,0,199.685596812855,178.84864730835,156.605427388125,182.498890185174,166.069498697917,0,0,161.606483459473,174.655986785889
75.1657896554598,66.7488301017068,117.456580858552,18.6294783238102,41.2412748645535,43.0770824656767,52.4276096940501,58.7462845006048,85.7358075347601,8.21186351861467,66.0453493368746,137.902679590078,6.34925811208849,121.113506038813,93.1970597312088,13.0110282375912,52.8968564475455,128.152165985107,140.884970528739,138.480996025933,30.3879062522653,85.583479642868,26.2489218705858,101.636146472051,14.3672922099035,103.671539697892,130.258495836373,102.633222448887,58.5401404903216,87.3636171750933,64.850833821386,130.311751471625,142.233428955078,62.0507940514143,75.5773469534787,119.838584899902,0,138.488063267299,26.1211937920431,103.098159136091,0,119.284894816081,132.227711845847,132.927933432839,55.9977805614471,111.398918914795,182.896926879883,86.5281028747559,152.070120377974,158.936678568522,0,0,162.005481719971,145.639282226562,178.999865722656,72.161460240682,0,71.4230608940125,150.548301696777,62.2789185565451,140.056285858154,174.824661254883,163.077943361723,101.202546649509,142.34045715332,114.822719029018,176.204147338867,0,0,183.431706746419
59.5984479130565,133.427441914876,111.36357176149,85.5278392260588,27.671646364525,124.437808990479,31.0443267300331,18.2815864824016,28.5192893167685,66.0453493368746,13.2258750801725,159.088866533552,24.4047807230494,164.261024475098,52.309981737848,68.1773009238305,106.598713145537,136.342058331033,173.966430664062,152.909045343814,19.7867095977239,86.8053158501894,111.2628053364,100.205895616415,61.0777580566895,0,139.614321721986,133.212784634577,33.3599756416611,95.9524144009677,82.995596882868,0,110.970232137044,89.7491614818573,95.746010684967,174.767236982073,0,185.873408508301,82.999237023511,145.010632570328,0,154.645518917508,135.466899227786,159.276510925293,98.7653097599111,148.123048535821,0,137.619114103771,0,175.592621844748,143.974421183268,179.663747151693,202.682305908203,0,0,49.6802581704181,169.09049987793,117.431643168132,162.020962922469,109.772839851659,0,187.600936889648,165.585612869263,139.868547553447,179.379669825236,168.757608032227,209.39582824707,212.556121826172,155.714602152507,171.258465853604
120.57775071088,58.4703817246835,88.9333968145197,92.2388298599808,168.133987426758,56.7796801757813,77.4458731103131,145.39969058747,81.1901620048977,137.902679590078,159.088866533552,15.2288188762164,133.189712524414,28.9058142372374,75.8645581244373,121.256061553955,126.553535461426,57.6273783595357,25.0129602118892,25.8336443534487,176.062034606934,104.258298939672,93.1280938006462,96.7012464102212,145.655339304606,23.3515182622343,29.7500617090873,59.7270787412749,145.217907562256,56.533387014958,116.641814800224,42.5060788035128,54.3170963537813,89.9218893784743,26.8387933613481,0,99.5286102294922,125.31626701355,75.179135216607,0,0,0,204.888191223145,0,193.329444885254,0,86.6945155750621,0,87.5748133166083,0,0,0,131.146063668387,116.07158203125,117.210805025968,0,0,126.65518951416,171.158538818359,187.571207682292,70.7231830473869,100.085857823952,101.778271389546,237.401463826497,225.555862426758,181.643707275391,98.7604090372721,0,239.407943725586,104.104708353678
117.334922790527,94.0419082641602,139.930865696498,69.7505496631969,33.7199268519104,67.9202717372349,24.8879489769585,62.7448108135126,45.9462627133778,6.34925811208849,24.4047807230494,133.189712524414,10.9980551632033,170.740520477295,99.4603258768717,17.6655838985041,0,154.318313598633,0,138.225799560547,14.4770782245307,101.896110534668,64.6756616072221,135.361635843913,29.3606658963596,0,168.640609741211,146.958113236861,53.9115109395078,105.69496289889,119.183241271973,0,115.007390340169,125.004511515299,100.827046827836,185.916564941406,0,0,85.5319222041539,136.24824789296,0,157.667671203613,129.387804031372,151.412763323103,91.9250305175781,150.343227204822,0,152.502670288086,0,167.52799987793,0,0,0,0,0,84.510996500651,0,0,0,107.292717827691,0,0,172.913276672363,137.364618937174,156.333625793457,0,0,0,0,141.763092041016
161.367530822754,50.004077965243,85.9047910360465,58.9428033244853,168.409042358398,77.7472267150879,121.517078600432,151.906633213588,115.616591048567,121.113506038813,164.261024475098,28.9058142372374,170.740520477295,8.31319961135736,108.267835712433,162.296173095703,137.707422892253,100.274022126809,50.9059863482719,68.967327045489,156.737503051758,175.254336547852,81.8804363440967,113.539524555206,130.463510200159,19.2896019315194,32.3800147016329,28.9057486693668,158.09254506429,97.9311366725612,154.399631500244,9.52641219213448,83.8825171334403,158.133907318115,60.9556433683748,0,101.598988850911,102.857303619385,49.4298168631161,211.957817077637,0,0,227.53352355957,0,149.841616821289,221.097625732422,74.4606199459154,163.422805786133,64.5036521762997,0,0,0,158.924402872721,86.8727601051331,114.326061706543,0,0,112.082183837891,135.39990234375,142.080936431885,52.1358730521745,89.1513462229672,86.3145740645716,216.926116943359,0,0,82.9243149227566,0,0,109.245549519857
13.8034282707389,125.510348728725,106.269536423032,90.8478274673999,101.148776728445,20.6759959404096,46.0756659473813,34.9107011343438,19.149376062931,93.1970597312088,52.309981737848,75.8645581244373,99.4603258768717,108.267835712433,9.65554651117513,65.277680235089,135.180615488688,109.322295607766,112.162895202637,128.22351053026,96.3348709014525,87.7037455335426,107.239739428992,95.1164532175976,94.4563283276328,105.642253875732,127.577078738027,131.818103181404,86.3333644047256,25.8785652458047,34.3847594525996,124.263932228088,23.3534110047456,45.4802038717849,45.2946249142425,171.696522679822,139.372573852539,163.344720591669,109.823325983683,175.537173800998,0,185.446475346883,163.203914551508,193.023838964002,142.638907623291,181.887758620242,216.824352264404,241.966751098633,172.384078979492,180.760769098455,175.023315429688,198.642295837402,191.386312696669,200.023574829102,194.161251831055,148.924973624093,228.364265441895,139.375078201294,174.959612165179,142.677326534105,111.354606628418,181.135209655762,175.053427182711,168.437645747744,185.394254778871,160.329005154696,0,0,169.136999607086,172.916697910854
79.740348815918,112.271861606174,148.966444015503,58.7336901151217,67.6473547966926,13.909279210976,11.5642833390873,82.5320974210413,27.4494178186763,13.0110282375912,68.1773009238305,121.256061553955,17.6655838985041,162.296173095703,65.277680235089,7.93890749861045,0,157.320104326521,0,158.633270263672,62.4483975834317,165.394058227539,75.1859207982602,125.825930277507,49.7230315639223,136.874406814575,167.977746582031,133.254491424561,84.0530376643925,55.8124242975742,101.45895801891,167.664978027344,41.8403561033052,109.571479797363,45.2100193124068,187.501983642578,0,154.191604614258,68.4928245544434,178.254043579102,0,0,180.920219421387,0,65.3801651000977,181.086975097656,0,0,0,181.356231689453,0,0,0,0,0,0,0,0,0,118.752826213837,0,0,159.892349243164,145.709554036458,0,0,0,0,0,0
93.0518188476562,47.7405374967135,89.1647136688232,36.2239298697626,88.9793303353446,0,122.912489573161,91.5630286625453,131.879558704518,52.8968564475455,106.598713145537,126.553535461426,0,137.707422892253,135.180615488688,0,13.4073556152823,105.285545349121,159.38410949707,122.485860471372,79.8885879516602,39.1353915366165,28.9326904239007,20.3604267995769,23.1163137225762,85.7904357910156,113.514161427816,30.1551406781855,33.9840588119215,103.833762910631,73.9893328364079,149.766647338867,0,78.70931224823,73.4335652669271,132.930519104004,76.3863296508789,110.056449658943,54.6297080516815,0,0,0,131.811618804932,192.30793762207,0,0,207.955657958984,0,0,183.245295206706,0,88.8511355530982,139.605949401855,0,177.234634399414,0,108.646921414048,55.8759570963242,94.4107231018483,123.13508605957,0,145.211946487427,101.164376714955,113.29768474682,173.217222213745,113.236832954514,0,164.570770263672,120.454923629761,119.357713769983
89.5239692675936,52.3242842356364,42.1680281511198,64.4987176166544,158.409341430664,145.874298095703,144.080632412072,108.032933604086,119.391217858649,128.152165985107,136.342058331033,57.6273783595357,154.318313598633,100.274022126809,109.322295607766,157.320104326521,105.285545349121,10.8841749732453,63.5669446085014,28.4135456177982,150.898065839495,54.3009022086963,72.5297584333969,34.4880123988402,125.714101867676,81.6655841403537,47.1567915876706,67.1054962980236,124.210350797727,98.4165408605179,72.3139210931526,97.3850387573242,139.933198716905,74.4596563649732,39.2462265476809,173.108119419643,93.6088329315185,103.215318609441,79.4507558375229,188.038909912109,0,201.095321655273,176.941564505441,198.18285545936,147.229583740234,184.314770507813,125.71064213344,0,131.045129776001,193.317942504883,213.401947021484,133.916628731622,112.738725402138,130.081737976074,116.929470062256,182.664947509766,149.378788471222,111.081662429006,123.367873394428,158.423483276367,106.454314287971,109.055762107114,104.736396282105,183.843962235884,186.006377447219,152.159025404188,133.303705596924,0,177.097152709961,115.797268295288
121.38879776001,73.3945263133329,93.9892775706756,101.850345387178,0,81.8461380004883,108.876178741455,160.421798706055,119.030047035217,140.884970528739,173.966430664062,25.0129602118892,0,50.9059863482719,112.162895202637,0,159.38410949707,63.5669446085014,8.47713857398811,13.5518436966991,0,131.872860717773,99.6315772316673,92.1710818255389,179.055409749349,40.0309468858382,29.8917268891549,59.4800712607786,165.134727478027,93.5272863964702,117.307195223295,49.5319413079156,83.2120844523112,109.801104227702,56.4631123661665,0,0,118.622123718262,74.3422594070435,0,0,0,189.168350219727,217.756500244141,0,0,101.510211520725,0,85.0446613239792,0,0,0,165.101413726807,103.812215951773,108.766136169434,0,0,0,168.951103210449,213.881134033203,62.6320020502264,100.545514065286,98.2443830766751,0,0,167.526336669922,98.6696000099182,0,0,128.829162597656
117.630879899146,68.2923687927483,77.6938067396482,68.0429548729791,199.23876953125,104.385414123535,139.920505777995,140.810684280396,138.688759029613,138.480996025933,152.909045343814,25.8336443534487,138.225799560547,68.967327045489,128.22351053026,158.633270263672,122.485860471372,28.4135456177982,13.5518436966991,10.1489392668163,196.194758097331,97.925299508231,95.2253161736254,78.0603600563659,144.77854459426,44.263057331839,32.4203440269706,64.5100371148152,138.126326506993,115.52413242554,99.2403547744952,61.4428647107417,96.3578135172526,94.3913628021417,45.1096416977692,180.112373352051,106.995006084442,118.815113965203,86.0915807775549,224.014129638672,0,0,176.281651814779,216.879013061523,156.450317382812,192.610069274902,101.471951293945,0,93.875290663346,190.479507446289,0,136.775619506836,120.627522277832,108.327494582085,109.576998839012,0,157.828573226929,127.414790066806,150.938631286621,174.667819976807,73.3132770577657,101.489790766692,101.576430442258,218.588419596354,207.712139129639,169.482779366629,102.407017621127,0,0,113.689711644099
115.789777119954,200.18473815918,153.767118326823,90.4944600557026,16.4955543421675,85.6281967163086,42.8234014736927,44.4221899157665,70.8476929641502,30.3879062522653,19.7867095977239,176.062034606934,14.4770782245307,156.737503051758,96.3348709014525,62.4483975834317,79.8885879516602,150.898065839495,0,196.194758097331,11.2598135397494,141.582777023315,82.3121490478516,132.499927944607,23.0675296051427,191.210220336914,175.603170122419,146.64318582286,27.9687059923209,101.591412840498,102.038746425084,0,126.718346732003,92.4710750579834,94.5697380869012,163.192054748535,0,0,81.0332639942998,128.487730759841,0,144.285307077261,139.440684620927,166.103374827992,91.6537185668945,142.245931587967,0,117.974875450134,0,172.658350626628,82.759391784668,0,0,0,0,16.2055558194285,0,0,0,103.837361569436,0,191.281341552734,154.905120849609,140.246156623565,166.946258544922,0,0,228.001647949219,156.129348754883,0
68.1790739550264,84.1075558662415,63.5104530531852,57.1178605061657,125.467544555664,0,109.0032898585,68.5956681851696,98.7360624763055,85.583479642868,86.8053158501894,104.258298939672,101.896110534668,175.254336547852,87.7037455335426,165.394058227539,39.1353915366165,54.3009022086963,131.872860717773,97.925299508231,141.582777023315,12.6496882121624,51.2208225821151,37.5418669540323,71.3936083518283,132.930969238281,104.78581532565,75.5095685187807,35.8416558121109,72.7449076645889,33.8957130514679,135.355201721191,112.942012786865,49.3726171227099,45.0728845844965,134.228997124566,0,123.597370147705,68.9122514033663,0,0,198.546592712402,162.015432448614,207.793380737305,0,0,0,163.300430297852,0,165.641802469889,0,100.621312593159,140.831970214844,246.053482055664,169.228378295898,0,114.137930047022,69.8190895960881,118.413368156053,132.72075398763,0,149.434992472331,131.635288299076,118.835367838542,147.723870454011,115.957086378528,0,0,113.40281023298,116.240686283555
80.7335664113363,16.19442898769,47.954560761962,23.1829824526794,74.6286610194615,0,106.54877726237,94.1699142456055,119.622516763621,26.2489218705858,111.2628053364,93.1280938006462,64.6756616072221,81.8804363440967,107.239739428992,75.1859207982602,28.9326904239007,72.5297584333969,99.6315772316673,95.2253161736254,82.3121490478516,51.2208225821151,7.74494275519572,49.1760029655908,24.8425849931155,65.2369708472752,89.2490492898065,38.0096633500581,56.9976998835434,89.5057549089999,60.8191435754419,95.7721999032157,0,64.6298826762608,60.2776725386071,190.617202758789,57.2366828918457,76.9516611099243,12.6373234802389,141.648048400879,0,106.47354888916,97.9431271023221,136.188949584961,83.0880546569824,131.489044189453,101.091178894043,114.651679992676,111.582467651367,141.972508748372,0,50.5417088750583,104.573736190796,124.451412200928,126.067974090576,126.303779602051,60.8826566556605,8.97402837676723,56.8851838887533,92.4387464523315,93.0477504730225,117.353720444899,61.0852448145548,99.5485714503697,140.39778137207,86.6253681182861,128.130479812622,0,0,91.3020532396105
77.4199656101173,67.3757478292886,32.5501385519738,49.3184528160678,115.573377755972,148.352569580078,121.738738686698,77.5368771493621,100.717379811105,101.636146472051,100.205895616415,96.7012464102212,135.361635843913,113.539524555206,95.1164532175976,125.825930277507,20.3604267995769,34.4880123988402,92.1710818255389,78.0603600563659,132.499927944607,37.5418669540323,49.1760029655908,16.1441206411193,54.4019224287395,90.159797668457,70.284974867957,49.1598486725037,53.97976505211,89.8192562726882,55.4317945352238,114.96235148112,155.367464701335,66.7342008955935,51.0527870520773,141.275444984436,114.427808125814,98.2161525751498,67.9046614818084,0,0,170.437360975477,148.446939227962,171.053616431452,160.55472056071,154.69004313151,171.33332824707,0,161.340866088867,166.91483986896,178.219665527344,97.2025973732901,122.774474909276,178.953796386719,145.097758073073,178.401626586914,110.32365471335,69.5457444883481,102.9820233341,151.712085935805,127.286560058594,129.92786161927,98.9880278874624,135.160294151306,173.811097717285,125.278814667637,226.110504150391,0,134.644899368286,114.789759387709
80.3409976862409,72.3923335254641,114.083582372251,36.9299985713393,22.2243483391359,85.6338005065918,76.9559909664217,56.798118714897,84.935376962157,14.3672922099035,61.0777580566895,145.655339304606,29.3606658963596,130.463510200159,94.4563283276328,49.7230315639223,23.1163137225762,125.714101867676,179.055409749349,144.77854459426,23.0675296051427,71.3936083518283,24.8425849931155,54.4019224287395,11.1657260928166,111.94218429254,137.645445393108,78.4242611347491,29.1228460250312,91.5777224653064,71.7364717624399,148.393763224284,138.833009017141,67.5753976253041,82.8786681107112,127.424166981767,0,154.83268737793,54.9293911328454,110.622100947196,0,128.021377059649,108.469259594134,134.539192467405,63.4914666925158,119.36391363792,167.023590087891,101.719247377836,164.136756896973,145.536799364751,104.961912155151,132.397778828939,167.207092285156,173.355888366699,177.063412475586,84.800270392678,132.205778503418,90.7642873128255,135.005562046596,79.6339835389566,0,183.035438028971,147.518077256944,112.398607669733,139.435446305708,111.931762864855,0,175.030044555664,129.4263048172,132.787128176008
0,26.2359368015419,116.324413299561,27.3643275531946,0,0,171.8349609375,0,157.567337036133,103.671539697892,0,23.3515182622343,0,19.2896019315194,105.642253875732,136.874406814575,85.7904357910156,81.6655841403537,40.0309468858382,44.263057331839,191.210220336914,132.930969238281,65.2369708472752,90.159797668457,111.94218429254,8.00450852683902,36.7807465410097,22.1214105298652,138.337524414062,100.848231845432,139.088464736938,41.9797419110934,0,152.292388916016,64.1664074223216,0,59.7133312225342,0,21.3510279073948,0,0,0,159.677993774414,0,129.269660949707,181.789794921875,60.5255008790551,0,51.4255172839532,196.692825317383,170.136596679688,0,105.431434631348,72.5150606491986,78.1766266822815,0,0,123.091011047363,0,143.27864074707,34.2910628354108,68.0115002341892,67.9385120375041,0,0,0,71.1594710716834,0,0,72.3041496276855
115.511359339175,53.4308758119994,46.512218952296,51.0896486616022,164.649151611328,106.93616104126,145.682979447501,120.74997252297,132.012214857367,130.258495836373,139.614321721986,29.7500617090873,168.640609741211,32.3800147016329,127.577078738027,167.977746582031,113.514161427816,47.1567915876706,29.8917268891549,32.4203440269706,175.603170122419,104.78581532565,89.2490492898065,70.284974867957,137.645445393108,36.7807465410097,14.8707034498734,43.2589919539644,119.960188535485,121.827664385925,110.338520331088,23.7600799049545,112.87338924408,113.041905708683,59.4723814857704,161.450451937589,94.7647468126737,101.446798752293,62.8110698374306,213.704096476237,0,184.508056640625,181.947377255088,215.831695556641,168.23681640625,181.640312194824,89.5460229848887,0,79.2061463862926,194.768011795847,176.033905029297,148.031575716459,101.194109665243,95.3373190964325,97.6687988806023,0,136.55473836263,112.425207699046,133.213799355247,171.412093121073,60.5706619691971,90.5521329408878,89.9430591629933,199.712654807351,174.764855575562,139.732794368968,94.5565800820628,0,153.498504638672,95.6788400268555
117.357267361935,26.8196891620307,36.573185560028,38.1307037696958,120.563183466593,132.340854991566,141.733763315145,109.663912369881,133.622632993381,102.633222448887,133.212784634577,59.7270787412749,146.958113236861,28.9057486693668,131.818103181404,133.254491424561,30.1551406781855,67.1054962980236,59.4800712607786,64.5100371148152,146.64318582286,75.5095685187807,38.0096633500581,49.1598486725037,78.4242611347491,22.1214105298652,43.2589919539644,17.0754158893681,81.0042701149045,127.474036451199,108.171022856833,29.1728688147769,119.798321723938,110.496135484127,65.7223056991496,151.40742792402,88.7088241780058,88.3809912964864,55.2619260152181,196.067876180013,0,192.574020385742,148.834181104388,184.775857222708,154.66734434429,178.684615071615,91.1481353172889,133.731338500977,79.7704547594067,179.719293283862,212.919235229492,110.705134469955,103.837167529223,98.6047395352964,101.806935336339,0,121.037202017648,83.8140109026874,99.3069932785992,140.668348241735,58.6877271223672,93.3313712916876,90.6356290901616,143.548666470293,174.863709586007,136.956353796534,94.2789630106051,0,133.36213684082,103.596401581397
76.1744864283619,103.051885128021,77.0586219330259,60.9228759908173,16.1958504488558,127.68457921346,67.0734142329417,27.9954160240465,76.2323253483116,58.5401404903216,33.3599756416611,145.217907562256,53.9115109395078,158.09254506429,86.3333644047256,84.0530376643925,33.9840588119215,124.210350797727,165.134727478027,138.126326506993,27.9687059923209,35.8416558121109,56.9976998835434,53.97976505211,29.1228460250312,138.337524414062,119.960188535485,81.0042701149045,13.9625075255639,93.7680411145203,49.1885973380556,172.198872884115,139.651208777177,66.9863538298665,75.5538574057487,137.595827229818,148.764915466309,144.238261555516,75.7735189735343,136.658465576172,197.549263000488,151.795768331974,126.22021596572,155.671962504484,94.5307892638368,140.213270659088,0,140.864120101929,0,156.583887923391,106.536777496338,111.400479485007,178.412815856934,182.620666503906,0,43.9199430405557,121.861102436864,88.1252168508676,132.21560446603,105.60199443559,0,176.256629943848,142.191108530218,133.729915301983,150.634360430318,122.664767009456,0,190.733688354492,143.119151687622,138.93695422965
18.0983749559179,117.816566467285,116.576747796787,82.337949599598,108.37979991747,21.0845775222778,60.381002509594,60.6279350000844,39.8215225999302,87.3636171750933,95.9524144009677,56.533387014958,105.69496289889,97.9311366725612,25.8785652458047,55.8124242975742,103.833762910631,98.4165408605179,93.5272863964702,115.52413242554,101.591412840498,72.7449076645889,89.5057549089999,89.8192562726882,91.5777224653064,100.848231845432,121.827664385925,127.474036451199,93.7680411145203,11.3406305988669,37.4660642163734,101.396964708964,12.155850682236,16.4496155404302,33.2858694228405,156.723247643673,181.371063232422,165.033839714236,105.191042810678,182.094059535435,0,190.062925919243,155.719271659851,185.388624267578,148.124757494245,181.50484645113,0,183.968212890625,122.64616394043,177.03750766852,156.156036376953,146.704528115012,171.068644205729,154.602771759033,207.696426391602,161.81701965332,152.826948642731,156.966509501139,172.837952931722,138.050871901625,93.756477355957,173.476093139648,176.3151920543,162.565614783246,176.046800761462,149.137914818454,0,204.569432576497,162.071181370662,165.047354425703
28.6737272436854,106.043282728929,80.4790128854274,62.1718676032229,102.802115904979,114.236267089844,109.182656201449,24.3698514837471,71.4445560174508,64.850833821386,82.995596882868,116.641814800224,119.183241271973,154.399631500244,34.3847594525996,101.45895801891,73.9893328364079,72.3139210931526,117.307195223295,99.2403547744952,102.038746425084,33.8957130514679,60.8191435754419,55.4317945352238,71.7364717624399,139.088464736938,110.338520331088,108.171022856833,49.1885973380556,37.4660642163734,9.96524563427884,149.806232452393,138.686382838658,33.457335836984,33.5196858853493,141.944835071832,193.998458862305,146.026732224685,80.2421050401604,227.387710571289,0,200.320779800415,139.816016862977,167.902902082963,156.764610290527,176.513702392578,0,0,209.154556274414,157.355000895839,0,107.16108862559,168.174591867547,218.894149780273,169.100085449219,0,122.988585627356,92.4834625937722,143.659443132805,119.296269336379,0,160.668343177209,147.123716831207,127.761433014503,152.318574832965,125.743205339481,174.189697265625,196.518676757812,141.137135735874,132.645408630371
0,66.1726658630371,88.0602254867554,73.3941137313843,0,90.0001449584961,104.261734008789,156.6594581604,130.205657958984,130.311751471625,0,42.5060788035128,0,9.52641219213448,124.263932228088,167.664978027344,149.766647338867,97.3850387573242,49.5319413079156,61.4428647107417,0,135.355201721191,95.7721999032157,114.96235148112,148.393763224284,41.9797419110934,23.7600799049545,29.1728688147769,172.198872884115,101.396964708964,149.806232452393,4.34791969886449,100.007369995117,0,70.1901931762695,0,102.986310958862,0,55.3611194904034,0,0,0,0,0,0,0,89.4071515401204,0,78.0198480606079,0,0,0,148.351137797038,95.0809114244249,101.973037719727,0,0,117.2490234375,175.261505126953,0,59.3469044367472,99.427599753103,98.7715400002219,0,0,0,94.5511264801025,0,0,109.551513671875
96.016606648763,131.487277984619,156.401904635959,126.54907989502,138.129450798035,10.131902294664,14.271880992016,119.534015489661,23.4551723897874,142.233428955078,110.970232137044,54.3170963537813,115.007390340169,83.8825171334403,23.3534110047456,41.8403561033052,0,139.933198716905,83.2120844523112,96.3578135172526,126.718346732003,112.942012786865,0,155.367464701335,138.833009017141,0,112.87338924408,119.798321723938,139.651208777177,12.155850682236,138.686382838658,100.007369995117,5.67509442359043,54.3971214294434,35.2053816022952,0,0,133.927642822266,0,0,0,0,225.969161987305,222.020294189453,0,225.642883300781,0,0,0,220.883560180664,0,0,0,0,0,0,0,0,0,183.148202514648,0,125.84252166748,123.994407653809,184.418670654297,0,191.29638671875,0,0,0,0
33.0131249836513,88.587336730957,110.773130098979,59.3290052577427,82.9065559023903,0,89.5778690338135,66.1599579073552,81.8273605090469,62.0507940514143,89.7491614818573,89.9218893784743,125.004511515299,158.133907318115,45.4802038717849,109.571479797363,78.70931224823,74.4596563649732,109.801104227702,94.3913628021417,92.4710750579834,49.3726171227099,64.6298826762608,66.7342008955935,67.5753976253041,152.292388916016,113.041905708683,110.496135484127,66.9863538298665,16.4496155404302,33.457335836984,0,54.3971214294434,6.63821501883456,35.4745861435109,140.059900283813,0,134.422212873186,87.0845189248362,120.172073364258,0,164.487347073025,130.372079675848,168.166159057617,139.975373268127,175.967403411865,172.884536743164,181.891098022461,0,156.052648495405,0,160.650482177734,162.256755482067,0,152.576959609985,0,111.510155417702,61.6443735758464,136.217206319173,113.295038452148,0,169.058103773329,152.405241197155,131.225228286371,150.281178227177,127.835346842921,0,0,135.803627707741,132.972946513783
67.422598471407,61.7650528515086,70.4149015784264,63.4406969761722,102.236132902258,31.9090101298164,59.1700830432111,89.0954400903357,52.3420406966851,75.5773469534787,95.746010684967,26.8387933613481,100.827046827836,60.9556433683748,45.2946249142425,45.2100193124068,73.4335652669271,39.2462265476809,56.4631123661665,45.1096416977692,94.5697380869012,45.0728845844965,60.2776725386071,51.0527870520773,82.8786681107112,64.1664074223216,59.4723814857704,65.7223056991496,75.5538574057487,33.2858694228405,33.5196858853493,70.1901931762695,35.2053816022952,35.4745861435109,11.1559730090295,159.537147521973,116.005409240723,100.958440615807,82.7816845194499,206.340295410156,0,185.236881256104,149.316738005607,182.458031489931,140.517135620117,179.863889995374,129.819836934408,181.494140625,113.087607489692,169.180682484697,164.18058013916,110.837397620791,111.01734324864,121.746519235464,113.845651998148,0,120.746068878174,76.7545290629069,115.404046275628,132.170818557739,85.4970042419434,107.886226330163,104.586051955848,138.332478171901,164.767398176522,128.632815274325,119.970432281494,176.229705810547,146.555851527623,128.338172025459
140.156438191732,0,140.40867767334,89.2059249083201,142.80298614502,0,170.510728624132,145.999322255452,160.295902854518,119.838584899902,174.767236982073,0,185.916564941406,0,171.696522679822,187.501983642578,132.930519104004,173.108119419643,0,180.112373352051,163.192054748535,134.228997124566,190.617202758789,141.275444984436,127.424166981767,0,161.450451937589,151.40742792402,137.595827229818,156.723247643673,141.944835071832,0,0,140.059900283813,159.537147521973,10.6887863268635,109.100884246826,93.2984101155599,69.1384177006283,91.6406458900088,74.4619032541911,75.5860897781503,31.1326258614844,31.892302349317,69.1452496533654,57.9909959149784,106.848552826912,98.1334452629089,152.893363952637,18.2092679957642,101.007239387149,82.3085027422224,95.7376403216926,123.739534808743,108.904979482511,88.2745811462402,68.1900503135953,82.5593695239486,83.998019382173,76.0268569611666,108.36547088623,106.67616437161,114.416483222708,79.320363323863,22.2819825238983,24.8956351597328,0,86.494304339091,30.3760158273749,44.0302717903459
0,49.1529717445374,79.2355902535575,71.6823561986287,0,0,0,238.649597167969,225.201705932617,0,0,99.5286102294922,0,101.598988850911,139.372573852539,0,76.3863296508789,93.6088329315185,0,106.995006084442,0,0,57.2366828918457,114.427808125814,0,59.7133312225342,94.7647468126737,88.7088241780058,148.764915466309,181.371063232422,193.998458862305,102.986310958862,0,0,116.005409240723,109.100884246826,8.10669688401098,38.9366164656246,10.7696484560285,0,0,154.031499226888,113.394888528963,141.272706465288,71.3112323118909,146.075096130371,73.4730356728158,97.7580820719401,46.3411165104797,135.656389024523,100.850465320406,53.2481207640275,52.6904329638327,70.0944523156858,55.8753802673948,0,77.8229466756185,22.0895414158529,57.6037196334527,78.8952970377604,20.0002257482242,49.4081425436657,33.7543421643023,118.626122951508,127.35526308806,84.5333722985309,64.7103711908514,0,106.086126963298,51.8223726842311
147.429239273071,59.7869761206887,86.0157164621894,69.3276156016758,197.998301188151,0,188.07466506958,154.288281874223,170.011557769775,138.488063267299,185.873408508301,125.31626701355,0,102.857303619385,163.344720591669,154.191604614258,110.056449658943,103.215318609441,118.622123718262,118.815113965203,0,123.597370147705,76.9516611099243,98.2161525751498,154.83268737793,0,101.446798752293,88.3809912964864,144.238261555516,165.033839714236,146.026732224685,0,133.927642822266,134.422212873186,100.958440615807,93.2984101155599,38.9366164656246,10.7116531208835,38.5387540077015,184.530540466309,158.217235565186,116.758621787103,84.1223806215299,111.733282080019,106.72799035481,109.326512268235,105.225361217152,150.17225300182,105.858838399251,103.137968263514,123.059611426459,73.6642469104968,30.814296479158,73.4666572570801,60.4757706870495,167.864453125,60.3525190922098,44.3438297961028,30.8396126266678,102.855546040321,80.5100002288818,31.6077630476604,32.0283999630298,74.4091528488588,126.05301393409,71.2298506986178,90.4110534667969,173.263607788086,125.677199590774,79.4605053468184
102.504639569451,24.9236474990845,60.7034749369467,14.1815897770417,73.1160922694851,0,96.1951299031576,86.9281152997698,96.6810364120308,26.1211937920431,82.999237023511,75.179135216607,85.5319222041539,49.4298168631161,109.823325983683,68.4928245544434,54.6297080516815,79.4507558375229,74.3422594070435,86.0915807775549,81.0332639942998,68.9122514033663,12.6373234802389,67.9046614818084,54.9293911328454,21.3510279073948,62.8110698374306,55.2619260152181,75.7735189735343,105.191042810678,80.2421050401604,55.3611194904034,0,87.0845189248362,82.7816845194499,69.1384177006283,10.7696484560285,38.5387540077015,15.5085829848372,66.2711950170583,124.245935440063,86.9530657916002,63.6364318360953,91.0739189667227,40.1930444235443,81.9256945670919,57.9163043443547,82.5255480607351,35.3067968383536,87.1116816029797,86.03444480896,37.4117728191561,57.1664046470365,70.8853343038848,63.8532673546502,84.0401901517596,51.8820901467312,22.9276375584338,51.0725411297026,42.8067085192514,20.2995427003161,51.8337041424282,38.410600124667,60.8759626600139,82.2070253185645,55.5086915574106,49.6180806477865,107.39896774292,67.3201801874866,59.867914818591
