8.52690260374831,140.455642700195,94.5493665494417,85.9502035140991,98.3206146240234,77.8447113037109,86.2018264770508,33.7918388150285,59.6220046439672,86.502050752993,81.7498472999124,125.004989624023,110.041358947754,150.567123413086,18.2289079101746,88.7745914459229,148.341445922852,97.7231191272804,143.204332791842,117.616700772886,119.339454650879,73.4467096249919,84.3727096557617,84.6140668773651,85.8837128957113,167.835174560547,135.189301369407,130.981294552485,80.5797266185793,19.9046956608353,24.9321249682647,0,86.1440391540527,59.2096322866587,86.6016928778754,0,0,0,137.984742736816,0,0,164.804885864258,140.002784729004,221.202255249023,94.1723861694336,156.532623291016,0,0,0,0,0,152.990692138672,0,0,0,0,0,0,0,136.404951477051,0,200.555374145508,171.144248962402,146.891416931152,159.775505065918,0,0,0,0,0
140.455642700195,8.36615929687407,45.4325360080652,24.7249366567062,166.270141601562,98.7457046508789,114.128761291504,134.534214782715,159.633732386998,78.7878078279041,152.651533126831,78.0474093568091,101.488549804687,54.5240392840936,140.792731837222,113.840817769368,61.485793910307,64.5764311324718,83.7684171295166,76.1922341442983,140.675430297852,107.403911045619,30.8760970059093,82.3355087280273,83.4669832891796,28.4659955833383,55.5436128625123,35.7466708695142,115.197381412282,140.577482435438,118.009116109212,62.3422662486201,0,105.06770324707,79.06412482556,0,66.5377731323242,101.729925367567,42.4993921079134,0,0,0,0,0,0,0,121.602261352539,0,114.523400115967,0,0,119.45433807373,101.834274291992,138.11452738444,116.926207860311,0,161.069442749023,76.982364654541,119.522390365601,144.9339730399,81.8816153208415,115.579438442654,108.727130853213,197.153495788574,177.675964355469,0,144.854287719727,0,0,119.456209818522
94.5493665494417,45.4325360080652,12.9775026247822,55.5071818958629,152.254574366978,146.943950176239,133.414413018141,103.411228492416,119.434403619719,109.422786712646,122.529295743745,101.113080289942,143.628134591239,109.910572745583,113.732774606936,144.99092525906,86.083064302485,39.1767724645979,92.5288240993724,58.6009034424474,153.014516830444,86.0379754694926,55.6513479087926,31.9640855462958,113.458717156135,119.507004737854,35.3042562586884,35.3515861879671,98.6550057609126,135.325942221886,91.3505160333725,99.5189655303955,174.411170959473,118.584062688491,74.0973687164257,181.906398773193,85.0389888763428,98.1721788443357,64.2960480156295,211.144561767578,0,200.594738769531,166.765310472058,193.392203330994,141.781725565592,212.943525314331,169.228210449219,139.174133300781,144.542104085286,192.330243428548,0,113.513285064697,108.705358044855,145.360235214233,129.845729170174,0,128.535711560931,87.1229457586584,106.673215866089,153.809131145477,114.407456970215,114.518560203123,97.80559266381,165.99281056722,175.722254826472,151.061394911546,153.689903259277,0,155.017146519252,124.021673838298
85.9502035140991,24.7249366567062,55.5071818958629,15.1213367797632,65.6273028980602,117.941377639771,96.2005314991392,70.0427204908523,95.5605601158695,24.1238046851525,79.6979248117192,75.7097129039275,71.6067658662796,55.9615706918783,102.25012386322,79.2089800834656,41.2890681281803,73.1509063432801,56.9469091454331,64.1583235879098,66.4233183511874,67.6153013675771,23.5983825710243,61.4550152713305,45.1471929385806,21.6332489855909,55.251382944008,42.7402808124676,56.8861141033001,86.9333913140964,67.2901017583015,56.7560110495124,128.783899095323,68.4455971884561,78.7860176045699,83.9350433349609,63.4387930631638,75.67606253373,12.8800707198026,104.031821568807,0,97.5960804332386,72.2333213806152,110.345964605158,11.4470096067949,134.298023647732,139.695698547363,81.0111999511719,100.831287384033,103.211418914795,105.090599060059,64.8712241432884,88.4817602975028,114.698569211093,108.144191395153,138.476596832275,89.0400144136869,11.7053428810912,66.4684793924548,65.1852181989755,108.455593109131,102.231239036277,82.8376468843029,74.1110008151032,107.890396844773,75.0613040924072,116.385342734201,0,84.2591883341471,100.946821212769
98.3206146240234,166.270141601562,152.254574366978,65.6273028980602,9.63165235412063,0,61.4828050684046,56.6503727171156,104.428755713291,43.0820632485782,17.6638900362732,159.398369925363,18.9883430515913,200.769355773926,119.100983964636,66.1085745712806,65.8574600219727,151.699422200521,188.261433919271,173.461246490479,12.0102914983862,0,69.9715238298689,132.645770481655,18.2275745471454,0,160.834338848407,164.180344214806,15.4832916658198,112.357986279388,89.341896198414,0,148.385345458984,92.3384572079307,105.216089172363,0,0,0,84.5102340698242,8.6127031828165,0,117.123734130859,134.071876049042,130.873626708984,86.9599407420439,71.2517802156048,160.406356811523,16.2413068573649,0,153.188403129578,88.6846037970649,0,0,0,0,15.5095175710933,0,142.375434875488,219.427551269531,87.2344264621141,0,195.940292358398,183.945521036784,61.0881006847728,119.991679721408,0,0,0,87.1133193969727,130.84415435791
77.8447113037109,98.7457046508789,146.943950176239,117.941377639771,0,7.36097407786509,11.7576500070486,109.584617357575,33.691028310531,104.472938401358,107.424817295398,55.2968973493845,77.7320525590764,66.1991574487021,34.1527158258684,17.8666929755709,200.442474365234,157.383177305523,113.365052541097,162.301709261808,124.931822343306,145.616576194763,160.700210571289,143.302703348796,124.622692871094,202.323677062988,140.043256871841,148.928260064894,122.129960378011,39.7620440931881,111.481853685881,95.2630340576172,12.762052299741,133.786874135335,36.4347595399426,0,0,158.308349609375,135.151564025879,0,0,220.022171020508,175.542984008789,0,137.664123535156,0,0,0,0,0,0,0,0,0,0,0,0,0,0,176.086975097656,0,0,215.698448181152,184.506912231445,243.727310180664,0,0,0,0,0
86.2018264770508,114.128761291504,133.414413018141,96.2005314991392,61.4828050684046,11.7576500070486,12.8749079065592,59.4449194761291,24.4406153695022,77.711716690579,25.7781614386542,79.5857783800935,23.4800394140867,90.5607246950448,45.1029196001931,17.0810843352082,143.95108468192,138.967887030707,136.217563000354,145.231602700341,37.31523133151,117.78393205304,159.990852942834,124.181524169393,93.9995245269582,125.79168510437,154.113789051977,153.009325055515,80.5344915362129,65.3907308728022,105.974233375405,139.952997843424,19.1549881450853,99.6727326711019,69.6198957787185,183.598697662354,194.144424438477,174.971110752651,108.664825057983,164.028213500977,0,183.415171305339,161.653361320496,184.462604298311,130.902876717704,162.986876054244,170.139999389648,44.0896105766296,129.691505432129,197.753462727865,165.85237121582,0,198.410385131836,195.632781982422,0,179.492373657227,227.418548583984,162.91039276123,193.735954284668,140.405068584692,0,202.687026977539,196.855934729943,155.295850273703,185.331946372986,200.456546020508,152.782653808594,0,170.046432495117,178.328301169656
33.7918388150285,134.534214782715,103.411228492416,70.0427204908523,56.6503727171156,109.584617357575,59.4449194761291,11.1574280192565,56.4198018634344,66.1272426930386,17.8545821193322,148.740555503152,54.2512087504069,158.504622609992,39.4934740435742,80.7491864695132,106.370606129964,126.480161067743,168.957646405255,142.017101054883,60.5693642713022,75.4987996156447,87.2908201355865,86.4271422483096,58.5039811927718,167.569625854492,135.154201658321,120.618470960193,29.236831543463,77.3044230101262,26.3267032277043,167.336190032959,123.744213451039,68.5682044122949,96.7421052089104,139.050140380859,176.927940368652,173.825470773797,85.9567048549652,139.724754724747,0,151.908324148141,139.14391708374,165.525344031198,86.8618360577208,142.574463947003,226.991928100586,153.888437271118,202.490257263184,166.085855657404,168.494588216146,145.313735064338,196.9459097726,218.030876159668,210.784042358398,140.686350878547,201.183456420898,137.920500535231,161.361164093018,112.758666920212,176.845962524414,192.562780380249,172.762825152196,131.037583556623,164.760017040164,157.457177903917,217.838317871094,0,149.794133504232,166.328769048055
59.6220046439672,159.633732386998,119.434403619719,95.5605601158695,104.428755713291,33.691028310531,24.4406153695022,56.4198018634344,12.5348783464509,93.8139946775616,29.3219089231626,83.0152218239159,68.727040059943,102.534022744778,15.9747977827627,29.141400885582,167.97423248291,125.686224030795,133.949009185941,136.745625259285,91.8660378151752,105.166245828761,125.213709122095,108.458284225814,98.6431253719502,119.892068481445,146.559696401958,144.609581976161,92.3014351564033,42.8432366091594,74.3942545450044,135.389424438477,30.5355076338129,89.1078502241387,63.1346736328511,175.929183959961,0,165.813776652018,105.219000660289,173.543248857771,0,177.66420854841,161.042020727087,183.546744898746,111.750115966797,162.710473251343,0,212.225852966309,182.131417592367,181.244183858236,167.753753662109,179.189697265625,205.222145080566,171.242256164551,202.092915852865,201.283950805664,206.676315307617,130.043635050456,196.760417175293,140.600875359613,166.670803070068,217.072002410889,185.11864574885,154.587431830329,184.235466766357,166.876124064128,156.36213684082,229.797775268555,170.879388427734,191.789720153809
86.502050752993,78.7878078279041,109.422786712646,24.1238046851525,43.0820632485782,104.472938401358,77.711716690579,66.1272426930386,93.8139946775616,8.96343749446465,83.9898423942731,135.48989572098,13.9737340596892,127.524013898949,99.2837513243298,18.3107282579107,78.0818017482758,127.884445470407,157.553616646009,143.192347398445,43.2765010285051,100.781113306681,20.7517562374317,108.05903005076,24.4568979523169,111.534885651475,130.621322443456,115.386823049672,51.720850592532,88.3589948068063,67.4871311633908,145.946535990788,135.284309835995,70.3406289996523,95.2455299951697,0,0,145.258982849121,39.7217522859573,106.55662727356,0,143.444422912598,120.089062282017,138.885400772095,37.8649363260011,112.101744911887,201.042304992676,75.0463161468506,177.690889994303,142.802052815755,160.573623657227,134.47932434082,154.668801879883,232.223861694336,214.840192522321,108.322419166565,226.850891113281,114.3479347229,181.741928100586,69.2361744967374,0,180.101292201451,178.79234653049,99.3047855458361,142.832942962646,131.57096862793,0,0,0,130.531753540039
81.7498472999124,152.651533126831,122.529295743745,79.6979248117192,17.6638900362732,107.424817295398,25.7781614386542,17.8545821193322,29.3219089231626,83.9898423942731,10.472091277296,143.228767994022,24.6906180573702,153.42371913365,54.6351697488254,64.0334839046217,117.277108510335,148.107245321328,167.941228829178,161.529921248152,15.9287016990291,111.214820895575,131.680869511196,111.596522165001,70.2518165345405,162.793141291692,152.460370334359,150.319349228708,25.7841591292721,99.8240400053856,95.3332054203954,168.462223399769,123.390434867457,89.1226978130169,103.518065776247,180.720499674479,0,216.361618041992,103.30609021868,157.801888359918,0,165.272868616441,143.125442416169,181.169313384265,108.514933395386,157.600553972008,227.933227539062,97.1659564971924,0,186.750457237507,172.945209503174,183.010093688965,222.054466247559,0,0,153.14514251709,195.973175048828,143.397390365601,184.361461639404,123.580539957682,156.280776977539,216.312861124674,195.014654862253,145.483834739043,178.093294583834,245.131820678711,0,231.951705932617,169.497093200684,169.133754730225
125.004989624023,78.0474093568091,101.113080289942,75.7097129039275,159.398369925363,55.2968973493845,79.5857783800935,148.740555503152,83.0152218239159,135.48989572098,143.228767994022,11.8354231026724,143.611107155129,22.910533198331,82.323755761303,131.423323154449,127.280412197113,74.6453481497475,23.103963406893,36.0735864851056,162.617431903708,120.723870046515,110.659560126227,118.304237626112,158.571241286194,42.0763462568184,35.9152107614848,74.0033470037077,154.57517300012,92.1796295083599,130.735823776548,46.3366246973405,66.4007681236892,103.599183159906,31.5501450683376,193.208847045898,143.803375244141,146.632301330566,120.714041948318,0,0,0,215.712467193604,177.573989868164,197.437647501628,0,88.7287035891884,0,78.8498201281111,184.73296991984,233.111068725586,177.637641906738,130.544991387261,99.7134784623688,119.651768841321,0,194.569229125977,164.570907592773,150.684051513672,202.325796830027,80.452392578125,104.646915874075,109.135276904605,208.33367061615,172.865230560303,198.371757507324,97.5640620678927,0,210.899749755859,109.033145904541
110.041358947754,101.488549804687,143.628134591239,71.6067658662796,18.9883430515913,77.7320525590764,23.4800394140867,54.2512087504069,68.727040059943,13.9737340596892,24.6906180573702,143.611107155129,11.4556870201179,147.759506225586,112.443770845058,16.550066024456,121.455846786499,150.8234375,180.111269269671,153.220649719238,14.4492719639251,169.756950378418,64.4028069632394,138.942413806915,19.6349018509901,135.447423299154,169.64459169828,141.105716624159,42.601740607105,113.354918585883,99.6990329518038,0,122.20193699428,89.8132495880127,116.284722382168,0,0,0,0,156.913501739502,0,171.377040863037,150.971145629883,152.565027872721,114.525118255615,152.37004699707,0,23.7681560949846,0,173.415863037109,0,0,0,0,245.045608520508,129.832139333089,0,182.987396240234,0,116.849828243256,0,209.749099731445,202.993072509766,144.099866322109,204.942779541016,0,0,0,0,202.804779052734
150.567123413086,54.5240392840936,109.910572745583,55.9615706918783,200.769355773926,66.1991574487021,90.5607246950448,158.504622609992,102.534022744778,127.524013898949,153.42371913365,22.910533198331,147.759506225586,10.8496701237069,105.236319588615,156.8133503307,139.229523250035,118.085698728208,65.0476273430718,84.2531766583843,176.015863037109,180.024252319336,99.8374596908029,138.412574521957,141.879635172936,26.05121082052,64.4210772050959,45.0670284588465,164.99604996391,110.857139481439,157.959016305429,18.5893184340649,79.9900595482359,171.121040344238,68.5439206301156,221.946807861328,124.837984720866,140.717586517334,116.885014428033,0,0,0,0,0,177.970802307129,0,80.0728005366539,0,74.402311517558,100.720149993896,0,0,138.21716090611,100.612250082833,116.513298371259,0,0,136.902328491211,0,208.913629150391,80.4900807467374,103.647059137171,106.856939165424,222.585571289062,207.584228515625,0,92.1810561131387,0,0,126.023593022273
18.2289079101746,140.792731837222,113.732774606936,102.25012386322,119.100983964636,34.1527158258684,45.1029196001931,39.4934740435742,15.9747977827627,99.2837513243298,54.6351697488254,82.323755761303,112.443770845058,105.236319588615,10.6519205874929,39.1689830720425,153.451284790039,118.643411166227,127.426946371282,129.983395227691,111.016727608978,95.3891312063557,134.150079684787,102.422149438373,107.288477829034,134.494623184204,141.601913237572,138.313923844931,97.8788924170628,23.1587835835532,47.2359075169156,130.066173417228,14.7500504635819,65.3427101722871,51.3253741461174,173.256996154785,184.928911844889,185.9670116718,115.181757553764,186.143330891927,0,186.798835754395,175.191573509803,215.266744440252,119.057196983924,185.614824930827,176.039443969727,0,139.011077880859,197.673185560438,150.14208984375,158.504730224609,234.09162902832,189.817874145508,214.717412312826,185.501922607422,156.615798950195,153.25074005127,186.895764160156,157.137765516929,192.99956258138,193.502434082031,181.918975605684,164.802143009564,191.837454477946,172.130863189697,217.255599975586,0,158.358432769775,192.334942287869
88.7745914459229,113.840817769368,144.99092525906,79.2089800834656,66.1085745712806,17.8666929755709,17.0810843352082,80.7491864695132,29.141400885582,18.3107282579107,64.0334839046217,131.423323154449,16.550066024456,156.8133503307,39.1689830720425,8.2994898497736,173.753204345703,137.326378122966,0,143.104600906372,51.9225096229379,127.407684326172,68.3778956918155,127.426366735388,42.8993633946472,145.691266377767,168.366715651292,141.863788846173,75.3513806923149,97.2692948543664,103.74561882019,167.983863830566,39.0196094794814,96.817268371582,100.762758255005,0,0,211.814788818359,126.801948547363,175.748252868652,0,188.347068786621,0,0,0,0,0,59.4225234985352,0,186.996185302734,0,0,211.19743347168,0,0,180.390823364258,0,0,179.608444213867,122.655025482178,0,0,228.902089436849,162.749376296997,199.578247070312,0,0,0,211.811264038086,0
148.341445922852,61.485793910307,86.083064302485,41.2890681281803,65.8574600219727,200.442474365234,143.95108468192,106.370606129964,167.97423248291,78.0818017482758,117.277108510335,127.280412197113,121.455846786499,139.229523250035,153.451284790039,173.753204345703,14.409188529689,106.781552864803,138.596504211426,121.28022257487,132.093452453613,23.8759079506515,29.8493127996428,26.624374644075,29.1154089606755,107.748945236206,114.707783679573,31.2573286232224,47.4999389029581,114.136223602295,83.6892270032097,155.869518280029,121.884643554688,90.8301248550415,91.0620606182186,225.191513061523,116.859008789062,122.906487109614,59.0664811310945,0,0,209.902008056641,151.757568946251,194.267166137695,129.957402038574,197.453231811523,0,0,0,187.589950561523,0,22.1811670680141,138.113742155187,0,185.536170959473,229.498107910156,57.8095535741788,48.5221458673477,66.5196425483756,79.8557055298711,144.607089996338,145.948111057281,89.4884073356646,108.175477840282,150.140459060669,113.304523121227,0,0,114.410236358643,126.738310813904
97.7231191272804,64.5764311324718,39.1767724645979,73.1509063432801,151.699422200521,157.383177305523,138.967887030707,126.480161067743,125.686224030795,127.884445470407,148.107245321328,74.6453481497475,150.8234375,118.085698728208,118.643411166227,137.326378122966,106.781552864803,11.269807420132,58.7349551085915,22.0277498864004,193.741565704346,71.3354425600729,80.359746345102,40.4395781351884,130.960787286342,101.919230779012,41.8535876216145,70.9378795262324,124.869023018914,105.550707515629,83.0892015110949,91.1537384177154,171.160468436576,80.9308228768593,38.6584490342205,171.579839070638,90.405522500315,113.114055200525,81.3197709285852,0,0,0,177.817086961534,201.243502807617,144.426091512044,203.430997212728,154.941699436733,0,140.399114990234,205.100317382813,0,141.246032206217,125.294793930054,149.713913861443,131.856347022119,240.110397338867,154.367644309998,93.9207921557956,133.628735926244,186.977405275617,119.601806640625,119.556063523933,112.098415498085,191.336204860521,221.400233677455,165.764322280884,149.396058400472,0,0,135.352897117878
143.204332791842,83.7684171295166,92.5288240993724,56.9469091454331,188.261433919271,113.365052541097,136.217563000354,168.957646405255,133.949009185941,157.553616646009,167.941228829178,23.103963406893,180.111269269671,65.0476273430718,127.426946371282,0,138.596504211426,58.7349551085915,10.6796570285546,22.3471565881519,187.183356148856,125.520672302246,121.583546320597,108.060540018628,170.225829060872,49.3813372729672,34.0644960552943,69.4152177691301,165.64778456577,125.88381392006,129.822279663086,53.7208942666754,105.568306446075,121.046346922179,56.2727646680293,243.998733520508,124.117842674255,155.540297074751,107.200511614482,0,0,0,219.403025309245,155.853164672852,205.866368611654,0,105.704762986127,0,97.1539231034013,184.864331926618,0,0,113.953321075439,106.682824225175,110.673184925542,0,235.841598510742,142.632196044922,177.484336853027,227.519866943359,83.4896072775631,105.670604835251,107.061741868505,228.259991455078,148.431134541829,196.507049560547,107.234183959961,0,0,122.846091651917
117.616700772886,76.1922341442983,58.6009034424474,64.1583235879098,173.461246490479,162.301709261808,145.231602700341,142.017101054883,136.745625259285,143.192347398445,161.529921248152,36.0735864851056,153.220649719238,84.2531766583843,129.983395227691,143.104600906372,121.28022257487,22.0277498864004,22.3471565881519,11.9391314991217,176.726138305664,98.1057936377791,98.5764221289219,75.2719785690308,145.6671315786,53.8446015090942,33.888386389309,68.0454001539315,141.603045446633,118.973654162677,103.040369601366,65.967427808185,139.860430717468,91.8969649998009,44.7229406547716,178.110237121582,92.7822418212891,128.473138394563,81.7545534769694,0,0,236.43376159668,199.103451538086,236.525497436523,169.140235900879,0,117.14650518244,0,116.678149315619,163.445709228516,0,157.484992980957,116.629673247642,112.53915570577,110.535262094028,0,0,109.884001159668,168.243262551048,181.459213256836,79.017183303833,104.431975633326,106.753505691629,194.694263458252,181.504760742188,179.127435302734,115.064128651338,0,187.255416870117,118.340362854004
119.339454650879,140.675430297852,153.014516830444,66.4233183511874,12.0102914983862,124.931822343306,37.31523133151,60.5693642713022,91.8660378151752,43.2765010285051,15.9287016990291,162.617431903708,14.4492719639251,176.015863037109,111.016727608978,51.9225096229379,132.093452453613,193.741565704346,187.183356148856,176.726138305664,9.51103834651863,147.998977661133,170.368900299072,142.507068287243,14.9014505824383,0,158.380588755888,169.093846196714,24.9008070846938,110.392242401485,107.754151662191,185.226201375326,139.348954144646,98.9253082275391,107.198329569499,0,0,0,155.268997192383,89.0142728487651,0,159.005202157157,144.982429504395,176.658367156982,98.4980645179749,147.12904748684,0,14.4402854547561,0,215.473182678223,142.941146850586,0,212.108352661133,0,0,150.706894369686,0,0,0,111.485914261615,0,0,197.8904393514,146.244975677908,185.365386962891,0,0,0,171.374130249023,0
73.4467096249919,107.403911045619,86.0379754694926,67.6153013675771,0,145.616576194763,117.78393205304,75.4987996156447,105.166245828761,100.781113306681,111.214820895575,120.723870046515,169.756950378418,180.024252319336,95.3891312063557,127.407684326172,23.8759079506515,71.3354425600729,125.520672302246,98.1057936377791,147.998977661133,14.4729696309184,56.6940663807829,34.6851599785879,36.0534319164639,137.741572062174,120.940932190209,90.8896894371787,33.1165903045811,61.2572348811839,31.867412565368,137.643844604492,140.316913604736,48.9710676274492,47.3218845472937,126.430801391602,140.689544677734,159.348224639893,111.803677513486,212.582061767578,0,158.022720336914,148.686071123396,186.988082885742,110.23927116394,0,218.029197692871,0,0,192.961845397949,0,115.259535712165,173.416620890299,214.643997192383,180.293881225586,0,136.913906298186,76.2695207465185,130.324130217234,122.33896711396,0,177.252576555525,153.604155894076,131.002481937408,160.228832244873,136.910440172468,0,0,131.683043162028,158.754830209832
84.3727096557617,30.8760970059093,55.6513479087926,23.5983825710243,69.9715238298689,160.700210571289,159.990852942834,87.2908201355865,125.213709122095,20.7517562374317,131.680869511196,110.659560126227,64.4028069632394,99.8374596908029,134.150079684787,68.3778956918155,29.8493127996428,80.359746345102,121.583546320597,98.5764221289219,170.368900299072,56.6940663807829,7.59451947084091,56.9771792803789,31.3517618435864,82.0988247569014,95.5964360883159,46.4587615881569,56.6211780309677,95.8697381536645,69.1167229593019,108.720296925512,147.135968526204,67.5150198443183,75.6104295863662,96.0029373168945,183.279388427734,115.599620984948,65.3785147233443,0,0,117.91047668457,139.297790527344,171.132881164551,61.2990776062012,146.281051635742,146.158378601074,0,144.918280029297,173.839045206706,0,70.7295298576355,120.491205851237,173.460243225098,154.009931945801,0,84.5970153808594,19.3769590665424,106.601312188541,94.3761372199425,0,134.56589617048,111.467567800361,107.729829152425,124.220123291016,77.0448532104492,198.02766418457,0,84.6785411834717,132.694381713867
84.6140668773651,82.3355087280273,31.9640855462958,61.4550152713305,132.645770481655,143.302703348796,124.181524169393,86.4271422483096,108.458284225814,108.05903005076,111.596522165001,118.304237626112,138.942413806915,138.412574521957,102.422149438373,127.426366735388,26.624374644075,40.4395781351884,108.060540018628,75.2719785690308,142.507068287243,34.6851599785879,56.9771792803789,19.3938689978457,87.1007757969506,142.693846130371,83.9995299556522,52.6936239486287,62.896922793391,78.1196635827851,57.9768607665278,124.670624051775,157.105772109259,71.3980953852336,50.456388291202,201.119222005208,138.460931396484,118.88371702791,80.1467097442929,0,0,205.255045572917,173.976418466279,191.781439208984,112.291446979229,165.157684326172,133.019912719727,0,176.521270751953,190.304438273112,0,108.471023591492,152.840075683594,183.48350016276,172.052575504079,183.468597412109,138.781222197969,71.956232006267,114.300737220044,146.39506430853,193.738540649414,160.921737316043,114.088096218533,154.637816325273,158.609698825412,165.123976745605,171.615180969238,0,138.346333821615,146.191894842654
85.8837128957113,83.4669832891796,113.458717156135,45.1471929385806,18.2275745471454,124.622692871094,93.9995245269582,58.5039811927718,98.6431253719502,24.4568979523169,70.2518165345405,158.571241286194,19.6349018509901,141.879635172936,107.288477829034,42.8993633946472,29.1154089606755,130.960787286342,170.225829060872,145.6671315786,14.9014505824383,36.0534319164639,31.3517618435864,87.1007757969506,11.881923152913,125.935951331993,137.154763142656,102.867098808289,19.527474862198,92.9681194730964,76.7988553202333,156.664503479004,139.848250649192,74.962929792072,96.7720220899514,138.203944573036,150.836529541016,159.459928750992,62.5341081374731,122.852003982387,184.398887634277,141.101610357111,121.441261940002,155.11573148061,65.7019045097122,127.8467131753,211.541275024414,131.303875110768,197.402339935303,155.343830021945,147.883786010742,109.169358968735,171.419371414185,224.06356048584,192.171961466471,122.485462323357,132.797302246094,86.7451999805592,146.281404283312,90.3147006198525,186.546155293783,183.73717381404,158.943879285396,114.622223854969,145.117796807062,130.632737318675,213.811422729492,187.409083048503,128.328673953102,144.157828244296
167.835174560547,28.4659955833383,119.507004737854,21.6332489855909,0,202.323677062988,125.79168510437,167.569625854492,119.892068481445,111.534885651475,162.793141291692,42.0763462568184,135.447423299154,26.05121082052,134.494623184204,145.691266377767,107.748945236206,101.919230779012,49.3813372729672,53.8446015090942,0,137.741572062174,82.0988247569014,142.693846130371,125.935951331993,10.0605805005168,45.6994544055622,31.6671944474048,160.333976745605,129.717719684948,149.190826416016,41.5278864651543,93.5777740478516,160.373405456543,72.093810778706,0,93.7756698608398,120.833727518717,81.3880897521973,0,0,0,0,0,175.86735534668,0,75.4738154691808,0,56.2082251821245,179.214767456055,0,0,114.772785186768,91.461011374869,99.5602048572741,0,0,125.384447733561,0,158.029541015625,65.3667711076282,96.9424771028406,93.5532558104571,0,0,0,82.2725467681885,0,0,98.4750394821167
135.189301369407,55.5436128625123,35.3042562586884,55.251382944008,160.834338848407,140.043256871841,154.113789051977,135.154201658321,146.559696401958,130.621322443456,152.460370334359,35.9152107614848,169.64459169828,64.4210772050959,141.601913237572,168.366715651292,114.707783679573,41.8535876216145,34.0644960552943,33.888386389309,158.380588755888,120.940932190209,95.5964360883159,83.9995299556522,137.154763142656,45.6994544055622,17.6499293969619,41.272417016618,129.427913029203,142.858942106953,123.085429125396,32.1410056462298,138.39172384474,116.637698098888,64.9002252090186,174.768535614014,81.5505969120906,103.107460126964,70.7716508965743,189.978408813477,0,203.16291809082,177.192016601562,213.071158272879,195.756681654188,182.225433349609,103.740864440099,0,90.04201107449,196.912476675851,0,158.072945912679,110.17394658986,104.111716264294,108.584194897848,0,169.103003501892,124.652592270463,151.496686220169,193.07023866715,86.9947096252441,100.562763395903,101.317033485985,192.877003389246,187.965839385986,163.596710205078,106.022009642228,159.326919555664,190.249072265625,114.895147341107
130.981294552485,35.7466708695142,35.3515861879671,42.7402808124676,164.180344214806,148.928260064894,153.009325055515,120.618470960193,144.609581976161,115.386823049672,150.319349228708,74.0033470037077,141.105716624159,45.0670284588465,138.313923844931,141.863788846173,31.2573286232224,70.9378795262324,69.4152177691301,68.0454001539315,169.093846196714,90.8896894371787,46.4587615881569,52.6936239486287,102.867098808289,31.6671944474048,41.272417016618,20.3108196965119,87.709456360118,139.909183660593,120.043012451448,36.6507578531344,148.078490798538,121.819598706241,76.8742373177628,182.996384938558,88.9736284734457,99.9253472550684,62.3574436187744,186.950185139974,0,222.905666351318,170.58031744706,202.413142811168,167.24165162586,187.181445121765,110.884424289904,226.438262939453,103.724380678493,196.791025695801,210.927017211914,109.60258344453,112.757348504685,110.625012289617,114.108969482662,178.004791259766,138.357672783636,73.766349295185,105.068725743515,154.722903269642,86.1098444934458,104.925579063996,98.9303560241082,161.81308605957,176.251926581065,164.151986590887,111.988758241998,0,164.539868672689,122.182851887956
80.5797266185793,115.197381412282,98.6550057609126,56.8861141033001,15.4832916658198,122.129960378011,80.5344915362129,29.236831543463,92.3014351564033,51.720850592532,25.7841591292721,154.57517300012,42.601740607105,164.99604996391,97.8788924170628,75.3513806923149,47.4999389029581,124.869023018914,165.64778456577,141.603045446633,24.9008070846938,33.1165903045811,56.6211780309677,62.896922793391,19.527474862198,160.333976745605,129.427913029203,87.709456360118,11.6505524769544,93.7192675160202,46.160101438115,175.414828213778,138.923719644547,65.0159712284892,84.7975922015684,146.927551651001,169.208045959473,168.466324053313,72.2431259788944,142.23282289505,194.52953338623,149.808095245361,130.596339046207,160.262674034966,74.4476724364948,143.322444346253,234.011772155762,137.504071521759,228.020772298177,165.025466096167,144.296723365784,125.866603088379,192.092870076497,0,208.558784484863,141.577756361528,139.73929977417,97.0568656921387,149.837302325523,104.696091451676,0,186.590539296468,158.327139260886,126.098660931292,153.163992949455,136.726165771484,224.875061035156,196.956645420619,135.165775553385,151.394667583963
19.9046956608353,140.577482435438,135.325942221886,86.9333913140964,112.357986279388,39.7620440931881,65.3907308728022,77.3044230101262,42.8432366091594,88.3589948068063,99.8240400053856,92.1796295083599,113.354918585883,110.857139481439,23.1587835835532,97.2692948543664,114.136223602295,105.550707515629,125.88381392006,118.973654162677,110.392242401485,61.2572348811839,95.8697381536645,78.1196635827851,92.9681194730964,129.717719684948,142.858942106953,139.909183660593,93.7192675160202,13.5130650447131,29.2084554323829,131.656869787919,15.0221302149734,22.2152331275106,52.7655991353201,166.527196248372,157.975410461426,187.38650004069,101.711109161377,187.995374043783,0,177.561272872122,155.456848265633,199.0907081604,104.065960884094,183.546698350173,204.747461954753,178.813522338867,0,196.373085353685,0,135.885765075684,213.475133260091,189.976640181108,197.963798522949,182.235424804688,167.575294494629,137.275115966797,190.886317952474,146.794274918576,174.573951721191,181.163180689658,181.033825531006,155.163383303665,179.168877678948,157.697441101074,125.772575378418,0,165.368612116033,189.215614827474
24.9321249682647,118.009116109212,91.3505160333725,67.2901017583015,89.341896198414,111.481853685881,105.974233375405,26.3267032277043,74.3942545450044,67.4871311633908,95.3332054203954,130.735823776548,99.6990329518038,157.959016305429,47.2359075169156,103.74561882019,83.6892270032097,83.0892015110949,129.822279663086,103.040369601366,107.754151662191,31.867412565368,69.1167229593019,57.9768607665278,76.7988553202333,149.190826416016,123.085429125396,120.043012451448,46.160101438115,29.2084554323829,10.9548180053785,160.079065595354,116.709149953481,30.6454023171883,47.0781862438004,147.137318929036,214.76399230957,177.16982421875,84.5854351104252,156.807708740234,205.091186523438,177.278696695964,137.296095806619,184.163307189941,83.3918054070271,177.203638712565,203.528736114502,0,211.461608886719,170.909202212379,0,124.749565972222,181.43386332194,0,202.02956644694,166.718338012695,143.665298461914,98.0843802315848,149.22240940217,122.126210772302,0,178.111643473307,163.68763478597,132.146285361432,164.557745191786,138.952260469135,0,0,136.856391906738,149.689662053035
0,62.3422662486201,99.5189655303955,56.7560110495124,0,95.2630340576172,139.952997843424,167.336190032959,135.389424438477,145.946535990788,168.462223399769,46.3366246973405,0,18.5893184340649,130.066173417228,167.983863830566,155.869518280029,91.1537384177154,53.7208942666754,65.967427808185,185.226201375326,137.643844604492,108.720296925512,124.670624051775,156.664503479004,41.5278864651543,32.1410056462298,36.6507578531344,175.414828213778,131.656869787919,160.079065595354,7.31235467548477,106.138647715251,139.881361643473,82.4199745027642,0,134.926628112793,145.38062286377,120.490755081177,0,0,181.369720458984,0,137.508819580078,0,0,99.3340052351167,0,85.4051041734328,0,0,0,127.069884406196,102.136858791775,113.066290378571,0,241.182800292969,0,182.510177612305,240.558715820312,83.3224807152381,104.261377778443,105.478081521357,240.88948059082,0,245.37907409668,100.408697412369,0,0,124.375356038411
86.1440391540527,0,174.411170959473,128.783899095323,148.385345458984,12.762052299741,19.1549881450853,123.744213451039,30.5355076338129,135.284309835995,123.390434867457,66.4007681236892,122.20193699428,79.9900595482359,14.7500504635819,39.0196094794814,121.884643554688,171.160468436576,105.568306446075,139.860430717468,139.348954144646,140.316913604736,147.135968526204,157.105772109259,139.848250649192,93.5777740478516,138.39172384474,148.078490798538,138.923719644547,15.0221302149734,116.709149953481,106.138647715251,7.56347236168842,113.878093719482,42.9054627418518,0,133.89030456543,0,0,0,0,234.148864746094,201.435785929362,221.644714355469,0,0,0,0,182.693428039551,0,0,0,0,0,0,0,0,0,0,180.291316639293,0,182.783447265625,190.810874938965,202.682654486762,0,0,0,0,0,0
59.2096322866587,105.06770324707,118.584062688491,68.4455971884561,92.3384572079307,133.786874135335,99.6727326711019,68.5682044122949,89.1078502241387,70.3406289996523,89.1226978130169,103.599183159906,89.8132495880127,171.121040344238,65.3427101722871,96.817268371582,90.8301248550415,80.9308228768593,121.046346922179,91.8969649998009,98.9253082275391,48.9710676274492,67.5150198443183,71.3980953852336,74.962929792072,160.373405456543,116.637698098888,121.819598706241,65.0159712284892,22.2152331275106,30.6454023171883,139.881361643473,113.878093719482,8.23842155789351,32.1868340916169,142.272094726562,140.254119873047,191.270698547363,89.5748499820107,159.31184387207,0,170.13956451416,135.066656930106,178.553249359131,76.2861204147339,167.126284085787,0,0,0,193.009353637695,0,138.401317596436,170.53581237793,0,190.192398071289,168.37540435791,115.315162658691,79.2645660400391,161.913497924805,118.93852330258,0,165.175718519423,173.754841486613,131.725709319115,150.741666353666,142.462821006775,0,0,151.428894042969,149.449094772339
86.6016928778754,79.06412482556,74.0973687164257,78.7860176045699,105.216089172363,36.4347595399426,69.6198957787185,96.7421052089104,63.1346736328511,95.2455299951697,103.518065776247,31.5501450683376,116.284722382168,68.5439206301156,51.3253741461174,100.762758255005,91.0620606182186,38.6584490342205,56.2727646680293,44.7229406547716,107.198329569499,47.3218845472937,75.6104295863662,50.456388291202,96.7720220899514,72.093810778706,64.9002252090186,76.8742373177628,84.7975922015684,52.7655991353201,47.0781862438004,82.4199745027642,42.9054627418518,32.1868340916169,12.2173499495265,170.707471575056,96.7671842073139,117.183339996338,98.3258985246931,206.49967956543,0,177.772758483887,161.349950551987,191.149810791016,124.516009521484,183.767298771785,126.537254333496,218.321044921875,133.064171927316,179.662790298462,0,123.035322490491,137.25398050944,143.311042785645,140.120998960553,219.482711791992,134.563355945406,85.6230748829089,129.214445749919,139.080669568933,91.105033493042,119.020074186654,118.710549609496,155.252615540892,185.961398696899,149.895577864213,131.297190348307,202.160308837891,156.794363839286,147.419597943624
0,0,181.906398773193,83.9350433349609,0,0,183.598697662354,139.050140380859,175.929183959961,0,180.720499674479,193.208847045898,0,221.946807861328,173.256996154785,0,225.191513061523,171.579839070638,243.998733520508,178.110237121582,0,126.430801391602,96.0029373168945,201.119222005208,138.203944573036,0,174.768535614014,182.996384938558,146.927551651001,166.527196248372,147.137318929036,0,0,142.272094726562,170.707471575056,9.94940547567449,129.64718170166,114.413998285929,81.7325387252005,91.9352121353149,69.3400497436523,103.881248474121,27.6964724933805,53.8462762660587,77.073110518917,80.7013681003026,124.012157814175,95.0378625052316,157.241221110026,17.0417612244162,104.379865373884,91.4623892647879,110.345551343468,132.961143493652,122.105168521132,93.1987272898356,82.9101985637958,79.765231163271,102.239878491658,79.5832714035126,143.492559432983,127.024567873582,133.373133096939,77.8308843364088,21.5239391050874,37.696797516248,141.091958999634,72.2058802517978,48.069223173372,74.8475611532057
0,66.5377731323242,85.0389888763428,63.4387930631638,0,0,194.144424438477,176.927940368652,0,0,0,143.803375244141,0,124.837984720866,184.928911844889,0,116.859008789062,90.405522500315,124.117842674255,92.7822418212891,0,140.689544677734,183.279388427734,138.460931396484,150.836529541016,93.7756698608398,81.5505969120906,88.9736284734457,169.208045959473,157.975410461426,214.76399230957,134.926628112793,133.89030456543,140.254119873047,96.7671842073139,129.64718170166,10.2786415350363,46.1549370647673,20.0910065130939,0,128.264049530029,167.176082611084,119.113419532776,161.677703009711,79.2599004405413,151.478817749023,73.9081189954603,104.063152313232,57.1100620761994,148.698050737381,106.157286210494,65.578252017498,52.8866780805717,77.0390258095481,59.5529987290967,142.968338012695,90.6794218840422,24.8215020016661,91.0847882416289,82.6117188902462,23.5341477281899,49.7691023292602,32.9116204171927,119.364204819138,128.015657974502,108.237327803427,69.4707263485416,76.0368041992188,115.031229400635,64.7480425050814
0,101.729925367567,98.1721788443357,75.67606253373,0,158.308349609375,174.971110752651,173.825470773797,165.813776652018,145.258982849121,216.361618041992,146.632301330566,0,140.717586517334,185.9670116718,211.814788818359,122.906487109614,113.114055200525,155.540297074751,128.473138394563,0,159.348224639893,115.599620984948,118.88371702791,159.459928750992,120.833727518717,103.107460126964,99.9253472550684,168.466324053313,187.38650004069,177.16982421875,145.38062286377,0,191.270698547363,117.183339996338,114.413998285929,46.1549370647673,14.5701887643714,48.9678614676219,122.409227371216,163.334477351262,134.67278124443,94.9313092081522,125.184868180191,114.797548980713,115.166539342544,132.89976073148,167.712056477865,148.321430206299,121.044526964359,134.768299738566,80.0919413625458,41.7672778672263,91.2371342717385,66.5184897863006,180.109244346619,67.9631296328889,58.1288196448512,31.5854686484413,101.319234874699,91.4762816656203,31.0492967288328,34.7585398773468,88.4835381360368,139.270004797076,86.2103696060181,104.436088562012,174.941975911458,119.086833366981,87.844829070366
