9.50028254703385,123.503801618304,72.4655788605472,88.6274076189314,168.905933380127,67.0633438958062,41.6320487877418,22.4896598170736,23.6667709665805,73.956809734476,35.0620744380545,136.397915522257,58.6878757476807,163.309143066406,13.6740847262269,35.3748256772064,98.8906962076823,89.3013898987701,134.969749450684,112.099963530329,76.6864569527762,52.8914966583252,63.9787608555385,55.9426254631233,75.5869421958923,173.915603637695,118.197442934495,113.330128493132,42.6549625087094,11.506388656569,26.6454102298438,145.754674275716,83.1724615658031,20.5717957385381,72.6297922378931,0,113.212646484375,157.293075561523,114.16010538737,0,0,0,151.611938476562,0,81.2679443359375,138.667434692383,0,0,0,0,0,0,170.621467590332,0,182.871131896973,0,0,111.57506942749,0,0,0,188.338943481445,165.883139474051,133.867294311523,0,138.640869140625,0,0,0,177.878356933594
123.503801618304,7.03790253334781,36.9716827102841,22.4477667791155,0,96.1370544433594,143.553691864014,111.80828125,126.376616738059,63.2550900899447,120.930054800851,63.8179482490786,0,46.7822036200322,127.507578168597,99.9306716918945,73.424451659211,52.8317837589163,74.088511536761,63.9422604474154,0,87.2119630177816,27.5627962939041,61.7812799384795,79.1227120899019,25.1658106849348,42.8554197801362,33.4594849925556,82.632507884419,109.54472212358,107.655808907968,64.465536295257,0,120.300321960449,64.2160068972027,0,88.9695460001628,71.1684894561768,61.984309105646,0,0,0,0,0,136.839670181274,118.303733825684,109.076543535505,0,87.7105909747842,0,0,0,117.299962361654,125.64685352032,135.890960346569,0,0,128.820452372233,108.729776763916,120.440311431885,71.2718096132632,106.689974398226,107.934494123067,124.527612686157,0,102.595970153809,113.689592633929,0,0,140.050595092773
72.4655788605472,36.9716827102841,12.0931485149404,39.4462012939905,126.174301147461,145.146817016602,106.809068249118,89.1857503033101,98.5186261733373,93.4920425415039,102.047009309133,85.5544134984251,102.592203776042,99.449550374349,86.6931893194289,113.323397318522,73.6004015904552,30.7002215705319,82.3616897518895,58.8793841629028,146.966415405273,63.8980689102344,43.9846348480578,22.3527228333919,99.0462711334228,86.263542175293,29.9124596327678,30.8555680056804,54.3190786518322,75.7213612034869,58.2165506032592,93.9321691513062,135.24981035505,89.1220569610596,55.142631986248,149.479985555013,73.335464337977,85.3519545173645,52.6049026359946,0,0,191.613677978516,155.27388827006,180.104415893555,0,168.075826009115,132.347493852888,0,0,180.332759312221,0,120.058319854736,100.971350108107,146.213612874349,119.760497337164,189.439147949219,116.065508270264,50.0839147134261,91.7740494312169,150.913247680664,126.871816635132,105.441838661336,93.1131708395858,143.536523706773,180.548446655273,138.940830006319,165.735168457031,0,187.949691772461,102.137484595889
88.6274076189314,22.4477667791155,39.4462012939905,22.4819165297917,68.7376582622528,122.770077705383,86.427499904189,55.3032307564239,80.6225230884552,11.3105969026864,62.8012775641221,66.2335954164204,80.0991397048488,52.1276091569625,85.5998205045374,81.3220562338829,73.3092139459425,55.03113321185,61.5295643661961,51.3965352017455,79.7956272125244,62.9477806880556,15.8454475361753,55.0435540004126,43.9745621036267,23.8036873953683,39.9765637279306,40.4897021374128,46.1886531910143,81.9282497184864,70.4584439884533,61.5050663248698,115.766862051828,66.869652726268,67.388788473195,148.214420318604,66.178071975708,56.2091564851649,16.5796506074223,85.9604110717773,0,103.589805603027,76.1515990363227,101.640191396077,12.0834499982687,72.6895999908447,128.508343505859,80.9197387695312,65.5774189342152,96.5203628540039,0,89.7487762451172,62.9609038035075,116.912705898285,109.146007347107,0,85.4062347412109,10.0145360912595,97.9852283000946,51.6172714891105,51.449427763621,89.9571029909195,83.9695880583354,60.7708796262741,101.919794718424,121.246956634521,94.2865766797747,0,80.7250820159912,111.73558807373
168.905933380127,0,126.174301147461,68.7376582622528,9.99786793357063,131.722461700439,57.302753508091,44.9456505548386,86.6364843468917,48.7499764006017,17.8889839873752,0,22.8107223134292,0,96.0947561718169,89.99489402771,142.783599853516,0,0,0,8.8938862853809,79.8692779541016,157.236282348633,86.6208610534668,19.7291525660226,167.15380859375,0,121.26416015625,11.3786012798698,97.613682805756,78.6731834411621,0,139.876068115234,87.4665811416951,98.069623538426,0,0,0,0,6.10281380046498,0,0,131.093462626139,0,88.5662803649902,28.4593556540353,0,39.6393547058105,0,0,0,0,0,0,0,15.6243573081109,0,155.609970092773,0,79.855205317906,0,0,0,80.1998294830322,98.7327575683594,0,0,0,0,0
67.0633438958062,96.1370544433594,145.146817016602,122.770077705383,131.722461700439,6.57881056274199,8.8944287408211,94.6496450106303,20.9920483278306,118.061065153642,97.879682170811,55.5462514370848,93.583994547526,73.7277868058946,33.7131670049189,13.4361030225271,117.776172637939,154.565099080404,99.5080223083496,113.951679229736,126.638577912983,94.0281219482422,100.776318600303,112.593042547053,120.023596445719,0,120.843306801536,121.294673626239,114.825858776386,23.8178995215289,111.605087280273,86.7259877522786,10.9944215872803,69.8606986999512,29.3289084966402,203.946044921875,0,0,141.333236694336,0,0,0,0,218.970031738281,133.22820892334,0,0,0,121.109924316406,0,0,0,0,0,0,0,0,116.988391876221,0,0,0,0,238.485061645508,178.77742767334,230.308715820312,204.058074951172,0,0,0,209.686782836914
41.6320487877418,143.553691864014,106.809068249118,86.427499904189,57.302753508091,8.8944287408211,8.43127804184869,57.5833270876673,17.8062295995655,69.0861236511554,15.8144557320086,70.0912089150333,13.9339082365393,84.5003740219843,31.3881176443236,12.0944177061282,90.2068982805525,131.001537605568,127.108487580952,134.412525749207,32.544121068106,98.3554850987026,90.3753101148103,95.2373490742275,64.5542169027431,185.922821044922,140.913187363568,136.068511865078,70.1689484698432,23.6574573960667,70.9305854284463,148.145281473796,17.6696057851378,78.6097387540138,42.3981846014947,165.091644287109,0,165.139450073242,97.1250983996269,57.6382927894592,0,175.379577636719,155.390714372907,186.687718200684,102.625119890485,152.436580113002,242.195877075195,76.8661403656006,0,178.540082295736,0,133.027801513672,167.836730957031,0,211.866226196289,0,165.542030334473,110.470148722331,156.074951171875,137.817255522075,0,209.605346679688,189.405649820964,137.59502911377,179.277585983276,166.359037919478,0,199.299987792969,153.732984542847,172.406034469604
22.4896598170736,111.80828125,89.1857503033101,55.3032307564239,44.9456505548386,94.6496450106303,57.5833270876673,8.91820835501442,45.424743539837,52.5170932538582,12.9849048402191,150.776546478271,52.4220766978221,155.412063598633,26.6767377662741,56.7453002560523,75.4055676864365,123.186749950733,146.727348327637,141.148883056641,50.70490657582,56.6479172977975,65.7914508746572,64.6750733057658,46.4172861023811,0,125.352437998682,107.348681399697,15.0665985806828,45.3757279585531,15.2572262498087,166.958185831706,104.064354578654,52.681551356342,68.9731641109388,151.797215779622,0,165.448145548503,67.168056882661,139.457251654731,0,147.785580105252,124.618771466342,147.554779052734,77.7749896482988,126.964605282515,0,153.588455200195,182.785339355469,152.989669351017,163.093933105469,129.662857055664,171.036743164062,0,183.106475830078,140.563982009888,0,90.3769785563151,147.689493306478,103.00377314368,0,200.062878417969,175.728457132975,110.03764974072,159.363836924235,142.290654500326,0,0,141.657698411208,157.421633911133
23.6667709665805,126.376616738059,98.5186261733373,80.6225230884552,86.6364843468917,20.9920483278306,17.8062295995655,45.424743539837,10.6597024679262,81.8382432354664,16.96415908346,74.5529448106554,27.6768641191838,89.2989658232658,14.5816810404926,23.3903549914915,104.341275850932,119.621519963191,130.328026453654,138.970493597143,63.9993618382212,90.4530072766681,82.8425957489014,85.3360805274045,78.180483611526,0,136.841548961907,132.954675396283,66.1210967278605,23.0988154838645,60.0488677343314,135.368231339888,18.9911419176163,67.717913451704,41.4968702654877,165.010556030273,172.393981933594,160.084335327148,96.1628482624636,167.216949462891,217.94091796875,177.423332214355,152.7838818094,168.870534261068,100.583973320163,143.554060992073,0,162.255653381348,0,169.872997577374,161.344711303711,121.539131164551,165.28108215332,0,199.733932495117,133.047592163086,152.941223144531,102.815487948331,168.829493204753,132.880351844201,0,204.884262084961,178.975891113281,134.879355059412,174.462154933384,159.970030212402,0,0,158.076962922749,172.120851599652
73.956809734476,63.2550900899447,93.4920425415039,11.3105969026864,48.7499764006017,118.061065153642,69.0861236511554,52.5170932538582,81.8382432354664,7.99014485710184,63.5728476788365,128.400409274631,10.5875131185408,124.160305852475,78.299025744608,16.9404251470285,45.6035871959868,127.841901143392,158.910446166992,144.830495834351,66.3592111506361,51.2524780091785,20.3833615864417,71.0778956259451,19.4632240699259,108.964811096191,123.248929423671,110.959058674899,40.2210347098792,75.3050950828958,63.8103045334051,131.48301908705,126.587176513672,63.1185487408504,78.801110788244,179.991333007812,0,0,15.5547420183818,99.7255897521973,0,138.561447143555,69.7968368530273,136.494753519694,34.3868569313212,110.925011952718,0,101.037864685059,158.875587463379,106.346969604492,0,0,0,0,194.282653808594,117.700645446777,0,25.9915209838322,136.821502685547,59.5074945947398,146.282287597656,196.657913208008,0,73.9362079692337,139.455142974854,0,175.916712443034,0,0,144.986320495605
35.0620744380545,120.930054800851,102.047009309133,62.8012775641221,17.8889839873752,97.879682170811,15.8144557320086,12.9849048402191,16.96415908346,63.5728476788365,8.87227863268629,133.822074890137,17.0656998875377,128.889358520508,27.4351234253855,49.1536131410632,87.062194442749,130.569841875349,168.865737915039,149.719740647536,18.7815521807067,78.7569541931152,88.1805221070635,87.6844371085943,41.9684838450952,0,139.211140632629,123.061048719618,19.1239013092761,72.4569125513773,62.631401587659,0,98.9522498801903,70.7006498369677,81.0554671092909,135.142237345378,179.256011962891,162.291351318359,76.5253675411909,16.1178656227133,0,155.790865580241,135.511218883373,164.593876765325,85.3602990237149,135.474590509588,0,119.566659927368,0,166.256088256836,153.938563028971,0,0,0,0,143.842107137044,0,99.8688583374023,153.35929107666,116.649660466792,0,203.272888183594,146.259078979492,121.17713128149,160.233210245768,150.10733795166,0,0,135.950903320313,163.766046003862
136.397915522257,63.8179482490786,85.5544134984251,66.2335954164204,0,55.5462514370848,70.0912089150333,150.776546478271,74.5529448106554,128.400409274631,133.822074890137,13.6956863934729,0,30.5841490743048,93.0351795694102,104.353895187378,127.138802422418,59.116318922236,27.641894897414,33.7971605691201,0,92.5199181692941,100.952707402846,91.0493357672763,142.836263384138,42.0897080283804,35.0050230848911,70.3518475593777,122.859991788864,55.0910565469385,100.362689399719,45.0647966826222,50.4424776232414,95.6709671020508,30.624231363891,0,120.924378395081,133.814315795898,97.8515258789062,0,0,0,0,0,0,0,100.77659924825,0,84.1228746741709,0,0,0,187.01091003418,104.062295489841,124.92725982666,0,0,129.917152404785,171.049682617188,177.443649291992,66.7437874046532,101.297592426169,106.259208179457,185.409927368164,0,173.826416015625,96.2789712664725,0,0,144.953694152832
58.6878757476807,0,102.592203776042,80.0991397048488,22.8107223134292,93.583994547526,13.9339082365393,52.4220766978221,27.6768641191838,10.5875131185408,17.0656998875377,0,8.51079970420687,0,70.2481270482985,10.280738854678,0,141.116485595703,0,162.843963623047,13.4336004202439,101.705017089844,68.1312824885051,82.6706314086914,18.2128643912988,0,149.876197814941,160.30188369751,41.6541858644087,99.2585860782199,73.2849334081014,0,143.824012756348,91.7284163113298,96.4242188135783,0,0,0,101.980874633789,38.8705361230033,0,43.4028706984086,58.0741863250732,92.8830318450928,75.0053316752116,34.0685372090602,0,8.72621890840895,0,107.231140136719,48.0866851806641,0,0,0,0,13.7255886620091,0,0,0,121.11856803894,0,0,0,124.561153411865,151.181205749512,0,0,0,160.659317016602,200.362075805664
163.309143066406,46.7822036200322,99.449550374349,52.1276091569625,0,73.7277868058946,84.5003740219843,155.412063598633,89.2989658232658,124.160305852475,128.889358520508,30.5841490743048,0,9.02011389937155,98.255854556435,100.221862792969,137.155092875163,98.9418329874674,54.6131142786104,80.7868812813247,181.22119140625,127.592758178711,96.6217226655044,115.317870400169,124.014944988748,23.2753906114343,49.5373474917834,34.5209275735597,150.705428314209,68.5680274338019,136.15124130249,16.5604727888919,73.2544620220478,143.230682373047,60.8408924351153,0,108.024478809254,147.78002166748,83.7714604464444,0,0,0,154.888076782227,0,142.022769927979,0,71.516113421884,0,63.0116087364619,0,0,0,0,100.933078295564,115.629672555362,0,0,120.935275878906,171.495544433594,152.933685302734,54.0321244683495,94.3786129629685,92.2422429072229,191.536473592122,0,212.495788574219,85.6562495124071,0,0,111.953231224647
13.6740847262269,127.507578168597,86.6931893194289,85.5998205045374,96.0947561718169,33.7131670049189,31.3881176443236,26.6767377662741,14.5816810404926,78.299025744608,27.4351234253855,93.0351795694102,70.2481270482985,98.255854556435,7.62321980932747,33.7146724050079,79.0888843536377,103.969997349789,135.016104888916,125.752861953363,91.8884573768167,71.6931163903439,68.4072441985642,72.7891201686737,76.0148936730844,135.208821614583,128.51238163182,123.503263729722,57.9790609926791,12.2435240146955,24.2371528446968,142.520545482635,14.905977268558,21.085894489493,47.1332197855977,166.08113861084,0,168.703969319661,102.219360683275,143.442878723145,0,187.762771606445,149.574927647909,185.185840606689,92.4893924488741,138.760696411133,0,0,0,177.924326578776,0,0,193.962783813477,215.058013916016,185.303512573242,180.789993286133,151.005317687988,91.2998574829102,156.700225830078,129.890749330874,0,186.58391418457,182.897279005784,135.499084129762,184.81418355306,161.160363769531,0,198.419204711914,156.817220052083,174.16269198331
35.3748256772064,99.9306716918945,113.323397318522,81.3220562338829,89.99489402771,13.4361030225271,12.0944177061282,56.7453002560523,23.3903549914915,16.9404251470285,49.1536131410632,104.353895187378,10.280738854678,100.221862792969,33.7146724050079,7.48460852566438,115.097236633301,128.497592290243,155.754318237305,136.538993835449,77.16810131073,90.5723190307617,72.274809924039,87.0234466552734,52.8741024646562,0,137.173166063097,125.246150623668,70.0802345784505,37.9359965657079,63.8474727977406,0,43.3498660107048,70.5735095977783,45.3746872463742,146.321044921875,0,0,88.7390155792236,0,0,0,145.435668945312,193.134948730469,98.9433059692383,184.698501586914,0,0,0,179.17919921875,0,0,0,0,0,0,0,84.9262186686198,0,131.476671218872,0,0,173.337249755859,136.841025719276,158.629867553711,0,149.249496459961,0,160.830215454102,182.56770324707
98.8906962076823,73.424451659211,73.6004015904552,73.3092139459425,142.783599853516,117.776172637939,90.2068982805525,75.4055676864365,104.341275850932,45.6035871959868,87.062194442749,127.138802422418,0,137.155092875163,79.0888843536377,115.097236633301,12.159657780589,99.5287417085788,135.565774770883,111.656509757042,121.25562286377,16.6517340294393,31.7724734691956,18.444854650776,20.6170686937272,134.886782836914,100.145349058386,26.4123536034599,32.088249506,70.7226941585541,43.1295395263477,130.380142211914,161.190704345703,43.8728082384382,65.273518599064,0,77.3205307006836,124.496599324544,63.4189375515642,0,0,0,160.003280639648,102.002380371094,0,0,0,0,0,0,0,12.0642366858259,131.380895996094,204.572799682617,152.388671875,0,7.86022893409558,41.1305740205504,21.2272912678895,75.5947828292847,0,135.74131181505,38.6531771426731,32.5686771392822,0,127.288696289062,0,0,0,136.326202392578
89.3013898987701,52.8317837589163,30.7002215705319,55.03113321185,0,154.565099080404,131.001537605568,123.186749950733,119.621519963191,127.841901143392,130.569841875349,59.116318922236,141.116485595703,98.9418329874674,103.969997349789,128.497592290243,99.5287417085788,10.2966310488482,52.7301706881679,20.6044839949288,168.942367553711,52.0503470948308,77.3928866302758,21.6740526480594,115.078329713195,83.6396620614188,29.4909929503791,59.1804256394037,92.5004982383742,76.5073384193348,63.902500898991,89.6739651073109,147.323346455892,87.9936050625022,34.4323949461646,150.512130737305,90.7880160013835,101.290357979861,62.8636615160599,0,0,207.352584838867,147.747041702271,209.483342488607,170.46745300293,166.079788208008,132.123732975551,0,154.448155721029,181.638668823242,0,150.22106628418,109.670417158571,141.074999882625,116.364176879883,0,145.627472877502,102.493713672344,122.332357635498,176.100708007812,122.225474270907,108.139204581362,103.806187859441,156.550474687056,178.366333007812,150.959044774373,141.58352915446,0,150.684661865234,119.517992613746
134.969749450684,74.088511536761,82.3616897518895,61.5295643661961,0,99.5080223083496,127.108487580952,146.727348327637,130.328026453654,158.910446166992,168.865737915039,27.641894897414,0,54.6131142786104,135.016104888916,155.754318237305,135.565774770883,52.7301706881679,8.96122016622949,20.8063165705916,0,102.759664662679,119.366097450256,92.6809616353777,158.289713541667,47.3692576755849,28.606025546945,67.4997469257561,131.201577080621,102.437426192037,109.792710655614,53.5013808012009,87.9773703681098,110.116737729027,56.9234575766705,0,111.905232429504,146.523239135742,106.58362698555,0,0,0,0,0,178.439422607422,0,113.765478246352,0,94.6954329743677,0,0,186.080444335938,141.459684753418,108.408739557806,110.097879682268,0,0,144.783885955811,134.033432006836,206.623657226562,80.4808096255896,101.770083026773,106.950417860499,0,200.171127319336,0,105.683454083967,0,181.738327026367,128.036027327828
112.099963530329,63.9422604474154,58.8793841629028,51.3965352017455,0,113.951679229736,134.412525749207,141.148883056641,138.970493597143,144.830495834351,149.719740647536,33.7971605691201,162.843963623047,80.7868812813247,125.752861953363,136.538993835449,111.656509757042,20.6044839949288,20.8063165705916,11.3391124965593,0,86.8656556681133,106.140700089304,74.9667884289948,139.850964596397,50.7583429864112,28.1474833014846,64.0754669859787,112.913710403442,99.3863338945847,90.3388416402781,61.5455497330155,83.666277885437,92.6471887632858,42.7684106390651,0,114.120856391059,112.955515906924,72.5157566706339,0,0,0,187.475311279297,0,191.691398620605,0,123.743085043771,0,118.617006063461,0,0,141.835311889648,124.021978525015,113.189097751271,108.161771462733,0,171.745035807292,117.55233001709,137.794561386108,191.328628540039,88.2114933934705,101.54095588944,105.216439909607,175.682912190755,192.86287689209,173.967180887858,118.849082510812,0,0,114.007870876428
76.6864569527762,0,146.966415405273,79.7956272125244,8.8938862853809,126.638577912983,32.544121068106,50.70490657582,63.9993618382212,66.3592111506361,18.7815521807067,0,13.4336004202439,181.22119140625,91.8884573768167,77.16810131073,121.25562286377,168.942367553711,0,0,8.13131172842928,128.222229003906,118.75151533239,130.629547119141,14.6807361286831,0,0,150.907623291016,15.8766473330384,91.5810539787584,125.159706115723,0,137.690807342529,84.3648581902186,93.4087454267023,0,0,186.273452758789,107.790484110514,8.90127389276508,0,0,146.596618652344,0,100.870616912842,158.537048339844,0,4.84233037285183,0,208.986885070801,0,0,0,0,0,0,0,0,0,138.02248273577,0,0,0,144.799479675293,233.765411376953,0,0,0,0,0
52.8914966583252,87.2119630177816,63.8980689102344,62.9477806880556,79.8692779541016,94.0281219482422,98.3554850987026,56.6479172977975,90.4530072766681,51.2524780091785,78.7569541931152,92.5199181692941,101.705017089844,127.592758178711,71.6931163903439,90.5723190307617,16.6517340294393,52.0503470948308,102.759664662679,86.8656556681133,128.222229003906,9.90820781542241,36.3901831546983,18.7854477000378,18.915678880883,111.421527862549,103.174078589992,60.6421504352702,18.4258324964681,34.8906417367943,19.8465424592078,150.037708282471,111.799276733398,50.2597760032205,40.0187766522888,0,0,119.117012023926,73.6270462036133,0,0,0,126.156955718994,197.372268676758,61.3909068637424,0,232.633193969727,0,0,136.529927571615,0,139.435836791992,154.533638000488,0,162.285385131836,0,90.7633972167969,57.782176733017,131.617046610514,91.4569488525391,0,154.598515828451,161.738585408529,106.754154406096,153.200805664062,0,170.030456542969,0,101.028022766113,131.160029093424
63.9787608555385,27.5627962939041,43.9846348480578,15.8454475361753,157.236282348633,100.776318600303,90.3753101148103,65.7914508746572,82.8425957489014,20.3833615864417,88.1805221070635,100.952707402846,68.1312824885051,96.6217226655044,68.4072441985642,72.274809924039,31.7724734691956,77.3928866302758,119.366097450256,106.140700089304,118.75151533239,36.3901831546983,8.26038965772264,42.8897699747635,18.1789095296541,83.5098758220673,85.0793485582972,38.9014517092671,37.9745787684844,62.2091954258962,46.4540870907997,112.994352096166,104.135129547119,46.1923962859594,63.4080689996066,0,133.889233398438,96.6501706441243,40.365641905337,123.081837245396,0,0,101.010639190674,124.819816589355,46.2818569100421,106.304237365723,137.355491638184,120.14079284668,133.434244973319,102.744256973267,0,51.5675064890008,145.95482635498,0,175.917653401693,114.605638504028,65.1065584818522,18.3771203337045,56.5241256519488,79.5627910200372,124.337375095912,144.655065917969,107.03744330773,86.4574624841864,103.70450592041,122.010547092983,160.367370605469,0,90.2174396514893,132.459941101074
55.9426254631233,61.7812799384795,22.3527228333919,55.0435540004126,86.6208610534668,112.593042547053,95.2373490742275,64.6750733057658,85.3360805274045,71.0778956259451,87.6844371085943,91.0493357672763,82.6706314086914,115.317870400169,72.7891201686737,87.0234466552734,18.444854650776,21.6740526480594,92.6809616353777,74.9667884289948,130.629547119141,18.7854477000378,42.8897699747635,14.2884165700939,47.6287224190087,116.769259134928,68.2192270399079,41.7445403869296,23.9844807183905,52.3588643654232,35.1292679886604,118.043529510498,122.634816256436,66.3614769232901,43.3742902584437,0,106.135949061467,97.8895351783089,64.6965731287295,120.994293212891,0,0,156.01789855957,0,63.998175400954,211.476913452148,0,0,159.198364257812,197.621276855469,0,98.3063095092773,122.902613969283,179.439460754395,148.184030972994,0,125.139278909434,59.0600686482957,94.1960336291601,122.976597595215,0,145.088621775309,104.420030872996,119.056704352884,139.237505594889,144.502846717834,0,0,144.018898010254,113.762358175742
75.5869421958923,79.1227120899019,99.0462711334228,43.9745621036267,19.7291525660226,120.023596445719,64.5542169027431,46.4172861023811,78.180483611526,19.4632240699259,41.9684838450952,142.836263384138,18.2128643912988,124.014944988748,76.0148936730844,52.8741024646562,20.6170686937272,115.078329713195,158.289713541667,139.850964596397,14.6807361286831,18.915678880883,18.1789095296541,47.6287224190087,9.49457870157262,110.625713893345,126.074690122862,67.0603156336647,14.5728034964832,67.8688316001032,53.6948851415353,134.687938690186,128.631328037807,60.4990759359824,75.1083600462364,122.037910461426,0,134.665285110474,61.1948678466095,102.128883361816,0,148.097961425781,115.940481185913,154.212080001831,61.3658093991487,117.898129599435,0,144.543647766113,143.838851928711,147.036521148682,75.8233795166016,88.4609069824219,157.286499023438,0,0,109.701567077637,0,65.4992312022618,114.886616298131,86.249549307842,138.252639770508,176.877220153809,152.842803319295,100.13952972578,142.998053741455,114.041921343122,0,151.258941650391,119.863290309906,141.787761688232
173.915603637695,25.1658106849348,86.263542175293,23.8036873953683,167.15380859375,0,185.922821044922,0,0,108.964811096191,0,42.0897080283804,0,23.2753906114343,135.208821614583,0,134.886782836914,83.6396620614188,47.3692576755849,50.7583429864112,0,111.421527862549,83.5098758220673,116.769259134928,110.625713893345,9.53570195021465,43.4807894977171,27.5682983217614,156.128883361816,118.280883789062,106.749348958333,38.9570204610158,0,104.519953409831,72.0030548957086,240.008560180664,81.2196001325335,0,101.866115093231,0,0,0,0,0,115.724361419678,0,68.5661248427171,0,63.5107617822493,0,0,193.314163208008,116.181015014648,87.245876159668,93.7753610610962,0,0,101.856100899833,0,164.934997558594,49.1349753170479,79.9899239662366,84.5061118899012,0,0,200.858505249023,82.7639248230878,0,0,90.9819011688232
118.197442934495,42.8554197801362,29.9124596327678,39.9765637279306,0,120.843306801536,140.913187363568,125.352437998682,136.841548961907,123.248929423671,139.211140632629,35.0050230848911,149.876197814941,49.5373474917834,128.51238163182,137.173166063097,100.145349058386,29.4909929503791,28.606025546945,28.1474833014846,0,103.174078589992,85.0793485582972,68.2192270399079,126.074690122862,43.4807894977171,13.5399026550276,33.0960315366747,90.5832382717213,114.359880219095,105.568444894092,28.3011923413484,101.781761169434,112.004874220839,60.9984643799122,181.447843279157,88.3615897191714,93.489861987886,56.1750998002064,0,0,0,156.181590779622,198.356419881185,142.763107299805,194.801055908203,108.737964448475,0,90.0006819781135,0,0,130.749852498372,103.106547464851,105.256813346566,101.933109727017,0,141.642939976283,120.213747891513,141.925872366769,171.406219482422,79.9164916276932,94.4812592086478,97.1529830899113,184.653034755162,171.168472290039,145.838342285156,101.769712888277,159.096725463867,161.54035949707,112.899381015841
113.330128493132,33.4594849925556,30.8555680056804,40.4897021374128,121.26416015625,121.294673626239,136.068511865078,107.348681399697,132.954675396283,110.959058674899,123.061048719618,70.3518475593777,160.30188369751,34.5209275735597,123.503263729722,125.246150623668,26.4123536034599,59.1804256394037,67.4997469257561,64.0754669859787,150.907623291016,60.6421504352702,38.9014517092671,41.7445403869296,67.0603156336647,27.5682983217614,33.0960315366747,15.2830149247511,67.7623025082675,115.844170104423,104.792053103695,27.2795557832154,129.415487501356,117.770675088758,70.5851045383769,185.175773620605,88.2170497928045,90.3552154523557,59.2453307247357,0,0,170.259384155273,154.064504183256,187.834459577288,140.432411956787,183.576805114746,111.407213338216,0,99.3957799275716,159.959648132324,0,127.551128811306,108.138506060061,108.704618342473,111.032195513462,0,130.773256429036,59.106087408204,101.182808596293,151.609433855329,85.5163889884949,100.923271734162,101.29600513905,149.124102140728,174.695232815213,158.294846363557,107.937788872303,0,164.126429239909,113.415741039805
42.6549625087094,82.632507884419,54.3190786518322,46.1886531910143,11.3786012798698,114.825858776386,70.1689484698432,15.0665985806828,66.1210967278605,40.2210347098792,19.1239013092761,122.859991788864,41.6541858644087,150.705428314209,57.9790609926791,70.0802345784505,32.088249506,92.5004982383742,131.201577080621,112.913710403442,15.8766473330384,18.4258324964681,37.9745787684844,23.9844807183905,14.5728034964832,156.128883361816,90.5832382717213,67.7623025082675,10.0003944574418,61.5466358416351,37.1310789147117,140.615232849121,117.900299072266,53.4616636464708,57.0540318062238,132.774590276903,119.189163208008,125.314213679387,60.7334766997594,29.9710616355247,183.583023071289,136.848259449005,118.300474873296,149.462346245261,62.7232493643774,118.03933797983,184.596336364746,129.601062101476,177.574111938477,150.542482925674,105.800657908122,126.192738342285,167.921746390206,0,217.657867431641,131.633698872158,111.151693071638,67.9048069224638,125.357211249215,89.944096917667,0,174.586698259626,143.622794560024,100.2145866691,142.295918097863,132.259930080838,180.132247924805,0,122.08498594496,143.620817820231
11.506388656569,109.54472212358,75.7213612034869,81.9282497184864,97.613682805756,23.8178995215289,23.6574573960667,45.3757279585531,23.0988154838645,75.3050950828958,72.4569125513773,55.0910565469385,99.2585860782199,68.5680274338019,12.2435240146955,37.9359965657079,70.7226941585541,76.5073384193348,102.437426192037,99.3863338945847,91.5810539787584,34.8906417367943,62.2091954258962,52.3588643654232,67.8688316001032,118.280883789062,114.359880219095,115.844170104423,61.5466358416351,8.76615145682238,16.9053430503256,97.4687489100865,13.2588276777898,14.7170896528245,32.1298206738422,157.032092285156,134.843360900879,202.955619812012,97.5284972079965,97.2332729763455,0,190.572128295898,146.34581489563,187.395847667347,96.6503974817976,185.945626395089,188.881805419922,207.217956542969,213.683654785156,183.574544806229,0,0,161.91103108724,143.696868896484,157.127828979492,0,151.897204081217,90.8683699094332,144.356018066406,130.467603639115,153.682800292969,187.573896408081,161.12788772583,139.075873613358,184.693801879883,171.247752380371,0,0,159.202997207642,163.465791182085
26.6454102298438,107.655808907968,58.2165506032592,70.4584439884533,78.6731834411621,111.605087280273,70.9305854284463,15.2572262498087,60.0488677343314,63.8103045334051,62.631401587659,100.362689399719,73.2849334081014,136.15124130249,24.2371528446968,63.8474727977406,43.1295395263477,63.902500898991,109.792710655614,90.3388416402781,125.159706115723,19.8465424592078,46.4540870907997,35.1292679886604,53.6948851415353,106.749348958333,105.568444894092,104.792053103695,37.1310789147117,16.9053430503256,8.72033284357812,134.969757481625,106.955112457275,38.510583093308,40.1056202923311,0,0,127.802947998047,75.6306500434875,0,0,175.710052490234,140.731266566685,0,78.666947214227,135.370231628418,0,0,200.483810424805,169.830810546875,179.646774291992,0,163.201206207275,0,169.56137738909,0,128.336769104004,73.1197001139323,123.980265299479,115.294213867187,0,153.768566131592,161.886168888637,120.288313326628,167.005996704102,186.464202880859,0,0,147.729049682617,157.34733908517
145.754674275716,64.465536295257,93.9321691513062,61.5050663248698,0,86.7259877522786,148.145281473796,166.958185831706,135.368231339888,131.48301908705,0,45.0647966826222,0,16.5604727888919,142.520545482635,0,130.380142211914,89.6739651073109,53.5013808012009,61.5455497330155,0,150.037708282471,112.994352096166,118.043529510498,134.687938690186,38.9570204610158,28.3011923413484,27.2795557832154,140.615232849121,97.4687489100865,134.969757481625,7.20091154764338,92.1993942260742,132.526943206787,75.5413882541657,0,118.885176522391,172.043716430664,114.386703491211,0,0,0,0,0,153.196731567383,0,96.9549349271334,0,84.9944827330179,0,0,0,0,104.760114496404,110.521889368693,0,0,139.989715576172,0,147.285202026367,71.893519246301,98.7876312053756,104.000983705946,0,0,154.846862792969,99.5635321935018,0,0,133.010952540806
83.1724615658031,0,135.24981035505,115.766862051828,139.876068115234,10.9944215872803,17.6696057851378,104.064354578654,18.9911419176163,126.587176513672,98.9522498801903,50.4424776232414,143.824012756348,73.2544620220478,14.905977268558,43.3498660107048,161.190704345703,147.323346455892,87.9773703681098,83.666277885437,137.690807342529,111.799276733398,104.135129547119,122.634816256436,128.631328037807,0,101.781761169434,129.415487501356,117.900299072266,13.2588276777898,106.955112457275,92.1993942260742,5.11395397669801,0,26.6492729265324,0,0,0,128.056655883789,0,0,0,0,0,126.777191162109,0,0,0,0,243.971939086914,0,0,0,0,0,0,0,110.606544494629,170.939880371094,182.003364562988,0,137.673049926758,147.56169128418,176.676084518433,0,0,0,0,205.64013671875,200.508018493652
20.5717957385381,120.300321960449,89.1220569610596,66.869652726268,87.4665811416951,69.8606986999512,78.6097387540138,52.681551356342,67.717913451704,63.1185487408504,70.7006498369677,95.6709671020508,91.7284163113298,143.230682373047,21.085894489493,70.5735095977783,43.8728082384382,87.9936050625022,110.116737729027,92.6471887632858,84.3648581902186,50.2597760032205,46.1923962859594,66.3614769232901,60.4990759359824,104.519953409831,112.004874220839,117.770675088758,53.4616636464708,14.7170896528245,38.510583093308,132.526943206787,0,7.12781387371727,38.363681152463,139.14697265625,0,152.799896240234,75.8617192586263,109.317326863607,0,144.232986450195,143.130977630615,187.631607055664,78.1762003217425,141.832996368408,0,167.54231262207,0,171.232794625419,0,0,170.139541625977,0,159.503074645996,0,114.117870330811,63.2410442127901,152.816190083822,119.950372695923,0,152.045072555542,155.825315202985,123.761817932129,168.833408355713,133.739378611247,0,0,146.141899108887,162.426480611165
72.6297922378931,64.2160068972027,55.142631986248,67.388788473195,98.069623538426,29.3289084966402,42.3981846014947,68.9731641109388,41.4968702654877,78.801110788244,81.0554671092909,30.624231363891,96.4242188135783,60.8408924351153,47.1332197855977,45.3746872463742,65.273518599064,34.4323949461646,56.9234575766705,42.7684106390651,93.4087454267023,40.0187766522888,63.4080689996066,43.3742902584437,75.1083600462364,72.0030548957086,60.9984643799122,70.5851045383769,57.0540318062238,32.1298206738422,40.1056202923311,75.5413882541657,26.6492729265324,38.363681152463,11.5940821765307,169.783889770508,98.5924520492554,108.210640031464,87.0043060996316,93.2499313354492,0,243.856338500977,147.893450223483,217.557318115234,93.5741946750217,0,133.140114417443,0,126.999371846517,181.14624786377,197.285614013672,153.719557189941,114.863280586574,138.806469726563,125.512614937716,0,185.730518341064,85.2397564358181,117.047472426471,142.679812113444,111.365898132324,118.995421897637,116.769578392826,139.86360485719,183.115732828776,169.925722295588,138.092713250054,0,156.045986938477,136.311866961027
0,0,149.479985555013,148.214420318604,0,203.946044921875,165.091644287109,151.797215779622,165.010556030273,179.991333007812,135.142237345378,0,0,0,166.08113861084,146.321044921875,0,150.512130737305,0,0,0,0,0,0,122.037910461426,240.008560180664,181.447843279157,185.175773620605,132.774590276903,157.032092285156,0,0,0,139.14697265625,169.783889770508,7.58894742866128,113.796299861028,98.2374281180921,89.1954486105177,78.0219446818034,63.8070253644671,56.2938595654672,20.2511972808596,27.1491085325678,70.2068907234661,58.7610876909685,124.969843649095,87.3420639038086,153.904393513997,10.0043909425016,45.2432597767223,59.5790860312326,102.545346606219,137.686422965896,114.447567734422,75.3159637451172,75.088687056202,65.5528664682426,81.022626252301,64.817751324366,139.608187357585,112.646220243726,121.102373379927,62.6873673547672,10.8213436884575,20.6918324810832,146.35218471951,68.8999366760254,18.1995598470347,67.4013569108856
113.212646484375,88.9695460001628,73.335464337977,66.178071975708,0,0,0,0,172.393981933594,0,179.256011962891,120.924378395081,0,108.024478809254,0,0,77.3205307006836,90.7880160013835,111.905232429504,114.120856391059,0,0,133.889233398438,106.135949061467,0,81.2196001325335,88.3615897191714,88.2170497928045,119.189163208008,134.843360900879,0,118.885176522391,0,0,98.5924520492554,113.796299861028,8.02410904329469,36.8476242643751,13.5056251551096,0,0,127.362224578857,101.819106362083,132.665217399597,57.9824190468624,120.69358215332,77.0944739217343,0,56.0478289758591,132.784215291341,208.050476074219,64.0797024743032,52.6581530343919,75.7155410326444,57.1325148523381,0,87.4113923178779,22.5674441406756,67.0609486820252,75.4166539510091,26.8161669872465,50.7225055517848,34.0381666198573,91.1500489923018,115.018462589809,99.9622551600138,70.3081320409905,86.4491577148438,116.930573145549,68.1807213693947
157.293075561523,71.1684894561768,85.3519545173645,56.2091564851649,0,0,165.139450073242,165.448145548503,160.084335327148,0,162.291351318359,133.814315795898,0,147.78002166748,168.703969319661,0,124.496599324544,101.290357979861,146.523239135742,112.955515906924,186.273452758789,119.117012023926,96.6501706441243,97.8895351783089,134.665285110474,0,93.489861987886,90.3552154523557,125.314213679387,202.955619812012,127.802947998047,172.043716430664,0,152.799896240234,108.210640031464,98.2374281180921,36.8476242643751,10.9406607904745,38.9143299069081,0,161.183166503906,129.564960632324,78.8572948400725,116.619818873053,115.269601821899,97.3995188271127,81.3568617128858,127.777142842611,124.066393534342,104.624766031901,113.407576751709,88.6245419428899,38.6903347576418,78.020495669047,56.1749343643645,0,61.7866300205852,34.6483336841158,19.6768526592493,90.683224700218,85.4499267578125,25.5934256013933,25.346044879389,55.3161544202401,115.367084503174,65.596427656283,81.2681234259354,142.796876907349,107.632406022814,63.4604080036318
114.16010538737,61.984309105646,52.6049026359946,16.5796506074223,0,141.333236694336,97.1250983996269,67.168056882661,96.1628482624636,15.5547420183818,76.5253675411909,97.8515258789062,101.980874633789,83.7714604464444,102.219360683275,88.7390155792236,63.4189375515642,62.8636615160599,106.58362698555,72.5157566706339,107.790484110514,73.6270462036133,40.365641905337,64.6965731287295,61.1948678466095,101.866115093231,56.1750998002064,59.2453307247357,60.7334766997594,97.5284972079965,75.6306500434875,114.386703491211,128.056655883789,75.8617192586263,87.0043060996316,89.1954486105177,13.5056251551096,38.9143299069081,21.1316057222012,71.5665109634399,132.99267578125,85.3253353118896,78.1723317097809,96.7910570780436,11.9310529985943,69.7490705098861,78.1219442698581,78.4527242183685,87.7171666491163,98.0513702221771,89.2411110617898,47.5156043881205,52.0489411643057,69.1752641446123,54.924033668015,87.389987598766,66.2536599253126,38.2136796863654,40.6219735240715,30.9338839287492,34.8065264663477,46.4543051491205,37.662601168195,47.06506039056,99.4056252446668,87.6714035509161,79.867611518273,119.074209594727,71.230495603461,61.0154962883233
0,0,0,85.9604110717773,6.10281380046498,0,57.6382927894592,139.457251654731,167.216949462891,99.7255897521973,16.1178656227133,0,38.8705361230033,0,143.442878723145,0,0,0,0,0,8.90127389276508,0,123.081837245396,120.994293212891,102.128883361816,0,0,0,29.9710616355247,97.2332729763455,0,0,0,109.317326863607,93.2499313354492,78.0219446818034,0,0,71.5665109634399,7.43584857410581,0,49.7761375550871,45.6349057306217,92.9472028558905,51.1236741465907,15.2078048101525,0,16.1793249435409,0,99.706159674603,82.7364938909357,0,0,0,153.708908081055,8.54223576480979,0,88.0169086456299,0,13.0773262755145,0,0,137.955909729004,12.0701532819808,103.990901143927,0,0,136.142463684082,83.1436064749053,91.1753727306019
0,0,0,0,0,0,0,0,217.94091796875,0,0,0,0,0,0,0,0,0,0,0,0,0,0,0,0,0,0,0,183.583023071289,0,0,0,0,0,0,63.8070253644671,0,161.183166503906,132.99267578125,0,8.28782889133141,10.3099971409082,107.807951589731,30.0731483808681,123.295795059204,93.5710687348337,52.3339968999227,92.1519966125488,64.6313050009988,27.9446734863913,16.2502509861329,0,178.550765991211,0,204.859642028809,129.277423858643,222.085739135742,112.151410420736,102.696445465088,123.318281809489,0,174.466832478841,164.299898147583,120.128799731915,23.1174889936575,0,0,11.4840787152031,147.433403015137,32.8331000447273
