9.87740523374122,119.766286577497,88.2890661961824,61.5754794326483,69.7889767815085,58.0269369579497,46.2614585876465,32.2490658448598,32.7617945858076,58.0084537101897,49.6603127846773,109.039659015203,74.6135026260659,134.930511474609,12.0817899955536,20.4112148527372,124.955894470215,87.1092227794915,135.044745445251,116.874500340053,69.1625795948262,64.8884382175125,61.6183713972569,76.920146026919,65.6819284813955,126.323150634766,107.19068809585,125.388836887905,64.4410021025559,19.3357389756592,24.6191184376999,144.36058807373,62.2945204195769,13.9854784372548,56.035255973622,123.119751779657,142.841532389323,163.494257609049,80.4254227956136,153.106407165527,188.672805786133,145.860013326009,121.589868128985,142.751571655273,108.381231519911,150.594980239868,219.227691650391,143.034332275391,0,147.779740998239,0,93.1174430847168,182.26208114624,0,190.627349853516,151.22297668457,117.455505077656,105.221684542569,148.221806335449,114.122388106126,184.149017333984,174.188957595825,167.306883868049,120.312791133951,131.858952262185,113.144592744758,202.434814453125,160.906021118164,117.679317016602,127.791207412194
119.766286577497,6.58796015255273,40.7576745002184,17.5317393027732,83.905632019043,0,0,116.141693702111,121.508155822754,73.3777451778482,123.878630065918,65.0935062408447,90.1484985351562,56.3652523593469,137.069686889648,0,57.5039435551084,53.906111050549,82.9582994249132,64.3525033248098,90.7286224365234,82.2397182833764,27.4036499177465,78.337181968689,75.3422393798828,22.1221742545292,42.3362623252322,31.1874675196669,88.9328459330967,120.707721363414,128.848926544189,67.0606050844546,0,98.5497724745009,58.9013270731992,0,73.3825799560547,77.1379529015493,44.5930912971497,0,0,0,138.764390127999,0,173.088531494141,184.052207946777,95.3814910888672,0,84.7567379183886,147.838063557943,0,0,86.9843622843425,124.01479212443,101.408038212703,164.621734619141,155.595169067383,102.180871963501,101.197929588524,141.716856384277,67.7110595703125,76.9727952097555,81.8187177658081,142.556269327799,153.714920043945,123.210345798069,141.640757242839,0,0,96.7949916294643
88.2890661961824,40.7576745002184,11.1867034637346,40.8280125633967,97.7279612223307,141.986072794596,120.256900493915,81.0213596974165,116.25088642553,111.836224873861,92.302145359764,84.6971559097518,112.340920039586,94.134964792352,101.836140914803,129.887638092041,79.0777852875846,30.7016716203408,107.923068119929,83.483115345824,114.124118804932,55.9192942193214,47.1792662856223,24.5736550570157,97.3596372119451,120.179672241211,25.6435739695369,31.6519023990199,58.7960384849624,109.226164641204,58.5467575263513,100.156107584635,164.60692009559,122.052283150809,51.7329060803128,161.647802352905,78.321052797379,89.0156761432516,62.2833652922901,0,0,185.437660217285,147.695777581663,187.77214050293,160.420669555664,167.113967895508,165.77179107666,0,164.205856323242,180.070386250814,0,115.264376893335,100.00946819465,141.387847900391,136.530781085675,178.262969970703,120.663569003721,83.27767505343,99.2058658239976,144.081728766946,0,100.677967177497,92.4129736719981,130.475993229793,134.067470550537,124.263281147132,155.40168762207,0,141.070011138916,102.514023291546
61.5754794326483,17.5317393027732,40.8280125633967,42.648601840939,44.8472753337451,103.513663040964,81.0564740582516,52.9098908051812,78.9380956178735,20.0181971432815,58.3248105883407,77.6300083214129,45.1095891802498,40.0851516122403,78.8076586000847,78.8296981479811,40.7936700686024,54.0773731789938,73.8578953213162,65.9800799083125,42.0025816971401,47.6212638787224,25.6894221288793,47.444027301673,36.2696234847224,15.367675922896,43.8579060091538,39.4503615822241,45.3701369933573,64.8321365891841,49.8334246547989,63.5640017436101,114.407326482957,50.7280605221972,57.2075450234784,76.5928338703356,82.9442884127299,86.3003911190346,14.0362578801266,82.3400160136976,125.55101776123,82.1358266146678,67.518469543457,86.1286782484788,49.8314581129286,81.1813624724177,104.683959960938,81.9798489979335,81.1764797883875,90.5835917403058,93.4614379882812,62.358118182323,107.368708338056,134.03545888265,120.783294677734,99.0793721675873,77.6770656666857,23.5898096246539,70.2037470223474,56.8316098611474,50.8098203659058,101.5402514498,96.834429029008,65.9762665207735,88.54303221867,72.636319577337,93.9875732421875,128.681671142578,73.8196281433106,88.005656115214
69.7889767815085,83.905632019043,97.7279612223307,44.8472753337451,6.88386747944894,116.463223775228,52.2800758885973,46.8508050241203,84.4585304260254,29.8121327892818,16.8690130797288,0,14.1488112540197,0,92.5783926922342,47.4801992143903,179.63932800293,117.957210540771,0,0,11.1825887022881,92.8292668660482,55.7658363918089,69.9377899169922,13.0706214035212,0,126.040726252965,107.96775894165,14.669721662655,69.7359329164028,73.3678000600714,0,117.161818610297,66.5499737875802,77.2705112804066,134.925670623779,152.52906036377,146.017883300781,62.0886442521039,24.7643821132489,0,114.0355655301,105.548957824707,122.175458908081,87.7064978076566,118.78647685051,0,36.0440853939781,0,135.82181040446,134.768157958984,0,0,0,0,27.1657926761999,154.427169799805,117.350234031677,122.08102162679,92.2172065246396,0,177.600708007812,216.26628112793,108.600299232884,126.610633850098,124.520414079939,0,0,123.132522583008,131.425701141357
58.0269369579497,0,141.986072794596,103.513663040964,116.463223775228,6.59608717313323,14.0271608159807,104.378956489563,16.4430005421228,107.439519315153,90.806056393003,59.6887801488241,83.5266849871763,108.495750427246,27.5033548911413,16.6077607563745,0,149.066809654236,84.2852478027344,0,102.822825331915,0,0,138.432874043783,115.206528456315,0,180.92837383129,143.138507843018,111.756077316572,22.3599006910266,115.146387372698,0,10.8667941495986,139.121620178223,38.639452890418,167.928670247396,0,218.748291015625,129.38786315918,197.240219116211,0,193.862831115723,170.001943251666,190.814760480608,162.956497192383,183.905185699463,0,0,0,184.814559936523,0,0,0,0,0,169.746643066406,0,194.218902587891,160.112045288086,161.984343487283,0,0,213.248245239258,170.398463439941,189.418451944987,176.910789489746,0,0,0,0
46.2614585876465,0,120.256900493915,81.0564740582516,52.2800758885973,14.0271608159807,7.03584861759601,49.3374216123791,15.501792836619,67.22830140023,26.7848616069186,104.671914880926,14.3510252689931,110.629367828369,25.5781283241402,11.0805310217417,0,137.700146905307,203.773193359375,132.655624389648,29.9310091366278,97.1207529703776,122.332973680998,113.659365367889,75.7744137862267,0,150.277577843171,164.686519470215,72.2019004767591,37.6010197376859,78.2983598896101,184.739028930664,17.77155150418,90.6290434787148,62.0897052890123,155.324223836263,0,181.842889404297,92.7506558100383,158.800830417209,195.231826782227,156.354734478575,138.092063544778,151.978730037295,113.162833658854,150.817741394043,0,133.96257019043,0,152.354792946263,0,186.895965576172,223.177688598633,0,0,149.505341529846,156.770217895508,177.710479736328,196.071490948017,130.746374283714,0,198.262203216553,190.562856038411,131.065831572921,167.688261032104,134.730594211155,0,177.146049499512,148.844296264648,179.631300354004
32.2490658448598,116.141693702111,81.0213596974165,52.9098908051812,46.8508050241203,104.378956489563,49.3374216123791,10.9583523970513,65.218077841306,48.4893200058791,16.6339790333543,143.634474012587,37.1472844153429,165.46181418679,38.2374135150951,76.7711448947879,122.313890729632,92.267144373221,130.510391235352,129.145071847098,33.0936512916711,57.0925254821777,65.2526488259574,60.595288836217,55.6185181277818,147.313529968262,112.656613586895,108.392425160659,19.3518886571589,59.2976028910255,15.110417991441,158.724822998047,114.635789255458,60.4632207425505,71.0713227097758,120.25955528549,182.318252563477,143.612952985262,71.4546536480939,132.543234109879,0,127.540871585708,111.031722731817,133.155767168318,98.1379698456311,126.069665153072,0,121.653909766156,0,133.807484680752,122.205173492432,117.729472073642,174.134005737305,0,172.041946411133,125.138587474823,114.958138783773,99.617613638601,135.158182525635,104.414998578776,0,188.961591796875,153.639773012987,110.831095282632,127.908138084412,109.402324394493,0,153.638539632161,116.11902760097,124.458473695528
32.7617945858076,121.508155822754,116.25088642553,78.9380956178735,84.4585304260254,16.4430005421228,15.501792836619,65.218077841306,10.3806362651704,74.6503018124003,31.4748362153711,67.1625159513866,28.9723741817474,133.529425303141,14.208854060922,26.5338612552993,0,125.979197297777,155.902303059896,130.831551615397,81.2787791506737,85.5910131666395,102.673735845657,101.11301073464,83.6613506085118,0,144.378184238804,144.660179449587,76.9010971026394,16.2576714552008,74.4894704100906,134.934590148926,12.7168555669831,92.5227480570475,39.4246858082461,152.680792415843,0,171.871838039822,101.744947065387,163.885716247559,0,153.206451169906,139.461292857216,160.775184481752,129.08824278179,150.328420573267,0,155.240704854329,0,166.242269075834,199.887252807617,180.683982849121,208.502593994141,0,229.715667724609,155.486226763044,152.106719970703,166.040664672852,181.015392102693,130.903685789842,0,196.092071533203,197.213790893555,139.139524016269,146.642748832703,149.977502187093,0,0,168.635944911412,153.123840332031
58.0084537101897,73.3777451778482,111.836224873861,20.0181971432815,29.8121327892818,107.439519315153,67.22830140023,48.4893200058791,74.6503018124003,5.67790440636505,60.4678446166078,124.706382206508,13.347511502609,121.5767280626,75.421452715506,10.5776916759199,68.4200925827026,109.119110543387,123.290836334229,139.832597732544,29.9513465306774,83.5171895708357,22.8147735571104,85.2704401016235,17.5269004738082,103.949571105255,115.362209690942,111.78697786049,39.9757429824592,60.6188123548353,50.3416238429629,133.713836669922,107.984121050153,56.3686611758676,64.2022428512573,95.0625439598447,119.478927612305,158.30832824707,12.4539282485439,92.1520396641323,0,125.974334716797,84.6905317306519,108.660198635525,65.7968377612886,102.675406063304,142.915145874023,80.8559966087341,144.039400274103,109.058528699373,78.3702735900879,120.268051147461,139.236297607422,0,162.170532226562,90.5668233235677,128.941230773926,107.348655700684,133.488401412964,73.7485621009074,120.842979431152,184.611963907878,168.632462056478,84.9867275238037,118.834242248535,98.1699055480957,188.913528442383,140.215255737305,96.8516258239746,105.437201866737
49.6603127846773,123.878630065918,92.302145359764,58.3248105883407,16.8690130797288,90.806056393003,26.7848616069186,16.6339790333543,31.4748362153711,60.4678446166078,8.764902080237,129.221622943878,18.8804608860233,168.029307047526,26.5202100603749,60.1173843868895,174.6279296875,102.612363160962,185.712219238281,139.16314239502,16.4289581580285,76.2695074898856,99.9584241594587,72.7203920775769,53.748747318238,0,124.852546021378,125.091467343844,16.9654980793058,79.6051868498862,45.1957537943147,171.370903015137,105.902060746507,79.1527309225063,82.3039667112834,142.876104227702,156.439605712891,164.676980411305,91.0279362851923,132.246652908325,192.160873413086,137.280198462924,119.474765243926,140.547116473005,102.152281091568,134.481471049933,0,131.498144384933,0,150.747452016977,134.709237670898,148.812957763672,168.114456176758,0,0,138.208931747748,131.073805236816,136.56600189209,155.960291099548,111.546796548862,203.605377197266,197.900136311849,173.753709157308,121.650665174775,148.080340915256,148.637583805965,0,0,165.147597312927,148.537177562714
109.039659015203,65.0935062408447,84.6971559097518,77.6300083214129,0,59.6887801488241,104.671914880926,143.634474012587,67.1625159513866,124.706382206508,129.221622943878,10.2080409088514,141.683580671038,15.5807445475024,75.580157704597,116.403714752197,104.560334523519,39.0951875201484,18.8779070527948,18.8111585635783,135.67600440979,88.03901191994,94.2510548144315,86.9404898688907,135.363882954915,26.4388329695303,21.7749738153014,59.627086815885,131.890342125526,56.0873588192024,98.2158924684686,20.2436557236603,57.6412734736025,88.6655182674013,24.3130312977652,0,101.185415649414,135.136021614075,72.4375019073486,0,0,0,0,162.256523132324,164.813125610352,0,80.6433099110921,0,68.9949949788903,0,0,0,133.548610687256,85.375130426316,73.7297434806824,0,216.839126586914,122.51171875,133.822425842285,173.194190979004,58.0526965536722,82.4973469257355,85.3601214961002,183.266723632812,0,0,88.2345132266774,0,0,99.9471588134766
74.6135026260659,90.1484985351562,112.340920039586,45.1095891802498,14.1488112540197,83.5266849871763,14.3510252689931,37.1472844153429,28.9723741817474,13.347511502609,18.8804608860233,141.683580671038,7.18099586512933,0,71.9345604823186,10.1320402927706,156.798553466797,165.333545684814,159.180374145508,0,10.5445701223777,82.2170181274414,63.1360526614719,103.323771885463,24.6387054274571,0,141.761308288574,129.464501814409,40.5837534676998,87.7669174078152,68.5753908157349,0,93.3703135347914,84.9000636509487,88.846393073957,0,0,172.648880004883,73.4322226842244,124.773137569427,0,128.484787532261,119.666193147985,139.049147033691,73.1369465419224,118.459544609333,0,8.57541533451755,0,157.722951715643,0,0,0,0,0,19.9038263753403,0,123.572261810303,174.232574462891,105.108048168581,0,0,0,119.303411873438,169.046844482422,0,0,205.744049072266,0,144.34846496582
134.930511474609,56.3652523593469,94.134964792352,40.0851516122403,0,108.495750427246,110.629367828369,165.46181418679,133.529425303141,121.5767280626,168.029307047526,15.5807445475024,0,9.61562003999648,129.297915825477,132.886413574219,142.396697998047,77.4726283550262,47.1005454052652,57.4029663259333,0,142.678142547607,92.7148370592821,124.86633518764,125.921092469015,17.0211819858133,25.2926137436026,36.5337159152798,133.09083884103,73.9940449641301,147.875,11.4601354761666,68.1106853485107,137.339988708496,57.5224160941313,211.811660766602,90.4526237487793,0,47.3853801368867,0,0,0,239.163070678711,227.484222412109,148.809207418691,0,73.4147190517849,0,60.6669907565305,0,0,0,169.493545532227,103.880417960031,116.331157260471,0,0,115.790386744908,171.534800211589,143.143844604492,49.1047175624062,98.947219548402,88.9047952987605,0,0,172.930809020996,93.0880373577739,0,193.824645996094,133.982159614563
12.0817899955536,137.069686889648,101.836140914803,78.8076586000847,92.5783926922342,27.5033548911413,25.5781283241402,38.2374135150951,14.208854060922,75.421452715506,26.5202100603749,75.580157704597,71.9345604823186,129.297915825477,7.17509065903949,24.5240384926843,0,105.182976240964,85.5056508382161,136.551962280273,86.7720316912221,78.5762292771112,100.712062742652,86.9244898109954,85.7181888529265,87.6172866821289,129.169735421864,141.978152051384,82.3379078730484,14.5632672359638,55.785362392263,0,16.7395148694077,70.6449058532715,34.3342137837116,144.203494732197,0,181.75256763805,93.5395016877548,0,0,155.895545111762,139.940372287526,157.120323367235,122.983245213826,155.582067316229,0,149.746789550781,0,163.600443522135,0,206.707214355469,203.379066467285,0,226.631034851074,151.982701619466,153.835103988647,140.427404403687,175.165854317801,132.910324440863,0,202.77855682373,195.258992245323,141.931132080078,152.585206873277,130.547784805298,0,195.232116699219,145.721963500977,156.965519991788
20.4112148527372,0,129.887638092041,78.8296981479811,47.4801992143903,16.6077607563745,11.0805310217417,76.7711448947879,26.5338612552993,10.5776916759199,60.1173843868895,116.403714752197,10.1320402927706,132.886413574219,24.5240384926843,6.59326196445041,0,130.048477172852,0,157.731872558594,48.0295012867281,66.7048110961914,72.3739780849881,99.6315717697144,33.8810287541737,0,159.606922481371,146.310623168945,72.8578869148537,23.2755744498352,78.8341887337821,0,36.7333921932039,90.792236328125,51.5865244865417,0,0,0,73.0977172851562,187.899322509766,0,154.807792663574,146.587315559387,156.728858947754,132.203323364258,156.842330932617,0,0,0,151.729377746582,0,0,0,0,138.324188232422,0,0,0,0,147.860991341727,0,0,240.786911010742,150.464849618765,0,128.882217407227,0,0,0,146.618766784668
124.955894470215,57.5039435551084,79.0777852875846,40.7936700686024,179.63932800293,0,0,122.313890729632,0,68.4200925827026,174.6279296875,104.560334523519,156.798553466797,142.396697998047,0,0,14.1330674912482,92.2455074691772,136.065559387207,117.927752176921,0,20.4709835224498,31.8003442970088,17.5110983753149,25.6829049120854,86.1100387573242,100.719296170264,32.0386494387868,37.1536246410086,90.8439320155552,55.9450549556784,122.60814666748,238.837646484375,46.885986328125,75.1226736875188,104.42688369751,165.24528503418,114.91461009364,54.367005438778,0,0,0,0,0,0,0,162.15202331543,0,0,129.43928527832,0,96.4339690476321,123.343103027344,202.45361328125,155.965309143066,0,107.074141403724,71.5831291871912,99.6930065909032,146.648609161377,0,135.293994903564,119.946986062186,128.323951721191,0,96.8713536943708,0,0,101.788196563721,113.836061604818
87.1092227794915,53.906111050549,30.7016716203408,54.0773731789938,117.957210540771,149.066809654236,137.700146905307,92.267144373221,125.979197297777,109.119110543387,102.612363160962,39.0951875201484,165.333545684814,77.4726283550262,105.182976240964,130.048477172852,92.2455074691772,8.59759074410865,54.2418664623709,17.8125322064614,197.397384643555,39.060456757244,68.5495740730924,18.601217129564,110.759529687408,52.084162575858,25.3669638728289,56.2524477313452,100.090636045505,77.1878391563248,63.7332808404893,75.8814776738485,158.136300086975,75.7896145479179,28.2054035298055,155.724559783936,88.8516586303711,98.3483340499598,66.9519937363029,0,0,170.264007568359,165.095157764576,176.497077941895,0,184.903465270996,189.216384887695,0,104.565059661865,167.719535827637,0,133.475463867188,106.813918172577,143.603637695312,123.261105537415,0,130.132866414388,103.914906150416,113.259284815431,171.78094291687,99.0342254638672,101.968340914014,102.513595116556,148.804559071859,151.957908630371,144.305519435717,122.178621927897,0,173.560180664062,112.674937367439
135.044745445251,82.9582994249132,107.923068119929,73.8578953213162,0,84.2852478027344,203.773193359375,130.510391235352,155.902303059896,123.290836334229,185.712219238281,18.8779070527948,159.180374145508,47.1005454052652,85.5056508382161,0,136.065559387207,54.2418664623709,6.93010054278799,9.530990950196,0,102.167419433594,114.232503890991,108.010116577148,151.481653849284,41.6436354439214,18.7223019233325,75.3338199903985,153.292147827148,111.670847892761,113.2090004815,48.4425506696596,78.8602676391602,111.369716389974,57.5458158344162,0,0,150.32861328125,59.2567825317383,0,0,0,0,0,0,0,92.6921953473772,0,79.9440694062606,0,0,180.236434936523,153.040313720703,100.258352007185,105.106964111328,0,0,0,167.350306193034,0,64.3738958570692,97.5478797622874,96.6930622774012,0,0,198.213623046875,98.731278255068,0,0,159.363693237305
116.874500340053,64.3525033248098,83.483115345824,65.9800799083125,0,0,132.655624389648,129.145071847098,130.831551615397,139.832597732544,139.16314239502,18.8111585635783,0,57.4029663259333,136.551962280273,157.731872558594,117.927752176921,17.8125322064614,9.530990950196,7.37316160074657,0,87.0672988696974,96.7552709271831,78.7011425378552,137.323734828404,43.5225643206246,21.8611113717212,66.5971719926403,125.77469019736,102.194173401672,95.47977856824,53.4935511271159,207.413757324219,95.1812721802308,38.2865579765903,156.250152587891,92.1155204772949,111.02376919701,67.4307423215924,0,0,192.16780090332,188.607864379883,0,194.881019592285,218.486602783203,93.5919965856216,0,79.7539019448417,0,0,149.058227539062,115.324575042725,101.939549763997,101.191755237001,0,180.381851196289,121.945780436198,144.856020609538,0,82.8005042076111,94.4865829131443,97.0258939723776,164.965316772461,0,163.343953450521,101.615736098517,0,146.643859863281,103.416590118408
69.1625795948262,90.7286224365234,114.124118804932,42.0025816971401,11.1825887022881,102.822825331915,29.9310091366278,33.0936512916711,81.2787791506737,29.9513465306774,16.4289581580285,135.67600440979,10.5445701223777,0,86.7720316912221,48.0295012867281,0,197.397384643555,0,0,7.72263535897198,75.1973724365234,77.3037579854329,76.6385612487793,16.1266737822082,0,162.277696397569,159.785558700562,25.1773547666366,86.2957266263313,103.721651077271,0,113.011207063319,71.4809877872467,81.8288548531071,142.942312240601,0,0,67.9245984626539,120.651991717021,0,129.155977037218,119.529157419674,133.748710798181,93.1154101336444,128.949946201209,0,70.4121405851273,0,149.740396045503,0,0,0,0,0,132.291693034925,159.520454406738,108.738784790039,0,102.041230957463,0,0,186.671722412109,112.021363803319,154.015411376953,107.97106552124,0,0,0,144.437753295898
64.8884382175125,82.2397182833764,55.9192942193214,47.6212638787224,92.8292668660482,0,97.1207529703776,57.0925254821777,85.5910131666395,83.5171895708357,76.2695074898856,88.03901191994,82.2170181274414,142.678142547607,78.5762292771112,66.7048110961914,20.4709835224498,39.060456757244,102.167419433594,87.0672988696974,75.1973724365234,9.58531387838617,44.3584184485928,21.2432763775713,27.4271344124677,166.969299316406,95.6595104158539,68.0177093448639,18.7099707620167,46.3761220666883,20.4833426100177,135.386057535807,150.941314697266,40.9756462063108,36.2723131593722,115.765819773955,0,119.592775026957,65.9554878340827,0,0,0,129.039677619934,0,105.35897064209,125.306873321533,0,0,179.662734985352,125.550214767456,0,104.112214813232,153.045487143777,186.951522827148,165.763078689575,0,106.148330669113,68.0126171112061,100.729172558518,99.1757811112837,0,147.477774106539,143.096026441786,114.609881823576,111.758660316467,103.241026866285,0,0,100.354449297931,106.116847649936
61.6183713972569,27.4036499177465,47.1792662856223,25.6894221288793,55.7658363918089,0,122.332973680998,65.2526488259574,102.673735845657,22.8147735571104,99.9584241594587,94.2510548144315,63.1360526614719,92.7148370592821,100.712062742652,72.3739780849881,31.8003442970088,68.5495740730924,114.232503890991,96.7552709271831,77.3037579854329,44.3584184485928,8.06543521802776,49.1920893234975,23.95615422049,71.3640018193971,85.0175147065394,47.1032408826978,47.4176762616675,58.0269708797849,48.7576096632216,102.605490630528,132.454124450684,49.0993690640908,54.8952655720351,105.868722915649,96.6742811203003,90.2640054785687,20.4954111893033,132.26301574707,0,0,117.346586788402,97.7338180541992,160.616992950439,137.619913373675,140.87414932251,103.707725524902,123.364337394977,139.944247436523,0,56.0707407684766,133.776490275065,170.376678466797,147.774055480957,0,85.285728233448,32.3703058490882,70.9220388224197,93.9697697250931,100.639776683989,133.469404478331,101.845749875332,92.2552680969238,104.141563415527,87.3121852278709,0,0,92.9000494820731,84.3596030341254
76.920146026919,78.337181968689,24.5736550570157,47.444027301673,69.9377899169922,138.432874043783,113.659365367889,60.595288836217,101.11301073464,85.2704401016235,72.7203920775769,86.9404898688907,103.323771885463,124.86633518764,86.9244898109954,99.6315717697144,17.5110983753149,18.601217129564,108.010116577148,78.7011425378552,76.6385612487793,21.2432763775713,49.1920893234975,14.1182125976565,42.8919304271778,122.295739491781,73.9273197471182,45.2510040147227,39.2724032981251,62.7762005622374,43.8013375257444,133.931047292856,157.527493403508,68.5147156306676,44.160401202654,131.206923744895,119.438946533203,99.8173384621879,61.0440909260649,0,0,190.984802246094,144.549921883477,0,147.912895202637,140.006721496582,172.037628173828,0,165.122756958008,132.82505607605,0,101.164073405213,135.103859546138,169.254943847656,145.999160766602,0,108.085597247242,76.7492215134027,101.234886971143,128.049555408711,128.502822875977,136.830082181134,103.575200401183,124.330130825524,152.439147949219,117.520961388609,188.257217407227,0,110.408500671387,110.585472428655
65.6819284813955,75.3422393798828,97.3596372119451,36.2696234847224,13.0706214035212,115.206528456315,75.7744137862267,55.6185181277818,83.6613506085118,17.5269004738082,53.748747318238,135.363882954915,24.6387054274571,125.921092469015,85.7181888529265,33.8810287541737,25.6829049120854,110.759529687408,151.481653849284,137.323734828404,16.1266737822082,27.4271344124677,23.95615422049,42.8919304271778,8.59742379004001,107.919552073759,117.131401194122,71.6273383641765,20.6197472415191,66.9112943552988,58.2169818380228,136.700298309326,121.01967198989,60.1036188108231,69.7108602582026,113.876827933572,131.762962341309,144.102756894868,59.6356554262366,112.363925139109,0,123.345356399207,105.373183451408,126.156546759851,83.2765653292338,113.882465470658,0,111.469062074702,157.560712178548,130.476648652708,118.647382100423,112.745679219564,198.373077392578,0,186.784057617188,118.034074106524,106.027720458984,96.3311938047409,115.038895508339,93.2411212018488,166.187309265137,182.700259526571,151.609298304508,102.089037237132,124.133577060699,105.577166798351,0,168.473045349121,109.935085010529,119.372019563402
126.323150634766,22.1221742545292,120.179672241211,15.367675922896,0,0,0,147.313529968262,0,103.949571105255,0,26.4388329695303,0,17.0211819858133,87.6172866821289,0,86.1100387573242,52.084162575858,41.6436354439214,43.5225643206246,0,166.969299316406,71.3640018193971,122.295739491781,107.919552073759,8.02287954937317,34.6647964907979,28.581853483678,126.590621948242,106.060607910156,122.346214294434,43.0295486343041,67.1959285736084,157.860137939453,69.3104006725809,0,73.2153679983956,105.074630737305,37.7246506118774,0,0,237.448333740234,0,0,133.936913626535,0,73.8319387163435,0,53.7691067253451,0,0,0,0,81.9314381917318,82.4161473442526,0,0,95.8487915039063,0,0,34.9082049719045,78.3594566918173,73.8636210046966,0,0,0,81.1455851639851,0,0,0
107.19068809585,42.3362623252322,25.6435739695369,43.8579060091538,126.040726252965,180.92837383129,150.277577843171,112.656613586895,144.378184238804,115.362209690942,124.852546021378,21.7749738153014,141.761308288574,25.2926137436026,129.169735421864,159.606922481371,100.719296170264,25.3669638728289,18.7223019233325,21.8611113717212,162.277696397569,95.6595104158539,85.0175147065394,73.9273197471182,117.131401194122,34.6647964907979,10.8756052476003,28.0196634981684,99.5245139720251,104.543999344731,93.6353246562915,15.74783678968,174.964628136676,96.7224869881907,53.1835098333096,159.015417989095,71.8890136593163,93.8731940876354,58.5444769916871,0,0,212.077819824219,155.995700670325,182.235116577148,180.897385817308,183.687301635742,88.0799059846476,0,78.43498061905,179.443584241365,0,137.136962890625,100.782002206576,98.7377749652397,92.7839591237296,0,138.371588054456,125.945616438582,119.08745353395,170.414548773515,68.3007574815016,86.4039190999539,89.5286221425003,153.281161238508,181.275365193685,144.764216156006,97.0747369708437,221.647445678711,161.387107849121,107.557324180466
125.388836887905,31.1874675196669,31.6519023990199,39.4503615822241,107.96775894165,143.138507843018,164.686519470215,108.392425160659,144.660179449587,111.78697786049,125.091467343844,59.627086815885,129.464501814409,36.5337159152798,141.978152051384,146.310623168945,32.0386494387868,56.2524477313452,75.3338199903985,66.5971719926403,159.785558700562,68.0177093448639,47.1032408826978,45.2510040147227,71.6273383641765,28.581853483678,28.0196634981684,13.0528821892471,66.8020928700765,120.331515925271,102.761988498653,28.0749607489613,203.701324462891,113.13240373813,59.400966533369,170.812207963732,83.9798073801054,92.7999806433471,60.648449516961,160.822463989258,0,170.143753051758,162.684702736991,186.038400268555,164.836643642849,182.075808207194,96.1457174391974,202.989944458008,82.4594166821772,169.05549621582,0,105.362746781569,106.192703367218,104.654431349231,100.581425105121,173.893981933594,126.978483472552,89.9470794752901,100.99889760603,160.31859058804,67.8041836957187,93.0537098798295,94.9152126406304,136.507017450747,162.521665785048,141.753761635687,102.720553684235,176.534286499023,141.993095397949,111.087081179412
64.4410021025559,88.9328459330967,58.7960384849624,45.3701369933573,14.669721662655,111.756077316572,72.2019004767591,19.3518886571589,76.9010971026394,39.9757429824592,16.9654980793058,131.890342125526,40.5837534676998,133.09083884103,82.3379078730484,72.8578869148537,37.1536246410086,100.090636045505,153.292147827148,125.77469019736,25.1773547666366,18.7099707620167,47.4176762616675,39.2724032981251,20.6197472415191,126.590621948242,99.5245139720251,66.8020928700765,10.0043518966223,63.2653647396014,35.7035395773513,137.67505645752,118.415597279867,54.9999764401074,60.5266385312804,108.316985825361,135.346843719482,123.644972925601,59.3648173418912,121.369009218718,182.481826782227,120.882058573704,104.120796466696,123.260283276318,82.5417005081623,117.137408155961,194.437232971191,114.677646018363,195.754989624023,126.300020711676,112.920430270108,107.95096043178,157.498528113732,176.930099487305,175.882110595703,119.51547166413,103.927200198545,87.7179628597793,115.154249065722,92.7204529783566,167.120880126953,162.718677867543,141.099275732553,103.200747354001,115.604864530037,99.1377608818922,0,186.824195861816,103.107169989384,113.568019546081
19.3357389756592,120.707721363414,109.226164641204,64.8321365891841,69.7359329164028,22.3599006910266,37.6010197376859,59.2976028910255,16.2576714552008,60.6188123548353,79.6051868498862,56.0873588192024,87.7669174078152,73.9940449641301,14.5632672359638,23.2755744498352,90.8439320155552,77.1878391563248,111.670847892761,102.194173401672,86.2957266263313,46.3761220666883,58.0269708797849,62.7762005622374,66.9112943552988,106.060607910156,104.543999344731,120.331515925271,63.2653647396014,8.58369653540221,24.8960161814837,125.745627403259,11.4908082626983,11.0145916556811,36.2666808033205,130.251855561228,161.825520324707,161.715477683327,77.0489991171318,194.884895324707,0,157.978578839983,135.710645097025,164.995612571979,119.681198628743,159.040554441255,0,156.32278137207,0,154.580659866333,0,119.13988049825,181.391033935547,0,0,150.917442321777,109.775280164636,96.6035256819292,122.998040305244,128.235593423076,0,167.332685852051,165.465314803585,123.221145912453,138.492114067078,109.848191161256,0,0,113.984991513766,118.773537843124
24.6191184376999,128.848926544189,58.5467575263513,49.8334246547989,73.3678000600714,115.146387372698,78.2983598896101,15.110417991441,74.4894704100906,50.3416238429629,45.1957537943147,98.2158924684686,68.5753908157349,147.875,55.785362392263,78.8341887337821,55.9450549556784,63.7332808404893,113.2090004815,95.47977856824,103.721651077271,20.4833426100177,48.7576096632216,43.8013375257444,58.2169818380228,122.346214294434,93.6353246562915,102.761988498653,35.7035395773513,24.8960161814837,8.83302381905215,159.702423095703,116.273328993056,32.1358294491272,34.6397980788388,109.835894297404,141.176162719727,125.785532676567,64.4095522006353,0,178.723297119141,138.957195281982,110.938011438311,136.915784200033,102.506714291043,144.079698562622,173.447463989258,147.372451782227,0,134.489073924529,0,102.974477990881,155.256118774414,187.892448425293,176.699412754604,0,105.240251825817,76.4459987519279,103.536639521407,101.489083032759,0,155.99431848526,144.50403834101,104.892626949242,115.786090776032,102.164343551735,0,0,102.33208211263,105.206286334991
144.36058807373,67.0606050844546,100.156107584635,63.5640017436101,0,0,184.739028930664,158.724822998047,134.934590148926,133.713836669922,171.370903015137,20.2436557236603,0,11.4601354761666,0,0,122.60814666748,75.8814776738485,48.4425506696596,53.4935511271159,0,135.386057535807,102.605490630528,133.931047292856,136.700298309326,43.0295486343041,15.74783678968,28.0749607489613,137.67505645752,125.745627403259,159.702423095703,8.8377121374701,0,125.218612670898,71.8492916551836,0,109.213673400879,156.255905151367,64.9636950683594,0,0,0,0,0,161.030131022135,0,96.3068946838379,0,80.1437694965709,0,0,0,143.236053466797,104.324878845215,104.178243001302,0,0,129.888191223145,209.32487487793,0,65.110609240998,98.6369801991021,98.2862041948179,242.085754394531,0,201.780899047852,100.049140208476,0,0,115.045034790039
62.2945204195769,0,164.60692009559,114.407326482957,117.161818610297,10.8667941495986,17.77155150418,114.635789255458,12.7168555669831,107.984121050153,105.902060746507,57.6412734736025,93.3703135347914,68.1106853485107,16.7395148694077,36.7333921932039,238.837646484375,158.136300086975,78.8602676391602,207.413757324219,113.011207063319,150.941314697266,132.454124450684,157.527493403508,121.01967198989,67.1959285736084,174.964628136676,203.701324462891,118.415597279867,11.4908082626983,116.273328993056,0,4.92555092637009,129.458038330078,37.8463770038306,162.108833312988,0,0,122.223850250244,0,0,191.276561737061,177.421410560608,190.585510253906,154.837224324544,191.807528177897,0,194.709411621094,0,185.802439371745,199.280776977539,188.636627197266,0,0,0,196.620246887207,157.328353881836,0,188.992664337158,163.495854531565,0,0,241.315307617188,182.986938476562,190.142345428467,185.734428405762,0,0,0,188.205783081055
13.9854784372548,98.5497724745009,122.052283150809,50.7280605221972,66.5499737875802,139.121620178223,90.6290434787148,60.4632207425505,92.5227480570475,56.3686611758676,79.1527309225063,88.6655182674013,84.9000636509487,137.339988708496,70.6449058532715,90.792236328125,46.885986328125,75.7896145479179,111.369716389974,95.1812721802308,71.4809877872467,40.9756462063108,49.0993690640908,68.5147156306676,60.1036188108231,157.860137939453,96.7224869881907,113.13240373813,54.9999764401074,11.0145916556811,32.1358294491272,125.218612670898,129.458038330078,6.03895192920652,25.4853948003658,108.622636413574,159.311108907064,122.828938802083,65.5886419387091,0,0,146.020629882812,120.422503241177,155.228108215332,86.8763717651367,124.299235026042,0,169.21949005127,153.716995239258,135.966941833496,0,101.551801045736,142.37491607666,0,0,150.515243530273,102.487206892534,80.5458404541016,120.145139942998,108.412886846633,0,155.924074808757,152.153154161241,114.257554589248,109.726281302316,100.25323946182,0,0,105.975842285156,104.513412984212
56.035255973622,58.9013270731992,51.7329060803128,57.2075450234784,77.2705112804066,38.639452890418,62.0897052890123,71.0713227097758,39.4246858082461,64.2022428512573,82.3039667112834,24.3130312977652,88.846393073957,57.5224160941313,34.3342137837116,51.5865244865417,75.1226736875188,28.2054035298055,57.5458158344162,38.2865579765903,81.8288548531071,36.2723131593722,54.8952655720351,44.160401202654,69.7108602582026,69.3104006725809,53.1835098333096,59.400966533369,60.5266385312804,36.2666808033205,34.6397980788388,71.8492916551836,37.8463770038306,25.4853948003658,10.0300724708229,132.913018035889,80.6523485183716,101.608789110941,74.503206539998,145.351043701172,0,151.418302263532,137.070825149764,162.238658905029,140.881790161133,157.43789469401,128.901893615723,151.920613606771,131.031690979004,161.809986877441,0,106.291438738505,109.876424043075,192.985000610352,154.381645202637,0,115.103060913086,97.1130132430639,111.54295896249,130.74391608605,78.4443054199219,111.951111501058,108.34185577704,132.993823641822,139.91332244873,112.417481587728,134.643127441406,0,110.57644367218,128.494507895576
123.119751779657,0,161.647802352905,76.5928338703356,134.925670623779,167.928670247396,155.324223836263,120.25955528549,152.680792415843,95.0625439598447,142.876104227702,0,0,211.811660766602,144.203494732197,0,104.42688369751,155.724559783936,0,156.250152587891,142.942312240601,115.765819773955,105.868722915649,131.206923744895,113.876827933572,0,159.015417989095,170.812207963732,108.316985825361,130.251855561228,109.835894297404,0,162.108833312988,108.622636413574,132.913018035889,8.49925029780503,107.390263406854,105.764323730469,61.9147416268301,82.7737254036797,72.0613174438477,51.9674549289778,26.1934888102099,26.123669919384,54.9582253952897,52.3403637029193,139.368546693221,75.9502621037619,140.502788954515,9.10910768168491,17.6229483957948,72.269330739975,106.831751884298,142.679386636485,121.883342840733,70.6452736627488,69.9944252465901,58.9418504666059,83.4623256138393,63.7368339683379,132.929082870483,116.581255855176,122.065506003244,65.2893463956502,13.4943489587142,16.4828052621398,151.933512006487,69.0358462863498,24.5262806459195,47.2524686344599
142.841532389323,73.3825799560547,78.321052797379,82.9442884127299,152.52906036377,0,0,182.318252563477,0,119.478927612305,156.439605712891,101.185415649414,0,90.4526237487793,0,0,165.24528503418,88.8516586303711,0,92.1155204772949,0,0,96.6742811203003,119.438946533203,131.762962341309,73.2153679983956,71.8890136593163,83.9798073801054,135.346843719482,161.825520324707,141.176162719727,109.213673400879,0,159.311108907064,80.6523485183716,107.390263406854,6.67217146123912,36.2461900644135,18.8069118329327,0,0,131.471046447754,108.952798268152,139.795297622681,62.5867663271287,162.992719650269,76.1117828369141,97.2937911987305,49.1189067002499,124.041734583238,111.961612701416,60.3418796734932,53.1110613808069,74.8986333211263,69.7521319389343,123.291374206543,75.5379560872128,18.8133140011098,62.2193428568321,68.6961498144901,16.363359233967,41.1925748079343,30.1773814464586,98.1645498941111,115.700902071866,94.1505364685059,85.809748840332,0,132.090773264567,58.6001556826309
163.494257609049,77.1379529015493,89.0156761432516,86.3003911190346,146.017883300781,218.748291015625,181.842889404297,143.612952985262,171.871838039822,158.30832824707,164.676980411305,135.136021614075,172.648880004883,0,181.75256763805,0,114.91461009364,98.3483340499598,150.32861328125,111.02376919701,0,119.592775026957,90.2640054785687,99.8173384621879,144.102756894868,105.074630737305,93.8731940876354,92.7999806433471,123.644972925601,161.715477683327,125.785532676567,156.255905151367,0,122.828938802083,101.608789110941,105.764323730469,36.2461900644135,10.1042982832317,38.2289674010458,0,0,128.550473022461,79.1905583812215,112.417266779932,79.4764511108398,98.9068530729447,89.0486768834731,114.131982167562,87.6725095113118,109.827075668528,115.925159454346,67.2075614446326,32.1075576887366,96.757809109158,77.2357526060011,124.33470916748,54.0953747232755,38.9548052671004,21.4753443424903,78.8387129410453,78.696647644043,20.8069913598081,20.8577741103239,54.0058844692105,119.591225306193,56.7728592882451,89.839906056722,0,106.926425933838,62.5356659990676
80.4254227956136,44.5930912971497,62.2833652922901,14.0362578801266,62.0886442521039,129.38786315918,92.7506558100383,71.4546536480939,101.744947065387,12.4539282485439,91.0279362851923,72.4375019073486,73.4322226842244,47.3853801368867,93.5395016877548,73.0977172851562,54.367005438778,66.9519937363029,59.2567825317383,67.4307423215924,67.9245984626539,65.9554878340827,20.4954111893033,61.0440909260649,59.6356554262366,37.7246506118774,58.5444769916871,60.648449516961,59.3648173418912,77.0489991171318,64.4095522006353,64.9636950683594,122.223850250244,65.5886419387091,74.503206539998,61.9147416268301,18.8069118329327,38.2289674010458,25.2736623966469,65.5773841594828,107.466865539551,73.1785394022287,52.5904678721514,72.004780095987,29.7166646384424,69.0278035013299,61.5058039426804,64.7270836119956,30.0076057083418,71.7985714786458,61.8127669334412,40.7691983723501,54.6984042573249,83.2817707061768,63.9249249489077,76.0454806414517,48.1167061018646,28.3187681420446,46.1228885354156,35.158609379792,12.4087994445581,41.5050559267108,38.0533201550767,48.7042286709263,66.7818004322701,50.384614478993,73.2445775349935,104.753534952799,53.7580006223736,58.8386298577416
