11.074091197554,0,97.0599153738106,69.9762517568227,90.0118907292684,76.7158279418945,86.161351442337,26.8626303401958,39.4376489502721,75.7005333900452,42.160656757471,105.864058576311,101.986481348674,0,13.5176147003553,0,120.480262756348,92.1845783264269,125.574413027082,104.649485837496,92.5428573290507,72.1364438456874,104.971744537354,85.0843018309711,75.0509818171112,0,102.259405491345,116.437911528394,69.3443031956864,15.879845746068,31.2208528605474,139.13512802124,80.3299117769514,50.2510320663452,75.016135568972,130.943784077962,0,148.648513793945,91.7817964553833,103.888824462891,0,0,134.192268371582,182.486686706543,83.2131118774414,127.772407531738,0,0,0,168.129037857056,0,105.132116045271,184.928421020508,0,0,148.605194091797,156.256896972656,105.093898010254,117.176055908203,117.747394323349,0,145.395446777344,159.246792384556,137.445685386658,167.741485595703,137.157780965169,0,198.146789550781,122.098243713379,134.489589691162
0,11.4891446784894,46.086420694987,18.2739386888204,118.223125457764,114.974960327148,174.405006408691,118.396624247233,149.214034136604,70.1101323102744,131.397079467773,61.5468566703796,171.09582901001,53.5951951757654,135.023472125714,102.890495993874,67.846612071991,52.1973316947479,70.8332882756772,45.7484472855278,145.310913085938,100.682310921805,21.1210763776241,82.3975467681885,72.6896990839898,19.3372283044573,38.4888835860533,30.8759295157856,97.4652809415545,112.609502156576,111.741089344025,59.1615875244141,0,106.91886138916,60.6193084526062,0,74.5080184936523,0,48.5323663949966,0,0,0,137.978790283203,0,0,185.630615234375,107.002006530762,149.951171875,108.408653259277,0,0,0,115.213821411133,119.874622344971,104.854655995088,0,0,54.9692878723145,145.753631591797,112.065837860107,108.591987609863,102.591267449515,88.4798922843121,129.903551737467,0,171.808197021484,101.510231018066,0,0,114.224258422852
97.0599153738106,46.086420694987,11.3598987285341,48.5914556875647,141.332637786865,175.05640411377,129.649853838621,88.8753819955179,114.603912241319,92.7941071715536,104.96960538737,81.2040890284947,147.086011614118,90.294807434082,105.450467159241,122.963923136393,88.1974191471022,32.3354332578264,74.8133142189901,64.1411956041709,159.267953491211,58.4432708597412,38.2301045355087,31.5231223383509,102.09176369525,88.0522143046061,23.2126620288086,28.036351063625,75.2871322693944,114.04188871536,80.7369779659821,83.6997680664062,158.395608381792,103.691199541092,64.0994204307089,165.688552856445,67.0385106404622,85.6926377178872,66.683552424113,0,0,192.464162190755,161.252917819553,178.336832682292,0,0,152.429489135742,0,0,190.206661224365,0,123.821919759115,102.126524062384,0,162.651153564453,0,130.659084320068,53.8651990708272,97.9485222601121,155.794216024465,0,98.1485220591227,82.3308258581599,165.928641764323,224.649795532227,142.271509443011,155.646743774414,0,148.708969116211,130.276853561401
69.9762517568227,18.2739386888204,48.5914556875647,10.1074207049267,70.2246244025953,120.623662312826,93.1427276611328,59.7548826141357,90.2544967606223,24.617313035867,73.8220025978836,52.5036070276076,80.0860625372993,49.1335820570148,89.4725419355361,55.3234929304856,37.517312958127,67.2106096727135,60.3106819720978,56.1578930293288,107.340983997692,52.2222448883987,20.4196368844706,60.2584789321267,34.9435890231239,24.9102477964374,48.8198314821588,42.5103918397236,53.4986704391538,77.5662331203763,57.4647020324868,55.439888340833,120.335692269461,64.153719952232,65.5735281956049,71.3292681376139,44.1941679441012,69.837467956543,14.9234428602396,89.7596225738525,0,101.402506510417,69.1323966119522,95.4974785829202,37.5225565818048,84.3763203212193,110.276543426514,63.1765546798706,65.4056807926723,97.9696506924099,54.789924621582,51.2586728731791,70.4613588968913,102.36750302996,91.3563468933105,112.384535047743,58.9325364275676,15.3455278565807,56.3383278894906,49.010878192751,67.7069657643636,72.8602617747748,60.4820567814991,74.3487635242696,86.8187593158923,69.5113002589491,40.0846481323242,0,64.2966594696045,80.7576345716204
90.0118907292684,118.223125457764,141.332637786865,70.2246244025953,7.96568768128605,114.008651733398,54.3971999208763,51.25633212023,88.6630347940196,56.8083640000759,28.7773247552588,139.00456237793,24.2260687586278,0,98.6261219193979,68.3240768268544,80.0131345476423,168.808564503988,167.819480895996,160.779224395752,11.3143497957597,122.514747074672,83.5937828063965,128.3449283176,19.2406230334181,144.554794311523,157.997665405273,118.314637533048,14.509147246148,93.5985915444114,106.423047565279,0,121.122409820557,79.8770548502604,99.2418240308762,148.956787109375,0,157.576873779297,77.192720413208,11.7411385203401,0,149.134797668457,126.059760080257,148.652820163303,94.2911771691364,123.423793679095,226.691909790039,80.2125252314976,0,163.331859588623,121.366563796997,154.996253967285,0,0,0,27.8340351997667,0,131.271263122559,146.160781860352,115.820771509087,0,0,163.895038604736,101.721032436381,172.925075954861,175.964126586914,0,0,140.480356852214,165.259872436523
76.7158279418945,114.974960327148,175.05640411377,120.623662312826,114.008651733398,6.4219017143031,11.473693263717,113.784469180637,19.8509310858518,76.0143410818917,107.93161945343,58.1508678436279,93.5080332839698,0,32.2152258803879,11.6121313313181,0,145.280508422852,96.276123046875,132.092712402344,116.118596930253,101.940090179443,0,118.564046859741,112.3899937798,63.6574897766113,131.524036407471,132.712198529925,122.622529856364,26.4228074815538,104.178665161133,0,10.5817512326719,59.6586354573568,37.9882214993847,0,0,0,136.045974731445,0,0,0,0,0,0,0,0,117.848655700684,0,0,0,0,0,0,0,0,0,0,0,189.114776611328,0,0,0,190.509170532227,0,0,0,0,0,0
86.161351442337,174.405006408691,129.649853838621,93.1427276611328,54.3971999208763,11.473693263717,11.8715039076745,56.8463199007782,22.0239768451809,72.1138512733135,33.6910502383079,102.641126547287,21.242603343112,149.938827514648,52.4397843834928,10.0126245673277,127.873888288225,145.536513946869,144.614749908447,141.852580526601,45.57031689083,110.920927159926,152.72614440918,136.821454490103,79.4985173320513,0,136.460948836636,143.280040186695,60.4835634322442,74.4898494391163,117.595106418316,0,19.6591196124243,109.758553913661,79.8516615388539,186.460494995117,0,0,98.9479125976563,138.595017751058,212.964309692383,160.466201358371,152.333325943857,174.025362800149,100.030879974365,157.716184246006,0,84.2369393110275,0,175.94505182902,165.169525146484,167.425165812174,0,0,0,141.443718745791,186.579818725586,133.730888366699,170.20859375,137.89797023469,0,216.536666870117,181.098999023438,141.93389905963,197.217219034831,153.74616394043,0,0,209.369277954102,186.447257995605
26.8626303401958,118.396624247233,88.8753819955179,59.7548826141357,51.25633212023,113.784469180637,56.8463199007782,9.33526098498352,61.0923542277541,54.562573156284,17.1765552096143,132.03024929086,45.9273807722381,155.244483947754,43.0348256511384,80.1504957719283,78.9506806593675,97.8536903042144,139.03153250558,119.4007127285,86.2108784472849,68.4012827281199,88.9958407258334,83.482629401897,55.0932301870192,142.524520874023,105.443020483582,102.12712862443,30.5746688695728,65.4633917482122,24.7052825530349,163.574935913086,115.880068229906,69.4156670261971,87.1534635029867,129.754862351851,0,158.672694614955,74.1792854732937,124.439670381092,0,141.004541284898,118.771406837746,149.483406979105,89.5476099650065,128.545158235153,196.954260253906,122.113270895822,0,145.810095741635,135.052780151367,108.247934977214,158.270984649658,0,226.12525177002,134.186453360098,148.311558532715,108.561230495058,144.35497822481,104.590878205459,0,200.44140625,152.474727337177,114.266883598302,152.95977943822,124.964017823685,0,185.014099121094,118.523741585868,155.248289409437
39.4376489502721,149.214034136604,114.603912241319,90.2544967606223,88.6630347940196,19.8509310858518,22.0239768451809,61.0923542277541,9.7761275709571,85.0451704213317,33.6002422667089,85.4331520783877,67.1390871034893,115.776156834194,21.5970349488848,31.9654435746213,122.910845438639,119.663974668555,141.255927737823,124.92100136661,77.8687349430619,103.934724590235,135.435654322306,116.266902380781,86.7284741350765,77.4761942083185,125.035163781353,133.71672405105,81.6741908909007,41.679017641159,77.1835983865401,133.212898763021,26.6079709372086,71.1636741748755,60.6284721806616,155.243984985352,160.066711425781,180.317031860352,96.2439455778702,137.901869092669,0,164.152125888401,142.409018159438,171.353133812379,115.518852233887,151.57142300076,146.950146993001,125.928957802909,135.393650054932,171.328708995472,133.755760192871,149.820527781611,215.114192962646,227.618698120117,184.24084854126,154.488861670861,181.750869750977,137.944139099121,190.910180228097,128.21940016313,0,157.381513595581,178.184409536966,140.514675025653,165.139581203461,151.41080863803,125.076416015625,191.97639465332,155.704275512695,166.3851530287
75.7005333900452,70.1101323102744,92.7941071715536,24.617313035867,56.8083640000759,76.0143410818917,72.1138512733135,54.562573156284,85.0451704213317,7.62887745576448,71.5518182712131,116.299807342529,8.98436536289778,109.090022561329,92.4207761194799,19.7686132506969,65.4783539772034,112.968280792236,126.176202600653,121.586180609626,55.2206845964704,77.3450086116791,24.1735918989126,96.3815849592101,19.9206764828585,90.7099128498751,107.507371627745,94.7694118080294,49.6153682857365,80.6697478732049,67.0525387095756,119.713313953297,113.421988351004,68.2386332544787,99.1881459917341,94.6558895111084,0,0,28.9292898178101,86.2863739013672,0,103.896517944336,94.6027191925049,117.002268473307,52.6126996358236,91.4584677559989,180.904541015625,101.078563962664,164.23622639974,115.983056640625,78.9959945678711,84.1242256164551,0,185.020818074544,176.107325236003,100.824024915695,98.3593139648438,59.6592928568522,104.687143325806,72.9451712718052,134.091346740723,170.115237587377,153.745988573347,87.7154458029228,116.18008858817,92.9818954467773,0,139.742279052734,0,140.615425109863
42.160656757471,131.397079467773,104.96960538737,73.8220025978836,28.7773247552588,107.93161945343,33.6910502383079,17.1765552096143,33.6002422667089,71.5518182712131,9.60948576909705,133.345127148575,22.1816488133761,160.997184753418,55.5595294330847,78.0714986165365,107.361252339681,124.55655352004,152.61926651001,131.508986529182,12.257794428629,88.629223014735,101.139840212735,112.337477535672,59.8337798289064,169.94221496582,124.16678919111,127.282355614864,30.920361787557,87.7624704197272,77.1790950152339,161.207270304362,116.165123911951,89.490971883138,96.752236581927,163.90796585083,0,185.29239654541,84.4116088867188,74.3707204256972,0,153.251985822405,131.818418598611,161.947074226711,103.631167729696,144.398279258183,204.197235107422,125.332024430575,0,170.584385997844,141.311208089193,128.161198086209,0,0,224.013153076172,79.2259636329678,0,154.332406997681,168.148958478655,119.89576486203,0,202.264105224609,178.707515043371,131.040908430265,170.169132526104,152.670989990234,0,0,142.652389526367,166.294524559608
105.864058576311,61.5468566703796,81.2040890284947,52.5036070276076,139.00456237793,58.1508678436279,102.641126547287,132.03024929086,85.4331520783877,116.299807342529,133.345127148575,9.32281562505245,121.625294446945,12.1473638536692,82.1411202141664,158.124546051025,114.592664718628,52.4713773361141,12.273672698725,17.8783486125916,124.496112476696,87.622534510601,77.2005105452104,85.0514889326067,128.880627784176,20.1416871488235,15.7678293525137,51.8423895076953,135.687262071882,84.8604518848152,107.495293818022,25.3878303907583,67.9251322265065,85.5797971672968,25.6692785574713,165.068634033203,91.9869537353516,0,75.2479907444545,0,0,0,174.811014811198,211.344390869141,0,0,67.2376377277805,144.764251708984,66.5734236306984,184.967586517334,0,172.249389648438,121.897969563802,80.1600274131412,95.1185408882473,225.725677490234,0,104.719881693522,158.639724731445,189.117380777995,55.0220999240875,78.9398621806392,86.5940023049217,196.966054280599,132.832901000977,164.892049153646,77.8931922089282,0,0,97.861852982465
101.986481348674,171.09582901001,147.086011614118,80.0860625372993,24.2260687586278,93.5080332839698,21.242603343112,45.9273807722381,67.1390871034893,8.98436536289778,22.1816488133761,121.625294446945,8.76659316955705,0,92.7128540177779,15.1705557327491,103.563133239746,183.392232894897,152.959899902344,142.160105024065,11.8361186449905,0,55.4972953796387,159.83562596639,28.2727613261365,138.428493499756,144.7113073349,144.549277623494,49.9964130486339,94.8892497669567,128.163648605347,170.242935180664,99.0910147250056,76.6188735961914,96.4388594709124,108.480041503906,0,0,150.205627441406,36.6118277193426,0,84.8307196299235,135.730450744629,118.384714434224,96.87085808648,59.5278808145575,207.84481048584,9.58273509590272,0,117.395539474487,76.7362442016602,0,0,0,170.011734008789,16.9638128963384,0,168.277885437012,228.243804931641,106.443020478734,0,231.496932983398,184.04291788737,119.192313394429,136.64070892334,131.401573181152,0,0,0,129.701731872559
0,53.5951951757654,90.294807434082,49.1335820570148,0,0,149.938827514648,155.244483947754,115.776156834194,109.090022561329,160.997184753418,12.1473638536692,0,6.68355722072896,104.828333237592,137.122440338135,124.731558799744,119.364813804626,49.0415787105143,62.1204537843403,151.139213562012,139.781341552734,74.2556438322672,146.326856613159,117.439056006143,13.9090331793028,9.45566655338553,30.1038391044902,135.344359079997,114.058757781982,155.546394348145,11.7109839060459,0,131.445556640625,55.6979025563886,0,0,0,64.9626617431641,0,0,0,170.970748901367,0,0,0,73.9948242071903,0,70.6264148835213,133.67714436849,0,177.254821777344,133.8525390625,83.6867155059566,87.9311167399089,0,0,116.957878112793,144.846694946289,155.447769165039,55.5757672268411,76.8829062394421,79.3111796379089,0,123.813041687012,161.769032796224,80.8352179276316,0,155.819671630859,106.297708034515
13.5176147003553,135.023472125714,105.450467159241,89.4725419355361,98.6261219193979,32.2152258803879,52.4397843834928,43.0348256511384,21.5970349488848,92.4207761194799,55.5595294330847,82.1411202141664,92.7128540177779,104.828333237592,9.76235358836184,62.4444820439374,124.484846115112,107.519809859481,131.685147857666,115.857480810174,89.742748950594,86.324823582426,121.116202790858,102.540255057184,90.9620570830483,102.084708259219,115.095494322657,126.024345230147,87.1078223670454,27.4648780551044,54.070530245306,121.950726318359,19.915253930049,42.9101154863342,50.316727862488,160.85988443548,155.311141967773,179.802352905273,98.7404321369372,137.052819993761,0,181.902353922526,152.434475139036,178.849118477958,108.125493526459,175.665428161621,213.833480834961,162.936260768345,136.438430786133,181.898395619494,142.698528289795,130.020426842474,181.609237670898,156.135040283203,169.537700653076,203.825991312663,149.914530072893,128.791217510517,174.700691223145,135.379035542806,124.449696858724,164.94975789388,164.76203135955,142.748673392343,174.996490825306,148.08307332006,158.75798034668,217.140045166016,140.728302001953,159.560860188802
0,102.890495993874,122.963923136393,55.3234929304856,68.3240768268544,11.6121313313181,10.0126245673277,80.1504957719283,31.9654435746213,19.7686132506969,78.0714986165365,158.124546051025,15.1705557327491,137.122440338135,62.4444820439374,8.06210285760212,147.734069824219,130.013580322266,0,0,53.8698906618006,126.773501078288,72.2832035584883,106.871475219727,48.1324241957669,127.072443008423,140.301465988159,123.632191852458,77.8637591770717,102.433824221293,96.3565225601196,157.568084716797,40.8328260622526,115.135917663574,97.5285203116281,0,0,0,51.704008102417,95.2629038492839,0,130.998031616211,145.007244110107,142.16584777832,0,118.420135498047,0,84.9651699066162,0,128.854228973389,146.877655029297,0,151.923919677734,0,0,104.469951629639,0,110.922306060791,0,114.779724968804,0,0,158.891983032227,117.547797393799,214.848571777344,145.602813720703,0,0,0,215.439559936523
120.480262756348,67.846612071991,88.1974191471022,37.517312958127,80.0131345476423,0,127.873888288225,78.9506806593675,122.910845438639,65.4783539772034,107.361252339681,114.592664718628,103.563133239746,124.731558799744,124.484846115112,147.734069824219,10.1453177742781,100.064669751106,144.916122436523,116.374997138977,0,18.3242453599184,25.541245396307,18.192669297394,22.6395668711793,97.7261750962999,101.369276682536,26.5816285152556,29.0961655000657,95.0161449207979,70.1578627127585,142.239944458008,0,108.280172348022,74.864316073331,156.200393676758,0,104.165993910569,56.1799386457963,118.489547729492,0,167.871383666992,138.508203679865,0,67.6000118255615,137.435775756836,0,0,0,0,0,90.9932766971209,0,0,0,0,101.328932542067,51.5925706987796,91.4377571600169,114.068175650932,0,189.045349121094,96.4916043324513,110.480836373788,148.459495544434,113.885456706202,0,0,0,97.1407216389974
92.1845783264269,52.1973316947479,32.3354332578264,67.2106096727135,168.808564503988,145.280508422852,145.536513946869,97.8536903042144,119.663974668555,112.968280792236,124.55655352004,52.4713773361141,183.392232894897,119.364813804626,107.519809859481,130.013580322266,100.064669751106,11.0601300851826,57.4725843455694,15.0855708450672,175.073002769834,63.0301486407321,70.7026703329647,30.1149612350254,117.337413122895,87.8959968566895,31.5277858046469,61.5091150180146,99.3031356015048,89.739063971564,75.8043457508956,92.4667612711589,153.453022122383,67.0561519896431,32.8730324692794,181.041275024414,56.2405242919922,111.845610225902,73.6072810246394,0,0,0,177.582548522949,232.812438964844,165.576522827148,218.977452596029,103.680000305176,145.264556884766,103.819055829729,222.484848022461,0,129.328127080744,129.09169514974,134.783920288086,125.380049272017,0,145.746635437012,80.5376402113173,130.598308910023,182.185237743236,95.7621307373047,98.8170108435289,106.166163504124,187.792161729601,185.284324645996,157.480551583426,0,0,0,113.022943496704
125.574413027082,70.8332882756772,74.8133142189901,60.3106819720978,167.819480895996,96.276123046875,144.614749908447,139.03153250558,141.255927737823,126.176202600653,152.61926651001,12.273672698725,152.959899902344,49.0415787105143,131.685147857666,0,144.916122436523,57.4725843455694,6.16419247659301,16.6331554744557,151.418412780762,106.029126947576,103.394929795038,97.4673739671707,144.806302812364,42.3552803371264,21.6175725807544,54.9103924077708,156.956679344177,125.268525641305,118.703903535826,46.1296062820836,134.512671152751,104.679542541504,54.6705736166924,0,82.1467056274414,0,92.3655452728271,0,0,240.456436157227,195.229415893555,0,0,240.618927001953,80.5350234362544,0,71.9988242594401,151.784057617188,0,0,105.281871795654,89.3251832602681,96.2400934973428,195.304336547852,0,0,0,205.268280029297,67.0134251912435,85.106437540766,89.0436497895614,0,171.110996246338,145.22876739502,89.7863093531409,0,0,117.15541948591
104.649485837496,45.7484472855278,64.1411956041709,56.1578930293288,160.779224395752,132.092712402344,141.852580526601,119.4007127285,124.92100136661,121.586180609626,131.508986529182,17.8783486125916,142.160105024065,62.1204537843403,115.857480810174,0,116.374997138977,15.0855708450672,16.6331554744557,8.22805980594129,139.076601409912,89.037576726965,80.593054647031,72.2739896027174,130.894490877787,47.0941088476846,24.6512784350002,53.8354280576473,129.951592067503,97.7699622108426,93.6335228185738,56.0571298856993,128.500663757324,76.328987704383,35.6890780936662,0,80.130163192749,106.09546661377,58.4801277160645,0,0,0,182.719921112061,196.139694213867,0,0,97.8644044664171,0,84.4006652832031,180.987037658691,0,0,114.149644851685,101.208248362822,98.8843267822266,0,190.898208618164,90.1875343322754,0,198.048530578613,66.9442420959473,87.1057953834534,84.5320707066854,0,0,163.767936706543,98.1920064290365,0,0,124.475049336751
92.5428573290507,145.310913085938,159.267953491211,107.340983997692,11.3143497957597,116.118596930253,45.57031689083,86.2108784472849,77.8687349430619,55.2206845964704,12.257794428629,124.496112476696,11.8361186449905,151.139213562012,89.742748950594,53.8698906618006,0,175.073002769834,151.418412780762,139.076601409912,7.83068734563635,137.449796040853,117.616401672363,158.731755828857,25.3016534010841,141.097147623698,153.284578959147,159.848521677653,32.4567621289126,90.7029187972244,118.829462432861,173.907694498698,112.359879751054,96.1388909476144,94.2635535234175,148.108238220215,0,174.722686767578,86.1466430664063,22.9985969129917,0,148.340267759381,130.073274339948,168.653269958496,88.6427312215169,136.548128240249,0,18.918029006239,239.8525390625,197.875898088728,99.6513646443685,153.698165893555,0,198.046615600586,0,15.0771817988538,176.476333618164,0,0,114.75372980818,0,189.882484436035,187.290872192383,128.653480172854,177.017860412598,183.873455047607,0,185.483184814453,0,173.712142944336
72.1364438456874,100.682310921805,58.4432708597412,52.2222448883987,122.514747074672,101.940090179443,110.920927159926,68.4012827281199,103.934724590235,77.3450086116791,88.629223014735,87.622534510601,0,139.781341552734,86.324823582426,126.773501078288,18.3242453599184,63.0301486407321,106.029126947576,89.037576726965,137.449796040853,12.0364213514105,53.6623970737278,28.8366650869047,36.1104314505399,123.326602935791,83.9615166073754,76.1657699654713,31.398547898835,59.9606782798179,30.791549460978,117.675975799561,135.943567911784,56.4400878260213,50.3832062652217,143.606754302979,0,143.347841535296,67.6936688856645,197.672714233398,0,209.129959106445,128.641718292236,158.670837402344,110.96720123291,159.337549845378,0,0,0,189.300632476807,0,98.2284239093604,162.222200393677,0,0,172.327697753906,102.7242436409,70.9541196435448,106.034238542829,106.433794482001,0,124.454479217529,122.692146089342,114.495948432474,149.834837595622,110.698368530273,0,0,0,120.681046225808
104.971744537354,21.1210763776241,38.2301045355087,20.4196368844706,83.5937828063965,0,152.72614440918,88.9958407258334,135.435654322306,24.1735918989126,101.139840212735,77.2005105452104,55.4972953796387,74.2556438322672,121.116202790858,72.2832035584883,25.541245396307,70.7026703329647,103.394929795038,80.593054647031,117.616401672363,53.6623970737278,9.67612211398618,50.925220604966,26.0045334087167,52.7419369672167,72.2958101632115,39.997842767932,62.0421265114983,98.2330249150594,65.9274456481934,87.3361085974652,0,72.5665311813354,62.6982039374274,95.9763946533203,65.8064651489258,62.4871621131897,42.9145749493649,0,0,0,107.38001675076,143.482171058655,32.3016157150269,128.255146026611,134.743593851725,146.811553955078,129.236737569173,205.951675415039,0,59.2215205502797,92.8267524719238,153.497608729771,135.98014831543,0,73.3124188014439,15.935545915397,63.4749020955649,86.6778632077304,113.26139831543,118.313407050239,63.7923028105396,94.8873733792986,106.4245262146,83.3281824448529,0,0,0,101.92233133316
85.0843018309711,82.3975467681885,31.5231223383509,60.2584789321267,128.3449283176,118.564046859741,136.821454490103,83.482629401897,116.266902380781,96.3815849592101,112.337477535672,85.0514889326067,159.83562596639,146.326856613159,102.540255057184,106.871475219727,18.192669297394,30.1149612350254,97.4673739671707,72.2739896027174,158.731755828857,28.8366650869047,50.925220604966,15.5602286359786,58.8143203414854,108.931306021554,60.1023877763318,44.9775781680691,54.6668230325588,85.2093190292993,50.6569475030821,147.371696472168,144.041569796475,65.7159001550009,49.6018720410093,157.67978922526,0,102.708781196958,72.9768427335299,0,0,164.063186645508,150.702063424247,171.979853312174,184.796493530273,173.838404337565,0,0,107.733497619629,168.740252176921,0,101.61421801096,124.688697814941,164.619873046875,0,0,109.326735638558,67.6136667777481,100.593346709072,133.871853006297,0,151.83401743571,96.5924303946735,131.68496983846,184.008529663086,123.886761113217,0,0,171.80729675293,146.693694559733
75.0509818171112,72.6896990839898,102.09176369525,34.9435890231239,19.2406230334181,112.3899937798,79.4985173320513,55.0932301870192,86.7284741350765,19.9206764828585,59.8337798289064,128.880627784176,28.2727613261365,117.439056006143,90.9620570830483,48.1324241957669,22.6395668711793,117.337413122895,144.806302812364,130.894490877787,25.3016534010841,36.1104314505399,26.0045334087167,58.8143203414854,10.2816795776803,93.6694693150728,117.354996137171,73.5083000040875,21.3291076430681,82.9204770749085,65.9744920528684,125.841321545978,130.649317021956,67.6102235858567,87.7859637231538,110.41792981378,133.379152933757,133.240641566685,53.729819867038,103.162074094454,177.342010498047,130.718051598997,106.052836186437,137.103071539121,66.4140976279123,115.894949678647,189.590062994706,119.110479327994,193.225852966309,135.015790758462,105.82646302254,87.7743866437242,166.718689413632,196.403302001953,185.758529663086,115.65806482606,101.415868497362,72.7438594130583,105.144816187808,90.428322888143,158.998321533203,170.872369517451,132.194230260076,102.270157576514,133.556637498809,107.284026394984,195.939376831055,171.368855794271,112.356066458566,123.014238015199
0,19.3372283044573,88.0522143046061,24.9102477964374,144.554794311523,63.6574897766113,0,142.524520874023,77.4761942083185,90.7099128498751,169.94221496582,20.1416871488235,138.428493499756,13.9090331793028,102.084708259219,127.072443008423,97.7261750962999,87.8959968566895,42.3552803371264,47.0941088476846,141.097147623698,123.326602935791,52.7419369672167,108.931306021554,93.6694693150728,8.98389382327884,34.8388512506026,30.1793764216184,122.270815762607,99.3210465113322,117.011657714844,38.1013542248653,68.1787071228027,123.745246887207,52.9653227064345,0,0,148.634307861328,57.6798350016276,0,0,0,141.814659118652,0,0,168.522476196289,76.7188358306885,0,70.1180355072022,0,0,0,0,83.1555011749268,82.7048149108887,181.072387695312,0,80.5600299835205,0,173.156761169434,54.484373826247,75.7737931771712,74.186513746107,178.567008972168,0,159.941312154134,83.3824615478516,0,0,110.299121856689
102.259405491345,38.4888835860533,23.2126620288086,48.8198314821588,157.997665405273,131.524036407471,136.460948836636,105.443020483582,125.035163781353,107.507371627745,124.16678919111,15.7678293525137,144.7113073349,9.45566655338553,115.095494322657,140.301465988159,101.369276682536,31.5277858046469,21.6175725807544,24.6512784350002,153.284578959147,83.9615166073754,72.2958101632115,60.1023877763318,117.354996137171,34.8388512506026,10.7607541504378,24.0431321004662,107.80213232388,109.500690004361,94.6774897951068,9.25736349658066,137.755536995682,104.174052225749,50.4665394446779,161.042772733248,74.3545015335083,109.286969866071,58.2972110803576,0,0,228.500045776367,163.87852532523,192.496682739258,156.721336364746,189.196601867676,82.5865544539232,209.331192016602,73.7932650479403,169.824114712802,0,158.161477661133,109.422654402883,86.086921744511,88.1344211363297,200.907241821289,142.067973327637,93.2140280859811,139.811455726624,170.512351989746,58.5937911987305,79.2921051145728,79.611879455131,195.523626963298,148.955116271973,140.524813899287,87.9309891410496,144.142654418945,159.463165283203,102.189670673315
116.437911528394,30.8759295157856,28.036351063625,42.5103918397236,118.314637533048,132.712198529925,143.280040186695,102.12712862443,133.71672405105,94.7694118080294,127.282355614864,51.8423895076953,144.549277623494,30.1038391044902,126.024345230147,123.632191852458,26.5816285152556,61.5091150180146,54.9103924077708,53.8354280576473,159.848521677653,76.1657699654713,39.997842767932,44.9775781680691,73.5083000040875,30.1793764216184,24.0431321004662,13.6671463087244,73.6176128322778,122.195022684283,100.027998405185,22.7970787275895,136.553482903375,105.510877281728,62.6865443035884,167.368081466011,67.9293807261699,89.2229280206222,53.425848236084,185.501841953823,0,194.177205403646,155.075323406019,190.673386573792,136.170921325684,170.255141194661,103.172110787753,175.678148905436,87.3191114737063,177.110447018646,149.384877522786,95.9717675503169,101.671834220349,96.385864064173,95.9152343398646,179.301579793294,120.977100283601,53.3956733928007,91.4481768914463,141.787046825613,64.3237240031614,85.4102988169671,83.4805757189601,140.826894610861,167.38649677095,144.435588710911,106.907884928385,0,159.281455993652,109.460340174233
69.3443031956864,97.4652809415545,75.2871322693944,53.4986704391538,14.509147246148,122.622529856364,60.4835634322442,30.5746688695728,81.6741908909007,49.6153682857365,30.920361787557,135.687262071882,49.9964130486339,135.344359079997,87.1078223670454,77.8637591770717,29.0961655000657,99.3031356015048,156.956679344177,129.951592067503,32.4567621289126,31.398547898835,62.0421265114983,54.6668230325588,21.3291076430681,122.270815762607,107.80213232388,73.6176128322778,11.8008371650256,83.2921279587026,44.7309365032703,157.974418640137,127.41402015686,64.6653521561041,77.698781901817,120.361524810791,171.614448547363,144.445503552755,67.7674753289474,64.9616312582101,0,146.893488295535,117.176909665952,147.819331772831,88.8142542702811,135.530782259428,190.071598815918,141.548374322745,0,141.359723850832,128.141231536865,96.7393271867619,167.514778137207,188.967544555664,192.045922851562,117.398629367631,109.465302299051,96.9216636290033,119.435397647676,104.049395450536,0,179.469797770182,135.486972683766,117.816973991324,134.743067111609,111.596308277271,218.722290039062,186.010406494141,128.304448954264,136.22406539917
15.879845746068,112.609502156576,114.04188871536,77.5662331203763,93.5985915444114,26.4228074815538,74.4898494391163,65.4633917482122,41.679017641159,80.6697478732049,87.7624704197272,84.8604518848152,94.8892497669567,114.058757781982,27.4648780551044,102.433824221293,95.0161449207979,89.739063971564,125.268525641305,97.7699622108426,90.7029187972244,59.9606782798179,98.2330249150594,85.2093190292993,82.9204770749085,99.3210465113322,109.500690004361,122.195022684283,83.2921279587026,9.69846020202794,27.031781531662,95.8650919596354,16.8662675100888,17.1454604861747,39.7432969811575,150.253154277802,144.399627685547,152.118194580078,86.0953340703791,109.994535446167,0,184.495197969324,147.00072130819,176.829091514029,92.3176760355632,164.512048085531,171.047744750977,172.859873453776,146.218841552734,173.814847772772,158.447547912598,113.457199683556,189.659255981445,201.463775634766,179.599990844727,176.423259735107,146.931815011161,120.50120976766,162.609386867947,128.30234017483,90.6895904541016,156.513185501099,163.222690582275,136.551919182427,161.315535458651,136.15976919779,0,192.616851806641,138.624353408813,162.461104838053
31.2208528605474,111.741089344025,80.7369779659821,57.4647020324868,106.423047565279,104.178665161133,117.595106418316,24.7052825530349,77.1835983865401,67.0525387095756,77.1790950152339,107.495293818022,128.163648605347,155.546394348145,54.070530245306,96.3565225601196,70.1578627127585,75.8043457508956,118.703903535826,93.6335228185738,118.829462432861,30.791549460978,65.9274456481934,50.6569475030821,65.9744920528684,117.011657714844,94.6774897951068,100.027998405185,44.7309365032703,27.031781531662,10.6442965863922,145.715755462646,109.762507719152,31.8655936299365,38.6524925019153,127.707891146342,0,144.065702819824,68.2291847540408,176.647588094076,0,165.952969360352,127.701950902524,163.531563098614,69.7894660949707,147.675388881138,0,0,0,150.517541922775,0,103.597264089702,152.527542114258,0,188.542984008789,174.786712646484,113.445936723189,77.5271913051605,120.94278352652,109.734936634485,0,149.534643173218,136.121650695801,119.517254859397,137.118650224474,121.938521909042,0,0,137.440921783447,128.464130401611
139.13512802124,59.1615875244141,83.6997680664062,55.439888340833,0,0,0,163.574935913086,133.212898763021,119.713313953297,161.207270304362,25.3878303907583,170.242935180664,11.7109839060459,121.950726318359,157.568084716797,142.239944458008,92.4667612711589,46.1296062820836,56.0571298856993,173.907694498698,117.675975799561,87.3361085974652,147.371696472168,125.841321545978,38.1013542248653,9.25736349658066,22.7970787275895,157.974418640137,95.8650919596354,145.715755462646,5.33486079669904,104.958302307129,0,64.0768536399393,193.184616088867,114.705215454102,0,80.1169586181641,0,0,0,0,0,0,0,85.3779486042179,0,80.3780686855316,151.743270874023,0,0,102.382141113281,90.5731136437618,95.7088233947754,0,223.471817016602,0,166.190841674805,188.125930786133,63.4086971282959,85.9266849555592,87.1349056385182,0,0,155.488296508789,94.8661168416341,0,0,100.990539550781
80.3299117769514,0,158.395608381792,120.335692269461,121.122409820557,10.5817512326719,19.6591196124243,115.880068229906,26.6079709372086,113.421988351004,116.165123911951,67.9251322265065,99.0910147250056,0,19.915253930049,40.8328260622526,0,153.453022122383,134.512671152751,128.500663757324,112.359879751054,135.943567911784,0,144.041569796475,130.649317021956,68.1787071228027,137.755536995682,136.553482903375,127.41402015686,16.8662675100888,109.762507719152,104.958302307129,5.34704183395051,74.0870030721029,40.3374474278561,206.990753173828,0,0,0,0,0,234.160705566406,199.70823059082,208.572067260742,216.910293579102,0,0,120.875175476074,0,0,0,155.112495422363,0,0,0,0,186.698974609375,0,206.663650512695,171.53431362576,0,121.416961669922,0,179.301152547201,0,191.358009338379,0,0,162.187911987305,184.298583984375
50.2510320663452,106.91886138916,103.691199541092,64.153719952232,79.8770548502604,59.6586354573568,109.758553913661,69.4156670261971,71.1636741748755,68.2386332544787,89.490971883138,85.5797971672968,76.6188735961914,131.445556640625,42.9101154863342,115.135917663574,108.280172348022,67.0561519896431,104.679542541504,76.328987704383,96.1388909476144,56.4400878260213,72.5665311813354,65.7159001550009,67.6102235858567,123.745246887207,104.174052225749,105.510877281728,64.6653521561041,17.1454604861747,31.8655936299365,0,74.0870030721029,6.2245129401936,31.3978534825146,127.342895507812,0,0,76.3361696515765,0,0,0,121.442487716675,160.673047383626,0,0,0,0,0,144.755018870036,165.052490234375,95.5788940429688,0,0,179.228927612305,0,116.199371337891,71.946174621582,114.878898620605,113.932614494773,0,143.022216796875,157.913223266602,125.868945874666,152.827880859375,113.424606323242,0,172.500381469727,0,0
75.016135568972,60.6193084526062,64.0994204307089,65.5735281956049,99.2418240308762,37.9882214993847,79.8516615388539,87.1534635029867,60.6284721806616,99.1881459917341,96.752236581927,25.6692785574713,96.4388594709124,55.6979025563886,50.316727862488,97.5285203116281,74.864316073331,32.8730324692794,54.6705736166924,35.6890780936662,94.2635535234175,50.3832062652217,62.6982039374274,49.6018720410093,87.7859637231538,52.9653227064345,50.4665394446779,62.6865443035884,77.698781901817,39.7432969811575,38.6524925019153,64.0768536399393,40.3374474278561,31.3978534825146,10.2821291823825,147.636285400391,93.2701530456543,118.52632002397,80.5990967927156,124.507844924927,0,183.71196492513,143.75868526258,179.368289402553,104.49422009786,182.495407104492,84.9933624267578,122.124328613281,99.198879588734,171.150666456956,0,118.490306036813,123.584638595581,111.353308359782,107.131480969881,197.320241292318,106.08757909139,81.5544192744236,111.344879888719,140.830945480702,65.1806716918945,98.0956796264648,103.194645690918,152.02688084478,170.784338814872,140.089765167236,126.855144500732,0,127.473640441895,117.528887748718
130.943784077962,0,165.688552856445,71.3292681376139,148.956787109375,0,186.460494995117,129.754862351851,155.243984985352,94.6558895111084,163.90796585083,165.068634033203,108.480041503906,0,160.85988443548,0,156.200393676758,181.041275024414,0,0,148.108238220215,143.606754302979,95.9763946533203,157.67978922526,110.41792981378,0,161.042772733248,167.368081466011,120.361524810791,150.253154277802,127.707891146342,193.184616088867,206.990753173828,127.342895507812,147.636285400391,9.66963768525752,104.640103912354,99.1421519014024,76.0250995635986,84.7687559360411,98.5695552825928,87.0734388828278,25.0885679212933,35.3079061932383,60.8736163003104,62.0332513836452,99.7907560348511,85.8322693429342,115.331997520045,12.4000476195699,92.9062678019206,60.2915237290519,83.6056326471194,110.516071098438,104.244412115188,79.2975838979085,89.4513150090757,84.5269916534424,91.2904776869149,67.5023689324828,103.987843322754,108.915363233598,114.592432991403,67.5830906353447,10.5899773814918,11.6403984503078,128.446299552917,74.6714558601379,16.6222906267043,60.5399657512533
0,74.5080184936523,67.0385106404622,44.1941679441012,0,0,0,0,160.066711425781,0,0,91.9869537353516,0,0,155.311141967773,0,0,56.2405242919922,82.1467056274414,80.130163192749,0,0,65.8064651489258,0,133.379152933757,0,74.3545015335083,67.9293807261699,171.614448547363,144.399627685547,0,114.705215454102,0,0,93.2701530456543,104.640103912354,7.82888927780175,41.9999619102478,21.1559798557962,91.7977142333984,146.30451965332,148.921630859375,104.632057355798,132.884588623047,69.7561498412484,164.250279744466,61.6442717190447,100.565424237932,42.7279265846793,125.868932451521,109.128256988525,69.8208678852428,45.8232111236859,75.1949149237739,53.2284665961015,0,98.4589435032436,21.2213696228516,68.6854634602865,72.8719653630469,14.9792847253172,39.0198775336856,22.7708582873862,98.929778359153,118.90611521403,96.0152620014391,56.2263073730469,0,0,57.7630886727191
148.648513793945,0,85.6926377178872,69.837467956543,157.576873779297,0,0,158.672694614955,180.317031860352,0,185.29239654541,0,0,0,179.802352905273,0,104.165993910569,111.845610225902,0,106.09546661377,174.722686767578,143.347841535296,62.4871621131897,102.708781196958,133.240641566685,148.634307861328,109.286969866071,89.2229280206222,144.445503552755,152.118194580078,144.065702819824,0,0,0,118.52632002397,99.1421519014024,41.9999619102478,9.76977735648878,40.8763323591921,128.858896636963,0,113.855012969971,78.3348548534183,115.441292168959,89.1081131443833,106.922658317967,101.074965209961,168.727680206299,164.429069519043,105.845378022445,128.191891756925,66.5532865853145,28.9831876266069,82.9985449417778,50.9100496685459,202.24787902832,50.4127858366588,43.5029762775083,22.1668091143515,93.8921630124012,72.939695085798,16.9263459490194,27.5542787285257,66.4956059428768,118.555179268973,65.3759283663083,112.915968577067,177.770568847656,97.1152557373047,68.9413503607697
91.7817964553833,48.5323663949966,66.683552424113,14.9234428602396,77.192720413208,136.045974731445,98.9479125976563,74.1792854732937,96.2439455778702,28.9292898178101,84.4116088867188,75.2479907444545,150.205627441406,64.9626617431641,98.7404321369372,51.704008102417,56.1799386457963,73.6072810246394,92.3655452728271,58.4801277160645,86.1466430664063,67.6936688856645,42.9145749493649,72.9768427335299,53.729819867038,57.6798350016276,58.2972110803576,53.425848236084,67.7674753289474,86.0953340703791,68.2291847540408,80.1169586181641,0,76.3361696515765,80.5990967927156,76.0250995635986,21.1559798557962,40.8763323591921,9.95523348436123,52.4834153311593,0,81.4023669772678,59.6652811458763,86.7731310088059,12.1762011512404,71.9387875511533,71.7436841052511,40.9153025150299,43.2495676206642,87.002814096563,53.8805806803149,34.3895147849149,49.2551862269497,60.1936908721924,53.7838691262638,87.5169058227539,49.8113864262899,22.0481733251726,42.4189651845449,33.4486868143395,19.4284472711728,38.0531197191173,32.7519444292485,52.9826426930275,84.2196567616564,65.1194352353557,63.3299000603812,115.982475280762,55.3639322916667,61.9141259352366
