11.7815470064834,127.994325256348,94.0122226637763,75.6621610005697,84.2237232753209,67.1984939575195,85.2548022367516,35.7680848662178,32.3692402693932,70.952430193352,47.4852929955489,124.837379278139,88.5851306915283,140.003589283336,11.5236718786335,102.365051269531,121.510201590402,101.4490827494,147.330525716146,127.434494113922,87.7770102364676,80.988318446095,81.7774343992534,86.1866600932519,79.5179339637441,0,115.491734500535,117.343388184806,74.2166776521969,18.832173491544,27.184428345771,151.262171427409,87.6263877020942,48.1846685776344,76.3885784265472,137.856353759766,155.987701416016,157.922336154514,108.238056182861,0,0,199.044891357422,145.570710126091,169.652978261312,95.2697944641113,181.454803466797,0,0,0,183.977710430439,0,0,178.946314493815,218.311431884766,0,0,210.571502685547,158.113632202148,175.478892008464,127.034999120803,0,182.89079284668,154.627922296524,137.045632973695,165.111473083496,139.437456766764,0,0,136.574818929036,150.795394897461
127.994325256348,8.13131271124207,48.513054837936,25.7850650787354,121.514114379883,159.891937255859,150.518056233724,133.444852352142,149.584954579671,71.3175866123967,132.104814009233,67.0024571418762,0,47.6960425263898,153.449160003662,106.127648671468,63.2407091389532,56.2645851178223,73.005987294515,59.6176415464304,0,99.598155869378,26.3637570561199,71.8943088126905,75.3269969077959,22.9275882460007,47.7264709519405,30.1124562461447,102.656307678223,119.468246058414,109.415719095866,66.9804330837507,116.491279602051,102.954574584961,66.3935708745804,0,82.914421081543,111.810556585138,88.388479868571,146.391260782878,0,0,176.032135009766,0,91.5729446411133,166.391212463379,151.912837219238,0,119.036217212677,0,0,0,101.907196044922,128.431042480469,132.035416342995,0,138.346046447754,69.8566703796387,100.820426940918,130.408768287072,0,114.931391477585,122.093661832809,154.789354596819,0,208.233367919922,138.124404907227,0,0,128.192031860352
94.0122226637763,48.513054837936,16.0838782829236,49.116802248635,125.342419624329,168.849040440151,144.419175611561,88.5896114409875,127.175391452362,105.882436779962,109.110693860645,93.716730051647,195.636520385742,95.3742681922558,117.513243316878,133.501917266846,96.994414627552,54.6218832460154,86.7492336066993,76.1190931085955,198.81064860026,66.8753909274311,66.8111008905838,30.0302226136015,111.394245881301,94.225739440918,38.8522088485671,34.9966513290307,77.5432654292644,113.263888691685,82.5919728723753,96.398288699097,172.062192077637,100.573661380344,71.6332608092603,226.686325073242,98.7509156545003,96.8014602288361,59.296658842531,0,0,204.338994344076,171.342712674822,199.072455155222,137.449336242676,194.541400909424,129.45153427124,0,143.537638737605,182.975582885742,0,120.232604246873,111.518572011889,153.460006713867,117.139218162944,0,136.184084805575,85.8408358494441,114.234139311099,151.86769757952,151.578730265299,108.871803620636,99.9469646016991,166.640683333079,189.364227294922,160.822479594838,162.898747762044,0,0,118.588229786266
75.6621610005697,25.7850650787354,49.116802248635,13.8032551218004,60.0372875785828,110.609439086914,84.6810992576556,55.6418555324728,87.1500856644449,34.3850156042061,65.4211981718112,67.3085173553366,68.6352750101397,51.1318232643224,90.6420850420332,83.6943068504333,40.9897413652584,61.8021176971658,69.6490749716759,61.3342924608503,72.6378659407298,57.5010450367097,35.9771876104416,54.5134314679221,39.380863868235,22.2589081186,50.2985313174091,41.1385158122887,52.2898647594815,82.4982346832752,59.6780734570979,67.7171332995097,134.013185941256,63.8349209866782,67.5785398419759,93.7181386947632,55.4431310133501,55.4078596379207,23.1944737633069,98.5495086669922,0,114.005169169108,92.0629776732562,125.988030377556,35.4687868499756,93.1181866189708,114.237684631348,87.429684109158,98.544750213623,113.859176635742,0,53.4695296631338,88.7915013386653,94.4241158167521,90.8252168927874,82.7935956319173,68.472344850239,11.0720824893439,66.5795260558946,66.7055159990604,58.1791181564331,76.7008430480957,61.3820860193737,88.088618017306,105.072132873535,86.8240894990809,130.386749267578,0,87.1182492574056,102.998005841229
84.2237232753209,121.514114379883,125.342419624329,60.0372875785828,10.8474213467579,122.50244140625,62.7953417904406,44.6831124976829,95.7205331397779,43.1032082355806,17.1143060539579,157.924067179362,21.3277019584644,0,102.971127026702,56.0801981559167,0,156.942825317383,0,164.938934326172,16.1337771891378,86.0272903442383,68.5627620697021,135.36371421814,19.2800272549008,0,160.274780273438,143.135067749023,14.1262171925596,92.3295217788339,91.263546534947,186.71858215332,137.268029785156,73.78722197434,92.7498418829414,149.857208251953,0,0,67.8873505105778,14.3605649942305,0,147.374519796932,132.895995196174,151.883897781372,89.5475569225493,128.720449461159,210.993316650391,32.1032464080387,0,178.449690385298,163.676635742188,172.251724243164,0,0,196.576950073242,18.214148510845,0,148.76877339681,183.890426635742,101.192061108838,0,246.846588134766,185.898361206055,129.959318788428,156.564423781175,188.668941497803,0,0,0,152.065231323242
67.1984939575195,159.891937255859,168.849040440151,110.609439086914,122.50244140625,8.14318526318907,9.81732947957217,114.749182701111,25.1409649581724,103.724487304688,114.878349031721,62.0456564660166,94.6028561909993,90.6650783314424,35.4908396346896,14.9358796946443,0,180.311546325684,100.090156555176,90.1386566162109,126.30918375651,152.292135620117,108.457695007324,150.031117248535,133.850807666779,0,148.318584865994,140.713329315186,127.981780774666,33.2041438200535,122.719451904297,100.854106903076,13.9747337331517,90.4737071990967,36.7778528229944,0,0,0,0,0,0,0,201.968627929688,0,0,0,0,132.279373168945,0,220.333435058594,0,0,0,0,0,0,0,0,0,155.45231628418,0,0,0,191.349124908447,214.829849243164,0,0,0,0,0
85.2548022367516,150.518056233724,144.419175611561,84.6810992576556,62.7953417904406,9.81732947957217,10.4954758885607,62.111504676833,17.0254411364247,74.5813921528894,32.3152369475455,78.1027259412019,15.6130027438548,106.835411267403,28.6976175379837,14.1147212759686,0,170.046163068499,134.354826609294,157.778954939409,29.5944062010978,122.861060159248,120.698651075363,138.687085503026,85.9973955229393,95.834846496582,163.904404181403,159.890998314167,80.255452257963,32.7173623993659,137.146443880521,175.056780422435,14.3659389495633,89.0523370742798,47.7120654082753,162.456785202026,0,213.297157287598,132.665403886275,144.713047790527,0,180.279829802337,156.550322818756,180.167723120713,139.959932500666,163.087914530436,0,125.316717734704,0,190.062240600586,0,150.444341023763,211.545440673828,0,0,161.12028503418,0,154.045303344727,191.347783406576,139.222245176633,0,227.805938720703,193.595664978027,152.421202715705,187.46835231781,179.804550170898,0,0,181.057902018229,174.364896138509
35.7680848662178,133.444852352142,88.5896114409875,55.6418555324728,44.6831124976829,114.749182701111,62.111504676833,11.5988335233003,55.8275425200311,52.8037521200082,19.086714430005,155.314937909444,49.4320960923245,160.470869881766,41.0946211237509,70.6628980547468,97.6685177838361,123.540292261555,168.197681427002,148.335678256288,72.4014316227125,62.2477088291426,68.9833201282429,74.0440253008292,57.490901836727,164.592007954915,126.07648538795,110.798959812973,33.3604031569462,59.534232018243,22.0063115677422,165.745385874873,124.538899935209,61.5281513508967,87.3067769211989,138.998134794689,178.692451477051,155.307579271721,91.2451322027977,130.755099214826,182.629264831543,155.880514235724,125.435712011237,158.224143139728,94.834062056108,138.183547052844,221.204986572266,144.84056904005,224.952865600586,154.645313649938,165.926910400391,128.635731623723,182.365429348416,0,199.292129516602,138.811967950118,142.30047079233,128.922672271729,160.356289545695,110.588526144624,0,169.657136535645,167.30978864505,121.861156516085,150.154978218725,133.621547546387,0,196.838012695312,130.622250643643,143.277373313904
32.3692402693932,149.584954579671,127.175391452362,87.1500856644449,95.7205331397779,25.1409649581724,17.0254411364247,55.8275425200311,10.3634976038385,83.3759670996177,30.7548352340161,77.9454467363675,68.043834436576,117.307951876992,16.0497592218881,25.5635934791049,146.31224416097,151.796159652643,111.358655621929,152.882457800079,90.5279116748778,102.363805431692,111.62033190046,121.334382746406,87.3061853668519,106.597663172969,149.602552409208,147.069274342783,84.1012930377431,34.1538998189454,103.685614485307,163.809401461953,18.1132742196927,87.9922036835642,56.309067912823,170.732090473175,188.225257873535,197.541055297852,130.974181846336,154.762420154009,194.871074676514,173.46723429362,149.772329625271,172.175962417356,147.053239949544,152.513241987962,229.597595214844,148.908906159578,178.823890686035,184.136799232633,175.809820992606,165.460002354213,209.293622843424,192.697896321615,162.537475585938,164.551592508952,196.244529724121,180.579479980469,192.193281991141,135.929861499417,160.694366455078,196.656374844638,194.014619150469,146.688183966209,181.61908383477,171.303506677801,198.88062286377,225.361366271973,175.355654629794,188.073842366536
70.952430193352,71.3175866123967,105.882436779962,34.3850156042061,43.1032082355806,103.724487304688,74.5813921528894,52.8037521200082,83.3759670996177,9.5486312837919,69.1462728312087,130.092799595424,11.739854280222,113.958458817326,86.9694929498925,22.0728892440498,117.692937533061,117.38136230246,131.898745218913,126.038750903441,38.9906560112448,72.3807535276308,22.2974119438739,109.101009908712,20.5324016786951,101.156727376192,117.585720380147,106.723517657721,50.6781264596126,76.7570491078195,59.4822511390034,133.040360936579,121.559937286377,60.0954760596866,83.9689380318109,114.05837504069,0,177.314421335856,34.3807680710502,114.895741780599,0,106.095294952393,89.77031064501,130.609022827148,42.2625831604004,91.179681631235,195.656463623047,112.895897456578,157.867657131619,118.64182381008,0,176.043171691895,124.684051513672,0,191.236923217773,104.12739944458,109.244514465332,39.8823356628418,126.630121503557,70.49572087848,0,193.185280693902,143.845063527425,88.5359289855957,108.736511407897,89.8422874269031,0,0,108.49658039638,90.5571656227112
47.4852929955489,132.104814009233,109.110693860645,65.4211981718112,17.1143060539579,114.878349031721,32.3152369475455,19.086714430005,30.7548352340161,69.1462728312087,10.7379608738375,143.80625378644,27.2950285316852,171.745734581581,52.1209010399632,65.1015674512003,128.596605300903,145.206852504185,169.183560180664,151.92418246799,16.5208448319938,83.1671968187605,91.847963142395,100.848160068484,61.1382188494966,179.924354553223,144.081364457325,133.499821677727,33.9568283019595,92.3562282482711,104.795901385221,182.71565246582,125.713195287264,88.6492923613518,94.9565306247296,150.576345316569,158.614456176758,193.999346051897,83.1470867313751,116.471159345812,198.879928588867,154.424551149694,131.973934752601,158.704955710504,96.5338476271856,138.702674198578,206.740529378255,105.781002938399,0,167.510341644287,155.799153645833,150.053957366943,205.441947937012,0,225.048095703125,79.7851894132553,200.229694366455,154.294415283203,186.333195495605,111.250121741591,0,212.62766011556,184.179702148438,135.18287725108,172.119643347604,180.638363520304,0,197.505294799805,180.591528320313,178.833869171143
124.837379278139,67.0024571418762,93.716730051647,67.3085173553366,157.924067179362,62.0456564660166,78.1027259412019,155.314937909444,77.9454467363675,130.092799595424,143.80625378644,15.7653443285604,126.871844482422,29.6510187560299,75.4098108421517,92.9455468314035,124.359298706055,51.1916970997,21.9332802732951,27.6500448417035,150.518289293562,92.750144064767,100.258150778876,85.0027613941421,144.115045605284,34.7645670609316,34.7391059832809,71.0924473957407,146.311469371502,61.1396396401583,103.680358187611,48.8311299858188,62.9938435111727,102.264791236733,34.6288707842981,229.569671630859,127.602978515625,162.011768341064,121.895590268649,0,0,0,198.842249552409,213.452560424805,181.973602294922,233.684692382812,106.747580210368,223.811386108398,85.3845080864139,201.445922851562,0,155.852569580078,149.561643327985,107.819375864665,135.748209762573,0,186.836334228516,136.65749613444,143.202377319336,204.04482421875,79.7556833267212,110.508670425415,108.751036330681,211.800399780273,199.40522257487,194.830169677734,105.69814491272,0,0,142.782008361816
88.5851306915283,0,195.636520385742,68.6352750101397,21.3277019584644,94.6028561909993,15.6130027438548,49.4320960923245,68.043834436576,11.739854280222,27.2950285316852,126.871844482422,10.7273411512048,159.451822916667,100.137313568898,15.9196585668197,0,240.871505737305,169.929489135742,147.99528503418,13.4538103765608,153.161326090495,94.2366600036621,238.073425292969,22.622168670098,0,161.225463867188,186.124731881278,44.3394850857287,91.5288824739709,96.2377090454102,141.383178710938,116.185815811157,110.339416503906,91.7615172124542,0,0,231.34098815918,66.4314867655436,20.7954325977521,0,78.1273084640503,145.702908325195,171.821977403429,68.8828125,120.042862458663,0,13.568137200021,0,179.319499969482,41.8805274963379,0,0,0,0,11.2938481392945,0,0,206.761459350586,117.910377025604,0,0,0,136.384974452427,204.911657714844,177.548614501953,0,184.62760925293,0,204.113311767578
140.003589283336,47.6960425263898,95.3742681922558,51.1318232643224,0,90.6650783314424,106.835411267403,160.470869881766,117.307951876992,113.958458817326,171.745734581581,29.6510187560299,159.451822916667,9.28997466508899,103.622535348796,161.209756639269,123.343790690104,95.546483811878,53.9198458581908,68.8660796194365,174.930633544922,132.562390840971,84.511408062958,113.074768066406,120.404318635182,23.032036526378,41.7171990482975,30.8206727505513,151.875250614051,87.1607511198366,149.580212402344,18.9138060442476,84.3123857003671,166.939182281494,64.9045087168039,0,90.6580917835236,139.119239807129,79.4042573928833,0,0,0,217.535095214844,210.338272094727,145.92776184082,187.341537475586,76.9703507111451,221.614334106445,65.4532654517709,163.51535542806,219.42015838623,0,120.567153930664,98.5221503331111,126.116966247559,0,0,134.755394935608,189.763473510742,188.397903442383,60.7711933496836,99.9006383147421,90.1100798592423,202.481170654297,170.962738037109,176.38996887207,87.231885383869,0,0,123.971941167658
11.5236718786335,153.449160003662,117.513243316878,90.6420850420332,102.971127026702,35.4908396346896,28.6976175379837,41.0946211237509,16.0497592218881,86.9694929498925,52.1209010399632,75.4098108421517,100.137313568898,103.622535348796,8.45057845041605,49.3204360584636,138.061643812391,127.448474643105,114.600535964966,143.502145709413,98.2671809000512,99.1107259261479,104.459041446834,109.930383371903,97.2325478820376,106.676999568939,134.547090473537,135.990742860017,91.0793607094469,22.9537787726589,68.7953981640695,138.385528863645,18.309746779587,39.1244543597029,46.2178003709906,175.356748140775,0,190.205392625597,128.240839385986,146.37741617056,0,193.984237670898,154.191333465576,186.583765478695,150.730429331462,176.165422138415,217.879928588867,172.963570731027,179.494506835938,196.141018761529,170.762359619141,161.870034111871,194.991554260254,164.523681640625,175.590616861979,164.144216918945,162.414389038086,172.01880972726,175.559266408285,145.443832231605,0,171.969653320312,185.203104903058,156.865125902961,188.880318034779,170.510542551676,0,193.047073364258,170.209728240967,184.026433308919
102.365051269531,106.127648671468,133.501917266846,83.6943068504333,56.0801981559167,14.9358796946443,14.1147212759686,70.6628980547468,25.5635934791049,22.0728892440498,65.1015674512003,92.9455468314035,15.9196585668197,161.209756639269,49.3204360584636,8.04051987724421,0,175.190363566081,0,0,44.8638865033036,123.986490885417,79.0269549976696,149.121319362095,43.4196437560732,150.824691772461,157.40672492981,145.990521748861,76.6276268661022,64.3731317417596,104.223054885864,177.929870605469,43.3939690089726,109.951925489638,63.9801471165248,0,0,0,81.2635917663574,128.253099714007,0,174.434257507324,129.394872029622,181.490896606445,43.656810760498,154.867318471273,0,131.345324707031,0,180.784200032552,77.1624221801758,0,0,0,0,187.457611083984,0,0,0,131.215803782145,0,221.831497192383,210.432052612305,144.409842271071,211.688171386719,164.760208129883,0,0,0,207.619613647461
121.510201590402,63.2407091389532,96.994414627552,40.9897413652584,0,0,0,97.6685177838361,146.31224416097,117.692937533061,128.596605300903,124.359298706055,0,123.343790690104,138.061643812391,0,13.8787866505788,106.384810707786,142.671646118164,125.641656435453,0,27.5364277794068,29.1862440409039,23.7301367012134,23.1376845809062,95.3103160858154,112.556586334671,31.2907266138609,51.3903017068396,100.957000005813,72.9046183328067,140.089248657227,186.894195556641,92.4964561462402,82.3859475703021,0,0,102.152197751132,53.7471001339655,0,0,0,150.173313685826,0,0,237.874160766602,179.271560668945,0,0,205.199778238932,0,23.6102801075178,125.691586494446,0,159.533422851563,0,111.597136815389,52.1014105381856,95.0998141265568,74.0761221286862,0,144.571042378743,103.819533102853,128.758826785617,156.713199191623,134.348118029143,0,0,0,129.045945485433
101.4490827494,56.2645851178223,54.6218832460154,61.8021176971658,156.942825317383,180.311546325684,170.046163068499,123.540292261555,151.796159652643,117.38136230246,145.206852504185,51.1916970997,240.871505737305,95.546483811878,127.448474643105,175.190363566081,106.384810707786,11.5462833417088,57.6606303568809,26.047396112012,183.822453816732,53.7378410881111,83.0251704753858,27.9579421331092,121.624679150442,68.3176608880361,29.6074666025866,68.5633170044199,117.267237519381,105.457481440266,70.0433513845629,89.3790013146779,154.543548583984,92.37233341762,43.0418075759778,206.247741699219,108.41859964224,113.926785912844,72.1184977576846,0,0,0,194.35336151123,216.438174438477,139.221694946289,220.957153320312,138.395799424913,0,134.065167321099,193.347618103027,0,141.752597808838,125.198917584542,132.836649576823,122.965968573271,0,146.871849060059,110.462123394012,151.798531494141,168.283381554388,117.639398574829,114.721716607523,117.636731574372,191.370826721191,205.145965576172,186.443540785048,130.652688980103,0,159.362335205078,136.159542886834
147.330525716146,73.005987294515,86.7492336066993,69.6490749716759,0,100.090156555176,134.354826609294,168.197681427002,111.358655621929,131.898745218913,169.183560180664,21.9332802732951,169.929489135742,53.9198458581908,114.600535964966,0,142.671646118164,57.6606303568809,7.95706092547312,11.6518882962749,165.808868408203,121.256311590021,114.317296769884,96.7727226378426,153.367115020752,44.4432244677293,35.1119234440181,69.7261529283594,146.564424514771,94.5310631359325,116.950137668186,58.9644552751021,113.012323651995,118.151252746582,62.1653265577512,0,114.381343841553,162.59912109375,119.409004211426,0,0,0,0,0,0,0,103.087955768292,0,91.800664070325,0,0,0,131.734827677409,102.640756358271,128.415983581543,0,0,0,190.617683410645,0,72.3544743855794,99.8378772474315,102.498587608337,0,137.431396484375,0,103.291820102268,0,0,124.80374399821
127.434494113922,59.6176415464304,76.1190931085955,61.3342924608503,164.938934326172,90.1386566162109,157.778954939409,148.335678256288,152.882457800079,126.038750903441,151.92418246799,27.6500448417035,147.99528503418,68.8660796194365,143.502145709413,0,125.641656435453,26.047396112012,11.6518882962749,11.7238431976772,167.050704956055,93.3945895000897,97.9318514672395,69.9599256100125,136.152006244659,46.6093762434446,32.2534274831443,68.5914049764072,143.0836294851,112.732976031904,98.1526064638232,64.5576562755434,113.551429748535,103.575181450642,43.5517629843223,0,129.108864466349,137.361607869466,97.5530995907991,0,0,0,211.136772155762,227.97388458252,182.013320922852,206.352249145508,112.734886661653,169.487503051758,102.319639278364,187.801147460938,0,202.854202270508,140.820412804099,108.203469537626,117.798273790603,0,162.536315917969,166.504442487444,175.000149813565,219.566593170166,86.2416489545037,105.214830167689,108.233982474504,208.418746948242,223.423538208008,174.180164337158,108.80628899967,0,202.153549194336,125.829267374674
87.7770102364676,0,198.81064860026,72.6378659407298,16.1337771891378,126.30918375651,29.5944062010978,72.4014316227125,90.5279116748778,38.9906560112448,16.5208448319938,150.518289293562,13.4538103765608,174.930633544922,98.2671809000512,44.8638865033036,0,183.822453816732,165.808868408203,167.050704956055,10.9405826473087,154.425256729126,110.460828781128,166.863319396973,17.4956235470384,191.979522705078,174.41279296875,179.664363861084,30.1659701294072,91.8819322807844,135.112668991089,181.068321228027,130.541515697132,80.4640401204427,91.1625153677804,0,0,0,77.1848012020713,16.5838921679072,0,141.798208236694,123.042740885417,141.603771209717,73.5867551167806,124.478897765831,239.171630859375,18.1304792342019,0,187.427314758301,0,0,0,231.070861816406,0,16.1022950599068,0,159.211708068848,182.235496520996,110.147919506108,0,247.687316894531,218.96891784668,129.517787191603,192.303342183431,177.319473266602,0,185.420227050781,0,155.522918701172
80.988318446095,99.598155869378,66.8753909274311,57.5010450367097,86.0272903442383,152.292135620117,122.861060159248,62.2477088291426,102.363805431692,72.3807535276308,83.1671968187605,92.750144064767,153.161326090495,132.562390840971,99.1107259261479,123.986490885417,27.5364277794068,53.7378410881111,121.256311590021,93.3945895000897,154.425256729126,13.3209163021905,50.4659412446412,28.1015927183771,40.5001647725592,132.30777130127,101.069256449241,82.7566192318602,24.1471081363503,70.1794602593379,31.5453053791542,140.071026611328,154.649429321289,62.9444116025358,45.2396667760192,125.329238891602,187.115381876628,132.64784557636,84.5098876953125,0,0,0,132.420977968158,169.967426006611,115.483997344971,157.246856689453,215.488693237305,189.130363464355,236.469146728516,160.43469278436,0,85.0997926459825,164.344607543945,170.035413106283,182.38557434082,0,115.318259436237,72.466787644015,120.073986693352,102.238729121911,0,168.542804424579,134.117101219611,120.214856867888,150.29537291446,119.678240249717,0,0,124.285492174553,127.074144787259
81.7774343992534,26.3637570561199,66.8111008905838,35.9771876104416,68.5627620697021,108.457695007324,120.698651075363,68.9833201282429,111.62033190046,22.2974119438739,91.847963142395,100.258150778876,94.2366600036621,84.511408062958,104.459041446834,79.0269549976696,29.1862440409039,83.0251704753858,114.317296769884,97.9318514672395,110.460828781128,50.4659412446412,8.87611391845533,51.8495764574468,26.7846284260515,69.535710011632,86.0045742185989,45.7072093893997,49.5578254254794,74.1254841048142,52.6176364644588,103.28667696317,143.545166015625,56.4913576051786,69.5120795203418,153.572901407878,0,71.2074348900908,26.7823035216131,142.547904968262,0,0,119.070311619685,161.841572897775,67.986660639445,144.501241895888,145.990341186523,138.098999023438,145.976810455322,137.454080469468,0,46.4878189667411,93.3457467556,164.278411865234,137.91524810791,136.680404663086,81.1839398564519,13.050761341134,67.9343187302116,92.9503252339918,161.518829345703,141.054325690636,76.7088220067485,107.178942888633,145.417897542318,108.121225554368,195.413070678711,0,116.204760233561,119.379915090708
86.1866600932519,71.8943088126905,30.0302226136015,54.5134314679221,135.36371421814,150.031117248535,138.687085503026,74.0440253008292,121.334382746406,109.101009908712,100.848160068484,85.0027613941421,238.073425292969,113.074768066406,109.930383371903,149.121319362095,23.7301367012134,27.9579421331092,96.7727226378426,69.9599256100125,166.863319396973,28.1015927183771,51.8495764574468,18.4118237726344,68.4243846593209,115.265358558068,59.5201076504951,52.0672075337015,53.9627901142694,95.2495610262019,48.8624965779816,113.337941148546,160.676878611247,82.3415217081706,51.6285458047568,154.022021823459,126.968971252441,102.543184648539,68.3519025448797,238.771881103516,0,200.42472076416,159.424003119941,189.44253427011,128.700771331787,175.7932101163,165.552991231283,170.630777994792,165.289497375488,182.562626606709,0,53.0835061943249,128.165375480439,157.136058262416,147.306756401062,0,120.36842695104,67.7517995743955,108.106692285107,121.354966959242,114.935447692871,134.678372266816,103.507468892056,143.321995571927,182.56708046242,138.690178957852,168.30989074707,0,141.47758992513,128.612934112549
79.5179339637441,75.3269969077959,111.394245881301,39.380863868235,19.2800272549008,133.850807666779,85.9973955229393,57.490901836727,87.3061853668519,20.5324016786951,61.1382188494966,144.115045605284,22.622168670098,120.404318635182,97.2325478820376,43.4196437560732,23.1376845809062,121.624679150442,153.367115020752,136.152006244659,17.4956235470384,40.5001647725592,26.7846284260515,68.4243846593209,11.5072881465544,106.712624330874,124.305166166511,79.1793323289949,24.2109164429367,83.2555689685843,68.7669359519657,144.166564093696,132.895458221436,68.6619552156818,77.3741000030214,123.269272845724,147.81761932373,135.859681421397,67.7667466380113,112.267468628739,168.62060546875,137.673220111478,114.074671088643,143.64593484613,71.6667665228786,116.566167759895,195.488810221354,108.392281668527,197.626174926758,149.536543440545,167.702186584473,101.497541175698,168.898394775391,216.258430480957,198.33079964774,110.424848980374,126.140914235796,104.739018975235,134.853558603923,86.5879040049105,0,175.647537796586,155.194665478122,110.624215615762,140.100113802669,122.508734627657,0,171.761808122907,121.611794010285,134.773533168592
0,22.9275882460007,94.225739440918,22.2589081186,0,0,95.834846496582,164.592007954915,106.597663172969,101.156727376192,179.924354553223,34.7645670609316,0,23.032036526378,106.676999568939,150.824691772461,95.3103160858154,68.3176608880361,44.4432244677293,46.6093762434446,191.979522705078,132.30777130127,69.535710011632,115.265358558068,106.712624330874,7.66470030693809,40.5094703972565,31.6930613670859,143.580376711759,93.4789127349854,126.441865539551,47.7983495898918,95.068489074707,135.010559082031,68.8412798312908,0,102.792411804199,102.383392333984,65.3517446084456,0,0,0,189.052856445312,180.526596069336,105.925415039062,189.863983154297,80.5805731553298,0,60.6825612578729,203.478927612305,0,164.987380981445,143.31526184082,86.6990980001596,104.370995044708,0,0,116.461807250977,138.236114501953,184.430583953857,47.0926542843089,88.7518161010742,86.1825737438614,202.091552734375,0,0,88.373289320204,0,0,0
115.491734500535,47.7264709519405,38.8522088485671,50.2985313174091,160.274780273438,148.318584865994,163.904404181403,126.07648538795,149.602552409208,117.585720380147,144.081364457325,34.7391059832809,161.225463867188,41.7171990482975,134.547090473537,157.40672492981,112.556586334671,29.6074666025866,35.1119234440181,32.2534274831443,174.41279296875,101.069256449241,86.0045742185989,59.5201076504951,124.305166166511,40.5094703972565,16.867259291224,43.3377283848362,129.850916854649,117.532670639086,102.373986185079,34.5398874754677,125.786616552444,116.092112350464,63.4603900585731,191.109481811523,113.012271207922,122.214777351606,79.1722276475694,209.426788330078,0,240.18586730957,202.353629302979,207.154535293579,180.657830810547,189.747467041016,95.8670450975447,0,89.1334498938292,191.557874552409,233.064346313477,152.84008026123,114.209502367469,99.5786272281975,106.698324940089,0,176.021087646484,134.407373948531,167.082424510609,175.214260807744,73.7260777644622,96.1320534483226,100.047324101442,196.991742647611,185.99716758728,166.867296854655,106.782567014789,173.531761169434,148.105880737305,117.724439209583
117.343388184806,30.1124562461447,34.9966513290307,41.1385158122887,143.135067749023,140.713329315186,159.890998314167,110.798959812973,147.069274342783,106.723517657721,133.499821677727,71.0924473957407,186.124731881278,30.8206727505513,135.990742860017,145.990521748861,31.2907266138609,68.5633170044199,69.7261529283594,68.5914049764072,179.664363861084,82.7566192318602,45.7072093893997,52.0672075337015,79.1793323289949,31.6930613670859,43.3377283848362,17.4333969267414,87.7265554599224,124.528767200817,108.520175682161,27.7691116576801,133.346373421805,120.741884699408,73.0281533962125,188.072235107422,103.583361679249,97.8496214416812,66.2232045994865,204.680957794189,187.099975585938,180.894546508789,162.708667832978,189.791087559291,163.947257268996,193.112707349989,104.144060590626,206.311457316081,93.1167487067145,184.430722045898,182.18137105306,87.0413680469867,116.757836817578,106.477335572703,113.698479549305,207.748245239258,135.324400994085,77.3649900721521,109.048421705369,132.717486748329,77.385971274027,102.704434326413,100.877544336459,155.314493891019,192.007830712103,162.450622142445,107.845901489258,0,200.679969787598,124.281666407769
74.2166776521969,102.656307678223,77.5432654292644,52.2898647594815,14.1262171925596,127.981780774666,80.255452257963,33.3604031569462,84.1012930377431,50.6781264596126,33.9568283019595,146.311469371502,44.3394850857287,151.875250614051,91.0793607094469,76.6276268661022,51.3903017068396,117.267237519381,146.564424514771,143.0836294851,30.1659701294072,24.1471081363503,49.5578254254794,53.9627901142694,24.2109164429367,143.580376711759,129.850916854649,87.7265554599224,11.9833179122354,83.3591966960958,36.8362772484569,160.344520568848,135.022033161587,68.7704606922843,66.4000660405606,130.576666858709,142.575187683105,143.772662373332,76.9310353784,106.4950388106,0,148.620513456414,120.160753223174,154.67302242287,94.2279270717076,129.950795119478,202.68696085612,113.299188871062,0,153.179331951062,151.318108240763,105.882362067699,176.658515343299,229.051475524902,190.535077412923,89.1807176272074,121.385871949235,115.974995064013,141.217034898955,90.0583173670942,195.406224568685,191.660166226901,155.373973658055,119.48361162264,143.716298477117,123.753883652623,0,181.007598876953,124.481199617739,138.662460394665
18.832173491544,119.468246058414,113.263888691685,82.4982346832752,92.3295217788339,33.2041438200535,32.7173623993659,59.534232018243,34.1538998189454,76.7570491078195,92.3562282482711,61.1396396401583,91.5288824739709,87.1607511198366,22.9537787726589,64.3731317417596,100.957000005813,105.457481440266,94.5310631359325,112.732976031904,91.8819322807844,70.1794602593379,74.1254841048142,95.2495610262019,83.2555689685843,93.4789127349854,117.532670639086,124.528767200817,83.3591966960958,12.5266335681296,24.2764257766105,118.354827019476,14.052225281033,16.1633636150172,38.7855561936158,154.874760260949,0,181.506725311279,124.865541043489,146.996850149972,0,204.883777618408,146.884945166738,184.871767017939,134.780844254927,170.863154749716,237.946166992188,166.381877018855,190.606084187826,185.421637852987,207.649520874023,139.056825256348,199.252309799194,169.888097127279,183.916536603655,151.881954193115,140.469901637027,163.574148178101,173.099999237061,133.796859321354,0,173.437155472605,181.154023828641,141.351907211695,168.024141675643,144.567134857178,0,198.974334716797,143.032297951835,167.436834829825
27.184428345771,109.415719095866,82.5919728723753,59.6780734570979,91.263546534947,122.719451904297,137.146443880521,22.0063115677422,103.685614485307,59.4822511390034,104.795901385221,103.680358187611,96.2377090454102,149.580212402344,68.7953981640695,104.223054885864,72.9046183328067,70.0433513845629,116.950137668186,98.1526064638232,135.112668991089,31.5453053791542,52.6176364644588,48.8624965779816,68.7669359519657,126.441865539551,102.373986185079,108.520175682161,36.8362772484569,24.2764257766105,11.626114950806,145.226514434814,118.238018798828,45.4115222078739,39.9044543865617,133.600930647417,140.301345825195,156.149044581822,116.254800495348,0,0,180.112274169922,127.448645095825,182.871123702438,121.972258673774,175.76496887207,188.65104675293,177.625829060872,0,156.130072080172,0,110.077070548318,165.572802225749,245.82958984375,179.317964341905,131.970703125,118.301851622912,72.651787109375,131.758276470637,111.001851478632,217.598480224609,172.407831827799,159.891618001092,117.531710790647,146.512963638825,121.203766662296,0,175.128524780273,125.696666601932,137.326283580852
151.262171427409,66.9804330837507,96.398288699097,67.7171332995097,186.71858215332,100.854106903076,175.056780422435,165.745385874873,163.809401461953,133.040360936579,182.71565246582,48.8311299858188,141.383178710938,18.9138060442476,138.385528863645,177.929870605469,140.089248657227,89.3790013146779,58.9644552751021,64.5576562755434,181.068321228027,140.071026611328,103.28667696317,113.337941148546,144.166564093696,47.7983495898918,34.5398874754677,27.7691116576801,160.344520568848,118.354827019476,145.226514434814,10.5933989885198,101.925497436523,177.444961547852,76.6837211905933,0,132.833185831706,152.724349975586,102.912413279215,236.910720825195,0,0,238.311676025391,158.365592956543,165.776336669922,222.640640258789,97.8235597610474,0,84.9648300869013,232.389877319336,0,0,0,109.813451766968,120.490285600935,0,0,144.785312652588,150.695449829102,179.772975921631,77.132562546503,106.528358309877,105.024335356098,205.948425292969,165.085784912109,0,103.050471644248,0,0,149.909112548828
87.6263877020942,116.491279602051,172.062192077637,134.013185941256,137.268029785156,13.9747337331517,14.3659389495633,124.538899935209,18.1132742196927,121.559937286377,125.713195287264,62.9938435111727,116.185815811157,84.3123857003671,18.309746779587,43.3939690089726,186.894195556641,154.543548583984,113.012323651995,113.551429748535,130.541515697132,154.649429321289,143.545166015625,160.676878611247,132.895458221436,95.068489074707,125.786616552444,133.346373421805,135.022033161587,14.052225281033,118.238018798828,101.925497436523,6.61773258352611,91.6998634338379,36.7068234675423,0,0,0,108.419784545898,205.886367797852,0,0,191.397099812826,215.953701019287,240.268768310547,0,0,0,148.25846862793,232.468078613281,0,0,0,186.435287475586,0,226.375442504883,0,0,0,182.90189906529,0,0,158.579513549805,190.621654934353,212.694114685059,179.475891113281,0,0,0,223.6259765625
48.1846685776344,102.954574584961,100.573661380344,63.8349209866782,73.78722197434,90.4737071990967,89.0523370742798,61.5281513508967,87.9922036835642,60.0954760596866,88.6492923613518,102.264791236733,110.339416503906,166.939182281494,39.1244543597029,109.951925489638,92.4964561462402,92.37233341762,118.151252746582,103.575181450642,80.4640401204427,62.9444116025358,56.4913576051786,82.3415217081706,68.6619552156818,135.010559082031,116.092112350464,120.741884699408,68.7704606922843,16.1633636150172,45.4115222078739,177.444961547852,91.6998634338379,8.43869157079746,25.2174540753829,137.762433624268,0,116.562522888184,71.188840230306,146.568954467773,0,170.179885864258,135.503261689217,177.23686319987,97.8710810343425,184.174472808838,221.008316040039,162.935356140137,0,164.045193065297,0,106.768876647949,206.635284423828,0,0,138.428230285645,114.366088322231,105.946973164876,143.701413472493,114.155821328635,0,170.027278900146,185.484214782715,127.224950873333,143.911303397937,129.56434656779,0,0,157.770233154297,146.558442433675
76.3885784265472,66.3935708745804,71.6332608092603,67.5785398419759,92.7498418829414,36.7778528229944,47.7120654082753,87.3067769211989,56.309067912823,83.9689380318109,94.9565306247296,34.6288707842981,91.7615172124542,64.9045087168039,46.2178003709906,63.9801471165248,82.3859475703021,43.0418075759778,62.1653265577512,43.5517629843223,91.1625153677804,45.2396667760192,69.5120795203418,51.6285458047568,77.3741000030214,68.8412798312908,63.4603900585731,73.0281533962125,66.4000660405606,38.7855561936158,39.9044543865617,76.6837211905933,36.7068234675423,25.2174540753829,12.1393593029508,140.645327758789,133.849389394124,119.703971236499,97.8432769775391,148.35671043396,0,199.703365325928,141.507589801989,186.725357457211,119.591730499268,170.981182861328,129.536183493478,179.5032283238,113.994305577771,169.693195554945,182.021194458008,126.180448695592,133.827317352295,125.727156990453,133.785061679044,146.47275352478,125.010910207575,106.415316607501,127.53444150778,120.889862689972,117.934901844371,120.51844909668,122.059479884612,135.641177220998,161.409430992313,136.61772354335,125.422122955322,0,145.424253675673,135.026890856154
137.856353759766,0,226.686325073242,93.7181386947632,149.857208251953,0,162.456785202026,138.998134794689,170.732090473175,114.05837504069,150.576345316569,229.569671630859,0,0,175.356748140775,0,0,206.247741699219,0,0,0,125.329238891602,153.572901407878,154.022021823459,123.269272845724,0,191.109481811523,188.072235107422,130.576666858709,154.874760260949,133.600930647417,0,0,137.762433624268,140.645327758789,11.0562247628196,127.409733581543,114.425612894694,69.4317321222479,82.6555227603553,67.7231979370117,98.2861076154207,20.858628874637,49.6277211788664,70.5670037922106,76.1727693491969,134.491709156197,87.7799337979021,139.855948663527,13.5203995801307,87.5677730015346,93.7385349273682,100.649533789498,125.728467809092,114.421427049219,78.6408083779471,81.5449684688023,75.3438500220623,92.6674965815758,77.0108794836595,0,117.352696275576,131.550426547088,76.9293809887383,17.1462450632258,23.2283842478338,155.158383456143,106.670265197754,38.928694934845,82.268523918955
155.987701416016,82.914421081543,98.7509156545003,55.4431310133501,0,0,0,178.692451477051,188.225257873535,0,158.614456176758,127.602978515625,0,90.6580917835236,0,0,0,108.41859964224,114.381343841553,129.108864466349,0,187.115381876628,0,126.968971252441,147.81761932373,102.792411804199,113.012271207922,103.583361679249,142.575187683105,0,140.301345825195,132.833185831706,0,0,133.849389394124,127.409733581543,8.29890299191705,45.6615020298527,21.4313763170616,0,0,155.135513305664,120.206463566533,162.917057178639,65.4790785619818,108.502014160156,72.0160087697646,102.277618408203,48.9198137481405,136.875684465681,104.504725287942,66.1002246008979,56.0554907449377,66.3122431553832,59.7151377833167,110.255645751953,94.2955330848694,22.5675080714991,73.1297069998349,74.7557170873027,20.4751010794547,50.4094721145346,34.2445862298392,99.878168741862,138.507484436035,100.641625897638,74.9002935236151,138.626052856445,99.5506032307943,63.1371371259326
157.922336154514,111.810556585138,96.8014602288361,55.4078596379207,0,0,213.297157287598,155.307579271721,197.541055297852,177.314421335856,193.999346051897,162.011768341064,231.34098815918,139.119239807129,190.205392625597,0,102.152197751132,113.926785912844,162.59912109375,137.361607869466,0,132.64784557636,71.2074348900908,102.543184648539,135.859681421397,102.383392333984,122.214777351606,97.8496214416812,143.772662373332,181.506725311279,156.149044581822,152.724349975586,0,116.562522888184,119.703971236499,114.425612894694,45.6615020298527,17.2352000571104,45.868795537355,150.31022644043,180.957992553711,134.464827789657,88.1246739545995,128.031564666379,103.297144913092,111.872176354931,95.6569990450448,168.954186575753,92.1892362510042,114.524087431624,153.363703918457,82.6449988285701,44.8344743697277,88.8397247357802,65.2586558786879,133.074691772461,63.7205135854695,44.464587097168,32.6003145784348,103.868469897612,103.441355133057,41.1635741278242,33.5787897970387,72.3731093838775,132.099705020877,89.2229631144744,92.605048751831,182.990982055664,95.8453253543738,69.5418260838805
