11.7761701903867,124.918972015381,83.479822428355,76.5404473713466,79.4306517208324,72.2208213806152,70.2547675442983,28.9749034722678,20.497149949449,80.0709799598245,48.7141750987175,132.59947106146,99.9590334211077,147.253360748291,12.3005346261452,55.7898307800293,122.614318847656,101.821065071448,134.615955059345,120.592757336847,81.9903848821467,72.1440372416715,85.4747366905212,75.4229166016685,79.5269139167106,0,108.814099664428,114.350214147568,66.6422097181192,14.4435938411354,25.958249355045,145.935225592719,77.0318435668945,49.2985983689626,75.8366388915688,0,0,164.491220474243,88.0321667989095,0,0,202.47647857666,145.944082086737,166.384567260742,130.143783569336,149.553604125977,0,0,0,178.183498382568,0,113.929405212402,0,0,0,144.856063842773,0,0,141.064764404297,126.757225036621,0,190.802360534668,155.658184233166,129.142052499872,174.69854566786,153.828778948103,217.291793823242,0,175.938385009766,178.709861755371
124.918972015381,9.40013237246307,52.1281178901935,22.0904717321257,0,0,141.848693847656,105.286956787109,158.670999145508,69.8433210451144,130.888301849365,74.9965106217319,0,52.2731680161025,119.996145520891,108.843667602539,59.8773025844408,59.7311714586739,76.7620013167219,56.6560976526379,204.826843261719,97.312344397268,24.8483494238758,76.6580721028646,74.7158253295193,21.837763363187,48.0699363244607,32.732092385291,97.9566680908203,107.284132215712,106.290796031123,61.6256570900436,0,86.9968109130859,70.0272190007296,179.71614074707,75.3653411865234,102.065368652344,55.4556566238403,169.766937255859,0,0,144.67219543457,157.75634765625,94.7619883219401,184.436859130859,133.026034037272,0,115.708615112305,0,0,114.917724609375,94.9676767985026,116.908301762172,126.996265411377,0,110.62816619873,90.816801071167,119.769076538086,137.634201049805,0,107.356668360093,106.033930897713,153.0859375,0,187.286666870117,126.721241950989,0,0,102.324922561646
83.479822428355,52.1281178901935,15.0207792655504,55.7347641128102,121.43677520752,169.135622297015,134.877118356573,82.1405924695186,127.228360208162,121.873045043945,124.376532328498,87.6745453287159,117.439407935509,94.0079925855001,117.558880487305,130.137540181478,88.7104165586707,50.1415826705653,89.0070826406697,69.7135772092382,150.074028015137,68.0038810163238,49.0489011105196,26.4175062243983,101.032360578367,93.4417533874512,38.4405510249154,31.4443200652498,69.3702369681382,98.9949315485511,74.2568442530683,92.7113384833703,170.591592788696,99.3514193366556,68.7441015054113,0,91.3439161127264,95.3103948995608,64.5108652888118,212.571105957031,217.327133178711,216.724939982096,157.108180091495,185.834909439087,134.820346832275,172.649703979492,151.515464782715,0,128.481698354085,184.047697067261,0,112.489126168045,110.633768757815,141.213861083984,121.449882999543,0,131.932201862335,75.7848818526309,107.10280371016,153.992365030142,0,109.423055987888,94.9914667370376,153.009013268255,190.37092590332,153.254913711548,150.669296264648,0,222.435180664062,120.816747538249
76.5404473713466,22.0904717321257,55.7347641128102,16.055883400533,60.7810931886945,125.580002678765,98.280368010203,60.8328148244222,97.074382039298,23.4415922203916,84.3187081049947,75.9189589439182,95.8561295403375,51.1130734568661,91.488774954104,78.3247725746848,38.3844734548366,64.6755730265533,71.1772414176695,62.1754438067123,103.199268976847,55.3857310696499,24.9720350155798,59.5559648756395,37.7039090261623,25.9780499458657,53.1827208677928,43.8616700571024,53.798972412795,76.7890803426572,57.5347360087282,63.7330508084641,130.713701248169,56.3483001379658,63.3603636507503,113.094429016113,33.1625110308329,69.3466269859901,15.2325356921979,0,0,131.679702758789,103.022317831857,129.1525999705,39.4846753070229,152.887894630432,80.548365910848,157.78732808431,76.4135721992044,140.840924189641,0,48.518362112981,80.6603803220003,93.5750048955282,81.5555767331805,107.776924133301,64.1378868647984,11.1471032226841,65.9920337216166,73.8635658756379,45.8860065460205,63.2733630849354,59.1044425448856,100.534162712097,137.145565326397,100.856124369303,101.514265441895,0,66.045581817627,90.4256633959318
79.4306517208324,0,121.43677520752,60.7810931886945,10.4871980850918,123.705497741699,67.45585736757,42.5676564909283,98.5272589579667,35.2653987304024,28.014125297293,148.181010319636,19.2155161845607,178.471557617188,100.987401148478,48.4974489212036,100.678215026855,194.148963928223,0,0,14.8959756303808,79.7284253438314,50.3614311218262,93.0283889770508,16.1944686642546,130.961513519287,183.203515189035,160.429713567098,14.4296049001466,90.7464718160405,83.9671103159587,186.046585083008,129.833118438721,74.3345373905066,88.4164311525633,132.52613067627,0,183.951278686523,80.1735204060872,12.1493131038677,0,74.9926752756877,115.633317898481,121.627110258062,69.558064869472,36.31004132323,222.732238769531,14.6155665882147,0,125.285555222455,117.353661855062,98.7107849121094,188.154945373535,0,238.625595092773,7.99341444748331,0,0,160.804641723633,88.8828057658916,0,245.635467529297,168.517402648926,41.8230210837968,131.119877983542,134.240392049154,0,193.708076477051,0,114.075984954834
72.2208213806152,0,169.135622297015,125.580002678765,123.705497741699,7.75516036539086,9.64291725659716,106.329130172729,19.1460071462472,111.093228149414,113.885392165766,56.4734513419015,94.140496412913,73.4574241638184,32.496698862122,17.3448757105261,0,167.583084106445,0,176.602436065674,119.112881978353,0,0,172.910820007324,132.576117833455,0,152.080584389823,104.272689819336,122.624209594727,24.6013843353098,113.059410095215,0,14.6833229443265,0,36.8180677137877,0,0,0,0,0,0,0,0,244.43342590332,0,0,0,0,0,0,0,0,0,0,0,0,0,0,0,169.276321411133,0,0,0,187.412022908529,217.682304382324,0,0,0,0,0
70.2547675442983,141.848693847656,134.877118356573,98.280368010203,67.45585736757,9.64291725659716,11.0255783520644,52.9453913632925,18.0767663720096,85.5457825831005,31.3154635003454,93.9129340269855,16.9592200993864,126.146140159445,27.2082272948791,15.977991249348,135.685550689697,158.511703786924,160.117679595947,172.943642792878,34.5265794424686,116.193721285733,95.3502938406808,122.219381281399,84.7468490747305,154.359462738037,160.070456807524,154.905685477061,71.7565571965735,45.1915922928811,132.473177026819,175.552979787191,18.7614648904575,88.3171526590983,67.5617710812525,163.903377532959,0,209.081817626953,109.005724289838,156.518630981445,0,173.905107770647,153.025569682219,170.050493437668,120.65934753418,152.860118981564,0,49.099796295166,0,182.126077505258,134.379104614258,143.531562805176,210.935012817383,0,215.053070068359,154.175961303711,173.225486755371,151.410123825073,223.094757080078,130.856373753001,0,184.923873901367,196.368176546964,148.963948515273,189.308892822266,162.900468444824,0,196.169387817383,0,175.997400919596
28.9749034722678,105.286956787109,82.1405924695186,60.8328148244222,42.5676564909283,106.329130172729,52.9453913632925,9.0646581741707,52.194110145227,55.0844304660498,14.1792911229308,139.496480187704,53.76881891982,152.777346403702,30.5617236164369,67.1982869599995,89.3043142248083,119.698942269109,154.302934646606,137.403264919917,57.9998702111645,59.154871314198,79.496691519754,66.7682464454898,56.224421662992,146.125923156738,119.599087357776,103.817364530831,27.9768845954369,50.4898254525814,19.3241011214348,159.344211779143,113.91953602243,55.103050434843,71.9187008663289,139.704856395721,0,162.433124542236,71.9952627454485,127.279184229234,162.089141845703,137.685872192383,119.300729937258,152.619343362203,78.9474590619405,126.183254665799,207.81965637207,114.542186101278,0,155.624724157925,124.301570892334,109.077112742833,173.482413155692,206.736938476562,189.708740234375,123.855702718099,131.198225838797,106.419652938843,154.453174591064,101.135922679994,0,180.539761013455,158.6423803301,118.629266922562,149.719766801403,131.029793003627,0,198.845672607422,141.406655447824,150.460079193115
20.497149949449,158.670999145508,127.228360208162,97.074382039298,98.5272589579667,19.1460071462472,18.0767663720096,52.194110145227,10.8990463156473,90.7628235287137,29.4467431541697,82.4405738794706,80.7188787849961,111.73612987547,13.2093291660584,33.8960452616473,138.698561532157,151.343197230444,141.136355082194,163.380368931087,91.3672747901275,105.105440744079,112.102891330061,118.820936232437,86.4056187236627,113.053204854329,153.870458406823,145.200014303226,84.2478503831449,30.562790228999,116.430919077489,143.327788162231,21.1625958239832,110.379645665487,54.2593147093508,162.988194392278,0,182.659322738647,106.595676197725,146.635052490234,0,169.096397127424,153.204303470735,179.788295614308,134.785203721788,162.119183131627,0,126.83182220459,0,185.984810401653,169.739608764648,139.258074833797,219.976934814453,162.780609130859,216.663012695312,135.66726398468,146.283462524414,163.89097442627,166.125600179036,132.789116459038,0,201.253534317017,185.866881016323,147.46052049443,189.797972573174,175.917358026272,183.546875,209.095352172852,171.407958984375,174.229949951172
80.0709799598245,69.8433210451144,121.873045043945,23.4415922203916,35.2653987304024,111.093228149414,85.5457825831005,55.0844304660498,90.7628235287137,9.06653452311301,78.9239457381399,132.65987923362,12.9890832908767,117.80158213593,94.7682847687692,16.5602500363499,43.0721652712141,118.364651012421,139.655650799091,126.36411819458,29.9725564224551,72.5604413223267,24.7817029269981,115.451307177544,22.542710678767,103.932450901378,118.063760404903,110.506403488886,49.7139642609113,76.8295418695109,59.8250395631936,134.945247121958,130.01096089681,57.2915138893939,88.0070679030229,89.0263684590658,0,131.008171081543,24.611687429746,95.1724128723145,0,114.60243334089,83.9540832782614,127.1710896492,34.31468090415,97.6957012523304,191.541507720947,85.4675540924072,180.325508117676,119.935678754534,0,108.429623921712,0,231.580444335938,199.160079956055,85.5673281351725,0,74.0109565734863,204.534248352051,68.4912561619535,0,192.831069946289,180.402031346371,91.7001982331276,124.947714669364,123.518195597331,191.046020507812,0,81.4422302246094,111.642913818359
48.7141750987175,130.888301849365,124.376532328498,84.3187081049947,28.014125297293,113.885392165766,31.3154635003454,14.1792911229308,29.4467431541697,78.9239457381399,9.73586404862485,143.474785641926,27.4294425263468,153.578083190918,61.9094947708359,60.7857363948116,0,155.421359300613,164.49308013916,164.705193953081,18.0135096932938,96.039864274322,103.07110756322,105.116980743408,64.6121544987483,152.510650634766,151.727717955907,148.326670922966,28.4714294423893,88.5810001003545,103.177379276441,174.427312850952,122.670525400262,77.9320071538289,84.8458724057459,150.907754080636,0,180.214492797852,99.337228012085,141.676660855611,199.653274536133,150.755612267388,128.131388389458,157.930733752852,79.1391008095663,135.238245827811,223.890274047852,52.9998601640974,0,168.495472412109,141.122196621365,131.916812896729,229.249206542969,0,0,128.878799964642,0,123.612347920736,165.04806137085,110.080282594833,0,198.104217529297,193.38865334647,133.260337494232,170.778086045209,161.332836151123,0,0,157.983286539714,166.973831176758
132.59947106146,74.9965106217319,87.6745453287159,75.9189589439182,148.181010319636,56.4734513419015,93.9129340269855,139.496480187704,82.4405738794706,132.65987923362,143.474785641926,13.9135009976662,133.91073698156,27.0185600448136,70.6385202669443,132.941822398793,134.109069824219,56.4296012478275,17.731414823752,29.7327937936174,141.228115360911,108.644285176595,103.781704857236,84.2269785897206,144.34613639721,39.3724449709128,29.5292153889352,70.6511524277504,139.339007237914,65.9048460686071,103.525636445051,29.048076177785,57.607700401882,120.706746782575,38.2159827607019,189.923538208008,106.755974905831,169.722808837891,104.479784545898,0,0,0,203.624806722005,224.404800415039,185.387608846029,0,89.6877228931714,164.332580566406,85.6530037589695,232.010368347168,0,166.907859802246,145.553476969401,108.253308669381,123.052094777425,0,172.04899597168,155.849212646484,185.712741088867,184.919353230794,106.204750061035,103.958054151033,114.190564840268,199.618112182617,223.501486206055,201.731170654297,99.4518038727516,0,0,141.133497873942
99.9590334211077,0,117.439407935509,95.8561295403375,19.2155161845607,94.140496412913,16.9592200993864,53.76881891982,80.7188787849961,12.9890832908767,27.4294425263468,133.91073698156,10.5836673043935,157.298037719727,90.8501594000654,17.5159586595112,114.819267272949,113.317310333252,0,136.295206705729,12.9320052630987,121.055241902669,85.3841018676758,134.264764785767,15.5075215673038,0,153.275812421526,165.572374979655,42.7229455810631,96.3405975428495,143.263257344564,167.529907226562,111.533336762459,102.791568756104,89.8037443314007,138.148803710938,0,0,122.160338083903,48.2824068571392,0,55.132155418396,155.378382110596,120.153211975098,91.4777397155762,58.6669772755016,139.944961547852,10.2367344157613,0,139.956237792969,76.1180686950684,115.951194763184,0,0,0,11.6051124148496,0,0,0,110.616599587833,0,0,191.945579528809,141.972071409225,144.797576904297,0,0,0,0,172.133773803711
147.253360748291,52.2731680161025,94.0079925855001,51.1130734568661,178.471557617188,73.4574241638184,126.146140159445,152.777346403702,111.73612987547,117.80158213593,153.578083190918,27.0185600448136,157.298037719727,8.12675910718342,90.6324642675894,150.86498260498,119.205018906366,94.7601383209228,56.051875842245,73.1115409221846,171.523138427734,143.183875791488,89.2163321758634,115.064019078794,127.26355475074,22.0193354198967,48.8985872444972,29.1508261796938,142.860409927368,89.0581503755906,137.667101824725,15.1017955590336,75.5065407624116,135.946292877197,65.7528154347437,230.793228149414,99.9570029122489,186.474624633789,87.8343374078924,0,0,185.178207397461,183.511413574219,209.422271728516,145.284433538263,201.016082763672,78.0986901023171,0,79.3487924652784,180.175003051758,0,182.333552042643,148.18741607666,96.6085110714561,119.795576731364,185.914413452148,0,137.358180999756,0,194.668449401855,78.0823890686035,91.0403668525891,99.3932950846354,203.120105743408,176.137710571289,184.077606201172,96.8447822288231,0,0,123.431343078613
12.3005346261452,119.996145520891,117.558880487305,91.488774954104,100.987401148478,32.496698862122,27.2082272948791,30.5617236164369,13.2093291660584,94.7682847687692,61.9094947708359,70.6385202669443,90.8501594000654,90.6324642675894,8.7137101924045,46.6681178538005,134.860427856445,136.39088301425,103.772261937459,138.162368398724,95.8176058786476,96.6953926086426,119.698040174401,104.711085398831,94.3086713735874,92.4449572563171,133.16498214622,128.058581589679,86.7907934933347,20.4597121373316,73.0024807182225,117.564017159598,15.9208391036213,41.0766372794197,39.3479352520539,178.445818814364,0,187.546090262277,111.72616704305,145.314880371094,0,184.623475508256,153.504474270728,184.09935760498,114.605294121636,165.943115234375,155.132517496745,185.138092041016,136.828796386719,190.340764199534,194.341786702474,168.574699401855,161.243728637695,165.737731933594,207.209976196289,214.929550170898,202.225023905436,150.450688171387,162.631556193034,136.985158976387,0,172.23908441717,177.734626031691,153.697707934257,182.994704808944,166.306985606318,158.016822814941,242.513381958008,0,190.417304992676
55.7898307800293,108.843667602539,130.137540181478,78.3247725746848,48.4974489212036,17.3448757105261,15.977991249348,67.1982869599995,33.8960452616473,16.5602500363499,60.7857363948116,132.941822398793,17.5159586595112,150.86498260498,46.6681178538005,9.19728549684411,92.244873046875,163.987764358521,0,164.252948760986,42.0353194760605,116.746421813965,86.7070435115269,124.673230489095,43.5322388330417,139.895469665527,160.189699026255,140.863034486771,76.8979528427124,72.621854383554,92.2287241617839,0,38.0748710106159,154.088287353516,92.942627367766,142.626235961914,0,0,146.003753662109,107.98962020874,0,176.369293212891,147.311380386353,183.720664978027,98.6842193603516,167.419769287109,0,57.2223129272461,0,191.844172159831,0,0,0,0,0,0,0,0,210.850173950195,122.086193226002,0,0,188.915969848633,164.084042358398,186.814270019531,239.140914916992,0,0,145.827377319336,172.950729370117
122.614318847656,59.8773025844408,88.7104165586707,38.3844734548366,100.678215026855,0,135.685550689697,89.3043142248083,138.698561532157,43.0721652712141,0,134.109069824219,114.819267272949,119.205018906366,134.860427856445,92.244873046875,15.0371780368986,104.479564639304,134.741132562811,119.068983420348,89.9562072753906,22.9186646772448,26.6059194839321,23.1881869669938,30.9412611755052,107.871307009742,111.752470360428,31.7300763491479,46.2004816353936,102.647275057706,75.4959915296166,128.852167765299,0,79.9178608485631,81.8962707874057,210.867004394531,0,105.150966564814,57.6809163684687,0,0,0,141.932649785822,175.083338419596,0,0,189.356941223145,0,0,0,0,42.2198558056407,145.496978759766,158.155181884766,154.160619099935,0,112.679426978616,54.337547721644,91.0599312256067,127.866764431908,0,153.332361857096,99.3795510137866,117.953502178192,151.717791239421,132.405088806152,0,0,126.963729858398,115.603979746501
101.821065071448,59.7311714586739,50.1415826705653,64.6755730265533,194.148963928223,167.583084106445,158.511703786924,119.698942269109,151.343197230444,118.364651012421,155.421359300613,56.4296012478275,113.317310333252,94.7601383209228,136.39088301425,163.987764358521,104.479564639304,11.2704916367589,51.3047900528021,23.4434437946984,209.358642578125,65.6757237008474,84.352828011146,26.0298663173551,123.302351114451,66.6667900085449,31.4843132265882,68.9631739431498,118.234076496706,105.065225956804,72.6588404431283,89.4125497855392,199.960632324219,99.8321807167747,44.2490588439816,0,118.2956199646,117.625178048777,70.5678824501476,0,0,237.879501342773,180.289742606027,216.438741048177,153.415954589844,0,141.934359232585,0,137.858638763428,217.955078125,0,116.227085961236,126.433527397387,130.795695965107,123.467900336543,0,163.234503173828,117.865514119466,146.481756013015,168.509487649669,0,111.065480048503,113.841970550196,183.406052809495,187.508563995361,183.817943572998,122.802080790202,0,0,131.565206087553
134.615955059345,76.7620013167219,89.0070826406697,71.1772414176695,0,0,160.117679595947,154.302934646606,141.136355082194,139.655650799091,164.49308013916,17.731414823752,0,56.051875842245,103.772261937459,0,134.741132562811,51.3047900528021,9.41675961226748,21.5576059289628,160.541625976562,113.82753087824,113.024493673573,83.0548826396795,149.228364077481,44.066912911155,37.8702939891196,73.4326318360226,151.335151127407,97.665118182147,105.386771966603,59.926074272547,0,126.882724761963,56.2274199432399,0,125.722679138184,171.142623901367,99.5571603775024,0,0,0,205.322158813477,213.752624511719,0,243.911331176758,95.528850466706,0,90.4739983694894,199.163909912109,0,153.202718098958,128.269961039225,102.667726062593,125.198053087507,0,0,112.641128540039,158.875595092773,247.605743408203,0,103.168883706922,109.795173454285,222.859344482422,136.648310343424,0,101.610122203827,0,0,122.557535807292
120.592757336847,56.6560976526379,69.7135772092382,62.1754438067123,0,176.602436065674,172.943642792878,137.403264919917,163.380368931087,126.36411819458,164.705193953081,29.7327937936174,136.295206705729,73.1115409221846,138.162368398724,164.252948760986,119.068983420348,23.4434437946984,21.5576059289628,11.9088918726812,155.636520385742,98.3402061878551,97.0325664777434,68.3615729569032,138.082938286566,49.5620751268282,31.6759739656723,69.528891977335,141.142084429341,114.454413975217,93.2819481995332,68.7088762453089,110.202356338501,112.987532982459,47.1841534335962,187.991897583008,116.188693455287,138.09198919932,82.9042066574097,0,0,0,195.647605895996,223.373050689697,160.894345964704,222.593872070312,106.143584629275,234.429550170898,111.036153309381,196.456638336182,0,169.79416587136,128.23948603091,108.874292804349,115.071334648132,0,179.231460571289,131.326209124397,158.236655341254,184.309487479074,118.608782450358,103.775411290049,110.689833685316,214.934494018555,185.84521484375,181.642644246419,114.391123171206,0,169.767379760742,134.795077260335
81.9903848821467,204.826843261719,150.074028015137,103.199268976847,14.8959756303808,119.112881978353,34.5265794424686,57.9998702111645,91.3672747901275,29.9725564224551,18.0135096932938,141.228115360911,12.9320052630987,171.523138427734,95.8176058786476,42.0353194760605,89.9562072753906,209.358642578125,160.541625976562,155.636520385742,10.5547643386841,151.599802652995,111.286666870117,201.416046142578,12.062364269658,0,179.446303231376,183.313276163737,23.868622928166,95.475972927792,108.679774475098,176.175848388672,130.662526957194,92.0353942871094,88.1972058542659,0,0,0,106.920906066895,145.463966369629,204.078674316406,161.335433959961,127.59551525116,152.954654346813,73.5428765614827,146.545968736921,0,17.0849470923213,0,0,0,134.725708007812,0,0,0,139.261413574219,0,0,0,112.926853459056,0,0,232.738311767578,139.918190426297,226.329956054688,0,0,205.060104370117,161.310729980469,0
72.1440372416715,97.312344397268,68.0038810163238,55.3857310696499,79.7284253438314,0,116.193721285733,59.154871314198,105.105440744079,72.5604413223267,96.039864274322,108.644285176595,121.055241902669,143.183875791488,96.6953926086426,116.746421813965,22.9186646772448,65.6757237008474,113.82753087824,98.3402061878551,151.599802652995,13.5842478735257,53.0266115629438,26.869055746357,32.214894692357,124.848740072811,112.260302202201,73.5610562931658,23.9556911225227,54.2993832903008,27.2691420232326,137.978385925293,139.96206817627,28.8731285595312,44.3949217054972,143.455951266819,0,131.164491954603,67.2137240865956,185.468566894531,0,148.812606811523,138.239248962402,162.479080200195,82.7876281738281,0,208.156280517578,0,190.262329101562,165.569271087646,0,81.3734552659571,147.909772872925,0,191.422702789307,0,113.508936049621,64.7710429191589,121.437919137366,115.562404325639,0,180.391845703125,136.139141831443,113.035468310845,145.679258173162,120.265634516234,0,0,116.871913909912,120.810631713867
85.4747366905212,24.8483494238758,49.0489011105196,24.9720350155798,50.3614311218262,0,95.3502938406808,79.496691519754,112.102891330061,24.7817029269981,103.07110756322,103.781704857236,85.3841018676758,89.2163321758634,119.698040174401,86.7070435115269,26.6059194839321,84.352828011146,113.024493673573,97.0325664777434,111.286666870117,53.0266115629438,10.8308488836442,54.3564341025642,28.9160516600395,74.1185295509187,88.8313230167736,43.929444178011,53.5934111004033,91.4779962267194,51.5253812090844,104.260888933061,0,58.1186228990555,68.8767553827852,0,120.907684326172,69.6316911819133,26.79812841756,0,0,154.601094563802,114.567675696479,150.343157087054,65.7013012568156,124.278018951416,144.202373504639,0,142.060028076172,131.430390930176,0,58.6056854969746,116.751983642578,151.136693954468,134.169036865234,0,81.1176737271822,19.8973559832295,77.2975806962876,97.2755845206124,115.017395019531,128.398994127909,71.8792490858932,99.6883594166149,144.995346705119,118.846965789795,135.181365966797,0,0,96.4322068956163
75.4229166016685,76.6580721028646,26.4175062243983,59.5559648756395,93.0283889770508,172.910820007324,122.219381281399,66.7682464454898,118.820936232437,115.451307177544,105.116980743408,84.2269785897206,134.264764785767,115.064019078794,104.711085398831,124.673230489095,23.1881869669938,26.0298663173551,83.0548826396795,68.3615729569032,201.416046142578,26.869055746357,54.3564341025642,17.2614791538497,77.5701381696237,129.123161315918,61.5473952891579,46.2992807673347,47.3860715140393,82.0050579048446,46.1913431695173,122.69000453575,159.733330862863,65.8819740148691,46.3838772723923,0,69.5451443990072,99.3382980518368,74.2156893102134,0,0,210.272537231445,159.121845810502,193.101833636944,120.222534179688,170.463531494141,157.424053955078,206.500106811523,183.927663167318,184.662666320801,0,71.1418590002422,125.607470921108,160.641024780273,142.858682420519,0,125.951884608115,67.9137633197076,107.056328281833,133.569838809967,0,132.182783632862,99.4962980821059,137.736319567706,163.436685180664,143.501258577619,182.014063517253,0,132.643923441569,122.916053560045
79.5269139167106,74.7158253295193,101.032360578367,37.7039090261623,16.1944686642546,132.576117833455,84.7468490747305,56.224421662992,86.4056187236627,22.542710678767,64.6121544987483,144.34613639721,15.5075215673038,127.26355475074,94.3086713735874,43.5322388330417,30.9412611755052,123.302351114451,149.228364077481,138.082938286566,12.062364269658,32.214894692357,28.9160516600395,77.5701381696237,11.4649631845247,111.254293633847,124.870543822399,86.0099636761268,16.1628145663712,81.2114795272149,66.1266970210776,141.340193292369,136.381052570958,64.9843810432146,73.774040352184,125.476928228064,191.280944824219,135.627470710061,60.5663271037015,120.725207094286,176.564819335938,133.648090949425,113.416338949033,144.22183329849,61.3982715847112,120.201596437387,202.046374234286,91.6082494625678,170.087440490723,147.964539904927,119.455657265403,98.2808469794262,175.545149061415,219.226959228516,158.176274617513,122.62428817749,115.041829343702,77.8856424471227,123.636364618937,93.3006711934501,211.826126098633,189.104873657227,141.384817146961,108.672317692841,140.70250323695,123.62625095875,0,180.951932271322,128.778326924642,141.043575502791
0,21.837763363187,93.4417533874512,25.9780499458657,130.961513519287,0,154.359462738037,146.125923156738,113.053204854329,103.932450901378,152.510650634766,39.3724449709128,0,22.0193354198967,92.4449572563171,139.895469665527,107.871307009742,66.6667900085449,44.066912911155,49.5620751268282,0,124.848740072811,74.1185295509187,129.123161315918,111.254293633847,8.04819860703888,37.9369746165391,29.1990271074289,131.56778941435,110.210604499368,131.756137084961,43.4870696348302,88.6359283447266,0,66.0221198261648,0,104.898639678955,100.45573425293,35.4690322875977,194.766899108887,0,196.661895751953,154.888519287109,0,122.270050048828,0,88.6300239562988,0,93.2986785040961,0,0,150.665069580078,158.993808746338,94.6796134948731,97.2063018798828,0,0,0,0,167.247505187988,85.4987640380859,90.3278318786621,95.438112894694,204.875213623047,0,0,72.8077926635742,0,0,93.8272552490234
108.814099664428,48.0699363244607,38.4405510249154,53.1827208677928,183.203515189035,152.080584389823,160.070456807524,119.599087357776,153.870458406823,118.063760404903,151.727717955907,29.5292153889352,153.275812421526,48.8985872444972,133.16498214622,160.189699026255,111.752470360428,31.4843132265882,37.8702939891196,31.6759739656723,179.446303231376,112.260302202201,88.8313230167736,61.5473952891579,124.870543822399,37.9369746165391,16.3211773488458,39.8149254392161,124.801446371238,118.039177694503,99.4433680632448,27.1501458987259,130.484626243854,130.926646338569,67.624148311778,188.739353179932,112.03500213623,126.416633019081,62.0362977468839,0,0,192.586624145508,201.81517464774,201.092473647174,165.371035489169,202.106803894043,90.2119026284205,0,88.4711904251036,194.435481262207,0,149.302443871131,119.074297293639,96.9660241029143,103.980376650915,0,182.319376627604,130.976537010886,154.506032180786,180.447655571832,81.9697558259311,93.3100561689394,98.0112590344932,201.155686514718,165.092510223389,176.887729644775,101.651549378848,0,0,118.380753960408
114.350214147568,32.732092385291,31.4443200652498,43.8616700571024,160.429713567098,104.272689819336,154.905685477061,103.817364530831,145.200014303226,110.506403488886,148.326670922966,70.6511524277504,165.572374979655,29.1508261796938,128.058581589679,140.863034486771,31.7300763491479,68.9631739431498,73.4326318360226,69.528891977335,183.313276163737,73.5610562931658,43.929444178011,46.2992807673347,86.0099636761268,29.1990271074289,39.8149254392161,17.6100708648266,85.1089847266954,118.208729293162,108.3186208471,32.2231185783524,135.555321466355,121.456213674238,74.4211274474492,188.081237792969,103.167450182366,97.8755424670137,59.8611010844573,190.086364746094,0,200.94480242048,165.631645591892,193.460920333862,155.027946472168,187.578310139974,100.492520128921,168.075256347656,93.1753354627033,188.197291056315,0,87.0355666324431,115.579449838667,102.842584963471,110.915866896685,176.860069274902,132.749404189166,72.0034751982059,105.398382583414,151.767058787626,90.8001983753149,100.268929837819,96.3130720082097,151.206066622592,182.395030975342,167.300877773401,107.633582529814,163.170280456543,148.776710510254,123.913038795377
66.6422097181192,97.9566680908203,69.3702369681382,53.798972412795,14.4296049001466,122.624209594727,71.7565571965735,27.9768845954369,84.2478503831449,49.7139642609113,28.4714294423893,139.339007237914,42.7229455810631,142.860409927368,86.7907934933347,76.8979528427124,46.2004816353936,118.234076496706,151.335151127407,141.142084429341,23.868622928166,23.9556911225227,53.5934111004033,47.3860715140393,16.1628145663712,131.56778941435,124.801446371238,85.1089847266954,10.4290986006719,78.2991326814551,32.8528943137129,159.644215901693,128.254623853243,62.3724258238415,57.5530325228132,134.354934250099,149.412925720215,147.524876681241,71.1155884586163,132.4289902352,0,141.492796125866,119.490576106246,150.878092985198,77.2054532823109,126.179502494843,207.918830871582,54.5135344059095,172.669120788574,150.028862972388,136.536273411342,95.8454821685265,178.756683349609,0,219.230480194092,125.872582844325,125.562732077934,90.6335014767117,138.642730913664,99.9552970940104,172.089660644531,177.800637817383,152.110121526638,114.451034644516,144.799979193736,125.531607592065,0,200.09553527832,122.674787612188,142.668961103572
14.4435938411354,107.284132215712,98.9949315485511,76.7890803426572,90.7464718160405,24.6013843353098,45.1915922928811,50.4898254525814,30.562790228999,76.8295418695109,88.5810001003545,65.9048460686071,96.3405975428495,89.0581503755906,20.4597121373316,72.621854383554,102.647275057706,105.065225956804,97.665118182147,114.454413975217,95.475972927792,54.2993832903008,91.4779962267194,82.0050579048446,81.2114795272149,110.210604499368,118.039177694503,118.208729293162,78.2991326814551,12.5576654417499,19.5753667381194,110.315898825906,14.5720410462565,20.5745447374708,33.5787266160256,161.48968371223,0,143.185066223145,96.0219925880432,187.556490580241,0,176.108858744303,148.395784339126,172.673711265006,113.417319353889,162.00505065918,191.445933024089,119.436391830444,104.826866149902,169.294422272713,159.747009277344,117.627654393514,221.219360351562,224.30436706543,159.805191040039,188.568344116211,148.600634256999,122.989429855347,162.687732696533,129.699334495946,132.536544799805,159.202349980672,165.129356608671,137.642627739184,170.989331881205,151.602292316716,126.604972839355,173.482360839844,165.279407501221,146.215487162272
25.958249355045,106.290796031123,74.2568442530683,57.5347360087282,83.9671103159587,113.059410095215,132.473177026819,19.3241011214348,116.430919077489,59.8250395631936,103.177379276441,103.525636445051,143.263257344564,137.667101824725,73.0024807182225,92.2287241617839,75.4959915296166,72.6588404431283,105.386771966603,93.2819481995332,108.679774475098,27.2691420232326,51.5253812090844,46.1913431695173,66.1266970210776,131.756137084961,99.4433680632448,108.3186208471,32.8528943137129,19.5753667381194,10.0366056980553,141.442662446395,136.168901062012,46.1455968048262,35.6125736138006,138.286688123431,162.462131500244,140.628877427843,80.6744344844375,132.213539123535,0,188.238098144531,127.922783898526,170.728822791058,103.157684871129,154.361970901489,187.680778503418,0,0,153.735850334167,0,101.42294210916,174.634454345703,0,183.784449986049,0,114.452183385049,74.473383128643,130.374805026584,110.311563998461,0,171.809675428602,148.390416071965,112.893055249286,155.743376595633,122.361371335116,0,189.609558105469,117.701465606689,133.158047267369
145.935225592719,61.6256570900436,92.7113384833703,63.7330508084641,186.046585083008,0,175.552979787191,159.344211779143,143.327788162231,134.945247121958,174.427312850952,29.048076177785,167.529907226562,15.1017955590336,117.564017159598,0,128.852167765299,89.4125497855392,59.926074272547,68.7088762453089,176.175848388672,137.978385925293,104.260888933061,122.69000453575,141.340193292369,43.4870696348302,27.1501458987259,32.2231185783524,159.644215901693,110.315898825906,141.442662446395,10.8220296655888,101.974360148112,147.127685546875,80.408289391419,0,125.250468254089,165.787126541138,123.918113708496,0,0,0,183.520080566406,222.545154571533,0,0,94.7626494540963,0,93.831225113903,217.703002929688,0,205.21044921875,141.547622680664,108.427180598332,118.4839453125,0,0,150.121868133545,195.966255187988,214.309352874756,88.4877479553223,99.9286804199219,106.791646979321,221.232299804688,0,195.9990234375,104.154115915298,0,0,128.267830984933
77.0318435668945,0,170.591592788696,130.713701248169,129.833118438721,14.6833229443265,18.7614648904575,113.91953602243,21.1625958239832,130.01096089681,122.670525400262,57.607700401882,111.533336762459,75.5065407624116,15.9208391036213,38.0748710106159,0,199.960632324219,0,110.202356338501,130.662526957194,139.96206817627,0,159.733330862863,136.381052570958,88.6359283447266,130.484626243854,135.555321466355,128.254623853243,14.5720410462565,136.168901062012,101.974360148112,6.42982838223307,61.0375366210938,35.9709395944145,0,0,0,146.039845784505,0,0,0,190.716934204102,0,0,0,0,0,0,0,0,152.088043212891,0,182.641235351562,0,0,0,0,0,174.429641723633,0,178.302154541016,208.252105712891,179.647384643555,0,0,0,0,0,0
49.2985983689626,86.9968109130859,99.3514193366556,56.3483001379658,74.3345373905066,0,88.3171526590983,55.103050434843,110.379645665487,57.2915138893939,77.9320071538289,120.706746782575,102.791568756104,135.946292877197,41.0766372794197,154.088287353516,79.9178608485631,99.8321807167747,126.882724761963,112.987532982459,92.0353942871094,28.8731285595312,58.1186228990555,65.8819740148691,64.9843810432146,0,130.926646338569,121.456213674238,62.3724258238415,20.5745447374708,46.1455968048262,147.127685546875,61.0375366210938,9.26824100584686,16.4604247369808,130.934434890747,0,180.541442871094,80.012035369873,0,0,126.847991943359,136.486852125688,170.439170837402,96.2602836608887,170.086292266846,0,0,0,153.793145315988,0,99.5455946488814,240.122116088867,0,0,0,127.771100362142,106.113797505697,130.054595947266,110.497635614304,0,180.334457397461,174.382656860352,115.984900433084,148.223153547807,121.892329129306,0,0,132.735008239746,164.207130432129
75.8366388915688,70.0272190007296,68.7441015054113,63.3603636507503,88.4164311525633,36.8180677137877,67.5617710812525,71.9187008663289,54.2593147093508,88.0070679030229,84.8458724057459,38.2159827607019,89.8037443314007,65.7528154347437,39.3479352520539,92.942627367766,81.8962707874057,44.2490588439816,56.2274199432399,47.1841534335962,88.1972058542659,44.3949217054972,68.8767553827852,46.3838772723923,73.774040352184,66.0221198261648,67.624148311778,74.4211274474492,57.5530325228132,33.5787266160256,35.6125736138006,80.408289391419,35.9709395944145,16.4604247369808,11.7209207642499,153.506225585938,122.357164823092,118.813204000284,84.9910488128662,151.836654663086,0,185.102831522624,148.565201556096,172.146839686802,121.566204325358,172.379220962524,132.134063415527,107.206594467163,125.431980641683,168.952136448451,208.041976928711,99.1456195561573,127.677080993652,131.626002152761,134.973712241813,0,121.181356359411,88.9148450178259,117.530153681723,121.710328318856,139.302655537923,121.082358448445,118.528369575604,132.716480842003,165.995511488481,140.289015734637,130.795993041992,228.842491149902,130.926016235352,138.970959630506
0,179.71614074707,0,113.094429016113,132.52613067627,0,163.903377532959,139.704856395721,162.988194392278,89.0263684590658,150.907754080636,189.923538208008,138.148803710938,230.793228149414,178.445818814364,142.626235961914,210.867004394531,0,0,187.991897583008,0,143.455951266819,0,0,125.476928228064,0,188.739353179932,188.081237792969,134.354934250099,161.48968371223,138.286688123431,0,0,130.934434890747,153.506225585938,12.1513670863527,134.120658874512,124.206953971617,68.1944596907672,88.098638560674,117.408629099528,96.7104149109278,34.6659255009878,44.6837907249049,67.3378846580918,79.4666385864944,125.535518505606,110.986557006836,156.816825279823,16.6021372593886,126.726720174154,77.0065429537904,105.969764267681,128.880222517869,116.576590779919,87.0462022078665,84.0169331698947,77.7297577218911,96.7287390737823,75.9980671857847,158.340199788411,121.67287431304,140.071355929041,82.7649518475262,20.3079638530799,29.9422318391159,148.981342739529,83.7070758607652,39.7216871784579,70.8824241865927
0,75.3653411865234,91.3439161127264,33.1625110308329,0,0,0,0,0,0,0,106.755974905831,0,99.9570029122489,0,0,0,118.2956199646,125.722679138184,116.188693455287,0,0,120.907684326172,69.5451443990072,191.280944824219,104.898639678955,112.03500213623,103.167450182366,149.412925720215,0,162.462131500244,125.250468254089,0,0,122.357164823092,134.120658874512,9.82171197627896,43.8639822068153,17.7904053556508,0,0,144.623199462891,123.296327262089,161.961032573993,69.8781933231816,187.078048706055,67.266664703687,0,45.1358296747486,163.801273890904,110.705449422201,71.8762877107871,55.5856084321675,64.7816101421009,58.2451643588859,0,103.359827481783,28.3936934624707,71.5450096691356,74.8578099844137,16.1209703714872,49.2091869922488,31.6103892491142,119.843691507975,120.985101699829,116.134678522746,68.0886649692181,201.827178955078,114.205509185791,66.1264198075479
164.491220474243,102.065368652344,95.3103948995608,69.3466269859901,183.951278686523,0,209.081817626953,162.433124542236,182.659322738647,131.008171081543,180.214492797852,169.722808837891,0,186.474624633789,187.546090262277,0,105.150966564814,117.625178048777,171.142623901367,138.09198919932,0,131.164491954603,69.6316911819133,99.3382980518368,135.627470710061,100.45573425293,126.416633019081,97.8755424670137,147.524876681241,143.185066223145,140.628877427843,165.787126541138,0,180.541442871094,118.813204000284,124.206953971617,43.8639822068153,19.4295863541861,45.7503789809557,141.374737421672,144.444259643555,136.984181437459,93.3477283363065,127.652250137478,95.9801101207733,111.066929320439,92.3713448311119,152.655567169189,96.6090984859982,122.447413712189,137.377545283391,79.9252207956196,49.4700406254874,89.2249555529261,68.0739994629511,121.249704996745,66.8674510067456,53.1127953913904,33.7148303811279,96.1201454066831,83.0533190833198,45.1900554943333,31.9375999320654,74.8863724022953,140.648494807553,90.8924122059599,93.2314452107747,168.894171142578,98.2858059531764,71.1332139272849
88.0321667989095,55.4556566238403,64.5108652888118,15.2325356921979,80.1735204060872,0,109.005724289838,71.9952627454485,106.595676197725,24.611687429746,99.337228012085,104.479784545898,122.160338083903,87.8343374078924,111.72616704305,146.003753662109,57.6809163684687,70.5678824501476,99.5571603775024,82.9042066574097,106.920906066895,67.2137240865956,26.79812841756,74.2156893102134,60.5663271037015,35.4690322875977,62.0362977468839,59.8611010844573,71.1155884586163,96.0219925880432,80.6744344844375,123.918113708496,146.039845784505,80.012035369873,84.9910488128662,68.1944596907672,17.7904053556508,45.7503789809557,9.82922670628106,72.1821943143519,0,75.0298095703125,57.2898707879063,96.4587409428188,36.793793547362,74.7440449222104,72.7168421159711,43.4883604711956,40.5876111415521,89.4818381442819,50.4379906447037,39.2936524570519,58.8459014840888,77.6204287690936,60.5139307760978,61.5082416199801,49.2769571586891,34.8255183361096,50.9281260851134,39.4321198263406,24.9726666866205,48.7901209274141,38.8761214977121,57.8809855699539,85.7162695014442,66.6439864620597,74.4997796845018,122.834512329102,67.5071784973145,65.5468444370088
