10.2203716811581,132.941895224831,113.591764842763,71.9496804003446,86.4344821166992,78.4421246846517,92.905436144377,33.4363133877123,73.2803540617076,70.7940991575068,78.1960059024412,125.246082105135,97.0883709498814,158.717819213867,20.7056100330543,115.755594889323,118.969995880127,99.8009872550622,141.179941513959,125.615625610352,99.877208845956,77.5026581730675,85.7185018979586,88.0353257308562,80.0969118166573,0,133.192410151164,135.892701166326,82.5060279319161,20.2678646376619,34.1801208383918,160.242183685303,83.0812027972677,34.3515582475506,69.1244844785878,154.750757598877,0,164.539218139648,94.4465755886502,95.4045257568359,0,165.608459472656,139.357611098379,162.750549316406,111.691332499186,176.059982299805,246.485641479492,139.710624694824,240.303131103516,168.233285692003,0,145.614334106445,196.255905151367,0,0,137.856914520264,168.653109232585,100.470064798991,183.153024037679,123.942593892415,0,172.526885986328,173.615865399761,130.29938577422,156.330733804142,147.738209691541,0,194.377624511719,176.928323364258,163.638640183669
132.941895224831,6.78328286327073,34.3465570295179,15.6751129511012,101.734426879883,0,130.739536830357,118.271274185181,144.417934962681,67.4825118577116,135.684949239095,62.2304099013166,108.051347732544,51.4625718555054,134.961376825968,118.707235336304,53.8900797495971,58.6147550475089,74.061406816755,69.6265168623491,143.441040039062,87.0443491052698,28.8209501032816,64.7172874817874,81.6845109217053,19.4410306975725,52.4309589792285,32.5532153347381,101.582414261018,126.487536430359,99.0169567781336,65.1481990578734,81.1489868164062,99.7518785264757,60.8956759748325,138.471454620361,47.9145329793294,79.3574403256786,66.4572772979736,0,0,160.683883666992,152.136224013108,157.481674194336,214.52303314209,171.049423217773,92.3928197224935,176.189743041992,95.0049708557129,161.330763244629,0,103.232722473145,111.975383122762,130.675437927246,123.847357177734,0,179.95622253418,112.658457438151,100.229438418434,141.709278106689,81.4690902709961,108.471830940247,87.2772183774123,163.279224395752,141.435157775879,161.563003540039,109.33046468099,0,140.032196044922,96.3721618652344
113.591764842763,34.3465570295179,12.0472704425161,42.1063767286323,128.279565077562,168.383926391602,142.88304678599,96.9562341638024,123.794410737758,108.989938269721,114.248109190805,81.9774444580078,166.18646587025,82.8331088330372,117.097157086383,142.650506973267,83.8149490865072,50.280561619718,79.8601124489954,72.3541393200886,158.182393391927,65.2090093872764,47.8433639441831,33.3383112111281,104.566770036211,0,44.7334095200918,32.3330063541065,89.1403775596751,135.610874573139,91.9419199438656,84.9429130009242,156.195566654205,114.444283878102,66.5997696838086,154.756343494762,76.9569068764741,90.9785810049355,69.3159394656911,180.328796386719,0,202.415154593331,171.583641052246,174.506000913423,176.346145629883,190.730073928833,130.952983856201,0,133.580965677897,174.225062779018,190.535446166992,116.146641715628,109.515826559628,136.900165264423,126.22572479248,0,139.84882068634,87.5454730987549,106.830233713786,155.974481871634,133.415073394775,98.8042386040014,91.5025971122547,167.752337736242,145.334714617048,145.640285145153,134.300004577637,221.297210693359,153.133857727051,110.02523021698
71.9496804003446,15.6751129511012,42.1063767286323,19.8856963013101,69.7208344758447,121.946383158366,99.4835174809331,56.122578376827,89.9084371961256,31.2888220086164,89.1272915314863,70.2703098836152,118.679181879217,48.4364767745567,84.4010495327889,84.5341033935547,37.8417777945042,69.0746581457099,85.3916918846869,64.933949210427,97.5758903140113,53.3797172432841,28.1802897932603,56.5381232891304,40.3194081394968,15.706011603078,45.4084720426393,36.405150169697,53.6000781277773,72.1838107043664,54.0167997762368,66.1508617401123,107.999864578247,58.374659340103,63.2494694736885,83.1667820857121,59.09491556341,70.797757421221,24.9219156940531,96.7965905325753,0,122.075993129185,81.1467835461652,127.450212579024,25.8967657972265,107.656828117371,99.3245531717936,209.207038879395,86.0523431566026,111.053658866882,0,52.9437520592301,82.7684087975081,92.1943020290799,77.8929465273593,95.7139343261719,71.5974180155279,27.285639707734,67.3987331957622,60.1052631960822,65.9063745074802,64.9809350122379,61.2449764492005,76.4690203103674,96.6213615231398,73.2943802012338,119.134122212728,209.181518554688,81.800789642334,89.9187517877835
86.4344821166992,101.734426879883,128.279565077562,69.7208344758447,10.0416309812498,100.527537536621,72.7567704574407,71.8003906736187,92.0027565068977,41.6891532897949,28.7989688113717,157.136428833008,34.1053530781023,180.158192952474,99.2143248098868,61.3972423625104,87.1910142164964,168.807271957397,0,170.637680053711,16.4170718467587,109.978079223633,78.3466842086227,137.940850067139,24.8600612985751,166.464889526367,162.51282378166,137.592309773763,16.6122360018682,99.4862226886809,107.133380889893,176.538650512695,137.71155686812,85.044572747272,103.126413901647,134.81300163269,142.13346862793,193.227874755859,84.163521194458,17.6241265604728,235.761627197266,138.648362773738,122.812444350299,148.70479809508,96.9737839471726,135.458879783907,196.903121948242,84.0999344273617,212.029090881348,163.270229432641,129.107584635417,164.866958618164,200.262954711914,225.153060913086,0,27.840028221969,144.669634501139,131.787777709961,188.54781850179,98.2632660828237,188.459508260091,227.321782430013,199.00658416748,121.509705239082,168.5649749401,172.965293884277,0,186.69905090332,129.323211669922,160.251776123047
78.4421246846517,0,168.383926391602,121.946383158366,100.527537536621,6.30289709406529,10.9927825708641,116.785086782355,29.4752280757254,55.8910748025645,119.425525338309,65.2795461596865,103.493311342986,69.72682762146,38.771742724214,14.3107493327114,0,155.212124633789,95.0420562744141,105.42541809082,122.002334594727,0,118.679763793945,148.983448982239,102.088359991709,0,97.9018325805664,135.497555541992,131.951449802944,21.9263017952442,124.786829630534,107.131042480469,8.97884343402533,0,31.6144401005336,0,0,0,0,0,0,197.197463989258,185.860733032227,209.907081604004,0,226.084045410156,0,0,109.202602386475,224.085159301758,0,0,0,0,0,0,0,0,0,182.911534627279,0,0,0,175.028980255127,231.729888916016,0,0,0,0,0
92.905436144377,130.739536830357,142.88304678599,99.4835174809331,72.7567704574407,10.9927825708641,11.6949807042609,69.2696203657965,23.3143003622973,64.2419903990048,38.4143665276568,92.1877666329438,34.4023392459094,97.0062032203152,39.1282560608539,12.9762999739212,113.199562072754,163.226434487563,119.570944393382,139.249759380634,57.3783952562071,136.389275984331,124.807938575745,138.323776152826,77.0093175465031,108.404116312663,168.870744372952,157.147127249581,70.6541944227908,50.5791452604275,122.862958650331,151.806866645813,19.3723613104351,117.17352104187,67.7905480747559,167.261860656738,0,192.686870029994,115.048046277917,135.578243891398,0,160.639023073258,147.959223356002,167.362449813675,121.687891960144,153.467493832384,236.661392211914,91.7843812795786,0,176.802439689636,152.548774719238,165.805567423503,221.441818237305,0,0,147.125919342041,204.480117797852,0,213.972150530134,133.074569374002,0,208.557464599609,205.579131232368,152.318100092961,183.512586935973,180.461627197266,0,210.232025146484,174.378829956055,182.660645484924
33.4363133877123,118.271274185181,96.9562341638024,56.122578376827,71.8003906736187,116.785086782355,69.2696203657965,13.2171645827085,58.084657005856,55.7172443775648,21.3603049757422,154.825290518747,83.064385584781,163.988488710844,45.341538328459,81.3527945605191,96.2469892501831,120.310209998984,153.520295576616,159.175358698918,114.480583190918,65.3154958522788,84.8693660867625,78.4287649645312,60.3464585714549,154.801294962565,137.305506312779,120.805820543322,33.3160423999249,66.9067787680142,25.889413174036,168.466893196106,124.20461730957,71.0381100902241,88.1330358628689,136.191348484584,164.44211324056,165.267444751881,75.5038742863275,127.790649414062,168.778411865234,146.869331496102,125.563195373298,153.58881046461,94.921535051786,139.697645020716,212.130793253581,155.494606781006,0,150.61369390586,138.455861409505,153.682857166637,198.628024708141,208.484603881836,213.604690551758,165.387777155096,147.152723693848,115.249067867503,161.880393981934,111.182692477578,182.92561340332,198.01580581665,166.281078667476,121.412773011606,152.409965077783,142.760708742364,0,193.919033813477,137.494733683268,140.393339287745
73.2803540617076,144.417934962681,123.794410737758,89.9084371961256,92.0027565068977,29.4752280757254,23.3143003622973,58.084657005856,11.4760112434856,82.8733374756854,40.1635842313716,98.6349862881792,84.5050462589544,91.6121219844993,18.5592791934846,48.6682198311586,154.415019857472,138.769408129323,136.571521817721,148.198419023268,89.6933110429736,103.817036371851,132.224769486321,110.855054669944,82.247694356783,114.368528366089,151.985170407852,146.786548459044,80.8493603092964,42.3718188783269,91.2277873951,157.339874140422,12.8096298009332,109.435267003377,68.1976841183861,155.64338942497,198.382592773437,184.234131336212,101.111490055666,151.933564061704,211.412788391113,160.022014088874,142.673912442013,162.997280056194,120.142394002279,151.303239797617,218.014484405518,138.907844924927,125.206424713135,167.02226706555,155.661666870117,183.39128112793,207.799417832318,0,186.923233032227,144.183714789313,183.316041056315,170.057832605699,194.073401028993,130.793834593238,237.02880859375,213.240749511719,187.833500903586,143.357101710055,175.620528277229,166.369611715969,0,204.498413085938,162.6965965271,179.009259352044
70.7940991575068,67.4825118577116,108.989938269721,31.2888220086164,41.6891532897949,55.8910748025645,64.2419903990048,55.7172443775648,82.8733374756854,11.5649455762023,69.8121542788968,127.459011424672,10.2198211480332,121.005817285463,85.8538185771386,21.9943031678025,61.0560175288807,131.775354629908,146.039080810547,145.244815826416,47.0875101862727,85.570712557706,24.6536759753725,102.272273864746,18.4793553984271,97.3818764594632,136.845638239495,112.02646316059,52.6852327367311,74.7113514032839,60.6102375005666,135.020038604736,149.068621063232,61.9634472591425,81.3627363240944,97.1364517211914,116.423370361328,173.857189178467,39.7224922026357,91.7678712209066,0,112.980903625488,107.692660377139,132.760519761306,25.3371711373329,105.747835922241,0,99.5722503662109,164.08317565918,137.754871368408,117.8453540802,143.536506652832,193.098485310872,171.862724304199,177.857916259766,77.6466445922852,95.8672790527344,114.595569610596,129.99705335829,66.2007691643455,168.925792694092,170.762982940674,171.403356742859,104.299682617188,114.77690818093,111.470502217611,176.849555969238,0,115.199798583984,88.5848970413208
78.1960059024412,135.684949239095,114.248109190805,89.1272915314863,28.7989688113717,119.425525338309,38.4143665276568,21.3603049757422,40.1635842313716,69.8121542788968,13.2996577424161,167.327620347341,26.6202172794869,177.392046414889,48.4467815977106,76.8096240650524,104.754477364676,165.27480618159,178.766384124756,180.078509012858,21.2141387828339,84.9917891543844,109.246889795576,98.7614821145361,60.320877211199,0,157.454708691084,145.081047189647,31.7144044108323,93.5425240377497,94.6000313218591,177.978790283203,127.618045288839,96.149500301906,95.0320084201067,166.852978842599,178.95728302002,189.554285685221,93.322827189958,114.910922479026,0,148.598690601105,132.972408058763,156.196095339623,118.710519937369,145.552305157417,208.897842407227,127.104699231576,216.762056623186,161.544277398483,149.517366621229,194.368527730306,209.835575984075,0,0,46.4505618194861,187.209613037109,159.268379211426,180.157709503174,114.119317101875,184.907922363281,209.625532362196,199.076200212751,142.236404829451,173.183120064113,181.307813307818,236.64331817627,202.620523452759,169.512587738037,164.851431687673
125.246082105135,62.2304099013166,81.9774444580078,70.2703098836152,157.136428833008,65.2795461596865,92.1877666329438,154.825290518747,98.6349862881792,127.459011424672,167.327620347341,14.1039775595026,157.951362208316,24.182436442386,95.9457769688405,151.589078903198,122.284784078598,49.115526004943,26.0518807069222,28.908186076474,156.296702067057,90.1422900530248,98.9357743555186,77.7709699756038,150.377259276634,39.0041319386876,27.628981186197,62.4653558395003,162.693573179699,82.2226519087341,100.305912288155,31.6282162905606,64.9689138183594,98.9412643432617,37.0918334868448,0,116.673874855042,143.522649765015,103.094311640813,0,0,0,210.36439259847,248.30940246582,180.906706068251,218.695442199707,96.3988003540039,234.574157714844,77.3788521482233,201.255317687988,0,161.456802368164,127.082879873422,98.1655323630885,114.528972110233,0,163.647583007812,114.350410461426,157.801524822529,199.246444702148,68.9732675933838,97.494491266537,101.810105160101,204.523229598999,176.117733001709,193.330795288086,96.5716864544412,0,0,138.827799797058
97.0883709498814,108.051347732544,166.18646587025,118.679181879217,34.1053530781023,103.493311342986,34.4023392459094,83.064385584781,84.5050462589544,10.2198211480332,26.6202172794869,157.951362208316,12.8753374542407,163.355480194092,100.029786274351,26.1359965225336,0,195.102743148804,163.817260742188,0,17.4895950354067,155.989535013835,141.003852844238,184.589444986979,25.4851865147075,0,183.796283721924,182.988798353407,56.7810193261375,102.26524449508,128.378914833069,175.925361633301,122.444855641511,132.394482930501,97.5366564941406,179.91987991333,182.61604309082,182.705047607422,123.565178553263,77.3038381553558,205.201965332031,152.946296386719,148.996385287395,163.891458227279,91.7683177524143,151.407346983214,0,18.7515298339891,216.256561279297,170.662620162964,87.0039958953857,0,178.263031005859,0,0,121.280087223759,0,219.743286132812,208.373306274414,118.128381565639,204.812515258789,213.455215454102,207.945703125,147.455724109975,185.477549235026,200.88720703125,0,0,203.971984863281,176.705352783203
158.717819213867,51.4625718555054,82.8331088330372,48.4364767745567,180.158192952474,69.72682762146,97.0062032203152,163.988488710844,91.6121219844993,121.005817285463,177.392046414889,24.182436442386,163.355480194092,8.98821753831693,87.1454465142612,168.660209655762,117.727021188447,114.709660053253,59.139108357531,70.5620774441078,170.58797454834,132.719228363037,93.6205685075777,146.318141590465,139.636415577468,21.0904723388765,26.0844518745042,35.0276810717121,166.749471152701,73.6941471281506,135.895149230957,14.4915238196236,71.1634718966322,179.831069946289,47.0794123805885,186.240493774414,102.356886863708,156.104248046875,66.1254662906422,0,0,197.364120483398,203.782156808036,226.544149780273,177.459516525269,229.502639770508,79.1896718066672,0,67.8952184345411,142.382848103841,0,161.347122192383,138.194231473483,91.7282450749324,106.843466781988,216.528610229492,142.619064331055,132.628609793527,176.939842224121,188.556643837377,56.7010534074571,91.7721250115371,93.9131747097772,211.795991897583,240.959838867188,0,92.3755196916296,0,0,109.668435096741
20.7056100330543,134.961376825968,117.097157086383,84.4010495327889,99.2143248098868,38.771742724214,39.1282560608539,45.341538328459,18.5592791934846,85.8538185771386,48.4467815977106,95.9457769688405,100.029786274351,87.1454465142612,11.0951332065153,79.8342449276946,166.091086832682,118.797032639903,125.250827844592,134.493993779664,103.600250081813,94.0825075957735,112.750520444384,100.980322462799,90.8164233421535,105.658391316732,141.268086179017,141.7082557359,87.2864880842514,28.507879661018,65.3761250037097,129.609976254977,15.7269136245808,91.2954405678643,51.975986166323,159.199919859568,148.477630615234,177.872198581696,98.0447930862654,157.279585944282,216.587921142578,172.698373885382,149.740371731545,175.832120067668,118.788414001465,174.976149512119,223.907997131348,110.669231414795,121.251510620117,174.338379055846,175.013793945312,202.315124511719,208.703252156576,0,211.373647689819,204.707600911458,185.104423924496,159.681096758161,187.415339069982,138.11468439336,133.448760986328,190.68622080485,186.13137849172,147.076531287049,176.457331678602,161.611175909275,0,215.206451416016,161.830384254456,178.617565258129
115.755594889323,118.707235336304,142.650506973267,84.5341033935547,61.3972423625104,14.3107493327114,12.9762999739212,81.3527945605191,48.6682198311586,21.9943031678025,76.8096240650524,151.589078903198,26.1359965225336,168.660209655762,79.8342449276946,8.4251740626245,0,173.772852579753,0,0,52.1983621832224,135.88232421875,82.5927915158479,135.006470362345,43.2993403397421,142.814697265625,175.76363067627,153.468845278718,83.1222512193501,113.719539880753,110.154029846191,197.901458740234,32.4605680302759,100.192933400472,124.784697532654,0,0,0,89.021467590332,100.384682875413,0,160.487812805176,141.87221799578,165.467126464844,65.8214874267578,132.931182861328,0,53.4399429957072,233.966796875,0,68.8894901275635,0,0,0,0,109.949328613281,0,0,0,107.817308213976,0,236.894393920898,195.211773681641,131.709415859646,195.213826497396,0,0,0,0,156.898727416992
118.969995880127,53.8900797495971,83.8149490865072,37.8417777945042,87.1910142164964,0,113.199562072754,96.2469892501831,154.415019857472,61.0560175288807,104.754477364676,122.284784078598,0,117.727021188447,166.091086832682,0,10.1206645989416,102.48443774021,139.197568893433,121.434577540347,152.543487548828,22.5475761720148,26.276268184161,20.4325858771665,30.8495827808677,91.3880741119385,110.668844826201,38.7666837014217,39.7077203026737,128.178897264269,72.6211901908313,129.03561630249,0,89.6717323890099,81.9104617402909,157.165481567383,129.475692749023,111.470601160386,65.2965465447841,161.005920410156,0,192.941841125488,150.044135303032,168.213607788086,121.333679199219,149.904151916504,187.789737701416,0,146.6806640625,184.929316711426,0,90.1701994472877,144.148209596292,172.47233581543,165.761782836914,0,106.510956287384,64.4919840048167,97.7834126257127,116.791545581818,186.777008056641,153.581295941327,101.444809470672,117.692667932221,142.685861206055,107.309497384464,181.609664916992,0,136.256237030029,109.117379799867
99.8009872550622,58.6147550475089,50.280561619718,69.0746581457099,168.807271957397,155.212124633789,163.226434487563,120.310209998984,138.769408129323,131.775354629908,165.27480618159,49.115526004943,195.102743148804,114.709660053253,118.797032639903,173.772852579753,102.48443774021,12.2003064201799,57.4922641320278,30.5556853359742,191.927848815918,62.4526282839321,77.5900486850282,34.4133494282232,135.210414703532,85.508209922097,33.880233747801,69.3331062088891,131.344278473603,103.018010688551,77.6212597624783,111.605117289225,124.754676500956,88.8677485050299,42.288371732521,176.084267752511,96.9748103618622,111.624151591382,85.8425342620365,233.07666015625,0,208.041061401367,191.418470594618,197.859014174517,169.12513256073,211.462626139323,135.63631439209,0,135.355186462402,196.132378413759,211.383682250977,134.586105855306,123.766306928813,148.589723714193,123.629352751232,0,151.88061724211,114.429157614708,135.011294704373,171.300469875336,126.88635559082,109.381987705409,111.390610096649,176.214531162807,198.458499145508,163.382929894232,134.151454925537,0,215.621765136719,124.174931102329
141.179941513959,74.061406816755,79.8601124489954,85.3916918846869,0,95.0420562744141,119.570944393382,153.520295576616,136.571521817721,146.039080810547,178.766384124756,26.0518807069222,163.817260742188,59.139108357531,125.250827844592,0,139.197568893433,57.4922641320278,10.2083096908421,15.6507437790833,0,122.812118893578,137.816146850586,97.553706999748,163.604924519857,44.1072057505123,33.1621930034964,66.1904499454301,177.073700798882,113.726812699262,124.329796473185,57.7616645609925,97.0081931220161,127.46662902832,63.9951280917761,0,100.045654296875,163.583384513855,119.658106122698,0,0,0,195.647003173828,0,189.584112548828,240.931106567383,96.6297772725423,0,94.4822184636043,179.039276123047,0,0,126.676651477814,105.938556925456,111.24243852204,0,0,145.972434997559,166.890159606934,205.160751342773,82.3294303076608,101.083690583706,104.158011207414,173.692260742188,0,0,105.571525041447,0,0,133.257698645959
125.615625610352,69.6265168623491,72.3541393200886,64.933949210427,170.637680053711,105.42541809082,139.249759380634,159.175358698918,148.198419023268,145.244815826416,180.078509012858,28.908186076474,0,70.5620774441078,134.493993779664,0,121.434577540347,30.5556853359742,15.6507437790833,9.79449804262459,177.323150634766,107.061375218053,107.742945251465,84.3396205979951,156.846465454102,47.8989233398437,24.1288671616654,71.1535955724632,151.962787083217,121.051643347285,109.115906702329,65.425779796782,96.7905327479045,106.898405456543,44.1226445481662,189.476328531901,103.756935119629,133.179323673248,89.7001233782087,0,0,0,206.136657714844,217.993385314941,206.358744303385,213.803726196289,147.787614440918,0,103.444871690538,162.005226135254,0,167.252237955729,122.908452926144,115.594736371722,105.929680718316,0,157.196823120117,135.741271972656,161.614988708496,195.954040527344,84.2329646519252,103.432816326618,105.232732572907,213.407745361328,168.205673217773,164.17665608724,104.162771860758,0,0,123.312850952148
99.877208845956,143.441040039062,158.182393391927,97.5758903140113,16.4170718467587,122.002334594727,57.3783952562071,114.480583190918,89.6933110429736,47.0875101862727,21.2141387828339,156.296702067057,17.4895950354067,170.58797454834,103.600250081813,52.1983621832224,152.543487548828,191.927848815918,0,177.323150634766,11.7620158656636,116.364128112793,94.8014721870422,193.045503096147,22.2246410446089,0,173.801338195801,180.384747982025,31.1316481386865,100.699942934918,108.701816212047,199.726669311523,130.512436314633,92.7799716525608,96.2974986055472,170.294543457031,164.497573852539,167.736839294434,100.699228203815,31.0339635234409,0,152.797176621177,133.745754297229,163.852688230317,106.390096876356,145.536784790783,0,25.2092867697645,0,169.109801719929,145.706975301107,168.495376586914,226.238357543945,0,0,59.7773520350456,193.172286987305,165.897979736328,214.789855957031,109.077102610043,189.226711273193,221.754221598307,200.400699070522,140.716271825584,166.571857452393,222.99821472168,231.968734741211,0,189.527313232422,163.794565200806
77.5026581730675,87.0443491052698,65.2090093872764,53.3797172432841,109.978079223633,0,136.389275984331,65.3154958522788,103.817036371851,85.570712557706,84.9917891543844,90.1422900530248,155.989535013835,132.719228363037,94.0825075957735,135.88232421875,22.5475761720148,62.4526282839321,122.812118893578,107.061375218053,116.364128112793,14.5510426161174,53.4821778431786,33.0718749617894,35.9267139924229,118.658087412516,100.82394558156,80.5345292617956,29.4029859539331,52.9278985738754,32.045793074802,122.291534423828,127.206230163574,47.403665577761,45.6151641248116,133.790090637207,163.711380004883,143.430321433327,85.5706589347438,193.397102355957,230.528778076172,180.943481445312,139.636579716459,172.963747464694,101.357462141249,168.927904129028,173.972808837891,0,195.979156494141,166.891898884493,0,105.643760149296,153.293519179026,211.787068684896,185.54711151123,0,111.489776535976,66.585068570243,116.234698092553,110.246785464352,0,156.621477127075,138.96238852836,116.395546281635,138.157143581061,112.588309918825,0,0,126.818411254883,124.934676341521
85.7185018979586,28.8209501032816,47.8433639441831,28.1802897932603,78.3466842086227,118.679763793945,124.807938575745,84.8693660867625,132.224769486321,24.6536759753725,109.246889795576,98.9357743555186,141.003852844238,93.6205685075777,112.750520444384,82.5927915158479,26.276268184161,77.5900486850282,137.816146850586,107.742945251465,94.8014721870422,53.4821778431786,8.64770343482387,52.3283022633708,35.9412124074136,70.1472274578911,94.6717838004783,38.2806892986912,58.090527116803,77.765262034402,55.0964761422308,101.94228515625,120.302824020386,57.4773607945097,60.8307283586569,139.690856933594,116.811566670736,66.250590913436,77.6572189860874,123.114242553711,0,158.4365234375,131.850991326409,164.413555908203,98.6531168619792,153.883092244466,119.454578399658,151.47119140625,122.703460693359,149.60532283783,0,56.7783883962876,111.531228349016,150.262344360352,133.822967529297,144.236358642578,70.6526387532552,35.4599254885806,72.4849241113818,98.466747941642,0,132.080117492676,62.4198945971767,114.092466394952,156.037508571849,70.1353504346765,144.756385803223,0,120.529830932617,67.5357441220965
88.0353257308562,64.7172874817874,33.3383112111281,56.5381232891304,137.940850067139,148.983448982239,138.323776152826,78.4287649645312,110.855054669944,102.272273864746,98.7614821145361,77.7709699756038,184.589444986979,146.318141590465,100.980322462799,135.006470362345,20.4325858771665,34.4133494282232,97.553706999748,84.3396205979951,193.045503096147,33.0718749617894,52.3283022633708,17.7335627537519,75.4361034946689,129.148206075033,68.1677212817546,55.1352041183308,59.8265085441009,89.0204479426448,55.4362505072015,113.251961602105,143.526229033599,76.0645127460874,45.8322183186509,166.47308561537,107.311803181966,104.265660273775,100.996605199926,142.629333496094,0,181.208306884766,163.403235531418,193.069976806641,145.120926448277,179.909764099121,158.289757948655,212.193598429362,0,189.803451796709,0,97.0498542558879,141.78257598877,186.016866048177,170.347491455078,0,122.529102508609,79.15997535999,106.826351702792,135.869648161389,188.546813964844,144.027847290039,102.236211796024,141.648754322896,171.826627332111,137.219431628352,179.892967224121,220.667541503906,164.331747055054,124.834734027889
80.0969118166573,81.6845109217053,104.566770036211,40.3194081394968,24.8600612985751,102.088359991709,77.0093175465031,60.3464585714549,82.247694356783,18.4793553984271,60.320877211199,150.377259276634,25.4851865147075,139.636415577468,90.8164233421535,43.2993403397421,30.8495827808677,135.210414703532,163.604924519857,156.846465454102,22.2246410446089,35.9267139924229,35.9412124074136,75.4361034946689,11.2694236581682,115.178264670902,135.966550888788,94.9163637589667,21.9663749471408,84.3034761977522,70.3033087567279,147.833832203258,142.982137506658,68.2427708600697,89.5941403599886,119.86226080414,155.971279144287,153.769175616178,63.1270907636712,99.3439695211557,0,123.32506348105,107.822059505808,133.156574377853,76.7661530135514,119.276859700976,185.935795593262,112.839393615723,187.44101524353,134.602290519699,124.494817461286,116.433003306389,179.805609408292,207.06819152832,192.816237016158,112.474794034605,120.546187539137,93.8635587403269,132.799392061752,91.5934602604356,178.17875289917,169.646835882014,157.259381196937,104.754882791779,132.672141525157,119.069485464066,191.914560953776,173.485563490126,117.552300715792,125.872038347008
0,19.4410306975725,0,15.706011603078,166.464889526367,0,108.404116312663,154.801294962565,114.368528366089,97.3818764594632,0,39.0041319386876,0,21.0904723388765,105.658391316732,142.814697265625,91.3880741119385,85.508209922097,44.1072057505123,47.8989233398437,0,118.658087412516,70.1472274578911,129.148206075033,115.178264670902,6.87085447111812,44.1317396479727,19.8710875232404,131.436120986938,115.386722988553,131.804504394531,44.6000651684436,98.7465171813965,0,63.6688195761148,0,96.3531341552734,155.049819946289,62.3634444286949,0,0,205.650314331055,175.341407775879,208.025718688965,170.817858886719,196.73560333252,63.7783405419552,198.452987670898,58.8109046857651,0,0,0,124.505618286133,71.6668889363607,81.7539582685991,0,0,122.098879496257,143.751220703125,177.136632283529,42.1326695124308,72.9811154516507,75.469690020921,209.577438354492,0,0,75.9713439380421,0,0,138.624725341797
133.192410151164,52.4309589792285,44.7334095200918,45.4084720426393,162.51282378166,97.9018325805664,168.870744372952,137.305506312779,151.985170407852,136.845638239495,157.454708691084,27.628981186197,183.796283721924,26.0844518745042,141.268086179017,175.76363067627,110.668844826201,33.880233747801,33.1621930034964,24.1288671616654,173.801338195801,100.82394558156,94.6717838004783,68.1677212817546,135.966550888788,44.1317396479727,16.318527316134,39.8575059305628,142.184185604136,148.968911075836,122.236508669172,28.4259953702202,103.324024624295,131.161129951477,65.9066469615637,185.85320854187,81.3826077589348,107.10478626598,69.6770461854481,169.963676452637,0,209.052543640137,192.359705483041,207.692160470145,177.579399617513,218.153405761719,112.935319083078,0,100.030735369082,195.766018491803,0,142.309392293294,106.358744133176,105.04863917479,102.316709096676,189.452896118164,168.684375944592,138.716705830892,138.784266495123,188.795765516493,79.40831647178,92.7844569915964,97.0387650711896,201.703387124198,184.271375154194,163.014027682218,108.626226454515,0,160.623825073242,115.786929321289
135.892701166326,32.5532153347381,32.3330063541065,36.405150169697,137.592309773763,135.497555541992,157.147127249581,120.805820543322,146.786548459044,112.02646316059,145.081047189647,62.4653558395003,182.988798353407,35.0276810717121,141.7082557359,153.468845278718,38.7666837014217,69.3331062088891,66.1904499454301,71.1535955724632,180.384747982025,80.5345292617956,38.2806892986912,55.1352041183308,94.9163637589667,19.8710875232404,39.8575059305628,16.9898427720484,93.9159037913953,134.995254544651,113.515376222672,34.012423193191,120.059268384877,129.242239357769,70.7528956205611,169.253112651684,86.4212596812147,94.1466222954547,69.0320192328039,213.996021270752,0,208.342174953885,170.078031523038,186.681825637817,179.602220015092,202.421698570251,113.779370565672,196.219078063965,96.1440012744654,177.405205559485,202.902618408203,97.9708957672119,109.700178142076,109.92252093621,108.009868300159,189.858352661133,135.257015604368,75.0727207723417,105.881613304204,159.611598705423,79.5589758266102,96.2701921420362,93.905665194476,162.993312615008,187.458625099876,154.085705338863,108.99342654167,188.710496266683,177.892017364502,116.037046336846
82.5060279319161,101.582414261018,89.1403775596751,53.6000781277773,16.6122360018682,131.951449802944,70.6541944227908,33.3160423999249,80.8493603092964,52.6852327367311,31.7144044108323,162.693573179699,56.7810193261375,166.749471152701,87.2864880842514,83.1222512193501,39.7077203026737,131.344278473603,177.073700798882,151.962787083217,31.1316481386865,29.4029859539331,58.090527116803,59.8265085441009,21.9663749471408,131.436120986938,142.184185604136,93.9159037913953,13.6157539366566,86.9573752304148,39.1286103231667,162.553393046061,139.37525844574,66.4884199917838,76.2288255607207,124.205156685102,164.488006591797,161.666739789177,75.3312197502213,36.4367562811614,174.429229736328,144.837054646099,118.31344574954,146.880638695958,95.4461625140646,140.406052225678,205.099754333496,121.145167895726,210.474217006138,145.933212219433,143.33964069073,121.253440193508,180.796080893659,218.927230834961,195.664480209351,86.2762115325662,122.286498743174,108.010296738993,144.543170306699,104.628330358736,206.820912679036,187.206190026325,162.990357155742,118.687205392983,140.126400596217,121.244434985212,210.957893371582,199.477363586426,124.21942358017,133.829951218196
20.2678646376619,126.487536430359,135.610874573139,72.1838107043664,99.4862226886809,21.9263017952442,50.5791452604275,66.9067787680142,42.3718188783269,74.7113514032839,93.5425240377497,82.2226519087341,102.26524449508,73.6941471281506,28.507879661018,113.719539880753,128.178897264269,103.018010688551,113.726812699262,121.051643347285,100.699942934918,52.9278985738754,77.765262034402,89.0204479426448,84.3034761977522,115.386722988553,148.968911075836,134.995254544651,86.9573752304148,13.033211619594,28.0875677194699,155.468815050627,16.1856759117471,14.9524623633885,40.2088847494465,145.380108615808,169.024871826172,179.702114499848,102.396806253552,151.233550438514,0,185.013819885254,138.771527237924,172.688275956616,106.877314662933,182.839448474702,217.960033416748,160.231253051758,215.322118123372,165.726364271497,191.342658996582,147.194730546739,196.736801147461,0,199.458123343331,157.042000906808,150.747219030408,118.067488250732,165.674983908913,128.520052354601,0,181.438513050909,178.037964260455,136.965058494798,161.112058686705,139.840014752614,0,184.605312347412,150.219036622481,153.678741883696
34.1801208383918,99.0169567781336,91.9419199438656,54.0167997762368,107.133380889893,124.786829630534,122.862958650331,25.889413174036,91.2277873951,60.6102375005666,94.6000313218591,100.305912288155,128.378914833069,135.895149230957,65.3761250037097,110.154029846191,72.6211901908313,77.6212597624783,124.329796473185,109.115906702329,108.701816212047,32.045793074802,55.0964761422308,55.4362505072015,70.3033087567279,131.804504394531,122.236508669172,113.515376222672,39.1286103231667,28.0875677194699,11.7236108981005,0,121.356180364435,33.4914051399258,41.3340065151463,131.73085408668,129.569829305013,160.658939361572,81.9150342401469,151.476421356201,173.606430053711,179.799034812234,127.213465899513,168.588451258341,93.9226548729873,175.663156636556,184.208071390788,193.484619140625,183.579742431641,153.804499816895,158.807327270508,107.894173092312,172.784760382868,243.168746948242,185.277008056641,171.179336547852,113.61165718214,75.4335987091064,136.589692919862,109.485611264951,0,171.517542871936,155.500431163891,115.011084180596,140.406978441321,117.980149672582,0,176.514343261719,120.642354147775,126.793466341698
160.242183685303,65.1481990578734,84.9429130009242,66.1508617401123,176.538650512695,107.131042480469,151.806866645813,168.466893196106,157.339874140422,135.020038604736,177.978790283203,31.6282162905606,175.925361633301,14.4915238196236,129.609976254977,197.901458740234,129.03561630249,111.605117289225,57.7616645609925,65.425779796782,199.726669311523,122.291534423828,101.94228515625,113.251961602105,147.833832203258,44.6000651684436,28.4259953702202,34.012423193191,162.553393046061,155.468815050627,0,8.68305011078463,102.883769444057,0,77.801227418503,236.799880981445,134.387786865234,221.417541503906,111.47146987915,218.097900390625,0,209.220184326172,204.352798461914,0,195.258903503418,229.503021240234,96.0174696180556,0,88.3246731531052,0,0,240.169952392578,149.098735809326,101.246414438883,116.766952196757,0,0,0,0,212.488754272461,76.2399134635925,98.8345618063574,99.9925654262163,222.020278930664,0,177.492752075195,102.35275554657,0,0,143.96159362793
83.0812027972677,81.1489868164062,156.195566654205,107.999864578247,137.71155686812,8.97884343402533,19.3723613104351,124.20461730957,12.8096298009332,149.068621063232,127.618045288839,64.9689138183594,122.444855641511,71.1634718966322,15.7269136245808,32.4605680302759,0,124.754676500956,97.0081931220161,96.7905327479045,130.512436314633,127.206230163574,120.302824020386,143.526229033599,142.982137506658,98.7465171813965,103.324024624295,120.059268384877,139.37525844574,16.1856759117471,121.356180364435,102.883769444057,4.64863449810223,149.360198974609,33.803346776343,208.122268676758,0,0,160.800415039062,177.938591003418,0,202.680267333984,194.086158752441,212.088244628906,0,198.646825154622,0,0,111.262532552083,223.224914550781,0,0,0,143.529891967773,150.455429077148,0,210.375930786133,0,200.336196899414,169.917456054688,118.955345153809,0,143.999833106995,186.818652882296,216.867301940918,192.066398620605,124.616119384766,0,186.977981567383,192.867009480794
34.3515582475506,99.7518785264757,114.444283878102,58.374659340103,85.044572747272,0,117.17352104187,71.0381100902241,109.435267003377,61.9634472591425,96.149500301906,98.9412643432617,132.394482930501,179.831069946289,91.2954405678643,100.192933400472,89.6717323890099,88.8677485050299,127.46662902832,106.898405456543,92.7799716525608,47.403665577761,57.4773607945097,76.0645127460874,68.2427708600697,0,131.161129951477,129.242239357769,66.4884199917838,14.9524623633885,33.4914051399258,0,149.360198974609,7.50821673644169,22.9863943642706,127.442978578455,0,173.186362130301,88.8419274224175,0,0,183.210083007812,128.368045669004,167.022842884064,122.12585873074,166.551011221749,0,0,223.080505371094,151.4021087191,0,162.009925842285,189.776041666667,0,0,157.010482788086,121.971491336823,86.1221804618835,137.198011061724,110.553039647356,0,187.962173461914,171.97332278165,118.253897012449,148.816582280939,125.462544202805,0,197.476661682129,130.298346201579,138.637913443825
69.1244844785878,60.8956759748325,66.5997696838086,63.2494694736885,103.126413901647,31.6144401005336,67.7905480747559,88.1330358628689,68.1976841183861,81.3627363240944,95.0320084201067,37.0918334868448,97.5366564941406,47.0794123805885,51.975986166323,124.784697532654,81.9104617402909,42.288371732521,63.9951280917761,44.1226445481662,96.2974986055472,45.6151641248116,60.8307283586569,45.8322183186509,89.5941403599886,63.6688195761148,65.9066469615637,70.7528956205611,76.2288255607207,40.2088847494465,41.3340065151463,77.801227418503,33.803346776343,22.9863943642706,11.5313537015453,149.081889004178,91.7334324763371,110.46043287558,100.595559340257,139.343000411987,201.552825927734,178.585220336914,141.727365015497,173.317912708629,140.565724372864,179.891340775923,136.198385450575,171.805732727051,123.995567131042,166.917556091309,184.238098144531,108.642531987783,128.383261498951,131.892802102225,134.823621063232,187.23787689209,127.117163022359,94.488285715987,120.042165151009,127.097734458774,100.727675804725,117.552840852168,110.716053845365,135.619212130997,161.121665885232,134.938823825023,118.940923055013,0,149.700233096168,135.979047379404
154.750757598877,138.471454620361,154.756343494762,83.1667820857121,134.81300163269,0,167.261860656738,136.191348484584,155.64338942497,97.1364517211914,166.852978842599,0,179.91987991333,186.240493774414,159.199919859568,0,157.165481567383,176.084267752511,0,189.476328531901,170.294543457031,133.790090637207,139.690856933594,166.47308561537,119.86226080414,0,185.85320854187,169.253112651684,124.205156685102,145.380108615808,131.73085408668,236.799880981445,208.122268676758,127.442978578455,149.081889004178,9.62647415951729,129.564049312047,114.764426607074,63.83262916406,88.2040770157524,105.545338948568,100.420197438386,31.9054854609378,67.4070803715987,65.6544205052259,86.3501195173997,114.594516386809,97.7750078837077,128.190903345744,20.7671672668672,89.6919097900391,142.050177437919,111.261200770526,132.215147072928,123.901451412,92.5865603637695,90.0200054981218,81.0251389609443,98.2990603829095,76.1317091047888,148.248092651367,123.331741142639,129.805594868841,85.4183460705553,23.308361338424,25.8518600388416,170.21561050415,74.6316190648962,40.6090603187436,65.505266807728
0,47.9145329793294,76.9569068764741,59.09491556341,142.13346862793,0,0,164.44211324056,198.382592773437,116.423370361328,178.95728302002,116.673874855042,182.61604309082,102.356886863708,148.477630615234,0,129.475692749023,96.9748103618622,100.045654296875,103.756935119629,164.497573852539,163.711380004883,116.811566670736,107.311803181966,155.971279144287,96.3531341552734,81.3826077589348,86.4212596812147,164.488006591797,169.024871826172,129.569829305013,134.387786865234,0,0,91.7334324763371,129.564049312047,6.42861205677403,45.8457283414026,24.8908462075155,111.252687072754,130.734853108724,136.80972120497,117.543885311838,149.516641828749,71.8327295467325,130.002621786935,75.6540291922433,166.573348999023,52.8414220188939,140.530647277832,119.309653625488,57.1934907711047,56.8470009552108,85.0707378387451,60.9064449534697,146.739774068197,92.1203044346401,23.2722821643542,63.6089255234291,83.0078293023286,20.2963104503113,45.480188197385,31.487811893625,107.819158248901,132.871553757611,104.598263679667,68.9799420531367,149.016723632812,105.254280090332,56.873184816825
