7.85705171514191,107.003083365304,68.4500805808819,63.0339076519012,62.8066968415913,76.683177947998,39.9956314401719,22.1295571574673,16.183797604422,54.5487582309187,33.5387763755662,119.75593500552,65.0759050934403,148.568790435791,10.6708503282793,26.1437242296007,152.693138122559,91.0186445865725,121.723921639579,108.477749911222,59.945888634884,49.7688493318455,61.9562462700738,54.6492306184487,58.3424139671585,110.279151916504,98.2282060522157,96.7867589373338,53.4357007488556,7.21490956014684,23.7818218619997,121.578834533691,66.3253326416016,19.7092632252237,66.3458429996784,129.196617126465,0,137.791138282189,131.563671112061,88.9235820770264,0,130.373403276716,123.038136901855,135.891145433698,81.2126750946045,133.108283996582,0,0,0,139.316283486106,0,115.072546822684,155.123718261719,0,185.888809204102,0,148.214373270671,91.7598592584783,136.844920654297,108.645523958428,0,190.954254150391,137.331791381836,110.89270411311,125.898565564837,132.033569335938,0,0,122.97528330485,138.625063578288
107.003083365304,7.85126003178198,42.7436087472098,28.5232879900784,0,0,0,111.514541625977,0,67.7778538923997,167.060638427734,66.6128956386021,87.9046096801758,46.2657513286856,123.408180236816,78.25390625,54.8602512761166,45.7192285106557,64.1370936121259,53.0042189429788,0,79.6459261576335,22.3685090841633,69.0619266344153,81.2552665319198,23.403294274956,40.9984642065901,28.6001883025708,101.198255157471,84.4249328613281,94.9766681671143,58.8926903799679,0,99.115891456604,53.3737367090553,0,33.8815307617188,103.865297317505,93.2077484130859,0,0,0,117.930923461914,0,0,0,100.353479385376,0,94.0851669311523,0,0,0,112.600045522054,142.125511169434,118.094205856323,0,0,54.056640625,116.3359375,0,80.7849176194933,106.617295038132,106.06320662065,0,0,0,120.228004455566,0,0,105.207473754883
68.4500805808819,42.7436087472098,11.8136373251889,39.8989813318724,98.0493755340576,0,113.128567504883,86.0091781643075,101.125072455554,87.4653706270106,92.9169127351494,73.2872403865486,128.4119237264,79.1436908721924,90.1831746598085,0,84.9159996509552,36.0694259076078,69.4424188621491,61.3725794070841,137.165802001953,62.4080377051171,48.420036029511,27.1214196283535,89.2115966542562,90.1910371780396,28.4150551551364,26.1112410515596,66.25347393807,66.8293811798096,67.3535535953348,80.7067584991455,103.308563232422,82.0175059925426,41.9497223879543,152.385568237305,84.5895685716109,96.1097383356806,80.0994979010688,0,0,177.639739990234,150.845623779297,163.541357040405,0,161.11750793457,131.864309692383,0,117.396850585938,164.813944498698,0,115.050591178562,100.42414878507,130.372487386068,112.867459049931,0,121.508424758911,64.0194793907372,101.428942929472,141.04569537823,126.733505249023,97.9897401647484,93.9578428525389,130.440847473145,166.180665757921,133.849334190632,0,0,168.794799804688,107.571023729112
63.0339076519012,28.5232879900784,39.8989813318724,26.9964574695558,54.3589472886993,102.767875671387,73.7637328556606,55.2583572568868,69.611863623725,20.9022317113352,74.0802027274822,61.9545379107511,50.7866041183472,43.7203725763356,64.3967408060644,33.3588127053302,46.0002561584934,47.5007230504623,64.6820787702288,53.6026012974401,76.8617142467964,45.4332077293623,12.1328363757438,45.4140083527071,29.2101505810174,23.4041041344136,41.3768718936851,37.972063865579,46.0742763501147,61.7964064812345,52.1814413832349,54.3068925463964,0,47.6468762226594,54.3986781007858,77.6066964093377,61.830680847168,72.2544041103787,20.900863672004,78.7207832336426,0,100.898662143283,75.0714896647135,94.5610421222189,16.7994282603264,103.573213057085,59.660906011408,57.4328651428223,39.6406799486488,91.2588162808805,0,54.571838537852,70.1801955124428,102.225217183431,69.2227911590248,83.449452718099,72.9552920111294,64.5918509165446,77.5510658141105,47.9023130887722,29.5771976600994,58.2141756139377,60.8025421920267,64.4754695362515,83.4130255959251,80.3820358558937,68.7487094585712,0,68.5808610916138,78.0170031738281
62.8066968415913,0,98.0493755340576,54.3589472886993,7.26774525961071,0,51.3335112076771,44.0123960348276,62.1627336270881,43.4042683866687,22.5525970421001,0,14.3128160943084,142.133438110352,75.9605342066565,50.9422988891602,0,135.762237548828,0,0,11.2415507844174,129.641754150391,54.7142323303223,83.6458918253581,12.6585851221072,134.523906707764,135.316102981567,131.203601837158,8.02355608314984,72.5772486054496,74.3690770467122,153.488616943359,0,60.8827697558281,70.7907535449879,149.169158935547,0,203.363983154297,69.2578463554382,7.54536752099389,0,124.348533357893,123.649645124163,136.918475723267,96.069829305013,129.505492598922,0,122.247126261393,0,150.571212768555,0,0,0,0,0,93.0563669754909,0,148.073532104492,0,97.2234309514364,0,0,0,97.9705970287323,136.141490936279,0,0,0,0,172.798484802246
76.683177947998,0,0,102.767875671387,0,5.66796405906351,18.5892954130179,106.090131123861,12.9482581917129,0,103.136333974202,45.5503044128418,101.517138394442,48.3312149047852,22.0461757467699,13.2955243283763,0,0,0,93.268180847168,103.449133066031,0,87.222038269043,0,117.690702819824,0,94.8787384033203,0,122.270965576172,18.6191412369951,113.178215026855,0,7.62531189019262,47.0703086853027,29.8024080933117,0,0,0,0,0,0,164.7314453125,0,0,0,0,0,0,0,0,0,0,0,0,0,0,0,0,0,0,0,0,0,146.591552734375,0,0,0,0,0,0
39.9956314401719,0,113.128567504883,73.7637328556606,51.3335112076771,18.5892954130179,7.36077312474263,49.1253034786511,16.1426966926295,70.5470051999952,20.0244764786506,83.9163235425949,28.235706762834,95.4157079060872,26.761287651855,10.4098350629499,0,0,128.026608784993,84.851734161377,41.4063206327648,76.0606689453125,80.6698863506317,97.626049041748,68.4057463522369,65.5461196899414,132.540093231201,120.265378316243,57.5890480935574,34.8989092392138,69.1617006155161,133.378341674805,16.0412579259519,70.1774604320526,48.944745436482,166.499876022339,0,200.411682128906,78.0217415945871,127.253692626953,0,140.182154728816,133.40047372354,147.383338634784,112.716526576451,150.7265625,0,127.442639668783,0,170.019406636556,0,102.075805664062,0,0,0,131.640558515276,0,105.52793375651,176.169281005859,115.743330046188,0,0,195.126991271973,135.880449006052,155.725769042969,144.557952880859,0,0,0,129.018321990967
22.1295571574673,111.514541625977,86.0091781643075,55.2583572568868,44.0123960348276,106.090131123861,49.1253034786511,7.56198359613039,43.6776315999166,50.014005282184,10.509112998896,136.502412109375,55.6550640651158,143.611536026001,11.0410481246738,60.6005077362061,61.0647773742676,105.48055367103,134.285100797328,127.097530766537,37.1358957896157,57.1156376608967,62.4342527066247,63.7194170979869,44.4744892855963,121.956921386719,107.460081955108,93.6333024912867,19.6862932792382,36.3061818117256,16.0921575386138,145.743415138938,113.360118865967,50.8835950620931,65.4855361405308,128.653993305407,0,147.165826685288,70.9129104614258,133.856158256531,0,131.105564710829,120.662051427932,134.514269171821,77.0913589879086,132.354212175336,190.914535522461,114.732096354167,187.599258422852,135.753078367652,0,93.4619652884347,162.41877746582,0,186.448597499302,116.682253298552,120.623375786675,84.8095070232045,145.922865337796,96.6888513565063,183.905364990234,169.110739571708,151.111558914185,114.663926895805,133.417164464151,122.649125940659,0,0,120.831623840332,143.15550994873
16.183797604422,0,101.125072455554,69.611863623725,62.1627336270881,12.9482581917129,16.1426966926295,43.6776315999166,9.45192444751837,67.4520093522421,16.6243598628849,75.4322302731601,58.3784804193885,90.0786735534668,11.7341221782661,22.5105993105974,0,121.754082489014,143.663837232088,138.778694152832,67.6425129493734,90.2178622654506,77.9617480014233,90.1068806347546,63.4097764618339,152.585673014323,123.654002077945,120.915904912082,67.1480965307582,26.4450113349303,60.9629907645431,102.648941040039,13.8823859767802,64.3147160708904,41.3827867473318,143.60371253604,0,163.394577026367,84.3929216938634,139.873227800642,0,144.842093505859,130.242247018469,144.294232600877,100.843855857849,140.297928578145,226.971547444661,119.620037078857,0,153.550853953642,142.369552612305,102.836949666341,180.309219360352,0,189.542320251465,129.522827640657,130.841791152954,118.967465718587,167.486094156901,109.786388348929,0,167.438903808594,169.916224161784,128.165779822213,151.233101844788,135.570938110352,0,0,136.218915303548,142.607334810145
54.5487582309187,67.7778538923997,87.4653706270106,20.9022317113352,43.4042683866687,0,70.5470051999952,50.014005282184,67.4520093522421,7.40812415851425,65.2258925329555,111.249788384689,13.2961138618972,99.7671881671592,62.1586986661581,15.1325280090702,44.4690437316895,107.463201250349,120.298411442683,120.869223276774,41.2318574741908,61.3385560171945,23.9280934990518,70.1154780857999,17.7413658284697,84.7325546777941,106.628779948841,99.6492802745891,40.2283767574727,63.042999903361,51.762673496481,117.460909525553,106.230060577393,45.7720568358744,52.5091174399102,99.6070976257324,0,0,28.2618726491928,84.723274230957,0,108.077360153198,87.7822615305583,102.679574012756,41.1032419204712,93.933443069458,0,0,143.437822341919,119.597888183594,75.1721649169922,0,163.539962768555,0,194.336318969727,88.4408365885417,103.780735015869,116.341348648071,131.432540893555,61.7750377295152,124.313346862793,155.494258880615,144.774295043945,89.130396270752,117.117714881897,110.720003128052,0,0,143.879440307617,172.148651123047
33.5387763755662,167.060638427734,92.9169127351494,74.0802027274822,22.5525970421001,103.136333974202,20.0244764786506,10.509112998896,16.6243598628849,65.2258925329555,8.41455491298043,134.526886679909,20.6530434277129,139.215082804362,40.7839260559329,53.735894331118,142.910372416178,110.809778213501,152.279627482096,148.329998016357,18.563922800896,75.1622170535001,81.9389820098877,80.4046928882599,40.67666929465,136.314010620117,112.54026704268,117.446228027344,15.7742545912941,58.5420431390964,48.7662771070326,142.70719909668,101.472072948109,61.7181063612846,69.334329769428,168.741430282593,0,156.155792236328,82.2530827623733,23.2624933277116,184.69075012207,140.763154408288,132.438843653752,145.222133230656,109.80647277832,141.807526801614,202.125259399414,122.893653361003,0,144.120150846594,134.955833435059,119.557069396973,170.176528930664,0,0,135.945702410759,187.585235595703,107.347943115234,183.419961547852,107.991188376959,0,176.727986653646,165.841091156006,135.906742248535,147.468463134766,122.065490722656,0,0,153.778203328451,168.733612060547
119.75593500552,66.6128956386021,73.2872403865486,61.9545379107511,0,45.5503044128418,83.9163235425949,136.502412109375,75.4322302731601,111.249788384689,134.526886679909,11.3433940122653,102.707708358765,31.6852205507762,59.4697646856308,80.9444932937622,107.252384185791,44.1936395076098,25.1893480882167,26.027581953402,110.750076293945,90.1997858504174,89.1454123744258,75.194781470132,124.85009098053,31.3244987815013,25.5122684477875,58.8722532900932,131.281467553341,38.1618310854622,101.235536661579,43.3484157058828,48.7663719177246,88.74492026435,28.9612142928721,0,122.51692199707,132.953330993652,81.8402084350586,0,0,0,174.140380859375,221.853790283203,0,0,95.6292061805725,0,70.8673922861223,0,0,157.404739379883,121.684684753418,99.9504814147949,115.118179829915,0,0,116.417823791504,151.72762298584,205.129859924316,70.0502940907198,95.6573889815567,99.3563023500664,0,203.423645019531,0,90.1649467468262,0,0,0
65.0759050934403,87.9046096801758,128.4119237264,50.7866041183472,14.3128160943084,101.517138394442,28.235706762834,55.6550640651158,58.3784804193885,13.2961138618972,20.6530434277129,102.707708358765,8.64756019593314,0,73.2173519245297,9.24258083173343,0,139.185104370117,0,0,11.3980932932379,0,50.6348334418403,0,18.5377911433945,116.133129119873,121.607444763184,167.893051147461,31.4088998073485,82.5690840961333,77.456453704834,0,109.908321380615,69.7539088909443,82.5824470854642,0,0,0,67.8786582946777,21.6721655315823,0,115.665703092303,153.55657043457,151.275619506836,53.0052528381348,57.1705785898062,0,7.86774771261697,0,157.725761413574,52.9658813476562,84.4580612182617,0,0,0,20.6801701052147,0,133.609237670898,0,106.711959457397,0,0,219.549179077148,146.190582275391,161.031656901042,0,0,0,0,0
148.568790435791,46.2657513286856,79.1436908721924,43.7203725763356,142.133438110352,48.3312149047852,95.4157079060872,143.611536026001,90.0786735534668,99.7671881671592,139.215082804362,31.6852205507762,0,7.0185654793354,79.5827512105306,126.586582183838,0,72.4313154220581,48.6311932893339,60.4045637532284,157.443930053711,119.892864227295,73.5202115154418,110.43075603909,119.022999342098,18.1047733438095,30.0316077711447,28.2540595562381,136.434565952846,57.7980389879239,137.375888824463,12.2828884616046,69.3641571044922,131.407199859619,53.1138107969954,0,91.6460225423177,149.882787068685,58.6986148316981,0,0,0,0,0,128.056449196555,0,73.7076840033898,0,62.8530506480824,0,0,0,118.492408752441,85.3957757949829,111.224633534749,0,0,108.952735900879,0,159.561635335286,54.00561017612,85.0473884092558,89.902456369084,0,0,0,87.3440124248636,0,0,117.852424621582
10.6708503282793,123.408180236816,90.1831746598085,64.3967408060644,75.9605342066565,22.0461757467699,26.761287651855,11.0410481246738,11.7341221782661,62.1586986661581,40.7839260559329,59.4697646856308,73.2173519245297,79.5827512105306,7.04431185963234,26.886073358788,93.2899627685547,111.420820382925,124.356903076172,126.47746807596,72.0783390026421,72.713449605306,73.4721407433079,74.1049286790128,64.162348976158,95.4581808610396,112.616095603385,110.873817114521,63.3839615837847,10.3768962060792,35.3019349764694,104.610589981079,13.2488302365344,21.5737940740285,27.5457648462212,135.328801704176,142.086227416992,169.973459879557,79.144667915676,99.3428497314453,0,149.744923007104,127.705448248448,148.967943246024,96.4011786778768,142.093173531925,211.156483968099,119.894618988037,118.479530334473,152.347946704273,0,87.6721670968192,166.865371704102,0,177.908126831055,132.923847834269,133.522743225098,87.2436141967773,147.867583054763,109.12331199646,0,164.961441040039,157.007293208953,124.149086087249,151.40054463532,131.122429225756,0,0,134.302780151367,144.107136466286
26.1437242296007,78.25390625,0,33.3588127053302,50.9422988891602,13.2955243283763,10.4098350629499,60.6005077362061,22.5105993105974,15.1325280090702,53.735894331118,80.9444932937622,9.24258083173343,126.586582183838,26.886073358788,6.3867761695924,0,0,118.32349395752,147.468612670898,52.5934864541759,0,46.3566827774048,0,30.5958468634323,110.061006546021,121.37161509196,128.889119234952,58.1914650086434,37.8758927753993,66.1645259857178,0,45.1636849750172,63.9422325134277,34.6912983322144,0,0,0,36.4098892211914,0,0,170.542762756348,126.601615905762,126.76050567627,0,125.135414123535,0,0,0,175.932495117188,0,99.3572235107422,0,0,0,0,0,0,0,87.5293460422092,0,0,127.171714782715,131.93620300293,0,0,0,0,0,0
152.693138122559,54.8602512761166,84.9159996509552,46.0002561584934,0,0,0,61.0647773742676,0,44.4690437316895,142.910372416178,107.252384185791,0,0,93.2899627685547,0,14.4865970662303,90.8878078460693,116.266746520996,113.949981689453,100.068809509277,16.2503714869252,30.1415333595173,13.9885256077901,27.7904942631513,0,94.9333192794049,29.1319856310189,36.8522872070911,0,55.4231343269348,102.514549255371,0,67.4690227508545,65.8044232277975,0,0,102.351413726807,77.6546669006348,0,0,0,162.462104797363,189.212554931641,0,0,0,0,0,0,0,93.9475224991919,127.911462783813,0,141.507797241211,0,99.5987728030183,52.6113767912894,95.5651634147575,118.781429290771,183.864639282227,125.054724557059,106.770219484965,111.087952295939,220.293853759766,114.02316792806,0,0,0,115.800806681315
91.0186445865725,45.7192285106557,36.0694259076078,47.5007230504623,135.762237548828,0,0,105.48055367103,121.754082489014,107.463201250349,110.809778213501,44.1936395076098,139.185104370117,72.4313154220581,111.420820382925,0,90.8878078460693,9.79147745837821,51.1653853284902,19.5427030242776,0,53.9211232166,74.0102155740979,19.0210182088466,103.771189250643,48.4682792425156,35.7289384713317,53.1844826203147,99.994633992513,77.5284774208069,70.6848443290605,78.1195474352155,0,76.2905615604285,32.7554516058908,0,122.565372467041,104.764072875977,74.9757742881775,0,0,0,164.254522705078,0,185.515716552734,171.289794921875,121.512763977051,0,106.272211074829,166.067939758301,0,189.226221720378,104.6072696339,119.430707295736,107.254590861003,0,117.063479614258,78.3652055528429,123.922209739685,207.919657389323,90.0349268232073,98.594261135067,100.343815659032,163.350087483724,181.502456665039,137.43409538269,0,0,0,111.777871025933
121.723921639579,64.1370936121259,69.4424188621491,64.6820787702288,0,0,128.026608784993,134.285100797328,143.663837232088,120.298411442683,152.279627482096,25.1893480882167,0,48.6311932893339,124.356903076172,118.32349395752,116.266746520996,51.1653853284902,8.19608227471235,18.1409542247512,0,113.173196272417,98.6904248046875,87.2731694639399,139.216968282064,44.8468918997861,33.8120851336987,56.671891717985,132.935435208407,75.190179169178,113.517738273552,47.5589402805675,89.4323883056641,100.984423550692,56.074069887745,0,117.98420715332,137.963088989258,100.678504943848,0,0,0,0,0,244.226181030273,0,92.4305100440979,0,87.0608782995315,0,0,157.688201904297,131.882640838623,96.2886386871338,110.641091999255,0,0,123.245719909668,150.784652709961,0,83.3679891474107,96.2901948614965,99.1812208485229,0,220.209747314453,0,99.0269044574938,0,0,136.813137054443
108.477749911222,53.0042189429788,61.3725794070841,53.6026012974401,0,93.268180847168,84.851734161377,127.097530766537,138.778694152832,120.869223276774,148.329998016357,26.027581953402,0,60.4045637532284,126.47746807596,147.468612670898,113.949981689453,19.5427030242776,18.1409542247512,8.79172334443399,0,80.650045305769,80.8602489348381,64.272886109125,115.292875289917,45.93510832742,20.3642230247726,57.0055968251047,125.921215693156,86.801855216592,90.9472912533183,55.1750890612602,0,84.6156006446251,43.1691901561013,0,119.254309082031,118.56898244222,107.419179439545,0,0,0,0,0,0,0,98.4974314371745,0,89.2935450077057,0,0,0,126.682567596436,97.5588086446126,106.349261474609,0,0,0,155.735275268555,0,79.0014521280925,96.4363510067723,98.8820539075275,0,175.585502624512,0,108.878116607666,0,0,126.57740020752
59.945888634884,0,137.165802001953,76.8617142467964,11.2415507844174,103.449133066031,41.4063206327648,37.1358957896157,67.6425129493734,41.2318574741908,18.563922800896,110.750076293945,11.3980932932379,157.443930053711,72.0783390026421,52.5934864541759,100.068809509277,0,0,0,9.27775455235171,0,94.4358551025391,98.965217590332,20.872145049693,128.868713378906,135.944038391113,161.14400100708,16.0291708265254,78.2557677240331,99.638222694397,174.76091003418,105.166564464569,70.0376459319016,80.7412591523762,167.494247436523,0,0,81.3487869898478,9.72929845802515,0,146.041444354587,129.677815246582,145.509425951087,90.7446807861328,102.327838897705,0,12.276865904834,0,156.550647735596,153.205337524414,0,0,0,0,34.9900429626991,0,134.127906799316,150.084335327148,105.971624188719,0,0,0,140.008591750572,175.497988891602,139.652694702148,0,0,0,153.090065002441
49.7688493318455,79.6459261576335,62.4080377051171,45.4332077293623,129.641754150391,0,76.0606689453125,57.1156376608967,90.2178622654506,61.3385560171945,75.1622170535001,90.1997858504174,0,119.892864227295,72.713449605306,0,16.2503714869252,53.9211232166,113.173196272417,80.650045305769,0,8.80523997319511,34.1118043809765,18.1894691214319,17.3284989861097,109.668174743652,92.7930092596239,57.137527374009,20.5484305402022,33.0925297267,17.6021767276014,128.904815673828,104.550956726074,46.6439373296335,37.2758739354561,122.051513671875,0,139.225924173991,73.2835901433771,0,0,0,126.468447965734,152.312465667725,57.9795303344727,136.769950866699,0,0,0,132.641274261475,0,97.0559166618015,140.780883789062,0,157.588668823242,0,104.538356752749,59.7314995298994,104.644168053144,106.15869084111,0,138.040245056152,127.185298193069,103.59970630299,116.037242465549,100.655633479991,0,0,101.111205291748,113.182089805603
61.9562462700738,22.3685090841633,48.420036029511,12.1328363757438,54.7142323303223,87.222038269043,80.6698863506317,62.4342527066247,77.9617480014233,23.9280934990518,81.9389820098877,89.1454123744258,50.6348334418403,73.5202115154418,73.4721407433079,46.3566827774048,30.1415333595173,74.0102155740979,98.6904248046875,80.8602489348381,94.4358551025391,34.1118043809765,7.2591276170632,43.8981307327901,23.1242693994361,55.8043316729592,72.211559891956,37.385648164301,39.0561172538918,65.2892470183196,43.6182607561716,87.6770470359109,0,45.6623144375058,55.2561784699443,98.8507352556501,117.134750366211,77.2550478848544,40.9956818421682,141.565322875977,0,105.253433227539,91.6796211242676,121.530965169271,35.8159164428711,106.370953369141,147.802876790365,0,125.561066436768,100.564608256022,0,47.8361849901153,101.051139513652,106.316848754883,122.414794921875,138.011672973633,72.3518387794495,23.5603800643574,63.2174705366294,84.0649607731746,124.670406341553,121.108355129466,58.9845449759743,74.0124479757773,92.2170437899503,81.5716444162222,143.683959960938,0,72.3222874232701,87.6515758514404
54.6492306184487,69.0619266344153,27.1214196283535,45.4140083527071,83.6458918253581,0,97.626049041748,63.7194170979869,90.1068806347546,70.1154780857999,80.4046928882599,75.194781470132,0,110.43075603909,74.1049286790128,0,13.9885256077901,19.0210182088466,87.2731694639399,64.272886109125,98.965217590332,18.1894691214319,43.8981307327901,12.7335331609386,48.6197471088833,81.2994054158529,66.3100945112929,41.387252832782,37.9237811694417,54.4649247879118,36.0799227672042,104.57237739563,0,58.8667905940566,37.9463629242518,147.655385335286,109.103119532267,104.081540295201,99.6280007795854,142.656509399414,0,171.214787801107,150.79176570751,173.023059844971,90.4356918334961,159.57731628418,185.105590820312,0,0,166.591233686967,0,97.0442225716331,119.90333492473,181.661758422852,143.929241943359,0,106.008710532965,63.0018214424556,99.7117347456699,124.781184074206,0,120.281066238239,100.162609249104,119.974010626475,145.22034072876,115.690117730035,126.108192443848,0,135.510475158691,112.147915344238
58.3424139671585,81.2552665319198,89.2115966542562,29.2101505810174,12.6585851221072,117.690702819824,68.4057463522369,44.4744892855963,63.4097764618339,17.7413658284697,40.67666929465,124.85009098053,18.5377911433945,119.022999342098,64.162348976158,30.5958468634323,27.7904942631513,103.771189250643,139.216968282064,115.292875289917,20.872145049693,17.3284989861097,23.1242693994361,48.6197471088833,8.50225186842313,98.4308793366845,106.167870969188,59.7127344016742,14.6897264050914,64.6595535352153,50.7639991058576,133.541662851969,114.875429789225,49.7077043478381,57.8386973316333,113.472681639624,0,151.759199876052,46.4785481108644,42.1148765257427,0,113.240179582076,106.277477296105,119.262839475514,59.7933773345947,109.582727663445,179.053256225586,95.8599798268285,0,127.010954483696,86.9602619517933,74.7472715105329,158.267710367839,215.27001953125,177.327019827706,80.9350977261861,112.911600979892,71.2450579379467,124.745631844657,70.9823979616556,0,154.371629079183,133.929625892639,97.5357838912331,116.125632665491,111.573865890503,0,166.092681884766,107.010620117188,121.56337986436
110.279151916504,23.403294274956,90.1910371780396,23.4041041344136,134.523906707764,0,65.5461196899414,121.956921386719,152.585673014323,84.7325546777941,136.314010620117,31.3244987815013,116.133129119873,18.1047733438095,95.4581808610396,110.061006546021,0,48.4682792425156,44.8468918997861,45.93510832742,128.868713378906,109.668174743652,55.8043316729592,81.2994054158529,98.4308793366845,7.77135286760116,34.2308216807836,24.8286626654136,118.157060623169,69.4693543116252,128.531153869629,41.2890223565503,62.7756309509277,123.827226911272,52.2279587431327,0,83.4983534812927,0,47.8968233015479,0,0,0,0,0,119.776733398438,0,69.7772532753322,0,53.2325038997006,0,0,0,127.985450744629,69.7920060157776,82.9178754633123,0,0,79.8965317862374,0,142.918914794922,35.0639661309498,66.5247127627149,67.7564664017527,0,0,147.01904296875,69.5483598420114,0,0,0
98.2282060522157,40.9984642065901,28.4150551551364,41.3768718936851,135.316102981567,94.8787384033203,132.540093231201,107.460081955108,123.654002077945,106.628779948841,112.54026704268,25.5122684477875,121.607444763184,30.0316077711447,112.616095603385,121.37161509196,94.9333192794049,35.7289384713317,33.8120851336987,20.3642230247726,135.944038391113,92.7930092596239,72.211559891956,66.3100945112929,106.167870969188,34.2308216807836,11.7840694280788,31.6917839571194,101.421671007843,84.5435378357331,95.2406700836985,19.5466807246134,101.077728271484,91.8223472666518,52.6168422262982,164.408604939779,106.637659567374,109.496965159541,79.3537829105671,0,0,235.296600341797,172.430548095703,178.845392862956,165.981418609619,196.138362884521,94.2110479554134,0,84.4185549746985,185.560208638509,0,133.954445975167,96.4454211359439,96.4057494799296,98.6622013978555,234.173095703125,130.255056762695,106.227585070061,136.510314569241,178.999517267401,72.2506054002412,89.6812840702915,90.6729216791864,165.443626403809,159.34907913208,142.156314503063,96.8240496923053,0,162.82942199707,103.377727593316
96.7867589373338,28.6001883025708,26.1112410515596,37.972063865579,131.203601837158,0,120.265378316243,93.6333024912867,120.915904912082,99.6492802745891,117.446228027344,58.8722532900932,167.893051147461,28.2540595562381,110.873817114521,128.889119234952,29.1319856310189,53.1844826203147,56.671891717985,57.0055968251047,161.14400100708,57.137527374009,37.385648164301,41.387252832782,59.7127344016742,24.8286626654136,31.6917839571194,13.2036592150068,68.6228301699229,91.3922277197616,91.3931806289254,16.7377076876356,0,97.0372156176651,57.1750970052141,171.097057766385,86.717477945181,95.3490547871512,76.4293204742728,0,0,169.096138000488,149.271499721483,167.263596191406,147.985353643244,158.980598000919,107.240773981268,0,85.2225971827431,172.502082188924,0,109.175269499279,100.980561374279,99.8923351063448,107.612658037055,0,128.835535222834,59.593550181148,97.9519999216029,134.895597888577,70.9060862631168,95.382247982526,92.8395198808887,134.10956156531,155.814180547541,128.532157897949,98.0827016022246,0,149.208494567871,109.03366094647
53.4357007488556,101.198255157471,66.25347393807,46.0742763501147,8.02355608314984,122.270965576172,57.5890480935574,19.6862932792382,67.1480965307582,40.2283767574727,15.7742545912941,131.281467553341,31.4088998073485,136.434565952846,63.3839615837847,58.1914650086434,36.8522872070911,99.994633992513,132.935435208407,125.921215693156,16.0291708265254,20.5484305402022,39.0561172538918,37.9237811694417,14.6897264050914,118.157060623169,101.421671007843,68.6228301699229,8.41558932814365,57.9611849403972,27.6460860802162,144.013400268555,118.563727484809,49.4546624689984,54.8845044064606,119.118715922038,0,139.185458430537,63.338881390766,24.084005298327,0,123.289358742217,111.178674030119,129.270851671696,74.9695654530679,125.683397490403,178.251291910807,108.612731456757,0,131.532790511694,133.007432120187,80.7664132551713,147.518694196429,0,171.810129801432,118.782423510994,103.623109681266,66.9552736060564,119.361122372276,91.2634636177922,0,159.25682926178,138.401640036671,103.369288002885,122.317981544582,113.311505244328,0,0,110.742931789822,124.168837639593
7.21490956014684,84.4249328613281,66.8293811798096,61.7964064812345,72.5772486054496,18.6191412369951,34.8989092392138,36.3061818117256,26.4450113349303,63.042999903361,58.5420431390964,38.1618310854622,82.5690840961333,57.7980389879239,10.3768962060792,37.8758927753993,0,77.5284774208069,75.190179169178,86.801855216592,78.2557677240331,33.0925297267,65.2892470183196,54.4649247879118,64.6595535352153,69.4693543116252,84.5435378357331,91.3922277197616,57.9611849403972,6.65676070668153,16.0536262125474,78.4787205287388,8.17432064858694,9.81235186140063,21.6634103450775,131.050986607869,0,173.116363525391,77.1238052368164,101.085919189453,0,158.049058702257,128.005036365027,153.169991387261,105.8931250939,127.116062164307,0,0,78.2552032470703,149.200085860032,129.261352539062,77.8163197835286,169.342987060547,0,0,161.16236114502,109.222713470459,78.1854137420654,143.180072784424,116.303252655326,165.372711181641,134.576225280762,131.298790379574,119.672541331096,139.802332401276,134.154759724935,118.774810791016,0,131.724830627441,156.354561699761
23.7818218619997,94.9766681671143,67.3535535953348,52.1814413832349,74.3690770467122,113.178215026855,69.1617006155161,16.0921575386138,60.9629907645431,51.762673496481,48.7662771070326,101.235536661579,77.456453704834,137.375888824463,35.3019349764694,66.1645259857178,55.4231343269348,70.6848443290605,113.517738273552,90.9472912533183,99.638222694397,17.6021767276014,43.6182607561716,36.0799227672042,50.7639991058576,128.531153869629,95.2406700836985,91.3931806289254,27.6460860802162,16.0536262125474,8.79881966870753,134.004767417908,97.0006637573242,33.22416760224,36.6035183080623,123.86485947503,165.709533691406,139.286656099207,75.5654934969815,155.036087036133,151.966293334961,148.498573996804,118.866392612457,144.054708809688,75.129934465563,154.493915904652,182.183685302734,151.153066635132,0,139.949663323871,0,90.0887062072754,149.69072265625,0,159.117500305176,124.283229827881,105.733493834969,71.5825827671931,119.8593935499,101.277599268566,142.277404785156,151.563350004308,139.068683093107,105.555349064969,125.04778474377,110.241292027065,0,0,118.125695013231,132.349958762144
121.578834533691,58.8926903799679,80.7067584991455,54.3068925463964,153.488616943359,0,133.378341674805,145.743415138938,102.648941040039,117.460909525553,142.70719909668,43.3484157058828,0,12.2828884616046,104.610589981079,0,102.514549255371,78.1195474352155,47.5589402805675,55.1750890612602,174.76091003418,128.904815673828,87.6770470359109,104.57237739563,133.541662851969,41.2890223565503,19.5466807246134,16.7377076876356,144.013400268555,78.4787205287388,134.004767417908,6.41456675850293,0,0,66.0775562705794,0,85.3388264973958,148.53108215332,92.6901661799504,0,0,0,0,0,140.013282775879,0,92.7925422305153,0,86.9071801129509,0,0,0,139.14852142334,97.4508078438895,114.984362792969,0,0,125.285097122192,174.329063415527,163.330276489258,72.0918443652167,97.7395129245994,98.3857914851262,0,0,0,101.692733340793,0,0,0
66.3253326416016,0,103.308563232422,0,0,7.62531189019262,16.0412579259519,113.360118865967,13.8823859767802,106.230060577393,101.472072948109,48.7663719177246,109.908321380615,69.3641571044922,13.2488302365344,45.1636849750172,0,0,89.4323883056641,0,105.166564464569,104.550956726074,0,0,114.875429789225,62.7756309509277,101.077728271484,0,118.563727484809,8.17432064858694,97.0006637573242,0,5.21601169743537,107.930442810059,37.7621096801758,0,0,0,0,0,0,0,164.355255126953,182.067291259766,120.20206451416,0,0,0,0,0,0,0,0,0,0,169.373077392578,0,0,0,178.933311462402,0,0,0,156.834808349609,0,0,0,0,0,0
19.7092632252237,99.115891456604,82.0175059925426,47.6468762226594,60.8827697558281,47.0703086853027,70.1774604320526,50.8835950620931,64.3147160708904,45.7720568358744,61.7181063612846,88.74492026435,69.7539088909443,131.407199859619,21.5737940740285,63.9422325134277,67.4690227508545,76.2905615604285,100.984423550692,84.6156006446251,70.0376459319016,46.6439373296335,45.6623144375058,58.8667905940566,49.7077043478381,123.827226911272,91.8223472666518,97.0372156176651,49.4546624689984,9.81235186140063,33.22416760224,0,107.930442810059,6.96067785809528,33.772552906115,125.403663288463,0,146.303716023763,79.7238935990767,161.211353302002,0,129.144732793172,115.147046047708,141.188391447067,67.5812838872274,133.514550890241,0,154.798138936361,0,136.059184734638,0,74.6380497614543,153.319793701172,0,177.051198323568,150.913188171387,99.748171488444,61.8224167823792,127.219030652727,96.4026370002228,97.9661331176758,159.312881469727,163.717887878418,107.156388407168,125.050812741543,111.675372073525,0,0,102.219092559814,123.718877618963
66.3458429996784,53.3737367090553,41.9497223879543,54.3986781007858,70.7907535449879,29.8024080933117,48.944745436482,65.4855361405308,41.3827867473318,52.5091174399102,69.334329769428,28.9612142928721,82.5824470854642,53.1138107969954,27.5457648462212,34.6912983322144,65.8044232277975,32.7554516058908,56.074069887745,43.1691901561013,80.7412591523762,37.2758739354561,55.2561784699443,37.9463629242518,57.8386973316333,52.2279587431327,52.6168422262982,57.1750970052141,54.8845044064606,21.6634103450775,36.6035183080623,66.0775562705794,37.7621096801758,33.772552906115,10.4499103519944,123.799798583984,109.947882080078,106.468891437237,75.1378851803866,81.9218826293945,0,131.820940653483,123.098462875575,140.101247999403,67.5827751159668,163.358956654867,126.654888153076,154.062240600586,103.064880664532,149.697597337806,0,97.9409968058268,110.539727137639,122.040382385254,121.15861008384,0,108.476492448287,68.7778455734253,110.700004940941,102.064067459106,104.515678405762,108.25063651756,106.437864675754,108.382956331426,123.077808803982,126.11750688224,119.096214294434,0,121.062843322754,120.207279898904
129.196617126465,0,152.385568237305,77.6066964093377,149.169158935547,0,166.499876022339,128.653993305407,143.60371253604,99.6070976257324,168.741430282593,0,0,0,135.328801704176,0,0,0,0,0,167.494247436523,122.051513671875,98.8507352556501,147.655385335286,113.472681639624,0,164.408604939779,171.097057766385,119.118715922038,131.050986607869,123.86485947503,0,0,125.403663288463,123.799798583984,8.10220352040019,118.164410061306,101.002919514974,65.1872112479752,83.2467544038417,79.1677431379046,65.6902885437012,25.6174702921443,40.1759037268441,61.260960112523,49.8594887639435,113.785879162775,63.4389069630549,124.351098887126,14.7103530731101,76.567025926378,53.3217648247988,88.312273287004,123.564741636577,110.830921074269,70.7992741128673,72.7858730138734,58.8444187008605,87.0451298998548,63.6393341398858,103.114227294922,113.738993846724,117.001681471293,63.7757840403738,16.066660830406,21.0158114166575,137.5793033176,73.0194759368896,40.7423615117227,59.7196108361949
0,33.8815307617188,84.5895685716109,61.830680847168,0,0,0,0,0,0,0,122.51692199707,0,91.6460225423177,142.086227416992,0,0,122.565372467041,117.98420715332,119.254309082031,0,0,117.134750366211,109.103119532267,0,83.4983534812927,106.637659567374,86.717477945181,0,0,165.709533691406,85.3388264973958,0,0,109.947882080078,118.164410061306,8.37134778489276,44.8387830370948,16.6022687159269,0,0,104.624641418457,109.30608774821,142.438454945882,67.3301538320688,138.10870107015,65.0105214612237,91.3780059814453,48.1741277106903,132.789500427246,0,63.1280199147887,51.860562849273,73.8915777206421,57.7036334206076,0,76.9636924050071,18.3651930848538,67.3430244525274,83.3205673694611,20.9327225262177,45.9992495513916,31.5236661611654,108.694760640462,112.377006306368,97.2258823182848,64.4922718048096,0,110.4984998703,57.5953861804719
137.791138282189,103.865297317505,96.1097383356806,72.2544041103787,203.363983154297,0,200.411682128906,147.165826685288,163.394577026367,0,156.155792236328,132.953330993652,0,149.882787068685,169.973459879557,0,102.351413726807,104.764072875977,137.963088989258,118.56898244222,0,139.225924173991,77.2550478848544,104.081540295201,151.759199876052,0,109.496965159541,95.3490547871512,139.185458430537,173.116363525391,139.286656099207,148.53108215332,0,146.303716023763,106.468891437237,101.002919514974,44.8387830370948,10.7967620696861,48.0343297842625,131.58186340332,175.044235229492,115.870417912801,91.0231158045979,112.58747121121,103.519942601522,106.928747211063,77.5581526184082,115.709480285645,89.1212959289551,116.983671842303,0,71.4823639419053,38.4887891787936,78.2841618855794,58.9718816001624,131.67762298584,64.459763661409,51.3739078769098,32.1677304085033,96.7297372658159,101.98987197876,27.3567174911378,31.3222585071677,74.8443472206472,120.848098930271,75.0038263860739,0,0,89.6497004191081,57.5966407878726
131.563671112061,93.2077484130859,80.0994979010688,20.900863672004,69.2578463554382,0,78.0217415945871,70.9129104614258,84.3929216938634,28.2618726491928,82.2530827623733,81.8402084350586,67.8786582946777,58.6986148316981,79.144667915676,36.4098892211914,77.6546669006348,74.9757742881775,100.678504943848,107.419179439545,81.3487869898478,73.2835901433771,40.9956818421682,99.6280007795854,46.4785481108644,47.8968233015479,79.3537829105671,76.4293204742728,63.338881390766,77.1238052368164,75.5654934969815,92.6901661799504,0,79.7238935990767,75.1378851803866,65.1872112479752,16.6022687159269,48.0343297842625,25.9461993208915,114.736498514811,97.7006988525391,73.5873821537669,59.052220121497,77.8276912419483,36.0153533879079,80.1791492489213,98.7088300658435,59.4698028564453,36.8679575175047,76.9953577064606,63.0814367021833,47.0899728561615,48.9769926654532,69.9896198770274,54.5404703098339,73.1097216288249,55.0312547411237,24.7690552919132,65.848008857163,25.343669410702,27.4256975357257,44.0232631640819,40.7073012336742,47.2382276014358,70.012733289751,64.2121201740798,58.9616363987778,126.389043172201,60.6314239501953,64.9073997622859
88.9235820770264,0,0,78.7207832336426,7.54536752099389,0,127.253692626953,133.856158256531,139.873227800642,84.723274230957,23.2624933277116,0,21.6721655315823,0,99.3428497314453,0,0,0,0,0,9.72929845802515,0,141.565322875977,142.656509399414,42.1148765257427,0,0,0,24.084005298327,101.085919189453,155.036087036133,0,0,161.211353302002,81.9218826293945,83.2467544038417,0,131.58186340332,114.736498514811,7.41305267307052,114.922052383423,47.9887461292788,36.9846203052892,81.6930010270099,33.2431782393896,14.9054155248093,141.316470336914,15.7125381893994,0,93.2696595461863,65.2134280734592,0,0,0,196.789647420247,11.0444842778433,152.024505615234,70.3916778564453,0,13.0566644135637,0,161.685409545898,140.850032806396,10.4752591544181,88.7189231584238,113.462729317801,0,137.039611816406,85.8524662898137,92.626401542437
0,0,0,0,0,0,0,0,0,0,184.69075012207,0,0,0,0,0,0,0,0,0,0,0,0,0,0,0,0,0,0,0,151.966293334961,0,0,0,0,79.1677431379046,0,175.044235229492,97.7006988525391,114.922052383423,6.92742706347656,13.372473078453,97.7282536824544,9.91871971479547,118.513882954915,90.4842444911148,56.0909682053786,71.0928682088852,63.6987670898437,27.1696869189219,12.7884869269467,99.8992462158203,73.4821701049805,76.5710525512695,81.7354431152344,102.263339451381,0,0,106.978057861328,104.869259467492,57.4472618103027,141.789400736491,0,116.482173919678,21.03703794674,0,0,9.04976307077342,0,29.1703917031149
130.373403276716,0,177.639739990234,100.898662143283,124.348533357893,164.7314453125,140.182154728816,131.105564710829,144.842093505859,108.077360153198,140.763154408288,0,115.665703092303,0,149.744923007104,170.542762756348,0,0,0,0,146.041444354587,0,105.253433227539,171.214787801107,113.240179582076,0,235.296600341797,169.096138000488,123.289358742217,158.049058702257,148.498573996804,0,0,129.144732793172,131.820940653483,65.6902885437012,104.624641418457,115.870417912801,73.5873821537669,47.9887461292788,13.372473078453,7.31202641064133,51.2896710740334,14.668504918123,44.9298915619286,22.2213689974908,85.753071648734,18.9418573835241,140.983791896275,33.0681716620042,13.6623645802889,76.8306625828598,113.47784713219,135.954177220662,137.776373065886,24.7570687869151,90.688099089123,82.1970007154677,104.71192773596,46.7824505587093,0,128.425457704414,128.607785151555,47.0479231705755,59.2211564727452,82.5677170292024,0,18.1957533170414,79.1193329660516,68.7100903799367
