10.7814231490478,157.156799316406,98.0336043536663,80.8503075779074,102.845994131906,77.9764213562012,88.8658995874149,29.3168909884676,53.1081622601375,74.6643866122126,68.9629979106767,144.148711395264,110.873164585658,176.674007415771,19.2826591180657,99.4818384806315,92.567263285319,95.8774038314819,130.896102905273,138.138598221999,104.466494750977,79.2624301490279,107.283469113437,87.6942871157639,81.3127205571518,189.511840820312,128.126380745022,133.054346504858,81.4328132741073,22.3816224031765,30.6974489854824,0,90.8548755645752,63.3584253311157,85.0547202310444,152.202069963728,0,166.390632629395,92.2553485234578,0,0,171.603759765625,136.762813568115,157.24959564209,97.1818373543876,175.239339192708,0,0,0,166.9431737264,0,135.494700840541,200.535827636719,0,0,191.894927978516,141.455810546875,126.239994049072,162.856862386068,134.29523099702,0,196.376636505127,175.167140960693,139.422345876694,140.694391523089,138.222373962402,0,0,150.620935440063,164.316777547201
157.156799316406,8.31850731863585,46.7274944503586,26.6307760082932,89.632942199707,134.841720581055,145.160195668538,142.04404296875,145.991977214813,78.1631498918847,153.075741577148,65.6921675936634,132.419374254015,44.9716255758691,133.281036376953,117.09224875768,93.0566135406494,61.2565908461716,77.736875295639,60.3814887144128,152.732772827148,113.943977355957,24.2168540151832,78.8286095080168,92.3436038164589,28.6763573331165,47.6826260455424,33.4417955484243,122.852745654536,135.465166091919,121.596698902271,77.0721632639567,0,125.394995371501,62.3075722220804,0,66.589924621582,114.654013497489,91.3180753389994,0,0,0,0,0,160.346527099609,214.374252319336,80.6664342880249,0,51.2203731536865,0,0,117.292381286621,130.499025542161,0,113.078729311625,0,0,118.464033944266,158.795883178711,168.207443237305,52.2178666170906,105.838879033139,109.130290164742,192.441192626953,0,161.357643127441,0,0,0,129.120431688097
98.0336043536663,46.7274944503586,12.7393566290571,47.2440830544883,190.578174591064,155.612908257378,126.91634777729,89.4086270342635,118.609932476225,115.223252936975,110.421531986845,74.2161514691714,170.57084274292,91.9266352104418,113.605517039685,125.510652240954,92.4801751339074,41.080764299939,64.2564522425334,77.821767889935,169.913385391235,79.7640869014866,45.9060064692076,23.5397272542832,112.740825586152,84.5669531571238,27.4331633153144,26.4631885742169,83.1909639893508,114.349266507461,88.9635068866569,89.6088311331613,153.599784449527,89.2446244183709,54.8617163614083,185.108455657959,86.2014543973483,95.4799917162667,74.9813662120274,0,220.280776977539,189.748120989118,172.986288371839,198.356263337312,165.272288731166,191.386361258371,120.215638296945,0,158.650360107422,180.656235218048,0,104.650522504534,109.828018468543,164.55680847168,126.593897026276,0,142.616268157959,68.6466071696221,106.656868930607,169.076466878255,140.713722229004,105.023745384283,96.9380438168844,160.280259026421,199.116955843839,151.139376618141,0,0,131.671943664551,118.261301801249
80.8503075779074,26.6307760082932,47.2440830544883,41.8260384397877,65.4205958626487,116.933191680908,96.0185869441313,76.1296974903828,99.161556541497,19.0869006785626,83.0540919226569,74.7163889951873,89.6908601234699,51.4465648690551,99.6790693691204,85.5142034954495,47.6262392390123,67.0822008090057,70.6025157165527,61.6781395838178,74.2685463734162,55.5294254442316,27.2042474990661,53.6466386172655,48.8026278221106,31.0447755684231,49.1587300111559,45.5527313607561,58.6132183350165,82.1580396032333,58.315589833275,80.4894218444824,114.478017807007,65.0568493434361,66.8984438876311,112.577710151672,78.7183167139689,83.7508746416141,34.4443511861436,137.526473999023,0,0,104.421561746036,138.417079925537,27.4278337897324,149.812115478516,58.8646950354943,0,42.8034229278564,116.367617470878,115.131324768066,71.4393651238803,111.018350250867,0,117.885094035756,0,122.669237576998,41.5000692579481,85.425318805884,88.614228674706,38.3803208307786,112.147553507487,95.1293785952957,104.412955007245,123.20464470273,104.035826389606,0,0,117.500843048096,117.607161291714
102.845994131906,89.632942199707,190.578174591064,65.4205958626487,11.3161056208747,132.365169525146,63.9980287850752,82.6512805393764,109.195573772499,46.8949494226741,22.1222491088537,165.20051574707,27.8012468890405,0,117.772585919029,74.1408025134694,106.245231628418,136.755058288574,0,0,18.2511047350693,0,56.1717430114746,154.88524350253,22.4593326084272,122.755195617676,156.377879551479,123.124391828265,20.335547618686,109.333525573151,88.8755902377042,0,120.931694030762,88.4640146891276,108.230257739759,159.5859375,0,201.902099609375,82.8998361315046,12.9398603152801,0,155.052109146118,137.942967732747,181.728228251139,98.6036412856158,142.795343709546,0,54.830955657959,0,185.258371988932,0,0,0,0,0,33.6818593350227,0,0,173.414352416992,91.4559819088426,0,188.079666137695,0,49.1314821579877,0,169.317642211914,0,0,201.509994506836,0
77.9764213562012,134.841720581055,155.612908257378,116.933191680908,132.365169525146,6.82664023475931,12.1220641416158,114.695884094238,32.7743403959678,88.9052417461689,107.444262356228,65.7582897517992,91.5315415393347,84.8122809273856,40.7769913490543,15.9778134495951,231.466049194336,158.454776763916,0,83.3576469421387,123.753817044772,0,104.570737838745,135.477810329861,123.45308718474,0,123.179588317871,92.4298126220703,127.534625854492,27.801708781373,126.403232029506,107.487373352051,12.1581229514153,127.169059753418,41.8396160441234,210.2763671875,0,0,133.816066741943,0,0,0,195.837627410889,0,0,233.449645996094,0,0,0,0,0,0,0,0,0,0,0,0,0,186.233373006185,0,0,228.561950683594,166.816101074219,218.037284851074,172.701728820801,0,0,0,0
88.8658995874149,145.160195668538,126.91634777729,96.0185869441313,63.9980287850752,12.1220641416158,11.5038001929554,66.4169301634075,22.8826050571527,71.6008639814751,37.1650321150501,98.2947176436932,28.131546201386,140.240866054188,35.3820218691528,15.7801958270977,0,147.213037872314,110.473626708984,129.567516126131,44.2062005182478,117.349300091083,123.714925493513,124.045666873597,83.2505650571968,164.757952372233,155.92968351347,154.672144905466,69.2443734147236,46.3332339257729,111.93604940176,0,18.6516702018808,103.036659538746,66.8014293362423,193.524496459961,0,202.40306854248,109.85821015956,136.734256513191,0,170.683141147389,186.614080092486,191.202555729793,118.185486450195,177.412878853934,0,92.0395262101117,0,200.675946322354,197.264663696289,147.71849822998,241.257827758789,0,0,144.570788679452,0,0,218.195739746094,133.207532390471,0,0,202.323699951172,165.709364573161,199.646137237549,177.703982035319,0,0,180.539845784505,190.872295379639
29.3168909884676,142.04404296875,89.4086270342635,76.1296974903828,82.6512805393764,114.695884094238,66.4169301634075,11.0625900803836,61.4038065744279,61.56844774882,21.8223097789516,163.551790563072,95.2982476552327,164.836268288749,35.0558118493752,76.0603410847982,104.334826660156,110.899743541594,168.349685668945,145.356456279755,124.593724441528,67.0404298074555,98.3026281328344,74.7465155565575,59.6407679716746,149.075180053711,133.126922171456,122.329834251404,29.083500436429,78.2515471571913,19.7569325943733,192.863891601562,121.250932229532,74.1142950948079,87.9981347371699,135.450175285339,193.496337890625,173.175311133975,82.3131199342659,149.789913813273,0,157.498911930965,134.109260236713,170.818991978963,94.6601759014708,161.435961042132,0,128.086365763346,0,157.24157333374,0,135.391948499178,187.662320963542,0,194.227630615234,150.003526306152,170.636322021484,110.648346455892,160.426721845354,116.548442855896,0,176.017434256417,171.955490112305,131.470041873681,151.70765459979,140.620354481232,0,206.775817871094,155.429578781128,151.431132316589
53.1081622601375,145.991977214813,118.609932476225,99.161556541497,109.195573772499,32.7743403959678,22.8826050571527,61.4038065744279,13.4320187483715,91.7972282501588,49.7874273345661,92.1447610496578,88.3234286016973,142.399566696911,18.0227746577112,44.2009884580945,186.482577514648,123.058659406316,151.546834945679,131.39996188879,93.5642104302683,101.549636578341,127.62631780451,108.692876683968,93.1552259882943,126.318619728088,146.984289853382,147.130991274811,91.3574186499792,32.0261508946978,78.1970901382702,149.576318359375,19.2020864537477,102.241315242222,59.3219031640041,185.239098685128,0,185.883814493815,108.293767514436,150.967183748881,0,179.344818702111,163.188584369162,171.101519775391,125.659367505242,186.402245894722,0,141.910919613308,0,186.775256928943,186.484161376953,162.945621490479,202.911197662354,0,221.879482269287,192.380891799927,201.551116943359,157.690410614014,204.144481312145,143.450683546066,0,198.28470993042,194.06679725647,159.195169684592,185.504299040764,158.835524460365,0,0,184.449696350098,197.71340637207
74.6643866122126,78.1631498918847,115.223252936975,19.0869006785626,46.8949494226741,88.9052417461689,71.6008639814751,61.56844774882,91.7972282501588,9.25982698208064,78.8958641621604,137.699773907661,12.5638969155732,124.180199690268,91.4870997541629,26.3435373883051,53.6942350977943,129.723463163601,135.787307739258,143.693948136999,47.6025089844413,77.6728431995098,30.5019734225218,101.936968621148,23.8201580629582,115.859983582428,125.116707360567,108.944647996968,52.5416275974319,83.9006197880104,62.6815855884349,133.512598673503,118.919949001736,66.1915026380864,84.3385661876563,140.146236419678,156.125350952148,172.821834019252,60.4058927886787,104.400206856106,193.647155761719,122.501014709473,125.767489946806,152.774003982544,59.8166005377676,123.623695960412,0,62.2085253397624,160.521392822266,140.076072692871,72.0558853149414,113.784100123814,176.333770751953,0,239.370239257812,96.3078998565674,149.942741394043,82.0888290405273,160.172609965007,98.2503335193921,148.529099782308,199.883735656738,189.200177360983,123.407718149821,151.547941354605,115.730914240298,0,0,132.829433441162,156.725306193034
68.9629979106767,153.075741577148,110.421531986845,83.0540919226569,22.1222491088537,107.444262356228,37.1650321150501,21.8223097789516,49.7874273345661,78.8958641621604,14.1941218651819,160.591125770851,24.2276474547289,180.409580049061,51.3420946339621,69.4597644444081,150.973299026489,155.555937212567,145.455520629883,174.276117597307,19.514597756285,90.7580580239768,148.901464982466,100.623724953566,71.8687158897386,188.749847412109,153.62716895794,144.97003458314,37.3620650526351,96.7468728706295,83.6379016687661,189.172805786133,120.851702238384,89.3355689489541,95.0360442419172,172.223883056641,0,193.269897460938,95.4140895582874,53.4379387263528,0,164.758757969119,161.150798938893,194.404210017278,115.960272320246,168.536228972357,0,142.427204974286,0,195.273573811849,157.565322875977,173.731655883789,207.793304443359,0,230.773475646973,45.8599256125363,0,143.853591918945,177.537605285645,121.16990929939,0,209.055430094401,199.600974188911,159.91883069518,188.606733534071,204.260531107585,0,0,187.262950897217,193.816893441337
144.148711395264,65.6921675936634,74.2161514691714,74.7163889951873,165.20051574707,65.7582897517992,98.2947176436932,163.551790563072,92.1447610496578,137.699773907661,160.591125770851,15.2737131720882,143.098974722403,22.1460603431761,89.4346627380888,142.570290629069,129.364973449707,52.7692327777636,29.7254922442294,23.8757410328211,158.494827270508,110.864406251907,104.020816959747,101.627616397294,160.209134615385,32.6909390845197,28.0276912437757,50.8084011782043,144.118768831579,82.5044561380612,122.731743076869,28.9266843467434,59.1491065912949,125.861068725586,28.5356628228948,0,95.1799139976501,142.146063411937,103.406101920388,181.013153076172,0,0,200.504547119141,0,0,0,62.5444269180298,0,63.3807252248128,0,0,171.493240356445,151.54747876254,101.784805297852,112.08628919648,0,183.58137512207,131.465309651693,175.334016799927,236.229202270508,61.2697043948703,115.842597467436,114.150624835302,209.558151245117,240.313415527344,201.521902901786,217.436874389648,0,0,132.813800811768
110.873164585658,132.419374254015,170.57084274292,89.6908601234699,27.8012468890405,91.5315415393347,28.131546201386,95.2982476552327,88.3234286016973,12.5638969155732,24.2276474547289,143.098974722403,11.1637691650034,202.578526814779,96.8450343783128,16.6596470655995,187.938781738281,173.408332824707,184.283569335938,178.50696018764,15.779518433516,148.870456695557,75.9388852119446,173.834733532321,24.6054741359467,170.638137817383,175.926524442785,147.228965486799,53.1676922668529,96.8693854464634,141.223345139447,0,118.392316785909,106.093532562256,98.1739535816213,0,0,0,98.4194516827983,58.1179720765537,0,87.3782710506491,161.543098449707,122.647453308105,91.0764593080033,52.308340791095,0,13.1817515539961,0,115.925052642822,118.954746246338,0,221.170043945312,0,0,19.6204774958211,0,0,0,113.55178664782,0,0,169.3642578125,162.6843745822,138.132243565151,0,0,0,167.156158447266,111.215614318848
176.674007415771,44.9716255758691,91.9266352104418,51.4465648690551,0,84.8122809273856,140.240866054188,164.836268288749,142.399566696911,124.180199690268,180.409580049061,22.1460603431761,202.578526814779,8.2567439366296,132.059782028198,169.687785557338,143.900133768717,87.9533225795201,54.2619778217989,59.9839775978854,193.23698425293,145.168405532837,92.5258625914894,111.39844774844,144.914969848083,21.365876242431,33.9160287087837,33.1414351460661,158.811442613602,150.169922342106,159.171096801758,14.2744074137315,85.5166709206321,165.599329630534,55.7421015084227,0,71.3106015523275,150.099692208426,56.8040699654437,0,0,0,0,0,134.21942542581,0,73.8172432899475,0,39.4651436916617,231.514526367188,0,0,170.895889282227,93.645133972168,108.43708259181,0,202.857460021973,105.107422892253,148.108535766602,177.421973334418,47.6171394243632,100.78239253362,91.8226852895825,233.327545166016,222.009002685547,190.589538574219,118.450664520264,0,0,110.950352668762
19.2826591180657,133.281036376953,113.605517039685,99.6790693691204,117.772585919029,40.7769913490543,35.3820218691528,35.0558118493752,18.0227746577112,91.4870997541629,51.3420946339621,89.4346627380888,96.8450343783128,132.059782028198,9.79620808708443,70.831200989433,149.518077850342,113.233275130196,128.97166633606,117.938313626695,103.949677740509,98.6180856317999,120.885342189244,103.391666246967,102.732919760731,107.004093170166,139.740762114525,143.731785732362,94.8875713404903,24.1387692717271,64.1243706005962,160.740745544434,18.5248924310787,97.0608238127173,53.5584805221419,161.280084783381,0,198.165145874023,113.276316272969,181.076292419434,0,201.011964797974,168.492598662505,211.362020874023,121.621670041765,194.261722019741,0,172.691722869873,0,188.105184555054,0,142.936165549538,211.192822543058,0,209.546546936035,0,156.876500447591,142.429609934489,182.620657348633,150.248272347958,0,199.359062194824,187.874592781067,162.792224884033,180.640686035156,159.480825323808,0,0,174.014981951032,181.412546011118
99.4818384806315,117.09224875768,125.510652240954,85.5142034954495,74.1408025134694,15.9778134495951,15.7801958270977,76.0603410847982,44.2009884580945,26.3435373883051,69.4597644444081,142.570290629069,16.6596470655995,169.687785557338,70.831200989433,7.92174894536553,105.455191040039,151.810827732086,141.97590637207,161.759012858073,60.1163020961541,157.964595794678,74.962296768471,115.253217909071,58.0472433200249,157.564089323345,152.248872583563,138.109702798595,80.6784312889224,89.7610503275683,98.5599773631376,0,46.8372285149314,99.7743748256138,88.0953475119362,0,0,0,107.060132980347,122.2001953125,0,0,145.842102050781,223.740737915039,83.6531011793349,163.433549245199,0,87.3199274880545,0,0,0,178.262008666992,0,0,231.270812988281,124.493743896484,0,0,0,124.162793477376,0,222.362243652344,204.319259643555,145.598347473145,201.739631652832,158.336441040039,0,0,0,247.768402099609
92.567263285319,93.0566135406494,92.4801751339074,47.6262392390123,106.245231628418,231.466049194336,0,104.334826660156,186.482577514648,53.6942350977943,150.973299026489,129.364973449707,187.938781738281,143.900133768717,149.518077850342,105.455191040039,14.6560133775801,109.777444440265,169.258178710938,145.772220264782,0,10.916448212911,36.5937489928392,16.9336166925738,35.0018225352144,141.923477172852,123.739545760616,25.5266213956182,50.3392103921341,108.110290527344,76.2932123922223,0,0,93.9539710998535,78.2946861941798,138.576919555664,198.570297241211,111.639912518588,71.6787172514817,0,0,0,164.954391479492,224.999374389648,73.6552925109863,157.938705444336,0,0,217.621765136719,165.096267700195,0,108.986417405149,155.03942489624,0,165.479029337565,0,123.255050871107,67.8950627683862,107.82332954111,184.726806640625,0,153.792950716886,116.584069388253,134.859934931216,106.743896484375,127.247880808512,0,0,137.363235473633,131.684575217111
95.8774038314819,61.2565908461716,41.080764299939,67.0822008090057,136.755058288574,158.454776763916,147.213037872314,110.899743541594,123.058659406316,129.723463163601,155.555937212567,52.7692327777636,173.408332824707,87.9533225795201,113.233275130196,151.810827732086,109.777444440265,11.8142329006187,52.3705502416855,23.0832889075644,181.547497558594,56.7740027969416,76.4356725633035,26.7100375637696,127.727335849655,69.7962257255942,31.4357622591507,66.2817963051037,117.393422768196,100.150802205211,77.7946055237676,89.3788367377387,124.000605901082,85.4405490523534,37.4897790903255,194.737533569336,98.6263998623552,111.115904407225,108.58791462759,0,0,200.642295837402,181.608867351825,212.126385615422,147.832890828451,210.442087809245,132.836048671177,218.351806640625,156.648071289062,196.937900890004,0,141.401788330078,125.199019056223,122.294898986816,129.167732190786,0,161.468891490589,107.157052022106,135.799057566325,171.357139587402,157.033134460449,112.579109264457,110.277107281088,176.55913772583,199.277221679688,168.99527538066,183.015594482422,0,187.010276794434,127.186551363963
130.896102905273,77.736875295639,64.2564522425334,70.6025157165527,0,0,110.473626708984,168.349685668945,151.546834945679,135.787307739258,145.455520629883,29.7254922442294,184.283569335938,54.2619778217989,128.97166633606,141.97590637207,169.258178710938,52.3705502416855,9.1210739416116,10.5053519912533,0,151.529373168945,123.394733428955,106.89035542806,161.152328491211,55.7424495152065,19.5393778039173,65.3358028649356,171.818473815918,89.3800523546007,145.75892384847,57.009285630851,95.6791114807129,0,67.8100782386687,0,121.630226135254,0,69.8782958984375,0,0,0,0,0,0,0,146.821533203125,0,0,0,0,0,207.372802734375,0,122.281165440877,0,0,0,0,0,87.8219757080078,116.081290108817,114.8443138416,0,0,0,0,0,0,139.337821960449
138.138598221999,60.3814887144128,77.821767889935,61.6781395838178,0,83.3576469421387,129.567516126131,145.356456279755,131.39996188879,143.693948136999,174.276117597307,23.8757410328211,178.50696018764,59.9839775978854,117.938313626695,161.759012858073,145.772220264782,23.0832889075644,10.5053519912533,7.42258637135802,169.143241882324,95.9919322042754,104.420963757659,70.2891196889976,153.443923441569,50.9786814018215,22.4566729411261,64.3662680454882,137.754884168837,114.591086177826,102.665320012477,58.1028086633393,95.9765248018153,103.050675003617,42.6479816734791,0,99.9421752929688,136.025603975568,104.413943255389,0,0,217.59489440918,210.45832824707,237.890991210938,186.773109436035,220.160003662109,113.600474039714,0,121.480223083496,200.628196716309,0,157.778591918945,130.026965114049,118.743741989136,113.814428660495,0,170.952514648438,126.76014251709,163.088645935059,188.51537322998,98.4945142645585,109.220414829254,109.318476023932,218.115524291992,0,192.011150783963,120.391460418701,0,0,125.712961309096
104.466494750977,152.732772827148,169.913385391235,74.2685463734162,18.2511047350693,123.753817044772,44.2062005182478,124.593724441528,93.5642104302683,47.6025089844413,19.514597756285,158.494827270508,15.779518433516,193.23698425293,103.949677740509,60.1163020961541,0,181.547497558594,0,169.143241882324,9.61576444419652,167.984258015951,126.466791788737,185.195513211764,27.5736759541959,0,171.278038024902,121.905602591378,36.2380308981102,102.812538461837,126.384081522624,0,132.779674236591,155.86149597168,99.3075395230048,0,0,0,94.3952987194061,23.3538661216622,0,161.560774230957,165.187347412109,209.745269775391,104.203813406137,172.776504516602,0,19.2894575624931,0,0,0,0,0,0,0,11.6803921969969,0,172.584991455078,0,124.102070522308,0,0,0,158.985558143029,0,0,0,242.53010559082,187.380676269531,0
79.2624301490279,113.943977355957,79.7640869014866,55.5294254442316,0,0,117.349300091083,67.0404298074555,101.549636578341,77.6728431995098,90.7580580239768,110.864406251907,148.870456695557,145.168405532837,98.6180856317999,157.964595794678,10.916448212911,56.7740027969416,151.529373168945,95.9919322042754,167.984258015951,10.0636505387442,59.6494912592275,25.1500759659717,10.2659168475517,124.622408548991,111.700382377528,76.8505346747006,21.1883668333981,70.6556665967334,27.1684858923129,0,117.610847473145,50.6572644122235,38.2647912208733,140.950847625732,184.654373168945,126.73942565918,74.8744940161705,0,0,0,157.957613263811,196.545369466146,91.1809363894992,174.234840393066,169.457000732422,0,0,163.267084121704,0,115.646128261791,132.857685634068,0,195.01630748402,0,121.943046260524,71.1158010230217,116.420814190271,130.900734674363,0,152.130265045166,134.408724291571,139.009498478816,167.759955342611,130.409411951439,0,225.64680480957,145.068979263306,127.601409565319
107.283469113437,24.2168540151832,45.9060064692076,27.2042474990661,56.1717430114746,104.570737838745,123.714925493513,98.3026281328344,127.62631780451,30.5019734225218,148.901464982466,104.020816959747,75.9388852119446,92.5258625914894,120.885342189244,74.962296768471,36.5937489928392,76.4356725633035,123.394733428955,104.420963757659,126.466791788737,59.6494912592275,8.59055704643412,54.5963340491753,34.8088836587589,78.5066649752309,82.3750638272657,44.0080791759694,56.5866341220758,96.2840806484222,63.9053860077491,113.936834335327,0,61.5339115209747,70.4683396441077,145.883163452148,72.0689373016357,90.1544213728471,60.2598675092061,134.956726074219,0,183.18669128418,128.971642085484,183.143257141113,80.9031611124674,179.757373809814,128.786880493164,0,0,164.708262125651,0,84.5754488352183,113.214829717364,0,133.277655029297,0,104.933530426025,49.5933542307033,94.5616298226749,129.340845281428,110.560760498047,127.863940216774,103.051257722518,134.809082523469,144.023420333862,117.183938407898,0,0,144.598777770996,123.178471883138
87.6942871157639,78.8286095080168,23.5397272542832,53.6466386172655,154.88524350253,135.477810329861,124.045666873597,74.7465155565575,108.692876683968,101.936968621148,100.623724953566,101.627616397294,173.834733532321,111.39844774844,103.391666246967,115.253217909071,16.9336166925738,26.7100375637696,106.89035542806,70.2891196889976,185.195513211764,25.1500759659717,54.5963340491753,15.2045663524646,73.2413438711244,125.120951843262,72.7038854695827,36.3471838310145,43.982737234717,99.7711919539921,53.6847076587861,132.645355224609,156.701562790644,77.3121364940297,44.0540522825314,169.796206306009,115.638318678912,107.145534379281,81.4046921911537,0,0,200.885177612305,171.07993518605,183.985426006895,99.4844579282014,186.001415252686,136.86775970459,185.47509765625,0,196.028702545166,0,102.829567101973,124.029668909438,0,145.520410572399,0,127.199510812759,72.278958966273,109.231437333668,156.21685107549,0,121.66738688151,110.695898965325,151.258699782351,173.155873915728,144.566047020678,0,0,165.22073841095,129.969195416099
81.3127205571518,92.3436038164589,112.740825586152,48.8026278221106,22.4593326084272,123.45308718474,83.2505650571968,59.6407679716746,93.1552259882943,23.8201580629582,71.8687158897386,160.209134615385,24.6054741359467,144.914969848083,102.732919760731,58.0472433200249,35.0018225352144,127.727335849655,161.152328491211,153.443923441569,27.5736759541959,10.2659168475517,34.8088836587589,73.2413438711244,11.6888460870495,132.568056632733,129.396955430934,95.672962481047,18.9136214100248,90.509665085774,69.6248595419507,0,140.863815756405,74.1892081830628,95.7028070892533,130.780135081365,148.03288269043,160.148892828759,63.4952767675271,68.6694952326436,0,137.486203432083,124.104693934928,156.59989535424,77.811523102551,144.672986228511,195.512969970703,110.636511582595,207.144897460938,145.713598942411,159.430297851562,111.976317957828,184.066605122884,0,210.431698608398,131.447430292765,123.020077514648,89.7009420041685,155.791681167927,101.610780426318,188.77042388916,177.139000525841,176.136194940823,118.793422670718,138.955772264869,123.221357129968,234.983505249023,194.950393676758,133.781225710499,152.999226769736
189.511840820312,28.6763573331165,84.5669531571238,31.0447755684231,122.755195617676,0,164.757952372233,149.075180053711,126.318619728088,115.859983582428,188.749847412109,32.6909390845197,170.638137817383,21.365876242431,107.004093170166,157.564089323345,141.923477172852,69.7962257255942,55.7424495152065,50.9786814018215,0,124.622408548991,78.5066649752309,125.120951843262,132.568056632733,11.2986901934956,44.6440632016788,26.7149156881719,151.133248964945,142.90427163931,141.880491638184,58.8273745871879,107.405967712402,189.750473022461,66.2840309247866,0,61.4492750621977,141.210408528646,46.1133114880529,0,0,0,0,0,131.367302856445,0,63.3860284487406,0,49.9638998569586,0,0,0,109.173679351807,92.8902028401693,78.5395069917043,178.170303344727,0,94.4248164040702,161.667922973633,0,40.4167214668158,80.9581320751673,75.0631130724201,186.94157409668,202.634735107422,172.360092163086,87.4463176727295,0,234.521820068359,87.5544624328613
128.126380745022,47.6826260455424,27.4331633153144,49.1587300111559,156.377879551479,123.179588317871,155.92968351347,133.126922171456,146.984289853382,125.116707360567,153.62716895794,28.0276912437757,175.926524442785,33.9160287087837,139.740762114525,152.248872583563,123.739545760616,31.4357622591507,19.5393778039173,22.4566729411261,171.278038024902,111.700382377528,82.3750638272657,72.7038854695827,129.396955430934,44.6440632016788,12.1307832913753,25.9051792058313,134.426519441776,120.131803901541,111.713514103609,28.0490470322796,110.616527059804,113.592797672047,56.1406517100591,184.105776105608,85.4723624935398,115.269570806752,92.0840227399554,236.697265625,0,216.584159851074,185.566484451294,202.689686584473,157.196388244629,209.923477172852,108.68675809918,0,118.523438589914,198.744278907776,0,156.658155001127,117.915846764625,120.065061468827,113.333727518717,0,156.486300332206,133.436018866462,142.752790692209,184.919319152832,82.7861848977896,99.9495693347676,101.376418645314,196.621105739049,190.49194922814,169.297119929873,135.883037860577,0,172.265628521259,117.98372429108
133.054346504858,33.4417955484243,26.4631885742169,45.5527313607561,123.124391828265,92.4298126220703,154.672144905466,122.329834251404,147.130991274811,108.944647996968,144.97003458314,50.8084011782043,147.228965486799,33.1414351460661,143.731785732362,138.109702798595,25.5266213956182,66.2817963051037,65.3358028649356,64.3662680454882,121.905602591378,76.8505346747006,44.0080791759694,36.3471838310145,95.672962481047,26.7149156881719,25.9051792058313,14.8914349833455,75.9307425087745,140.376857013237,117.650148553363,20.5870343645265,113.542862483433,117.972791290283,65.8877145861544,185.406511005602,86.7182298635508,98.6661123266696,80.2563296430421,214.466664632161,0,200.307149887085,172.661399450058,197.752488708496,165.964179992676,196.069951629639,116.767114679864,0,130.161149597168,178.578043518066,0,107.403223321793,114.45174023509,126.975830925836,117.271786606103,0,140.855394190008,70.2935644276937,110.01736620523,187.000245746813,84.4210754235585,101.364539423631,99.8796115779763,174.851356887817,189.35791015625,157.932012576868,138.396362304688,0,178.581674749201,121.300557249336
81.4328132741073,122.852745654536,83.1909639893508,58.6132183350165,20.335547618686,127.534625854492,69.2443734147236,29.083500436429,91.3574186499792,52.5416275974319,37.3620650526351,144.118768831579,53.1676922668529,158.811442613602,94.8875713404903,80.6784312889224,50.3392103921341,117.393422768196,171.818473815918,137.754884168837,36.2380308981102,21.1883668333981,56.5866341220758,43.982737234717,18.9136214100248,151.133248964945,134.426519441776,75.9307425087745,11.5062320456254,89.2996477434115,36.8974653063264,0,138.947530326197,63.0122188223679,64.2648297983182,135.134624339916,168.223957061768,153.241438366118,73.7910458310872,66.1393298841872,188.808639526367,152.430301541596,127.835121174705,161.334903106689,84.3416726699421,159.158168405726,205.403991699219,128.428016438204,0,146.537357748371,158.252281188965,109.474224090576,168.546153386434,0,179.920697298917,133.115741430995,121.796375991707,94.4638812581047,141.287019431843,109.985473732509,0,184.942205718069,160.97067921432,125.924280153882,136.54830078125,123.921616217374,0,194.648536682129,129.820607503255,139.490136553151
22.3816224031765,135.465166091919,114.349266507461,82.1580396032333,109.333525573151,27.801708781373,46.3332339257729,78.2515471571913,32.0261508946978,83.9006197880104,96.7468728706295,82.5044561380612,96.8693854464634,150.169922342106,24.1387692717271,89.7610503275683,108.110290527344,100.150802205211,89.3800523546007,114.591086177826,102.812538461837,70.6556665967334,96.2840806484222,99.7711919539921,90.509665085774,142.90427163931,120.131803901541,140.376857013237,89.2996477434115,11.2962651805498,30.6031449428187,121.939037322998,12.5259263081605,17.2324127450547,45.9863994693917,166.060219900949,158.509910583496,171.284445868598,100.87132284011,169.419012069702,0,185.81963130406,158.538230770924,189.912696607185,110.297477092218,197.204719543457,0,158.034610748291,0,180.806537709338,182.912882486979,127.815182813958,191.489572625411,0,180.082646687826,179.185715484619,129.910882216233,121.440415326287,179.889378786087,144.014350672349,0,179.436041581003,177.719773806058,149.077324658532,163.416213325832,147.638979515663,0,0,161.257575750351,164.466068883096
30.6974489854824,121.596698902271,88.9635068866569,58.315589833275,88.8755902377042,126.403232029506,111.93604940176,19.7569325943733,78.1970901382702,62.6815855884349,83.6379016687661,122.731743076869,141.223345139447,159.171096801758,64.1243706005962,98.5599773631376,76.2932123922223,77.7946055237676,145.75892384847,102.665320012477,126.384081522624,27.1684858923129,63.9053860077491,53.6847076587861,69.6248595419507,141.880491638184,111.713514103609,117.650148553363,36.8974653063264,30.6031449428187,10.5795154375621,0,115.45903523763,35.53667340325,37.1132193656751,138.009192875453,0,153.124677770278,74.944588192304,164.558418273926,0,164.227826799665,135.761529851843,166.345582704286,85.8436661024351,171.175908406576,226.042015075684,203.82048034668,0,149.817063797352,0,107.486737649908,178.548024495443,0,208.408683776855,0,125.758280026015,85.2444041894407,132.714227450096,117.630446620719,0,164.751098124186,162.980638073337,123.429269966038,138.005193159315,124.512165251232,0,0,128.764861199164,133.19267578125
0,77.0721632639567,89.6088311331613,80.4894218444824,0,107.487373352051,0,192.863891601562,149.576318359375,133.512598673503,189.172805786133,28.9266843467434,0,14.2744074137315,160.740745544434,0,0,89.3788367377387,57.009285630851,58.1028086633393,0,0,113.936834335327,132.645355224609,0,58.8273745871879,28.0490470322796,20.5870343645265,0,121.939037322998,0,6.76922457458154,98.4863052368164,0,72.0079788934617,0,0,170.45288848877,67.3279113769531,0,0,0,0,0,0,0,122.092483520508,0,0,0,0,0,175.851150512695,0,113.349182128906,0,0,0,0,0,63.6873817443848,125.177991739909,107.155388832092,0,0,0,0,0,0,138.798233032227
90.8548755645752,0,153.599784449527,114.478017807007,120.931694030762,12.1581229514153,18.6516702018808,121.250932229532,19.2020864537477,118.919949001736,120.851702238384,59.1491065912949,118.392316785909,85.5166709206321,18.5248924310787,46.8372285149314,0,124.000605901082,95.6791114807129,95.9765248018153,132.779674236591,117.610847473145,0,156.701562790644,140.863815756405,107.405967712402,110.616527059804,113.542862483433,138.947530326197,12.5259263081605,115.45903523763,98.4863052368164,5.83306755068587,0,33.8794005385273,217.849716186523,0,0,140.478603363037,241.643325805664,0,0,205.888172149658,0,134.074348449707,242.236083984375,0,0,0,0,0,147.194061279297,0,0,0,0,0,0,0,165.129547119141,0,175.032669067383,0,190.091730753581,192.95832824707,0,0,0,0,0
63.3584253311157,125.394995371501,89.2446244183709,65.0568493434361,88.4640146891276,127.169059753418,103.036659538746,74.1142950948079,102.241315242222,66.1915026380864,89.3355689489541,125.861068725586,106.093532562256,165.599329630534,97.0608238127173,99.7743748256138,93.9539710998535,85.4405490523534,0,103.050675003617,155.86149597168,50.6572644122235,61.5339115209747,77.3121364940297,74.1892081830628,189.750473022461,113.592797672047,117.972791290283,63.0122188223679,17.2324127450547,35.53667340325,0,0,10.7398345956962,20.9380110916643,139.720901489258,0,160.536796569824,84.3429098129272,0,0,158.243362426758,143.902030181885,169.341110229492,88.5848573957171,162.533311462402,0,123.135704040527,0,135.901830673218,0,96.2614233834403,172.834411621094,0,0,225.655982971191,123.695268630981,114.032762145996,153.15847184923,128.388643798828,0,0,145.71337890625,126.224351565043,157.339382425944,124.787091996935,0,0,138.985733032227,145.224171229771
85.0547202310444,62.3075722220804,54.8617163614083,66.8984438876311,108.230257739759,41.8396160441234,66.8014293362423,87.9981347371699,59.3219031640041,84.3385661876563,95.0360442419172,28.5356628228948,98.1739535816213,55.7421015084227,53.5584805221419,88.0953475119362,78.2946861941798,37.4897790903255,67.8100782386687,42.6479816734791,99.3075395230048,38.2647912208733,70.4683396441077,44.0540522825314,95.7028070892533,66.2840309247866,56.1406517100591,65.8877145861544,64.2648297983182,45.9863994693917,37.1132193656751,72.0079788934617,33.8794005385273,20.9380110916643,11.4662063298771,166.239566040039,91.3912694012677,115.503880263288,91.3566104505189,140.834014892578,0,178.189320283778,157.885552574606,190.360542602539,101.822229727721,192.585857391357,154.842459106445,115.857670375279,141.79679107666,179.579192388625,0,116.760630337697,127.429445408412,0,130.218638359746,179.825393676758,132.109414263469,85.6973255526635,120.540103815164,142.140957575259,104.798578474257,118.375735791914,114.723748861854,146.990526101024,176.085898505317,146.126892799555,0,0,143.427139918009,142.109156558388
152.202069963728,0,185.108455657959,112.577710151672,159.5859375,210.2763671875,193.524496459961,135.450175285339,185.239098685128,140.146236419678,172.223883056641,0,0,0,161.280084783381,0,138.576919555664,194.737533569336,0,0,0,140.950847625732,145.883163452148,169.796206306009,130.780135081365,0,184.105776105608,185.406511005602,135.134624339916,166.060219900949,138.009192875453,0,217.849716186523,139.720901489258,166.239566040039,11.826170339611,135.081702232361,119.940629099752,75.4006183053565,90.3614407348633,88.8290939331055,84.7072101526482,38.9162245485595,48.8732456858922,71.7891800378673,81.2602895560705,132.779249249083,87.3527553782744,150.344610214233,14.4351356821572,69.4539978027344,84.28454715603,109.0978660068,149.88188680013,126.386554960571,86.5552498953683,90.9507764310253,93.3360598246257,105.109516055085,76.0795985557628,140.431988109242,122.560937157993,143.43075301097,83.616845030604,16.3563638045777,31.6262135332321,160.221308898926,74.0432319641113,33.2316675511273,57.5764974164673
0,66.589924621582,86.2014543973483,78.7183167139689,0,0,0,193.496337890625,0,156.125350952148,0,95.1799139976501,0,71.3106015523275,0,0,198.570297241211,98.6263998623552,121.630226135254,99.9421752929688,0,184.654373168945,72.0689373016357,115.638318678912,148.03288269043,61.4492750621977,85.4723624935398,86.7182298635508,168.223957061768,158.509910583496,0,0,0,0,91.3912694012677,135.081702232361,8.50423826929987,40.3351407992212,13.3987282853323,0,0,159.649131774902,125.490111611106,161.083303278143,77.2946024345139,131.161914825439,63.6831598696501,0,51.5788787763143,137.35709338718,115.434092203776,71.610226292764,59.2026529360299,57.4679514567057,61.9723679622014,0,99.6000500847312,18.8251967234569,81.1301842966387,79.4386418250299,18.2248298723887,43.2246066950545,28.4703779783107,101.692906099207,112.408996582031,112.195580684777,80.8728637695312,0,123.51274617513,64.9116680042164
166.390632629395,114.654013497489,95.4799917162667,83.7508746416141,201.902099609375,0,202.40306854248,173.175311133975,185.883814493815,172.821834019252,193.269897460938,142.146063411937,0,150.099692208426,198.165145874023,0,111.639912518588,111.115904407225,0,136.025603975568,0,126.73942565918,90.1544213728471,107.145534379281,160.148892828759,141.210408528646,115.269570806752,98.6661123266696,153.241438366118,171.284445868598,153.124677770278,170.45288848877,0,160.536796569824,115.503880263288,119.940629099752,40.3351407992212,10.8672446495271,43.7650606851607,171.140437534877,175.500419616699,125.131104567472,95.8561494425833,120.599481219071,82.3999356052332,111.783950499739,96.4693524837494,159.416275024414,93.2347897120884,115.071891968657,135.81242980957,62.2427159487191,41.2089546472387,115.0546875,84.5076169201927,177.163457234701,57.5894947190718,42.0633710593146,22.9074784679951,99.0207671378423,81.3350210189819,17.0146485815809,32.919527842991,82.4452110255829,137.029744870352,64.414187364355,92.5448322296143,171.188456944057,126.412844703311,86.9360829153179
92.2553485234578,91.3180753389994,74.9813662120274,34.4443511861436,82.8998361315046,133.816066741943,109.85821015956,82.3131199342659,108.293767514436,60.4058927886787,95.4140895582874,103.406101920388,98.4194516827983,56.8040699654437,113.276316272969,107.060132980347,71.6787172514817,108.58791462759,69.8782958984375,104.413943255389,94.3952987194061,74.8744940161705,60.2598675092061,81.4046921911537,63.4952767675271,46.1133114880529,92.0840227399554,80.2563296430421,73.7910458310872,100.87132284011,74.944588192304,67.3279113769531,140.478603363037,84.3429098129272,91.3566104505189,75.4006183053565,13.3987282853323,43.7650606851607,15.6254553010729,65.7650902968187,0,83.6004425371197,71.4021518443856,105.215839504272,18.1354180437733,87.5826553816206,42.6420548612421,59.4861877544506,41.2413700439118,93.2699290188876,55.8775548934937,36.1252203340884,63.5344830454195,68.466281414032,62.4794152590383,66.5167917771773,54.2948544227345,29.9614375532186,51.2426880044684,33.7884524165632,25.9638084645678,46.8438481452956,36.3285636864569,56.0561461683565,81.7274200142204,62.1204051453603,83.5370645523071,167.162063598633,66.6141894047077,67.9860548722117
0,0,0,137.526473999023,12.9398603152801,0,136.734256513191,149.789913813273,150.967183748881,104.400206856106,53.4379387263528,181.013153076172,58.1179720765537,0,181.076292419434,122.2001953125,0,0,0,0,23.3538661216622,0,134.956726074219,0,68.6694952326436,0,236.697265625,214.466664632161,66.1393298841872,169.419012069702,164.558418273926,0,241.643325805664,0,140.834014892578,90.3614407348633,0,171.140437534877,65.7650902968187,10.8707397347655,148.896862030029,56.4942902167979,68.7512831556688,98.7353211074579,44.0007233106637,33.9928016362224,0,24.6315931024111,0,102.316207885742,65.2699912576114,101.089767456055,184.441787719727,0,0,13.0047731389411,171.880447387695,81.4857940673828,171.662656148275,24.30232141245,0,206.55305480957,148.752887950224,20.6033828450302,102.01589515686,124.399424743652,0,137.999425252279,96.5722310202462,105.075790235731
