11.539860136,140.967437744141,108.268700502357,69.206407471797,76.3118048773871,99.0135192871094,75.1377815447356,27.1071162372124,23.1199947887508,65.865875327522,62.4319880144253,120.119969294621,130.674413045247,0,18.4447456215485,93.743465423584,104.408611297607,112.231601852969,153.452953338623,135.015825292566,85.9066562652588,84.8450868912326,71.2261712974477,96.3733663806668,72.8202829147134,0,117.909834888494,131.157652439865,71.7984441069624,14.0966173866297,36.5538437141634,0,104.60027590665,42.5105959267452,79.0403939694774,140.206089019775,162.58118057251,169.400394984654,101.131076335907,0,0,171.317694091797,134.419956794152,173.782930876079,104.748171488444,169.166683197021,195.069961547852,0,0,171.911339499734,0,140.955294291178,190.278930664062,0,0,0,141.788903372628,137.239508492606,166.327173868815,119.070488779168,0,195.927487691243,174.332511901855,130.639291060598,158.013342895508,130.946508680071,0,194.658493041992,141.31112798055,158.064470563616
140.967437744141,7.60980977388374,43.191136288193,19.8205314321934,0,0,0,142.114309692383,125.99479675293,65.9556501453573,130.688262939453,64.3280975341797,0,55.0485403045973,145.205703735352,114.309591674805,64.6333573477609,62.0239032167907,71.9002809143066,66.514188578431,0,88.1251663208008,25.1605779475764,82.6070144328665,77.3618367127698,26.4796287387955,51.312694747891,34.447994763561,107.320216587612,124.88568349985,117.736679077148,64.6748019082206,99.5795516967773,0,74.5794575738569,0,110.845761617025,124.404605102539,63.9029846191406,145.299140930176,0,0,0,0,143.392318725586,168.293033599854,106.254210335868,153.914596557617,96.0637097358704,0,129.054718017578,148.478454589844,115.828330993652,107.649028233119,138.649438985189,0,0,0,128.803897857666,130.723960876465,56.0389802720812,101.604969945447,101.031962258475,143.21243540446,150.511383056641,176.72908782959,103.897142682757,0,0,106.205501556396
108.268700502357,43.191136288193,13.6590016917756,49.7023702152157,113.602025985718,153.547711690267,147.389427019202,97.7374980618951,128.004083715334,113.560192108154,112.881195265247,88.2016912687809,140.409378051758,117.827570597331,119.672436319591,125.434219360352,93.8275771141052,41.4935170407518,101.635540723801,73.7403601865591,175.463577270508,64.3726508129074,77.9970285467906,28.2956683185865,108.413741041974,0,34.3370105886734,38.9028129933073,90.807497942298,108.606423712305,83.236249326987,102.024443562826,121.263669331868,108.471971542116,63.1107217609851,162.698467890422,74.4844472199968,91.8542192656881,60.0898887039325,0,0,201.523498535156,158.311645166198,191.511900583903,147.761746724447,174.781213760376,141.11727469308,0,245.483001708984,176.448759290907,0,122.370728084019,110.133748416701,167.207359313965,136.592202419705,0,139.547191340749,85.1219304153343,110.284309304279,156.913936191135,108.719512939453,110.472630188528,93.4426420402779,152.48560051691,180.517646340763,140.48979778679,0,216.623657226562,149.069498697917,118.163962243308
69.206407471797,19.8205314321934,49.7023702152157,23.5006828446513,64.2835101721422,118.598033905029,92.1017878476311,61.8236892203975,85.8005337101398,12.3546624588164,74.6647645264758,65.8340593175503,56.3946080207825,53.0134562945757,85.2173024036667,57.1517515182495,41.9739665067921,75.554293081063,97.0798692249116,73.6635659948572,67.4363766583529,54.397168120484,27.2801824557187,51.9215645135364,38.3790241908477,27.6186610521656,57.8929082508991,41.7490328794653,54.8234283643947,81.1272643744265,58.9193910318481,78.4179400602977,127.068773606244,61.0940270348201,74.5509890857597,111.665280268742,64.03768467081,89.4998709231007,18.3151938139334,89.0594501495361,0,104.345438340131,73.6899462430671,108.930887569081,44.0244128825301,111.920416098375,71.3531575884138,81.5710173712836,77.6323467254639,105.997790837692,0,61.9425748656778,94.4796867370605,96.4114370346069,84.8738725723759,94.8613399158825,73.2726387201354,48.2820155702788,70.3872018432617,58.3686607503779,31.4254645506541,83.103213705075,74.6888238454269,70.6675523933099,101.727398518766,77.0827548891999,110.845092773438,127.733638763428,78.0651866367885,104.993341879411
76.3118048773871,0,113.602025985718,64.2835101721422,7.59096585376252,0,60.8269702911377,52.5131317206791,90.8166221121083,42.5719955143176,16.6299002201759,151.431518554688,15.0579474388072,0,91.1430549247592,65.6067872047424,93.4992866516113,143.398559570312,0,0,13.7785943820643,111.962551116943,99.6436471939087,117.365203857422,19.1553653079891,0,162.48755645752,146.921060180664,15.0203370327327,87.2345921959676,90.1749089558919,0,143.619812011719,70.6182108720144,87.7786893491392,151.832489013672,0,0,81.2706436157227,21.1895667536935,0,150.009405136108,128.637001461453,151.390761602493,88.3311195373535,145.278777140956,217.690383911133,135.977474559437,0,176.783068917014,165.842193603516,244.00471496582,0,0,0,115.222579097047,155.588043212891,112.654964447021,0,109.629870313279,0,0,195.408878326416,129.891491924348,164.518489837646,0,0,197.423370361328,136.087753295898,152.026374816895
99.0135192871094,0,153.547711690267,118.598033905029,0,6.59657383972045,9.08746312991312,112.196347554525,13.6688478784496,69.5505571365356,110.632341558283,64.6882880390554,0,87.7026748657227,34.6430578871146,13.1776822246201,0,87.3874588012695,90.0390531366522,96.9627408981323,0,179.406021118164,130.380599975586,130.775533040365,117.828107561384,95.0491104125977,99.8109245300293,111.923152923584,117.885160173689,25.6943196242418,123.985122680664,127.587539672852,13.518374743241,0,38.9190880897197,0,0,0,0,0,0,0,207.860733032227,0,0,226.423217773438,0,0,0,0,0,0,0,192.150268554688,0,0,0,0,0,182.874038696289,0,0,173.909370422363,181.095840454102,183.042343139648,0,0,0,0,0
75.1377815447356,0,147.389427019202,92.1017878476311,60.8269702911377,9.08746312991312,8.91172397308873,58.9180989055436,18.2776396691151,66.526795092496,30.1458962643735,74.9763463596402,15.3139071871826,91.705639109892,33.1251490335411,10.5699469866414,0,146.37277003697,103.933764648438,126.724057152158,31.1757971862793,117.972025553385,104.290356953939,127.323191675647,93.3171556705382,112.050582885742,138.222170088026,151.669069238611,64.2906802267131,43.6444562955734,97.8706717240183,109.997653961182,20.7030364463327,94.0793751803311,51.9356420699076,195.944478352865,0,238.6357421875,105.469466209412,185.513854980469,0,172.349816216363,156.923287490319,188.078695196854,153.683040618896,164.351643880208,0,127.801975250244,0,184.459214528402,165.430404663086,164.071975708008,0,0,0,178.953896658761,201.14958190918,136.248199462891,170.136871337891,140.60212857606,0,0,171.491333007812,157.114687909984,192.38614654541,176.468444824219,0,0,167.578605651855,191.206083297729
27.1071162372124,142.114309692383,97.7374980618951,61.8236892203975,52.5131317206791,112.196347554525,58.9180989055436,9.38570785659573,55.8571112202032,57.6351996295025,16.9644425612186,139.449727571928,48.0260769639696,0,39.5822165095011,78.9702756404877,90.741764831543,120.54100112915,153.745837402344,146.660827848646,58.0666643289419,66.2904099291021,74.7272190381122,77.868087084906,55.6369968532925,0,119.370956258571,117.575005319796,23.5641149439785,43.9386980337629,20.4836309020491,167.655326843262,123.028081139853,55.0193404562018,83.9071060751571,145.082146054222,131.627014160156,158.114530775282,84.618376370134,132.708011203342,176.238548278809,142.191252431562,120.864266577221,153.173317015171,88.4223273884166,139.299395065899,206.620460510254,138.068408203125,0,158.272386081883,125.809616088867,116.401349385579,179.840754191081,241.97216796875,229.052856445312,139.595846696333,135.000808022239,118.852941385905,153.463243484497,108.511247459154,173.374923706055,202.936636352539,161.666206359863,121.772675910882,153.254134662335,135.935004425049,0,192.142158508301,135.815941946847,153.507946137459
23.1199947887508,125.99479675293,128.004083715334,85.8005337101398,90.8166221121083,13.6688478784496,18.2776396691151,55.8571112202032,12.5501731100935,85.7278651906483,35.3741168361976,77.4839798236183,38.7952078133821,86.831648349762,16.9261520922867,31.8932857829032,132.345461918758,135.078419110928,108.390348744947,132.512972695487,82.815299763399,110.37966114391,99.098440246582,121.257720674787,89.0606236711604,80.6636934280396,138.160405320388,148.56558130776,75.9411277163652,39.06698305255,78.3429059790086,122.995764160156,24.5141186187588,82.2861805528697,58.1534447135106,177.989179338728,0,189.339845275879,109.214631557465,197.936212539673,0,180.650829860142,153.896070022583,176.95157964606,130.369548797607,162.860100486062,0,183.214599609375,0,179.912088822345,0,150.20553334554,0,0,239.209609985352,169.026400756836,147.67509765625,146.400895254953,195.502820332845,135.56150165732,102.845314025879,171.673332214355,182.08342518526,150.762930303812,179.383331690079,149.567793528239,159.390197753906,0,150.216679890951,174.502894314853
65.865875327522,65.9556501453573,113.560192108154,12.3546624588164,42.5719955143176,69.5505571365356,66.526795092496,57.6351996295025,85.7278651906483,8.55816718667204,71.3108716855894,126.763218955388,8.57161654069256,123.258175715694,82.861758468795,20.9770248893648,52.6067216162588,128.270524245042,148.058235168457,135.684824238653,30.3663900281562,74.9716839037443,27.6428917862162,98.3725993248724,21.8332397036246,108.022866540374,116.871917777962,98.9255886426786,51.85208932531,81.4018255426643,60.7456138244528,128.824583943685,124.192389351981,63.6103466073262,90.4966200155104,89.7543479071723,0,163.086856842041,17.9166860687599,88.3178147536058,0,111.833734741211,82.9147724352385,116.314192147091,38.0838655871014,103.715928385577,158.959915161133,78.4840034484863,148.572761535645,117.245202498002,52.0992050170898,98.0127868652344,147.153755187988,172.947138468424,170.733684539795,99.0454731376804,116.274566650391,105.526158332825,129.468652997698,70.3050086686937,129.225120544434,185.357554117839,170.582241181404,85.195179846979,109.552846431732,86.657576751709,0,184.636566162109,144.582443237305,118.929070409139
62.4319880144253,130.688262939453,112.881195265247,74.6647645264758,16.6299002201759,110.632341558283,30.1458962643735,16.9644425612186,35.3741168361976,71.3108716855894,11.003118953377,141.403032892401,21.4931229980902,158.591801961263,43.2300536007272,77.5881950681573,104.488090515137,149.048041895816,160.464575873481,156.469702584403,14.521965535949,107.063268221342,103.938635116968,104.642474561124,60.5739438001954,0,144.211174333599,144.986078413706,25.2685544174895,87.7644889017702,75.8265605260862,186.971862792969,121.428042466078,67.8380979024447,90.5616067187203,172.692786080497,179.164505004883,188.005841064453,96.2110264078776,147.788949140862,0,154.290884682496,136.442224945502,162.062597212097,103.455553627014,152.161017065274,239.61686706543,152.195925993078,0,170.13393773618,131.855984157986,151.473777770996,197.159927368164,0,0,151.697026399016,172.644795735677,127.082853429458,173.098728179932,120.366552927237,219.652862548828,212.204925537109,196.908931187221,135.507918442267,175.568035307385,147.066102345785,0,226.663619995117,156.851341610863,163.318922042847
120.119969294621,64.3280975341797,88.2016912687809,65.8340593175503,151.431518554688,64.6882880390554,74.9763463596402,139.449727571928,77.4839798236183,126.763218955388,141.403032892401,11.9752411481099,156.765274047852,20.0806241843369,73.7088136367309,83.294649887085,155.399295806885,48.7980400946832,20.5871835984932,21.6935779009461,171.950592041016,90.0245807170868,99.3276047674601,82.8337811980137,141.524412267348,27.5370394738739,30.5503792100752,58.7478404070555,139.342022065193,54.8318148305019,111.707537151518,30.0528574290099,62.9370462891273,107.405814002542,27.2462278279365,208.523315429688,113.771369934082,137.856335231236,69.9557337079729,0,0,0,213.169036865234,222.662704467773,182.965042114258,216.711654663086,85.9541281636556,0,78.4945490330826,211.840316772461,0,0,151.805679321289,103.308193858077,120.543777797533,0,169.527008056641,150.255859375,143.762939453125,193.814254760742,69.517148708475,110.530401164088,106.964970735128,196.31843439738,205.193916320801,176.483520507812,106.418787426419,0,0,138.966665267944
130.674413045247,0,140.409378051758,56.3946080207825,15.0579474388072,0,15.3139071871826,48.0260769639696,38.7952078133821,8.57161654069256,21.4931229980902,156.765274047852,9.89839102768874,0,86.604621887207,13.1087449575057,0,0,211.032501220703,0,11.9303583583633,0,66.756579875946,0,23.1224892420962,0,0,145.6731300354,48.8280486072813,101.387336977067,90.5472564697266,0,87.484608968099,99.8632469177246,106.591139051649,0,0,0,0,8.45247254987653,0,135.654130935669,124.457356262207,180.149098205566,73.7879848480225,108.103934526443,0,15.9558842770755,0,158.809232076009,0,0,0,0,0,16.8342383974477,0,0,0,120.174126018177,0,218.473617553711,0,135.223027449388,173.632667541504,0,0,0,0,0
0,55.0485403045973,117.827570597331,53.0134562945757,0,87.7026748657227,91.705639109892,0,86.831648349762,123.258175715694,158.591801961263,20.0806241843369,0,8.44043014828483,86.5868208885193,165.53923034668,125.088516235352,102.035062408447,48.988788431341,71.6996396700541,0,0,98.0654143558186,124.710507710775,133.424482198862,20.4875205437594,27.0993000879914,33.7744053560862,162.511270141602,72.1332451820374,166.122497558594,15.5320261313324,74.3151358864524,0,56.613506657454,0,128.058269500732,153.118255615234,56.6274339887831,0,96.4082527160645,0,0,0,0,0,71.1771291381154,0,54.7282133023635,100.007831573486,0,0,151.991073608398,99.3668013927983,123.131933848063,0,0,123.111353556315,0,216.498245239258,57.037249354573,105.158411267778,92.8202724575256,222.928298950195,0,0,94.1308332501036,0,0,123.264305659703
18.4447456215485,145.205703735352,119.672436319591,85.2173024036667,91.1430549247592,34.6430578871146,33.1251490335411,39.5822165095011,16.9261520922867,82.861758468795,43.2300536007272,73.7088136367309,86.604621887207,86.5868208885193,9.8443875271783,44.749369981154,116.424952507019,124.144938027681,106.22148476395,133.21202613429,102.147880345175,99.569591461344,87.8963784046662,109.368859428186,90.142950409702,102.586730957031,128.188189738506,139.543047468902,85.0101070050372,18.9403139154166,53.2952060314917,114.768003940582,17.5396819390667,44.6995063129302,58.2480014051249,163.938458091334,147.213661193848,175.721063232422,112.968831620126,161.117169189453,211.921783447266,178.896279652913,155.411543432272,180.436125677985,136.162933936486,173.205674867372,0,164.041330973307,229.775054931641,184.916388296866,211.891387939453,151.866168551975,231.292353312174,0,0,177.563453674316,159.781202617444,143.469005203247,174.351805837531,137.316993073022,0,186.806379838423,181.917317944904,148.27921222238,179.650774775325,155.50187286377,0,198.780807495117,172.785928165211,171.81629776001
93.743465423584,114.309591674805,125.434219360352,57.1517515182495,65.6067872047424,13.1776822246201,10.5699469866414,78.9702756404877,31.8932857829032,20.9770248893648,77.5881950681573,83.294649887085,13.1087449575057,165.53923034668,44.749369981154,8.20118897777495,0,169.602040608724,0,85.7579803466797,51.3650467612527,78.3676528930664,77.4115915298462,108.455551147461,42.5832515479369,0,108.454429626465,133.586645507813,82.1028318405151,57.8373978589032,105.129615783691,0,39.7693515353733,94.2799954414368,73.1873154359705,0,0,0,0,88.1836242675781,0,227.516616821289,185.273849487305,201.540817260742,59.8113822937012,139.140731811523,0,154.265502929688,0,186.354888916016,0,0,0,0,0,108.749782562256,0,0,0,76.5487111409505,0,196.354110717773,215.719635009766,133.655600653754,143.797040303548,149.807220458984,0,0,0,0
104.408611297607,64.6333573477609,93.8275771141052,41.9739665067921,93.4992866516113,0,0,90.741764831543,132.345461918758,52.6067216162588,104.488090515137,155.399295806885,0,125.088516235352,116.424952507019,0,13.5734313405873,109.470634460449,0,123.560156429515,109.476005554199,21.4183687928994,25.995124505372,17.4951213322778,24.3612396748151,106.297107151576,113.1639359637,30.7543812879023,39.1859296779285,103.731541266808,73.1999192030534,131.894309997559,142.674362182617,82.2922036912706,81.6423698811049,116.880825042725,131.14616394043,100.858049421168,70.8139165242513,245.404052734375,0,0,136.771041870117,165.317810058594,0,217.074966430664,0,0,0,180.767795562744,0,81.5468431341237,145.032286961873,157.419830322266,137.596649169922,0,114.022359908255,72.3448173235048,103.828507357228,121.656571021447,0,151.887621307373,108.818026169487,116.851182536075,141.485074996948,113.784297477908,0,0,100.725494384766,144.212681770325
112.231601852969,62.0239032167907,41.4935170407518,75.554293081063,143.398559570312,87.3874588012695,146.37277003697,120.54100112915,135.078419110928,128.270524245042,149.048041895816,48.7980400946832,0,102.035062408447,124.144938027681,169.602040608724,109.470634460449,11.4006747086753,58.2543609843535,29.8144329648227,0,55.0402928131651,96.3823066211882,27.8352788886193,134.461540744729,89.7540985743205,40.0220445158742,68.4061039335168,132.561210807043,101.641656763919,85.2069599223587,90.7091187371148,101.488116400582,97.7071521407679,42.4826490789968,204.851888020833,108.518988869407,115.463312884283,90.956113384616,0,0,0,183.181976318359,205.668441772461,164.75612894694,0,138.230089823405,0,134.88920375279,218.185022989909,0,171.905467987061,128.576442446027,145.286570097271,128.991368756975,0,165.46017742157,131.666534423828,139.040973294166,186.912222726004,106.401980808803,112.049857294372,113.537199243723,184.578968048096,197.375340779622,176.050036112467,139.525363922119,0,0,128.266959599086
153.452953338623,71.9002809143066,101.635540723801,97.0798692249116,0,90.0390531366522,103.933764648438,153.745837402344,108.390348744947,148.058235168457,160.464575873481,20.5871835984932,211.032501220703,48.988788431341,106.22148476395,0,0,58.2543609843535,8.82470136148562,11.4583783553621,0,100.643632888794,114.63237953186,101.790966845573,217.846397399902,46.0609699689425,25.8564209317042,68.7117900738392,163.180923461914,91.2313179830903,122.991760730743,54.1631651431699,88.9118459065755,119.094941139221,56.0916963249184,0,154.105346679688,0,147.337905883789,0,0,0,0,0,0,0,98.1773637470446,0,84.5024423003197,0,0,0,167.504196166992,111.769722147191,122.953874376085,0,0,0,188.95361328125,220.223098754883,74.0252553499662,106.209831167799,106.685968973751,223.374870300293,0,221.877716064453,103.917075648452,0,0,160.064905802409
135.015825292566,66.514188578431,73.7403601865591,73.6635659948572,0,96.9627408981323,126.724057152158,146.660827848646,132.512972695487,135.684824238653,156.469702584403,21.6935779009461,0,71.6996396700541,133.21202613429,85.7579803466797,123.560156429515,29.8144329648227,11.4583783553621,11.5702402340742,174.694198608398,87.6052343701906,108.276431910197,77.5618786061358,157.974828796387,52.8334027572914,34.345039346442,67.9129180045293,143.291787852412,111.79989387788,113.603723136876,60.4906444028944,93.8034084967847,112.924348034905,49.6118999816276,0,114.014529352603,148.55436186357,97.2674519082774,0,0,0,220.381774902344,176.661972045898,182.626449584961,215.232772827148,116.826979474324,234.720886230469,102.614238081307,182.837707519531,0,195.623615264893,129.46694696145,110.868049460113,113.100971208052,0,199.560165405273,180.849502563477,156.544982216575,220.830963134766,86.3275687776763,105.101759047111,105.309932009478,202.544132232666,201.406229654948,188.779174804688,107.222249857585,153.364356994629,0,129.634288699128
85.9066562652588,0,175.463577270508,67.4363766583529,13.7785943820643,0,31.1757971862793,58.0666643289419,82.815299763399,30.3663900281562,14.521965535949,171.950592041016,11.9303583583633,0,102.147880345175,51.3650467612527,109.476005554199,0,0,174.694198608398,8.31720611414033,0,0,113.466949462891,17.8078226678089,0,173.118306477865,157.70280456543,29.2986853501359,99.6951285672475,100.423969268799,0,136.115753173828,80.2541456783519,98.2621969274572,175.649322509766,0,0,80.5037069320679,26.7620708749575,0,151.978155136108,134.347798397667,161.409266662598,92.7766731262207,151.495056553891,0,112.520945429802,0,184.361332702637,91.343879699707,0,0,0,0,32.0102000131712,0,132.664758046468,0,118.209995374288,0,0,244.187255859375,136.847339194893,180.772529602051,183.773742675781,0,230.059707641602,0,174.504162597656
84.8450868912326,88.1251663208008,64.3726508129074,54.397168120484,111.962551116943,179.406021118164,117.972025553385,66.2904099291021,110.37966114391,74.9716839037443,107.063268221342,90.0245807170868,0,0,99.569591461344,78.3676528930664,21.4183687928994,55.0402928131651,100.643632888794,87.6052343701906,0,10.9314618158925,46.8680166577937,26.6075066627646,21.6658977864021,129.487823486328,93.0069979968136,81.0258193530067,22.0055750044689,68.2274984926137,28.2036429275792,152.653798421224,115.109638214111,39.6485117676244,44.0010758987168,136.703539276123,0,135.754097938538,101.402079148726,0,0,204.140518188477,149.487296676636,177.928859710693,135.227607727051,144.296936035156,0,0,0,172.236186981201,0,106.839776823792,146.487814469771,206.326965332031,187.67019144694,212.817596435547,113.613774150407,98.6659706378805,117.769261478828,119.64782512188,0,162.435224987212,140.057841382708,116.371380902212,145.256591465162,113.380606948352,0,0,110.374625651042,124.35753215443
71.2261712974477,25.1605779475764,77.9970285467906,27.2801824557187,99.6436471939087,130.380599975586,104.290356953939,74.7272190381122,99.098440246582,27.6428917862162,103.938635116968,99.3276047674601,66.756579875946,98.0654143558186,87.8963784046662,77.4115915298462,25.995124505372,96.3823066211882,114.63237953186,108.276431910197,0,46.8680166577937,8.86923638394225,50.7425591289368,24.5639843086218,83.2140423087187,94.796120564872,46.2507791691593,51.2622578319086,68.4803634949751,53.3968784257569,109.134218569155,116.931265089247,52.7150403366608,75.6915261650774,0,83.9101626078288,84.2676530031814,94.805004119873,128.755220031738,0,141.183951059977,113.212161745344,140.545504252116,79.9416320800781,140.818820606578,131.639770507812,167.605102539062,135.754529451069,165.230403052436,0,60.6378368686985,126.171310969761,158.036392211914,129.909934997559,137.741519165039,89.0348811902498,46.5031350255013,69.641581791469,100.451620919364,132.674929300944,131.380200241551,85.7304750817007,119.928632069783,145.366112709045,91.8432819659893,148.417961120605,0,0,151.607669194539
96.3733663806668,82.6070144328665,28.2956683185865,51.9215645135364,117.365203857422,130.775533040365,127.323191675647,77.868087084906,121.257720674787,98.3725993248724,104.642474561124,82.8337811980137,0,124.710507710775,109.368859428186,108.455551147461,17.4951213322778,27.8352788886193,101.790966845573,77.5618786061358,113.466949462891,26.6075066627646,50.7425591289368,15.6240814187932,57.8093055547459,126.046614074707,62.9153920213223,52.1039357519436,54.5859432767492,90.0706632390602,53.8930691488046,116.689814758301,100.095709058974,82.4289482228896,45.6541743758186,162.222685677665,91.5698418390183,96.8391707916052,67.8461776146522,0,0,208.910829816546,153.184307663529,175.797919137137,133.339120864868,167.416789463588,164.11994934082,0,0,176.179884847005,232.065017700195,82.1904108908639,132.697349944672,156.935745239258,164.843999779743,0,116.242425974133,76.641614576628,105.817711233466,139.65514917243,0,140.112477895376,102.014241084659,137.658202635936,178.039379119873,133.435728314279,0,235.517791748047,137.870407104492,132.813303215559
72.8202829147134,77.3618367127698,108.413741041974,38.3790241908477,19.1553653079891,117.828107561384,93.3171556705382,55.6369968532925,89.0606236711604,21.8332397036246,60.5739438001954,141.524412267348,23.1224892420962,133.424482198862,90.142950409702,42.5832515479369,24.3612396748151,134.461540744729,217.846397399902,157.974828796387,17.8078226678089,21.6658977864021,24.5639843086218,57.8093055547459,11.0353206677025,119.893228350945,130.558008890303,77.2865627319959,17.3658682092305,82.8474796132973,64.759386230643,165.561516898019,134.031752736945,64.7591191178788,78.8771064600774,129.843821791352,130.682675679525,147.959888089088,64.9684114782219,109.158060772318,187.80834197998,129.428673678431,110.569943324206,139.290854990301,68.5766414914812,121.490725644188,205.400787353516,115.993338278066,169.903381347656,146.87647252068,119.771404559796,94.6345015026274,155.876169204712,217.009902954102,205.215812683105,120.376638530213,116.046007315318,91.6192946257415,130.889325267864,91.1687706607705,169.039398193359,178.222697538488,158.118181830958,107.048144578822,140.757349390379,116.820700911788,201.790313720703,179.178778076172,125.360091560765,136.736291119841
0,26.4796287387955,0,27.6186610521656,0,95.0491104125977,112.050582885742,0,80.6636934280396,108.022866540374,0,27.5370394738739,0,20.4875205437594,102.586730957031,0,106.297107151576,89.7540985743205,46.0609699689425,52.8334027572914,0,129.487823486328,83.2140423087187,126.046614074707,119.893228350945,8.74163475507177,47.0609621922962,26.7405037923042,148.030016581217,83.0009985703688,0,45.8465960379874,87.5312395962802,0,66.1606750211854,234.267501831055,78.2105579376221,0,70.2309880256653,0,0,0,0,0,144.98030090332,0,67.1760666563704,0,58.6381585306196,132.365081787109,0,0,132.862075805664,78.1829815546672,105.226622899373,0,0,0,102.709884643555,0,34.3105086162686,77.1538416702555,72.858072069456,0,0,0,76.3784928231869,0,0,87.2579193115234
117.909834888494,51.312694747891,34.3370105886734,57.8929082508991,162.48755645752,99.8109245300293,138.222170088026,119.370956258571,138.160405320388,116.871917777962,144.211174333599,30.5503792100752,0,27.0993000879914,128.188189738506,108.454429626465,113.1639359637,40.0220445158742,25.8564209317042,34.345039346442,173.118306477865,93.0069979968136,94.796120564872,62.9153920213223,130.558008890303,47.0609621922962,16.7413659526644,40.6014626424663,118.950070821322,112.622407087639,104.441333198144,20.3316975899767,104.679465633699,119.38270862993,65.9410782315937,194.685661315918,100.168933069983,106.111762438704,87.0631782913208,0,154.305328369141,0,190.805263519287,177.002155303955,189.420664007013,0,102.363046720916,0,85.1194393326751,184.94387512207,210.207000732422,157.723793029785,110.722227147556,103.878913397317,108.384526406565,0,143.252728053502,132.948605537415,142.882149958956,185.498558044434,71.0314620802138,97.584187283044,98.9735051000354,186.306844537908,192.267171223958,175.139801025391,101.647148283902,0,155.56160736084,120.69007257584
131.157652439865,34.447994763561,38.9028129933073,41.7490328794653,146.921060180664,111.923152923584,151.669069238611,117.575005319796,148.56558130776,98.9255886426786,144.986078413706,58.7478404070555,145.6731300354,33.7744053560862,139.543047468902,133.586645507813,30.7543812879023,68.4061039335168,68.7117900738392,67.9129180045293,157.70280456543,81.0258193530067,46.2507791691593,52.1039357519436,77.2865627319959,26.7405037923042,40.6014626424663,16.9632393421332,80.279271719941,125.429502165836,111.45367744543,23.7831436670293,114.967755336387,123.647960144043,74.0814710822166,180.692680358887,79.3001282744355,94.8146576125765,66.7893779027323,172.324291992188,0,187.773904418945,161.68443533815,200.321540500807,173.24826973363,178.699318333676,104.193887085211,160.609573364258,87.2719800233158,194.988589477539,0,126.021971962669,114.53034798067,106.31995720102,111.003480027764,191.790158589681,143.50442759196,90.1602719624837,113.073573084908,152.278239369392,64.7516774500865,101.214373124285,96.62053606595,161.175261338552,174.391410827637,156.69316241206,106.766944380831,0,139.005222320557,119.854728349958
71.7984441069624,107.320216587612,90.807497942298,54.8234283643947,15.0203370327327,117.885160173689,64.2906802267131,23.5641149439785,75.9411277163652,51.85208932531,25.2685544174895,139.342022065193,48.8280486072813,162.511270141602,85.0101070050372,82.1028318405151,39.1859296779285,132.561210807043,163.180923461914,143.291787852412,29.2986853501359,22.0055750044689,51.2622578319086,54.5859432767492,17.3658682092305,148.030016581217,118.950070821322,80.279271719941,12.1405187912942,81.0616404060319,29.6298847610502,177.419082641602,133.397253112793,64.3576825731463,72.8673039163862,130.601035930492,138.687703450521,148.834992429043,75.0872446594238,125.510335726159,177.771829223633,141.895096591969,118.873791783493,152.014337050427,93.796832389572,144.125423488576,201.597751617432,144.355087769337,0,154.456854088362,137.299523925781,109.008737275095,168.093649291992,209.632858276367,198.053588867188,144.19733460525,119.639991409477,99.4572938283284,132.717446048703,105.568197201729,186.935180664062,186.250879923503,158.204873926499,118.911075354269,147.359359772737,118.214269452147,0,190.512331644694,125.738976069859,138.25268811193
14.0966173866297,124.88568349985,108.606423712305,81.1272643744265,87.2345921959676,25.6943196242418,43.6444562955734,43.9386980337629,39.06698305255,81.4018255426643,87.7644889017702,54.8318148305019,101.387336977067,72.1332451820374,18.9403139154166,57.8373978589032,103.731541266808,101.641656763919,91.2313179830903,111.79989387788,99.6951285672475,68.2274984926137,68.4803634949751,90.0706632390602,82.8474796132973,83.0009985703688,112.622407087639,125.429502165836,81.0616404060319,10.6845805432472,26.8285673517235,98.2199461800711,13.9805113900797,19.1700140075907,35.8701462363805,171.949444240994,138.551010131836,174.674033694797,105.51918038078,161.6588003976,0,176.902775640073,153.544900460677,184.14404361806,125.287837152896,180.619588917699,133.233612060547,180.721557617188,206.996688842773,189.15251010072,190.808878580729,121.058290818158,180.628019544813,169.941299438477,150.641186523438,182.50217590332,132.331034940832,121.502256220037,153.311413739179,138.199296303166,99.3914947509766,162.737863328722,169.957332539109,145.404198540582,175.25554670854,136.951217919065,185.442878723145,0,150.697830835978,171.516545613607
36.5538437141634,117.736679077148,83.236249326987,58.9193910318481,90.1749089558919,123.985122680664,97.8706717240183,20.4836309020491,78.3429059790086,60.7456138244528,75.8265605260862,111.707537151518,90.5472564697266,166.122497558594,53.2952060314917,105.129615783691,73.1999192030534,85.2069599223587,122.991760730743,113.603723136876,100.423969268799,28.2036429275792,53.3968784257569,53.8930691488046,64.759386230643,0,104.441333198144,111.45367744543,29.6298847610502,26.8285673517235,10.5549767959546,165.782012939453,129.229102394798,32.5302313028083,44.7326664188169,136.175148575394,144.473455810547,149.823765188024,79.1271485646566,167.493347167969,0,158.765144348145,126.630178222656,156.646519747647,88.5893157958984,171.970602416992,0,199.375793457031,199.315200805664,161.74833696942,202.129577636719,104.594568692721,166.340880654075,196.930778503418,195.150905609131,148.276245117188,115.769508142791,97.683457778672,133.16387952838,110.497316353383,0,167.93924665451,158.043446904963,115.096233057689,139.561529520396,114.846991139074,0,200.634750366211,123.115944833467,136.78811869128
0,64.6748019082206,102.024443562826,78.4179400602977,0,127.587539672852,109.997653961182,167.655326843262,122.995764160156,128.824583943685,186.971862792969,30.0528574290099,0,15.5320261313324,114.768003940582,0,131.894309997559,90.7091187371148,54.1631651431699,60.4906444028944,0,152.653798421224,109.134218569155,116.689814758301,165.561516898019,45.8465960379874,20.3316975899767,23.7831436670293,177.419082641602,98.2199461800711,165.782012939453,11.0872114341574,109.899822053455,0,76.8325827177181,0,129.23098449707,170.128410339355,103.368215560913,0,0,0,0,0,0,0,92.6312356287119,0,84.2287710195103,0,0,0,182.177452087402,107.206687374391,128.74926170936,0,0,130.239700317383,160.581527709961,0,69.3073386756741,107.662013882905,103.297863162506,0,0,0,102.479836600167,0,0,145.425132751465
104.60027590665,99.5795516967773,121.263669331868,127.068773606244,143.619812011719,13.518374743241,20.7030364463327,123.028081139853,24.5141186187588,124.192389351981,121.428042466078,62.9370462891273,87.484608968099,74.3151358864524,17.5396819390667,39.7693515353733,142.674362182617,101.488116400582,88.9118459065755,93.8034084967847,136.115753173828,115.109638214111,116.931265089247,100.095709058974,134.031752736945,87.5312395962802,104.679465633699,114.967755336387,133.397253112793,13.9805113900797,129.229102394798,109.899822053455,6.63723413951127,81.7535781860352,36.8243089462914,0,126.315017700195,0,162.652285257975,212.072937011719,0,0,194.392260233561,0,0,213.204582214355,0,0,143.990562438965,232.523014068604,0,185.980377197266,172.35237121582,0,162.166770935059,0,0,0,0,175.743419223362,128.417663574219,176.893165588379,179.216195242746,189.417061805725,200.331977844238,0,0,0,0,178.626449584961
42.5105959267452,0,108.471971542116,61.0940270348201,70.6182108720144,0,94.0793751803311,55.0193404562018,82.2861805528697,63.6103466073262,67.8380979024447,107.405814002542,99.8632469177246,0,44.6995063129302,94.2799954414368,82.2922036912706,97.7071521407679,119.094941139221,112.924348034905,80.2541456783519,39.6485117676244,52.7150403366608,82.4289482228896,64.7591191178788,0,119.38270862993,123.647960144043,64.3576825731463,19.1700140075907,32.5302313028083,0,81.7535781860352,8.37500031439109,23.2458685542309,144.153940200806,142.643997192383,155.249893188477,99.0615615844727,0,0,157.080116271973,134.729525346022,163.34445699056,92.8139012654622,155.493416281307,0,189.921849568685,0,169.980927276611,0,109.394815717425,168.405844116211,218.040115356445,0,162.789386749268,134.05658454895,88.1985344519982,131.638883737417,114.100216820126,0,177.840934753418,168.3976757343,125.89365432286,150.5009765625,117.632642110189,0,0,135.403870900472,141.599070412772
79.0403939694774,74.5794575738569,63.1107217609851,74.5509890857597,87.7786893491392,38.9190880897197,51.9356420699076,83.9071060751571,58.1534447135106,90.4966200155104,90.5616067187203,27.2462278279365,106.591139051649,56.613506657454,58.2480014051249,73.1873154359705,81.6423698811049,42.4826490789968,56.0916963249184,49.6118999816276,98.2621969274572,44.0010758987168,75.6915261650774,45.6541743758186,78.8771064600774,66.1606750211854,65.9410782315937,74.0814710822166,72.8673039163862,35.8701462363805,44.7326664188169,76.8325827177181,36.8243089462914,23.2458685542309,12.6416607224036,156.453817928539,92.1785823822022,117.630171741513,101.14827141395,170.36882019043,0,179.197544771082,149.051984036906,177.996829855031,126.457419804164,173.400250083522,141.22610727946,183.14494934082,109.992924880981,191.542644755046,0,122.64307604338,142.267185211182,135.542299994107,137.916402435303,191.149421691895,125.378791809082,107.727696385877,125.501005893283,137.918707920955,109.563152313232,120.463821192257,122.830648915152,147.570812269189,169.088442993164,132.584015165057,141.382832845052,0,144.197187151228,162.574036231408
140.206089019775,0,162.698467890422,111.665280268742,151.832489013672,0,195.944478352865,145.082146054222,177.989179338728,89.7543479071723,172.692786080497,208.523315429688,0,0,163.938458091334,0,116.880825042725,204.851888020833,0,0,175.649322509766,136.703539276123,0,162.222685677665,129.843821791352,234.267501831055,194.685661315918,180.692680358887,130.601035930492,171.949444240994,136.175148575394,0,0,144.153940200806,156.453817928539,13.9445642114129,130.863189061483,121.009900000788,74.8675809587751,100.821194966634,87.6004009246826,98.4195673991058,27.9994294525452,47.0848967399823,78.523743057251,80.7592882837568,124.168805440267,105.837346758161,165.255523681641,17.0722738051909,128.14225769043,81.7028652191162,113.510015081413,146.56334177653,131.623784161254,95.4443600394509,78.7348306319293,72.4402763011844,102.814297402968,79.6981848890676,0,130.435982761004,133.69170405501,79.7395094518632,20.9580984387583,25.0863698071265,0,88.2220834096273,33.1101667866904,80.6947825261418
162.58118057251,110.845761617025,74.4844472199968,64.03768467081,0,0,0,131.627014160156,0,0,179.164505004883,113.771369934082,0,128.058269500732,147.213661193848,0,131.14616394043,108.518988869407,154.105346679688,114.014529352603,0,0,83.9101626078288,91.5698418390183,130.682675679525,78.2105579376221,100.168933069983,79.3001282744355,138.687703450521,138.551010131836,144.473455810547,129.23098449707,126.315017700195,142.643997192383,92.1785823822022,130.863189061483,8.70962826030832,44.0188097050537,17.8166736449896,0,0,153.493713378906,127.309666853685,137.839920043945,81.5858935224332,124.082202911377,83.8938802417956,103.352531433105,65.2164930678506,136.915476117815,113.14767238072,55.0841189469441,60.2473015709045,79.7209974104358,68.1497856516695,0,79.6092235858624,27.1888857055785,66.0855083553472,83.9305433730734,21.0569713616991,52.0688987561972,33.9346032984117,104.350079071827,130.511053605513,108.969472950902,68.9348030090332,0,102.749263000488,73.8433868462312
169.400394984654,124.404605102539,91.8542192656881,89.4998709231007,0,0,238.6357421875,158.114530775282,189.339845275879,163.086856842041,188.005841064453,137.856335231236,0,153.118255615234,175.721063232422,0,100.858049421168,115.463312884283,0,148.55436186357,0,135.754097938538,84.2676530031814,96.8391707916052,147.959888089088,0,106.111762438704,94.8146576125765,148.834992429043,174.674033694797,149.823765188024,170.128410339355,0,155.249893188477,117.630171741513,121.009900000788,44.0188097050537,16.6965846995458,41.4910797751629,136.749940872192,0,136.556675304066,102.807655301087,134.770914055451,108.407071177165,117.194415494015,90.3789044973012,155.673072814941,107.990737915039,132.560068599903,158.163687133789,87.4507720063372,53.2064093006939,98.9423819950649,79.9123679702976,171.284388224284,72.023452294591,45.7804831729216,35.74751557411,114.204663140433,87.5424926757812,37.7696731102645,39.9038080964476,88.8091882470686,135.228846404512,101.083388150972,113.184614181519,154.877329508464,106.432618994462,72.9185684942916
101.131076335907,63.9029846191406,60.0898887039325,18.3151938139334,81.2706436157227,0,105.469466209412,84.618376370134,109.214631557465,17.9166860687599,96.2110264078776,69.9557337079729,0,56.6274339887831,112.968831620126,0,70.8139165242513,90.956113384616,147.337905883789,97.2674519082774,80.5037069320679,101.402079148726,94.805004119873,67.8461776146522,64.9684114782219,70.2309880256653,87.0631782913208,66.7893779027323,75.0872446594238,105.51918038078,79.1271485646566,103.368215560913,162.652285257975,99.0615615844727,101.14827141395,74.8675809587751,17.8166736449896,41.4910797751629,19.2188148406087,66.6033121744792,119.207176208496,90.699471412821,56.7648071521746,93.7357750164687,24.1650206019537,97.3761601102525,75.1241311884638,67.0327430963516,38.9216088232308,94.5748227880392,65.3490712092473,45.1295526027679,58.8384513303901,85.7491742576041,62.0562691444006,97.9478931427002,51.8701689125711,26.1814354515028,54.5387923971705,35.6916911280896,27.7164287531918,48.0057828268027,38.8300783533362,53.108872298133,82.5994893283809,67.630473996964,70.820355796814,129.510749816895,68.7215707825451,72.580266049703
0,145.299140930176,0,89.0594501495361,21.1895667536935,0,185.513854980469,132.708011203342,197.936212539673,88.3178147536058,147.788949140862,0,8.45247254987653,0,161.117169189453,88.1836242675781,245.404052734375,0,0,0,26.7620708749575,0,128.755220031738,0,109.158060772318,0,0,172.324291992188,125.510335726159,161.6588003976,167.493347167969,0,212.072937011719,0,170.36882019043,100.821194966634,0,136.749940872192,66.6033121744792,9.4856123851741,139.336730957031,64.3781932464013,90.3836657784202,105.918496522036,42.4581171059708,18.7324681811591,162.388885498047,29.5399783654598,0,112.927612206244,58.7558539875767,0,167.257687886556,190.781944274902,173.261993408203,15.2553146045253,0,96.8410619099935,130.713980102539,15.8407200305432,0,189.604949951172,145.320098876953,17.8012879794737,108.448465094847,112.365620422363,0,0,99.6886094411214,104.321678362395
