9.97178081969946,126.621793958876,95.2589827037993,71.2940479440892,89.5792487008231,101.117052078247,70.558839151682,35.12047423686,44.4589502050307,71.497809516059,68.8263627861348,118.061992307253,80.2179676973367,157.972442626953,12.8262657201827,83.3966255187988,112.198097229004,89.8343894830807,131.111125599254,112.287478486848,80.3488841941971,68.0977389894683,71.3737127780914,81.6622226170131,70.7853224932492,0,123.388458306062,123.15530055843,72.2721804814065,17.5581909647522,20.3265346587888,0,80.7915667215983,31.0834705955104,69.5149584578017,126.167675018311,0,151.94465637207,77.1446568625314,81.0137329101562,0,163.943077087402,139.606517944336,170.873740302192,132.260147094727,157.21266301473,0,0,191.429138183594,148.517170715332,0,101.429834365845,175.731872558594,0,173.729995727539,138.682434082031,132.521703447614,114.797196960449,162.289001464844,125.184601898193,0,176.28201675415,177.291913350423,130.27770502427,146.067133585612,131.00347442627,0,0,0,124.478691101074
126.621793958876,7.57245520824121,43.6021318228348,11.8576550381088,125.556884765625,0,146.099840164185,107.790060679118,136.190393235948,77.6141666586882,140.13489074707,70.1321995646455,149.71492767334,58.5093676089241,135.988758850098,126.489387512207,51.7719833790172,52.7019883030145,79.8738020116633,57.6301144845145,171.6123046875,91.856841913859,21.713055009818,66.4972056760133,84.9881511077038,23.2626529257003,46.0545364929942,35.8778752356896,87.1297116960798,107.321655035019,109.263652038574,69.9441233183208,142.850814819336,98.5040588378906,57.911749278567,225.90983581543,70.287178463406,117.523389180501,58.9059490404631,0,0,0,0,0,0,0,95.7836785749956,0,84.4897386005947,158.280548095703,0,107.787612915039,98.1748787562052,122.244030761719,112.814066718606,208.204528808594,162.372253417969,62.0017471313477,104.353988647461,140.428817749023,75.4715156555176,95.9788758944621,99.0853196428968,132.463424682617,0,166.042343139648,118.967763628278,0,0,99.6149215698242
95.2589827037993,43.6021318228348,12.6317761275614,45.0401203418097,0,151.503379821777,122.585268672209,83.7279117763235,118.785963462217,121.298587799072,94.6743847028858,88.6191723957154,140.791756184896,121.885878342849,105.884189887669,130.673838806152,72.0711176836932,29.772533437785,90.8654647454983,59.1164482724079,152.815803527832,63.2869546272885,51.8912027749148,31.7262095027885,122.268818303158,96.1040399339464,34.8971252286705,29.7769452820125,68.3681436351545,111.524438345132,74.0881179721876,92.3951959609985,162.586933680943,99.0944235952277,58.0795379288211,173.87760925293,76.8976116415895,92.4927115259291,59.7083222290565,200.388565063477,0,178.517080688477,147.590071066832,192.332763671875,132.930648803711,149.702048165458,133.227129484478,197.665995279948,136.616495768229,167.310655381944,0,105.552607945033,104.899666126829,128.801823933919,115.626099062638,0,122.456973266602,65.7584733897242,103.423636752348,135.131839207241,103.988780975342,105.064106490395,93.1754829064642,142.418963396991,172.008741205389,141.231740536897,154.736114501953,0,0,113.409938587862
71.2940479440892,11.8576550381088,45.0401203418097,30.0931678883731,68.8256387872211,115.070297241211,91.0039718963288,69.3378845150188,103.397104398339,15.6070544648393,93.4112646429388,61.5283364739438,79.1314167542891,59.437012427676,99.7298593077549,84.4633541107178,48.2775533786023,58.2274898578514,64.0552486982502,55.3523630509241,78.6953076755299,58.5549035143496,17.7631562103437,55.02523951148,43.2785279162598,28.7283242661636,44.6910554114883,40.7562619202471,59.486437991247,80.7514245882316,63.6088189722355,60.6700911521912,122.276941571917,64.464185494643,62.0306368380785,135.461454119001,70.5017580032349,58.8993355600457,34.1799851894379,123.154361724854,0,108.11112165451,95.7192103363747,108.201477050781,28.4869882202148,101.887395985921,114.276684999466,68.1029005050659,92.8925316946847,103.875856187609,80.1064281463623,63.8220325009576,93.5194832423948,121.47085244315,105.215889930725,0,76.3334771976915,31.9810863743658,69.6811420396827,71.763422771376,77.4151276298191,96.8096794382731,63.9427042383897,96.8844955573648,116.750736583363,95.3678131103516,99.748222896031,0,0,114.746308577688
89.5792487008231,125.556884765625,0,68.8256387872211,9.84715052441412,143.978012084961,58.1171355747299,58.2508050209565,74.798835292007,37.1275217904383,23.1703760021012,151.112598419189,26.2408548901103,184.791648864746,96.1100089203024,50.1083292316746,72.5262342599722,149.443397521973,0,194.835334777832,14.1666220599845,84.3109351071444,73.32219682421,94.1099788120815,19.9445269638262,0,162.450109863281,146.604679743449,20.4986962546428,96.3932761780953,98.701852945181,0,120.04328918457,79.5612838745117,90.0522066752116,175.876068115234,0,165.533142089844,79.4908628134892,11.3484400848049,0,116.823335450271,124.511662306609,145.166082000732,90.9196412459664,92.0904410680135,0,34.4177728624055,170.749114990234,151.834411621094,93.4391107559204,200.612701416016,0,0,0,21.4636172787876,151.518173217773,108.733448375355,182.131846110026,88.9414075086045,184.09114074707,0,185.558567047119,69.4134075821087,139.179172515869,163.809043884277,0,0,97.8719596862793,167.171600341797
101.117052078247,0,151.503379821777,115.070297241211,143.978012084961,5.95380732760609,7.71838476140187,116.844368798392,17.1778262177636,70.6793003082275,113.230960230674,73.7547649584318,97.5621209913684,67.090202331543,31.3446935832336,13.0100123266668,0,119.431015014648,0,115.496616363525,119.924477132161,113.887051900228,114.056816101074,149.563302993774,119.565621376038,0,110.037391662598,175.51349512736,126.899210843173,21.8625352363117,111.871766662598,0,8.94166589151263,74.1247151692708,36.6382160527366,0,0,0,201.37516784668,0,0,0,0,0,0,176.163215637207,184.646728515625,0,0,176.678848266602,0,165.753326416016,0,0,0,0,0,0,0,179.382377624512,0,120.591415405273,156.742350260417,175.265899658203,0,0,0,0,0,0
70.558839151682,146.099840164185,122.585268672209,91.0039718963288,58.1171355747299,7.71838476140187,9.47298222197458,64.7337366446921,18.4303583761067,72.4276801537776,25.8642374533058,117.872088501419,18.7035055459042,116.785027503967,36.140278590684,12.9237241967559,107.966088104248,132.978730191889,116.720472063337,144.223492940267,40.7717762762289,104.817694469165,109.640064073646,110.02503582555,76.2466947854154,114.233901977539,143.272077763746,141.486682891846,63.9151443544138,28.3700145712229,85.8292982201827,119.025919596354,16.7914741141727,66.1687084711515,56.8391095729757,164.190208435059,0,179.612457275391,91.9703975943632,101.745102592137,0,162.215141296387,143.780190335787,170.996254475911,105.933922711541,153.736774942149,0,44.5287071957308,0,171.517443143404,0,154.374435424805,0,0,213.75813293457,119.91742002047,150.002265930176,134.866459655762,172.427070030799,123.313462465804,0,196.979568481445,181.56232041579,149.692998562219,180.875549316406,160.727205276489,154.798095703125,0,175.453869628906,169.344720023019
35.12047423686,107.790060679118,83.7279117763235,69.3378845150188,58.2508050209565,116.844368798392,64.7337366446921,8.62234578371245,63.5259481426869,59.1880341883135,23.1165816456145,144.280977124753,61.598420444407,154.827477195046,42.9265616458369,80.9334730766189,79.6665370396205,87.9569501241048,148.891978177157,119.96132648468,72.83692627502,62.1801947024456,63.1572421631723,64.3087355173383,54.468847780124,145.863797869001,124.417523121741,108.432631884564,34.8275424888141,66.1093667173136,16.4796171836917,159.036041259766,118.711786082093,60.7114712478768,79.3966819680341,133.321635906513,143.925419616699,148.897585391998,78.6522287575595,130.620101081,0,147.676121902466,127.504276954964,154.094773173332,90.3286143711635,135.979774257115,195.173011779785,126.622326660156,0,148.253126406202,140.778605143229,124.882161254883,179.493774414062,0,205.797704060872,133.398864344547,150.759387296789,105.39229159885,149.829564624363,108.730318076198,167.997446695964,196.388666006235,155.460348924001,126.841148228526,154.967664991106,144.392972106934,0,0,134.244686889648,150.327170266045
44.4589502050307,136.190393235948,118.785963462217,103.397104398339,74.798835292007,17.1778262177636,18.4303583761067,63.5259481426869,9.14251871154742,85.4451364003695,31.0212677645303,126.091500438513,48.6131945816618,142.876731872559,15.8529161753502,27.7681853763782,111.937769208636,118.345690807098,136.019306945801,136.237915478452,77.0559063836871,99.1190375734828,105.047941015008,104.028305507206,83.738392783957,135.871617211236,142.837261523745,140.977498945574,81.1331517533376,26.2269832411482,73.4466797006142,154.33257484436,15.9674898684502,69.4868249453031,75.6870958815776,150.581508636475,188.974990844727,173.929905284535,102.770644096479,132.800710890028,0,166.682079315186,147.047452841595,166.523103754571,115.874529993811,147.569234938849,189.704055786133,98.5319545970244,0,170.726910641319,151.097826639811,144.500537109375,189.163692220052,230.268692016602,203.890350341797,153.784403059218,179.187310791016,137.334880828857,180.437648650139,129.32030350888,178.632621765137,192.797724405924,185.366883324795,149.39624076161,185.6318359375,160.085975646973,229.985626220703,0,159.797780354818,176.926940070258
71.497809516059,77.6141666586882,121.298587799072,15.6070544648393,37.1275217904383,70.6793003082275,72.4276801537776,59.1880341883135,85.4451364003695,7.34736786949999,73.268399515152,135.074898387111,14.2011658252667,130.318635280595,88.6876424668152,20.5550596921816,58.9532291030884,120.316343852452,155.777805328369,133.272806493247,35.1839840142124,73.8540043830872,25.9503361364712,100.199040384004,18.7178386137192,106.699170389973,123.969358079698,119.990701197754,55.7035650016598,84.7984061679957,62.8842458211666,119.929641723633,119.849620056152,64.7641188881614,88.4221842339698,0,184.589027404785,0,31.2897606658936,87.830207042205,0,104.033235886518,96.3499519546311,130.665088051244,34.0785259356541,106.871202008478,157.702746582031,86.8019757952009,156.402541841779,125.089646816254,82.4115600585938,0,172.352264404297,193.961097717285,192.468246459961,92.2512928998029,119.8447265625,125.06685256958,129.740714263916,61.4817166134036,147.319153525613,175.877021789551,166.99635664622,91.0370106894589,125.284729639689,101.796864191691,178.687385559082,0,106.61262512207,121.338180541992
68.8263627861348,140.13489074707,94.6743847028858,93.4112646429388,23.1703760021012,113.230960230674,25.8642374533058,23.1165816456145,31.0212677645303,73.268399515152,10.7019784771234,149.534682710292,26.6346807299702,157.356733957926,39.5974829952781,57.7411111520261,111.921708540483,103.32799679494,0,133.572599356515,18.3847987106409,84.8071196307875,92.9263542516908,81.1331049845769,57.3955899569125,147.835849761963,131.163403899976,124.312332813556,29.5391058042636,88.4635137149574,64.8435614600548,163.001510620117,119.280246658325,80.8046612870803,90.6271359765586,210.41194152832,178.529556274414,143.980995178223,103.150553061745,31.0850983375669,0,151.713737306141,141.644126322732,166.982816908095,105.637958223858,152.193489074707,0,44.3354732581547,0,168.992191859654,127.351057688395,129.649143981934,170.993682861328,0,0,111.793324694914,163.858418782552,119.986688365107,155.653255462646,114.639865981476,0,178.172744750977,162.564315795898,142.95377746582,171.769454956055,205.380004882812,0,0,0,171.874270629883
118.061992307253,70.1321995646455,88.6191723957154,61.5283364739438,151.112598419189,73.7547649584318,117.872088501419,144.280977124753,126.091500438513,135.074898387111,149.534682710292,11.5902706168667,146.925287583295,20.7201044692158,119.664911424217,146.025699615479,122.419513157436,56.4326320877512,23.2960218605547,22.2530235639777,153.209019131131,112.471965824792,100.222150505914,95.721354857735,142.963368415833,34.6489725683046,31.7851361453813,57.8695713078794,138.055928505073,66.803386094188,115.778423180014,27.5833459300266,70.8906282697405,106.819825605913,25.7601559091396,0,123.177399953206,143.093555450439,57.5299523544312,0,0,0,208.822761535645,246.1845703125,161.230094909668,0,87.5715366831997,142.850540161133,72.8633472325087,199.36116027832,0,137.858291625977,160.913076400757,105.553182067871,109.629514745764,0,172.155771891276,138.515809195382,160.28598912557,218.419738769531,69.5466908197554,98.4658153562474,101.645139728893,159.917022705078,199.868911743164,170.258865356445,100.01807990441,0,0,123.960323558134
80.2179676973367,149.71492767334,140.791756184896,79.1314167542891,26.2408548901103,97.5621209913684,18.7035055459042,61.598420444407,48.6131945816618,14.2011658252667,26.6346807299702,146.925287583295,8.17345962946667,168.14426574707,84.8296562740638,12.2679912405329,98.9760894775391,157.137490012429,161.105964660645,167.558185577393,13.4426806874367,110.565189906529,74.4680773648349,115.093262521844,26.8388624582718,132.933559417725,158.523141384125,147.935333005844,55.6417649243563,92.8582855486074,109.638953938204,0,110.315990801211,89.9246015548706,98.4188338182643,171.747406005859,0,174.015998840332,79.1018599806161,42.3746645172147,0,145.445657457624,141.241849165696,170.725468953451,64.9214441208612,153.575990586054,0,9.23449322101261,0,174.071343994141,91.5931816101074,0,200.019378662109,0,0,40.1420681564896,174.404418945312,142.23844909668,152.737365722656,95.6493813432966,0,146.212692260742,239.352279663086,138.313543258175,163.540908813477,184.888549804688,0,0,183.154708862305,157.345352172852
157.972442626953,58.5093676089241,121.885878342849,59.437012427676,184.791648864746,67.090202331543,116.785027503967,154.827477195046,142.876731872559,130.318635280595,157.356733957926,20.7201044692158,168.14426574707,8.24091716385101,120.951717235424,153.760537041558,127.954866409302,120.243634150578,49.8342981697625,63.3356678009033,148.601470947266,147.301989237467,92.2605891579877,129.616680622101,134.969889900901,19.9066291231143,32.2508767126184,43.8076105821715,151.070499238514,80.3035320705838,156.676930018834,14.7356579592958,88.7790420532227,169.500213623047,45.6748748725315,163.902893066406,89.9674716949463,142.19172668457,42.804742950991,0,0,0,0,193.714767456055,178.951583862305,200.13591003418,75.9722957330592,235.785049438477,61.6152477819512,0,0,163.79768371582,140.936145782471,94.2001858711243,108.762357611405,0,0,117.369646708171,204.444076538086,0,49.24631819074,92.6904640197754,93.2242881417274,0,0,0,83.2114201794873,0,0,97.7803785536024
12.8262657201827,135.988758850098,105.884189887669,99.7298593077549,96.1100089203024,31.3446935832336,36.140278590684,42.9265616458369,15.8529161753502,88.6876424668152,39.5974829952781,119.664911424217,84.8296562740638,120.951717235424,8.0335812833447,36.6576564232508,107.303176293006,106.92410468283,121.122612953186,127.850296683678,91.5806013418082,91.1860418053973,109.810656631202,96.2491779424872,90.0602107200758,136.628767830985,136.226278944786,135.518537433331,87.0222599605482,18.3326374741277,57.8961479640902,149.141379462348,15.4756085773222,42.3883005234233,70.2588190413186,165.851923624674,170.064544677734,177.4663933648,107.31677666489,133.741287231445,0,159.337642669678,151.038898326732,174.192806846217,124.576354980469,164.893476486206,196.783470153809,110.059659685407,146.367218017578,179.078746927196,145.882293701172,153.162858009338,188.043243408203,228.668991088867,196.71004486084,154.134836832682,155.839862060547,122.093630277194,174.711024093628,137.538459998335,147.150886535645,188.048651475173,176.386613733628,152.367242615798,178.676836799173,145.930239359538,191.193801879883,216.267868041992,171.418106079102,176.675085067749
83.3966255187988,126.489387512207,130.673838806152,84.4633541107178,50.1083292316746,13.0100123266668,12.9237241967559,80.9334730766189,27.7681853763782,20.5550596921816,57.7411111520261,146.025699615479,12.2679912405329,153.760537041558,36.6576564232508,7.81137673167547,77.4308904012044,133.37724855211,94.2176666259766,161.222119140625,49.3034155946341,103.282571965998,65.8509155722225,113.189303080241,38.2366428926809,134.317924499512,148.601582845052,145.101864814758,76.472844012948,34.6767027849209,87.773735555013,0,36.8083562923752,79.6744804382324,46.7728460816776,0,0,151.125701904297,47.2080411911011,130.988670349121,0,141.699577331543,120.989967346191,162.630920410156,93.0966129302979,143.20975189209,0,76.2578144073486,189.279064178467,180.108810424805,0,136.484710693359,200.585021972656,0,0,101.922182718913,0,115.490432739258,181.621780395508,92.6044415791829,0,0,204.313064575195,140.433110046387,0,0,0,0,0,0
112.198097229004,51.7719833790172,72.0711176836932,48.2775533786023,72.5262342599722,0,107.966088104248,79.6665370396205,111.937769208636,58.9532291030884,111.921708540483,122.419513157436,98.9760894775391,127.954866409302,107.303176293006,77.4308904012044,14.4798018458352,102.606955863334,139.773460388184,108.444546835763,96.7682495117188,20.8837296568298,32.4247082700841,17.3797648667867,29.2236541049772,118.544058057997,112.60226206346,32.8838812961399,35.1905097956486,92.1413239978609,72.1463379859924,0,122.307090759277,85.1218465169271,73.3992073686817,0,131.188972473145,108.181548909938,64.3448781044252,0,0,155.628454589844,135.260416666667,195.02059173584,150.677154541016,169.386896769206,164.140998840332,0,177.525337219238,136.384259541829,0,99.7964926570295,129.546330346002,174.341720581055,152.494867960612,152.044982910156,115.023278236389,54.6425704592255,105.692660246247,120.151699290556,157.523259480794,130.367140270415,104.032217015334,131.7089957101,154.582926432292,115.307437896729,0,0,135.4226659139,154.959227425712
89.8343894830807,52.7019883030145,29.772533437785,58.2274898578514,149.443397521973,119.431015014648,132.978730191889,87.9569501241048,118.345690807098,120.316343852452,103.32799679494,56.4326320877512,157.137490012429,120.243634150578,106.92410468283,133.37724855211,102.606955863334,10.6023910475767,60.0665590239734,21.1432253456585,164.630099705287,46.7290955582516,67.8048566281796,21.797226805406,117.889701474097,73.8819587230682,27.6881598990122,59.2290155594437,98.5077617269167,91.7630559304409,65.1739455689775,86.5481758117676,156.740993499756,79.1021496859464,37.265390166526,162.532836914062,83.7269813673837,102.252939001306,71.0513684706254,0,0,178.973526000977,166.084910999645,176.33415222168,161.093541463216,170.526412963867,127.91705758231,0,132.810567220052,182.134029388428,0,129.163514879015,111.958912920271,0,118.323801879883,0,158.086177062988,94.3411495502178,126.180609874236,177.548746109009,94.0479507446289,102.674180435261,102.397633604146,181.532871593129,176.027835845947,155.153385416667,139.539530436198,0,0,130.89712805497
131.111125599254,79.8738020116633,90.8654647454983,64.0552486982502,0,0,116.720472063337,148.891978177157,136.019306945801,155.777805328369,0,23.2960218605547,161.105964660645,49.8342981697625,121.122612953186,94.2176666259766,139.773460388184,60.0665590239734,8.11341215472538,14.0436899870148,0,118.385702133179,109.234902121804,101.667114911761,149.429922485352,45.7991829704993,25.3824800919454,66.0555668929748,147.519588470459,92.3679068671332,123.31744140625,60.4817136128744,92.9052383422852,126.842988586426,59.571141067659,0,109.997105407715,123.373985290527,78.5186971028646,0,0,0,223.588104248047,0,0,0,99.6506980260213,0,86.5007452964783,0,0,0,151.979837036133,103.87155672399,108.418776292067,0,0,125.001029968262,205.578681945801,0,68.6158825121428,98.241004376372,101.531410071035,0,0,170.016334533691,100.773111783541,0,0,159.379451751709
112.287478486848,57.6301144845145,59.1164482724079,55.3523630509241,194.835334777832,115.496616363525,144.223492940267,119.96132648468,136.237915478452,133.272806493247,133.572599356515,22.2530235639777,167.558185577393,63.3356678009033,127.850296683678,161.222119140625,108.444546835763,21.1432253456585,14.0436899870148,9.18947900692203,159.380227661133,92.7921928216603,92.869071216118,76.3342639811853,147.861752755301,49.8922683005391,27.8628310316625,63.0434096350951,129.79417514801,103.347394083753,96.8742269850269,69.9669137001038,136.613062722342,102.932719397166,46.3287273652871,164.139945983887,81.9924212031894,121.325703430176,68.4061462848217,0,0,0,168.070624796549,0,0,210.452387491862,109.227525513748,0,113.546944209508,184.647155761719,0,192.856536865234,113.306646294064,107.870384216309,109.494245654658,0,156.439385986328,112.230150858561,149.58114666409,201.314697265625,74.0573781785511,95.5096337885597,99.9178703112659,182.331290108817,164.608032226562,165.192489624023,116.958827336629,0,158.254806518555,122.446794626664
80.3488841941971,171.6123046875,152.815803527832,78.6953076755299,14.1666220599845,119.924477132161,40.7717762762289,72.83692627502,77.0559063836871,35.1839840142124,18.3847987106409,153.209019131131,13.4426806874367,148.601470947266,91.5806013418082,49.3034155946341,96.7682495117188,164.630099705287,0,159.380227661133,10.7896869054049,119.48335029339,88.805150270462,129.196664315683,20.9498441266191,0,194.530410766602,161.669153733687,41.4815670360904,92.8506824242808,112.909545000862,0,119.756212407892,87.1267283439636,96.3362357086606,206.485626220703,0,0,88.2815840104047,17.2763085977672,0,152.264739990234,145.899636268616,163.144074660081,100.251774015881,150.576433105469,0,11.0015489551199,0,185.364822387695,117.368026733398,174.759944915771,205.369293212891,0,0,21.9248063630836,156.673980712891,89.0678253173828,163.662826538086,108.31126621282,177.259811401367,202.73253086635,245.356323242188,139.443657114536,175.931278773717,174.547790527344,0,0,147.184906005859,141.972427368164
68.0977389894683,91.856841913859,63.2869546272885,58.5549035143496,84.3109351071444,113.887051900228,104.817694469165,62.1801947024456,99.1190375734828,73.8540043830872,84.8071196307875,112.471965824792,110.565189906529,147.301989237467,91.1860418053973,103.282571965998,20.8837296568298,46.7290955582516,118.385702133179,92.7921928216603,119.48335029339,10.4353486158483,53.5644929412487,22.0009390024458,22.7026537585196,120.508219909668,102.277273166587,73.9214823802482,23.5995228962152,29.5490018117796,27.2883271326529,131.417156219482,113.716472201877,58.3446247577667,41.3843619096293,129.812278747559,152.908167521159,127.400702736594,76.8623446480173,185.818405151367,0,162.933008829753,136.038393194025,164.453643798828,67.3152542114258,168.103599099552,216.519165039062,142.602966308594,0,147.398635462711,0,106.460213106964,147.697713964126,0,186.467404174805,0,117.775723214243,73.5550051346803,117.143349926646,125.474487840084,141.700050354004,162.481729507446,129.740104896435,126.705657043457,149.757907867432,118.479548886526,0,0,119.352870396205,133.890764409846
71.3737127780914,21.713055009818,51.8912027749148,17.7631562103437,73.32219682421,114.056816101074,109.640064073646,63.1572421631723,105.047941015008,25.9503361364712,92.9263542516908,100.222150505914,74.4680773648349,92.2605891579877,109.810656631202,65.8509155722225,32.4247082700841,67.8048566281796,109.234902121804,92.869071216118,88.805150270462,53.5644929412487,7.84471033139631,47.9767949077131,23.6363607063606,64.6968377182351,83.4916504272307,53.1809967910821,53.821260504157,87.2360937935965,57.1643148832169,100.539322747125,145.72282409668,58.3549598347057,63.4530707723726,114.919998168945,82.9902648925781,108.583844184875,57.8782321845784,161.801836013794,0,145.548065185547,116.141893863678,169.202903747559,62.6136957804362,136.132882118225,123.283696492513,101.765560150146,115.937737999893,168.803541819255,0,70.1724170538095,139.763722991943,156.611248779297,154.707236289978,0,113.851654416039,48.802081312452,90.3613804903897,95.6107581353957,106.816106796265,135.972020899996,105.39409712858,125.223970966954,116.261421203613,106.252569759593,144.753870646159,0,0,122.760440826416
81.6622226170131,66.4972056760133,31.7262095027885,55.02523951148,94.1099788120815,149.563302993774,110.02503582555,64.3087355173383,104.028305507206,100.199040384004,81.1331049845769,95.721354857735,115.093262521844,129.616680622101,96.2491779424872,113.189303080241,17.3797648667867,21.797226805406,101.667114911761,76.3342639811853,129.196664315683,22.0009390024458,47.9767949077131,12.4603077679861,60.7313681818118,121.60637029012,82.1464516619437,39.4846756951071,45.668674844625,44.0286010562396,44.3821998155668,111.56221632524,123.123129411177,71.2201423071381,47.088167683628,153.509973526001,122.761950683594,103.474530755428,67.9137410592342,180.802551269531,0,178.052977618049,149.506628319069,184.191203816732,113.30903201633,163.991613769531,173.022384643555,175.500473022461,187.226776123047,172.831792449951,0,102.400724553939,126.374212355841,191.327423095703,152.046386210124,192.615608215332,119.434628388592,63.2497355208887,106.903608549494,135.559680383856,122.302707672119,136.547850299355,103.512551319922,140.287910294359,168.623576694065,134.020885135816,164.591908772786,213.540100097656,126.765851338704,129.615451740769
70.7853224932492,84.9881511077038,122.268818303158,43.2785279162598,19.9445269638262,119.565621376038,76.2466947854154,54.468847780124,83.738392783957,18.7178386137192,57.3955899569125,142.963368415833,26.8388624582718,134.969889900901,90.0602107200758,38.2366428926809,29.2236541049772,117.889701474097,149.429922485352,147.861752755301,20.9498441266191,22.7026537585196,23.6363607063606,60.7313681818118,9.83100036644569,109.606222477197,130.845268378097,97.2358084168343,26.6363796333311,82.4325187467179,64.0463758731306,149.068725585938,126.915882725869,65.9760479886767,78.7207197172148,124.785685162212,134.208419799805,161.063623930279,61.0999884972206,83.8736993959635,0,130.400804554332,114.984515680051,145.562347361247,67.0941023798046,122.048627202382,174.419876098633,106.172564783404,156.373732133345,139.385148574367,114.597853851318,106.740230597339,158.477841994342,194.58341217041,207.358190917969,96.8076802019803,119.050952665267,81.1672348376141,129.410338083903,89.1071476891384,154.242678324382,180.315794626872,152.532523427691,112.65139147217,142.599113282703,116.318081798169,180.05069732666,197.40082804362,126.563303433932,136.436234951019
0,23.2626529257003,96.1040399339464,28.7283242661636,0,0,114.233901977539,145.863797869001,135.871617211236,106.699170389973,147.835849761963,34.6489725683046,132.933559417725,19.9066291231143,136.628767830985,134.317924499512,118.544058057997,73.8819587230682,45.7991829704993,49.8922683005391,0,120.508219909668,64.6968377182351,121.60637029012,109.606222477197,10.5359357673317,37.2466754854169,28.6395239335615,131.436489741007,86.8289532380946,135.62512068315,40.4852756946645,90.806396484375,125.886650085449,58.2089928910539,0,71.0569987826877,0,41.1302629668137,0,0,184.011795043945,0,0,0,0,70.6119784962047,0,54.7764178059419,0,0,0,112.653305053711,82.7391276889377,91.6304353986468,0,0,119.550086975098,181.82430267334,166.953308105469,35.008899718282,75.6987548252322,76.9285854618959,177.725860595703,0,186.884948730469,74.1469873127184,0,0,101.572970581055
123.388458306062,46.0545364929942,34.8971252286705,44.6910554114883,162.450109863281,110.037391662598,143.272077763746,124.417523121741,142.837261523745,123.969358079698,131.163403899976,31.7851361453813,158.523141384125,32.2508767126184,136.226278944786,148.601582845052,112.60226206346,27.6881598990122,25.3824800919454,27.8628310316625,194.530410766602,102.277273166587,83.4916504272307,82.1464516619437,130.845268378097,37.2466754854169,9.84325532323117,32.2223254949471,112.193329690885,108.072244860545,112.078402822158,15.7455234681859,138.318140896884,123.292527248985,60.3363589793962,166.607841491699,78.6897717409356,112.610726674398,61.7190473451087,218.348419189453,0,200.902826944987,167.983502197266,196.62691921658,178.046195983887,209.169929504395,97.1029327533863,0,80.789486715109,191.452227274577,0,153.895620727539,104.683445541011,99.8627291443527,101.761566300826,0,157.680502573649,121.173600769043,137.65779364287,181.743419223362,61.1092365359472,89.0659796243519,93.4801015971619,183.842975463867,177.969664001465,160.488993326823,96.2748199341789,0,166.256233215332,112.982737080435
123.15530055843,35.8778752356896,29.7769452820125,40.7562619202471,146.604679743449,175.51349512736,141.486682891846,108.432631884564,140.977498945574,119.990701197754,124.312332813556,57.8695713078794,147.935333005844,43.8076105821715,135.518537433331,145.101864814758,32.8838812961399,59.2290155594437,66.0555668929748,63.0434096350951,161.669153733687,73.9214823802482,53.1809967910821,39.4846756951071,97.2358084168343,28.6395239335615,32.2223254949471,14.3715203401122,77.8150010675243,110.381071017899,102.853203291746,21.3814062988379,122.898571014404,111.553520689619,62.0196386691371,175.154289694393,76.7016692906988,93.6965374296654,59.1535612366798,0,0,182.452663421631,152.267118600699,191.168430328369,126.425038337708,166.875936508179,99.0062513861637,0,85.9604879841052,180.896362304688,0,105.044772292628,104.712630083217,106.63445854187,110.042217732044,199.631942749023,128.449422252421,60.3209898659967,102.902167350054,141.19084072113,64.2084070576009,94.8825039014969,94.6579349372811,143.677269862248,173.867253842561,147.297536996695,102.479779379708,0,151.74045308431,114.646823672194
72.2721804814065,87.1297116960798,68.3681436351545,59.486437991247,20.4986962546428,126.899210843173,63.9151443544138,34.8275424888141,81.1331517533376,55.7035650016598,29.5391058042636,138.055928505073,55.6417649243563,151.070499238514,87.0222599605482,76.472844012948,35.1905097956486,98.5077617269167,147.519588470459,129.79417514801,41.4815670360904,23.5995228962152,53.821260504157,45.668674844625,26.6363796333311,131.436489741007,112.193329690885,77.8150010675243,10.5823876841644,83.3387285214558,39.4133337762426,148.31223042806,127.127872043186,61.9220183875896,59.0432337979742,134.826677225404,154.902093505859,145.011546979632,76.9638312838588,62.7618836330462,200.382263183594,147.689968345905,124.398230509916,154.368834651374,92.412601047092,137.889082344211,225.628993988037,95.526059044732,182.865829467773,148.800032642006,122.339100307888,110.565968513489,168.126607794511,229.885360717773,218.530326843262,110.987864676486,123.898427676531,85.6602496888902,131.0998037254,107.753412902012,154.077697753906,175.184312947591,147.490148797093,125.525667583759,146.768953517992,121.90673493176,0,176.628814697266,136.71753692627,143.180870290903
17.5581909647522,107.321655035019,111.524438345132,80.7514245882316,96.3932761780953,21.8625352363117,28.3700145712229,66.1093667173136,26.2269832411482,84.7984061679957,88.4635137149574,66.803386094188,92.8582855486074,80.3035320705838,18.3326374741277,34.6767027849209,92.1413239978609,91.7630559304409,92.3679068671332,103.347394083753,92.8506824242808,29.5490018117796,87.2360937935965,44.0286010562396,82.4325187467179,86.8289532380946,108.072244860545,110.381071017899,83.3387285214558,10.1942929995093,20.5861623045154,106.164360046387,10.9278888919215,14.1070099724767,38.4096289130626,151.247360229492,148.337005615234,179.302684783936,90.9590236211227,118.225765228271,0,176.800813154741,155.356917437385,185.245162963867,124.67250696818,154.052291870117,185.566427230835,109.307805841619,139.218215942383,180.694437408447,0,119.961435819927,171.591045803494,0,169.807495117188,140.07657623291,129.228551101685,101.065624237061,164.490384737651,136.012892822721,105.942760467529,152.870029673857,152.653388613746,146.569749360037,169.530000474718,133.190513264049,0,0,130.599248250326,139.295201619466
20.3265346587888,109.263652038574,74.0881179721876,63.6088189722355,98.701852945181,111.871766662598,85.8292982201827,16.4796171836917,73.4466797006142,62.8842458211666,64.8435614600548,115.778423180014,109.638953938204,156.676930018834,57.8961479640902,87.773735555013,72.1463379859924,65.1739455689775,123.31744140625,96.8742269850269,112.909545000862,27.2883271326529,57.1643148832169,44.3821998155668,64.0463758731306,135.62512068315,112.078402822158,102.853203291746,39.4133337762426,20.5861623045154,11.2316710876677,149.600407918294,107.333393641881,46.0323308242106,41.5320413099334,146.322526931763,0,145.19987572564,82.627484588623,161.468368530273,0,162.885379246303,132.41364440918,158.651195949978,82.4541772206624,148.16571673225,186.587855021159,203.465934753418,217.891876220703,148.760299682617,142.450531005859,105.209663181515,164.383726119995,0,183.378779093424,161.125829060872,124.329098745493,83.7193183898926,131.278530515473,117.651166648347,0,165.283230868253,154.102422020652,126.849513191193,144.876917690701,122.70218126313,0,0,125.908735752106,142.334302266439
0,69.9441233183208,92.3951959609985,60.6700911521912,0,0,119.025919596354,159.036041259766,154.33257484436,119.929641723633,163.001510620117,27.5833459300266,0,14.7356579592958,149.141379462348,0,0,86.5481758117676,60.4817136128744,69.9669137001038,0,131.417156219482,100.539322747125,111.56221632524,149.068725585938,40.4852756946645,15.7455234681859,21.3814062988379,148.31223042806,106.164360046387,149.600407918294,5.2358940323429,119.073547363281,155.999221801758,79.2711268266042,0,107.238185337612,0,64.6875298817952,0,0,0,0,0,0,0,94.9380025227865,0,83.9637535942925,0,0,169.760681152344,135.693878173828,103.893010992753,126.527355739049,0,0,151.553924560547,180.909194946289,0,64.829891204834,97.5450346810477,100.791130127445,0,0,171.083427429199,100.011786324637,0,0,96.3520431518555
80.7915667215983,142.850814819336,162.586933680943,122.276941571917,120.04328918457,8.94166589151263,16.7914741141727,118.711786082093,15.9674898684502,119.849620056152,119.280246658325,70.8906282697405,110.315990801211,88.7790420532227,15.4756085773222,36.8083562923752,122.307090759277,156.740993499756,92.9052383422852,136.613062722342,119.756212407892,113.716472201877,145.72282409668,123.123129411177,126.915882725869,90.806396484375,138.318140896884,122.898571014404,127.127872043186,10.9278888919215,107.333393641881,119.073547363281,5.47622521940912,87.2610261099679,47.7391520148829,0,0,0,131.711547851562,137.570404052734,0,223.639129638672,183.067119598389,212.093811035156,0,201.752395629883,0,122.281382751465,0,233.048248291016,0,0,0,0,0,0,0,121.900993347168,225.940658569336,165.476888483221,0,0,202.329798380534,188.406018575033,188.679382324219,164.94807434082,0,0,0,180.811599731445
31.0834705955104,98.5040588378906,99.0944235952277,64.464185494643,79.5612838745117,74.1247151692708,66.1687084711515,60.7114712478768,69.4868249453031,64.7641188881614,80.8046612870803,106.819825605913,89.9246015548706,169.500213623047,42.3883005234233,79.6744804382324,85.1218465169271,79.1021496859464,126.842988586426,102.932719397166,87.1267283439636,58.3446247577667,58.3549598347057,71.2201423071381,65.9760479886767,125.886650085449,123.292527248985,111.553520689619,61.9220183875896,14.1070099724767,46.0323308242106,155.999221801758,87.2610261099679,6.94876972666389,25.477423919861,128.951850891113,0,174.52783203125,75.2113778250558,96.356071472168,0,176.781478881836,129.357884979248,166.826904296875,0,158.437474568685,0,109.32201385498,0,155.238803100586,0,102.144912719727,0,0,163.917388916016,0,123.582263946533,73.9680557250977,130.50629119873,121.408365522112,0,191.830520629883,168.310443878174,130.858096247134,144.104731241862,117.978956604004,0,0,0,127.711608886719
69.5149584578017,57.911749278567,58.0795379288211,62.0306368380785,90.0522066752116,36.6382160527366,56.8391095729757,79.3966819680341,75.6870958815776,88.4221842339698,90.6271359765586,25.7601559091396,98.4188338182643,45.6748748725315,70.2588190413186,46.7728460816776,73.3992073686817,37.265390166526,59.571141067659,46.3287273652871,96.3362357086606,41.3843619096293,63.4530707723726,47.088167683628,78.7207197172148,58.2089928910539,60.3363589793962,62.0196386691371,59.0432337979742,38.4096289130626,41.5320413099334,79.2711268266042,47.7391520148829,25.477423919861,11.6818645246123,150.570364815848,86.7511818295433,112.35787815001,84.7477982403481,107.959342956543,0,170.314392089844,145.790077621872,159.434158325195,124.040469360352,172.757652282715,112.389629710804,108.459965176053,124.206001758575,176.365028381348,0,108.315322875977,120.901849474226,128.602495366877,123.1165037484,174.726448059082,130.193961571003,75.5720903903623,117.998747363533,128.890918293937,89.0057747580788,110.668425211092,112.081813213089,135.538484795149,153.673233032227,133.14909942627,126.976169586182,0,131.333862304688,138.044508071173
126.167675018311,225.90983581543,173.87760925293,135.461454119001,175.876068115234,0,164.190208435059,133.321635906513,150.581508636475,0,210.41194152832,0,171.747406005859,163.902893066406,165.851923624674,0,0,162.532836914062,0,164.139945983887,206.485626220703,129.812278747559,114.919998168945,153.509973526001,124.785685162212,0,166.607841491699,175.154289694393,134.826677225404,151.247360229492,146.322526931763,0,0,128.951850891113,150.570364815848,7.55596828431744,114.977197318242,116.898704528809,68.4382449624992,87.2970686479048,77.3937683105469,63.4013568513534,30.847464907413,26.718205997248,64.9818159404554,49.139794487028,125.603412800007,94.5147033359693,153.091522216797,12.9145813600665,33.6903997262319,77.5153905777704,98.6861021160024,134.940398604782,126.118270180442,90.5375492389386,73.9456668522047,69.948860168457,92.8501593325318,70.5274026411998,126.04052734375,125.885142763629,131.634158094002,73.2565025022959,13.504361812499,21.0678613594574,0,92.9146995544434,22.478279687231,64.3062023196304
0,70.287178463406,76.8976116415895,70.5017580032349,0,0,0,143.925419616699,188.974990844727,184.589027404785,178.529556274414,123.177399953206,0,89.9674716949463,170.064544677734,0,131.188972473145,83.7269813673837,109.997105407715,81.9924212031894,0,152.908167521159,82.9902648925781,122.761950683594,134.208419799805,71.0569987826877,78.6897717409356,76.7016692906988,154.902093505859,148.337005615234,0,107.238185337612,0,0,86.7511818295433,114.977197318242,6.59487909344406,40.4045476019382,16.9945683012232,122.733612060547,0,137.645631790161,110.204247053279,158.591526576451,60.0614433880656,133.730913162231,68.6354324552748,96.3444709777832,52.0783885841939,136.00123515882,94.1846684047154,53.5674693767841,50.8685754685853,77.712560711485,57.0773619436449,92.6603088378906,87.2756083806356,17.708130752694,63.0154527206659,69.3372566141981,21.1459016981975,41.9960612525321,25.0925338635859,107.017173180213,132.046211242676,100.292631461404,68.5964274406433,122.728904724121,101.835686683655,56.9160773209699
151.94465637207,117.523389180501,92.4927115259291,58.8993355600457,165.533142089844,0,179.612457275391,148.897585391998,173.929905284535,0,143.980995178223,143.093555450439,174.015998840332,142.19172668457,177.4663933648,151.125701904297,108.181548909938,102.252939001306,123.373985290527,121.325703430176,0,127.400702736594,108.583844184875,103.474530755428,161.063623930279,0,112.610726674398,93.6965374296654,145.011546979632,179.302684783936,145.19987572564,0,0,174.52783203125,112.35787815001,116.898704528809,40.4045476019382,10.9409043104802,42.1708995871348,142.914026113657,174.616142272949,121.10751349027,85.3133234495758,127.382536328529,96.9864763259888,109.723424413649,77.6016819194212,143.648875645229,88.6510629653931,121.367274072435,111.306781005859,69.8463292488685,35.9409150825295,96.859320900657,65.5727698475264,144.995288848877,57.8814617587674,44.4415814103049,22.7043059143109,95.4764857714689,80.3636054992676,26.3158509454096,24.0522143790027,76.3831754405028,126.908456068773,76.4743778103001,101.460191726685,166.541534423828,100.218742132187,50.8385852895631
