7.32733642853558,125.272171020508,83.7175797660176,70.3516590907656,76.9749010962409,76.1238015492757,60.9794693316443,26.2862174459929,28.0092299310407,63.2266204551414,40.1295765546933,134.662130656995,53.3147930276805,150.753093719482,9.77519203569044,45.8345524597168,80.8814601898193,95.2108424670512,135.47176864624,118.605677769102,67.1964291808426,66.7249896738789,82.3641294332651,53.9691447547941,62.4275161324398,156.865421295166,115.344136646816,114.665763251526,54.9043338357138,14.055466138653,15.0552344530592,153.976303100586,77.1767129164476,14.9581982480963,62.9911572597396,140.925867716471,156.285247802734,151.903884887695,79.8348763564537,0,0,166.210441589355,120.758668726141,152.962490081787,106.012296676636,141.854187011719,0,163.414108276367,0,136.021469963921,146.456771850586,0,182.061233520508,183.373809814453,182.002914428711,220.322067260742,0,92.2144775390625,170.903121948242,119.240193684896,198.215942382812,172.423377297141,164.391639709473,123.463227462769,142.679824829102,123.726964314779,0,0,131.259170532227,147.891479492188
125.272171020508,7.00403045607016,39.7104347402399,14.5177940335257,128.895660400391,0,141.331207275391,107.626623365614,127.689192673256,64.9695427838494,118.889046986898,68.1448342970439,148.895367940267,56.9849302074577,131.06320321971,130.409008026123,63.587736880193,51.8182509038355,77.2467575073242,57.3627482527393,0,83.2717539978027,24.8810097894753,69.2871927642822,83.0250337123871,24.2134319870703,42.375808309925,33.1454745821079,88.7792905569077,107.121625495679,93.6751957723539,59.9334369659424,88.8711471557617,89.020504421658,59.9337154765762,0,68.9496018545968,67.8826663073371,43.0626054628931,0,0,0,132.250770568848,0,0,219.239379882812,115.006915283203,109.98429107666,79.0086630544355,135.17741394043,0,97.0089263916016,81.4152940488329,112.433532714844,98.0555284363883,0,106.638549804688,51.8796877179827,81.4821988619291,111.884614562988,73.1642368023212,76.4812978661579,76.6481653404236,149.653842926025,148.583396911621,144.744150797526,90.6854820251465,0,0,93.2365644243028
83.7175797660176,39.7104347402399,11.4258663918625,37.321240221296,143.426658630371,125.124166488647,115.312665856403,81.866913377569,109.271884416586,130.090539785532,93.5197551697493,81.2276569509251,128.095157916729,111.028651844371,100.718495512431,122.410817464193,76.6354643150612,26.9813294029576,84.0278941934759,60.0205300487492,143.571876525879,60.1083074338508,42.3102545208401,23.7471383758917,102.923115386963,80.9391255378723,23.3025257098758,26.1034463601815,60.3720166183287,92.0933722304644,68.5517280408941,110.437468210856,122.972211201986,82.8913187299456,53.5777533718957,0,64.7202468198888,86.1287407614968,52.5232696857858,0,0,0,178.408584594727,0,122.343795776367,0,121.626871109009,0,0,190.592498779297,0,0,96.8360421107366,191.577178955078,110.189770582246,0,119.83634185791,59.8421529882094,91.8025051525661,139.81957244873,129.226696777344,92.9464884525588,89.5673589881944,136.27643737793,0,124.106590270996,155.128509521484,0,0,120.645318838266
70.3516590907656,14.5177940335257,37.321240221296,38.0049566961104,70.4491195129834,104.10574231829,82.013008355221,58.3141846920084,83.3892559548642,11.5499069733922,76.2853017930062,74.8970221826586,75.4495528756756,82.5189220480723,82.0165035289723,76.0116039724911,51.9318293503889,51.0944568636027,70.4846890869141,54.5731915470901,88.0173122521603,58.5247902939959,21.094782727569,50.0425389385963,34.9552824433821,39.3423758572654,44.3347798239672,38.1100357747671,52.0715701752322,73.3445337493648,56.4698274492522,79.000704574585,107.227826898748,60.6244813919067,61.1010524201536,91.2295109141957,10.598071359274,57.9169585389911,14.037632072181,105.687408447266,0,102.029755655924,73.5103584364349,140.027671051025,13.8895097925693,115.992630004883,103.089563496908,78.7217788696289,112.580630711147,106.546215311686,115.03186416626,58.8127362993028,76.688012164572,86.6651214599609,81.4433937610035,141.028755187988,87.2518569946289,8.95676785601763,58.2025489330292,51.5783871241978,93.2192080020905,61.8776594693543,60.1374570536271,61.2058639253889,90.5378014413934,78.266997688695,0,0,79.8511784871419,79.6914662775004
76.9749010962409,128.895660400391,143.426658630371,70.4491195129834,8.88177588002701,132.764129638672,55.664599998942,48.9630323078321,70.2521542960585,48.343464506997,21.08955107138,0,30.9987622683378,0,85.5266312040934,57.9673260775479,90.689928372701,155.624313354492,238.888275146484,0,11.270758051309,113.576071166992,83.8074504307338,118.832271575928,22.404658543921,0,168.496170043945,111.102637154715,12.3693040947828,88.854198772602,71.3823516152122,0,125.189838409424,76.782702592703,86.1107823407208,171.265899658203,0,0,74.5479977347634,11.6724809117433,0,149.293074867942,134.27248808395,162.446907043457,101.296096420288,141.207377347079,0,139.2337777274,0,151.551107553335,122.015625,0,0,0,0,15.9391219780363,181.568481445312,108.144454956055,139.179763793945,102.614999277451,0,0,0,137.646635437012,158.262832641602,0,0,0,139.42204284668,153.24471282959
76.1238015492757,0,125.124166488647,104.10574231829,132.764129638672,6.66354108226333,8.40431577469558,106.075003433228,20.2612725374329,107.640525817871,110.621767911044,55.5938911437988,99.3256086461684,93.7032012939453,28.4104232617448,12.7082252982446,100.488822937012,105.648326873779,219.655639648438,136.833274841309,115.91190032959,91.6190147399902,103.853359222412,109.272750854492,115.447241614847,114.700187683105,90.7380466461182,126.61692890368,115.077995963719,24.4417085111381,99.0830574035645,222.378936767578,8.41339782150136,130.455062866211,35.3827393531799,0,0,0,120.036773681641,0,0,192.377014160156,173.284408569336,0,0,0,0,0,0,187.216018676758,0,0,136.030242919922,0,0,0,0,0,0,163.530949910482,0,0,0,0,0,0,0,0,0,0
60.9794693316443,141.331207275391,115.312665856403,82.013008355221,55.664599998942,8.40431577469558,7.23859690502561,65.6164490268655,18.0208371605718,78.9068683088871,17.6810349579814,66.9255446313133,14.3432299772077,75.5311677115304,33.8287077534116,12.5411074074126,112.874560165405,145.727168273926,136.849848429362,123.430797153049,29.3328025469282,102.567035381611,113.118816375732,96.4831020567152,69.7143229600604,100.490840911865,139.9722252982,128.278699372944,73.713663507408,24.0888095982495,95.3903191306374,136.874122619629,14.4516755024965,68.2243506113688,41.9309287071228,149.440418243408,0,178.584671020508,102.890178102435,99.7495460510254,227.065689086914,177.552121480306,143.035946210225,167.402694702148,124.274478618915,152.094833056132,157.67854309082,107.347073418753,0,167.512247422162,0,0,0,0,0,148.39914449056,0,126.214600880941,172.269271850586,121.493912372392,0,207.175659179688,136.803253173828,141.923254197644,165.293153461657,176.896469116211,0,202.988891601562,144.756530761719,162.563837687174
26.2862174459929,107.626623365614,81.866913377569,58.3141846920084,48.9630323078321,106.075003433228,65.6164490268655,8.83230996592775,54.5739412805328,53.8784310844915,13.8989096866693,130.84929221017,57.785071557398,166.920944213867,26.2959428234348,62.4875222283441,83.9452034387833,91.3945612200139,127.845785352919,117.952395598094,71.967435038367,50.6089547176172,76.9277532702294,45.8812135324029,49.1531275393722,155.502375284831,111.689369360606,98.7327606354526,18.7712059466268,48.4949466230724,10.4319392707125,0,114.319979154147,52.6436422553346,63.7594004325803,138.418439229329,0,156.619338989258,78.4441287657794,111.797729492188,0,143.317089625767,114.902867453439,148.685093041622,92.0015307617188,128.085494995117,0,151.851193745931,0,142.091582839553,125.899236679077,153.229034423828,170.661865234375,0,0,172.717337036133,150.478393554688,95.2206001281738,152.557399456318,94.486091574239,196.904693603516,182.782206217448,223.858352661133,116.963956548813,145.491108542994,131.675992329915,0,0,129.301390329997,134.749032156808
28.0092299310407,127.689192673256,109.271884416586,83.3892559548642,70.2521542960585,20.2612725374329,18.0208371605718,54.5739412805328,9.21356155598247,78.5861320414211,23.6310998383051,108.11409628625,36.0135215306478,108.504728044782,15.1361344009225,23.554791677613,108.538081698947,119.924109359382,146.204885042631,138.98623218871,65.7309093145778,91.3873925335639,102.922683393452,83.5863980070074,74.5971219338293,137.93358001709,132.674235480739,127.515762915978,69.320794157464,26.0793570197943,74.4610786094322,172.017639160156,15.3923264245007,72.6889661153158,62.6696176544141,152.593741783729,144.456893920898,183.356857299805,97.2875719441996,104.495231628418,169.617858886719,167.025724865141,139.966290688928,176.983717293575,108.040080566406,158.885946035385,170.132995605469,143.480016920302,0,165.077759334019,180.422637939453,188.218856811523,196.238454182943,236.534118652344,184.658701578776,161.795051574707,0,124.056427695534,155.265157846304,118.47315906546,159.638229370117,196.597785949707,185.863637924194,141.904312659954,166.423844019572,146.595803833008,0,0,164.335166931152,162.011726024539
63.2266204551414,64.9695427838494,130.090539785532,11.5499069733922,48.343464506997,107.640525817871,78.9068683088871,53.8784310844915,78.5861320414211,7.55632001082233,73.8369139802867,136.716159820557,19.952188924661,118.352025349935,79.9222788364767,19.6803091087561,65.3995969692866,119.746562533908,157.646774291992,132.647951761882,59.9087183332443,75.4712814917931,19.5081157439063,78.3165913206158,20.6907612814335,93.7931298475999,152.192810821533,102.014528468035,48.7032283225611,68.7216912845621,55.9094651921244,0,116.016885054739,59.7607035017283,70.7295981134687,165.175018310547,74.6873779296875,0,34.9978067290108,88.8708351982964,0,109.378287421332,88.7913019033579,132.636888504028,53.0610331217448,103.163144757671,0,86.2801883404072,0,119.081262715658,46.8840866088867,0,183.480239868164,0,0,103.287204318576,0,72.0413420540946,179.51061630249,58.6331666790709,0,0,139.209823608398,89.9131000403202,114.888088226318,124.627105712891,0,0,99.078125,114.818207332066
40.1295765546933,118.889046986898,93.5197551697493,76.2853017930062,21.08955107138,110.621767911044,17.6810349579814,13.8989096866693,23.6310998383051,73.8369139802867,7.55415430304249,157.160666571723,22.6164861943411,0,26.7524345163429,51.9689393064524,111.73322057724,113.70085440109,137.42248916626,139.570201649385,18.868724747406,63.9571468565199,96.425806145919,58.6767005384638,47.9023349864114,0,119.434973673104,119.127067333719,17.5778147962818,75.5050179746138,40.8681058005283,156.525650024414,114.207057829826,71.7812925691058,77.951245587101,162.420125325521,0,0,90.7420591028725,45.4157939985687,0,156.520064781452,131.009708504055,161.512588077121,105.812828608922,147.253891403611,0,86.9169921875,0,158.201206970215,137.383122762044,0,0,0,0,152.481830173069,0,119.186511448451,159.096235656738,107.629303462922,0,186.364013671875,186.752883911133,137.02709206382,163.006205240885,141.567403157552,0,184.536041259766,147.328013102214,176.723112839919
134.662130656995,68.1448342970439,81.2276569509251,74.8970221826586,0,55.5938911437988,66.9255446313133,130.84929221017,108.11409628625,136.716159820557,157.160666571723,12.2755382548045,190.969619750977,18.3719503211105,114.083772442009,200.900901794434,129.01978302002,59.0301221766213,22.8525031365073,31.6431157551128,0,92.7773914802365,98.6807828267415,91.6918813288212,157.950303395589,35.6075798286789,28.3145055449424,55.951714953474,129.412408955892,75.9017476454014,98.6143451944987,38.2072487412506,60.2687432425363,91.1816633635876,28.5994181009212,0,95.210302734375,123.89847946167,88.672927347819,0,0,0,187.008155822754,0,0,0,98.1933835076948,0,73.2950235134218,0,0,0,124.384157371521,99.5948509360259,101.968928966522,0,188.957229614258,0,147.580271720886,157.206573486328,63.3477267342052,100.409084483008,100.115936730832,174.503311157227,181.132888793945,206.698776245117,100.745957268609,0,0,119.202242643937
53.3147930276805,148.895367940267,128.095157916729,75.4495528756756,30.9987622683378,99.3256086461684,14.3432299772077,57.785071557398,36.0135215306478,19.952188924661,22.6164861943411,190.969619750977,7.6332350957002,0,68.9666320141976,9.60042399996092,117.662829081217,151.585974121094,0,197.2109375,12.771093982511,120.903776550293,66.6639069148472,81.2725561141968,28.1942582057008,0,158.226409912109,124.152927943638,55.8207427257766,89.4389042459476,90.653128306071,0,111.570138840448,107.112218856812,86.2115283966064,0,0,0,84.3870340983073,43.3022061434659,0,157.537103271484,128.537662706877,142.660917282104,85.8172194163005,139.578373995694,0,37.5924896460313,0,140.216722276476,76.0199890136719,111.065742492676,0,0,0,123.708935546875,0,134.577621459961,122.41877746582,83.6011530698001,0,0,0,130.736079180682,151.687810897827,0,0,0,0,0
150.753093719482,56.9849302074577,111.028651844371,82.5189220480723,0,93.7032012939453,75.5311677115304,166.920944213867,108.504728044782,118.352025349935,0,18.3719503211105,0,7.32751460658834,112.60890851702,0,0,86.9102191925049,56.6230764007568,80.5811291862937,0,135.006810506185,86.4254883838301,123.654123578753,126.236125946045,19.3013785485646,22.9876068512326,34.016680857915,145.751439412435,61.2839795351028,143.039115905762,13.5513292451273,62.018797654372,82.7299575805664,46.6256630133433,0,72.2147532569037,118.430679321289,42.1401906013489,0,0,0,0,0,0,0,72.9167541996125,0,55.4153686553415,0,0,0,147.059438069661,91.373587290446,101.533817036947,0,0,97.3566919962565,166.003972371419,0,43.519835443639,96.7127444502236,87.5181422543216,0,0,174.413635253906,84.6226644515991,0,0,111.649768066406
9.77519203569044,131.06320321971,100.718495512431,82.0165035289723,85.5266312040934,28.4104232617448,33.8287077534116,26.2959428234348,15.1361344009225,79.9222788364767,26.7524345163429,114.083772442009,68.9666320141976,112.60890851702,6.49958809308735,30.5667160990496,95.0262929742987,113.967709794685,154.345706592907,133.821009563155,79.3241890600805,82.5569951457362,93.8500178385589,70.1621838652911,78.251787889643,162.427998860677,129.063121421664,124.680003079501,66.7103200852038,15.7456367896286,23.5922392125829,0,14.377247291741,24.7551838464221,47.8142209380112,155.199478149414,0,172.646357218424,98.6756910770497,91.878532409668,199.699058532715,160.273282732282,138.60620317005,171.375373331706,118.881592198422,154.626697193493,0,0,0,165.497660827637,175.134567260742,144.759841918945,186.771504720052,0,223.889506022135,172.197036743164,150.354034423828,104.145943535699,161.205890655518,116.626217805887,0,175.582815551758,199.456790161133,137.119504599736,163.795227050781,175.044723510742,0,0,161.387969970703,161.515712738037
45.8345524597168,130.409008026123,122.410817464193,76.0116039724911,57.9673260775479,12.7082252982446,12.5411074074126,62.4875222283441,23.554791677613,19.6803091087561,51.9689393064524,200.900901794434,9.60042399996092,0,30.5667160990496,8.31883617764826,91.964469909668,135.793731689453,161.928344726562,154.289680480957,53.8546739828707,83.9983895041726,66.9211726469152,82.3022425333659,40.0773427449513,0,152.354857308524,116.892112731934,75.3480107283392,34.0221072219488,82.372594833374,0,49.6019312785222,52.682444691658,33.4185701723452,0,0,0,72.8879121144613,79.2204360961914,0,172.238388061523,129.679144541423,157.75659942627,94.1165008544922,143.819564819336,0,0,0,177.885116577148,0,0,0,0,0,0,0,0,0,93.8234871312192,0,0,0,134.164083862305,150.634780883789,0,0,0,0,132.629989624023
80.8814601898193,63.587736880193,76.6354643150612,51.9318293503889,90.689928372701,100.488822937012,112.874560165405,83.9452034387833,108.538081698947,65.3995969692866,111.73322057724,129.01978302002,117.662829081217,0,95.0262929742987,91.964469909668,13.9296172092642,91.9351368204753,131.837768554688,102.502386569977,108.559684753418,20.3758813817955,36.7175267499474,20.6259076837057,17.7017998508415,103.385662078857,110.430207905016,29.5048065402591,32.3793320025471,80.7498923523785,58.1393744958507,0,120.744348526001,62.8524100135354,62.9585331570018,0,123.239677429199,0,65.7922867669,0,0,0,138.427028309215,147.549758911133,0,166.447128295898,0,0,0,161.89038848877,0,103.786590576172,181.479965209961,0,210.048934936523,0,0,58.4006037526316,96.1727924346924,120.970420837402,0,159.5478515625,97.1095066070557,130.352341969808,0,104.525489807129,0,0,132.664649963379,133.004060745239
95.2108424670512,51.8182509038355,26.9813294029576,51.0944568636027,155.624313354492,105.648326873779,145.727168273926,91.3945612200139,119.924109359382,119.746562533908,113.70085440109,59.0301221766213,151.585974121094,86.9102191925049,113.967709794685,135.793731689453,91.9351368204753,9.40644375894886,56.4136270915761,22.3797552446713,186.584403991699,32.1271031635059,70.5616849864613,16.8496678810173,104.988006591797,84.1704859733582,23.8987143343364,58.6565293567937,94.0679964136194,83.3213854524541,57.7703902840985,97.7292495727539,118.407030741374,79.084564040379,34.8707243763268,170.061599731445,82.3588995933533,95.6569350849498,65.3323219726826,0,0,0,180.501469930013,0,130.226226806641,0,132.297296142578,0,140.320297241211,0,0,130.67925453186,107.557487239683,121.448551177979,108.700200887827,0,135.938301086426,78.0977325439453,115.205274200439,0,89.8527374267578,97.0401161018459,97.0663288907594,152.625839233398,230.514602661133,158.323328653971,141.527717590332,0,0,117.506852083428
135.47176864624,77.2467575073242,84.0278941934759,70.4846890869141,238.888275146484,219.655639648438,136.849848429362,127.845785352919,146.204885042631,157.646774291992,137.42248916626,22.8525031365073,0,56.6230764007568,154.345706592907,161.928344726562,131.837768554688,56.4136270915761,7.86046394680989,18.2287084520367,0,102.034075762774,107.423559477835,90.9497302600316,124.93090057373,44.2326508554433,27.0916928460359,60.6555272606053,135.808843994141,117.032510085333,108.223073591266,54.111710519933,94.0860176086426,113.619829738841,65.7079067712691,218.179962158203,106.138914925711,126.714027404785,113.123916625977,0,0,0,237.566703796387,0,0,0,103.211421789125,0,92.9426144241193,0,0,241.123138427734,126.496367605109,106.237423463301,105.120447214912,0,0,137.287168502808,142.340993245443,199.4365234375,74.7145095965184,101.890591460667,103.386512395193,183.461680094401,0,176.197564697266,107.756509978196,0,0,128.219647362119
118.605677769102,57.3627482527393,60.0205300487492,54.5731915470901,0,136.833274841309,123.430797153049,117.952395598094,138.98623218871,132.647951761882,139.570201649385,31.6431157551128,197.2109375,80.5811291862937,133.821009563155,154.289680480957,102.502386569977,22.3797552446713,18.2287084520367,8.33524946862516,174.439829508464,73.9300533025757,95.3564862060547,66.6752445641256,136.167897905622,46.8434454689563,22.3497489766915,62.4836465555119,119.562877110073,101.912865962035,86.8394395212728,64.6707236880348,103.646520402696,90.995021789793,46.8159301434831,193.809005737305,94.649228811264,116.580610101873,78.7467844023121,0,0,0,177.111755371094,0,0,0,114.834692319234,0,122.439731270926,196.754150390625,0,0,110.774239751722,109.369256412282,103.045606887598,0,164.789459228516,105.68204498291,132.780775494046,203.179412841797,83.8478179106841,96.2569513714583,99.3035419483617,151.659454345703,214.021179199219,161.915184714577,119.4618509466,0,0,102.9683683295
67.1964291808426,0,143.571876525879,88.0173122521603,11.270758051309,115.91190032959,29.3328025469282,71.967435038367,65.7309093145778,59.9087183332443,18.868724747406,0,12.771093982511,0,79.3241890600805,53.8546739828707,108.559684753418,186.584403991699,0,174.439829508464,8.55462020127861,138.567233276367,96.2912086486816,142.820264543806,24.4274299050528,0,159.787279401507,143.296494427849,34.2688101177253,84.3556047158163,111.595965385437,0,116.042163848877,91.0392040252686,81.5117015964938,157.22450764974,0,0,93.5574224966544,22.9420550249625,0,158.599369049072,136.57080189387,179.780624389648,101.506107754178,150.157482692174,0,106.24990234375,0,164.733261108398,159.26233291626,0,0,0,0,5.7323534449593,0,147.957809448242,161.139389038086,106.235329516826,0,0,0,139.405668722617,171.191599527995,160.758880615234,0,0,0,179.853830973307
66.7249896738789,83.2717539978027,60.1083074338508,58.5247902939959,113.576071166992,91.6190147399902,102.567035381611,50.6089547176172,91.3873925335639,75.4712814917931,63.9571468565199,92.7773914802365,120.903776550293,135.006810506185,82.5569951457362,83.9983895041726,20.3758813817955,32.1271031635059,102.034075762774,73.9300533025757,138.567233276367,11.1936054061568,49.9607001266112,16.8624052778032,37.0007455917922,108.569941202799,83.0204582214355,59.5266539884168,24.3337865228036,18.6565735408928,21.8056199532043,0,99.1616592407227,43.4000562997091,38.9237131730381,0,0,115.20451259613,80.2351249059041,0,0,0,144.365771953876,0,102.589996337891,0,0,0,0,174.05012512207,0,99.5079803466797,136.738217671712,0,164.742489624023,211.500289916992,113.42229309082,64.613699716235,111.869413522574,136.140228271484,0,133.799583435059,129.288037436349,112.97114944458,145.717231750488,116.669380187988,0,0,109.108863830566,133.063697814941
82.3641294332651,24.8810097894753,42.3102545208401,21.094782727569,83.8074504307338,103.853359222412,113.118816375732,76.9277532702294,102.922683393452,19.5081157439063,96.425806145919,98.6807828267415,66.6639069148472,86.4254883838301,93.8500178385589,66.9211726469152,36.7175267499474,70.5616849864613,107.423559477835,95.3564862060547,96.2912086486816,49.9607001266112,7.14337414092718,45.6956252312864,21.8489230241408,57.6433165708859,85.2388069058253,39.2141711684337,50.4576314527724,73.6059939949601,53.9334120957971,103.077676137288,109.493829345703,52.3861307262701,63.6147800103549,115.401280721029,38.4352832794189,61.0070347505457,38.5592279116313,116.936347961426,0,164.739479064941,109.783734560013,138.806667327881,67.7976358587092,114.201466878255,143.398548126221,113.227630615234,102.805672813864,133.86960144043,0,67.2776234944661,105.944740867615,147.254440307617,165.518412272135,0,76.2725706100464,15.8528658265937,66.8469168866267,80.1245566181753,93.7102742876325,133.553111427709,94.2231870131059,88.317729695638,112.405198669434,71.8133433948864,0,0,70.2069473266602,114.624782909047
53.9691447547941,69.2871927642822,23.7471383758917,50.0425389385963,118.832271575928,109.272750854492,96.4831020567152,45.8812135324029,83.5863980070074,78.3165913206158,58.6767005384638,91.6918813288212,81.2725561141968,123.654123578753,70.1621838652911,82.3022425333659,20.6259076837057,16.8496678810173,90.9497302600316,66.6752445641256,142.820264543806,16.8624052778032,45.6956252312864,11.2586577915977,53.641238717175,95.075566973005,64.8502186519182,38.0925961663478,28.8957173829247,34.9717511013298,33.6713103653647,115.603488922119,119.73676639133,54.77059204395,43.2805949142936,144.669891357422,81.3818631379501,98.2059070799086,61.7618245842751,0,0,162.520935058594,155.724471028646,156.563278198242,118.932949066162,168.81615447998,175.612096150716,0,151.867055257161,141.701914469401,0,101.461126115587,106.289280395508,0,141.216313171387,0,125.417257944743,56.6346787338101,96.1947385347807,118.630867852105,157.299659729004,128.089034318924,99.4963926232379,122.353820800781,140.592056274414,123.095537821452,0,0,163.604095458984,137.145694732666
62.4275161324398,83.0250337123871,102.923115386963,34.9552824433821,22.404658543921,115.447241614847,69.7143229600604,49.1531275393722,74.5971219338293,20.6907612814335,47.9023349864114,157.950303395589,28.1942582057008,126.236125946045,78.251787889643,40.0773427449513,17.7017998508415,104.988006591797,124.93090057373,136.167897905622,24.4274299050528,37.0007455917922,21.8489230241408,53.641238717175,10.144696423423,107.105995941162,127.108768717448,64.8243624393478,20.1663003256808,66.0094909170291,52.2378153600949,0,116.095937189066,56.625297375951,67.4743079534612,113.267837817852,101.220542907715,117.607967376709,49.9245386374624,66.1374025100317,169.82655843099,122.761239980722,99.4981251775691,130.188662804498,65.4343975247361,115.24885298206,0,106.104186562931,0,124.587440736832,100.454812049866,107.122413635254,0,0,217.055185953776,114.988554581352,122.017832438151,66.2063778857796,131.274848937988,68.5136481164852,0,0,190.603866577148,102.920428852651,134.550826095953,118.678778148833,0,0,118.780800882975,127.673990014481
156.865421295166,24.2134319870703,80.9391255378723,39.3423758572654,0,114.700187683105,100.490840911865,155.502375284831,137.93358001709,93.7931298475999,0,35.6075798286789,0,19.3013785485646,162.427998860677,0,103.385662078857,84.1704859733582,44.2326508554433,46.8434454689563,0,108.569941202799,57.6433165708859,95.075566973005,107.105995941162,9.39445195049507,40.2909425990302,27.3060268880559,123.613227844238,108.402213463416,141.628711276584,46.0473766842404,107.983426411947,100.337413787842,60.1409964975157,0,66.4766830444336,94.1213073730469,35.6328923317694,0,0,0,0,0,145.546936035156,0,71.2346825181392,0,47.4626808227247,0,0,119.514747619629,110.815727233887,88.2590795818128,90.1670446724727,0,0,106.966801452637,101.921730041504,137.289408874512,35.5310178051824,83.2957951472356,80.8351088064688,173.096282958984,0,162.711334228516,75.7557480335236,0,0,110.536730766296
115.344136646816,42.375808309925,23.3025257098758,44.3347798239672,168.496170043945,90.7380466461182,139.9722252982,111.689369360606,132.674235480739,152.192810821533,119.434973673104,28.3145055449424,158.226409912109,22.9876068512326,129.063121421664,152.354857308524,110.430207905016,23.8987143343364,27.0916928460359,22.3497489766915,159.787279401507,83.0204582214355,85.2388069058253,64.8502186519182,127.108768717448,40.2909425990302,9.70717023790335,25.2887607212093,103.132357842099,108.188538305162,94.4697556264192,20.3695798895576,97.1669058799744,96.6470939548029,59.0223033465038,168.208847045898,84.1888133404302,97.360321754633,68.0056986354646,0,0,0,166.691670735677,0,0,227.338363647461,108.648607905607,0,94.2336067199707,191.192077636719,0,159.35916519165,101.137373337175,103.239434974138,98.6052202601587,0,131.869665781657,99.6095924377441,123.012523419929,175.858540852865,64.1240838523803,92.9120008309185,93.6262945145636,148.030850365048,163.188461303711,152.090168200041,107.467824935913,0,0,102.44453284854
114.665763251526,33.1454745821079,26.1034463601815,38.1100357747671,111.102637154715,126.61692890368,128.278699372944,98.7327606354526,127.515762915978,102.014528468035,119.127067333719,55.951714953474,124.152927943638,34.016680857915,124.680003079501,116.892112731934,29.5048065402591,58.6565293567937,60.6555272606053,62.4836465555119,143.296494427849,59.5266539884168,39.2141711684337,38.0925961663478,64.8243624393478,27.3060268880559,25.2887607212093,11.2600881906608,67.719920942049,103.738898030034,87.9044154690158,19.3605951875935,104.923678588867,91.5819494705792,63.2438352264066,172.534530639648,77.9218932787577,90.4960500302522,59.4482404471422,156.186798095703,145.606643676758,168.800674438477,170.062929916382,180.909540812174,116.394475301107,192.418670654297,106.995447427148,0,86.3702024065493,176.660793304443,182.7421875,121.722658157349,99.5156638703013,109.112379199397,100.850845576317,0,133.84321975708,69.6907853083824,107.900981855981,135.790476608276,62.1272768912606,91.7911737515487,94.787880395928,146.445890808105,177.476967551491,151.528490506686,106.728874743824,0,142.378791809082,104.995163861443
54.9043338357138,88.7792905569077,60.3720166183287,52.0715701752322,12.3693040947828,115.077995963719,73.713663507408,18.7712059466268,69.320794157464,48.7032283225611,17.5778147962818,129.412408955892,55.8207427257766,145.751439412435,66.7103200852038,75.3480107283392,32.3793320025471,94.0679964136194,135.808843994141,119.562877110073,34.2688101177253,24.3337865228036,50.4576314527724,28.8957173829247,20.1663003256808,123.613227844238,103.132357842099,67.719920942049,9.35221683033119,66.4647674176333,33.1289680060302,143.336822509766,116.360525599066,52.8106154424101,62.2729846597887,123.859818322318,197.714401245117,134.561331431071,67.5018191457796,41.0002985622572,173.514099121094,140.049998196689,113.511622274565,152.855007915962,87.0822759196706,132.0923530106,0,129.199468612671,168.396148681641,138.866567023447,101.074523925781,113.478436787923,163.128771972656,0,175.861516316732,143.083485921224,117.238103230794,64.3103159713745,128.861781471654,93.8767164836639,165.027061462402,167.311284383138,153.380818049113,114.022838084567,136.871637180873,121.529894377056,0,153.895278930664,124.138571519118,135.700620940237
14.055466138653,107.121625495679,92.0933722304644,73.3445337493648,88.854198772602,24.4417085111381,24.0888095982495,48.4949466230724,26.0793570197943,68.7216912845621,75.5050179746138,75.9017476454014,89.4389042459476,61.2839795351028,15.7456367896286,34.0221072219488,80.7498923523785,83.3213854524541,117.032510085333,101.912865962035,84.3556047158163,18.6565735408928,73.6059939949601,34.9717511013298,66.0094909170291,108.402213463416,108.188538305162,103.738898030034,66.4647674176333,9.15137978897892,12.3417785391742,101.95352935791,13.1903140468499,15.9445609169079,32.0416305646374,137.020395067003,141.693403244019,204.983261108398,82.3211839463976,120.047899881999,0,149.353149414062,132.238818434418,161.138662164862,95.1758186340332,179.507550557454,170.824615478516,0,173.415969848633,154.155158451625,0,0,151.336054907905,163.89616394043,158.837719387478,0,110.113372802734,83.5009463383601,147.00053914388,122.541300645515,124.204414367676,160.212690807524,163.436755981445,129.745121396821,152.986038843791,145.703791300456,0,0,138.836878967285,152.237748538747
15.0552344530592,93.6751957723539,68.5517280408941,56.4698274492522,71.3823516152122,99.0830574035645,95.3903191306374,10.4319392707125,74.4610786094322,55.9094651921244,40.8681058005283,98.6143451944987,90.653128306071,143.039115905762,23.5922392125829,82.372594833374,58.1393744958507,57.7703902840985,108.223073591266,86.8394395212728,111.595965385437,21.8056199532043,53.9334120957971,33.6713103653647,52.2378153600949,141.628711276584,94.4697556264192,87.9044154690158,33.1289680060302,12.3417785391742,7.81635008502483,134.723019917806,117.530476379395,36.9657977160239,35.654041324268,133.396668933687,177.642974853516,136.840366363525,72.7478198869854,135.278060913086,0,157.505325317383,113.815187471407,151.473484386097,80.9990971883138,147.620446205139,0,173.470611572266,0,140.744478464127,0,101.707641601562,150.456844075521,0,169.279080200195,146.954231262207,107.65663655599,66.9500947703486,120.773304748535,104.496150903534,0,153.133795376482,155.976042716734,110.358968294584,133.07322288962,116.518136024475,0,0,126.527235764724,133.685805580833
153.976303100586,59.9334369659424,110.437468210856,79.000704574585,0,222.378936767578,136.874122619629,0,172.017639160156,0,156.525650024414,38.2072487412506,0,13.5513292451273,0,0,0,97.7292495727539,54.111710519933,64.6707236880348,0,0,103.077676137288,115.603488922119,0,46.0473766842404,20.3695798895576,19.3605951875935,143.336822509766,101.95352935791,134.723019917806,5.83353630533948,0,0,77.8842163085938,0,104.392429351807,0,99.0801239013672,0,0,0,235.698852539062,0,0,0,107.877099990845,0,87.6195486068726,0,0,0,134.162368774414,110.545447213309,108.878448963165,0,0,0,0,0,67.3586814586933,104.864322947032,105.610742730609,0,0,0,106.721593221029,0,0,128.005334854126
77.1767129164476,88.8711471557617,122.972211201986,107.227826898748,125.189838409424,8.41339782150136,14.4516755024965,114.319979154147,15.3923264245007,116.016885054739,114.207057829826,60.2687432425363,111.570138840448,62.018797654372,14.377247291741,49.6019312785222,120.744348526001,118.407030741374,94.0860176086426,103.646520402696,116.042163848877,99.1616592407227,109.493829345703,119.73676639133,116.095937189066,107.983426411947,97.1669058799744,104.923678588867,116.360525599066,13.1903140468499,117.530476379395,0,4.8662191952537,62.7544143676758,32.7549121237513,182.35319519043,0,205.15234375,134.504934310913,0,0,0,178.352038574219,0,140.241455078125,213.911117553711,0,0,0,181.038833618164,0,0,0,0,0,0,0,120.786834716797,0,154.677001953125,0,139.056854248047,163.927429199219,174.821034749349,205.271377563477,0,0,0,0,192.777984619141
14.9581982480963,89.020504421658,82.8913187299456,60.6244813919067,76.782702592703,130.455062866211,68.2243506113688,52.6436422553346,72.6889661153158,59.7607035017283,71.7812925691058,91.1816633635876,107.112218856812,82.7299575805664,24.7551838464221,52.682444691658,62.8524100135354,79.084564040379,113.619829738841,90.995021789793,91.0392040252686,43.4000562997091,52.3861307262701,54.77059204395,56.625297375951,100.337413787842,96.6470939548029,91.5819494705792,52.8106154424101,15.9445609169079,36.9657977160239,0,62.7544143676758,7.6923601058498,31.0487255059479,140.179168701172,0,153.869023640951,85.5450024604797,0,0,159.645858764648,123.951622009277,164.479059855143,59.9611492156982,155.642807006836,0,0,0,146.559377670288,0,0,155.894824981689,0,0,162.108535766602,100.889152526855,61.4012848703485,131.187164306641,111.265892028809,0,160.334599304199,164.745686848958,109.586638387044,146.007099151611,114.112196786063,0,0,113.067199707031,144.271508353097
62.9911572597396,59.9337154765762,53.5777533718957,61.1010524201536,86.1107823407208,35.3827393531799,41.9309287071228,63.7594004325803,62.6696176544141,70.7295981134687,77.951245587101,28.5994181009212,86.2115283966064,46.6256630133433,47.8142209380112,33.4185701723452,62.9585331570018,34.8707243763268,65.7079067712691,46.8159301434831,81.5117015964938,38.9237131730381,63.6147800103549,43.2805949142936,67.4743079534612,60.1409964975157,59.0223033465038,63.2438352264066,62.2729846597887,32.0416305646374,35.654041324268,77.8842163085938,32.7549121237513,31.0487255059479,11.0973499186027,0,102.637798602764,96.8442184448242,76.1814441890507,0,0,216.903701782227,135.14551586575,178.945495605469,85.3959178924561,180.59024810791,127.859731820913,0,105.373606595126,163.451804421165,187.179809570312,120.950691223145,118.838840014314,150.654935836792,122.359005846296,183.325531005859,131.180782318115,81.1120131920124,124.130445664929,112.154513835907,87.6414388929095,109.911017900103,114.813908729553,127.056952703567,159.504684448242,121.027442387172,115.255565643311,206.987991333008,168.849235534668,139.169918696086
140.925867716471,0,0,91.2295109141957,171.265899658203,0,149.440418243408,138.418439229329,152.593741783729,165.175018310547,162.420125325521,0,0,0,155.199478149414,0,0,170.061599731445,218.179962158203,193.809005737305,157.22450764974,0,115.401280721029,144.669891357422,113.267837817852,0,168.208847045898,172.534530639648,123.859818322318,137.020395067003,133.396668933687,0,182.35319519043,140.179168701172,0,7.66080438092909,117.802302042643,91.8736253314548,68.1958727784209,77.088557610145,85.630320412772,52.3712929316929,23.5012462464938,20.5427359988838,64.7621528945283,58.6231125466693,130.20302120008,73.3408887260839,0,7.70504236289169,47.4288791656494,60.1271246463881,99.5488563912814,141.123039245605,123.23849029541,73.4876016446245,73.2450258466933,63.8203846045903,83.5850103551691,59.715891050738,146.445114135742,109.612487134595,115.933759747129,59.5824427837658,11.2717043192723,16.1048601630016,0,77.2938919067383,22.4264645167759,52.5309151773867
156.285247802734,68.9496018545968,64.7202468198888,10.598071359274,0,0,0,0,144.456893920898,74.6873779296875,0,95.210302734375,0,72.2147532569037,0,0,123.239677429199,82.3588995933533,106.138914925711,94.649228811264,0,0,38.4352832794189,81.3818631379501,101.220542907715,66.4766830444336,84.1888133404302,77.9218932787577,197.714401245117,141.693403244019,177.642974853516,104.392429351807,0,0,102.637798602764,117.802302042643,6.51239213873358,30.5778387851333,10.0601922323339,0,108.355201721191,0,102.837625412714,118.76539738973,79.6371129353841,110.494439697266,74.8930805379694,0,54.4354594248646,119.914617685171,0,69.1434391390893,48.012590106207,71.620189666748,58.4051778037269,142.751659393311,76.8167393125337,12.4262145672684,57.2456178772316,100.974175008138,18.0719660098628,38.210898932351,24.7693463826649,82.3552535036777,114.045322418213,98.6731998737042,76.5286693572998,0,75.8769950866699,61.44753301667
151.903884887695,67.8826663073371,86.1287407614968,57.9169585389911,0,0,178.584671020508,156.619338989258,183.356857299805,0,0,123.89847946167,0,118.430679321289,172.646357218424,0,0,95.6569350849498,126.714027404785,116.580610101873,0,115.20451259613,61.0070347505457,98.2059070799086,117.607967376709,94.1213073730469,97.360321754633,90.4960500302522,134.561331431071,204.983261108398,136.840366363525,0,205.15234375,153.869023640951,96.8442184448242,91.8736253314548,30.5778387851333,9.29806286117952,34.7395878827471,131.732559204102,84.4186210632324,115.353681865491,75.7461844963019,111.021593032345,90.0453186035156,97.1616695856644,78.4973276211665,130.906074523926,91.6422742207845,106.069910000532,112.43507194519,64.7817929424817,36.0439953797768,80.5132647427646,67.9731037098428,129.774906158447,35.848969886987,34.243463201715,15.3816109241965,92.8135731288365,78.4259033203125,18.1341814890931,19.9136113461653,56.7436276916909,100.938918794904,64.6647001042658,87.7465705871582,0,89.133629979314,44.9334115307741
79.8348763564537,43.0626054628931,52.5232696857858,14.037632072181,74.5479977347634,120.036773681641,102.890178102435,78.4441287657794,97.2875719441996,34.9978067290108,90.7420591028725,88.672927347819,84.3870340983073,42.1401906013489,98.6756910770497,72.8879121144613,65.7922867669,65.3323219726826,113.123916625977,78.7467844023121,93.5574224966544,80.2351249059041,38.5592279116313,61.7618245842751,49.9245386374624,35.6328923317694,68.0056986354646,59.4482404471422,67.5018191457796,82.3211839463976,72.7478198869854,99.0801239013672,134.504934310913,85.5450024604797,76.1814441890507,68.1958727784209,10.0601922323339,34.7395878827471,18.8702421214176,75.8428922954359,107.036724090576,76.9433695324779,52.6689292983542,82.2578239125654,14.137634078702,72.1168020108851,71.9248463516935,71.7844863804904,40.3787198757303,76.2356119664111,64.4821122113396,44.1732739965121,48.181473743852,76.7706770055434,51.7907410842445,95.2031891162579,49.1583740722957,14.8495742628208,42.0840894062031,29.5399085352349,16.3591730334293,39.0823005983274,35.0502624630389,46.0018729833347,73.8601946149554,53.194296496568,74.9384059906006,0,57.4003193974495,62.2296605186666
0,0,0,105.687408447266,11.6724809117433,0,99.7495460510254,111.797729492188,104.495231628418,88.8708351982964,45.4157939985687,0,43.3022061434659,0,91.878532409668,79.2204360961914,0,0,0,0,22.9420550249625,0,116.936347961426,0,66.1374025100317,0,0,156.186798095703,41.0002985622572,120.047899881999,135.278060913086,0,0,0,0,77.088557610145,0,131.732559204102,75.8428922954359,9.42749669018867,108.880569458008,52.9230898462561,41.7481595091679,84.9743131090711,53.8689572951373,18.8045297892426,149.427505493164,21.242542859795,0,76.0598899378921,68.1315495967865,99.1452331542969,129.443115234375,0,134.004272460938,12.2387216340683,132.091247558594,96.8975931803385,94.0231573922294,19.3951068354442,0,159.899536132812,96.3512763977051,13.5469600514056,80.5819383721603,73.4631217956543,0,146.954025268555,74.2556318071153,78.7486474151611
0,0,0,0,0,0,227.065689086914,0,169.617858886719,0,0,0,0,0,199.699058532715,0,0,0,0,0,0,0,0,0,169.82655843099,0,0,145.606643676758,173.514099121094,0,0,0,0,0,0,85.630320412772,108.355201721191,84.4186210632324,107.036724090576,108.880569458008,6.41860647694089,10.0239693206151,107.124509175618,15.8015957611899,98.0736236572266,101.946945559594,65.2568405151367,103.487827301025,57.937629699707,30.7764585404865,14.9209797980668,75.424430847168,0,0,90.5605697631836,111.015427725656,135.909515380859,95.3872756958008,91.3350346883138,100.467785379161,0,91.44642384847,102.316665649414,108.7509833888,27.1865971501175,82.3810424804688,0,8.79100134060015,65.8155059814453,30.3010231173316
