7.93248180639469,130.169211069743,88.4674777527625,73.0457776043866,70.489369392395,78.1317108154297,29.6955166315861,19.1979207028175,20.6418087395194,68.6028405047478,23.8140338477442,150.827629089355,76.6237038832444,0,8.47548837406635,32.1664938043665,104.59171295166,98.0914668018462,167.783228556315,120.906332651774,76.1354155540466,58.6984312187912,77.9108188335712,76.699289769205,77.4077906889074,0,110.613718133224,117.757885834266,56.308619940212,12.0993010625435,31.3209053361782,0,74.9053606305804,52.5397793162953,91.5086390535596,141.769790649414,0,161.001365661621,90.3469581604004,122.345176696777,0,0,129.418125152588,164.776565551758,91.584348042806,0,0,0,0,169.107543945312,0,0,0,0,234.93293762207,0,219.624252319336,93.7311172485352,173.248802693685,122.24001282912,0,0,184.573037719727,131.613772305575,175.740772247314,137.138603210449,0,0,0,199.129516601562
130.169211069743,8.41832156097557,43.5487295968192,24.3611589951838,0,0,194.114883422852,137.584438323975,139.995826721191,73.711017640169,0,61.3590159650709,95.1666831970215,45.8586111652608,154.119945526123,0,57.6870134002284,51.0030634827409,64.8544536459035,65.2292754401459,0,103.4571849823,24.319954611844,63.6728519792316,81.2787728881836,17.7741353087886,47.1934043189103,32.2498993042349,95.2032643318176,125.816641807556,111.11506652832,63.3066126318539,0,89.8733291625977,63.067439830503,0,107.961755752563,121.72843503952,86.169384765625,150.746841430664,0,193.92253112793,0,0,101.045084635417,0,79.86962890625,120.922439575195,85.8314888477325,0,0,0,146.838226318359,0,117.303211212158,0,0,105.141132354736,122.149538040161,128.621602376302,94.9030282762316,127.648141479492,125.749377441406,154.599161783854,0,176.423210144043,137.275929042271,0,0,119.244491577148
88.4674777527625,43.5487295968192,12.6897907562901,43.1774521191194,128.032323201497,182.686589558919,124.713873881214,92.1468064506427,114.60581457994,101.747368739201,96.8012848487267,85.5655148528343,132.125,81.4504219055176,105.354954004937,142.092310587565,86.0727398395538,28.4195675799419,84.2688217163086,70.0218574023638,157.552429199219,58.0260397074174,42.1482018721484,23.1317665197346,98.7639853159587,61.0101823806763,20.130909417197,28.8778222494956,87.0658505057705,92.1428951509537,70.6811637147944,116.79744720459,166.427577972412,103.298229586694,56.2478479817628,184.05549621582,127.329472859701,100.884460533896,73.4029086344951,0,0,192.172142028809,169.095114135742,188.111164439808,109.420536804199,182.200020684136,137.594898223877,154.091049194336,181.555313110352,182.212498982747,174.163345336914,105.432960163463,119.315674875297,131.907745361328,130.410608673096,0,135.458165602251,98.086888885498,107.927101911523,147.440727778843,125.586029052734,115.596520953708,102.824593000809,159.777419281006,179.887922668457,160.378810882568,145.849456787109,0,241.879776000977,123.504285321917
73.0457776043866,24.3611589951838,43.1774521191194,55.1951084150824,60.4959210105564,110.150062561035,91.8026139502432,61.0411568231533,84.8195824834514,11.7897972706373,91.0872478485107,72.9021944695331,65.3176178402371,53.213840799483,80.6399874950018,67.932258085771,46.6704374247189,56.8799495154736,72.7011108398438,64.8479668952559,76.319025857108,54.271029123814,18.1229358924497,50.4901585150255,41.3852357632649,27.7389554223295,47.6525916825932,41.9272603090112,61.2822571445317,73.1556633377075,56.9406144371105,64.8545536921575,110.831295437283,54.4872716160144,59.7391537732529,115.737358093262,94.5166305541992,77.5199992420909,33.7504076004028,59.4963944753011,143.516174316406,138.248774719238,112.949225463867,184.373573303223,46.0360700167142,111.626159667969,73.4663228352865,97.5580075581868,63.1481615702311,93.5337448120117,66.4715728759766,63.7051564384909,101.38971383231,69.3694076538086,112.247109413147,0,96.4339955647786,9.69279695166288,70.8030452811927,63.3590457222678,60.5509757995605,100.700106284988,79.35281592149,98.8839622679211,145.421679178874,125.504169464111,152.511795043945,0,118.966461181641,113.368968248367
70.489369392395,0,128.032323201497,60.4959210105564,9.34268788926311,110.238758087158,59.0591228764232,33.0797719844552,73.5540645956993,38.8445368106549,21.805536599059,0,19.4144858974548,209.743148803711,81.2252572518808,84.8749442467323,0,0,0,0,10.2521242734999,84.2255706787109,49.6300579309464,0,13.503826934557,0,0,116.054920196533,16.7326921659579,82.6450706178492,62.098021613227,0,125.284141540527,76.8800169929626,82.8460359170403,161.481155395508,0,203.281753540039,75.7743848164876,8.43168213884666,0,98.8084973653158,129.32349395752,81.4349822998047,93.702167238508,71.3583112444196,0,13.3259374700766,0,143.347621917725,0,0,0,0,0,10.7030974441721,0,0,0,91.5641924784734,0,0,193.110153198242,94.2047392322171,165.247894287109,125.928588867188,0,0,0,114.83297475179
78.1317108154297,0,182.686589558919,110.150062561035,110.238758087158,7.55013352730018,13.185270394168,110.013506889343,22.2431313394128,101.638259887695,106.637322902679,59.094490814209,105.25825361772,70.5547815958659,24.7507510103731,14.3155748495073,0,175.173408508301,100.359382629395,99.8272959391276,113.099682201039,169.220092773438,125.952213287354,137.957442147391,122.610720679874,0,98.4082336425781,88.8590774536133,120.846823215485,23.7912905610548,126.562843322754,0,11.0983350949178,49.157174428304,30.6764230615066,0,0,0,0,0,0,0,0,0,140.114471435547,195.901779174805,0,121.437316894531,0,0,0,0,0,0,0,0,0,0,0,154.553256443569,0,0,0,166.731773376465,172.821411132812,0,0,0,0,0
29.6955166315861,194.114883422852,124.713873881214,91.8026139502432,59.0591228764232,13.185270394168,10.3560719409172,59.3934108402418,16.3811215087146,75.5641668551677,19.2234234005487,62.0768478393555,21.1209607944351,114.056692759196,32.5895573392627,10.9517362192684,106.954536437988,130.87093928944,118.254295349121,162.563674926758,38.3451279483195,97.2486526489258,98.2005000867342,107.285335009611,79.8523498023908,162.130813598633,136.931657057542,160.588031223842,58.1891562327239,40.0922245082907,89.1057155750416,0,21.2403771831825,76.6580917213765,44.6046140221988,136.073745727539,0,0,110.637613469904,106.626569747925,0,0,159.339411417643,168.436874389648,128.399336678641,169.059619140625,0,54.7792247772217,0,198.468826293945,0,0,0,0,0,124.338087717692,188.334762573242,145.061297098796,0,135.638774042544,0,0,230.572443644206,161.964913262261,168.016779581706,171.10368347168,0,0,0,161.490188598633
19.1979207028175,137.584438323975,92.1468064506427,61.0411568231533,33.0797719844552,110.013506889343,59.3934108402418,9.67564071914993,46.9449678079428,54.2242314251149,10.7179158828121,147.262176513672,59.6363221218711,155.049189249674,18.3476051638667,72.0058278535542,88.4773525369578,102.157746561757,144.362915039062,137.037663936615,41.8515463097151,59.7026463337045,62.3907383080685,68.7736652679946,56.8366154121487,144.637283325195,109.863000059439,102.791135526295,21.2312808964326,29.461025775463,14.8859862351899,171.639022827148,112.739446466619,50.1664699658408,72.3674191013889,142.735702514648,0,176.747516978871,81.0458595600534,123.297134399414,0,165.748318990072,124.316302829319,154.466702143351,71.4465925910256,159.272928873698,0,178.136947631836,0,176.249168395996,159.341049194336,150.161568959554,182.354042053223,0,0,60.1536140441895,189.623832702637,84.052656693892,161.045635477702,107.960023323315,0,195.117446899414,181.792088826497,128.644963676547,144.625528335571,150.207461886936,0,0,125.004766464233,153.071343558175
20.6418087395194,139.995826721191,114.60581457994,84.8195824834514,73.5540645956993,22.2431313394128,16.3811215087146,46.9449678079428,10.0375103105883,78.8861372739274,26.7574342246657,89.197970199585,60.0251274276812,152.521268208822,14.1175434754479,27.9958151037943,155.343557993571,122.689572763027,171.910766601562,144.663962615164,79.7260047780226,88.921067772842,97.9796325951292,100.133276582615,79.2000764599283,83.5196838378906,129.817373275757,138.546594672247,71.5234576001396,28.2266847444102,78.8255360083666,0,23.5429629892831,69.2532837155839,51.4278553836405,157.053375244141,0,180.317436218262,104.159038305283,123.444085439046,0,182.602981567383,149.155094909668,182.014389038086,104.861757550921,180.458561706543,0,95.3589079483696,0,190.383529663086,0,141.853866577148,213.127024332682,0,0,0,158.135182698568,118.513428824289,198.730597359794,130.592511752953,0,246.886535644531,196.372415161133,153.53919803949,180.36576461792,177.910781860352,0,0,183.246536254883,152.616786956787
68.6028405047478,73.711017640169,101.747368739201,11.7897972706373,38.8445368106549,101.638259887695,75.5641668551677,54.2242314251149,78.8861372739274,8.10552018890726,74.358728869208,132.329326189481,8.6976768603115,122.892816706221,74.8952757028433,11.7431917519796,77.7267913818359,109.873058700562,138.587152099609,146.940592084612,32.54282019778,74.9538037029665,27.6558305339774,84.4838990499807,23.022105249241,107.298628926929,123.100582546658,113.640105313352,51.4301770127527,73.5490072279265,55.5151933670044,139.180792490641,110.046527862549,55.4165738553417,58.8147046376788,0,0,161.113780975342,33.1202060118965,97.26939646403,0,125.099174499512,111.680535125732,0,52.4424540519714,121.741998672485,0,65.7815149852208,159.375354003906,131.65486907959,62.5478294372559,85.6065139770508,102.215995788574,0,0,0,0,103.849937438965,103.689129965646,75.2718382629694,147.044052124023,176.757011413574,176.994148254395,101.385169758516,121.683801651001,139.022659301758,0,0,129.552139282227,140.577823638916
23.8140338477442,0,96.8012848487267,91.0872478485107,21.805536599059,106.637322902679,19.2234234005487,10.7179158828121,26.7574342246657,74.358728869208,8.40889151539039,0,22.2060787426149,0,28.0553946131233,59.1373841977232,137.254455566406,118.329901042737,0,149.544317626953,16.3339544337369,76.5630934495192,93.0796852111816,80.3504947011064,44.8740988828168,0,112.811953125,110.710060846238,25.7340224430803,76.2129186831232,49.8637734074746,0,118.391151428223,72.5028350005279,81.4515283889564,0,0,178.228080749512,106.730882263184,66.914620757103,0,159.084289550781,141.831468370226,0,113.301354980469,99.5060863494873,0,48.365100890398,0,222.901107788086,0,0,0,0,0,28.1360876685695,0,118.488609313965,158.831323242187,128.481987326486,0,0,204.522267659505,148.740474306304,0,154.512359619141,0,0,0,0
150.827629089355,61.3590159650709,85.5655148528343,72.9021944695331,0,59.094490814209,62.0768478393555,147.262176513672,89.197970199585,132.329326189481,0,13.8295510065883,0,21.2166876384019,101.820896148682,124.823860168457,122.245435714722,53.4191416733557,25.1453001648837,31.517180441747,132.149108886719,89.2956535339355,96.8635229746501,82.8959907005573,145.828028628701,35.5590497418319,26.3584478530996,63.1867305161546,123.200435638428,70.6315085517036,96.5066120660127,27.3611394340975,55.8942306041718,95.9846288240873,28.3310891945286,0,92.6226272583008,144.35152943929,82.1999600728353,0,0,0,0,128.179046630859,182.006332397461,0,107.785197548244,0,86.0371688073423,0,0,0,153.100778753107,133.892454147339,120.571795654297,0,0,97.8628311157227,148.800135294596,236.051452636719,69.9924268433542,121.112104256948,122.82064407947,207.914001464844,245.748901367188,0,115.578677707248,0,0,149.890357971191
76.6237038832444,95.1666831970215,132.125,65.3176178402371,19.4144858974548,105.25825361772,21.1209607944351,59.6363221218711,60.0251274276812,8.6976768603115,22.2060787426149,0,10.5971264154249,145.382682800293,65.4866851838563,15.0904843789863,141.617752075195,138.832420349121,0,148.853164672852,14.6497385090587,106.14542388916,63.3862532102145,153.572463989258,24.4804171577067,134.836532592773,147.685775756836,108.264986673991,47.1429099611518,79.8079399033161,79.2265548706055,0,107.493256202111,81.0211357116699,83.9106805378495,0,0,0,52.5927410125732,22.3465969882061,0,61.3558555016151,156.994934082031,111.989837646484,60.6882082621256,31.1508689068332,0,13.1910083254335,0,125.965291341146,64.9126815795898,0,0,0,0,21.5308476615009,0,0,0,96.8884563446045,0,0,0,101.532350964016,118.324490865072,0,0,132.935745239258,0,0
0,45.8586111652608,81.4504219055176,53.213840799483,209.743148803711,70.5547815958659,114.056692759196,155.049189249674,152.521268208822,122.892816706221,0,21.2166876384019,145.382682800293,8.48953240859957,203.193283081055,0,0,94.89640625,56.2394856688264,61.7377829776246,153.285797119141,119.977891540527,82.8932942084546,113.328796386719,135.625223847474,21.7796045763745,25.748802157769,24.6842416263678,155.259358542306,104.97963823591,129.37836710612,12.3807628799672,68.8650677998861,155.664166768392,48.67519808087,0,96.811595916748,159.195695241292,47.0812036850873,226.342697143555,0,0,0,0,147.68570098877,0,82.6595635986328,165.435592651367,71.1392216256441,235.637817382812,0,158.144714355469,145.458922068278,105.095573186874,116.706337585449,0,0,117.765423583984,158.374908447266,175.598388671875,53.0878813535395,102.824321081699,102.48589231648,198.104557037354,246.682327270508,0,94.5160765874953,0,0,97.7228333609445
8.47548837406635,154.119945526123,105.354954004937,80.6399874950018,81.2252572518808,24.7507510103731,32.5895573392627,18.3476051638667,14.1175434754479,74.8952757028433,28.0553946131233,101.820896148682,65.4866851838563,203.193283081055,6.9080963169927,28.9231481201078,148.277763366699,110.274464352754,149.258255004883,129.490026378632,75.2871456247426,75.6072224492612,91.4716752744188,89.4864941272107,81.8557744439303,163.630355834961,123.344744265658,132.928669989864,75.6466433700791,14.0133910297344,46.1761208996462,0,27.0319892886293,50.0750624768369,45.9292941717344,147.715522766113,0,177.477340698242,105.707195826939,135.674708048503,0,172.317932128906,139.545547485352,198.955902099609,116.524635314941,170.353001912435,0,84.9552054405212,0,181.845581054688,224.789779663086,138.81217956543,194.329655965169,0,0,89.5218353271484,184.496459960938,155.923299153646,170.817869398329,127.810591278076,0,0,190.987063090007,148.047156778971,177.089860916138,138.279800415039,0,0,141.274032592773,207.614364624023
32.1664938043665,0,142.092310587565,67.932258085771,84.8749442467323,14.3155748495073,10.9517362192684,72.0058278535542,27.9958151037943,11.7431917519796,59.1373841977232,124.823860168457,15.0904843789863,0,28.9231481201078,7.15370012129752,0,130.329679870605,0,143.170776367188,63.4663848876953,98.7429898579915,64.0033047993978,105.006595410799,53.3599074466808,0,131.868275960286,144.171151479085,78.9604303940483,29.2484309698093,83.996563911438,164.308578491211,49.1688213715186,38.2346379597982,24.1479747639367,0,0,0,78.5385888417562,96.5440979003906,0,0,204.462005615234,0,116.050135294596,0,0,57.6097635541643,0,0,0,0,0,0,0,0,0,0,0,131.553841400146,0,0,0,156.909941355387,175.099945068359,0,0,0,0,0
104.59171295166,57.6870134002284,86.0727398395538,46.6704374247189,0,0,106.954536437988,88.4773525369578,155.343557993571,77.7267913818359,137.254455566406,122.245435714722,141.617752075195,0,148.277763366699,0,13.7258019429751,93.5540065276317,0,135.041153801812,0,20.0685389097577,32.3523403398511,20.4909056431762,30.4508895839856,102.822591145833,109.272344589233,27.9915051728591,44.59115355127,110.538163757324,69.7665051435813,0,0,88.1110084533691,73.3021973214968,157.08332824707,0,119.296696980794,66.4229913858267,134.098281860352,0,0,152.343229929606,0,70.0739243825277,202.742263793945,0,0,0,159.22110748291,0,43.233355277463,129.713001251221,0,0,0,127.506722259521,62.2375938877179,110.992002273187,124.791542053223,0,186.143539428711,120.9187252647,136.385546067182,171.526969909668,133.439508056641,0,0,0,99.2086791992188
98.0914668018462,51.0030634827409,28.4195675799419,56.8799495154736,0,175.173408508301,130.87093928944,102.157746561757,122.689572763027,109.873058700562,118.329901042737,53.4191416733557,138.832420349121,94.89640625,110.274464352754,130.329679870605,93.5540065276317,9.56970256126615,62.9104961866743,20.5793997636262,0,49.3714223148779,73.1754629015923,21.9476698221526,126.062868808178,68.8395392100016,17.2361748042424,60.9535839835743,113.931510283884,80.5322968828085,67.9945575191064,111.697445796086,178.799886703491,83.3435860671006,40.6697213365988,168.707107543945,144.416633605957,107.98877562021,84.6787808459738,0,0,186.965942382812,171.297843933105,198.199457804362,142.072662353516,201.698979695638,142.67684173584,0,123.180553436279,205.215466308594,0,123.728430430094,121.263653023895,163.93795522054,140.079233381483,0,162.842782762316,118.763272161069,121.331975057116,161.641840616862,113.271598815918,118.703379510154,110.085621617301,175.130410512288,190.775014241536,162.655078342983,157.149879455566,0,0,133.225798520175
167.783228556315,64.8544536459035,84.2688217163086,72.7011108398438,0,100.359382629395,118.254295349121,144.362915039062,171.910766601562,138.587152099609,0,25.1453001648837,0,56.2394856688264,149.258255004883,0,0,62.9104961866743,9.22697521638935,11.6816109578578,0,77.85888671875,105.521723632812,109.901667277018,145.804973602295,49.6009440562304,20.2902053682306,62.3220101992289,0,113.870054244995,116.25823381212,57.4518937197599,0,0,64.7608854947156,0,96.4350433349609,212.779235839844,0,0,0,0,0,0,0,0,111.590007781982,0,95.8826569318771,0,0,0,145.500116984049,129.251258850098,120.823406982422,0,0,0,160.342498779297,0,89.2848676045736,112.903367129239,114.97251836265,0,0,0,115.383954366048,0,0,116.48299407959
120.906332651774,65.2292754401459,70.0218574023638,64.8479668952559,0,99.8272959391276,162.563674926758,137.037663936615,144.663962615164,146.940592084612,149.544317626953,31.517180441747,148.853164672852,61.7377829776246,129.490026378632,143.170776367188,135.041153801812,20.5793997636262,11.6816109578578,10.8796362117196,0,80.0487734113421,98.1900001102024,54.6992767206716,151.460319942898,51.2580459016742,20.7923967390733,62.713377411065,131.572501442649,104.382685709,90.1286572058224,62.3912644637258,0,94.3058402117561,48.4206572419395,204.174407958984,154.464935302734,120.576308157785,93.2114190132387,0,236.109603881836,0,188.633819580078,243.744773864746,193.224456787109,202.330235799154,111.461754862467,0,101.275663839804,215.185356140137,0,192.372772216797,131.595311424949,111.589096762917,129.135893623784,0,199.996215820312,151.813098144531,147.11955951509,198.763023376465,97.0847675242323,115.738929637562,114.922409351651,210.530909220378,173.781280517578,182.530386352539,121.383874827418,0,0,162.588245936802
76.1354155540466,0,157.552429199219,76.319025857108,10.2521242734999,113.099682201039,38.3451279483195,41.8515463097151,79.7260047780226,32.54282019778,16.3339544337369,132.149108886719,14.6497385090587,153.285797119141,75.2871456247426,63.4663848876953,0,0,0,0,10.5372702599732,137.100818634033,62.5401376577524,0,12.9377057644161,0,0,0,25.9799868547804,80.6948188622793,84.0360641479492,0,130.351036071777,74.5201406261148,81.0216847305778,0,0,0,89.938680267334,12.2350369148395,0,70.679322052002,165.393890380859,86.5738258361816,119.256471633911,63.2529758453369,0,13.1592806247309,0,120.51350402832,90.8361587524414,0,0,0,0,18.0506779789028,0,145.954494476318,0,125.739686404957,0,0,0,159.622062683105,0,0,0,0,0,0
58.6984312187912,103.4571849823,58.0260397074174,54.271029123814,84.2255706787109,169.220092773438,97.2486526489258,59.7026463337045,88.921067772842,74.9538037029665,76.5630934495192,89.2956535339355,106.14542388916,119.977891540527,75.6072224492612,98.7429898579915,20.0685389097577,49.3714223148779,77.85888671875,80.0487734113421,137.100818634033,10.8178865087467,51.0419372875424,21.1917768286809,28.8660276256962,140.680847167969,99.4667930603027,69.7163983631562,25.100577194809,60.6492834941361,20.8524035371131,0,0,60.9188824017843,41.6704037860253,123.570091247559,0,131.164344094016,68.5167613582717,0,0,199.66064453125,122.555735270182,0,70.5097527937456,160.194412231445,198.600158691406,0,0,159.36979675293,0,109.441783905029,188.017295837402,0,0,0,120.479769580769,65.2646151648627,130.148476494683,114.87597076416,0,172.377294921875,141.773999108209,122.040885274003,126.070785522461,123.916612376337,0,0,122.395149230957,145.961494445801
77.9108188335712,24.319954611844,42.1482018721484,18.1229358924497,49.6300579309464,125.952213287354,98.2005000867342,62.3907383080685,97.9796325951292,27.6558305339774,93.0796852111816,96.8635229746501,63.3862532102145,82.8932942084546,91.4716752744188,64.0033047993978,32.3523403398511,73.1754629015923,105.521723632812,98.1900001102024,62.5401376577524,51.0419372875424,9.02925283826621,49.8327867851052,29.0877054945043,68.5768282561176,90.8186151280123,41.1306821860043,53.3789962720766,79.6708147982334,53.3466158276512,102.94093407525,104.195222218831,57.7612870362428,55.448367934108,0,116.250171661377,79.5745819091797,47.7978603114253,115.05001449585,0,153.449310302734,122.801896095276,157.865631103516,48.1807697868347,160.795018513997,0,107.524341583252,121.271835327148,0,0,60.519215285778,110.852196375529,140.422607421875,196.551116943359,129.595024108887,92.368043082101,33.6661552497319,70.5200600200229,99.1966126677278,86.5239395141602,147.168394088745,76.7413794548957,106.998958125259,122.025791931152,96.7878926595052,0,0,156.229705810547,109.149234771729
76.699289769205,63.6728519792316,23.1317665197346,50.4901585150255,0,137.957442147391,107.285335009611,68.7736652679946,100.133276582615,84.4838990499807,80.3504947011064,82.8959907005573,153.572463989258,113.328796386719,89.4864941272107,105.006595410799,20.4909056431762,21.9476698221526,109.901667277018,54.6992767206716,0,21.1917768286809,49.8327867851052,13.9694462580661,65.9445358539955,80.2049147288005,55.9455949743311,41.9703676042774,49.5395018939345,46.3806240712749,45.4809917596575,117.187856038411,122.392959594727,63.1396073042744,45.9905340409196,173.0068359375,139.076513290405,106.808139305181,75.407791299164,0,0,195.37451171875,167.253907299042,192.169204711914,99.5323260077115,177.336703300476,159.058227539062,186.500396728516,0,176.977943869198,0,90.3779831771851,132.94155223029,167.512680053711,147.23671468099,0,126.441386818886,65.9531288996781,108.481065384294,142.485711415609,157.558044433594,135.451085045224,105.869721972356,143.388882906932,166.612667719523,142.728549868561,0,0,172.499114990234,127.282876186684
77.4077906889074,81.2787728881836,98.7639853159587,41.3852357632649,13.503826934557,122.610720679874,79.8523498023908,56.8366154121487,79.2000764599283,23.022105249241,44.8740988828168,145.828028628701,24.4804171577067,135.625223847474,81.8557744439303,53.3599074466808,30.4508895839856,126.062868808178,145.804973602295,151.460319942898,12.9377057644161,28.8660276256962,29.0877054945043,65.9445358539955,12.1756746172645,119.009016448376,132.645514974789,83.8780997072871,18.6743544548343,83.9274713368483,67.1815511939639,157.231936136882,127.380511197177,67.5603389998693,69.393198118737,132.247213475844,148.807846069336,180.315950393677,63.1765343802316,105.986211578801,0,140.819708941734,117.587553736435,152.41487121582,64.3115385401565,141.56489500158,203.774085998535,92.1952537883412,0,156.234431966146,95.2991666793823,106.136178731918,186.987830025809,0,195.02473449707,46.0837845484416,150.108396318224,69.8047878845878,153.003734207153,96.5294798972031,146.077074686686,188.15342203776,165.560350116931,117.604558234847,144.79405263265,133.698781620372,0,216.63508605957,140.52515812924,130.113226996528
0,17.7741353087886,61.0101823806763,27.7389554223295,0,0,162.130813598633,144.637283325195,83.5196838378906,107.298628926929,0,35.5590497418319,134.836532592773,21.7796045763745,163.630355834961,0,102.822591145833,68.8395392100016,49.6009440562304,51.2580459016742,0,140.680847167969,68.5768282561176,80.2049147288005,119.009016448376,8.64497121039872,40.9362212183575,23.0414307785984,133.244668324788,0,164.237319946289,47.3832593719165,0,132.339159011841,62.9387437669854,0,92.9064125061035,115.739926147461,29.5865038917178,0,0,0,0,0,155.71858215332,0,58.047145207723,159.491577148438,54.9838777098892,0,0,0,151.141351699829,80.5054190953573,103.359351348877,0,0,113.958183288574,0,160.721318054199,39.6288661026373,83.7753347803335,82.9120106894123,158.438888549805,97.287971496582,0,83.8358517136685,0,0,78.0373497009277
110.613718133224,47.1934043189103,20.130909417197,47.6525916825932,0,98.4082336425781,136.931657057542,109.863000059439,129.817373275757,123.100582546658,112.811953125,26.3584478530996,147.685775756836,25.748802157769,123.344744265658,131.868275960286,109.272344589233,17.2361748042424,20.2902053682306,20.7923967390733,0,99.4667930603027,90.8186151280123,55.9455949743311,132.645514974789,40.9362212183575,10.2468956846052,23.5860219891882,115.162732566275,105.341793932234,95.897857258338,17.872995318994,228.763748168945,113.348728853114,60.1661655737539,165.682545979818,111.75671627647,103.991332080169,87.4340922832489,0,0,244.042922973633,187.470097133092,200.406895955404,173.518726348877,209.218259538923,115.079173536186,180.606018066406,91.4368292417897,212.46332359314,179.825805664062,143.98168182373,110.88912902174,110.034397393885,108.489637492922,0,155.348840713501,119.235832214355,128.6180712382,159.704887390137,75.5293119190545,100.625711527332,100.955027671922,183.409594726562,179.108856201172,167.596585273743,107.590740781842,0,0,130.593326677595
117.757885834266,32.2498993042349,28.8778222494956,41.9272603090112,116.054920196533,88.8590774536133,160.588031223842,102.791135526295,138.546594672247,113.640105313352,110.710060846238,63.1867305161546,108.264986673991,24.6842416263678,132.928669989864,144.171151479085,27.9915051728591,60.9535839835743,62.3220101992289,62.713377411065,0,69.7163983631562,41.1306821860043,41.9703676042774,83.8780997072871,23.0414307785984,23.5860219891882,13.4781002487055,76.0446220472573,124.85678727556,101.206073341501,21.9009938770546,186.080284118652,111.551683882592,65.7907267231456,202.44998030229,124.448111603225,104.662180752543,79.2265907086824,0,0,216.98620223999,177.16319536922,194.269812447684,140.02623260498,185.402785561301,121.584204453688,178.80485534668,94.612602946427,192.582131410256,0,114.380847485034,117.708333985144,123.164847988553,121.397617311261,0,141.923969199441,92.0765460356501,112.331407070988,163.413098555345,82.5702994078668,108.221085292486,106.429911402566,170.335169844194,181.485111035799,160.361432002141,111.056980957856,0,146.514419555664,125.675925412385
56.308619940212,95.2032643318176,87.0658505057705,61.2822571445317,16.7326921659579,120.846823215485,58.1891562327239,21.2312808964326,71.5234576001396,51.4301770127527,25.7340224430803,123.200435638428,47.1429099611518,155.259358542306,75.6466433700791,78.9604303940483,44.59115355127,113.931510283884,0,131.572501442649,25.9799868547804,25.100577194809,53.3789962720766,49.5395018939345,18.6743544548343,133.244668324788,115.162732566275,76.0446220472573,11.2869285568609,74.8820847236811,30.2402037448602,0,128.296295892625,58.5539288622452,62.6828147546569,127.33877532959,0,167.513512420654,74.5760547670267,101.2307528047,0,146.391754150391,123.5399441483,153.602738600511,75.8168285837713,144.214959439364,0,88.2387203489031,0,152.083074452926,109.364028930664,106.158973932266,211.622360229492,0,0,49.6662003729079,137.496875469501,82.0242103152805,147.586438437069,106.052522598979,0,176.982513427734,169.52412725378,125.775711030561,146.971569133255,130.693726235248,0,0,136.427193585564,139.68073355185
12.0993010625435,125.816641807556,92.1428951509537,73.1556633377075,82.6450706178492,23.7912905610548,40.0922245082907,29.461025775463,28.2266847444102,73.5490072279265,76.2129186831232,70.6315085517036,79.8079399033161,104.97963823591,14.0133910297344,29.2484309698093,110.538163757324,80.5322968828085,113.870054244995,104.382685709,80.6948188622793,60.6492834941361,79.6708147982334,46.3806240712749,83.9274713368483,0,105.341793932234,124.85678727556,74.8820847236811,9.20739152146009,19.8787176715139,218.368026733398,11.8114413206024,13.0317780633569,38.1540276224285,158.242976379395,0,175.162347412109,90.5885365393854,149.010672675239,0,192.14900970459,151.465922117233,164.188873291016,97.9579390631782,171.479393853082,0,97.3084268569946,0,173.668718126085,0,162.699504852295,184.455673217773,0,0,120.069305419922,196.900993347168,90.0388603210449,173.951396942139,133.633225744421,0,198.823165893555,187.764358520508,147.417574735788,182.752758789063,154.93372853597,0,0,171.750485229492,169.266058603923
31.3209053361782,111.11506652832,70.6811637147944,56.9406144371105,62.098021613227,126.562843322754,89.1057155750416,14.8859862351899,78.8255360083666,55.5151933670044,49.8637734074746,96.5066120660127,79.2265548706055,129.37836710612,46.1761208996462,83.996563911438,69.7665051435813,67.9945575191064,116.25823381212,90.1286572058224,84.0360641479492,20.8524035371131,53.3466158276512,45.4809917596575,67.1815511939639,164.237319946289,95.897857258338,101.206073341501,30.2402037448602,19.8787176715139,9.79750042632845,0,109.055088043213,28.5681054369051,38.6331673349706,174.804250717163,154.031723022461,156.208283273797,70.9464477902367,0,0,235.193954467773,132.117523193359,147.012055714925,68.3626258486793,127.262557983398,0,0,0,145.492347717285,0,100.003863994892,193.142272949219,0,0,0,164.121086120605,68.8266550534731,156.640573883057,113.07377350636,0,181.68317086356,161.68839100429,126.356827781314,135.291190011161,128.296305569735,0,0,135.603013174874,137.243637720744
0,63.3066126318539,116.79744720459,64.8545536921575,0,0,0,171.639022827148,0,139.180792490641,0,27.3611394340975,0,12.3807628799672,0,164.308578491211,0,111.697445796086,57.4518937197599,62.3912644637258,0,0,102.94093407525,117.187856038411,157.231936136882,47.3832593719165,17.872995318994,21.9009938770546,0,218.368026733398,0,6.01029530786537,0,135.788047790527,77.6738832934149,0,131.217163085938,137.502555847168,112.915037155151,0,0,0,0,0,176.72469329834,0,108.499848215204,0,94.3941561268494,0,0,0,153.286367797852,106.948421478271,132.685964584351,0,0,124.320381164551,0,0,79.7980772482382,114.293728904119,115.03391825724,0,0,0,113.615653991699,0,0,168.403289794922
74.9053606305804,0,166.427577972412,110.831295437283,125.284141540527,11.0983350949178,21.2403771831825,112.739446466619,23.5429629892831,110.046527862549,118.391151428223,55.8942306041718,107.493256202111,68.8650677998861,27.0319892886293,49.1688213715186,0,178.799886703491,0,0,130.351036071777,0,104.195222218831,122.392959594727,127.380511197177,0,228.763748168945,186.080284118652,128.296295892625,11.8114413206024,109.055088043213,0,6.02733758087894,137.894423166911,32.4191416955763,195.260314941406,0,0,0,0,0,0,182.520580291748,0,186.464370727539,0,0,128.422317504883,0,0,0,0,0,0,0,0,0,0,0,165.09143371582,0,0,0,193.657859802246,0,0,0,0,0,0
52.5397793162953,89.8733291625977,103.298229586694,54.4872716160144,76.8800169929626,49.157174428304,76.6580917213765,50.1664699658408,69.2532837155839,55.4165738553417,72.5028350005279,95.9846288240873,81.0211357116699,155.664166768392,50.0750624768369,38.2346379597982,88.1110084533691,83.3435860671006,0,94.3058402117561,74.5201406261148,60.9188824017843,57.7612870362428,63.1396073042744,67.5603389998693,132.339159011841,113.348728853114,111.551683882592,58.5539288622452,13.0317780633569,28.5681054369051,135.788047790527,137.894423166911,7.46504456063407,18.8683542215241,112.766017913818,0,143.500686645508,74.2619944981166,121.716354370117,0,163.485221862793,123.745709958284,152.154521942139,73.4069999694824,136.639410400391,0,118.920739491781,0,151.757238769531,0,111.439120483398,172.984970092773,0,196.233818054199,167.302291870117,152.830453491211,70.027839978536,173.869140625,117.478576760543,0,204.254257202148,0,125.308664028461,140.840192159017,118.743911743164,0,0,162.172981262207,131.83757019043
91.5086390535596,63.067439830503,56.2478479817628,59.7391537732529,82.8460359170403,30.6764230615066,44.6046140221988,72.3674191013889,51.4278553836405,58.8147046376788,81.4515283889564,28.3310891945286,83.9106805378495,48.67519808087,45.9292941717344,24.1479747639367,73.3021973214968,40.6697213365988,64.7608854947156,48.4206572419395,81.0216847305778,41.6704037860253,55.448367934108,45.9905340409196,69.393198118737,62.9387437669854,60.1661655737539,65.7907267231456,62.6828147546569,38.1540276224285,38.6331673349706,77.6738832934149,32.4191416955763,18.8683542215241,11.3676439454401,138.488201141357,150.552062988281,109.283723264752,76.4627944347905,118.986752827962,0,157.510307312012,144.042313937483,174.046257019043,76.555269922529,171.448202950614,153.927261352539,108.772131699782,135.399341583252,143.483818747781,0,115.4064802282,136.839031134711,196.680252075195,137.832956650678,0,144.427833557129,83.108104371188,119.513003758022,118.174066670736,111.869263785226,130.934317836055,122.858067247344,130.519889831543,147.536735534668,136.262965520223,143.595607757568,0,171.543853759766,146.970689946955
141.769790649414,0,184.05549621582,115.737358093262,161.481155395508,0,136.073745727539,142.735702514648,157.053375244141,0,0,0,0,0,147.715522766113,0,157.08332824707,168.707107543945,0,204.174407958984,0,123.570091247559,0,173.0068359375,132.247213475844,0,165.682545979818,202.44998030229,127.33877532959,158.242976379395,174.804250717163,0,195.260314941406,112.766017913818,138.488201141357,11.4060400838806,130.055048403533,120.086066246033,73.3467706648331,94.425632130016,72.1775118509928,47.9073988341059,28.5145100351431,46.3193447068458,69.5962836742401,44.1903631845343,135.934619454777,104.753494262695,172.613159179688,20.3872144207477,42.2071312871473,105.431313887886,114.749022983796,156.117790553881,129.720502394664,89.6062830411471,84.3584548027466,89.8830719998008,102.956351606613,80.4423933987895,0,122.80201378494,135.379667111408,94.0136579538321,24.3251072799862,32.5311657015229,176.605239868164,105.446491059803,32.7156640638192,72.5011078443843
0,107.961755752563,127.329472859701,94.5166305541992,0,0,0,0,0,0,0,92.6226272583008,0,96.811595916748,0,0,0,144.416633605957,96.4350433349609,154.464935302734,0,0,116.250171661377,139.076513290405,148.807846069336,92.9064125061035,111.75671627647,124.448111603225,0,0,154.031723022461,131.217163085938,0,0,150.552062988281,130.055048403533,9.23173104111965,45.1830906606962,17.7931244042336,116.3249168396,0,162.082238769531,127.217663205903,159.481887817383,74.8517703980438,143.170184544155,73.5517472057808,87.9799098968506,54.1823138464065,144.407481829325,0,78.3230003629412,63.3995356210848,84.0705420845433,67.7092923031578,88.5932464599609,105.810197143555,21.5804807195614,69.0370774078369,83.5937568815794,22.6942333742341,53.7059015073733,35.8451370649815,111.579299525211,132.406675338745,111.077378627232,66.1182243513024,0,119.06364440918,79.3525685548782
161.001365661621,121.72843503952,100.884460533896,77.5199992420909,203.281753540039,0,0,176.747516978871,180.317436218262,161.113780975342,178.228080749512,144.35152943929,0,159.195695241292,177.477340698242,0,119.296696980794,107.98877562021,212.779235839844,120.576308157785,0,131.164344094016,79.5745819091797,106.808139305181,180.315950393677,115.739926147461,103.991332080169,104.662180752543,167.513512420654,175.162347412109,156.208283273797,137.502555847168,0,143.500686645508,109.283723264752,120.086066246033,45.1830906606962,16.7227294537184,48.5972189615703,150.233726501465,194.603411356608,139.150728570654,105.013251133423,131.534673757782,106.644034807072,121.167381878099,101.842293124729,131.453845069522,98.7102279663086,129.853748875736,135.747813576146,84.780441655053,57.2415558997102,86.7274456757766,72.7229446484025,141.792557525635,78.0277378261089,50.3234865085302,34.4368635793658,110.825780127459,95.6020739628718,34.4510265879003,36.5057689008586,102.140571793179,143.973736849698,107.036116165555,87.021303667341,194.258708408901,129.996480239065,93.2637095398955
90.3469581604004,86.169384765625,73.4029086344951,33.7504076004028,75.7743848164876,0,110.637613469904,81.0458595600534,104.159038305283,33.1202060118965,106.730882263184,82.1999600728353,52.5927410125732,47.0812036850873,105.707195826939,78.5385888417562,66.4229913858267,84.6787808459738,0,93.2114190132387,89.938680267334,68.5167613582717,47.7978603114253,75.407791299164,63.1765343802316,29.5865038917178,87.4340922832489,79.2265907086824,74.5760547670267,90.5885365393854,70.9464477902367,112.915037155151,0,74.2619944981166,76.4627944347905,73.3467706648331,17.7931244042336,48.5972189615703,25.8427289226387,53.6569225169994,113.405735015869,104.368423255714,66.5121443031808,97.3873295144936,14.7312137155156,96.3203281922774,79.3078418947616,44.4889172315598,60.5251018962345,91.343652127394,50.4106121063232,45.4110432158351,62.9634554304462,86.0803734461467,67.7763543668783,64.0033264160156,56.7208172645517,34.3431095771162,58.6203702735581,36.7277366442211,38.0817797346633,54.9360355957313,45.7158072747829,58.3926376040477,82.9917936056433,59.6947832369422,80.060352230072,141.919456481934,71.2468545311376,75.5849484454973
122.345176696777,150.746841430664,0,59.4963944753011,8.43168213884666,0,106.626569747925,123.297134399414,123.444085439046,97.26939646403,66.914620757103,0,22.3465969882061,226.342697143555,135.674708048503,96.5440979003906,134.098281860352,0,0,0,12.2350369148395,0,115.05001449585,0,105.986211578801,0,0,0,101.2307528047,149.010672675239,0,0,0,121.716354370117,118.986752827962,94.425632130016,116.3249168396,150.233726501465,53.6569225169994,9.14847611251024,134.827239990234,54.0390518123721,66.5748095345664,88.3225722842746,33.0406698775344,30.8731403070497,181.369384765625,14.1540041161288,0,111.716590108098,71.6758155822754,54.8916180928548,227.593170166016,174.148513793945,167.884246826172,10.6188252769075,107.463391304016,75.0859325115497,132.428054222694,13.7859258716504,126.881977081299,166.961246490479,137.920078624379,18.4909639220579,105.052292738811,106.11408996582,0,124.836250305176,95.4756235395159,97.8656158447266
0,0,0,143.516174316406,0,0,0,0,0,0,0,0,0,0,0,0,0,0,0,236.109603881836,0,0,0,0,0,0,0,0,0,0,0,0,0,0,0,72.1775118509928,0,194.603411356608,113.405735015869,134.827239990234,7.55996439561789,8.90001795882353,114.129621359018,15.9973757667017,101.628372192383,109.304774045944,82.3820630587064,95.6262768336705,77.1828956604004,26.9026513571608,12.7702108177733,0,143.39155960083,0,140.897743225098,116.821873982747,166.394744873047,119.707389831543,164.762552897135,119.873044331868,0,138.511930847168,180.623764038086,128.686113993327,22.1657092405169,109.239920043945,134.113830566406,10.9828157432024,55.5907669067383,25.2810723466693
0,193.92253112793,192.172142028809,138.248774719238,98.8084973653158,0,0,165.748318990072,182.602981567383,125.099174499512,159.084289550781,0,61.3558555016151,0,172.317932128906,0,0,186.965942382812,0,0,70.679322052002,199.66064453125,153.449310302734,195.37451171875,140.819708941734,0,244.042922973633,216.98620223999,146.391754150391,192.14900970459,235.193954467773,0,0,163.485221862793,157.510307312012,47.9073988341059,162.082238769531,139.150728570654,104.368423255714,54.0390518123721,8.90001795882353,8.81995128474558,64.2075297309335,18.3346792242814,50.1059156981381,28.1671927967775,102.516148127042,14.6424589653459,97.3152265548706,38.8756233023404,11.2401927366466,117.799967084612,149.922959172448,149.997126261393,174.081752977873,43.7689369403326,119.020654752657,117.391969854181,127.483335149103,55.5160418442395,84.6880111694336,152.792182405116,153.100627581278,71.3612106813143,46.9860238450455,119.591143925985,177.497924804688,17.96307195191,95.2825296301591,76.0692242255578
