10.9211688164752,142.608825683594,96.5712149483817,92.3993295288086,83.6109797668457,74.0343939463298,75.1744054555893,25.0451645354309,38.149696008747,72.4325619747764,68.4764089458536,115.537887643237,86.9650176820301,111.299443562826,14.6559815060867,81.4438860575358,0,97.4241124242065,132.676833847822,118.17167005456,94.6302092979694,75.9937197057212,92.0951934087844,78.086369789495,73.3562250693283,125.82187461853,123.264364418077,130.091131531366,68.4191153095937,15.3572462997521,27.9361931454371,0,80.8882528940837,25.9744461394371,79.2746623980654,206.856307983398,124.515958786011,171.062234061105,105.198537190755,162.377085367839,0,168.195606231689,140.834312438965,175.352951049805,0,152.108935546875,0,0,0,179.627444458008,0,152.93022664388,179.082684326172,234.301300048828,210.817832946777,0,151.918474469866,147.787445068359,193.699986049107,125.551280750948,0,182.988296508789,165.93420826305,137.077879294371,157.9794921875,150.460609436035,0,0,153.687723795573,154.223339080811
142.608825683594,10.0680926871365,42.7784526219444,14.1238031987193,128.661338806152,0,132.959904988607,114.778070722307,131.656836258738,82.5417849044354,129.698109944661,68.1518452432421,0,54.3311385401973,127.710760636763,118.686581831712,73.4425086975098,57.2237948057487,78.8081027269363,71.6133680247297,0,89.5078976949056,36.578200812872,57.5209718617526,101.822162908666,25.716341426836,55.3910935810634,29.9070755604519,115.950405950132,122.534154256185,105.791475296021,69.0936335245768,129.811871846517,101.535064697266,53.7654622352287,0,80.4031009674072,82.706153512001,52.7408126484264,191.352508544922,0,0,0,0,152.530532836914,188.785224914551,106.193450927734,0,101.569515228271,0,0,105.800071716309,100.441454270307,111.383857727051,113.015000025431,0,0,101.566181182861,122.354403177897,139.102135213216,71.0975296020508,97.7505128043039,80.3417421687733,0,219.569610595703,0,0,0,0,104.16304473877
96.5712149483817,42.7784526219444,12.6955950685907,41.1310353066157,112.557621002197,180.191329956055,134.500228438266,94.5962514679462,119.729434110081,134.097347460295,113.747101149873,84.0583925674211,138.730114207548,88.0303677645597,109.252077158262,139.903100820688,89.8746035726447,43.2775025912625,92.8908985600327,69.5476063109352,168.975485665458,66.6787075185182,54.164363658628,23.8582978765277,103.783993252841,108.933847045898,33.2473769773377,29.1679733229291,86.3871016533959,125.390918091958,59.299432768173,171.062808990479,141.169367218018,112.775059382121,59.7287036548961,172.000518798828,59.0806668475994,87.4994525071029,57.4238992829563,0,0,200.491889953613,161.470620517073,189.883623046875,164.645544869559,167.977825164795,156.663922627767,0,143.034778594971,171.075984191895,0,111.592296306904,106.846038386833,148.547946929932,126.171740940639,0,125.339097109708,104.706636940561,96.1341467797756,148.491405561859,138.088932037354,109.453374206043,89.9812506160232,149.806612989638,185.51741027832,140.913782472964,224.95637512207,220.086807250977,163.597183227539,113.291726582845
92.3993295288086,14.1238031987193,41.1310353066157,27.07239994604,60.3708927154541,111.400001525879,91.1998662272776,61.3768718491739,86.6869991579204,27.3145480554363,88.163323918327,68.1865620156993,65.190465927124,49.1002566929712,85.4898471968515,65.5204155445099,39.3513928075495,60.2989991708133,85.8178815339741,66.4371661999989,112.129726409912,55.734533579684,19.721369888326,51.5576980417943,39.6473830511845,25.1534357549329,54.689601456769,37.934039395885,52.7495553695794,80.2870963089109,59.4398647542808,78.7051620483398,106.649735190652,66.3047246492826,61.361575722264,151.250045776367,66.8274595472548,76.3832478841146,20.2120862262239,73.678466796875,0,108.323775658241,96.032162299523,131.082295586081,14.5116746034195,92.7966977169639,95.467911529541,86.1584536234538,70.1040145329067,134.999898638044,0,68.2985030830681,88.1025684497975,79.0057022094727,102.549890790667,0,83.1317322470925,28.4265608078725,83.807743501979,69.1164038368825,42.3576721778283,84.4504476107084,71.3114583502512,93.5909153771779,96.2321768866645,87.5919863382975,58.0425777435303,0,186.298629760742,118.57870718149
83.6109797668457,128.661338806152,112.557621002197,60.3708927154541,8.08568991158559,0,53.7271916712484,72.0354323705037,83.8187439820477,33.9208057603947,22.8720764469963,159.40592956543,25.8991739354525,172.236236572266,95.879327540495,55.6950210180038,0,179.797790527344,216.314437866211,0,13.2049545020034,86.5885467529297,87.2488261631557,135.129501342773,19.1284258140069,163.390731811523,189.079569498698,139.280375480652,11.0012204731501,90.3678081238192,89.088098005815,0,149.779487609863,75.4586527688163,101.523550033569,137.620422363281,150.563781738281,0,64.3836185748761,15.7682967338473,0,150.741898091634,129.546370442708,165.142389933268,78.3552252279746,98.5859343238499,0,21.3131532669067,0,179.875869750977,142.734128316243,0,0,0,220.096969604492,15.1496109113419,0,124.514320373535,0,94.7225674788157,0,0,182.405197143555,117.81186370327,170.825121198382,164.165740966797,0,0,148.017379760742,172.664672851562
74.0343939463298,0,180.191329956055,111.400001525879,0,7.52239712560781,10.4642414585084,113.309150695801,23.8260246382368,75.2847249348958,117.315099362974,63.7295849675718,72.2222683555201,84.2537330627441,34.9163221083076,14.6213572323883,0,0,97.739003499349,125.685698509216,113.243971082899,0,227.506408691406,118.464564005534,127.174362182617,81.8754062652588,124.384206771851,107.589594523112,117.77400794396,24.8923851049746,117.628211975098,99.1011199951172,8.7401186808112,88.9206263224284,31.4127697433744,0,0,0,130.369506835938,0,0,0,162.905349731445,0,114.716278076172,0,0,0,0,0,0,0,0,0,0,0,0,0,0,183.920013427734,0,0,116.298812866211,168.268481445312,0,0,0,0,0,241.400314331055
75.1744054555893,132.959904988607,134.500228438266,91.1998662272776,53.7271916712484,10.4642414585084,8.46310899736412,63.6013946007401,18.6887107003314,78.0851349726967,25.5960931652617,82.3078644681139,21.7972250226514,89.2074903186999,21.8449258293604,13.4952846829181,161.00354309082,152.868054311784,123.505246480306,162.274747024348,32.6047364313119,119.678120439703,115.669828414917,112.739788770676,84.4519413610299,96.5294118245443,153.008047238745,138.57819426932,80.2593583770578,29.744627509297,93.2217093716149,107.142546335856,16.9918910593838,97.6079424982486,56.1940432569191,181.755912780762,154.328079223633,198.092767987932,119.564900398254,129.06200504303,0,176.427110575013,135.913178580148,176.529429372152,136.419045130412,164.971333973443,226.692047119141,112.48804918925,0,191.923265245226,158.736459350586,170.387191772461,206.475402832031,0,221.033065795898,170.270312839084,0,182.658760070801,189.49449227073,138.90374997636,0,221.065115356445,186.350037314675,152.472042019807,187.779064941406,163.772008260091,0,0,166.610227796766,179.863632202148
25.0451645354309,114.778070722307,94.5962514679462,61.3768718491739,72.0354323705037,113.309150695801,63.6013946007401,9.26133842955348,57.2303714430135,53.0725703743649,14.6247170976699,144.414254215785,47.9108700541545,151.682037353516,36.3439974982272,74.9932938984462,112.671987533569,102.658102211973,150.32798739842,123.780448399233,79.1250636630588,66.3559846716412,75.9445392697356,67.9748272887064,57.3737319640093,186.615524291992,131.489353215583,105.592920490847,31.9387098600775,56.0840306307123,21.8942359755503,0,122.306320993524,68.8795557161657,91.246873304732,145.710350036621,128.568315505981,158.215972900391,73.1273208230229,137.560581631131,203.402282714844,140.030682122529,109.856434322539,156.59543800354,91.7686570820055,132.989066635353,0,144.491262435913,227.315765380859,158.338998354398,123.812375386556,128.156079378995,185.424690246582,0,0,137.510085105896,155.413751390245,102.88684463501,148.413512229919,106.242582824995,200.78330485026,184.330520629883,165.411401228471,117.250170282122,144.297027067705,147.118443080357,0,217.819297790527,131.983839988708,146.359043375651
38.149696008747,131.656836258738,119.729434110081,86.6869991579204,83.8187439820477,23.8260246382368,18.6887107003314,57.2303714430135,9.63999870480554,82.5200600596522,24.8154390350211,86.6365806804787,42.3802199032469,92.393326872871,13.7428841436924,29.4491166361972,149.573417663574,138.115743939545,125.701114731347,150.23001123019,80.0323095238244,100.493482260868,113.285987288864,98.4255055345808,86.1538887751417,93.2891996928624,142.54333590079,137.42896990813,86.1451214072045,29.1597827287304,74.9837052568228,120.962950788225,16.5581437753611,97.6436582406362,59.5654458582942,169.541788101196,152.026702880859,179.11462072424,106.597891052246,171.481399536133,0,163.570267276487,133.579653661956,178.542003631592,106.816830803366,156.952666275145,223.835245768229,161.448791503906,189.128204345703,181.353226062863,172.737980769231,165.122980499268,205.103165893555,0,221.238063812256,165.800886154175,178.39935760498,158.410331726074,184.843184334891,136.468586529002,136.174163818359,202.399636586507,183.120592334602,147.895031231607,173.850090670298,162.005519193762,0,235.766815185547,169.326408835018,177.421815872192
72.4325619747764,82.5417849044354,134.097347460295,27.3145480554363,33.9208057603947,75.2847249348958,78.0851349726967,53.0725703743649,82.5200600596522,8.34518357580349,69.5711562468274,141.797386336501,10.2371996721564,131.36273560434,79.7345765521776,19.00653039508,48.5975915273031,133.760607066907,151.443826266697,145.68406780346,34.0798155119022,102.448944473267,25.6430226542262,95.6163440159389,19.0388480622118,113.520035909867,138.090732874495,130.762067018649,47.0083325815064,75.819635925552,63.3844958667097,147.234819335937,149.970569263805,70.8075996178847,110.516501835414,0,104.110122680664,198.070671081543,45.1978069416528,91.2123499477611,179.432067871094,108.147099928422,80.9823364681668,135.150933658375,46.8698987364769,102.137931218223,229.058822631836,89.603071975708,126.096492767334,140.466400146484,70.6470080784389,153.343872070312,165.409169514974,199.171272277832,194.905375889369,97.5255228678385,144.384525299072,96.9114122390747,152.616355895996,57.9720256196351,0,197.740610296076,164.882879861971,100.070913171255,129.978921072824,116.595195770264,0,178.2822265625,117.300509643555,133.89835357666
68.4764089458536,129.698109944661,113.747101149873,88.163323918327,22.8720764469963,117.315099362974,25.5960931652617,14.6247170976699,24.8154390350211,69.5711562468274,9.16702364157599,152.921030782064,24.1789954161693,173.886840820312,39.2213735018591,65.2985396630985,89.0739974975586,147.081148659311,177.415466308594,165.499311985114,16.4315237102984,81.4962431192398,100.908036368234,83.788544202255,55.0592480183797,159.090387980143,146.331219688294,142.032201662931,23.9647345710788,90.4996532637743,86.4067183903285,183.896962483724,119.391334533691,87.1619817766093,95.9412348497634,160.491661919488,157.466131591797,180.214901733398,98.4277296965977,45.8547047486946,234.309555053711,158.406614800461,127.062600490025,168.365754127502,103.13710010413,150.362742424011,236.197769165039,148.84455947876,0,173.832325962612,160.078678554959,163.061442905002,194.268589019775,237.687072753906,201.774551391602,128.733213663101,227.360443115234,140.954331080119,175.181899126838,116.507811578085,195.671104431152,211.848883056641,182.877473958333,141.950201544143,175.247550835044,145.98859841483,0,0,169.780093383789,161.128791264125
115.537887643237,68.1518452432421,84.0583925674211,68.1865620156993,159.40592956543,63.7295849675718,82.3078644681139,144.414254215785,86.6365806804787,141.797386336501,152.921030782064,13.1336396542844,143.966094534738,20.2615725849344,90.0790829304899,125.740273066929,113.46321105957,67.2534829139709,22.2045662062853,26.1653588136368,136.843831888835,93.1866753127549,109.100495876226,87.7249083687638,150.582017989386,35.6457092280176,31.3548570488172,64.7310205042528,148.426260393719,72.1590755285371,95.2075171341767,36.7985336302726,65.4012135949465,100.235452575684,29.0271316946475,215.11164855957,108.126258850098,128.644812011719,78.3629487200481,0,0,205.583992004395,183.998057047526,205.798914591471,161.966766357422,227.516754150391,99.5245139080545,0,79.9611688570212,222.065237426758,0,146.521369934082,136.54820728302,99.1952392834575,113.353124551212,213.693717956543,150.594985961914,110.482666015625,146.626825205485,187.546582539876,68.5320519237983,101.055731777087,97.682248588562,202.902315139771,192.094360351562,191.560409545898,101.403847131974,127.994946797689,225.731857299805,132.497889974843
86.9650176820301,0,138.730114207548,65.190465927124,25.8991739354525,72.2222683555201,21.7972250226514,47.9108700541545,42.3802199032469,10.2371996721564,24.1789954161693,143.966094534738,8.82415276731896,169.509158325195,94.3938338258927,14.7564402955798,101.255157470703,176.784946017795,165.274668375651,181.329649491744,13.8117958522382,109.10621434992,70.5346647644043,117.850874508128,32.8099339287154,143.828079223633,169.988545099894,152.60716925727,56.5174759431579,97.3859111035288,130.121574401855,159.482635498047,101.448702419505,91.6733164787292,102.421182901581,0,0,0,90.6722885131836,42.4104824677492,0,136.407391145494,132.551922082901,160.15752772281,94.6713829040527,96.6559538642565,0,9.94062951976253,0,173.819762420654,138.938977050781,0,0,0,0,13.0630768316947,0,114.878295898438,146.800796508789,113.048888696688,0,0,221.53685760498,137.826593727901,186.670637130737,140.515998840332,0,133.4052734375,193.368041992188,164.989033508301
111.299443562826,54.3311385401973,88.0303677645597,49.1002566929712,172.236236572266,84.2537330627441,89.2074903186999,151.682037353516,92.393326872871,131.36273560434,173.886840820312,20.2615725849344,169.509158325195,8.89159577921038,96.6586191216294,143.068939971924,0,129.980033874512,58.0695841196875,72.7957103126927,151.212163652693,147.466041564941,96.4429378591382,107.657752990723,152.985532907339,24.7980354553891,21.6962642761945,34.6430830849908,165.152883911133,82.4364886890758,153.138214111328,15.9383603771328,82.3781950425129,136.254470825195,56.0143452676647,0,95.8748168945312,172.397155761719,55.0044088761012,0,0,0,179.831893920898,238.224243164062,194.647155761719,0,89.9799560778069,0,73.0678582966621,129.594711303711,0,199.514587402344,160.063346862793,100.32800461816,108.310341971261,0,0,0,143.330307006836,177.704414367676,59.4189875567401,97.5420593016925,92.7678826452724,215.241827392578,154.898834228516,189.974571228027,97.8000247955322,119.247665405273,0,116.719718933105
14.6559815060867,127.710760636763,109.252077158262,85.4898471968515,95.879327540495,34.9163221083076,21.8449258293604,36.3439974982272,13.7428841436924,79.7345765521776,39.2213735018591,90.0790829304899,94.3938338258927,96.6586191216294,8.68340188037463,37.5348130540352,160.936674118042,125.142296697718,116.13618850708,141.48895181406,89.111928729877,85.3192831056308,114.733016422817,84.1634794590653,85.232367238111,96.7210447311401,133.001565259454,131.507604455435,80.7082070225761,17.3096435477072,55.6127109723472,119.264504568917,14.8842670900471,56.9313402370531,53.1111232057901,173.812691824777,139.007308959961,174.136279835421,109.336855766101,135.322715759277,0,163.868481835654,131.713433415057,173.665350026098,105.902632713318,166.687210083008,183.509323120117,137.755958557129,0,180.885477239435,161.815885271345,174.520484924316,194.379643758138,155.945991516113,192.049904717339,221.86555480957,164.739841461182,154.882696533203,172.925223999023,137.585887514312,124.19792175293,179.54222785102,172.166957613788,144.546320171745,173.3583984375,165.246106465658,0,217.927368164062,155.560165405273,171.591711934408
81.4438860575358,118.686581831712,139.903100820688,65.5204155445099,55.6950210180038,14.6213572323883,13.4952846829181,74.9932938984462,29.4491166361972,19.00653039508,65.2985396630985,125.740273066929,14.7564402955798,143.068939971924,37.5348130540352,7.18997051494813,0,150.847876654731,155.818216323853,165.340052678035,58.3782356086819,125.949061393738,68.5461641508957,115.395349390367,42.71146769137,144.272993774414,168.332818683825,159.063316099105,80.6068312905052,33.9254449783488,95.2970903570002,0,29.6366511820194,58.6220302581787,91.6304069801613,0,0,0,57.2400325139364,116.181101989746,0,166.734174092611,129.351655960083,179.376647949219,60.5189323425293,147.922746831721,0,111.753187179565,0,198.216865539551,0,0,205.477416992188,0,0,108.137153625488,0,0,227.361709594727,77.0790202928626,151.778259277344,215.655136108398,180.599078369141,138.958585103353,179.263575236003,0,0,0,0,0
0,73.4425086975098,89.8746035726447,39.3513928075495,0,0,161.00354309082,112.671987533569,149.573417663574,48.5975915273031,89.0739974975586,113.46321105957,101.255157470703,0,160.936674118042,0,12.3967033462281,104.677711675197,148.395385742188,126.999945068359,127.007160186768,19.5137483455232,29.0078353247615,15.0173597568433,24.0612669276887,96.0394566853841,106.613777939154,22.2188701930599,32.0489091152748,92.9043703079224,72.3792713621388,132.798873901367,0,64.4793243408203,83.5944310824076,109.292541503906,103.869163513184,130.558663504464,61.6864909864452,0,0,0,135.706535339355,142.248630523682,159.498059590658,184.966837565104,0,0,0,156.331649780273,0,84.1125487244647,149.234954833984,173.31657409668,165.039377848307,0,105.145766729041,53.8539892766894,99.1630295808984,97.7679475148519,0,171.408960342407,114.176681428797,111.320204840766,149.485006059919,112.467277744838,0,0,0,122.179094517485
97.4241124242065,57.2237948057487,43.2775025912625,60.2989991708133,179.797790527344,0,152.868054311784,102.658102211973,138.115743939545,133.760607066907,147.081148659311,67.2534829139709,176.784946017795,129.980033874512,125.142296697718,150.847876654731,104.677711675197,10.0280412483822,57.7596492378079,25.4310205900613,183.793167114258,57.4723437058959,81.1960508433822,25.2418007563963,127.769942935577,85.1920606173002,27.8120176191686,65.0093088526716,115.172422127343,103.988269393827,64.7940353926995,113.95906829834,156.113766988118,96.3746763735401,29.5479377257686,184.903249740601,75.6104302204831,103.224489099839,72.1472954269528,0,0,206.396453857422,180.652616802015,209.170467800564,171.930179595947,197.278803507487,130.572443644206,0,133.868541717529,215.210487365723,0,133.494132430465,119.371726392263,138.929395403181,126.809988021851,0,146.836485799154,131.070316738553,121.637801790862,167.478482795484,88.8650817871094,111.414673364463,103.521232534106,172.608230992367,178.251890182495,170.830108642578,143.232391357422,0,142.706314086914,131.286178306297
132.676833847822,78.8081027269363,92.8908985600327,85.8178815339741,216.314437866211,97.739003499349,123.505246480306,150.32798739842,125.701114731347,151.443826266697,177.415466308594,22.2045662062853,165.274668375651,58.0695841196875,116.13618850708,155.818216323853,148.395385742188,57.7596492378079,8.61686519733515,14.1909447027667,157.257110595703,123.223321767954,116.665315067067,104.883813476562,155.753814697266,53.054823227259,36.5950562874915,70.3070473453574,161.47849967263,116.786553746505,114.499867333306,56.9612104098002,94.5153968117454,162.361887613932,61.1454865777786,179.951843261719,112.176403045654,142.097257614136,78.2781450371993,0,0,0,201.879257202148,0,0,0,105.760621706645,0,90.9102186723189,194.275390625,0,0,160.476856231689,109.111282423431,118.074277680496,0,0,0,178.005551147461,210.761901855469,77.3906300544739,106.485971860237,100.49682314102,0,170.315719604492,170.843744913737,107.062739372253,0,0,125.012127685547
118.17167005456,71.6133680247297,69.5476063109352,66.4371661999989,0,125.685698509216,162.274747024348,123.780448399233,150.23001123019,145.68406780346,165.499311985114,26.1653588136368,181.329649491744,72.7957103126927,141.48895181406,165.340052678035,126.999945068359,25.4310205900613,14.1909447027667,11.0790825690207,181.463609695435,95.7244073900126,105.092355084267,67.3210850348365,155.054153067167,55.605044347768,30.9667482741355,71.3866391143823,139.258471936251,120.543175991411,94.7511203240242,63.3378008565595,134.195131937663,110.328472246443,49.1009328994609,152.507995605469,86.058200929223,121.189546508789,70.2638836530299,0,0,0,195.329170227051,233.938858032227,178.887957255046,213.719563802083,119.32408246127,0,110.072936096191,226.018978118896,0,172.083164215088,121.905367142115,120.442779541016,115.565394422133,0,163.389840698242,166.302429199219,157.267593614983,188.750036066229,73.9580486297607,102.108498000337,103.172554648861,195.930004119873,204.694165547689,191.67396291097,123.153947618273,142.779022216797,187.406311035156,122.491290473938
94.6302092979694,0,168.975485665458,112.129726409912,13.2049545020034,113.243971082899,32.6047364313119,79.1250636630588,80.0323095238244,34.0798155119022,16.4315237102984,136.843831888835,13.8117958522382,151.212163652693,89.111928729877,58.3782356086819,127.007160186768,183.793167114258,157.257110595703,181.463609695435,9.58354919156812,149.90975189209,110.473791758219,156.907440185547,20.0727240164009,152.330657958984,172.321748521593,174.021297454834,32.2570778221784,90.4865659432968,150.573699951172,188.130172729492,121.42961968316,91.5594919840495,88.5797354133384,172.942408243815,157.690689086914,0,97.072511945452,18.150354653504,162.407104492188,152.479586046796,126.49961236807,168.857352193197,93.5180032348633,146.916622054911,0,31.8098263839881,0,192.438532511393,120.335304260254,171.054397583008,0,0,0,55.8580175223558,153.452285766602,132.656252543132,0,107.578349344658,0,216.04963684082,181.182846069336,141.926212702042,171.101964314779,148.804525375366,0,0,0,168.93567276001
75.9937197057212,89.5078976949056,66.6787075185182,55.734533579684,86.5885467529297,0,119.678120439703,66.3559846716412,100.493482260868,102.448944473267,81.4962431192398,93.1866753127549,109.10621434992,147.466041564941,85.3192831056308,125.949061393738,19.5137483455232,57.4723437058959,123.223321767954,95.7244073900126,149.90975189209,11.7945378550459,49.6778539883334,25.1596409417716,26.9126986470604,114.17073059082,108.847554330607,56.1115152684803,21.6732687264712,70.9398380963489,28.8417916829607,0,118.327443122864,44.6614543065219,41.431215832217,140.189304351807,122.913166046143,143.835581207275,75.7792308361499,0,172.81672668457,180.269846598307,154.473956108093,165.72437286377,0,187.506385803223,0,0,0,154.006533432007,0,101.708903491178,162.563135147095,186.557769775391,184.428890228271,190.126495361328,109.080493036906,66.1098925076998,105.787309839188,107.405341791552,159.103576660156,183.727154201931,132.774876387223,110.774724276561,130.994400501251,112.575473578401,0,0,105.675354003906,123.295516674335
92.0951934087844,36.578200812872,54.164363658628,19.721369888326,87.2488261631557,227.506408691406,115.669828414917,75.9445392697356,113.285987288864,25.6430226542262,100.908036368234,109.100495876226,70.5346647644043,96.4429378591382,114.733016422817,68.5461641508957,29.0078353247615,81.1960508433822,116.665315067067,105.092355084267,110.473791758219,49.6778539883334,7.84157428058782,48.1119266607602,21.565358031278,74.9475133366193,91.5090069195903,51.8990407752012,48.8570945780654,77.7969970879731,49.4463254868145,118.308494567871,135.086921691895,47.8267312049866,70.6124972792119,162.897766113281,104.54937505722,108.727914561396,55.5568116533345,123.139999389648,0,126.495025634766,120.589935302734,170.22927347819,76.6134335654123,132.455034255981,200.640213012695,110.4111328125,144.729629516602,147.352566189236,0,58.0121049351162,122.029391253436,159.727686564128,137.066607666016,128.027751922607,81.7707464364859,15.1006537941345,77.7407587176788,91.0617329406738,0,138.599575208581,105.892298264937,108.019211053848,143.853311811175,99.2452728965066,0,182.102691650391,89.187141418457,112.173354012626
78.086369789495,57.5209718617526,23.8582978765277,51.5576980417943,135.129501342773,118.464564005534,112.739788770676,67.9748272887064,98.4255055345808,95.6163440159389,83.788544202255,87.7249083687638,117.850874508128,107.657752990723,84.1634794590653,115.395349390367,15.0173597568433,25.2418007563963,104.883813476562,67.3210850348365,156.907440185547,25.1596409417716,48.1119266607602,13.9775090440888,85.8603959334524,123.173647562663,71.5484850706056,46.8782218690678,45.2722846154977,92.4783363641869,43.6668676585546,155.61841583252,110.137670898438,63.111734614126,44.6059292442697,181.218999226888,83.0577398300171,97.1317482600136,68.5728682054056,0,0,199.587310791016,149.554834093366,178.247534010145,124.070053100586,177.510794067383,0,0,176.943695068359,181.375963846842,113.678344726562,94.5758138625721,127.084329999726,180.269256591797,149.225944910294,0,110.222313844705,63.2052427807125,100.853752699579,136.277678605987,170.86767578125,147.705673911355,102.555935381428,131.531116867065,136.233181346547,124.282920235082,181.385833740234,0,141.522899627686,129.852593848819
73.3562250693283,101.822162908666,103.783993252841,39.6473830511845,19.1284258140069,127.174362182617,84.4519413610299,57.3737319640093,86.1538887751417,19.0388480622118,55.0592480183797,150.582017989386,32.8099339287154,152.985532907339,85.232367238111,42.71146769137,24.0612669276887,127.769942935577,155.753814697266,155.054153067167,20.0727240164009,26.9126986470604,21.565358031278,85.8603959334524,9.28357682761886,128.627058353064,130.597770354327,69.6643340157041,17.2532742594745,77.0929764360585,65.7879702904645,149.541442871094,136.071881103516,69.491686185201,96.1259079730745,130.559748013814,123.229370117188,149.3635798863,56.1777502133532,106.632167053223,171.582809448242,126.161258493431,97.9748446247967,145.8149376297,61.517538821508,115.278601440983,228.982009887695,107.817882719494,208.579477945964,148.497110339179,119.345748409148,102.206578075022,179.553255254572,0,209.097160339355,115.828116783729,110.579800867772,83.7861554345419,127.39582885338,78.4654918524544,165.274322509766,186.225180625916,147.54971223719,105.827596269114,135.823154188831,121.983596051326,0,172.750671386719,124.025920629501,129.480955287388
125.82187461853,25.716341426836,108.933847045898,25.1534357549329,163.390731811523,81.8754062652588,96.5294118245443,186.615524291992,93.2891996928624,113.520035909867,159.090387980143,35.6457092280176,143.828079223633,24.7980354553891,96.7210447311401,144.272993774414,96.0394566853841,85.1920606173002,53.054823227259,55.605044347768,152.330657958984,114.17073059082,74.9475133366193,123.173647562663,128.627058353064,9.53891121516638,43.2578420294525,32.6002495229344,147.168820381165,89.6050964881634,0,46.5492875840929,85.8102261352539,108.409965515137,59.9587687702922,0,101.988124847412,95.2448348999023,30.9243636685188,0,0,234.629867553711,174.409103393555,0,175.35241317749,0,76.8040894901051,218.71142578125,55.5906044006348,150.227890014648,0,0,99.6315155029297,77.549436180337,101.68260272344,187.651824951172,0,115.483863830566,148.428100585938,167.687907218933,40.5695927579638,81.5309789808173,71.9532818495127,180.43342590332,0,176.303695678711,83.1041023617699,0,0,94.4950802142803
123.264364418077,55.3910935810634,33.2473769773377,54.689601456769,189.079569498698,124.384206771851,153.008047238745,131.489353215583,142.54333590079,138.090732874495,146.331219688294,31.3548570488172,169.988545099894,21.6962642761945,133.001565259454,168.332818683825,106.613777939154,27.8120176191686,36.5950562874915,30.9667482741355,172.321748521593,108.847554330607,91.5090069195903,71.5484850706056,130.597770354327,43.2578420294525,12.4513501417948,32.830769131477,129.93631218475,125.495406020771,107.020499133324,16.2452759132365,110.465294061705,118.379947760166,59.829101984707,175.533447901408,76.2979467972465,96.6870072092329,63.1884376771988,0,0,212.93236541748,170.136890411377,202.73996565077,172.090646362305,176.541381835938,105.521745136806,0,86.6306699729827,200.589560768821,0,139.4762840271,107.113701320339,108.894640364737,107.141915040858,219.650039672852,180.183636256627,112.671245921742,146.207248511681,185.240058160597,70.5534264953048,95.3722138161727,90.2649016427666,188.018408203125,172.862477983747,156.516347885132,103.773542785645,146.828262329102,164.645579020182,114.634682275299
130.091131531366,29.9070755604519,29.1679733229291,37.934039395885,139.280375480652,107.589594523112,138.57819426932,105.592920490847,137.42896990813,130.762067018649,142.032201662931,64.7310205042528,152.60716925727,34.6430830849908,131.507604455435,159.063316099105,22.2188701930599,65.0093088526716,70.3070473453574,71.3866391143823,174.021297454834,56.1115152684803,51.8990407752012,46.8782218690678,69.6643340157041,32.6002495229344,32.830769131477,17.1096007110206,59.3071369632987,125.561115892067,101.954532840741,18.3740920993626,123.849849388248,107.995460258735,68.2184115853546,175.113980461569,68.4805502494176,88.6072615034684,56.4984884109845,185.89087677002,0,189.831018829346,160.707036437988,186.41385944073,149.478865966797,179.426646032999,116.646353220202,190.817006429036,90.8672813090872,188.314041137695,186.500043869019,91.9808121645361,107.103569200962,113.53874777682,115.297594397637,210.112922668457,112.754952236538,75.905404733889,97.8141491564503,149.279214926783,71.8760512808095,102.21707788041,92.6050381768268,151.966378808022,180.485705708348,152.000135782603,112.703127347506,149.484024047852,155.24575958252,115.792445898056
68.4191153095937,115.950405950132,86.3871016533959,52.7495553695794,11.0012204731501,117.77400794396,80.2593583770578,31.9387098600775,86.1451214072045,47.0083325815064,23.9647345710788,148.426260393719,56.5174759431579,165.152883911133,80.7082070225761,80.6068312905052,32.0489091152748,115.172422127343,161.47849967263,139.258471936251,32.2570778221784,21.6732687264712,48.8570945780654,45.2722846154977,17.2532742594745,147.168820381165,129.93631218475,59.3071369632987,12.6677475524606,76.1136280058872,45.6182873975237,183.342163085938,129.019760608673,64.8884515014768,78.306986359222,142.539738609677,161.035317993164,149.228842462812,68.0708561875766,99.994341648542,0,142.404646551718,110.510408589869,153.606067145049,80.3246204137802,134.863883568167,210.189588274275,131.028168397791,209.035293579102,154.61790535942,141.107947031657,101.920992614746,173.763288343275,0,214.406269073486,138.603897912162,115.242766221364,93.4627080050382,134.818214846733,101.612663077786,0,188.550490722656,150.978687239856,115.52779811462,142.828039840276,128.220555104707,224.13232421875,179.861083984375,131.313720397949,135.623780234915
15.3572462997521,122.534154256185,125.390918091958,80.2870963089109,90.3678081238192,24.8923851049746,29.744627509297,56.0840306307123,29.1597827287304,75.819635925552,90.4996532637743,72.1590755285371,97.3859111035288,82.4364886890758,17.3096435477072,33.9254449783488,92.9043703079224,103.988269393827,116.786553746505,120.543175991411,90.4865659432968,70.9398380963489,77.7969970879731,92.4783363641869,77.0929764360585,89.6050964881634,125.495406020771,125.561115892067,76.1136280058872,11.4546997237111,29.2324507942919,97.7007487903942,17.4871819133586,15.3641634378277,41.1986642478311,164.969654083252,146.691200256348,164.633944920131,90.4673834301176,137.063446044922,217.558715820312,163.965670267741,134.318172892586,173.64881471146,108.490441513062,159.005031306569,189.163993835449,162.798120771136,167.735427856445,179.451741960314,163.390064239502,135.555128309462,187.819931030273,0,174.82527923584,157.176361083984,126.551820825647,161.166580200195,159.381341787485,126.547568095099,0,137.158050537109,162.01026668105,135.68798862948,159.996780982384,147.883824984233,0,234.446151733398,155.465710957845,158.41823387146
27.9361931454371,105.791475296021,59.299432768173,59.4398647542808,89.088098005815,117.628211975098,93.2217093716149,21.8942359755503,74.9837052568228,63.3844958667097,86.4067183903285,95.2075171341767,130.121574401855,153.138214111328,55.6127109723472,95.2970903570002,72.3792713621388,64.7940353926995,114.499867333306,94.7511203240242,150.573699951172,28.8417916829607,49.4463254868145,43.6668676585546,65.7879702904645,0,107.020499133324,101.954532840741,45.6182873975237,29.2324507942919,10.7100447110967,0,124.859912872314,32.9746865847858,42.0325164202821,137.794421109286,125.29640007019,153.985204908583,69.8579006825597,188.678726196289,0,178.394158499581,126.763439723424,165.610605730329,74.9817327611587,176.571277618408,203.21354675293,144.691482543945,205.500503540039,153.384729597304,150.488098144531,100.624915233025,180.954071044922,0,138.976852416992,0,114.336304329537,79.4247046152751,115.874528572384,105.980040906823,168.025482177734,168.372116088867,151.952644675119,111.616856469048,142.456286574855,122.242691379123,0,0,125.443861527876,129.266275752674
0,69.0936335245768,171.062808990479,78.7051620483398,0,99.1011199951172,107.142546335856,0,120.962950788225,147.234819335937,183.896962483724,36.7985336302726,159.482635498047,15.9383603771328,119.264504568917,0,132.798873901367,113.95906829834,56.9612104098002,63.3378008565595,188.130172729492,0,118.308494567871,155.61841583252,149.541442871094,46.5492875840929,16.2452759132365,18.3740920993626,183.342163085938,97.7007487903942,0,6.36584559129485,104.758567361271,0,73.8370263359763,0,0,0,58.1568709479438,0,0,0,0,0,0,0,108.45009358724,0,88.7047880072343,155.181335449219,0,0,0,108.18308122423,117.795956661827,0,0,0,0,194.242904663086,83.063775062561,105.921967599906,98.6381270090739,0,214.280364990234,0,108.661166104403,0,0,131.505713568793
80.8882528940837,129.811871846517,141.169367218018,106.649735190652,149.779487609863,8.7401186808112,16.9918910593838,122.306320993524,16.5581437753611,149.970569263805,119.391334533691,65.4012135949465,101.448702419505,82.3781950425129,14.8842670900471,29.6366511820194,0,156.113766988118,94.5153968117454,134.195131937663,121.42961968316,118.327443122864,135.086921691895,110.137670898438,136.071881103516,85.8102261352539,110.465294061705,123.849849388248,129.019760608673,17.4871819133586,124.859912872314,104.758567361271,5.00166517203999,76.3760366439819,33.0904434862305,0,0,149.790603637695,138.019735336304,0,0,0,191.245414733887,211.87776184082,0,200.080703735352,0,0,0,222.112233479818,0,0,0,0,165.723777770996,0,0,0,0,188.743522644043,0,0,148.946774482727,189.401201688326,230.504013061523,0,154.8828125,0,0,0
25.9744461394371,101.535064697266,112.775059382121,66.3047246492826,75.4586527688163,88.9206263224284,97.6079424982486,68.8795557161657,97.6436582406362,70.8075996178847,87.1619817766093,100.235452575684,91.6733164787292,136.254470825195,56.9313402370531,58.6220302581787,64.4793243408203,96.3746763735401,162.361887613932,110.328472246443,91.5594919840495,44.6614543065219,47.8267312049866,63.111734614126,69.491686185201,108.409965515137,118.379947760166,107.995460258735,64.8884515014768,15.3641634378277,32.9746865847858,0,76.3760366439819,6.10910424502884,26.0261550418944,164.749750773112,0,148.746894836426,101.789410545712,170.952682495117,0,153.61342729841,124.312113761902,172.696965026855,128.38444519043,153.949664306641,0,0,0,189.836862564087,0,99.6332041422526,0,0,0,215.824157714844,122.404052040794,114.030662536621,144.341200510661,110.556442260742,0,146.401741027832,190.312019348145,125.929718426296,145.812194237342,126.354217529297,0,0,96.6813049316406,146.152552286784
79.2746623980654,53.7654622352287,59.7287036548961,61.361575722264,101.523550033569,31.4127697433744,56.1940432569191,91.246873304732,59.5654458582942,110.516501835414,95.9412348497634,29.0271316946475,102.421182901581,56.0143452676647,53.1111232057901,91.6304069801613,83.5944310824076,29.5479377257686,61.1454865777786,49.1009328994609,88.5797354133384,41.431215832217,70.6124972792119,44.6059292442697,96.1259079730745,59.9587687702922,59.829101984707,68.2184115853546,78.306986359222,41.1986642478311,42.0325164202821,73.8370263359763,33.0904434862305,26.0261550418944,11.3803909993414,157.010416666667,78.052226754122,99.4652956055432,79.3582171186616,0,0,183.062503814697,154.698486804962,189.747973515437,153.275371127658,179.304830450761,130.3054784139,173.215911865234,112.243121337891,186.187466497007,198.39599609375,109.953708853773,114.801700404433,129.876759211222,129.187850006914,214.517631530762,125.005363101051,108.316314574211,113.886686578903,134.643849327451,87.8089016185087,114.360241910245,106.197615044543,152.424835468161,183.700005026425,149.142813249068,170.224003601074,205.977920532227,190.592971801758,130.514743239791
206.856307983398,0,172.000518798828,151.250045776367,137.620422363281,0,181.755912780762,145.710350036621,169.541788101196,0,160.491661919488,215.11164855957,0,0,173.812691824777,0,109.292541503906,184.903249740601,179.951843261719,152.507995605469,172.942408243815,140.189304351807,162.897766113281,181.218999226888,130.559748013814,0,175.533447901408,175.113980461569,142.539738609677,164.969654083252,137.794421109286,0,0,164.749750773112,157.010416666667,13.876970648775,121.645858764648,125.13761138916,86.4169879781789,111.326095581055,87.0019586736506,41.8753246115463,30.2790796328878,51.9035194468574,77.2753117521044,56.4626449105695,127.439131529435,105.060888290405,134.665345730989,22.0241738401241,21.4890687279079,74.6456611633301,110.868910975573,142.215890096029,134.641419746136,107.954064941406,85.3700966423538,74.5434558105469,98.4586656545227,76.5498909130692,130.872795798562,127.521942846092,140.750308105469,78.3436930933522,15.6167929498226,20.886733964803,150.149208517636,83.8060517992292,30.058220762602,83.0954394476754
124.515958786011,80.4031009674072,59.0806668475994,66.8274595472548,150.563781738281,0,154.328079223633,128.568315505981,152.026702880859,104.110122680664,157.466131591797,108.126258850098,0,95.8748168945312,139.007308959961,0,103.869163513184,75.6104302204831,112.176403045654,86.058200929223,157.690689086914,122.913166046143,104.54937505722,83.0577398300171,123.229370117188,101.988124847412,76.2979467972465,68.4805502494176,161.035317993164,146.691200256348,125.29640007019,0,0,0,78.052226754122,121.645858764648,8.18066535803731,39.2358471581244,15.6620442561614,150.439865112305,0,145.695258692691,116.622194390548,142.040887196859,66.4089780415246,129.485489908854,74.2589441187241,125.717254638672,47.3025067530641,139.723120831429,118.810452052525,55.472042383971,53.2924777851271,75.0130734957181,66.8071683324369,0,104.908403635025,24.0509196228336,60.4515639373234,84.9830156312372,18.5181857548342,54.5950309139392,27.4504623603406,109.514725479425,137.160709512645,111.545724913131,71.4663555438702,0,141.133895874023,60.6278219970141
171.062234061105,82.706153512001,87.4994525071029,76.3832478841146,0,0,198.092767987932,158.215972900391,179.11462072424,198.070671081543,180.214901733398,128.644812011719,0,172.397155761719,174.136279835421,0,130.558663504464,103.224489099839,142.097257614136,121.189546508789,0,143.835581207275,108.727914561396,97.1317482600136,149.3635798863,95.2448348999023,96.6870072092329,88.6072615034684,149.228842462812,164.633944920131,153.985204908583,0,149.790603637695,148.746894836426,99.4652956055432,125.13761138916,39.2358471581244,13.5694761517664,37.5513709944874,135.106658935547,0,139.855510872854,101.330940223463,135.378773670571,117.543365478516,116.514443010092,90.7667672051324,0,105.940593295627,138.756018688804,151.290849958147,81.0103704050968,35.0622100579278,91.8520170967534,69.9582337050269,233.292755126953,77.0535633059813,44.719917707665,26.6667024753693,107.873540993893,104.308079528809,38.6980259012834,36.4669861800076,91.8571470463404,135.664768622903,98.6396496977125,93.3152940538194,191.713729858398,117.278926849365,73.715459192036
