11.7636091295471,138.679133605957,100.630768143128,86.9154678793515,88.806356048584,86.1322654724121,83.1034479574724,28.9112605910643,39.4225603069052,77.176402928279,62.6434802940259,150.076134780358,88.6771617216222,152.338733673096,12.1117668564785,83.4817180633545,133.976806640625,107.696237930057,152.658318953081,137.657493591309,81.8759472495631,82.6970273112203,93.7163004875183,75.2649521575577,83.3243300555503,0,131.072274764098,142.197671004168,60.0225080494428,10.1383098552185,27.5183708385526,169.530804443359,84.717503229777,40.7330522054358,97.4769412964348,0,173.690719604492,180.129013061523,112.254880269368,157.528057098389,0,158.319778442383,136.206432635968,170.106412760417,134.845694541931,203.274398803711,182.407836914062,0,0,154.118232727051,154.815277099609,0,184.595049176897,0,197.21265411377,97.3941955566406,0,108.164680480957,184.286638259888,132.282444000244,172.723022460938,185.11888885498,182.339307736128,144.394696828481,158.173411051432,160.5124168396,0,211.968368530273,0,179.347570419312
138.679133605957,7.83655323127581,44.1457715770176,19.9014352705421,151.008949279785,0,126.920043945312,126.450165430705,173.895553588867,70.3498133080818,153.09305996365,70.6650638940199,96.1886850992839,56.2649484025293,164.545864868164,106.408996582031,63.5190934463286,54.7591411732916,97.8370656967163,84.9452707091374,139.142501831055,99.983050626867,21.4803447088232,63.6297167119846,97.0249315618159,21.5639455450225,50.5211220269793,35.641402597421,128.441145629883,123.543813977923,108.952342563205,83.0797616958618,0,161.732849121094,64.0548784592572,193.665390014648,97.3147498236762,97.5498441060384,84.187386599454,0,0,0,185.346069335938,0,0,0,99.036696434021,0,97.7772905686322,0,0,0,104.357856684718,138.718897501628,114.097049531483,163.537078857422,0,133.688702583313,118.107939720154,147.371513366699,80.4595013242779,107.962511062622,106.200750569503,187.433082580566,0,149.964050292969,94.1919326782227,0,0,122.777287801107
100.630768143128,44.1457715770176,12.6415819501854,46.7316587950711,137.428577716534,0,139.944390869141,98.812247672171,136.44487827196,94.2730918417172,113.236302437189,94.4265236935373,150.212391444615,93.0509812491281,125.130330728539,149.682001113892,94.2120060529865,28.1290734635893,116.224018390362,85.7883537701198,125.061820983887,69.3432739907317,53.2242309055971,23.1148921810543,110.308399631966,116.133979797363,32.5262438172373,29.9786818617492,87.5267202995808,129.978337441721,90.3012988419659,94.6263869892467,187.022073364258,119.732735104031,63.5239151356643,185.978795369466,86.825045522054,99.8493106981574,78.3958507648949,219.826263427734,176.39826965332,220.493873596191,173.722692316229,196.208512624105,195.360883924696,192.153315030611,148.220969566932,171.460027058919,147.692238943917,194.623511936354,0,119.081687693693,105.963922384552,153.326131184896,131.89123345668,0,135.218976827768,89.2745147449701,109.597733347853,164.809406066209,137.055184936523,110.798614199696,100.54950226324,163.076263621702,197.667879377093,147.732178982821,171.498811509874,0,165.660154724121,117.585587104162
86.9154678793515,19.9014352705421,46.7316587950711,56.7139705802713,65.5288503146866,103.971771240234,92.8139771627724,84.7479724104077,91.1973449773278,22.3721114521718,85.6746678785844,76.7730668114453,87.8234390815099,47.0507402243734,90.3571253764271,70.8916194552467,42.361696380325,63.5142626541405,85.6939886533297,85.0763441626705,74.9352913650812,54.5544525568029,27.351186430747,50.1893257358895,45.7080527095191,33.8077204187351,50.889002929326,45.0357950367965,61.210931741728,79.8066375576964,54.374092498321,79.2035204364407,119.091404438019,54.8081846132383,65.2775773204325,69.0660037994385,49.6445719310216,65.6752781012119,14.1567893816803,139.724002838135,0,145.280524253845,119.799340017911,148.023032294379,56.437816296305,143.166518947056,96.8469522916354,122.9482421875,66.5934497356415,126.159451411321,83.2093057632446,65.3068284392357,102.998496246338,104.40376663208,108.095572054386,149.417132059733,74.6242871360173,25.524368844046,79.7808418092705,81.434415165971,52.0308754303876,95.6255536743357,74.4342230415122,98.4538776898625,123.297809307392,77.5659155357541,116.719971974691,0,91.2626094818115,109.731052521736
88.806356048584,151.008949279785,137.428577716534,65.5288503146866,8.251729887813,129.228313991002,70.8881247130739,60.8386837641398,97.7611541139319,51.6457686083657,21.8848496822196,0,27.5158016575724,0,99.458885098681,57.7619335905034,83.5736476353237,188.557029724121,0,206.664855957031,13.3756591094969,130.854250590007,57.8020921522571,148.059452819824,16.8421838547144,194.885467529297,170.276826041085,139.015693215763,15.6032036599163,93.3954914827398,99.4322326660156,0,140.245199203491,81.2318738962149,98.6102184220856,0,0,227.059478759766,89.1865328470866,10.5431581719256,0,141.588626637178,135.614057126253,154.652189254761,99.2832727785464,91.9674467553898,0,36.5827079680231,0,143.645109812419,0,0,223.195838928223,0,0,17.5773903041559,123.00218963623,0,162.363983154297,95.1347687863609,0,229.523773193359,188.990005493164,93.7006751665702,153.348020553589,170.836975097656,0,0,208.63313293457,133.175820668538
86.1322654724121,0,0,103.971771240234,129.228313991002,8.53966213817743,10.9490741617629,118.311727109163,26.6974311041849,100.514672088623,109.507625474842,60.3732353416649,102.019700098519,75.6848289489746,27.4090559405428,14.9471608245556,0,153.456321716309,96.9823989868164,122.305242538452,119.674900478787,111.317262013753,130.689880371094,146.613139152527,124.994739597127,82.8543014526367,184.333639665083,148.795443534851,125.464159965515,28.2360665432819,121.750211588542,0,9.3501461424098,61.7907396952311,31.1267622899098,0,0,0,135.371500651042,0,0,245.780639648438,182.344863891602,0,143.247161865234,196.790008544922,0,0,0,215.313110351562,0,0,0,0,0,0,0,173.908386230469,174.188791910807,168.858400785006,0,0,222.501968383789,191.214633178711,193.900634765625,190.659739176432,0,0,0,225.611038208008
83.1034479574724,126.920043945312,139.944390869141,92.8139771627724,70.8881247130739,10.9490741617629,9.54573922198002,64.9414562330887,23.6292246986916,74.202290583701,30.8144772863799,101.602634938558,25.5770630312103,115.275716400146,30.4279695534367,12.5167131482018,0,170.592273076375,0,217.213760375977,55.4649733538403,120.970507004682,113.925301185021,143.761158640792,68.6574683211726,0,175.873916220876,164.753374671936,84.5722692042466,41.5329561382944,109.54081635556,237.287284851074,20.5590695488837,79.7330439957705,37.4192319416291,0,0,205.174382527669,106.861073224972,112.930526987712,0,173.634870256696,152.991759817941,176.198916227921,130.395064217704,163.835559527079,0,95.8318398419548,0,183.912304348416,110.80158996582,0,223.536198933919,0,0,112.700634479523,0,134.409355163574,196.615469360352,136.847160971089,219.156143188477,218.084503173828,206.589323425293,160.82767458829,193.117235456194,176.995910644531,0,0,174.563837687174,167.393379211426
28.9112605910643,126.450165430705,98.812247672171,84.7479724104077,60.8386837641398,118.311727109163,64.9414562330887,9.45933251520597,66.4929781044266,70.5689849166183,15.4469732720287,159.207935841878,71.4857648566917,160.376661936442,45.3238643747005,79.8891511644636,104.977759933472,112.813487435889,160.837924957275,152.754647647633,90.5860005696615,70.2317106316592,89.2289033826891,75.1011149580237,66.7961496136852,177.568298339844,131.521662768079,116.431659156171,23.2928220748876,58.5498318455016,25.9295130241202,168.833042144775,137.892831241383,57.4632317110024,86.5626092318831,146.874783833822,153.276512145996,164.735551497516,94.3636456898281,125.576435089111,0,161.250782012939,143.921992418243,174.37175321579,116.023220698039,157.744144928761,0,155.848008589311,0,158.88227991904,157.092506408691,158.638609619141,184.653251199161,0,199.384405517578,150.10080464681,162.794737497965,133.16220996998,163.508035216669,126.957133523012,0,187.434912051795,176.099388770808,145.794593383219,158.487452787512,145.598988242771,0,188.913536071777,152.15637425014,164.804337056478
39.4225603069052,173.895553588867,136.44487827196,91.1973449773278,97.7611541139319,26.6974311041849,23.6292246986916,66.4929781044266,14.9825275156592,89.5208817098624,34.2842590693796,128.720719517888,82.1457929833626,145.989648607042,14.3496395099427,30.1684741097638,126.860736083984,140.747389340232,177.130167447604,168.759625389462,93.5741228141037,114.707922182585,118.518297447349,118.485227078368,93.4180207851916,194.641868591309,163.276648517593,161.379666159339,93.6672120212724,36.5083430723552,86.3613124718216,193.499301616962,14.7661471610333,83.487943649292,60.3841114925932,180.332911173503,186.600875854492,202.247947244083,105.243178949123,130.669224491826,217.73779296875,176.737696493826,156.591004076343,179.795722801369,136.547453579837,176.986066492592,0,149.439704329879,0,184.931145971948,168.319096651944,212.215576171875,211.889628534732,0,220.215843200684,135.764897860014,199.555355495877,180.463150024414,189.951509174548,142.849723558622,0,211.57113494873,206.699431176279,159.335199624521,191.463998690518,171.995029156025,0,0,191.191528320312,186.264843096052
77.176402928279,70.3498133080818,94.2730918417172,22.3721114521718,51.6457686083657,100.514672088623,74.202290583701,70.5689849166183,89.5208817098624,9.19937901622469,73.8538514751278,126.39417255286,11.6084028391059,117.392430327659,88.4174390325741,19.6918196953078,42.7588000615438,120.547750629363,155.472696304321,143.935251235962,58.7878107297218,72.343229647036,26.0144339556698,109.250537031788,26.8661216499878,98.9863780539201,123.561759705756,112.41841315916,55.6809911843223,77.9484168874806,60.4848656409826,138.313089544123,115.42706044515,59.5367680867513,90.382897956349,0,234.448348999023,190.761401706272,67.7238898535033,112.525613572862,163.143432617188,121.397509256999,118.010483625459,144.628726959229,59.115273592902,125.578162755722,152.390129089355,107.775993982951,156.301766967773,142.685540607997,65.9850368499756,129.351928710938,164.895188140869,184.048004150391,223.517333984375,105.019865853446,156.001373291016,127.431064605713,174.855164845785,74.6240387155067,136.938877529568,183.226519775391,166.882916883989,112.709585684317,142.944654984908,131.659929358441,189.374150594076,0,0,131.566471099854
62.6434802940259,153.09305996365,113.236302437189,85.6746678785844,21.8848496822196,109.507625474842,30.8144772863799,15.4469732720287,34.2842590693796,73.8538514751278,10.307826235254,151.575554983956,26.9669302962807,161.774841308594,35.0280111598052,62.6715831855933,123.754830932617,134.352629852295,186.181126912435,177.967092895508,22.4679097044049,85.2022485413007,119.737604413714,95.7103898127874,71.392993755011,186.144050598145,147.310399142179,142.708497147534,36.9511497470585,79.6751186844761,71.963707836469,190.104208809989,121.458593594826,71.8837331837433,84.3748382145926,201.129414876302,165.905349731445,181.84298324585,100.998147738877,56.8056468495301,199.35733795166,163.504118200851,142.862906338124,167.568680103009,112.104602762858,162.593246771264,0,119.908201952593,0,181.679232877844,135.474454243978,176.907539367676,207.043113708496,0,224.886917114258,100.191808117137,176.423723856608,127.927126566569,185.804845994519,120.850152358316,0,201.134146690369,186.13637307974,151.492959982029,179.122978210449,165.908867835999,0,203.602729797363,183.493375142415,171.687728155227
150.076134780358,70.6650638940199,94.4265236935373,76.7730668114453,0,60.3732353416649,101.602634938558,159.207935841878,128.720719517888,126.39417255286,151.575554983956,15.4552428983273,119.275924682617,22.4841865268129,155.824287630477,132.599559783936,134.398643493652,59.1804528712361,23.1404110562511,30.2604967017174,176.925247192383,104.051096832275,106.659114348583,86.5591904643114,157.655626296997,33.7366972398593,31.5426945000073,69.3688461620957,156.952631632487,88.1941597252561,120.93485026617,46.3129236023006,67.3599163858514,172.097058105469,32.0741399300588,211.307464599609,100.605667750041,143.003141784668,77.9449041029986,0,0,0,244.506362915039,0,158.055400848389,220.078048706055,101.830968644884,0,89.497502933849,0,0,160.611587524414,159.439277062049,116.537187081796,126.239964692489,0,188.273239135742,128.665977478027,170.333997090658,216.550018310547,79.7120948519025,119.47879189181,127.750758368848,187.809972127279,0,193.999305725098,117.72755833676,0,0,142.309087753296
88.6771617216222,96.1886850992839,150.212391444615,87.8234390815099,27.5158016575724,102.019700098519,25.5770630312103,71.4857648566917,82.1457929833626,11.6084028391059,26.9669302962807,119.275924682617,10.5508512582865,176.503025054932,95.0324059156031,13.7814049065884,65.4555587768555,150.580195109049,0,197.973724365234,14.790498162672,139.65270690918,75.5259383629108,177.288543701172,23.3957381946564,123.740019480387,176.31588490804,165.330059814453,48.0743382219436,87.3104334951817,135.394410133362,0,109.22775156905,81.5563744322894,87.1589263617659,0,0,0,91.2770819664001,24.6172187859563,128.002750396729,64.9472382943841,155.051473764273,108.46235555013,72.9775879599831,45.2273446886163,0,13.5723917682661,0,119.181273209421,64.2892737755409,0,198.479721069336,0,0,15.8595066458256,184.488647460938,0,0,58.8774113498015,0,220.154449462891,216.039741516113,140.886622062096,118.901729808134,161.439331054688,0,150.817565917969,0,101.292508443197
152.338733673096,56.2649484025293,93.0509812491281,47.0507402243734,0,75.6848289489746,115.275716400146,160.376661936442,145.989648607042,117.392430327659,161.774841308594,22.4841865268129,176.503025054932,7.12758790032938,164.857323386452,164.070526123047,190.696899414062,86.1718922932943,49.1006608462201,69.2408116413997,201.977935791016,133.361900874547,89.9267878325089,119.920841441435,142.858222688947,14.2344654778443,29.8063763508517,31.2500067649298,169.046113332113,76.3588702862079,141.669889132182,11.8625525035633,74.9980144500732,154.196479797363,50.5812268341858,0,87.4262087742488,160.524210611979,59.9781519433726,0,0,0,243.640579223633,0,148.394732793172,0,90.0892083840292,0,73.5426265146937,212.952865600586,0,0,149.097994290865,105.46574266651,109.277638786717,0,183.266441345215,117.539204406738,172.740046909877,162.507071358817,62.2867945674932,104.74796965001,101.507556607025,0,142.99479675293,181.808446248372,99.8653144407808,0,0,114.824411010742
12.1117668564785,164.545864868164,125.130330728539,90.3571253764271,99.458885098681,27.4090559405428,30.4279695534367,45.3238643747005,14.3496395099427,88.4174390325741,35.0280111598052,155.824287630477,95.0324059156031,164.857323386452,7.83581080819591,46.1724837493896,113.18766784668,126.130278887734,174.203042984009,157.397734655093,96.9342937875301,98.0363181220161,107.215779763681,102.506875679468,90.8446355768875,0,151.358942483601,158.583938643512,86.6818920920236,17.504530856076,46.7479663802882,183.415696461995,11.9793099247689,38.0713276302113,63.9569913369638,174.507781982422,179.728963216146,192.178984324137,103.567613107187,151.554404258728,0,181.036314530806,155.336921550609,189.819558808298,133.698376582219,178.344200439453,0,143.704312642415,0,175.819727971004,170.384821573893,173.754174804687,214.603128433228,0,219.11954498291,192.350463867188,170.428657531738,167.968712942941,174.208106593082,139.263189687669,0,207.423144022624,202.057205200195,155.522765341769,177.97444152832,174.257100423177,0,0,148.428485107422,181.294561947093
83.4817180633545,106.408996582031,149.682001113892,70.8916194552467,57.7619335905034,14.9471608245556,12.5167131482018,79.8891511644636,30.1684741097638,19.6918196953078,62.6715831855933,132.599559783936,13.7814049065884,164.070526123047,46.1724837493896,7.97540967855258,0,147.53010559082,0,0,51.2736816667531,90.7710380554199,63.7831897735596,101.225563049316,35.615031375501,0,167.395160675049,163.530203501383,83.6885236810755,44.58746499107,84.6339612688337,0,41.8771423697472,46.2293153490339,35.935014542113,207.230377197266,0,0,75.4774589538574,72.8697128295898,0,0,147.109064737956,178.976913452148,0,0,0,167.001800537109,0,150.501469930013,0,0,0,0,0,0,0,0,197.356857299805,101.323200723399,0,0,0,138.318127950033,172.929534912109,0,0,0,0,155.237701416016
133.976806640625,63.5190934463286,94.2120060529865,42.361696380325,83.5736476353237,0,0,104.977759933472,126.860736083984,42.7588000615438,123.754830932617,134.398643493652,65.4555587768555,190.696899414062,113.18766784668,0,14.5719756804999,110.507261305589,154.729721069336,143.025129530165,115.194881439209,21.9708696120628,29.8760531743031,18.208309023368,30.6033336750821,144.515380859375,118.763884593531,28.9332629678048,34.7549291537358,129.910961786906,77.6111882995157,154.114613850911,0,69.4945709228516,89.2147588517931,0,99.5074361165365,126.639466110541,62.9377781211907,0,0,155.749069213867,156.713002522786,197.124755859375,166.019897460938,216.81086730957,0,214.608291625977,188.488784790039,156.469304084778,0,97.5416302819775,139.978550288988,0,191.40608215332,0,116.262071086242,69.5901971251646,105.639878754046,124.881637974789,0,154.728007507324,124.434433218149,132.528512016175,145.203704833984,118.507773626418,0,0,110.471130371094,132.97507019043
107.696237930057,54.7591411732916,28.1290734635893,63.5142626541405,188.557029724121,153.456321716309,170.592273076375,112.813487435889,140.747389340232,120.547750629363,134.352629852295,59.1804528712361,150.580195109049,86.1718922932943,126.130278887734,147.53010559082,110.507261305589,10.4328536583655,60.3019368698828,31.1180055172312,0,48.4381933520913,77.8869441478928,22.6781548759918,128.32762825402,75.6463758945465,35.4302459609429,73.2890249264186,122.11875096639,101.408356027584,82.3362257668412,97.0145396018515,173.91478729248,111.451915588379,35.6514310676419,188.497310638428,103.031862839409,110.849778845504,105.939439319429,0,0,243.459442138672,186.925006264134,215.014736175537,193.485284805298,206.55647277832,158.072832107544,0,164.215262276786,202.295275878906,218.004089355469,145.199123984889,115.671359516563,148.248928833008,124.716608197857,223.345443725586,156.678291066488,123.727125708737,129.965280196246,179.248233570772,121.43037109375,112.928408511565,110.29085670024,177.187050713433,212.39949798584,157.132350990989,175.819395065308,0,195.500175476074,125.352621169317
152.658318953081,97.8370656967163,116.224018390362,85.6939886533297,0,96.9823989868164,0,160.837924957275,177.130167447604,155.472696304321,186.181126912435,23.1404110562511,0,49.1006608462201,174.203042984009,0,154.729721069336,60.3019368698828,10.3298511423547,14.6814602104714,0,131.246210370745,120.796285356794,107.098466491699,151.630935668945,51.8017187245687,22.0876008213518,63.3024341970616,167.173490350897,125.26489315033,135.834821610224,51.8471327076788,0,206.563720703125,67.5650153725834,0,182.903656005859,144.884834289551,108.138175964355,0,0,0,0,0,183.835830688477,0,116.315912246704,0,100.919475746155,238.706939697266,0,0,166.771489461263,121.501282325158,128.981983987909,0,205.152618408203,153.689379374186,0,0,98.2715566298541,121.030952368842,127.05988879914,0,0,0,121.617595672607,0,0,139.153720092773
137.657493591309,84.9452707091374,85.7883537701198,85.0763441626705,206.664855957031,122.305242538452,217.213760375977,152.754647647633,168.759625389462,143.935251235962,177.967092895508,30.2604967017174,197.973724365234,69.2408116413997,157.397734655093,0,143.025129530165,31.1180055172312,14.6814602104714,10.8362411878284,178.398902893066,103.889068401221,110.732955932617,73.7849988534417,154.8156079379,55.2675218128023,21.2655851794199,69.3704546804197,151.979701006854,126.200095632802,116.265767001142,64.798976175028,96.2696304321289,129.528599825772,45.1428301499035,0,145.227143721147,132.429878997803,145.202954610189,0,0,0,182.341796875,0,218.91194152832,0,115.419145584106,0,111.302758467825,215.411071777344,0,189.734832763672,147.147660290753,121.03240331014,120.775107606928,0,175.947204589844,171.706720352173,160.71593944843,221.978485107422,97.5269376966688,122.929038898643,123.195779891753,201.713938395182,0,195.487054824829,127.526219473945,0,0,136.644780731201
81.8759472495631,139.142501831055,125.061820983887,74.9352913650812,13.3756591094969,119.674900478787,55.4649733538403,90.5860005696615,93.5741228141037,58.7878107297218,22.4679097044049,176.925247192383,14.790498162672,201.977935791016,96.9342937875301,51.2736816667531,115.194881439209,0,0,178.398902893066,10.4314272153192,147.076054890951,85.26913022995,145.781554328071,24.4630971696968,0,172.08224995931,160.384937032064,33.302567848845,87.0024776634939,113.191979726156,178.361785888672,128.528029497932,78.0466177342302,87.2199763948955,0,0,0,104.564237594604,15.8629784869963,0,155.754631551107,137.297935748922,170.84252391142,89.2920489060251,138.235260829591,0,25.2589310839258,0,208.403409322103,107.959842681885,0,194.161163330078,0,0,19.9471318456234,0,184.152191162109,199.267547607422,104.905004599882,0,209.596725463867,184.880033220564,148.531508309501,187.080807495117,138.760437011719,0,0,194.296546936035,162.093103027344
82.6970273112203,99.983050626867,69.3432739907317,54.5544525568029,130.854250590007,111.317262013753,120.970507004682,70.2317106316592,114.707922182585,72.343229647036,85.2022485413007,104.051096832275,139.65270690918,133.361900874547,98.0363181220161,90.7710380554199,21.9708696120628,48.4381933520913,131.246210370745,103.889068401221,147.076054890951,11.9360141770474,55.1579196266506,21.3881305063699,24.4862998134711,138.428882598877,108.872813773878,65.8291853123131,24.4489975279498,63.9768882422858,22.4823888724175,143.92340681288,124.197673797607,44.6680601148282,40.3250171962708,144.40182240804,147.614061991374,136.298870668573,80.2352248074716,0,220.769744873047,0,144.51559999254,166.389599609375,153.190664927165,198.26101175944,201.597259521484,147.806701660156,0,162.023016041723,209.117904663086,112.260230518523,151.730557218511,0,187.992342267718,0,118.908956608477,81.6660110842797,118.838592979288,122.54280478436,135.933151245117,162.010291879827,140.069050272002,123.48518111489,145.174822771991,116.969225809583,220.606262207031,196.093231201172,118.627833048503,136.390572344671
93.7163004875183,21.4803447088232,53.2242309055971,27.351186430747,57.8020921522571,130.689880371094,113.925301185021,89.2289033826891,118.518297447349,26.0144339556698,119.737604413714,106.659114348583,75.5259383629108,89.9267878325089,107.215779763681,63.7831897735596,29.8760531743031,77.8869441478928,120.796285356794,110.732955932617,85.26913022995,55.1579196266506,8.38531641922889,50.3312127269834,27.5255092445593,69.8328391662635,89.0708430685648,42.2126485844516,63.2126153054252,81.7055614217122,51.4659110524175,120.23899307251,130.37109375,55.7952804289002,69.1193202010587,0,139.936874389648,90.5911886082139,30.5637877619996,140.069458007812,0,185.316223144531,135.609422683716,139.623805575901,69.9138426780701,183.234004627575,143.595291137695,121.167765299479,132.69756099156,137.14980801669,116.032127380371,61.5675784863924,118.294652121408,184.929710388184,142.0895047869,213.198593139648,80.3768992292772,37.6462112777436,72.0217164481558,111.942669212044,118.944154262543,136.322712019378,95.7856569432501,102.130326281096,115.15759059361,95.4315470377604,0,0,145.814175923665,106.429551777087
75.2649521575577,63.6297167119846,23.1148921810543,50.1893257358895,148.059452819824,146.613139152527,143.761158640792,75.1011149580237,118.485227078368,109.250537031788,95.7103898127874,86.5591904643114,177.288543701172,119.920841441435,102.506875679468,101.225563049316,18.208309023368,22.6781548759918,107.098466491699,73.7849988534417,145.781554328071,21.3881305063699,50.3312127269834,13.7334505775371,81.4221494104416,97.0958089828491,73.4804636012324,42.4074214867581,52.6791262100991,85.0944285663455,44.3498466083407,116.64602631789,136.34158706665,82.9714516329478,43.1083232141963,192.073816935221,90.3881346384684,108.190710455103,71.4094786801545,136.22297668457,0,224.257391357422,169.594037806734,188.898212432861,148.766161782401,192.715565074574,180.819857788086,223.145523071289,165.980916341146,184.943498066493,160.76969909668,105.098336188359,120.091446715871,160.372492472331,155.370184715758,0,115.75543820692,78.1895153504663,108.84101658017,143.149292658246,156.784286499023,131.163358489852,112.258934296227,146.208376574668,168.517735072545,123.144682532126,207.15793355306,0,127.44561290741,129.965822944864
83.3243300555503,97.0249315618159,110.308399631966,45.7080527095191,16.8421838547144,124.994739597127,68.6574683211726,66.7961496136852,93.4180207851916,26.8661216499878,71.392993755011,157.655626296997,23.3957381946564,142.858222688947,90.8446355768875,35.615031375501,30.6033336750821,128.32762825402,151.630935668945,154.8156079379,24.4630971696968,24.4862998134711,27.5255092445593,81.4221494104416,11.9511557957086,123.46578133323,136.191363226748,87.5322304681922,23.0976617668783,86.6325913406,69.2902792922912,173.566453552246,129.178190267311,67.6332109154169,84.2145067023522,128.844777788435,145.595077514648,156.260348488303,70.9416268343149,93.8058341303958,0,147.159261530096,124.027727226826,149.526134925314,82.7796380717764,141.084246883214,208.335830688477,128.931117296219,210.269714355469,149.200372802936,123.970058441162,122.921849155426,172.187675476074,0,192.065615844727,126.700475038801,133.773577515508,119.929768529432,145.927517866888,99.143093636631,179.905578613281,190.286506347656,158.391615768959,121.749416539139,149.764086509237,122.560066402962,0,186.03283909389,138.463820380134,150.385484768794
0,21.5639455450225,116.133979797363,33.8077204187351,194.885467529297,82.8543014526367,0,177.568298339844,194.641868591309,98.9863780539201,186.144050598145,33.7366972398593,123.740019480387,14.2344654778443,0,0,144.515380859375,75.6463758945465,51.8017187245687,55.2675218128023,0,138.428882598877,69.8328391662635,97.0958089828491,123.46578133323,8.06245322693208,48.7039461013911,24.8728722579141,161.127334594727,90.7000854492187,136.799177805583,50.4203482270241,59.6620140075684,139.567565917969,56.1919164915343,0,74.3377073024347,0,48.7707920507951,0,0,0,218.690948486328,163.649353027344,133.337293624878,224.442596435547,78.0406025555117,216.901931762695,64.7189192992173,216.633773803711,0,0,123.483907063802,89.1171087725409,90.4081653026824,0,164.375228881836,108.89046904246,180.942698160807,163.409710693359,51.7651763580563,82.5853634805657,85.8100597354148,0,0,162.566421508789,88.1263655786929,0,0,115.758397844103
131.072274764098,50.5211220269793,32.5262438172373,50.889002929326,170.276826041085,184.333639665083,175.873916220876,131.521662768079,163.276648517593,123.561759705756,147.310399142179,31.5426945000073,176.31588490804,29.8063763508517,151.358942483601,167.395160675049,118.763884593531,35.4302459609429,22.0876008213518,21.2655851794199,172.08224995931,108.872813773878,89.0708430685648,73.4804636012324,136.191363226748,48.7039461013911,13.6805391456621,35.7245504603822,131.01898983732,137.317898120139,121.657941024174,29.1636520206425,169.863124211629,146.913905620575,66.6746939255786,195.353425767687,96.0860425775701,108.764023501931,102.996582780566,0,0,221.084355672201,190.587663210355,217.300764083862,179.064806139147,216.253667195638,115.651390700312,0,109.123261701493,205.92389644276,0,152.176696531234,110.872434668937,115.218051989543,109.901177018132,0,155.596079619034,130.923709074656,139.821626624908,188.590684890747,89.4916172753941,100.992435646138,102.321223043843,195.505816007915,208.103533658114,168.301361139673,119.184438405547,0,167.044662475586,119.554016834169
142.197671004168,35.641402597421,29.9786818617492,45.0357950367965,139.015693215763,148.795443534851,164.753374671936,116.431659156171,161.379666159339,112.41841315916,142.708497147534,69.3688461620957,165.330059814453,31.2500067649298,158.583938643512,163.530203501383,28.9332629678048,73.2890249264186,63.3024341970616,69.3704546804197,160.384937032064,65.8291853123131,42.2126485844516,42.4074214867581,87.5322304681922,24.8728722579141,35.7245504603822,14.6833817597663,68.096022772763,133.703548431396,121.461449503899,19.6431469669652,144.334606715611,116.630248822664,70.1288338862004,193.787171936035,98.6501397271851,102.048736109194,86.6884408353645,194.320869445801,0,207.980252583822,176.762301114336,195.259329090948,165.910164376964,193.158830138459,112.803719858969,197.771041870117,103.591119722025,195.798943285672,172.613260904948,106.326419521655,112.092556928826,114.947366714478,117.915702922273,221.475067138672,136.740829247271,75.0898977312548,109.434514050642,155.35068580388,91.1528039880701,108.500634066956,105.83891223664,156.926615926954,198.785430908203,157.017903781328,120.457306139397,204.34294128418,169.014246160334,123.63215640119
60.0225080494428,128.441145629883,87.5267202995808,61.210931741728,15.6032036599163,125.464159965515,84.5722692042466,23.2928220748876,93.6672120212724,55.6809911843223,36.9511497470585,156.952631632487,48.0743382219436,169.046113332113,86.6818920920236,83.6885236810755,34.7549291537358,122.11875096639,167.173490350897,151.979701006854,33.302567848845,24.4489975279498,63.2126153054252,52.6791262100991,23.0976617668783,161.127334594727,131.01898983732,68.096022772763,11.7179066550772,80.4402978046511,32.7843343406892,162.727135794503,132.37196523932,63.7511259412009,63.8699660901767,143.729633755154,140.477084820087,157.466010601851,80.7866496153741,30.483095469984,194.95221862793,161.243119839018,133.221063728938,160.932452840343,100.070529818535,163.279553755274,248.755828857422,149.133533436319,245.145614624023,154.507611189738,132.080758747302,131.057040247424,170.167884190877,226.903472900391,208.85043988909,109.598166231624,128.560141436259,114.754221598307,140.97862841574,118.23647193537,0,185.354274634159,158.550658001163,128.893248425636,150.375586090895,125.545920966875,193.789978027344,212.821109771729,134.879725357582,155.925167361173
10.1383098552185,123.543813977923,129.978337441721,79.8066375576964,93.3954914827398,28.2360665432819,41.5329561382944,58.5498318455016,36.5083430723552,77.9484168874806,79.6751186844761,88.1941597252561,87.3104334951817,76.3588702862079,17.504530856076,44.58746499107,129.910961786906,101.408356027584,125.26489315033,126.200095632802,87.0024776634939,63.9768882422858,81.7055614217122,85.0944285663455,86.6325913406,90.7000854492187,137.317898120139,133.703548431396,80.4402978046511,8.7233308798031,21.9235471277425,147.436429704939,13.7479512495664,12.8830591863114,40.874502243425,169.227856445313,190.679122924805,169.913022867839,106.161465488263,125.373181794819,222.985916137695,180.922067260742,150.705568663928,176.683146961948,125.427698196903,177.325474853516,0,124.900054034065,235.642318725586,176.648281478882,152.598976135254,217.57194519043,181.986334664481,0,210.799749755859,87.0215733846029,149.693815231323,151.025838216146,172.023474284581,138.720600400652,0,169.802729679988,184.127901980751,147.731771980236,167.751063028971,135.568023550099,0,0,150.305398305257,180.003168334961
27.5183708385526,108.952342563205,90.3012988419659,54.374092498321,99.4322326660156,121.750211588542,109.54081635556,25.9295130241202,86.3613124718216,60.4848656409826,71.963707836469,120.93485026617,135.394410133362,141.669889132182,46.7479663802882,84.6339612688337,77.6111882995157,82.3362257668412,135.834821610224,116.265767001142,113.191979726156,22.4823888724175,51.4659110524175,44.3498466083407,69.2902792922912,136.799177805583,121.657941024174,121.461449503899,32.7843343406892,21.9235471277425,10.7370375218125,152.086961873372,126.779456787109,31.3832592697826,40.5609498162236,123.830570445341,144.335316975911,154.57244799214,77.7608847124823,132.792078653971,0,153.996132659912,132.343186481182,165.32476644805,101.434860992432,163.436398824056,196.830444335938,184.996017456055,205.198459625244,151.298531824229,0,118.251273081853,164.155406188965,0,184.061434577493,0,122.216178602845,95.6797386646271,131.14547141393,115.842428592288,0,171.013978932002,157.417756004671,118.049937156596,141.832714456907,114.986025860185,0,172.694305419922,126.281812314634,141.906492188919
169.530804443359,83.0797616958618,94.6263869892467,79.2035204364407,0,0,237.287284851074,168.833042144775,193.499301616962,138.313089544123,190.104208809989,46.3129236023006,0,11.8625525035633,183.415696461995,0,154.114613850911,97.0145396018515,51.8471327076788,64.798976175028,178.361785888672,143.92340681288,120.23899307251,116.64602631789,173.566453552246,50.4203482270241,29.1636520206425,19.6431469669652,162.727135794503,147.436429704939,152.086961873372,8.42891852832782,102.947616577148,147.256156921387,77.7252387645633,209.924819946289,133.508806864421,181.341926574707,101.847543543035,0,0,0,225.296722412109,0,167.175491333008,0,112.932878633825,0,105.517709435357,0,0,202.182403564453,171.370195828951,118.615231628418,124.924401813083,0,191.576782226562,151.406500680106,184.634742736816,0,95.7147795635721,117.894882296924,121.461424590163,0,0,178.025772094727,120.749991366738,0,0,146.507726669312
84.717503229777,0,187.022073364258,119.091404438019,140.245199203491,9.3501461424098,20.5590695488837,137.892831241383,14.7661471610333,115.42706044515,121.458593594826,67.3599163858514,109.22775156905,74.9980144500732,11.9793099247689,41.8771423697472,0,173.91478729248,0,96.2696304321289,128.528029497932,124.197673797607,130.37109375,136.34158706665,129.178190267311,59.6620140075684,169.863124211629,144.334606715611,132.37196523932,13.7479512495664,126.779456787109,102.947616577148,5.65548513161294,66.7518524169922,37.8603494302282,0,0,0,120.870361328125,0,0,0,183.593173217773,0,215.885772705078,207.72241973877,0,0,0,213.842219034831,0,0,0,0,0,0,0,0,184.859981536865,182.756370035807,85.1817016601562,0,247.803771972656,190.033378601074,0,0,0,0,180.343276977539,0
40.7330522054358,161.732849121094,119.732735104031,54.8081846132383,81.2318738962149,61.7907396952311,79.7330439957705,57.4632317110024,83.487943649292,59.5367680867513,71.8837331837433,172.097058105469,81.5563744322894,154.196479797363,38.0713276302113,46.2293153490339,69.4945709228516,111.451915588379,206.563720703125,129.528599825772,78.0466177342302,44.6680601148282,55.7952804289002,82.9714516329478,67.6332109154169,139.567565917969,146.913905620575,116.630248822664,63.7511259412009,12.8830591863114,31.3832592697826,147.256156921387,66.7518524169922,7.61592316173197,17.3116666275847,0,0,170.857948303223,93.5501782894135,88.9651069641113,0,200.186630249023,137.899303181966,162.371434529622,100.316759109497,181.197648620605,0,209.228393554688,0,141.59415435791,0,152.016268412272,163.360997517904,0,167.304000854492,164.682586669922,128.080922807966,88.1764831542969,147.881981531779,120.976978243314,0,183.067401885986,178.80534362793,121.880130513509,134.516998291016,120.409035273961,0,0,116.956993103027,135.006042480469
97.4769412964348,64.0548784592572,63.5239151356643,65.2775773204325,98.6102184220856,31.1267622899098,37.4192319416291,86.5626092318831,60.3841114925932,90.382897956349,84.3748382145926,32.0741399300588,87.1589263617659,50.5812268341858,63.9569913369638,35.935014542113,89.2147588517931,35.6514310676419,67.5650153725834,45.1428301499035,87.2199763948955,40.3250171962708,69.1193202010587,43.1083232141963,84.2145067023522,56.1919164915343,66.6746939255786,70.1288338862004,63.8699660901767,40.874502243425,40.5609498162236,77.7252387645633,37.8603494302282,17.3116666275847,12.6408947391452,0,130.390201275165,121.445843132175,91.4529487255008,0,0,168.713048299154,165.729831827098,174.280954461349,124.082511901855,180.77969233195,138.368900299072,192.808334350586,114.00205300071,167.888494638296,174.698043823242,125.342852819534,127.333962647811,145.783166885376,134.556662282636,166.882148742676,129.21420755694,98.6015101176936,123.46095913618,137.577704303033,125.03415888006,129.503963837257,122.592576922792,141.655308204361,170.35466003418,133.436295742459,136.289344787598,0,127.306173324585,123.965533206337
0,193.665390014648,185.978795369466,69.0660037994385,0,0,0,146.874783833822,180.332911173503,0,201.129414876302,211.307464599609,0,0,174.507781982422,207.230377197266,0,188.497310638428,0,0,0,144.40182240804,0,192.073816935221,128.844777788435,0,195.353425767687,193.787171936035,143.729633755154,169.227856445313,123.830570445341,209.924819946289,0,0,0,12.9040639059884,127.461280822754,137.972683668137,76.6229986983739,93.4982503255208,86.2284507751465,95.3376619021098,24.8965154461708,70.943947430615,72.3883863091469,75.564175400958,150.211760087447,99.0698900222778,154.882838439941,15.3211379185306,68.623046875,104.76155090332,117.581528799874,205.423309326172,146.16340973798,94.7417976379395,85.035013562157,109.711559295654,103.719485473633,79.7148310948932,127.011505126953,142.89519355941,138.809448156464,86.212120392249,18.4302083380414,27.0505797672053,176.378051757812,71.343602180481,24.7038099261595,71.9690756349932
173.690719604492,97.3147498236762,86.825045522054,49.6445719310216,0,0,0,153.276512145996,186.600875854492,234.448348999023,165.905349731445,100.605667750041,0,87.4262087742488,179.728963216146,0,99.5074361165365,103.031862839409,182.903656005859,145.227143721147,0,147.614061991374,139.936874389648,90.3881346384684,145.595077514648,74.3377073024347,96.0860425775701,98.6501397271851,140.477084820087,190.679122924805,144.335316975911,133.508806864421,0,0,130.390201275165,127.461280822754,7.66209459011535,49.312101116515,20.5583073346216,0,0,176.199615478516,129.138167345965,156.310740926991,68.8583981974142,156.084444681803,71.3629702425551,146.015975952148,57.0683544831499,142.469169855118,133.015563964844,71.459810481352,57.5028547721997,83.711314201355,66.0739850949515,0,102.029670257568,21.2871814736137,76.5071614583333,75.1703285718486,25.9403030179674,51.2399353986394,30.9309525147762,104.827531602648,135.357985103832,107.854696273804,75.2921277826483,193.695755004883,138.699991861979,65.7383326457097
180.129013061523,97.5498441060384,99.8493106981574,65.6752781012119,227.059478759766,0,205.174382527669,164.735551497516,202.247947244083,190.761401706272,181.84298324585,143.003141784668,0,160.524210611979,192.178984324137,0,126.639466110541,110.849778845504,144.884834289551,132.429878997803,0,136.298870668573,90.5911886082139,108.190710455103,156.260348488303,0,108.764023501931,102.048736109194,157.466010601851,169.913022867839,154.57244799214,181.341926574707,0,170.857948303223,121.445843132175,137.972683668137,49.312101116515,13.7129150965001,51.707302482286,151.484002685547,200.886642456055,148.329984586533,109.123384533594,137.796187410077,108.858315361871,130.292443227425,97.3668314615885,196.268288748605,101.948682785034,135.290822529793,163.175277709961,85.3514132132897,36.6603918684233,83.968332018171,71.9732830713666,189.88969930013,66.7134742162561,43.446586559379,29.652497432765,111.671777385555,118.60936126709,31.706165535636,24.3495581390607,89.2367690751176,147.892218293815,96.1547475574523,104.537768046061,201.994186401367,135.585318792434,76.4606217989956
