10.6784927973147,130.983978271484,95.3923625215005,75.6064518834814,85.2796666998612,79.8182563781738,71.8177090293483,28.8540243563981,31.9514411263461,82.4469985961914,42.3857935814574,102.874239119272,97.0706420898437,123.268061637878,14.5697601850745,55.1630916595459,120.055828518338,105.301524724987,135.947696504139,130.564419274191,75.6164154052734,79.6247805761913,112.626295471191,87.6422667190206,78.7010721000465,113.200057983398,131.469362046984,132.063127082011,64.8453777850359,17.679339519963,34.9456968170458,142.972167275169,84.1173227483576,57.8438899458908,84.7625211079915,169.903400421143,0,162.971817016602,107.534599891076,0,0,178.996299743652,144.281053983248,165.060218811035,104.172416687012,137.760021209717,210.953857421875,0,0,184.356586456299,0,184.920903523763,176.51602935791,0,200.775875091553,0,145.949249267578,0,175.987787882487,126.857978947957,0,208.149932861328,172.470987701416,140.949358575994,158.626353793674,154.491178512573,0,0,131.520133972168,158.627699715751
130.983978271484,8.27540001551682,57.9024288249466,20.4487044840683,0,0,131.780616760254,93.2583984375,123.976475397746,73.4317926854566,156.703681945801,70.1082546201527,138.533699035645,54.589557571825,131.651734313965,110.299186706543,71.2315009435018,66.463023171496,71.9714304814573,62.9018819939276,0,125.709932804108,27.3159056024214,87.5498403930664,82.9717181229792,24.3730142263201,57.5002348738137,38.4595166587606,131.937918229537,109.154013241039,110.795734112079,73.5235788597251,109.183972676595,0,70.2177280304749,0,173.307159423828,105.3748046875,99.6508462088449,0,0,0,0,180.240844726562,217.242889404297,0,119.831882476807,0,95.9675273895264,187.981964111328,0,172.615737915039,100.492631912231,96.8670883178711,119.740234375,0,159.074798583984,0,107.432464599609,169.059757232666,0,107.437144019387,117.494857339298,0,0,178.73274230957,107.923301696777,0,0,131.642120361328
95.3923625215005,57.9024288249466,13.772901674829,54.7271216256278,130.712568010603,166.909820556641,137.505150734841,98.910990938366,125.142718604358,115.390901071054,109.480551293556,121.7913727663,173.636291503906,119.562401294708,117.51273168168,152.885711669922,94.1050307053786,47.9870305539192,107.98493086871,77.2258389286093,163.499200994318,61.8165267204395,73.7894971471437,28.5640141014752,106.978238237169,99.5247411727905,38.1003999711432,34.7243260958822,83.3084761347009,127.19942022253,87.5487480163574,106.745372319626,178.872653667743,115.106172673842,66.8440713929503,162.310799153646,97.6418982611762,98.5417133905713,75.2173405456543,0,226.211975097656,198.155232747396,166.337904478374,178.233924502418,166.865173339844,192.950115966797,157.686813354492,0,157.97624206543,177.192252349854,0,113.682278951009,116.17972313274,169.246295166016,130.964257326993,0,142.090350786845,108.515406036377,111.955264341315,164.241617656889,148.697158813477,115.239747173381,101.422655777843,169.695726822834,199.508520507813,167.278241475423,147.55078125,0,0,118.402174377441
75.6064518834814,20.4487044840683,54.7271216256278,17.2985178898882,70.5438480074444,65.7909851074219,101.002350288525,57.0299481281481,98.244847457421,22.6328551504016,93.3803955996848,81.719673130788,109.2749315563,53.529469233658,91.6580494850945,86.934824625651,45.0518366739838,70.0906553279937,77.2302903831005,73.456701326133,123.857176208496,58.9263532829945,33.3503760798932,65.1135435426799,38.3178989731804,29.4828526751313,62.4511180060432,49.9734606589287,58.1963604762058,76.728067163581,55.9779934460604,88.2882996158323,138.116151662973,59.6827691742206,73.6731440715301,89.1072432084517,120.613216400146,109.311851228986,15.0805378327003,75.8351221084595,176.747409820557,110.098614056905,85.6323887352805,102.92860241594,12.5675265756922,103.107603533515,115.414335886637,81.2129440307617,140.832453409831,102.833838272095,81.5773315429688,82.8898939579091,121.323299217224,137.05348332723,92.8192834854126,74.2331319536482,83.3643957955497,9.03937471120615,101.11710979825,59.3646670159254,92.1600448063442,100.5726902771,100.3652796575,73.8728557172604,97.4586588165464,76.1262618211599,0,166.522239685059,76.8649744987488,91.5538598789888
85.2796666998612,0,130.712568010603,70.5438480074444,9.02522386120002,110.622749328613,67.2740979817411,73.3444408636827,93.9310637027169,44.1458553749582,23.6646536694936,167.62394841512,23.356312161121,175.050903320312,102.400092774079,64.6127003536949,102.769927978516,153.309093181904,185.308731079102,198.874978637695,12.4431980296745,107.328809465681,75.9141803540682,146.834558032808,14.1970451661641,0,169.676092213598,141.716931836358,17.5078759463448,98.3730345674094,104.191080729167,202.260317484538,138.681506347656,86.6277651535837,100.878924633208,177.68293762207,183.6865234375,197.257652282715,76.0609338124593,10.1573911769378,0,146.229468401741,126.792416599819,169.077346438453,81.6008140671421,107.284231473815,0,47.4790582574647,223.921142578125,180.153045654297,89.8385696411133,169.935089111328,0,0,216.410308837891,19.57108468982,0,151.653636932373,176.666915893555,100.957649879268,0,206.631729125977,211.134368896484,106.270083158633,166.39801461356,177.342926025391,0,0,136.287864685059,170.252572631836
79.8182563781738,0,166.909820556641,65.7909851074219,110.622749328613,6.45378707093182,9.95372189717362,131.225534439087,19.9231113179954,53.2633454459054,93.7027191162109,59.1483285818527,70.284036954244,92.17943246024,25.7614432217782,14.6848715850372,0,163.791938781738,90.9195594787598,115.558781941732,126.037538146973,236.898040771484,116.021085103353,152.247166951497,86.8158298674084,0,142.154427846273,127.264637756348,130.938408987863,25.462308000079,0,102.470034281413,11.7308864173752,0,34.9518856843313,0,0,0,0,0,0,0,0,0,0,0,0,0,0,0,0,0,0,0,0,0,0,0,0,0,122.519729614258,0,185.84602355957,0,0,0,0,0,0,0
71.8177090293483,131.780616760254,137.505150734841,101.002350288525,67.2740979817411,9.95372189717362,10.074408509322,61.5323543005924,20.7665960312412,63.3165381840297,33.051800868469,81.3979764229911,24.1911271174597,105.463541517071,46.5308887964345,15.7245451074513,148.583547973633,152.01781905038,130.956696895131,148.580758432242,56.8303628373653,118.613534726595,112.24611722506,125.271112734713,85.1478987685195,132.942801793416,164.641808844672,157.99558547606,65.8340319543157,55.4084514341134,102.923202065861,135.57246882741,20.3607204897344,102.991541678445,65.5941856032924,185.351384480794,0,194.733615112305,112.237647316673,111.879315535227,0,173.189398372875,158.802740243765,194.178824424744,106.449374008179,175.005723499116,0,186.570259094238,0,201.622096557617,0,177.611618041992,207.922653198242,0,201.216405232747,147.704887390137,222.420623779297,198.02453994751,199.190342296254,132.477050819978,0,199.408870697021,199.518592834473,155.526640648935,186.358286770907,199.369331359863,0,0,168.992614746094,179.065120350231
28.8540243563981,93.2583984375,98.910990938366,57.0299481281481,73.3444408636827,131.225534439087,61.5323543005924,11.6428928513502,59.8947933802099,59.268544757177,22.6164987128001,146.822846824244,62.1894026827221,176.628017425537,45.7393651793747,78.2090141296387,97.2329233805338,122.188146698341,175.549110412598,150.151000431606,94.8538160613089,65.5558074155444,77.6220564842224,78.8472520835907,60.2506760681888,164.484619140625,142.47696702814,114.2757967011,29.6140443414227,67.5986715053796,22.0467389442723,179.593344295726,129.279747143126,70.1914823340457,89.2028604790016,140.751915693283,0,164.249899727958,81.0326807081085,120.989697089562,0,161.61533164978,129.064411127679,158.045898869353,87.8634525299072,154.602969607791,239.705001831055,169.925994873047,0,157.86785728053,0,155.323815085671,199.66487121582,0,225.077865600586,101.032676696777,168.711172485352,131.701502990723,160.963150872125,114.805865296074,0,216.43597984314,170.627896717616,124.012751943247,157.633258776718,141.187289047241,0,0,138.610649108887,143.468006380143
31.9514411263461,123.976475397746,125.142718604358,98.244847457421,93.9310637027169,19.9231113179954,20.7665960312412,59.8947933802099,13.0628613518178,92.6668686826005,30.3433330458237,74.2721014141253,76.1189128957088,105.347925786372,20.4468301280977,24.1165156842644,140.077149391174,135.818368181095,121.75135913425,148.298693148295,82.7897711891299,105.542239401324,135.068679082961,114.794665897953,95.6800011157989,116.37204989265,150.78354201018,146.264956657986,87.7081473378676,37.8488545806285,84.2294056412305,126.926364043663,22.3658887290665,108.525151327755,59.6842485589449,184.492034912109,0,187.301833172234,131.110038561699,110.914736022949,0,190.525869618291,158.409767877488,186.421803429013,107.112540245056,175.133609771729,222.992721557617,214.32666015625,187.522481282552,190.685610014817,169.041122436523,191.359535217285,204.24450465611,207.307195027669,186.511810302734,154.380850791931,192.978739420573,160.143447875977,196.739212036133,144.163735753162,165.186141967773,196.94408416748,189.740129924956,152.914775819707,183.452784729004,180.482700892857,0,0,185.390913009644,171.838610249181
82.4469985961914,73.4317926854566,115.390901071054,22.6328551504016,44.1458553749582,53.2633454459054,63.3165381840297,59.268544757177,92.6668686826005,8.01374231044187,91.2042514546712,133.67479391659,11.7138313267938,125.562037681186,97.1414902256984,17.735911063952,72.0625991821289,122.704917907715,151.595811263375,141.725423992805,30.4685449146089,85.8366844870827,23.5949931365748,126.55860415372,21.8239013959353,107.599448602561,126.345423799403,117.742560865086,52.9251618950914,76.743733755355,61.0560973910835,142.63999080658,159.489741007487,60.4772842329771,99.4017172557552,88.92509765625,0,0,26.0866536259651,110.954236711775,0,100.042226155599,87.8397002586952,122.048891339983,28.6220056643853,117.280194282532,197.79167175293,109.677947998047,178.087824503581,110.994789886475,0,189.596893310547,195.801750183105,165.485992431641,219.027084350586,103.926427205404,124.280029296875,65.3330421447754,87.2005844116211,67.0885480351809,198.881942749023,198.997894287109,182.974192301432,94.8397181882697,121.006988974179,107.700996398926,0,0,111.733093261719,135.678569793701
42.3857935814574,156.703681945801,109.480551293556,93.3803955996848,23.6646536694936,93.7027191162109,33.051800868469,22.6164987128001,30.3433330458237,91.2042514546712,12.4440973465221,141.800374984741,21.8324704974025,162.034221995961,43.0417340249565,66.3863953872466,111.301177469889,140.636239424996,165.215978168306,164.344696194518,18.447753335653,76.948936881306,94.5164156462017,86.9723778805384,70.0995373121812,159.5808133212,148.835652368309,148.950128237406,36.6008359554452,83.1083432530862,61.9214920361141,174.398937898524,115.256267706553,82.7013161915105,99.3221771985292,159.71794128418,0,176.10294015067,110.772043170351,24.7435116881416,0,170.606200187437,148.867438938307,176.451740558331,97.7862900181821,159.335507600204,0,155.964484320747,217.449722290039,185.626439819336,140.801322937012,183.904907226562,205.418380737305,221.163940429688,216.965393066406,121.674248772698,166.498756408691,147.816701253255,176.926600138346,125.019984188595,209.24582417806,207.907434463501,186.957052463438,152.23297011334,184.6170129776,160.047783987863,0,0,155.792483011882,193.630453109741
102.874239119272,70.1082546201527,121.7913727663,81.719673130788,167.62394841512,59.1483285818527,81.3979764229911,146.822846824244,74.2721014141253,133.67479391659,141.800374984741,11.399183145303,142.87772029155,24.9266083761139,75.4891621180943,61.4672660827637,126.700625828334,61.3471092630345,24.7388422147584,25.9443660645854,152.659191555447,106.680958685047,104.587743061345,113.870909450264,154.086793766465,40.5106849595318,26.1449531765296,62.1991584913571,154.924286664543,62.7385253446648,107.80582567056,34.7067784486529,60.5800533572897,98.9157651091275,24.4804582892498,176.943405151367,0,152.79984664917,116.638819503784,164.290512084961,0,0,190.797256469727,0,196.430892944336,0,114.149461746216,0,93.4716281890869,194.023122151693,0,179.436325073242,150.136894226074,110.790876334054,121.71064035516,0,170.090438842773,142.657009124756,174.061130523682,187.579149881999,87.5071439743042,116.586574716771,114.078196959062,212.970677693685,0,190.784051513672,96.3048812866211,0,201.879409790039,135.336835861206
97.0706420898437,138.533699035645,173.636291503906,109.2749315563,23.356312161121,70.284036954244,24.1911271174597,62.1894026827221,76.1189128957088,11.7138313267938,21.8324704974025,142.87772029155,9.0738655382087,164.216348648071,101.95416626944,12.5736899792498,0,215.115585327148,163.082361857096,165.729040963309,12.224557827536,123.337104797363,77.5178982870919,173.472355769231,20.5979640449897,168.015319824219,169.193301773071,179.393505818135,54.1604519071458,100.047112949708,126.626640319824,187.345165252686,123.514496638857,90.8758983612061,104.188858347926,0,0,0,130.02142906189,22.1228325397817,138.960342407227,87.0108596801758,202.952255249023,178.44482421875,64.0131438119071,53.3868249361632,0,13.1025746602278,0,139.793350219727,68.0731048583984,180.926422119141,0,226.767944335938,219.71842956543,14.3164281870729,163.985198974609,0,0,91.0198581263704,0,200.600040435791,0,60.6977052842417,153.762546539307,0,0,0,0,219.165351867676
123.268061637878,54.589557571825,119.562401294708,53.529469233658,175.050903320312,92.17943246024,105.463541517071,176.628017425537,105.347925786372,125.562037681186,162.034221995961,24.9266083761139,164.216348648071,9.26095936060917,103.224620372325,165.719738006592,144.568681716919,115.199790120125,56.2519939422607,76.2139674915987,163.491222381592,144.475035667419,91.5588791348519,143.511361440023,143.505689974184,20.6150159688196,31.6241000277358,40.4820836727508,174.097488827176,95.0322164018578,164.644683837891,16.3716337619932,87.0846096321389,118.655260358538,61.5990631031313,163.902404785156,101.893976847331,132.139801025391,74.1546538857853,0,0,0,0,172.436782836914,201.509971618652,0,103.613581937902,0,79.2257616255018,179.499649047852,0,203.895309448242,127.650421142578,100.281226080817,114.728046417236,0,0,0,0,198.087121963501,74.1616735716124,99.796848627526,104.267428314209,216.682968139648,143.712646484375,0,93.3717325383967,0,0,120.924251132541
14.5697601850745,131.651734313965,117.51273168168,91.6580494850945,102.400092774079,25.7614432217782,46.5308887964345,45.7393651793747,20.4468301280977,97.1414902256984,43.0417340249565,75.4891621180943,101.95416626944,103.224620372325,10.3150226175778,45.7972416804387,141.126589457194,123.448356145208,110.642323541097,130.383633155214,98.8402488681345,98.3382843919769,137.34093504132,107.191986183387,97.1949905526244,104.180744104218,132.062995057784,135.98385521778,91.9674582237686,23.88751402197,40.8884921022648,113.916416368986,16.884608004609,36.8025905011405,46.912074032883,168.559894137912,185.453704833984,185.139758074725,114.101859597599,142.659927368164,0,190.125861273872,157.728554010391,183.267098677786,110.473823547363,203.642725944519,159.231689453125,197.596809387207,159.241954803467,190.47167242141,170.084777832031,0,189.624796549479,172.685760498047,176.070171356201,221.629440307617,186.910671234131,157.962547302246,194.447981461235,144.993743632099,152.299423217773,173.56000793457,187.604298826124,158.587122962588,180.890134175618,166.849256038666,150.980247497559,231.674987792969,175.906918843587,169.994160243443
55.1630916595459,110.299186706543,152.885711669922,86.934824625651,64.6127003536949,14.6848715850372,15.7245451074513,78.2090141296387,24.1165156842644,17.735911063952,66.3863953872466,61.4672660827637,12.5736899792498,165.719738006592,45.7972416804387,9.21645041275924,0,151.553210331843,183.301193237305,172.641510009766,52.5613495431295,110.168525695801,79.82832959493,115.310022626604,46.1268775414795,155.882997512817,165.283279418945,145.351471124693,77.9866754661486,71.5670303702354,98.0144729614258,0,34.6442080603706,98.2720336914062,127.562923908234,0,0,0,46.961856842041,111.725386301676,0,0,189.668243408203,201.197723388672,56.952296257019,124.016466140747,0,93.6269073486328,194.387908935547,0,70.2072601318359,0,0,0,0,101.73636118571,0,0,0,96.3372468081388,0,200.713714599609,212.439025878906,143.004221598307,188.896565755208,0,0,0,0,191.79271697998
120.055828518338,71.2315009435018,94.1050307053786,45.0518366739838,102.769927978516,0,148.583547973633,97.2329233805338,140.077149391174,72.0625991821289,111.301177469889,126.700625828334,0,144.568681716919,141.126589457194,0,14.8181897201033,110.125369421497,145.861820220947,126.682551489936,0,27.8746346929729,34.5860973153675,25.8898664839642,37.772802807786,105.185722351074,114.038713676051,36.5495630357698,50.2744981822819,129.943149234938,74.8877908060373,143.687152862549,115.186080932617,90.79274298928,87.7843204552019,150.75690612793,0,123.861799337096,63.5044572696475,134.724166870117,0,0,151.812212430514,190.668075561523,72.5672760009766,191.589965820312,180.661804199219,0,0,164.43180847168,0,106.817315460011,160.146292877197,182.153839111328,188.486223856608,0,116.873145256513,68.5948279885685,110.550817050641,137.066775560379,170.156539916992,175.028203837077,120.267880827516,129.441387494405,164.000269208636,119.33542175293,0,0,135.584529876709,124.841636099466
105.301524724987,66.463023171496,47.9870305539192,70.0906553279937,153.309093181904,163.791938781738,152.01781905038,122.188146698341,135.818368181095,122.704917907715,140.636239424996,61.3471092630345,215.115585327148,115.199790120125,123.448356145208,151.553210331843,110.125369421497,10.9791208419725,56.6884523159257,27.5919040261955,167.727729797363,58.8931843410235,91.0350656085048,31.3413709702206,129.236968746293,70.082498887006,37.7474640282821,68.9425685711244,132.129073936398,97.6112810601579,71.384114813507,101.777339861943,183.854717254639,78.5052867864899,41.4904785915742,190.800082397461,112.292962392171,118.432658430006,101.203618706597,246.899566650391,0,216.247848510742,182.78930182206,204.822663625081,150.492305755615,200.018142700195,171.590033637153,0,166.336283365885,202.254187191234,0,143.514599193226,125.328977159886,154.010398864746,139.219711929071,0,160.005865478516,110.344473361969,145.550331528122,185.764917788298,94.4785537719727,120.345537758916,119.132595575468,184.684536161877,157.34090423584,170.955292595757,0,0,135.241577148438,142.218341133811
135.947696504139,71.9714304814573,107.98493086871,77.2302903831005,185.308731079102,90.9195594787598,130.956696895131,175.549110412598,121.75135913425,151.595811263375,165.215978168306,24.7388422147584,163.082361857096,56.2519939422607,110.642323541097,183.301193237305,145.861820220947,56.6884523159257,9.82212294376759,15.8558862440641,172.439291381836,128.838851928711,109.892106219036,99.5409735282965,158.511710125467,50.1248510710084,31.5126518942015,67.1557062526479,172.950047460096,110.938299661154,116.578668117523,54.5467531209346,94.9019793886127,113.599326863008,64.1919777023277,0,114.994168962751,172.870267232259,88.7031916450052,0,0,0,0,210.752182006836,0,0,112.72787560357,0,104.37716456822,198.873443603516,0,176.460968017578,146.764350197532,114.754020088597,119.639393806458,0,214.205291748047,152.391342163086,174.663177490234,223.297882080078,85.0618031819661,111.457214835031,115.171724231038,226.114852905273,176.350677490234,0,105.610851287842,148.965545654297,0,134.204820905413
130.564419274191,62.9018819939276,77.2258389286093,73.456701326133,198.874978637695,115.558781941732,148.580758432242,150.151000431606,148.298693148295,141.725423992805,164.344696194518,25.9443660645854,165.729040963309,76.2139674915987,130.383633155214,172.641510009766,126.682551489936,27.5919040261955,15.8558862440641,11.6205968241524,175.086742401123,95.5145489791344,102.331102486116,75.2291636079825,150.494920583872,50.3050791956484,35.3673001753477,72.2383294364336,152.012700713841,110.656099491576,92.5732356655982,69.1542073611555,112.099679244192,94.373056667607,42.8121852432908,214.05884552002,126.454929351807,142.085648309617,77.6775603294373,0,0,229.579330444336,234.17057800293,204.388784790039,183.864766438802,0,120.615367052032,174.350692749023,127.825845417223,183.555088043213,0,163.886932373047,143.127915382385,120.426412365105,119.313813970995,0,188.577020263672,148.257571411133,163.184176291189,186.734911600749,91.7483305931091,111.092424983769,117.712774128749,200.059412638346,147.462516784668,176.611315917969,133.74935760498,0,0,136.606782122356
75.6164154052734,0,163.499200994318,123.857176208496,12.4431980296745,126.037538146973,56.8303628373653,94.8538160613089,82.7897711891299,30.4685449146089,18.447753335653,152.659191555447,12.224557827536,163.491222381592,98.8402488681345,52.5613495431295,0,167.727729797363,172.439291381836,175.086742401123,8.12551709227355,190.218757629395,162.509010314941,169.3609246148,18.5393026578566,0,176.601689265325,186.616496785482,37.3544282391528,100.19642200959,128.754168192546,179.91711807251,137.966485595703,90.7103703816732,101.948674735376,0,0,215.274002075195,71.3673057556152,22.2094075740652,0,147.536285400391,143.238426208496,155.421503702799,75.4955248151507,155.82746963501,0,36.6175721287727,188.896499633789,0,0,0,0,0,0,14.918515453736,0,169.645095825195,0,114.771261132282,0,0,169.553421020508,142.634129157433,0,0,0,0,0,0
79.6247805761913,125.709932804108,61.8165267204395,58.9263532829945,107.328809465681,236.898040771484,118.613534726595,65.5558074155444,105.542239401324,85.8366844870827,76.948936881306,106.680958685047,123.337104797363,144.475035667419,98.3382843919769,110.168525695801,27.8746346929729,58.8931843410235,128.838851928711,95.5145489791344,190.218757629395,12.4461897761591,55.6328304101879,27.8576645514319,54.7202573994169,122.040458679199,123.771599701912,76.6957558018929,27.5569036994024,44.3940131812789,30.7509008429008,204.586700439453,149.358787536621,22.6100488729374,49.6908761794955,134.922572958058,0,134.597434208311,86.6395052773612,143.375518798828,0,201.368919372559,144.865374334927,167.411351928711,66.8119964599609,164.755254109701,179.035771687826,0,0,155.044625893617,0,113.455173795185,163.402279663086,219.807220458984,176.284963989258,0,116.887768479644,88.5882362615867,119.50096358553,123.780007260517,0,176.594069260817,143.752574747259,121.179833753014,143.317502377638,121.229733575748,0,203.408996582031,120.236595577664,127.911335919354
112.626295471191,27.3159056024214,73.7894971471437,33.3503760798932,75.9141803540682,116.021085103353,112.24611722506,77.6220564842224,135.068679082961,23.5949931365748,94.5164156462017,104.587743061345,77.5178982870919,91.5588791348519,137.34093504132,79.82832959493,34.5860973153675,91.0350656085048,109.892106219036,102.331102486116,162.509010314941,55.6328304101879,8.39414808049253,56.3575071205656,36.621127104486,72.140595849236,93.4138955500846,36.923479717605,59.9452479969371,91.9013542253144,57.6261377920261,113.382241738809,0,59.7690795400868,79.2955082738122,116.697559356689,0,113.123335348593,45.2918370809311,170.485229492188,0,132.995410919189,123.798195430211,118.67547454834,102.19380569458,175.33681233724,161.719169616699,221.576034545898,164.830973307292,93.7210998535156,129.300247192383,64.6227167559342,133.377009153366,0,144.207046508789,127.490905761719,70.9408973587884,47.438860039962,77.0875552358025,99.2529214512218,0,160.01682487694,110.567913198025,99.9378444905184,126.438406944275,70.8545430501302,0,0,85.7641232808431,108.520108222961
87.6422667190206,87.5498403930664,28.5640141014752,65.1135435426799,146.834558032808,152.247166951497,125.271112734713,78.8472520835907,114.794665897953,126.55860415372,86.9723778805384,113.870909450264,173.472355769231,143.511361440023,107.191986183387,115.310022626604,25.8898664839642,31.3413709702206,99.5409735282965,75.2291636079825,169.3609246148,27.8576645514319,56.3575071205656,16.8164198888695,82.2832901125043,129.082364595853,76.4337203671322,53.2451831381087,63.0240725279481,86.3267863216597,53.4269318728349,132.145119717247,156.088459777832,57.2145142724461,55.5066679167531,179.295039040702,141.491658528646,107.02863942237,73.5074891082511,203.532562255859,207.841186523438,205.190624237061,166.659683227539,188.998869348745,178.730669021606,181.764203643799,172.728368123372,224.281066894531,159.447352091471,180.23596607555,189.139930725098,109.609035212564,133.166540911817,177.68709564209,154.269863572232,0,120.842955700187,82.3451596402574,113.149421990854,148.2416912345,180.422698974609,144.121458799943,109.112533592732,156.855352240094,185.716987327293,131.695343017578,168.353317260742,0,154.939921379089,130.981787202796
78.7010721000465,82.9717181229792,106.978238237169,38.3178989731804,14.1970451661641,86.8158298674084,85.1478987685195,60.2506760681888,95.6800011157989,21.8239013959353,70.0995373121812,154.086793766465,20.5979640449897,143.505689974184,97.1949905526244,46.1268775414795,37.772802807786,129.236968746293,158.511710125467,150.494920583872,18.5393026578566,54.7202573994169,36.621127104486,82.2832901125043,10.5363604061278,123.705095525373,132.215773971828,101.175797055881,23.3978497031593,83.1698122066828,69.8219809242461,163.284795240922,142.295403798421,71.2916963547312,97.5194959027236,132.779957681332,175.326545715332,162.518503922683,63.3039949210185,88.2157875843537,185.086663818359,138.606972420052,114.718478681703,148.171407985687,65.4339837352122,128.843892112145,199.609001159668,122.071286104163,176.655258178711,149.615583510626,111.881189982096,139.143062019348,187.028121948242,243.88883972168,192.179819742839,105.62444433915,127.101976720298,97.8076504032786,148.482282098734,96.7980181247264,174.141681671143,197.071546513984,165.971257181563,113.84760594674,141.705810813793,130.456743289263,0,198.007568359375,127.197987159986,135.136901663775
113.200057983398,24.3730142263201,99.5247411727905,29.4828526751313,0,0,132.942801793416,164.484619140625,116.37204989265,107.599448602561,159.5808133212,40.5106849595318,168.015319824219,20.6150159688196,104.180744104218,155.882997512817,105.185722351074,70.082498887006,50.1248510710084,50.3050791956484,0,122.040458679199,72.140595849236,129.082364595853,123.705095525373,9.17341844891862,44.4158602916164,30.9138294791058,154.731063842773,91.3921637996551,137.375534057617,52.4121155620214,97.4511744181315,110.262710571289,66.486518496275,0,99.6173934936523,126.748012542725,66.6732566540058,0,0,0,0,189.260711669922,134.565381368001,0,85.8362819837487,0,72.450292746226,173.609252929688,0,165.701507568359,125.913969039917,88.0758812515824,84.662652795965,0,0,113.643566131592,134.230270385742,170.71662902832,54.9838493665059,87.2921717383645,85.9018629683929,203.378974914551,188.194755554199,190.074035644531,87.2627211979457,0,0,121.510998317174
131.469362046984,57.5002348738137,38.1003999711432,62.4511180060432,169.676092213598,142.154427846273,164.641808844672,142.47696702814,150.78354201018,126.345423799403,148.835652368309,26.1449531765296,169.193301773071,31.6241000277358,132.062995057784,165.283279418945,114.038713676051,37.7474640282821,31.5126518942015,35.3673001753477,176.601689265325,123.771599701912,93.4138955500846,76.4337203671322,132.215773971828,44.4158602916164,17.3696225847476,44.9648280600369,134.666498713541,131.325908692415,125.011369814818,29.7090093482975,114.865625543109,130.256315946579,68.7471450325354,210.937599182129,111.531061581203,121.4593420196,71.4919745346595,186.272644042969,0,234.211380004883,201.997573852539,200.817977905273,180.838208650288,214.404069900513,115.909678308587,0,104.414240043854,189.701486206055,223.400344848633,149.158053471492,121.036892270082,110.177540729955,114.129498813027,0,184.14288482666,142.542385716592,158.594071761422,191.610560825893,77.9372515311608,105.902147757181,108.624987892413,214.437923431396,164.147401537214,180.678144182478,120.441446940104,159.953590393066,0,127.389146408232
132.063127082011,38.4595166587606,34.7243260958822,49.9734606589287,141.716931836358,127.264637756348,157.99558547606,114.2757967011,146.264956657986,117.742560865086,148.950128237406,62.1991584913571,179.393505818135,40.4820836727508,135.98385521778,145.351471124693,36.5495630357698,68.9425685711244,67.1557062526479,72.2383294364336,186.616496785482,76.6957558018929,36.923479717605,53.2451831381087,101.175797055881,30.9138294791058,44.9648280600369,19.4046639597905,91.3863231735786,124.533364440918,112.034185709334,31.9937047552152,109.254322984484,120.465846814607,73.6868231587616,184.976701216264,116.097877241161,99.8702302882666,68.894112626074,211.832496643066,140.820755004883,206.756315231323,173.898963977129,186.582145359205,173.516977136785,183.590986328125,121.61240103937,210.241226196289,109.440093730358,180.808832745219,205.960917154948,108.169137031801,117.617407635754,117.421191887568,123.438400897916,164.459915161133,137.199213639046,81.3458547782138,110.957825433955,164.979711219446,85.8908305887403,108.894469237017,102.974781657178,171.900805536906,193.459937831334,156.993970846828,125.272418906472,157.922103881836,183.994351196289,126.411775309865
64.8453777850359,131.937918229537,83.3084761347009,58.1963604762058,17.5078759463448,130.938408987863,65.8340319543157,29.6140443414227,87.7081473378676,52.9251618950914,36.6008359554452,154.924286664543,54.1604519071458,174.097488827176,91.9674582237686,77.9866754661486,50.2744981822819,132.129073936398,172.950047460096,152.012700713841,37.3544282391528,27.5569036994024,59.9452479969371,63.0240725279481,23.3978497031593,154.731063842773,134.666498713541,91.3863231735786,13.1559199612298,83.8800754401651,38.9782047654729,178.232229868571,146.527255665172,67.963622366592,74.6969296018654,144.426115337171,177.6466796875,157.953266187646,75.4395031682626,41.7525799686212,178.879211425781,152.919906087441,130.270196950468,160.36788254264,89.7067322641049,150.941189641538,222.523178100586,149.665816955566,202.531590779622,159.056699104857,149.883272171021,135.526702517555,188.411516594164,233.023735046387,207.447860717773,135.603006582994,128.245632493352,127.536350157203,151.777036878798,113.68929100121,195.288269042969,202.526822090149,160.851067454545,127.221156851387,152.736651055607,130.088021209885,0,201.006690979004,137.508169809977,144.260378053675
17.679339519963,109.154013241039,127.19942022253,76.728067163581,98.3730345674094,25.462308000079,55.4084514341134,67.5986715053796,37.8488545806285,76.743733755355,83.1083432530862,62.7385253446648,100.047112949708,95.0322164018578,23.88751402197,71.5670303702354,129.943149234938,97.6112810601579,110.938299661154,110.656099491576,100.19642200959,44.3940131812789,91.9013542253144,86.3267863216597,83.1698122066828,91.3921637996551,131.325908692415,124.533364440918,83.8800754401651,11.6933436237907,23.7589307702695,116.268458788908,11.487536686605,17.667969983485,30.4741539895876,155.767148699079,149.692738342285,180.454046498174,102.347420334816,123.868908622048,215.613922119141,190.586281776428,151.723711034754,177.104284824469,119.565833351829,177.389602661133,188.957401275635,244.471984863281,145.728744506836,178.695649539723,193.186500549316,174.240577697754,185.730904473199,164.357284545898,185.053625924247,193.473749796549,158.338242424859,124.956258392334,171.910448074341,133.491863583558,139.606399536133,167.288858266977,175.144194326093,143.804266303882,174.16055460612,150.769106140137,0,202.392723083496,162.712274339464,159.188971940861
34.9456968170458,110.795734112079,87.5487480163574,55.9779934460604,104.191080729167,0,102.923202065861,22.0467389442723,84.2294056412305,61.0560973910835,61.9214920361141,107.80582567056,126.626640319824,164.644683837891,40.8884921022648,98.0144729614258,74.8877908060373,71.384114813507,116.578668117523,92.5732356655982,128.754168192546,30.7509008429008,57.6261377920261,53.4269318728349,69.8219809242461,137.375534057617,125.011369814818,112.034185709334,38.9782047654729,23.7589307702695,12.413169750173,153.473873683384,129.041608810425,30.5662976969422,32.9330752503185,141.657440185547,0,156.197383714759,72.7395459129697,162.702558517456,173.492553710938,168.409590287642,140.481001038482,167.230596345046,78.6124165852865,167.684677850632,209.349695841471,0,0,155.743422826131,163.768104553223,117.47800489785,167.304182688395,174.741958618164,177.596653747559,145.596160888672,120.544307905743,88.7445823669434,130.353348490397,117.998368385666,0,182.219388521635,158.843260711094,122.345794256896,143.809679451635,121.020052164251,0,182.218414306641,131.553376055778,134.277645566048
142.972167275169,73.5235788597251,106.745372319626,88.2882996158323,202.260317484538,102.470034281413,135.57246882741,179.593344295726,126.926364043663,142.63999080658,174.398937898524,34.7067784486529,187.345165252686,16.3716337619932,113.916416368986,0,143.687152862549,101.777339861943,54.5467531209346,69.1542073611555,179.91711807251,204.586700439453,113.382241738809,132.145119717247,163.284795240922,52.4121155620214,29.7090093482975,31.9937047552152,178.232229868571,116.268458788908,153.473873683384,6.81983113398809,101.532378325591,145.742961883545,74.9514152731049,0,134.214248657227,150.614952087402,114.245241800944,0,0,154.087020874023,230.891906738281,159.127914428711,171.483932495117,0,114.407732876864,0,96.2442935446034,192.852691650391,0,0,162.829406738281,119.885044322294,132.420589153583,0,0,144.496475219727,0,188.041107177734,92.972900390625,110.274880102125,117.654520824702,243.712127685547,147.8193359375,0,108.419944763184,0,0,153.676541137695
84.1173227483576,109.183972676595,178.872653667743,138.116151662973,138.681506347656,11.7308864173752,20.3607204897344,129.279747143126,22.3658887290665,159.489741007487,115.256267706553,60.5800533572897,123.514496638857,87.0846096321389,16.884608004609,34.6442080603706,115.186080932617,183.854717254639,94.9019793886127,112.099679244192,137.966485595703,149.358787536621,0,156.088459777832,142.295403798421,97.4511744181315,114.865625543109,109.254322984484,146.527255665172,11.487536686605,129.041608810425,101.532378325591,6.76029546508737,122.609014511108,35.2771829298173,207.540023803711,0,225.319068908691,221.948348999023,0,0,243.560012817383,201.895866394043,213.555435180664,0,231.155776977539,0,0,141.297790527344,0,0,0,0,0,181.07063293457,0,0,0,0,210.525100708008,0,159.592697143555,153.95231628418,197.531768798828,0,0,0,0,0,0
57.8438899458908,0,115.106172673842,59.6827691742206,86.6277651535837,0,102.991541678445,70.1914823340457,108.525151327755,60.4772842329771,82.7013161915105,98.9157651091275,90.8758983612061,118.655260358538,36.8025905011405,98.2720336914062,90.79274298928,78.5052867864899,113.599326863008,94.373056667607,90.7103703816732,22.6100488729374,59.7690795400868,57.2145142724461,71.2916963547312,110.262710571289,130.256315946579,120.465846814607,67.963622366592,17.667969983485,30.5662976969422,145.742961883545,122.609014511108,8.10929008764847,41.1774314633597,151.508377075195,153.698623657227,166.22794342041,89.2811201186407,120.482852935791,206.591323852539,166.805432128906,138.372869740362,170.323311941964,98.9552243550618,166.548623221261,0,155.691802978516,0,162.948858509893,0,124.243877410889,187.294631958008,0,218.194213867188,0,136.966506958008,94.0803248087565,151.174723815918,119.482017012945,0,224.951583862305,167.388502120972,130.043100759524,157.508052559786,128.932010449861,0,0,132.489394378662,155.785417556763
84.7625211079915,70.2177280304749,66.8440713929503,73.6731440715301,100.878924633208,34.9518856843313,65.5941856032924,89.2028604790016,59.6842485589449,99.4017172557552,99.3221771985292,24.4804582892498,104.188858347926,61.5990631031313,46.912074032883,127.562923908234,87.7843204552019,41.4904785915742,64.1919777023277,42.8121852432908,101.948674735376,49.6908761794955,79.2955082738122,55.5066679167531,97.5194959027236,66.486518496275,68.7471450325354,73.6868231587616,74.6969296018654,30.4741539895876,32.9330752503185,74.9514152731049,35.2771829298173,41.1774314633597,11.9351249696508,169.101353963216,119.9075050354,117.972290939755,90.473988870474,157.5498046875,0,172.614339828491,159.189554999856,181.525716781616,116.741529192243,173.613018459744,153.209024217394,181.02587890625,126.717423575265,176.87774483817,0,122.049181919472,134.580231398679,134.432555227569,129.847331058278,104.302841186523,131.47557553378,103.596850615281,129.626020351132,129.561246961228,119.710450308664,122.484351396561,123.390787528264,149.012232666016,164.182116108556,139.103616283786,168.522715250651,0,159.896155221122,147.823367949455
169.903400421143,0,162.310799153646,89.1072432084517,177.68293762207,0,185.351384480794,140.751915693283,184.492034912109,88.92509765625,159.71794128418,176.943405151367,0,163.902404785156,168.559894137912,0,150.75690612793,190.800082397461,0,214.05884552002,0,134.922572958058,116.697559356689,179.295039040702,132.779957681332,0,210.937599182129,184.976701216264,144.426115337171,155.767148699079,141.657440185547,0,207.540023803711,151.508377075195,169.101353963216,15.0072614625067,137.755361116849,113.018287636768,73.9759242855317,109.587255624624,89.8125019073486,103.578233506944,34.33726546296,60.036581750724,77.2964950369186,77.1957130498587,134.373110141394,98.0064992904663,152.452775644702,16.5771755747727,127.675189971924,97.2318617248535,108.468444062226,141.45393629997,125.766047808589,96.5812423706055,90.760428379922,76.687022013207,105.495330200195,85.2214512295193,146.432381947835,133.260408126022,138.530915791752,83.8062460362291,21.9597253066671,26.9654398733708,152.177971335018,87.7365261713664,29.8966696338048,72.9876721502773
0,173.307159423828,97.6418982611762,120.613216400146,183.6865234375,0,0,0,0,0,0,0,0,101.893976847331,185.453704833984,0,0,112.292962392171,114.994168962751,126.454929351807,0,0,0,141.491658528646,175.326545715332,99.6173934936523,111.531061581203,116.097877241161,177.6466796875,149.692738342285,0,134.214248657227,0,153.698623657227,119.9075050354,137.755361116849,8.03287688359113,47.0483586058325,21.9448211395767,111.315912882487,0,173.811274210612,140.128385974515,148.861922491164,75.0418609888187,156.701090494792,79.4613761418982,112.218606567383,55.7023320355077,140.543790643865,118.65938229031,74.7166352801853,58.8003386910964,75.6291942596436,64.4182949563731,190.295608520508,105.68845070733,24.7099187735553,77.2553026180456,81.5128031403127,24.7469412120495,56.8435385317416,30.6265057347149,122.952909798458,120.417082977295,109.596963746207,75.6187428561124,103.240417480469,116.420560201009,70.5506601063346
162.971817016602,105.3748046875,98.5417133905713,109.311851228986,197.257652282715,0,194.733615112305,164.249899727958,187.301833172234,0,176.10294015067,152.79984664917,0,132.139801025391,185.139758074725,0,123.861799337096,118.432658430006,172.870267232259,142.085648309617,215.274002075195,134.597434208311,113.123335348593,107.02863942237,162.518503922683,126.748012542725,121.4593420196,99.8702302882666,157.953266187646,180.454046498174,156.197383714759,150.614952087402,225.319068908691,166.22794342041,117.972290939755,113.018287636768,47.0483586058325,12.9327067199121,48.5552394765283,138.762280055455,166.987216949463,141.94412378405,96.4062717685828,124.669896675156,118.421339911384,118.272710642321,114.443789442925,154.764019359242,104.20533978737,120.052531528233,150.875250816345,94.2556998512962,48.0630727598537,97.8282879456779,67.1803646618871,193.308985392253,71.2819609990348,50.6520918475832,34.895000385441,116.158159732819,101.837493896484,34.0674918678709,31.931954099331,90.0769361422507,140.105750682566,92.4246639978318,106.219739702013,174.67738494873,136.860705566406,81.0003209106141
