9.9139285542394,163.918970743815,95.3473721358438,78.3254331316267,83.9267236618769,81.1224166870117,95.5421165890164,34.4095978022884,47.0916897955258,79.6737616402762,48.143068188481,117.685570042308,107.018324715751,149.934649467468,18.4338407028406,116.480449676514,129.442143758138,102.719644308397,144.724918153551,129.981491088867,107.992120361328,78.1307597254246,137.445179462433,86.6622220641151,87.3020483263496,134.940045674642,136.279881397439,134.615521509507,68.1952427852003,21.7296402356133,33.1400367276867,158.290901184082,81.6815022059849,68.4490907986959,87.1680501222611,136.64567565918,0,166.923986162458,99.8817596435547,153.199234008789,0,171.008041381836,164.584748586019,176.130542755127,122.647529602051,207.576683044434,0,202.718505859375,0,177.274221801758,0,181.071853637695,168.184280395508,0,0,0,0,151.884056091309,187.717257181803,136.053917177262,0,187.028335571289,174.303741455078,145.187780857086,170.966799054827,147.083709716797,0,0,179.892074584961,153.622783660889
163.918970743815,7.91467820205373,58.6159956748025,20.2364723034731,88.2695999145508,184.280838012695,175.279354095459,156.266454696655,153.259059559215,73.4702880417091,154.001983642578,77.5534717593573,116.480327606201,54.0546889763498,136.8187084198,119.361880493164,69.581161737442,61.6375198973634,84.2901721281164,68.0564246014851,206.311462402344,122.745290120443,22.4707954858648,97.5170996130967,79.9841577823345,28.701145188168,57.5740779358269,40.8759471752491,115.635087472421,122.463253974915,118.503518104553,73.1828611547297,0,132.367975870768,69.7724895726622,0,18.0853672027588,116.059925079346,35.4359136157566,0,0,0,0,0,0,222.612854003906,88.1595916748047,0,110.870007832845,137.481369018555,0,101.180435180664,128.047464370728,95.3115081787109,180.21858215332,0,0,0,0,171.574020385742,55.789865175883,113.542518909161,105.158955409609,152.927978515625,0,0,0,0,0,0
95.3473721358438,58.6159956748025,12.5013223915757,52.7815243706835,136.605502252993,200.302490234375,133.58776656707,100.824989535797,124.326072953051,120.374599534638,113.963207783849,99.5121879577637,149.901846822103,105.106024632688,115.641808902773,140.152505493164,89.0075226235897,41.5590949705106,94.1891714536227,75.2986360081846,150.014790852865,66.4094842562822,60.3764238505783,26.1608148959309,109.040956938894,114.815426826477,35.1194003109906,32.8698885537253,93.0315344932631,129.220149408976,88.9237047587856,94.912192426409,173.312363034203,115.278804779053,68.7183272024211,176.460434913635,116.322018093533,99.403816849558,82.2729168553506,0,0,230.339833577474,173.507860875392,190.304132843018,172.902102152507,195.958685302734,154.590329488118,0,152.720456441243,181.670763198644,0,113.528433426567,117.222138601974,151.353490976187,131.842019241847,0,152.061174280503,90.5698433830624,113.092956047058,171.402755991618,146.230293273926,116.790472532574,101.598246452513,167.357121276855,189.933867081352,165.454955761249,203.857490539551,0,165.391708374023,119.793534696772
78.3254331316267,20.2364723034731,52.7815243706835,36.4374371568362,65.2579616598181,125.607128143311,95.6895368031093,65.5831760772287,97.55575481279,26.9908252968598,88.4651352604733,91.4657327665699,98.6202527364095,65.542128569723,96.4220062546108,90.8763097875259,42.5807610328671,73.5691582721213,97.9271118527367,77.8183308192662,77.667467880249,60.0524243536228,28.1448560241669,59.0325294053734,41.3772275098079,39.7572949140649,64.3322052447884,45.9032926747399,60.0497396630589,79.3879076610411,57.4410887260248,94.8301047156839,129.732656999068,63.3987830352783,70.5241332067347,92.3478817659266,37.343812863032,66.8534648944805,57.3674254417419,112.178345998128,0,162.864932468959,99.911575978597,128.33820778983,72.0776596069336,117.622091929118,148.256581987653,120.879254659017,61.4471715291341,119.286215209961,157.312866210938,80.2436279014305,79.5666417015923,166.385234832764,106.851182854694,142.300116856893,88.7573538886176,88.7693130970001,86.0795702683298,69.9745168685913,28.213809706948,91.5537818105597,68.4699327645182,88.3947238264413,112.046459024603,82.5782478650411,0,0,93.3119155883789,89.6640455881755
83.9267236618769,88.2695999145508,136.605502252993,65.2579616598181,9.89584453201005,98.0753549848284,68.3156827685477,71.969498538971,100.046846353783,42.7831669681477,22.3457674092733,173.681701660156,27.4928714195548,150.562950134277,110.708883170313,68.5218480199361,81.7856165568034,161.149505191379,175.456420898438,150.727241516113,14.0824551436308,116.523559570312,68.7170911935659,153.716785176595,16.9268015774988,125.820121765137,155.321538289388,140.522068104845,17.6533103699662,108.310653459908,103.131375399503,194.623219807943,140.078904585405,87.8006162643433,108.039239907567,184.816619873047,0,191.993423461914,83.3083323310403,19.3121784089517,0,158.341608394276,138.770051956177,166.15023318204,92.3054030785194,150.165395555998,0,55.3612627257472,0,168.330725351969,135.894411722819,166.307426452637,206.683441162109,0,0,40.8540047052252,103.132301330566,0,201.12134552002,110.612024883749,0,0,173.796854654948,135.6392869188,174.834337234497,212.155212402344,0,202.107528686523,174.675476074219,172.048137119838
81.1224166870117,184.280838012695,200.302490234375,125.607128143311,98.0753549848284,6.63044838650776,11.0652205505385,118.692268371582,18.9604718212024,56.0747173563639,110.535056522914,62.0148616972424,74.7052319844564,146.210787963867,23.9304781794013,16.5596858221156,0,205.590965270996,0,196.258766174316,109.959156036377,0,112.276321411133,133.735706329346,83.7430549462636,170.710215250651,145.374526977539,170.125211927626,118.24613348643,28.4964483218565,119.944236755371,117.112648010254,14.330119076305,128.900151570638,39.1355109214783,0,0,0,0,0,0,0,0,0,0,0,0,0,0,0,0,0,0,0,0,0,0,0,0,0,0,0,0,168.62548828125,0,0,0,0,0,0
95.5421165890164,175.279354095459,133.58776656707,95.6895368031093,68.3156827685477,11.0652205505385,11.7784101563467,63.7210749800549,25.3867864723875,69.937865102393,36.9703214362545,106.300876026769,28.1432227902088,132.940364772991,59.6273882194714,19.6935913818968,108.396354675293,150.858966137989,148.592303392364,159.949731140137,57.4307773431875,116.192052841187,160.731726752387,126.300335623472,79.0054944386558,145.391737937927,167.272418740907,161.660844328258,70.471517519403,74.0007135003147,110.377183787028,170.942966807972,26.5996491897296,111.057459405128,83.728361639543,200.822870890299,0,188.671231079102,135.867821433327,136.309843699137,220.528656005859,169.107384236654,154.014151705228,179.360858008975,119.285029275077,169.112822396415,0,159.311262342665,0,199.734024047852,206.899864196777,178.380710601807,220.031673855252,215.181106567383,217.099128723145,167.338719454679,0,158.517349243164,197.569030761719,133.263435880343,0,201.203056335449,204.393032618931,157.440777514843,190.592234072478,217.298049926758,0,222.984870910645,190.600936889648,177.810726928711
34.4095978022884,156.266454696655,100.824989535797,65.5831760772287,71.969498538971,118.692268371582,63.7210749800549,13.5905120914763,66.5536675665667,63.1630030822754,30.0696920786746,154.629669433594,73.9589059193929,176.794365211769,64.4076110881142,89.2940104940663,98.6486291885376,116.805869392727,181.577234121469,158.633936795321,98.2280599420721,65.6728256304571,90.5699890723595,78.538377001656,66.1276479006811,163.223663330078,143.421602662713,123.299069177843,33.2900646080888,74.6433192420722,27.4005464541425,180.36576047151,131.098013889642,73.681564099471,93.5589375281858,144.446164449056,0,172.878583041104,94.2965076385982,128.941999435425,0,173.12095006307,135.664271870597,169.83706098284,146.379985809326,149.060619899205,0,185.182290649414,0,165.716847853227,0,158.268969485634,195.370657348633,221.725067138672,213.159713745117,137.177662440709,182.583598545619,146.91942469279,166.326228215144,123.318892045455,0,205.125943697416,174.513064490424,135.368459194521,158.691517155345,155.55450306768,0,0,148.732785118951,154.139077022158
47.0916897955258,153.259059559215,124.326072953051,97.55575481279,100.046846353783,18.9604718212024,25.3867864723875,66.5536675665667,13.4931675769262,95.9660321111264,42.1434367263323,86.5214675528543,86.9713767031809,109.146181390092,21.7880965716415,28.3695095801388,156.171052631579,133.112588860772,139.271321468216,149.694754055225,87.2223487365213,103.467801498306,138.826314465753,115.24066442771,97.983760456839,121.500589294434,156.227049771369,150.745782256126,93.3439609773891,42.2932683742917,80.40960811849,153.513122455494,25.5864241662539,100.394221191406,63.0199281293486,182.203960418701,0,187.277268868906,126.516595774683,118.345424203312,0,196.857599431818,160.043202574824,193.611949920654,142.526317596436,175.064824884588,0,192.261530558268,0,192.456180203346,0,188.690023803711,210.465615081787,231.351165771484,204.608499145508,175.678024291992,0,175.99188486735,196.936787196568,147.570161018372,147.780239105225,202.700861150568,193.223000295539,158.22430759523,190.872094644083,188.445785522461,0,0,185.303701400757,187.685233306885
79.6737616402762,73.4702880417091,120.374599534638,26.9908252968598,42.7831669681477,56.0747173563639,69.937865102393,63.1630030822754,95.9660321111264,9.00850552395549,79.6325214009889,140.943409675776,10.1584030655709,124.010303150524,93.943537020902,24.3915732370691,69.6933265485262,126.453276644932,142.705389725535,143.577267419724,30.3899237632751,106.23251159668,23.4609193285357,122.42821598053,23.1333364884994,106.816639145215,126.515656592723,117.989003551331,54.7284811745703,81.002011784336,62.8050941106841,149.054766337077,103.348761925331,68.0016098697629,109.207864001646,122.127038319906,0,173.947152709961,87.0554478963216,91.647013425827,0,153.234124755859,143.489335632324,174.745544433594,47.4569063186646,129.411413574219,159.996200561523,119.828723907471,0,161.319808959961,64.9637603759766,0,170.297831217448,188.544052124023,195.246429443359,97.0866317749023,141.711532592773,0,0,95.5241298675537,166.754070281982,183.072059631348,166.343763563368,121.388107681274,131.380195617676,142.798065185547,0,0,142.521240234375,181.780174255371
48.143068188481,154.001983642578,113.963207783849,88.4651352604733,22.3457674092733,110.535056522914,36.9703214362545,30.0696920786746,42.1434367263323,79.6325214009889,15.9375707848276,141.983792763568,25.6782310614625,175.069320315406,47.2504717097259,72.6267549321893,118.673326604507,152.584343719482,164.88081036192,163.075540701548,16.799058002468,81.8006327393567,116.764783073874,95.2831401502128,73.4354447704151,167.171667916434,156.059941354005,149.143753436727,40.9057303500365,93.4934723943705,67.5702867185747,186.027003568762,118.316404893663,94.5390151859254,96.7096585239423,155.698163350423,198.087173461914,186.304968697684,122.084075546265,26.7487719053841,222.555419921875,167.791213226318,152.600766595804,170.135118567425,107.592283703032,165.261423631148,0,139.045695218173,0,199.813665771484,0,159.802190144857,220.196716308594,0,0,86.5324063009145,0,228.265884399414,189.445154363459,128.960581461589,225.97541809082,226.479927062988,187.148622785296,156.526427798801,191.435343061175,176.293451944987,0,0,184.970346069336,181.180097579956
117.685570042308,77.5534717593573,99.5121879577637,91.4657327665699,173.681701660156,62.0148616972424,106.300876026769,154.629669433594,86.5214675528543,140.943409675776,141.983792763568,12.4193006556664,139.583856745284,26.7902055480165,89.0187620263558,94.440502166748,113.775897979736,54.9639859769329,25.89873990843,25.6309720585175,152.081104096912,99.7621049004632,104.710474983591,103.231055881179,158.321696032275,26.8860981588842,29.7095183568436,62.2606784955605,161.301230084455,73.886691712163,108.287455336253,35.5814938379132,63.4454846930421,100.709860599402,27.0610841589114,238.621109008789,92.6408348083496,156.497330729167,91.1006467001779,164.842430114746,0,0,214.316584269206,213.138326009115,148.316619873047,0,104.456884384155,0,99.9222421646118,194.185680389404,0,188.103786468506,147.674318486994,121.364226846134,134.373995000666,0,0,125.217346191406,165.640538533529,207.885545210405,87.8811275257784,111.804402160645,121.719646037126,219.608222961426,232.818817138672,0,0,0,0,150.157683054606
107.018324715751,116.480327606201,149.901846822103,98.6202527364095,27.4928714195548,74.7052319844564,28.1432227902088,73.9589059193929,86.9713767031809,10.1584030655709,25.6782310614625,139.583856745284,10.5594341898203,154.884718758719,103.550207943592,15.3237266685137,64.4993667602539,175.516974229079,169.14570348403,165.381544414319,14.6848464288424,0,71.2924830118815,161.377859849196,25.096036735966,155.786709594727,171.914225874276,167.69434838546,52.7972359236364,103.01298105737,122.784776687622,185.78600769043,101.763745614461,95.2699604034424,98.1119216918945,0,0,0,130.378267288208,22.9911694465224,0,111.727397680283,136.031421661377,161.64715385437,71.8655735015869,81.5823960671058,0,11.0993180884075,0,151.010723114014,78.0103759765625,0,0,0,0,14.9092891269583,0,0,164.020477294922,62.3642427591177,0,193.57154083252,207.13335164388,43.2924983016158,157.079045613607,0,0,0,0,0
149.934649467468,54.0546889763498,105.106024632688,65.542128569723,150.562950134277,146.210787963867,132.940364772991,176.794365211769,109.146181390092,124.010303150524,175.069320315406,26.7902055480165,154.884718758719,7.48612323729713,119.146081306565,156.477114359538,126.86666690602,100.723010030286,56.9963780219245,71.7636138732175,158.308776855469,146.307991027832,90.5693829900568,131.792821822628,145.422736027762,19.7217210255889,30.5809559503198,42.6340364990246,170.853373718262,96.9146347824408,171.562729644775,14.7298295244848,83.6961737287806,155.514264424642,58.9652135560529,0,116.593118667603,133.433525085449,70.7465753226445,0,0,0,0,0,0,0,98.4878824022081,0,28.2645052013113,146.080436706543,0,166.501907348633,141.993913650513,101.065994827836,112.265637715658,0,0,126.561931610107,205.149871826172,190.975646972656,66.8568602475253,100.494193344116,99.4531821937828,0,177.63793182373,0,93.7409489949544,0,220.241165161133,124.812308629354
18.4338407028406,136.8187084198,115.641808902773,96.4220062546108,110.708883170313,23.9304781794013,59.6273882194714,64.4076110881142,21.7880965716415,93.943537020902,47.2504717097259,89.0187620263558,103.550207943592,119.146081306565,10.0848854763264,57.4272395207332,142.434440612793,121.655758268013,131.088687960662,136.998103180274,102.725249376126,97.8122794606403,125.847481384277,104.788501197577,101.731607455724,118.059329986572,146.309392336661,144.504246652303,93.7371348542411,25.6653428826283,63.857456315044,147.704352900667,14.8531307864913,47.1786280255164,57.9760297014358,175.231784820557,169.104827880859,187.757493421766,133.613992442255,136.124424205107,0,160.835305786133,164.675088609968,186.410767691476,173.886909484863,185.659823608398,210.700584411621,154.034870147705,0,193.00475769043,211.713348388672,207.309441702706,203.35583597819,174.716710408529,191.771680559431,162.858657836914,201.56763458252,152.93253326416,188.285951033882,144.15822085426,130.952758789062,204.429795159234,191.531086457081,159.797703539739,187.517542983546,192.085716247559,0,0,165.554360525949,192.810278998481
116.480449676514,119.361880493164,140.152505493164,90.8763097875259,68.5218480199361,16.5596858221156,19.6935913818968,89.2940104940663,28.3695095801388,24.3915732370691,72.6267549321893,94.440502166748,15.3237266685137,156.477114359538,57.4272395207332,8.68231168659158,0,157.310280481974,108.41535949707,172.522333780924,55.1199895486064,125.175483703613,97.2049330197848,152.105613284641,54.6330820896007,159.054123822381,164.435687594944,147.714957004123,87.5483699258604,86.0898610999785,141.938716888428,0,41.5829640678737,106.645032246908,122.501240674187,0,0,0,0,0,0,130.676193237305,137.961802164714,181.994140625,0,0,0,0,0,191.940414428711,90.242504119873,207.614288330078,201.23469543457,0,0,0,0,0,0,131.811317443848,0,245.666778564453,218.718933105469,144.054997762044,0,210.467864990234,0,0,0,0
129.442143758138,69.581161737442,89.0075226235897,42.5807610328671,81.7856165568034,0,108.396354675293,98.6486291885376,156.171052631579,69.6933265485262,118.673326604507,113.775897979736,64.4993667602539,126.86666690602,142.434440612793,0,14.5805202699138,102.951312808042,146.320004781087,122.057198623131,100.045288085938,25.9969682860004,35.8828566737907,25.5255175138393,44.297126831754,111.596882870323,115.537539832026,36.1704947106525,48.8574057503669,135.175468444824,77.7810781682579,153.27367401123,0,108.139888763428,83.7577023985525,134.531433105469,0,119.15661862022,60.2000611451295,0,0,0,142.837022399902,156.259519788954,0,171.890163421631,0,0,0,153.897190093994,0,103.564783529333,136.45482228597,180.458358764648,153.505613538954,0,115.482649153205,81.707599067688,108.9757395709,119.989633832659,0,165.462396409776,112.498969947436,126.081498847817,154.985101826986,121.814189951907,0,0,146.505241394043,124.27412147522
102.719644308397,61.6375198973634,41.5590949705106,73.5691582721213,161.149505191379,205.590965270996,150.858966137989,116.805869392727,133.112588860772,126.453276644932,152.584343719482,54.9639859769329,175.516974229079,100.723010030286,121.655758268013,157.310280481974,102.951312808042,10.9125928009374,53.5474232345277,24.5435672947131,186.295059204102,50.3109076686954,85.4609152926792,29.8087135170117,129.701158616902,84.8572054411236,33.7480455174076,69.5685106904317,134.096871225457,104.38717447721,72.1503763010379,90.2906399041834,168.631784121195,90.7526930871411,44.0327436379024,185.278091430664,102.15628306071,114.476484981152,95.3944000244141,218.572647094727,0,220.100799560547,182.56939453125,203.156110323392,212.291844685872,195.690129597982,164.772514343262,0,158.664154815674,202.10214468149,0,140.944418065688,126.518592751091,151.001155429416,132.384440663097,0,154.342375619071,120.331011685458,135.01662547318,185.645697631836,187.313278198242,121.497560784891,116.065976066272,185.617990970612,191.401959228516,181.11903889974,148.087463378906,0,229.873443603516,139.895457145495
144.724918153551,84.2901721281164,94.1891714536227,97.9271118527367,175.456420898438,0,148.592303392364,181.577234121469,139.271321468216,142.705389725535,164.88081036192,25.89873990843,169.14570348403,56.9963780219245,131.088687960662,108.41535949707,146.320004781087,53.5474232345277,9.78684342761876,17.9150330668332,183.106910705566,113.738202412923,118.322555541992,103.256090653909,169.064775832156,51.222447342925,32.8111712831748,68.663979026514,177.689184049281,119.446367221028,120.327611717811,55.2529786756264,100.394758224487,122.105587230009,67.3045912770294,0,114.065249633789,152.951951980591,89.3216516595138,0,0,157.062530517578,0,0,0,0,121.483512115479,0,98.2301240400835,179.994842529297,0,174.529205322266,162.361602783203,116.585289333178,134.618050967946,0,160.456024169922,126.056022644043,246.20149230957,218.011474609375,82.8918260846819,112.204633453746,111.238486735026,230.016891479492,0,198.120254516602,110.647486368815,0,0,127.611972263881
129.981491088867,68.0564246014851,75.2986360081846,77.8183308192662,150.727241516113,196.258766174316,159.949731140137,158.633936795321,149.694754055225,143.577267419724,163.075540701548,25.6309720585175,165.381544414319,71.7636138732175,136.998103180274,172.522333780924,122.057198623131,24.5435672947131,17.9150330668332,10.351962273208,145.940943400065,95.7999490257201,103.547407587734,80.4513021843619,149.507930619376,50.9434847256046,34.2380423574145,71.6907511680722,158.382280644154,120.448787904864,100.674531893542,65.7788073738214,111.622984452681,106.199994327458,46.0580859102587,191.499114990234,101.957424708775,139.774615151542,73.9514529451411,0,0,0,200.642902374268,233.968053181966,0,0,118.93563747406,0,120.626225062779,221.058898925781,0,167.082171122233,140.090487541036,114.4498966762,124.714819857949,0,187.832805633545,145.103139877319,146.507521195845,213.346017456055,82.5299184698808,115.892057165635,116.73578894247,179.997352600098,206.069808959961,200.522567749023,110.207176208496,0,0,132.328094991048
107.992120361328,206.311462402344,150.014790852865,77.667467880249,14.0824551436308,109.959156036377,57.4307773431875,98.2280599420721,87.2223487365213,30.3899237632751,16.799058002468,152.081104096912,14.6848464288424,158.308776855469,102.725249376126,55.1199895486064,100.045288085938,186.295059204102,183.106910705566,145.940943400065,7.66621282074971,201.931625366211,0,173.96076965332,14.8950382294969,0,171.621009133079,181.808643341064,34.6823857943463,105.297950713865,0,0,132.923989613851,100.479998270671,96.1918505883032,0,0,0,94.3349380493164,14.4398343361114,0,162.015131632487,129.220677693685,157.351236979167,86.2860013788397,142.910827636719,0,8.95254594895147,0,223.261856079102,101.857597351074,0,0,0,0,16.7527020051498,0,0,0,97.5400800432478,0,0,185.011672973633,87.261784286499,203.003570556641,0,0,0,0,0
78.1307597254246,122.745290120443,66.4094842562822,60.0524243536228,116.523559570312,0,116.192052841187,65.6728256304571,103.467801498306,106.23251159668,81.8006327393567,99.7621049004632,0,146.307991027832,97.8122794606403,125.175483703613,25.9969682860004,50.3109076686954,113.738202412923,95.7999490257201,201.931625366211,13.0347400211892,57.0348403585943,30.0124231762329,71.5777801915781,155.692176818848,120.717617373996,71.2473458034174,28.2070841608717,70.0651948454498,31.8155073115626,151.039405822754,126.044263986441,52.9149902964133,52.301959934896,136.195160438275,0,143.436064765567,75.6103628442643,0,207.597442626953,185.585418701172,131.356900796123,162.713859275535,101.191375732422,167.232029506138,173.727127075195,0,0,152.516384001701,0,110.106660382501,159.745318192702,204.685844421387,170.081890530056,0,118.383559208497,83.5427749221389,121.668625991589,115.860692717339,0,186.642211914062,131.692457054401,123.236852467855,156.457712943094,120.181238135962,0,0,134.897570559853,131.864432701698
137.445179462433,22.4707954858648,60.3764238505783,28.1448560241669,68.7170911935659,112.276321411133,160.731726752387,90.5699890723595,138.826314465753,23.4609193285357,116.764783073874,104.710474983591,71.2924830118815,90.5693829900568,125.847481384277,97.2049330197848,35.8828566737907,85.4609152926792,118.322555541992,103.547407587734,0,57.0348403585943,8.05663293500696,55.847609927018,38.1661840065422,71.5309279876501,89.7578279517163,44.6118476135174,61.3142740098591,113.220404698299,60.4081824031369,107.635435316298,191.560989379883,63.589972114563,79.826847255357,139.320869445801,92.3325805664062,120.36327717222,69.9219581202457,0,0,206.294448852539,154.033873240153,160.364049911499,0,198.354522705078,155.579921722412,0,0,142.818170547485,0,74.9189971577037,131.36005266975,0,158.026971435547,0,80.729767481486,33.664999294281,104.750163759504,99.2437553405762,136.120056152344,133.764540100098,116.845660493181,101.040551807569,126.759524027507,84.4474264446058,0,0,0,147.575222015381
86.6622220641151,97.5170996130967,26.1608148959309,59.0325294053734,153.716785176595,133.735706329346,126.300335623472,78.538377001656,115.24066442771,122.42821598053,95.2831401502128,103.231055881179,161.377859849196,131.792821822628,104.788501197577,152.105613284641,25.5255175138393,29.8087135170117,103.256090653909,80.4513021843619,173.96076965332,30.0124231762329,55.847609927018,16.9283656294078,100.819438256493,146.976860046387,77.7480653139899,55.275191873979,67.6781813962436,97.8629798878895,54.6234901126651,119.965814417059,163.555976359049,83.8372460402452,60.1050272230708,177.501681159524,125.809995863173,106.747095092152,70.7640849317673,196.747253417969,0,206.516067504883,171.94488432241,190.610952104841,211.17357308524,179.509956359863,157.034506853889,0,174.112075805664,183.311766386032,0,106.139089931281,132.90019946232,163.883492787679,152.889630162439,0,122.918914601773,82.278097374851,113.385253127018,150.579501721286,150.309585571289,139.259205838467,108.21142253768,156.926102492769,185.994024103338,139.485358691606,0,0,183.351219177246,130.2209649086
87.3020483263496,79.9841577823345,109.040956938894,41.3772275098079,16.9268015774988,83.7430549462636,79.0054944386558,66.1276479006811,97.983760456839,23.1333364884994,73.4354447704151,158.321696032275,25.096036735966,145.422736027762,101.731607455724,54.6330820896007,44.297126831754,129.701158616902,169.064775832156,149.507930619376,14.8950382294969,71.5777801915781,38.1661840065422,100.819438256493,11.3598485936484,122.020785234106,134.786047590135,108.095269627969,26.7544974941409,91.2714331081148,71.3344584489855,156.515936618381,137.706653726512,76.6360538294821,109.348471060896,135.694001850329,196.590270996094,156.617485489956,65.2946750059823,111.011038441991,196.181660970052,146.137046321746,118.806518238347,151.030133777195,90.0611566954021,136.630878355445,219.860069274902,136.780551323524,194.558387756348,153.582407171076,103.350846184625,119.486856651306,178.439150129046,210.449844360352,202.024394642223,116.811788594948,126.049952019586,114.158724285307,151.951960503301,101.98552832499,175.801834106445,190.348356957529,167.88404045105,117.814484125706,145.442814892123,126.689641856184,221.249694824219,199.323183332171,131.308438454905,137.236105485396
134.940045674642,28.701145188168,114.815426826477,39.7572949140649,125.820121765137,170.710215250651,145.391737937927,163.223663330078,121.500589294434,106.816639145215,167.171667916434,26.8860981588842,155.786709594727,19.7217210255889,118.059329986572,159.054123822381,111.596882870323,84.8572054411236,51.222447342925,50.9434847256046,0,155.692176818848,71.5309279876501,146.976860046387,122.020785234106,8.82984979359336,44.7547235610379,28.2716692700982,151.793764241536,105.045567261545,146.774883270264,59.5417689942477,91.5750549316406,136.858556111654,69.3090713070888,196.38134765625,76.604336420695,115.884365081787,37.9551994583823,0,163.760620117188,0,201.62678527832,0,139.933917999268,0,84.7025830304181,0,68.8013061881065,158.649520874023,0,222.207824707031,108.565461900499,79.1123092383669,98.4628944396973,0,166.356704711914,114.838404337565,150.192283630371,117.022201538086,45.084429945997,73.9293341006873,73.1254640297812,212.880081176758,109.039627075195,0,90.4510345458984,0,140.329391479492,96.2359291712443
136.279881397439,57.5740779358269,35.1194003109906,64.3322052447884,155.321538289388,145.374526977539,167.272418740907,143.421602662713,156.227049771369,126.515656592723,156.059941354005,29.7095183568436,171.914225874276,30.5809559503198,146.309392336661,164.435687594944,115.537539832026,33.7480455174076,32.8111712831748,34.2380423574145,171.621009133079,120.717617373996,89.7578279517163,77.7480653139899,134.786047590135,44.7547235610379,16.1464577374864,44.052244198001,137.731290305827,136.440622537443,126.709320766474,23.3305002594164,132.717420866995,132.193031469981,69.3272794599233,195.005952314897,99.5657827477706,116.372360571618,71.9075765107807,176.387908935547,0,0,195.20546581127,210.325023651123,174.910945347377,213.612518310547,122.704497398214,207.783935546875,113.352408393981,198.659979139056,0,161.803220113118,119.272981717036,112.576410208808,115.704003156242,0,158.476330227322,131.439266204834,151.541015960358,190.494841575623,80.0595390014648,106.214778124802,107.808866606258,203.751242319743,183.293692588806,180.067307063511,129.524728845667,0,0,122.812796115875
134.615521509507,40.8759471752491,32.8698885537253,45.9032926747399,140.522068104845,170.125211927626,161.660844328258,123.299069177843,150.745782256126,117.989003551331,149.143753436727,62.2606784955605,167.69434838546,42.6340364990246,144.504246652303,147.714957004123,36.1704947106525,69.5685106904317,68.663979026514,71.6907511680722,181.808643341064,71.2473458034174,44.6118476135174,55.275191873979,108.095269627969,28.2716692700982,44.052244198001,18.4923896312321,94.6455722661132,133.094914337273,115.944853039267,29.8806255886624,132.512078058152,129.635940735599,73.7998540497094,172.413664954049,104.017527809626,98.3576251614478,62.1258709363534,176.958124796549,0,201.912642258864,169.702830784212,191.400736628352,178.059094746908,185.544231414795,127.863152872721,0,106.108354920607,184.119232620018,231.330520629883,105.43436895098,115.293994073911,121.116296924529,123.303557403564,180.746948242188,133.785012800615,80.3596632391585,112.206010451302,170.083289033623,80.0486600365437,108.838508831701,101.678185217491,165.174390966242,188.816167147654,159.354717430702,118.050425889757,159.943603515625,189.044422149658,119.373804317179
68.1952427852003,115.635087472421,93.0315344932631,60.0497396630589,17.6533103699662,118.24613348643,70.471517519403,33.2900646080888,93.3439609773891,54.7284811745703,40.9057303500365,161.301230084455,52.7972359236364,170.853373718262,93.7371348542411,87.5483699258604,48.8574057503669,134.096871225457,177.689184049281,158.382280644154,34.6823857943463,28.2070841608717,61.3142740098591,67.6781813962436,26.7544974941409,151.793764241536,137.731290305827,94.6455722661132,12.88082944457,87.7478436198205,42.5396541909961,178.097274780273,142.242715002785,70.7942482118188,76.5233528079735,144.670685149076,196.333694458008,163.758757143604,80.5425549563589,60.9113479389757,179.750946044922,163.539297118223,134.191601832361,163.867303024876,107.142956968214,160.706452251074,222.941479153103,150.372189254761,0,161.906895502264,151.311423165458,129.064739936221,192.178573989868,229.406730651855,211.616464468149,144.65519274941,131.511247211032,137.124773424725,155.338973924225,115.932120335439,214.351844787598,210.121774196625,167.283439975315,131.262103702006,155.279415513018,132.505222865513,0,201.214431762695,141.068952620657,146.883360629612
21.7296402356133,122.463253974915,129.220149408976,79.3879076610411,108.310653459908,28.4964483218565,74.0007135003147,74.6433192420722,42.2932683742917,81.002011784336,93.4934723943705,73.886691712163,103.01298105737,96.9146347824408,25.6653428826283,86.0898610999785,135.175468444824,104.38717447721,119.446367221028,120.448787904864,105.297950713865,70.0651948454498,113.220404698299,97.8629798878895,91.2714331081148,105.045567261545,136.440622537443,133.094914337273,87.7478436198205,12.4819544137939,28.2202130921245,135.732016906738,13.50384974548,19.8077928536896,40.6631936585184,165.598957982557,0,189.358533797726,110.892078399658,146.310494740804,193.977127075195,191.566082347523,151.963294529679,187.051159526027,152.952671474881,185.274929046631,195.196128845215,198.491546630859,0,175.059658615677,174.808151245117,155.473212560018,201.497807094029,243.210540771484,171.898971557617,193.283711751302,154.934703281948,162.902015686035,189.288202386153,136.255980077123,102.415542602539,176.177380195031,186.162763657108,148.676321302141,177.776462282453,158.767186119443,0,0,171.081001281738,174.681748130105
33.1400367276867,118.503518104553,88.9237047587856,57.4410887260248,103.131375399503,119.944236755371,110.377183787028,27.4005464541425,80.40960811849,62.8050941106841,67.5702867185747,108.287455336253,122.784776687622,171.562729644775,63.857456315044,141.938716888428,77.7810781682579,72.1503763010379,120.327611717811,100.674531893542,0,31.8155073115626,60.4081824031369,54.6234901126651,71.3344584489855,146.774883270264,126.709320766474,115.944853039267,42.5396541909961,28.2202130921245,12.5484140479711,0,118.819883619036,37.3311188287302,33.9908055238558,138.03019013276,0,154.140283400013,70.8929513554588,135.656626383464,0,168.8779296875,136.677811492261,169.416342979254,142.086062840053,172.805061658223,239.026412963867,160.087249755859,197.946380615234,158.670963496952,176.21044921875,109.398081265963,168.414143698556,218.45832824707,191.934034075056,0,121.988454635055,106.124204158783,146.43855531754,115.692618357043,216.195770263672,188.310688691981,165.569198271807,123.264196465605,149.060793576922,124.64024487007,0,0,129.444902066831,144.629888681265
158.290901184082,73.1828611547297,94.912192426409,94.8301047156839,194.623219807943,117.112648010254,170.942966807972,180.36576047151,153.513122455494,149.054766337077,186.027003568762,35.5814938379132,185.78600769043,14.7298295244848,147.704352900667,0,153.27367401123,90.2906399041834,55.2529786756264,65.7788073738214,0,151.039405822754,107.635435316298,119.965814417059,156.515936618381,59.5417689942477,23.3305002594164,29.8806255886624,178.097274780273,135.732016906738,0,7.44174260041019,103.36904335022,140.763074239095,83.1786522681897,0,96.3961715698242,160.160501098633,71.3435806274414,0,0,0,0,0,0,0,135.82294921875,0,92.948600769043,154.136901855469,0,0,159.601847330729,118.115678151449,136.336117553711,0,0,0,163.678665161133,0,86.5559260050456,128.41117980957,119.656865705524,247.026626586914,0,0,111.151214599609,0,0,151.085090637207
81.6815022059849,0,173.312363034203,129.732656999068,140.078904585405,14.330119076305,26.5996491897296,131.098013889642,25.5864241662539,103.348761925331,118.316404893663,63.4454846930421,101.763745614461,83.6961737287806,14.8531307864913,41.5829640678737,0,168.631784121195,100.394758224487,111.622984452681,132.923989613851,126.044263986441,191.560989379883,163.555976359049,137.706653726512,91.5750549316406,132.717420866995,132.512078058152,142.242715002785,13.50384974548,118.819883619036,103.36904335022,5.70210429578029,158.799947102865,38.6970996632672,0,0,0,153.831878662109,197.734039306641,0,239.87922668457,187.014709472656,222.811004638672,0,219.816787719727,0,0,0,227.25553894043,0,0,0,0,170.067535400391,0,0,0,207.363098144531,193.5810546875,0,137.052398681641,214.724212646484,0,0,233.985458374023,0,0,0,0
68.4490907986959,132.367975870768,115.278804779053,63.3987830352783,87.8006162643433,128.900151570638,111.057459405128,73.681564099471,100.394221191406,68.0016098697629,94.5390151859254,100.709860599402,95.2699604034424,155.514264424642,47.1786280255164,106.645032246908,108.139888763428,90.7526930871411,122.105587230009,106.199994327458,100.479998270671,52.9149902964133,63.589972114563,83.8372460402452,76.6360538294821,136.858556111654,132.193031469981,129.635940735599,70.7942482118188,19.8077928536896,37.3311188287302,140.763074239095,158.799947102865,8.2917359017459,27.2901282056399,149.756167602539,0,152.105453491211,74.8267252180311,160.546235656738,0,175.060607910156,147.716170043945,168.199779510498,97.3511047363281,169.304930114746,0,0,0,163.37551351694,0,102.010986328125,0,0,0,0,142.209279378255,151.905952453613,165.258659362793,118.551603998457,0,163.979602813721,161.51696395874,130.922928472962,160.735914981726,148.394871520996,0,0,169.819541931152,155.292896617543
87.1680501222611,69.7724895726622,68.7183272024211,70.5241332067347,108.039239907567,39.1355109214783,83.728361639543,93.5589375281858,63.0199281293486,109.207864001646,96.7096585239423,27.0610841589114,98.1119216918945,58.9652135560529,57.9760297014358,122.501240674187,83.7577023985525,44.0327436379024,67.3045912770294,46.0580859102587,96.1918505883032,52.301959934896,79.826847255357,60.1050272230708,109.348471060896,69.3090713070888,69.3272794599233,73.7998540497094,76.5233528079735,40.6631936585184,33.9908055238558,83.1786522681897,38.6970996632672,27.2901282056399,11.2831812916682,168.911380004883,106.799223763602,120.26689349034,92.3800851088304,117.526190757751,0,201.667657470703,156.398541768392,189.363308906555,133.76633199056,194.066567993164,166.82580464681,194.02897644043,145.151374816895,179.744856065319,190.510986328125,124.173883546073,134.414727335391,148.008307562934,135.702316977761,151.893859863281,139.069418843587,104.808137257894,129.467826697245,139.872084144208,93.058349609375,127.104266435672,122.639660513273,142.754318134897,173.207007789612,144.904266103109,165.172790527344,0,151.963857650757,150.332430203756
136.64567565918,0,176.460434913635,92.3478817659266,184.816619873047,0,200.822870890299,144.446164449056,182.203960418701,122.127038319906,155.698163350423,238.621109008789,0,0,175.231784820557,0,134.531433105469,185.278091430664,0,191.499114990234,0,136.195160438275,139.320869445801,177.501681159524,135.694001850329,196.38134765625,195.005952314897,172.413664954049,144.670685149076,165.598957982557,138.03019013276,0,0,149.756167602539,168.911380004883,14.7630061013844,137.514033726283,104.417446677993,75.631109134571,90.8196699619293,109.603395462036,111.840065161387,34.0899089485872,75.842165403491,83.9368688540351,87.7515740007968,128.157720900315,109.547754461115,149.053284743737,22.4672600194827,115.434018029107,98.6416246367664,106.195520331249,139.647549914075,126.536272423899,123.588703155518,85.1150442225332,86.034961664109,100.763462971359,85.2981989739748,139.728367396763,129.884386604215,136.984904307239,89.0373084244074,24.0844774695623,31.3579167167196,152.941084725516,89.1441961589613,24.9934241456806,74.7078419109722
0,18.0853672027588,116.322018093533,37.343812863032,0,0,0,0,0,0,198.087173461914,92.6408348083496,0,116.593118667603,169.104827880859,0,0,102.15628306071,114.065249633789,101.957424708775,0,0,92.3325805664062,125.809995863173,196.590270996094,76.604336420695,99.5657827477706,104.017527809626,196.333694458008,0,0,96.3961715698242,0,0,106.799223763602,137.514033726283,7.3450201274537,46.2881145670934,17.4124872740946,93.2650858561198,0,182.141563415527,139.800787023596,151.895335727268,74.0944176912308,124.871772766113,78.2895790351616,104.471893310547,58.5183986698289,149.755422465007,122.09216003418,74.1827817456476,59.6886099767372,79.3574290447925,67.6983105388001,126.724411010742,97.0941638946533,21.0005413886067,78.2032230829789,82.8935463433879,24.792188596411,56.9423737271627,34.9497555531889,121.410284423828,125.5180182206,102.226022402445,73.0325772762299,143.708343505859,103.890121459961,70.4413745018744
166.923986162458,116.059925079346,99.403816849558,66.8534648944805,191.993423461914,0,188.671231079102,172.878583041104,187.277268868906,173.947152709961,186.304968697684,156.497330729167,0,133.433525085449,187.757493421766,0,119.15661862022,114.476484981152,152.951951980591,139.774615151542,0,143.436064765567,120.36327717222,106.747095092152,156.617485489956,115.884365081787,116.372360571618,98.3576251614478,163.758757143604,189.358533797726,154.140283400013,160.160501098633,0,152.105453491211,120.26689349034,104.417446677993,46.2881145670934,13.8349495450108,50.6846390170143,148.87718963623,171.310897827148,142.682026405645,96.7042224333394,124.660858492479,113.923974609375,115.196241262566,112.249594525593,167.817897796631,98.8140604119552,116.358156559905,144.049627176921,83.8750340071591,47.8771685980109,92.8351551573953,70.2054829386483,159.052659988403,66.591381928571,47.9340964481894,35.5776451304903,117.453675595076,106.412696838379,31.8749975568139,33.9260148821165,92.1489506270452,138.636041237889,95.9864953089929,112.803728637695,183.657865905762,143.978639108163,80.411071062088
99.8817596435547,35.4359136157566,82.2729168553506,57.3674254417419,83.3083323310403,0,135.867821433327,94.2965076385982,126.516595774683,87.0554478963216,122.084075546265,91.1006467001779,130.378267288208,70.7465753226445,133.613992442255,0,60.2000611451295,95.3944000244141,89.3216516595138,73.9514529451411,94.3349380493164,75.6103628442643,69.9219581202457,70.7640849317673,65.2946750059823,37.9551994583823,71.9075765107807,62.1258709363534,80.5425549563589,110.892078399658,70.8929513554588,71.3435806274414,153.831878662109,74.8267252180311,92.3800851088304,75.631109134571,17.4124872740946,50.6846390170143,18.489374820779,78.7455577850342,143.002012252808,117.29699214055,79.360205910911,102.386554297085,43.1356202403376,107.117336309524,87.2052366980191,111.822416305542,53.254857073475,94.8069993418528,98.614561254328,36.9018865424216,69.0195036504254,75.2703447434509,62.6507638843876,94.4313726425171,57.5449523433032,21.5709149129578,55.0433669252479,41.962012805869,25.0705697462376,53.8461790154113,41.234677206006,63.9518918000511,87.32804222204,62.7522293763629,100.433748418635,129.361439704895,67.4085767680201,71.0910067778724
