10.5173746480872,108.484438578288,99.7636286942,76.7809748818688,83.502925327846,71.2044105529785,77.0899809711384,43.1032755365888,39.526152895654,76.917093737372,55.2706133028783,121.234928131104,77.8656217787001,0,19.596559736496,103.882496643066,132.284534107555,101.668031088398,136.812606811523,129.969294891357,95.2435455322266,83.3352433029486,81.7786655426025,93.9254809604602,83.7865254378118,170.266006469727,118.046755674843,131.966631867165,75.1377952766646,19.3573803639885,36.2339666851693,0,83.7513313293457,61.3066381454468,89.375697727621,154.891522407532,0,156.980542864118,90.5811367424167,164.451728820801,0,167.848281860352,140.843057768685,196.434725080218,102.408638000488,178.073664855957,0,146.516387939453,0,174.685363133748,0,0,196.583511352539,0,180.706298828125,0,174.145355224609,129.561029052734,177.477727254232,133.96268217591,0,190.574151611328,177.149386319247,143.430765937356,163.883326394217,145.823997291359,0,0,137.081047058105,139.73161315918
108.484438578288,7.71140102010049,42.1337919647311,14.769850695446,131.336853027344,0,0,0,134.001918792725,65.0386067596955,137.903636932373,66.9945585117784,89.0275421142578,54.3467069080898,140.339378356934,98.1015090942383,62.2178050449916,59.4546355872319,74.7073307037354,68.3922735691071,0,78.8874633789062,20.0698029149259,62.1154365150296,80.2307203591588,29.9772129194818,59.7613311634269,33.3689666241379,106.887277082963,118.610655648368,96.5656793767756,68.1879058837891,0,107.299728393555,64.5501650794078,0,5.96175893147786,105.368895530701,52.2100858688354,119.800399780273,0,121.85302734375,121.667816162109,191.071594238281,100.572906494141,163.228698730469,100.746002197266,148.340942382812,85.4982107062089,193.151489257812,110.063369750977,0,113.268592834473,105.051959991455,109.712339782715,119.097023010254,174.659774780273,71.7728424072266,124.903785705566,127.540963745117,75.2592658996582,111.538006305695,104.379317092896,0,0,0,126.43106842041,0,0,0
99.7636286942,42.1337919647311,13.305541297607,47.115401788321,166.697172546387,95.048957824707,129.882745079372,99.5219137790429,126.164718129457,102.609499816895,111.032121702682,85.2478649036304,175.685531616211,110.769173758371,115.078972948318,123.017468770345,79.7825068994002,40.7772303910992,94.4203607624975,72.567057273427,189.731994628906,64.6403222781176,67.0776569255884,35.0528309265735,99.9526889947233,103.796326637268,36.0642777326377,33.6837993708971,82.002498177643,104.448898941531,84.2802423350016,101.412172953288,0,96.5764141082764,60.3502900336553,175.72912902832,101.087346394857,97.2639554862158,69.9122086875459,0,0,0,163.38420715332,213.694654464722,0,182.092839558919,159.244579315186,184.125076293945,139.463638305664,189.317108154297,198.190567016602,122.292686462402,107.611770343333,127.831588745117,121.267936000118,0,154.259972516228,63.4866583955054,119.704595660219,161.810652530555,136.86011505127,103.00379032135,98.9788472742705,166.561751530088,159.611099243164,154.114145914714,158.169611612956,0,186.450592041016,114.071676366469
76.7809748818688,14.769850695446,47.115401788321,34.5976092558016,90.3053906758626,120.032829284668,104.187546014786,62.4704509435916,98.0426718992345,17.9079495588384,113.091887613932,75.0770728683472,143.563299560547,56.9965152116579,90.559541992385,105.962084028456,40.1528802365673,74.3771079715929,95.0473768060858,85.9061965601785,150.19753112793,63.9973290676541,22.5202308608671,54.7317191476825,47.9693946236685,35.5394530591066,68.5364613268698,38.2233215589956,59.3221904187293,71.8825824446773,57.6461873009178,86.548735499382,119.017759595598,57.8225387164525,63.5455217527307,78.7254620602256,23.4630356232325,53.2530232747396,28.0793513414022,106.222946166992,0,172.75276184082,101.01807653904,147.215986463759,68.0550984494826,123.103216807048,89.7515619066026,0,95.4435073004828,133.129992541145,0,51.5346361966741,72.7495011803058,121.842826843262,84.4678464947325,82.623405456543,91.5166198730469,34.2977577191365,65.8026857090567,82.2358356203352,69.5380228215998,67.6292235409772,52.6004960086084,94.5884850958119,89.6727070475734,79.3853994765372,102.661437988281,0,77.5116907755534,79.001596890963
83.502925327846,131.336853027344,166.697172546387,90.3053906758626,9.4520619890132,135.014831542969,67.8409266821078,78.1645184516907,96.6785157968332,49.6124295049153,23.4601264810926,178.238433837891,25.8929369101906,201.391181945801,99.6783908129277,54.7983035511441,0,0,184.801635742188,187.786739349365,12.5908818196388,121.523234049479,107.571927388509,164.633974075317,19.4016746866686,169.340454101562,168.381195068359,152.815594264439,16.2659030687996,94.2377997132921,126.265738487244,0,141.225415802002,93.5050830841064,96.5695409601385,0,0,0,92.7096672058105,19.2619436147166,0,130.852291453968,149.371683029901,161.093845367432,93.6745887289242,118.454083215273,0,98.7689551260413,0,168.383166503906,106.562708960639,0,0,0,0,57.6496362900949,0,0,0,104.32376186053,0,195.509559631348,173.014999389648,110.603536197117,187.035495758057,191.164428710938,0,0,0,167.788497924805
71.2044105529785,0,95.048957824707,120.032829284668,135.014831542969,6.82279317430926,8.8247989290623,127.146404266357,21.3445569777223,56.012571144104,126.118692398071,69.0260535103934,92.4914872911241,95.7928466796875,33.8012796156477,12.5329468955105,0,222.773422241211,96.4548759460449,98.9722646077474,96.005744934082,78.0259704589844,85.2677675882975,137.207841237386,86.7769775390625,0,105.451577758789,116.229217529297,129.407936096191,26.2787194489519,103.553855895996,0,10.4208952277848,0,41.0952615122641,166.863021850586,0,245.230072021484,128.497673034668,0,0,204.881057739258,210.30299987793,175.984916687012,144.318893432617,0,0,0,0,227.742462158203,0,0,0,0,0,0,0,0,0,160.90022277832,0,0,0,191.977874755859,186.865081787109,183.219848632812,0,0,0,0
77.0899809711384,0,129.882745079372,104.187546014786,67.8409266821078,8.8247989290623,9.6612135906225,59.8113010558372,20.8916688284664,61.5517926705189,36.775127601321,78.3785424665971,27.0628918692034,95.1907913208008,41.1626216781522,10.3373241313654,132.801102774484,153.563556671143,106.285584513346,127.889870493036,44.64519142554,111.110500704858,131.297054290771,122.638812131102,78.3170091718752,84.8542518615723,140.952484494164,148.538923180622,68.3648190234215,32.8193241526868,93.9006929812224,105.120704650879,19.9880990691091,91.3073320388794,58.8204595723892,182.299120221819,0,0,108.851909001668,158.208856201172,0,149.570991516113,157.514422886808,181.6038646698,115.531283985485,162.822103456009,0,142.466114044189,225.666610717773,177.662109901165,0,127.529998779297,208.636154174805,0,0,158.90443081326,0,0,0,134.990936751593,0,206.307518005371,184.431549072266,156.977817293964,174.94943596335,175.243185997009,0,0,156.047515869141,182.328256607056
43.1032755365888,0,99.5219137790429,62.4704509435916,78.1645184516907,127.146404266357,59.8113010558372,11.9645915702854,61.330714474644,57.0865897990689,18.2810440359995,135.210960006714,72.1827549352878,194.491958618164,53.049707534238,78.9332385395848,89.9080531146075,126.333634104048,167.19985555013,136.832386710427,101.154153660366,70.6024115844381,97.7893636876886,85.3260530758472,59.7221109777988,0,124.911389663193,122.369382670668,32.2988856524083,55.0582536172585,22.7031478095353,154.260787963867,119.93869972229,63.7712762105531,81.6832072704135,130.686960556928,0,181.65180460612,74.314317436034,135.83298890487,0,148.677933402683,122.435199328436,158.004190545333,82.9485280297019,138.520176814153,0,137.499604797363,0,154.673682220711,111.307468414307,129.585409164429,185.226062350803,0,194.40357208252,128.409677293566,157.242515563965,127.794027540419,171.929100036621,109.656739261592,0,182.154975197532,162.693205889534,126.174575176645,143.607945285001,133.84197324865,0,185.269653320312,143.62700843811,137.742914639986
39.526152895654,134.001918792725,126.164718129457,98.0426718992345,96.6785157968332,21.3445569777223,20.8916688284664,61.330714474644,11.6639645014018,95.424144521301,45.0665040395054,78.5892909258261,75.87369457905,107.017174664666,19.7755850848822,32.8707858331809,127.961713473002,132.534669154194,106.278285150943,132.914195625149,89.6265565199374,110.445035987594,141.735155972567,120.217569091797,97.3098493218015,143.160837809245,138.547126211499,148.352784474691,84.4432717103407,36.7723705657468,83.8591075576401,117.028026035854,17.1275684545411,92.7209796905518,65.3667119389815,170.982600886647,0,210.644877842494,110.170844235263,169.349523544312,0,184.843977864583,163.386156082153,190.12013391348,117.717237119321,175.395709037781,0,160.91162109375,0,190.537671811113,172.283424377441,182.93138885498,221.897119140625,0,208.604649861654,154.315672738212,0,170.85701751709,187.744059244792,147.43559151941,0,200.486888538707,198.451590798118,161.981188858171,182.866998330141,174.147550653528,0,0,162.070007324219,182.501293334961
76.917093737372,65.0386067596955,102.609499816895,17.9079495588384,49.6124295049153,56.012571144104,61.5517926705189,57.0865897990689,95.424144521301,8.49796033185249,70.2009548033723,127.222010451097,10.0237898201705,117.531081948701,93.0221345473309,19.1181789064724,49.6534441274489,116.168851937821,133.490119934082,126.514684833464,18.8823957031991,81.7551026940346,26.0060287400612,102.300363473331,25.1466031499752,100.163734250774,121.41479350564,100.02896831017,55.1334084655182,74.4256312659617,59.1188998925881,127.217824009487,126.316347122192,63.6268407952695,86.6436057090759,147.249885559082,0,175.53458404541,71.078286858166,103.470969390869,0,125.07177734375,104.082674560547,149.810466221401,41.8289620637894,105.861769473914,0,90.6133139474051,157.29079606798,141.183947971889,68.6990409851074,151.502990722656,175.880279541016,220.639450073242,171.130407714844,81.2930492054332,97.3400268554688,97.4373995463053,0,78.7756602980874,141.393356323242,157.751567077637,173.590723904696,111.462088892015,137.21860742569,127.675581932068,174.707489013672,0,103.366683959961,146.036499023438
55.2706133028783,137.903636932373,111.032121702682,113.091887613932,23.4601264810926,126.118692398071,36.775127601321,18.2810440359995,45.0665040395054,70.2009548033723,12.5437633703741,140.760833316379,29.3042140693344,142.20868174235,49.2066992042413,64.6600747501149,102.99143447876,138.270692742389,162.368349347796,159.593583788191,21.340344377503,93.1452613188842,103.849881308419,102.498176117738,58.5244845281686,0,134.397717319835,143.312848472595,25.7515614652871,83.4537516074675,55.803906801368,0,124.222058913287,78.0944553375244,89.0780534280313,187.415107727051,140.082138061523,186.364723205566,116.289826326592,151.020587666829,0,159.240787212665,145.599541492951,167.686201307509,95.2518064611098,150.434997791552,0,142.84566519601,194.818954467773,185.947279930115,129.350201533391,0,207.995956420898,0,0,134.006234616649,0,149.588104248047,0,114.82932726187,0,190.997492472331,192.632503933377,142.766948649089,183.850012207031,180.705437660217,0,0,146.605773925781,183.088195800781
121.234928131104,66.9945585117784,85.2478649036304,75.0770728683472,178.238433837891,69.0260535103934,78.3785424665971,135.210960006714,78.5892909258261,127.222010451097,140.760833316379,12.5063839371907,124.627512613932,24.5701451967373,73.2035674428552,92.8236618041992,130.729151108686,45.0682326952616,24.608802396229,28.8941640998574,170.94645690918,98.3045254177517,95.2451267242432,68.8261160267964,147.894892374674,25.8829134110889,36.7648886859014,62.9108704326977,154.314768836612,54.659988632081,101.440064748128,39.9172392597034,66.3414556846856,87.2853899002075,24.4899747617824,206.17081451416,106.128789265951,157.909754071917,84.0551813299006,200.398040771484,0,0,217.598114013672,0,136.142608642578,0,93.7374889004615,0,66.1227104697429,155.16471862793,0,0,136.129348754883,104.8782980577,109.832244157791,0,0,102.839460372925,179.990804036458,188.76481628418,61.6726773579915,102.131487785654,99.6943133436603,202.437255859375,207.883331298828,212.115275065104,90.860543643727,0,0,110.70528273149
77.8656217787001,89.0275421142578,175.685531616211,143.563299560547,25.8929369101906,92.4914872911241,27.0628918692034,72.1827549352878,75.87369457905,10.0237898201705,29.3042140693344,124.627512613932,10.3982335229229,157.62971496582,97.0476426436762,10.5181743072165,0,169.087854003906,169.776844024658,160.345176696777,15.4887709010239,190.554168701172,71.9776458740234,179.994885035924,24.8633774867472,133.181076049805,166.874577840169,161.527233668736,42.7931143181509,95.1101623604305,131.567151069641,0,114.840032100677,121.894404093424,93.6935815384139,0,0,0,103.974746704102,111.071997070313,0,146.867736816406,179.355369567871,0,109.841548156738,147.274192810059,0,99.9214237758091,0,182.328411102295,0,0,229.344604492188,0,0,112.707347523082,0,0,0,114.756269108165,0,0,216.533004760742,149.255980491638,200.35164642334,206.176406860352,0,0,0,227.9072265625
0,54.3467069080898,110.769173758371,56.9965152116579,201.391181945801,95.7928466796875,95.1907913208008,194.491958618164,107.017174664666,117.531081948701,142.20868174235,24.5701451967373,157.62971496582,8.13498426100642,99.2123948415121,160.126131693522,125.475331393155,97.8565767728365,54.1964355068707,87.6051505633763,0,148.961013793945,87.8938278905053,118.701293945312,138.490506744385,20.8823576846791,44.8979276641276,35.5177480226311,164.266815185547,80.7654059273856,173.321929931641,20.5513139430921,90.2071075439453,0,61.2923030946769,196.031875610352,101.32934482281,0,89.1422899822856,195.949325561523,0,0,209.422760009766,0,158.890847342355,218.721939086914,89.8131097521101,0,64.8639612041108,210.802734375,0,0,136.415394919259,95.8174111717626,109.364734919384,165.147399902344,177.084526062012,124.405813043768,154.258560180664,165.945715097281,55.8911011565276,91.4548732145333,88.3446551749581,192.797523498535,169.153150558472,196.407516479492,87.724450813545,132.059844970703,0,114.510104751587
19.596559736496,140.339378356934,115.078972948318,90.559541992385,99.6783908129277,33.8012796156477,41.1626216781522,53.049707534238,19.7755850848822,93.0221345473309,49.2066992042413,73.2035674428552,97.0476426436762,99.2123948415121,9.86996251849926,67.8908702397751,131.231988089425,118.29084394878,103.786301149141,118.867429460798,98.3033920858324,95.951544118482,108.873300098238,107.479523237564,95.8405621846517,84.416064453125,129.351283799556,135.760621877817,89.0065262799647,22.7380318600265,51.7242183902234,114.79291603782,14.2480206869117,35.7265000918012,55.375276653994,167.923925442166,234.563003540039,202.66429901123,107.400630969356,176.490117390951,0,184.709761399489,160.559090071028,193.410685612605,135.591139420219,170.58843330715,157.789581298828,183.799514770508,104.9453125,186.369021315802,180.404144287109,162.491859436035,218.434531075614,153.356460571289,188.061302185059,180.125238037109,174.199459075928,152.810873667399,190.536922999791,149.666651557474,0,194.892127143012,188.560913848877,157.300864746249,172.333983564799,162.729515391694,0,238.795860290527,163.501286400689,178.93340781883
103.882496643066,98.1015090942383,123.017468770345,105.962084028456,54.7983035511441,12.5329468955105,10.3373241313654,78.9332385395848,32.8707858331809,19.1181789064724,64.6600747501149,92.8236618041992,10.5181743072165,160.126131693522,67.8908702397751,6.54529419119694,149.660217285156,147.428665161133,175.424217224121,0,33.8513857092561,93.2631683349609,65.2697466763583,150.169450378418,54.1480695854239,140.23993900844,156.908284355612,127.285264434814,71.7792071199965,68.4239950594695,101.74273554484,171.403335571289,35.293655519563,118.898635864258,68.9261264801025,194.67561340332,0,0,148.009338378906,0,0,0,136.475914001465,220.196746826172,95.4553573608398,0,0,142.473678588867,0,173.167388916016,0,178.485458374023,0,0,0,103.045669555664,0,156.760925292969,0,129.392919812884,0,198.852355957031,178.797149658203,125.580642700195,178.096084594727,0,0,0,147.303649902344,0
132.284534107555,62.2178050449916,79.7825068994002,40.1528802365673,0,0,132.801102774484,89.9080531146075,127.961713473002,49.6534441274489,102.99143447876,130.729151108686,0,125.475331393155,131.231988089425,149.660217285156,12.5820914226106,104.370453186035,135.560460771833,125.130977028295,152.189971923828,36.4029515221722,29.8477727129633,21.6621177363459,32.0415384313683,103.116703033447,105.753985098743,41.0891303076159,34.7693932660607,99.5094188054403,69.2540901332781,122.038436889648,0,72.000846136184,77.4579742953309,131.432715415955,90.6324310302734,112.413074239095,58.3139538266766,0,0,0,137.004525078668,186.101142883301,132.30276743571,0,194.525405883789,0,0,170.792620340983,0,97.3572449992887,148.158275858561,0,167.725123087565,0,114.819962465673,53.3925621427339,101.47226058567,124.676099823742,0,147.433155980603,114.487143764606,119.554621646279,126.309419555664,117.518871066807,0,0,115.166182884803,119.460442793997
101.668031088398,59.4546355872319,40.7772303910992,74.3771079715929,0,222.773422241211,153.563556671143,126.333634104048,132.534669154194,116.168851937821,138.270692742389,45.0682326952616,169.087854003906,97.8565767728365,118.29084394878,147.428665161133,104.370453186035,10.9543971641515,48.695460629537,24.5050321832084,165.985809326172,72.4374007122426,91.5448694610596,24.0100248584566,127.421241840563,76.8195334540473,40.6280178964678,68.0036817902013,119.781870539048,91.8214405688687,78.6770029874513,102.529136657715,102.221008300781,86.2455777118081,34.3051021718257,0,98.0522033691406,119.718174146569,101.933472115653,0,0,0,202.351521809896,193.522216796875,186.157218933105,0,170.350563049316,0,0,197.864433288574,0,142.184005737305,117.877689089094,130.756782531738,127.58400894165,0,179.374567667643,112.683388519287,139.753181055972,175.764046805246,155.059516906738,112.748438164378,114.990563161089,182.11852645874,220.616836547852,179.687515258789,159.733108520508,0,0,120.502545870267
136.812606811523,74.7073307037354,94.4203607624975,95.0473768060858,184.801635742188,96.4548759460449,106.285584513346,167.19985555013,106.278285150943,133.490119934082,162.368349347796,24.608802396229,169.776844024658,54.1964355068707,103.786301149141,175.424217224121,135.560460771833,48.695460629537,11.129038607058,17.4115158031669,166.960411071777,106.39291707931,103.790292913263,82.1010384913853,166.262638092041,45.7140075060037,33.2234388448945,67.6319140439221,159.673082853618,81.4755008877732,114.920570034451,57.0387605987819,95.2889787389877,107.622733621036,55.8383333165759,220.301345825195,119.315188090007,171.315505981445,98.9291367530823,0,0,172.408554077148,225.453472137451,0,192.902275085449,0,115.412219707782,0,107.235301091121,243.211853027344,0,0,151.785648345947,106.454483379017,117.319204330444,0,0,0,148.101898193359,197.501400756836,84.6798027038574,106.189474993739,107.3492772029,236.598663330078,118.700996398926,186.239883422852,107.865038871765,0,0,121.832039642334
129.969294891357,68.3922735691071,72.567057273427,85.9061965601785,187.786739349365,98.9722646077474,127.889870493036,136.832386710427,132.914195625149,126.514684833464,159.593583788191,28.8941640998574,160.345176696777,87.6051505633763,118.867429460798,0,125.130977028295,24.5050321832084,17.4115158031669,10.5064625886239,0,93.4117478539933,101.390099460131,63.2436974461491,141.938221681465,48.0407196154697,29.1333901329145,74.451735241604,137.277177651723,97.1014160799341,99.5645552211338,70.3066246509552,89.9651062909295,98.2528638567243,45.6964564504594,223.094589233398,141.815628051758,140.987588581286,80.735936612499,0,0,0,219.989742279053,0,185.831100463867,0,123.520864486694,0,127.112570081438,135.878433227539,0,173.541641235352,131.424970955684,119.33013381958,113.554829647667,0,0,116.337049484253,172.238302612305,201.607477823893,78.8564647674561,109.287288946608,114.348344415426,235.97289276123,195.621332804362,195.371145629883,93.1599655151367,0,0,127.76059450422
95.2435455322266,0,189.731994628906,150.19753112793,12.5908818196388,96.005744934082,44.64519142554,101.154153660366,89.6265565199374,18.8823957031991,21.340344377503,170.94645690918,15.4887709010239,0,98.3033920858324,33.8513857092561,152.189971923828,165.985809326172,166.960411071777,0,10.7882998635372,163.409845987956,96.7426300048828,169.43391418457,13.7211680091173,0,166.881469726562,160.49291229248,26.95116022157,93.9816223953709,123.641334533691,0,135.220055320046,100.675849914551,92.2992913722992,208.363510131836,0,0,0,67.8676751576937,0,89.0187110900879,181.072832107544,152.452033996582,85.1297003428141,114.729104581087,0,11.9965660577157,0,93.4908752441406,68.4627227783203,0,0,0,0,10.9477665374154,0,0,0,108.092658060902,0,0,0,123.725283940633,102.276275634766,210.849004109701,0,0,0,90.7300567626953
83.3352433029486,78.8874633789062,64.6403222781176,63.9973290676541,121.523234049479,78.0259704589844,111.110500704858,70.6024115844381,110.445035987594,81.7551026940346,93.1452613188842,98.3045254177517,190.554168701172,148.961013793945,95.951544118482,93.2631683349609,36.4029515221722,72.4374007122426,106.39291707931,93.4117478539933,163.409845987956,15.5370834737723,56.7914046896302,35.250098740859,86.0049406338635,109.041591644287,90.5502969348814,77.3818277619154,42.6996622973783,53.3767783505929,33.4182420120801,0,122.01248550415,50.9842265702521,44.9362843161655,142.614212989807,0,126.083867549896,73.0429710093937,0,0,194.051803588867,160.009670075916,191.576016743978,158.724731445312,216.521697998047,174.740386962891,0,0,158.609055014218,182.276473999023,114.772166325496,166.854568481445,0,192.184112548828,0,119.516502638995,68.9203995326378,125.615692774455,143.57725812804,0,150.18222173055,141.225276369037,126.069941693042,132.443187111302,122.266679717273,0,0,107.014984766642,131.571988847521
81.7786655426025,20.0698029149259,67.0776569255884,22.5202308608671,107.571927388509,85.2677675882975,131.297054290771,97.7893636876886,141.735155972567,26.0060287400612,103.849881308419,95.2451267242432,71.9776458740234,87.8938278905053,108.873300098238,65.2697466763583,29.8477727129633,91.5448694610596,103.790292913263,101.390099460131,96.7426300048828,56.7914046896302,7.87244992667807,57.4119145043818,29.7433288780004,65.0251113982542,88.903953335719,39.6476169414549,58.2362235474659,81.9824031591415,54.4179696701811,99.1068971215225,0,56.6552325162021,76.3791180148567,152.56356048584,0,89.9870443905101,37.1214122962952,131.094425201416,0,127.542373657227,140.581657409668,185.388580322266,65.7740796407064,130.595663888114,180.314270019531,0,139.305834960937,154.363618469238,0,63.9887182447645,135.081508636475,179.595708211263,146.172906239827,111.301240921021,80.9758544195266,17.4609827784931,96.3480116321195,106.234132232666,118.810104370117,134.178464806598,92.8713059847047,106.958513895671,128.44947052002,107.775091873972,189.473915100098,0,0,110.731014251709
93.9254809604602,62.1154365150296,35.0528309265735,54.7317191476825,164.633974075317,137.207841237386,122.638812131102,85.3260530758472,120.217569091797,102.300363473331,102.498176117738,68.8261160267964,179.994885035924,118.701293945312,107.479523237564,150.169450378418,21.6621177363459,24.0100248584566,82.1010384913853,63.2436974461491,169.43391418457,35.250098740859,57.4119145043818,18.5251037100299,92.6299531561067,75.1925188700358,65.436627228203,52.5547543623879,64.9664925591234,88.604182517997,64.4562225336714,131.645622253418,185.334665934245,82.2122326212481,53.2353558441867,163.890310923258,111.67067972819,103.273730575154,70.1565028535717,0,0,218.267649332682,163.095115164052,221.590789794922,227.779235839844,183.963906860352,151.835372924805,0,151.12548828125,191.71140497381,0,106.830803638551,129.812322279986,170.17670694987,144.945439772172,0,127.525676756415,69.1636883228969,111.70051162677,155.337751435071,131.863159179688,124.11961397074,106.444623740323,153.489165787844,168.64439868927,140.992951251091,180.606943766276,0,143.689130783081,122.044327369103
83.7865254378118,80.2307203591588,99.9526889947233,47.9693946236685,19.4016746866686,86.7769775390625,78.3170091718752,59.7221109777988,97.3098493218015,25.1466031499752,58.5244845281686,147.894892374674,24.8633774867472,138.490506744385,95.8405621846517,54.1480695854239,32.0415384313683,127.421241840563,166.262638092041,141.938221681465,13.7211680091173,86.0049406338635,29.7433288780004,92.6299531561067,13.4466520795261,116.144945286993,127.002370991045,86.0944597131148,24.1357780069198,82.22235282337,70.5940627655401,157.254296302795,136.582376563031,70.765319901128,87.4426609266673,136.199978040612,134.010659217834,153.375619506836,66.7667188141513,125.410835392742,184.599426269531,137.894269628432,121.684809645931,151.988584059871,69.6677241300413,126.417925999082,196.827152252197,111.853736877441,182.316974639893,148.684350302053,97.3405842070884,123.254496607287,174.541289718063,211.711222330729,189.12479355756,113.676773120511,128.095434004261,71.5355700097903,141.323556667421,97.8829983072833,171.4853515625,176.474278041295,162.549356501153,119.881321843558,139.961237320533,128.058328962595,217.879765828451,191.695487976074,129.732292175293,140.363136915727
170.266006469727,29.9772129194818,103.796326637268,35.5394530591066,169.340454101562,0,84.8542518615723,0,143.160837809245,100.163734250774,0,25.8829134110889,133.181076049805,20.8823576846791,84.416064453125,140.23993900844,103.116703033447,76.8195334540473,45.7140075060037,48.0407196154697,0,109.041591644287,65.0251113982542,75.1925188700358,116.144945286993,8.94046564321678,43.1884017568933,27.8514985437455,135.626972198486,82.9530334472656,144.216768900553,45.4595927444159,87.4754358927409,0,62.7949257518934,0,90.8204401189631,135.603561401367,53.6829767053778,198.838409423828,0,0,180.270530700684,0,158.637058258057,198.995162963867,77.3124596277873,0,62.863753591265,177.770294189453,0,0,114.421569824219,82.5288148019828,91.6597234090169,176.042205810547,0,104.820417404175,148.055056254069,146.665321350098,41.8673171747976,79.2397033404927,77.0200390606655,0,93.8780517578125,187.529373168945,77.3688296937106,0,0,97.4786211649577
118.046755674843,59.7613311634269,36.0642777326377,68.5364613268698,168.381195068359,105.451577758789,140.952484494164,124.911389663193,138.547126211499,121.41479350564,134.397717319835,36.7648886859014,166.874577840169,44.8979276641276,129.351283799556,156.908284355612,105.753985098743,40.6280178964678,33.2234388448945,29.1333901329145,166.881469726562,90.5502969348814,88.903953335719,65.436627228203,127.002370991045,43.1884017568933,18.3144798847379,46.1235718411059,125.848723660208,104.601135903375,101.605483505943,26.7432473655194,110.649697217074,113.185200617864,62.5742984833354,180.475082397461,114.622032859109,119.234510055441,75.6370447054191,235.293701171875,0,167.820388793945,195.24435710907,204.167797088623,173.928451538086,225.246551513672,114.952748641968,209.12060546875,109.638525610572,207.512902396066,0,149.477082061768,114.063318489242,106.394040961015,107.786488744504,0,167.19357808431,115.702713101409,145.328070298681,176.796320701132,78.6051533316064,101.076133780321,103.760734583627,194.682079315186,177.020505428314,178.263077679802,114.127982195686,156.400039672852,156.412689208984,115.399825305474
131.966631867165,33.3689666241379,33.6837993708971,38.2233215589956,152.815594264439,116.229217529297,148.538923180622,122.369382670668,148.352784474691,100.02896831017,143.312848472595,62.9108704326977,161.527233668736,35.5177480226311,135.760621877817,127.285264434814,41.0891303076159,68.0036817902013,67.6319140439221,74.451735241604,160.49291229248,77.3818277619154,39.6476169414549,52.5547543623879,86.0944597131148,27.8514985437455,46.1235718411059,17.3444581794307,74.7481745833458,114.297744049588,104.888292941418,18.913798037221,122.454522837763,110.466791788737,68.2894001354258,176.520108309659,102.575377452223,96.4191733970908,64.0652966189694,197.388873291016,0,185.356653849284,165.050260960371,199.28205871582,139.287842341832,186.81819152832,117.5752065131,180.051570892334,102.821306024596,198.935957297301,166.831317901611,103.103279841223,111.25750037239,108.204966069906,111.289624857348,176.784973144531,137.848538147776,58.4641430457813,108.025680879322,156.469453233288,76.4392874491149,102.016885149397,99.720907816161,152.51992852909,179.261664799282,162.159436573702,119.54131588406,143.637222290039,158.785789489746,117.061235659968
75.1377952766646,106.887277082963,82.002498177643,59.3221904187293,16.2659030687996,129.407936096191,68.3648190234215,32.2988856524083,84.4432717103407,55.1334084655182,25.7515614652871,154.314768836612,42.7931143181509,164.266815185547,89.0065262799647,71.7792071199965,34.7693932660607,119.781870539048,159.673082853618,137.277177651723,26.95116022157,42.6996622973783,58.2362235474659,64.9664925591234,24.1357780069198,135.626972198486,125.848723660208,74.7481745833458,12.4289664637525,77.5442403633654,43.0068277700483,171.24201965332,131.218887329102,62.5557179490584,66.6522591497217,132.19567734633,160.792785644531,150.677119814116,76.0224439954633,140.125080653599,207.823303222656,152.214436761264,127.157137343463,159.67765913181,97.5842434969815,141.430896280663,0,131.31536532671,0,156.399315943037,108.234251912435,122.428941726685,182.58213297526,230.839360555013,207.820337931315,132.597871239506,131.923485486935,74.7100341070266,142.327455308702,111.190176474983,0,192.035182787024,154.143680371736,126.017016760403,141.521532571138,126.459378786054,0,171.840377807617,132.568825099779,142.641775621687
19.3573803639885,118.610655648368,104.448898941531,71.8825824446773,94.2377997132921,26.2787194489519,32.8193241526868,55.0582536172585,36.7723705657468,74.4256312659617,83.4537516074675,54.659988632081,95.1101623604305,80.7654059273856,22.7380318600265,68.4239950594695,99.5094188054403,91.8214405688687,81.4755008877732,97.1014160799341,93.9816223953709,53.3767783505929,81.9824031591415,88.604182517997,82.22235282337,82.9530334472656,104.601135903375,114.297744049588,77.5442403633654,11.0382410699794,19.0813597273224,86.4079043070475,13.6918658168049,15.5141737329195,28.6168639226279,148.536760218003,150.095502217611,173.374618530273,96.0407562495777,144.278947310014,241.854080200195,177.350877380371,144.82805956211,175.286383909338,121.471640014648,167.858317494392,221.680725097656,139.293983459473,215.850936889648,173.230065441132,165.079803466797,149.76663462321,186.664193725586,191.188751220703,154.913578033447,149.744778951009,144.914897282918,105.383766174316,169.746930722837,134.74378244006,181.203048706055,174.399234424938,174.59221534729,142.16816880451,156.122361462987,137.726331689544,0,213.453338623047,144.862497329712,156.142976379395
36.2339666851693,96.5656793767756,84.2802423350016,57.6461873009178,126.265738487244,103.553855895996,93.9006929812224,22.7031478095353,83.8591075576401,59.1188998925881,55.803906801368,101.440064748128,131.567151069641,173.321929931641,51.7242183902234,101.74273554484,69.2540901332781,78.6770029874513,114.920570034451,99.5645552211338,123.641334533691,33.4182420120801,54.4179696701811,64.4562225336714,70.5940627655401,144.216768900553,101.605483505943,104.888292941418,43.0068277700483,19.0813597273224,12.0455182846225,0,122.779796600342,38.74482022423,35.7295364363395,129.721252750706,161.873657226562,154.892536010742,72.8086790037549,142.638412475586,0,190.720969063895,128.321085048794,183.10023244222,130.286702982585,168.476444789342,0,135.504241943359,0,158.678310939244,0,115.371382141113,173.013316345215,0,164.954360961914,191.971120198568,121.446466433774,68.555116969309,143.488174629211,122.532546504303,0,169.677092488607,162.124963459216,122.12773440974,133.641291576217,122.116017876333,0,173.820816040039,122.335411071777,135.739589207609
0,68.1879058837891,101.412172953288,86.548735499382,0,0,105.120704650879,154.260787963867,117.028026035854,127.217824009487,0,39.9172392597034,0,20.5513139430921,114.79291603782,171.403335571289,122.038436889648,102.529136657715,57.0387605987819,70.3066246509552,0,0,99.1068971215225,131.645622253418,157.254296302795,45.4595927444159,26.7432473655194,18.913798037221,171.24201965332,86.4079043070475,0,5.76632245917573,109.385681152344,0,72.403325817253,0,143.070452372233,175.320953369141,110.593873596191,0,0,140.099182128906,0,0,160.567749023438,221.684463500977,112.611581690171,0,93.2897703988211,0,0,0,138.433937072754,105.858711460658,112.979921068464,0,0,0,158.003921508789,0,79.086058480399,102.032039464077,104.230204963684,232.299179077148,131.900924682617,0,108.822825113932,0,0,119.025020599365
83.7513313293457,0,0,119.017759595598,141.225415802002,10.4208952277848,19.9880990691091,119.93869972229,17.1275684545411,126.316347122192,124.222058913287,66.3414556846856,114.840032100677,90.2071075439453,14.2480206869117,35.293655519563,0,102.221008300781,95.2889787389877,89.9651062909295,135.220055320046,122.01248550415,0,185.334665934245,136.582376563031,87.4754358927409,110.649697217074,122.454522837763,131.218887329102,13.6918658168049,122.779796600342,109.385681152344,5.98715700075091,0,41.3377601204404,217.00008392334,0,236.071090698242,132.705172729492,0,0,222.198379516602,182.050037384033,227.439956665039,0,0,0,0,104.899383544922,204.034027099609,0,0,0,0,0,0,0,0,219.156692504883,173.553707885742,0,145.26220703125,230.682998657227,178.894649505615,205.294387817383,185.703998565674,0,0,0,200.885753631592
61.3066381454468,107.299728393555,96.5764141082764,57.8225387164525,93.5050830841064,0,91.3073320388794,63.7712762105531,92.7209796905518,63.6268407952695,78.0944553375244,87.2853899002075,121.894404093424,0,35.7265000918012,118.898635864258,72.000846136184,86.2455777118081,107.622733621036,98.2528638567243,100.675849914551,50.9842265702521,56.6552325162021,82.2122326212481,70.765319901128,0,113.185200617864,110.466791788737,62.5557179490584,15.5141737329195,38.74482022423,0,0,7.76778181572748,19.6399720975272,126.240716200608,0,166.795143127441,71.7771608179266,116.924240112305,175.754135131836,134.657089233398,135.212311317181,188.840967178345,161.331367492676,163.516865321568,0,0,0,170.031164730296,0,87.0888671875,0,0,0,107.455238342285,120.260496956961,66.5381001692552,158.25343392112,121.07983936983,0,135.923156738281,154.431427001953,127.619054885138,136.329006195068,121.896895206336,0,0,119.735641479492,156.623405456543
89.375697727621,64.5501650794078,60.3502900336553,63.5455217527307,96.5695409601385,41.0952615122641,58.8204595723892,81.6832072704135,65.3667119389815,86.6436057090759,89.0780534280313,24.4899747617824,93.6935815384139,61.2923030946769,55.375276653994,68.9261264801025,77.4579742953309,34.3051021718257,55.8383333165759,45.6964564504594,92.2992913722992,44.9362843161655,76.3791180148567,53.2353558441867,87.4426609266673,62.7949257518934,62.5742984833354,68.2894001354258,66.6522591497217,28.6168639226279,35.7295364363395,72.403325817253,41.3377601204404,19.6399720975272,10.2135447967313,146.856111314562,181.629440307617,110.108525105012,88.2161260781829,0,0,179.296337890625,142.058943792221,175.691354604868,149.559544881185,170.767754187951,143.310877482096,0,127.754077911377,175.445069580078,0,111.262664794922,130.147309769032,127.613104078505,125.171973334418,157.057586669922,122.408521551835,74.3635034216456,119.725127877541,135.700192559034,75.6963221232096,117.348837942447,116.40829478952,135.007073692653,148.35134379069,132.062639508929,110.109657287598,0,127.749514261882,130.171378640568
154.891522407532,0,175.72912902832,78.7254620602256,0,166.863021850586,182.299120221819,130.686960556928,170.982600886647,147.249885559082,187.415107727051,206.17081451416,0,196.031875610352,167.923925442166,194.67561340332,131.432715415955,0,220.301345825195,223.094589233398,208.363510131836,142.614212989807,152.56356048584,163.890310923258,136.199978040612,0,180.475082397461,176.520108309659,132.19567734633,148.536760218003,129.721252750706,0,217.00008392334,126.240716200608,146.856111314562,13.3927396294234,109.087034606934,109.510643638859,66.079225721001,78.636043718883,0,86.5436742217452,33.7942180047694,67.8444100436785,65.2361697843987,65.8167717241934,136.132873376211,81.4107288561369,147.32850112915,24.7840488907137,92.2352485656738,83.9686625798543,105.588433526357,130.832280476888,118.405270813377,75.4441179415075,81.9056486742837,66.7306225403495,93.4629020690918,73.4539957463651,127.26781463623,123.25673275412,124.558021672567,77.6120300002214,17.2317413269991,33.7185611226414,151.563953653971,94.3308925628662,40.7885635632735,73.8832336533617
0,5.96175893147786,101.087346394857,23.4630356232325,0,0,0,0,0,0,140.082138061523,106.128789265951,0,101.32934482281,234.563003540039,0,90.6324310302734,98.0522033691406,119.315188090007,141.815628051758,0,0,0,111.67067972819,134.010659217834,90.8204401189631,114.622032859109,102.575377452223,160.792785644531,150.095502217611,161.873657226562,143.070452372233,0,0,181.629440307617,109.087034606934,9.20004876517976,44.0796442120989,21.1994914334186,127.109912872314,0,0,112.770862285907,169.849758911133,72.4735432118495,165.047926330566,74.2738434927804,133.968551635742,58.5853205252385,145.729745652941,105.96789487203,61.0679776543065,55.6144059724446,76.3426424026489,59.9087880131371,135.992580413818,91.3654998143514,25.9638285855439,74.8556286867927,66.2978536223365,21.6930955923293,50.6306382803928,31.740479278149,96.0492151896159,113.842063293457,99.5733212143627,75.6614345823016,0,109.462710062663,60.3097411662609
156.980542864118,105.368895530701,97.2639554862158,53.2530232747396,0,245.230072021484,0,181.65180460612,210.644877842494,175.53458404541,186.364723205566,157.909754071917,0,0,202.66429901123,0,112.413074239095,119.718174146569,171.315505981445,140.987588581286,0,126.083867549896,89.9870443905101,103.273730575154,153.375619506836,135.603561401367,119.234510055441,96.4191733970908,150.677119814116,173.374618530273,154.892536010742,175.320953369141,236.071090698242,166.795143127441,110.108525105012,109.510643638859,44.0796442120989,11.3768996258009,45.395286362292,149.746032351539,149.987436930339,139.042394374444,91.8252704989215,133.39176940918,112.703652191162,113.345178615686,99.7164084271687,149.386903762817,100.50099509103,122.720909693066,114.934150695801,72.7254693674487,43.8167798238216,93.6057400871726,73.2259749493876,205.550384521484,61.735145514352,50.4816943602128,36.9444557726145,106.15544164122,83.0967254638672,33.2158847075163,30.479431064487,82.1151270505373,129.041374526338,85.343542191125,93.1627044677734,185.106521606445,101.517150878906,61.9071263611941
90.5811367424167,52.2100858688354,69.9122086875459,28.0793513414022,92.7096672058105,128.497673034668,108.851909001668,74.314317436034,110.170844235263,71.078286858166,116.289826326592,84.0551813299006,103.974746704102,89.1422899822856,107.400630969356,148.009338378906,58.3139538266766,101.933472115653,98.9291367530823,80.735936612499,0,73.0429710093937,37.1214122962952,70.1565028535717,66.7667188141513,53.6829767053778,75.6370447054191,64.0652966189694,76.0224439954633,96.0407562495777,72.8086790037549,110.593873596191,132.705172729492,71.7771608179266,88.2161260781829,66.079225721001,21.1994914334186,45.395286362292,30.133631484128,113.414902980511,132.553756713867,109.748532381925,61.3968575032742,106.944481157002,15.3841873519722,104.455011553469,90.0370427880968,119.748912362491,73.1228388703388,89.6712397037449,63.1567132472992,45.0029294703916,63.6513049757326,84.0465576383803,61.2517817776174,119.340477837457,53.4046806006559,36.9537583311235,53.7670890375725,40.5308751225853,55.7979113682207,50.0437798637097,39.2682040454227,56.0923317157318,70.1067087419835,56.8787950083928,96.1180875441607,134.819629669189,52.3191683852433,62.4965826993061
