11.6428867972538,160.799514770508,104.068519340371,73.9753071634393,75.8187267303467,61.6644325256348,74.5472255888439,34.2247450705047,27.1304776480032,71.378169985785,55.6308130224546,133.392196655273,85.7369434356689,0,15.7484122137718,94.6376202901204,92.3875713348389,104.69860037922,138.305953979492,131.921124851002,72.1658274332682,84.506176228988,87.0588121414185,92.8448039053566,76.1795074053651,0,120.738188589773,125.664578346979,70.4156378995146,15.8544069411864,30.9828447760906,0,69.5837093700062,70.8145602544149,83.3668180422019,152.328457302517,0,211.087585449219,93.3590636714812,148.872451782227,0,150.249145507812,141.840475463867,205.063514709473,110.361888340541,151.113098144531,0,0,0,165.976869710286,0,0,172.044876098633,0,0,139.124977111816,0,86.0723660786947,173.337677001953,133.017191240864,0,175.637542724609,187.175750732422,134.887940406799,164.309000968933,138.729897499084,0,219.216567993164,145.71334584554,155.231597900391
160.799514770508,6.44068119698589,40.35524524136,13.2886431200184,127.851554870605,0,157.268020629883,106.796404520671,146.06471862793,67.6951187396872,116.917190551758,66.8129216589109,0,48.8848009541202,125.247674560547,101.329818725586,61.1817880604002,57.5741905530294,71.2756494283676,63.9096199593893,0,96.3155218760173,18.2252240836034,61.347526318559,89.1220849199993,21.208697441849,53.6668640476384,35.438933451804,105.449117487127,126.575171730735,111.977931340535,66.828550556038,117.574531555176,0,62.5726957266041,0,90.0977783203125,80.1289763450623,37.1013293001387,0,0,0,0,0,0,147.10075378418,95.3334325154622,0,95.041382925851,0,0,0,90.306428527832,107.553787231445,132.381324768066,0,0,60.9832954406738,127.791023254395,121.530128479004,110.073661804199,107.4959240789,105.426469076247,0,190.781997680664,0,104.452239990234,0,0,98.8695297241211
104.068519340371,40.35524524136,11.168021121972,45.2912947923914,153.191703796387,0,131.525720654112,89.9652324180485,128.797139352827,99.7134413511857,108.740101648756,83.1557608104887,177.864771525065,82.9361320944393,117.705185900408,145.115478515625,82.6354473798703,36.2247826116037,90.6699269104004,67.9661301292222,0,61.6438533152335,57.8185160180797,28.1982848031122,101.455683971587,0,33.0240665028454,29.8497831622318,76.6099883631656,108.811615358756,83.8929632962135,76.3995513916016,176.314569091797,108.085993931211,61.6601963710785,176.004280090332,75.7450764563776,92.768036598383,59.3620487722679,0,0,206.264785766602,162.133398550528,215.713046264648,75.9908752441406,171.174835205078,134.331176757812,0,146.626495361328,191.442792025479,0,118.71664276123,104.194226604397,123.434814453125,118.939120325549,0,124.659718104771,73.6949019840785,110.800256486373,157.316120494496,124.138790130615,102.81118789086,98.4541331296245,156.713562965393,143.531524658203,147.592135379189,143.080062866211,0,0,100.398006677628
73.9753071634393,13.2886431200184,45.2912947923914,26.4492275015625,65.5289403597514,120.644287109375,103.185876672918,59.4926078560647,93.8232735420894,11.0509784540906,95.6134560073631,71.5325233715923,91.5523255666097,52.5484857578827,90.6359878566935,56.951046356788,47.9708971901545,63.2324211763188,88.6048256311661,66.6421095442194,131.688897450765,56.377422876502,26.9467146093195,64.3913299393914,43.8021943170591,27.8515388770714,54.1023204256735,40.8760167873271,56.0712406273348,78.2295943387719,58.3726862993026,81.6183421741832,117.826905623726,59.485526583973,66.4993593409198,81.4609643150778,28.5702826636178,67.4781419505244,15.6087241396892,95.1939987182617,0,103.199986775716,75.3136832178855,118.156366174871,11.4275126087254,117.036672592163,107.227759225028,97.5451126098633,79.8003172874451,112.609537082248,0,71.1678800582886,68.3854277133942,144.133245849609,96.8007224400838,141.264128112793,77.0315166473389,34.1880678927645,88.5617261614118,65.3849309616089,79.5228748321533,71.7392754554749,70.8353994113883,69.3348743214327,85.4709592863571,72.5311876150278,139.577144622803,154.817108154297,63.6687942504883,87.0521716242251
75.8187267303467,127.851554870605,153.191703796387,65.5289403597514,8.11366323044988,108.041355895996,65.4514006592507,58.0740509522267,93.4432806338904,50.8849733063064,19.691231659817,138.707992553711,24.6932557515714,0,98.272752409396,65.4036420739215,64.6528511047363,116.617004394531,0,0,11.2898194909782,0,83.6244748433431,117.947948455811,12.2660417205356,0,0,138.123364257813,14.0367671399466,94.6931253375429,91.4798844655355,0,165.987335205078,98.4092025756836,95.1111145019531,0,0,0,72.3945041232639,14.4929608748509,0,144.67476940155,130.433199201311,155.229756673177,106.066762288411,108.53969891866,0,72.120663219028,0,133.505147298177,98.726183573405,0,0,0,0,47.4825489087538,0,141.850540161133,0,95.8417620946897,0,0,0,110.056407213211,154.454818725586,138.723831176758,0,0,0,150.70100402832
61.6644325256348,0,0,120.644287109375,108.041355895996,6.83161730054226,9.54132571372837,117.327167510986,24.7443237956923,51.0440002679825,107.105829238892,74.7001764634076,46.4873780470628,0,44.4438953995705,12.5659760291984,103.892250061035,0,95.4130020141602,0,122.668037414551,0,97.4344367980957,129.233551025391,86.4686939239502,0,94.9394317626953,117.096761067708,109.111785125732,27.4107150268555,112.289810180664,107.398307800293,9.98744486028004,0,38.9085584878922,0,0,0,0,0,0,0,178.449630737305,232.787933349609,0,0,0,0,0,245.229202270508,0,0,0,0,0,0,0,0,158.004043579102,148.895172119141,0,0,0,162.873260498047,0,0,0,0,0,0
74.5472255888439,157.268020629883,131.525720654112,103.185876672918,65.4514006592507,9.54132571372837,8.32213053452362,56.9381798773511,17.6344436227012,79.1674571809315,30.3217751115277,71.5212256961399,23.8259433849315,95.5533701578776,36.1661724937368,10.2911483954102,125.911119733538,152.042930603027,104.663581184719,123.709904063832,46.6495907534497,111.162945641412,111.944746229384,125.118036603171,80.2797409814733,88.0403035481771,137.95056060791,136.768633720202,64.5322484769946,35.516754549737,96.0456222132633,97.754399617513,17.9754916891674,94.141047000885,52.5652996025463,167.351483662923,243.677810668945,0,120.134267534528,150.671956380208,0,173.203183855329,158.405508718183,185.601580301921,132.76123046875,168.002526092529,0,0,0,181.419056285511,125.83960723877,0,0,0,0,147.25363667806,0,121.653533935547,0,132.219530808298,0,0,0,154.239723205566,192.206067766462,178.610168457031,0,0,151.776062011719,191.368152618408
34.2247450705047,106.796404520671,89.9652324180485,59.4926078560647,58.0740509522267,117.327167510986,56.9381798773511,10.1087476578401,58.9971844792605,54.4118194069181,16.7238511937115,148.505176544189,50.1700241452172,128.570938110352,45.7562876187814,73.440316843432,83.1401450037956,118.376329188444,163.338291168213,155.844112102802,81.7785632484838,65.0114341605899,86.7293433436641,81.3447179675102,53.8267875607071,0,116.307185430596,113.445378057971,26.666512490258,55.4547967193293,18.1765991631623,156.080894470215,118.480765122634,63.1478359928838,79.8319922147818,127.933822978627,0,159.883280436198,77.1601704915365,122.32151222229,0,151.629483032227,121.663457904543,157.805281066895,75.1192504035102,131.085918133075,0,120.378517150879,0,149.80654176524,106.102115631104,147.292549133301,162.072814941406,0,168.432739257812,148.664903004964,113.694007873535,87.6838575998942,148.605196634928,108.30552777656,0,173.443199157715,163.495401000977,120.661552050882,137.731327844045,122.864892120361,0,228.005920410156,141.333127702985,139.411793899536
27.1304776480032,146.06471862793,128.797139352827,93.8232735420894,93.4432806338904,24.7443237956923,17.6344436227012,58.9971844792605,10.5718918747017,91.6834802240939,36.5241101198595,75.7930198952004,68.7218007049488,93.6669710795085,19.351057285557,27.3325100458692,118.677298863729,136.201996829532,103.342502593994,143.176564534505,86.3480999710668,107.968958015266,108.270387320683,119.632839718611,93.9726622965144,80.0567321777344,138.610568759449,145.758295164518,78.3818043175435,40.0013666784837,79.7254210053112,106.66732635498,18.1799313990226,91.8916704654694,55.1033869366225,169.980805873871,133.424255371094,206.003516060965,117.328991208758,179.144193649292,0,180.588455200195,157.251360491702,194.972989987104,123.395725795201,173.275051879883,237.669876098633,0,0,192.593007137901,0,163.588203430176,215.567268371582,0,0,185.233067830404,180.345738728841,128.850448608398,178.378893534342,143.598312790917,0,204.626947021484,194.69556427002,157.688046494575,179.206982528954,164.974935195025,0,216.779281616211,166.938480377197,175.599943161011
71.378169985785,67.6951187396872,99.7134413511857,11.0509784540906,50.8849733063064,51.0440002679825,79.1674571809315,54.4118194069181,91.6834802240939,8.40505274289373,71.828352645874,125.517208197178,10.5722889509052,113.181934013569,86.871978412975,20.5442650150165,46.76560634941,111.541020845112,129.592317199707,123.49233033922,28.1916086634,74.2064594446227,19.1611632777095,102.582945208683,23.5916309873616,94.7372901553199,117.269385323158,97.4939853642438,50.4256376306354,71.5503796399945,54.8463801584085,131.959287560504,110.437602996826,57.9070299605877,81.4867729831052,103.188531239827,170.529388427734,125.194660186768,24.8850916735828,116.275240580241,0,146.178024291992,94.0632774829865,125.737837897407,16.8498079281933,97.3072461214933,0,56.3399368286133,139.852203369141,126.155391947428,68.7671999931335,121.591270446777,150.229629516602,165.825881958008,179.118286132812,90.3401321411133,0,24.2887382507324,94.5057983398438,67.5393367222377,155.174194335938,159.47785949707,152.914165496826,97.3974916338921,115.805787519975,94.82842870859,181.42463684082,0,107.457122802734,117.875407218933
55.6308130224546,116.917190551758,108.740101648756,95.6134560073631,19.691231659817,107.105829238892,30.3217751115277,16.7238511937115,36.5241101198595,71.828352645874,9.61451516969545,142.396728515625,26.0581962231198,0,48.5318968917515,63.2389174442665,100.111213884856,142.595297782652,168.862194824219,147.030985514323,18.2898761801727,93.6060289382935,99.0514755249023,101.65659322577,54.6371310380354,0,131.875615271452,130.922290670461,23.6806649244035,81.5126271046898,62.420125524425,203.414520263672,121.147962599534,74.0368750435965,83.8124671001614,171.242093404134,0,0,107.01057434082,142.386816660563,0,142.167013549805,144.863656921387,169.524888038635,103.856953620911,143.869763183594,0,116.778331756592,0,163.447147369385,109.409473419189,0,179.4365234375,0,0,37.9832594569136,0,125.265813191732,152.628234863281,108.622639418859,0,196.723243713379,189.503012084961,138.871178046807,185.034346147017,166.46292738481,0,0,0,158.735619681222
133.392196655273,66.8129216589109,83.1557608104887,71.5325233715923,138.707992553711,74.7001764634076,71.5212256961399,148.505176544189,75.7930198952004,125.517208197178,142.396728515625,11.990391498401,158.940063476562,22.6101785384864,77.5611203155518,0,116.925101060134,46.9945308211582,25.356219030591,27.4909448192026,132.699012756348,97.5304730733236,93.5788449933452,68.498347380582,139.313517850988,31.8043329715729,32.0854313232463,60.8173693493245,137.103955745697,52.7400728257803,100.124975204468,34.6540888520334,70.1793677231361,85.5411052703857,28.6904480987166,0,109.277888615926,147.948009490967,77.8118810017904,0,0,0,195.759475708008,0,125.22541809082,0,82.9221673445268,0,67.5765501169058,206.857414245605,0,0,128.081272125244,108.198113834157,114.021021391216,0,0,150.846031188965,148.469589233398,186.878692626953,61.0291550954183,104.853775024414,99.1347681505927,0,0,196.099197387695,99.866952078683,0,0,99.6941108703613
85.7369434356689,0,177.864771525065,91.5523255666097,24.6932557515714,46.4873780470628,23.8259433849315,50.1700241452172,68.7218007049488,10.5722889509052,26.0581962231198,158.940063476562,8.70762616147298,0,96.7482461195726,9.33762899947952,197.185623168945,0,143.0224609375,0,14.0100904004937,168.991882324219,76.3401727676392,152.49696132115,22.2955737606491,0,164.090866088867,124.792085920061,40.5381447351204,94.9553781141315,131.569582621257,0,116.267828805106,99.1546859741211,88.2979966163635,147.764831542969,0,0,112.375,128.165119171143,0,170.947143554688,137.824568854438,0,101.080451965332,115.329399108887,0,71.0950088500977,0,160.136901855469,90.631196975708,0,0,0,0,14.5989496132423,0,0,0,99.6818422234577,0,0,0,131.928232828776,113.900863647461,0,0,0,0,0
0,48.8848009541202,82.9361320944393,52.5484857578827,0,0,95.5533701578776,128.570938110352,93.6669710795085,113.181934013569,0,22.6101785384864,0,7.49631454157481,101.170751037598,163.741943359375,109.94281374175,87.3705994532659,52.9903806566752,70.0033287741921,0,131.10945892334,79.7267119938541,124.010891723633,137.53476784446,17.6741045600705,35.8673979450125,32.2556495985983,125.774475097656,70.9316355595823,143.851318359375,12.4246064551208,88.0580690557306,0,55.6607902938725,0,84.6091428756714,144.525812784831,83.4161518760349,0,0,0,173.225936889648,123.653030395508,167.355567169189,0,85.8727143027566,0,64.1136814699335,170.726703643799,0,152.111618041992,143.309477233887,90.2208080106569,101.983488309181,0,0,115.8867348565,0,159.60453578404,50.9608321961235,88.8943369978218,80.8682828260312,0,0,0,83.1076626473285,0,0,102.301670684814
15.7484122137718,125.247674560547,117.705185900408,90.6359878566935,98.272752409396,44.4438953995705,36.1661724937368,45.7562876187814,19.351057285557,86.871978412975,48.5318968917515,77.5611203155518,96.7482461195726,101.170751037598,9.62867804603305,68.115348815918,110.919462076823,123.40252191015,102.826601748996,127.360176250499,96.9655627441406,95.4066568828764,109.091432952881,108.343504598168,93.2446965545466,103.044631958008,131.999094614394,137.276269731067,84.4574786684939,24.577999191074,45.02854572354,114.502883063422,19.4719329451609,37.4369110748416,50.5395564172501,168.290137466119,152.747314453125,193.975318908691,106.174187796456,186.829123497009,214.925994873047,189.022245619032,156.14702335556,189.143766983696,121.283487760104,177.014520084157,239.39079284668,183.543617248535,0,182.43488969474,201.638740539551,0,218.221246337891,163.471771240234,0,169.078890991211,194.669357299805,105.563702583313,186.473251342773,147.823622875779,229.518341064453,152.889091491699,189.322715172401,157.022793005712,173.218302408854,155.123689015706,0,205.689041137695,179.893257141113,176.391732159783
94.6376202901204,101.329818725586,145.115478515625,56.951046356788,65.4036420739215,12.5659760291984,10.2911483954102,73.440316843432,27.3325100458692,20.5442650150165,63.2389174442665,0,9.33762899947952,163.741943359375,68.115348815918,7.30904219428038,0,147.631210327148,0,0,45.1394975546635,131.194652557373,67.6102311706543,128.10688273112,50.9853099726014,139.563268025716,154.748565673828,142.693033006456,71.1566930818958,75.1077332352147,94.0803636823382,195.774322509766,31.5296382601299,134.349304199219,52.2820119124192,0,0,223.866790771484,88.428825378418,0,0,0,149.448669433594,214.798774719238,65.8149337768555,158.68782043457,0,0,0,0,0,0,0,0,0,0,0,0,0,98.4802837371826,0,0,0,153.752648247613,165.82746887207,0,0,0,0,180.437347412109
92.3875713348389,61.1817880604002,82.6354473798703,47.9708971901545,64.6528511047363,103.892250061035,125.911119733538,83.1401450037956,118.677298863729,46.76560634941,100.111213884856,116.925101060134,197.185623168945,109.94281374175,110.919462076823,0,11.1080158918687,98.1532389322917,133.919921875,116.352742195129,109.721977233887,19.7869775655802,31.9886082385805,21.1445025530728,19.6605645258526,101.28645324707,101.838159768623,37.3513909608958,30.1660349510941,92.451046534947,68.5477406257022,117.987216069148,0,65.1640494452582,75.8061094929401,132.525534057617,59.6227378845215,113.689049701301,70.4455816247961,0,0,176.329666137695,146.690923309326,203.681274414062,58.9099636077881,199.431167602539,213.396697998047,0,167.864822387695,144.857106526693,0,107.190669719989,142.740845420144,0,172.032104492188,0,116.400732040405,56.2026673427141,104.439696922731,144.956760059703,139.338333129883,129.292316934337,124.166700343082,113.108330757387,118.596542358398,116.794880708059,192.144882202148,0,106.740062713623,110.102489895291
104.69860037922,57.5741905530294,36.2247826116037,63.2324211763188,116.617004394531,0,152.042930603027,118.376329188444,136.201996829532,111.541020845112,142.595297782652,46.9945308211582,0,87.3705994532659,123.40252191015,147.631210327148,98.1532389322917,11.1313093483749,50.5509059572977,26.5117876651806,216.633407592773,71.8184677470814,81.5699470482062,27.2923726514873,119.266860217583,71.5506280263265,34.1240545006661,64.4162461659265,108.425549157982,95.4386656760094,80.991717446755,121.294711303711,137.623916625977,88.1998268611847,38.3805643880841,0,104.601511001587,113.520456420051,71.4255228788956,0,0,0,169.606132507324,227.402572631836,0,0,127.959007263184,0,181.769924163818,228.630043029785,0,141.376838684082,112.378381274995,121.781126976013,118.03900192033,0,174.007800292969,107.461333465576,124.741124834333,187.696315220424,114.751777648926,104.984650493261,112.83109894844,188.473907470703,178.745262145996,192.758126831055,164.800491333008,0,177.607604980469,119.547975328234
138.305953979492,71.2756494283676,90.6699269104004,88.6048256311661,0,95.4130020141602,104.663581184719,163.338291168213,103.342502593994,129.592317199707,168.862194824219,25.356219030591,143.0224609375,52.9903806566752,102.826601748996,0,133.919921875,50.5509059572977,9.95950824483334,15.6447052703175,168.902679443359,107.188430183812,98.6181419186476,80.5198959432622,148.27728729248,45.4438099197195,27.0574326632161,67.913235779536,158.177875518799,79.4869785595657,112.211046659029,55.8597288744165,98.3770844308954,117.48152923584,57.3981915711194,0,168.489517211914,141.813064575195,174.045227050781,0,0,0,0,0,0,0,110.893199920654,0,109.609991709391,0,0,0,121.557926177979,111.228413052029,117.292163425022,0,0,122.081954956055,220.491592407227,0,75.1514288584391,109.184590878694,109.411500676473,230.488555908203,0,0,113.814580917358,0,0,120.416852315267
131.921124851002,63.9096199593893,67.9661301292222,66.6421095442194,0,0,123.709904063832,155.844112102802,143.176564534505,123.49233033922,147.030985514323,27.4909448192026,0,70.0033287741921,127.360176250499,0,116.352742195129,26.5117876651806,15.6447052703175,10.0665409913386,0,96.2705248819518,93.7919771194458,61.7305427183009,132.760063671675,46.2722164287902,32.7692725724111,69.0716091986064,130.752738455068,99.214442505556,103.341845489502,70.7874873479207,117.91350882394,95.8136554718018,42.5465317832698,235.707015991211,110.277011871338,131.549492245629,73.6729494730632,0,0,0,223.824661254883,220.235885620117,0,0,127.774480183919,0,124.168140411377,221.080429077148,0,0,135.945528084891,114.680372873942,115.878721415202,0,162.08219909668,0,178.459030151367,187.489501953125,62.8971061706543,109.573447438468,113.668925462571,0,175.932037353516,171.279197692871,144.41076965332,0,0,133.167817433675
72.1658274332682,0,0,131.688897450765,11.2898194909782,122.668037414551,46.6495907534497,81.7785632484838,86.3480999710668,28.1916086634,18.2898761801727,132.699012756348,14.0100904004937,0,96.9655627441406,45.1394975546635,109.721977233887,216.633407592773,168.902679443359,0,8.97000869991885,147.036651611328,82.3164507548014,164.711222330729,10.1539836962028,0,164.948432922363,180.004501342773,26.2120563462136,96.6413595287371,131.3431527274,203.414352416992,124.731197902134,100.482635498047,86.5977847859011,0,0,0,78.6833699544271,10.8949766159058,0,153.234806060791,183.424785614014,0,0,139.800918579102,0,11.4860690769396,0,0,121.997207641602,0,0,0,0,9.2664672377331,0,0,0,122.100734438215,0,0,0,182.344194412231,0,203.695938110352,0,0,0,0
84.506176228988,96.3155218760173,61.6438533152335,56.377422876502,0,0,111.162945641412,65.0114341605899,107.968958015266,74.2064594446227,93.6060289382935,97.5304730733236,168.991882324219,131.10945892334,95.4066568828764,131.194652557373,19.7869775655802,71.8184677470814,107.188430183812,96.2705248819518,147.036651611328,13.1136048883816,54.0160104894827,29.8394403210909,35.7673656947111,106.439684549967,92.5590142806371,72.2078343946275,30.2258515576636,65.6773315753772,30.4295120671574,0,134.676818847656,51.6228294813847,44.8560517675216,133.487133789063,127.571731567383,115.224894523621,76.066303793308,0,0,0,149.327803871848,212.105270385742,84.6701145172119,0,0,0,0,180.399568830218,0,122.835348510742,153.569041252136,0,152.175847371419,0,117.004537963867,70.0656251089914,115.516397841433,142.450154534702,0,160.031750815255,127.514218930845,114.090671658516,139.718277250017,117.913308012271,0,0,129.424995422363,135.337295055389
87.0588121414185,18.2252240836034,57.8185160180797,26.9467146093195,83.6244748433431,97.4344367980957,111.944746229384,86.7293433436641,108.270387320683,19.1611632777095,99.0514755249023,93.5788449933452,76.3401727676392,79.7267119938541,109.091432952881,67.6102311706543,31.9886082385805,81.5699470482062,98.6181419186476,93.7919771194458,82.3164507548014,54.0160104894827,6.86708526729197,50.2683061933686,23.8550495754122,58.8218438329775,80.8891681544188,34.1734564624431,58.1417732744027,80.6579562684764,57.1543036037021,92.6412431468134,157.857330322266,54.2005190849304,64.3996775956715,139.273577880859,66.6612091064453,90.6397222488646,33.8200816658308,137.548568725586,0,0,128.035664558411,189.515899658203,10.4782927717481,100.893241882324,0,0,119.936919076102,166.798110961914,0,59.0024223327637,131.597715897994,144.818003336589,142.74217859904,0,66.355452299118,22.2958556207021,70.8134787710089,101.558836503462,115.197193145752,129.328951517741,96.8223235934388,82.3829533612287,115.400870323181,72.2264111836751,190.167404174805,0,73.9457969665527,127.304392496745
92.8448039053566,61.347526318559,28.1982848031122,64.3913299393914,117.947948455811,129.233551025391,125.118036603171,81.3447179675102,119.632839718611,102.582945208683,101.65659322577,68.498347380582,152.49696132115,124.010891723633,108.343504598168,128.10688273112,21.1445025530728,27.2923726514873,80.5198959432622,61.7305427183009,164.711222330729,29.8394403210909,50.2683061933686,18.0389656947974,83.889415146991,103.164442062378,63.3969356808101,50.3097682814471,57.2591127295378,91.5383875562466,61.953315399041,127.388374328613,171.651346842448,80.2159102455864,49.2204387488058,167.412665230887,87.8506321377224,100.96384298606,72.310958294421,0,0,205.664070129395,165.964862611559,215.834213256836,103.728988647461,170.232620239258,145.014879862467,0,167.270706176758,189.360227144681,0,109.122292952104,121.202381505375,156.531387329102,136.4791847229,0,125.484115600586,66.0747320121617,107.011503327914,157.232927073603,0,121.818450997729,105.816892442338,147.523895546242,163.406015496505,138.151522636414,0,0,140.310075759888,118.473460110751
76.1795074053651,89.1220849199993,101.455683971587,43.8021943170591,12.2660417205356,86.4686939239502,80.2797409814733,53.8267875607071,93.9726622965144,23.5916309873616,54.6371310380354,139.313517850988,22.2955737606491,137.53476784446,93.2446965545466,50.9853099726014,19.6605645258526,119.266860217583,148.27728729248,132.760063671675,10.1539836962028,35.7673656947111,23.8550495754122,83.889415146991,10.4355677647241,113.439931516294,122.980906291522,82.2606521743256,18.9236138897867,78.8166839766557,65.8857087202133,139.459147135417,132.196582100608,68.5824777162992,82.6190090888901,131.418327055782,133.711893717448,142.436784532335,68.7765860571876,129.988395690918,192.457550048828,137.093917153098,119.083017995848,152.075348051968,75.8026726705986,123.966831672482,214.525894165039,99.5332177106072,0,149.021751403809,92.5811230586125,121.280049641927,167.304804184858,0,185.60087890625,110.263482270417,128.26430620466,75.2855709620884,142.665753571883,93.2990147691167,176.10334777832,170.836825370789,153.558407628259,116.071405722123,135.036925116889,122.960560335971,216.684341430664,210.859085083008,124.523317190317,142.468367152744
0,21.208697441849,0,27.8515388770714,0,0,88.0403035481771,0,80.0567321777344,94.7372901553199,0,31.8043329715729,0,17.6741045600705,103.044631958008,139.563268025716,101.28645324707,71.5506280263265,45.4438099197195,46.2722164287902,0,106.439684549967,58.8218438329775,103.164442062378,113.439931516294,8.3808118033674,41.4867498860776,24.5982944603902,0,70.7985931396484,114.570465087891,44.0949947834015,81.994441986084,0,54.1885058949295,199.453353881836,89.5033226013184,0,54.1361139161246,0,0,0,0,0,0,0,70.2373519170852,0,54.3597115161372,0,0,148.971725463867,110.517676353455,81.1577725982666,91.8186591790647,0,0,105.173431396484,160.175140380859,166.800872802734,41.226466528977,79.0926628797044,71.9545553871862,195.810155232747,0,181.518447875977,77.5551739742881,0,0,82.596997347745
120.738188589773,53.6668640476384,33.0240665028454,54.1023204256735,0,94.9394317626953,137.95056060791,116.307185430596,138.610568759449,117.269385323158,131.875615271452,32.0854313232463,164.090866088867,35.8673979450125,131.999094614394,154.748565673828,101.838159768623,34.1240545006661,27.0574326632161,32.7692725724111,164.948432922363,92.5590142806371,80.8891681544188,63.3969356808101,122.980906291522,41.4867498860776,16.0730422465856,42.5711146110269,116.219410370807,109.974582316628,104.600507874525,25.3365197962702,99.2484729766846,127.960021495819,59.5986691412581,160.817418416341,111.035677853753,107.936447200919,65.6434886198467,0,0,232.181701660156,190.792942047119,238.766296386719,181.722408294678,190.590850830078,109.961843837391,0,119.076492758358,200.870469411214,0,147.516054153442,111.534449960702,104.842208862305,107.10747813183,0,139.532773335775,124.754434204102,134.166783925649,168.992720031738,62.7156576676802,97.85525446714,102.784784257677,207.892329624721,177.040944417318,172.372728521174,117.287718636649,0,0,110.467520864386
125.664578346979,35.438933451804,29.8497831622318,40.8760167873271,138.123364257813,117.096761067708,136.768633720202,113.445378057971,145.758295164518,97.4939853642438,130.922290670461,60.8173693493245,124.792085920061,32.2556495985983,137.276269731067,142.693033006456,37.3513909608958,64.4162461659265,67.913235779536,69.0716091986064,180.004501342773,72.2078343946275,34.1734564624431,50.3097682814471,82.2606521743256,24.5982944603902,42.5711146110269,16.0726423569677,69.3406101662117,114.656415848896,104.064469590843,20.2362399789547,117.270309448242,111.60832372205,66.9279969872572,179.75907759233,78.7738422075907,93.4556193266045,55.0071179541001,0,0,208.18338394165,160.778164025509,201.077243804932,174.091533115932,158.408882141113,113.971976729,0,104.317211829291,190.214416503906,0,113.859157138401,109.525154088125,106.31051789233,107.948730083781,0,128.626733722109,54.99470929719,104.769254900885,149.599713925962,63.3696903881726,97.004362285797,97.7275975419289,148.388308252607,174.450128728693,150.867944036211,114.213726737282,0,164.691284179688,105.979123654573
70.4156378995146,105.449117487127,76.6099883631656,56.0712406273348,14.0367671399466,109.111785125732,64.5322484769946,26.666512490258,78.3818043175435,50.4256376306354,23.6806649244035,137.103955745697,40.5381447351204,125.774475097656,84.4574786684939,71.1566930818958,30.1660349510941,108.425549157982,158.177875518799,130.752738455068,26.2120563462136,30.2258515576636,58.1417732744027,57.2591127295378,18.9236138897867,0,116.219410370807,69.3406101662117,11.568574675426,75.5340012752819,40.4343211224119,0,128.460141268643,64.1567097166096,69.1246800263485,128.698873277144,102.743438720703,140.615636825562,73.2344043307834,131.976631341979,0,139.664208016744,116.864951079556,154.191505085338,80.1420114006795,126.83355281664,0,127.517518850473,0,147.333942535261,113.374347485994,104.608900705973,174.773347981771,0,227.840621948242,72.8779066042467,128.778874588013,70.8868045012156,143.722944381389,101.874622897444,0,159.652386135525,140.93577202691,117.114678568257,137.178660138448,120.557420776367,0,175.544357299805,130.419597972523,139.453135585785
15.8544069411864,126.575171730735,108.811615358756,78.2295943387719,94.6931253375429,27.4107150268555,35.516754549737,55.4547967193293,40.0013666784837,71.5503796399945,81.5126271046898,52.7400728257803,94.9553781141315,70.9316355595823,24.577999191074,75.1077332352147,92.451046534947,95.4386656760094,79.4869785595657,99.214442505556,96.6413595287371,65.6773315753772,80.6579562684764,91.5383875562466,78.8166839766557,70.7985931396484,109.974582316628,114.656415848896,75.5340012752819,11.05469562051,21.8081385274832,83.9986789409931,13.2974155077609,15.2296012873845,30.4069103128973,148.326281762892,0,170.611927032471,96.8889914707364,158.439747401646,196.898391723633,191.659100619229,143.871277140858,182.612171808879,92.4282162984212,170.357993707424,205.647903442383,150.379203796387,0,172.501253198694,0,130.806991577148,176.203136444092,148.479395548503,169.175918579102,202.278091430664,148.561630249023,94.8453381856283,177.731629943848,135.048895384604,0,167.844685872396,155.814986228943,139.289694373029,156.270601272583,135.174083819968,0,197.402069091797,148.425868225098,159.124471473694
30.9828447760906,111.977931340535,83.8929632962135,58.3726862993026,91.4798844655355,112.289810180664,96.0456222132633,18.1765991631623,79.7254210053112,54.8463801584085,62.420125524425,100.124975204468,131.569582621257,143.851318359375,45.02854572354,94.0803636823382,68.5477406257022,80.991717446755,112.211046659029,103.341845489502,131.3431527274,30.4295120671574,57.1543036037021,61.953315399041,65.8857087202133,114.570465087891,104.600507874525,104.064469590843,40.4343211224119,21.8081385274832,11.7546501700582,0,121.85488688151,36.6861632174326,39.2940081287418,129.914773080863,123.73876953125,156.493098332332,74.1748274600867,123.330764770508,0,161.083033243815,124.472673814074,181.784448062672,72.5758273866441,161.628184000651,0,136.370300292969,0,161.948451538086,0,111.801548350941,163.74909386268,0,197.818827311198,0,123.722368644946,69.3110369118777,139.549471028646,121.785805322428,0,181.067667007446,158.524091905163,116.465951625387,130.65221189416,118.468394409323,0,0,121.595530583308,129.481159730391
0,66.828550556038,76.3995513916016,81.6183421741832,0,107.398307800293,97.754399617513,156.080894470215,106.66732635498,131.959287560504,203.414520263672,34.6540888520334,0,12.4246064551208,114.502883063422,195.774322509766,117.987216069148,121.294711303711,55.8597288744165,70.7874873479207,203.414352416992,0,92.6412431468134,127.388374328613,139.459147135417,44.0949947834015,25.3365197962702,20.2362399789547,0,83.9986789409931,0,6.48254044454258,0,0,68.8664860263948,0,121.507100423177,146.156997680664,94.5847457885742,0,0,0,0,0,0,0,116.297379493713,0,100.087425708771,134.548278808594,0,0,139.404747009277,101.175530173562,133.688395690918,0,0,0,133.079742431641,0,62.5282108306885,105.558823841374,105.076182292058,223.492965698242,0,0,105.468039194743,0,0,106.937222290039
69.5837093700062,117.574531555176,176.314569091797,117.826905623726,165.987335205078,9.98744486028004,17.9754916891674,118.480765122634,18.1799313990226,110.437602996826,121.147962599534,70.1793677231361,116.267828805106,88.0580690557306,19.4719329451609,31.5296382601299,0,137.623916625977,98.3770844308954,117.91350882394,124.731197902134,134.676818847656,157.857330322266,171.651346842448,132.196582100608,81.994441986084,99.2484729766846,117.270309448242,128.460141268643,13.2974155077609,121.85488688151,0,6.12424482905239,65.6643142700195,44.1897754877806,194.127563476562,0,0,129.783906936646,0,0,0,178.917673746745,232.808756510417,0,216.274810791016,0,0,0,0,0,0,0,0,0,0,0,0,0,184.081303914388,0,183.899215698242,0,184.872596740723,176.10400390625,209.015701293945,0,0,0,0
70.8145602544149,0,108.085993931211,59.485526583973,98.4092025756836,0,94.141047000885,63.1478359928838,91.8916704654694,57.9070299605877,74.0368750435965,85.5411052703857,99.1546859741211,0,37.4369110748416,134.349304199219,65.1640494452582,88.1998268611847,117.48152923584,95.8136554718018,100.482635498047,51.6228294813847,54.2005190849304,80.2159102455864,68.5824777162992,0,127.960021495819,111.60832372205,64.1567097166096,15.2296012873845,36.6861632174326,0,65.6643142700195,7.80104062799052,16.1832619579102,122.747397422791,0,124.440505981445,73.6372939839083,0,0,132.940719604492,132.004960632324,163.474456787109,67.989500257704,0,0,0,0,153.092910766602,0,0,143.220428466797,0,0,0,119.950192260742,61.7943735122681,169.497355143229,128.151665774259,0,144.908081054688,166.910690307617,114.791490706186,135.473998069763,122.761165690872,0,0,135.832553100586,135.570744832357
83.3668180422019,62.5726957266041,61.6601963710785,66.4993593409198,95.1111145019531,38.9085584878922,52.5652996025463,79.8319922147818,55.1033869366225,81.4867729831052,83.8124671001614,28.6904480987166,88.2979966163635,55.6607902938725,50.5395564172501,52.2820119124192,75.8061094929401,38.3805643880841,57.3981915711194,42.5465317832698,86.5977847859011,44.8560517675216,64.3996775956715,49.2204387488058,82.6190090888901,54.1885058949295,59.5986691412581,66.9279969872572,69.1246800263485,30.4069103128973,39.2940081287418,68.8664860263948,44.1897754877806,16.1832619579102,11.0519953234387,151.574122837612,103.990704854329,109.570673878988,76.550519059344,215.072311401367,228.486236572266,181.445185343424,147.528844020678,180.982684864717,109.556567509969,177.354405212402,143.533843994141,0,116.71861114502,181.659893671672,0,123.446994236537,121.592513726682,131.837060928345,130.261427137587,0,141.796711730957,88.2601680755615,124.252689100292,137.793387377704,84.5976886749268,113.403435750724,113.132343473889,142.390342712402,150.407740200267,133.855370183145,0,199.642593383789,113.150817871094,136.494815826416
152.328457302517,0,176.004280090332,81.4609643150778,0,0,167.351483662923,127.933822978627,169.980805873871,103.188531239827,171.242093404134,0,147.764831542969,0,168.290137466119,0,132.525534057617,0,0,235.707015991211,0,133.487133789063,139.273577880859,167.412665230887,131.418327055782,199.453353881836,160.817418416341,179.75907759233,128.698873277144,148.326281762892,129.914773080863,0,194.127563476562,122.747397422791,151.574122837612,12.5136694611941,123.537355422974,105.181660733702,64.4456153091119,74.9947774292993,75.4965031941732,77.1447533038484,24.6215168374432,69.4925818405354,60.9374315117588,60.4826146247966,132.987132030985,74.243643624442,154.093909672328,18.0984813877352,75.1332995096842,61.7042261123657,105.456177258732,130.728908538818,118.353768039757,66.9302721505213,83.1680718725854,61.5802248836903,94.3711533191157,67.14081627982,0,121.777269439025,129.201851557436,64.754988280964,13.4479594441228,33.3560021412286,146.770747375488,76.8695322672526,35.1898006573319,56.9850381121916
0,90.0977783203125,75.7450764563776,28.5702826636178,0,0,243.677810668945,0,133.424255371094,170.529388427734,0,109.277888615926,0,84.6091428756714,152.747314453125,0,59.6227378845215,104.601511001587,168.489517211914,110.277011871338,0,127.571731567383,66.6612091064453,87.8506321377224,133.711893717448,89.5033226013184,111.035677853753,78.7738422075907,102.743438720703,0,123.73876953125,121.507100423177,0,0,103.990704854329,123.537355422974,8.00660870165321,40.8808859377931,19.4115033331775,141.394729614258,0,145.512552897135,114.435787570092,170.845268249512,65.4112290438484,112.46435546875,58.5274689747737,100.780118306478,51.7166583167182,146.173801128681,112.828351338704,64.7029873562842,55.3016498279734,69.8687535570813,58.1156430529733,0,88.4476321185077,23.4554225192549,66.5832163492839,73.5977062468833,19.9804128778154,49.1924635057395,32.6554971621965,102.144105638777,125.922629462348,101.896122494259,70.0426453810472,0,0,54.1564736527004
211.087585449219,80.1289763450623,92.768036598383,67.4781419505244,0,0,0,159.883280436198,206.003516060965,125.194660186768,0,147.948009490967,0,144.525812784831,193.975318908691,223.866790771484,113.689049701301,113.520456420051,141.813064575195,131.549492245629,0,115.224894523621,90.6397222488646,100.96384298606,142.436784532335,0,107.936447200919,93.4556193266045,140.615636825562,170.611927032471,156.493098332332,146.156997680664,0,124.440505981445,109.570673878988,105.181660733702,40.8808859377931,11.7564961269829,43.9225305283296,162.87246131897,185.137659708659,134.00888671875,87.6011895600393,136.171361390233,93.2750567924686,111.690761439848,94.8208393209121,150.15071105957,91.8418976221329,120.070460679544,149.965504964193,71.2677993774414,44.9019447898066,95.7498959993061,71.580897876455,195.606486002604,57.6653192399994,42.9567877722259,32.0609492562472,103.327281461443,110.62264251709,29.4320621079615,32.6440806842337,67.7171033456547,126.092962372169,77.1619433828965,94.2000980377197,177.021738688151,96.2252404349191,58.893835067749
93.3590636714812,37.1013293001387,59.3620487722679,15.6087241396892,72.3945041232639,0,120.134267534528,77.1601704915365,117.328991208758,24.8850916735828,107.01057434082,77.8118810017904,112.375,83.4161518760349,106.174187796456,88.428825378418,70.4455816247961,71.4255228788956,174.045227050781,73.6729494730632,78.6833699544271,76.066303793308,33.8200816658308,72.310958294421,68.7765860571876,54.1361139161246,65.6434886198467,55.0071179541001,73.2344043307834,96.8889914707364,74.1748274600867,94.5847457885742,129.783906936646,73.6372939839083,76.550519059344,64.4456153091119,19.4115033331775,43.9225305283296,16.4239510063711,70.4307321872351,101.787532806396,88.2468284483879,57.5483123213262,101.710886315985,10.1244783736815,77.5496464737323,83.3652988321641,43.4669635326831,50.8049602210522,86.7284847048153,38.1262615491759,40.1417767491238,56.0513473014177,64.499903309102,56.2310895048483,67.2658088518226,61.8184195388982,31.1168423992941,48.4365701498859,33.017989946861,31.623109874591,45.4623337739979,39.4892809319462,50.6879127724344,68.9565872985653,56.6984214455242,71.6338005065918,127.897276560465,56.3424381415049,58.2444583698972
148.872451782227,0,0,95.1939987182617,14.4929608748509,0,150.671956380208,122.32151222229,179.144193649292,116.275240580241,142.386816660563,0,128.165119171143,0,186.829123497009,0,0,0,0,0,10.8949766159058,0,137.548568725586,0,129.988395690918,0,0,0,131.976631341979,158.439747401646,123.330764770508,0,0,0,215.072311401367,74.9947774292993,141.394729614258,162.87246131897,70.4307321872351,7.96027741453216,0,60.2794237204159,77.5419155432253,100.64096066531,58.5290125796669,20.5245761736143,163.636428833008,23.8893706465118,0,98.0459470105661,64.5932270050049,0,160.550476074219,0,171.837310791016,10.0411973496806,0,100.633799552917,159.693125406901,17.5878773032201,0,140.860015869141,154.800596618652,19.8237740632776,96.7445116005396,103.148354053497,0,142.622127532959,63.4133033752441,90.7428017909231
0,0,0,0,0,0,0,0,0,0,0,0,0,0,214.925994873047,0,0,0,0,0,0,0,0,0,192.457550048828,0,0,0,0,196.898391723633,0,0,0,0,228.486236572266,75.4965031941732,0,185.137659708659,101.787532806396,0,6.63192267518155,12.0593025292214,115.330006917318,20.3043830241726,66.4646803538005,121.211247762044,65.2171155464749,94.1774487495422,87.6688255310059,35.6768635317457,13.5365394745455,0,167.384132385254,99.9594100952148,83.955451965332,138.603500366211,0,228.544189453125,117.896102905273,104.628364562988,82.4721984863281,104.770125495063,105.354217529297,129.60729762486,24.9839318109595,0,0,9.42395662863386,0,38.7228500263111
