11.5354553170693,120.99031829834,109.395897061217,84.0175958251953,99.5155611905185,74.6955647468567,81.8646909788057,26.8349178341921,54.1985085615723,78.0289463996887,64.7354838838764,134.439684391022,123.914735412598,157.658470153809,18.9739802518873,73.6259330749512,94.5986099243164,103.913176916741,152.860027112459,125.798658384126,99.3522476196289,78.9400409821541,106.265455881755,92.1712611018,84.711045234653,130.066890716553,143.600153389624,140.803248650205,88.2789958533019,14.7699461331018,38.9107150022543,155.392537434896,92.0384254455566,42.3642361504691,82.7288722991943,149.528705596924,0,0,80.4250971476237,0,0,148.921264648438,154.417621612549,189.162953694661,114.335311889648,173.853820800781,0,0,0,178.262624104818,0,167.686747233073,0,0,0,0,163.28483581543,73.6894683837891,183.60063680013,135.531047344208,0,236.612655639648,176.448717389788,144.511317522098,161.12934366862,146.289320264544,0,0,156.221893310547,158.920719909668
120.99031829834,6.16262587417447,42.3200956595064,24.7072080420024,0,129.92308807373,176.543968200684,125.241184234619,138.547750200544,75.2963774258688,131.218173980713,67.2276153817082,118.290609359741,49.2812714197719,142.87131023407,111.641872406006,41.2841631675253,52.3826672314423,81.0018828896915,70.244191413702,0,94.0354309082031,25.7329964144685,55.2573490529447,84.9646332474793,21.2724891533653,52.7499956289927,28.9910028837818,105.068370594698,117.897889614105,110.94830263578,69.8727557630424,158.187393188477,123.73948097229,76.22406391069,0,39.8857843875885,74.4713719685872,12.8247914936232,0,0,0,0,0,0,0,123.363521575928,0,106.750712076823,0,0,97.7502624511719,84.6229438781738,145.715021769206,87.7997561863491,0,174.815353393555,29.6337209542592,98.6087926228841,132.975133895874,80.1582155227661,95.2266041930293,82.0238499448973,141.30824025472,0,174.374906539917,125.107837132045,0,154.151901245117,145.850134713309
109.395897061217,42.3200956595064,15.5618826662403,51.3790156046549,132.442982760343,169.273979187012,132.466512851614,98.9503337430036,124.870949516612,138.971361432757,111.497708888869,93.0812561194102,137.409866333008,100.679467264811,123.008253144055,154.762983322144,75.8472589492798,37.4321854961179,97.1206870577229,74.3139517695554,145.750854492188,65.9700018623458,47.1689637971404,39.3155455632577,116.510442699086,108.029100418091,37.115072737742,29.0189017539761,91.4203604455609,135.125346215217,93.1246371239972,114.311422460219,158.858137130737,118.468183517456,66.701390855237,187.891632080078,80.1325836181641,97.4620170593262,67.9469220903185,167.416041056315,0,182.378204345703,188.292483859592,177.062311172485,176.49967956543,168.717213948568,147.700973510742,0,0,202.799992879232,0,126.75043741862,103.457435993233,147.11311340332,128.111164093018,0,153.681415981717,100.830086602105,119.208914505808,155.971562662432,128.344127655029,102.447445233663,96.5420897702657,155.016598765055,213.839630126953,159.806189060211,162.260143280029,0,214.509140014648,133.094630559285
84.0175958251953,24.7072080420024,51.3790156046549,9.87119782366018,69.6139163970947,115.804626464844,96.4237078616494,61.4881106619599,96.7727861404419,14.8089806233699,88.8588817201812,85.4600451322412,78.0635837554932,59.7539152075363,94.2752345657349,76.1520854776556,34.782169982827,75.7010070800781,105.06575732761,93.3175767597399,106.148773193359,60.6035293517821,22.7130988202111,69.7802399075779,39.3086135563176,33.0138172530953,66.6006440559204,51.0652520101942,64.8699965648162,75.4845688721844,61.7225402120919,80.7236549830673,137.658624013265,65.1709062194824,78.1586017608643,79.6619036057416,37.3856232716487,72.7451000213623,23.0387919256764,71.0698863983154,0,103.433023452759,88.0516240350131,108.526502194612,26.8444694905054,107.393845367432,129.098257064819,73.4085369110107,106.591621692364,107.986837907271,209.234893798828,52.9131799717339,109.556545722775,118.029629516602,93.6997737884521,100.283157348633,77.0773436764637,47.4598693006179,82.9861050197056,58.9466126334499,67.659702539444,107.508171898978,82.5977206927294,82.0571746623262,92.3990824150317,74.7391087922007,129.903942871094,130.085021972656,71.8521015860818,82.2096860131552
99.5155611905185,0,132.442982760343,69.6139163970947,8.97173033781065,116.934641265869,61.9408804411741,66.1787656451028,86.1678081184491,52.4520363891925,25.7665340012767,163.096982955933,23.7859165627089,164.337707519531,104.250514363134,74.9367504119873,0,172.079195195978,171.921234130859,188.845492045085,11.473166506314,116.398211669922,84.3154627482096,142.454066627904,24.8308716805832,0,162.206069946289,150.461454503676,17.7623422416793,96.4721878253861,120.666624450684,0,132.478357315063,86.3245171600918,94.0553658629117,0,0,169.606246948242,75.5870094299316,21.5948662159386,0,156.314284720072,139.65198618571,176.185609436035,90.646539247953,149.411300097625,0,58.3010282757916,0,167.545633951823,114.24843343099,0,0,0,0,38.3692718172505,151.157730102539,187.228118896484,185.536499023438,115.269843759367,0,0,167.13623046875,138.796951786677,177.576654607599,175.215057373047,0,0,125.95650100708,152.04921875
74.6955647468567,129.92308807373,169.273979187012,115.804626464844,116.934641265869,6.90832136077871,9.50640415646563,109.242876264784,18.8545994973521,58.2787372447826,106.09230557294,61.1905827739022,71.6533569784725,103.001206970215,30.7443909471802,14.9167360196644,135.5446434021,161.688708585851,131.561380658831,132.840268568559,89.8004954411433,127.350706481934,101.265575408936,133.181746588813,92.227753196795,145.076908111572,115.167493993586,137.239029961663,124.824379162911,24.2142761879361,113.529174580294,97.9042663574219,10.7057396945269,127.147003173828,40.66811794316,0,0,0,0,0,0,247.906768798828,180.476364135742,0,0,0,0,0,0,0,0,0,0,0,0,0,0,0,0,159.631184387207,0,0,164.667394002279,188.914229393005,0,194.306312561035,202.195220947266,0,0,188.457702636719
81.8646909788057,176.543968200684,132.466512851614,96.4237078616494,61.9408804411741,9.50640415646563,11.0384786543309,65.8017718230133,19.7747580794824,72.8771746068969,31.2260783656529,82.3132652785901,23.2122295694518,112.319735965213,30.4453734536296,16.8203542018144,107.93646131243,138.106069390401,126.427052514028,149.756844954057,36.5451894167038,111.310952896462,127.256517791748,123.992359204796,86.2599077834987,117.009072875977,141.787231750488,149.422389806703,69.2464342786273,39.9369405331389,99.424945347852,121.499961853027,19.3976115936632,99.7933794294085,72.4233070114435,168.866463797433,0,177.747670491536,113.705525398254,139.013046666196,0,174.179395548503,153.428743411333,183.624768066406,111.130753993988,168.876351607473,0,98.495685338974,127.097229003906,201.924234390259,148.430470784505,235.669143676758,0,0,233.00813293457,162.273863156637,180.902484130859,163.091374715169,191.885599772135,135.44822435771,0,224.620086669922,201.586076002855,159.917753026105,179.921703215568,166.899707317352,195.135955810547,0,155.340951102121,177.036488850911
26.8349178341921,125.241184234619,98.9503337430036,61.4881106619599,66.1787656451028,109.242876264784,65.8017718230133,13.785883637636,64.6689471170381,58.7355690657325,22.6929135869512,160.886869364771,61.4588455451927,162.996709187826,38.3599910987436,82.8735675811768,96.2479826609294,117.63187636906,165.889615659361,146.810373722281,95.1142817905971,68.5029335701794,88.0210659550686,89.6772129447821,59.9988680634251,144.942898220486,134.473545061171,116.315068309982,38.8485519385564,66.7023008334562,31.6551453290521,187.452288309733,121.569198901837,69.2601681082216,85.1052020696148,137.120845696865,0,169.036068725586,74.8298184321477,135.174203673405,174.83171081543,151.484852905273,124.723812491207,157.724491769296,92.1158699555831,148.68688906899,207.275110880534,180.882398605347,0,159.209103639098,151.931201934814,147.674432542589,179.115379333496,217.617691040039,176.980453491211,150.120754241943,163.342714037214,119.979889247728,161.589467655529,113.832526237608,0,200.430636319247,174.748037756943,134.106826619321,146.356025006398,138.862235117767,0,192.992889404297,134.579621054909,139.728799418399
54.1985085615723,138.547750200544,124.870949516612,96.7727861404419,86.1678081184491,18.8545994973521,19.7747580794824,64.6689471170381,10.1305717101465,85.6692173428006,33.1381597388423,83.348412215662,60.0527979467964,93.1768743580785,19.41220619033,37.1098526778124,145.896957397461,127.690775245292,130.178916531708,145.255927356436,86.9309007521958,100.177807098923,130.282217979431,112.595133500094,96.2410650135334,121.255795288086,141.144786952394,151.674415647445,81.8178146432489,32.1993447798338,83.1738084935404,116.135982387668,13.8307406645148,106.986449443119,74.2925158354643,164.877736708697,155.173400878906,193.322852240668,109.828333237592,147.894485473633,0,167.105937816479,152.57138607953,185.579619697903,100.218770345052,167.051057038484,220.042327880859,145.649149576823,183.748161315918,181.157178344727,208.369384765625,198.986553192139,216.372791290283,0,0,173.899129867554,184.641674804688,141.56169128418,192.488490513393,137.571087728322,0,196.848401750837,197.031421954815,157.265322773396,169.852147767038,165.355844497681,0,198.629257202148,153.818355178833,162.847810268402
78.0289463996887,75.2963774258688,138.971361432757,14.8089806233699,52.4520363891925,58.2787372447826,72.8771746068969,58.7355690657325,85.6692173428006,7.94732435670416,69.8887892955571,125.561795342237,9.43087346998067,115.906505142433,97.3044972974201,23.7985890727358,102.836347406561,140.602685451508,163.861239346591,151.684114728655,36.6388161119107,91.219193649292,21.318226816062,110.471015760634,24.153421011499,101.440750436173,125.796807272392,110.129193064279,60.5603725299029,78.4943367151114,69.0261518271865,137.769327481588,83.9337363243103,69.2238348465932,90.7533705378153,98.8458511352539,191.488128662109,192.295700073242,11.3351183067669,94.4471863337925,0,125.091606140137,83.8742980957031,133.284808567592,39.0989285707474,107.490447379447,198.056060791016,90.9537908380682,179.989677429199,110.494373668324,81.051146371024,109.677157402039,119.769482421875,200.857498168945,210.725814819336,105.340265197754,120.716030756632,77.8288752237956,138.395204544067,70.3826890329214,160.036280314128,185.536234316619,175.918938123263,99.146313087613,93.0048736572266,72.9422150391799,198.583669026693,0,72.1130242347717,99.6217481439764
64.7354838838764,131.218173980713,111.497708888869,88.8588817201812,25.7665340012767,106.09230557294,31.2260783656529,22.6929135869512,33.1381597388423,69.8887892955571,14.9727297851566,149.12589263916,22.5938046217519,166.800550672743,45.6788881726637,77.3617356618245,112.008435682817,132.860659932366,179.265397445015,158.788072875977,18.0571746474502,85.9874021459509,96.6612213134766,105.027191052512,66.96909083717,162.441673278809,145.601038051296,125.120091956553,41.3352790671641,86.1155136851141,83.6783701423377,189.009170532227,115.704005241394,78.3088081806151,90.4797554145097,161.010858154297,170.784072875977,203.933326721191,98.334232875279,129.540913765443,0,164.276204979938,155.238587760925,177.740121090051,102.213138640873,162.36014758151,0,139.747728620257,0,199.778051103864,125.098324775696,169.035734388563,191.891924176897,242.312622070312,233.829002380371,154.164538628714,179.861747741699,146.428960164388,174.134357452393,125.11059645725,0,173.411735534668,173.774946345839,152.462238527694,178.150236129761,162.973959573885,0,0,155.5227394104,163.76574925014
134.439684391022,67.2276153817082,93.0812561194102,85.4600451322412,163.096982955933,61.1905827739022,82.3132652785901,160.886869364771,83.348412215662,125.561795342237,149.12589263916,12.5685039841694,124.196796818783,18.2641407770125,90.6892312321602,105.535795135498,124.417574955867,62.0279831609831,17.9414771810579,32.3474050691771,141.801762390137,105.099449807947,100.05249117961,95.891167324312,151.745059692383,27.9784773519294,30.7348651416703,72.6722610022957,163.345585428874,73.1624556740411,109.390821890398,27.9900800844804,56.7498925201821,105.341543891213,30.7107001218332,208.712615966797,99.6125869750977,151.006553649902,0,224.51091003418,0,0,0,216.252838134766,180.599499511719,0,88.2459578741164,157.467727661133,79.5180979166945,0,0,172.905975341797,169.121856689453,132.735861206055,139.525082058377,0,210.462127685547,129.714483261108,220.639633178711,204.795906066895,80.4003541734483,120.621852678122,124.094057783647,218.614190237863,216.984832763672,203.490347290039,102.411259099057,0,229.576950073242,140.327532450358
123.914735412598,118.290609359741,137.409866333008,78.0635837554932,23.7859165627089,71.6533569784725,23.2122295694518,61.4588455451927,60.0527979467964,9.43087346998067,22.5938046217519,124.196796818783,10.463550481006,144.055090162489,89.3255653065213,15.3399267052389,108.379177093506,172.889103359646,148.26161702474,164.673413326866,13.2545955402364,158.452766418457,108.62977142334,146.368649800618,20.2120883723382,124.913021087646,153.448302433409,151.954662538924,53.4267083013172,88.9052722107077,127.507162366595,169.849263000488,89.2038452984536,87.9446563720703,93.8588581342955,0,0,0,0,61.8116998879806,0,147.028615951538,142.308837890625,174.473154703776,106.472381591797,137.898432558233,0,16.4404622891854,0,95.4072036743164,77.1677932739258,0,0,0,0,58.3746496756872,182.655563354492,0,0,122.903569803609,0,0,207.77908706665,156.219704310099,137.595252990723,169.132049560547,0,0,170.591445922852,0
157.658470153809,49.2812714197719,100.679467264811,59.7539152075363,164.337707519531,103.001206970215,112.319735965213,162.996709187826,93.1768743580785,115.906505142433,166.800550672743,18.2641407770125,144.055090162489,8.39627011807944,96.4732365275538,144.514356136322,110.765354701451,101.061237433018,50.9067909007764,77.1742756672395,0,153.140584309896,85.6120985304621,132.308287484305,130.529179307281,15.270990173071,25.6365570981884,30.9529691608682,173.479956054688,93.805914648648,158.198529330167,17.9336338151536,80.2150486095532,114.968273162842,54.0603825561399,0,98.9708326401249,175.637126922607,140.896466064453,0,0,142.907719930013,213.974472045898,141.196136474609,173.235247872093,195.46647644043,85.2780980649202,169.111991882324,72.5342300152541,172.227054595947,212.50422668457,183.020389556885,118.652951558431,100.176263771805,112.38912709554,0,232.430816650391,124.795385169983,199.911239624023,187.994700840541,49.1386916195905,93.2296183041164,93.824348577228,214.735298156738,146.118576049805,206.098175048828,91.6059310540093,189.523834228516,0,130.608658926828
18.9739802518873,142.87131023407,123.008253144055,94.2752345657349,104.250514363134,30.7443909471802,30.4453734536296,38.3599910987436,19.41220619033,97.3044972974201,45.6788881726637,90.6892312321602,89.3255653065213,96.4732365275538,8.93134565644766,43.9896613675721,146.024448688214,123.654774901411,128.514462500998,136.233926183446,100.483218232462,98.4354243287946,129.769666671753,109.488207697359,99.7560000700109,121.57264650785,132.819014951245,145.674030909281,99.7541810978004,26.5212832779366,70.9277629510766,117.662029418945,10.6782215761453,63.3134373043655,64.8043659398393,167.677544088925,0,165.686187744141,102.133042229546,170.875013078962,0,195.530412462023,159.514093017578,186.239941804305,119.285600280762,165.316224098206,0,212.210388183594,189.729347229004,191.393558208759,0,178.706258138021,197.51734161377,0,205.584884643555,190.643641153971,183.125819614955,160.929881504604,178.846055772569,150.471334302748,149.16967010498,210.640110015869,195.391080441682,160.716933372693,170.958158835387,158.222272963751,0,0,156.931585138494,161.744615478516
73.6259330749512,111.641872406006,154.762983322144,76.1520854776556,74.9367504119873,14.9167360196644,16.8203542018144,82.8735675811768,37.1098526778124,23.7985890727358,77.3617356618245,105.535795135498,15.3399267052389,144.514356136322,43.9896613675721,8.31435752283648,121.288188934326,143.752914775502,145.137836456299,149.59642384847,52.7936432487086,137.393730163574,79.9364888226544,134.159426985116,53.2442264230945,138.82978959517,156.395151615143,140.338725696911,87.3268399328556,54.2068830211413,99.0216103487237,133.67512512207,37.5136704015854,92.5682747580788,90.8495581490653,159.022216796875,0,0,0,128.920417785645,0,156.533442179362,145.052261352539,222.130676269531,0,118.100794474284,231.264434814453,55.1671581268311,0,233.045883178711,76.6111551920573,0,0,0,0,168.230094909668,0,0,181.493003845215,117.463541793823,0,224.765101114909,224.670669555664,162.874561309814,190.56233215332,132.322040557861,0,0,150.303939819336,0
94.5986099243164,41.2841631675253,75.8472589492798,34.782169982827,0,135.5446434021,107.93646131243,96.2479826609294,145.896957397461,102.836347406561,112.008435682817,124.417574955867,108.379177093506,110.765354701451,146.024448688214,121.288188934326,12.1809236566725,97.5549343037155,117.422294616699,114.984326226371,0,24.700638536317,22.7806317896879,25.6985065496459,30.6406323249067,78.4668960571289,100.045944369569,29.0122255563086,32.9158856242594,118.311007279616,77.6706926539793,133.640342712402,0,116.422175089518,82.3262165813911,192.384796142578,123.734855651855,102.328110059102,55.7501733811175,0,0,173.506853739421,146.939056396484,186.586151123047,113.735549926758,170.659996032715,213.601501464844,0,0,190.116981506348,0,92.2859371833887,133.47587630328,171.660293579102,141.669702148437,0,112.03767527891,61.9033882141113,102.354149248725,118.97987214909,0,131.031443641299,103.587716292051,133.231773145271,176.98193359375,122.927026831585,0,0,116.243774414062,113.393473191695
103.913176916741,52.3826672314423,37.4321854961179,75.7010070800781,172.079195195978,161.688708585851,138.106069390401,117.63187636906,127.690775245292,140.602685451508,132.860659932366,62.0279831609831,172.889103359646,101.061237433018,123.654774901411,143.752914775502,97.5549343037155,11.2134804143116,62.145230102979,28.2504470646381,171.180328369141,65.6716195706968,83.1264067500471,33.4554597374146,131.22113410312,64.5114578833947,33.166531686642,69.1870966959899,124.206442178535,110.72669795906,84.539309338573,94.6697924262599,151.278508725374,111.394685274012,46.5152107952814,168.641393025716,103.463095664978,112.508825219196,78.9969388058311,173.907173156738,0,0,189.592269897461,211.209911770291,194.365707397461,0,0,0,159.458005269368,202.384155273438,0,142.547847270966,114.677049091884,154.387245178223,129.909385070801,184.474090576172,172.53476969401,144.625460147858,133.250496312192,173.324767680108,108.228040059408,110.232220416599,111.2328009955,182.719825157752,196.887361526489,176.455801258916,151.1070829119,0,173.878623962402,138.866750965948
152.860027112459,81.0018828896915,97.1206870577229,105.06575732761,171.921234130859,131.561380658831,126.427052514028,165.889615659361,130.178916531708,163.861239346591,179.265397445015,17.9414771810579,148.26161702474,50.9067909007764,128.514462500998,145.137836456299,117.422294616699,62.145230102979,8.05752079596162,26.9884146030096,185.29573059082,122.134438408746,130.555891418457,101.48115316579,167.79427734375,45.5611513118551,30.8854904399945,70.301297021529,169.874140421549,107.55959730279,136.89146677653,52.9602552368268,95.0257487441554,120.310976664225,56.5572405665792,0,134.19136428833,0,0,0,0,0,0,204.035736083984,0,0,117.965448379517,0,106.619973182678,0,0,0,147.76634979248,138.177641296387,140.099398803711,0,0,178.755447387695,197.095504760742,222.7998046875,100.481420516968,130.680018972843,133.446279712189,225.444000244141,0,200.905990600586,122.840195792062,0,0,208.923431396484
125.798658384126,70.244191413702,74.3139517695554,93.3175767597399,188.845492045085,132.840268568559,149.756844954057,146.810373722281,145.255927356436,151.684114728655,158.788072875977,32.3474050691771,164.673413326866,77.1742756672395,136.233926183446,149.59642384847,114.984326226371,28.2504470646381,26.9884146030096,12.7602743858636,173.504976908366,95.9996616795378,107.576952819824,75.2433631152287,154.304890171174,48.4408546369903,35.3807213105112,73.4412740547898,150.439457926717,109.238350787594,107.673475031632,65.2711494773816,102.474649250507,124.592471247134,49.4323399416597,208.505043029785,110.015553474426,142.78427028656,124.585241953532,0,0,0,0,0,198.161819458008,223.833755493164,138.174118041992,0,134.521842956543,218.135971069336,0,190.07612101237,150.763821556455,122.254316711426,139.340277238326,0,204.873573303223,152.332890828451,169.672763061523,192.961624908447,110.888643264771,120.332575373289,126.312619207734,194.069519042969,211.439235687256,194.309921264648,132.850344467163,0,185.479423522949,153.476211039225
99.3522476196289,0,145.750854492188,106.148773193359,11.473166506314,89.8004954411433,36.5451894167038,95.1142817905971,86.9309007521958,36.6388161119107,18.0571746474502,141.801762390137,13.2545955402364,0,100.483218232462,52.7936432487086,0,171.180328369141,185.29573059082,173.504976908366,7.29791601416774,0,97.7068634033203,137.705402919224,19.0779862477726,0,171.651372909546,167.529493852095,30.3935047301845,97.0367935828443,145.66720123291,170.172821044922,112.181182861328,86.3448897141677,95.7872430086136,168.923858642578,0,0,0,18.8728398995817,0,164.708257039388,147.166946411133,153.825703430176,93.2771026611328,155.298792752353,0,45.241806072659,0,166.377708435059,102.045028686523,0,0,0,0,50.0300568496027,0,0,0,121.191778381348,0,0,0,154.053837101634,177.898849487305,0,0,0,0,191.482843017578
78.9400409821541,94.0354309082031,65.9700018623458,60.6035293517821,116.398211669922,127.350706481934,111.310952896462,68.5029335701794,100.177807098923,91.219193649292,85.9874021459509,105.099449807947,158.452766418457,153.140584309896,98.4354243287946,137.393730163574,24.700638536317,65.6716195706968,122.134438408746,95.9996616795378,0,11.7619337725408,59.8322818120321,31.678834249092,43.7331651294166,0,107.903020334768,84.0338700031848,30.821292494177,67.6302606737292,33.481957006572,163.736511230469,141.07258605957,72.7239175551008,42.3100505086407,164.251950945173,0,139.091504414876,72.2730967203776,165.668411254883,0,195.148600260417,170.936683654785,190.205841064453,150.22794342041,196.784759521484,0,0,0,151.808258056641,0,108.878111345054,165.267327308655,237.827865600586,199.928359985352,0,124.340044911702,81.1053378006508,129.116934568986,125.043497266267,0,179.538183848063,139.35857380761,134.276764123618,157.61993560791,129.462479047878,0,0,138.187659263611,133.82004404068
106.265455881755,25.7329964144685,47.1689637971404,22.7130988202111,84.3154627482096,101.265575408936,127.256517791748,88.0210659550686,130.282217979431,21.318226816062,96.6612213134766,100.05249117961,108.62977142334,85.6120985304621,129.769666671753,79.9364888226544,22.7806317896879,83.1264067500471,130.555891418457,107.576952819824,97.7068634033203,59.8322818120321,7.42973513731262,52.5438602436054,34.5673527036831,67.4711986663025,88.4871413930257,49.1104056228112,65.2027678489685,110.241068070935,79.5089835661003,107.109016274506,109.98624420166,106.921465360201,84.2530100438502,81.4760437011719,104.531553268433,101.304197138006,37.1998112996419,139.108693440755,0,146.497212727865,145.922860281808,158.142578125,88.0808999197824,134.425956726074,175.827916463216,150.377555847168,153.392018127441,152.221897125244,0,55.8636275673834,125.081639607747,155.667694091797,147.163057963053,122.047348022461,77.1768047069681,38.7392115103893,79.2498408317566,71.0419511371189,124.75789642334,131.93513174618,114.890816192627,92.488007068634,99.9899550217849,72.4827951084484,160.57090250651,0,73.2909104483468,70.5122303009033
92.1712611018,55.2573490529447,39.3155455632577,69.7802399075779,142.454066627904,133.181746588813,123.992359204796,89.6772129447821,112.595133500094,110.471015760634,105.027191052512,95.891167324312,146.368649800618,132.308287484305,109.488207697359,134.159426985116,25.6985065496459,33.4554597374146,101.48115316579,75.2433631152287,137.705402919224,31.678834249092,52.5438602436054,17.6616730097173,83.6167831692574,0,83.4753825595182,52.2986694623536,64.3931829032078,101.672303513031,60.8637573509759,136.208860698499,138.843179016113,94.8989156966514,49.3042566162612,173.264066696167,130.189292907715,105.060723555715,70.0416585771661,194.59302520752,0,198.174905950373,167.669062805176,190.470534691444,190.908198038737,178.58524615948,132.07341003418,0,165.978561401367,184.64571472168,0,104.153029229531,134.040528982657,168.410583496094,147.046542213077,167.980255126953,130.415511341838,89.2960013556726,112.386505511969,151.231672487059,144.006861368815,125.696393265683,105.912417223327,160.423531391899,181.077809651693,155.242362443791,173.073908487956,0,140.678553581238,130.8191205805
84.711045234653,84.9646332474793,116.510442699086,39.3086135563176,24.8308716805832,92.227753196795,86.2599077834987,59.9988680634251,96.2410650135334,24.153421011499,66.96909083717,151.745059692383,20.2120883723382,130.529179307281,99.7560000700109,53.2442264230945,30.6406323249067,131.22113410312,167.79427734375,154.304890171174,19.0779862477726,43.7331651294166,34.5673527036831,83.6167831692574,13.0055848029397,113.927701533841,137.716625921327,101.090273247968,23.5323873355536,82.1180727886136,77.2119088523561,162.891464645798,119.161980659731,75.5806159900136,83.3134181009831,128.314452703486,154.414702097575,159.214134216309,59.2332350086962,119.706059825802,187.187698364258,140.339273690329,119.496565826451,148.472426853623,73.1704440184043,134.009355654662,202.158351898193,122.987675652137,188.7470703125,150.113353314043,101.082051086426,109.676039135333,172.530037506767,218.419013283469,204.395075480143,125.116617102372,131.58069856625,84.3675779212605,146.975551192379,101.595595724455,188.323613484701,185.297518581814,159.978784073791,121.305128455619,136.817492123683,119.731442038933,211.202786254883,184.476084391276,118.405849702897,126.885580436763
130.066890716553,21.2724891533653,108.029100418091,33.0138172530953,0,145.076908111572,117.009072875977,144.942898220486,121.255795288086,101.440750436173,162.441673278809,27.9784773519294,124.913021087646,15.270990173071,121.57264650785,138.82978959517,78.4668960571289,64.5114578833947,45.5611513118551,48.4408546369903,0,0,67.4711986663025,0,113.927701533841,6.00730047258695,49.6086353084019,24.8228114726399,141.942390441895,123.914815630232,143.664337158203,47.0298313352797,72.8915237426758,0,63.0805140904018,0,56.1346569061279,0,122.421356201172,0,0,232.297943115234,0,140.798095703125,150.952747344971,0,75.3738233566284,181.662902832031,52.5808423614502,0,0,0,123.498406982422,85.1924964904785,118.700460260565,0,0,110.054820378621,0,146.253967285156,23.2165049443579,78.4459437202005,77.5827765229084,0,164.359497070312,0,74.0846472942468,0,0,119.242959340413
143.600153389624,52.7499956289927,37.115072737742,66.6006440559204,162.206069946289,115.167493993586,141.787231750488,134.473545061171,141.144786952394,125.796807272392,145.601038051296,30.7348651416703,153.448302433409,25.6365570981884,132.819014951245,156.395151615143,100.045944369569,33.166531686642,30.8854904399945,35.3807213105112,171.651372909546,107.903020334768,88.4871413930257,83.4753825595182,137.716625921327,49.6086353084019,14.3970012218727,40.9381590228253,142.954538900202,109.711131953744,121.832588256999,23.3699748379831,101.75620887393,128.253889022335,68.1340096336093,195.567097981771,100.955885080191,124.068538665771,130.029901064359,0,0,205.606170654297,212.633296966553,197.804415021624,170.496240234375,0,104.905455758638,231.625213623047,96.7282163094783,181.502722167969,238.017471313477,150.730821756216,126.731514620494,120.535651302338,114.240598358377,0,188.313064575195,152.55196139687,144.226412455241,195.496587926691,75.8886878023443,101.668365574282,104.996178233667,201.654348520132,238.317779541016,162.806365966797,108.237303839789,181.839172363281,158.800628662109,136.977289886475
140.803248650205,28.9910028837818,29.0189017539761,51.0652520101942,150.461454503676,137.239029961663,149.422389806703,116.315068309982,151.674415647445,110.129193064279,125.120091956553,72.6722610022957,151.954662538924,30.9529691608682,145.674030909281,140.338725696911,29.0122255563086,69.1870966959899,70.301297021529,73.4412740547898,167.529493852095,84.0338700031848,49.1104056228112,52.2986694623536,101.090273247968,24.8228114726399,40.9381590228253,17.012135147044,89.0553249441167,124.978432539145,118.8944609942,26.0279483113538,128.076716105143,127.751879569812,77.9510558195008,182.912925271427,94.9939445052484,99.1709148477744,54.9644182025814,195.899978637695,228.323318481445,203.731155395508,176.46969040126,188.640117892971,171.167008717855,203.85002746582,115.566848956541,144.210296630859,99.6247962410568,181.176796222555,191.580307006836,119.550538553668,113.197211490895,120.320470193275,117.627028351458,198.612403869629,161.140782712111,119.822234615837,108.806822033563,164.952687993963,71.4050943968726,103.755458745457,99.7686547305578,166.275862543206,185.436292146382,159.435303237412,113.450686181576,164.51091003418,192.06612701416,130.075549099896
88.2789958533019,105.068370594698,91.4203604455609,64.8699965648162,17.7623422416793,124.824379162911,69.2464342786273,38.8485519385564,81.8178146432489,60.5603725299029,41.3352790671641,163.345585428874,53.4267083013172,173.479956054688,99.7541810978004,87.3268399328556,32.9158856242594,124.206442178535,169.874140421549,150.439457926717,30.3935047301845,30.821292494177,65.2027678489685,64.3931829032078,23.5323873355536,141.942390441895,142.954538900202,89.0553249441167,12.9758605958368,85.2877375372525,55.7732746655244,194.509715270996,132.573535374233,73.1085981637924,78.7545341602047,137.321039639986,155.127738952637,151.917494812012,83.0989415095403,111.961010170918,0,156.52037097168,132.483662974553,160.25857949954,99.1319192766069,159.009113178697,198.748785836356,150.274847303118,195.903251647949,153.95724877379,131.277330671038,119.841177039384,176.551027536392,212.490997314453,207.655963897705,137.183874588508,134.109802548581,93.1679594546934,153.398283401722,117.649861418669,194.246159871419,192.770486450195,156.616895039876,134.108398285122,148.849025115967,126.755599024883,0,0,131.372138140953,134.235906349985
14.7699461331018,117.897889614105,135.125346215217,75.4845688721844,96.4721878253861,24.2142761879361,39.9369405331389,66.7023008334562,32.1993447798338,78.4943367151114,86.1155136851141,73.1624556740411,88.9052722107077,93.805914648648,26.5212832779366,54.2068830211413,118.311007279616,110.72669795906,107.55959730279,109.238350787594,97.0367935828443,67.6302606737292,110.241068070935,101.672303513031,82.1180727886136,123.914815630232,109.711131953744,124.978432539145,85.2877375372525,10.3838198489631,28.5016740540449,99.5489348361367,8.50845920592152,14.2753161280147,38.9492935863261,152.946159362793,219.719589233398,0,84.621021270752,161.528266906738,0,167.078215965858,140.49483257229,175.246329371134,123.148939609528,178.567754572088,163.752700805664,155.38521194458,0,171.750180089197,154.95817565918,125.865198262533,193.945365905762,220.745742797852,0,174.953699747721,157.94756947393,107.124074495756,163.862547011602,130.396669340071,0,194.68768964495,175.673520351978,140.930989767086,159.789069555139,139.493658477185,175.75553894043,0,138.073678516206,141.869542967598
38.9107150022543,110.94830263578,93.1246371239972,61.7225402120919,120.666624450684,113.529174580294,99.424945347852,31.6551453290521,83.1738084935404,69.0261518271865,83.6783701423377,109.390821890398,127.507162366595,158.198529330167,70.9277629510766,99.0216103487237,77.6706926539793,84.539309338573,136.89146677653,107.673475031632,145.66720123291,33.481957006572,79.5089835661003,60.8637573509759,77.2119088523561,143.664337158203,121.832588256999,118.8944609942,55.7732746655244,28.5016740540449,13.3793300136278,170.006962367467,121.693878173828,53.5358025957966,46.7196298861072,144.925171852112,0,177.763013399564,80.3804031718861,130.269860267639,0,161.478870210193,137.8880072201,170.729126836213,90.8107125418527,157.225975485409,213.377777099609,98.6221160888672,0,162.798099241395,0,113.335970335369,190.440455683955,170.69367980957,211.224016189575,155.723808288574,134.539511148032,93.5947622605312,158.187460977523,123.752097723255,0,177.85842563795,169.746304829915,133.238017364502,149.644015443091,132.052258981723,205.223571777344,195.712921142578,133.065987120283,142.132404327393
155.392537434896,69.8727557630424,114.311422460219,80.7236549830673,0,97.9042663574219,121.499961853027,187.452288309733,116.135982387668,137.769327481588,189.009170532227,27.9900800844804,169.849263000488,17.9336338151536,117.662029418945,133.67512512207,133.640342712402,94.6697924262599,52.9602552368268,65.2711494773816,170.172821044922,163.736511230469,107.109016274506,136.208860698499,162.891464645798,47.0298313352797,23.3699748379831,26.0279483113538,194.509715270996,99.5489348361367,170.006962367467,7.91053696025542,102.020390272141,119.41064453125,79.6192035030674,0,115.359814758301,0,143.641792297363,0,0,0,0,186.241409301758,197.580485026042,0,101.399409770966,209.125244140625,93.9088290236004,0,0,190.328018188477,127.729843139648,114.158361246298,129.065552012126,0,0,153.191749572754,206.810317993164,202.850944519043,69.2260286518172,108.921048178849,113.777413657068,228.616668701172,189.164865112305,244.44807434082,107.915800696769,157.013366699219,0,153.597311019897
92.0384254455566,158.187393188477,158.858137130737,137.658624013265,132.478357315063,10.7057396945269,19.3976115936632,121.569198901837,13.8307406645148,83.9337363243103,115.704005241394,56.7498925201821,89.2038452984536,80.2150486095532,10.6782215761453,37.5136704015854,0,151.278508725374,95.0257487441554,102.474649250507,112.181182861328,141.07258605957,109.98624420166,138.843179016113,119.161980659731,72.8915237426758,101.75620887393,128.076716105143,132.573535374233,8.50845920592152,121.693878173828,102.020390272141,5.18682684171391,0,37.8991874739275,0,0,0,0,0,0,0,207.444717407227,217.269882202148,0,0,0,0,113.486335754395,0,0,0,0,0,0,0,0,0,0,178.856979370117,149.1845703125,0,169.697860717773,208.982650756836,0,0,0,0,0,0
42.3642361504691,123.73948097229,118.468183517456,65.1709062194824,86.3245171600918,127.147003173828,99.7933794294085,69.2601681082216,106.986449443119,69.2238348465932,78.3088081806151,105.341543891213,87.9446563720703,114.968273162842,63.3134373043655,92.5682747580788,116.422175089518,111.394685274012,120.310976664225,124.592471247134,86.3448897141677,72.7239175551008,106.921465360201,94.8989156966514,75.5806159900136,0,128.253889022335,127.751879569812,73.1085981637924,14.2753161280147,53.5358025957966,119.41064453125,0,8.27375534320452,28.4128466059792,140.988548278809,0,152.479309082031,81.1842575073242,140.085172017415,0,154.396318435669,135.277089374821,157.44947136773,116.428327560425,151.046615600586,0,0,0,155.639300755092,0,142.828901926676,207.852088928223,0,0,173.944188435872,148.004081726074,101.929134368896,166.232347488403,126.424926796738,0,204.941802978516,169.743052891323,132.166255060832,146.55287322998,131.658461523838,0,0,134.290817260742,147.459083888842
82.7288722991943,76.22406391069,66.701390855237,78.1586017608643,94.0553658629117,40.66811794316,72.4233070114435,85.1052020696148,74.2925158354643,90.7533705378153,90.4797554145097,30.7107001218332,93.8588581342955,54.0603825561399,64.8043659398393,90.8495581490653,82.3262165813911,46.5152107952814,56.5572405665792,49.4323399416597,95.7872430086136,42.3100505086407,84.2530100438502,49.3042566162612,83.3134181009831,63.0805140904018,68.1340096336093,77.9510558195008,78.7545341602047,38.9492935863261,46.7196298861072,79.6192035030674,37.8991874739275,28.4128466059792,12.7443558677297,139.971590995789,125.441009521484,128.879441942487,81.3995527267456,211.059224446615,169.825286865234,172.923148261176,139.819900512695,174.748849487305,96.7550392150879,174.727056503296,0,166.354686737061,167.530960083008,168.469966008113,0,110.86935710907,140.872157142276,189.981813430786,177.146751403809,156.666305541992,148.42070887639,100.586784362793,142.594384935167,129.347090555434,68.6800689697266,137.599923451742,135.44127387741,142.838911781015,148.930659294128,139.867657456443,177.948855082194,0,140.394212086995,144.69273223877
149.528705596924,0,187.891632080078,79.6619036057416,0,0,168.866463797433,137.120845696865,164.877736708697,98.8458511352539,161.010858154297,208.712615966797,0,0,167.677544088925,159.022216796875,192.384796142578,168.641393025716,0,208.505043029785,168.923858642578,164.251950945173,81.4760437011719,173.264066696167,128.314452703486,0,195.567097981771,182.912925271427,137.321039639986,152.946159362793,144.925171852112,0,0,140.988548278809,139.971590995789,10.4031600561453,147.449401855469,106.561448434683,62.0541068689147,90.5828254574635,79.665732383728,101.185834911135,35.1125796753463,60.9261550639226,71.0285256067912,78.859519613429,114.385021989996,111.809357779367,149.870170593262,23.936179377764,87.2545075416565,105.50409266154,98.2110605122657,124.071889725942,117.626851719057,109.175399448561,84.8545312333381,102.143945058187,94.0965491459693,79.8620233967356,0,122.664249807889,123.739532840613,82.4503139119612,16.5982915806541,29.3739813691088,152.472918701172,96.3912986755371,37.3844014441613,73.0027071331062
0,39.8857843875885,80.1325836181641,37.3856232716487,0,0,0,0,155.173400878906,191.488128662109,170.784072875977,99.6125869750977,0,98.9708326401249,0,0,123.734855651855,103.463095664978,134.19136428833,110.015553474426,0,0,104.531553268433,130.189292907715,154.414702097575,56.1346569061279,100.955885080191,94.9939445052484,155.127738952637,219.719589233398,0,115.359814758301,0,0,125.441009521484,147.449401855469,7.85753148146928,77.4849681854248,28.6463867694139,148.995407104492,0,145.336832318987,129.834020614624,155.58226776123,76.3305958144083,214.418045043945,60.1393912280047,127.655143737793,48.6753807399392,141.987121582031,108.8268538581,57.7020953042167,52.4965482133158,86.8783598400298,68.8877451896667,174.21346282959,115.224730900356,22.7045355462678,52.2865115356445,82.1125887521305,21.3936192914331,65.7410523771036,32.7780295229479,122.801247914632,116.010204315186,124.23805287679,69.6700293691535,85.5087432861328,0,79.1688159204299
0,74.4713719685872,97.4620170593262,72.7451000213623,169.606246948242,0,177.747670491536,169.036068725586,193.322852240668,192.295700073242,203.933326721191,151.006553649902,0,175.637126922607,165.686187744141,0,102.328110059102,112.508825219196,0,142.78427028656,0,139.091504414876,101.304197138006,105.060723555715,159.214134216309,0,124.068538665771,99.1709148477744,151.917494812012,0,177.763013399564,0,0,152.479309082031,128.879441942487,106.561448434683,77.4849681854248,8.99454042296558,64.818749109904,176.676612854004,150.659210205078,127.619061061314,95.664431023651,118.475373331444,113.352377573649,105.332154440713,109.900500106812,184.051094055176,102.106475830078,109.283699293739,133.39121055603,85.7392414004304,42.8499598853195,109.628376824515,75.6524923415411,185.404179890951,78.7083567062227,60.6591427500655,29.9698788292281,123.016090393066,0,27.0700538592704,26.1950826365894,94.5802305925613,130.584764262797,86.8024516504974,147.6109790802,178.93416595459,114.50849034236,66.0439210954017
