7.80307167119231,116.103310139974,94.2714994521368,66.3686265415616,70.1239269256592,67.5158335367839,81.6461797714233,31.0983014452082,27.5924121681601,59.5169218992576,62.9223041179752,128.389678001404,77.2953665597098,153.571729387556,14.8166761198434,91.5711953904894,99.8378720964704,93.913816116333,127.412361387223,112.402554097802,76.8076237996419,69.5831322981485,92.0497873667124,86.7057774066925,65.5935524034302,130.220611572266,106.052673087632,123.026505553607,66.9076050527133,10.861983490808,23.8556575777032,170.444315592448,76.6926849365234,27.6119220670064,89.485520488811,136.373894691467,0,200.936332702637,71.8509342670441,144.373583475749,0,141.005157470703,126.314058303833,149.415311859875,110.683975219727,144.073057447161,0,148.489944458008,0,157.100621610074,122.157337188721,128.350153605143,174.885879516602,213.630874633789,184.598486328125,145.725217183431,149.515701293945,102.662590026855,165.335114796956,109.636160505579,0,174.172777448382,175.102310874245,123.676648846109,153.098370688302,131.371943473816,0,191.564575195312,144.06203918457,159.284424591064
116.103310139974,8.42322694397524,42.2128965413795,24.4449504836614,76.1543579101562,0,141.698820114136,118.971141121604,136.086986851048,74.4704748271424,131.482738494873,68.5317687761216,126.197626749674,46.0272581590411,129.072340184992,110.28111789101,67.6361007532798,53.2123707739861,69.0995294076425,62.2963070869446,0,89.0340303693499,16.9767156573323,62.0553157935708,75.6973788461471,25.5788878847122,50.0923279725479,31.1177741408178,100.842613462418,115.135189056396,99.3456068905917,60.3240280594937,0,135.047763824463,67.551898297215,0,121.616584777832,88.1599213526799,16.8445128236498,183.244486490885,0,0,142.592548794217,196.629852294922,104.639923095703,162.237158203125,175.700597127279,0,97.7914335462782,0,0,100.651154327393,87.9019263772403,132.727340698242,97.4942520141602,152.695587158203,0,72.7116419474284,111.477008125999,144.688351101345,119.155944824219,97.1394488016764,85.0761830027978,183.726526896159,212.363647460938,0,119.547055562337,0,0,80.7443733215332
94.2714994521368,42.2128965413795,17.5821935211496,46.7454936069998,135.022168477376,158.36791229248,137.030788546294,94.8743834838513,124.890333478433,87.2442074018655,113.206385267251,93.0797643817839,161.713386535645,83.5466980567345,110.631789121275,121.500576782227,83.2574425317291,35.8775364497543,83.7852945020122,64.9807475282075,177.446243286133,62.6732265666879,49.0716399448674,34.5571423419868,100.722426546213,95.366024017334,36.7437140777269,32.3281675148941,92.3977598356575,111.052711091834,89.4911440944485,92.8456624348958,178.272588094076,119.033208980117,63.9293233023749,167.018672943115,111.03846419485,94.1478559566977,80.6092667299158,0,0,193.35311126709,160.634201822402,180.346481323242,157.131940569196,193.926402500698,157.328104654948,0,148.862540108817,189.504223632813,0,126.939276042737,111.564053455545,133.654568990072,130.44345320032,0,121.494110599641,86.7604680902818,104.822195774533,144.525923792521,119.737243652344,107.22553170865,96.6139806336994,149.694656582054,172.045263290405,146.741864984686,144.131645202637,0,164.101440429688,106.9624985812
66.3686265415616,24.4449504836614,46.7454936069998,27.2502646506696,79.0153605143229,115.856539045061,100.192105763753,62.1175298720321,88.5491799126254,31.1536109323241,96.8763481616974,64.5221586920998,98.1218332926432,52.2384013541164,84.6077053803664,76.3206933021545,41.8337440648672,57.8180270610088,73.5902370653654,61.1574542777879,106.652791728144,55.9049922346819,24.3112494432582,53.9104687922598,44.5630104062801,24.1545162700033,48.070073038159,40.5258073749069,67.7441985096567,73.8368078856689,57.4144118487078,65.6173780066335,119.902351379395,60.8860532799546,62.2580959400183,101.645116715204,59.0197613866706,63.5049874742152,13.6021946765701,91.7520353529188,156.522094726562,111.826927185059,83.8933417254155,104.204522685001,16.41665536386,103.686159133911,89.0154527028402,81.8899503707886,74.753644818845,97.9813295866314,104.774559020996,56.541673954555,70.0528867611518,88.2288382848104,74.98409018978,102.218920898438,70.5198119935535,27.7327742382763,69.1082314156197,66.5430732842648,36.5171085845592,63.8000999147242,57.5838780963036,78.5722108891136,99.3707038439237,81.8696061255227,99.6404616038005,0,89.4685180664062,78.3870294943623
70.1239269256592,76.1543579101562,135.022168477376,79.0153605143229,8.60888885457002,119.15135345459,60.8487042634619,50.4280117410813,90.4022555734919,49.0677643005665,25.4675215630744,170.228576660156,24.325010469075,0,90.2259187965296,66.20940247704,94.8183212280273,146.676315307617,0,0,13.005947124126,127.668388366699,116.302169799805,130.526529947917,24.0897536619504,0,156.039530754089,137.418230923739,18.1474401816132,88.9795250096092,106.717032432556,0,124.282597351074,80.3860153399016,89.7046242231204,191.391757202148,163.365631103516,0,74.3001029604957,141.553585990531,0,147.103639541134,140.21019450101,159.043458726671,90.6667830944061,143.786526016962,226.934631347656,120.549697399139,179.569839477539,163.938698450724,80.7981828053792,131.517303466797,0,0,0,139.875744039362,0,131.700271606445,245.92268371582,110.026387468974,167.640121459961,0,213.8505859375,136.250246349134,169.139242989676,146.746711730957,0,194.804679870605,165.650871276855,162.631356811523
67.5158335367839,0,158.36791229248,115.856539045061,119.15135345459,7.49215303661572,10.0610783046578,108.49840332741,29.5552235823533,72.7252224109791,105.610011414393,56.3729536156905,97.4631831076293,70.7353630065918,30.5615143896828,15.4537056544174,0,131.557029724121,85.4202346801758,162.079902648926,105.083223571777,141.034367152623,100.552520751953,145.250998063521,101.059887015301,119.428413391113,160.585551738739,166.713886260986,121.131333449791,19.283315620766,129.768397013346,0,6.73481957749625,0,43.8258812525501,192.325149536133,0,0,110.989681243896,204.454071044922,0,229.528762817383,185.968594360352,206.97108968099,0,194.12375793457,0,0,0,0,0,163.761962890625,0,0,0,187.773834228516,0,107.325073242188,206.65941619873,161.860784357244,0,0,247.605529785156,173.80668778853,207.937459309896,0,0,0,0,213.504173278809
81.6461797714233,141.698820114136,137.030788546294,100.192105763753,60.8487042634619,10.0610783046578,10.8350428126857,63.0928931863768,25.3589419122701,80.7890624889749,31.6968664370893,91.1237616428109,27.2309962456478,142.109957695007,50.7749195468483,13.9347237253287,134.530445098877,161.997273613425,170.900487263997,175.126445225307,42.5484917926637,121.825771490733,104.067270914714,139.828401445268,76.7334072645869,87.6931991577148,154.119585111544,144.787518968769,69.5603950557323,52.8685560106179,120.360550265842,95.1692886352539,19.8460142231917,95.9503045218331,72.3236863613129,172.920247395833,213.307579040527,226.021464029948,97.4054253896077,151.573320845483,0,160.193901458344,149.566180419922,164.982139694859,107.568262009394,157.182410697414,225.692916870117,151.221996489025,216.953328450521,175.196178327288,122.83162689209,175.451797485352,215.460947672526,0,208.2939453125,161.245558478615,216.590896606445,142.714167277018,195.153301239014,131.440757417939,239.005935668945,201.03303527832,191.370891864483,156.206285315045,183.083748126852,182.282157897949,0,0,169.665054321289,174.413450876872
31.0983014452082,118.971141121604,94.8743834838513,62.1175298720321,50.4280117410813,108.49840332741,63.0928931863768,10.3153084266896,58.7671632797388,57.3970824631008,20.2779033208774,145.579450480143,63.4581696468851,161.57145690918,36.0099179302509,70.6299128070954,94.322920167601,101.891298939982,142.53133733649,121.056972054874,88.3931337032678,65.2790891239168,77.498200761511,81.1958702796273,59.5221398724012,125.498598734538,114.589445725927,113.635456146732,32.2523929122008,56.4329832720593,23.3221699592628,165.090751647949,118.294467926025,67.6724984910753,88.3177277329223,133.325075037339,0,161.145515773607,74.286009652274,139.13837487357,158.618095397949,143.175662878788,123.629473050435,148.734358296592,94.3314518595851,138.970804460587,191.917442321777,137.938262462616,0,152.210269336969,125.379094441732,144.745211952611,178.976076398577,201.477554321289,198.368637084961,145.357448032924,155.86808013916,127.886613325639,152.771122313382,107.652877968964,0,194.955781046549,166.334349039439,118.661545587727,144.701317260742,128.650556087494,0,203.575721740723,134.176688784645,145.058898302974
27.5924121681601,136.086986851048,124.890333478433,88.5491799126254,90.4022555734919,29.5552235823533,25.3589419122701,58.7671632797388,13.0888219239433,87.7187975001092,41.5576676946952,93.7668896232333,78.62596326402,115.096952819824,16.5928378992338,30.6784505614933,121.548435357901,131.301955469474,146.605038510093,145.343113836096,84.9042217733311,103.440151361319,105.611042737961,117.79935153607,85.8288200718951,141.944872538249,140.426837342066,144.039062587694,80.8202445214386,35.5392527117727,87.2015092012187,193.72046661377,17.8658063759977,92.0076779666012,74.1515713108846,158.037680264177,209.494903564453,204.711515045166,100.451614543604,164.642774153729,211.567690168108,161.206754347857,151.646178331204,172.4087449646,114.515166146415,159.839317398687,202.450872802734,151.094805081685,130.51825205485,173.587724999083,154.183478219169,161.60600789388,214.082401622425,0,216.819320678711,161.096839083158,186.058102925618,136.902423565204,188.078671174891,135.360037378955,178.743286132812,205.503708733453,194.806246025618,152.862495997888,175.1628679926,169.144609304575,0,213.717727661133,162.80326120477,174.136387058946
59.5169218992576,74.4704748271424,87.2442074018655,31.1536109323241,49.0677643005665,72.7252224109791,80.7890624889749,57.3970824631008,87.7187975001092,8.83575167162937,77.8883287944491,131.645660987267,7.76246602313688,117.735358962439,80.5535457213113,25.7024858397205,46.4936388604184,118.063010415913,142.588016675866,131.566408643536,51.7924119357405,71.1176268295203,21.4639038607043,91.9730219236562,19.2937172054023,100.850234759481,120.689271421399,105.993113064338,52.4809972977021,65.8411352526058,57.846672135253,131.118273735046,111.657709988681,58.8142641104106,73.3045896751219,92.5335166931152,157.208374023438,151.282828194754,30.1750486064965,95.1784948348999,0,111.062003707886,102.45946888984,117.423196368747,29.8824327650524,109.950984364932,0,68.7523357463333,159.611999511719,110.541345156156,50.9504789872603,128.624425252279,167.610997517904,162.94352722168,172.80768737793,96.8350394566854,130.357704162598,62.7114050728934,131.511964797974,65.1987026664367,0,178.450103759766,144.613003031413,97.1462507505675,116.453354144919,107.84148684415,150.276214599609,0,102.833081817627,120.260154724121
62.9223041179752,131.482738494873,113.206385267251,96.8763481616974,25.4675215630744,105.610011414393,31.6968664370893,20.2779033208774,41.5576676946952,77.8883287944491,10.7341805469099,147.024311065674,24.8521135880213,166.922075271606,49.3826444584895,63.0719674318307,130.252763748169,140.383394211989,169.807815551758,167.322190475464,15.5492671555732,92.6547160829817,91.63125544009,102.110341141072,54.3392970574897,136.658752441406,141.6385023525,129.284701355502,32.3813292911833,83.9799234548976,84.0558629208896,170.324935913086,118.268173657931,78.9071137871541,92.5828390257699,177.153720855713,147.954467773438,179.535590035575,85.2225512842978,149.4378491479,208.813674926758,155.604254484177,144.97654800415,166.535538626189,106.075604393369,150.510228416806,229.683502197266,138.702642894927,211.458274841309,179.010704333966,137.558983802795,155.906509399414,199.033645629883,0,247.124755859375,149.265374247233,175.038884480794,130.528472900391,172.986862182617,122.780421020508,0,207.200271606445,194.074842325846,148.335591102714,166.911983733482,160.145860671997,0,228.759132385254,157.689801897321,169.891797517475
128.389678001404,68.5317687761216,93.0797643817839,64.5221586920998,170.228576660156,56.3729536156905,91.1237616428109,145.579450480143,93.7668896232333,131.645660987267,147.024311065674,14.4941469205105,121.173167142001,21.8460554687157,95.6768427160051,130.179992675781,116.294156674986,52.58857424968,25.5994786416314,28.0386561020053,139.328757286072,97.2232292212692,95.4292647573683,88.9671313938836,139.926552545457,39.1136109865099,29.8735304296502,69.0102206342018,144.641540380625,58.2434420000043,97.1097533371275,37.1823984330588,63.9791140836828,106.416610152633,33.059572669923,232.632110595703,106.839361017401,140.556091308594,113.427283287048,0,0,0,183.688415527344,232.663803100586,177.980921427409,200.116714477539,92.8851296106974,193.788703918457,75.5378546018858,215.930801391602,0,163.172737121582,141.225812911987,97.7293315342494,111.532309863032,0,0,118.009910583496,163.29274597168,165.377877807617,59.7007349799661,98.7035326639811,102.777555834163,203.857921600342,247.062637329102,182.526473999023,100.570151251716,0,0,121.65562915802
77.2953665597098,126.197626749674,161.713386535645,98.1218332926432,24.325010469075,97.4631831076293,27.2309962456478,63.4581696468851,78.62596326402,7.76246602313688,24.8521135880213,121.173167142001,10.0062117411858,143.495732116699,87.9086112810424,25.3233466867934,0,138.256912231445,219.644897460938,208.292765299479,14.0591273163038,141.850189208984,81.1761921969327,175.305149078369,20.0553056396619,135.238877296448,173.885503496443,140.6032371521,50.9213399633195,84.2410796594182,117.974136352539,152.463363647461,113.735564630682,85.1979416741265,83.536217490832,164.497619628906,0,211.567031860352,126.659116744995,151.790740240188,0,162.638244628906,158.107133162649,169.159657287598,79.1429127779874,158.700032160832,0,116.29979801178,0,181.620563213642,57.1858507792155,122.695777893066,0,0,0,159.071029663086,0,148.449905395508,186.667694091797,121.092342376709,0,0,200.941215515137,160.690366472517,173.504536946615,0,0,0,163.596549987793,178.436233520508
153.571729387556,46.0272581590411,83.5466980567345,52.2384013541164,0,70.7353630065918,142.109957695007,161.57145690918,115.096952819824,117.735358962439,166.922075271606,21.8460554687157,143.495732116699,7.98436376533814,121.91424969929,151.547032973346,130.387459182739,82.1894540786743,53.4291056871733,67.5524743603122,0,135.707212236193,77.9492477139397,113.766010284424,123.675666378043,21.0312214002071,33.3649425064051,33.3264346885491,150.724760055542,68.0302348763602,146.187648455302,13.4231198473054,73.1360982259115,171.267616271973,56.8466584880809,190.431869506836,98.240576913912,134.319211324056,81.8310856197191,205.524810791016,0,202.141947428385,214.270629882812,203.706565856934,148.944028771442,209.216176350911,77.3013922424316,180.210952758789,68.9158867008953,207.500438690186,207.55150604248,145.471405029297,155.191912333171,84.9914868596088,96.9364215955822,164.602661132812,171.333511352539,120.098768904402,151.890357971191,164.932183658375,52.132223295443,83.4667444191824,87.0937861830879,195.746292114258,166.592332839966,173.304023742676,83.4145767098606,0,194.69522857666,116.426372674795
14.8166761198434,129.072340184992,110.631789121275,84.6077053803664,90.2259187965296,30.5615143896828,50.7749195468483,36.0099179302509,16.5928378992338,80.5535457213113,49.3826444584895,95.6768427160051,87.9086112810424,121.91424969929,9.48936456935798,85.2276083251177,117.080019683838,116.522824918886,141.812396868537,133.813665104204,87.7624921955984,87.9664057123581,103.375631115653,100.84388247147,82.542986564164,154.861612955729,125.847160407994,137.321756129982,78.7900776719972,18.1688645000858,49.0948375358229,136.184804916382,10.1548121262204,38.9801610299396,61.0084759485526,157.044356837417,194.994514465332,179.943213722923,91.0661406062898,161.932683817546,230.164253234863,165.360251265965,144.061636257666,168.344308591356,117.277108554182,165.286454312628,0,148.788960890336,164.413822174072,172.97044426572,162.207130432129,145.509918848673,181.202453613281,0,211.647478739421,172.816795349121,170.242352167765,147.074502944946,173.395694235097,132.980180116029,0,214.59794035412,184.832527268101,141.452884332757,167.89834266901,151.797744750977,0,203.661560058594,157.803978313099,167.497519148157
91.5711953904894,110.28111789101,121.500576782227,76.3206933021545,66.20940247704,15.4537056544174,13.9347237253287,70.6299128070954,30.6784505614933,25.7024858397205,63.0719674318307,130.179992675781,25.3233466867934,151.547032973346,85.2276083251177,7.70792094031804,89.446418762207,186.446514892578,0,175.939292907715,57.7899038582517,104.66744740804,70.92891793502,105.349169413249,51.4601375677647,146.185478210449,156.385890667255,143.193905797498,75.3897923543944,85.1212245093452,97.2948786417643,144.900151570638,31.9518636735819,93.0542857830341,71.3178892559475,0,0,0,101.822893778483,155.153819274902,0,152.096508789063,157.388204302107,178.986831665039,89.8194532394409,155.312394714355,0,0,0,161.017749786377,63.5215339660645,0,205.065567016602,0,0,179.548851013184,0,0,0,139.397887166341,0,0,0,147.972449408637,177.606094360352,149.713623046875,0,0,0,152.716506958008
99.8378720964704,67.6361007532798,83.2574425317291,41.8337440648672,94.8183212280273,0,134.530445098877,94.322920167601,121.548435357901,46.4936388604184,130.252763748169,116.294156674986,0,130.387459182739,117.080019683838,89.446418762207,11.796252378441,103.589058547723,125.190719604492,112.322254540785,133.457733154297,20.4827356283394,23.6853815283201,23.5575889915278,19.4591999084194,107.044811672635,111.292324333434,35.8297309604129,31.3922798464792,88.5657467444738,65.4296507111395,140.675659179688,0,68.0992044872708,71.6670927567915,136.415987287249,133.020992279053,118.629641573194,53.8969953838148,0,0,147.367477416992,129.759392411741,165.657457987467,162.867893218994,173.786059452937,153.131744384766,0,0,144.449995040894,0,89.8680906424403,151.771562429575,0,188.381050109863,160.892532348633,110.823815554183,43.8467797276906,96.8874921748513,110.79461678399,0,149.361942545573,97.8483820769746,115.646016529628,138.089331127348,114.628098515102,0,0,122.378120422363,126.084000664788
93.913816116333,53.2123707739861,35.8775364497543,57.8180270610088,146.676315307617,131.557029724121,161.997273613425,101.891298939982,131.301955469474,118.063010415913,140.383394211989,52.58857424968,138.256912231445,82.1894540786743,116.522824918886,186.446514892578,103.589058547723,9.82032179496598,52.7817521534334,21.7889447930186,0,55.794800453146,79.9793089267819,26.2572941347543,120.803004514254,56.1004574027604,47.2750046137717,67.4186940855605,112.506024850666,87.4177287591699,70.9408902952386,100.644813168433,119.99889755249,81.261932623191,39.0466468844812,172.324913024902,126.529538472493,114.029171055761,93.6137567885379,226.098037719727,0,213.808929443359,186.931352233887,206.988357543945,176.535995483398,210.94229804145,136.789724349976,0,136.840243412898,224.064979553223,0,141.182013771751,116.157313691468,142.167329152425,120.56580502519,0,154.158298015594,117.068797771747,139.023607803603,175.214083584872,107.644348144531,106.903247051239,110.453651121684,173.350618802584,180.519474029541,169.824600219727,135.478418986003,197.917587280273,222.074493408203,123.892739920781
127.412361387223,69.0995294076425,83.7852945020122,73.5902370653654,0,85.4202346801758,170.900487263997,142.53133733649,146.605038510093,142.588016675866,169.807815551758,25.5994786416314,219.644897460938,53.4291056871733,141.812396868537,0,125.190719604492,52.7817521534334,8.98091073404895,16.9707946186696,0,111.187771375062,103.750424407249,96.8478348604433,148.355764909224,47.6046826094004,30.883733060676,68.9320231949656,154.659045292781,102.575958407202,109.033765053263,54.4455848574419,102.129711151123,107.091541892604,55.5963258977709,0,100.08331044515,140.465679931641,130.561126708984,0,0,0,201.38298034668,0,173.288497924805,0,110.405816396077,180.004669189453,98.7017668088277,178.864471435547,0,0,142.873445129395,101.73257721795,113.257105705066,220.500045776367,171.42310333252,171.050888061523,167.98836517334,190.227595011393,66.6409438239204,98.7231259396202,104.844466874094,219.308186848958,224.206253051758,0,111.969475519089,0,0,134.653955841064
112.402554097802,62.2963070869446,64.9807475282075,61.1574542777879,0,162.079902648926,175.126445225307,121.056972054874,145.343113836096,131.566408643536,167.322190475464,28.0386561020053,208.292765299479,67.5524743603122,133.813665104204,175.939292907715,112.322254540785,21.7889447930186,16.9707946186696,10.5497185075364,0,90.6246193224905,96.5645034954112,74.1377426205924,135.980012425837,48.7038315179656,31.7982621476182,69.138555236196,130.150638542553,101.748938724912,94.96894268126,66.1444785815327,116.096867879232,96.9059715270996,43.373335552303,194.793090820312,109.664091746012,134.46266137986,114.692364085804,0,0,0,205.99055480957,218.759460449219,0,231.066551208496,116.106337653266,235.232223510742,106.114075342814,214.924647739955,0,150.269116719564,128.858240061793,110.475382063124,114.788739602397,0,173.432879638672,144.024719238281,157.650949954987,178.987475585937,69.9842852183751,101.806549306186,106.166359624821,197.820629119873,0,192.831868489583,122.742064736106,0,212.781066894531,124.600911370639
76.8076237996419,0,177.446243286133,106.652791728144,13.005947124126,105.083223571777,42.5484917926637,88.3931337032678,84.9042217733311,51.7924119357405,15.5492671555732,139.328757286072,14.0591273163038,0,87.7624921955984,57.7899038582517,133.457733154297,0,0,0,9.23765015035896,213.552764892578,113.615676879883,166.541558837891,17.5296109344268,0,180.298227945964,170.89755859375,29.9156341592098,86.522883379509,136.152315775553,176.271631876628,114.585037708282,95.1295420328776,86.6280568273444,167.153884887695,0,173.186645507812,90.2822706434462,149.408985955375,0,153.610464477539,137.690142244906,166.039600626628,101.547331492106,150.275873456682,0,148.270881175995,0,177.394280569894,124.015963236491,0,221.167541503906,0,0,145.596648254395,0,0,219.095169067383,125.506678208061,0,0,213.793014526367,146.365046183268,163.5130443573,189.313461303711,0,0,163.577293395996,173.627377319336
69.5831322981485,89.0340303693499,62.6732265666879,55.9049922346819,127.668388366699,141.034367152623,121.825771490733,65.2790891239168,103.440151361319,71.1176268295203,92.6547160829817,97.2232292212692,141.850189208984,135.707212236193,87.9664057123581,104.66744740804,20.4827356283394,55.794800453146,111.187771375062,90.6246193224905,213.552764892578,12.1895338634554,55.0338008919442,32.0365568318452,71.8465826817664,126.997739156087,90.2009745468328,77.3816529240719,42.0725441393314,58.144093932473,28.3761376636568,152.318112182617,137.017055511475,47.5273149141036,47.3430796181407,129.628658294678,138.32421875,124.620851052774,71.4669414469849,0,0,190.977432250977,135.681296374347,175.880087958442,198.755111694336,158.233985900879,174.011286417643,0,0,167.364608128866,173.459213256836,104.76725836498,152.276605987549,247.433319091797,164.428108215332,184.738906860352,116.549576792997,80.7775560194446,112.840289319682,121.702420370919,152.883193969727,160.690370750427,130.479606506348,121.50070820987,150.105961539529,119.844401350645,0,0,146.751416524251,136.421848096346
92.0497873667124,16.9767156573323,49.0716399448674,24.3112494432582,116.302169799805,100.552520751953,104.067270914714,77.498200761511,105.611042737961,21.4639038607043,91.63125544009,95.4292647573683,81.1761921969327,77.9492477139397,103.375631115653,70.92891793502,23.6853815283201,79.9793089267819,103.750424407249,96.5645034954112,113.615676879883,55.0338008919442,7.73544678362933,53.0938081101883,28.3284089486605,62.2592066015901,83.5925847643373,38.7246449488151,56.6851670704191,74.2393737844869,52.651497816256,91.896924953268,152.834457397461,62.0215373193064,67.8401593081156,143.130311012268,33.7108993530273,70.1578954730117,18.8362214978536,122.677946908133,0,146.912480163574,128.345310088127,141.716779855581,95.7141963413784,132.265916551862,175.713455200195,109.670612335205,137.657573699951,154.129028320312,122.673324584961,68.1080686478388,80.7729496955872,202.717842102051,138.914102172852,119.282953898112,88.7281872885568,13.6554273917895,77.7384943055713,98.0361169757265,115.334106445312,120.203844778878,73.7204723946324,110.290427488439,135.548207600911,98.0528800964355,151.213539123535,0,130.146926879883,95.8122799213116
86.7057774066925,62.0553157935708,34.5571423419868,53.9104687922598,130.526529947917,145.250998063521,139.828401445268,81.1958702796273,117.79935153607,91.9730219236562,102.110341141072,88.9671313938836,175.305149078369,113.766010284424,100.84388247147,105.349169413249,23.5575889915278,26.2572941347543,96.8478348604433,74.1377426205924,166.541558837891,32.0365568318452,53.0938081101883,17.7813636235016,67.1919353623095,103.754761531435,64.4933976022223,51.4018118154859,66.8266505904678,86.5121589837714,55.6627409232865,111.281740188599,168.025672912598,78.8288252918991,50.0913948003227,161.441829681396,131.521593267267,102.442166192931,69.1239887128557,167.66820526123,0,200.770399305556,157.199964472317,195.370185375214,157.707918802897,177.019019717262,168.182300567627,0,206.444798787435,188.526816474067,0,93.0908508268859,129.255801120047,195.717926025391,148.110028076172,197.278465270996,121.201649840449,59.9794537088145,104.213067563809,139.614109954834,118.797813415527,132.904792739406,101.885462872888,141.698115863388,178.029668596056,138.788610873015,177.198327636719,0,156.586994716099,121.828241177263
65.5935524034302,75.6973788461471,100.722426546213,44.5630104062801,24.0897536619504,101.059887015301,76.7334072645869,59.5221398724012,85.8288200718951,19.2937172054023,54.3392970574897,139.926552545457,20.0553056396619,123.675666378043,82.542986564164,51.4601375677647,19.4591999084194,120.803004514254,148.355764909224,135.980012425837,17.5296109344268,71.8465826817664,28.3284089486605,67.1919353623095,10.1074724672903,106.668092792537,124.96667428744,84.7041830814622,20.6271939388791,70.9329460817471,64.7954397688291,134.99829782022,127.627403767904,66.1964212682863,77.3968804530156,116.447399553046,127.992820739746,154.771932659727,51.3726866848916,119.600214424133,168.934131622314,126.0653210306,106.410860344393,128.481660682924,69.5661873891564,122.133176633341,185.277673339844,102.180737389459,194.665557861328,132.373259035268,89.0589345849079,105.23856375558,167.041328831723,183.955505371094,215.797637939453,122.997354634603,117.1313829422,76.4071617126465,134.076820076286,90.8255273854764,195.712905883789,174.72822864239,150.642357737748,104.163787496009,131.399215253194,110.906313832601,177.932891845703,174.492599487305,121.00120010376,130.17271216441
130.220611572266,25.5788878847122,95.366024017334,24.1545162700033,0,119.428413391113,87.6931991577148,125.498598734538,141.944872538249,100.850234759481,136.658752441406,39.1136109865099,135.238877296448,21.0312214002071,154.861612955729,146.185478210449,107.044811672635,56.1004574027604,47.6046826094004,48.7038315179656,0,126.997739156087,62.2592066015901,103.754761531435,106.668092792537,9.97640872444874,38.936671257802,27.2229555467048,134.902854470646,92.7703532343325,117.510961012407,42.0811361348685,0,111.052912394206,60.4765323305887,158.49201965332,77.4646385192871,123.739980061849,76.3487881146944,193.667541503906,0,188.828231811523,192.280616760254,195.119552612305,163.592829386393,174.145529174805,59.8075973192851,0,54.3582016922707,170.981826782227,0,115.345840454102,129.309288024902,74.5264188593084,83.6354896681649,0,0,102.165898323059,133.462936401367,156.019378662109,22.3496038872383,67.4558428898911,66.3956886315699,157.221576690674,0,137.578346252441,71.8358844288609,0,159.335266113281,111.113020706177
106.052673087632,50.0923279725479,36.7437140777269,48.070073038159,156.039530754089,160.585551738739,154.119585111544,114.589445725927,140.426837342066,120.689271421399,141.6385023525,29.8735304296502,173.885503496443,33.3649425064051,125.847160407994,156.385890667255,111.292324333434,47.2750046137717,30.883733060676,31.7982621476182,180.298227945964,90.2009745468328,83.5925847643373,64.4933976022223,124.96667428744,38.936671257802,16.0850781185317,38.7870216068297,119.771686565342,107.855806652607,103.516597811057,21.0013615938911,139.857844543457,117.264456451916,61.8395568626443,182.880123138428,104.356204223633,125.687264856303,103.107125869164,0,0,188.349965413411,185.423400229596,196.63345489502,162.263817527077,205.093366622925,111.346013608186,205.975499471029,96.4099505720467,188.482173919678,209.803756713867,141.75573794047,115.057847603288,101.31268173609,102.265859695122,207.736938476562,160.091023495323,131.86356086731,138.601531157622,174.360271877713,64.6869578764806,92.6044489419998,96.1523212484891,187.127825650302,185.464425086975,162.616654663086,105.788980331421,0,190.260762532552,112.042074103104
123.026505553607,31.1177741408178,32.3281675148941,40.5258073749069,137.418230923739,166.713886260986,144.787518968769,113.635456146732,144.039062587694,105.993113064338,129.284701355502,69.0102206342018,140.6032371521,33.3264346885491,137.321756129982,143.193905797498,35.8297309604129,67.4186940855605,68.9320231949656,69.138555236196,170.89755859375,77.3816529240719,38.7246449488151,51.4018118154859,84.7041830814622,27.2229555467048,38.7870216068297,14.7836844697443,80.2978613858425,121.760174500315,108.924601297193,25.7501067926896,153.330680847168,118.017621241578,69.7428524196321,180.470514933268,109.573263630114,96.1001957154466,72.0796995688176,202.280051095145,0,203.007094163161,168.668364535557,192.820751024329,158.663723285382,185.843659431704,130.785220918201,156.552474975586,105.795553960918,194.293314287739,0,101.120675931311,112.315503242346,113.076390848531,111.174734441506,0,128.20907641214,61.8915061387332,103.559348649482,157.146664210728,71.955790408822,100.918885967347,98.0975437231408,158.743096595953,190.915307998657,153.064410090446,116.618967692057,148.709945678711,164.422457377116,114.639646476423
66.9076050527133,100.842613462418,92.3977598356575,67.7441985096567,18.1474401816132,121.131333449791,69.5603950557323,32.2523929122008,80.8202445214386,52.4809972977021,32.3813292911833,144.641540380625,50.9213399633195,150.724760055542,78.7900776719972,75.3897923543944,31.3922798464792,112.506024850666,154.659045292781,130.150638542553,29.9156341592098,42.0725441393314,56.6851670704191,66.8266505904678,20.6271939388791,134.902854470646,119.771686565342,80.2978613858425,12.6681830082246,72.4920994871851,39.127351051048,155.565380859375,132.768094804552,67.4036608618502,71.3564723259143,128.378190612793,172.3712890625,148.653820153439,70.6101885751577,136.55479897594,180.242803955078,144.69089441544,122.58631739283,148.04926110177,88.930562430281,138.340925694263,202.524759928385,132.779858001291,205.86376953125,149.319142361905,102.970320892334,114.087918940279,160.583514942842,0,197.733786010742,136.767037285699,118.455764235964,79.4200369652281,136.057854658403,106.68062798044,0,188.290046445785,156.859212813839,119.282841727074,143.58897725781,118.536332377322,195.464538574219,201.133995056152,123.948221655453,144.410806655884
10.861983490808,115.135189056396,111.052711091834,73.8368078856689,88.9795250096092,19.283315620766,52.8685560106179,56.4329832720593,35.5392527117727,65.8411352526058,83.9799234548976,58.2434420000043,84.2410796594182,68.0302348763602,18.1688645000858,85.1212245093452,88.5657467444738,87.4177287591699,102.575958407202,101.748938724912,86.522883379509,58.144093932473,74.2393737844869,86.5121589837714,70.9329460817471,92.7703532343325,107.855806652607,121.760174500315,72.4920994871851,8.90142747278417,24.3809489541805,97.2155340576172,12.3764206496812,13.977479774847,30.2794632134066,144.24459499783,193.892448425293,167.735935411955,80.7764660901639,153.210865259171,191.983444213867,162.257487370418,135.071612768395,159.621414539426,107.773126329694,154.701177946836,0,148.377124208393,155.367618560791,158.158094967113,141.248499552409,124.007740607628,179.534758134322,211.13427734375,180.704467773438,166.896702122044,141.206245785668,108.1575,170.967868495632,120.260161705266,0,180.051161448161,163.164191484451,129.876468591093,160.21970874613,125.905550227446,239.930603027344,222.658905029297,139.272574640089,157.392350651668
23.8556575777032,99.3456068905917,89.4911440944485,57.4144118487078,106.717032432556,129.768397013346,120.360550265842,23.3221699592628,87.2015092012187,57.846672135253,84.0558629208896,97.1097533371275,117.974136352539,146.187648455302,49.0948375358229,97.2948786417643,65.4296507111395,70.9408902952386,109.033765053263,94.96894268126,136.152315775553,28.3761376636568,52.651497816256,55.6627409232865,64.7954397688291,117.510961012407,103.516597811057,108.924601297193,39.127351051048,24.3809489541805,11.0053686596936,139.874004364014,151.58903503418,30.1768972565272,38.2442339902753,132.127495678988,0,158.552421993679,67.8798729306176,176.365901947021,172.9833984375,153.841134813097,127.579721945792,150.751355731298,92.7842350006104,148.247593688965,155.180023193359,176.483978271484,168.556060791016,147.082607093224,129.360987345378,110.042885122947,172.190370686849,0,165.398829142253,193.217646280924,116.79150041997,87.9373557049295,132.642026013667,112.033522821242,146.969261169434,171.565727907069,160.63720609064,118.13618769122,145.752520681798,121.699989751721,0,0,125.885838248513,138.303254907781
170.444315592448,60.3240280594937,92.8456624348958,65.6173780066335,0,0,95.1692886352539,165.090751647949,193.72046661377,131.118273735046,170.324935913086,37.1823984330588,152.463363647461,13.4231198473054,136.184804916382,144.900151570638,140.675659179688,100.644813168433,54.4455848574419,66.1444785815327,176.271631876628,152.318112182617,91.896924953268,111.281740188599,134.99829782022,42.0811361348685,21.0013615938911,25.7501067926896,155.565380859375,97.2155340576172,139.874004364014,6.82134659083931,0,131.591262817383,76.0238048129612,198.195404052734,112.905995178223,147.434661865234,134.701042175293,0,0,0,178.389297485352,0,0,212.042282104492,104.298872375488,0,89.3862651079551,238.309829711914,0,0,142.099772135417,101.089879077414,108.014967425116,0,0,115.173271179199,170.824066162109,210.977104187012,66.0016209490887,97.3038374084664,99.0700541255877,225.821044921875,0,186.444946289062,104.78007481016,143.961776733398,216.357650756836,127.105031694685
76.6926849365234,0,178.272588094076,119.902351379395,124.282597351074,6.73481957749625,19.8460142231917,118.294467926025,17.8658063759977,111.657709988681,118.268173657931,63.9791140836828,113.735564630682,73.1360982259115,10.1548121262204,31.9518636735819,0,119.99889755249,102.129711151123,116.096867879232,114.585037708282,137.017055511475,152.834457397461,168.025672912598,127.627403767904,0,139.857844543457,153.330680847168,132.768094804552,12.3764206496812,151.58903503418,0,4.38008268446697,0,42.1047972282477,0,0,0,135.156646728516,194.13786315918,0,206.073532104492,184.514047241211,0,128.611053466797,204.925913492839,0,0,0,0,0,0,0,0,0,0,0,0,235.995727539062,180.718154907227,0,0,0,185.022267659505,202.541343688965,0,0,0,0,236.076278686523
27.6119220670064,135.047763824463,119.033208980117,60.8860532799546,80.3860153399016,0,95.9503045218331,67.6724984910753,92.0076779666012,58.8142641104106,78.9071137871541,106.416610152633,85.1979416741265,171.267616271973,38.9801610299396,93.0542857830341,68.0992044872708,81.261932623191,107.091541892604,96.9059715270996,95.1295420328776,47.5273149141036,62.0215373193064,78.8288252918991,66.1964212682863,111.052912394206,117.264456451916,118.017621241578,67.4036608618502,13.977479774847,30.1768972565272,131.591262817383,0,8.33996458266784,19.7737816793337,136.487798517401,0,196.218643188477,69.6599894748645,142.285563278198,183.501876831055,153.160627282184,124.001163482666,147.602065061912,100.20286832537,148.239256914924,0,130.417617797852,216.799041748047,148.724306197394,129.432067871094,108.674974881686,152.735977172852,0,209.129681396484,179.987239837646,123.130823262533,76.2096729278564,161.061595916748,108.814687056507,0,157.992839813232,169.339065551758,116.594075974964,140.457822699296,116.104173772475,0,0,125.888787009499,139.712924791419
89.485520488811,67.551898297215,63.9293233023749,62.2580959400183,89.7046242231204,43.8258812525501,72.3236863613129,88.3177277329223,74.1515713108846,73.3045896751219,92.5828390257699,33.059572669923,83.536217490832,56.8466584880809,61.0084759485526,71.3178892559475,71.6670927567915,39.0466468844812,55.5963258977709,43.373335552303,86.6280568273444,47.3430796181407,67.8401593081156,50.0913948003227,77.3968804530156,60.4765323305887,61.8395568626443,69.7428524196321,71.3564723259143,30.2794632134066,38.2442339902753,76.0238048129612,42.1047972282477,19.7737816793337,11.3987833705103,145.747954845428,138.524098714193,112.624382514458,83.0921523317378,167.306163024902,145.166763305664,168.869799563759,137.274023340103,163.194247775608,126.628599054673,160.629374733454,168.082860310872,152.35499382019,116.048683568051,160.843261317203,165.568161010742,111.629437819771,137.015088168058,121.026541969993,124.338103860112,163.957432556152,127.863080617544,68.5753402709961,123.104188983943,122.492610574626,85.6326133728027,116.85162383731,113.818611713792,129.492116392329,160.401399421692,126.759966691335,134.476776123047,0,129.245220820109,140.105861522533
136.373894691467,0,167.018672943115,101.645116715204,191.391757202148,192.325149536133,172.920247395833,133.325075037339,158.037680264177,92.5335166931152,177.153720855713,232.632110595703,164.497619628906,190.431869506836,157.044356837417,0,136.415987287249,172.324913024902,0,194.793090820312,167.153884887695,129.628658294678,143.130311012268,161.441829681396,116.447399553046,158.49201965332,182.880123138428,180.470514933268,128.378190612793,144.24459499783,132.127495678988,198.195404052734,0,136.487798517401,145.747954845428,9.87935857470453,139.758682250977,119.876380812954,70.5328236806665,89.5685589002526,96.5357577006022,93.1565966886633,30.1831280731069,55.1986349605652,67.9966168315864,70.6724056082664,128.89566175905,95.3499391555786,148.2912304218,16.4692984808498,113.681129455566,94.7813328504562,103.724671827044,133.207541547503,120.237615728835,87.0110799616033,81.273250674727,66.6389055871344,97.2484379308829,74.4099121472465,145.51714070638,123.288771780775,136.50838308465,77.8027594294414,21.3859170868274,38.0380669301756,147.390686502262,123.538475036621,26.5841182410199,70.0933759780157
0,121.616584777832,111.03846419485,59.0197613866706,163.365631103516,0,213.307579040527,0,209.494903564453,157.208374023438,147.954467773438,106.839361017401,0,98.240576913912,194.994514465332,0,133.020992279053,126.529538472493,100.08331044515,109.664091746012,0,138.32421875,33.7108993530273,131.521593267267,127.992820739746,77.4646385192871,104.356204223633,109.573263630114,172.3712890625,193.892448425293,0,112.905995178223,0,0,138.524098714193,139.758682250977,8.62120210575357,43.7485991822192,18.5984927579051,0,192.024932861328,161.180842081706,124.612149986854,141.630853380476,65.0921932264306,143.371505737305,78.5523776004189,126.668249511719,55.5275445140698,134.220688713921,113.316575368245,57.4218878329379,54.901444940856,74.0080764076927,66.9718053173011,160.178680419922,90.000671810574,18.7117425145834,60.0041370391846,82.0575987107915,23.3021264911093,52.1094079253031,31.3623274342497,105.572025125677,124.664968490601,112.920162200928,74.6498761494954,0,126.276033401489,61.9831433232625
