8.78513033190994,121.965242004395,101.313461263975,68.1175938992887,77.9232646226883,147.614044189453,96.3140349478092,31.2666501725169,48.565167953755,63.8885527407185,72.4495878328389,114.091039848328,94.7226547241211,151.293140411377,15.3441862757803,104.613432312012,93.2797518968582,98.0527225494385,126.475635039501,113.566501050028,82.788879939488,73.8947844757431,80.6118618011475,89.3623362551344,68.5600589643206,134.801327387492,114.431825945454,127.329477356379,73.7051971017057,13.2241532381933,34.6936143278733,150.135308837891,66.7878100077311,37.5702852874994,70.1043327363803,140.044416728773,0,160.626678466797,87.6605586176333,148.901434762137,0,148.709430270725,130.203305990389,149.908433590295,114.157449510362,156.6744725154,212.872894287109,142.001403808594,0,154.707745234172,0,118.555316925049,169.544165039063,0,197.998306274414,186.083084106445,147.435949325562,0,161.751609325409,116.249906921387,167.990524291992,181.232936314174,172.06433444553,125.356673359278,151.435279482887,135.755169283959,0,0,135.636587778727,146.700032747709
121.965242004395,9.65939357514582,43.4909665537815,16.2474688771066,0,149.809600830078,148.903762817383,127.964629086581,143.400283601549,79.3229995994651,161.552595774333,65.4626780014371,139.043037414551,52.6761344056789,140.918727359256,118.379290412454,66.173687661341,52.5997317472775,68.3833050962354,59.9895724765325,170.731201171875,92.3535508292062,29.9976769541646,59.72550004997,85.7913753034731,23.7654046973617,46.6108074413764,31.8758326392473,106.628900466427,124.393668011921,108.587653023856,62.2250592981874,0,137.987609863281,58.3229604164759,0,82.0904337565104,99.6602716445923,69.794014400906,179.86946105957,0,170.464096069336,163.331186930339,210.803924560547,0,174.561218261719,109.861396789551,204.311599731445,104.80656190352,0,0,0,99.4367403302874,116.348872593471,113.112469355265,152.511505126953,0,0,118.192681884766,168.936256408691,66.8487121582031,109.355771814074,102.816107127292,168.605087280273,238.403228759766,0,123.752536773682,0,0,142.574562072754
101.313461263975,43.4909665537815,15.9370783527253,51.6164488625108,135.535331726074,132.29852549235,145.056829877895,98.8766957967489,125.720201572554,98.3291829016901,114.813743884747,84.9416557380131,159.161167144775,105.99523639679,114.836584172784,150.169764200846,86.4188496240295,45.9283054718445,83.0589445114136,65.6848337468762,169.178830827985,65.3512741101777,54.5078619215224,36.3491325185147,101.156811755636,105.048402674058,36.6679946805659,35.8361762963281,91.2940798693043,125.019707647311,88.2618844107296,97.0648762629582,130.087610880534,115.853742665258,59.0451595715636,175.137418111165,103.758596940474,95.5945513829464,72.4757964675491,206.824394226074,0,196.169509887695,156.949349285805,187.117690086365,153.032173156738,188.436548406428,174.714630126953,0,130.996265835232,178.729810587565,180.255867004395,115.995721944173,107.467296198795,208.173965454102,123.912318638393,185.216293334961,136.964217476223,102.547739664714,106.349848718926,140.22129209418,120.884780883789,111.067075559606,97.2896030902058,152.564764543013,180.765604019165,152.048596257749,0,0,185.85791015625,110.970641581217
68.1175938992887,16.2474688771066,51.6164488625108,12.3020108538687,72.6096615967927,112.178939819336,85.4673751455839,62.1164621370975,82.9664681139331,23.3451096067992,76.1688808042612,59.4224706108187,91.9037899971008,52.8723204442832,80.452724991284,109.939113736153,57.2334277726946,59.2212378414228,55.3999810299631,56.8728286233442,82.8182591524991,67.7641618435199,31.3336003173341,65.6196106303822,38.626635441464,26.2150997142638,46.1945525254083,42.699257322366,65.3002388817923,80.3181234447435,59.8970229087703,57.5880675285093,125.349442481995,62.9388617130748,67.9290841882879,106.928836186727,38.5403451919556,77.6391011113706,33.8950683275859,90.4003779093425,0,107.063321113586,86.48370997111,109.739585474918,59.9386463165283,102.158377692813,108.152525901794,106.791547139486,86.8730472217907,120.639387691722,0,74.458552273837,75.321043881503,89.4311319986979,69.5045163189923,0,83.2641994074771,49.8021817888532,99.6167602539062,63.7128562927246,46.6116523240742,65.7277391873873,61.4981278828212,88.6496097301615,118.699468994141,84.3517413892244,71.5164763132731,0,88.6048863728841,90.8457614353725
77.9232646226883,0,135.535331726074,72.6096615967927,9.91850765291353,115.028894042969,65.1186764349345,60.087317986217,89.1173452515279,48.5581023679142,24.984568300329,145.041802978516,24.9422953088163,163.613647460938,95.5936541089825,74.350667060176,105.988285064697,155.645361582438,160.776573181152,174.048472086589,14.8196927679845,166.916145324707,88.7883911132812,131.453863961356,23.7449893065062,198.624267578125,157.774492645264,126.393974849156,20.1462118869101,98.7057587223349,122.021562056108,0,133.0047565807,84.9631671905518,91.8285551433322,165.044921875,195.263336181641,0,80.3327513474684,72.8488720737655,0,146.880425262451,139.300870683458,153.068014725395,90.1858845760948,140.280856635835,221.010124206543,64.4543464701131,0,171.144932861328,124.157739003499,0,0,0,0,141.10647061976,0,0,0,113.544606006507,184.682510375977,0,226.447937011719,139.465907512567,169.15885925293,204.190277099609,0,0,147.13486735026,164.631380353655
147.614044189453,149.809600830078,132.29852549235,112.178939819336,115.028894042969,7.56755695233141,12.6761980052242,111.448129507212,28.024359028208,56.8258102170883,112.700979841516,56.7238076117731,86.6812530185865,84.9324804033552,31.3294703593621,16.126893386115,0,112.781700134277,83.3595059712728,143.446708679199,116.50286187066,95.4613952636719,94.6125564575195,150.824498176575,95.4199990034103,167.545776367188,142.048424720764,141.428337097168,126.421664017897,23.1597858281871,150.272397359212,110.976524353027,11.9892295779233,156.803771972656,26.0391247345764,0,0,0,121.171119689941,0,0,0,191.298431396484,210.194984436035,152.828277587891,227.362187703451,0,234.136596679688,0,0,0,0,0,0,0,0,0,0,0,170.164703369141,0,113.361122131348,0,187.632369995117,211.225692749023,0,0,0,0,0
96.3140349478092,148.903762817383,145.056829877895,85.4673751455839,65.1186764349345,12.6761980052242,12.9054452901306,61.1567608208768,27.8831859128291,76.2090399613252,35.7023426241731,92.4390822684411,30.7751873560026,115.036521063911,63.9493215471791,17.5943543714159,116.540145874023,160.807885377303,150.00331224714,172.252592606978,54.6582059000418,134.71538269043,128.016937891642,141.517945928888,76.7777966476545,0,159.655167579651,150.820396927168,73.1687142240084,71.5403314230674,119.678240966797,171.76198832194,18.3087167656638,103.654876708984,68.6643443781668,157.050883483887,0,218.38330078125,104.394112723214,157.996275780906,232.500259399414,164.343953936288,157.151481979195,167.979666502579,116.692519740054,157.452580578905,0,124.029281234741,207.013191223145,178.657734058521,107.417984008789,183.69792175293,0,0,233.081619262695,162.094358773067,186.224250793457,0,191.903778076172,129.506670255188,216.138130187988,221.78231048584,173.071957397461,156.536484846832,179.833192062378,177.871139526367,0,0,233.311309814453,173.867506408691
31.2666501725169,127.964629086581,98.8766957967489,62.1164621370975,60.087317986217,111.448129507212,61.1567608208768,11.6847457867003,57.0810875143148,58.1222876458907,21.9754695651141,146.284111181895,72.8213370170122,158.736078898112,39.359350394017,76.643006279355,93.6547522015042,103.714756391135,146.372580464681,126.66157693828,87.1590020829353,76.403287337747,82.7239924605175,85.4666864338429,57.283002736295,150.275471613957,118.652277429999,116.474349119748,34.9221959395813,73.3750521327215,25.9157259230571,200.298141479492,122.940277099609,80.1911878264352,90.0000811644963,134.286267386542,162.530235290527,170.077611822831,81.6718385945196,144.010624589591,181.257278442383,150.683185032436,129.903535328465,145.091139771885,149.51037979126,137.903283099739,220.456598917643,119.303621564593,239.115249633789,154.949677084579,0,136.359888792038,180.313762664795,0,190.681520462036,130.010446548462,143.847653706868,123.98258972168,152.070481027876,115.956486149838,0,188.355456265536,166.485052293347,124.373851652537,147.915339906337,135.209006391253,0,183.187759399414,137.860142047589,147.174177227598
48.565167953755,143.400283601549,125.720201572554,82.9664681139331,89.1173452515279,28.024359028208,27.8831859128291,57.0810875143148,13.2669009099905,84.4557667872456,45.1638614885071,98.6537521401131,80.1969708478009,104.096209804217,19.6529418702042,44.0226055240742,127.066065073013,131.792321478084,142.9597303701,145.165456085205,82.8292419341603,110.704362402485,115.219807500425,115.511349100245,82.3248229637238,141.462456359863,140.38244266304,145.638443275734,84.1061343091894,45.8484423361332,84.2643200234291,158.149196277965,17.1416389071433,103.967702585108,73.3453043960743,158.000243542241,0,202.92227935791,105.902647527059,161.29187573327,0,161.038436175787,151.82583545338,168.16066737175,123.316204071045,158.70793751074,245.531555175781,138.183896717272,241.61905670166,178.187295905066,181.938232421875,164.435471478631,218.564300537109,239.815490722656,214.736146714952,160.033904246795,172.368139266968,162.682077026367,185.800422668457,136.265478152602,87.5099029541016,210.058458328247,192.792949629419,151.700060576844,180.845934403504,168.026504516602,0,228.681304931641,164.192927641027,174.70512343898
63.8885527407185,79.3229995994651,98.3291829016901,23.3451096067992,48.5581023679142,56.8258102170883,76.2090399613252,58.1222876458907,84.4557667872456,8.00073023747079,75.5418618469642,129.758351370005,10.2619289684562,120.079307698315,80.4843531293231,25.9747252330602,61.4457205952825,128.189141609299,135.996739155537,128.792170742102,36.6389260777721,93.8302775949672,26.378296876486,110.676582746608,18.6554173280157,99.8452089189409,118.799075954736,107.394159733297,56.6029348322954,78.2231111866344,63.5023688382881,132.59123150714,116.985752868652,64.6515278506589,85.0189848333267,110.061870151096,188.563461303711,158.494725545247,13.9571764592043,98.009504665028,99.9930038452148,104.197779116423,92.8171752582897,115.771580903426,58.8547301822238,105.740650377775,0,66.3678520376032,161.520885467529,118.723914918445,61.9579798380534,126.256164550781,170.605079650879,0,221.177978515625,95.8479754540228,128.492837524414,84.7814292907715,124.212284088135,74.0109442677991,146.227397155762,179.228295898437,165.977499073949,101.918648859838,118.99800257529,133.742150878906,0,160.318939208984,118.995837402344,111.327292306083
72.4495878328389,161.552595774333,114.813743884747,76.1688808042612,24.984568300329,112.700979841516,35.7023426241731,21.9754695651141,45.1638614885071,75.5418618469642,11.2296716549606,142.239328804663,25.361934279559,156.831414699554,60.4678707412633,73.7343757604048,120.885188102722,137.107529434503,167.373115539551,156.236596243722,17.8217535636604,97.8261016770905,108.163386821747,105.965092750218,62.5328250776316,161.392578125,138.168032123929,131.156307765416,33.5552653354165,94.2533393567697,87.9073896993671,167.36240641276,124.10848058973,90.8245101697517,91.3240530516562,163.271544369784,171.525581359863,181.571395874023,95.4192832208449,142.769677405455,0,154.136404612708,146.96917381993,158.928216722276,104.34928095618,149.043773684049,0,143.356854885817,208.417167663574,172.883395182292,135.772714614868,146.212036132812,210.145889282227,0,216.498830159505,151.898705812258,215.541168212891,162.891494750977,165.664058685303,118.560253691062,0,214.357251485189,177.818660481771,147.665812598334,177.782259744311,205.222483317057,0,0,171.552805973933,181.736649733323
114.091039848328,65.4626780014371,84.9416557380131,59.4224706108187,145.041802978516,56.7238076117731,92.4390822684411,146.284111181895,98.6537521401131,129.758351370005,142.239328804663,12.3950985424892,133.674624944137,22.6361763230313,95.1929908156753,129.765088399251,125.069594573975,50.2518788729945,24.7820538131152,23.5986030946295,137.093737566913,98.4702362573447,98.0457802727109,91.6002169705698,140.79445615496,40.1024608466127,28.2455312043799,62.4445999900971,150.135584554365,72.03690188864,106.589776217282,32.8457645767338,65.2434463144463,109.756716569265,28.464393291765,174.908065795898,105.769985743931,153.5270451137,97.4190216064453,0,0,0,204.148895263672,232.192230224609,145.220588684082,204.193572998047,93.6693844265408,0,73.850854832639,0,197.564849853516,0,162.051156616211,105.583885192871,110.458246866862,0,177.669281005859,133.278053283691,137.712966918945,194.757183837891,56.8827267674839,99.7923675122844,94.5129482152112,195.568680899484,209.08528137207,183.682708740234,84.9336828934519,0,0,108.805280049642
94.7226547241211,139.043037414551,159.161167144775,91.9037899971008,24.9422953088163,86.6812530185865,30.7751873560026,72.8213370170122,80.1969708478009,10.2619289684562,25.361934279559,133.674624944137,10.7978199765575,155.655009725819,97.3720909548702,15.6847990687624,127.260631561279,183.085412979126,154.745849609375,205.889049530029,14.6676029954237,155.944880167643,77.7519569396973,152.541837692261,32.480892789713,142.687883649554,167.442355600993,160.039259537407,52.0726004202911,98.2829358002546,190.437093098958,165.254676818848,114.545491445632,106.316787026145,91.9437539567163,182.835876464844,0,0,75.6709534327189,123.736639725535,193.346054077148,155.847789598548,143.583474513463,174.29206317404,95.9303615570068,152.084606544644,246.204620361328,28.6633115731753,0,181.754413951527,78.6974563598633,0,0,0,0,145.557317845962,0,127.000297546387,0,127.664405969473,0,195.337966918945,180.232780456543,153.193566513062,166.349353027344,0,0,0,154.712997436523,159.824851989746
151.293140411377,52.6761344056789,105.99523639679,52.8723204442832,163.613647460938,84.9324804033552,115.036521063911,158.736078898112,104.096209804217,120.079307698315,156.831414699554,22.6361763230313,155.655009725819,9.84515868847392,103.567469758807,157.043209769509,134.732250047767,103.59933417184,56.5778944396973,63.159568470922,144.858192443848,141.162987603082,87.4221407140057,123.246562049502,132.841070484741,27.1043694552509,38.4574310378627,38.9911484955069,153.570092837016,79.5937344647836,149.796222393329,20.9345874871158,82.7983139038086,173.094635009766,55.867383387898,215.051239013672,86.0553207397461,130.72477722168,95.1212395429611,0,0,0,203.210018920898,214.161628723145,149.276611328125,210.72721862793,83.1078342437744,0,67.94355745649,0,212.924652099609,193.28662109375,133.624282836914,88.4485472913058,102.659744567871,0,201.157821655273,118.829627990723,204.696365356445,211.555221557617,51.1199246096712,85.3803140306936,85.1765352132927,196.444780985514,165.171549479167,0,82.0371029236737,0,0,118.604392051697
15.3441862757803,140.918727359256,114.836584172784,80.452724991284,95.5936541089825,31.3294703593621,63.9493215471791,39.359350394017,19.6529418702042,80.4843531293231,60.4678707412633,95.1929908156753,97.3720909548702,103.567469758807,9.76317694123901,80.7682642853051,117.012263409503,113.62688949204,131.439329120475,128.406127482921,93.1111151175815,92.1464365270016,97.2402685338801,101.517927259146,84.708631648136,140.747765604655,128.075193064952,140.975317575287,85.0856519645184,21.719426244564,54.4418305302394,118.905286153158,14.4882644560279,37.4982814570658,59.2383695722576,154.743980407715,208.676513671875,185.254645029704,96.2435975508256,167.089275013317,0,168.944097457394,147.919495909555,171.519743838553,167.668991597493,168.821350487479,218.111287434896,147.639671727231,182.18701171875,173.820762696305,182.97504679362,147.56974993254,191.767597545277,216.031341552734,212.417315165202,174.521874060998,158.158605651855,180.0673828125,164.405986439098,132.299058156855,157.737823486328,193.758148919968,181.661119814272,143.28795247118,171.142450866699,144.009247589111,0,196.461380004883,157.246037202723,163.935081745016
104.613432312012,118.379290412454,150.169764200846,109.939113736153,74.350667060176,16.126893386115,17.5943543714159,76.643006279355,44.0226055240742,25.9747252330602,73.7343757604048,129.765088399251,15.6847990687624,157.043209769509,80.7682642853051,7.55559328093314,0,159.600378417969,85.7239990234375,172.661926269531,56.8778586387634,171.008000691732,72.9993526670668,151.027465820312,50.3377076643932,141.761978149414,158.395318508148,147.491060498735,81.3864516180915,102.81930638923,120.118281046549,169.902938842773,40.8987260546003,104.431819491916,95.9480763162885,0,0,0,59.0626678466797,182.317047119141,0,159.437571207682,131.867716471354,161.210305786133,65.0415954589844,156.140169620514,0,110.019780158997,0,183.896728515625,0,179.466247558594,228.143737792969,0,245.848937988281,110.565872192383,0,0,0,143.623954772949,0,0,203.045738220215,139.106395721436,158.790161132812,0,0,0,0,0
93.2797518968582,66.173687661341,86.4188496240295,57.2334277726946,105.988285064697,0,116.540145874023,93.6547522015042,127.066065073013,61.4457205952825,120.885188102722,125.069594573975,127.260631561279,134.732250047767,117.012263409503,0,12.2705166623548,106.748563671788,127.248651504517,116.431186302035,133.033462524414,27.3992370543322,26.9456741471419,25.0920097751792,19.2774156824485,104.258986816406,106.413485209147,37.7701305865903,32.2618697585482,96.0136468831231,67.0024294135911,137.911978585379,0,75.9762858938664,73.7527894915604,122.331923675537,0,106.7799403493,51.8217401079803,161.407974243164,0,166.294204711914,143.594792983111,167.230360764724,143.808589935303,160.231492784288,152.007995605469,170.855392456055,145.610244750977,150.94994354248,0,86.0192622537851,138.389675833962,174.905113220215,155.467854817708,213.110473632812,110.607759499852,59.5708420530279,96.6206346817347,119.72777643892,178.741149902344,145.719581804777,97.5920307264415,112.516532733117,133.814991542271,116.757149481004,176.372528076172,0,158.94873046875,117.417045191715
98.0527225494385,52.5997317472775,45.9283054718445,59.2212378414228,155.645361582438,112.781700134277,160.807885377303,103.714756391135,131.792321478084,128.189141609299,137.107529434503,50.2518788729945,183.085412979126,103.59933417184,113.62688949204,159.600378417969,106.748563671788,10.3177118890736,44.3863203477995,21.2288165944911,195.953170776367,56.0649552381633,88.204510600627,29.3024608480314,130.243240470317,57.818552368846,40.6021947770877,67.9680886155907,115.334566850511,100.412650326619,77.8202317195289,87.2899082946777,0,95.3491610358743,30.4898259187743,203.033615112305,93.1353891546076,124.251829880934,85.4265631539481,222.426605224609,0,223.904289245605,196.025157255285,206.33650970459,205.701950073242,206.259048461914,127.871161324637,203.661987304688,121.139022282192,207.40673828125,0,166.50901184082,121.714533869425,138.101542663574,119.178212194732,0,162.128152635362,123.159233093262,133.456813812256,169.341397603353,91.8224209376744,105.012259385296,109.241493742345,180.726052347819,195.115320205688,161.39688873291,138.947044372559,0,158.780654907227,133.163329676578
126.475635039501,68.3833050962354,83.0589445114136,55.3999810299631,160.776573181152,83.3595059712728,150.00331224714,146.372580464681,142.9597303701,135.996739155537,167.373115539551,24.7820538131152,154.745849609375,56.5778944396973,131.439329120475,85.7239990234375,127.248651504517,44.3863203477995,11.2539762520468,13.2563467190149,152.564765930176,108.583020528158,97.5742968934955,95.3188770997871,147.174658402153,44.577427305494,32.1595569427488,66.7570693433777,154.341099209256,109.010018593924,120.427137262681,56.3926376627581,93.4492152820934,109.126798357282,52.3765087185179,0,0,151.098083496094,0,0,0,0,223.579132080078,227.716751098633,187.049743652344,236.984786987305,96.6084289550781,0,91.1208985646566,217.84400177002,0,0,139.500564575195,106.717291259766,111.715475994608,0,0,0,163.115303039551,0,68.9591977046086,98.377575551431,97.0016155452519,210.559631347656,0,162.444137573242,109.483903249105,0,0,135.670516967773
113.566501050028,59.9895724765325,65.6848337468762,56.8728286233442,174.048472086589,143.446708679199,172.252592606978,126.66157693828,145.165456085205,128.792170742102,156.236596243722,23.5986030946295,205.889049530029,63.159568470922,128.406127482921,172.661926269531,116.431186302035,21.2288165944911,13.2563467190149,9.34834278957507,170.53649597168,94.2879993493216,96.875556376443,72.6277638410989,137.78338662172,46.5174516571045,29.1192039282911,65.8220066545761,131.651369348427,115.012102194613,100.736006409267,55.4537373116003,162.732450866699,108.932802925647,35.4224867593957,218.591115315755,95.2275848388672,136.126213497586,75.6561012268066,0,0,216.736709594727,180.067225138346,223.230307006836,179.605728149414,228.006118774414,122.787808227539,234.768890380859,99.0585385640462,0,0,145.040992736816,134.105486783114,101.567378997803,110.205525696278,0,170.621775309245,220.772735595703,143.110290527344,188.753534952799,64.1917327489608,101.039847805331,101.350681516859,195.947308010525,186.860656738281,185.978618621826,107.078381129674,0,243.154968261719,119.916373782688
82.788879939488,170.731201171875,169.178830827985,82.8182591524991,14.8196927679845,116.50286187066,54.6582059000418,87.1590020829353,82.8292419341603,36.6389260777721,17.8217535636604,137.093737566913,14.6676029954237,144.858192443848,93.1111151175815,56.8778586387634,133.033462524414,195.953170776367,152.564765930176,170.53649597168,9.48362406188812,164.213886805943,149.442408243815,155.061873435974,24.7035804616228,135.017150878906,186.208683776855,177.375396728516,32.5344577528128,96.985558755847,196.591435750326,158.376693725586,125.067756999623,120.211963653564,88.6945483778241,149.043330601283,0,0,68.8818422953288,102.365605170267,0,151.736369726793,153.367608313467,159.114393418835,113.0546713935,144.890606354504,0,26.1185106090877,0,165.685296630859,101.584434509277,0,0,0,0,140.984274364653,0,187.203567504883,182.614929199219,119.986447931646,215.73860168457,0,198.275009155273,144.476533439722,184.077418736049,137.144271850586,0,0,156.622528076172,147.986897786458
73.8947844757431,92.3535508292062,65.3512741101777,67.7641618435199,166.916145324707,95.4613952636719,134.71538269043,76.403287337747,110.704362402485,93.8302775949672,97.8261016770905,98.4702362573447,155.944880167643,141.162987603082,92.1464365270016,171.008000691732,27.3992370543322,56.0649552381633,108.583020528158,94.2879993493216,164.213886805943,12.1197591549815,58.6762679296595,34.3902921215868,66.8215372731671,133.315027236938,91.444603766761,77.0246543782552,48.1228171135363,72.0458433095303,30.7681283183074,150.170196533203,134.770198822021,37.151600459766,46.1166190780078,152.04381942749,130.423446655273,124.721451428472,73.0184516906738,194.743850708008,0,225.132949829102,150.555312633514,177.914145836463,140.248992919922,178.224192301432,0,205.616714477539,174.609214782715,155.226943206787,0,104.714974181022,168.622179667155,0,180.918468475342,0,116.524193631159,64.4550149363856,115.548182763786,128.406764626503,0,158.934754943848,127.457503882321,126.553435936403,152.201201248169,123.674942016602,160.266357421875,0,154.96894291469,143.278974745009
80.6118618011475,29.9976769541646,54.5078619215224,31.3336003173341,88.7883911132812,94.6125564575195,128.016937891642,82.7239924605175,115.219807500425,26.378296876486,108.163386821747,98.0457802727109,77.7519569396973,87.4221407140057,97.2402685338801,72.9993526670668,26.9456741471419,88.204510600627,97.5742968934955,96.875556376443,149.442408243815,58.6762679296595,8.80366815269536,50.8113607191337,32.3156246450798,66.0989460714063,83.6368780621028,39.3042844324241,59.0879830531776,93.400144788954,60.3647658394044,99.5280354817708,0,64.962020556132,68.569553255459,114.072471618652,0,108.913406795926,7.44894336478811,152.652272542318,0,178.776214599609,131.647244262695,148.272512435913,0,181.217694600423,188.251434326172,160.420616149902,131.757780075073,146.106117248535,0,50.0975712001724,121.193074313077,139.807952880859,137.256098429362,0,93.5660504427823,52.1645020167033,67.1416791395708,106.36247077355,80.6579265594482,130.685742696126,104.270718317446,116.376444364849,173.008613586426,78.5646781921387,0,0,96.990966796875,125.201754760742
89.3623362551344,59.72550004997,36.3491325185147,65.6196106303822,131.453863961356,150.824498176575,141.517945928888,85.4666864338429,115.511349100245,110.676582746608,105.965092750218,91.6002169705698,152.541837692261,123.246562049502,101.517927259146,151.027465820312,25.0920097751792,29.3024608480314,95.3188770997871,72.6277638410989,155.061873435974,34.3902921215868,50.8113607191337,17.8064633947359,68.0767768797719,105.783356070518,64.6177085507102,49.2519088910769,63.4902672710116,94.7143364149126,61.0317188100898,127.646160819314,151.169053395589,85.5113218180338,44.9748452850644,170.018156869071,136.585580444336,104.947691136779,77.3570494464063,212.929359436035,195.651626586914,196.394943237305,158.451244330256,194.184708335183,153.005069732666,172.466796875,165.375087738037,0,158.175953335232,195.861993408203,0,92.7706118070647,126.521298841997,165.011330740792,153.996340729469,238.313201904297,124.602997620181,77.8913681595414,105.643892058475,137.301759265718,200.428359985352,131.141046740792,103.347588125137,141.789265404063,184.668897356306,142.783697350081,184.71167755127,0,151.861850738525,125.006547815659
68.5600589643206,85.7913753034731,101.156811755636,38.626635441464,23.7449893065062,95.4199990034103,76.7777966476545,57.283002736295,82.3248229637238,18.6554173280157,62.5328250776316,140.79445615496,32.480892789713,132.841070484741,84.708631648136,50.3377076643932,19.2774156824485,130.243240470317,147.174658402153,137.78338662172,24.7035804616228,66.8215372731671,32.3156246450798,68.0767768797719,10.2858028780177,112.341948318481,123.166196763069,91.5999338799489,22.6143529391693,83.9167188672052,70.3820936197024,141.919091644287,127.937567318187,72.1198994706317,84.8379283833652,121.501413726807,147.314373016357,148.656054135027,54.6198377111684,110.511711418284,179.26050567627,122.809638429487,112.028662888738,130.523890660173,71.9140749552164,115.889479187097,198.909343719482,108.943015899658,182.167373657227,137.507992401123,82.9319232593883,110.880608173127,170.487743176912,222.293060302734,183.607076009115,115.361840661967,118.894889747703,82.1405796251799,130.471073250149,92.4105542369725,115.712097167969,172.281777191162,150.611279854408,106.201569358,136.217759784899,114.832586934744,0,180.76079305013,114.940786054057,140.289980168928
134.801327387492,23.7654046973617,105.048402674058,26.2150997142638,198.624267578125,167.545776367188,0,150.275471613957,141.462456359863,99.8452089189409,161.392578125,40.1024608466127,142.687883649554,27.1043694552509,140.747765604655,141.761978149414,104.258986816406,57.818552368846,44.577427305494,46.5174516571045,135.017150878906,133.315027236938,66.0989460714063,105.783356070518,112.341948318481,11.1235817824441,39.2824336349066,33.5627505265871,131.480461502075,123.223155228988,127.916625629772,45.0264776403254,88.1855595906575,129.894251505534,58.5634874042712,157.991287231445,58.2372856140137,0,92.0295875549316,0,0,0,184.527961730957,226.086471557617,0,173.579528808594,86.7067070007324,0,64.8335077955916,188.959457397461,0,0,113.908648173014,74.570897102356,85.196055204972,0,136.088623046875,118.407531738281,122.416226704915,177.06640625,39.7176927360328,79.1816434436374,75.8757579375286,180.301826477051,206.788004557292,141.465026855469,81.3429797036307,0,0,97.3509715153621
114.431825945454,46.6108074413764,36.6679946805659,46.1945525254083,157.774492645264,142.048424720764,159.655167579651,118.652277429999,140.38244266304,118.799075954736,138.168032123929,28.2455312043799,167.442355600993,38.4574310378627,128.075193064952,158.395318508148,106.413485209147,40.6021947770877,32.1595569427488,29.1192039282911,186.208683776855,91.444603766761,83.6368780621028,64.6177085507102,123.166196763069,39.2824336349066,14.8677684193639,33.0428429777528,120.974544637915,123.463786033794,106.524584151048,20.5167821038886,119.56859553944,122.545330860576,55.5444163040618,180.753433227539,92.4183344046275,126.430125657902,80.9183529445103,226.270973205566,0,204.155548095703,189.489251779955,205.489961751302,170.57884979248,209.903398401597,113.048968355421,0,91.952107111613,203.092455777255,0,154.059954325358,120.622261255438,101.138190529563,101.120140738753,232.278503417969,161.995356241862,129.065342903137,139.712148850964,174.048201589873,60.7267920691688,92.3541317592332,90.210312236022,180.295053628775,178.335423787435,165.499009163149,104.349614190274,0,175.233856201172,110.435863836025
127.329477356379,31.8758326392473,35.8361762963281,42.699257322366,126.393974849156,141.428337097168,150.820396927168,116.474349119748,145.638443275734,107.394159733297,131.156307765416,62.4445999900971,160.039259537407,38.9911484955069,140.975317575287,147.491060498735,37.7701305865903,67.9680886155907,66.7570693433777,65.8220066545761,177.375396728516,77.0246543782552,39.3042844324241,49.2519088910769,91.5999338799489,33.5627505265871,33.0428429777528,16.2080495289795,83.4605487336854,134.859332726368,111.251356949106,28.5661704682879,160.261341639927,126.431640121963,67.6997702605883,184.889194488525,93.5421956958193,96.8313068859279,74.8643740146391,190.404473876953,196.9248046875,196.406076767865,173.396155877547,201.40199463943,179.664779663086,190.244181665881,134.038640455766,197.03035736084,103.768632360024,192.653063397075,0,99.0463910458693,112.522995570689,111.57473424963,113.397052167732,0,136.438113493078,120.034135341644,104.873974815011,151.312138758208,72.4391125440598,102.439114554522,96.9687438175106,156.275784575421,185.523958571414,150.646732081538,117.556805665466,0,175.137851291233,120.407470014018
73.7051971017057,106.628900466427,91.2940798693043,65.3002388817923,20.1462118869101,126.421664017897,73.1687142240084,34.9221959395813,84.1061343091894,56.6029348322954,33.5552653354165,150.135584554365,52.0726004202911,153.570092837016,85.0856519645184,81.3864516180915,32.2618697585482,115.334566850511,154.341099209256,131.651369348427,32.5344577528128,48.1228171135363,59.0879830531776,63.4902672710116,22.6143529391693,131.480461502075,120.974544637915,83.4605487336854,13.811348316353,87.6731731978039,41.2742264953536,172.220357259115,137.47191619873,72.2481015589675,78.4291433755339,135.780619608561,186.426296234131,148.829635620117,70.405882164284,139.256666562329,170.976837158203,147.216981601715,125.515359899812,150.636833057069,109.671533312116,143.529926062901,188.625522613525,135.273356854076,206.540237426758,152.276001308275,115.696172540838,111.840350318794,168.671264648438,0,182.447874450684,139.220475377263,120.194137984056,90.9010546284337,138.025212856154,109.976111357862,0,184.229931758,151.824544321952,120.359784100976,147.580787826003,121.484343443399,0,207.300104777018,129.51234015103,138.417784707588
13.2241532381933,124.393668011921,125.019707647311,80.3181234447435,98.7057587223349,23.1597858281871,71.5403314230674,73.3750521327215,45.8484423361332,78.2231111866344,94.2533393567697,72.03690188864,98.2829358002546,79.5937344647836,21.719426244564,102.81930638923,96.0136468831231,100.412650326619,109.010018593924,115.012102194613,96.985558755847,72.0458433095303,93.400144788954,94.7143364149126,83.9167188672052,123.223155228988,123.463786033794,134.859332726368,87.6731731978039,11.1068034788423,29.3653273466866,111.62739431447,18.8856975295385,18.9895016669766,42.0205180163055,151.60479617941,212.358856201172,186.920099046495,95.2099149068197,171.414470775707,219.180618286133,173.204765609548,143.745413170205,167.878011630132,141.647246967662,167.947842692771,211.068260192871,152.143519525943,195.654196166992,170.485633481528,166.380027770996,133.087503769818,173.671745300293,0,190.446716308594,170.875995212131,134.350177441613,128.347360229492,171.104103294579,132.058039884991,117.384028116862,175.21476020813,176.260548198924,136.235048294067,165.168255749871,140.894964744931,199.281799316406,222.336242675781,144.583365341713,159.331845770942
34.6936143278733,108.587653023856,88.2618844107296,59.8970229087703,122.021562056108,150.272397359212,119.678240966797,25.9157259230571,84.2643200234291,63.5023688382881,87.9073896993671,106.589776217282,190.437093098958,149.796222393329,54.4418305302394,120.118281046549,67.0024294135911,77.8202317195289,120.427137262681,100.736006409267,196.591435750326,30.7681283183074,60.3647658394044,61.0317188100898,70.3820936197024,127.916625629772,106.524584151048,111.251356949106,41.2742264953536,29.3653273466866,11.2505017270516,158.835521697998,126.450037638346,32.6802865094033,37.8453915525456,136.036240362352,0,163.804130009242,68.5473177433014,136.099090576172,197.366455078125,162.165336608887,129.970087208034,158.903251308865,122.117441177368,155.049689349006,202.554145812988,116.796695709229,174.235279083252,151.92760477568,0,112.600283600563,169.119178771973,0,201.334084404839,178.502899169922,119.123114489869,75.5196711222331,131.834536064996,119.261054268939,0,168.283301883274,153.745086797078,118.914697174024,148.182606208615,122.057208375435,169.074996948242,0,124.950308663504,133.300853587963
150.135308837891,62.2250592981874,97.0648762629582,57.5880675285093,0,110.976524353027,171.76198832194,200.298141479492,158.149196277965,132.59123150714,167.36240641276,32.8457645767338,165.254676818848,20.9345874871158,118.905286153158,169.902938842773,137.911978585379,87.2899082946777,56.3926376627581,55.4537373116003,158.376693725586,150.170196533203,99.5280354817708,127.646160819314,141.919091644287,45.0264776403254,20.5167821038886,28.5661704682879,172.220357259115,111.62739431447,158.835521697998,8.32509749586482,157.403732299805,179.735382080078,68.9798271755003,0,109.718555450439,144.272872924805,114.948240280151,0,0,0,213.322219848633,0,0,0,97.7078514099121,0,87.60721482497,0,0,152.61572265625,152.729507446289,102.327704209548,109.208781738281,226.787216186523,167.596710205078,0,182.125549316406,180.883926391602,66.5539426682871,98.6888051126517,91.768544130158,0,220.416259765625,0,102.720145797729,176.175109863281,0,135.773717607771
66.7878100077311,0,130.087610880534,125.349442481995,133.0047565807,11.9892295779233,18.3087167656638,122.940277099609,17.1416389071433,116.985752868652,124.10848058973,65.2434463144463,114.545491445632,82.7983139038086,14.4882644560279,40.8987260546003,0,0,93.4492152820934,162.732450866699,125.067756999623,134.770198822021,0,151.169053395589,127.937567318187,88.1855595906575,119.56859553944,160.261341639927,137.47191619873,18.8856975295385,126.450037638346,157.403732299805,5.23450904989614,74.583740234375,35.778585030338,0,0,0,132.976928710938,224.52033996582,0,223.842098236084,198.697326660156,207.439270019531,161.920623779297,195.091827392578,156.567718505859,0,0,208.894033813477,0,0,0,0,0,0,0,0,0,185.672434488932,0,0,0,191.286156790597,0,0,0,0,0,0
37.5702852874994,137.987609863281,115.853742665258,62.9388617130748,84.9631671905518,156.803771972656,103.654876708984,80.1911878264352,103.967702585108,64.6515278506589,90.8245101697517,109.756716569265,106.316787026145,173.094635009766,37.4982814570658,104.431819491916,75.9762858938664,95.3491610358743,109.126798357282,108.932802925647,120.211963653564,37.151600459766,64.962020556132,85.5113218180338,72.1198994706317,129.894251505534,122.545330860576,126.431640121963,72.2481015589675,18.9895016669766,32.6802865094033,179.735382080078,74.583740234375,8.70313584673698,28.608332545005,127.668822288513,0,203.480865478516,70.0983596214881,0,0,166.286860874721,126.9601357983,160.565802323191,114.296493530273,160.239135424296,230.531097412109,127.152549743652,0,153.959454463078,0,115.291594187419,175.468467712402,0,182.047805786133,0,116.093229293823,120.101615905762,152.948106553819,117.470837668767,231.162384033203,188.639385223389,168.630613599505,119.450661041452,153.54018335757,120.666265134458,0,0,142.703079223633,140.309906005859
70.1043327363803,58.3229604164759,59.0451595715636,67.9290841882879,91.8285551433322,26.0391247345764,68.6643443781668,90.0000811644963,73.3453043960743,85.0189848333267,91.3240530516562,28.464393291765,91.9437539567163,55.867383387898,59.2383695722576,95.9480763162885,73.7527894915604,30.4898259187743,52.3765087185179,35.4224867593957,88.6945483778241,46.1166190780078,68.569553255459,44.9748452850644,84.8379283833652,58.5634874042712,55.5444163040618,67.6997702605883,78.4291433755339,42.0205180163055,37.8453915525456,68.9798271755003,35.778585030338,28.608332545005,10.7538672087054,157.692274475098,80.5542322794596,110.080006216455,91.0708735783895,152.974533081055,0,169.474869826744,142.215849293222,170.36328815964,166.353614807129,168.290549606573,143.277176993234,140.691336737739,107.662976503372,166.369326722388,0,109.294450160435,124.967947676375,120.420330810547,118.053677394472,169.076995849609,128.557780901591,75.861439704895,117.312626308865,128.660228431648,78.5737318992615,113.258977186234,110.470880210793,136.14015615712,162.43970823288,140.900309636043,128.67654876709,0,157.859451802572,152.260222184031
140.044416728773,0,175.137418111165,106.928836186727,165.044921875,0,157.050883483887,134.286267386542,158.000243542241,110.061870151096,163.271544369784,174.908065795898,182.835876464844,215.051239013672,154.743980407715,0,122.331923675537,203.033615112305,0,218.591115315755,149.043330601283,152.04381942749,114.072471618652,170.018156869071,121.501413726807,157.991287231445,180.753433227539,184.889194488525,135.780619608561,151.60479617941,136.036240362352,0,0,127.668822288513,157.692274475098,10.1385349123372,115.8544921875,118.200242595908,67.0562164133245,82.5765322113037,122.776214599609,89.2182713279241,32.3853587993826,51.9648031485081,67.0737846073351,67.7246242952637,134.785701306661,87.1855161984762,146.720807732476,18.880903032208,110.275619506836,98.6709490324321,105.768838136528,132.421355907734,119.458502355505,100.111790974935,80.0123940738127,79.4655868374572,100.059920247396,72.8924018358855,144.632924761091,123.235839128699,136.730111258371,76.4216957743752,20.1300812684384,34.805645526592,147.167640686035,89.0322151184082,26.263802522644,67.3336456395403
0,82.0904337565104,103.758596940474,38.5403451919556,195.263336181641,0,0,162.530235290527,0,188.563461303711,171.525581359863,105.769985743931,0,86.0553207397461,208.676513671875,0,0,93.1353891546076,0,95.2275848388672,0,130.423446655273,0,136.585580444336,147.314373016357,58.2372856140137,92.4183344046275,93.5421956958193,186.426296234131,212.358856201172,0,109.718555450439,0,0,80.5542322794596,115.8544921875,6.87707873914737,46.262227789561,14.4315688903562,127.025634765625,137.192016601562,153.136962890625,111.271341705322,132.714593326344,70.6867227082724,134.135460747613,76.2283554077148,115.211353846959,49.8309996057265,137.190790124842,107.995916927562,43.4290029979887,59.4367888822394,76.1223176898378,58.3531770639949,135.191146850586,95.8984195484835,21.0663624363842,70.8958975219727,78.7647767279789,20.4334925158464,47.0314393940024,27.6709039982262,94.1231124204748,126.131584911812,100.018017069499,69.1127167998767,198.205642700195,110.203435262044,67.1194939017296
