12.108664039088,136.328632899693,86.8651552401326,65.165660564716,78.1817748069763,65.0860087076823,73.2181013331694,32.3492215005616,39.0197771120144,63.1999033043183,60.6610139846092,129.480562812108,68.8516788767345,118.816525777181,14.025132151957,28.1964605967204,100.894324408637,96.8509865116879,131.342075174505,116.986828474872,67.2296327805137,76.2465890545711,64.5466437163176,71.7027914630042,66.0099049477556,0,116.892550370055,120.547039593837,69.5230804083725,15.356241996391,29.9733455005164,133.5803855896,99.1918116602404,38.6573706795188,77.6573107132059,130.175272428072,149.157165527344,153.93250819615,100.309381372788,171.598075866699,0,167.203546142578,112.455449676514,158.18307800293,93.6084318161011,159.40575281779,218.86597442627,144.589752197266,0,155.603678022112,118.701675415039,100.427918116252,179.087084960937,203.233016967773,185.248859405518,210.462310791016,131.454568862915,106.075224876404,133.640076132382,115.063303877668,0,171.735213688442,168.09536573622,117.371768703708,140.752414703369,114.712057980624,0,0,118.153030395508,132.541915893555
136.328632899693,7.83049644685068,56.0910822868347,14.3118642147673,0,94.8798217773438,0,111.624458312988,131.541920979818,80.1747513191985,0,65.6741088086908,121.639373779297,53.4904356887831,132.152318954468,124.483612060547,83.9854497909546,53.0737571564329,73.6765594482422,59.1984848886166,0,101.835402170817,38.89208293985,73.6297755994295,95.1135998680478,27.7259221644691,49.5738026510456,31.9291161907979,123.636042785645,114.112994800914,102.938594471325,64.8377695565272,124.1095606486,106.43017578125,58.8292623911148,0,60.6666441397233,77.9590151105608,42.8175077594695,0,113.929817199707,0,151.695434570312,0,126.705711364746,0,123.461229960124,0,100.029503292508,0,0,169.678283691406,86.7877031673085,126.193971633911,94.9303440767176,0,0,37.8640960965838,94.3627284367879,156.061492919922,90.4851993560791,77.725410304266,82.9403095189427,191.026412963867,0,122.684182484945,116.699771336147,0,0,111.503142595291
86.8651552401326,56.0910822868347,12.1602617276149,45.7714451580513,116.98137179288,154.614522298177,138.897680528702,89.0292697126848,118.911417658255,119.086255815294,113.745841490917,81.4327808427222,137.955510457357,133.952293395996,105.465281713127,115.045604705811,88.0408160618373,35.6076243013895,94.1057601053207,68.1994934082031,171.141070048014,61.9707912498421,53.2023896562292,26.4894178682711,88.5886543273926,0,28.5920873819376,27.4000569682035,76.7561325532537,108.501784135848,68.7573378187401,108.708629063198,157.657604980469,97.4508808680943,53.1357371548843,144.613231113979,68.772569893692,86.0378446614084,63.0099205841889,0,0,178.021629333496,146.431347599736,176.150419235229,190.478276570638,158.228692626953,145.707928248814,210.09521484375,146.591115315755,157.282931736537,0,106.139290279812,100.950194694627,161.688398088728,127.631722869873,0,136.352974785699,58.2544732668606,85.7863111263861,137.81845331192,153.801895141602,105.120593008077,87.7991342596997,133.79778068944,157.413558959961,144.003889412716,195.046737670898,0,0,109.613722342032
65.165660564716,14.3118642147673,45.7714451580513,23.1121100962429,56.4012451171875,101.322683507746,87.1709062152439,57.9816509350393,84.575004461335,18.8910702313228,75.7993057179001,75.7782352425459,42.4266999108451,53.9650799020216,83.6622484835183,95.7461535135905,36.7377658223611,59.2238585944769,72.8795936703682,62.5212217403364,86.2981494405995,49.1287940664494,22.5059319190331,47.1239619670075,35.3553054820901,19.7334293901877,48.0685314203238,39.7820867238958,48.0698091661992,65.9121508872372,49.8968679399739,51.5679883321126,117.86484753644,53.2885025248808,61.993335473509,73.8608968098958,53.8999153730032,59.5499459266663,13.7230368891348,75.8915051269531,0,93.4469450336613,57.7993330993652,92.935678183627,10.8325427798477,82.4149459838867,141.753991535732,68.3560007880716,109.725400623522,88.197687024268,67.3619632720947,49.9401807832958,98.0906320148044,129.753677368164,138.558032989502,73.2201901949369,57.4403512179852,12.0236667968131,54.4755824552037,46.6555738929364,97.3296248285394,118.471356485711,75.12043614821,60.8853262931497,90.8918582547095,61.4227606010437,132.938323974609,116.384653091431,76.7990217208862,82.6729311820788
78.1817748069763,0,116.98137179288,56.4012451171875,9.11817774225431,144.654487609863,58.4880669533542,35.2123479227866,82.5527548239781,46.2675921626636,18.5925273617341,149.598658243815,15.8049708923082,164.949127197266,97.1537712574005,77.5682237413194,0,139.585174560547,0,184.789505004883,11.1168188421127,133.787963867188,0,101.734622955322,17.584258573223,0,151.805625915527,113.047591618129,11.1549315505179,90.799115311472,96.4173121452332,0,130.699810791016,83.9862995147705,84.0805716208362,124.887214660645,161.025291442871,0,63.2461276054382,15.1452520311559,181.376892089844,142.854795629328,112.38825038694,157.494756137624,83.8065710703532,76.0273593338081,212.765518188477,34.7726745891,0,171.822199249268,103.41276550293,0,0,0,0,23.5858646890242,156.148300170898,93.1951293945312,165.881556193034,102.715143228506,0,0,168.807243347168,108.571013053894,153.944571177165,165.326606750488,0,244.487884521484,0,133.632669275457
65.0860087076823,94.8798217773438,154.614522298177,101.322683507746,144.654487609863,7.32031743314611,10.1955238202034,112.031675943514,20.11899924495,96.4442471822103,107.956948598226,62.2508354187012,77.0080634452201,68.6213760375977,31.5823349450049,15.6331765654124,121.530372619629,183.781723022461,101.146108627319,151.862347412109,108.779589777407,124.896240234375,148.71488571167,130.157337482159,111.800493478775,0,137.369205474854,156.191881815592,114.437275250753,25.4372459494549,114.792781194051,99.3535652160645,10.6669554102053,127.816332499186,45.1058082580566,160.285888671875,0,0,0,187.248519897461,0,163.461822509766,172.564127604167,165.961395263672,135.691680908203,183.242431640625,0,0,0,202.524932861328,0,172.700213114421,0,0,0,0,0,0,0,158.366468949751,0,0,0,173.377538045247,176.457794189453,151.473579406738,0,238.676345825195,182.079406738281,173.823684692383
73.2181013331694,0,138.897680528702,87.1709062152439,58.4880669533542,10.1955238202034,8.73199940787081,65.113639511145,19.9823152168915,83.3857933090954,32.4431557576558,102.937802948928,20.2579420168099,103.641692388625,37.2000632394771,13.630789282032,108.808692932129,153.689662525955,130.031398228237,164.774156397039,43.6902159646572,111.748052914937,100.037370681763,114.85394376867,68.1378451379962,102.984301757813,156.426465570359,155.934763821689,63.7100034028198,57.2394280132738,103.395829206897,123.498396737235,18.8491955812324,109.261849316684,78.1008124370652,144.069842170267,167.142120361328,191.13850402832,115.597317745811,136.788602929366,0,162.068276912608,136.919431600485,162.266699031908,130.479753621419,151.817149525597,225.633392333984,130.635865428231,208.18864440918,177.62621143886,182.742381286621,163.671485900879,189.523712158203,0,188.381423950195,143.85660294355,173.930892944336,164.422943115234,188.615798950195,129.867244671237,233.903671264648,200.829783121745,193.87088230678,141.06575703509,170.652480276007,139.202295303345,0,0,134.964950561523,171.921033859253
32.3492215005616,111.624458312988,89.0292697126848,57.9816509350393,35.2123479227866,112.031675943514,65.113639511145,9.23137223322894,57.4339172323203,50.4919167823791,16.651084712638,141.64768885359,48.9606059858823,138.754542032878,41.3210312117666,76.0401134101712,94.8957906450544,108.428622850912,146.046073277791,129.663031401458,62.657978914961,64.3275949406751,76.2665986378988,64.1236475418354,43.4134695392586,0,114.622916288154,112.769746358158,22.9921420284025,52.4677290249254,12.6439845925776,178.565925598145,126.785275141398,61.385519957457,73.5536879715242,124.232631907744,138.090370178223,139.189451217651,75.8854661238821,129.894284057617,182.577819824219,136.402575531006,106.231315269127,139.334164179288,82.0357412858443,127.412526448568,170.300354003906,132.996095657349,0,142.934293958876,134.047912597656,106.659548441569,170.628423055013,0,175.529479980469,127.101467459542,131.154998779297,106.356359863281,149.597117614746,104.368219797235,0,171.9208984375,170.16263659247,112.699787445884,147.833312072754,141.287464435284,198.626510620117,0,113.025768280029,132.412941589355
39.0197771120144,131.541920979818,118.911417658255,84.575004461335,82.5527548239781,20.11899924495,19.9823152168915,57.4339172323203,10.8721503173735,76.4562656794994,24.8563984630489,95.2623995410646,51.791937118514,85.6994763887846,17.2748926763685,32.8671006468318,121.152775065104,134.285679194705,131.129961344401,144.219474929947,72.822963451373,98.4955540707237,95.4394468519423,95.7467866260417,76.8932030597545,94.6474053519113,140.130949266459,136.860701964452,75.4501857699275,36.1877499237878,79.6992482081444,116.985518844039,21.3937198881705,90.0849495821221,67.5481452838795,147.236860911051,171.680078125,189.245251742276,105.210683336445,143.425371418829,212.420883178711,163.713688714164,132.155958549264,159.232194321666,116.557443706806,150.339731818305,205.607788085938,144.571929568336,129.320888519287,170.879053447558,150.997773488363,143.625601335005,194.61903889974,238.744750976562,196.590449015299,151.783524594064,157.392446899414,140.578909622995,168.203845375463,129.899849520101,0,189.813656806946,182.802694569463,139.72217090969,178.884803525863,144.097908432419,237.187652587891,197.958221435547,198.07878112793,165.884302553923
63.1999033043183,80.1747513191985,119.086255815294,18.8910702313228,46.2675921626636,96.4442471822103,83.3857933090954,50.4919167823791,76.4562656794994,8.0134060002642,58.4676048024889,129.902348925889,14.8561107382341,117.414022289037,81.0690767068245,27.0938380882144,67.674955323685,117.520505158798,146.896869952862,136.965242385864,32.8542099006205,87.0109219270594,20.5479883125441,100.862468495088,20.5123813602244,103.200100754247,122.439344545074,113.243423297451,46.0796829063651,80.5764912697206,55.4770627302282,127.10823474014,124.029104696738,61.8910776221234,89.9374510885655,103.834738787483,130.38255746024,164.036807250977,36.3166444909339,86.7386358351934,0,105.825329462687,74.6107241686653,106.43847003736,43.9812539361772,91.3582472902663,182.130274454753,82.9237288338797,162.959851778471,116.065514535615,62.1596455044217,104.684659322103,171.38136945452,196.715286254883,185.515882219587,89.1632328033447,131.541521708171,80.0484703911675,142.816337585449,65.6759966525999,168.86750793457,176.874971662249,170.348290158991,82.1882172465324,133.086875915527,111.0548731486,184.681861877441,175.257336425781,70.8930816650391,119.677031707764
60.6610139846092,0,113.745841490917,75.7993057179001,18.5925273617341,107.956948598226,32.4431557576558,16.651084712638,24.8563984630489,58.4676048024889,8.36549390958361,144.111424281679,21.209752964459,169.459938049316,42.9896545575616,60.0540241187727,90.1100707054138,147.602269711702,171.867778233119,175.317197799683,16.5475146016585,86.9963922119141,81.1665630340576,90.151907972856,37.5429490036192,133.196273803711,141.647336767354,125.823322296143,20.9918626088446,87.2501481561424,73.7006622454442,161.899002075195,121.108116903423,83.5403262376785,82.5916943713998,141.051365207981,155.697636922201,211.002075195312,83.3199032592773,62.4388628282409,0,145.311860009396,121.467829162598,147.990835932681,100.186403723324,139.413983874283,212.196319580078,105.948244295964,0,163.822171670419,144.863585154215,139.227193832397,192.470596313477,0,0,134.576569623363,150.560371398926,107.629459381104,159.282580566406,115.491981264419,186.926106770833,192.683807373047,193.868779962713,123.730279476993,164.026559448242,148.516592979431,233.98078918457,193.99925994873,155.268672398158,155.774648164448
129.480562812108,65.6741088086908,81.4327808427222,75.7782352425459,149.598658243815,62.2508354187012,102.937802948928,141.64768885359,95.2623995410646,129.902348925889,144.111424281679,12.6165186289026,119.84353604524,17.7510902915045,87.5711526008726,122.682566070557,119.960617775141,50.657510133517,21.0058605251337,24.0892988500062,136.11315901736,101.934577229818,101.044010162354,96.9095625039693,135.453082275391,31.7026341775569,26.5029713936075,63.6730705658222,137.279992393825,75.2339425236312,109.094362894694,34.1848041800661,66.9134534498268,105.294942643907,34.2629301093894,170.533264160156,94.1073040771484,129.793265206473,49.9042318132189,0,0,96.6688003540039,193.982906341553,210.830273946126,179.269462585449,224.609832763672,76.529914855957,194.538757324219,66.3257418486018,182.089734395345,0,173.848330688477,140.131875356038,93.8516206529405,112.193594637784,0,179.143043518066,123.057193211147,159.843052334256,189.273791144876,60.4476915158724,100.95704327139,100.361595078716,195.001337687174,199.297912597656,190.991221836635,91.3071109579622,0,0,109.290268135071
68.8516788767345,121.639373779297,137.955510457357,42.4266999108451,15.8049708923082,77.0080634452201,20.2579420168099,48.9606059858823,51.791937118514,14.8561107382341,21.209752964459,119.84353604524,8.80895460842573,135.479169209798,85.8836134044748,10.1439619085083,0,186.655986785889,151.459246826172,0,13.8226411866363,88.6066131591797,94.3631114959717,146.637962341309,21.3580399391062,139.588040669759,153.549790122292,143.617765727796,43.9563407183809,91.9379464037278,142.687830607096,140.537803649902,105.636533021927,92.6613258361816,87.5483787960476,141.488098144531,0,0,52.076304397583,39.8198746204376,0,117.480786379646,117.760093307495,137.176715762116,56.6594782511393,99.8571822102865,0,10.7640512161648,0,149.221270667182,96.7425651550293,114.348503112793,0,0,0,14.135293560145,0,0,0,95.4563097030886,145.229370117188,220.692199707031,132.270182291667,106.563567585415,156.471936543783,156.618347167969,0,0,0,170.784550476074
118.816525777181,53.4904356887831,133.952293395996,53.9650799020216,164.949127197266,68.6213760375977,103.641692388625,138.754542032878,85.6994763887846,117.414022289037,169.459938049316,17.7510902915045,135.479169209798,9.46162218127426,82.8990737497807,103.615379333496,111.630915323893,151.070721217564,53.3957566982362,64.0262891596014,137.08927154541,0,94.2074443142623,102.911750793457,127.91599033497,21.8401224662017,31.9686698668559,40.3332518458177,149.961759294782,68.185063680013,146.471877098083,16.3791255265395,75.539892133077,152.650894165039,52.0773743384225,0,104.17041015625,0,29.4289843877157,234.754776000977,89.2463417053223,0,186.174034118652,100.350555419922,165.128901163737,211.070297241211,65.0879698931161,0,61.3127685011361,82.4650039672852,0,0,0,94.8943997192383,113.042892932892,0,212.853332519531,142.073071797689,151.094413757324,175.341242472331,47.0231750909384,95.3245315077882,91.5542550839876,182.61882019043,81.0372517903646,152.243804931641,89.9979323970461,94.0122188221325,0,92.8719142567028
14.025132151957,132.152318954468,105.465281713127,83.6622484835183,97.1537712574005,31.5823349450049,37.2000632394771,41.3210312117666,17.2748926763685,81.0690767068245,42.9896545575616,87.5711526008726,85.8836134044748,82.8990737497807,9.44518733491958,25.2671583303263,127.301896936753,120.180990754323,116.607690876286,131.508965832254,84.6293462066033,84.6371177347695,92.5904405117035,80.1117259970901,85.055797505648,90.8026520578485,129.048363004939,129.25392682544,87.6566707734984,22.9785601704386,61.3223939029193,104.839473081439,19.3444353781862,47.2903203508293,47.7826962080561,148.193723917007,161.14499773298,164.558523995536,111.56363759722,123.121134440104,182.207824707031,173.462491265659,139.988054190109,176.678453001257,112.511294501168,171.063652396202,179.293888092041,154.841459655762,161.348054504395,173.541890289824,0,128.704862074419,187.659939575195,201.328300476074,199.148509979248,146.686957359314,138.058128356934,124.985598070868,159.750193628772,135.149480328415,148.802360534668,188.391534423828,173.80925718035,146.279973069827,162.798634847005,136.594763363109,209.555519104004,200.883997599284,150.996971130371,173.369609139182
28.1964605967204,124.483612060547,115.045604705811,95.7461535135905,77.5682237413194,15.6331765654124,13.630789282032,76.0401134101712,32.8671006468318,27.0938380882144,60.0540241187727,122.682566070557,10.1439619085083,103.615379333496,25.2671583303263,7.93402897646232,94.8115463256836,121.136581420898,129.962595621745,0,63.7326072381467,0,70.4206142425537,81.0182018280029,43.4759746757714,145.682464599609,145.798210144043,138.948468660053,74.7975191144801,45.1919611488901,90.7991149902344,177.097396850586,39.5735276792272,101.729118347168,37.0376954980799,236.899749755859,0,0,71.6258010864258,0,0,181.232559204102,126.126544189453,152.752140045166,58.976634979248,154.24235534668,0,0,0,128.76879119873,0,0,0,0,178.324249267578,160.999206542969,0,0,0,108.594135577862,0,0,0,134.438078308105,0,104.511505126953,0,0,0,0
100.894324408637,83.9854497909546,88.0408160618373,36.7377658223611,0,121.530372619629,108.808692932129,94.8957906450544,121.152775065104,67.674955323685,90.1100707054138,119.960617775141,0,111.630915323893,127.301896936753,94.8115463256836,11.7581501678887,99.4510360717773,127.844814845494,115.489720899005,91.5064544677734,14.8514677966745,28.2516404147847,12.8876251502,28.5674359506298,103.24879989624,107.202184034541,38.243748457925,17.6582759393868,70.6185756389911,64.5152012063272,125.597045204856,121.436447143555,65.5230202473385,73.8639404528374,100.851955413818,119.577456156413,114.120048723723,64.0163043807535,151.436767578125,0,161.014488220215,127.633632405599,0,0,157.583465576172,0,0,184.538368225098,206.949127197266,0,93.7555991076351,142.741234820822,0,157.054463704427,0,98.784349144185,65.6158233551752,95.8179676160382,96.8053494015255,0,164.531869888306,116.079580948649,93.1618918128636,128.611745198568,96.0967549125929,187.406883239746,0,101.920669555664,101.130405772816
96.8509865116879,53.0737571564329,35.6076243013895,59.2238585944769,139.585174560547,183.781723022461,153.689662525955,108.428622850912,134.285679194705,117.520505158798,147.602269711702,50.657510133517,186.655986785889,151.070721217564,120.180990754323,121.136581420898,99.4510360717773,10.3557732469853,53.1791579991034,20.6995651880092,233.136123657227,54.6847646282155,82.6450123786926,27.0475568455984,117.969092170397,77.2619080977006,30.4135344655566,64.7033364416938,108.112740420839,95.1993159193631,66.1458652793506,95.6144338537146,174.629175458636,90.2359488466953,39.561109221607,189.825354003906,77.0023019611263,99.5124867817568,72.2474226078517,0,0,0,166.783980520148,192.127870559692,148.002151489258,203.352951049805,148.961970011393,0,182.764907836914,180.200233459473,0,136.533947684548,106.64417370225,144.519496570934,111.769963031049,197.883560180664,157.25505229405,80.6132378297694,114.95091124351,176.236372629801,117.333721923828,96.7791161756739,100.091684684405,161.354724884033,175.471626281738,147.304184894173,131.893727620443,0,0,117.384409268697
131.342075174505,73.6765594482422,94.1057601053207,72.8795936703682,0,101.146108627319,130.031398228237,146.046073277791,131.129961344401,146.896869952862,171.867778233119,21.0058605251337,151.459246826172,53.3957566982362,116.607690876286,129.962595621745,127.844814845494,53.1791579991034,7.12823976215193,16.2419777128826,153.396255493164,107.497601285894,118.091003417969,100.386058092117,158.939471435547,48.1755029955624,25.2074992824276,67.6090647749198,153.960319981431,99.8791507432441,109.127365391429,50.1726697797746,105.750020113858,117.117554473877,59.7625452151447,0,93.8310944693429,147.214853922526,112.639712524414,0,0,0,164.856582641602,0,189.775772094727,237.676086425781,101.363548524918,0,85.1391419497403,236.400238037109,0,198.790161132812,133.270543878729,97.6803799035414,107.920466324379,0,166.579605102539,186.738082885742,147.385406494141,211.604248046875,77.4740469796317,99.3662722743837,102.224833749896,198.596618652344,154.959297180176,167.504356384277,99.4487753416362,0,0,128.129197438558
116.986828474872,59.1984848886166,68.1994934082031,62.5212217403364,184.789505004883,151.862347412109,164.774156397039,129.663031401458,144.219474929947,136.965242385864,175.317197799683,24.0892988500062,0,64.0262891596014,131.508965832254,0,115.489720899005,20.6995651880092,16.2419777128826,10.7730245438734,140.109352111816,86.9447513538632,94.0237674713135,72.8981942560481,131.862098948161,50.6711324918068,25.7921557155844,65.7407669828744,127.393160714044,105.34638840852,90.3210982314101,60.66218779517,122.820327758789,100.995332891291,49.9104407192332,191.297561645508,82.0693277994792,114.896176656087,69.7615249633789,0,0,0,167.476699829102,0,154.283645629883,203.337631225586,134.748394012451,0,96.9148279825846,188.133483886719,0,149.401920318604,113.875388590495,118.990591503325,106.31110837478,0,147.56339263916,129.473544529506,143.304067993164,174.770370483398,73.7947708765666,95.69044776927,101.840594475156,195.213124593099,0,147.331464430865,107.284135182699,0,0,125.36046969506
67.2296327805137,0,171.141070048014,86.2981494405995,11.1168188421127,108.779589777407,43.6902159646572,62.657978914961,72.822963451373,32.8542099006205,16.5475146016585,136.11315901736,13.8226411866363,137.08927154541,84.6293462066033,63.7326072381467,91.5064544677734,233.136123657227,153.396255493164,140.109352111816,9.1484896990873,115.91347249349,126.054443359375,130.979901123047,17.4663775440303,0,165.689158404315,174.624425252279,27.6471328514697,85.4546934157558,131.428260294596,150.751431274414,119.398983882024,85.9993920759721,77.6382416296696,137.10767288208,167.197402954102,0,70.0227546691895,14.1131739193079,201.535446166992,140.995078135345,118.593654581706,137.297642178006,89.0512043346058,132.266831065333,0,30.4563976293485,0,147.877496337891,136.485614776611,224.280059814453,0,0,0,119.40126141866,0,161.444000244141,236.509155273438,107.153465057088,158.348342895508,165.946754455566,182.686683654785,118.345996402231,153.250999450684,171.649078369141,0,233.953323364258,0,174.377119064331
76.2465890545711,101.835402170817,61.9707912498421,49.1287940664494,133.787963867188,124.896240234375,111.748052914937,64.3275949406751,98.4955540707237,87.0109219270594,86.9963922119141,101.934577229818,88.6066131591797,0,84.6371177347695,0,14.8514677966745,54.6847646282155,107.497601285894,86.9447513538632,115.91347249349,11.7853403698937,49.3104028556737,21.5798319283479,30.6964402109064,114.628841400146,98.5893663719519,57.8611027546891,21.1242036267364,63.1346066469028,24.0725777455101,144.626853942871,148.38087272644,46.3774025350809,43.6335152899414,114.483426094055,118.47703225272,128.924948628743,63.5384084701538,0,167.555694580078,171.877532958984,107.391854678883,177.569091796875,115.541699727376,185.740829467773,172.400321960449,0,0,135.667881774902,0,98.5296950449774,143.663739522298,193.861755371094,195.480099487305,176.514251708984,105.046087091619,84.1212204900281,102.685111585956,107.385174560547,142.20539855957,146.000699679057,137.76536585073,102.383059925144,113.618107795715,101.004498435498,0,0,104.45431060791,111.230686041025
64.5466437163176,38.89208293985,53.2023896562292,22.5059319190331,0,148.71488571167,100.037370681763,76.2665986378988,95.4394468519423,20.5479883125441,81.1665630340576,101.044010162354,94.3631114959717,94.2074443142623,92.5904405117035,70.4206142425537,28.2516404147847,82.6450123786926,118.091003417969,94.0237674713135,126.054443359375,49.3104028556737,7.51624816824543,45.306147443804,11.77408072422,76.2770875032666,89.5534508848844,55.1393390865051,52.8402485173974,63.4983584050382,47.4027676604653,100.623736939144,129.196586608887,48.3748601169909,69.7331643322714,105.20463180542,66.4272605478764,73.9716336992052,35.5146495417545,0,0,135.888671875,77.487116938052,139.69537226359,54.3975505828857,118.977760314941,137.973979949951,0,140.054113006592,107.600785827637,0,53.5063543051062,130.356590270996,148.749290466309,160.367303466797,0,61.5484975617507,12.1879325932677,60.3996277193053,75.233097076416,147.036241531372,144.076758440803,103.253117635846,75.8940857175797,0,79.9590607501091,154.077672322591,178.396011352539,82.32785987854,94.8948550224304
71.7027914630042,73.6297755994295,26.4894178682711,47.1239619670075,101.734622955322,130.157337482159,114.85394376867,64.1236475418354,95.7467866260417,100.862468495088,90.151907972856,96.9095625039693,146.637962341309,102.911750793457,80.1117259970901,81.0182018280029,12.8876251502,27.0475568455984,100.386058092117,72.8981942560481,130.979901123047,21.5798319283479,45.306147443804,14.7145453577891,76.2399764766156,102.906077067057,71.709641864135,44.642965499016,47.9419799113544,86.8343520065149,42.7404150819333,120.578469340007,145.263344900949,76.7570087063697,47.583714972394,176.159547424316,79.4451730391558,93.5826564588045,69.6460123415346,0,0,180.506322224935,136.692803192139,194.904135567801,99.855827331543,186.163981846401,154.508655548096,223.701644897461,0,164.643106079102,0,93.7984331451727,114.085349835848,188.131187438965,144.471651349749,0,99.7364899924087,62.0307431029673,91.2512983959707,114.442593044705,0,126.362250485628,96.7959411852692,119.743820419312,175.341327667236,101.886221943131,152.732604980469,0,144.807434082031,112.3873241718
66.0099049477556,95.1135998680478,88.5886543273926,35.3553054820901,17.584258573223,111.800493478775,68.1378451379962,43.4134695392586,76.8932030597545,20.5123813602244,37.5429490036192,135.453082275391,21.3580399391062,127.91599033497,85.055797505648,43.4759746757714,28.5674359506298,117.969092170397,158.939471435547,131.862098948161,17.4663775440303,30.6964402109064,11.77408072422,76.2399764766156,8.39021529312108,111.505128542582,121.188190649051,79.4338643697387,13.9855766523338,74.5084827807497,58.860445587635,142.013186984592,120.17403622891,64.1715255855175,77.0565958090708,114.587787696293,130.401186116536,138.554489799168,55.9478483984742,96.621322516239,155.699166870117,127.024369591835,95.2770833284661,128.124897190782,58.6014869979665,112.632090360934,199.705540974935,104.422762602762,193.480763753255,135.150199012756,90.1078487577892,89.3835264472074,164.094611697727,196.06925201416,190.449786376953,105.351382492024,100.001039812642,85.6615858078003,113.460371751052,83.2569666574017,147.993432617187,173.718112468719,142.440210065769,95.6484456665331,140.045115900975,95.365922685103,193.41822052002,156.801637649536,106.718102455139,124.638747599588
0,27.7259221644691,0,19.7334293901877,0,0,102.984301757813,0,94.6474053519113,103.200100754247,133.196273803711,31.7026341775569,139.588040669759,21.8401224662017,90.8026520578485,145.682464599609,103.24879989624,77.2619080977006,48.1755029955624,50.6711324918068,0,114.628841400146,76.2770875032666,102.906077067057,111.505128542582,6.7739831676273,39.5213498913723,30.279571123826,151.761503219604,68.3722291426225,122.206218719482,41.1828327528362,86.8038940429688,0,57.2931003340756,163.826629638672,56.0151166915894,120.188083648682,38.4929264386495,0,0,0,142.884140014648,171.918548583984,152.231353759766,0,75.4409637451172,0,64.1967230458413,0,0,151.420120239258,93.6419792175293,80.9615362759294,75.7192847478957,166.39421081543,0,155.755111694336,119.430282592773,0,48.3419508348432,71.1227103347778,76.5245737677453,0,77.6908950805664,142.940171559652,83.3068509783064,0,0,109.953938983736
116.892550370055,49.5738026510456,28.5920873819376,48.0685314203238,151.805625915527,137.369205474854,156.426465570359,114.622916288154,140.130949266459,122.439344545074,141.647336767354,26.5029713936075,153.549790122292,31.9686698668559,129.048363004939,145.798210144043,107.202184034541,30.4135344655566,25.2074992824276,25.7921557155844,165.689158404315,98.5893663719519,89.5534508848844,71.709641864135,121.188190649051,39.5213498913723,12.5536350424145,29.5708072725092,103.248608831057,113.0461921208,102.107717573545,18.3247550995974,122.795353748759,113.85826290355,58.3090408844859,168.512915218578,69.0229583558455,90.8448719102509,66.0515147458074,0,0,0,159.735010893449,195.533064100477,172.779087739832,173.284746805827,102.203874142584,236.409805297852,83.4080763467928,187.991348266602,0,139.727742767334,99.4392967984377,98.3784576523852,99.5143928751287,0,153.364748354311,114.74591583252,128.147725155479,180.315748041326,67.9849054764728,87.513052211658,92.1347187783374,165.931698967429,165.308988952637,140.536981163955,96.0587496038069,0,0,113.085600980123
120.547039593837,31.9291161907979,27.4000569682035,39.7820867238958,113.047591618129,156.191881815592,155.934763821689,112.769746358158,136.860701964452,113.243423297451,125.823322296143,63.6730705658222,143.617765727796,40.3332518458177,129.25392682544,138.948468660053,38.243748457925,64.7033364416938,67.6090647749198,65.7407669828744,174.624425252279,57.8611027546891,55.1393390865051,44.642965499016,79.4338643697387,30.279571123826,29.5708072725092,14.3771597331818,71.2177553820991,118.148922638927,99.3567091126969,24.5831710162166,118.251290754838,103.644411298964,62.8950632828234,164.858878072103,68.0927708470872,84.364394803019,61.1240800652662,0,0,199.56228855678,150.29939922388,177.943218142487,138.911817932129,174.268031153186,119.024755556721,186.341445922852,99.6250282357272,167.567393302917,0,92.2508115754304,102.031680869912,110.655614981202,107.698849242711,183.149579729353,132.462224163587,48.1106928184002,84.7161441533434,149.123527816579,73.5610800837422,94.3156685438457,89.1440426938831,133.693013572693,162.885712432861,150.098806625022,107.185261393088,0,0,110.48548412323
69.5230804083725,123.636042785645,76.7561325532537,48.0698091661992,11.1549315505179,114.437275250753,63.7100034028198,22.9921420284025,75.4501857699275,46.0796829063651,20.9918626088446,137.279992393825,43.9563407183809,149.961759294782,87.6566707734984,74.7975191144801,17.6582759393868,108.112740420839,153.960319981431,127.393160714044,27.6471328514697,21.1242036267364,52.8402485173974,47.9419799113544,13.9855766523338,151.761503219604,103.248608831057,71.2177553820991,9.84558034777836,76.5262188005342,24.5714980720727,156.974687703451,132.192773750029,59.1712506551413,62.1773129139916,115.998056793213,127.613359680176,140.569686671666,64.8381055471059,21.6969690784864,170.591636657715,139.406018472796,106.012611708318,136.161838711009,84.0092328951504,129.824835249957,194.305642022027,112.176751409258,183.889617919922,138.65940917259,143.458059692383,99.1485951010105,167.395718482233,223.813415527344,171.96609715053,124.322591360746,112.036613857623,94.913115644455,116.869338368685,100.806949351048,165.965133666992,161.786918367658,147.79808221973,108.076150284873,142.650901987583,102.602867313003,213.177182515462,171.411946614583,115.84623751433,131.33068151282
15.356241996391,114.112994800914,108.501784135848,65.9121508872372,90.799115311472,25.4372459494549,57.2394280132738,52.4677290249254,36.1877499237878,80.5764912697206,87.2501481561424,75.2339425236312,91.9379464037278,68.185063680013,22.9785601704386,45.1919611488901,70.6185756389911,95.1993159193631,99.8791507432441,105.34638840852,85.4546934157558,63.1346066469028,63.4983584050382,86.8343520065149,74.5084827807497,68.3722291426225,113.0461921208,118.148922638927,76.5262188005342,12.3212840833438,25.1393005831791,87.2023219820819,16.9113609438733,18.3311090322399,31.4812844289349,141.371454412287,152.149699211121,179.84937286377,88.9620997111003,125.297877629598,225.780609130859,169.520528940054,139.369877873635,172.323184422084,96.8966903686523,180.03791482108,230.220825195312,130.058576583862,0,180.393872878131,196.956283569336,109.363397037282,168.487899780273,0,176.505108642578,157.811729431152,133.365028805203,134.224394989014,139.310805956523,126.781509223351,168.022178649902,166.407503057409,168.126969030348,122.141767394677,168.052218350497,121.232848858011,0,214.405242919922,123.520931243896,141.933303833008
29.9733455005164,102.938594471325,68.7573378187401,49.8968679399739,96.4173121452332,114.792781194051,103.395829206897,12.6439845925776,79.6992482081444,55.4770627302282,73.7006622454442,109.094362894694,142.687830607096,146.471877098083,61.3223939029193,90.7991149902344,64.5152012063272,66.1458652793506,109.127365391429,90.3210982314101,131.428260294596,24.0725777455101,47.4027676604653,42.7404150819333,58.860445587635,122.206218719482,102.107717573545,99.3567091126969,24.5714980720727,25.1393005831791,10.5229652070379,140.96133858817,132.486785040961,46.8243499581019,36.187444810751,115.750809533255,127.656880187988,132.926360390403,65.015801359106,0,150.922966003418,180.856619262695,101.769116940706,150.064810253325,88.122497690135,161.716758092244,216.163841247559,146.153022766113,0,134.679482814244,0,94.8376158255118,143.122562408447,173.426671346029,161.141819347035,183.128494262695,104.439601461396,83.1334698994954,106.023943342012,98.4087753584891,149.381362915039,151.226458372893,141.641529640455,99.9892447004131,128.540162866766,97.7565405169508,197.675796508789,173.322540283203,113.384580438787,117.48066131162
133.5803855896,64.8377695565272,108.708629063198,51.5679883321126,0,99.3535652160645,123.498396737235,178.565925598145,116.985518844039,127.10823474014,161.899002075195,34.1848041800661,140.537803649902,16.3791255265395,104.839473081439,177.097396850586,125.597045204856,95.6144338537146,50.1726697797746,60.66218779517,150.751431274414,144.626853942871,100.623736939144,120.578469340007,142.013186984592,41.1828327528362,18.3247550995974,24.5831710162166,156.974687703451,87.2023219820819,140.96133858817,6.80362448200714,106.618740990048,132.595993041992,70.3130783176422,0,117.689594268799,173.532241821289,82.3766708374023,0,0,0,0,129.657897949219,195.074859619141,238.514343261719,94.1330835195688,0,83.8459494015039,167.064956665039,0,194.776062011719,147.027961730957,96.7532907900603,109.699918528072,0,0,125.701812744141,193.60075378418,199.836151123047,70.8157298194038,98.2151511524597,98.1595766617353,218.822647094727,110.090187072754,197.484630584717,96.7695041502142,174.725982666016,0,121.182190704346
99.1918116602404,124.1095606486,157.657604980469,117.86484753644,130.699810791016,10.6669554102053,18.8491955812324,126.785275141398,21.3937198881705,124.029104696738,121.108116903423,66.9134534498268,105.636533021927,75.539892133077,19.3444353781862,39.5735276792272,121.436447143555,174.629175458636,105.750020113858,122.820327758789,119.398983882024,148.38087272644,129.196586608887,145.263344900949,120.17403622891,86.8038940429688,122.795353748759,118.251290754838,132.192773750029,16.9113609438733,132.486785040961,106.618740990048,5.98734317739896,64.2698040008545,40.7336369974171,186.416473388672,0,0,136.892753601074,0,0,201.706665039062,184.002110799154,196.364633178711,168.351898193359,200.584980010986,137.625335693359,215.492332458496,120.155555725098,0,0,0,0,0,0,188.392166137695,0,0,235.016983032227,161.85606025247,0,162.253555297852,177.015380859375,170.371946855025,178.389541625977,161.334732055664,0,0,0,196.420623779297
38.6573706795188,106.43017578125,97.4508808680943,53.2885025248808,83.9862995147705,127.816332499186,109.261849316684,61.385519957457,90.0849495821221,61.8910776221234,83.5403262376785,105.294942643907,92.6613258361816,152.650894165039,47.2903203508293,101.729118347168,65.5230202473385,90.2359488466953,117.117554473877,100.995332891291,85.9993920759721,46.3774025350809,48.3748601169909,76.7570087063697,64.1715255855175,0,113.85826290355,103.644411298964,59.1712506551413,18.3311090322399,46.8243499581019,132.595993041992,64.2698040008545,8.20487751263854,15.1035423624541,150.937835693359,0,121.262420654297,67.684044231068,147.374633789062,0,0,125.630833943685,171.945526123047,72.1985244750977,175.106864929199,231.660461425781,0,0,141.225234985352,0,100.544916152954,179.745376586914,0,186.707717895508,157.849212646484,102.899353027344,76.8049430847168,103.324467827292,118.94909123012,0,168.949569702148,181.069396972656,105.762974739075,115.342876434326,104.494807850231,0,0,0,114.329316711426
77.6573107132059,58.8292623911148,53.1357371548843,61.993335473509,84.0805716208362,45.1058082580566,78.1008124370652,73.5536879715242,67.5481452838795,89.9374510885655,82.5916943713998,34.2629301093894,87.5483787960476,52.0773743384225,47.7826962080561,37.0376954980799,73.8639404528374,39.561109221607,59.7625452151447,49.9104407192332,77.6382416296696,43.6335152899414,69.7331643322714,47.583714972394,77.0565958090708,57.2931003340756,58.3090408844859,62.8950632828234,62.1773129139916,31.4812844289349,36.187444810751,70.3130783176422,40.7336369974171,15.1035423624541,10.7354121611901,146.177783966064,80.4637328587221,97.1299757399001,89.1563535291095,128.338726043701,0,164.205426897321,144.473525474811,173.212067604065,103.326167106628,170.78539276123,141.138207869096,207.016204833984,119.167702674866,176.673380533854,147.634582519531,113.000486988132,103.670129195504,131.337655067444,124.607636769613,181.541069030762,112.318335813635,71.8072625492396,102.700531728169,132.542505784468,93.4816301785983,111.921432157284,106.641937114312,123.864951550121,179.19436984592,117.172457644814,119.963981628418,0,106.306116739909,128.729720221625
130.175272428072,0,144.613231113979,73.8608968098958,124.887214660645,160.285888671875,144.069842170267,124.232631907744,147.236860911051,103.834738787483,141.051365207981,170.533264160156,141.488098144531,0,148.193723917007,236.899749755859,100.851955413818,189.825354003906,0,191.297561645508,137.10767288208,114.483426094055,105.20463180542,176.159547424316,114.587787696293,163.826629638672,168.512915218578,164.858878072103,115.998056793213,141.371454412287,115.750809533255,0,186.416473388672,150.937835693359,146.177783966064,9.60874756395291,120.506237983704,97.443754064763,59.586443211005,73.1444702148438,60.96696232387,42.251506586164,29.8286895243781,27.042359131578,50.9736763947929,51.4397953979055,127.06390774197,51.1975575032207,136.188446044922,9.55033973632016,16.8940785929214,61.4998055564033,99.2426881604621,130.085586042965,120.715732574463,62.0004614477288,71.2022336324056,60.0699957870856,89.8812739805742,62.4177269362758,136.493726730347,112.959167258253,130.566445916246,66.0774912819585,9.58444053009162,13.8787974352205,144.094975398137,92.1130458831787,20.1921240538086,53.0991523371496
149.157165527344,60.6666441397233,68.772569893692,53.8999153730032,161.025291442871,0,167.142120361328,138.090370178223,171.680078125,130.38255746024,155.697636922201,94.1073040771484,0,104.17041015625,161.14499773298,0,119.577456156413,77.0023019611263,93.8310944693429,82.0693277994792,167.197402954102,118.47703225272,66.4272605478764,79.4451730391558,130.401186116536,56.0151166915894,69.0229583558455,68.0927708470872,127.613359680176,152.149699211121,127.656880187988,117.689594268799,0,0,80.4637328587221,120.506237983704,7.61099507530423,42.568962347039,14.4297357738518,0,0,0,110.194864061144,148.852184295654,66.9236122065292,161.202123006185,78.8255466539033,0,42.4385924514459,98.9662933349609,119.238815307617,54.6633944781321,52.8907997488975,83.4034597873688,57.6020985412598,0,85.9383392333984,29.1989679370747,64.6505193084967,87.2401809692383,19.5150990014044,44.175081118281,28.9889761667321,88.9374000549316,135.076801300049,93.8274926344554,75.6649752298991,0,0,57.5880562670819
