7.99795002809294,0,93.4728642683763,82.1574339124892,90.9968566894531,71.6124036688554,78.7772505303391,26.0799352810674,41.4692209271921,77.5835960706075,67.2265811197219,92.1230007171631,96.1377868652344,138.497417449951,17.5658428954763,0,102.710021018982,106.368431091309,135.947447343306,118.913845896721,118.313490549723,84.8985485473236,77.8466784159342,92.2826027647357,86.8162383270264,140.112987518311,119.937622245701,129.790182553805,79.2132545828819,18.4335943428704,36.0572093653251,148.346959431966,79.5727261134556,42.0955202220237,61.1465790686916,114.832427978516,0,151.132137298584,91.5833947317941,0,0,0,160.965606689453,0,194.678207397461,0,0,0,0,0,0,127.318143208822,0,0,0,0,175.055419921875,84.1255142211914,180.557029724121,126.490754699707,0,0,0,138.279294794256,0,122.343467712402,0,0,0,151.395614624023
0,5.21194077217165,41.579772258627,12.511383113473,87.4420435978816,0,115.083431243896,109.293066544966,132.380000305176,70.8120592882007,88.9929504394531,55.4425815343857,0,44.8361062693402,139.310272216797,94.914758682251,56.697256905692,40.6848270638475,64.9538996769832,48.5614715894063,0,115.208301544189,15.7662236427439,53.9479750369457,76.1789143140926,21.0999343094808,39.4866074837102,10.9919684201873,103.636772487475,124.677812303816,98.3601474761963,80.4760767618815,173.665115356445,131.586357116699,35.6039481901787,140.61695098877,24.5968426931472,54.9280844601718,18.4122591372168,84.9850311279297,0,151.17236328125,122.433502197266,162.297164916992,0,243.112106323242,99.3775825500488,0,63.6168518066406,222.647430419922,0,72.629753112793,74.0794747149358,90.9588459559849,72.9819307327271,0,71.5230159759521,26.4657810480317,70.5787365005677,119.400942993164,51.7380734902841,79.9223406473796,55.1748841083721,120.12192099435,186.189590454102,122.923586527507,0,0,0,73.6866679721408
93.4728642683763,41.579772258627,13.8415537792489,115.620180402483,117.335704803467,157.774749755859,137.327436174665,95.1788481489366,116.339006838311,118.933205922445,115.389266441608,79.9953119503045,127.676462809245,87.5445641125638,114.775994795787,127.376502990723,76.7094853958994,40.2552383771819,79.0360926344194,60.0286328049957,235.692825317383,64.627665723593,75.5878408095416,31.6564663615866,107.716288500493,66.2787560356988,37.1749099874569,30.3582275124823,84.1475769741083,133.243078521621,77.5090992571468,90.9241533038997,170.685317008726,106.661806626753,58.6539515038672,0,62.6703537835015,90.904838017055,64.6293787462958,0,0,198.477584838867,162.203366597493,163.892440795898,0,166.779899597168,0,0,0,0,0,103.891698725083,117.07602330258,119.686538696289,108.348823547363,0,117.427968978882,69.6056317509832,103.448739503559,144.483285140991,0,117.624800109863,84.6143608324456,151.48745959738,155.189337158203,136.29829788208,0,0,147.001113891602,114.348025004069
82.1574339124892,12.511383113473,115.620180402483,26.9824279204949,46.0514835186219,105.624523162842,79.8129652014606,58.646886224315,72.070108489318,38.1631815433502,70.0806745179942,97.7490623792012,76.6226667850576,57.4669694571659,96.222597132075,74.0137187957764,29.0948473726313,102.824884753757,69.6447222391764,75.1810778567665,74.8291441110464,80.9755765500276,23.7755405868705,76.9081256720438,39.4079571437642,26.5906378287361,90.0093922791658,57.2612877185794,51.9678565535125,83.2688754451167,60.6089727640762,68.1014221191406,129.870997709387,69.0001387823196,80.6509486990915,87.8285612106323,25.4688331604004,99.6443786621094,15.5983487513357,46.2726017878606,0,114.128478580051,73.4666318893433,102.403357611762,63.1436157226562,97.5175076534874,208.211868286133,103.347781658173,41.5252480506897,112.367629394531,96.9747848510742,51.1244416603675,74.310173034668,0,150.379318237305,78.6575012207031,97.3185901641846,54.013328479998,84.5546158381871,56.1686209324686,53.1000207754282,89.5926656723022,72.8440021585535,74.0849401211683,98.0880604794151,80.6932856241862,0,146.500854492188,94.3406365134499,102.96926407587
90.9968566894531,87.4420435978816,117.335704803467,46.0514835186219,10.2096479748398,112.685869216919,71.4585678953873,59.8328737142135,91.7530836960365,43.6597094510219,17.6459698471273,146.611602783203,33.83896900518,149.819931030273,106.542789035373,66.0932809612419,79.3466033935547,129.998851776123,184.871856689453,0,13.441553454431,128.619770050049,58.4254283602276,127.276927947998,19.0145535785364,124.630314963205,165.718226114909,108.654837737212,15.3963584098294,110.040291795453,117.004040527344,179.331680297852,141.120170593262,98.1444278293186,96.916368637085,121.668599446615,112.607124328613,0,70.3486927726052,13.5235298711713,106.21399307251,78.4951887130737,114.300355756605,109.701092274984,72.8248866110137,42.3463114848463,140.633008684431,38.0008473549696,0,123.825807620318,90.1918728351593,0,0,163.522888183594,0,14.5309326176596,202.325790405273,107.946662902832,139.631469726562,69.2527543389654,0,170.608367919922,130.847816467285,60.8035304196598,121.804049809774,0,0,148.899366760254,146.829818725586,110.393369501287
71.6124036688554,0,157.774749755859,105.624523162842,112.685869216919,5.72148509625508,12.903330352519,106.257482675406,20.33987680153,53.1361803854665,95.2748820656224,58.0932264055525,86.9872096470424,0,30.7323493138575,16.3250843260177,142.284484863281,131.473644256592,208.173004150391,161.156700134277,98.1467540965361,109.720764160156,0,148.339419894748,85.7909999423557,0,201.205724080404,185.72004699707,118.080364829616,24.2892787403531,112.112378900701,234.14542388916,13.1768608287909,41.6201705932617,31.1271607542837,0,0,0,100.941062927246,145.796371459961,0,202.686920166016,169.887751261393,0,0,167.326686859131,0,128.896408081055,0,0,0,0,0,0,0,135.479644775391,0,0,0,100.891969680786,0,0,0,136.342643737793,0,0,0,0,0,0
78.7772505303391,115.083431243896,137.327436174665,79.8129652014606,71.4585678953873,12.903330352519,9.30108701765635,62.8518184459091,17.8984617585086,62.1708837164209,26.0822990832545,83.8292375263415,22.6465440033834,160.541276931763,35.5456181594102,12.7638128468364,136.380515098572,158.654467220964,178.879911804199,162.239463556008,46.5055706370961,127.613867479212,109.621168954032,137.074526297946,72.2255401205509,129.528882344564,165.920539242538,174.332861208448,67.4971551850263,31.6453151794618,111.214392653135,182.450611659459,19.1676490135809,103.486987219916,69.9453637843229,156.213411331177,164.790954589844,0,95.9200283143579,136.407189941406,0,159.477937106428,145.411122525676,181.40122833252,130.265468597412,154.041398435026,0,71.0487560329581,0,183.417320251465,176.084342956543,151.258804321289,200.788009643555,0,0,138.005121103923,0,100.075424194336,172.530014038086,124.182666210418,0,228.09147644043,166.128135681152,143.27646845274,183.676416250376,184.188632965088,0,220.807373046875,193.819869995117,190.866719563802
26.0799352810674,109.293066544966,95.1788481489366,58.646886224315,59.8328737142135,106.257482675406,62.8518184459091,11.7018252784845,54.0403283587403,57.7383964576344,17.1566814211959,142.180328805106,53.0473791501537,156.355376089773,44.1034615000178,75.2895144549283,76.0055943749168,113.861461679038,152.929074214055,137.726785187328,59.5827489332719,73.4514114695437,70.5069748805119,82.6798544413457,57.4680008083252,209.797782897949,133.318423126721,126.416745348832,31.712702943405,83.684685480837,20.3693551724916,160.754482493681,119.765202778142,73.2032745724221,84.6906906557083,140.57907808744,136.032775878906,160.523876414579,73.2346916429226,140.031223297119,0,139.071257068265,116.32731595763,136.814168756658,126.959767913818,133.003531646729,225.221252441406,128.202686143958,0,176.483795166016,0,122.917941558055,180.215924072266,208.402053833008,0,133.423841016046,147.473378694974,97.4174337740298,158.130345220151,107.002679961068,0,193.528747558594,147.938248129452,121.951630767427,157.539358396788,133.093155860901,0,202.901363372803,152.790821075439,152.442884290541
41.4692209271921,132.380000305176,116.339006838311,72.070108489318,91.7530836960365,20.33987680153,17.8984617585086,54.0403283587403,9.07171364972163,80.246322971364,30.5128272406021,105.556281456581,64.7907908651387,169.058366775513,15.3258989222945,25.6957151038522,119.605933325631,129.268134452581,163.778342116963,146.128734524754,77.0760136087432,105.033152878939,108.877923753526,114.694032522856,84.5050274941229,148.582141331264,147.932454028437,153.130189042279,86.1074875598921,50.6358119524344,79.6262264922765,177.267397484413,26.4170389503589,96.1796119047864,72.7407627936715,152.114551544189,0,184.256011962891,83.2919631004333,139.949476877848,0,159.44750836021,140.243847227933,158.177173443695,161.797501246134,151.33860787578,0,127.251466793484,0,184.208257675171,220.810897827148,161.701078796387,200.112373352051,0,0,149.441593170166,173.901580810547,131.638236999512,179.119164360894,127.204542995695,0,237.450424194336,173.413764953613,142.533680483292,171.276130490187,166.698758806501,0,221.037292480469,189.805393218994,169.955212402344
77.5835960706075,70.8120592882007,118.933205922445,38.1631815433502,43.6597094510219,53.1361803854665,62.1708837164209,57.7383964576344,80.246322971364,6.92285243334389,62.7835756439761,135.94796034869,10.7700871898121,111.842784604159,97.8245909118652,12.9123997287735,94.4616406758626,122.457347412109,133.529750279018,133.034939880371,31.2539089733157,99.2259211730957,25.5567935990915,115.439044952393,18.5714881646587,102.222951463929,127.388508932931,94.734849685458,51.4026820463476,87.711674450935,65.2303525234791,156.785832722982,133.779243469238,73.8827200066553,89.0809319864108,118.40771484375,97.755729675293,130.303478240967,31.9949027477707,70.4205476809771,0,108.667487916492,107.993942896525,122.641869862874,37.7177968555027,95.1618800228589,156.347284952799,91.738366410539,0,141.620084762573,56.5483245849609,99.8697128295898,170.812210083008,0,0,88.0969411788448,0,97.9854586919149,129.22216796875,54.8247814941406,109.69942855835,130.978378295898,134.43675994873,98.9577242268456,138.735179901123,179.159461975098,0,223.415817260742,150.337127685547,115.091758728027
67.2265811197219,88.9929504394531,115.389266441608,70.0806745179942,17.6459698471273,95.2748820656224,26.0822990832545,17.1566814211959,30.5128272406021,62.7835756439761,11.4729350397056,141.626937059256,27.0021882031453,169.932466779436,49.3561488719588,69.4245576858521,84.880272938655,151.805457481971,161.903983482948,148.632204600743,16.4350520862646,98.5657376545231,88.106061835038,109.723697558127,49.885584209225,159.401275634766,149.333005914455,146.214159389625,24.1605773965053,103.087609396722,98.4370812892914,170.602887909988,127.596707685938,90.6542807358962,98.1219125193328,156.111456298828,0,171.661064147949,82.1268975718921,27.607542784473,0,155.927248814309,131.194395303726,159.028746511422,97.0014454523722,141.569518989542,200.845896402995,113.54854790448,0,197.482923235212,135.018095397949,141.427291870117,226.824859619141,0,0,111.35536124178,151.958564758301,126.268802642822,176.271942138672,106.523452254366,0,0,178.071127319336,136.321570842123,174.238452309056,161.67862701416,0,201.44401550293,144.898727416992,183.361431121826
92.1230007171631,55.4425815343857,79.9953119503045,97.7490623792012,146.611602783203,58.0932264055525,83.8292375263415,142.180328805106,105.556281456581,135.94796034869,141.626937059256,12.3038136055668,141.444157527043,15.1944068009026,87.0578683864571,190.977661132812,105.816921052479,50.6490803350482,13.7907125508652,19.07040635028,137.306172457608,115.853598488702,86.6962240392511,97.8895766676518,148.975041543284,31.1279901694091,14.7841909596959,46.631264304051,146.906090100606,72.8680243656553,117.760238305846,19.8565461131084,69.6146954352703,94.8217579768254,20.3873531199201,193.351181030273,87.4274444580078,110.716751098633,67.9152438299997,0,0,0,184.784912109375,0,0,158.3125,0,150.007873535156,70.0945744832357,223.329833984375,0,0,115.916408538818,0,90.6025721232096,0,0,92.720940483941,129.645812988281,186.722290039062,63.6338307307317,114.139668391301,95.1795904371474,207.875985717773,0,0,0,0,220.562950134277,0
96.1377868652344,0,127.676462809245,76.6226667850576,33.83896900518,86.9872096470424,22.6465440033834,53.0473791501537,64.7907908651387,10.7700871898121,27.0021882031453,141.444157527043,10.0383529728235,175.501953125,108.548761006405,14.9094603055601,0,160.545300801595,0,163.239087422689,13.5642607471484,133.837085723877,0,150.557990550995,20.1755192525141,136.422088623047,168.274327596029,148.235181737829,50.6468264952609,113.204811523701,128.987887064616,193.093269348145,120.716531161604,106.344493103027,106.477098519461,84.9533004760742,121.011032104492,0,56.6858948516846,40.0332687728935,0,61.5919807772093,132.345934637662,100.071559108905,73.6955993652344,57.0872525225259,145.644790172577,14.0430261627278,0,116.532967376709,90.3307842254639,125.428161621094,0,0,0,22.0385369474835,0,182.712066650391,0,85.0839278259277,0,0,0,96.7823942789217,121.119482421875,182.283271789551,0,135.956089019775,0,111.294960021973
138.497417449951,44.8361062693402,87.5445641125638,57.4669694571659,149.819931030273,0,160.541276931763,156.355376089773,169.058366775513,111.842784604159,169.932466779436,15.1944068009026,175.501953125,7.81726182022757,143.953822396018,109.987831115723,109.872068786621,111.208268907335,51.0658709727177,51.4553740819295,161.353202819824,126.495547367976,75.6545147054336,103.118787019149,130.581425031026,17.2096531274435,17.5515210874813,20.8775251279563,151.726895240045,157.237275496773,154.138739449637,11.7118504049997,97.4125213623047,165.047286987305,59.9985538482666,0,73.574538490989,97.3793830871582,54.4776306152344,0,0,0,0,0,154.040898640951,0,84.18909962972,0,60.9573035157485,0,0,115.961002349854,110.900685628255,85.987141418457,93.1944269452776,0,120.042404174805,74.7645097620347,127.225094604492,158.091657002767,52.2019232207654,89.6508231957753,77.3998380473241,0,218.804763793945,0,87.6641206741333,0,0,113.108433532715
17.5658428954763,139.310272216797,114.775994795787,96.222597132075,106.542789035373,30.7323493138575,35.5456181594102,44.1034615000178,15.3258989222945,97.8245909118652,49.3561488719588,87.0578683864571,108.548761006405,143.953822396018,9.5650424928459,29.1933025277179,124.55257826585,127.000965565586,158.3472769601,143.959909635169,109.684877277892,105.954692271654,104.234758447718,112.251700076566,111.445738983154,152.638046264648,146.59741375777,147.592857792367,99.0588785869018,27.618761188085,64.0978235985967,176.126377105713,23.8844564616732,34.9853863539519,49.5168951687432,158.072677612305,0,183.089124407087,109.398100632888,215.100784301758,0,173.30153910319,154.299110412598,172.823336791992,151.305717468262,192.083099365234,227.369232177734,153.8013048172,0,227.419692993164,0,153.328323364258,211.069732666016,0,0,172.037026977539,155.160044352214,97.8150766546076,178.255654907227,149.416365116201,0,214.667933146159,161.066940307617,159.695843251546,186.69702996148,168.254681396484,0,0,176.388320922852,174.568032836914
0,94.914758682251,127.376502990723,74.0137187957764,66.0932809612419,16.3250843260177,12.7638128468364,75.2895144549283,25.6957151038522,12.9123997287735,69.4245576858521,190.977661132812,14.9094603055601,109.987831115723,29.1933025277179,7.25658823064129,131.638031005859,154.952529907227,0,203.43830871582,49.7158634698213,141.756393432617,58.0545949935913,144.529675074986,35.0169517630961,137.25638961792,151.789543151855,118.662787724467,73.1637121526206,30.2689604685857,0,192.785125732422,52.1310482025146,42.3059844970703,41.9844644069672,0,0,0,47.1139032745361,104.170665447529,0,127.631162643433,128.92909749349,143.902084350586,54.5722550286187,112.776399612427,0,104.77222527398,0,0,98.608289082845,0,0,0,0,103.036461830139,0,149.305618286133,0,95.3187823825412,0,0,158.273590087891,110.500850889418,176.439315795898,0,0,0,0,0
102.710021018982,56.697256905692,76.7094853958994,29.0948473726313,79.3466033935547,142.284484863281,136.380515098572,76.0055943749168,119.605933325631,94.4616406758626,84.880272938655,105.816921052479,0,109.872068786621,124.55257826585,131.638031005859,10.1954188662097,96.9033631806326,122.629811213567,109.470689958142,0,22.0233517295495,18.128376315371,25.2483048222551,17.6394323055464,86.3257053920201,105.903903695811,29.4319583412456,24.5040721734252,94.7630822834216,65.5687761080514,113.532257080078,115.255043029785,68.9712818287037,72.508613846804,114.829273223877,58.4365730285645,107.756271774704,48.8998094978979,116.884601593018,0,138.886210123698,122.334904757413,135.363938903809,108.716814676921,139.492913818359,184.230209350586,0,0,143.342076619466,0,69.8810645303254,130.025838851929,0,0,0,100.18919109798,47.086604355236,91.3966898494051,97.6883755826402,163.338897705078,155.238853903378,92.199387250161,104.137890762158,117.895213365555,99.3434129602769,0,162.416107177734,106.096793038504,126.646148681641
106.368431091309,40.6848270638475,40.2552383771819,102.824884753757,129.998851776123,131.473644256592,158.654467220964,113.861461679038,129.268134452581,122.457347412109,151.805457481971,50.6490803350482,160.545300801595,111.208268907335,127.000965565586,154.952529907227,96.9033631806326,9.44618343486462,41.4037932474938,17.9999405905246,217.818695068359,77.0105567927714,81.5034123955044,27.8984603057955,122.997891588713,65.5086199442546,31.1567446799254,63.3877097944227,124.31947765685,98.1287799751298,86.9089135436688,87.0506665366037,170.80264577558,98.934566884801,47.4325179199484,174.514511108398,59.5539817810059,120.480667114258,60.4239816817026,135.84294128418,0,0,202.758229573568,209.106307983398,178.735466003418,0,0,0,0,0,0,134.326214090983,120.381816440158,0,108.904838562012,0,149.023776245117,91.6665786743164,136.792723435622,171.097926330566,74.8348007202148,97.5153797694615,104.183758976149,175.181469917297,163.057754516602,157.03143964495,140.268173217773,0,0,99.643684387207
135.947447343306,64.9538996769832,79.0360926344194,69.6447222391764,184.871856689453,208.173004150391,178.879911804199,152.929074214055,163.778342116963,133.529750279018,161.903983482948,13.7907125508652,0,51.0658709727177,158.3472769601,0,122.629811213567,41.4037932474938,7.72164250223152,19.0444273441573,0,131.377078663219,99.1822765574736,95.5524931851841,151.697055664063,43.1446092324179,28.0975360944652,62.2628095035795,145.489171869615,155.206061771938,135.767935991287,52.7585069202241,153.849222183228,122.429689025879,73.3135432427929,0,81.8367080688477,137.779769897461,75.9492724736532,0,0,0,0,0,0,0,0,0,124.406547546387,0,0,0,188.284408569336,126.183692932129,100.644561767578,0,0,123.425178527832,142.150192260742,0,66.875235748291,107.202297210693,109.288410302364,0,0,0,0,0,0,0
118.913845896721,48.5614715894063,60.0286328049957,75.1810778567665,0,161.156700134277,162.239463556008,137.726785187328,146.128734524754,133.034939880371,148.632204600743,19.07040635028,163.239087422689,51.4553740819295,143.959909635169,203.43830871582,109.470689958142,17.9999405905246,19.0444273441573,7.9662461369411,154.609352111816,96.5074547661675,92.370520825656,58.0348102850559,132.114549490122,35.5579464398898,25.9735980467926,64.7629257506966,132.589869944255,123.722744689547,105.913034158383,57.1398653189341,173.593779620002,100.357082991167,39.5441750567607,219.181045532227,65.2602863311768,124.013349533081,66.1185672984404,0,0,0,0,0,166.631622314453,0,0,0,73.0325012207031,0,0,166.643646240234,115.998184204102,0,119.957260131836,0,171.451583862305,115.345905780792,130.593627929688,186.895275115967,74.4893792470296,87.5204544067383,102.289684168498,171.554782867432,0,175.67805480957,0,0,0,225.634262084961
118.313490549723,0,235.692825317383,74.8291441110464,13.441553454431,98.1467540965361,46.5055706370961,59.5827489332719,77.0760136087432,31.2539089733157,16.4350520862646,137.306172457608,13.5642607471484,161.353202819824,109.684877277892,49.7158634698213,0,217.818695068359,0,154.609352111816,9.0716696733789,146.28443145752,0,190.582054138184,12.6142298746792,0,0,147.852411905924,28.5666351871195,108.25387402647,149.371292114258,0,131.486948013306,93.1921234130859,101.34413545028,0,0,0,72.5736917495728,14.1063134841337,0,123.305799183093,130.517979092068,148.770224253337,87.2938683827718,78.6204083695704,0,15.3497358194672,0,140.293182373047,104.412551879883,0,0,0,0,38.1553377964917,0,0,0,89.5321647181655,0,0,0,99.735584330336,126.74666595459,0,0,0,0,169.739410400391
84.8985485473236,115.208301544189,64.627665723593,80.9755765500276,128.619770050049,109.720764160156,127.613867479212,73.4514114695437,105.033152878939,99.2259211730957,98.5657376545231,115.853598488702,133.837085723877,126.495547367976,105.954692271654,141.756393432617,22.0233517295495,77.0105567927714,131.377078663219,96.5074547661675,146.28443145752,13.3941392364155,52.6663686663834,27.6174371319784,26.5126958010583,144.281436920166,102.14532036138,78.5193681012092,27.324903394404,82.7380544642961,33.8884778625285,143.968501091003,133.000403664329,65.2132469292345,50.192116776977,132.271185874939,91.7380676269531,137.265494876438,73.9578893561112,0,0,185.33730061849,132.315601207592,196.524364471436,237.652359008789,0,179.210433959961,0,0,170.979461669922,0,98.9290300491587,157.569107055664,0,176.373886108398,0,116.916323735164,68.0488539801703,117.865743952212,116.547680096035,0,169.993059430804,131.664628059633,122.540936115359,131.882251905358,115.33779335022,0,0,153.719476699829,131.782923380534
77.8466784159342,15.7662236427439,75.5878408095416,23.7755405868705,58.4254283602276,0,109.621168954032,70.5069748805119,108.877923753526,25.5567935990915,88.106061835038,86.6962240392511,0,75.6545147054336,104.234758447718,58.0545949935913,18.128376315371,81.5034123955044,99.1822765574736,92.370520825656,0,52.6663686663834,7.01192956217114,49.5490595508197,22.9637946130925,64.1530356395012,91.5904144221901,49.0014507880346,50.1828279245586,83.8202445233455,50.7021328061503,110.433359055292,165.274364471436,70.3408673604329,56.9225575075311,105.38600285848,61.1599837711879,97.0968808492025,24.2074890249357,48.2890739440918,0,173.564295450846,128.85825920105,133.067527770996,158.735229492188,107.475471496582,0,0,68.6537704467773,128.729040781657,0,59.7256189229834,112.056388092041,84.85791015625,112.190668741862,0,73.9868264770508,18.6790338361964,73.2563422353644,78.7076684656277,68.186090295965,110.350274085999,81.747863869918,82.8230376172422,117.114877700806,80.8748369403914,0,0,0,89.1730485803941
92.2826027647357,53.9479750369457,31.6564663615866,76.9081256720438,127.276927947998,148.339419894748,137.074526297946,82.6798544413457,114.694032522856,115.439044952393,109.723697558127,97.8895766676518,150.557990550995,103.118787019149,112.251700076566,144.529675074986,25.2483048222551,27.8984603057955,95.5524931851841,58.0348102850559,190.582054138184,27.6174371319784,49.5490595508197,16.4535046470517,101.100803289658,102.987965232448,67.0215135476474,56.5842757895143,59.0862570113091,74.845936885876,53.5726812091984,107.609883196214,156.784627711519,84.3058354564916,55.6504790549696,144.922052655901,98.4068892342704,100.785905011495,78.1181986191693,144.570816040039,0,180.897369384766,154.610899300411,168.150772094727,183.195518493652,162.63606262207,190.702529907227,0,0,174.588150024414,0,85.6786083458439,132.909887252315,0,0,157.712173461914,120.575941252228,64.5554328353743,105.833773748199,138.32703231217,0,156.099034627279,98.7544939707058,141.390208078467,151.683115641276,137.071091122097,0,0,159.762786865234,118.018229284952
86.8162383270264,76.1789143140926,107.716288500493,39.4079571437642,19.0145535785364,85.7909999423557,72.2255401205509,57.4680008083252,84.5050274941229,18.5714881646587,49.885584209225,148.975041543284,20.1755192525141,130.581425031026,111.445738983154,35.0169517630961,17.6394323055464,122.997891588713,151.697055664063,132.114549490122,12.6142298746792,26.5126958010583,22.9637946130925,101.100803289658,10.50170954407,114.815096122878,129.227399866386,101.015855044709,20.6509958097911,93.5750630008352,74.7557558391837,145.328938117394,141.533775753445,76.4812844693661,94.5417950235052,116.148733489367,104.825911888709,138.742451913016,55.3712466351679,51.1757648064315,155.566345214844,125.840715007209,105.818230193237,132.917891738438,75.3320479142038,108.512489896832,186.535919189453,97.0842838892861,224.9560546875,162.261619567871,117.369426091512,98.7960910373264,160.46913840554,227.371055603027,187.892298380534,92.3404400494634,123.103136777878,55.4480897961682,132.462484518687,88.2796465438188,125.921435038249,174.39183807373,137.55806653253,106.084206125265,144.040552536647,114.36700461461,0,177.646802266439,134.864283879598,142.645940314399
140.112987518311,21.0999343094808,66.2787560356988,26.5906378287361,124.630314963205,0,129.528882344564,209.797782897949,148.582141331264,102.222951463929,159.401275634766,31.1279901694091,136.422088623047,17.2096531274435,152.638046264648,137.25638961792,86.3257053920201,65.5086199442546,43.1446092324179,35.5579464398898,0,144.281436920166,64.1530356395012,102.987965232448,114.815096122878,6.59277687373217,37.9026789163875,28.7515028834186,135.732223987579,130.692591349284,120.511825561523,45.6795404643229,0,175.133964538574,49.7187598354845,0,59.0016617919459,88.3849845299354,38.1747593095511,129.707725524902,0,0,158.468933105469,0,147.681350708008,160.555145263672,118.360273742676,0,61.9507115038135,144.768325805664,0,117.736213684082,90.1134703262993,92.8477342393663,83.3611749013265,0,98.1083106994629,60.8385698699951,114.872796325684,148.035391587477,43.6009587414542,81.8566914120236,75.6231379463774,129.797435760498,0,151.394432067871,83.0531883239746,0,0,94.3971701727973
119.937622245701,39.4866074837102,37.1749099874569,90.0093922791658,165.718226114909,201.205724080404,165.920539242538,133.318423126721,147.932454028437,127.388508932931,149.333005914455,14.7841909596959,168.274327596029,17.5515210874813,146.59741375777,151.789543151855,105.903903695811,31.1567446799254,28.0975360944652,25.9735980467926,0,102.14532036138,91.5904144221901,67.0215135476474,129.227399866386,37.9026789163875,14.9265592450639,35.8732524589779,130.377184821448,155.299945013207,112.290404599016,29.3550120842789,189.05563621521,134.243646974917,75.8761182974506,0,67.6503415788923,99.0892623901367,69.9605060057207,0,0,0,193.508636474609,236.509628295898,0,175.365478515625,0,0,98.0214347839355,0,0,134.94519466824,121.385050964355,101.017501831055,110.20844523112,0,172.936492919922,104.146225473155,126.522169113159,189.644616263253,75.0507486131456,105.487514877319,100.162059889899,187.266433314273,177.898765563965,159.596786499023,0,0,0,197.940368652344
129.790182553805,10.9919684201873,30.3582275124823,57.2612877185794,108.654837737212,185.72004699707,174.332861208448,126.416745348832,153.130189042279,94.734849685458,146.214159389625,46.631264304051,148.235181737829,20.8775251279563,147.592857792367,118.662787724467,29.4319583412456,63.3877097944227,62.2628095035795,64.7629257506966,147.852411905924,78.5193681012092,49.0014507880346,56.5842757895143,101.015855044709,28.7515028834186,35.8732524589779,15.3232983760048,100.925335893806,143.274588514332,108.587174502962,26.7946769345624,190.202172931872,128.33652196165,60.5423153196581,170.241672515869,46.5419343312581,82.7177038593203,40.5462819534642,129.360940297445,0,191.34079284668,153.947478668599,171.944654050081,140.956639803373,169.826684805063,113.246096293132,0,87.552830318235,181.456178188324,0,89.6759257076167,98.7084392601336,120.001397744203,106.966759320602,0,99.3069394836426,38.5462846682033,95.1262653688841,136.334335982434,63.9140750591571,98.9930677166233,79.9670126378576,142.991085471688,169.700042724609,142.596430150474,105.95804087321,219.985900878906,127.283407592773,96.4131048457287
79.2132545828819,103.636772487475,84.1475769741083,51.9678565535125,15.3963584098294,118.080364829616,67.4971551850263,31.712702943405,86.1074875598921,51.4026820463476,24.1605773965053,146.906090100606,50.6468264952609,151.726895240045,99.0588785869018,73.1637121526206,24.5040721734252,124.31947765685,145.489171869615,132.589869944255,28.5666351871195,27.324903394404,50.1828279245586,59.0862570113091,20.6509958097911,135.732223987579,130.377184821448,100.925335893806,12.7317228075321,90.9169525638703,38.2785077063134,156.657817382813,132.610809326172,68.1777098506105,77.619289317538,121.067955632364,171.427749633789,151.182084925034,66.5286703384266,113.383951229208,0,137.233496627367,115.231363865367,142.216196444088,99.0450497020375,132.749360473068,198.885672251383,125.863602755363,0,159.902296989195,140.933729383681,111.794155037921,190.579839706421,0,182.176834106445,126.880512304473,137.777453104655,81.0218148953987,141.174413616738,99.934984612,164.243835449219,192.484836832682,138.994497729886,118.14256633982,144.521770856957,123.111635235773,0,188.611668904622,134.072707232307,146.682829935043
18.4335943428704,124.677812303816,133.243078521621,83.2688754451167,110.040291795453,24.2892787403531,31.6453151794618,83.684685480837,50.6358119524344,87.711674450935,103.087609396722,72.8680243656553,113.204811523701,157.237275496773,27.618761188085,30.2689604685857,94.7630822834216,98.1287799751298,155.206061771938,123.722744689547,108.25387402647,82.7380544642961,83.8202445233455,74.845936885876,93.5750630008352,130.692591349284,155.299945013207,143.274588514332,90.9169525638703,12.3600944912559,36.373298031134,161.954248809814,13.2685560493843,18.1844967034143,44.7221716456099,136.957562764486,0,181.781602042062,102.508969859073,163.154485066732,0,195.729544503348,156.338739541861,190.706567244096,142.27424621582,184.136052449544,0,174.267610549927,0,198.212156023298,0,130.980348587036,0,0,0,173.192815144857,152.139603614807,87.6933481644611,169.575147188627,139.617593321082,0,198.228332519531,168.34664577908,144.290562096421,183.624846238356,142.421150631375,0,0,165.424886067708,167.523879311301
36.0572093653251,98.3601474761963,77.5090992571468,60.6089727640762,117.004040527344,112.112378900701,111.214392653135,20.3693551724916,79.6262264922765,65.2303525234791,98.4370812892914,117.760238305846,128.987887064616,154.138739449637,64.0978235985967,0,65.5687761080514,86.9089135436688,135.767935991287,105.913034158383,149.371292114258,33.8884778625285,50.7021328061503,53.5726812091984,74.7557558391837,120.511825561523,112.290404599016,108.587174502962,38.2785077063134,36.373298031134,11.3273389829928,158.074609483991,115.936996617268,32.9079407511043,39.445672471386,128.640816824777,0,142.724374771118,69.9506277871299,0,0,157.659957885742,131.553609511432,162.181470743815,121.562145233154,154.007409232003,0,201.102691650391,0,153.736526489258,0,98.4518849838183,166.655571831597,0,163.839660644531,0,117.926383410002,64.5678072487436,122.522804914202,111.114680903618,0,175.340963363647,152.022683577104,118.870974556605,135.596633911133,111.015292268641,0,0,120.124793052673,148.76383943911
148.346959431966,80.4760767618815,90.9241533038997,68.1014221191406,179.331680297852,234.14542388916,182.450611659459,160.754482493681,177.267397484413,156.785832722982,170.602887909988,19.8565461131084,193.093269348145,11.7118504049997,176.126377105713,192.785125732422,113.532257080078,87.0506665366037,52.7585069202241,57.1398653189341,0,143.968501091003,110.433359055292,107.609883196214,145.328938117394,45.6795404643229,29.3550120842789,26.7946769345624,156.657817382813,161.954248809814,158.074609483991,6.12959792139349,178.308799743652,216.448989868164,75.1381991202371,0,93.4763824462891,0,79.1709647859846,0,0,0,0,0,0,0,107.64868927002,0,84.6618933677673,0,0,0,151.907897949219,109.384990692139,124.168487548828,0,0,93.1982669830322,0,173.967742919922,70.4014173047296,107.293045043945,96.7313503049455,0,0,0,0,0,0,110.972244262695
79.5727261134556,173.665115356445,170.685317008726,129.870997709387,141.120170593262,13.1768608287909,19.1676490135809,119.765202778142,26.4170389503589,133.779243469238,127.596707685938,69.6146954352703,120.716531161604,97.4125213623047,23.8844564616732,52.1310482025146,115.255043029785,170.80264577558,153.849222183228,173.593779620002,131.486948013306,133.000403664329,165.274364471436,156.784627711519,141.533775753445,0,189.05563621521,190.202172931872,132.610809326172,13.2685560493843,115.936996617268,178.308799743652,6.69671514867809,61.4302682876587,44.9242508128009,188.823333740234,0,0,144.724931335449,0,0,191.015884399414,199.929985046387,239.37255859375,192.998336791992,168.793533325195,0,0,0,0,0,195.417068481445,0,0,0,0,0,0,0,179.651988983154,0,0,0,190.590335845947,209.063613891602,189.145904541016,0,0,224.831726074219,0
42.0955202220237,131.586357116699,106.661806626753,69.0001387823196,98.1444278293186,41.6201705932617,103.486987219916,73.2032745724221,96.1796119047864,73.8827200066553,90.6542807358962,94.8217579768254,106.344493103027,165.047286987305,34.9853863539519,42.3059844970703,68.9712818287037,98.934566884801,122.429689025879,100.357082991167,93.1921234130859,65.2132469292345,70.3408673604329,84.3058354564916,76.4812844693661,175.133964538574,134.243646974917,128.33652196165,68.1777098506105,18.1844967034143,32.9079407511043,216.448989868164,61.4302682876587,6.33497128321702,27.4600002191252,117.582515716553,0,0,86.2860639745539,137.489273071289,0,166.076299031576,140.639405144586,173.836227416992,144.953994750977,130.04264831543,0,0,0,188.711715698242,0,99.2606691632952,0,0,0,0,126.864986419678,75.9303921786222,125.483991622925,129.647129211426,0,0,0,137.22874880704,162.434315999349,143.436504017223,0,0,0,203.022557576497
61.1465790686916,35.6039481901787,58.6539515038672,80.6509486990915,96.916368637085,31.1271607542837,69.9453637843229,84.6906906557083,72.7407627936715,89.0809319864108,98.1219125193328,20.3873531199201,106.477098519461,59.9985538482666,49.5168951687432,41.9844644069672,72.508613846804,47.4325179199484,73.3135432427929,39.5441750567607,101.34413545028,50.192116776977,56.9225575075311,55.6504790549696,94.5417950235052,49.7187598354845,75.8761182974506,60.5423153196581,77.619289317538,44.7221716456099,39.445672471386,75.1381991202371,44.9242508128009,27.4600002191252,12.0788997085963,152.412368774414,63.7014999389648,121.807345435733,82.4175471698537,154.229452133179,0,185.48014831543,155.019771394275,169.544055938721,180.382049560547,155.971974182129,101.270172119141,197.428153991699,77.5752029418945,187.789770943778,0,111.695258978641,136.468561444964,151.327140808105,148.633038330078,175.256891886393,119.573363894508,78.1933665998054,119.230651483303,134.85827644666,68.7031838553292,147.495760236468,101.826273991511,138.918611859942,190.238252639771,124.9756676356,0,219.068908691406,167.256828308105,138.515580313546
114.832427978516,140.61695098877,0,87.8285612106323,121.668599446615,0,156.213411331177,140.57907808744,152.114551544189,118.40771484375,156.111456298828,193.351181030273,84.9533004760742,0,158.072677612305,0,114.829273223877,174.514511108398,0,219.181045532227,0,132.271185874939,105.38600285848,144.922052655901,116.148733489367,0,0,170.241672515869,121.067955632364,136.957562764486,128.640816824777,0,188.823333740234,117.582515716553,152.412368774414,10.2354165548983,104.919345092773,116.508540395963,59.2767613874163,105.147386338976,89.1323455810547,86.6815065454554,21.8379809744441,59.4869144167061,68.007415157625,67.5604599409837,104.188282655017,117.05738180655,147.379375457764,21.1890098830616,22.1155020713806,90.7967886491255,104.516058932929,122.13935324929,108.380117143903,118.772578430176,71.4123987414173,62.7614240192232,85.8696943725028,79.9286918002228,0,110.143776563498,129.126739055354,79.2898094502891,18.2367564053419,23.1488466323525,145.753898620605,88.2355510538275,39.0360467038396,62.537667111917
0,24.5968426931472,62.6703537835015,25.4688331604004,112.607124328613,0,164.790954589844,136.032775878906,0,97.755729675293,0,87.4274444580078,121.011032104492,73.574538490989,0,0,58.4365730285645,59.5539817810059,81.8367080688477,65.2602863311768,0,91.7380676269531,61.1599837711879,98.4068892342704,104.825911888709,59.0016617919459,67.6503415788923,46.5419343312581,171.427749633789,0,0,93.4763824462891,0,0,63.7014999389648,104.919345092773,8.31557158263875,45.7588713828554,6.56382266341144,113.995340983073,0,157.299758911133,123.99610415372,127.147947311401,73.0497023026574,157.561683654785,66.0168100595474,0,42.9086624024406,142.372617721558,114.747576395671,46.9804971605071,55.5587484940239,63.6677646343525,51.9575984063977,100.524322509766,79.7156483576848,21.761534746721,63.6088908612728,78.3081674507196,20.679778469705,53.4679008234402,31.4398248612602,109.167862955729,125.091923053448,97.17392578125,76.5831496498802,0,115.991180419922,57.3469811096191
151.132137298584,54.9280844601718,90.904838017055,99.6443786621094,0,0,0,160.523876414579,184.256011962891,130.303478240967,171.661064147949,110.716751098633,0,97.3793830871582,183.089124407087,0,107.756271774704,120.480667114258,137.779769897461,124.013349533081,0,137.265494876438,97.0968808492025,100.785905011495,138.742451913016,88.3849845299354,99.0892623901367,82.7177038593203,151.182084925034,181.781602042062,142.724374771118,0,0,0,121.807345435733,116.508540395963,45.7588713828554,11.0870181913047,57.9596056293797,148.427368164062,0,127.771624671088,94.1437270858427,117.522236397253,107.874149771298,106.89216756513,92.99222977435,208.200012207031,79.3482715061733,123.728795621342,149.149108886719,76.3834328708878,40.2863682348358,77.8488250126112,64.6713882610901,169.017211914062,55.2597475033818,40.5977736579047,34.0676597814893,107.037138257708,92.4800745646159,26.9791032352333,31.8156898739597,82.6073488777066,136.630485635055,82.4837324264202,93.7617670694987,184.245620727539,118.161298018235,66.9189997975177
91.5833947317941,18.4122591372168,64.6293787462958,15.5983487513357,70.3486927726052,100.941062927246,95.9200283143579,73.2346916429226,83.2919631004333,31.9949027477707,82.1268975718921,67.9152438299997,56.6858948516846,54.4776306152344,109.398100632888,47.1139032745361,48.8998094978979,60.4239816817026,75.9492724736532,66.1185672984404,72.5736917495728,73.9578893561112,24.2074890249357,78.1181986191693,55.3712466351679,38.1747593095511,69.9605060057207,40.5462819534642,66.5286703384266,102.508969859073,69.9506277871299,79.1709647859846,144.724931335449,86.2860639745539,82.4175471698537,59.2767613874163,6.56382266341144,57.9596056293797,10.2308669499604,59.2334812887354,56.2225141525269,77.5357277216349,54.9432559112478,81.4202100216354,25.2781199327486,71.6869913911166,94.2587140606296,58.2301800034263,36.8706745284808,96.3227465429971,47.7269334631451,32.7098170757294,64.5835771400835,73.8272881941362,55.8959797684864,61.0791410919804,63.9350848950838,18.2446271709842,76.6829350233078,32.4765828426625,20.8515695651288,56.429703951511,35.262538451109,53.142576981759,82.2450417705945,62.0857473680561,79.6662006378174,135.323837280273,70.3154507249889,74.5310722732544
0,84.9850311279297,0,46.2726017878606,13.5235298711713,145.796371459961,136.407189941406,140.031223297119,139.949476877848,70.4205476809771,27.607542784473,0,40.0332687728935,0,215.100784301758,104.170665447529,116.884601593018,135.84294128418,0,0,14.1063134841337,0,48.2890739440918,144.570816040039,51.1757648064315,129.707725524902,0,129.360940297445,113.383951229208,163.154485066732,0,0,0,137.489273071289,154.229452133179,105.147386338976,113.995340983073,148.427368164062,59.2334812887354,8.62667629223178,104.829538345337,56.9924140967575,52.6430782235187,99.1909161588571,39.4952777779621,18.9448800864755,147.790511721656,30.8412930490542,0,121.459639339124,72.2522419254954,0,127.20068359375,160.577995300293,144.396160125732,12.5580413162291,0,54.1581839561462,145.569924926758,14.223322167734,119.342170715332,152.503145853678,118.506636352539,21.5371272560408,118.45231628418,116.718145370483,0,136.438631693522,93.215461730957,109.12405649821
