10.953106811312,149.954903920492,101.007159289192,68.8574720813382,83.8857730518688,99.2427024841309,91.7478210695328,34.5618925589198,64.0444664204121,71.7133303218418,77.6344088259197,109.304576982771,132.990659077962,138.134414672852,17.0135275932059,93.657413482666,109.331573486328,95.6199555138445,128.86898571512,116.520888888451,106.201651000977,72.9117863948669,77.4539742903276,81.9504053339322,78.2881436470227,139.349328994751,112.178130661659,131.684042695281,80.4017006197577,19.8464545154145,31.1403160393107,0,82.7702268712661,48.4313325337001,71.9342901213054,139.061375935872,144.783172607422,152.418060302734,96.9966652279808,153.158706665039,0,183.443588256836,143.608850267198,171.075018310547,90.9763603210449,157.857494778103,0,0,0,165.660953521729,0,140.853149414062,195.169876098633,0,168.77473449707,0,135.018745422363,86.5836921691894,162.511402130127,127.750717889695,143.391815185547,198.274513244629,178.069487138228,136.906480026245,148.376266479492,136.849474126642,0,0,132.618885040283,149.722038269043
149.954903920492,9.29370149529782,44.9602438895625,14.2479290323209,118.439872741699,0,159.669406890869,116.981024573831,134.638913835798,71.2155003031157,150.073599497477,61.0957258097331,79.2487335205078,54.6480107579912,134.331211436879,118.424405670166,70.4389512597061,48.4920382660099,75.3767044964959,61.8409532076353,112.140300750732,100.093962073326,29.9913959450533,57.1666705631074,85.4060838048942,24.0131419850179,43.1521801862996,35.7948628942371,113.994170294868,129.019176483154,100.690801180326,64.6212547246148,100.123184204102,107.25616200765,50.1877841432566,0,47.2409149067743,89.1278518676758,37.3617857714168,190.705665588379,0,0,172.130683898926,0,161.232307434082,0,123.071510314941,0,94.8918005901834,197.428833007812,0,94.6997528076172,104.14734310574,141.021489461263,98.0812276204427,0,0,61.227484703064,136.681715011597,122.204167683919,85.8677563918264,81.356639819675,77.931807320073,0,0,158.976356506348,106.960784912109,0,0,148.66890335083
101.007159289192,44.9602438895625,11.8223352291163,62.6405941721905,98.7955525716146,0,127.71063451767,90.9960826080806,116.870491239596,111.419847948798,117.324158087009,83.4585790828783,186.160142081124,90.4241188450864,108.453087352996,136.874725341797,90.3951700272099,42.9526106911555,87.797439511617,76.5945216023274,207.903820037842,63.2677811351772,41.0882064960372,33.0867789671419,88.2597978794828,82.4466220310756,33.2249172773533,25.4351765364596,70.6527532221348,126.027970011898,83.0363309652864,104.407403230667,157.418036240798,96.2256304877145,59.356481393431,148.539150944463,67.0588382720947,89.82661395147,50.9670681767551,164.430130004883,0,231.00008392334,149.963479302146,183.585656581781,128.171382480197,190.398529052734,148.226337432861,0,119.009213256836,170.55627350309,233.907791137695,102.690295515389,106.071550205776,132.118689400809,120.584860420227,0,135.700473361545,67.4043619929792,93.6433299679322,135.293157795497,110.17503674825,105.206861249677,89.6495719068455,154.5997345357,169.452172415597,142.222439094826,142.295776367188,0,175.432840983073,115.05617414202
68.8574720813382,14.2479290323209,62.6405941721905,17.5124084498784,52.9403719334375,0,92.9489934584674,60.4474577227772,81.3430038665558,18.1543953298208,79.5855275290353,82.0728767995965,89.2531202489679,62.5027260415408,87.4457150055812,90.8963836669922,40.0439077999408,68.9924671909597,93.5346936871929,86.1915570928695,62.8672166481996,53.4253669811377,24.6026704342306,56.5229251847338,39.7273329160874,21.7042410466317,66.5596024711587,42.6837753429232,55.5670152752513,80.4764250877119,53.0106428283176,80.9457762922559,132.058752877372,55.0329842735739,68.1081659604633,74.9305953979492,15.0030056843992,97.9781437924034,18.2778964851669,96.1412925720215,0,104.248809814453,104.428153298118,112.967247993715,20.5674136432249,96.8850076293945,153.497951507568,75.0538349151611,79.3989243073897,127.925813357035,0,58.0556957103588,130.63620223999,131.980855560303,124.045243157281,85.4895805945763,72.0398511250814,24.1577499019966,81.6050496686969,66.3488766063343,59.4915975622229,114.965009128346,82.8374033163715,87.2603794653811,108.059340667725,76.9211516747108,49.0691928863525,0,75.1127522786458,95.6518588066101
83.8857730518688,118.439872741699,98.7955525716146,52.9403719334375,7.69483350822993,142.144493103027,51.9448148977345,48.2568783115696,99.9528055146267,33.4550780589038,25.3123615040078,155.014836629232,22.3787045239424,146.781311035156,104.943335625433,60.7346454921522,76.7088012695312,156.329812526703,194.048370361328,0,13.0605443069966,94.7829097747803,54.0720455523619,125.691441853841,18.2927529324263,140.849327087402,155.801922137921,117.026351125617,17.325517679968,98.3344925616018,87.914924621582,159.825119018555,138.105312347412,72.0150598379282,93.3525599198376,0,136.730739593506,160.552047729492,81.2139558463261,16.9073755912151,197.943450927734,132.160816019232,123.278921726772,150.781746242357,88.8448207855225,113.66895079425,0,36.304140669724,0,142.177541732788,150.770233154297,134.062292916434,0,0,0,25.686331494964,145.570978800456,100.404951477051,182.307090759277,73.2246618770928,0,209.005126953125,171.004229032076,94.634655725956,127.581837463379,134.956002371652,0,0,0,168.413856506348
99.2427024841309,0,0,0,142.144493103027,7.82692988759195,8.31838763840754,131.23301054302,10.7684557671198,61.08095703125,126.355960499157,62.7195870876312,104.875399589539,68.7093415260315,36.7598897151733,16.7648711000916,0,163.284033203125,0,77.3871612548828,125.813326263428,146.230316162109,128.553546905518,128.370822906494,119.25727335612,83.1025644938151,114.22153036935,129.777094523112,128.881372150622,31.3806004129062,130.021713256836,109.89559173584,10.9918936157463,0,37.8795599190586,0,0,0,125.914543151855,0,0,0,165.454727172852,206.102661132812,136.834365844727,0,0,0,0,0,0,0,0,0,0,0,0,0,0,186.789733886719,0,155.535751342773,0,0,0,187.069091796875,0,0,0,0
91.7478210695328,159.669406890869,127.71063451767,92.9489934584674,51.9448148977345,8.31838763840754,11.6959208030966,59.2073176565722,19.0345292190714,65.7247737179632,38.1004719886597,97.9984156057375,25.1379109499359,105.132135272026,36.0688935282251,13.7364124550751,0,163.155915260315,146.728796482086,160.198930358887,37.4421080474518,118.710122265862,120.78012713264,127.637051855612,83.1209728115208,139.892438252767,155.001640475526,160.326798898202,66.2992768235928,49.1825808247367,106.669479904888,148.504071553548,20.4459161930966,120.025996961092,81.6869948836806,164.416976928711,154.176452636719,198.353330339704,126.811955327573,125.877020183362,0,179.497073086825,148.610593010398,169.619280133929,139.392565727234,123.312105124337,147.713638305664,51.1259493663393,165.788330078125,175.481086730957,229.873886108398,0,0,159.079330444336,220.677459716797,72.9172872396616,156.857025146484,224.810791015625,214.268241882324,144.478073927072,147.173065185547,220.771667480469,199.095225016276,158.436528144999,177.326735360282,187.51969909668,0,0,161.294891357422,211.395195007324
34.5618925589198,116.981024573831,90.9960826080806,60.4474577227772,48.2568783115696,131.23301054302,59.2073176565722,11.8206692971906,61.1098830132729,60.5977633967996,22.3531202748174,145.195759925842,85.7161019735963,154.169952392578,48.014686955617,78.2831551319844,101.30531190571,125.115820436511,158.731212854385,148.417751736111,40.7140891830328,69.9334405864526,90.6910572052002,77.86563710696,56.1002892595331,162.906433105469,128.363700065904,117.001652628462,33.0398027227199,76.1576638407132,23.9854198352808,173.877365112305,125.718444068153,67.5310318064527,85.5394857194689,144.675706863403,152.137727949354,163.523238486432,90.446703369553,120.103476019467,0,151.886912384033,122.520684315075,150.258069139846,92.6133543546082,143.384030617958,204.53337097168,136.460792541504,206.696151733398,155.657304183297,97.8991088867188,130.237590789795,181.725673675537,0,198.288818359375,137.696830749512,150.269041492093,95.2993363062541,160.023548492014,109.119109883733,206.517349243164,186.71099164409,159.773757237026,124.318346852357,155.324169267927,129.751194411902,211.259429931641,0,135.519810603215,140.900891258603
64.0444664204121,134.638913835798,116.870491239596,81.3430038665558,99.9528055146267,10.7684557671198,19.0345292190714,61.1098830132729,10.9007171451492,87.6496497170967,37.4174032209616,77.3210600085424,85.637498711938,82.1403574609453,18.0287020225114,38.0481957913843,145.053417205811,132.636130288455,128.553035631092,141.459369729806,85.9109910816127,101.915210855418,129.197417259216,108.237966639635,98.0833732700098,96.5667549133301,135.573435537195,140.525498588718,91.1438883801056,48.9133171401891,79.5312437350655,122.236297361312,15.0136758956818,99.4879382589589,73.102856271886,175.60259437561,180.639149257115,181.493954467773,110.631148035386,146.89713299659,207.988189697266,188.816799457257,149.976765300917,174.662256110204,110.552668604357,168.768255914961,242.304679870605,108.45320217426,228.342178344727,180.795539999908,0,156.932670593262,186.201883951823,0,201.770090738932,138.506989422966,187.01938520159,129.251975250244,176.507285484901,135.368820389773,140.518043518066,191.027847691586,179.080392191233,149.811335508584,191.680926005046,150.189752838828,0,236.741577148438,165.742459978376,184.335907879998
71.7133303218418,71.2155003031157,111.419847948798,18.1543953298208,33.4550780589038,61.08095703125,65.7247737179632,60.5977633967996,87.6496497170967,8.09187613132774,71.3633551473203,129.541949106093,11.1353691028627,121.872527640608,89.6882800705936,23.1750039400713,64.067215312611,126.740135594418,127.872204462687,131.233654022217,31.4495966543263,77.2039225218726,30.7656963498366,110.080801963806,22.6808937230129,105.389285376902,119.368807408067,112.761101910745,50.5891380937426,82.5619557521469,61.8671635560884,130.377814413119,127.826536814372,67.6877923730301,102.018470827738,102.101932525635,117.014325459798,148.895385742188,56.0246643332748,97.4226090280633,0,127.880644480387,100.175871299975,137.739768981934,31.0670979917049,117.657202871222,171.15976969401,67.2219824790955,148.005502874201,145.892811168324,0,106.26538848877,153.83032989502,189.234886169434,128.685180664062,110.666941833496,129.13518693712,78.3173365159468,126.786149024963,82.5630990297366,144.997595650809,177.02451171875,160.04522970951,104.532242457072,127.630201339722,108.226658262055,0,0,92.0778045654297,122.850891113281
77.6344088259197,150.073599497477,117.324158087009,79.5855275290353,25.3123615040078,126.355960499157,38.1004719886597,22.3531202748174,37.4174032209616,71.3633551473203,13.4134922309428,142.651904393756,26.7881829917858,151.834333914298,55.5388383973581,88.729374136976,92.9631042480469,156.598619320518,167.763326009115,176.786584854126,18.6301865265401,93.7976357421875,142.167679786682,121.336050866877,61.2236514149837,162.190939331055,157.639974964199,153.619984809389,31.9370217190737,94.992527186577,118.985610066628,171.55078125,128.938121066374,95.7123751110501,91.4638937749588,184.789543151855,157.463798522949,187.885681152344,129.088170793321,25.4515652815902,0,146.971335517036,153.548185231734,167.313645317441,105.839059193929,134.542390685151,0,55.7887903041941,0,170.610717773438,188.104156494141,137.805471420288,170.086242675781,0,241.223739624023,77.7699167945168,170.771428426107,136.549462636312,154.100997924805,121.799206625897,198.740875244141,185.019821166992,191.554208703943,143.887271246831,172.687978108724,187.520211356027,0,168.793930053711,178.12890625,192.468090820313
109.304576982771,61.0957258097331,83.4585790828783,82.0728767995965,155.014836629232,62.7195870876312,97.9984156057375,145.195759925842,77.3210600085424,129.541949106093,142.651904393756,10.573360469878,134.355210579048,19.6948605114052,79.7917371527396,113.606952320446,124.954856872559,52.1611074167532,15.8588769755517,14.1678283328486,133.353013818914,106.524031234114,93.2656310761046,96.6138711213273,143.557818684357,29.8175068895631,23.6148653142186,56.310959184248,150.504054554722,61.3465405941626,115.213190119317,36.1611272444893,63.7297366011451,112.557079739041,27.3063632450081,0,105.89906463623,120.416069030762,84.2087040436573,207.900548299154,0,0,187.046087646484,226.749946594238,190.231704711914,175.848724365234,89.7629857744489,147.22087097168,67.5319692202263,221.53583017985,0,139.868656158447,122.022621154785,96.8645278385707,101.156503850763,0,169.052749633789,156.113103230794,155.530816650391,185.719072977702,64.0951740608706,93.2838910161232,90.9428527474054,199.735026504054,128.031356811523,198.456489562988,102.934157235282,0,0,116.308417580344
132.990659077962,79.2487335205078,186.160142081124,89.2531202489679,22.3787045239424,104.875399589539,25.1379109499359,85.7161019735963,85.637498711938,11.1353691028627,26.7881829917858,134.355210579048,9.70990295402935,151.755512419201,100.065413340648,16.1668612218733,130.846832275391,168.878486633301,149.749715364896,171.406758626302,13.9484487101982,112.367770603725,52.6638194492885,178.274720328195,18.2589296161042,142.638667297363,155.067524877088,135.419932509914,43.2257518162516,99.6353166568914,169.29220644633,168.843139648438,118.039332389832,81.5535446166992,98.0146717102297,147.67366027832,129.724319458008,0,87.3629004160563,65.3683829597805,0,104.458852880141,150.451756795247,116.450342698531,82.0465118408203,49.6649534061977,179.828918457031,17.8969088497287,0,129.396155357361,62.6867904663086,0,0,0,0,17.890437749716,0,99.668830871582,149.545501708984,108.622512108939,183.127670288086,195.591369628906,206.825800577799,118.769280695653,123.439868503147,171.763463338216,0,0,0,107.598035176595
138.134414672852,54.6480107579912,90.4241188450864,62.5027260415408,146.781311035156,68.7093415260315,105.132135272026,154.169952392578,82.1403574609453,121.872527640608,151.834333914298,19.6948605114052,151.755512419201,9.31750553268969,86.8979583740234,141.70290145874,133.555754089355,106.24723815918,59.3397233418056,69.733113861084,141.560169219971,159.695634841919,92.2641168264657,150.310430086576,138.248010232415,22.8117556320764,25.6259955814755,40.0743568281583,158.085285644531,69.477256045622,159.450370788574,15.9031209122321,72.5315475834226,0,49.2203103594326,0,98.4163162231445,174.649307250977,48.5480973540234,0,0,0,0,0,155.917031860352,0,83.011750015558,0,62.8177558034261,241.035339355469,0,175.618988037109,107.719219207764,98.2617319547213,116.399689810617,234.893829345703,0,129.209426879883,171.718727111816,195.839486694336,55.3906104538467,95.1357992048094,86.0123053772809,210.589878082275,0,0,87.0839683269632,0,0,110.828802320692
17.0135275932059,134.331211436879,108.453087352996,87.4457150055812,104.943335625433,36.7598897151733,36.0688935282251,48.014686955617,18.0287020225114,89.6882800705936,55.5388383973581,79.7917371527396,100.065413340648,86.8979583740234,10.1514115245857,67.9291175767487,129.094527435303,118.041448948659,131.141440679157,133.128077244114,96.7893375659811,91.3819803317557,112.63425886631,98.13143735003,98.0595479539789,106.232709531431,127.392490770729,134.030692628954,94.0110621683264,23.8731139152688,63.9344370027323,113.016625917875,13.9620032974038,70.5107915350731,64.2234772686674,162.605850219727,154.91438293457,170.858676728748,112.64168073129,142.978738051194,212.552726745605,182.191644287109,153.509101390839,181.307447566543,110.921185016632,172.388033013595,244.474380493164,126.2844581604,0,180.491425363641,179.246658325195,151.744051419772,183.172429402669,0,231.229606628418,142.483600071498,158.929574148996,121.82428656684,167.07043117947,136.583807093757,173.338890075684,182.613257514106,173.221213392778,151.841170777666,177.789875454373,153.064472724651,0,0,146.798330688477,181.523245239258
93.657413482666,118.424405670166,136.874725341797,90.8963836669922,60.7346454921522,16.7648711000916,13.7364124550751,78.2831551319844,38.0481957913843,23.1750039400713,88.729374136976,113.606952320446,16.1668612218733,141.70290145874,67.9291175767487,9.12819056707035,96.2056121826172,166.873458862305,109.467803955078,213.697250366211,66.5423277034316,123.616317749023,77.5520687932553,128.319569905599,44.3669494086476,145.746813964844,159.790707058377,133.446417490641,76.7893371429443,61.1779839545488,91.723651192405,174.844707489014,36.1007436664165,77.6445106506348,76.7087946291323,0,0,0,102.221504211426,78.3298873901367,0,0,148.773701985677,0,83.0131340026855,187.762268066406,0,76.7734298706055,179.598648071289,0,0,0,0,0,0,0,0,0,0,144.517046928406,155.388290405273,0,180.760738372803,128.054745992025,0,162.361602783203,0,0,0,0
109.331573486328,70.4389512597061,90.3951700272099,40.0439077999408,76.7088012695312,0,0,101.30531190571,145.053417205811,64.067215312611,92.9631042480469,124.954856872559,130.846832275391,133.555754089355,129.094527435303,96.2056121826172,14.3418020659372,105.316868047605,131.980561828613,114.593801325018,131.925399780273,21.7797627106587,28.68868361666,21.9408611688,32.1757005706746,107.380142211914,112.718212430439,25.4249570573728,41.897841962735,108.819770268032,76.9207847530832,115.781562805176,0,68.8284206390381,77.6639458409856,156.300003051758,108.267982721329,109.263238703163,55.4559109405901,0,0,0,154.495167414347,206.933769226074,106.988363265991,182.870615641276,157.900856018066,0,169.47412109375,192.711833953857,0,92.6597792368434,129.306425730387,155.710159301758,154.404069083078,0,104.719029978019,56.2309935166664,100.020405912637,109.829148610433,158.82837677002,148.027142842611,107.415358272352,125.385683059692,163.559692382812,113.938066724321,0,0,0,120.660111427307
95.6199555138445,48.4920382660099,42.9526106911555,68.9924671909597,156.329812526703,163.284033203125,163.155915260315,125.115820436511,132.636130288455,126.740135594418,156.598619320518,52.1611074167532,168.878486633301,106.24723815918,118.041448948659,166.873458862305,105.316868047605,9.69895897242036,51.6482186474151,23.3495255807075,190.201479593913,56.3375009954157,82.9148220513996,24.2636629905105,123.637582038431,58.175313429399,30.4541900831462,63.5700377580765,122.240038598602,102.402481259597,71.4670151138728,85.9929542541504,169.88244898179,84.0088905950989,44.4217197529372,164.491851806641,78.3464106774145,105.713643861428,70.5831098888898,199.453201293945,0,213.368041992188,167.742986679077,201.844008127848,136.533233642578,199.198120117188,146.077637481689,244.006973266602,130.189210891724,189.435264587402,0,135.362331096943,113.724025726318,135.16008122762,111.591098626455,0,153.485515594482,88.9230476726185,123.557028367784,155.740372196321,96.1627349853516,101.590778705686,101.229850292611,187.029848503344,194.112111409505,167.636279766376,133.111450195312,0,0,129.11114470164
128.86898571512,75.3767044964959,87.797439511617,93.5346936871929,194.048370361328,0,146.728796482086,158.731212854385,128.553035631092,127.872204462687,167.763326009115,15.8588769755517,149.749715364896,59.3397233418056,131.141440679157,109.467803955078,131.980561828613,51.6482186474151,7.05695043872472,12.1633260328677,161.207688765092,115.673000560087,106.574428100586,105.644474852319,155.845266723633,48.3996083047153,28.8353362329689,60.6322569884951,165.332655843099,108.775957801125,116.789249529157,53.8636186704861,97.0733259449834,120.807641983032,57.0250571060181,0,108.883361816406,159.294998168945,87.0276262192499,0,0,0,213.840835571289,0,190.273559570312,0,99.2678083336872,0,82.6307065863358,164.251091003418,0,0,126.65104675293,108.698677301407,107.846253395081,0,189.713119506836,147.827625274658,170.793193817139,193.926818847656,73.5458479900749,97.6197121009398,95.8363182025249,207.514602661133,0,197.074035644531,97.3991121564593,0,0,104.156588745117
116.520888888451,61.8409532076353,76.5945216023274,86.1915570928695,0,77.3871612548828,160.198930358887,148.417751736111,141.459369729806,131.233654022217,176.786584854126,14.1678283328486,171.406758626302,69.733113861084,133.128077244114,213.697250366211,114.593801325018,23.3495255807075,12.1633260328677,6.87469326006043,243.588485717773,85.5639892222633,100.54770387922,69.1976590633968,142.454082662409,46.9985708477853,16.8283424798448,65.865190688542,141.240802764893,112.635532476429,90.3979021829503,63.4374109903971,90.0895477294922,97.7909673724258,47.4504746510664,0,96.5902409871419,120.911553519113,77.4912903582463,198.891143798828,0,0,225.066459655762,201.907516479492,130.214050292969,0,110.563377380371,0,87.2397651672363,189.254201253255,0,161.275703430176,116.996601486206,109.639430363973,102.0376279964,0,167.445816040039,103.764823913574,147.066569010417,208.140003749302,72.6897729873657,94.8328128072013,97.7668575048447,192.453872680664,213.449447631836,196.222267150879,100.49839630127,0,0,134.213069915771
106.201651000977,112.140300750732,207.903820037842,62.8672166481996,13.0605443069966,125.813326263428,37.4421080474518,40.7140891830328,85.9109910816127,31.4495966543263,18.6301865265401,133.353013818914,13.9484487101982,141.560169219971,96.7893375659811,66.5423277034316,131.925399780273,190.201479593913,161.207688765092,243.588485717773,9.79544647494153,158.403867721558,58.6168251037598,158.506360834295,16.7920185503911,147.174926757812,164.9408203125,141.196487231132,30.7507493345168,94.9523985111514,126.910473163311,173.072410583496,123.810434613909,92.5072265625,90.3142965441552,216.962562561035,0,199.018707275391,87.8560617620295,22.493037102135,0,104.267512130737,150.741321987576,136.979353063247,88.9154961325905,87.1275649375104,0,17.8205105110168,0,147.068021138509,75.4470825195312,0,0,0,0,20.052769323749,207.083312988281,0,0,107.361151253617,0,183.828948974609,197.480181884766,102.15803478732,98.1261329650879,172.502043151855,0,0,99.181037902832,116.548629760742
72.9117863948669,100.093962073326,63.2677811351772,53.4253669811377,94.7829097747803,146.230316162109,118.710122265862,69.9334405864526,101.915210855418,77.2039225218726,93.7976357421875,106.524031234114,112.367770603725,159.695634841919,91.3819803317557,123.616317749023,21.7797627106587,56.3375009954157,115.673000560087,85.5639892222633,158.403867721558,13.7413112510288,52.02201749225,27.4042892443192,25.567347689275,143.808146158854,100.938317034567,69.9943819231642,26.0508585308089,73.0087887725935,32.4037271331343,131.339403788249,141.180017471313,37.7564201802424,48.1988977316994,134.884941948785,125.376729463276,131.226368571437,72.8480202481416,147.447605133057,0,185.071155548096,133.004152086046,165.695727878147,95.3194611867269,181.143928527832,172.431481933594,0,168.350341796875,155.801347520616,0,107.390888779584,158.620337636847,220.88293838501,175.117591271034,0,115.572455275686,77.4826135497162,115.870284138029,78.1391465728347,160.949920654297,167.933709596333,135.937894826827,126.899026027946,129.425817153033,114.683614722649,229.096206665039,0,111.908149355934,132.581345113118
77.4539742903276,29.9913959450533,41.0882064960372,24.6026704342306,54.0720455523619,128.553546905518,120.78012713264,90.6910572052002,129.197417259216,30.7656963498366,142.167679786682,93.2656310761046,52.6638194492885,92.2641168264657,112.63425886631,77.5520687932553,28.68868361666,82.9148220513996,106.574428100586,100.54770387922,58.6168251037598,52.02201749225,8.18941288200259,47.7745970139137,29.4698602280991,74.5281526550414,91.2780007321862,46.5783016379847,57.7547747212072,75.9253992541083,54.086200112278,98.1675234985352,0,43.3929952295815,68.7938334304768,86.3131001790365,95.7319513956706,96.5139268613329,35.4569149030506,82.703859117296,0,101.652030944824,122.560194015503,153.98033481174,7.99523862925443,108.878469613882,159.514778137207,97.2939167022705,118.959661630484,169.205568949382,0,64.1032032994499,115.423935572306,154.208465576172,153.366706848145,86.6521606445312,89.8962669372559,23.335369952757,73.4929396428457,76.1018918173654,116.168355814616,126.992463504567,92.7851253422824,100.090815041282,75.3373155593872,84.0111713685851,139.540969848633,0,94.7638339996338,135.513436635335
81.9504053339322,57.1666705631074,33.0867789671419,56.5229251847338,125.691441853841,128.370822906494,127.637051855612,77.86563710696,108.237966639635,110.080801963806,121.336050866877,96.6138711213273,178.274720328195,150.310430086576,98.13143735003,128.319569905599,21.9408611688,24.2636629905105,105.644474852319,69.1976590633968,158.506360834295,27.4042892443192,47.7745970139137,15.1319622306083,83.3610834117874,108.880318568303,68.7191039243666,50.6935638138159,50.4686668113047,83.1078147695706,53.0884756926873,118.132489522298,128.592208014594,67.161207648472,52.2186980882003,157.737071644176,92.9491912841797,100.218044866783,62.2008153455335,0,0,0,156.779657242146,188.40735244751,148.560868263245,178.004845513238,157.694164276123,0,157.107528686523,180.760183583135,0,100.400916676462,130.783732052507,172.359517415365,158.861650194441,0,112.511028600622,69.311462140015,105.025090570196,127.050427209763,142.364891052246,135.517033495222,100.786996651385,143.588021112868,181.061847462374,126.577848045571,0,0,161.778188705444,120.55885516896
78.2881436470227,85.4060838048942,88.2597978794828,39.7273329160874,18.2927529324263,119.25727335612,83.1209728115208,56.1002892595331,98.0833732700098,22.6808937230129,61.2236514149837,143.557818684357,18.2589296161042,138.248010232415,98.0595479539789,44.3669494086476,32.1757005706746,123.637582038431,155.845266723633,142.454082662409,16.7920185503911,25.567347689275,29.4698602280991,83.3610834117874,11.3977232358271,121.469765512567,123.966925712381,85.5509664804618,26.2827743341027,86.3128888697632,67.8951592447371,143.869011316544,132.878906467983,67.7994652702695,89.0532678223678,124.558769964403,123.261081117572,144.046812120375,67.5374954079619,104.674646746526,190.605676269531,146.225388693153,112.860953140259,145.171009714064,65.7016253547547,123.531289516839,196.984713467685,99.0799401880621,201.72728729248,142.729740477445,126.232116699219,106.405406720072,159.593622060922,0,185.734912578876,111.851357881013,115.813970488067,63.5487725587018,127.539656859819,92.9694019213675,163.47030431574,165.639315913274,147.42549200619,111.055441307146,135.464789414769,107.327259446452,0,179.327960968018,121.641068649292,135.627412160238
139.349328994751,24.0131419850179,82.4466220310756,21.7042410466317,140.849327087402,83.1025644938151,139.892438252767,162.906433105469,96.5667549133301,105.389285376902,162.190939331055,29.8175068895631,142.638667297363,22.8117556320764,106.232709531431,145.746813964844,107.380142211914,58.175313429399,48.3996083047153,46.9985708477853,147.174926757812,143.808146158854,74.5281526550414,108.880318568303,121.469765512567,9.32376495266264,39.261945338283,27.8715582538584,160.969937133789,94.3793581449068,128.268297467913,45.3849087432682,80.2074813842773,0,57.0560944928063,0,72.8557838439941,134.758518218994,42.3992611600998,180.813354492188,0,0,0,0,137.608942667643,0,78.394532641849,0,56.5963461610205,135.2373046875,0,146.19017791748,0,82.685202217102,86.3875686645508,0,161.162208557129,117.553520202637,112.062431335449,171.540461730957,45.0019232234395,75.3470987358203,69.7276109354602,233.450744628906,115.511924743652,181.389930725098,76.0408645976674,90.0372085571289,0,102.901194572449
112.178130661659,43.1521801862996,33.2249172773533,66.5596024711587,155.801922137921,114.22153036935,155.001640475526,128.363700065904,135.573435537195,119.368807408067,157.639974964199,23.6148653142186,155.067524877088,25.6259955814755,127.392490770729,159.790707058377,112.718212430439,30.4541900831462,28.8353362329689,16.8283424798448,164.9408203125,100.938317034567,91.2780007321862,68.7191039243666,123.966925712381,39.261945338283,14.9298424271412,28.1999062956428,127.195931834834,119.760562081288,106.324860982469,12.4474510253915,105.718544769287,117.649754697626,53.3390074884204,177.715097427368,66.9720156764632,100.716264821715,60.3870924565432,0,0,183.339782714844,172.754823957171,204.640022277832,185.365414089627,216.321075439453,98.6285789853051,220.345642089844,80.029458310869,179.076702541775,211.507232666016,142.147264653986,99.7524058948864,103.521403563089,95.9993023887708,211.490310668945,173.521341497248,120.59888621739,134.468605185455,170.042799123128,65.9155003404993,88.6748657448624,88.7612049963394,183.487187827506,175.055685043335,163.602534954364,98.3538722162661,0,153.020755767822,107.49267672186
131.684042695281,35.7948628942371,25.4351765364596,42.6837753429232,117.026351125617,129.777094523112,160.326798898202,117.001652628462,140.525498588718,112.761101910745,153.619984809389,56.310959184248,135.419932509914,40.0743568281583,134.030692628954,133.446417490641,25.4249570573728,63.5700377580765,60.6322569884951,65.865190688542,141.196487231132,69.9943819231642,46.5783016379847,50.6935638138159,85.5509664804618,27.8715582538584,28.1999062956428,16.7165029522458,78.7634681589606,124.240122220332,104.66651031626,22.8086152809632,112.213494843128,99.6073039372762,64.4381978520493,155.164439981634,63.9460009665716,92.3912040710449,49.3609755159919,144.386260986328,0,217.300693511963,152.933126915826,187.33203125,133.065086017955,190.552119379458,104.5621096626,137.070587158203,83.9263302629644,175.519484047578,0,98.2759160589319,103.942352294922,108.155073268993,103.522168792725,167.689903259277,124.161465037953,58.5101056496302,97.8054499791202,132.875075174034,70.5674392455215,94.4439551879794,88.6810785412255,161.615055726704,187.457143486871,144.708603187844,108.806758842846,206.704315185547,147.039234508168,113.0554752184
80.4017006197577,113.994170294868,70.6527532221348,55.5670152752513,17.325517679968,128.881372150622,66.2992768235928,33.0398027227199,91.1438883801056,50.5891380937426,31.9370217190737,150.504054554722,43.2257518162516,158.085285644531,94.0110621683264,76.7893371429443,41.897841962735,122.240038598602,165.332655843099,141.240802764893,30.7507493345168,26.0508585308089,57.7547747212072,50.4686668113047,26.2827743341027,160.969937133789,127.195931834834,78.7634681589606,12.7652478317965,88.0509581863249,40.870080228906,178.825502668108,137.047376360212,61.4484305622654,74.5303089920589,137.15846323967,140.715769841121,154.129667282104,77.862538426263,93.3602968162521,181.630162556966,147.44946360184,120.810187082033,149.668618877863,87.6018957430429,136.617884777602,212.607048034668,63.4228898392243,199.059616088867,150.37945098877,141.260604858398,117.108295839224,172.637346155503,0,196.228713989258,96.2915266006388,127.18037286377,79.03205018885,138.359584288164,104.255201834322,183.214267730713,185.520641620343,157.150805801995,122.921592409712,144.712489692532,119.729303010305,195.664657592773,198.338790893555,134.489092826843,142.713553837367
19.8464545154145,129.019176483154,126.027970011898,80.4764250877119,98.3344925616018,31.3806004129062,49.1825808247367,76.1576638407132,48.9133171401891,82.5619557521469,94.992527186577,61.3465405941626,99.6353166568914,69.477256045622,23.8731139152688,61.1779839545488,108.819770268032,102.402481259597,108.775957801125,112.635532476429,94.9523985111514,73.0087887725935,75.9253992541083,83.1078147695706,86.3128888697632,94.3793581449068,119.760562081288,124.240122220332,88.0509581863249,12.1128167131956,35.3550871694744,106.84251944224,13.2312842180454,16.8406404448345,41.546650144179,147.524578857422,161.858843485514,185.832411629813,104.471228599548,140.451082502093,0,177.069719314575,146.682515076229,178.352241879418,110.509593270042,173.254551206316,201.474716186523,126.488383644506,0,172.727491866711,0,141.234003601074,182.331228637695,244.829437255859,192.065200805664,141.719987487793,141.292090759277,85.4695949554443,170.505040785846,133.304648141536,92.6441955566406,160.682922764828,174.717336690651,148.080368041992,166.017354628619,138.840163707733,0,203.701858520508,135.443522135417,160.649573075144
31.1403160393107,100.690801180326,83.0363309652864,53.0106428283176,87.914924621582,130.021713256836,106.669479904888,23.9854198352808,79.5312437350655,61.8671635560884,118.985610066628,115.213190119317,169.29220644633,159.450370788574,63.9344370027323,91.723651192405,76.9207847530832,71.4670151138728,116.789249529157,90.3979021829503,126.910473163311,32.4037271331343,54.086200112278,53.0884756926873,67.8951592447371,128.268297467913,106.324860982469,104.66651031626,40.870080228906,35.3550871694744,13.6328593091914,152.571353912354,129.213660430908,32.3046982441032,36.0693233935815,139.317212422689,135.205254554749,139.297290686405,73.5810133783441,155.34592590332,0,170.099179077148,127.951794110812,187.062191554478,75.4057385458875,173.573830740792,187.466674804688,166.933616638184,179.739395141602,153.662062750922,137.99592590332,104.003335984027,163.844435373942,181.262552897135,180.108287811279,135.678588867188,116.48395648901,73.1025374152444,126.812985648572,102.722910235005,147.971038818359,164.160802612305,142.505842966576,119.487245226663,130.238446728937,113.615620113063,0,0,115.411424636841,124.741232412833
0,64.6212547246148,104.407403230667,80.9457762922559,159.825119018555,109.89559173584,148.504071553548,173.877365112305,122.236297361312,130.377814413119,171.55078125,36.1611272444893,168.843139648438,15.9031209122321,113.016625917875,174.844707489014,115.781562805176,85.9929542541504,53.8636186704861,63.4374109903971,173.072410583496,131.339403788249,98.1675234985352,118.132489522298,143.869011316544,45.3849087432682,12.4474510253915,22.8086152809632,178.825502668108,106.84251944224,152.571353912354,6.18142289107477,95.857065473284,168.714385986328,67.8101496235017,0,105.467347145081,152.086906433105,83.1200487136841,0,0,0,0,0,166.012954711914,0,94.3955868136498,180.544006347656,81.2873053640689,0,0,0,122.341987609863,101.315398746067,123.376049041748,0,0,0,0,0,70.1199629523537,99.2504266054576,93.9920748609993,246.211135864258,0,192.427047729492,98.5774116516113,0,0,126.019916534424
82.7702268712661,100.123184204102,157.418036240798,132.058752877372,138.105312347412,10.9918936157463,20.4459161930966,125.718444068153,15.0136758956818,127.826536814372,128.938121066374,63.7297366011451,118.039332389832,72.5315475834226,13.9620032974038,36.1007436664165,0,169.88244898179,97.0733259449834,90.0895477294922,123.810434613909,141.180017471313,0,128.592208014594,132.878906467983,80.2074813842773,105.718544769287,112.213494843128,137.047376360212,13.2312842180454,129.213660430908,95.857065473284,5.18964471087038,0,37.3710953135979,0,0,227.199966430664,132.580406188965,0,0,0,195.121772766113,202.255653381348,0,223.457580566406,144.166275024414,0,160.240173339844,230.923141479492,0,161.434799194336,0,0,0,175.919357299805,222.29433186849,157.888687133789,0,173.017462158203,115.533843994141,127.923034667969,175.833953857422,195.834773254395,181.003799438477,184.109565734863,0,0,0,0
48.4313325337001,107.25616200765,96.2256304877145,55.0329842735739,72.0150598379282,0,120.025996961092,67.5310318064527,99.4879382589589,67.6877923730301,95.7123751110501,112.557079739041,81.5535446166992,0,70.5107915350731,77.6445106506348,68.8284206390381,84.0088905950989,120.807641983032,97.7909673724258,92.5072265625,37.7564201802424,43.3929952295815,67.161207648472,67.7994652702695,0,117.649754697626,99.6073039372762,61.4484305622654,16.8406404448345,32.3046982441032,168.714385986328,0,7.05581585587531,37.966215350272,0,0,154.650199890137,80.8101001315647,0,0,0,131.597643534342,164.017961502075,70.67808787028,156.23023308648,0,179.352355957031,0,152.393508911133,0,104.907903035482,0,0,0,149.851895650228,112.151349067688,71.9178326924642,153.42053767613,113.601009761586,0,0,142.438592529297,126.935065699559,142.913368225098,106.921885967255,0,181.583923339844,0,167.857086181641
71.9342901213054,50.1877841432566,59.356481393431,68.1081659604633,93.3525599198376,37.8795599190586,81.6869948836806,85.5394857194689,73.102856271886,102.018470827738,91.4638937749588,27.3063632450081,98.0146717102297,49.2203103594326,64.2234772686674,76.7087946291323,77.6639458409856,44.4217197529372,57.0250571060181,47.4504746510664,90.3142965441552,48.1988977316994,68.7938334304768,52.2186980882003,89.0532678223678,57.0560944928063,53.3390074884204,64.4381978520493,74.5303089920589,41.546650144179,36.0693233935815,67.8101496235017,37.3710953135979,37.966215350272,10.7342843944001,143.976257324219,82.01463578387,102.080757073597,70.3238077698761,136.144486167214,0,181.370197296143,146.263941689143,183.679807935442,106.055358674791,176.20437840053,133.142765680949,115.986856079102,93.7940072146329,167.070964119651,187.64225769043,119.151887607574,123.204074042184,121.332460740033,112.700957850406,106.873563130697,125.084123912611,78.3930624884528,111.977900202403,132.796704647315,86.5080922263009,110.081159557308,103.380932016457,146.181799782647,172.095017569406,126.546729169573,112.24840927124,0,130.058706283569,128.514875932173
139.061375935872,0,148.539150944463,74.9305953979492,0,0,164.416976928711,144.675706863403,175.60259437561,102.101932525635,184.789543151855,0,147.67366027832,0,162.605850219727,0,156.300003051758,164.491851806641,0,0,216.962562561035,134.884941948785,86.3131001790365,157.737071644176,124.558769964403,0,177.715097427368,155.164439981634,137.15846323967,147.524578857422,139.317212422689,0,0,0,143.976257324219,15.6893604535485,102.819309010225,95.8171023579387,65.0499153137207,82.9530128479004,90.6851806640625,87.0530579490999,35.1717462068761,52.4987480625245,63.7824782865593,60.1050499360569,119.779209032736,91.5719923722117,131.922954347399,19.7705723858162,82.6098136901855,85.4174111684163,101.705517931049,127.648580916384,114.845769692371,91.6003363759894,72.6471247363017,81.7512076984752,86.9699726780364,68.3875103938727,0,108.859291766229,122.58210384312,77.4714694186753,19.9118774331503,23.0071877434606,137.529011167329,87.3992625645229,39.6966291809082,75.3665196056565
144.783172607422,47.2409149067743,67.0588382720947,15.0030056843992,136.730739593506,0,154.176452636719,152.137727949354,180.639149257115,117.014325459798,157.463798522949,105.89906463623,129.724319458008,98.4163162231445,154.91438293457,0,108.267982721329,78.3464106774145,108.883361816406,96.5902409871419,0,125.376729463276,95.7319513956706,92.9491912841797,123.261081117572,72.8557838439941,66.9720156764632,63.9460009665716,140.715769841121,161.858843485514,135.205254554749,105.467347145081,0,0,82.01463578387,102.819309010225,6.85363307159378,45.625209942986,13.2786049068779,89.3173034667969,124.971908569336,112.851547241211,104.034818967183,163.127666473389,64.6536371195876,114.858248392741,76.1027052952693,100.937069416046,50.123314509025,119.546117401123,100.270230461569,40.9635362247429,49.0029979301488,76.7785197496414,47.3719117161748,117.628242492676,87.0989872476329,24.8077162670168,55.5029796698155,72.5987237763636,16.5667873027931,43.779367747427,25.0606354355257,92.8254612445831,135.888757879084,89.3809668223063,73.9464645385742,0,109.119525909424,59.7831623051442
152.418060302734,89.1278518676758,89.82661395147,97.9781437924034,160.552047729492,0,198.353330339704,163.523238486432,181.493954467773,148.895385742188,187.885681152344,120.416069030762,0,174.649307250977,170.858676728748,0,109.263238703163,105.713643861428,159.294998168945,120.911553519113,199.018707275391,131.226368571437,96.5139268613329,100.218044866783,144.046812120375,134.758518218994,100.716264821715,92.3912040710449,154.129667282104,185.832411629813,139.297290686405,152.086906433105,227.199966430664,154.650199890137,102.080757073597,95.8171023579387,45.625209942986,17.0413273174196,49.5581814465798,174.419631958008,170.519284566243,152.494552262867,88.1201621492219,129.346996885942,115.712549209595,120.940182452732,106.425657247242,156.796008110046,92.8780804547397,118.491025007908,135.144574252042,87.1901169979211,54.13868907033,89.4553009699849,68.1287788368641,179.770767211914,64.4776732712949,52.5627425352732,31.1418511795306,112.38896261851,98.3458905220032,36.3039424606144,27.4708351591021,79.5798584624391,124.188891268999,76.5078717557279,91.6892854478624,166.558871182528,114.1610240107,70.4912875065242
