14.0843071810663,0,107.689928312559,88.6603270636664,105.479214477539,80.1732025146484,67.5227684723703,30.1614467003947,41.1992626332829,75.9096031188965,40.6569094592207,146.838931764875,143.378140258789,152.555897182888,19.5775013290562,65.2313833236694,160.774644851685,105.657528917717,153.943103790283,130.729343682947,114.899668375651,80.3889801457243,229.806915283203,95.0082419539943,92.9667930101094,128.338752746582,127.625790266557,141.053771795228,99.9636569752413,20.0473773334866,30.3214692310095,163.552551269531,88.0388701589484,40.9647135698706,84.993093734397,0,0,193.815505981445,159.99267578125,0,0,0,0,0,0,0,0,0,0,0,0,0,0,0,0,0,0,130.723861694336,215.859573364258,121.102411905924,0,200.602558135986,193.456532069615,0,0,0,0,0,0,0
0,6.65371544474793,51.089309463501,35.0488017400106,103.285142444429,132.065460205078,148.50479888916,119.419134140015,135.626347351074,71.2678540156438,0,77.29471792691,93.4287727355957,58.6063579179664,180.960998535156,99.2721368698847,72.3530884820062,72.3847103118896,79.313725789388,74.8339276631673,0,107.146641071026,29.2216837031471,106.163667761761,78.1541413693201,21.2768107177721,62.9910168420701,32.3807981370748,110.297300338745,130.22939491272,109.317162947221,80.2508320663915,0,159.994354248047,83.9707130432129,0,96.5471115112305,90.6784906387329,148.3762550354,0,0,0,0,0,0,0,143.854560852051,0,105.381085205078,0,0,145.197977701823,88.48698387146,0,150.883893330892,0,0,170.782928466797,117.767221069336,148.10717010498,86.0880527496338,116.875731201172,109.65141606735,0,0,0,117.263748168945,0,0,123.497006225586
107.689928312559,51.089309463501,12.6530437198566,63.716079157049,135.410625895516,176.155693054199,130.575469394465,105.913368868009,122.955687952838,120.68513584137,131.205081088835,94.04081691856,147.927355177859,101.04663067986,123.657049410012,148.433440653483,94.2262270310346,46.4625060983219,95.8591677347819,81.7245216465476,144.743775550355,68.6040345650557,105.244370651245,28.8440955383099,119.287516812666,118.552142551967,29.53199631749,37.5711715248693,107.868911521592,126.319414201423,98.5734630787011,90.2712064470564,173.652151319716,126.40597442627,67.5117011711303,164.883316040039,125.746244812012,106.247258769694,83.6677985355772,140.827224731445,0,228.486801147461,201.106644850511,213.251525878906,174.384078979492,216.21630859375,0,0,159.086112976074,191.167934417725,0,140.91363075452,116.458776214976,188.522636413574,139.356385522959,0,163.899044799805,115.679120271102,126.136473357677,175.163088042161,118.38794708252,118.53173607484,107.508348840837,179.622574750115,196.703048706055,176.671176147461,165.389976501465,0,175.246948242188,124.371540546417
88.6603270636664,35.0488017400106,63.716079157049,13.6492252033434,64.6624595707861,120.280433654785,101.662985149183,72.7169327772301,88.6555397245619,15.1014824004213,122.610733619103,111.885922490334,75.2066055297852,90.6171710237544,99.0351201225729,59.4905308617486,40.7381889873845,88.8080956679124,133.643313090007,94.2357227101046,80.9144452412923,62.1304157438732,25.2323527906077,61.9292051422321,41.9021311993512,69.3807154148817,71.6035505785261,45.9081566437892,65.3655900280186,83.2285241773052,60.4650197617551,99.9890959366508,0,69.0112677001953,81.9674377717834,0,78.2182312011719,82.4535100724962,45.4632147275485,0,0,143.253761291504,130.884531293597,160.064702351888,51.0196783883231,162.873519897461,0,0,158.31127166748,153.381332397461,0,54.2588044473948,142.20608291626,0,156.186063766479,181.523956298828,83.2674421582903,16.1019306412662,71.7863274483659,83.8552121382493,101.44907951355,135.727783611843,65.7638131700713,121.909663551732,0,81.021618434361,0,0,0,110.027956644694
105.479214477539,103.285142444429,135.410625895516,64.6624595707861,10.1122826548963,116.371564229329,67.5436784659222,61.0731887110957,104.168372434728,48.6450831255659,20.8543304074206,188.025854110718,23.4674194681697,187.375650024414,113.891738026937,70.8618139539446,112.932811030635,158.107032012939,196.808654785156,174.154210408529,13.0353854871526,109.156816482544,68.0714117262098,128.807683113294,16.9417197560129,146.786156972249,160.987740854117,126.669336140951,20.0103409753679,103.45884773948,98.9033434126112,162.123260498047,0,87.1711605495877,101.809608459473,91.7622451782227,223.382995605469,191.358400617327,106.042098999023,8.65338960779089,0,85.1328841315375,91.2866952078683,125.995572771345,90.1030145124956,34.434845995903,152.414474487305,21.3373882048539,0,127.278942108154,0,131.40251159668,212.38346862793,0,0,12.1343232599061,192.232131958008,95.3192306518555,221.817459106445,59.316003077853,0,205.067928314209,175.520259857178,20.2033113238797,179.750058492025,105.125864664714,0,0,0,133.903126525879
80.1732025146484,132.065460205078,176.155693054199,120.280433654785,116.371564229329,6.16802477239567,8.47790513027798,122.400849660238,21.7390489172713,62.1262101672945,121.568886733637,76.0172238783403,73.982626134699,79.6951706409454,27.429577156667,12.6787900948078,179.024459838867,182.805280049642,97.2017593383789,0,108.976008605957,0,0,161.457744053432,91.6584340263815,100.097735595703,181.213577270508,160.583135164701,121.112449645996,24.6650022389381,130.8404712677,114.520063781738,10.597731325115,81.9783134460449,40.5987938539481,0,0,0,0,0,0,0,0,0,0,0,0,0,109.343933105469,0,0,0,0,0,0,0,0,0,0,174.729965209961,0,0,0,0,0,0,0,0,0,0
67.5227684723703,148.50479888916,130.575469394465,101.662985149183,67.5436784659222,8.47790513027798,9.31228150042064,69.0018598812933,21.0624855626511,66.9533999851772,25.607350177513,133.159067775892,17.7392805712779,136.413161873817,32.9564204325732,11.8512260542015,172.3552831014,140.780322906386,161.802052949604,163.668902776013,53.2316022035552,120.90089463454,158.360668945313,128.19065688357,83.9588307420869,120.395746019151,150.490468834525,155.344586784109,72.9489123951627,57.1240645950363,89.5832001413618,168.05870997111,21.2971809324673,82.1882835734974,78.7509197205305,0,0,216.770806884766,185.871585083008,70.8684043884277,0,0,137.753852844238,164.429069519043,102.75109524197,0,0,41.7226056319017,225.984649658203,0,152.384689331055,209.402755737305,238.863983154297,0,0,0,0,0,204.714729309082,123.179113645811,168.955986022949,222.247975667318,194.608476638794,146.433647155762,0,0,0,0,156.809829711914,173.138748168945
30.1614467003947,119.419134140015,105.913368868009,72.7169327772301,61.0731887110957,122.400849660238,69.0018598812933,11.9830874482986,59.8448029635494,64.9919898578659,26.4718037569821,168.061044825186,87.5162425853588,165.731148401896,47.8175416887344,83.396587866324,120.472609180515,118.115874383143,179.487840016683,142.944919586182,83.7775953779829,72.935844468565,104.770813437069,87.4117489618452,69.6331669589779,160.112365722656,136.883599460267,123.293059699279,35.6111661385967,65.439760088861,25.1547982052024,179.790440629168,133.459489944133,64.7169850531255,84.8639672253056,0,0,172.624236162971,101.118087768555,119.58070602417,0,0,126.984222412109,194.994073486328,87.9522924423218,159.203857421875,0,98.5794639587402,0,168.199340820312,173.315864562988,157.208282470703,207.408494949341,242.837997436523,195.649993896484,143.134013584682,0,138.557592391968,175.040049870809,114.458632680167,0,208.053806651722,178.651165709204,138.797348716042,182.06891305106,0,0,0,0,178.810038248698
41.1992626332829,135.626347351074,122.955687952838,88.6555397245619,104.168372434728,21.7390489172713,21.0624855626511,59.8448029635494,10.9017876305583,74.5472761455335,27.239508923021,114.753238733872,87.5824588428844,109.070590572972,17.0538040634426,34.7846787278081,162.185954284668,127.219646127217,148.592055491912,150.467808272487,105.140345217002,111.747337090041,129.447809855143,116.863118235062,95.1404837749221,101.906642220237,143.972461992474,151.402156854964,94.7152951274138,50.4995180682222,74.526393421416,166.206622675845,25.7284004089499,61.8288763209752,71.4827177127777,0,0,185.52746800014,120.461847941081,100.426670074463,0,0,0,0,141.661689758301,0,0,84.5826873779297,138.800432477679,206.934448242188,0,225.166412353516,200.441749572754,0,0,217.63005065918,0,0,207.442073822021,128.184484354655,0,223.769424438477,189.553151057317,143.296798706055,0,0,171.187591552734,0,0,163.428863525391
75.9096031188965,71.2678540156438,120.68513584137,15.1014824004213,48.6450831255659,62.1262101672945,66.9533999851772,64.9919898578659,74.5472761455335,9.22489304583815,82.121187210083,151.167305280577,13.9096355466036,126.994650966611,102.951572915782,20.6873839878287,83.4264888763428,134.954873709843,167.078281947545,144.492721285139,41.6085577168307,60.5399884637797,28.5894064352889,106.718383789062,24.913568853388,98.7717329832885,132.700161146081,110.205273625796,60.8825397042667,95.6276124621194,64.102565379625,148.872970168655,134.512619018555,64.4243640354701,106.083579041741,0,0,168.109176635742,91.6489966710408,87.4593276977539,0,0,219.742630004883,0,56.7090586253575,0,0,56.9606187343597,195.712131500244,0,0,113.143724441528,190.948959350586,0,0,98.0376281738281,96.7227554321289,57.0502281188965,144.81364440918,73.2495933175087,178.309661865234,193.798075956457,191.70380748402,157.679397583008,162.407485961914,0,0,0,0,150.194152832031
40.6569094592207,0,131.205081088835,122.610733619103,20.8543304074206,121.568886733637,25.607350177513,26.4718037569821,27.239508923021,82.121187210083,14.71098244551,165.569401774687,17.1405649687048,165.90252892765,44.5905956586317,82.9003691823859,142.516724979176,151.239871558793,187.458311814528,169.415601158142,20.3334314252424,110.848966109447,134.192353384835,121.193200190057,76.2433188854031,175.564483642578,159.227170944214,152.866745872835,35.911549400619,92.9568839839871,79.7392549352443,192.206950100985,129.170986886752,85.5317487589032,104.488809632163,0,0,202.412002563477,139.09060160319,19.0925402024697,0,162.617919921875,166.676651000977,196.27180480957,119.156003112793,0,0,38.9991922484504,171.810699462891,209.250061035156,129.644958496094,187.658721923828,220.623575846354,0,0,153.609202067057,0,133.314071655273,207.077135721842,135.792619634558,0,225.560203552246,198.827747691761,159.785989379883,218.426300048828,190.678817749023,0,0,0,0
146.838931764875,77.29471792691,94.04081691856,111.885922490334,188.025854110718,76.0172238783403,133.159067775892,168.061044825186,114.753238733872,151.167305280577,165.569401774687,14.6694709392238,139.520923233032,26.9363309215516,101.472904708359,198.948280334473,140.329071044922,65.1730947943455,23.3760300702913,24.574689391715,170.07259979248,109.43666990748,122.443473424667,104.754138476228,161.652807318646,37.7650181920331,30.3984424500037,74.3589307014073,176.422067720596,71.0044551740225,126.606694448562,47.9497608009813,68.9657005671213,109.25290593234,31.3928224781209,237.182601928711,143.941266377767,164.248609542847,65.4581750338195,0,0,0,244.085647583008,206.767074584961,215.000610351562,0,107.197472539441,0,84.5806171619261,0,247.541702270508,215.076034545898,172.316980361938,124.17151260376,128.574663162231,0,170.434356689453,162.57622273763,185.323852539062,213.257400512695,77.4417480589852,120.971300506592,124.709644937235,0,0,218.057052612305,107.375612831116,0,0,145.715262349447
143.378140258789,93.4287727355957,147.927355177859,75.2066055297852,23.4674194681697,73.982626134699,17.7392805712779,87.5162425853588,87.5824588428844,13.9096355466036,17.1405649687048,139.520923233032,9.07339293677672,147.374512722618,99.5162383473438,14.6651136361021,138.506614685059,181.276652943004,193.048950195312,192.448677062988,13.698349602297,151.16819190979,85.1660842895508,152.403324551053,25.6991837138254,143.377878461565,176.312365970096,139.932293835808,53.4075824182026,98.6725045807508,120.615808275011,189.429034762912,109.167450575395,95.065740892964,105.273572165207,0,0,0,0,41.5522561454773,0,63.7702825986422,176.208908081055,104.641850789388,81.0932916005452,28.8792824745178,0,10.523643948867,202.765228271484,102.727317810059,41.999267578125,202.223083496094,0,0,0,16.7535077647159,0,107.926887512207,0,71.6009238620974,0,192.296585083008,0,97.8514251708984,134.011596679688,0,0,0,0,105.536745707194
152.555897182888,58.6063579179664,101.04663067986,90.6171710237544,187.375650024414,79.6951706409454,136.413161873817,165.731148401896,109.070590572972,126.994650966611,165.90252892765,26.9363309215516,147.374512722618,9.45036494880515,91.4911758494827,159.739906819661,136.553574879964,117.925118275178,61.925465566249,91.8225286750383,193.993141174316,169.046841430664,99.9169207822929,136.660044270177,141.886053973079,24.5295803972443,46.6798239286438,38.900157890769,169.406750398524,68.4239174401381,160.817191229926,21.2822085111265,78.4017443223433,103.178578186035,52.7899453996289,200.91431427002,136.475290222168,159.479672241211,48.0851195185318,0,0,0,232.405517578125,212.98291015625,204.057995605469,0,100.353442079277,0,77.3041924114483,187.258340454102,0,193.371358235677,160.600350600023,103.040582045069,129.121805481992,0,150.36799621582,153.175900777181,184.169910975865,195.914407348633,67.40043404018,111.256408512941,113.427204447005,233.268775939941,111.583065032959,201.280766805013,99.7205794652303,0,0,144.19619438865
19.5775013290562,180.960998535156,123.657049410012,99.0351201225729,113.891738026937,27.429577156667,32.9564204325732,47.8175416887344,17.0538040634426,102.951572915782,44.5905956586317,101.472904708359,99.5162383473438,91.4911758494827,8.88884502271755,46.2227866649628,166.083769226074,123.786653246911,144.858394991967,147.014458172138,108.540833117915,101.818699599432,151.516708374023,112.79429028581,105.231773204274,99.8149781227112,144.474107486861,151.437267041623,103.291713299394,21.4508924452155,66.4942582203537,147.43101401951,10.504680838766,38.8775393354748,63.1484090119779,0,0,194.66362508138,132.645845413208,153.357574462891,0,179.724487304688,0,0,131.52551651001,0,0,97.04345703125,128.374458312988,0,0,0,222.13688659668,0,0,0,0,203.22135925293,240.483963012695,144.249360220773,140.403198242188,216.671829223633,198.90144443512,175.326362609863,0,0,219.983047485352,0,0,143.106872558594
65.2313833236694,99.2721368698847,148.433440653483,59.4905308617486,70.8618139539446,12.6787900948078,11.8512260542015,83.396587866324,34.7846787278081,20.6873839878287,82.9003691823859,198.948280334473,14.6651136361021,159.739906819661,46.2227866649628,7.39014361873062,142.047955830892,150.400211334229,0,148.20908610026,57.2371131896973,131.341239929199,73.6610991160075,127.735858917236,43.9562602490384,138.114234924316,157.729700360979,130.668400184781,77.5746965513125,64.7312527550591,115.64163462321,209.317749023438,33.497326582865,72.8198810577393,89.9790078676664,0,0,0,209.973831176758,147.138687133789,0,0,0,0,94.3971061706543,0,0,61.3552494049072,220.673233032227,0,0,0,0,0,0,0,0,0,0,102.06357421875,0,226.036926269531,190.386388142904,0,0,0,0,0,0,0
160.774644851685,72.3530884820062,94.2262270310346,40.7381889873845,112.932811030635,179.024459838867,172.3552831014,120.472609180515,162.185954284668,83.4264888763428,142.516724979176,140.329071044922,138.506614685059,136.553574879964,166.083769226074,142.047955830892,13.1900592141936,106.760617346737,133.424392700195,125.464808413857,132.098182678223,22.2106701968698,29.5733017010318,23.7246501110549,44.3565903054963,106.79012298584,116.494063268734,32.0602178747988,55.9940326873834,161.279706781561,90.9209576381072,152.080070495605,215.399658203125,118.967059135437,86.7562707243065,218.772918701172,205.794082641602,115.932410273992,62.0369890585713,186.875549316406,0,174.401290893555,177.240481906467,220.309661865234,0,176.75562286377,198.932640075684,0,190.807197570801,164.969665527344,0,95.6142319615501,158.041821515119,0,171.996823120117,0,60.3128346894161,62.8066283156232,112.201763930775,130.361951706257,202.140838623047,161.190607804518,106.027377806709,150.423456192017,180.582148234049,193.228424072266,0,0,172.926742553711,130.669367621927
105.657528917717,72.3847103118896,46.4625060983219,88.8080956679124,158.107032012939,182.805280049642,140.780322906386,118.115874383143,127.219646127217,134.954873709843,151.239871558793,65.1730947943455,181.276652943004,117.925118275178,123.786653246911,150.400211334229,106.760617346737,9.91715047989721,69.2562029111635,22.6892879522091,191.782962036133,53.3497495676717,96.5374647931355,28.4558983872681,134.737159320286,85.6593736012777,29.8111527517811,71.3580553487889,126.813634934597,102.927311133448,74.2252318097517,97.5014201225118,178.134121365017,91.2776119090893,38.0624005727835,0,124.818246459961,119.812377605032,104.107961442735,0,0,0,208.455230712891,220.97590637207,191.980575561523,0,133.660552978516,215.746154785156,119.567092895508,231.363586425781,0,144.316340128581,134.493967779751,193.636291503906,130.862149919782,0,184.858067830404,0,149.974522006127,194.85329284668,119.892265319824,124.686817208115,126.865401621115,231.167251586914,0,172.706878662109,187.144760131836,0,0,139.764066060384
153.943103790283,79.313725789388,95.8591677347819,133.643313090007,196.808654785156,97.2017593383789,161.802052949604,179.487840016683,148.592055491912,167.078281947545,187.458311814528,23.3760300702913,193.048950195312,61.925465566249,144.858394991967,0,133.424392700195,69.2562029111635,7.08055829243449,14.5879042849571,0,116.77261428833,139.800142923991,115.259008708753,183.678988986545,51.3581370501451,19.4227238052596,66.1878387913559,189.734722900391,101.477389199393,132.260110582624,53.1988477922835,109.503123283386,126.141109042697,63.6892565194298,0,169.234878540039,165.073089599609,83.6413008371989,0,0,0,204.024055480957,0,0,0,142.041255187988,0,118.357223086887,0,0,0,0,113.24949836731,123.540725306461,0,241.631210327148,247.658554077148,0,0,101.382948557536,118.323991699219,122.457334700085,0,0,0,135.863092422485,0,0,199.039443969727
130.729343682947,74.8339276631673,81.7245216465476,94.2357227101046,174.154210408529,0,163.668902776013,142.944919586182,150.467808272487,144.492721285139,169.415601158142,24.574689391715,192.448677062988,91.8225286750383,147.014458172138,148.20908610026,125.464808413857,22.6892879522091,14.5879042849571,12.5434811410594,181.210662841797,84.458073908488,114.13028717041,80.9215117448725,155.044283514153,59.1584903898693,28.8379702118266,71.5190926932016,160.846597943987,116.879179454207,95.6447335225673,72.1677084639266,119.684947490692,103.314496929726,43.0065979434798,186.357872009277,115.66046333313,132.754872922544,106.982769317627,0,0,231.58251953125,194.752784729004,0,229.033889770508,0,145.022433887828,0,139.127714369032,201.442443847656,0,165.44958114624,120.033364239861,140.439311634411,124.462157991197,0,207.186269124349,163.410734558105,159.623899671766,210.638697306315,97.7731302049425,116.572054719272,122.306957141374,203.944641113281,192.17790222168,220.063507080078,144.396715799967,0,0,143.386000546542
114.899668375651,0,144.743775550355,80.9144452412923,13.0353854871526,108.976008605957,53.2316022035552,83.7775953779829,105.140345217002,41.6085577168307,20.3334314252424,170.07259979248,13.698349602297,193.993141174316,108.540833117915,57.2371131896973,132.098182678223,191.782962036133,0,181.210662841797,8.22225053890912,162.881952921549,106.378295898438,138.166051047189,15.0731933034196,164.707138061523,166.664239363237,151.901926358541,36.8809084009029,103.641064226627,153.550338745117,202.592422485352,145.944398498535,91.9735590616862,109.687093841896,0,0,209.030899047852,120.794334411621,13.4369394131329,0,173.33561706543,0,0,92.7610397338867,165.725708007812,0,12.7395179347409,0,0,0,183.53108215332,0,0,0,18.0357126219328,0,0,0,88.9162285214379,0,228.02995300293,0,95.948180770874,0,0,0,0,0,0
80.3889801457243,107.146641071026,68.6040345650557,62.1304157438732,109.156816482544,0,120.90089463454,72.935844468565,111.747337090041,60.5399884637797,110.848966109447,109.43666990748,151.16819190979,169.046841430664,101.818699599432,131.341239929199,22.2106701968698,53.3497495676717,116.77261428833,84.458073908488,162.881952921549,11.9977016717152,61.8515570140579,28.8113027284287,44.5543965846565,148.531546020508,101.103791839198,82.2859158201186,32.2053503344034,44.6490940380356,26.3910161806488,140.144477844238,97.7605285644531,34.3343105980328,47.5186740158434,0,0,150.226424747043,72.4031340735299,0,0,233.260787963867,0,203.598762512207,0,176.100631713867,0,0,0,0,0,122.969571996618,181.986740112305,0,173.367782592773,0,138.705590384347,70.0219521155724,145.223155750948,135.50405960083,0,161.137393188477,149.089116115196,144.33722559611,0,148.973496754964,0,0,117.57691192627,152.005142211914
229.806915283203,29.2216837031471,105.244370651245,25.2323527906077,68.0714117262098,0,158.360668945313,104.770813437069,129.447809855143,28.5894064352889,134.192353384835,122.443473424667,85.1660842895508,99.9169207822929,151.516708374023,73.6610991160075,29.5733017010318,96.5374647931355,139.800142923991,114.13028717041,106.378295898438,61.8515570140579,10.345646644674,63.5575860971445,37.0579572644458,67.7912402574406,109.943487627753,40.0421378621049,68.3221385600689,113.471689224243,60.9216477556049,113.483568191528,156.84375,72.1946601867676,85.9858915575089,0,235.07844543457,138.262745539347,74.0073834737142,0,0,208.219352722168,112.510734558105,0,90.0739440917969,207.858245849609,0,0,189.072998046875,0,0,95.2318142830057,144.761769975935,0,142.607752482096,0,116.684262593587,31.2020923296611,103.34600922157,125.83811340332,0,142.360262734549,120.486336844308,118.112758636475,0,89.3610382080078,177.668922424316,0,0,86.6343383789062
95.0082419539943,106.163667761761,28.8440955383099,61.9292051422321,128.807683113294,161.457744053432,128.19065688357,87.4117489618452,116.863118235062,106.718383789062,121.193200190057,104.754138476228,152.403324551053,136.660044270177,112.79429028581,127.735858917236,23.7246501110549,28.4558983872681,115.259008708753,80.9215117448725,138.166051047189,28.8113027284287,63.5575860971445,17.0099484252018,81.1113709361325,123.305316925049,64.2968737423698,48.7326567114526,70.9669451877932,99.4382467328766,54.9475714761011,129.762230165543,165.353239971658,87.1006165906257,50.962535303128,0,130.150718688965,112.728958663626,81.9825944247311,0,0,182.170875549316,186.379420471191,203.347724914551,142.121826171875,177.944973754883,246.036468505859,170.24403889974,187.764526367188,173.605110168457,0,113.175184571047,152.950484882702,170.223861694336,169.15398979187,198.180374145508,138.92879274667,82.5581420372272,123.429938841124,141.892977551716,150.177139282227,172.54620885849,112.795345306396,165.467220979578,216.922775268555,160.356416320801,0,0,0,159.729754814735
92.9667930101094,78.1541413693201,119.287516812666,41.9021311993512,16.9417197560129,91.6584340263815,83.9588307420869,69.6331669589779,95.1404837749221,24.913568853388,76.2433188854031,161.652807318646,25.6991837138254,141.886053973079,105.231773204274,43.9562602490384,44.3565903054963,134.737159320286,183.678988986545,155.044283514153,15.0731933034196,44.5543965846565,37.0579572644458,81.1113709361325,11.5276980496873,109.268559382512,143.979406753578,99.2921752681228,20.3523298475901,84.9712962700719,78.8513496447482,160.313077682104,134.267218956581,72.2296146923983,93.7413026459363,158.639694213867,171.173787434896,165.198275179476,80.3782385366934,118.672473271688,0,149.507012367249,119.078687286377,167.613085233248,68.8556610107422,130.641791025798,203.452377319336,69.961395740509,212.927882267879,153.144646962484,86.8523864746094,123.319371481503,186.538858795166,224.668418884277,200.237831115723,109.538762569427,142.970784759521,69.6373540517446,148.73512059992,97.0001134677809,178.160868326823,195.394937133789,165.431447054079,129.426563636929,171.391182250977,127.244817733765,0,0,135.205560048421,139.953891481672
128.338752746582,21.2768107177721,118.552142551967,69.3807154148817,146.786156972249,100.097735595703,120.395746019151,160.112365722656,101.906642220237,98.7717329832885,175.564483642578,37.7650181920331,143.377878461565,24.5295803972443,99.8149781227112,138.114234924316,106.79012298584,85.6593736012777,51.3581370501451,59.1584903898693,164.707138061523,148.531546020508,67.7912402574406,123.305316925049,109.268559382512,8.61663351057968,51.7948474932566,33.8704734484844,150.98564974467,73.8230163867657,126.656305948893,52.6812578250561,84.5307492342862,118.370044708252,57.7884626621153,0,140.384634017944,148.766733805339,40.6124524772167,0,0,0,197.660820007324,0,0,0,110.431816549862,0,73.0730052856078,0,0,0,124.69255065918,113.017110487994,105.716191101074,0,0,231.190811157227,165.903633117676,0,63.9619536002477,98.2888695211972,103.428356720941,0,0,193.762435913086,92.5384413401286,0,0,121.01224899292
127.625790266557,62.9910168420701,29.53199631749,71.6035505785261,160.987740854117,181.213577270508,150.490468834525,136.883599460267,143.972461992474,132.700161146081,159.227170944214,30.3984424500037,176.312365970096,46.6798239286438,144.474107486861,157.729700360979,116.494063268734,29.8111527517811,19.4227238052596,28.8379702118266,166.664239363237,101.103791839198,109.943487627753,64.2968737423698,143.979406753578,51.7948474932566,14.4550587535261,40.7298674124021,147.406545565934,124.105935873662,117.032741559057,24.2800051158876,136.949786980947,135.784733006212,66.5015701275071,203.145039876302,125.297785923399,118.307373691613,101.86593989736,217.373016357422,0,0,193.393312454224,209.840781075614,206.256214141846,206.799235026042,143.649347158579,0,115.686488795925,207.978210449219,0,173.203700595432,120.12564964016,123.071060333252,120.46609711647,227.984191894531,179.708713238056,156.742848968506,158.845630645752,192.137478996726,97.2670980926253,108.883482128924,112.894873551032,206.388626098633,193.996819632394,171.745365142822,135.772695390005,0,0,126.144999268234
141.053771795228,32.3807981370748,37.5711715248693,45.9081566437892,126.669336140951,160.583135164701,155.344586784109,123.293059699279,151.402156854964,110.205273625796,152.866745872835,74.3589307014073,139.932293835808,38.900157890769,151.437267041623,130.668400184781,32.0602178747988,71.3580553487889,66.1878387913559,71.5190926932016,151.901926358541,82.2859158201186,40.0421378621049,48.7326567114526,99.2921752681228,33.8704734484844,40.7298674124021,16.0148636680808,98.6541673537087,131.668189129957,119.001135456947,36.5521065827216,151.808266689903,125.309510059846,72.2774264145001,183.694298484109,131.401366888308,106.164644666217,78.0828723708789,162.772323608398,0,208.658915928432,184.062629101323,213.903519574334,185.183447739174,192.910916137695,147.881095299354,0,124.420184332749,212.15311015736,179.330261230469,131.734038900822,118.983782839697,138.201884587606,122.799890914899,209.145156860352,155.82021613743,116.375317935702,122.728478621358,169.875874299269,97.6404332422684,111.631970079678,111.430176340086,174.261442150986,192.141708374023,181.663600921631,133.197218822457,241.436889648438,194.101165771484,135.434574353253
99.9636569752413,110.297300338745,107.868911521592,65.3655900280186,20.0103409753679,121.112449645996,72.9489123951627,35.6111661385967,94.7152951274138,60.8825397042667,35.911549400619,176.422067720596,53.4075824182026,169.406750398524,103.291713299394,77.5746965513125,55.9940326873834,126.813634934597,189.734722900391,160.846597943987,36.8809084009029,32.2053503344034,68.3221385600689,70.9669451877932,20.3523298475901,150.98564974467,147.406545565934,98.6541673537087,15.6785050026748,90.9491067258991,45.2170684824692,186.726426777087,140.032223026927,72.0975143964901,77.8086472071556,159.322766113281,178.587219238281,165.953556183846,88.8696493148804,66.5830546569824,0,191.607650756836,146.504690282485,178.864250183105,91.9567085714901,166.252380371094,0,54.2301200073544,221.146591186523,180.989891052246,99.187816619873,143.358022577622,199.073557535807,0,196.535423278809,140.772078080611,155.930298614502,89.8447419625741,168.363417405349,116.912162069064,216.742218017578,204.488035202026,173.409897606652,144.406653651485,182.724993619052,152.345424228244,0,0,157.056076049805,174.939980643136
20.0473773334866,130.22939491272,126.319414201423,83.2285241773052,103.45884773948,24.6650022389381,57.1240645950363,65.439760088861,50.4995180682222,95.6276124621194,92.9568839839871,71.0044551740225,98.6725045807508,68.4239174401381,21.4508924452155,64.7312527550591,161.279706781561,102.927311133448,101.477389199393,116.879179454207,103.641064226627,44.6490940380356,113.471689224243,99.4382467328766,84.9712962700719,73.8230163867657,124.105935873662,131.668189129957,90.9491067258991,10.5517305331767,21.5307376216241,110.536283977961,11.7634275787062,17.8522331813499,42.0136097626292,0,0,189.03685433524,154.38698832194,104.285598754883,0,0,0,233.569129943848,88.9289830525716,0,0,102.823348999023,139.932267325265,0,0,192.621520996094,210.145736694336,0,180.888697306315,0,0,0,187.253768920898,130.377638922797,174.685623168945,187.14891204834,182.961704648774,156.049774169922,0,0,193.571411132812,0,0,180.665412902832
30.3214692310095,109.317162947221,98.5734630787011,60.4650197617551,98.9033434126112,130.8404712677,89.5832001413618,25.1547982052024,74.526393421416,64.102565379625,79.7392549352443,126.606694448562,120.615808275011,160.817191229926,66.4942582203537,115.64163462321,90.9209576381072,74.2252318097517,132.260110582624,95.6447335225673,153.550338745117,26.3910161806488,60.9216477556049,54.9475714761011,78.8513496447482,126.656305948893,117.032741559057,119.001135456947,45.2170684824692,21.5307376216241,11.3016648129802,164.431964874268,124.570779164632,25.6353494866194,45.878170364048,0,0,196.373143513997,85.7499834696452,0,0,0,135.342651367188,0,0,0,222.755340576172,134.141677856445,0,0,0,109.094802856445,181.435775756836,0,0,0,135.270568847656,86.0453209877014,179.84757232666,139.230085584852,127.271965026855,170.881271362305,171.583562941778,143.836049397786,176.879936218262,127.853004455566,0,0,0,115.838241577148
163.552551269531,80.2508320663915,90.2712064470564,99.9890959366508,162.123260498047,114.520063781738,168.05870997111,179.790440629168,166.206622675845,148.872970168655,192.206950100985,47.9497608009813,189.429034762912,21.2822085111265,147.43101401951,209.317749023438,152.080070495605,97.5014201225118,53.1988477922835,72.1677084639266,202.592422485352,140.144477844238,113.483568191528,129.762230165543,160.313077682104,52.6812578250561,24.2800051158876,36.5521065827216,186.726426777087,110.536283977961,164.431964874268,5.65022419271657,112.473006508567,133.643440246582,77.9253228316318,208.444610595703,150.789488220215,155.638036092122,96.7765860557556,0,0,0,212.729629516602,0,223.749389648438,0,125.008236694336,0,101.836511367026,247.156936645508,0,0,148.951701572963,120.213886630151,125.508717936854,0,184.563659667969,193.058876037598,162.396732330322,222.688461303711,105.294753095839,120.765230217533,123.445045547814,0,0,237.364135742188,118.361225485802,0,0,150.599683489118
88.0388701589484,0,173.652151319716,0,0,10.597731325115,21.2971809324673,133.459489944133,25.7284004089499,134.512619018555,129.170986886752,68.9657005671213,109.167450575395,78.4017443223433,10.504680838766,33.497326582865,215.399658203125,178.134121365017,109.503123283386,119.684947490692,145.944398498535,97.7605285644531,156.84375,165.353239971658,134.267218956581,84.5307492342862,136.949786980947,151.808266689903,140.032223026927,11.7634275787062,124.570779164632,112.473006508567,5.6662620063134,86.7478504180908,40.4147788717004,0,0,0,0,0,0,0,0,0,0,0,0,0,122.999839782715,0,0,0,0,0,0,0,0,0,0,185.166748046875,0,169.43782043457,192.788429260254,0,0,0,0,0,0,0
40.9647135698706,159.994354248047,126.40597442627,69.0112677001953,87.1711605495877,81.9783134460449,82.1882835734974,64.7169850531255,61.8288763209752,64.4243640354701,85.5317487589032,109.25290593234,95.065740892964,103.178578186035,38.8775393354748,72.8198810577393,118.967059135437,91.2776119090893,126.141109042697,103.314496929726,91.9735590616862,34.3343105980328,72.1946601867676,87.1006165906257,72.2296146923983,118.370044708252,135.784733006212,125.309510059846,72.0975143964901,17.8522331813499,25.6353494866194,133.643440246582,86.7478504180908,9.024214806848,26.8090428630048,0,0,165.645401000977,0,0,0,0,0,169.387535095215,129.587214152018,0,0,0,0,0,0,0,0,0,0,0,0,193.722305297852,0,116.23220316569,0,184.301605224609,206.64864730835,0,211.473236083984,0,0,0,0,0
84.993093734397,83.9707130432129,67.5117011711303,81.9674377717834,101.809608459473,40.5987938539481,78.7509197205305,84.8639672253056,71.4827177127777,106.083579041741,104.488809632163,31.3928224781209,105.273572165207,52.7899453996289,63.1484090119779,89.9790078676664,86.7562707243065,38.0624005727835,63.6892565194298,43.0065979434798,109.687093841896,47.5186740158434,85.9858915575089,50.962535303128,93.7413026459363,57.7884626621153,66.5015701275071,72.2774264145001,77.8086472071556,42.0136097626292,45.878170364048,77.9253228316318,40.4147788717004,26.8090428630048,11.3018741899208,207.591621398926,161.987140655518,121.2748828125,90.7214440738454,0,0,0,213.75276184082,209.574722290039,121.975370134626,225.325973510742,161.082759857178,116.648648579915,123.092401349867,221.650634765625,0,130.887431335449,135.358906030655,197.701594034831,142.843607039679,0,186.092170715332,115.383524213518,139.310616356986,156.304292890761,95.123415778665,134.180921676311,134.619566011429,188.69229888916,248.255477905273,0,136.125776926676,0,0,145.255100543682
0,0,164.883316040039,0,91.7622451782227,0,0,0,0,0,0,237.182601928711,0,200.91431427002,0,0,218.772918701172,0,0,186.357872009277,0,0,0,0,158.639694213867,0,203.145039876302,183.694298484109,159.322766113281,0,0,208.444610595703,0,0,207.591621398926,11.4736125157601,148.672734578451,129.142965480259,108.800586700439,106.534408569336,86.975471496582,68.2755970904702,30.058257408293,47.5316257088433,105.049638366699,48.3529105082975,136.057541013703,116.262724982368,145.194376493755,19.2593420010024,122.100601196289,103.050864370246,116.736205356573,146.14862481479,130.768190462295,99.7625107765198,85.543343300655,111.518405151367,108.767473244373,91.8074659807929,197.510025024414,136.091723142482,151.634147184441,103.952752372823,23.6765932738781,25.2350811404965,170.681734297011,95.858504856334,42.5383593117319,69.7453977708986
0,96.5471115112305,125.746244812012,78.2182312011719,223.382995605469,0,0,0,0,0,0,143.941266377767,0,136.475290222168,0,0,205.794082641602,124.818246459961,169.234878540039,115.66046333313,0,0,235.07844543457,130.150718688965,171.173787434896,140.384634017944,125.297785923399,131.401366888308,178.587219238281,0,0,150.789488220215,0,0,161.987140655518,148.672734578451,10.4808471945191,51.0861407121023,31.966873772905,88.6617711385091,0,185.607887268066,144.893227521111,162.346492004395,79.2196227749523,151.062828063965,96.4523947055523,0,62.6924609842554,144.380613327026,118.935269673665,66.1606329798698,61.1359113582895,85.3888822283064,69.4495897807047,0,117.167211294174,28.0883480882271,79.6882408543637,83.0796206319208,26.9777908157706,57.4244396799739,38.6347518340338,131.742363971213,136.905327536843,132.078572845459,78.9800735473633,0,140.529211680094,81.5689152752912
193.815505981445,90.6784906387329,106.247258769694,82.4535100724962,191.358400617327,0,216.770806884766,172.624236162971,185.52746800014,168.109176635742,202.412002563477,164.248609542847,0,159.479672241211,194.66362508138,0,115.932410273992,119.812377605032,165.073089599609,132.754872922544,209.030899047852,150.226424747043,138.262745539347,112.728958663626,165.198275179476,148.766733805339,118.307373691613,106.164644666217,165.953556183846,189.03685433524,196.373143513997,155.638036092122,0,165.645401000977,121.2748828125,129.142965480259,51.0861407121023,13.67193534104,51.4345267069394,138.434946927157,0,140.750351874383,105.506188707467,137.97161315918,119.487055182457,127.426333169142,104.992952074323,157.501604715983,103.252873617505,138.141632702886,146.922023773193,87.0414977110634,48.1601079712725,100.555412153764,75.6055788112426,135.647593688965,71.7514521971572,57.8996368632597,39.2420412670253,107.472091337763,123.568634668986,36.5263762635588,38.5873761394344,97.8097928733231,158.474310923431,113.900632322715,98.8575721352787,185.370715141296,138.79830233256,87.8848287264506
159.99267578125,148.3762550354,83.6677985355772,45.4632147275485,106.042098999023,0,185.871585083008,101.118087768555,120.461847941081,91.6489966710408,139.09060160319,65.4581750338195,0,48.0851195185318,132.645845413208,209.973831176758,62.0369890585713,104.107961442735,83.6413008371989,106.982769317627,120.794334411621,72.4031340735299,74.0073834737142,81.9825944247311,80.3782385366934,40.6124524772167,101.86593989736,78.0828723708789,88.8696493148804,154.38698832194,85.7499834696452,96.7765860557556,0,0,90.7214440738454,108.800586700439,31.966873772905,51.4345267069394,15.9460496436805,86.2714147949219,155.131195068359,152.105637868245,118.952672999838,128.292492128768,30.9000353070556,130.115803019206,81.7403785664102,60.1106819152832,49.6610352714932,134.062419772148,85.8034326889936,48.3937827335315,65.4620021958785,97.3148088808413,74.4256163758117,109.151840209961,65.0147964359646,28.6919661030841,72.943033298976,54.8337701166709,26.2349978673555,57.3683218681248,47.1892495094186,89.4696647879311,98.560656094382,71.0078068420667,69.314811631745,103.763308207194,74.7228614405582,76.2108551319637
0,0,140.827224731445,0,8.65338960779089,0,70.8684043884277,119.58070602417,100.426670074463,87.4593276977539,19.0925402024697,0,41.5522561454773,0,153.357574462891,147.138687133789,186.875549316406,0,0,0,13.4369394131329,0,0,0,118.672473271688,0,217.373016357422,162.772323608398,66.5830546569824,104.285598754883,0,0,0,0,0,106.534408569336,88.6617711385091,138.434946927157,86.2714147949219,8.77000603246065,0,72.5692209719595,64.4376555515001,96.0079850256443,26.6872501990778,16.7932265117445,193.459353129069,26.3260284686697,215.595133463542,102.305279156109,57.6936784267426,100.698989868164,177.348466873169,0,167.471542358398,13.1355667383397,131.476088841756,57.8954614003499,148.637006378174,14.5160610793258,126.530570983887,163.750590968776,132.490659652218,17.5737197118057,124.301977129125,114.776224136353,190.113899230957,157.931182861328,102.060570853097,120.981759291429
0,0,0,0,0,0,0,0,0,0,0,0,0,0,0,0,0,0,0,0,0,0,0,0,0,0,0,0,0,0,0,0,0,0,0,86.975471496582,0,0,155.131195068359,0,7.82900285944713,8.89608171640867,131.276865641276,17.9725937612176,65.3697905540466,102.32409286499,75.1485179432651,88.8353515625,77.9782037734985,30.0863178394459,13.4363020071209,0,174.373893737793,104.374234517415,120.125053405762,0,188.873474121094,0,71.3720626831055,138.113372802734,76.5989837646484,143.147044711643,141.624952316284,129.182350158691,29.1240410274929,117.752459208171,109.89527130127,11.2854856082636,0,36.0825912974705
0,0,228.486801147461,143.253761291504,85.1328841315375,0,0,0,0,0,162.617919921875,0,63.7702825986422,0,179.724487304688,0,174.401290893555,0,0,231.58251953125,173.33561706543,233.260787963867,208.219352722168,182.170875549316,149.507012367249,0,0,208.658915928432,191.607650756836,0,0,0,0,0,0,68.2755970904702,185.607887268066,140.750351874383,152.105637868245,72.5692209719595,8.89608171640867,8.25938430663768,66.6462081793913,15.7061606775209,31.0842279236892,22.4734297849461,115.513120065524,28.6994048395263,112.553019332886,44.1515417621155,15.767922321742,126.603821648492,151.5173806212,158.516886901855,162.995533413357,62.5073114339278,128.431049000133,123.897861480713,147.797627079594,74.9907585087107,240.972137451172,156.671887962105,168.600457509359,74.6776448316115,59.066844779035,111.508309856538,156.510320027669,25.1592541934847,104.614594813756,82.8388029034932
