13.7020549046757,101.862121582031,110.653212530765,73.0512983534071,96.7669105529785,73.4023399353027,81.4809805811668,39.7043424945677,48.226334539141,90.4057097001509,68.0938825025115,132.757365027139,116.014228275844,126.153642654419,21.9320969735594,91.0914026896159,154.943789164225,105.997560478119,162.445018768311,131.505726729289,127.229043960571,83.4109144812232,80.4865207672119,99.1449271478079,98.4826704920555,112.754684448242,128.147773413565,137.729431496292,92.0408564450448,19.9520773558858,38.6371130581138,159.149757385254,86.5416793207968,49.1084404845736,101.579024149272,0,0,169.137352837457,79.1302719116211,0,0,0,0,0,245.278732299805,0,0,0,0,0,0,0,212.165313720703,0,0,0,0,0,188.441309611003,130.490003967285,0,211.710861206055,190.418296813965,235.381774902344,0,0,0,0,0,178.439529418945
101.862121582031,8.00652717608805,43.6758656588468,29.170830718587,98.3034461975098,102.793479919434,152.243530273438,109.654642486572,123.02493540446,71.9592329114309,138.986520767212,68.8949734035291,101.046497599284,54.1655918593259,132.418215751648,104.133171590169,68.7411464788975,50.8124411571985,80.3717295328776,69.1784475171888,112.511423746745,113.488634109497,30.3571798322134,74.7588505215115,80.8499727048432,21.6541964777054,56.1712767607088,34.1054239250599,114.662501595237,101.562353515625,99.015417619185,72.4604639799699,94.3084869384766,117.827194213867,68.7334474872898,0,0,75.4408026801215,92.2260657719203,0,0,0,170.883289337158,225.063827514648,119.934917449951,0,0,0,131.55485534668,163.486129760742,0,107.439262390137,82.7143497467041,117.264602661133,103.238878250122,0,100.437558492025,77.4659729003906,105.771436418806,129.885066986084,103.193901062012,90.5497544117463,87.9752873579661,140.37540435791,248.098861694336,151.621063232422,154.248336791992,0,0,155.395767211914
110.653212530765,43.6758656588468,12.8276719825802,66.7495443616595,133.517014428008,176.621927897135,135.09442339245,104.963794035325,124.941032394575,113.72746030746,130.188020808043,100.559117624837,151.662438326104,89.8542034442608,126.668703792582,146.142684936523,88.7952507829244,38.0782919162312,99.4729905561967,82.5538136021475,143.667588127984,68.0828602359845,88.3705293755782,29.9191052632264,114.916375041008,115.044666290283,30.0442766726346,34.4606895057463,107.238334893635,133.809545965438,97.5628056317655,90.2171134757037,178.05036907196,127.667877338551,75.066175832981,0,121.077930026584,101.400019520085,73.5461869869592,197.294540405273,0,213.622492472331,181.987886626145,203.798750305176,176.87783203125,198.129558563232,163.15732828776,142.239252726237,153.826086044312,216.437088012695,228.263763427734,132.516794840495,117.314600511031,174.739585876465,138.756574503581,145.888671875,148.678660652854,130.593251741849,117.795387464411,171.063131294998,158.04638671875,109.970601633054,103.957670413747,173.40195662887,196.197168986003,171.410265604655,154.202587890625,0,144.242141723633,133.367081382058
73.0512983534071,29.170830718587,66.7495443616595,8.57866195292599,55.2319919613824,0,85.0954236762468,63.5406896557724,84.5020252825266,10.7371517161578,94.4932306573746,95.5677505069309,71.9625844955444,75.555793692426,91.4393362854466,65.044729868571,39.8261263523545,90.0074491205904,89.5099894205729,74.5494793483189,65.1533203125,59.5411458163791,24.6777646126954,65.2027879007325,38.9267214534567,62.2901785777165,62.4827531690721,46.9121877696482,61.2593116610511,72.1525360586397,59.0640204684739,89.0640328147195,132.320365318885,65.5825833407315,77.2936244249344,91.3332328796387,0,81.2388631647283,93.8635292053223,90.3981666564941,0,102.80997467041,84.2819510239821,111.022859191895,27.49720996426,215.093528747559,116.538291931152,0,122.245290120443,136.503790719169,0,60.1861155310342,81.992213567098,106.105293273926,103.995070139567,86.4721069335938,102.000021616618,37.9025181423534,70.7876914559978,63.8307622396029,44.5699424743652,94.4819413161859,98.2159838777907,95.0430074419294,108.597719828288,80.5249028887067,172.93669128418,0,83.4180679321289,98.1223359107971
96.7669105529785,98.3034461975098,133.517014428008,55.2319919613824,10.6748104870012,123.718335469564,79.2819895744324,59.8574909828079,119.512497626411,48.6662391026815,21.4096319214351,194.54749806722,27.82215577906,185.214022318522,113.507685103506,71.3069089072091,91.3409881591797,151.993022155762,172.47550201416,187.696141560872,14.9930456885247,111.884425770153,68.1471630443226,126.088544261699,18.1831804901933,130.818197631836,154.190740294376,124.40317022273,19.2702437041818,102.182395421542,99.8304481506348,167.112861633301,145.444155883789,90.8273166111537,109.404320191,165.535446166992,0,184.448455810547,100.438734054565,10.658463801569,0,153.314885919744,140.275187683105,154.534169514974,88.2957782229862,103.149221420288,0,22.9541655498129,0,194.983291625977,138.467895507812,0,0,0,0,11.7586081006965,140.011352539062,125.166172027588,174.062103271484,91.2714496589288,0,248.529037475586,213.891014099121,59.7437134284478,186.057510375977,0,0,0,170.992446899414,183.073394775391
73.4023399353027,102.793479919434,176.621927897135,0,123.718335469564,6.96592913486312,9.96050357873921,126.82022857666,20.1240853681645,69.8318665448357,119.158961317274,71.2543494613082,72.7763499346646,75.0418133735657,24.7006078170518,12.6265065499965,136.114883422852,173.749013900757,152.549388885498,141.500462849935,103.875606536865,106.216911315918,111.913352966309,169.948921203613,94.0830446879069,88.6278508504232,164.006467183431,140.513654708862,127.898756027222,23.0553127397974,128.878406871449,108.293561299642,10.4358971768301,0,50.9854747598821,0,0,0,0,0,0,0,0,0,0,0,0,0,0,0,0,0,0,0,0,0,0,0,0,162.933555603027,0,0,0,0,0,0,0,0,0,0
81.4809805811668,152.243530273438,135.09442339245,85.0954236762468,79.2819895744324,9.96050357873921,11.5557577074169,68.5504664966286,25.756380778471,75.7008082973423,34.7231256216656,128.688412866673,21.5278979768743,146.202218472958,28.2308897900515,11.9418542869039,173.376354980469,146.79476967836,154.179745992025,160.718082148854,52.5734116529164,137.168901971046,115.806544712612,136.567261835104,87.4458384180504,141.606970787048,156.757118004169,160.088878575217,76.1078305681506,51.4895896321994,94.2395685174492,186.809673309326,27.7148856721239,93.0690587826861,98.9973607050645,195.45475769043,0,198.367509206136,132.362258911133,104.787405649821,240.368148803711,187.075160980225,145.72972869873,192.620385742187,98.4731430053711,162.465393066406,0,59.9039329528809,0,200.451594034831,0,215.565017700195,247.571533203125,0,0,156.418131510417,241.455505371094,162.319839477539,206.878442382812,123.246138367472,239.839004516602,227.906341552734,200.009301927355,164.222436656123,217.423304239909,205.108116149902,0,0,170.710906982422,180.373104858398
39.7043424945677,109.654642486572,104.963794035325,63.5406896557724,59.8574909828079,126.82022857666,68.5504664966286,12.4001893769426,65.9516058604314,63.4301246847425,27.435359674934,163.989592408105,62.9495289337941,170.712867236528,50.0357302502144,87.5460356327525,110.823009173075,118.764357278085,177.578774588449,154.150978500779,83.0340899390143,72.0869252640599,85.679175567627,89.0304096208495,64.9915718829594,197.142400105794,136.366405123547,122.010414051785,35.5798911543333,69.9681003593018,28.2096103800598,183.124893665314,129.093722352194,73.0189269512515,87.6837267287145,157.227213541667,228.217422485352,176.313265323639,91.8918882299353,137.393207973904,0,161.938537597656,132.562647100081,185.507530848185,93.823352654775,154.028224945068,0,141.782261439732,228.966125488281,181.559165106879,135.629821777344,170.103955078125,190.680999755859,0,218.934590657552,135.197514004178,171.189315795898,120.736399650574,180.623949323382,113.146002615141,0,214.848989735479,181.116490681966,146.332992553711,186.288909476144,175.626884460449,241.999328613281,223.084495544434,167.495780944824,185.167978701384
48.226334539141,123.02493540446,124.941032394575,84.5020252825266,119.512497626411,20.1240853681645,25.756380778471,65.9516058604314,12.6087008358583,95.673885345459,30.9725602340364,111.813813363863,100.519443601243,110.281239179464,22.6005071604102,41.1345343633529,163.032306671143,131.875452096965,136.130802447979,152.794058152187,102.33930310336,116.321710132417,134.947061326769,122.437838492429,107.617773996759,114.530261993408,145.894484614538,152.519959570465,98.701495378096,52.6467209792634,80.0070140821769,162.247268676758,30.7486203625542,89.5153782084837,90.8294786106456,177.862701416016,0,187.870216006324,177.491744995117,0,0,0,149.804592895508,193.022964477539,95.2938995361328,165.564086914062,0,150.664497375488,0,220.197067260742,154.544616699219,193.906127929688,223.735819498698,0,0,138.686782836914,0,0,199.239044189453,130.688394970364,0,220.060267857143,193.584850032155,180.712271118164,195.916086832682,232.373947143555,0,0,0,200.852043151855
90.4057097001509,71.9592329114309,113.72746030746,10.7371517161578,48.6662391026815,69.8318665448357,75.7008082973423,63.4301246847425,95.673885345459,9.16099507758433,83.2536159906632,138.762066222074,12.0032444104989,126.599840155999,103.354695224762,23.0268662389236,83.5568515658379,141.370433092117,155.588839213053,156.515640258789,37.0036918186006,63.991261824122,26.9742279723526,127.864833513896,25.5275824318804,99.844004570033,128.234399583605,105.477904119332,60.9985574086507,87.6220290015726,67.4099323338476,150.075868540797,125.037942886353,71.5264793395996,113.525407920763,0,0,170.593915303548,119.065563201904,97.6076507568359,0,147.182235717773,126.410448074341,230.105880737305,64.2525949478149,115.204030354818,0,59.7792453765869,218.12712097168,157.561294555664,76.1253547668457,0,236.75471496582,0,198.122215270996,95.9087524414062,110.625190734863,59.972474416097,142.515803019206,82.4777794647217,166.251480102539,177.685479971079,179.16603614544,122.14059193929,168.005111694336,108.543830871582,0,0,0,166.239639282227
68.0938825025115,138.986520767212,130.188020808043,94.4932306573746,21.4096319214351,119.158961317274,34.7231256216656,27.435359674934,30.9725602340364,83.2536159906632,16.8062644409776,152.749900720887,21.8040565072551,169.555104625468,55.2434527062512,82.2952116246809,127.592086791992,155.524170410939,179.709732055664,177.213608134877,20.4082520532714,109.469229822573,120.768769582113,119.867883885572,75.8632623116452,171.425322214762,159.277119198859,161.678987570688,36.6545554237716,95.0901094406871,87.7609800200223,191.554240635463,126.197291764589,90.6769030080677,102.295727520291,0,0,205.576317681207,107.884922027588,32.9394249353867,218.635726928711,181.327062606812,162.168102488798,205.625307355608,106.116783494216,168.365680401142,0,42.2912554144859,242.211349487305,210.963129679362,125.795249938965,0,240.908630371094,0,0,28.4863489366045,208.593643188477,175.485730489095,194.687299940321,131.768554385617,0,205.798110961914,201.692003586713,166.028343563988,198.781875610352,201.333480834961,0,233.000015258789,0,204.037498474121
132.757365027139,68.8949734035291,100.559117624837,95.5677505069309,194.54749806722,71.2543494613082,128.688412866673,163.989592408105,111.813813363863,138.762066222074,152.749900720887,16.3637914858046,153.816494334828,26.8711198939641,100.228618549656,188.034820556641,130.511682237898,64.1394532048669,21.9575339710047,31.1024289047344,174.803099060059,108.757884745695,107.864770853295,106.154957215298,164.436965754003,43.5450739685454,30.20753081505,74.6208111180724,174.676290534524,76.3056137506718,114.15945168147,51.063284430013,73.4205523767779,119.170063972473,33.1518173024708,0,140.616481781006,168.404348200018,103.573487854004,227.304428100586,0,0,0,155.989143371582,228.41934967041,0,100.060562133789,0,86.9159297943115,240.105751037598,0,215.596755981445,141.257513046265,126.185509314904,137.334272531363,0,0,182.783485412598,220.893775939941,189.112309773763,109.363265419006,123.470218948696,125.635863207532,0,193.565979003906,0,108.260540281023,0,0,159.263922119141
116.014228275844,101.046497599284,151.662438326104,71.9625844955444,27.82215577906,72.7763499346646,21.5278979768743,62.9495289337941,100.519443601243,12.0032444104989,21.8040565072551,153.816494334828,10.8168108946815,164.551625145806,108.175533747269,15.2682362311711,123.724691390991,176.327402750651,184.095008850098,171.96789932251,13.9613885335545,106.498458862305,82.1202837626139,156.73018544515,28.8336536029778,168.834081013997,179.10671081543,149.966764333297,50.6180277693045,106.029023827447,117.534373474121,215.562866210938,116.743156516945,101.760958621376,115.656535260089,0,0,0,0,25.00725575274,0,79.5800774892171,135.006088256836,99.0295613606771,95.1624456133161,28.3436031963514,0,10.5836597346284,187.916687011719,151.663172403971,83.2361450195312,195.628692626953,229.396331787109,0,0,13.3230480465581,0,105.5012550354,205.427185058594,110.156656719389,0,224.584358215332,189.845235188802,85.4825898194924,0,0,0,0,0,144.363872528076
126.153642654419,54.1655918593259,89.8542034442608,75.555793692426,185.214022318522,75.0418133735657,146.202218472958,170.712867236528,110.281239179464,126.599840155999,169.555104625468,26.8711198939641,164.551625145806,9.7573799258739,110.364343873386,156.472860972087,125.989416122437,117.16843354702,60.8245404701401,83.5858942262686,177.760099622938,149.299418640137,97.1491646954394,122.954875425859,144.588063145183,22.8485410361277,50.5535792300013,35.5986163259698,180.467889513288,80.1463738351498,153.138615926107,18.5176321746352,87.4226856551357,0,53.2305940098555,193.403564453125,135.504206730769,153.425938197545,82.6674064212375,0,0,0,0,0,204.793836805556,242.637725830078,100.0621803413,0,69.6018070147016,187.761909484863,0,198.486660766602,159.82666460673,105.827656976108,131.497692108154,0,209.419853210449,170.12022617885,187.653056553432,204.566667175293,85.9624334014622,111.47130333505,108.207923733911,199.287162780762,214.870239257812,202.324996948242,100.262199545806,0,0,139.269926888602
21.9320969735594,132.418215751648,126.668703792582,91.4393362854466,113.507685103506,24.7006078170518,28.2308897900515,50.0357302502144,22.6005071604102,103.354695224762,55.2434527062512,100.228618549656,108.175533747269,110.364343873386,10.1815702900197,58.9016936008747,155.398119926453,125.210465242039,155.61162587216,144.774068184025,115.801413796165,103.086444582258,114.395672517664,117.830789246694,106.482269202807,98.7129534207858,145.012700453116,151.968810092305,106.804976858,22.427831844039,66.2716049300989,162.508779471261,14.5188011291956,50.0814761509096,82.6332104983104,0,0,194.279413637908,102.599716186523,0,0,0,146.801300048828,0,0,0,246.881011962891,120.935615539551,182.356597900391,0,0,187.635414123535,215.052646636963,0,228.509864807129,106.056821187337,0,177.271469116211,202.219329833984,151.043570591853,0,208.334202485926,189.955568586077,183.283233642578,207.559387207031,192.861343383789,0,0,0,166.963233947754
91.0914026896159,104.133171590169,146.142684936523,65.044729868571,71.3069089072091,12.6265065499965,11.9418542869039,87.5460356327525,41.1345343633529,23.0268662389236,82.2952116246809,188.034820556641,15.2682362311711,156.472860972087,58.9016936008747,8.26440219187252,135.426651000977,143.583853721619,0,207.414901733398,52.9230239303024,125.861854553223,77.4579122331407,157.712723626031,49.063213109627,136.998527526855,160.273434807273,138.311290016657,85.2955118179321,47.2127177429199,122.686094011579,194.280512491862,34.5471002107025,108.485366821289,147.676765095104,0,0,0,0,0,0,124.269805908203,223.643737792969,0,113.239273071289,134.469501495361,0,46.3618354797363,0,0,0,0,0,0,0,0,0,0,0,93.1125907897949,0,209.940216064453,229.628273010254,131.37670135498,0,0,0,0,0,0
154.943789164225,68.7411464788975,88.7952507829244,39.8261263523545,91.3409881591797,136.114883422852,173.376354980469,110.823009173075,163.032306671143,83.5568515658379,127.592086791992,130.511682237898,123.724691390991,125.989416122437,155.398119926453,135.426651000977,12.1178474918905,101.566046856202,138.199325561523,121.528827667236,113.675094604492,24.4367060883068,32.635632606604,25.6398385797013,36.6393104993073,99.8874359130859,120.649108755177,34.5640301444169,49.7618659841962,113.384737429412,85.9183158126532,158.496936035156,130.765293121338,115.91667175293,82.0333197224935,201.371200561523,138.421478271484,112.043886368091,59.6740678418584,205.94010925293,0,194.674110412598,166.492873509725,200.215805053711,135.29673576355,181.97621307373,208.455200195312,0,179.218444824219,178.037142944336,0,103.224184281117,147.723744286431,0,181.006507873535,157.442825317383,117.711364142839,63.4793009049822,108.518234502185,130.090240478516,185.403701782227,160.391181128366,107.612282998221,141.940275938615,176.022593906948,114.679558526902,0,0,0,126.073708106732
105.997560478119,50.8124411571985,38.0782919162312,90.0074491205904,151.993022155762,173.749013900757,146.79476967836,118.764357278085,131.875452096965,141.370433092117,155.524170410939,64.1394532048669,176.327402750651,117.16843354702,125.210465242039,143.583853721619,101.566046856202,9.53464673165298,66.2236576080322,26.844361158935,159.648306274414,53.7391936099387,95.1190735953195,29.1251740749547,132.944842982098,87.7312724304199,31.7157107841674,69.8177028985658,127.827275062019,105.431268096621,82.0568937219755,96.8766327434116,157.919831412179,103.089208221436,38.3943762569662,231.084121704102,145.944402694702,117.170755702647,101.185670428806,0,0,0,214.236841837565,211.140411376953,211.122825622559,0,160.293126424154,175.818984985352,185.422658284505,221.838356018066,0,156.905940246582,129.062783282736,151.224311828613,131.361307877761,0,156.901974487305,110.180503845215,145.572770338792,199.394271850586,0,121.539939598959,120.841626433288,191.733489990234,186.17431640625,0,174.616815185547,0,0,137.700919015067
162.445018768311,80.3717295328776,99.4729905561967,89.5099894205729,172.47550201416,152.549388885498,154.179745992025,177.578774588449,136.130802447979,155.588839213053,179.709732055664,21.9575339710047,184.095008850098,60.8245404701401,155.61162587216,0,138.199325561523,66.2236576080322,6.81623341297886,15.6175690378985,190.090103149414,117.629433525933,120.058568318685,115.568324349143,176.605131669478,48.4775901670881,17.4203704873908,64.3739175859771,188.398789978027,108.309767257336,128.073893229167,53.1686127100235,109.930021286011,134.913228352865,61.9724855224291,0,144.930709838867,149.322006225586,0,0,0,0,248.392623901367,0,0,0,0,0,114.406480789185,0,0,0,0,0,143.96206580268,0,0,0,206.785247802734,0,139.47484588623,116.311558069808,126.854542763817,240.728469848633,172.495239257812,0,141.383916473389,0,0,145.18180847168
131.505726729289,69.1784475171888,82.5538136021475,74.5494793483189,187.696141560872,141.500462849935,160.718082148854,154.150978500779,152.794058152187,156.515640258789,177.213608134877,31.1024289047344,171.96789932251,83.5858942262686,144.774068184025,207.414901733398,121.528827667236,26.844361158935,15.6175690378985,11.6412572353137,228.825881958008,91.2352650435929,108.902965770048,85.152266907775,156.001962339723,48.2124605860029,34.9058156073122,71.6059625387705,157.67644405365,111.888203359878,107.327844970703,71.0472077435327,109.64503633976,120.308616403433,45.5406871884609,0,167.92333984375,134.831254119873,125.783666338239,0,0,0,199.375579833984,0,221.638107299805,0,161.899192810059,0,154.156979152134,0,0,165.352462768555,137.10858808245,129.447578430176,128.642269736842,0,183.459637451172,180.08177947998,158.962392171224,169.719436645508,114.555297264686,118.353325933004,125.300332171246,0,172.49787902832,182.739669799805,151.929257710775,0,0,124.948682657878
127.229043960571,112.511423746745,143.667588127984,65.1533203125,14.9930456885247,103.875606536865,52.5734116529164,83.0340899390143,102.33930310336,37.0036918186006,20.4082520532714,174.803099060059,13.9613885335545,177.760099622938,115.801413796165,52.9230239303024,113.675094604492,159.648306274414,190.090103149414,228.825881958008,9.36931278620059,103.018207550049,85.4024868011475,146.695561000279,19.9099688472153,158.217483520508,169.017468672532,144.655087280273,35.491634003642,100.599272966385,114.94690322876,193.60969543457,134.4168847891,101.056474049886,113.231996832954,0,0,185.528366088867,121.308151245117,12.9543878987885,0,137.705867767334,138.512179783412,0,79.5125206311544,56.8678498701616,0,12.1246450282175,0,170.46012878418,114.343788146973,0,0,0,0,13.210261578434,0,147.845169067383,200.842514038086,98.2878592117973,0,165.532638549805,212.87922668457,122.646230550913,203.889717102051,0,0,0,225.470199584961,188.642517089844
83.4109144812232,113.488634109497,68.0828602359845,59.5411458163791,111.884425770153,106.216911315918,137.168901971046,72.0869252640599,116.321710132417,63.991261824122,109.469229822573,108.757884745695,106.498458862305,149.299418640137,103.086444582258,125.861854553223,24.4367060883068,53.7391936099387,117.629433525933,91.2352650435929,103.018207550049,12.4611513712414,63.3509721279144,28.3367848922617,74.6881617648968,124.188757324219,108.795861901589,81.6245946564444,35.7830140531291,67.9716117909749,26.4973905331779,141.506323242188,123.039433002472,58.7228054690671,48.1860034863609,0,0,145.240130615234,77.382364654541,0,0,0,178.682861328125,198.526351928711,130.60302734375,0,207.955078125,109.545715332031,0,180.240091959635,0,121.017783516332,180.392961502075,0,182.048980712891,190.548980712891,123.534530639648,70.0821411426251,135.950163598154,134.261450062627,0,176.64997253418,145.430023690929,137.851888384138,162.072036743164,123.060103734334,209.726898193359,0,178.73979695638,143.066256205241
80.4865207672119,30.3571798322134,88.3705293755782,24.6777646126954,68.1471630443226,111.913352966309,115.806544712612,85.679175567627,134.947061326769,26.9742279723526,120.768769582113,107.864770853295,82.1202837626139,97.1491646954394,114.395672517664,77.4579122331407,32.635632606604,95.1190735953195,120.058568318685,108.902965770048,85.4024868011475,63.3509721279144,9.29410543972677,59.3015941959111,35.9889537698036,71.1011950711776,101.742168316738,41.7099921894891,65.8080536279923,90.8426302532817,65.3961007354456,109.498425533897,129.376205444336,84.0168277195522,91.9689204476096,165.882751464844,0,129.58023223877,59.4690624237061,146.872360229492,0,0,218.241973876953,176.647979736328,0,144.214324951172,0,0,146.894317626953,196.126251220703,0,61.3908880201437,135.039334615072,0,163.232666015625,0,82.0753007888794,23.8551164399023,80.3550249425376,94.1383571624756,174.419494628906,141.826923972682,124.232934758904,116.510209476247,0,84.8101787567139,157.061920166016,195.693542480469,0,157.784856160482
99.1449271478079,74.7588505215115,29.9191052632264,65.2027879007325,126.088544261699,169.948921203613,136.567261835104,89.0304096208495,122.437838492429,127.864833513896,119.867883885572,106.154957215298,156.73018544515,122.954875425859,117.830789246694,157.712723626031,25.6398385797013,29.1251740749547,115.568324349143,85.152266907775,146.695561000279,28.3367848922617,59.3015941959111,16.2517653696342,75.7122430903253,140.439561462402,62.7116268374703,48.046077850217,68.7496031344855,105.634382380271,59.5761972530231,121.589331917141,169.310062477805,93.5255979930653,54.0898245660548,198.705968221029,171.84454536438,107.697611571364,65.0781685250704,197.260780334473,0,211.677088419596,178.27060508728,192.226123809814,154.501487731934,192.445816040039,170.159912109375,0,198.344848632812,186.055478777204,0,114.186703324483,142.769526672363,233.189231872559,175.227572354403,195.214635213216,128.395628133215,78.7161371769049,119.8269785372,144.298726121585,0,166.824835008191,113.921085281797,153.304100250031,191.72181447347,142.234254335102,196.161010742188,0,155.933835983276,136.960229928153
98.4826704920555,80.8499727048432,114.916375041008,38.9267214534567,18.1831804901933,94.0830446879069,87.4458384180504,64.9915718829594,107.617773996759,25.5275824318804,75.8632623116452,164.436965754003,28.8336536029778,144.588063145183,106.482269202807,49.063213109627,36.6393104993073,132.944842982098,176.605131669478,156.001962339723,19.9099688472153,74.6881617648968,35.9889537698036,75.7122430903253,11.3109434918267,109.383208585073,140.367241476669,96.7174819884412,21.0196182854331,86.3838910764475,78.1437762645206,160.297170148577,142.282918246287,77.7215035622861,96.2098366134795,165.244494438171,185.791069030762,169.305849009547,77.9465463382682,115.725322758068,245.261535644531,147.760911245195,121.888895699147,171.248136191533,67.4156848722617,131.284727972907,201.287643432617,86.340741185581,207.609188079834,176.582344232604,130.601518630981,125.017681969537,185.56191725958,0,211.433624267578,113.918101406097,121.85757011591,81.0750711881197,150.671645959218,96.071478333449,211.869888305664,189.685578195672,174.676064089952,130.698207283941,168.47989647964,135.099837332061,0,215.873622894287,151.363098144531,167.378082060478
112.754684448242,21.6541964777054,115.044666290283,62.2901785777165,130.818197631836,88.6278508504232,141.606970787048,197.142400105794,114.530261993408,99.844004570033,171.425322214762,43.5450739685454,168.834081013997,22.8485410361277,98.7129534207858,136.998527526855,99.8874359130859,87.7312724304199,48.4775901670881,48.2124605860029,158.217483520508,124.188757324219,71.1011950711776,140.439561462402,109.383208585073,8.26306070257758,49.2535028382844,31.2226371615675,164.424995422363,99.0073523087935,137.082973480225,52.3607670092872,87.6878509521484,0,58.5054042584428,0,128.453424453735,0,55.3742453257243,0,0,0,172.191436767578,0,173.556701660156,0,144.254257202148,0,78.6588352521261,0,0,145.907989501953,167.720146179199,107.96396484375,122.544925308228,0,0,151.638732910156,0,235.505767822266,74.5432072419387,105.158234647802,100.978690740012,0,0,0,99.2594808959961,0,0,97.5984725952148
128.147773413565,56.1712767607088,30.0442766726346,62.4827531690721,154.190740294376,164.006467183431,156.757118004169,136.366405123547,145.894484614538,128.234399583605,159.277119198859,30.20753081505,179.10671081543,50.5535792300013,145.012700453116,160.273434807273,120.649108755177,31.7157107841674,17.4203704873908,34.9058156073122,169.017468672532,108.795861901589,101.742168316738,62.7116268374703,140.367241476669,49.2535028382844,15.5790934604529,42.4578655069571,143.416019611789,122.389421504715,121.894021067334,24.9492162129978,131.429969394908,132.345521216299,67.5905179794563,215.936054229736,126.884309880874,117.206004579606,101.867129824055,227.273208618164,0,213.847839355469,200.198553176153,211.991302490234,214.957388485179,220.045654296875,142.312095880508,178.554941813151,115.951342641091,217.452431815011,0,163.610260009766,120.384827640322,118.444982757568,119.267136930429,0,176.417925834656,145.38486601177,155.015007142098,201.867334181263,108.663200327555,107.463823937081,111.89341723962,197.625981947955,178.468801879883,172.00645501273,122.082114858726,154.055038452148,0,134.975687255859
137.729431496292,34.1054239250599,34.4606895057463,46.9121877696482,124.40317022273,140.513654708862,160.088878575217,122.010414051785,152.519959570465,105.477904119332,161.678987570688,74.6208111180724,149.966764333297,35.5986163259698,151.968810092305,138.311290016657,34.5640301444169,69.8177028985658,64.3739175859771,71.6059625387705,144.655087280273,81.6245946564444,41.7099921894891,48.046077850217,96.7174819884412,31.2226371615675,42.4578655069571,15.6430149942946,95.1955034565749,128.43399525166,121.017960623912,25.4654889937837,134.065532684326,130.684706115723,72.4407667961988,231.037231445312,131.465995518848,101.511728497265,60.1850945805177,194.229167393276,0,210.940357971191,189.200778587192,207.396227836609,193.554401050914,200.986410522461,142.830868452023,234.133590698242,121.364387966338,205.11678527832,0,123.241946484291,118.215286128568,131.971762713264,122.435798376,183.740188598633,150.062547979221,112.431571755042,117.619346007549,170.420160940565,111.623155361897,107.137336328159,107.552111164396,171.348937740574,197.200322201377,170.939519461939,129.235576012021,194.46396891276,219.737396240234,129.77491433682
92.0408564450448,114.662501595237,107.238334893635,61.2593116610511,19.2702437041818,127.898756027222,76.1078305681506,35.5798911543333,98.701495378096,60.9985574086507,36.6545554237716,174.676290534524,50.6180277693045,180.467889513288,106.804976858,85.2955118179321,49.7618659841962,127.827275062019,188.398789978027,157.67644405365,35.491634003642,35.7830140531291,65.8080536279923,68.7496031344855,21.0196182854331,164.424995422363,143.416019611789,95.1955034565749,15.1735364835118,90.0612887934164,41.8446391141128,192.608250011097,140.68552717522,76.2802372650083,81.6037979268722,154.731817881266,173.587562561035,179.286279354455,82.9136349547143,53.0002917194366,196.329803466797,158.446030819055,135.858634717537,180.271446567112,90.1807012652407,151.230830637614,238.201354980469,51.5500424439425,220.20320892334,186.219977158767,134.242897033691,142.912825993129,197.984359741211,0,225.49764251709,40.8992063348944,143.012855257307,89.3885211520725,159.028938606994,115.476511409774,232.56071472168,197.439325506037,173.093421996109,151.021312222622,175.650560379028,158.140518590024,228.888717651367,220.754135131836,157.797897338867,168.006799759403
19.9520773558858,101.562353515625,133.809545965438,72.1525360586397,102.182395421542,23.0553127397974,51.4895896321994,69.9681003593018,52.6467209792634,87.6220290015726,95.0901094406871,76.3056137506718,106.029023827447,80.1463738351498,22.427831844039,47.2127177429199,113.384737429412,105.431268096621,108.309767257336,111.888203359878,100.599272966385,67.9716117909749,90.8426302532817,105.634382380271,86.3838910764475,99.0073523087935,122.389421504715,128.43399525166,90.0612887934164,10.1904848903793,27.3504634057883,112.881852667016,14.1236170115523,15.3412294508903,48.9292608408356,0,163.200866699219,182.479576559628,108.420159426602,98.418384552002,0,196.642054239909,171.006655375163,209.73645401001,122.654501342773,154.745498657227,0,119.986810684204,133.208801269531,186.150352478027,0,177.600233078003,176.92832438151,0,199.800415039062,91.8929763793945,226.537445068359,148.665832519531,210.238919067383,139.125967788696,202.537872314453,178.29409463065,188.814409621218,167.902531215123,187.889270782471,177.327354431152,161.949172973633,0,186.936187744141,195.609680175781
38.6371130581138,99.015417619185,97.5628056317655,59.0640204684739,99.8304481506348,128.878406871449,94.2395685174492,28.2096103800598,80.0070140821769,67.4099323338476,87.7609800200223,114.15945168147,117.534373474121,153.138615926107,66.2716049300989,122.686094011579,85.9183158126532,82.0568937219755,128.073893229167,107.327844970703,114.94690322876,26.4973905331779,65.3961007354456,59.5761972530231,78.1437762645206,137.082973480225,121.894021067334,121.017960623912,41.8446391141128,27.3504634057883,11.9570053872195,173.189468383789,129.306866709391,37.0907891521795,47.3073434498752,0,0,162.425700378418,86.8602464849299,180.495544433594,0,189.463554382324,0,177.725875854492,146.730850219727,0,0,0,0,167.876831054688,0,135.379999160767,195.368418375651,0,0,0,140.066324869792,77.4932793511285,192.437181745257,134.825960944681,0,183.437250773112,190.213947841099,156.734450446235,175.843653361003,0,0,0,124.594764709473,152.425898960658
159.149757385254,72.4604639799699,90.2171134757037,89.0640328147195,167.112861633301,108.293561299642,186.809673309326,183.124893665314,162.247268676758,150.075868540797,191.554240635463,51.063284430013,215.562866210938,18.5176321746352,162.508779471261,194.280512491862,158.496936035156,96.8766327434116,53.1686127100235,71.0472077435327,193.60969543457,141.506323242188,109.498425533897,121.589331917141,160.297170148577,52.3607670092872,24.9492162129978,25.4654889937837,192.608250011097,112.881852667016,173.189468383789,6.88713864212716,126.210302681758,177.554611206055,78.272800840773,0,148.214673360189,173.12712097168,79.5606371561686,0,0,0,0,0,225.184463500977,0,126.171684741974,212.448226928711,104.661667406559,0,248.238891601562,213.165283203125,191.499580383301,117.841293334961,135.197263808477,0,0,196.361215209961,212.854858398438,217.332084655762,118.535142262777,119.022655343411,119.459543548781,235.131530761719,202.172500610352,197.309951782227,114.593259905825,0,0,154.991718928019
86.5416793207968,94.3084869384766,178.05036907196,132.320365318885,145.444155883789,10.4358971768301,27.7148856721239,129.093722352194,30.7486203625542,125.037942886353,126.197291764589,73.4205523767779,116.743156516945,87.4226856551357,14.5188011291956,34.5471002107025,130.765293121338,157.919831412179,109.930021286011,109.64503633976,134.4168847891,123.039433002472,129.376205444336,169.310062477805,142.282918246287,87.6878509521484,131.429969394908,134.065532684326,140.68552717522,14.1236170115523,129.306866709391,126.210302681758,5.5767780982076,67.8367903573172,49.7710441431605,0,0,0,0,143.493461608887,0,0,0,0,0,0,0,0,129.556304931641,0,0,0,0,0,242.443374633789,0,0,0,0,173.997495378767,0,171.015548706055,187.115817260742,206.402038574219,239.514549255371,0,199.894714355469,0,210.968002319336,0
49.1084404845736,117.827194213867,127.667877338551,65.5825833407315,90.8273166111537,0,93.0690587826861,73.0189269512515,89.5153782084837,71.5264793395996,90.6769030080677,119.170063972473,101.760958621376,0,50.0814761509096,108.485366821289,115.91667175293,103.089208221436,134.913228352865,120.308616403433,101.056474049886,58.7228054690671,84.0168277195522,93.5255979930653,77.7215035622861,0,132.345521216299,130.684706115723,76.2802372650083,15.3412294508903,37.0907891521795,177.554611206055,67.8367903573172,8.4375924966293,37.6321875938532,0,0,180.073265075684,76.1523361206055,91.1381149291992,0,183.177322387695,179.470423380534,0,76.8158950805664,138.002400716146,0,0,0,217.900939941406,0,0,0,0,0,104.370471954346,235.25993347168,0,183.719665527344,126.68036142985,0,0,175.195500691732,146.715065002441,0,0,0,0,0,153.029167175293
101.579024149272,68.7334474872898,75.066175832981,77.2936244249344,109.404320191,50.9854747598821,98.9973607050645,87.6837267287145,90.8294786106456,113.525407920763,102.295727520291,33.1518173024708,115.656535260089,53.2305940098555,82.6332104983104,147.676765095104,82.0333197224935,38.3943762569662,61.9724855224291,45.5406871884609,113.231996832954,48.1860034863609,91.9689204476096,54.0898245660548,96.2098366134795,58.5054042584428,67.5905179794563,72.4407667961988,81.6037979268722,48.9292608408356,47.3073434498752,78.272800840773,49.7710441431605,37.6321875938532,12.016427444028,160.099090576172,150.442991638184,119.399193827311,112.782178115845,160.297025044759,0,212.138916015625,158.379437255859,190.30197652181,176.31746673584,0,151.165069580078,117.339691162109,152.39384321733,228.71501159668,0,139.632807254791,139.944040527344,151.477157592773,147.018500934948,102.112945556641,171.105565388997,113.605875651042,134.225954583351,159.452273305257,153.211360931396,132.832387263958,130.42171695078,171.256917317708,0,200.898406982422,161.83113861084,0,0,144.890596662249
0,0,0,91.3332328796387,165.535446166992,0,195.45475769043,157.227213541667,177.862701416016,0,0,0,0,193.403564453125,0,0,201.371200561523,231.084121704102,0,0,0,0,165.882751464844,198.705968221029,165.244494438171,0,215.936054229736,231.037231445312,154.731817881266,0,0,0,0,0,160.099090576172,11.2607266934846,200.687591552734,125.315286095463,106.067617600964,111.514080471463,91.2630149439761,94.7641635611038,33.4364838577206,51.4932547677862,101.493569887601,63.7994505120389,134.060715324,123.895603942871,157.800223182229,20.3078322866941,142.491307576497,114.429794311523,119.233292102814,141.335737517386,136.721531150615,101.544948436596,82.7914136748074,87.4138922781314,109.64140772692,98.7499107957275,151.304918924967,137.069461051232,148.960511163834,96.8888803815085,25.5877588155336,23.1214467813084,148.74504131741,91.6707696569971,39.9297008569371,70.4098647650811
0,0,121.077930026584,0,0,0,0,228.217422485352,0,0,0,140.616481781006,0,135.504206730769,0,0,138.421478271484,145.944402694702,144.930709838867,167.92333984375,0,0,0,171.84454536438,185.791069030762,128.453424453735,126.884309880874,131.465995518848,173.587562561035,163.200866699219,0,148.214673360189,0,0,150.442991638184,200.687591552734,9.53908008769031,50.1687936490299,22.3770231244216,165.744064331055,0,154.159259033203,148.031444973416,164.848655700684,82.4818800554312,176.970911661784,82.1578161239624,116.762275695801,62.4175484541158,168.516324615479,139.413772583008,68.3060550994061,63.9481401642995,86.1702785491943,73.8134547369821,0,105.093608140945,32.1481136316558,77.70522868047,91.4520135957051,23.9313662136709,57.5189277933063,37.3513034041238,112.33381061554,139.37438498603,118.266177368164,84.6739911531147,84.3050689697266,131.09363861084,76.4333048655574
169.137352837457,75.4408026801215,101.400019520085,81.2388631647283,184.448455810547,0,198.367509206136,176.313265323639,187.870216006324,170.593915303548,205.576317681207,168.404348200018,0,153.425938197545,194.279413637908,0,112.043886368091,117.170755702647,149.322006225586,134.831254119873,185.528366088867,145.240130615234,129.58023223877,107.697611571364,169.305849009547,0,117.206004579606,101.511728497265,179.286279354455,182.479576559628,162.425700378418,173.12712097168,0,180.073265075684,119.399193827311,125.315286095463,50.1687936490299,12.9810372922664,50.4593602241574,137.184584707584,172.17350769043,140.283330216841,99.2243793657056,137.080828373132,116.024537263093,120.965679425151,114.140301555669,148.454324035645,107.890220771402,134.176488486489,144.611901283264,85.4790528131568,44.6266475504369,105.675640839797,74.8917634466923,133.370346634476,62.9194517534568,54.0934274991353,36.9954963949215,111.748204337729,111.665422439575,38.5407742274365,32.97669253271,91.7332292643273,159.628573754255,110.041040444881,100.337284130997,142.631608009338,143.156971401638,91.1705143859292
79.1302719116211,92.2260657719203,73.5461869869592,93.8635292053223,100.438734054565,0,132.362258911133,91.8918882299353,177.491744995117,119.065563201904,107.884922027588,103.573487854004,0,82.6674064212375,102.599716186523,0,59.6740678418584,101.185670428806,0,125.783666338239,121.308151245117,77.382364654541,59.4690624237061,65.0781685250704,77.9465463382682,55.3742453257243,101.867129824055,60.1850945805177,82.9136349547143,108.420159426602,86.8602464849299,79.5606371561686,0,76.1523361206055,112.782178115845,106.067617600964,22.3770231244216,50.4593602241574,21.1152348068345,88.5882110595703,69.8109970092773,120.546173389141,123.052413057398,127.998352527618,15.837506982157,129.386932373047,90.3196875,98.0534843444824,48.0345179652191,125.278217682472,61.1014933952918,72.7702189892322,65.3805753682226,100.401379952064,78.1103608930433,143.836689758301,99.2015732659234,49.7870293169474,68.1105925990887,48.8239160797258,20.0039606327527,54.2769665542158,46.4004373307936,113.714295354383,100.208579773871,98.6394721736079,80.9185554102847,143.954944610596,87.2387933988829,84.1731866401962
0,0,197.294540405273,90.3981666564941,10.658463801569,0,104.787405649821,137.393207973904,0,97.6076507568359,32.9394249353867,227.304428100586,25.00725575274,0,0,0,205.94010925293,0,0,0,12.9543878987885,0,146.872360229492,197.260780334473,115.725322758068,0,227.273208618164,194.229167393276,53.0002917194366,98.418384552002,180.495544433594,0,143.493461608887,91.1381149291992,160.297025044759,111.514080471463,165.744064331055,137.184584707584,88.5882110595703,9.54450916455702,151.073745727539,76.6659976921521,61.9154704769006,99.2501047144385,25.4696581429905,19.9515544228585,194.653343200684,31.1334198423916,205.707376098633,110.673016073925,61.7312629699707,137.630035400391,167.742588390004,199.242660522461,176.664296468099,15.4172621208462,146.315800753507,115.194608186421,153.364573026958,18.4163030431377,0,171.415525436401,164.312970594926,16.1429213342167,124.345887981477,133.407212650075,216.340377807617,155.223948160807,115.467042287191,120.309537106469
