10.7059590256785,121.054164341518,104.087848803546,100.59277842595,84.2454370771136,98.2225545247396,86.7709553776955,34.9241546114577,56.4151307087319,79.8335312533091,54.2820618100026,131.330404890345,100.801171620687,188.22292175293,18.8277104047472,113.233576456706,120.216659545898,99.0058587682815,140.705876668294,125.037343343099,103.504508278587,71.6854582383082,123.76336924235,95.0942390511889,84.9459347102953,178.318145751953,119.098344480074,135.863192259376,83.1506421332266,15.8795998003485,33.0875160498997,213.316757202148,86.0573606491089,49.2607729673386,70.9972363390574,192.449584960938,0,164.541152954102,119.82103729248,201.61865234375,0,170.777160644531,153.871315002441,165.682655334473,102.962867736816,164.074244907924,0,164.112770080566,0,206.668467203776,0,233.442581176758,200.857055664062,0,194.969879150391,175.441390991211,0,125.442207336426,153.06814956665,123.209058125814,0,210.83740234375,201.245760236468,138.030615026301,177.85226949056,184.864677429199,0,0,167.006698608398,170.960975646973
121.054164341518,8.23980371988683,55.0452502591767,14.6290597235089,115.099837563255,0,196.635414123535,141.396249944513,151.944901148478,79.8688309502356,165.747326660156,67.5514158809886,137.885185241699,55.8034759656651,148.173947652181,126.06840133667,60.3242441722325,57.5872639469478,74.8406391143799,60.4922333350548,162.656753540039,91.8157663759978,24.6025345035221,66.9729600667954,83.115398800716,28.3297266741888,53.4367912126624,33.2247136629632,111.176184131253,122.809655391809,106.021441777547,69.1349898444282,184.25163269043,123.137308029901,66.255271135966,144.106567382812,37.1380043029785,91.4439258575439,112.965749740601,168.055282592773,0,168.379745483398,0,192.649337768555,120.457455952962,174.236358642578,90.3820724487305,225.868011474609,85.4933284960295,0,0,0,94.6395172119141,107.235549926758,98.8018417358398,167.871887207031,96.7718505859375,78.8209660847982,119.861324310303,150.36238861084,64.7633266448975,95.6939979553223,82.504475413142,184.333938598633,192.912117004395,0,0,0,0,113.058793204171
104.087848803546,55.0452502591767,15.4548193511276,54.0159236424005,134.381249564035,190.510136195592,153.405095554291,106.311941952073,135.043599574909,128.938856493525,117.442708091692,97.4760612378017,148.35153592866,88.8710171057253,125.499174102725,162.065982145422,94.817578340188,38.2735128316741,89.9499341992364,79.5703216992288,149.952704293387,65.9669174240893,50.5687775268555,34.8691738164261,121.8737381628,87.2889945086311,35.5778371591127,37.2528846618724,100.341466911799,128.331179769644,82.0393781676912,90.4211548836001,183.564478193011,120.481273552467,72.9333259814658,192.808364868164,111.863161087036,92.3966859734577,162.858216025613,199.291295732771,0,206.637403048002,186.348686726888,213.195225108754,150.088764508565,209.940782196668,0,211.518057929145,129.065973917643,208.362763838335,0,131.350302476149,110.729962143244,147.561331431071,122.668911525181,205.565947469076,107.997650146484,70.3519327436175,125.442204502651,168.026924843012,0,131.461938192678,98.520549578839,180.661194405905,188.809326171875,182.374767303467,159.611175537109,0,205.956797281901,139.284562301636
100.59277842595,14.6290597235089,54.0159236424005,13.5243399961671,61.2813267274336,131.485527038574,75.5857900031527,73.8746381239458,83.3205515908413,43.7211133425456,81.4300372993553,63.6813192303549,82.111905002594,47.3609727035613,91.0675934285217,110.308378219604,65.8117211235894,61.0219678504445,77.6165395216508,62.3818891381705,77.4634406349876,93.2161240091129,30.1216742344958,62.7944629274566,46.3957260418523,25.5688535713081,61.1910640209705,41.9464712282948,70.4167696429837,105.80805293719,90.3118778180473,77.9891255027369,130.276926676432,79.535123168445,70.2836881944204,139.270068359375,23.6458696722984,54.1180866241455,14.8255416472753,95.5090850830078,0,110.461891174316,126.958894252777,123.244451904297,85.9246168136597,110.71093023391,85.7430569041859,110.186841328939,62.1224208997644,149.329562187195,0,95.6823081970215,72.9915717840195,61.1615511576335,67.5297124862671,151.864730834961,131.291371663411,89.8191783905029,81.0591104680842,65.5586221024797,35.4766122424413,66.755892079051,57.4210181786032,132.018538157145,142.927263532366,124.063842773438,67.9931098937988,0,139.993530273438,90.5228625933329
84.2454370771136,115.099837563255,134.381249564035,61.2813267274336,9.46352439973532,108.496612548828,82.1711822918483,61.4108529693779,94.4490043903219,41.9214817974138,14.8048885652009,200.19580078125,26.8353353736088,175.034722900391,102.933096951001,67.908698772562,98.0994453430176,157.635739253117,176.717987060547,172.427082061768,13.1285909612999,104.542274475098,82.4604363874956,120.03609890408,16.8378582385168,171.576324462891,169.583165486654,150.029856595126,18.2474511096539,108.104248721783,98.1987456083298,0,161.849614461263,85.3522845301135,102.744088421129,143.843381881714,0,174.841868082682,64.2040278728192,13.9687400936711,0,142.892941665649,112.768610249395,165.34504720327,79.8580258313347,138.058290972854,0,33.0132790108833,0,172.038483174642,93.6414008140564,0,0,0,0,42.2452952380289,0,0,165.750015258789,89.28211858649,0,182.494148254395,218.291938781738,125.290597786933,164.931549765847,0,0,0,163.654210408529,176.050689697266
98.2225545247396,0,190.510136195592,131.485527038574,108.496612548828,6.19455498440843,8.44026011661895,118.77426317003,20.6483990302375,63.9877934455872,113.959670270076,68.2060283660889,90.6303605166349,88.7564468383789,35.6704208006655,11.8315105026502,0,178.630620320638,113.037544250488,143.27318572998,125.103227233887,103.768775939941,149.612457275391,168.12926940918,122.009744262695,0,189.791688537598,146.519155883789,138.549942016602,25.1939765694649,124.631896972656,0,12.2635278982175,93.8191623687744,47.7652280496997,0,0,0,144.675765991211,0,0,0,188.216400146484,247.716201782227,192.441360473633,221.192657470703,0,0,0,0,0,0,0,0,0,0,0,0,0,167.377426147461,0,0,0,0,230.338943481445,0,0,0,181.681594848633,0
86.7709553776955,196.635414123535,153.405095554291,75.5857900031527,82.1711822918483,8.44026011661895,10.8216602147182,66.1043937379118,25.0159563940469,83.3134553755483,30.6754213950368,88.6343822290402,23.2624021131113,110.787963231405,42.1311118933015,10.1147307084738,0,165.372168008383,129.740379333496,172.28218536377,58.1726142441166,134.834283777185,140.045208740234,155.371598628529,90.3048304471103,192.826156616211,173.433055068507,171.577966320899,79.2133029686226,49.1290885839006,112.126228792122,131.173853556315,39.1883193068902,96.5771207647809,69.8889456418428,168.035121154785,0,200.261648995536,93.8320099403118,156.428554411857,0,165.934444895962,144.021957252139,178.575212460472,121.483417777128,168.615994554885,0,138.435513621882,0,190.609811811305,0,168.51872253418,215.985260009766,0,0,164.518994106336,230.075843811035,161.490918840681,206.720342000326,126.672017005182,0,215.029838562012,196.421709060669,149.298887600369,179.47191298008,178.827352905273,0,215.311096191406,180.383930969238,178.926630655924
34.9241546114577,141.396249944513,106.311941952073,73.8746381239458,61.4108529693779,118.77426317003,66.1043937379118,12.1534426317188,58.8434876068475,64.6087198631786,21.5902498142864,158.469254191329,64.146643495047,172.509700298309,40.2761502968942,90.4312473842076,117.716437644147,106.778449844074,172.068652153015,142.369782447815,70.2732840451327,75.5795503479694,102.08051628902,91.6266127414391,64.6815616356855,148.544596354167,138.279999830052,124.438423454651,32.5146885279521,68.3315140243106,24.6123623093065,172.784422132704,133.155801737084,72.7752881975838,94.8303058639405,157.570055961609,194.092132568359,161.769125802176,71.5784136962891,127.612478603016,0,143.595676422119,123.185019720168,163.538437957764,82.2768709434653,142.11530992296,212.57251739502,141.708197123969,0,166.020716905594,99.0482681274414,139.882124900818,201.066608973912,205.089645385742,194.265502929688,143.215015093486,194.000549316406,109.963198184967,165.030087153117,105.312593750141,0,207.010597229004,184.979649135045,131.194926846412,156.98068065028,175.983462524414,0,202.202362060547,154.399035367099,156.294245543303
56.4151307087319,151.944901148478,135.043599574909,83.3205515908413,94.4490043903219,20.6483990302375,25.0159563940469,58.8434876068475,11.6259055617761,88.0355324970295,28.7317166713268,96.9203275449716,44.0683636694104,123.899809919085,19.2174362246039,35.021719064468,142.447759188139,139.741518112078,129.71024983724,164.421971489401,91.1023912827174,116.115650533772,131.31844371074,129.814991221708,93.1816751915112,156.458735656738,153.311468265448,156.789541021821,87.0943881224179,39.6435385330313,82.7671263130294,139.632754516602,22.4321659277638,87.6703641679552,71.4013945307246,180.00199508667,0,198.265872955322,96.8689048290253,160.197709890512,0,179.201694212098,148.416035842895,183.436256301235,113.623738916909,169.209209413019,217.695297241211,160.092983033922,0,183.758547592163,0,159.146340942383,213.81276957194,0,0,168.80225854171,206.386070251465,142.6263256073,199.851760864258,132.2113336887,0,233.971008300781,193.968811035156,150.058678152315,179.301658016512,180.790912204319,0,0,169.885984039307,173.686674069136
79.8335312533091,79.8688309502356,128.938856493525,43.7211133425456,41.9214817974138,63.9877934455872,83.3134553755483,64.6087198631786,88.0355324970295,10.6419113795133,76.5571710162235,143.584321002571,19.6500602718549,128.379131857119,90.4236642050498,27.4948659589665,70.5314005801552,137.561581578748,157.027920809659,139.838452700911,42.4935151613676,88.3242175382726,26.9404079490848,118.246191131935,23.8639345449106,112.366692714202,142.970403832125,114.850419616078,51.1734783592656,91.2296142935306,59.0827357112961,146.718948364258,137.794425237746,73.9066767810968,89.1388084303658,97.663330078125,172.541549682617,167.484958648682,23.3947460447039,87.6736398250499,0,114.841436451879,90.6998984927223,123.603512573242,21.0806697184447,109.802463658651,160.982292175293,81.503509197595,166.925190516881,138.500567913055,62.0805291069878,203.514129638672,166.735868453979,163.729217529297,191.609288533529,105.545356897207,69.9301681518555,135.488549913679,119.197009277344,57.2855102042077,144.666971842448,179.159506903754,153.792070388794,82.9657004924303,119.828151051591,79.6032806396484,0,0,88.1609592437744,103.252478988082
54.2820618100026,165.747326660156,117.442708091692,81.4300372993553,14.8048885652009,113.959670270076,30.6754213950368,21.5902498142864,28.7317166713268,76.5571710162235,11.0610233898476,149.796494276627,21.4189716094376,165.984699249268,44.8711302161117,82.1631986206653,135.30050201416,132.873340865941,171.067254202706,161.054664929708,17.462349015752,89.815863184182,116.872820767489,104.368027607864,77.560645016356,169.239984130859,148.792684881537,142.989360552568,32.6120857556535,96.5880441591109,60.6188933336694,192.741836547852,123.981756261877,85.6130072914357,98.5636148172572,175.473577590216,0,194.664330800374,85.6572009174764,87.6191736952464,0,162.034606592343,136.198066940635,176.065363169749,100.308560007626,159.393286922384,238.432052612305,109.118895607093,241.136439005534,188.714734228972,115.31836271286,169.173105875651,216.185217721122,0,220.780471801758,150.521077341313,200.476642608643,140.012924194336,186.537887573242,115.094265114113,0,220.770348685128,204.507887098524,145.374288840852,181.967397527177,205.401369730632,0,225.396987915039,169.61482035319,185.054236977787
131.330404890345,67.5514158809886,97.4760612378017,63.6813192303549,200.19580078125,68.2060283660889,88.6343822290402,158.469254191329,96.9203275449716,143.584321002571,149.796494276627,13.3259995690685,154.866448084513,28.8901045208992,93.9652297695903,84.9651794433594,141.591876983643,49.8528849713889,20.9838358958267,25.7448691166052,147.841006808811,96.2723371098551,97.9068936630034,79.3400819726892,162.463072116558,27.9387521478127,26.1763620231799,61.8993209585319,162.817217333563,60.8311684087634,114.419887474197,37.3479917329467,65.2184176418951,117.518420628139,29.7072571779772,0,82.7814106411404,175.212092081706,66.6916542053223,163.166168212891,0,210.096557617188,0,237.727569580078,178.003227233887,0,65.321473901922,0,71.5125961705258,0,0,155.104827880859,135.446747916085,105.168902079264,129.144157409668,0,220.266540527344,126.702534762296,143.694358825684,197.300765991211,59.1322998582271,101.876316289792,96.8584148097683,199.135231018066,187.649490356445,0,89.849728175572,0,0,150.673225402832
100.801171620687,137.885185241699,148.35153592866,82.111905002594,26.8353353736088,90.6303605166349,23.2624021131113,64.146643495047,44.0683636694104,19.6500602718549,21.4189716094376,154.866448084513,9.76492609139356,192.805786132812,109.87295578266,19.799311542511,110.962097167969,166.446116129557,0,171.510581970215,12.5873534848662,97.4723243713379,112.144645690918,136.740174727006,37.5198015009032,0,169.469893391927,155.349141243177,42.4250905575205,109.434502514926,93.0676528930664,0,125.036009470622,91.8508014678955,107.051709548287,156.941040039062,0,162.560317993164,72.5618339776993,50.5249691061352,0,127.015140252955,138.981902729381,154.432376210282,87.1031553578931,118.216618796652,234.421020507812,13.6841762962174,0,157.866701013902,109.178933461507,0,235.453018188477,231.992324829102,0,33.8928835705249,0,0,141.912231445312,99.7692595309899,0,0,205.806304931641,125.926814219157,176.057361378389,194.327926635742,0,179.313903808594,0,158.856044769287
188.22292175293,55.8034759656651,88.8710171057253,47.3609727035613,175.034722900391,88.7564468383789,110.787963231405,172.509700298309,123.899809919085,128.379131857119,165.984699249268,28.8901045208992,192.805786132812,8.27638983305934,114.914838112007,180.479807535807,123.892138671875,81.0341151101249,52.1052405062844,62.2810069798354,180.363037109375,138.023459370931,86.3344173050619,115.719629560198,142.806137772857,15.3054856479942,28.5499203763932,30.2222146115497,176.381040649414,74.5755964986394,135.968318266027,12.409401686114,93.4478011661106,163.772384643555,63.9811270693515,0,77.3653470277786,148.459629058838,87.9516965617304,0,0,0,200.782333374023,194.020095825195,143.499824870716,216.635599772135,60.1629223878356,234.918563842773,58.9610530661488,116.591133117676,0,160.343528747559,134.279621548123,93.0175345284598,105.206798553467,0,0,98.8768150515673,155.956965128581,186.397792271205,51.7940189985581,92.9503714892329,85.0151845560778,216.943984985352,0,242.833023071289,86.9933500155597,0,0,146.074165344238
18.8277104047472,148.173947652181,125.499174102725,91.0675934285217,102.933096951001,35.6704208006655,42.1311118933015,40.2761502968942,19.2174362246039,90.4236642050498,44.8711302161117,93.9652297695903,109.87295578266,114.914838112007,10.1677148395942,28.3545374994154,152.401524543762,124.287601106913,142.630924415588,143.636839730399,111.654677073161,102.569523288705,131.155692360618,118.358384671419,97.1908381420909,133.416332244873,141.504746473397,152.386742236009,91.2398688356488,19.9155818630059,65.3663028789692,143.125940050398,20.6770846019044,46.0514135725511,61.1769428279683,172.849375043597,140.530227661133,177.879524230957,101.580723155629,176.114847183228,139.78337097168,174.831280830579,159.979237464166,184.146479866721,104.775611659459,182.195749555315,234.346450805664,161.809982299805,204.824516296387,197.907006722909,0,163.101010131836,202.652612686157,0,214.698287963867,177.258045196533,174.095097859701,143.837366739909,206.38948059082,137.426357783628,0,199.597705417209,197.49192905426,156.983689709244,190.036630785143,171.370470319475,0,0,178.705678304036,183.47687853797
113.233576456706,126.06840133667,162.065982145422,110.308378219604,67.908698772562,11.8315105026502,10.1147307084738,90.4312473842076,35.021719064468,27.4948659589665,82.1631986206653,84.9651794433594,19.799311542511,180.479807535807,28.3545374994154,7.39924633539228,0,155.992919921875,0,0,82.656569925944,140.636962890625,100.103179599928,156.741984049479,55.5355476721009,165.309710184733,188.942367553711,164.198144640241,90.3543410806095,51.689602754554,107.310686978427,0,40.3692159528856,102.664794921875,92.608646774292,224.529937744141,0,0,94.813648223877,98.8114929199219,0,155.724639892578,121.787864685059,171.049827575684,85.1393737792969,174.642861938477,0,108.388521671295,0,0,0,182.565841674805,0,0,0,175.622314453125,0,0,0,120.94079208374,0,0,0,148.689498901367,162.078071594238,0,0,0,0,191.046722412109
120.216659545898,60.3242441722325,94.817578340188,65.8117211235894,98.0994453430176,0,0,117.716437644147,142.447759188139,70.5314005801552,135.30050201416,141.591876983643,110.962097167969,123.892138671875,152.401524543762,0,11.4960867801602,103.66330087596,144.907399495443,127.367132822673,100.303108215332,27.6582793732689,29.2507747342595,29.4375733714329,25.7001367667067,109.601027544807,119.874248729033,29.2261929272561,59.6918841274787,126.948008219401,75.0561402131321,114.768402099609,193.315093994141,119.264461810772,83.294070704,117.579521179199,0,92.3144579569499,107.078144073486,192.236755371094,0,175.630218505859,166.715194702148,184.3408203125,97.9575872421265,206.313959757487,0,0,0,180.286590576172,0,92.6436780044456,134.252336502075,207.484573364258,212.388870239258,191.581451416016,113.490519123693,55.2917295322297,101.515154212412,88.4777504205704,0,153.52995300293,102.888372347905,133.945129031227,173.173580932617,120.896626790365,0,0,0,117.544401986258
99.0058587682815,57.5872639469478,38.2735128316741,61.0219678504445,157.635739253117,178.630620320638,165.372168008383,106.778449844074,139.741518112078,137.561581578748,132.873340865941,49.8528849713889,166.446116129557,81.0341151101249,124.287601106913,155.992919921875,103.66330087596,10.9025915259466,56.7755257106563,20.4553682775359,165.521809895833,50.751918721164,85.6332662521847,21.2742959668587,140.587941550535,71.1895712427346,36.6050536490155,70.6507297451575,122.20716135159,101.874617895077,73.146576716892,84.8996791350536,174.044190470378,98.5403408041887,40.1435276843175,186.970596313477,82.3292615073068,112.555194396973,100.273357118879,198.11051940918,0,227.881652832031,194.831364949544,219.546923319499,187.030868530273,230.476226806641,149.544998168945,0,122.037387424045,200.916989135742,0,127.339757283529,121.224825684453,144.355331420898,129.775158047676,0,166.428201293945,112.933890122634,141.095117279978,166.60600789388,98.219953918457,119.313077187052,112.913162095476,193.202587127686,194.682593209403,185.563650131226,139.861334482829,0,178.47575378418,134.135119511531
140.705876668294,74.8406391143799,89.9499341992364,77.6165395216508,176.717987060547,113.037544250488,129.740379333496,172.068652153015,129.71024983724,157.027920809659,171.067254202706,20.9838358958267,0,52.1052405062844,142.630924415588,0,144.907399495443,56.7755257106563,6.37127939506484,14.6559128721605,0,111.228691646031,101.030897521973,84.1129666841947,172.726852416992,44.4297871180943,32.2384534082996,61.5003888018545,170.025136675153,100.400633643655,120.12098220299,54.7494708139659,91.8750762939453,128.860030174255,58.8873875279811,0,93.1637649536133,0,124.086685180664,0,0,0,0,0,0,0,120.24097442627,0,87.4233641190962,0,0,0,137.56475660536,120.803605651855,106.751446723938,0,0,117.02165222168,0,0,75.667644182841,101.931188666302,100.892589440506,0,0,0,104.881220499674,0,0,173.100204467773
125.037343343099,60.4922333350548,79.5703216992288,62.3818891381705,172.427082061768,143.27318572998,172.28218536377,142.369782447815,164.421971489401,139.838452700911,161.054664929708,25.7448691166052,171.510581970215,62.2810069798354,143.636839730399,0,127.367132822673,20.4553682775359,14.6559128721605,9.15284049705938,178.732376098633,87.986510869314,103.83919770127,54.0921096598126,157.89538087516,47.7281456186965,37.7723145113339,65.9134162480021,163.393963357677,112.653673043412,101.446023411905,63.5782328167477,110.898847579956,105.222301483154,47.1827126488499,198.837097167969,71.5604904174805,126.19942855835,72.2633912222726,188.508346557617,0,0,193.83137512207,162.528533935547,160.456527709961,217.748260498047,122.419394493103,0,102.246320562848,217.635101318359,0,167.78694152832,122.647930476976,118.7634862264,113.550991794519,0,170.863193511963,139.808788299561,140.153335571289,203.433820088704,77.1633699857272,105.569253205247,103.367255014243,208.77153523763,198.232333374023,179.804122924805,115.049377441406,0,214.584899902344,134.177140917097
103.504508278587,162.656753540039,149.952704293387,77.4634406349876,13.1285909612999,125.103227233887,58.1726142441166,70.2732840451327,91.1023912827174,42.4935151613676,17.462349015752,147.841006808811,12.5873534848662,180.363037109375,111.654677073161,82.656569925944,100.303108215332,165.521809895833,0,178.732376098633,7.88801373797551,153.97184753418,104.834908485413,131.919969177246,38.4215315512481,0,172.83960723877,151.388142585754,31.6009447851224,107.041695165886,94.4565493265788,0,139.375019709269,93.5915408664279,107.992302216679,185.524070739746,0,216.679275512695,70.5837094924029,21.9274322793597,0,163.168170844184,131.764739005796,180.435823822021,88.4723493787977,153.912773077436,0,17.5419206877611,0,190.53604888916,116.284528096517,0,228.827194213867,245.210296630859,247.843643188477,37.593600025773,0,146.376358032227,0,102.918538149665,0,222.252624511719,199.748023986816,135.234036690848,177.187289767795,183.145645141602,0,0,162.60498046875,200.061199188232
71.6854582383082,91.8157663759978,65.9669174240893,93.2161240091129,104.542274475098,103.768775939941,134.834283777185,75.5795503479694,116.115650533772,88.3242175382726,89.815863184182,96.2723371098551,97.4723243713379,138.023459370931,102.569523288705,140.636962890625,27.6582793732689,50.751918721164,111.228691646031,87.986510869314,153.97184753418,10.4445968309551,56.3490163381375,27.5265672788787,55.1519386296225,112.903585645888,105.980124253493,80.1667069973906,30.0678104809944,60.6878518281561,29.617012833386,137.073046366374,158.209981282552,62.4588015042361,40.0837419030212,136.507720947266,0,129.327121441181,157.856925964355,0,0,193.616282145182,147.74876839774,198.222720336914,103.595817565918,187.118438720703,0,186.927421569824,0,197.706878662109,0,108.169010110097,163.931739113548,183.858184814453,168.339057922363,215.113652547201,117.531700827859,68.7425186157227,124.687119899652,105.512082633972,0,176.584391276042,141.759695943197,130.215603419713,182.482089996338,119.585448415656,0,0,114.617469787598,153.713183811733
123.76336924235,24.6025345035221,50.5687775268555,30.1216742344958,82.4604363874956,149.612457275391,140.045208740234,102.08051628902,131.31844371074,26.9404079490848,116.872820767489,97.9068936630034,112.144645690918,86.3344173050619,131.155692360618,100.103179599928,29.2507747342595,85.6332662521847,101.030897521973,103.83919770127,104.834908485413,56.3490163381375,8.38804012132001,48.8627170672861,32.0904723373277,75.30209387643,100.030856422756,46.8774022185752,67.6799041907705,133.294807195663,65.4156050596262,103.8204342386,165.237365722656,125.587903109464,80.1115448286857,162.436141967773,105.602252960205,50.9394905197788,78.1116104125977,111.018436431885,0,162.806575775146,135.564333402194,168.259963989258,19.3584599433007,166.552592468262,144.353713989258,149.360242843628,124.656307067871,164.884160359701,0,51.574522571029,95.5442793996711,113.100044250488,122.184969584147,184.46630859375,74.1377367226474,11.0408587492118,63.7460211593739,98.1886993264252,114.052808588201,119.402229655873,63.5402054148874,103.905554479482,141.257595698039,79.1693866729736,155.60270690918,0,138.724336242676,96.3474479088416
95.0942390511889,66.9729600667954,34.8691738164261,62.7944629274566,120.03609890408,168.12926940918,155.371598628529,91.6266127414391,129.814991221708,118.246191131935,104.368027607864,79.3400819726892,136.740174727006,115.719629560198,118.358384671419,156.741984049479,29.4375733714329,21.2742959668587,84.1129666841947,54.0921096598126,131.919969177246,27.5265672788787,48.8627170672861,13.405453173241,76.077830584438,106.88421194894,81.0429314082785,58.011876211076,69.9264187407485,96.777982706404,54.229359932626,122.248451741536,194.225250244141,85.8607250751893,45.7805419184456,216.246627807617,0,101.596875508626,106.493860880534,0,0,184.53394317627,178.790846252441,215.661198933919,109.586148579915,192.554955376519,153.589599609375,0,117.60498046875,193.710415649414,0,104.229596779099,141.400241027007,192.436782836914,148.353518317727,0,134.194863570364,60.5483673042069,115.659955753692,135.664544459752,112.341842651367,151.724835944898,109.997797278873,157.486447606768,196.870565934615,166.718409220378,0,0,180.086387634277,145.311227303964
84.9459347102953,83.115398800716,121.8737381628,46.3957260418523,16.8378582385168,122.009744262695,90.3048304471103,64.6815616356855,93.1816751915112,23.8639345449106,77.560645016356,162.463072116558,37.5198015009032,142.806137772857,97.1908381420909,55.5355476721009,25.7001367667067,140.587941550535,172.726852416992,157.89538087516,38.4215315512481,55.1519386296225,32.0904723373277,76.077830584438,11.278288100587,121.568074043161,147.790297381451,94.5613066737162,23.1505877910015,94.5967509300968,69.9818717309776,164.998348529522,150.445112440321,80.1873631888981,92.1372446695964,137.264552593231,0,146.848084491232,53.6509681201089,107.157163134792,195.152503967285,129.682164877773,111.717211475688,144.236144759015,64.2638264894485,127.689216807972,192.725997924805,114.338421669232,170.245513916016,148.257285079336,106.563163757324,107.66882303026,175.493091583252,0,209.206481933594,123.784907365457,123.932626953125,82.9386589615433,146.029861609141,85.9182324674737,186.514915466309,187.753646373749,155.994374059862,110.912613512396,143.899321137113,143.800211906433,0,183.708122253418,131.936131747264,137.873253007369
178.318145751953,28.3297266741888,87.2889945086311,25.5688535713081,171.576324462891,0,192.826156616211,148.544596354167,156.458735656738,112.366692714202,169.239984130859,27.9387521478127,0,15.3054856479942,133.416332244873,165.309710184733,109.601027544807,71.1895712427346,44.4297871180943,47.7281456186965,0,112.903585645888,75.30209387643,106.88421194894,121.568074043161,8.54385294074107,41.976550866396,21.4271324191915,149.553286361694,92.0990569591522,133.87499332428,49.4122060345065,108.895413716634,140.995798746745,61.849386714055,174.467239379883,54.5839738072576,0,52.3666218844327,0,0,0,186.660629272461,0,135.368315734863,0,54.9686258922924,0,50.9399852739919,199.982353210449,0,191.788497924805,97.3644954974835,76.287423815046,83.7071690278895,0,135.993026733398,86.7107320868451,129.940982818604,144.526955195836,39.2881376806058,73.0544851120204,68.5931258028414,207.924385070801,95.3511962890625,153.227767944336,74.8432428611899,0,0,119.404785849831
119.098344480074,53.4367912126624,35.5778371591127,61.1910640209705,169.583165486654,189.791688537598,173.433055068507,138.279999830052,153.311468265448,142.970403832125,148.792684881537,26.1763620231799,169.469893391927,28.5499203763932,141.504746473397,188.942367553711,119.874248729033,36.6050536490155,32.2384534082996,37.7723145113339,172.83960723877,105.980124253493,100.030856422756,81.0429314082785,147.790297381451,41.976550866396,13.6175140004401,38.3203818125996,143.30230066843,128.082542149302,112.288812118664,24.6176473769478,127.512863636017,125.129441932127,69.1967086806706,196.34973526001,84.0900387234158,142.126254081726,99.5708294744077,220.621597290039,0,215.692626953125,201.500031607492,211.109200613839,183.962912241618,219.064975738525,104.340212140765,224.19455871582,87.8455282418839,191.954733276367,0,154.546371459961,118.323952614724,108.188984985352,105.133532206217,0,220.569488525391,121.025244768928,153.657204691569,192.40644975142,71.7817048072815,96.3930481627396,93.7071191026418,201.847645874023,188.3244205051,170.712802463108,107.385382385254,152.906967163086,190.435562133789,129.21823322773
135.863192259376,33.2247136629632,37.2528846618724,41.9464712282948,150.029856595126,146.519155883789,171.577966320899,124.438423454651,156.789541021821,114.850419616078,142.989360552568,61.8993209585319,155.349141243177,30.2222146115497,152.386742236009,164.198144640241,29.2261929272561,70.6507297451575,61.5003888018545,65.9134162480021,151.388142585754,80.1667069973906,46.8774022185752,58.011876211076,94.5613066737162,21.4271324191915,38.3203818125996,16.2209764643244,98.7315600288915,141.359017033495,110.222339037926,16.3355518118611,173.55335195441,132.659841679164,77.1661190651646,183.089835030692,74.3362472507503,92.620481988217,85.3666859530331,170.4833984375,0,217.633785671658,185.649799469979,196.846660069057,151.261689645273,217.098934936523,107.561547378014,200.389337539673,80.8489100979621,188.789215087891,211.387229919434,103.102186277509,110.333938731052,112.583142304223,112.356548631456,213.349406433105,132.553555875211,58.9512802682272,111.668864809234,156.183103671441,65.3044652353419,98.5049785505022,93.2459838315567,165.825085135067,175.831599148837,162.83141188188,100.079746828241,221.385559082031,160.607442583357,127.27798697476
83.1506421332266,111.176184131253,100.341466911799,70.4167696429837,18.2474511096539,138.549942016602,79.2133029686226,32.5146885279521,87.0943881224179,51.1734783592656,32.6120857556535,162.817217333563,42.4250905575205,176.381040649414,91.2398688356488,90.3543410806095,59.6918841274787,122.20716135159,170.025136675153,163.393963357677,31.6009447851224,30.0678104809944,67.6799041907705,69.9264187407485,23.1505877910015,149.553286361694,143.30230066843,98.7315600288915,13.9285126541555,97.13362033997,39.5177307126969,187.299418858119,140.100373488206,80.0469853730635,84.9812419875329,146.186385290963,0,167.629211425781,72.3332545598348,87.3509255565664,167.412635803223,143.950692059917,117.19966554033,157.846102289407,79.211412340052,139.811497312127,230.063516235352,101.338746970934,218.679363250732,169.304375184785,104.130967102051,137.954440241275,195.817439079285,228.790740966797,212.407245635986,134.899024975886,132.543727620443,96.5778124882625,154.382825349507,80.2497123260039,204.501327514648,216.540708996001,171.640108787407,122.38654187435,156.67016642904,133.943853551691,0,214.741226196289,143.566358054557,147.215619967129
15.8795998003485,122.809655391809,128.331179769644,105.80805293719,108.104248721783,25.1939765694649,49.1290885839006,68.3315140243106,39.6435385330313,91.2296142935306,96.5880441591109,60.8311684087634,109.434502514926,74.5755964986394,19.9155818630059,51.689602754554,126.948008219401,101.874617895077,100.400633643655,112.653673043412,107.041695165886,60.6878518281561,133.294807195663,96.777982706404,94.5967509300968,92.0990569591522,128.082542149302,141.359017033495,97.13362033997,8.26260318657996,21.6392275679036,119.326089959396,13.9667845388481,13.9502307694219,37.7311911239457,185.395768907335,124.534366607666,184.228729248047,115.226876134458,193.71092414856,0,195.399770883413,159.224610101609,193.130615821251,125.591235160828,189.372732597485,211.844985961914,166.749480799625,150.672485351562,204.834117126465,0,188.128545125326,190.692313454368,142.371810913086,160.657858276367,188.36339263916,174.92236328125,145.924373626709,181.945998191833,144.585860750568,123.515881856283,173.083857218424,179.169322967529,156.003369491293,188.386541402565,171.649429321289,185.349212646484,0,179.297927856445,187.568816184998
33.0875160498997,106.021441777547,82.0393781676912,90.3118778180473,98.1987456083298,124.631896972656,112.126228792122,24.6123623093065,82.7671263130294,59.0827357112961,60.6188933336694,114.419887474197,93.0676528930664,135.968318266027,65.3663028789692,107.310686978427,75.0561402131321,73.146576716892,120.12098220299,101.446023411905,94.4565493265788,29.617012833386,65.4156050596262,54.229359932626,69.9818717309776,133.87499332428,112.288812118664,110.222339037926,39.5177307126969,21.6392275679036,10.642738122143,141.870428466797,129.046046447754,34.3958008719272,39.2883450556076,156.868078231812,134.264923095703,144.099709144005,92.6555526039817,141.468475341797,219.559783935547,158.398096720378,155.192068311903,179.803550720215,76.1014159231475,185.986290671609,0,167.266302490234,196.638198852539,159.271811591254,0,116.00287322998,166.147465297154,0,176.512447357178,167.045150756836,122.940849304199,76.4528651767307,142.532187906901,112.451322752854,135.231384277344,192.77732294256,149.695846176147,119.179735921224,155.335678100586,134.712068557739,0,0,152.837248802185,144.051630717952
213.316757202148,69.1349898444282,90.4211548836001,77.9891255027369,0,0,131.173853556315,172.784422132704,139.632754516602,146.718948364258,192.741836547852,37.3479917329467,0,12.409401686114,143.125940050398,0,114.768402099609,84.8996791350536,54.7494708139659,63.5782328167477,0,137.073046366374,103.8204342386,122.248451741536,164.998348529522,49.4122060345065,24.6176473769478,16.3355518118611,187.299418858119,119.326089959396,141.870428466797,4.85787782869483,110.928840637207,178.369766235352,76.6592331936485,0,93.0730514526367,0,98.0677175521851,0,0,0,0,0,188.7236328125,236.916976928711,89.248841603597,0,86.8016760976691,0,0,207.082748413086,134.89086151123,97.4059257507324,115.011946105957,0,0,108.840265909831,0,0,73.5470300562241,99.3074230194092,98.6720028388791,0,0,0,109.903475443522,0,0,145.150466918945
86.0573606491089,184.25163269043,183.564478193011,130.276926676432,161.849614461263,12.2635278982175,39.1883193068902,133.155801737084,22.4321659277638,137.794425237746,123.981756261877,65.2184176418951,125.036009470622,93.4478011661106,20.6770846019044,40.3692159528856,193.315093994141,174.044190470378,91.8750762939453,110.898847579956,139.375019709269,158.209981282552,165.237365722656,194.225250244141,150.445112440321,108.895413716634,127.512863636017,173.55335195441,140.100373488206,13.9667845388481,129.046046447754,110.928840637207,5.90953618183206,92.4661259651184,43.418866464862,223.498428344727,0,0,130.124099731445,0,0,245.856674194336,191.566291809082,222.874885559082,143.627334594727,226.471672058105,0,155.077133178711,192.259414672852,223.141723632812,0,0,0,0,0,236.761795043945,0,0,0,180.878353881836,0,0,0,200.878731863839,240.107711791992,0,0,0,0,222.656951904297
49.2607729673386,123.137308029901,120.481273552467,79.535123168445,85.3522845301135,93.8191623687744,96.5771207647809,72.7752881975838,87.6703641679552,73.9066767810968,85.6130072914357,117.518420628139,91.8508014678955,163.772384643555,46.0514135725511,102.664794921875,119.264461810772,98.5403408041887,128.860030174255,105.222301483154,93.5915408664279,62.4588015042361,125.587903109464,85.8607250751893,80.1873631888981,140.995798746745,125.129441932127,132.659841679164,80.0469853730635,13.9502307694219,34.3958008719272,178.369766235352,92.4661259651184,7.4994100407585,29.251861795386,185.864654541016,0,167.280796051025,86.7946434020996,158.755172729492,0,165.573506673177,150.447022147801,174.767954046076,86.8801183700562,172.011339592211,0,168.676452636719,0,171.607385808771,160.517425537109,128.486099243164,155.524297078451,0,177.467071533203,165.806881713867,174.983922322591,114.936210632324,169.346408081055,120.716143798828,0,171.03685760498,173.09839963913,134.262881317139,172.891135624477,143.65111541748,0,0,163.343553815569,174.711063929967
70.9972363390574,66.255271135966,72.9333259814658,70.2836881944204,102.744088421129,47.7652280496997,69.8889456418428,94.8303058639405,71.4013945307246,89.1388084303658,98.5636148172572,29.7072571779772,107.051709548287,63.9811270693515,61.1769428279683,92.608646774292,83.294070704,40.1435276843175,58.8873875279811,47.1827126488499,107.992302216679,40.0837419030212,80.1115448286857,45.7805419184456,92.1372446695964,61.849386714055,69.1967086806706,77.1661190651646,84.9812419875329,37.7311911239457,39.2883450556076,76.6592331936485,43.418866464862,29.251861795386,10.8442542091824,169.291237725152,95.5648371378581,117.090467029148,104.090071155179,163.521036529541,0,187.917026943631,163.13427839608,184.159761602228,122.534364700317,184.224528293984,178.304255167643,157.774459838867,118.650149893253,205.056770324707,0,119.819316740959,131.257642822266,137.800337314606,128.604747635978,180.29921468099,158.738884819878,87.3581194196429,130.428912997246,132.860403104593,93.2790758768717,117.754922866821,114.008674178381,143.179298022115,182.876029037848,164.809568405151,139.203536987305,0,162.210815429688,159.126689237707
192.449584960938,144.106567382812,192.808364868164,139.270068359375,143.843381881714,0,168.035121154785,157.570055961609,180.00199508667,97.663330078125,175.473577590216,0,156.941040039062,0,172.849375043597,224.529937744141,117.579521179199,186.970596313477,0,198.837097167969,185.524070739746,136.507720947266,162.436141967773,216.246627807617,137.264552593231,174.467239379883,196.34973526001,183.089835030692,146.186385290963,185.395768907335,156.868078231812,0,223.498428344727,185.864654541016,169.291237725152,11.1809499522355,137.32472783869,127.57181277945,80.4746836909541,97.4903187471278,114.010725021362,101.744044133595,31.6435057941723,55.94967019198,83.0076785916867,89.0860351469459,122.52535703289,118.787690652383,145.205157809787,19.1506792282129,120.454166065563,108.791731007894,110.848843368258,136.428289459973,126.26268196106,111.11719456841,74.0848878272494,116.668284043022,101.50495112737,85.9475731928954,133.393515014648,133.057780903347,145.505353943036,84.1801265309798,16.744834320088,30.922108988875,158.697723388672,86.2387932671441,29.7046853735827,72.1605814081353
0,37.1380043029785,111.863161087036,23.6458696722984,0,0,0,194.092132568359,0,172.541549682617,0,82.7814106411404,0,77.3653470277786,140.530227661133,0,0,82.3292615073068,93.1637649536133,71.5604904174805,0,0,105.602252960205,0,0,54.5839738072576,84.0900387234158,74.3362472507503,0,124.534366607666,134.264923095703,93.0730514526367,0,0,95.5648371378581,137.32472783869,7.61051928255171,57.2037443863718,8.77582188207176,0,158.383968353271,0,141.280505952381,152.188574896918,71.9189852711037,0,72.8271654129028,132.501560211182,50.3248452789779,159.270074324174,131.746419634138,66.384916804387,60.0035349286121,78.1612899367874,65.7315813329098,0,101.337702237643,27.8237591377698,72.4433031285063,73.915279976227,26.6062419993096,58.137164261964,33.4326680566058,123.759344039425,129.003673352693,115.917315165202,67.3692180088588,0,125.187767028809,77.1014274654532
164.541152954102,91.4439258575439,92.3966859734577,54.1180866241455,174.841868082682,0,200.261648995536,161.769125802176,198.265872955322,167.484958648682,194.664330800374,175.212092081706,162.560317993164,148.459629058838,177.879524230957,0,92.3144579569499,112.555194396973,0,126.19942855835,216.679275512695,129.327121441181,50.9394905197788,101.596875508626,146.848084491232,0,142.126254081726,92.620481988217,167.629211425781,184.228729248047,144.099709144005,0,0,167.280796051025,117.090467029148,127.57181277945,57.2037443863718,12.2006241439146,93.3646519978841,133.015412837901,167.376342773438,149.05625906656,106.505714590192,140.267663195982,115.695597884679,134.081213263578,105.132901872907,163.636293264536,96.8798551057514,134.244251112948,143.128921508789,80.9874902881166,45.8485122634621,103.040609254942,80.9426040861932,143.507596969604,68.0620774312547,46.3314576721191,38.723229190488,112.962968741991,0,39.3681196593867,30.1632180769265,99.2367735933303,127.722120100927,102.548026900361,115.124022743919,218.687393188477,111.36949468542,75.6106255815915
