8.84433650554763,121.208508541709,111.357877151116,110.977836972191,88.7668613087047,93.5714569091797,88.4949354113954,29.2276813781826,61.3293516051095,75.3092184448242,58.7807088400188,117.852869535747,106.720240783691,148.88529510498,17.2707780149665,105.012483596802,134.995316823324,100.817721909677,136.165122350057,122.081203651428,105.26993560791,71.6137086195911,86.3616623574115,93.0800052024949,82.1997302464076,161.750329589844,119.217616687067,137.763878346789,83.4867521773937,14.7964590202634,35.0784116569443,179.180211385091,85.8151202731662,45.7912597176414,75.9358531193561,151.366505940755,0,175.241292317708,67.964729309082,0,0,0,169.85725402832,187.287818908691,83.2350387573242,176.921905517578,0,0,243.602737426758,174.300338745117,0,0,189.74048614502,210.624664306641,0,149.037963867188,0,108.230145045689,0,129.228558063507,0,224.044288635254,170.940243530273,135.016335738333,160.86142578125,130.653896331787,0,0,140.981285095215,165.792451477051
121.208508541709,9.68166535889932,53.3068781766025,18.6047720451355,113.591343688965,101.756439208984,187.568359375,138.343594687326,149.394610813686,93.1176389279573,121.950073242188,72.9100465562609,148.328000386556,53.4408413276672,154.016479285988,137.057809617784,48.1683736260916,58.6319768125659,68.4348783874512,63.2454807360967,0,101.301086607434,23.0157084429211,74.2868326065388,88.7202951738262,27.9266558495601,59.182266118971,36.2486763366749,111.210428510393,122.918525522405,118.047095489502,68.3229221162342,104.740142822266,110.527137332492,70.0300211834403,0,65.0672206878662,69.2955520629883,30.5446643829346,174.150253295898,0,0,172.341262817383,205.183258056641,128.137542724609,177.223114013672,126.859077453613,0,97.2986171245575,206.465400695801,0,142.425308227539,119.504229618953,112.489959716797,111.838778177897,204.311386108398,0,0,95.7342500686646,144.73855082194,56.512835820516,103.934213638306,90.1061477661133,243.86247253418,171.358520507812,0,112.711082458496,0,0,240.26774597168
111.357877151116,53.3068781766025,14.003825322337,46.9477068165503,127.686717224121,184.578813825335,155.627105784866,105.966507778068,137.773779306033,129.79156772907,128.502251030136,102.254772323334,151.541842596872,96.2088826497396,127.653444497264,155.598045349121,100.321014828152,45.5713544834248,104.932302656628,85.4411421555739,142.476263476956,65.9843436425771,48.1944031996832,30.231013756006,121.993025864447,100.66331799825,31.4983347372961,37.6189551378333,97.8310006068681,132.497395023223,85.1248036665659,103.221365610758,190.106190999349,120.93050119612,67.6317943063609,212.033569335938,62.6185139247349,93.3553610907661,117.337615013123,187.229099818638,0,207.474835713704,182.880701337542,210.329594538762,142.450016498566,210.551741333008,0,216.095255533854,145.925373077393,206.672024536133,180.978942871094,122.287363597325,116.931656022505,0,144.276635064019,226.004247029622,134.864678519113,72.7035430774354,116.212366497706,159.626412416116,0,135.267985123854,95.2895047674875,184.555136392283,198.278807746039,156.682754516602,0,0,177.770619710286,124.026421908675
110.977836972191,18.6047720451355,46.9477068165503,11.1673897975156,56.9866818608464,131.145843505859,92.665064980002,87.825991153717,107.071458689372,33.7782297358617,82.7321476722831,71.7444435207323,66.859545100819,48.5748166483024,132.781080782413,48.1848754882812,70.1348421308729,60.3017045413058,68.4703798294067,61.3327404061953,64.024542093277,84.5964036889978,34.0719924531405,62.4917838985223,47.8430038643387,29.3906460858562,63.437670892477,39.1706885115245,72.9928431252176,125.937540401112,109.374654610952,73.3694272722517,203.260650634766,100.708970289964,65.83266009348,132.68782043457,49.1822048823039,81.4123735427856,15.075318813324,66.6163433074951,0,112.978563308716,78.8130912780762,124.968133926392,44.4165989651399,93.963937486921,84.4208946228027,77.3188457489014,53.9358239108569,123.654630025228,55.7077159881592,175.377937316895,81.0185135205587,112.655712127686,78.8576393127441,44.6808052062988,94.628776550293,60.264461517334,83.6783447265625,46.1208520071847,35.158467726274,89.5412410554432,61.4335857391357,92.3706424419697,77.2136459350586,110.424652099609,64.5489031473796,0,129.322284698486,107.488042831421
88.7668613087047,113.591343688965,127.686717224121,56.9866818608464,8.34482396525802,134.478650179776,68.6318138920984,66.7073001329642,98.6702627597895,36.1684677640217,17.2261754559866,185.908704485212,27.176997998993,183.098478044782,101.902524087487,74.4436764717102,96.7372833251953,163.441430568695,182.856094360352,180.888084411621,12.33633249539,128.982873704698,85.2097592847101,116.523774464925,15.5286376912743,150.565800984701,166.07961723132,144.249817015633,19.3331249194351,113.679045274523,104.646030545235,212.688995361328,150.085054670061,90.1314437453811,110.096343662428,148.234090532575,0,172.018653869629,64.7022555669149,28.7574543931949,132.019477844238,144.331758560673,122.13680267334,162.186578962538,81.0816956264217,131.014739430745,0,36.04870527669,0,167.475321769714,104.986555619673,173.803176879883,203.585037231445,0,242.050979614258,48.7948313985946,232.042922973633,124.345043182373,152.14875793457,99.0373209008673,0,218.688012695312,195.900165134006,131.10976972019,164.695024036226,0,0,0,155.209381103516,169.645476023356
93.5714569091797,101.756439208984,184.578813825335,131.145843505859,134.478650179776,6.17914997313154,8.10453133620555,119.450155973434,21.5787734371091,60.4744129969069,112.706582478115,68.9697770570454,91.6275487740835,71.1943138970269,29.7329540759646,14.9829258213351,0,168.129244232178,0,0,130.599029541016,196.717178344727,114.510652814593,159.901255289714,90.0354476629519,214.928695678711,137.064949035645,158.74739074707,127.920875549316,30.1812729618185,134.654672622681,0,11.5783529540379,126.706202189128,43.9808115198992,0,0,0,0,0,0,127.373748779297,0,0,95.3078155517578,0,0,154.216064453125,0,199.889205932617,0,0,0,0,0,0,0,0,0,191.60487874349,0,0,133.433441162109,180.125274658203,0,0,0,0,0,236.725372314453
88.4949354113954,187.568359375,155.627105784866,92.665064980002,68.6318138920984,8.10453133620555,10.1492827767697,67.2745635477009,26.644056294119,69.451763236942,33.0637358255932,93.600882280593,28.4657643388454,103.503197933765,36.989415264915,13.6535877746564,129.689865112305,169.419341023763,157.92111714681,172.49091796875,52.1318280105414,135.818877142829,129.351247787476,144.619332860728,97.0676595588707,95.3614082336426,170.95892376709,167.600940634988,76.2294627312093,51.3952021457381,108.743759155273,218.25910949707,31.8228057707502,98.4116070416509,72.9438371105471,176.095279346813,0,202.54213823591,102.631320408412,140.848994168368,0,166.35390663147,158.627341376411,181.168179613479,116.579138437907,168.702804193264,0,105.992641660902,0,181.249068154229,119.574612935384,0,0,0,0,168.262923500755,0,178.42301940918,174.625737508138,130.021960063647,0,235.112309773763,200.393770490374,152.955241214528,177.676309557929,164.840734481812,0,233.696701049805,171.324630737305,182.112723406623
29.2276813781826,138.343594687326,105.966507778068,87.825991153717,66.7073001329642,119.450155973434,67.2745635477009,12.0110914676966,61.6922235886833,61.2021595135808,22.3701188902612,161.027148327196,76.2286859343323,171.461266517639,37.9516416576679,98.1981969833374,103.131116837722,112.439996038578,174.254632737901,147.003552149213,73.6626997740372,77.5113884841339,88.8828882933742,90.5486446125238,63.6216681542851,166.14781443278,137.145381963927,123.820104365005,31.6810798273118,66.8974706590066,22.1375205133356,179.448949640447,129.745511938024,73.9824973390813,97.3229459366298,145.120742289225,0,172.260908126831,89.9923502604167,130.073128098708,0,149.635787165442,121.29883434898,159.952346293132,87.1301937557402,143.802408935158,222.954010009766,139.331811828613,195.845962524414,162.239027779057,123.057918548584,149.996615727743,206.885766601562,0,227.021774291992,140.827474930707,149.434684753418,97.6563362121582,153.360712280273,105.562156191059,0,214.946119308472,185.456170443831,132.488137192867,162.667238627395,141.785889689128,235.307815551758,232.010009765625,138.911528523763,148.348356597278
61.3293516051095,149.394610813686,137.773779306033,107.071458689372,98.6702627597895,21.5787734371091,26.644056294119,61.6922235886833,12.2321187653778,82.0358342934531,40.6491784039002,89.8872159187546,75.0629639980641,100.244077670499,19.1877999754564,36.2057537419455,141.824534540591,142.773002666355,135.313354128883,156.0120221138,96.0501625566597,119.364772619203,113.355065527041,130.852176419832,95.4823696300708,111.757253206693,151.732260844029,154.043541122269,92.435756102683,38.4758275595354,85.2126193927352,163.319932556152,18.4068009876012,86.6083155922268,63.4608825110944,167.354544285366,0,206.858605957031,136.118228912354,167.056067033248,210.380279541016,172.062747877471,149.801829867893,171.65844025009,115.044846615549,163.198997150768,234.911056518555,161.814107894897,171.597640991211,180.100613064236,131.275451660156,151.361480712891,209.238126118978,194.621215820312,245.407852172852,190.078797403971,168.357437133789,128.746794449656,196.040088653564,130.708631034519,117.914421081543,209.017599487305,195.501085107977,148.350649937927,179.824386816231,168.583631787981,0,0,160.10694085984,176.279261446547
75.3092184448242,93.1176389279573,129.79156772907,33.7782297358617,36.1684677640217,60.4744129969069,69.451763236942,61.2021595135808,82.0358342934531,8.77985558847841,75.9041522127911,149.255428929483,13.0741683414382,135.007590700431,89.9909996596984,27.1865084332601,71.8986095721905,139.922393488129,150.888767948857,149.757952308655,35.4952573970081,94.7291070497953,32.4472192221661,118.202464010201,21.7312722525748,119.62048766663,141.362981160482,120.748376388787,52.0222754354779,83.0453548626308,59.3482319213769,151.791855621338,134.501815102317,72.3819369273971,102.765820654059,80.9105631510417,101.600021362305,163.408182144165,24.7326897084713,77.9998628640477,0,126.719727054719,95.0250072479248,128.921271769206,28.7834524951997,112.732753245036,0,81.9143571524784,164.04468536377,156.772586345673,59.8588916233608,96.5870819091797,195.860821533203,219.174682617188,216.375971476237,100.161854214138,157.266605377197,89.5077770778111,137.069730122884,65.9464282989502,152.644332885742,192.629182815552,179.010028492321,90.5227100503856,132.906582514445,78.0824493408203,0,0,126.114791107178,135.24885225296
58.7807088400188,121.950073242188,128.502251030136,82.7321476722831,17.2261754559866,112.706582478115,33.0637358255932,22.3701188902612,40.6491784039002,75.9041522127911,12.561719662299,151.856626318135,28.6245578405788,177.867724018712,48.7489283030421,83.0962283283199,127.347393580845,148.962731646676,180.034516652425,175.136119495739,19.9851450964284,107.399929715876,111.719317803016,118.939028851863,74.1479386173228,179.157970428467,159.609452114637,150.189482414116,30.5568839478097,101.141630790502,72.1011382392232,202.350336710612,125.036684417725,92.5388254669477,103.376581935918,170.317390178812,169.512802124023,198.416174081656,86.6734570094517,80.4576636704231,223.174980163574,165.096043264266,142.876352922632,174.117150981057,103.148457678882,160.202429269861,233.35924911499,144.606832371202,232.67854309082,185.198216297587,128.252349376678,159.179072062174,221.772774832589,0,0,160.822825489873,194.998115539551,142.112934536404,177.110426469283,123.460981996702,235.769577026367,231.556100027902,192.032250404358,149.870700676887,180.800175495637,164.851014879015,0,0,172.649228777204,180.722795698378
117.852869535747,72.9100465562609,102.254772323334,71.7444435207323,185.908704485212,68.9697770570454,93.600882280593,161.027148327196,89.8872159187546,149.255428929483,151.856626318135,13.9239321982441,155.676864188058,25.4400006063635,88.0230367773134,74.2237892150879,126.598011440701,49.8189359725605,19.865652800166,28.4250591414927,161.798890290437,104.849562206784,100.825957152803,83.7628934931628,158.607439712739,36.169755787685,30.7595793266078,63.9151356041912,164.808831787109,68.0454006067572,115.849965325717,45.1223441332535,68.8433814658258,105.451715137648,30.6794684209825,193.670394897461,76.9529145558675,138.469314575195,74.7671151161194,0,0,0,239.62092590332,204.436752319336,165.332087198893,0,89.6503987312317,0,71.043495079688,0,0,0,136.471199035645,121.323790740967,108.75988630815,0,0,120.767981211344,158.02480061849,208.154820033482,60.0060083463595,101.398396328763,100.042571451246,208.085620117187,247.202270507812,172.567604064941,93.8744125366211,0,200.717056274414,138.124645233154
106.720240783691,148.328000386556,151.541842596872,66.859545100819,27.176997998993,91.6275487740835,28.4657643388454,76.2286859343323,75.0629639980641,13.0741683414382,28.6245578405788,155.676864188058,10.8017619247335,189.0598487854,110.076704799107,20.2356491962775,130.541664123535,189.443113054548,237.852630615234,207.68376159668,15.3122379138167,158.004333496094,99.2062156200409,143.390714645386,28.3987466524809,154.701812744141,189.234732235179,169.241017994128,49.2728976500199,111.046808596793,135.126852989197,0,127.610458218322,105.403870900472,112.045196709266,156.50952911377,0,196.327453613281,84.156613667806,60.7283096493415,0,112.662895722823,145.642869567871,144.170151138306,101.235733222961,91.22315110935,200.82292175293,15.0431993140839,0,152.446019353093,81.7883777618408,0,0,0,0,22.2167284376309,0,0,174.500366210938,99.1949912254963,218.09033203125,223.271575927734,229.547233581543,138.164326429367,168.313159942627,164.273368835449,190.261795043945,140.384552001953,164.036931355794,156.218552483453
148.88529510498,53.4408413276672,96.2088826497396,48.5748166483024,183.098478044782,71.1943138970269,103.503197933765,171.461266517639,100.244077670499,135.007590700431,177.867724018712,25.4400006063635,189.0598487854,8.02963253416608,91.1517184050187,101.130395889282,121.581405639648,106.01724430431,56.3166566952792,68.1440257132053,185.094081878662,158.888925933838,88.2469789278709,138.933508031508,143.032014122009,18.2662034409926,36.9795095467267,32.7919567545392,168.715536594391,74.0720074712014,163.031723022461,13.0333440868451,78.1637577866063,154.353546142578,61.1312473956021,182.744400024414,76.418710561899,179.696746826172,59.806844166347,211.554809570312,0,238.872695922852,210.45433807373,248.844161987305,150.89511013031,238.691513061523,65.5281454130661,0,59.9943980020559,217.231155395508,0,0,125.99783782959,91.7645043765797,98.2795633951823,0,0,111.762551269531,120.140632629395,150.023933410645,53.0590242269997,94.6321396414689,86.5664441035344,197.208068847656,182.685668945312,189.323913574219,84.4553458522743,0,0,118.672048128568
17.2707780149665,154.016479285988,127.653444497264,132.781080782413,101.902524087487,29.7329540759646,36.989415264915,37.9516416576679,19.1877999754564,89.9909996596984,48.7489283030421,88.0230367773134,110.076704799107,91.1517184050187,10.0033442002872,29.8170255715506,147.547944288987,126.001657056336,130.41148296992,144.295876918695,108.086757886873,101.721964469323,107.019217700493,118.028096117715,96.6225159562479,142.858969211578,143.09458403498,152.034768546085,94.0505235207864,20.5291661612615,65.3536797144422,122.945723470052,13.559475356467,46.3591344400239,65.2316395105816,174.70646944913,193.889007568359,168.174980163574,128.374450683594,170.067353566488,233.155303955078,188.828807830811,160.249264526367,187.175805268464,120.424767456055,176.657664998372,0,182.421846516927,0,178.882970913974,172.754653930664,166.401507568359,205.874184502496,0,202.4521484375,186.215595790318,160.556671142578,140.662943522135,191.537445068359,137.596513469045,209.676696777344,195.808030264718,200.697424472907,151.473919122115,181.975625129595,173.088210256476,0,0,166.827292442322,176.805746584522
105.012483596802,137.057809617784,155.598045349121,48.1848754882812,74.4436764717102,14.9829258213351,13.6535877746564,98.1981969833374,36.2057537419455,27.1865084332601,83.0962283283199,74.2237892150879,20.2356491962775,101.130395889282,29.8170255715506,7.96772485783442,0,171.899765014648,0,206.923467000326,85.016988696474,107.761901855469,98.7397145589193,171.29296875,61.4271330995625,0,176.571807861328,165.819172620773,90.5892438425601,53.0715648884676,111.065332624647,0,42.9912474562482,108.340760803223,108.237055097307,0,0,0,70.6240234375,86.8220926920573,0,152.666865030924,185.228866577148,207.164047241211,73.0985015869141,158.452377319336,0,118.276058197021,0,200.962966918945,86.451899210612,0,0,0,195.80500793457,203.578521728516,0,0,0,132.830823031339,0,0,211.860504150391,148.954486423069,215.344192504883,180.063980102539,0,0,0,0
134.995316823324,48.1683736260916,100.321014828152,70.1348421308729,96.7372833251953,0,129.689865112305,103.131116837722,141.824534540591,71.8986095721905,127.347393580845,126.598011440701,130.541664123535,121.581405639648,147.547944288987,0,11.0454135621337,107.219916884104,128.111053466797,129.066076914469,0,26.4448401335314,30.8700596160072,30.4135765410608,22.8895174181151,114.255905363295,124.717761052119,33.8736940505331,43.9221645897756,127.705745577812,77.3076581666934,140.327613830566,0,111.602619934082,91.3891298300904,134.822784423828,80.0700836181641,119.867712232802,0,157.053482055664,0,0,147.28671836853,190.064936319987,95.1035804748535,161.349418640137,0,0,0,188.370417277018,0,93.1251757241846,151.371932983398,0,166.722595214844,172.202789306641,112.271133422852,57.4636375222887,100.329858846598,108.644570570726,157.81462097168,177.845798492432,108.046796798706,121.623884792986,162.25018157959,117.636517842611,0,0,157.993232727051,159.232091463529
100.817721909677,58.6319768125659,45.5713544834248,60.3017045413058,163.441430568695,168.129244232178,169.419341023763,112.439996038578,142.773002666355,139.922393488129,148.962731646676,49.8189359725605,189.443113054548,106.01724430431,126.001657056336,171.899765014648,107.219916884104,11.3987381962913,52.1520590435675,24.3640674527444,181.243719918387,47.2767652721804,83.9287256418273,22.8074513828217,143.341143749251,65.9779699077714,41.0897422323529,71.1626793927846,128.920165858498,105.620065591383,72.999871935943,89.976510365804,180.069899664985,98.4052146385456,42.4366478353087,185.481586231905,106.533930264986,117.530157623291,71.930358341762,183.385147094727,0,212.939437866211,199.114996948242,224.746355692546,162.142416954041,216.923183441162,147.409261067708,232.298156738281,120.698187210981,220.206514485677,0,152.633198738098,120.079603774638,145.372823238373,124.117112118265,186.503875732422,175.066307067871,118.783592587426,133.685864257813,184.876309563132,101.097456795829,116.033926758585,111.07722138464,199.883612999549,182.881500244141,170.003487837942,144.321395874023,0,182.689956665039,126.722851283114
136.165122350057,68.4348783874512,104.932302656628,68.4703798294067,182.856094360352,0,157.92111714681,174.254632737901,135.313354128883,150.888767948857,180.034516652425,19.865652800166,237.852630615234,56.3166566952792,130.41148296992,0,128.111053466797,52.1520590435675,6.85128753287427,17.9746366293658,193.777155558268,117.520529937744,110.377100894326,88.61369158187,157.433958053589,44.6023546242814,31.7448051520655,64.4430943461298,163.271348652087,115.13944235409,122.005421868686,52.8416338876577,116.941617329915,120.898418303459,59.6518720343561,0,75.154167175293,0,60.6691856384277,0,0,163.101776123047,0,0,0,0,107.524160112653,0,85.0456544160843,0,0,0,137.32059817844,101.749425714666,108.434776814779,0,0,0,162.124710083008,0,72.3577920473539,102.203197245695,97.586045020265,231.664978027344,0,0,111.518748813205,158.893142700195,156.109237670898,134.217582702637
122.081203651428,63.2454807360967,85.4411421555739,61.3327404061953,180.888084411621,0,172.49091796875,147.003552149213,156.0120221138,149.757952308655,175.136119495739,28.4250591414927,207.68376159668,68.1440257132053,144.295876918695,206.923467000326,129.066076914469,24.3640674527444,17.9746366293658,9.85902320526431,175.216705322266,94.2883108890418,106.89202230948,59.4081825528826,157.246043161245,51.51839991193,36.4962357670256,68.0005959408877,158.285623582743,115.01344486475,102.052508809545,61.7832865843902,109.875409444173,103.07115517288,46.3304899478867,195.638694763184,94.2856292724609,139.53103129069,76.9794689525257,0,0,0,203.316184997559,0,225.748573303223,238.290451049805,127.463804880778,228.430679321289,101.546558821829,198.598292032878,0,130.910064697266,120.245708643004,108.844845858487,111.465277742748,225.553207397461,155.846115112305,161.975791931152,160.492424519857,224.192296346029,78.4965599233454,104.452761585176,102.153878650081,217.788806915283,186.296731131417,170.067962646484,126.317880803888,0,168.273137410482,129.986599261944
105.26993560791,0,142.476263476956,64.024542093277,12.33633249539,130.599029541016,52.1318280105414,73.6626997740372,96.0501625566597,35.4952573970081,19.9851450964284,161.798890290437,15.3122379138167,185.094081878662,108.086757886873,85.016988696474,0,181.243719918387,193.777155558268,175.216705322266,7.80216014568083,125.512874603271,146.92552863227,149.134918212891,23.3559931423405,0,177.443989680364,163.929644393921,35.5134322721375,110.559883177436,131.674894060407,196.15478515625,141.460521153041,100.205830727854,109.37627142248,159.913660685221,0,198.33911895752,104.396595694802,25.1078949407204,0,163.278759002686,152.217688369751,175.592004474841,93.472763299942,138.669386519599,234.569267272949,21.955305988552,0,179.561957139235,123.017364501953,0,0,0,0,21.2026453278281,208.947364807129,144.730168660482,144.876754760742,116.030524236506,0,216.165728251139,233.435124715169,140.237042610091,180.730327606201,167.522838592529,0,243.715713500977,173.062915802002,181.12948735555
71.6137086195911,101.301086607434,65.9843436425771,84.5964036889978,128.982873704698,196.717178344727,135.818877142829,77.5113884841339,119.364772619203,94.7291070497953,107.399929715876,104.849562206784,158.004333496094,158.888925933838,101.721964469323,107.761901855469,26.4448401335314,47.2767652721804,117.520529937744,94.2883108890418,125.512874603271,10.6193459678496,54.8366727899527,26.4081286358365,58.9149631013533,113.43757502238,103.266571303254,74.5236317458315,27.473909949701,64.1296873075591,29.1475305757516,89.0756378173828,157.338139343262,61.5773595358362,46.0123545055596,156.087745666504,0,117.141092936198,103.843706766764,203.209655761719,0,204.320747375488,142.645248413086,162.474822998047,72.8895556640625,145.518463134766,0,198.63289642334,0,180.663595199585,0,108.948928280153,172.455113547189,173.206939697266,193.825317382812,0,112.377729574839,63.2628116059577,127.867104825107,114.82396697998,0,152.337336222331,132.296548937188,123.006355173448,158.08694712321,119.056394750422,0,0,137.269071578979,144.921365625718
86.3616623574115,23.0157084429211,48.1944031996832,34.0719924531405,85.2097592847101,114.510652814593,129.351247787476,88.8828882933742,113.355065527041,32.4472192221661,111.719317803016,100.825957152803,99.2062156200409,88.2469789278709,107.019217700493,98.7397145589193,30.8700596160072,83.9287256418273,110.377100894326,106.89202230948,146.92552863227,54.8366727899527,8.36589620579711,54.1442491201265,33.6214273871203,74.0835680820324,102.064115773077,47.4324222779029,62.081731086051,90.2189875841141,60.5552038736241,112.142282143617,171.540049235026,85.0071871965781,75.1258776416517,126.214114379883,101.415319061279,61.6849266977021,97.4181371416364,126.813648223877,0,148.234666824341,130.447717030843,151.374062856038,18.5487248786373,144.049621582031,144.788799285889,155.671005249023,136.753791360294,146.283289228167,0,47.3191159150139,100.287818205984,117.746856689453,113.954900741577,214.156204223633,73.7386124890722,12.0352856794314,55.2929195749932,84.3084115115079,117.551086425781,136.459897894608,62.1776737035707,94.1929992876555,127.466155332678,92.5459446377224,153.167900085449,205.379333496094,106.290518624442,92.6924368722098
93.0800052024949,74.2868326065388,30.231013756006,62.4917838985223,116.523774464925,159.901255289714,144.619332860728,90.5486446125238,130.852176419832,118.202464010201,118.939028851863,83.7628934931628,143.390714645386,138.933508031508,118.028096117715,171.29296875,30.4135765410608,22.8074513828217,88.61369158187,59.4081825528826,149.134918212891,26.4081286358365,54.1442491201265,13.8916455709947,69.0805098079614,89.3798376719157,75.1715856011723,55.8030467838748,65.7426409659871,99.3199408412965,55.2011482919395,118.098052978516,162.706295013428,85.1300986908578,48.4307081861432,162.227519989014,94.5607566833496,108.785571725028,118.14222462972,176.660247802734,0,197.41349029541,184.984218597412,216.461135864258,114.31339784102,213.312032063802,0,207.638559977214,157.492645263672,206.936803181966,0,105.210882816015,135.090307998657,0,158.771598815918,190.423042297363,121.814237190015,74.7371584574382,111.385605661493,150.719520362648,0,158.390296663557,108.736551750363,157.315497427276,163.802116394043,169.236757066515,189.849472045898,0,0,134.251476488615
82.1997302464076,88.7202951738262,121.993025864447,47.8430038643387,15.5286376912743,90.0354476629519,97.0676595588707,63.6216681542851,95.4823696300708,21.7312722525748,74.1479386173228,158.607439712739,28.3987466524809,143.032014122009,96.6225159562479,61.4271330995625,22.8895174181151,143.341143749251,157.433958053589,157.246043161245,23.3559931423405,58.9149631013533,33.6214273871203,69.0805098079614,10.6599838974106,122.128574554331,147.511077139384,97.3827798413194,22.703309655286,93.1187803284584,70.8652044220522,156.426114763532,141.972603507664,76.5520042702855,99.5534439912209,139.512902259827,128.616912841797,159.300309267911,51.4495401382446,103.564285391628,136.659351348877,128.458027077787,113.781012828533,142.432134588559,59.7241292580667,122.896197816402,213.066404070173,113.194429340929,202.229713439941,144.223915915453,76.7993013381958,104.841079465805,182.639862060547,0,188.578712463379,118.241857594457,112.656465345813,57.5573205188312,139.640640912737,84.4593458376595,137.007431030273,199.896089099702,163.591424306234,109.302134035586,142.579836051452,124.273985454014,240.132431030273,0,121.578901502821,137.171434793717
161.750329589844,27.9266558495601,100.66331799825,29.3906460858562,150.565800984701,214.928695678711,95.3614082336426,166.14781443278,111.757253206693,119.62048766663,179.157970428467,36.169755787685,154.701812744141,18.2662034409926,142.858969211578,0,114.255905363295,65.9779699077714,44.6023546242814,51.51839991193,0,113.43757502238,74.0835680820324,89.3798376719157,122.128574554331,11.3924168704972,43.3777410111141,28.3424294514483,162.093567742242,117.012379696495,117.640880237926,46.4042940219911,74.7162780761719,133.590135574341,64.8678424981924,0,56.2246632575989,93.9423217773438,42.1957339520724,0,0,0,175.465972900391,0,155.134059270223,230.580520629883,59.4462830013699,0,50.9962361501666,210.373329162598,0,163.129623413086,92.9928238812615,81.8722491264343,87.3571265294002,236.392684936523,0,116.256060513583,150.658966064453,146.026430402483,37.0513313941236,79.2906409999302,69.266326924534,193.436401367188,175.225646972656,130.265853881836,75.8543294958166,0,0,109.943550803445
119.217616687067,59.182266118971,31.4983347372961,63.437670892477,166.07961723132,137.064949035645,170.95892376709,137.145381963927,151.732260844029,141.362981160482,159.609452114637,30.7595793266078,189.234732235179,36.9795095467267,143.09458403498,176.571807861328,124.717761052119,41.0897422323529,31.7448051520655,36.4962357670256,177.443989680364,103.266571303254,102.064115773077,75.1715856011723,147.511077139384,43.3777410111141,15.9264468981166,36.3429218072962,143.529257691315,128.291539570381,108.424478755365,23.0039200330669,152.632904617875,122.875687867068,68.39639418036,180.470705817727,75.7499618530273,128.03718289462,66.8218166775174,231.641460418701,0,219.366058349609,184.352580020302,198.732587814331,183.739713668823,229.551258850098,104.422433853149,210.671585083008,88.4829678675708,208.639694213867,0,157.469425746373,114.264478399398,103.032331263765,104.431867377703,221.165756225586,162.403789520264,134.992381504604,145.788420457106,201.001353213662,69.8091973677925,96.411761201838,94.9725950091365,214.691496196546,183.784269332886,171.336975097656,106.924167792002,0,159.232582092285,121.475734265645
137.763878346789,36.2486763366749,37.6189551378333,39.1706885115245,144.249817015633,158.74739074707,167.600940634988,123.820104365005,154.043541122269,120.748376388787,150.189482414116,63.9151356041912,169.241017994128,32.7919567545392,152.034768546085,165.819172620773,33.8736940505331,71.1626793927846,64.4430943461298,68.0005959408877,163.929644393921,74.5236317458315,47.4324222779029,55.8030467838748,97.3827798413194,28.3424294514483,36.3429218072962,16.3477466216787,90.2872400688549,141.850483979058,108.458677939593,19.1807162925229,165.87699835641,129.585925036714,77.5257831580183,185.286050547724,85.3438292378965,97.2262418285694,68.5659449625823,186.927924416282,0,210.440502590603,184.264745879592,209.048721313477,147.721466842963,205.541845412481,105.932021260262,216.827238082886,87.100024517186,208.835457079338,170.075887044271,105.454437276259,111.146493908942,111.118379314294,110.657859479877,211.520267486572,132.865616132628,80.0596397193195,112.471700391055,159.959020943477,69.7276499698037,101.020645868994,93.7937915678878,165.065965499001,176.943980407715,163.022226761798,103.295603478473,223.047927856445,168.761077880859,126.397842646714
83.4867521773937,111.210428510393,97.8310006068681,72.9928431252176,19.3331249194351,127.920875549316,76.2294627312093,31.6810798273118,92.435756102683,52.0222754354779,30.5568839478097,164.808831787109,49.2728976500199,168.715536594391,94.0505235207864,90.5892438425601,43.9221645897756,128.920165858498,163.271348652087,158.285623582743,35.5134322721375,27.473909949701,62.081731086051,65.7426409659871,22.703309655286,162.093567742242,143.529257691315,90.2872400688549,12.6064021157498,96.5960489068982,39.4090806746014,182.401341029576,146.289687262641,75.7554979278417,85.3473478443602,142.241754150391,201.427322387695,170.865917024158,76.6848001934233,121.14374089241,240.017730712891,143.973559278123,122.46033639055,156.262502920968,81.1936946156049,141.955795274701,240.655136108398,121.424558668208,228.865834554036,160.036226408822,108.420222355769,109.795643350352,189.48596572876,0,0,137.52967098781,140.279164722988,70.435306646386,159.443193323472,103.999450847156,197.404434204102,208.119409179687,172.049428785169,124.389334108228,149.133680205984,127.017016284871,0,0,128.083032300395,147.768897669275
14.7964590202634,122.918525522405,132.497395023223,125.937540401112,113.679045274523,30.1812729618185,51.3952021457381,66.8974706590066,38.4758275595354,83.0453548626308,101.141630790502,68.0454006067572,111.046808596793,74.0720074712014,20.5291661612615,53.0715648884676,127.705745577812,105.620065591383,115.13944235409,115.01344486475,110.559883177436,64.1296873075591,90.2189875841141,99.3199408412965,93.1187803284584,117.012379696495,128.291539570381,141.850483979058,96.5960489068982,8.59641270761655,21.0687436781155,112.78661877176,12.605303415758,16.5791948056776,46.5936344423483,182.468406677246,121.773239135742,192.267093658447,129.887916564941,166.099967193604,0,182.10126953125,163.315782775879,192.214964972602,111.309143638611,173.189733617446,243.498123168945,164.994844709124,162.755464172363,192.877222501315,113.076454162598,168.668858846029,197.770961337619,213.70344543457,180.081488037109,187.275075912476,196.328587849935,99.0459842681885,199.770041783651,139.95653023353,212.075836181641,185.433582081514,174.959532260895,149.130991199349,183.328743687382,160.753189934625,0,0,173.554688771566,178.908549860904
35.0784116569443,118.047095489502,85.1248036665659,109.374654610952,104.646030545235,134.654672622681,108.743759155273,22.1375205133356,85.2126193927352,59.3482319213769,72.1011382392232,115.849965325717,135.126852989197,163.031723022461,65.3536797144422,111.065332624647,77.3076581666934,72.999871935943,122.005421868686,102.052508809545,131.674894060407,29.1475305757516,60.5552038736241,55.2011482919395,70.8652044220522,117.640880237926,108.424478755365,108.458677939593,39.4090806746014,21.0687436781155,10.0914394977583,170.267069498698,138.852039337158,37.8330153126085,39.4854905869169,144.483994620187,202.323905944824,152.120134206919,87.4839248657227,147.0322265625,0,168.687530517578,147.810048784528,168.867749023438,72.67720169382,171.475082397461,0,0,0,162.672563680013,0,142.332692623138,186.568069458008,0,192.425999232701,190.824211120605,130.989668595163,73.9046322504679,143.282202469675,112.209126667804,151.035568237305,171.524866739909,158.908124056729,123.176407103326,154.806656973703,127.319264729818,0,0,141.485489254906,141.575481080172
179.180211385091,68.3229221162342,103.221365610758,73.3694272722517,212.688995361328,0,218.25910949707,179.448949640447,163.319932556152,151.791855621338,202.350336710612,45.1223441332535,0,13.0333440868451,122.945723470052,0,140.327613830566,89.976510365804,52.8416338876577,61.7832865843902,196.15478515625,89.0756378173828,112.142282143617,118.098052978516,156.426114763532,46.4042940219911,23.0039200330669,19.1807162925229,182.401341029576,112.78661877176,170.267069498698,6.21550454807721,113.606071472168,126.008125305176,80.0294281657617,0,89.4523061116536,0,87.6672693888346,0,0,0,0,0,163.622909545898,0,89.092645433214,0,84.7773651998551,0,0,0,0,132.185123443604,114.486717224121,0,0,135.483459472656,0,221.674453735352,71.1256002100503,103.949285653921,98.3913846995733,0,202.575531005859,232.945678710938,102.97631072998,0,0,137.557792663574
85.8151202731662,104.740142822266,190.106190999349,203.260650634766,150.085054670061,11.5783529540379,31.8228057707502,129.745511938024,18.4068009876012,134.501815102317,125.036684417725,68.8433814658258,127.610458218322,78.1637577866063,13.559475356467,42.9912474562482,0,180.069899664985,116.941617329915,109.875409444173,141.460521153041,157.338139343262,171.540049235026,162.706295013428,141.972603507664,74.7162780761719,152.632904617875,165.87699835641,146.289687262641,12.605303415758,138.852039337158,113.606071472168,5.75230481205618,122.244110107422,42.3154239654541,0,0,0,0,0,0,227.712181091309,0,195.941207885742,161.757537841797,229.343292236328,0,0,0,0,0,0,0,0,0,0,0,0,167.180236816406,188.992991129557,0,0,0,191.729818725586,234.459487915039,0,0,0,0,0
45.7912597176414,110.527137332492,120.93050119612,100.708970289964,90.1314437453811,126.706202189128,98.4116070416509,73.9824973390813,86.6083155922268,72.3819369273971,92.5388254669477,105.451715137648,105.403870900472,154.353546142578,46.3591344400239,108.340760803223,111.602619934082,98.4052146385456,120.898418303459,103.07115517288,100.205830727854,61.5773595358362,85.0071871965781,85.1300986908578,76.5520042702855,133.590135574341,122.875687867068,129.585925036714,75.7554979278417,16.5791948056776,37.8330153126085,126.008125305176,122.244110107422,7.36831164124611,41.6409260799636,171.44312286377,177.466827392578,189.141237046984,108.135223388672,161.082763671875,0,173.956547130238,142.795431772868,167.926421356201,90.0749493767233,173.256429036458,0,159.804962158203,158.93342590332,184.223648071289,0,135.134417215983,168.248989868164,194.35595703125,173.495086669922,171.228363037109,165.378040313721,109.056376775106,161.255513509115,119.340817802831,136.321868896484,174.272598266602,174.773183186849,137.234286651611,165.338324546814,136.120785106312,0,233.485336303711,145.228350321452,142.577075958252
75.9358531193561,70.0300211834403,67.6317943063609,65.83266009348,110.096343662428,43.9808115198992,72.9438371105471,97.3229459366298,63.4608825110944,102.765820654059,103.376581935918,30.6794684209825,112.045196709266,61.1312473956021,65.2316395105816,108.237055097307,91.3891298300904,42.4366478353087,59.6518720343561,46.3304899478867,109.37627142248,46.0123545055596,75.1258776416517,48.4307081861432,99.5534439912209,64.8678424981924,68.39639418036,77.5257831580183,85.3473478443602,46.5936344423483,39.4854905869169,80.0294281657617,42.3154239654541,41.6409260799636,12.344931454106,194.99797905816,116.69129725865,114.627528631865,89.6493515438504,174.758697509766,0,190.473405725816,177.141182793511,191.385453444261,119.820770878946,186.79993220738,128.204312642415,194.799133300781,116.71335661645,203.781899672288,191.715942382812,124.028292410714,127.890248720338,144.841510009766,128.25101463817,171.077705383301,139.443574905396,89.1812854766846,134.319885768247,135.194942220052,95.5556455669981,120.057533597079,113.726355297787,143.331571720265,178.262544680864,156.980050520463,122.64483473036,0,166.005068969727,146.484988021851
151.366505940755,0,212.033569335938,132.68782043457,148.234090532575,0,176.095279346813,145.120742289225,167.354544285366,80.9105631510417,170.317390178812,193.670394897461,156.50952911377,182.744400024414,174.70646944913,0,134.822784423828,185.481586231905,0,195.638694763184,159.913660685221,156.087745666504,126.214114379883,162.227519989014,139.512902259827,0,180.470705817727,185.286050547724,142.241754150391,182.468406677246,144.483994620187,0,0,171.44312286377,194.99797905816,11.2865143472481,131.677701613482,135.172036374848,105.717533429464,97.2558220757379,92.0775916359641,86.3671735931229,29.1171949544722,64.7310095372108,80.3276055395823,85.0125147159969,129.724830999607,103.829393296015,149.483944232647,16.2235538327436,90.5809201460618,131.536628977458,115.842481231689,130.568625313895,126.201373298387,101.891769621107,80.5968344552176,102.821889357133,104.082863768911,79.9862905111839,129.697723388672,134.553346206561,144.475573337816,82.7073106327159,17.8780369489356,28.5754210545038,153.408605787489,80.3345489501953,32.0065936112662,72.8764710082788
0,65.0672206878662,62.6185139247349,49.1822048823039,0,0,0,0,0,101.600021362305,169.512802124023,76.9529145558675,0,76.418710561899,193.889007568359,0,80.0700836181641,106.533930264986,75.154167175293,94.2856292724609,0,0,101.415319061279,94.5607566833496,128.616912841797,56.2246632575989,75.7499618530273,85.3438292378965,201.427322387695,121.773239135742,202.323905944824,89.4523061116536,0,177.466827392578,116.69129725865,131.677701613482,7.82654818566968,63.2003544222924,11.5838939474439,104.481927871704,157.520156860352,0,144.992756183331,171.57151184082,74.434690517554,155.064147949219,75.8329612068508,130.996792602539,52.9632502623406,156.961207798549,122.267276763916,57.5853352584238,59.1883522645751,89.5426072014703,68.5654140313466,0,99.154096921285,26.3246535524509,69.9330796101054,75.4354300164557,20.464566557524,60.9434600477952,29.4806953396544,118.373969134162,126.75799206325,110.776889343262,76.0527215003967,101.362113952637,109.744710649763,75.0576911772658
175.241292317708,69.2955520629883,93.3553610907661,81.4123735427856,172.018653869629,0,202.54213823591,172.260908126831,206.858605957031,163.408182144165,198.416174081656,138.469314575195,196.327453613281,179.696746826172,168.174980163574,0,119.867712232802,117.530157623291,0,139.53103129069,198.33911895752,117.141092936198,61.6849266977021,108.785571725028,159.300309267911,93.9423217773438,128.03718289462,97.2262418285694,170.865917024158,192.267093658447,152.120134206919,0,0,189.141237046984,114.627528631865,135.172036374848,63.2003544222924,12.2034994193649,92.1802012761434,132.4508655172,221.973114013672,153.918316785027,108.460274222238,146.565819389359,116.854193285477,132.751386924132,106.486119588216,152.119037389755,113.291654698989,143.105040556576,157.87185886928,82.2623156624279,46.491875360627,103.213074072083,80.8383649074066,146.486788529616,68.135355848377,53.4932793670058,40.5182285056582,110.701945641647,140.009541829427,38.3736438076134,29.6938941812519,99.8686753343304,134.689217233486,88.8641607429113,114.194872342623,208.851771036784,124.541583499393,75.3203513653793
