9039,7,925,26,7,3,49,4642,408,83,272,47,6,5,7727,3,8,1050,3,69,11,208,12,327,184,1,520,402,255,10231,7429,1,16,120,328,1,0,1,4,1,0,3,4,2,3,7,0,4,0,3,0,1,4,0,1,1,0,1,2,9,0,7,7,22,6,2,0,0,1,4
7,4101,137,1072,11,0,2,11,12,485,5,85,5,508,27,6,70,552,18,195,2,23,2185,160,591,2294,368,5019,62,33,36,27,1,21,300,1,7,4,4,2,0,1,0,1,3,1,1,1,19,0,0,0,25,2,5,2,1,6,4,10,6,20,74,2,2,0,0,0,0,7
925,137,30474,268,63,7,187,4150,1229,119,863,278,29,98,2615,17,78,13617,69,486,14,2581,375,20360,590,17,11017,14016,2351,879,3195,31,14,232,2202,1,4,46,11,14,0,13,15,11,12,49,0,9,3,11,0,13,102,6,7,15,2,35,35,43,0,43,332,41,10,4,1,0,3,20
26,1072,268,201,22,2,266,110,244,454,182,149,40,1352,307,6,45,535,22,186,11,49,777,377,815,1696,286,3474,186,144,79,19,6,61,367,5,32,10,60,5,0,8,8,5,13,21,11,3,115,8,0,6,64,6,20,1,3,10,11,37,63,82,425,12,7,4,5,0,3,24
7,11,63,22,9725,4,112,174,145,644,5886,2,4420,5,146,58,4,13,2,4,7901,9,33,9,4180,2,18,55,6837,130,32,0,3,58,73,4,0,3,104,1934,0,80,46,37,136,264,0,638,0,15,16,0,0,0,0,307,0,0,2,285,0,2,4,163,22,0,0,0,3,8
3,0,7,2,4,5549,5612,18,2823,40,61,10,22,8,514,2600,0,3,1,2,5,1,1,5,15,0,5,5,14,907,6,0,5612,2,43,0,0,0,1,0,0,0,1,1,1,1,0,0,0,0,0,0,0,0,0,0,0,0,0,1,0,0,0,0,3,0,0,0,1,0
49,2,187,266,112,5612,80723,1669,27618,310,13028,101,13386,12,3559,5651,0,77,3,5,371,37,10,57,550,1,99,124,910,1901,83,3,1606,59,352,10,0,7,58,31,0,114,105,105,43,282,0,76,0,67,0,3,2,0,0,89,2,7,3,248,0,2,8,225,128,5,0,1,10,63
4642,11,4150,110,174,18,1669,81407,4775,535,24169,82,186,32,8821,35,94,1384,16,88,77,2387,87,2135,2251,3,1002,2164,26824,2362,20251,9,53,546,1008,8,1,7,50,22,0,84,63,50,53,225,2,67,0,32,5,8,7,1,1,48,2,16,12,217,0,14,21,186,62,5,0,1,11,54
408,12,1229,244,145,2823,27618,4775,127982,466,17384,314,829,35,46923,819,13,584,15,68,192,139,37,306,912,5,622,591,1627,6923,789,10,5732,144,697,8,0,4,64,13,0,69,60,71,41,131,1,36,0,40,0,5,3,0,0,38,2,4,3,212,0,1,18,223,87,9,0,0,20,39
83,485,119,454,644,40,310,535,466,12146,463,49,1581,219,681,1158,57,174,11,58,195,85,3301,89,14848,312,166,1228,2561,534,1192,20,21,443,424,3,1,4,140,47,0,29,21,25,189,90,2,53,7,16,9,2,8,1,3,26,2,7,5,284,6,9,24,178,41,10,0,0,8,27
272,5,863,182,5886,61,13028,24169,17384,463,120670,92,11700,16,7194,102,10,206,7,24,10369,249,33,301,865,5,222,416,10108,2175,586,2,148,229,919,21,0,12,119,300,0,313,233,231,194,974,1,387,3,107,16,3,7,0,2,278,4,3,7,675,0,14,9,521,129,6,0,1,15,59
47,85,278,149,2,10,101,82,314,49,92,72853,12,5318,467,1,4,2092,10750,6228,9,89,71,370,52,1077,10407,2994,58,1084,167,1294,183,63,10265,0,9,3,4,1,0,1,0,1,2,0,11,0,190,0,0,3,14,6,11,0,1,11,2,6,57,87,185,2,2,0,21,0,0,10
6,5,29,40,4420,22,13386,186,829,1581,11700,12,78968,2,174,875,3,9,0,2,13143,2,13,11,900,0,15,39,3958,264,10,0,18,40,92,1,0,1,32,184,0,68,22,41,43,129,1,4570,0,17,6,0,1,1,0,274,0,0,1,122,0,0,1,75,17,2,0,2,0,12
5,508,98,1352,5,8,12,32,35,219,16,5318,2,20465,59,3,30,147,272,223,1,15,551,42,122,6391,1233,4501,25,89,17,2460,18,5,470,0,32,2,46,0,0,0,2,1,22,3,87,2,1273,1,0,2,9,14,8,0,0,41,3,7,324,98,298,2,0,1,71,0,0,7
7727,27,2615,307,146,514,3559,8821,46923,681,7194,467,174,59,116530,308,24,1991,40,238,186,354,55,782,1204,10,1549,1340,1758,34365,3518,14,4591,549,1439,14,1,8,77,8,1,39,31,44,35,84,1,17,2,27,0,5,8,0,5,18,3,6,4,178,0,9,32,214,74,7,0,0,21,59
3,6,17,6,58,2600,5651,35,819,1158,102,1,875,3,308,8546,0,3,0,0,15,3,23,3,335,6,6,28,85,49,11,0,77,4,25,1,0,0,2,4,0,2,3,2,5,5,0,8,0,0,0,1,0,0,0,2,0,0,0,10,0,0,0,6,2,0,0,0,0,1
8,70,78,45,4,0,0,94,13,57,10,4,3,30,24,0,16231,145,3,24,1,5345,3966,7305,3738,17,68,6621,842,24,639,1,2,13,286,2,0,45,2,1,0,1,3,2,4,3,0,0,0,2,0,153,8,1,2,1,31,157,198,24,0,1,104,21,5,12,0,0,0,7
1050,552,13617,535,13,3,77,1384,584,174,206,2092,9,147,1991,3,145,33108,454,12357,3,2039,252,16464,283,83,14769,13409,598,2168,3652,78,15,441,4238,7,14,25,14,1,0,3,12,6,6,3,1,0,18,5,0,6,213,16,64,0,5,13,33,9,10,147,505,16,14,8,6,0,2,52
3,18,69,22,2,1,3,16,15,11,7,10750,0,272,40,0,3,454,7508,5527,0,14,10,52,7,245,4938,1418,7,68,29,231,10,8,533,0,1,0,2,0,0,0,0,0,0,0,1,0,33,0,0,0,9,5,8,0,0,4,0,0,12,46,89,0,0,0,9,0,0,2
69,195,486,186,4,2,5,88,68,58,24,6228,2,223,238,0,24,12357,5527,22071,1,169,109,843,58,296,10420,6090,46,356,310,148,4,72,1711,2,10,2,7,1,0,0,2,1,5,1,8,0,59,1,0,2,46,12,57,0,4,6,4,6,26,237,388,3,5,3,14,0,1,28
11,2,14,11,7901,5,371,77,192,195,10369,9,13143,1,186,15,1,3,0,1,4560,3,4,5,439,0,8,16,2853,189,6,0,12,9,83,2,0,1,34,420,0,45,31,30,54,139,0,646,0,10,6,0,1,1,1,160,0,1,0,102,0,1,4,70,9,1,0,0,2,4
208,23,2581,49,9,1,37,2387,139,85,249,89,2,15,354,3,5345,2039,14,169,3,72438,796,28836,909,9,325,3356,9780,1056,26159,3,3,642,9238,2,0,13,3,0,0,3,7,5,7,1,0,2,0,1,0,73,11,1,2,3,22,90,39,50,0,3,45,42,8,19,0,0,3,14
12,2185,375,777,33,1,10,87,37,3301,33,71,13,551,55,23,3966,252,10,109,4,796,11759,3776,9226,875,184,3808,669,32,389,23,1,33,317,1,2,142,4,2,0,8,13,3,77,10,1,4,25,9,0,535,38,1,3,2,83,1180,548,53,11,22,314,49,12,30,1,0,5,26
327,160,20360,377,9,5,57,2135,306,89,301,370,11,42,782,3,7305,16464,52,843,5,28836,3776,87863,1018,21,1722,20363,2647,708,7739,15,8,326,9305,1,0,147,9,0,0,2,10,3,3,9,2,0,2,5,0,299,74,4,17,0,38,569,365,35,1,33,551,56,11,9,0,0,2,27
184,591,590,815,4180,15,550,2251,912,14848,865,52,900,122,1204,335,3738,283,7,58,439,909,9226,1018,76805,203,346,3747,20115,1129,2489,13,18,1031,1035,32,0,23,221,114,2,249,181,205,208,550,1,169,2,123,10,36,20,0,2,156,25,54,48,773,2,32,62,728,239,24,0,2,53,220
1,2294,17,1696,2,0,1,3,5,312,5,1077,0,6391,10,6,17,83,245,296,0,9,875,21,203,7543,624,6079,20,16,8,62,3,3,130,1,37,0,44,0,0,0,1,0,25,0,44,0,747,2,0,1,13,14,17,0,2,46,2,14,304,146,413,2,1,1,53,0,0,11
520,368,11017,286,18,5,99,1002,622,166,222,10407,15,1233,1549,6,68,14769,4938,10420,8,325,184,1722,346,624,89079,22988,607,1045,912,1064,16,263,3889,4,36,8,23,1,0,2,14,7,12,12,21,5,193,5,0,3,111,50,132,0,1,17,15,11,80,478,932,25,9,9,25,1,3,64
402,5019,14016,3474,55,5,124,2164,591,1228,416,2994,39,4501,1340,28,6621,13409,1418,6090,16,3356,3808,20363,3747,6079,22988,121955,3275,1042,1984,2703,19,350,8256,14,143,376,89,8,0,9,62,28,54,35,58,8,922,32,2,256,749,121,225,10,37,492,435,104,505,1050,3762,102,44,33,118,1,7,217
255,62,2351,186,6837,14,910,26824,1627,2561,10108,58,3958,25,1758,85,842,598,7,46,2853,9780,669,2647,20115,20,607,3275,78677,1446,12308,7,39,1100,1666,28,0,20,240,378,2,310,235,166,340,971,5,427,4,109,25,23,16,1,4,305,15,26,38,1204,1,21,59,894,203,22,0,2,41,181
10231,33,879,144,130,907,1901,2362,6923,534,2175,1084,264,89,34365,49,24,2168,68,356,189,1056,32,708,1129,16,1045,1042,1446,98519,14359,19,6288,9714,3533,9,2,7,46,12,0,26,21,26,24,57,1,19,1,20,0,6,11,1,5,10,4,4,8,134,3,15,36,161,53,5,1,0,19,32
7429,36,3195,79,32,6,83,20251,789,1192,586,167,10,17,3518,11,639,3652,29,310,6,26159,389,7739,2489,8,912,1984,12308,14359,61299,5,15,2806,7288,4,1,13,11,1,1,3,9,10,33,11,0,5,2,9,0,15,7,0,4,2,7,36,15,58,2,11,40,75,22,4,0,0,8,41
1,27,31,19,0,0,3,9,10,20,2,1294,0,2460,14,0,1,78,231,148,0,3,23,15,13,62,1064,2703,7,19,5,1261,1,1,152,0,5,0,4,0,0,0,0,0,1,1,6,0,38,0,0,1,2,2,5,0,0,3,0,0,17,20,41,0,0,0,6,0,0,2
16,1,14,6,3,5612,1606,53,5732,21,148,183,18,18,4591,77,2,15,10,4,12,3,1,8,18,3,16,19,39,6288,15,1,18933,8,301,1,0,0,1,0,0,1,2,2,1,6,0,1,1,1,0,0,0,0,0,1,0,0,0,5,0,0,0,7,1,0,0,0,0,3
120,21,232,61,58,2,59,546,144,443,229,63,40,5,549,4,13,441,8,72,9,642,33,326,1031,3,263,350,1100,9714,2806,1,8,18738,1839,1,0,4,16,3,0,12,23,11,8,33,0,9,0,11,1,1,3,0,1,15,6,1,5,85,0,4,16,100,28,2,0,0,7,14
328,300,2202,367,73,43,352,1008,697,424,919,10265,92,470,1439,25,286,4238,533,1711,83,9238,317,9305,1035,130,3889,8256,1666,3533,7288,152,301,1839,33685,9,12,36,31,10,0,18,29,22,24,51,3,12,47,20,0,31,75,16,56,15,9,35,64,131,30,208,482,141,41,8,5,0,10,51
1,1,1,5,4,0,10,8,8,3,21,0,1,0,14,1,2,7,0,2,2,2,1,1,32,1,4,14,28,9,4,0,1,1,9,10483,11,121,27,34,4,112,10724,1126,184,410,67,37,9,14293,11,30,393,82,184,34,266,23,360,421,5,1086,371,1041,12808,6281,6,9,276,697
0,7,4,32,0,0,0,1,0,1,0,9,0,32,1,0,0,14,1,10,0,0,2,0,0,37,36,143,0,2,1,5,0,0,12,11,3037,38,877,0,4,0,21,9,817,0,20,2,517,11,7,65,368,37,137,0,13,1537,47,318,1467,444,4455,31,19,18,42,0,6,133
1,4,46,10,3,0,7,7,4,4,12,3,1,2,8,0,45,25,0,2,1,13,142,147,23,0,8,376,20,7,13,0,0,4,36,121,38,19348,18,47,1,172,2372,472,101,516,42,26,19,469,5,159,8109,91,359,24,922,350,10291,362,0,12317,10205,3473,259,276,11,2,27,955
4,4,11,60,104,1,58,50,64,140,119,4,32,46,77,2,2,14,2,7,34,3,4,9,221,44,23,89,240,46,11,4,1,16,31,27,877,18,315,123,1,88,126,136,1187,219,23,130,111,134,23,33,102,9,38,83,15,326,43,1126,165,156,872,550,302,43,6,1,68,117
1,2,14,5,1934,0,31,22,13,47,300,1,184,0,8,4,1,1,0,1,420,0,2,0,114,0,1,8,378,12,1,0,0,3,10,34,0,47,123,18620,2,260,76,235,297,3956,11,7187,0,162,53,2,9,3,7,18891,18,5,27,5730,1,79,35,3876,163,23,1,3,18,79
0,0,0,0,0,0,0,0,0,0,0,0,0,0,1,0,0,0,0,0,0,0,0,0,2,0,0,0,2,0,1,0,0,0,0,4,4,1,1,2,8828,2332,11,1536,38,22,29,39,2,385,3424,0,1,4,3,9,1,2,2,37,1,4,10,15,347,6,1,3829,0,104
3,1,13,8,80,0,114,84,69,29,313,1,68,0,39,2,1,3,0,0,45,3,8,2,249,0,2,9,310,26,3,0,1,12,18,112,0,172,88,260,2332,85739,2238,15866,348,17477,136,9901,12,3288,4242,5,74,16,15,691,74,5,115,1060,0,314,150,3176,1707,88,5,846,42,401
4,0,15,8,46,1,105,63,60,21,233,0,22,2,31,3,3,12,0,2,31,7,13,10,181,1,14,62,235,21,9,0,2,23,29,10724,21,2372,126,76,11,2238,157229,8575,467,14479,162,126,19,19831,20,81,2573,310,688,89,2855,79,3697,1129,6,4751,1634,35517,3031,21670,18,22,380,2065
2,1,11,5,37,1,105,50,71,25,231,1,41,1,44,2,2,6,0,1,30,5,3,3,205,0,7,28,166,26,10,0,2,11,22,1126,9,472,136,235,1536,15866,8575,102295,437,15926,809,1263,63,41701,560,30,450,102,144,516,180,24,342,1352,4,1423,448,3210,7350,732,42,4809,110,1689
3,3,12,13,136,1,43,53,41,189,194,2,43,22,35,5,4,6,0,5,54,7,77,3,208,25,12,54,340,24,33,1,1,8,24,184,817,101,1187,297,38,348,467,437,11917,562,51,2446,382,480,713,266,208,23,70,270,88,3230,206,12480,479,308,1694,2572,1218,237,19,8,334,542
7,1,49,21,264,1,282,225,131,90,974,0,129,3,84,5,3,3,0,1,139,1,10,9,550,0,12,35,971,57,11,1,6,33,51,410,0,516,219,3956,22,17477,14479,15926,562,111217,120,11030,9,2912,93,16,222,40,56,6262,198,16,274,2293,1,778,403,19052,1392,278,6,34,107,844
0,1,0,11,0,0,0,2,1,2,1,11,1,87,1,0,0,1,1,8,0,0,1,2,1,44,21,58,5,1,0,6,0,0,3,67,20,42,23,11,29,136,162,809,51,120,49952,84,4249,1212,4,13,560,8337,2942,22,79,39,159,56,291,7737,721,80,827,120,3158,270,14,6221
4,1,9,3,638,0,76,67,36,53,387,0,4570,2,17,8,0,0,0,0,646,2,4,0,169,0,5,8,427,19,5,0,1,9,12,37,2,26,130,7187,39,9901,126,1263,2446,11030,84,89767,5,616,3489,3,19,10,9,22928,4,13,7,4633,1,74,58,2301,331,17,5,25,7,308
0,19,3,115,0,0,0,0,0,7,3,190,0,1273,2,0,0,18,33,59,0,0,25,2,2,747,193,922,4,1,2,38,1,0,47,9,517,19,111,0,2,12,19,63,382,9,4249,5,28583,94,4,21,54,256,129,2,11,402,15,117,4469,1710,7216,21,65,21,4195,30,6,279
3,0,11,8,15,0,67,32,40,16,107,0,17,1,27,0,2,5,0,1,10,1,9,5,123,2,5,32,109,20,9,0,1,11,20,14293,11,469,134,162,385,3288,19831,41701,480,2912,1212,616,94,98735,293,39,884,246,341,276,284,46,658,1064,9,2770,775,2133,18626,2288,77,4036,187,3695
0,0,0,0,16,0,0,5,0,9,16,0,6,0,0,0,0,0,0,0,6,0,0,0,10,0,0,2,25,0,0,0,0,1,0,11,7,5,23,53,3424,4242,20,560,713,93,4,3489,4,293,10524,4,8,1,0,76,3,37,4,335,0,10,33,71,88,4,0,38,9,23
1,0,13,6,0,0,3,8,5,2,3,3,0,2,5,1,153,6,0,2,0,73,535,299,36,1,3,256,23,6,15,1,0,1,31,30,65,159,33,2,0,5,81,30,266,16,13,3,21,39,4,15776,475,19,78,1,3799,6728,7607,3534,14,322,5968,1913,83,555,5,1,43,307
4,25,102,64,0,0,2,7,3,8,7,14,1,9,8,0,8,213,9,46,1,11,38,74,20,13,111,749,16,11,7,2,0,3,75,393,368,8109,102,9,1,74,2573,450,208,222,560,19,54,884,8,475,21189,1055,8695,13,1285,350,12179,381,29,11678,12490,1707,877,1745,26,6,62,2892
0,2,6,6,0,0,0,1,0,1,0,6,1,14,0,0,1,16,5,12,1,1,1,4,0,14,50,121,1,1,0,2,0,0,16,82,37,91,9,3,4,16,310,102,23,40,8337,10,256,246,1,19,1055,7955,5278,9,76,22,223,27,75,7056,1456,103,178,176,441,18,22,1630
1,5,7,20,0,0,0,1,0,3,2,11,0,8,5,0,2,64,8,57,1,2,3,17,2,17,132,225,4,5,4,5,0,1,56,184,137,359,38,7,3,15,688,144,70,56,2942,9,129,341,0,78,8695,5278,13106,5,182,81,685,74,86,10458,4503,296,259,449,132,10,39,3290
1,2,15,1,307,0,89,48,38,26,278,0,274,0,18,2,1,0,0,0,160,3,2,0,156,0,0,10,305,10,2,0,1,15,15,34,0,24,83,18891,9,691,89,516,270,6262,22,22928,2,276,76,1,13,9,5,10115,3,1,16,3935,0,47,24,2508,172,12,2,11,9,115
0,1,2,3,0,0,2,2,2,2,4,1,0,0,3,0,31,5,0,4,0,22,83,38,25,2,1,37,15,4,7,0,0,6,9,266,13,922,15,18,1,74,2855,180,88,198,79,4,11,284,3,3799,1285,76,182,3,66168,808,34147,775,4,545,1259,10093,797,15874,2,1,273,8182
1,6,35,10,0,0,7,16,4,7,3,11,0,41,6,0,157,13,4,6,1,90,1180,569,54,46,17,492,26,4,36,3,0,1,35,23,1537,350,326,5,2,5,79,24,3230,16,39,13,402,46,37,6728,350,22,81,1,808,9527,4471,4383,494,321,6763,501,82,311,20,1,21,218
2,4,35,11,2,0,3,12,3,5,7,2,1,3,4,0,198,33,0,4,0,39,548,365,48,2,15,435,38,8,15,0,0,5,64,360,47,10291,43,27,2,115,3697,342,206,274,159,7,15,658,4,7607,12179,223,685,16,34147,4471,67906,1203,10,3879,11843,8497,1089,6044,12,6,161,6187
9,10,43,37,285,1,248,217,212,284,675,6,122,7,178,10,24,9,0,6,102,50,53,35,773,14,11,104,1204,134,58,0,5,85,131,421,318,362,1126,5730,37,1060,1129,1352,12480,2293,56,4633,117,1064,335,3534,381,27,74,3935,775,4383,1203,55877,153,699,2394,20245,2187,587,14,13,615,1326
0,6,0,63,0,0,0,0,0,6,0,57,0,324,0,0,0,10,12,26,0,0,11,1,2,304,80,505,1,3,2,17,0,0,30,5,1467,0,165,1,1,0,6,4,479,1,291,1,4469,9,0,14,29,75,86,0,4,494,10,153,5420,591,4832,6,7,3,244,1,0,78
7,20,43,82,2,0,2,14,1,9,14,87,0,98,9,0,1,147,46,237,1,3,22,33,32,146,478,1050,21,15,11,20,0,4,208,1086,444,12317,156,79,4,314,4751,1423,308,778,7737,74,1710,2770,10,322,11678,7056,10458,47,545,321,3879,699,591,95541,28015,2953,1437,2104,2875,41,164,3809
7,74,332,425,4,0,8,21,18,24,9,185,1,298,32,0,104,505,89,388,4,45,314,551,62,413,932,3762,59,36,40,41,0,16,482,371,4455,10205,872,35,10,150,1634,448,1694,403,721,58,7216,775,33,5968,12490,1456,4503,24,1259,6763,11843,2394,4832,28015,90695,3410,921,958,1239,16,130,3982
22,2,41,12,163,0,225,186,223,178,521,2,75,2,214,6,21,16,0,3,70,42,49,56,728,2,25,102,894,161,75,0,7,100,141,1041,31,3473,550,3876,15,3176,35517,3210,2572,19052,80,2301,21,2133,71,1913,1707,103,296,2508,10093,501,8497,20245,6,2953,3410,109153,3688,11031,8,24,1999,4437
6,2,10,7,22,3,128,62,87,41,129,2,17,0,74,2,5,14,0,5,9,8,12,11,239,1,9,44,203,53,22,0,1,28,41,12808,19,259,302,163,347,1707,3031,7350,1218,1392,827,331,65,18626,88,83,877,178,259,172,797,82,1089,2187,7,1437,921,3688,97980,8799,45,3900,7359,4926
2,0,4,4,0,0,5,5,9,10,6,0,2,1,7,0,12,8,0,3,1,19,30,9,24,1,9,33,22,5,4,0,0,2,8,6281,18,276,43,23,6,88,21670,732,237,278,120,17,21,2288,4,555,1745,176,449,12,15874,311,6044,587,3,2104,958,11031,8799,66459,13,9,1068,4119
0,0,1,5,0,0,0,0,0,0,0,21,0,71,0,0,0,6,9,14,0,0,1,0,0,53,25,118,0,1,0,6,0,0,5,6,42,11,6,1,1,5,18,42,19,6,3158,5,4195,77,0,5,26,441,132,2,2,20,12,14,244,2875,1239,8,45,13,1731,15,3,254
0,0,0,0,0,0,1,1,0,0,1,0,2,0,0,0,0,0,0,0,0,0,0,0,2,0,1,1,2,0,0,0,0,0,0,9,0,2,1,3,3829,846,22,4809,8,34,270,25,30,4036,38,1,6,18,10,11,1,1,6,13,1,41,16,24,3900,9,15,7392,3,709
1,0,3,3,3,1,10,11,20,8,15,0,0,0,21,0,0,2,0,1,2,3,5,2,53,0,3,7,41,19,8,0,0,7,10,276,6,27,68,18,0,42,380,110,334,107,14,7,6,187,9,43,62,22,39,9,273,21,161,615,0,164,130,1999,7359,1068,3,3,5841,2046
4,7,20,24,8,0,63,54,39,27,59,10,12,7,59,1,7,52,2,28,4,14,26,27,220,11,64,217,181,32,41,2,3,14,51,697,133,955,117,79,104,401,2065,1689,542,844,6221,308,279,3695,23,307,2892,1630,3290,115,8182,218,6187,1326,78,3809,3982,4437,4926,4119,254,709,2046,35638
