9139,0,68,10,9,1,41,4772,1007,1,1527,30,7,5,12277,0,1,137,18,42,10,123,1,235,35,0,58,50,106,7852,2953,7,33,23,114,0,1,1,5,0,0,0,1,0,0,0,0,0,0,0,0,0,0,0,0,0,1,0,0,8,0,1,7,9,1,3,0,0,0,0
0,2542,321,764,206,3,7,6,12,515,7,165,2,793,11,39,154,329,25,41,0,23,1919,161,1111,1860,193,5001,36,13,15,154,1,1,85,0,18,19,20,0,0,0,0,2,0,0,3,0,13,0,0,2,6,1,7,0,0,7,2,3,0,53,168,11,1,1,3,0,0,1
68,321,34276,75,82,8,1519,2123,2339,14,1846,235,8,14,926,4,35,17344,342,2047,5,2761,54,26629,555,3,17953,15231,2166,714,1052,70,39,78,2473,2,76,606,55,3,0,8,25,24,5,7,9,0,0,17,0,24,222,7,83,0,23,36,122,94,1,808,2362,75,9,20,0,1,6,41
10,764,75,585,1312,6,198,537,210,1471,270,342,13,787,162,53,1342,63,31,43,11,538,763,337,8428,1244,139,5743,1037,256,323,146,26,56,130,5,9,15,109,8,1,7,58,14,30,9,3,1,13,15,1,7,12,3,14,0,18,27,25,207,5,62,277,140,41,18,2,0,7,10
9,206,82,1312,13426,21,405,172,280,2258,7467,57,5231,131,217,463,94,34,7,7,14641,35,1376,97,14985,164,56,1312,4255,606,73,46,27,113,205,15,2,10,80,1097,6,160,312,169,67,415,2,233,3,88,9,8,2,1,3,492,8,19,24,1064,1,16,78,902,169,45,2,3,15,48
1,3,8,6,21,4102,1333,15,1319,22,62,28,89,11,124,2585,0,5,2,2,15,5,4,11,48,1,10,22,13,112,8,4,6360,1,93,0,0,0,0,0,0,0,0,2,0,0,0,0,0,0,0,0,0,0,0,0,0,0,0,5,0,0,0,2,2,0,0,0,0,0
41,7,1519,198,405,1333,65416,2110,23009,230,35214,159,16793,20,2275,4189,4,365,45,129,1409,297,13,663,486,2,475,335,1503,1589,284,16,1859,46,421,1,0,13,12,62,4,44,122,70,11,98,1,9,0,42,0,3,5,0,1,17,1,5,5,357,0,14,51,317,50,10,2,0,3,17
4772,6,2123,537,172,15,2110,50024,6800,85,22906,125,30,11,9244,8,25,426,35,84,26,1646,51,2131,1955,0,336,1035,27476,4599,12020,26,121,276,880,17,1,27,59,13,2,12,237,73,26,24,0,5,2,57,1,7,6,2,3,5,14,10,21,607,1,17,119,544,137,33,0,3,14,34
1007,12,2339,210,280,1319,23009,6800,81134,92,14946,594,2305,60,23571,691,15,1380,178,453,476,932,28,2667,518,11,1172,877,1271,3430,3308,65,5137,37,900,6,1,21,18,10,0,10,127,36,7,32,2,7,1,30,0,1,7,2,4,3,1,1,9,246,0,22,86,221,45,21,1,3,4,7
1,515,14,1471,2258,22,230,85,92,3565,698,211,620,749,42,662,15,10,11,11,148,5,2135,22,13515,663,65,2240,528,94,45,217,11,15,57,2,1,5,426,39,2,36,49,21,60,50,5,1,10,12,0,0,4,2,2,8,1,2,3,169,0,21,63,206,13,5,5,1,3,7
1527,7,1846,270,7467,62,35214,22906,14946,698,127295,382,11133,38,8596,285,21,480,75,99,11414,738,30,1369,2856,4,509,952,15391,5360,1374,60,363,215,1478,10,3,25,24,536,14,282,293,262,76,643,1,102,1,83,9,5,4,1,0,207,7,8,24,1318,0,27,110,1373,102,19,0,7,13,32
30,165,235,342,57,28,159,125,594,211,382,48534,111,3752,1203,15,6,2417,11718,3242,61,219,176,787,195,590,7011,2565,124,985,334,3070,324,53,10298,2,5,16,70,0,0,1,8,1,2,3,101,0,429,0,1,0,11,50,34,0,1,1,5,18,41,405,686,21,4,0,231,1,0,10
7,2,8,13,5231,89,16793,30,2305,620,11133,111,44227,12,873,3419,0,4,13,5,24047,4,3,6,2361,2,27,36,664,342,17,10,248,3,100,0,0,0,1,38,1,20,8,8,15,32,0,1466,0,1,4,0,0,1,0,86,0,0,0,24,1,0,3,52,1,0,0,0,0,1
5,793,14,787,131,11,20,11,60,749,38,3752,12,14818,75,41,17,22,88,26,5,6,584,20,707,4204,164,4748,13,61,15,2726,23,2,364,0,9,2,137,0,0,1,4,0,9,1,195,0,1088,1,0,0,7,42,20,0,0,18,1,7,60,294,743,3,2,1,417,0,0,7
12277,11,926,162,217,124,2275,9244,23571,42,8596,1203,873,75,65233,59,10,1196,277,417,383,929,32,2152,686,9,899,750,1400,22168,7391,133,2678,190,2301,4,0,15,23,9,0,9,78,20,7,16,1,0,7,15,0,1,4,0,7,1,6,1,10,193,1,20,78,159,29,23,2,0,4,5
0,39,4,53,463,2585,4189,8,691,662,285,15,3419,41,59,12786,5,4,3,4,258,1,60,7,1402,45,12,332,125,51,7,16,359,1,10,1,0,0,7,5,0,1,3,3,1,3,0,3,1,1,1,0,0,1,0,2,0,0,0,9,0,6,7,8,4,1,0,0,0,0
1,154,35,1342,94,0,4,25,15,15,21,6,0,17,10,5,27322,95,4,12,1,4395,5775,22302,3416,14,66,10836,1359,31,197,9,2,15,250,0,16,174,378,0,0,2,10,14,0,5,3,0,1,2,0,1130,14,3,12,0,279,1564,1674,164,0,59,2444,177,19,59,0,0,3,32
137,329,17344,63,34,5,365,426,1380,10,480,2417,4,22,1196,4,95,16611,2340,11846,2,1946,36,13520,244,19,12835,13795,458,1213,1805,95,42,82,4064,0,36,254,36,0,0,1,6,6,2,3,1,0,4,3,0,19,106,13,77,0,7,16,47,36,2,641,1356,21,3,6,5,0,0,24
18,25,342,31,7,2,45,35,178,11,75,11718,13,88,277,3,4,2340,9179,6781,9,157,14,569,35,544,5827,2177,46,378,270,695,50,25,2437,0,11,17,13,0,0,0,2,0,0,1,22,0,106,1,1,5,12,71,49,0,1,5,5,5,48,551,803,4,2,4,106,0,0,9
42,41,2047,43,7,2,129,84,453,11,99,3242,5,26,417,4,12,11846,6781,17848,2,379,9,2340,76,86,18849,6010,107,648,659,138,29,49,2611,0,20,50,52,0,0,0,1,0,4,0,5,0,25,3,0,3,29,20,110,0,1,3,13,14,20,789,982,4,2,5,12,0,1,31
10,0,5,11,14641,15,1409,26,476,148,11414,61,24047,5,383,258,1,2,9,2,6317,8,0,7,612,0,19,21,2049,301,11,8,50,1,100,1,0,1,2,150,0,41,24,25,30,82,0,309,0,7,3,0,0,0,0,33,0,1,0,117,0,1,2,134,13,1,0,0,0,5
123,23,2761,538,35,5,297,1646,932,5,738,219,4,6,929,1,4395,1946,157,379,8,64711,212,52759,1025,4,391,2701,7309,2033,22853,14,23,705,9928,5,1,88,154,0,0,1,20,5,2,7,3,0,1,9,0,142,14,2,5,1,372,80,171,292,0,34,354,284,40,119,0,0,19,36
1,1919,54,763,1376,4,13,51,28,2135,30,176,3,584,32,60,5775,36,14,9,0,212,7255,657,11028,789,45,5038,403,57,93,148,2,11,61,0,8,181,161,0,1,2,11,7,2,2,0,0,6,5,0,63,17,2,11,1,16,93,71,49,0,57,1045,46,5,7,2,0,0,7
235,161,26629,337,97,11,663,2131,2667,22,1369,787,6,20,2152,7,22302,13520,569,2340,7,52759,657,113598,2291,5,3402,25343,8516,2550,10539,36,50,397,10657,2,34,892,330,0,0,7,37,55,5,8,5,0,6,32,0,1044,122,10,36,0,225,1077,1835,218,2,289,5797,248,25,54,0,0,8,42
35,1111,555,8428,14985,48,486,1955,518,13515,2856,195,2361,707,686,1402,3416,244,35,76,612,1025,11028,2291,45809,755,317,9803,18240,2202,908,236,58,621,956,63,10,143,772,448,9,188,1051,387,189,480,16,81,17,274,8,153,26,3,14,146,211,214,336,3263,3,106,784,3162,534,323,5,2,52,162
0,1860,3,1244,164,1,2,0,11,663,4,590,2,4204,9,45,14,19,544,86,0,4,789,5,755,4317,798,4751,11,10,1,782,1,0,96,0,4,3,87,0,0,0,1,0,1,0,17,0,106,0,0,0,3,12,17,0,0,2,2,6,13,142,269,4,1,1,47,0,0,8
58,193,17953,139,56,10,475,336,1172,65,509,7011,27,164,899,12,66,12835,5827,18849,19,391,45,3402,317,798,79992,25646,325,894,507,2673,95,43,7777,2,82,186,139,0,0,0,5,12,17,2,95,0,397,16,0,15,191,298,561,0,17,39,51,81,259,4405,5739,27,18,23,315,0,1,167
50,5001,15231,5743,1312,22,335,1035,877,2240,952,2565,36,4748,750,332,10836,13795,2177,6010,21,2701,5038,25343,9803,4751,25646,109714,4361,1111,971,9182,72,126,9027,13,902,4281,1316,5,4,24,92,127,79,40,127,1,737,82,6,466,1481,473,1274,1,130,678,1200,511,352,9755,29259,293,79,88,505,2,8,435
106,36,2166,1037,4255,13,1503,27476,1271,528,15391,124,664,13,1400,125,1359,458,46,107,2049,7309,403,8516,18240,11,325,4361,55241,4417,12818,22,86,1461,4022,45,5,144,251,239,5,145,617,203,90,362,7,55,1,177,7,115,23,1,10,81,267,96,264,2071,0,70,569,2020,379,312,2,2,61,84
7852,13,714,256,606,112,1589,4599,3430,94,5360,985,342,61,22168,51,31,1213,378,648,301,2033,57,2550,2202,10,894,1111,4417,94174,19768,85,3104,8642,5377,2,0,26,50,5,0,10,65,19,13,23,1,4,3,14,0,10,5,1,4,2,28,0,18,193,0,32,112,274,37,32,2,0,6,12
2953,15,1052,323,73,8,284,12020,3308,45,1374,334,17,15,7391,7,197,1805,270,659,11,22853,93,10539,908,1,507,971,12818,19768,56944,32,95,1615,6383,3,0,30,115,0,0,1,49,9,13,3,0,0,0,18,0,33,7,1,7,0,156,8,50,268,1,37,127,388,50,79,0,0,8,16
7,154,70,146,46,4,16,26,65,217,60,3070,10,2726,133,16,9,95,695,138,8,14,148,36,236,782,2673,9182,22,85,32,6329,31,3,1154,0,16,4,45,0,0,0,0,1,9,0,141,0,837,2,0,2,9,139,44,0,2,10,1,11,113,815,1743,2,2,2,626,1,0,21
33,1,39,26,27,6360,1859,121,5137,11,363,324,248,23,2678,359,2,42,50,29,50,23,2,50,58,1,95,72,86,3104,95,31,9655,2,573,1,1,3,0,0,0,1,10,1,0,3,0,0,2,4,0,0,0,0,0,0,0,1,0,21,0,6,10,17,4,1,0,0,1,3
23,1,78,56,113,1,46,276,37,15,215,53,3,2,190,1,15,82,25,49,1,705,11,397,621,0,43,126,1461,8642,1615,3,2,7171,1807,0,1,4,12,1,0,1,6,0,1,1,0,0,1,1,0,5,0,0,0,0,14,0,8,45,0,1,22,42,5,5,0,0,0,1
114,85,2473,130,205,93,421,880,900,57,1478,10298,100,364,2301,10,250,4064,2437,2611,100,9928,61,10657,956,96,7777,9027,4022,5377,6383,1154,573,1807,36199,5,17,69,44,3,0,4,32,7,5,2,9,0,43,5,0,21,30,26,55,1,27,19,31,87,23,504,870,73,16,18,24,0,1,29
0,0,2,5,15,0,1,17,6,2,10,2,0,0,4,1,0,0,0,0,1,5,0,2,63,0,2,13,45,2,3,0,1,0,5,5944,3,313,88,66,7,44,3845,812,64,321,84,23,1,10687,6,1,176,62,185,28,118,1,377,332,1,593,115,1113,9858,3864,2,23,84,267
1,18,76,9,2,0,0,1,1,1,3,5,0,9,0,0,16,36,11,20,0,1,8,34,10,4,82,902,5,0,0,16,1,1,17,3,3027,38,544,3,12,4,9,5,1046,2,29,0,791,3,29,157,80,33,169,0,14,3156,44,1295,2299,490,7519,37,10,9,41,0,0,92
1,19,606,15,10,0,13,27,21,5,25,16,0,2,15,0,174,254,17,50,1,88,181,892,143,3,186,4281,144,26,30,4,3,4,69,313,38,32395,140,15,27,562,1761,3949,11,726,149,11,8,2140,5,46,7286,243,1673,12,2717,38,23443,262,1,23537,15887,2150,698,966,25,21,51,1396
5,20,55,109,80,0,12,59,18,426,24,70,1,137,23,7,378,36,13,52,2,154,161,330,772,87,139,1316,251,50,115,45,0,12,44,88,544,140,990,17,4,19,470,123,361,54,118,7,816,252,2,3603,99,35,180,4,1033,1407,1124,5175,1475,584,7495,1681,791,635,54,5,156,233
0,0,3,8,1097,0,62,13,10,39,536,0,38,0,9,5,0,0,0,0,150,0,0,0,448,0,0,5,239,5,0,0,0,1,3,66,3,15,17,22463,51,1593,100,1003,802,6257,68,8779,1,807,209,2,2,6,6,12069,1,11,10,9080,0,14,24,5053,920,25,2,57,8,213
0,0,0,1,6,0,4,2,0,2,14,0,1,0,0,0,0,0,0,0,0,0,1,0,9,0,0,4,5,0,0,0,0,0,0,7,12,27,4,51,14597,4669,44,2436,201,360,238,206,17,608,5490,2,3,9,5,61,6,22,10,285,13,40,52,115,391,2,1,4689,0,291
0,0,8,7,160,0,44,12,10,36,282,1,20,1,9,1,2,1,0,0,41,1,2,7,188,0,0,24,145,10,1,0,1,1,4,44,4,562,19,1593,4669,86707,657,31166,349,23755,371,8591,5,2372,4087,6,46,30,30,1925,83,4,227,614,5,208,251,3845,1400,64,7,3059,8,489
1,0,25,58,312,0,122,237,127,49,293,8,8,4,78,3,10,6,2,1,24,20,11,37,1051,1,5,92,617,65,49,0,10,6,32,3845,9,1761,470,100,44,657,58262,7666,346,7829,93,44,2,20170,31,20,608,73,309,45,889,19,2880,1900,0,1075,868,23756,3600,13574,3,63,316,867
0,2,24,14,169,2,70,73,36,21,262,1,8,0,20,3,14,6,0,0,25,5,7,55,387,0,12,127,203,19,9,1,1,0,7,812,5,3949,123,1003,2436,31166,7666,78075,189,19825,1187,2192,14,32904,1176,12,593,151,359,923,556,14,2409,1254,4,2303,1065,7323,5805,1353,19,6577,62,1723
0,0,5,30,67,0,11,26,7,60,76,2,15,9,7,1,0,2,0,4,30,2,2,5,189,1,17,79,90,13,13,9,0,1,5,64,1046,11,361,802,201,349,346,189,5607,537,76,2895,731,153,1466,29,28,23,101,424,13,2048,22,12640,877,322,1736,1290,388,102,40,8,28,101
0,0,7,9,415,0,98,24,32,50,643,3,32,1,16,3,5,3,1,0,82,7,2,8,480,0,2,40,362,23,3,0,3,1,2,321,2,726,54,6257,360,23755,7829,19825,537,77952,330,18529,3,6207,674,12,66,29,42,10840,204,3,522,1385,6,269,688,28805,3721,302,4,335,49,1099
0,3,9,3,2,0,1,0,2,5,1,101,0,195,1,0,3,1,22,5,0,3,0,5,16,17,95,127,7,1,0,141,0,0,9,84,29,149,118,68,238,371,93,1187,76,330,44066,138,1483,1207,13,0,1225,9332,2280,100,379,130,861,65,362,3931,1003,236,1562,868,1165,1337,47,10974
0,0,0,1,233,0,9,5,7,1,102,0,1466,0,0,3,0,0,0,0,309,0,0,0,81,0,0,1,55,4,0,0,0,0,0,23,0,11,7,8779,206,8591,44,2192,2895,18529,138,46903,5,966,3106,1,5,15,9,24261,3,3,7,2996,3,25,17,3044,633,15,4,192,3,275
0,13,0,13,3,0,0,2,1,10,1,429,0,1088,7,1,1,4,106,25,0,1,6,6,17,106,397,737,1,3,0,837,2,1,43,1,791,8,816,1,17,5,2,14,731,3,1483,5,16979,18,17,13,1,70,13,1,6,795,1,281,4746,364,4838,11,26,6,4025,17,0,269
0,0,17,15,88,0,42,57,30,12,83,0,1,1,15,1,2,3,1,3,7,9,5,32,274,0,16,82,177,14,18,2,4,1,5,10687,3,2140,252,807,608,2372,20170,32904,153,6207,1207,966,18,86738,152,11,705,244,641,737,439,23,1908,1151,17,2498,554,6083,19968,4266,27,5883,127,2917
0,0,0,1,9,0,0,1,0,0,9,1,4,0,0,1,0,0,1,0,3,0,0,0,8,0,0,6,7,0,0,0,0,0,0,6,29,5,2,209,5490,4087,31,1176,1466,674,13,3106,17,152,12518,0,3,5,8,354,1,56,2,790,21,22,92,199,45,5,0,165,1,16
0,2,24,7,8,0,3,7,1,0,5,0,0,0,1,0,1130,19,5,3,0,142,63,1044,153,0,15,466,115,10,33,2,0,5,21,1,157,46,3603,2,2,6,20,12,29,12,0,1,13,11,0,29097,43,6,38,0,4110,7340,12878,4234,48,124,11541,1544,44,159,2,0,16,127
0,6,222,12,2,0,5,6,7,4,4,11,0,7,4,0,14,106,12,29,0,14,17,122,26,3,191,1481,23,5,7,9,0,0,30,176,80,7286,99,2,3,46,608,593,28,66,1225,5,1,705,3,43,7836,723,6070,2,1395,41,10810,132,9,4727,6497,686,523,1901,17,12,29,4653
0,1,7,3,1,0,0,2,2,2,1,50,1,42,0,1,3,13,71,20,0,2,2,10,3,12,298,473,1,1,1,139,0,0,26,62,33,243,35,6,9,30,73,151,23,29,9332,15,70,244,5,6,723,7330,3886,11,153,21,370,45,83,6231,2584,61,294,427,454,71,26,1947
0,7,83,14,3,0,1,3,4,2,0,34,0,20,7,0,12,77,49,110,0,5,11,36,14,17,561,1274,10,4,7,44,0,0,55,185,169,1673,180,6,5,30,309,359,101,42,2280,9,13,641,8,38,6070,3886,13099,7,526,74,1958,183,93,12440,6558,296,614,1401,84,38,44,4647
0,0,0,0,492,0,17,5,3,8,207,0,86,0,1,2,0,0,0,0,33,1,1,0,146,0,0,1,81,2,0,0,0,0,1,28,0,12,4,12069,61,1925,45,923,424,10840,100,24261,1,737,354,0,2,11,7,11290,2,2,7,3133,0,15,12,2916,736,18,0,56,5,227
1,0,23,18,8,0,1,14,1,1,7,1,0,0,6,0,279,7,1,1,0,372,16,225,211,0,17,130,267,28,156,2,0,14,27,118,14,2717,1033,1,6,83,889,556,13,204,379,3,6,439,1,4110,1395,153,526,2,52685,297,36978,1087,4,816,2782,7973,1331,18566,4,6,198,9443
0,7,36,27,19,0,5,10,1,2,8,1,0,18,1,0,1564,16,5,3,1,80,93,1077,214,2,39,678,96,0,8,10,1,0,19,1,3156,38,1407,11,22,4,19,14,2048,3,130,3,795,23,56,7340,41,21,74,2,297,12051,1168,10861,1007,264,6375,490,56,72,31,0,19,47
0,2,122,25,24,0,5,21,9,3,24,5,0,1,10,0,1674,47,5,13,0,171,71,1835,336,2,51,1200,264,18,50,1,0,8,31,377,44,23443,1124,10,10,227,2880,2409,22,522,861,7,1,1908,2,12878,10810,370,1958,7,36978,1168,96782,992,4,5409,25502,8835,1220,8066,12,17,127,8290
8,3,94,207,1064,5,357,607,246,169,1318,18,24,7,193,9,164,36,5,14,117,292,49,218,3263,6,81,511,2071,193,268,11,21,45,87,332,1295,262,5175,9080,285,614,1900,1254,12640,1385,65,2996,281,1151,790,4234,132,45,183,3133,1087,10861,992,58788,499,726,6787,13828,3145,955,29,43,468,807
0,0,1,5,1,0,0,1,0,0,0,41,1,60,1,0,0,2,48,20,0,0,0,2,3,13,259,352,0,0,1,113,0,0,23,1,2299,1,1475,0,13,5,0,4,877,6,362,3,4746,17,21,48,9,83,93,0,4,1007,4,499,3084,261,2870,12,5,1,77,8,0,176
1,53,808,62,16,0,14,17,22,21,27,405,0,294,20,6,59,641,551,789,1,34,57,289,106,142,4405,9755,70,32,37,815,6,1,504,593,490,23537,584,14,40,208,1075,2303,322,269,3931,25,364,2498,22,124,4727,6231,12440,15,816,264,5409,726,261,113031,40613,833,1438,1985,4208,78,94,3167
7,168,2362,277,78,0,51,119,86,63,110,686,3,743,78,7,2444,1356,803,982,2,354,1045,5797,784,269,5739,29259,569,112,127,1743,10,22,870,115,7519,15887,7495,24,52,251,868,1065,1736,688,1003,17,4838,554,92,11541,6497,2584,6558,12,2782,6375,25502,6787,2870,40613,96612,6157,630,882,3269,25,96,4001
9,11,75,140,902,2,317,544,221,206,1373,21,52,3,159,8,177,21,4,4,134,284,46,248,3162,4,27,293,2020,274,388,2,17,42,73,1113,37,2150,1681,5053,115,3845,23756,7323,1290,28805,236,3044,11,6083,199,1544,686,61,296,2916,7973,490,8835,13828,12,833,6157,60179,9787,9882,7,128,1680,4897
1,1,9,41,169,2,50,137,45,13,102,4,1,2,29,4,19,3,2,2,13,40,5,25,534,1,18,79,379,37,50,2,4,5,16,9858,10,698,791,920,391,1400,3600,5805,388,3721,1562,633,26,19968,45,44,523,294,614,736,1331,56,1220,3145,5,1438,630,9787,111769,16099,27,4959,13860,7665
3,1,20,18,45,0,10,33,21,5,19,0,0,1,23,1,59,6,4,5,1,119,7,54,323,1,23,88,312,32,79,2,1,5,18,3864,9,966,635,25,2,64,13574,1353,102,302,868,15,6,4266,5,159,1901,427,1401,18,18566,72,8066,955,1,1985,882,9882,16099,58974,14,20,1374,6947
0,3,0,2,2,0,2,0,1,5,0,231,0,417,2,0,0,5,106,12,0,0,2,0,5,47,315,505,2,2,0,626,0,0,24,2,41,25,54,2,1,7,3,19,40,4,1165,4,4025,27,0,2,17,454,84,0,4,31,12,29,77,4208,3269,7,27,14,3462,21,0,363
0,0,1,0,3,0,0,3,3,1,7,1,0,0,0,0,0,0,0,0,0,0,0,0,2,0,0,2,2,0,0,1,0,0,0,23,0,21,5,57,4689,3059,63,6577,8,335,1337,192,17,5883,165,0,12,71,38,56,6,0,17,43,8,78,25,128,4959,20,21,13309,4,2088
0,0,6,7,15,0,3,14,4,3,13,0,0,0,4,0,3,0,0,1,0,19,0,8,52,0,1,8,61,6,8,0,1,0,1,84,0,51,156,8,0,8,316,62,28,49,47,3,0,127,1,16,29,26,44,5,198,19,127,468,0,94,96,1680,13860,1374,0,4,4623,1330
0,1,41,10,48,0,17,34,7,7,32,10,1,7,5,0,32,24,9,31,5,36,7,42,162,8,167,435,84,12,16,21,3,1,29,267,92,1396,233,213,291,489,867,1723,101,1099,10974,275,269,2917,16,127,4653,1947,4647,227,9443,47,8290,807,176,3167,4001,4897,7665,6947,363,2088,1330,41644
