11.7510687359754,111.026824951172,102.231905955585,93.5787147130722,85.5290693395278,75.5328898429871,59.4073528752896,27.5968892022163,18.4454241140814,84.0823239135742,32.6255645022714,124.028885192871,91.2766002655029,156.560009765625,12.838586290273,48.8777275085449,132.166379292806,99.854638318048,145.228304545085,128.616486374213,96.9794141596014,82.1481779915946,85.104680551065,78.9413552752996,77.4695835113525,111.880065917969,128.020180578945,137.030791710163,44.3095894684841,16.4585115013659,35.2042973913479,163.003944396973,72.7247244517009,41.3976765049314,85.7976611821625,0,0,168.262329101562,114.497416409579,0,0,0,136.349787902832,0,109.600151062012,0,0,80.4210052490234,0,200.049647013346,0,0,183.371558053153,192.643463134766,183.992622375488,0,140.317836761475,102.623126983643,173.079005848278,147.296754201253,0,181.123534258674,187.126600846,145.934762573242,151.996520996094,123.919002532959,0,0,163.913360595703,0
111.026824951172,6.64090269852501,48.6700346686623,23.7776092208198,0,108.933994293213,0,107.923746744792,143.855242047991,67.3122359566067,127.921659851074,69.8768189748128,0,51.1127050132704,144.560729980469,0,75.6498317082723,58.766230173111,84.0492031860352,77.0323881966727,0,92.5973478044782,18.6789331190136,63.8814441401784,88.8550913167554,25.9547536101522,54.348333900922,35.0727436734253,115.853055681501,114.017360142299,124.271622290978,62.1433632679475,169.665328979492,134.830085754395,75.2295609712601,0,41.6190254211426,120.945258331299,84.5825497887351,0,0,0,136.451187133789,207.541206359863,176.785339355469,0,142.733032226562,0,97.8611585927564,198.274749755859,118.449081420898,153.351852416992,114.418788909912,122.93083190918,134.196897170123,0,0,129.469192504883,107.850095113118,133.108933925629,118.701001485189,119.097043783358,97.1549950687825,105.499450683594,0,182.786849975586,122.090442364032,0,181.026458740234,133.617174784342
102.231905955585,48.6700346686623,14.7336928971,45.5838736930451,122.797005502801,188.25284491645,132.748278492375,105.613599570188,117.321223717291,104.473779678345,107.301215653192,104.42851217691,146.574656677246,96.2300896480166,117.989536715102,127.647405122456,98.641430627732,39.4881286946336,98.7941999559279,70.4389282824388,0,64.7902062271808,62.758656477106,28.9251054082347,105.410445022583,89.6372108459473,34.4636899872415,33.4213239063136,79.3339885917104,109.892605291831,88.2296470826101,121.21660723005,176.595020039876,114.713060061137,68.1552636727043,182.497749328613,75.0481271587434,98.4893802877804,73.8424854495309,202.265258789062,0,197.872049967448,171.096394291631,194.050789727105,157.822143554688,189.206970214844,139.381775992257,0,169.985710144043,184.644840240479,0,130.214436848958,105.906935043951,136.344335382635,117.015299758911,0,139.439119682937,95.1666574115995,113.045887749626,156.494133472443,123.914806910924,99.8552393828186,97.2541097042334,143.382715497698,175.749068316291,141.682740328605,155.372543334961,0,183.828521728516,118.46550314767
93.5787147130722,23.7776092208198,45.5838736930451,58.9184708144214,52.8529037663966,114.250565665109,97.3166571767707,74.4711652419146,87.2611213000853,22.0517665230043,83.010939348464,77.5972732721373,84.4260156804865,64.5102319822207,100.425358469346,82.038200378418,47.0197349711322,61.9035175593465,69.7808545307048,61.490177540712,104.009728325738,66.8955362795352,42.961853738101,56.7804971973132,44.1898463220012,38.1074244423375,45.935613454672,42.1673146729269,52.3379150426613,78.3836378286813,57.6958126270253,70.7864764820446,127.589843056419,55.9603490021269,75.7371274555774,99.9944051106771,46.1497842720577,83.6665178186753,14.5948927776873,81.0473976135254,131.495313008626,114.242168002658,71.9686753409249,122.442652239118,55.4930139138148,83.3114191293716,112.013848168509,82.424934387207,101.281066301134,108.746875928796,43.2906494140625,69.0870547439113,95.6235643568493,115.1479795244,97.6837413969494,114.034200286865,95.2164295196533,38.9177897193215,74.2962157726288,57.475847039486,84.0493466303899,80.8889728080143,72.907500302747,76.8067087337671,96.6963485717773,92.4889016151428,138.861312230428,137.771774291992,112.346360524495,105.036438299685
85.5290693395278,0,122.797005502801,52.8529037663966,7.19859545442844,132.46808497111,78.1617427934919,36.4662265235728,81.5837875786474,48.9385952564125,19.2342667972118,145.343757629395,13.1742637523786,0,111.403218127312,69.3485442652847,53.6680953979492,149.739237467448,0,0,10.6983942205614,107.760019938151,59.6483974195506,138.939385847612,14.1919461020811,0,142.718490600586,124.036916097005,12.6123530576275,88.2012169605165,67.6246989113944,0,143.533195495605,72.941405415535,85.8211771983974,143.576637268066,0,175.169914245605,69.9139884499942,17.8507216903612,0,106.773836236251,117.087331899007,159.452736086962,83.1450394078305,106.550532972111,0,14.662548661232,0,155.838698892032,120.208636197177,0,198.106369018555,0,0,13.2048438852484,180.087631225586,162.130630493164,0,103.866657949127,0,181.037872314453,204.801116943359,125.180834565207,146.354681881991,132.324969482422,0,175.909149169922,144.376016616821,145.592914415442
75.5328898429871,108.933994293213,188.25284491645,114.250565665109,132.46808497111,6.21135673051758,13.851718424135,122.046815334222,29.6287511958135,109.358038509593,128.442353142632,66.8269212510851,108.042087276777,83.7293827056885,53.7354495360119,15.8408324936554,0,171.75973256429,154.174610137939,199.346867879232,121.771815629439,158.999255371094,120.388126373291,149.888227982955,127.344103899869,79.5832901000977,198.614236719468,202.601231892904,123.877821132115,30.7173294399096,127.845685055381,104.414087931315,8.68028356689375,150.743713378906,38.9312819509795,0,0,236.293487548828,126.096817016602,0,0,227.384902954102,178.670141046697,219.39778137207,191.659362792969,208.274429321289,0,140.995670318604,0,215.920944213867,0,0,238.915100097656,0,0,221.305816650391,0,0,0,179.282064819336,0,0,230.468444824219,176.888339233398,0,0,0,0,0,0
59.4073528752896,0,132.748278492375,97.3166571767707,78.1617427934919,13.851718424135,9.89050774510178,64.618950338025,20.9161808914587,85.0668778313531,25.4533184115335,78.9899002450411,26.0558020962223,88.6568330128988,36.5540225114504,12.5657526708506,108.413639068604,141.71369995942,134.806263316761,163.873319105669,62.3404226980941,115.38331091404,106.540977123172,116.910146652843,85.3587849977566,135.762329101562,159.389687763896,157.777624228566,70.9967206641088,53.8017608380738,93.36260322496,106.10107421875,20.6382885500468,100.342053444155,61.1016629654374,172.83461151123,148.812072753906,183.973988003201,100.911484213436,162.875964355469,0,198.775955200195,152.143108331589,186.988235473633,136.07839050293,153.420550259677,0,51.4376234809558,119.475311279297,180.155177029696,0,0,198.328496297201,0,0,0,186.396339416504,149.591512044271,195.908917236328,145.653373585577,0,199.426763197955,193.092876434326,159.514924234419,184.674697875977,170.866166251046,0,0,164.997421264648,172.373313210227
27.5968892022163,107.923746744792,105.613599570188,74.4711652419146,36.4662265235728,122.046815334222,64.618950338025,10.6261261521149,45.9348243983768,64.858368244577,11.6055453291671,157.188641866048,37.1159747984351,170.59108581543,27.6173274754883,66.3763747582069,108.382904052734,129.83187742491,164.316094970703,151.136049543108,114.322945845755,76.6657503525988,88.8414679633246,79.984164013023,50.0977812136373,0,135.925356499503,115.070634221932,21.990924315754,48.1722902777539,16.5731521545303,0,121.256238335057,56.8196952021578,73.6479766756121,137.442823410034,163.185821533203,163.719175485464,91.1645506223043,133.410758972168,180.284385681152,154.288082885742,119.797928153694,156.001894170588,105.710369110107,147.898762629582,0,119.156005859375,0,171.238522847493,0,143.260967254639,185.792901611328,0,182.543579101562,126.384510040283,141.337400817871,112.443939795861,161.178660801479,112.293462380596,0,188.352896009173,177.990322004046,128.236154747009,145.078219095866,135.178478664822,0,192.5166015625,139.675506591797,150.164147513253
18.4454241140814,143.855242047991,117.321223717291,87.2611213000853,81.5837875786474,29.6287511958135,20.9161808914587,45.9348243983768,12.0230761137692,81.8540385058627,36.7003413751116,92.3492840566453,77.5811454589528,123.229231223082,19.2170732849451,34.098809802773,158.517883300781,124.108436545281,160.867954342864,153.178705222934,82.9092763089941,95.8548615799576,96.1380492008094,94.5933459625338,87.0709722767705,130.40803527832,147.06225214249,148.261374859632,71.5451542601535,42.5152194123875,68.2820391542225,149.885624476842,23.9468473203963,73.6167738962982,69.2864373593439,157.721590544048,178.97492980957,178.988834649744,107.260693359375,142.759157517377,0,164.518805609809,139.83479074715,178.327265548706,115.646495819092,144.735859076182,202.439142227173,98.2000421285629,126.786895751953,171.993047305516,83.3662414550781,184.871174621582,188.15167388916,154.896682739258,211.430380249023,217.556635538737,174.452133178711,183.532809666225,193.773380097889,128.082888555527,0,187.407281058175,183.259530121425,146.986227226257,164.202094283758,155.559678279992,0,196.881851196289,163.852175712585,165.646267588546
84.0823239135742,67.3122359566067,104.473779678345,22.0517665230043,48.9385952564125,109.358038509593,85.0668778313531,64.858368244577,81.8540385058627,7.29596286389695,69.3995920408756,129.1443110671,10.5565967459607,121.7474264066,96.8211050220564,19.0306132863351,81.2645777463913,126.14861869812,139.860850742885,149.18152141571,42.487421310865,70.0837910750817,21.2314797721352,95.7324572024138,24.7282358731719,101.532632197433,123.066027762673,110.132328981523,46.413304541426,72.4634926697918,54.8970827083339,130.667329988427,124.393802915301,64.2929871800434,80.840102481842,120.877346038818,0,171.318608601888,35.5524708463791,72.8974450601114,74.0991973876953,162.999380493164,99.5797836303711,152.917307172503,46.8414137913631,99.906625921076,167.842733764648,49.6944297790527,162.82484353107,132.608719348907,60.3817469278971,0,189.505699157715,223.200592041016,190.825630187988,72.1671915054321,157.971694946289,145.783082144601,0,60.9655416398274,136.320514678955,188.353028474031,201.793282402886,102.897513815073,143.461272499778,94.9066291809082,198.331739807129,155.563461303711,113.240425109863,120.148828778948
32.6255645022714,127.921659851074,107.301215653192,83.010939348464,19.2342667972118,128.442353142632,25.4533184115335,11.6055453291671,36.7003413751116,69.3995920408756,10.8061532849374,145.709253787994,26.1756616707937,154.323997497559,41.3499399719534,67.628361732729,103.45260925293,116.382590938259,149.217526245117,136.73574460786,22.4724776352754,83.6257968902588,96.6880036671956,75.5994032859802,44.4974599504073,0,137.00677039975,130.27312052657,18.5027822935555,80.1695437437289,53.5931398963145,0,129.165726222349,69.8126657527426,84.0179622840468,167.630157470703,158.068496704102,171.110783894857,114.78876554049,135.516200236785,203.900253295898,161.724250793457,133.606612974895,171.103012084961,109.101716518402,140.294676818848,0,40.5577190159172,0,172.751699347245,157.996627807617,0,191.547504425049,0,211.963836669922,143.34841977633,161.064636230469,112.587795257568,177.338861083984,120.245300689998,0,172.555486679077,173.419724837593,138.324147097511,172.956871315285,149.948413085937,0,0,160.61344909668,165.920006103516
124.028885192871,69.8768189748128,104.42851217691,77.5972732721373,145.343757629395,66.8269212510851,78.9899002450411,157.188641866048,92.3492840566453,129.1443110671,145.709253787994,14.8513972001502,144.328638712565,39.9189444319768,95.5653029162474,135.020523071289,113.0373878479,49.387856624702,25.3789933623851,29.7593815445827,150.6198758212,88.0987290818562,105.965583758884,77.3603198191618,139.684461116791,36.7272230995056,44.9637028199603,67.7403798804506,145.520683561053,52.4247323493918,104.612946505752,54.7775153711432,60.412984488351,110.112168448312,33.5283156754528,0,99.3190608978271,150.253864542643,75.0694613823524,0,0,0,241.459213256836,0,147.397011566162,220.098648071289,85.5360284252701,150.659484863281,77.3650433637094,0,212.049133300781,0,147.800660451253,108.947443008423,116.585330787072,0,172.855430603027,127.574371337891,176.206186930339,209.621322631836,72.6957553740471,106.600096379008,105.04720236035,178.235046386719,216.099578857422,166.602939605713,92.549188767818,0,0,124.533959706624
91.2766002655029,0,146.574656677246,84.4260156804865,13.1742637523786,108.042087276777,26.0558020962223,37.1159747984351,77.5811454589528,10.5565967459607,26.1756616707937,144.328638712565,9.61016881538099,171.481781005859,109.695770603595,17.4040408639606,0,204.25569152832,0,197.273849487305,11.5778069903094,149.534113566081,83.4145441055298,229.47728729248,19.6006020413387,0,216.011695861816,155.664428710938,43.2291286531484,97.9327278917708,142.742800140381,0,122.684222998209,82.520757929484,96.4259806127356,167.372337341309,0,0,0,55.4813080596924,0,79.4305994851249,184.244003295898,190.342750549316,66.7099370956421,23.2935052659776,0,13.1632083065208,0,236.972610473633,37.2112159729004,0,0,0,0,14.9808090075468,0,0,0,117.044131209211,0,0,182.741302490234,145.750605392456,197.547454833984,144.885635375977,0,208.173324584961,0,184.284962972005
156.560009765625,51.1127050132704,96.2300896480166,64.5102319822207,0,83.7293827056885,88.6568330128988,170.59108581543,123.229231223082,121.7474264066,154.323997497559,39.9189444319768,171.481781005859,9.71287247082223,102.128418816461,199.250091552734,119.197673797607,100.879287719727,55.5832081635793,72.6744829586574,172.323883056641,0,92.8226519148034,111.359873232634,139.047961351348,23.6766426945054,45.3108285791385,36.6952653654062,136.848848978678,73.5711462232802,141.416510009766,25.9326603631483,87.0449829101562,0,65.4204642310071,0,93.0232689380646,154.227493286133,61.9672427960296,0,0,0,228.659957885742,0,149.403471183777,0,79.7595853805542,0,71.6323908954525,89.3698120117188,179.215682983398,0,155.454620361328,102.187380704013,108.002463120681,0,0,120.582087950273,146.034744262695,184.905939102173,60.3988769507106,104.704123191463,100.902124295442,0,98.1232223510742,219.468877156576,94.6538241109321,124.861824035645,0,96.4245185852051
12.838586290273,144.560729980469,117.989536715102,100.425358469346,111.403218127312,53.7354495360119,36.5540225114504,27.6173274754883,19.2170732849451,96.8211050220564,41.3499399719534,95.5653029162474,109.695770603595,102.128418816461,10.2063354296057,55.6552411185371,136.827270507812,120.697260648012,152.088990573225,150.236968585423,102.255235246299,97.5849064293258,93.1884532444914,94.7366106440512,101.17650602691,80.9789154052734,148.987499530499,154.065577173808,82.3419118770175,19.5380605480356,63.5787422663557,155.465609232585,19.0900496430593,26.9298334232083,60.3847705671461,195.773709978376,195.409111022949,187.143224080404,115.422093811035,147.958534240723,0,209.212088448661,159.153169904436,215.187386322021,159.25598689488,206.983001708984,0,116.959318161011,0,197.232955206008,0,121.28099822998,192.665054321289,217.292999267578,0,0,0,132.273023605347,194.890057373047,154.188838629887,0,206.053465270996,191.958496787331,158.689483360008,192.034955024719,163.022217178345,183.835556030273,209.899276733398,192.217023213704,180.594667053223
48.8777275085449,0,127.647405122456,82.038200378418,69.3485442652847,15.8408324936554,12.5657526708506,66.3763747582069,34.098809802773,19.0306132863351,67.628361732729,135.020523071289,17.4040408639606,199.250091552734,55.6552411185371,7.52235426444808,0,143.822006225586,0,141.876953125,58.1281241598846,125.850747680664,79.4253179376776,111.768072764079,40.337714747111,0,155.92709905451,140.390116373698,76.7738738224424,58.0472021579742,92.2893611363002,0,35.7542217471075,96.4124565124512,44.3397274995462,0,179.718521118164,0,102.725646972656,0,0,0,137.669646126883,170.986122131348,0,166.749786376953,0,79.5985107421875,0,0,0,0,178.097442626953,0,0,0,0,0,126.370483398438,122.888600349426,0,192.139961242676,184.337337493896,170.11304473877,194.572906494141,161.164260864258,0,0,0,0
132.166379292806,75.6498317082723,98.641430627732,47.0197349711322,53.6680953979492,0,108.413639068604,108.382904052734,158.517883300781,81.2645777463913,103.45260925293,113.0373878479,0,119.197673797607,136.827270507812,0,17.291407430034,112.653066220491,131.61145401001,116.304671630859,171.057708740234,26.97315700295,33.3144628352401,19.0477532421257,30.2302518610954,99.7999827067057,107.485652136424,31.6694749175808,53.0730788032964,97.1334164142609,80.7554654341478,127.666145324707,150.424095153809,72.9945766843598,73.7973062739026,185.823051452637,76.4539515177409,113.972708194814,84.9583790370396,0,0,0,152.34354019165,0,0,138.304969787598,193.623016357422,0,0,165.350311279297,0,26.208829476362,143.639754401313,159.273895263672,148.811819458008,0,95.2240243593852,50.67305762137,86.670024578802,87.5700779724121,0,147.347654242265,87.2852385565456,103.185722470284,181.377812703451,117.3275903066,0,0,149.193862915039,113.471667656532
99.854638318048,58.766230173111,39.4881286946336,61.9035175593465,149.739237467448,171.75973256429,141.71369995942,129.83187742491,124.108436545281,126.14861869812,116.382590938259,49.387856624702,204.25569152832,100.879287719727,120.697260648012,143.822006225586,112.653066220491,10.3975444539695,54.4094226995263,21.1157933983755,220.492111206055,45.3984230707432,93.1124317027904,23.0152643829634,134.038100750777,97.8123752593994,37.6030531656225,65.9037331182761,123.249601056912,102.396156768134,72.0710519615579,96.5219095403498,179.058963012695,95.6591758728027,35.5064641319367,193.974472045898,94.4418730349154,112.320379039371,105.826321601868,0,0,245.280059814453,195.763674418132,208.259085761176,136.922821044922,204.992636544364,142.682905409071,0,150.511825561523,202.066705557016,0,158.613597869873,114.818782806396,137.815771789551,121.675730420832,0,155.563212966919,112.136943239154,126.180781740131,190.678192138672,125.406435285296,107.328466153258,111.870515652387,171.21538474343,200.473322550456,160.270945380716,155.920867919922,188.656356811523,0,127.327421545982
145.228304545085,84.0492031860352,98.7941999559279,69.7808545307048,0,154.174610137939,134.806263316761,164.316094970703,160.867954342864,139.860850742885,149.217526245117,25.3789933623851,0,55.5832081635793,152.088990573225,0,131.61145401001,54.4094226995263,12.8599527020819,24.4035473993195,173.718688964844,94.1741608252892,123.192814579716,85.0210244338054,152.552522659302,51.7642933565028,37.4369537230406,69.0161821235666,165.259799957275,102.556977031387,113.638303082688,53.1301995790922,124.557899475098,153.181625366211,57.4535259468235,199.124877929688,111.405408732096,153.848962783813,72.4718626271123,0,0,0,234.488845825195,232.771636962891,0,231.278472900391,106.802757545754,0,92.8518812760063,210.11653137207,0,0,149.527945836385,110.936436739835,113.206778372488,0,195.29963684082,140.664772987366,178.849770863851,208.561599731445,83.7853233583512,107.815502703112,109.125178880589,170.200881958008,0,177.382843017578,104.119844870134,0,0,127.880413818359
128.616486374213,77.0323881966727,70.4389282824388,61.490177540712,0,199.346867879232,163.873319105669,151.136049543108,153.178705222934,149.18152141571,136.73574460786,29.7593815445827,197.273849487305,72.6744829586574,150.236968585423,141.876953125,116.304671630859,21.1157933983755,24.4035473993195,11.2771358378964,0,75.9611329484922,103.657965315149,60.3415918317221,142.071006229946,59.1785152141864,32.5853438643739,68.6469819610707,143.327127323594,121.036124569032,90.7655600519139,71.8633230682603,190.614149911063,113.136281866776,38.2440461904897,0,92.3463750810765,143.49040222168,97.2622313345632,0,0,0,193.882059733073,226.616989135742,167.228312174479,213.45573425293,144.544941711426,0,124.355966091156,197.836162567139,184.399002075195,175.931709289551,118.816236847813,123.414627662072,111.265687265704,0,166.240965101454,143.735337650075,150.018650916315,189.840049743652,89.8387230143828,105.234249588257,109.144605582308,192.357925415039,192.164306640625,172.617805032169,130.534314155579,0,0,122.788350958573
96.9794141596014,0,0,104.009728325738,10.6983942205614,121.771815629439,62.3404226980941,114.322945845755,82.9092763089941,42.487421310865,22.4724776352754,150.6198758212,11.5778069903094,172.323883056641,102.255235246299,58.1281241598846,171.057708740234,220.492111206055,173.718688964844,0,9.19138520757232,103.947471618652,146.879205491808,188.620571899414,24.1715195089882,0,218.052861531576,173.738094329834,35.3652021032295,93.7083080221251,149.31526184082,0,123.995460795465,80.5433520507813,88.576327434339,177.879341125488,0,0,161.379686991374,24.0312360513778,0,163.576362609863,152.070454067654,203.907592773438,117.840427398682,138.828568198464,0,13.9661331093589,0,158.546348571777,0,0,0,0,0,122.380401611328,0,0,0,114.790048054286,0,230.121963500977,192.364624023438,142.618970466383,0,154.024887084961,205.838668823242,0,0,170.246514892578
82.1481779915946,92.5973478044782,64.7902062271808,66.8955362795352,107.760019938151,158.999255371094,115.38331091404,76.6657503525988,95.8548615799576,70.0837910750817,83.6257968902588,88.0987290818562,149.534113566081,0,97.5849064293258,125.850747680664,26.97315700295,45.3984230707432,94.1741608252892,75.9611329484922,103.947471618652,11.685740833927,48.3223983554113,21.5638268748527,37.2112634189594,0,106.62176174007,61.6605577716993,24.4888637922978,73.9449959567081,23.5432990405249,134.16757329305,145.865216255188,61.6406016563302,43.7445486376532,141.566441672189,128.036666870117,131.230474981643,74.7745275302809,0,225.61198425293,0,144.241860109217,193.596890767415,113.735626220703,177.28415788923,163.576232910156,0,164.839126586914,152.96004699707,0,96.2025169304439,160.676320162686,194.965278625488,183.129854642428,196.91471862793,113.1506668949,68.3160197459111,116.747433795485,113.958024215698,210.849517822266,149.428304190588,138.916426352405,115.634143152181,142.408684440281,106.814965924909,0,0,128.097717285156,117.891044735909
85.104680551065,18.6789331190136,62.758656477106,42.961853738101,59.6483974195506,120.388126373291,106.540977123172,88.8414679633246,96.1380492008094,21.2314797721352,96.6880036671956,105.965583758884,83.4145441055298,92.8226519148034,93.1884532444914,79.4253179376776,33.3144628352401,93.1124317027904,123.192814579716,103.657965315149,146.879205491808,48.3223983554113,9.96379403141824,50.7943227196246,24.8778411503312,70.4879654563517,94.5715938406101,44.2974579274198,53.8992181000037,64.0142200710439,50.5943178273831,102.166334510455,119.671034812927,50.2778458183194,52.1853119247838,122.299488067627,130.285348510742,128.43891482883,69.5361810411726,114.261633131239,0,0,134.603524641557,216.00759379069,103.277477645874,128.983383178711,150.89898109436,0,133.1822479793,149.769664764404,82.910831451416,72.0660336812337,157.62690041282,155.212127685547,151.029156611516,84.0929489135742,69.6186350124089,40.7145410845102,96.4746898227268,94.2693724283358,109.750593185425,147.218609194212,132.357746852528,100.430098800659,144.897148132324,64.9446521882088,158.184107000178,0,134.040328979492,102.764495595296
78.9413552752996,63.8814441401784,28.9251054082347,56.7804971973132,138.939385847612,149.888227982955,116.910146652843,79.984164013023,94.5933459625338,95.7324572024138,75.5994032859802,77.3603198191618,229.47728729248,111.359873232634,94.7366106440512,111.768072764079,19.0477532421257,23.0152643829634,85.0210244338054,60.3415918317221,188.620571899414,21.5638268748527,50.7943227196246,15.9521566314011,57.1081907187298,86.3483665466309,78.9818350101825,42.845487796347,51.5750901022672,87.4124914883976,47.3445411362489,125.780830601283,163.550999568059,76.3404300830982,49.5632394714111,163.9937224517,102.038536241319,104.396601235938,79.7611585276254,0,0,206.439047677176,155.748576164246,192.523822540933,143.102317810059,169.160728856137,159.729305267334,0,174.874847412109,177.32185984466,0,100.538745034077,120.316897486077,153.213668823242,149.366153286349,0,117.511766478073,60.1114197455032,108.128811006523,134.77115224863,130.423265457153,126.36933387741,109.920298665416,133.705710086726,175.720774774966,118.280287501324,159.038670857747,0,139.763348897298,123.455454465722
77.4695835113525,88.8550913167554,105.410445022583,44.1898463220012,14.1919461020811,127.344103899869,85.3587849977566,50.0977812136373,87.0709722767705,24.7282358731719,44.4974599504073,139.684461116791,19.6006020413387,139.047961351348,101.17650602691,40.337714747111,30.2302518610954,134.038100750777,152.552522659302,142.071006229946,24.1715195089882,37.2112634189594,24.8778411503312,57.1081907187298,12.1942493442392,117.746920585632,135.737029103185,77.3965246257938,15.6577687201485,74.0997331884772,61.6118650658795,144.999133300781,133.144758224487,62.7529389258491,71.1298536076413,138.073700130687,157.01087697347,150.234077111999,63.8109135573561,91.053138253382,166.464742487127,143.204557521369,107.993847101042,145.898422981376,79.8196654979999,116.229190751943,195.723017374674,77.3175321508337,167.835250854492,144.161260535247,83.3875361680984,122.894870758057,192.102840423584,223.605218505859,186.116409301758,89.8677432637819,121.098090866865,76.8984962368604,134.255150120433,87.5694040039942,169.107070922852,185.531484603882,160.296179328869,111.218066356471,143.7613197262,115.473986781923,205.251983642578,175.582018644913,130.313954886744,132.695243352576
111.880065917969,25.9547536101522,89.6372108459473,38.1074244423375,0,79.5832901000977,135.762329101562,0,130.40803527832,101.532632197433,0,36.7272230995056,0,23.6766426945054,80.9789154052734,0,99.7999827067057,97.8123752593994,51.7642933565028,59.1785152141864,0,0,70.4879654563517,86.3483665466309,117.746920585632,9.0726854374315,43.5085683249257,36.1918223345749,159.552688598633,59.9267456531525,130.799957275391,43.2250309483758,80.6866556803385,0,58.0766901998125,0,104.263628959656,167.261561075846,72.42623277144,0,0,0,0,0,150.910936991374,0,76.386409172645,0,67.7082285404205,0,0,0,106.082641601562,110.512687683105,105.389249948355,0,0,111.402592468262,194.702056884766,162.800067138672,60.4899368286133,93.5857972112195,95.8813296019576,0,0,0,90.9819043915847,0,0,127.048248291016
128.020180578945,54.348333900922,34.4636899872415,45.935613454672,142.718490600586,198.614236719468,159.389687763896,135.925356499503,147.06225214249,123.066027762673,137.00677039975,44.9637028199603,216.011695861816,45.3108285791385,148.987499530499,155.92709905451,107.485652136424,37.6030531656225,37.4369537230406,32.5853438643739,218.052861531576,106.62176174007,94.5715938406101,78.9818350101825,135.737029103185,43.5085683249257,16.1938314953468,32.4721930591352,126.446529504025,122.927074447274,109.919948296157,27.2226894304693,154.456929360667,128.194825624165,63.0099004101989,187.589088888729,86.8550653772669,121.68688924813,77.9831619394692,0,0,216.413066864014,186.739325783469,196.74080657959,179.900288391113,204.582901000977,104.24106664243,0,87.7340986184513,194.968097941081,0,151.728934909986,108.607055651991,111.399574366483,107.728278127152,0,159.792234709769,129.458348549018,136.043369891597,184.045370483398,81.5562487178379,97.9908716280838,100.285496738046,186.600081761678,199.680491638184,166.095903205872,101.413064413924,147.365463256836,0,117.327091526341
137.030791710163,35.0727436734253,33.4213239063136,42.1673146729269,124.036916097005,202.601231892904,157.777624228566,115.070634221932,148.261374859632,110.132328981523,130.27312052657,67.7403798804506,155.664428710938,36.6952653654062,154.065577173808,140.390116373698,31.6694749175808,65.9037331182761,69.0161821235666,68.6469819610707,173.738094329834,61.6605577716993,44.2974579274198,42.845487796347,77.3965246257938,36.1918223345749,32.4721930591352,17.160450820279,79.5725627734507,132.808100442092,112.075925543605,25.0515364882529,155.222194378193,122.790374341218,73.890780555821,184.012083573775,81.9257346275158,103.141147884971,69.5118046786616,158.276980082194,0,206.731119791667,168.203593953451,196.859621194693,172.836901789126,181.949068792935,110.378214813942,152.837158203125,98.0552206358286,183.513941172007,194.905235290527,131.651871844036,112.260832037036,118.227283796738,116.000536256013,180.304580688477,148.840350486137,67.0228518013642,119.587057050389,160.77287419637,88.9951965857131,102.980576684684,102.436269884465,157.467312797171,192.852005417283,157.184326492438,109.597704035755,0,181.758560180664,122.706987656487
44.3095894684841,115.853055681501,79.3339885917104,52.3379150426613,12.6123530576275,123.877821132115,70.9967206641088,21.990924315754,71.5451542601535,46.413304541426,18.5027822935555,145.520683561053,43.2291286531484,136.848848978678,82.3419118770175,76.7738738224424,53.0730788032964,123.249601056912,165.259799957275,143.327127323594,35.3652021032295,24.4888637922978,53.8992181000037,51.5750901022672,15.6577687201485,159.552688598633,126.446529504025,79.5725627734507,12.2340513057796,68.1609424457344,26.6460079871468,201.237434387207,124.933297258742,60.9453336231744,63.7292339720575,135.590140362175,143.460289001465,149.976682027181,72.272341996294,133.805218567719,190.528060913086,158.396610086614,113.533263710613,154.084911445949,112.360625288222,133.81433814299,0,68.3582305908203,0,152.977818319242,125.508277893066,102.742900371552,167.635817633735,212.17268371582,186.742739590732,152.21156241677,118.816909695264,86.3538440309722,135.991364559051,106.883887083321,0,169.82382321645,154.454671080683,114.338367158862,146.537108788124,113.562558525052,0,173.012283325195,134.618827086229,132.606111711071
16.4585115013659,114.017360142299,109.892605291831,78.3836378286813,88.2012169605165,30.7173294399096,53.8017608380738,48.1722902777539,42.5152194123875,72.4634926697918,80.1695437437289,52.4247323493918,97.9327278917708,73.5711462232802,19.5380605480356,58.0472021579742,97.1334164142609,102.396156768134,102.556977031387,121.036124569032,93.7083080221251,73.9449959567081,64.0142200710439,87.4124914883976,74.0997331884772,59.9267456531525,122.927074447274,132.808100442092,68.1609424457344,9.79453324771154,27.8836639872963,92.7376658699729,12.8606500388233,16.2963550782204,38.6928830118207,175.258324363015,134.474113464355,174.627182006836,95.8445678017356,178.777455647786,206.605621337891,196.623545328776,147.820368766785,184.564090183803,106.769056047712,172.786161634657,114.838973999023,110.699182237898,101.726760864258,185.19742173415,205.460342407227,80.8228607177734,194.774792989095,212.84593963623,199.35751914978,0,139.178440294768,101.629117329915,146.104518890381,136.74376425872,0,177.034409877232,178.243049621582,139.711465794107,170.785047704523,133.702634857922,115.392003377279,213.096817016602,147.552048683167,157.928958257039
35.2042973913479,124.271622290978,88.2296470826101,57.6958126270253,67.6246989113944,127.845685055381,93.36260322496,16.5731521545303,68.2820391542225,54.8970827083339,53.5931398963145,104.612946505752,142.742800140381,141.416510009766,63.5787422663557,92.2893611363002,80.7554654341478,72.0710519615579,113.638303082688,90.7655600519139,149.31526184082,23.5432990405249,50.5943178273831,47.3445411362489,61.6118650658795,130.799957275391,109.919948296157,112.075925543605,26.6460079871468,27.8836639872963,12.7544446197776,143.304918924967,126.811721979186,42.6794401777023,41.7385239031254,141.537408192952,142.770523071289,145.760411189153,72.9047522487411,195.709350585938,168.849914550781,173.064666748047,114.5180689852,167.653161366781,94.9787826538086,160.40140914917,185.626103719076,0,0,153.423900257457,0,98.8515194623898,165.047498703003,197.423716227214,176.309897528754,180.867599487305,112.472450875617,70.0017140465325,120.184876759847,113.597965318329,0,165.290828328737,148.815625311623,111.435431249135,133.473568235125,109.005322481177,0,164.36887512207,125.540783968839,134.942085723877
163.003944396973,62.1433632679475,121.21660723005,70.7864764820446,0,104.414087931315,106.10107421875,0,149.885624476842,130.667329988427,0,54.7775153711432,0,25.9326603631483,155.465609232585,0,127.666145324707,96.5219095403498,53.1301995790922,71.8633230682603,0,134.16757329305,102.166334510455,125.780830601283,144.999133300781,43.2250309483758,27.2226894304693,25.0515364882529,201.237434387207,92.7376658699729,143.304918924967,6.82347716374844,127.581544876099,0,73.9458326937547,0,125.945472717285,151.307632446289,73.3155134836833,0,0,0,0,0,178.4833984375,0,93.3734375346791,0,88.2602750706697,0,0,0,151.123431396484,111.045077732631,116.28745246656,0,174.482521057129,145.316156487716,171.077631632487,203.349942016602,78.2513276357499,105.613997463369,102.868448946169,235.853469848633,0,202.356094360352,101.757622703577,0,0,121.722164154053
72.7247244517009,169.665328979492,176.595020039876,127.589843056419,143.533195495605,8.68028356689375,20.6382885500468,121.256238335057,23.9468473203963,124.393802915301,129.165726222349,60.412984488351,122.684222998209,87.0449829101562,19.0900496430593,35.7542217471075,150.424095153809,179.058963012695,124.557899475098,190.614149911063,123.995460795465,145.865216255188,119.671034812927,163.550999568059,133.144758224487,80.6866556803385,154.456929360667,155.222194378193,124.933297258742,12.8606500388233,126.811721979186,127.581544876099,5.03053383208106,84.202522277832,34.3045755741208,217.301040649414,0,230.283081054688,130.104169845581,202.048934936523,0,246.165954589844,181.683942292866,238.991455078125,0,0,0,136.41276550293,151.533882141113,229.628650665283,0,0,0,0,0,0,0,0,232.999079386393,176.868460262523,0,0,0,185.469147949219,213.690437316895,176.621231079102,136.445846557617,0,0,192.471542358398
41.3976765049314,134.830085754395,114.713060061137,55.9603490021269,72.941405415535,150.743713378906,100.342053444155,56.8196952021578,73.6167738962982,64.2929871800434,69.8126657527426,110.112168448312,82.520757929484,0,26.9298334232083,96.4124565124512,72.9945766843598,95.6591758728027,153.181625366211,113.136281866776,80.5433520507813,61.6406016563302,50.2778458183194,76.3404300830982,62.7529389258491,0,128.194825624165,122.790374341218,60.9453336231744,16.2963550782204,42.6794401777023,0,84.202522277832,9.2436732879429,22.7900835168754,131.330718994141,0,120.243358612061,80.8422799110413,147.514541625977,179.117767333984,214.957443237305,126.683150863647,173.880075073242,144.219500223796,0,0,0,0,172.340616861979,0,95.1708106994629,184.015431722005,0,0,0,118.33087348938,91.9838852882385,132.213435702854,136.351976928711,0,131.145195007324,152.860837496244,125.805976643282,148.401423136393,119.062417984009,0,0,165.466529846191,133.436344146729
85.7976611821625,75.2295609712601,68.1552636727043,75.7371274555774,85.8211771983974,38.9312819509795,61.1016629654374,73.6479766756121,69.2864373593439,80.840102481842,84.0179622840468,33.5283156754528,96.4259806127356,65.4204642310071,60.3847705671461,44.3397274995462,73.7973062739026,35.5064641319367,57.4535259468235,38.2440461904897,88.576327434339,43.7445486376532,52.1853119247838,49.5632394714111,71.1298536076413,58.0766901998125,63.0099004101989,73.890780555821,63.7292339720575,38.6928830118207,41.7385239031254,73.9458326937547,34.3045755741208,22.7900835168754,14.2499322082397,164.799308776855,108.419255183293,120.903886884651,85.6661925713221,236.202239990234,201.530461629232,185.612945556641,146.272656527433,196.995367685954,132.034373283386,178.036276245117,157.554550170898,110.828507741292,110.463253631592,186.336938646105,0,94.6622422536214,123.334441741308,133.282501220703,130.289768457413,0,123.975393676758,73.3883221944173,123.755537762738,136.349286592924,96.7026751041412,119.226877866318,122.816721569548,137.788145288928,158.285828781128,119.070839669969,127.789546168128,207.80419921875,164.745961507161,146.331161689758
0,0,182.497749328613,99.9944051106771,143.576637268066,0,172.83461151123,137.442823410034,157.721590544048,120.877346038818,167.630157470703,0,167.372337341309,0,195.773709978376,0,185.823051452637,193.974472045898,199.124877929688,0,177.879341125488,141.566441672189,122.299488067627,163.9937224517,138.073700130687,0,187.589088888729,184.012083573775,135.590140362175,175.258324363015,141.537408192952,0,217.301040649414,131.330718994141,164.799308776855,12.5939372798606,134.180568059285,102.286292844524,80.0132802972939,86.6426042779092,91.1836433410645,67.4023865461349,24.9507308480938,37.2436699989514,75.2724360898544,63.9537287258019,127.754766156597,82.1928234100342,150.610799153646,13.2556507029421,69.1368918418884,98.526157725941,108.171448078031,144.353904724121,129.036374361321,72.3207877512728,95.8019462969663,76.3217749246737,95.1368477862814,73.2797118102685,144.096397399902,118.942394111848,131.882526282108,70.0972390788027,15.7376187299717,20.5367778728349,161.872161865234,97.3776403154646,40.9076405933925,57.4105800818675
0,41.6190254211426,75.0481271587434,46.1497842720577,0,0,148.812072753906,163.185821533203,178.97492980957,0,158.068496704102,99.3190608978271,0,93.0232689380646,195.409111022949,179.718521118164,76.4539515177409,94.4418730349154,111.405408732096,92.3463750810765,0,128.036666870117,130.285348510742,102.038536241319,157.01087697347,104.263628959656,86.8550653772669,81.9257346275158,143.460289001465,134.474113464355,142.770523071289,125.945472717285,0,0,108.419255183293,134.180568059285,7.71069802627286,47.4313093524113,31.7139929575183,0,130.83129119873,182.240798950195,114.411669644442,149.709806442261,61.1900381931039,136.246332804362,66.0053556200484,0,50.6857994411303,142.271264939081,0,65.3405331147023,56.3686699917746,80.2952813617254,66.8137137189224,0,98.3572940281459,21.1570132218538,65.7839276686959,93.0645689530806,26.2557345232948,53.637073975432,33.3540049932158,110.875189267672,142.859998914931,102.323475141783,72.536587033953,111.99983215332,110.654685974121,62.4094909987069
168.262329101562,120.945258331299,98.4893802877804,83.6665178186753,175.169914245605,236.293487548828,183.973988003201,163.719175485464,178.988834649744,171.318608601888,171.110783894857,150.253864542643,0,154.227493286133,187.143224080404,0,113.972708194814,112.320379039371,153.848962783813,143.49040222168,0,131.230474981643,128.43891482883,104.396601235938,150.234077111999,167.261561075846,121.68688924813,103.141147884971,149.976682027181,174.627182006836,145.760411189153,151.307632446289,230.283081054688,120.243358612061,120.903886884651,102.286292844524,47.4313093524113,15.6053305951943,47.9541189031745,163.759204228719,189.781625366211,134.259124604031,89.4810147867858,123.345224957298,104.189011287689,105.671350852565,96.1070093491498,178.630020141602,94.1487099783761,110.428112683785,142.488565717425,76.1481687426567,45.0117018386231,101.558914997539,78.4950755274573,188.572525024414,67.0641939581894,50.884539520642,29.8821185010097,93.033840198235,91.9586435953776,33.8947018869626,31.7308393859421,63.235372187155,122.053609809766,73.5689325748856,113.142590659005,175.539869308472,112.645399864684,76.939781304687
