10.0248444007828,0,131.392494313857,110.514211273193,114.117157830132,99.3391723632812,96.9209075555569,33.1464542638126,48.2814964007479,120.982666015625,32.658859894958,124.047236887614,160.91125706264,146.465863037109,28.1595932220688,0,112.783737182617,116.253144925528,150.507194942898,144.525258563814,127.832814788818,100.621112668417,88.0661926269531,112.525481690752,108.578072466169,0,150.939977580103,156.062882385254,89.7048272546732,18.2577265926726,40.9237542143524,153.963785443987,97.9440203579989,71.03494461723,90.9310171896951,0,184.586975097656,216.805847167969,100.454455566406,0,0,0,138.909317016602,0,0,0,0,0,0,0,0,0,0,0,0,0,176.230453491211,0,0,151.430195808411,0,185.245864868164,198.26078578404,147.237521701389,183.819107055664,157.938298543294,0,0,0,0
0,7.59677760662946,46.9504311522962,15.1947445235951,105.746310928493,143.507563273112,165.607570103237,132.104759216309,148.048587163289,77.9065722493292,127.364506312779,67.2366714477539,104.79602432251,54.2654952666197,149.596390464089,109.925661722819,51.5722968609302,53.570208366881,76.8031318664551,82.3477820419684,0,96.9563164089037,26.5896426638692,66.0119856603397,84.8947776842504,25.7287395629832,56.6997571559768,31.6916677345397,114.543625513713,146.057829636794,111.445110575358,67.0138706851315,119.05558013916,100.483123779297,73.8193073497099,0,34.7221813731723,94.0461114582262,83.8275611877441,0,0,0,0,207.143013000488,0,0,113.134498596191,0,122.244059049166,0,0,137.996025085449,97.6103146870931,120.220161437988,145.53375680106,0,0,95.6950857979911,177.177452087402,149.530919392904,0,123.266270403592,87.5339199134282,180.043641523881,247.687408447266,193.710235595703,129.359133402507,0,0,246.257141113281
131.392494313857,46.9504311522962,18.4648489976502,94.3068416341146,128.415229053032,190.508842468262,136.380968863592,113.79344326384,131.695364783696,148.507804325649,125.704139792131,112.221275215961,175.722340583801,164.461751120431,149.953611847649,150.320373535156,119.304090881348,47.1975903301001,99.6092300861202,70.2607298666055,165.0345703125,76.4980535103074,70.203758098461,44.1649447743223,113.914492722245,91.4121729532878,45.8884653191058,41.2122415836951,101.862972086927,145.672274880716,104.229074460019,115.46984274728,191.28194525303,127.433037097637,74.4903798795547,187.477386474609,78.9995147303531,105.961202967678,101.027318781072,206.670705159505,0,215.231143951416,183.798463745117,202.263424555461,164.172192382813,193.630630493164,150.869568718804,0,0,202.277021520278,0,140.045932769775,113.923371564161,156.521541050502,130.251895490899,0,153.270287555197,112.183923933241,122.200782338127,159.033529484526,108.170959472656,112.746564477977,104.952715091237,172.190927530924,186.224051581489,175.607710266113,0,213.697662353516,164.973676045736,123.300160663884
110.514211273193,15.1947445235951,94.3068416341146,16.9044633017646,53.5312663389415,140.364159901937,82.4295347001817,60.7238339756232,94.6329270135789,24.6958141570023,82.0776292730261,74.3602031685456,88.4787403987004,63.9992705881974,112.511606522548,74.7518853241543,45.9572450158848,105.939161996993,100.683632389192,86.0009030186853,84.1110586686568,63.5877682781574,36.1540011772166,72.4064220122838,40.7558503094362,25.1720130148425,80.1110658988678,44.0053378695834,60.9699873027599,95.5933679938316,66.4675624363194,89.7988945686654,130.744642697848,75.4850284712655,94.6132794893705,124.43978729248,58.3173249562581,134.086565144857,30.5878655844872,112.444599151611,248.034942626953,142.486242021833,90.1444788965686,133.936468396868,12.3056555747986,115.931120554606,120.902013142904,148.801803588867,115.794901921199,118.613860066732,136.80729675293,72.7139941624233,129.076767285665,90.2271982828776,136.668959481376,0,89.8628624810113,70.7417688016538,120.830430755615,75.9334068574767,108.227703857422,122.152454499275,102.463603463844,97.3344311305455,120.597843635373,92.7608333163791,108.279354095459,0,111.911227634975,111.770573425293
114.117157830132,105.746310928493,128.415229053032,53.5312663389415,9.4127815759752,107.225726536342,75.7317154778375,90.7143658039182,105.648936435155,44.6152577265054,27.427756029678,161.372049030505,33.2962513736593,156.955837919512,123.241370557091,63.1474616996155,87.8293289833881,169.30133415671,171.011616298131,198.055624825614,13.3530201206816,131.506792558943,66.0851414841275,121.655694941884,26.5710145940294,138.777864177053,156.655719075884,124.18233109102,25.3411457768338,104.801530579923,101.767594951473,171.900853696077,145.060439780906,86.4098226496604,106.147287024521,143.677657572428,200.996078491211,192.680012512207,82.8689989566803,38.9803951451642,184.526791890462,138.4882188797,124.917162699577,155.969587337336,98.4115615958598,114.726218979617,198.485809326172,48.8269531481256,193.334136962891,161.539139487527,112.83160993788,142.626826286316,198.977531433105,212.726287841797,217.70356241862,30.6881570786965,156.030334472656,124.797083804482,165.079032262166,113.673097685764,203.461074829102,206.71160697937,179.799781799316,133.372818966927,160.913897316837,153.156298149957,226.606422424316,188.422587076823,152.768801879883,154.097920735677
99.3391723632812,143.507563273112,190.508842468262,140.364159901937,107.225726536342,7.19142957119637,18.1702223925866,127.391770935059,20.7643131996484,70.9820078069513,130.847809207055,73.0120769228254,88.3108105605908,168.910989241167,55.405049877782,18.0777967661446,0,159.076472473145,97.9300231933594,191.909233093262,118.09431254069,179.456573486328,126.40015411377,169.317946000533,84.6838538646698,156.931182861328,135.279404449463,178.253260178999,130.127651508038,37.4300677691187,120.686762809753,120.53936958313,9.1496803896982,74.0807876586914,38.3100770724717,0,0,0,0,0,0,0,0,226.852310180664,0,0,0,0,0,0,0,0,0,0,0,0,0,0,0,180.032379150391,0,0,0,209.390655517578,206.988555908203,0,0,0,0,0
96.9209075555569,165.607570103237,136.380968863592,82.4295347001817,75.7317154778375,18.1702223925866,17.8339456051453,68.5854923121737,22.807903918466,76.219075244406,43.6829138828,115.99290511893,38.9431326969139,152.462813949585,68.9467588516906,18.3789488074033,164.243455886841,146.640017303049,178.182990688748,164.571369141571,57.3674040375406,114.963780541211,145.829522352952,131.545095072612,89.7394670086142,125.529224395752,163.070528178968,160.37185810146,87.2067677719309,91.286896144466,111.08266590011,171.61584186554,30.0627599885991,117.745914790941,103.711569917457,179.042449951172,0,195.141960730919,123.104358037313,167.887908197218,203.500080108643,169.124413923784,151.117360724777,176.896721322196,136.044563293457,163.045413270289,218.785903930664,104.606421576606,0,194.179195585705,0,175.92941792806,223.751763916016,0,242.480651855469,171.026950611788,208.254257202148,186.212554931641,202.830157470703,136.070908062932,0,219.240515572684,196.407611323338,162.108600508151,188.865967712402,183.961521911621,230.428367614746,0,180.969757080078,188.585266113281
33.1464542638126,132.104759216309,113.79344326384,60.7238339756232,90.7143658039182,127.391770935059,68.5854923121737,13.1643126132716,61.7984816005651,67.8989576451919,24.052458599604,145.642440551758,144.502853012085,176.276351928711,65.1668515461753,86.4106383323669,126.763310546875,133.266640891492,162.197247314453,148.635425658453,133.513184767503,78.7328055568338,82.1342707615273,99.4098896418643,68.4835227976065,0,152.162286236173,126.990824823794,39.3946061498873,66.5931710061573,26.9043212770821,182.933626028208,130.365004042949,81.1386773206186,99.5395536292683,149.887648189769,148.367156982422,173.502224392361,81.2059842772403,150.002621577336,191.165435791016,150.85773340861,126.7419329937,165.158516452737,93.3902708200308,144.552257537842,0,174.312689208984,201.043098449707,165.786107916581,174.042358398438,144.993604387556,209.496358235677,239.019737243652,214.202102661133,165.52061920166,166.096504211426,143.88782119751,170.351502554757,120.479873720072,204.129791259766,203.963775634766,186.620550588399,133.921721724903,160.179428768854,146.409476077918,0,200.763687133789,142.304546356201,155.84602355957
48.2814964007479,148.048587163289,131.695364783696,94.6329270135789,105.648936435155,20.7643131996484,22.807903918466,61.7984816005651,14.0073377817739,96.0166171115378,47.0030317403826,88.5541268679429,91.8999062627101,123.19312953949,29.8628806790621,43.205498275812,153.170887756348,134.332551231937,149.842070333074,156.080315183593,97.5797667623568,108.392759208515,125.236446925572,121.308630433742,107.06042171169,140.807674061168,152.576803279004,158.293590619599,102.02287152168,57.8080919609125,84.8715472809493,129.451560035119,23.8306908128511,113.117582424267,82.5514833619859,181.519485473633,112.942520141602,192.462600708008,118.062622070312,162.103125762939,0,186.745027160645,164.670945595569,189.163603040907,161.014619009835,182.47820186615,159.92407989502,124.082381112235,156.326858520508,192.691312154134,0,237.020294189453,210.049632481166,149.795478820801,214.42435836792,167.398971557617,155.311584472656,208.955871582031,195.110204060872,150.440789602636,0,195.678038163619,189.802119232887,169.615595269527,192.439873250326,175.014500209263,170.833877563477,220.105117797852,193.039627075195,187.707632882254
120.982666015625,77.9065722493292,148.507804325649,24.6958141570023,44.6152577265054,70.9820078069513,76.219075244406,67.8989576451919,96.0166171115378,9.88520882861979,69.3829193989664,129.487904408532,12.8079504220716,128.354393107232,120.925330207461,21.8629975146037,107.714159647624,142.623291778564,140.465902848677,143.918110934171,46.1458723545074,151.399014282227,29.2926894568727,117.68219167536,21.3897685152753,108.784961430016,140.931992164025,113.276071887357,61.1641877636765,107.524408096963,85.9332817077637,139.643644974528,123.300409490412,84.9718221028646,135.091196160567,131.073295593262,139.533905029297,177.653036499023,22.0074422577737,115.486022557968,237.457763671875,119.279960420397,97.932201463349,117.882272992815,18.6727466146151,110.277305450439,183.834222412109,13.9410839080811,184.675523376465,133.54528872172,0,0,216.806770324707,207.654724121094,194.274703979492,131.623954772949,157.318359375,96.197338104248,118.318280537923,91.0826713742589,0,186.384356544131,195.129044790117,109.897578693131,146.418114295373,111.971946716309,192.870745849609,163.831848144531,112.309555053711,155.607820783343
32.658859894958,127.364506312779,125.704139792131,82.0776292730261,27.427756029678,130.847809207055,43.6829138828,24.052458599604,47.0030317403826,69.3829193989664,18.0074907204713,151.972762542245,31.876058342771,186.007853457802,69.9113177065241,83.1916238751328,116.375674293155,142.069216473897,170.96095296224,164.518160887439,20.2119013010693,94.4887280037733,107.182405344645,114.183887428746,61.8407246512191,180.5403175354,164.536868966633,142.819904094985,37.7492721386258,104.672122449661,77.0517759448056,186.988990529378,135.651439572169,97.6641016405682,107.437811385633,160.347291564941,133.023127237956,199.870083007812,149.266061147054,158.170844640305,194.252742222377,164.004846478185,144.488564735387,175.338939579389,118.946677960848,156.560621875626,213.341384887695,138.5439453125,245.969787597656,192.708439654615,135.373835245768,182.694296264648,197.500911712646,232.83186340332,0,154.74654897054,180.809140886579,146.642690658569,196.152123133341,129.413418603414,0,216.161560058594,189.965060840953,154.940609425588,187.251475016276,192.038624813682,0,218.715497698103,192.564044658954,184.784504413605
124.047236887614,67.2366714477539,112.221275215961,74.3602031685456,161.372049030505,73.0120769228254,115.99290511893,145.642440551758,88.5541268679429,129.487904408532,151.972762542245,14.0098550564064,149.157704946157,41.0981438662579,85.8447344392315,147.129969787598,146.283072153727,50.5324135134424,25.2742492158496,29.2780634914924,149.804210600306,102.601944213588,95.9361001794989,87.2571068319008,146.738588303786,33.6564442925534,41.5070067259677,74.9230852242334,157.913128699026,85.0940956619185,123.244387895047,53.5760101754813,70.0865299436781,114.832629077839,30.9062113704485,213.604415893555,131.4982421875,153.74583530426,96.2438183920724,0,0,216.167617797852,214.816493988037,212.923522949219,147.178840637207,225.660888671875,79.616336180432,0,78.1615260019725,0,181.39192199707,0,143.486674915661,110.148643951416,117.549460915958,0,241.557327270508,153.536666870117,183.977871704102,196.824209425184,75.8613851593762,103.070134763364,104.565516068706,217.403937203544,229.811935424805,0,95.3332885147689,130.387161254883,0,128.596597290039
160.91125706264,104.79602432251,175.722340583801,88.4787403987004,33.2962513736593,88.3108105605908,38.9431326969139,144.502853012085,91.8999062627101,12.8079504220716,31.876058342771,149.157704946157,12.7871862765901,167.517981211344,114.541480340772,23.6505343063284,0,223.520771026611,181.242144071139,179.105953979492,15.1725711334509,207.726303100586,101.409039815267,205.301233927409,17.9403566033696,148.767707824707,189.802339624476,160.320802264743,56.784197140889,123.50260229278,159.339178646312,184.240843200684,124.945867507688,171.246981302897,122.569646224976,0,0,0,155.95556640625,93.8849677537617,93.5734024047852,102.466625022888,146.632901191711,138.281575202942,82.5591214497884,93.2634138464928,0,11.6925327413567,0,116.642303466797,54.3912963867188,0,0,240.002288818359,0,18.8920538979907,0,0,0,133.759432156881,210.686996459961,0,225.669097900391,156.215630531311,136.009735107422,0,0,0,0,214.910903930664
146.465863037109,54.2654952666197,164.461751120431,63.9992705881974,156.955837919512,168.910989241167,152.462813949585,176.276351928711,123.19312953949,128.354393107232,186.007853457802,41.0981438662579,167.517981211344,8.87570169086575,117.449558207194,159.674793894698,122.55530278823,129.041709899902,65.8689946478063,87.6575437692495,168.691613769531,171.889399210612,90.1472951026812,169.186697006226,139.347093887005,23.0652753257048,63.7312087082281,38.4718294302857,172.082796536959,112.037273219374,169.329334513346,24.3996070903273,97.864186162534,162.380653381348,66.4603197181618,0,107.572103712294,159.390716552734,97.2645986236795,0,0,220.781097412109,233.399047851562,0,174.223327636719,201.510177612305,85.139405470628,0,81.9054786738227,110.289649963379,0,0,162.509942190988,97.7696916489374,127.377615356445,0,0,128.737752278646,157.992248535156,203.504571097238,73.7863672892253,104.585865410007,100.975813037775,236.210520426432,226.143646240234,176.703643798828,97.120709115081,0,0,139.730666024344
28.1595932220688,149.596390464089,149.953611847649,112.511606522548,123.241370557091,55.405049877782,68.9467588516906,65.1668515461753,29.8628806790621,120.925330207461,69.9113177065241,85.8447344392315,114.541480340772,117.449558207194,17.0405965087558,83.5222696853896,148.687540435791,141.754500631505,141.049693716993,156.924805199785,119.486694096896,115.891738333153,130.339939594269,132.473564350029,118.398489676829,135.307682461209,148.425732893726,162.191726033529,115.280527420044,35.7477545318342,82.4589952209002,127.898944481871,27.1119595677929,62.848157832497,60.1163022954378,189.527629852295,0,203.624359130859,140.887574569039,218.215793185764,0,221.236051771376,182.206542577499,217.371801757813,151.659865243094,213.252898216248,111.529579162598,0,166.50335257394,198.836129760742,0,156.370056152344,220.639656066895,0,176.215240478516,229.610488891602,187.840174357096,113.375968933105,202.866792297363,171.284361369869,188.655364990234,190.77181930542,195.819134247609,185.112810146884,204.826485469423,177.994660750679,165.976997375488,0,188.027111053467,200.413220214844
0,109.925661722819,150.320373535156,74.7518853241543,63.1474616996155,18.0777967661446,18.3789488074033,86.4106383323669,43.205498275812,21.8629975146037,83.1916238751328,147.129969787598,23.6505343063284,159.674793894698,83.5222696853896,8.21652724954345,130.926564025879,213.350296020508,177.158014933268,188.435157775879,53.8231331211652,199.13835144043,87.9907897949219,176.84872000558,40.566916631734,142.519451395671,170.176174163818,136.822295751916,84.3300205688477,82.0772126889696,127.393093654088,174.91845703125,40.1336820065809,94.5852203369141,115.636469268799,128.530944824219,0,0,82.6706330435617,156.580676269531,0,124.457939147949,169.051742553711,175.89101155599,152.289657592773,188.497711181641,0,86.1019134521484,204.115203857422,218.732986450195,68.9177322387695,0,0,180.768157958984,0,146.764213562012,0,0,0,153.76185353597,0,212.587224324544,199.13448878697,154.450530052185,155.346347808838,154.4306640625,0,0,0,0
112.783737182617,51.5722968609302,119.304090881348,45.9572450158848,87.8293289833881,0,164.243455886841,126.763310546875,153.170887756348,107.714159647624,116.375674293155,146.283072153727,0,122.55530278823,148.687540435791,130.926564025879,15.2697307941514,115.792636349327,152.292495727539,129.758436203003,149.572372436523,28.8563265585655,29.233684158449,25.2580523566915,38.3558684707525,95.3815525599888,123.029826424339,39.3555056122494,49.4460019398648,133.883308902864,86.2808511608143,130.096522013346,210.396728515625,90.2482676188151,85.2473982849121,0,107.269626140594,111.185411694406,62.1457357255239,0,0,190.882469177246,156.698831176758,181.997945513044,0,181.581988525391,162.518107096354,0,188.725280761719,208.611389160156,0,77.7446766500979,150.716532570975,193.521947224935,166.105302174886,0,118.650650149178,51.1036324720553,106.47194441302,122.809365528386,0,154.010426537465,103.795091841303,133.750259226998,149.79057954487,124.352094230005,0,0,117.974820454915,147.184924840927
116.253144925528,53.570208366881,47.1975903301001,105.939161996993,169.30133415671,159.076472473145,146.640017303049,133.266640891492,134.332551231937,142.623291778564,142.069216473897,50.5324135134424,223.520771026611,129.041709899902,141.754500631505,213.350296020508,115.792636349327,13.9944679815315,52.9248617693909,26.6167452261292,223.512420654297,66.3552381901677,100.675406455994,40.6784291196152,150.538968289485,103.683263879073,44.2298701539874,72.1611798472057,132.506742852223,123.780634770783,83.4277702669688,105.833815564607,170.529824211484,108.744205986581,42.4075239159343,0,86.1174946890937,121.676094595842,113.65471288893,0,0,216.791854858398,215.789647420247,214.440717061361,182.559127807617,215.446177164714,182.925506591797,0,127.353437423706,208.784591674805,0,156.514322782818,125.272728614087,142.50082045335,133.333248980634,0,180.710732596261,131.066103458405,148.890650160769,183.664264678955,175.294860839844,119.085105562731,120.810878033483,186.210851033529,221.247039794922,172.496734619141,165.364248657227,0,0,129.075987180074
150.507194942898,76.8031318664551,99.6092300861202,100.683632389192,171.011616298131,97.9300231933594,178.182990688748,162.197247314453,149.842070333074,140.465902848677,170.96095296224,25.2742492158496,181.242144071139,65.8689946478063,141.049693716993,177.158014933268,152.292495727539,52.9248617693909,13.612958308593,27.850174699099,179.495464748806,112.198517769006,113.748836517334,89.6135145096871,167.740019226074,47.927728470634,42.8328526728718,75.4231282743665,172.39058303833,134.780818939209,124.21086456864,54.3250307563397,113.095688934326,136.158011474609,58.0076422654169,0,125.093184731223,164.020780675551,95.3491416344276,0,0,0,239.731971740723,0,0,237.021621704102,97.0753690546209,0,96.964310412137,227.643249511719,214.82893371582,175.703561401367,130.124129613241,105.033501853406,123.411945732272,0,201.869644165039,160.153106689453,199.980078125,221.973736572266,81.7870392799377,104.926275222141,108.171218083478,208.348457336426,196.258842468262,201.068519592285,99.5275697528191,0,0,143.724795871311
144.525258563814,82.3477820419684,70.2607298666055,86.0009030186853,198.055624825614,191.909233093262,164.571369141571,148.635425658453,156.080315183593,143.918110934171,164.518160887439,29.2780634914924,179.105953979492,87.6575437692495,156.924805199785,188.435157775879,129.758436203003,26.6167452261292,27.850174699099,13.2820170736003,154.855773925781,87.4824181810847,129.143391079373,68.4835989397815,162.488737809031,50.8355119616486,38.5308949479602,73.5464488983154,151.930296568113,137.161342897533,101.044969874195,86.0837219348852,197.975699326088,119.292657501844,45.7508325658964,0,120.802833938599,144.669752197266,80.4578266877394,0,0,0,233.903228759766,0,200.057689666748,0,143.730497741699,0,110.80363861084,177.950408935547,0,158.245127360026,125.203806646939,129.717789077759,114.85742374767,0,189.312316894531,137.189292907715,145.020248999962,187.533522469657,86.5550754547119,108.002342436855,115.434787544359,190.71898651123,210.952346801758,212.733505249023,126.765165328979,0,178.832763671875,123.049363167055
127.832814788818,0,165.0345703125,84.1110586686568,13.3530201206816,118.09431254069,57.3674040375406,133.513184767503,97.5797667623568,46.1458723545074,20.2119013010693,149.804210600306,15.1725711334509,168.691613769531,119.486694096896,53.8231331211652,149.572372436523,223.512420654297,179.495464748806,154.855773925781,10.2240596347469,166.254393577576,0,179.916058131627,31.9973320240289,0,182.457094694439,180.355416434152,35.4159155282932,114.89908835579,166.187890486284,188.024862289429,137.388761291504,241.833374023438,109.709122390747,244.235092163086,0,229.472198486328,118.395576477051,77.5720530128479,0,165.338151513076,146.057679176331,179.616213378906,97.8827270507813,151.798861154696,0,20.2866884034043,0,203.424843924386,143.506652832031,0,0,0,0,141.484414216244,0,166.349365234375,0,121.002322922405,0,242.697463989258,225.896095275879,151.887221265195,208.708385760968,244.738983154297,0,0,0,184.434362792969
100.621112668417,96.9563164089037,76.4980535103074,63.5877682781574,131.506792558943,179.456573486328,114.963780541211,78.7328055568338,108.392759208515,151.399014282227,94.4887280037733,102.601944213588,207.726303100586,171.889399210612,115.891738333153,199.13835144043,28.8563265585655,66.3552381901677,112.198517769006,87.4824181810847,166.254393577576,15.4677036710642,67.7733612420424,39.6837286037131,42.8113236117944,144.696216583252,116.992488626934,86.2278595210799,35.6460125087175,80.1357234514117,34.7451093560031,146.978819710868,165.240867946459,39.7884781969355,54.1492789009951,138.783926391602,96.9434661865234,157.610672690652,75.774056942432,0,0,201.641738891602,157.907106399536,170.370544433594,167.175407409668,155.846638270787,173.66194152832,0,197.099624633789,175.336766560872,0,111.895366614973,171.075083051409,182.677780151367,204.7650390625,163.602111816406,126.604558083319,91.3473670959473,137.0211267304,121.386920798315,0,172.297262079575,144.208201068943,129.799291449533,153.758496284485,126.495800499155,0,0,133.141183953536,134.871364593506
88.0661926269531,26.5896426638692,70.203758098461,36.1540011772166,66.0851414841275,126.40015411377,145.829522352952,82.1342707615273,125.236446925572,29.2926894568727,107.182405344645,95.9361001794989,101.409039815267,90.1472951026812,130.339939594269,87.9907897949219,29.233684158449,100.675406455994,113.748836517334,129.143391079373,0,67.7733612420424,11.6663175775461,61.0775902282157,38.2080664610058,68.5865315581154,101.64724544949,42.8182409454689,69.6307029108847,113.682791726631,72.3959884643555,103.905472781207,152.425346374512,83.1048493818803,92.3079048219274,0,82.1187517642975,81.436133874714,31.0018341111841,0,194.86572265625,166.246475219727,143.459885337136,176.490413120815,151.266078948975,179.328804016113,0,0,153.435455322266,152.188128662109,0,63.7406637100946,102.736846026252,157.013648986816,133.592767888849,177.352310180664,114.913592338562,40.3748007999953,95.1608208132462,121.627455652977,0,129.887042129249,85.1362334840035,132.604124483855,167.124642944336,122.72620173863,191.623245239258,0,0,148.005537850516
112.525481690752,66.0119856603397,44.1649447743223,72.4064220122838,121.655694941884,169.317946000533,131.545095072612,99.4098896418643,121.308630433742,117.68219167536,114.183887428746,87.2571068319008,205.301233927409,169.186697006226,132.473564350029,176.84872000558,25.2580523566915,40.6784291196152,89.6135145096871,68.4835989397815,179.916058131627,39.6837286037131,61.0775902282157,22.1484290979268,82.9685563812189,120.128492736816,88.1597921880535,50.085852364162,69.8182843146945,115.824051111259,63.6979304109243,132.670759836833,179.252836608887,85.7949308352146,60.9585883747159,173.483421325684,109.742931590361,116.754376218993,80.6642978321422,0,0,210.286191667829,184.994620245856,196.513969560103,151.765367126465,190.47123336792,170.090084838867,0,167.634859720866,194.192509651184,0,100.672645472019,135.162076355981,161.671455383301,158.705803129408,0,137.309597947862,72.5619357896272,122.85398797807,154.664287077178,138.671058654785,139.867807249709,114.42238355962,160.509293187049,190.937925415039,161.393686789053,0,0,168.073191642761,150.264510381789
108.578072466169,84.8947776842504,113.914492722245,40.7558503094362,26.5710145940294,84.6838538646698,89.7394670086142,68.4835227976065,107.06042171169,21.3897685152753,61.8407246512191,146.738588303786,17.9403566033696,139.347093887005,118.398489676829,40.566916631734,38.3558684707525,150.538968289485,167.740019226074,162.488737809031,31.9973320240289,42.8113236117944,38.2080664610058,82.9685563812189,15.8996382933338,119.23554113527,150.438115381668,99.8296574494625,26.6332928299773,97.3588566931673,84.8891876867689,152.551509760194,139.142412382981,79.7866122480752,96.7453159747263,139.795249696762,140.57442779541,156.894237011463,55.5173466193244,90.1170837639698,186.581907484266,133.839803533351,118.220021422991,149.894420653351,73.3371471828885,124.143033297857,194.00998878479,112.754351203824,194.102433148552,156.839581816736,96.8938241004944,117.811136482588,177.371748704177,225.642262776693,192.342590332031,116.042436596465,124.680452898215,89.1748732450966,141.67678072339,103.85248997823,189.386810302734,189.107403377317,156.540770277685,119.695217744826,150.273998246211,124.666731796028,209.894757080078,174.843048095703,131.369979858398,139.631436807138
0,25.7287395629832,91.4121729532878,25.1720130148425,138.777864177053,156.931182861328,125.529224395752,0,140.807674061168,108.784961430016,180.5403175354,33.6564442925534,148.767707824707,23.0652753257048,135.307682461209,142.519451395671,95.3815525599888,103.683263879073,47.927728470634,50.8355119616486,0,144.696216583252,68.5865315581154,120.128492736816,119.23554113527,9.72242395392385,47.2437531750901,33.2840775483986,152.794830322266,146.774667358398,128.591384887695,46.9677360637109,91.8063201904297,0,68.3359830975533,0,97.2892208099365,127.332949320475,58.0684486586472,0,0,0,184.480850219727,0,150.867156982422,0,74.7719385483686,0,70.3568016628049,0,0,0,114.566029866536,87.80104637146,92.7172452141257,0,0,113.309692382812,144.995567321777,214.287259419759,73.9321799645057,95.2269344061193,91.6520036463401,198.575160980225,238.033767700195,240.926239013672,86.5820600631389,0,0,103.702602386475
150.939977580103,56.6997571559768,45.8884653191058,80.1110658988678,156.655719075884,135.279404449463,163.070528178968,152.162286236173,152.576803279004,140.931992164025,164.536868966633,41.5070067259677,189.802339624476,63.7312087082281,148.425732893726,170.176174163818,123.029826424339,44.2298701539874,42.8328526728718,38.5308949479602,182.457094694439,116.992488626934,101.64724544949,88.1597921880535,150.438115381668,47.2437531750901,23.0263022288124,44.8612151445655,153.129545405461,139.548306544088,132.737962184808,26.0117695602727,136.452381495426,139.495800816736,65.9291706896999,194.256660461426,96.9435618796,126.306835338634,82.3601225434447,0,0,0,210.63984375,215.395909627279,189.087428373449,218.543296813965,103.394167930201,0,92.7918005878439,202.612992286682,0,153.12609761556,115.955498940033,110.917081282443,111.291022737608,0,166.564918069278,139.468740023099,150.27377872841,181.533833068094,80.5869777193401,102.169404281634,104.633058932501,209.979949386032,199.735269334581,177.531565127165,106.668826899453,0,186.515167236328,120.645234479162
156.062882385254,31.6916677345397,41.2122415836951,44.0053378695834,124.18233109102,178.253260178999,160.37185810146,126.990824823794,158.293590619599,113.276071887357,142.819904094985,74.9230852242334,160.320802264743,38.4718294302857,162.191726033529,136.822295751916,39.3555056122494,72.1611798472057,75.4231282743665,73.5464488983154,180.355416434152,86.2278595210799,42.8182409454689,50.085852364162,99.8296574494625,33.2840775483986,44.8612151445655,21.118004380293,98.341730128732,148.507042185237,127.698213838524,29.4009099383158,139.620309299893,136.04162579491,78.4602513387775,189.330020611103,69.663678676749,104.994181954006,65.3159281634994,201.518157958984,213.350433349609,203.507830937703,183.978912934013,200.227627851832,178.068186023567,192.496786880493,113.199439702072,175.544631958008,102.142665811277,195.706753614472,232.043762207031,105.493276088535,113.638948258961,118.359338885382,117.523909133121,178.757873535156,158.326920729417,86.2850412633215,121.994312674205,165.06918660442,86.2733996131203,106.257890870423,100.609816491203,177.210413233005,199.839911448805,177.353354540738,113.94793053051,190.984985351562,197.648790359497,123.551493905605
89.7048272546732,114.543625513713,101.862972086927,60.9699873027599,25.3411457768338,130.127651508038,87.2067677719309,39.3946061498873,102.02287152168,61.1641877636765,37.7492721386258,157.913128699026,56.784197140889,172.082796536959,115.280527420044,84.3300205688477,49.4460019398648,132.506742852223,172.39058303833,151.930296568113,35.4159155282932,35.6460125087175,69.6307029108847,69.8182843146945,26.6332928299773,152.794830322266,153.129545405461,98.341730128732,15.8568109148639,95.9107291537063,45.1020816889135,193.151973377575,144.328872858092,76.4735429908705,79.7744187308093,148.501931932237,184.195568847656,162.057482507494,85.4665610476794,148.777269179851,185.46262512207,160.582723209776,131.141775666025,169.771671727373,96.9609171549479,152.94911859839,198.932689121791,156.375249342485,213.253402709961,167.906939792094,134.916176932199,125.802766882855,179.890498949134,200.680892944336,208.966133117676,151.268835750627,135.042945861816,109.440357764562,151.977833054282,118.205422947109,0,196.679150390625,159.436483654699,134.392082010401,158.757461950458,133.75487721272,231.144493103027,199.672203063965,138.415011796795,156.298675537109
18.2577265926726,146.057829636794,145.672274880716,95.5933679938316,104.801530579923,37.4300677691187,91.286896144466,66.5931710061573,57.8080919609125,107.524408096963,104.672122449661,85.0940956619185,123.50260229278,112.037273219374,35.7477545318342,82.0772126889696,133.883308902864,123.780634770783,134.780818939209,137.161342897533,114.89908835579,80.1357234514117,113.682791726631,115.824051111259,97.3588566931673,146.774667358398,139.548306544088,148.507042185237,95.9107291537063,14.9199818834277,46.0968045310929,121.63736482508,16.4015699439135,23.7202730828539,47.1575815372581,184.708801269531,0,199.369752737192,105.845043945312,189.803866577148,0,202.722128295898,172.342125760592,190.51527565404,133.421366764949,194.153241364852,167.415420532227,216.808609008789,143.444341023763,200.605345589774,0,146.16713104248,213.537338256836,119.352119445801,172.039630889893,213.251502990723,157.375107084002,0,168.784392038981,154.0181846421,0,185.210346221924,188.7526411329,167.970097256403,198.601661888329,154.162821769714,177.393447875977,0,169.56481552124,169.728953679403
40.9237542143524,111.445110575358,104.229074460019,66.4675624363194,101.767594951473,120.686762809753,111.08266590011,26.9043212770821,84.8715472809493,85.9332817077637,77.0517759448056,123.244387895047,159.339178646312,169.329334513346,82.4589952209002,127.393093654088,86.2808511608143,83.4277702669688,124.21086456864,101.044969874195,166.187890486284,34.7451093560031,72.3959884643555,63.6979304109243,84.8891876867689,128.591384887695,132.737962184808,127.698213838524,45.1020816889135,46.0968045310929,15.4472332204592,168.724031448364,131.887570832905,48.6110570021827,50.6946276633433,186.772715250651,0,157.468848419189,78.9808799743652,0,0,181.245346069336,136.354283546915,186.235956827799,97.7655962430514,148.368138631185,0,0,0,179.588406032986,0,118.156300400243,177.882197788783,213.560302734375,198.097087315151,0,128.776601449037,117.302193641663,147.470581970215,123.051724875151,147.050872802734,186.32244666847,170.652194706474,132.159678134722,157.008371124268,132.522156148017,0,0,127.802145004272,134.172413349152
153.963785443987,67.0138706851315,115.46984274728,89.7988945686654,171.900853696077,120.53936958313,171.61584186554,182.933626028208,129.451560035119,139.643644974528,186.988990529378,53.5760101754813,184.240843200684,24.3996070903273,127.898944481871,174.91845703125,130.096522013346,105.833815564607,54.3250307563397,86.0837219348852,188.024862289429,146.978819710868,103.905472781207,132.670759836833,152.551509760194,46.9677360637109,26.0117695602727,29.4009099383158,193.151973377575,121.63736482508,168.724031448364,9.49758974416012,112.103645570817,148.04167175293,74.8843076167115,0,131.859836578369,176.288036346436,90.3380471123589,0,0,0,0,136.444061279297,188.723773532444,0,98.3613279626725,0,91.5181366750701,205.473709106445,0,200.778877258301,145.697445339627,108.150909588491,124.921242107045,0,203.829177856445,150.695623779297,127.398788452148,215.37827092951,84.7358850799831,108.559180632983,106.980234392334,239.545860290527,162.556945800781,209.788902282715,104.227202674451,193.941162109375,0,143.865983508882
97.9440203579989,119.05558013916,191.28194525303,130.744642697848,145.060439780906,9.1496803896982,30.0627599885991,130.365004042949,23.8306908128511,123.300409490412,135.651439572169,70.0865299436781,124.945867507688,97.864186162534,27.1119595677929,40.1336820065809,210.396728515625,170.529824211484,113.095688934326,197.975699326088,137.388761291504,165.240867946459,152.425346374512,179.252836608887,139.142412382981,91.8063201904297,136.452381495426,139.620309299893,144.328872858092,16.4015699439135,131.887570832905,112.103645570817,5.11977076288457,76.2144660949707,42.8520203918271,237.959533691406,240.665542602539,193.876190185547,0,0,0,195.82145690918,192.432049560547,236.055511474609,0,219.031651814779,0,0,122.012180328369,230.511825561523,0,0,0,0,0,0,0,236.008712768555,0,185.24648757208,0,182.317746480306,193.08843536377,196.947191126206,221.990211486816,201.830184936523,0,0,210.543395996094,200.873911539714
71.03494461723,100.483123779297,127.433037097637,75.4850284712655,86.4098226496604,74.0807876586914,117.745914790941,81.1386773206186,113.117582424267,84.9718221028646,97.6641016405682,114.832629077839,171.246981302897,162.380653381348,62.848157832497,94.5852203369141,90.2482676188151,108.744205986581,136.158011474609,119.292657501844,241.833374023438,39.7884781969355,83.1048493818803,85.7949308352146,79.7866122480752,0,139.495800816736,136.04162579491,76.4735429908705,23.7202730828539,48.6110570021827,148.04167175293,76.2144660949707,10.1869720000633,27.3946522621404,0,183.116241455078,161.725383758545,73.5762303670247,228.321762084961,0,163.336334228516,176.778116861979,0,171.293426513672,148.795822143555,0,0,188.749862670898,213.421752929688,0,141.504679870605,0,0,0,0,131.895523616246,0,167.025576591492,144.365447828505,0,220.586288452148,170.370774702592,139.191483815511,177.139904785156,141.184246826172,0,0,0,207.082290649414
90.9310171896951,73.8193073497099,74.4903798795547,94.6132794893705,106.147287024521,38.3100770724717,103.711569917457,99.5395536292683,82.5514833619859,135.091196160567,107.437811385633,30.9062113704485,122.569646224976,66.4603197181618,60.1163022954378,115.636469268799,85.2473982849121,42.4075239159343,58.0076422654169,45.7508325658964,109.709122390747,54.1492789009951,92.3079048219274,60.9585883747159,96.7453159747263,68.3359830975533,65.9291706896999,78.4602513387775,79.7744187308093,47.1575815372581,50.6946276633433,74.8843076167115,42.8520203918271,27.3946522621404,12.1893733903095,213.416793823242,117.996751673081,133.379239068515,104.17411665483,203.229634602865,0,222.958293914795,165.564954280853,216.549957275391,154.489657592773,171.365463256836,131.5998111301,0,127.18990946925,205.617987060547,0,113.202190944127,135.422679138184,130.721703455998,130.762341308594,206.17448425293,155.700933668349,134.599920774761,147.253806329543,151.318180566547,102.129890441895,124.59246308463,129.627487454469,163.351927665815,193.054602622986,182.678628709581,142.441691716512,0,197.872543334961,144.406156079523
0,0,187.477386474609,124.43978729248,143.677657572428,0,179.042449951172,149.887648189769,181.519485473633,131.073295593262,160.347291564941,213.604415893555,0,0,189.527629852295,128.530944824219,0,0,0,0,244.235092163086,138.783926391602,0,173.483421325684,139.795249696762,0,194.256660461426,189.330020611103,148.501931932237,184.708801269531,186.772715250651,0,237.959533691406,0,213.416793823242,14.0836794221145,136.746264139811,113.222217182001,75.6582211147655,104.432468067516,105.893466404506,97.4271307858554,44.0993665117901,62.8564515783282,85.1484875679016,80.153833003059,125.680428187052,145.688425478728,154.72607421875,27.0601579313964,95.3651243845622,108.335250854492,112.056603084911,144.760422737368,131.357739464012,104.620491027832,98.5054112450551,108.861991882324,106.280333541749,85.1390222526458,119.273315429688,125.046352868941,144.409356623111,88.454170288744,29.5183907707121,35.2941569402721,143.468120574951,97.7840964275858,53.2046223140898,83.5482820160827
184.586975097656,34.7221813731723,78.9995147303531,58.3173249562581,200.996078491211,0,0,148.367156982422,112.942520141602,139.533905029297,133.023127237956,131.4982421875,0,107.572103712294,0,0,107.269626140594,86.1174946890937,125.093184731223,120.802833938599,0,96.9434661865234,82.1187517642975,109.742931590361,140.57442779541,97.2892208099365,96.9435618796,69.663678676749,184.195568847656,0,0,131.859836578369,240.665542602539,183.116241455078,117.996751673081,136.746264139811,8.00781362325317,64.5794342442563,22.7349914562176,118.96612294515,138.585129419963,162.678047180176,133.275993347168,194.881680297852,64.9639698013977,140.937286376953,67.3734918791672,0,50.0188335003955,135.481442769368,112.535467739763,50.0161698699757,62.718664932251,71.3912587021336,62.4661450357832,0,96.1565284729004,22.7360650152157,74.2902926531705,74.5778713447247,25.1306181202872,59.5698803181551,28.1169552972365,100.76686714791,129.23824005127,124.076738145616,71.9593436078327,0,0,60.5752498585245
216.805847167969,94.0461114582262,105.961202967678,134.086565144857,192.680012512207,0,195.141960730919,173.502224392361,192.462600708008,177.653036499023,199.870083007812,153.74583530426,0,159.390716552734,203.624359130859,0,111.185411694406,121.676094595842,164.020780675551,144.669752197266,229.472198486328,157.610672690652,81.436133874714,116.754376218993,156.894237011463,127.332949320475,126.306835338634,104.994181954006,162.057482507494,199.369752737192,157.468848419189,176.288036346436,193.876190185547,161.725383758545,133.379239068515,113.222217182001,64.5794342442563,21.8050031770691,74.1455663408552,191.978899129232,175.018704449689,136.26093593611,97.0134049220088,127.185243018762,170.634785045277,113.164983407853,110.994316638716,209.31975069913,111.807047843933,123.023702500245,155.141470336914,86.1094138933265,57.0108228787399,103.146838969164,81.0888680836004,194.443285624186,74.5033585201259,90.5607443357769,45.871391937197,108.453663105273,135.338623046875,44.9012061593465,37.480941291977,94.0811096067207,138.211836850404,103.614774656592,116.713138122559,187.343192690895,113.770477444518,79.3617421480851
