9.40599711949344,103.509377797445,71.34742772335,61.3174923606541,70.2898478840673,66.9995965957642,52.6379657191615,21.4268220135473,21.4506597998162,52.5335054454013,39.5546390131199,127.440485477448,64.613345625174,136.887387956892,11.709122470008,52.8534108903673,94.0235608418783,77.8616579691569,0,115.408194281838,60.4827838940407,50.1286217954737,55.1994015829904,55.0956765098348,58.1770692987645,116.487525939941,99.3868106029652,93.8431752037456,50.9625784442466,10.7837658515041,24.3487648784517,149.650188446045,102.287165323893,25.8568312248088,53.7334907531738,124.354393352162,0,145.110943603516,79.3411457538605,84.8936673482259,0,129.18817615509,114.543067316855,139.976513904074,70.0009823390416,129.469910091824,0,111.425341796875,0,141.937205244855,0,82.2609430948893,147.837271554129,0,151.094711303711,122.374168395996,122.573477427165,77.1056444504682,152.141394721137,103.037643247288,0,191.010610961914,147.348654937744,107.049544591338,124.219279153006,110.069931734525,0,0,116.754689143254,117.027584838867
103.509377797445,10.6267461496241,33.2823480625089,17.3866713649386,0,0,0,125.845731099447,0,73.0354408595873,116.166751861572,55.9992715362319,0,49.673502670828,0,0,41.3961201866468,45.2922018348713,75.094066619873,59.3967334249745,0,77.5946881612142,20.4383638369188,59.2681798020454,82.7392207120372,27.1083201520027,36.748308965566,31.7878957128712,87.9193577485926,91.2909342447917,86.8810354379507,64.8413876253016,0,96.5647583007812,38.8376612607171,0,63.056095123291,0,68.3399065191095,0,0,0,157.744216918945,0,109.817222595215,0,85.5415725708008,0,103.182228088379,0,0,0,127.244091033936,124.552174886068,137.769622802734,0,0,0,150.306365966797,131.58935546875,89.9035508292062,109.319735118321,110.836912367079,0,167.21231842041,0,0,0,0,0
71.34742772335,33.2823480625089,10.6310896305245,36.001407553121,0,167.793395996094,118.896239280701,86.7981538510474,115.609665352958,100.741451039034,97.9345395637281,67.3268356323242,0,80.2372651351126,98.8018499234827,116.83256149292,67.1447433205538,27.5450464180754,0,55.9250713526507,0,71.3638852487399,42.0418784268697,20.5953068199369,89.791654964663,125.059749603271,20.3172711013893,21.6836974575769,68.27999081744,67.3586295953318,67.3846151456728,78.2575890677316,0,79.2767892725327,34.1339168568007,162.890396118164,57.476502932035,83.0992306377871,49.9822699818824,140.270904541016,0,176.466186523438,144.053434644427,194.345453898112,126.831176757812,171.139381408691,129.236511230469,0,139.476303100586,0,147.925598144531,105.923779805501,92.2110342683092,0,110.125965615977,0,114.590240478516,72.2874432518369,97.5825323807566,146.954196166992,73.0522155761719,94.7970306041629,83.0300849126274,131.656915664673,147.742919921875,145.763759319599,0,0,0,97.2751541137695
61.3174923606541,17.3866713649386,36.001407553121,22.496190887294,52.5337179678458,109.422147369385,71.205874207732,51.0255917534567,74.6315592487042,11.7058863154501,68.860109263453,57.2256851196289,59.2878642663723,45.6979390316784,73.5200696205606,77.1396705454046,41.768534421729,49.2276043449249,67.4446652730306,51.8313878564274,93.1871817111969,46.1691541222304,18.6466226453133,43.0552988906486,34.4087170157362,28.28144315001,40.4963208234803,37.4285445643251,46.4147181916081,64.3692258052054,54.7006542679084,61.0128976036521,109.651924133301,52.7205694846387,46.0706249652341,57.9294776916504,10.825966835022,56.6514060076545,42.8257337557642,80.1133079528809,0,157.347305297852,124.459520467122,102.915606180827,44.0830978845295,127.587703704834,125.225341796875,0,85.9931621551514,143.769317626953,0,51.7403995513916,70.4582204182943,103.201976776123,78.8922574179513,0,94.6373281478882,62.7579721927643,76.6281229654948,64.1427125806932,66.7038789113363,73.4037038485209,70.1714317067464,95.1975131787752,126.829788208008,68.2293923117898,87.910587310791,0,125.733927408854,88.2358848571777
70.2898478840673,0,0,52.5337179678458,7.82298931974956,120.93155670166,53.9467870848519,29.5671350514447,73.3838551839193,41.7213013512748,11.8344162429716,0,15.1054418097622,0,81.597516519052,75.452241897583,80.2954940795898,0,0,0,10.8072010354826,0,61.5011728460139,0,9.82752232513542,145.000625610352,0,112.071024213518,11.8017283146375,85.5813797469688,77.3999443054199,0,147.20573425293,76.9372237069266,87.4167272779677,0,0,177.888046264648,71.0256368849013,6.71370642736043,0,0,102.531478881836,126.370491027832,80.7134284973145,125.725798034668,0,7.38966130296262,0,143.424743652344,0,0,0,0,0,9.96016409033436,0,122.324531555176,0,96.0308364292361,0,0,0,91.3699530142325,149.45637512207,105.229110717773,0,0,115.727294921875,140.136505126953
66.9995965957642,0,167.793395996094,109.422147369385,120.93155670166,7.387198208036,12.5069063275211,112.886286302046,16.249748731659,118.813715616862,101.225191752116,57.234156926473,106.408819456358,73.3648910522461,31.5471935358345,16.3141526482522,0,0,73.3091659545898,0,117.232869928533,107.265594482422,104.360023498535,106.195383071899,111.335803349813,81.9533843994141,226.496704101562,139.156230926514,111.91752243042,14.7762356627086,0,0,8.82155658013864,121.235862731934,22.7130440336639,0,0,0,125.949701944987,0,0,198.710067749023,174.456148783366,178.959701538086,129.862213134766,0,0,128.819763183594,0,183.580825805664,0,135.955963134766,0,0,0,0,0,99.730110168457,0,145.360134972466,0,0,0,160.083224487305,172.13427734375,161.439758300781,0,0,168.164708455404,193.854873657227
52.6379657191615,0,118.896239280701,71.205874207732,53.9467870848519,12.5069063275211,8.21833322737711,42.944960318407,17.2448218021895,69.5948044459025,22.2262278411684,59.1673208383413,19.8463762352746,73.9636306762695,26.9967258132985,9.91240246102448,83.2909088134766,0,0,75.0674285888672,40.0879376566812,99.1590401785714,94.7515301174588,118.90412902832,76.2763751096893,0,142.508314005534,126.710631052653,60.4400044342096,29.1061227587565,81.0718761444092,0,19.1998474313082,59.0821019392747,39.8708328234998,143.076620622115,0,0,89.652398186761,89.0634330113729,0,169.504099527995,133.148548392362,144.562228775024,96.2695683070591,150.37371377384,0,96.6464435032436,0,146.660991414388,0,110.757241249084,0,0,0,153.181335449219,0,116.202532450358,159.866645812988,119.427168518066,0,244.767623901367,0,133.612440926688,154.758945041233,128.241830713609,0,0,125.939964294434,141.125665517954
21.4268220135473,125.845731099447,86.7981538510474,51.0255917534567,29.5671350514447,112.886286302046,42.944960318407,8.14620370747072,44.7195640962515,49.3023474709121,12.1749044680489,141.876549460671,36.2173491356097,147.950436518742,21.1644830915708,67.1828128521259,77.0372570037842,102.250146312098,155.044387817383,131.908466529846,34.6105423404943,51.0090956360855,61.8287485879565,55.0790073981133,48.1890858072006,141.675732421875,112.457794703708,93.5962233521623,19.4456132044297,34.8641373953202,16.0828153456654,148.850880304972,119.635599772135,49.8818092346191,61.8344410759668,122.071892656599,0,147.847877502441,64.4040612327546,111.719809940883,171.182805379232,128.472860717773,107.051099530818,131.724084712257,71.2632954426301,119.135241190592,0,116.316596221924,0,128.619016215006,139.242431640625,98.3721872476431,145.909744262695,0,177.782989501953,121.968122209821,117.36359278361,79.3263162683558,139.827766418457,92.8192035379929,0,172.377368927002,157.848445892334,105.129561991044,131.185232342414,110.812154544297,0,182.791976928711,115.172934507712,120.016296774654
21.4506597998162,0,115.609665352958,74.6315592487042,73.3838551839193,16.249748731659,17.2448218021895,44.7195640962515,10.1772913034109,73.4425130571638,23.2740768710287,63.3067143498635,31.9202645526847,80.3211874961853,12.7090468380726,30.9174749183757,0,153.025867462158,76.4317092895508,164.486386108398,60.1381124285509,86.8860275268555,90.6703548431396,98.6031466114278,68.4469025576556,176.818099975586,138.196722194127,129.549434153239,66.7455140548521,29.467232926834,77.0439353570706,0,9.44719896536673,68.712163736532,44.6967629525895,156.432339477539,0,206.292289733887,88.1060538988435,89.2373390197754,0,156.731548108553,135.548783672099,150.50642490387,95.9530570086311,144.248664413673,0,127.633422851562,0,154.70355719489,0,121.744800991482,0,0,0,154.958961486816,0,133.14967473348,201.406421661377,118.006111814265,0,173.800064086914,198.070243835449,129.390869106103,156.121963764059,139.163903071963,0,0,136.02448059082,142.007901297675
52.5335054454013,73.0354408595873,100.741451039034,11.7058863154501,41.7213013512748,118.813715616862,69.5948044459025,49.3023474709121,73.4425130571638,9.53050236898138,64.7781113821363,115.419615312056,13.9993154949808,111.345378651338,70.8044822352707,16.6566731287256,54.9819042205811,91.3343025207519,146.443298339844,126.521587371826,39.9476649178399,76.1465718304669,18.5768458261257,87.8572845458984,18.1318931408326,100.180413727713,110.395175933838,110.475521524904,41.1660190446704,55.5615208889228,51.1016938895233,132.498542785645,107.967758178711,47.2521232548882,60.582527141082,0,0,0,31.614971893805,74.7658011118571,0,96.0957557678223,104.955142171759,109.491923522949,40.221761744363,91.5450452168783,0,41.9301020304362,135.354019165039,124.109466552734,70.3466033935547,105.41346282959,0,0,0,83.9102401733398,0,85.9179508209229,0,53.2878132129336,133.535354614258,147.471743265788,0,83.4549887323954,127.122341700963,103.99302742698,0,0,105.10936126709,104.649675369263
39.5546390131199,116.166751861572,97.9345395637281,68.860109263453,11.8344162429716,101.225191752116,22.2262278411684,12.1749044680489,23.2740768710287,64.7781113821363,8.76983464764096,143.402264065213,17.8139071026314,151.557693481445,19.7432694918712,57.1016596999823,128.392364501953,140.230116271973,0,134.803722926549,14.0665507774977,100.82165222168,81.9878992600874,78.6912853377206,46.0103239989786,143.543319702148,124.255028176815,115.251011515773,17.2493063037076,67.1716869723697,66.6506547262502,155.910705566406,113.717617579869,59.6645226277803,74.5730980343289,131.43866947719,0,0,78.4081826558927,24.3861908613196,213.943298339844,163.711818150112,124.462407953599,143.848371887207,89.2436451911926,134.184059361049,0,38.2543218930562,0,142.104053272921,0,130.980725969587,185.18147277832,0,186.322113037109,138.422309875488,0,112.093223571777,174.077616373698,105.607752027966,0,0,0,122.236191794137,153.442531585693,120.115606035505,0,0,136.395732334682,149.590599060059
127.440485477448,55.9992715362319,67.3268356323242,57.2256851196289,0,57.234156926473,59.1673208383413,141.876549460671,63.3067143498635,115.419615312056,143.402264065213,9.85752117380516,106.149642944336,19.0650480527205,80.007880057058,57.3059101104736,118.971355438232,49.508746325175,17.5958084666732,21.5157396197904,138.875885009766,120.533702850342,82.3440008713649,85.9644211893496,118.194483243502,26.1796857525302,20.9945685024153,45.1045302184724,123.256270388339,45.1131417185283,104.179341933307,20.7394081318073,47.9616228739421,102.979674203055,22.3219115517546,0,86.8033866882324,0,64.1074083328247,0,0,0,0,0,208.283645629883,0,89.5710896083287,0,70.300003528595,0,0,0,188.667434692383,92.7097007751465,106.364564683702,0,0,0,0,174.624104817708,65.928491168552,94.259589817213,87.8754955090974,206.163284301758,188.489868164062,143.803695678711,96.8552627563477,0,0,110.59107208252
64.613345625174,0,0,59.2878642663723,15.1054418097622,106.408819456358,19.8463762352746,36.2173491356097,31.9202645526847,13.9993154949808,17.8139071026314,106.149642944336,8.19399110014442,140.115234375,70.4258501862529,15.421424628759,0,118.584320068359,0,186.785301208496,11.143974186944,121.17578125,65.9723311031566,134.264064025879,17.1500837167853,0,159.765365600586,136.560629272461,34.8560870951501,83.5952714204456,83.5020236968994,156.720947265625,109.387236022949,77.4447574374042,85.8030989585667,123.996711730957,0,0,76.8672631581624,37.2473067797147,0,47.7792412439982,145.644216918945,150.572776794434,57.8945992787679,45.0155385090755,0,8.01309108609427,0,158.623420715332,0,0,0,0,0,9.80191854353874,0,0,0,95.3673727852958,0,0,0,130.107064928327,155.713539123535,151.657480875651,0,0,171.942718505859,0
136.887387956892,49.673502670828,80.2372651351126,45.6979390316784,0,73.3648910522461,73.9636306762695,147.950436518742,80.3211874961853,111.345378651338,151.557693481445,19.0650480527205,140.115234375,9.01422497074812,113.311993598938,156.11653137207,95.5449513026646,87.0080718994141,47.9477042304145,55.6867991999576,0,127.266328175863,74.4290359890528,91.0261176780418,130.695636486185,18.1027737947721,31.0000131075785,27.5545970562823,138.383760213852,67.2634297688802,131.605458577474,17.0950936003112,84.2339884440104,143.751510620117,45.4083400865301,0,81.3972015380859,0,54.0528239484103,169.090927124023,0,0,0,0,151.400077819824,0,80.5595181506613,0,13.0533974534183,193.278884887695,0,0,141.197647094727,84.8114356994629,98.6970467916349,0,0,201.509567260742,0,165.156038284302,59.3981855565851,82.6773660013995,75.5157442204219,201.575408935547,0,0,90.2236071995327,0,0,125.097900390625
11.709122470008,0,98.8018499234827,73.5200696205606,81.597516519052,31.5471935358345,26.9967258132985,21.1644830915708,12.7090468380726,70.8044822352707,19.7432694918712,80.007880057058,70.4258501862529,113.311993598938,7.60069147924018,35.3575330412286,97.4867858886719,118.879244123186,0,144.640322598544,81.8245480976407,88.2876019477844,80.5520703633626,74.5330489498752,69.5793517220695,152.0908203125,118.203991623399,119.935792857203,55.1716993402766,12.3184793386722,61.4082975676565,162.748809814453,10.0740372338902,45.2728501075023,37.756308037253,151.478695170085,0,160.891143798828,81.9615461659986,137.031184196472,0,147.958086187189,127.038894731171,148.86410790159,96.7740338065407,141.012202212685,0,0,0,150.605487060547,0,112.121075948079,169.322952270508,0,0,144.782306671143,131.296569824219,110.683209737142,167.171211242676,117.422323249022,0,183.686141967773,187.992210388184,124.892643682971,143.536066818237,133.307323231417,0,0,147.254502614339,135.477727369829
52.8534108903673,0,116.83256149292,77.1396705454046,75.452241897583,16.3141526482522,9.91240246102448,67.1828128521259,30.9174749183757,16.6566731287256,57.1016596999823,57.3059101104736,15.421424628759,156.11653137207,35.3575330412286,7.46774667083094,87.723503112793,81.5431747436523,0,120.331214904785,71.7396671848912,76.9500165666853,61.2330894470215,79.0008735656738,36.9952321793454,112.179718017578,117.372665405273,103.468442281087,70.8128396395979,31.3141048334413,0,160.844161987305,41.4823879968552,29.3539752093228,26.7545418159634,149.757057189941,0,0,81.3863960901896,0,0,0,124.655573527018,154.934669494629,51.1748352050781,154.899871826172,0,0,0,138.51416015625,0,104.889869689941,0,0,0,0,0,86.7698059082031,0,112.411726438082,0,0,0,126.745518077504,174.831619262695,134.894701639811,0,0,133.126358032227,0
94.0235608418783,41.3961201866468,67.1447433205538,41.768534421729,80.2954940795898,0,83.2909088134766,77.0372570037842,0,54.9819042205811,128.392364501953,118.971355438232,0,95.5449513026646,97.4867858886719,87.723503112793,14.9050866414674,85.0915281217392,0,115.243730163574,102.722328186035,18.3078192494992,27.4498228473935,11.565283443971,35.5175439881399,84.081206611965,79.211599445343,32.0381109929645,43.5906272238615,82.3720321655273,56.951100730896,110.474077224731,0,77.4971249898275,60.2327446438345,110.616607666016,0,99.1361484527588,64.3997280236447,0,0,0,127.600257873535,0,83.327938079834,0,0,0,151.30859375,149.703495025635,0,92.5846242904663,116.083964756557,0,159.1337890625,0,94.2553329467773,54.2429488372803,89.4721866580222,130.467498779297,0,158.315307617188,99.6589652752054,112.785902840751,107.980026245117,108.309231477625,0,0,0,94.8118659125434
77.8616579691569,45.2922018348713,27.5450464180754,49.2276043449249,0,0,0,102.250146312098,153.025867462158,91.3343025207519,140.230116271973,49.508746325175,118.584320068359,87.0080718994141,118.879244123186,81.5431747436523,85.0915281217392,9.13842469447452,48.264515224256,22.2488362725755,0,44.0068908049997,63.0567615764767,15.2655542219229,108.127485619217,60.8783815824069,31.7351851070694,52.4606735110575,99.6506881896389,67.9472898087412,58.6004969630836,90.2320308685303,0,59.3255045459529,24.970314622204,0,58.4781993230184,98.7915018717448,59.5528052193778,0,0,0,163.720687866211,0,120.808563232422,208.851737976074,145.400859832764,0,118.648994445801,0,0,0,103.076598212832,0,109.837834358215,0,0,75.0984703699748,117.905883789062,192.839088439941,68.3359670639038,100.178057696368,97.5229373772939,128.877960205078,154.631118774414,134.832595825195,0,0,0,101.890090942383
0,75.094066619873,0,67.4446652730306,0,73.3091659545898,0,155.044387817383,76.4317092895508,146.443298339844,0,17.5958084666732,0,47.9477042304145,0,0,0,48.264515224256,6.63315670943401,9.12802634514416,0,0,100.998731340681,80.0154724121094,138.944641113281,45.770183245341,21.4629175417122,55.3142753328596,125.465400695801,74.3032370347243,98.8574333190918,48.5276487742039,0,96.8531227111816,45.5670423906903,0,88.2064361572266,0,0,0,0,0,0,0,0,0,0,0,73.5544891357422,0,0,0,0,99.8819561004639,105.290120442708,0,0,0,0,172.062362670898,70.746427154541,95.0113243103027,82.7772078514099,0,0,0,0,0,0,0
115.408194281838,59.3967334249745,55.9250713526507,51.8313878564274,0,0,75.0674285888672,131.908466529846,164.486386108398,126.521587371826,134.803722926549,21.5157396197904,186.785301208496,55.6867991999576,144.640322598544,120.331214904785,115.243730163574,22.2488362725755,9.12802634514416,9.58760381153602,0,85.1651710101536,87.5439624251606,70.5210476347062,129.122807025909,41.1000597162331,25.3470919931052,56.7544628798517,118.181600881177,99.1094974224384,91.0812157361935,53.3243283766476,0,86.5694806498866,36.7566663518316,0,86.1342483520508,140.094039916992,59.5117947505071,0,0,0,0,0,153.456329345703,212.144653320312,96.7333117398349,0,94.4469591223675,182.862823486328,0,150.47770690918,108.606295776367,101.255973815918,99.5930221025334,0,0,177.459617614746,140.926172892253,191.801834106445,67.7717639378139,91.1591294085393,90.2312053281869,0,0,146.839797973633,103.0367603302,0,0,122.492398579915
60.4827838940407,0,0,93.1871817111969,10.8072010354826,117.232869928533,40.0879376566812,34.6105423404943,60.1381124285509,39.9476649178399,14.0665507774977,138.875885009766,11.143974186944,0,81.8245480976407,71.7396671848912,102.722328186035,0,0,0,9.66510860517449,123.051860046387,103.700249808175,134.476547241211,16.956486925714,0,142.73112487793,151.801315307617,16.1512405838204,79.7703517382262,91.9110298156738,0,0,71.7440126674382,81.9954181671143,168.489364624023,0,0,108.929532368978,11.7808497029021,0,140.349334716797,153.881185913086,159.075942993164,85.8846321105957,131.1530585289,0,8.98278165447285,0,169.724895477295,0,119.25171661377,0,0,0,11.5630695881621,0,0,0,126.100598088017,0,0,0,123.221886901855,153.752593994141,0,0,0,167.09504699707,148.567138671875
50.1286217954737,77.5946881612142,71.3638852487399,46.1691541222304,0,107.265594482422,99.1590401785714,51.0090956360855,86.8860275268555,76.1465718304669,100.82165222168,120.533702850342,121.17578125,127.266328175863,88.2876019477844,76.9500165666853,18.3078192494992,44.0068908049997,0,85.1651710101536,123.051860046387,9.86694131871138,41.7208687801208,18.4442599581515,20.6206743456674,124.897285461426,94.0970877365545,62.3653152914608,17.2145806829044,49.9724111526144,20.7266000808218,139.725692749023,0,44.0993462627374,34.0328528961571,121.022980852825,0,115.530776977539,78.663387298584,0,0,153.940582275391,121.052999258041,137.233940887451,72.3607976813065,142.47785949707,0,0,0,119.240428700167,0,84.4681186548015,134.410696763259,0,158.610038757324,0,99.3553812334614,56.5739632216367,93.2886513853385,104.716324361165,197.331848144531,163.581585693359,131.177046316641,96.3155517012985,118.964323594835,97.5876331998186,0,0,95.6072738647461,96.9416735418912
55.1994015829904,20.4383638369188,42.0418784268697,18.6466226453133,61.5011728460139,104.360023498535,94.7515301174588,61.8287485879565,90.6703548431396,18.5768458261257,81.9878992600874,82.3440008713649,65.9723311031566,74.4290359890528,80.5520703633626,61.2330894470215,27.4498228473935,63.0567615764767,100.998731340681,87.5439624251606,103.700249808175,41.7208687801208,8.17177118376425,41.2005576684287,26.3579271536953,60.7810543715552,70.3934303376733,45.6046934957738,43.1707871118746,51.3450676344017,44.0946121919613,94.6716271333916,95.5202407836914,39.9882063660885,53.6475194295247,115.558111190796,59.0849876403809,85.4589614868164,76.2386687841171,117.090854644775,0,153.847045898438,108.305575052897,140.607670593262,65.4995827308068,120.682535443987,124.960705566406,76.1693134307861,114.076992797852,117.283613840739,0,55.4663765647195,125.759749412537,119.321914672852,139.450635910034,116.186889648438,81.4988026089138,44.0115998813084,71.8538903360782,85.3624102324247,101.140180969238,132.554852294922,116.248362499735,98.5912535985311,134.04313993454,79.7321534087692,163.009738922119,0,64.1772079467773,101.566480364118
55.0956765098348,59.2681798020454,20.5953068199369,43.0552988906486,0,106.195383071899,118.90412902832,55.0790073981133,98.6031466114278,87.8572845458984,78.6912853377206,85.9644211893496,134.264064025879,91.0261176780418,74.5330489498752,79.0008735656738,11.565283443971,15.2655542219229,80.0154724121094,70.5210476347062,134.476547241211,18.4442599581515,41.2005576684287,13.4121114716402,51.7905974566531,107.216360092163,55.0300607444618,33.1214091879907,30.113464119221,58.9686439387356,39.3664266762523,113.315946790907,0,57.5119184549304,36.7839883814816,128.108924865723,87.8832082748413,89.5772084681193,56.8845955464377,141.631332397461,0,0,136.964864384044,170.177994410197,132.180328369141,151.259828839983,116.017280578613,0,0,159.609397888184,0,86.513883651249,103.3576083484,155.355743408203,141.59385735648,214.660705566406,96.4285431925456,53.5761058807373,90.5064542558458,134.468943628772,140.003112792969,118.607106797239,90.565227219933,122.144985545765,136.378252665202,102.829308059189,0,0,100.765553065709,101.267697701087
58.1770692987645,82.7392207120372,89.791654964663,34.4087170157362,9.82752232513542,111.335803349813,76.2763751096893,48.1890858072006,68.4469025576556,18.1318931408326,46.0103239989786,118.194483243502,17.1500837167853,130.695636486185,69.5793517220695,36.9952321793454,35.5175439881399,108.127485619217,138.944641113281,129.122807025909,16.956486925714,20.6206743456674,26.3579271536953,51.7905974566531,9.19533610290074,112.607736206055,109.205600327136,78.750402018295,14.0566294518375,64.0439854055773,57.1296725774609,145.728117509322,136.389457702637,55.2570930751024,71.1359107512067,116.822074748852,119.013816833496,133.24794921875,55.4238138058606,62.9644372883965,169.577331542969,119.452629313749,102.248902587273,125.662374958848,57.2981338195801,114.563977541623,0,110.079934801374,167.429656982422,127.42194171662,114.034046173096,81.6618646894183,147.758848462786,199.953109741211,164.640258789062,88.1496321713483,114.16994140625,68.7330653326852,120.979150390625,78.3439831414908,134.911745707194,176.494748796735,152.587618314303,98.1082890122025,121.863070326585,104.124311293679,0,0,108.884133012327,113.904376320217
116.487525939941,27.1083201520027,125.059749603271,28.28144315001,145.000625610352,81.9533843994141,0,141.675732421875,176.818099975586,100.180413727713,143.543319702148,26.1796857525302,0,18.1027737947721,152.0908203125,112.179718017578,84.081206611965,60.8783815824069,45.770183245341,41.1000597162331,0,124.897285461426,60.7810543715552,107.216360092163,112.607736206055,10.6902007836158,35.7246474043431,29.4088970512694,127.502708435059,58.8266082763672,124.380508422852,44.0811548934263,0,149.126342773438,43.1120619805867,0,0,136.526195526123,42.3060830036799,0,0,0,0,0,141.685077667236,0,52.9499683380127,0,53.8605813980103,0,0,0,121.651679992676,68.1188320159912,95.1977764129639,0,0,0,0,154.84397315979,43.9153849013308,78.5406147825952,64.7951817321777,203.795486450195,0,0,77.154727935791,0,0,0
99.3868106029652,36.748308965566,20.3172711013893,40.4963208234803,0,226.496704101562,142.508314005534,112.457794703708,138.196722194127,110.395175933838,124.255028176815,20.9945685024153,159.765365600586,31.0000131075785,118.203991623399,117.372665405273,79.211599445343,31.7351851070694,21.4629175417122,25.3470919931052,142.73112487793,94.0970877365545,70.3934303376733,55.0300607444618,109.205600327136,35.7246474043431,11.9587576407223,20.946071845352,95.5967048038567,91.1575776758328,90.1075121200446,19.03133488493,0,88.9390054849478,38.5631815803692,171.44150390625,52.2122208557129,93.3069312837389,51.5484521108043,246.939208984375,0,0,166.525064086914,156.375900268555,146.014167785645,188.666046142578,92.773251947367,0,87.2075357164655,205.073318481445,0,133.653265380859,100.341484411439,95.143043120011,92.9705016806618,0,141.036800384521,105.523109436035,122.932542688706,159.451512263371,60.2779949821441,85.2457292280566,83.1723897593697,194.937835693359,240.547988891602,154.315348670596,93.5051021575928,0,149.290718078613,101.221703570822
93.8431752037456,31.7878957128712,21.6836974575769,37.4285445643251,112.071024213518,139.156230926514,126.710631052653,93.5962233521623,129.549434153239,110.475521524904,115.251011515773,45.1045302184724,136.560629272461,27.5545970562823,119.935792857203,103.468442281087,32.0381109929645,52.4606735110575,55.3142753328596,56.7544628798517,151.801315307617,62.3653152914608,45.6046934957738,33.1214091879907,78.750402018295,29.4088970512694,20.946071845352,14.8915994228265,68.6420038532075,95.0914492981596,87.3081730375022,22.0317747235588,0,90.5222282409668,48.4781347210593,168.668837113814,53.3010514730431,82.3447202335704,52.221196429549,0,0,172.257263183594,145.12960775275,193.277377319336,151.589273452759,188.161646525065,102.110385246997,0,90.052294931294,188.064476013184,0,104.155653912088,94.2353662109375,101.78424763399,101.786109655676,0,117.815000360662,65.6584813181559,91.7863681870712,155.366284863702,68.0279338085075,91.7345520997659,87.1225626751868,145.852488098145,161.665286254883,134.476363788952,106.516898877693,0,0,99.569956126966
50.9625784442466,87.9193577485926,68.27999081744,46.4147181916081,11.8017283146375,111.91752243042,60.4400044342096,19.4456132044297,66.7455140548521,41.1660190446704,17.2493063037076,123.256270388339,34.8560870951501,138.383760213852,55.1716993402766,70.8128396395979,43.5906272238615,99.6506881896389,125.465400695801,118.181600881177,16.1512405838204,17.2145806829044,43.1707871118746,30.113464119221,14.0566294518375,127.502708435059,95.5967048038567,68.6420038532075,8.72405406841376,57.9323406084153,26.7587969644547,136.101406097412,111.255382537842,46.010875075523,50.468506757895,109.799487183426,116.102668762207,139.785277517218,56.0141113069322,14.0522026304592,168.539184570312,121.81629286872,99.1642812237595,128.4613698213,61.2382518340801,116.74403557954,181.752723693848,93.7941861994126,140.673492431641,123.459713190942,148.705444335938,77.8720424606139,138.884976048623,0,148.071497599284,87.0259201652125,98.8714247027647,61.2040729084234,109.944258419973,87.9328097743842,191.644195556641,161.444463094076,137.021609529536,95.4983433515934,116.286321754664,94.4878728419174,0,179.640739440918,103.876522883662,107.624439784459
10.7837658515041,91.2909342447917,67.3586295953318,64.3692258052054,85.5813797469688,14.7762356627086,29.1061227587565,34.8641373953202,29.467232926834,55.5615208889228,67.1716869723697,45.1131417185283,83.5952714204456,67.2634297688802,12.3184793386722,31.3141048334413,82.3720321655273,67.9472898087412,74.3032370347243,99.1094974224384,79.7703517382262,49.9724111526144,51.3450676344017,58.9686439387356,64.0439854055773,58.8266082763672,91.1575776758328,95.0914492981596,57.9323406084153,8.91328166173164,16.9469828946176,125.551039801704,9.28803116575065,12.4673368553802,20.5760800873331,128.22887398856,0,155.488912963867,80.8517724257249,107.488241369074,176.950332641602,159.438569875864,119.357321194862,147.562647612199,89.9279159399179,140.959398307052,0,129.764767456055,0,141.495628474309,0,82.3555468241374,146.569366963704,0,163.191131591797,152.435882568359,119.158411661784,65.7727701767631,122.396191120148,110.430962928704,0,203.867258707682,126.784434318542,111.269695396946,136.652191162109,105.346948792949,0,0,116.399788920085,126.822194169207
24.3487648784517,86.8810354379507,67.3846151456728,54.7006542679084,77.3999443054199,0,81.0718761444092,16.0828153456654,77.0439353570706,51.1016938895233,66.6506547262502,104.179341933307,83.5020236968994,131.605458577474,61.4082975676565,0,56.951100730896,58.6004969630836,98.8574333190918,91.0812157361935,91.9110298156738,20.7266000808218,44.0946121919613,39.3664266762523,57.1296725774609,124.380508422852,90.1075121200446,87.3081730375022,26.7587969644547,16.9469828946176,9.16618410020402,150.461288452148,0,32.5707311367529,29.9453712485612,112.921873345433,110.082311630249,143.194745381673,81.033958361699,140.904708862305,181.0634765625,143.095388139997,110.789078831028,136.74004946622,65.9002212318214,122.280586666531,181.151260375977,129.168975830078,0,127.225153337445,0,81.2533082999435,139.747799714406,0,158.743476867676,0,100.248864217698,57.6228567400891,95.6634046627524,96.4273476046185,0,184.598409380232,144.462332725525,95.967233542006,113.165202191768,96.1692548328951,0,0,101.288423618349,95.9436845567491
149.650188446045,64.8413876253016,78.2575890677316,61.0128976036521,0,0,0,148.850880304972,0,132.498542785645,155.910705566406,20.7394081318073,156.720947265625,17.0950936003112,162.748809814453,160.844161987305,110.474077224731,90.2320308685303,48.5276487742039,53.3243283766476,0,139.725692749023,94.6716271333916,113.315946790907,145.728117509322,44.0811548934263,19.03133488493,22.0317747235588,136.101406097412,125.551039801704,150.461288452148,6.56803945460266,0,0,61.6910233467248,0,82.0372924804688,0,69.7507598876953,0,0,0,0,0,0,0,97.3563454945882,0,88.6154525756836,0,0,0,121.364181518555,100.029789879209,106.517707824707,0,0,124.555976867676,145.082870483398,0,73.5579720905849,96.6970206951273,91.0644181387765,0,0,0,102.094180297852,0,0,0
102.287165323893,0,0,109.651924133301,147.20573425293,8.82155658013864,19.1998474313082,119.635599772135,9.44719896536673,107.967758178711,113.717617579869,47.9616228739421,109.387236022949,84.2339884440104,10.0740372338902,41.4823879968552,0,0,0,0,0,0,95.5202407836914,0,136.389457702637,0,0,0,111.255382537842,9.28803116575065,0,0,5.53755315150971,0,29.5115916279384,0,0,0,142.815368652344,0,0,0,0,205.509796142578,0,0,0,0,0,0,0,0,0,0,0,0,0,0,0,157.56616973877,0,0,0,160.528930664062,0,0,0,0,0,0
25.8568312248088,96.5647583007812,79.2767892725327,52.7205694846387,76.9372237069266,121.235862731934,59.0821019392747,49.8818092346191,68.712163736532,47.2521232548882,59.6645226277803,102.979674203055,77.4447574374042,143.751510620117,45.2728501075023,29.3539752093228,77.4971249898275,59.3255045459529,96.8531227111816,86.5694806498866,71.7440126674382,44.0993462627374,39.9882063660885,57.5119184549304,55.2570930751024,149.126342773438,88.9390054849478,90.5222282409668,46.010875075523,12.4673368553802,32.5707311367529,0,0,6.07440561943974,20.7685936174609,108.54118460196,0,184.803817749023,71.1515737462927,86.6483891805013,183.304092407227,138.956895010812,107.625612391982,135.141785091824,62.3118371963501,129.444280736587,0,152.601470947266,0,127.727604184832,133.742340087891,73.5059577717501,120.687861124674,0,136.283325195312,136.084869384766,91.2493949890137,52.0116046025203,94.388061886742,94.9593141864798,0,139.620735168457,141.022076924642,94.8784510079077,119.801219451122,91.5231663934116,0,0,94.8657448508523,109.496692233615
53.7334907531738,38.8376612607171,34.1339168568007,46.0706249652341,87.4167272779677,22.7130440336639,39.8708328234998,61.8344410759668,44.6967629525895,60.582527141082,74.5730980343289,22.3219115517546,85.8030989585667,45.4083400865301,37.756308037253,26.7545418159634,60.2327446438345,24.970314622204,45.5670423906903,36.7566663518316,81.9954181671143,34.0328528961571,53.6475194295247,36.7839883814816,71.1359107512067,43.1120619805867,38.5631815803692,48.4781347210593,50.468506757895,20.5760800873331,29.9453712485612,61.6910233467248,29.5115916279384,20.7685936174609,7.55213558109546,122.021158490862,41.95807157244,88.5154463585387,56.3129036243145,116.98205871582,0,154.120193481445,126.291988104162,156.541114143703,93.0874701908657,152.264744151722,110.061982727051,136.882049560547,100.151056289673,148.4802539532,0,88.0786084261808,105.534999766248,103.516763860529,103.578567504883,151.36474609375,99.3946770562066,60.0895322851233,94.1585032765458,113.537938601729,72.0765715512362,91.9935735974993,93.7368100207785,112.603979550875,131.683862357304,101.503828821427,97.5720596313477,0,115.662374223982,107.48513285319
124.354393352162,0,162.890396118164,57.9294776916504,0,0,143.076620622115,122.071892656599,156.432339477539,0,131.43866947719,0,123.996711730957,0,151.478695170085,149.757057189941,110.616607666016,0,0,0,168.489364624023,121.022980852825,115.558111190796,128.108924865723,116.822074748852,0,171.44150390625,168.668837113814,109.799487183426,128.22887398856,112.921873345433,0,0,108.54118460196,122.021158490862,8.76426921487487,114.762121582031,107.308805073009,68.7464912259901,81.303004026413,65.451904036782,50.7663010539941,23.5667450778695,24.590793321964,59.4612628694565,57.2908486482673,130.396187067032,49.9676953829252,139.940469741821,10.4777490412666,36.6528186798096,60.2227778500074,98.7609599459488,141.669187372381,121.336172651536,85.4729815396396,73.3416368889086,60.7297738458692,93.2135986559319,66.3520553716973,139.33069229126,119.407847037327,119.083306895006,66.4803211667386,12.2417699748734,14.9290413075557,141.547860717773,70.540154337883,25.7485577583313,41.5159469254897
0,63.056095123291,57.476502932035,10.825966835022,0,0,0,0,0,0,0,86.8033866882324,0,81.3972015380859,0,0,0,58.4781993230184,88.2064361572266,86.1342483520508,0,0,59.0849876403809,87.8832082748413,119.013816833496,0,52.2122208557129,53.3010514730431,116.102668762207,0,110.082311630249,82.0372924804688,0,0,41.95807157244,114.762121582031,6.76288616827556,33.1509882211685,14.0651051609068,0,0,0,112.127028465271,145.596717834473,78.4555718558175,135.172150929769,65.9831019008861,0,45.490184670064,142.328144073486,0,55.0496564752915,46.5168061285425,76.8780102937118,55.2074677023216,0,80.0761482932351,9.53057107871484,76.4802202927439,84.6616878509521,16.2494771181519,42.3781660536061,25.9310906363793,111.143220198782,157.206171671549,101.812741960798,65.6328217983246,0,157.661682128906,47.4057891368866
145.110943603516,0,83.0992306377871,56.6514060076545,177.888046264648,0,0,147.847877502441,206.292289733887,0,0,0,0,0,160.891143798828,0,99.1361484527588,98.7915018717448,0,140.094039916992,0,115.530776977539,85.4589614868164,89.5772084681193,133.24794921875,136.526195526123,93.3069312837389,82.3447202335704,139.785277517218,155.488912963867,143.194745381673,0,0,184.803817749023,88.5154463585387,107.308805073009,33.1509882211685,9.18199641521098,36.0805662262911,109.653120858329,169.250902811686,122.110314438024,86.738281654442,118.973851721441,112.561878840129,103.630996768575,83.6149542392829,117.354361534119,79.859641566421,117.699122590285,124.612529754639,61.4858996981666,35.7661923504179,84.302919960022,62.925341115337,125.024412536621,68.3265119032426,38.1077054208486,18.9855399543739,91.350718037466,64.7669499715169,26.4636124407269,28.1390243235499,75.8254866809213,123.058731126197,78.9487744003046,86.4597757512873,166.551433563232,121.386898040771,55.2978266507494
79.3411457538605,68.3399065191095,49.9822699818824,42.8257337557642,71.0256368849013,125.949701944987,89.652398186761,64.4040612327546,88.1060538988435,31.614971893805,78.4081826558927,64.1074083328247,76.8672631581624,54.0528239484103,81.9615461659986,81.3863960901896,64.3997280236447,59.5528052193778,0,59.5117947505071,108.929532368978,78.663387298584,76.2386687841171,56.8845955464377,55.4238138058606,42.3060830036799,51.5484521108043,52.221196429549,56.0141113069322,80.8517724257249,81.033958361699,69.7507598876953,142.815368652344,71.1515737462927,56.3129036243145,68.7464912259901,14.0651051609068,36.0805662262911,23.9167891218714,62.9818822224935,107.840240478516,77.8858547699757,58.7821915861618,74.9117059316545,14.6297330555109,73.4284332965283,67.3581841137944,68.6571073532104,49.0408921846202,76.9740983533188,43.510046005249,36.2758561009946,48.3690397688507,74.6871908087479,53.6361757747887,69.8277648925781,54.4044084069449,18.802607799406,39.620642241054,32.1257941596778,18.8986035313736,41.6898567459259,32.5350929159383,51.1642941628733,79.5804369670589,67.3696024152968,68.3815995384665,110.51203918457,58.3875809966541,53.9795608907787
84.8936673482259,0,140.270904541016,80.1133079528809,6.71370642736043,0,89.0634330113729,111.719809940883,89.2373390197754,74.7658011118571,24.3861908613196,0,37.2473067797147,169.090927124023,137.031184196472,0,0,0,0,0,11.7808497029021,0,117.090854644775,141.631332397461,62.9644372883965,0,246.939208984375,0,14.0522026304592,107.488241369074,140.904708862305,0,0,86.6483891805013,116.98205871582,81.303004026413,0,109.653120858329,62.9818822224935,6.99650033351704,134.216079711914,50.1951339481113,59.7635268568993,84.7367506917318,49.1411664518591,13.7279686547202,135.976013183594,7.37026359412282,0,89.1883663722447,80.331184387207,55.4541130065918,153.610066731771,0,147.798110961914,10.0678005586863,0,71.6796813964844,110.96937306722,13.8063074997669,0,150.613583374023,110.237520490374,13.0574811321169,85.5261814847906,79.6252237955729,0,0,80.5156428019206,83.5224579633292
0,0,0,0,0,0,0,171.182805379232,0,0,213.943298339844,0,0,0,0,0,0,0,0,0,0,0,0,0,169.577331542969,0,0,0,168.539184570312,176.950332641602,181.0634765625,0,0,183.304092407227,0,65.451904036782,0,169.250902811686,107.840240478516,134.216079711914,7.20745180716659,9.70074485444437,106.108523712158,15.6415329527286,115.335460980733,101.748302459717,49.6748428344727,83.2111602783203,67.8028678894043,35.104034887901,13.7508166921706,0,128.971232096354,0,0,133.843653361003,116.762238820394,95.5443623860677,104.454697829026,121.994161878313,0,192.565811157227,201.33470916748,116.546315742261,27.6169093734059,109.854291280111,0,9.1964996330243,69.7499465942383,28.4898330390453
129.18817615509,0,176.466186523438,157.347305297852,0,198.710067749023,169.504099527995,128.472860717773,156.731548108553,96.0957557678223,163.711818150112,0,47.7792412439982,0,147.958086187189,0,0,0,0,0,140.349334716797,153.940582275391,153.847045898438,0,119.452629313749,0,0,172.257263183594,121.81629286872,159.438569875864,143.095388139997,0,0,138.956895010812,154.120193481445,50.7663010539941,0,122.110314438024,77.8858547699757,50.1951339481113,9.70074485444437,7.10026492227399,45.2462855359308,18.627344451235,54.4202416140005,16.7563871183086,58.7633647918701,19.0814128318543,105.807460784912,31.8231243319452,9.04643504889555,84.8068386713664,141.754352145725,141.495259602865,152.110404014587,26.7471651308149,126.505061340332,101.483836873372,110.852076810949,60.7335812062332,0,147.082360672624,136.877785130551,48.8631135625483,27.3552585329844,93.2528686523438,187.982604980469,19.0514133083409,81.4741949081421,51.5414484625771
