11.300391392163,146.376579284668,112.411441056625,91.0163650512695,98.9697952270508,89.1909713745117,94.2581604667332,41.3040598036456,51.5007396439597,80.9475323411285,57.4249039911307,129.193819318499,128.310198465983,0,26.9727727899212,97.1056049891881,130.696849822998,120.116339661354,138.270160675049,145.244862798435,94.698600769043,89.1000913345306,103.542368570964,98.3366840679052,88.9564099643888,145.207809448242,132.172646991277,138.887639529463,78.7060083514723,15.3940155362187,32.7514045498763,0,94.9911348978678,101.169857215881,107.085472071936,195.997497558594,0,195.280146280924,87.1579437255859,0,216.237884521484,177.310791015625,161.215072631836,179.048715591431,104.890701293945,185.004173278809,0,152.628555297852,0,189.082358224051,0,147.957188924154,0,0,0,0,151.769165039062,103.574951171875,170.244155883789,149.879916000366,0,193.029396057129,189.893698120117,149.382237752279,176.904435221354,147.626483917236,0,0,149.584579467773,145.978584289551
146.376579284668,8.67343840669965,48.2190274491822,14.9821031669994,121.227783203125,0,0,127.843046951294,139.852382914225,84.6875176727772,155.926776885986,68.0194281227568,152.344249725342,60.859272719691,150.062652587891,100.443534851074,52.0397167795712,56.9758648452364,79.0168638683501,68.8052691513637,0,117.854151212252,23.1459095629595,71.0379424413045,82.82336090112,30.4916343422102,58.1351980454082,36.5292893002285,110.749440828959,111.989658649151,115.048587505634,66.6232461690903,113.869241714478,151.341827392578,71.4785432628557,0,153.90202331543,96.8205430167062,69.9769328724254,0,0,0,154.917053222656,0,244.032180786133,0,107.294616699219,0,113.050831985474,0,0,110.651972961426,118.240005493164,124.257975578308,116.840501573351,0,0,146.479049682617,92.917599995931,195.400218963623,95.9023765563965,115.52748717123,110.943953118673,0,175.32373046875,163.117431640625,115.446313858032,0,0,122.15132522583
112.411441056625,48.2190274491822,18.1241082838619,47.4828087760181,153.020647772427,153.388371785482,139.005998068298,115.491658404386,131.386287285805,117.736835903592,134.395056854595,98.2196494331045,197.68901200728,107.628092956543,127.275445150536,147.743284606934,84.4762450090544,42.7830538571569,100.751140723794,75.7422494126874,192.529730902778,74.6935711707829,65.9621306199294,35.7612977795387,132.154403814105,170.242739359538,39.3273620565241,38.9446180538375,112.581827104161,121.334304151609,99.3267107054062,109.888375600179,173.336825052897,115.335445404053,76.2138245510525,222.173568725586,85.732494354248,96.0846017957959,62.6627473154376,164.886042277018,0,0,176.733763122559,196.0862159729,131.478151957194,205.435592651367,146.798049926758,215.774169921875,212.69416809082,195.016450881958,0,120.788493715484,117.587801891824,145.291788101196,129.54253304523,0,141.618055490347,111.558299473354,111.346548689173,164.944161707041,126.891483306885,119.038777046204,97.4683772712626,171.193870945981,194.350637817383,163.056492198597,171.629782104492,0,209.524688720703,132.175082206726
91.0163650512695,14.9821031669994,47.4828087760181,11.7232333431793,78.2723934991019,131.736793518066,90.6610504821107,72.0420664440502,93.9180923244817,23.6739128826908,93.7351892999856,73.7243421442368,110.57159094377,55.4807675029174,107.29788855924,71.0196669442313,34.6509864288874,62.626064365315,70.9365022659302,71.2708420832513,114.639981842041,66.3848312779477,21.0556227887442,54.9309159756437,49.8962622618937,24.8297169097015,55.8606173433576,39.5547563503571,73.2821671525402,94.2676339544644,68.5835168069868,66.1443561416074,141.523876735142,82.4722715600744,71.4777711251203,81.3647908942644,41.8747215270996,93.9136909816576,22.7616761028767,81.0796898735894,0,104.310395812988,80.2492042133826,107.180758158366,31.5322865177603,112.052414634011,150.653074645996,74.8720085144043,98.3172513961792,108.312071694268,65.0473690032959,51.0006200187227,107.340758690467,126.90126546224,119.365111100046,139.86254119873,76.1727520668343,35.303220504039,79.7463204927534,66.1470669640435,81.5241070429484,107.187932463253,81.131611608897,82.9612988558683,100.037366515224,79.3064775739397,119.050312587193,150.89363861084,83.0508944193522,99.0858350481306
98.9697952270508,121.227783203125,153.020647772427,78.2723934991019,10.1924979216188,104.562939071655,68.0926250668315,67.3522728210272,106.890180656709,47.1206750808952,31.1529362446511,162.164481480916,33.8952856166243,0,116.321314098118,64.0741961766215,126.252960205078,174.953037516276,186.733169555664,199.084449074485,11.9826049598472,147.214169311523,95.661315373012,165.297142028809,22.2641400565713,0,185.172280673323,167.058774142795,20.0481230861642,118.581613482851,130.690964017596,220.945541381836,146.739641974954,101.704348050631,119.687579497126,149.875057220459,199.744033813477,0,91.198581237793,33.4402802613455,133.80680847168,154.511164771186,153.053928548639,166.208527180686,102.501558130438,147.165875108936,0,83.6801318128904,0,186.88466743801,119.692778214164,195.217514038086,0,0,237.258666992188,51.4554759006874,229.632919311523,0,233.17448425293,126.934332764993,0,217.574783325195,221.231414794922,75.6883986357985,171.110551016671,183.992858886719,0,227.447006225586,172.968449910482,150.643068313599
89.1909713745117,0,153.388371785482,131.736793518066,104.562939071655,6.97367446975813,8.95545313079162,119.346097673689,15.5521539615005,69.0533982638655,115.233929478845,57.7160334587097,75.7398540496826,159.417139689128,29.4751736212275,15.5651114576846,0,187.236068725586,90.213633219401,112.788562774658,100.136206817627,146.130928039551,100.406244913737,149.910772323608,94.6360716386275,61.3445205688477,142.181201510959,148.134895324707,120.038110351562,22.9110464826788,118.756497701009,150.871721903483,11.4391178253085,0,33.9013900756836,140.842697143555,0,202.569320678711,0,0,0,140.715850830078,0,0,0,0,0,0,0,0,0,0,0,0,0,166.315612792969,0,0,0,0,0,132.053817749023,163.597061157227,0,179.749755859375,0,0,0,0,0
94.2581604667332,0,139.005998068298,90.6610504821107,68.0926250668315,8.95545313079162,12.714842191283,66.9106901087329,24.9917337490227,78.4393841879708,41.0136541705926,100.901782555724,30.5200463166971,144.229130045573,64.8593140565581,15.8154793277465,122.586343383789,165.872899066971,134.820996192194,159.734807270329,46.2685691841871,123.075491396586,113.605303573608,138.288964019775,86.7492317889693,131.247532653809,163.351956201979,151.896860104855,80.5150269391133,62.5252558032702,115.110232507397,140.848990700462,27.718062476219,115.246584389426,70.8340799010663,165.339285373688,0,239.625732421875,116.975848606655,143.751978429159,221.775629679362,169.632618073494,157.52871735563,185.033605033105,125.481731414795,177.139381671774,236.844006347656,151.704328264509,0,187.137718329995,161.278717041016,163.005685424805,223.641510009766,0,245.608551025391,191.81134223938,212.768356323242,134.519329071045,216.676609039307,144.144421461857,0,209.483698527018,198.921775817871,158.046792589385,184.811986128489,171.231946309408,0,221.649505615234,169.242520650228,185.355401611328
41.3040598036456,127.843046951294,115.491658404386,72.0420664440502,67.3522728210272,119.346097673689,66.9106901087329,16.2330123342895,74.1542797549438,64.9193935245275,25.7758121973908,158.236706441243,78.4177768970358,184.40291419396,60.1864029557812,83.720033736456,101.680465157352,148.928827590131,180.686651129472,168.362222017817,85.5841902542114,83.3259291387734,91.0927611759731,101.619264669071,61.4448812353694,175.397750854492,147.878787151312,123.876509333287,45.9024354040296,72.6329642650388,29.3115051162607,171.607667922974,134.456939932016,90.1735470363072,110.655489517796,147.068685574002,0,191.043633853688,88.4244214571439,152.269564421281,197.463752746582,157.708639095991,141.177055033462,165.286319500063,105.575701607598,158.625438071586,219.644509887695,149.492551591661,229.585311889648,171.770916666303,143.310725402832,140.385038221205,207.80094909668,223.518600463867,226.918162754604,159.786422729492,159.329993111747,137.094087453989,174.696383745242,123.619597294067,0,204.647387186686,189.134219438602,140.275247693062,161.573060408882,147.403246115182,0,223.316200256348,154.740968519642,159.657230785915
51.5007396439597,139.852382914225,131.386287285805,93.9180923244817,106.890180656709,15.5521539615005,24.9917337490227,74.1542797549438,14.4435716250171,95.4205580682897,61.0239229577674,88.712362364805,96.3715601962106,117.29845392704,25.5013461870413,40.0739778645421,138.146259880066,137.697052913384,126.02309329871,146.988569884741,102.304994124711,118.176489123523,119.233378716235,123.692456044586,101.76554181908,123.785448666277,145.78538576985,153.291586611869,102.673255134107,49.074929796003,85.6784615396099,121.344484047812,24.4970162021443,112.733741021925,74.2690878921695,170.958259994919,216.88215637207,213.319725036621,113.831059773763,149.059044577859,209.18985748291,187.053710501535,168.711833441435,194.039286594765,145.26840616862,198.280538458573,218.273651123047,192.552520751953,201.735585530599,194.262084452311,185.903039550781,168.51927863227,215.619434356689,187.361831665039,189.410718282064,193.028419494629,216.802759806315,163.36491394043,206.447078998272,151.181242287307,216.368179321289,193.769283040365,188.671065481086,165.394441343898,186.675720214844,170.514512777328,170.996170043945,214.491706848145,176.141110011509,184.501694234212
80.9475323411285,84.6875176727772,117.736835903592,23.6739128826908,47.1206750808952,69.0533982638655,78.4393841879708,64.9193935245275,95.4205580682897,8.71017417557222,78.377628212118,146.224833697807,14.8173923569019,133.487347946167,98.5741166017187,25.3656318333115,73.1174109228726,134.25359539394,183.858257293701,144.877024968465,43.2026815138573,97.8206394564721,18.9905399965074,125.979237420218,26.3730829529671,111.339759435733,131.577122728875,116.959355339607,65.8392082952684,90.3335628822887,68.8674990865368,146.263619170792,115.893916606903,77.6455094718078,102.566189911688,100.549319458008,0,154.899924278259,71.5824119647344,96.1534147262573,158.344093322754,129.620379279642,102.124688042535,130.941962585449,49.5421188859379,115.47018365299,171.575740814209,77.3609575907389,187.371411895752,148.493554433187,89.3602867126465,0,178.169715881348,0,228.271392822266,111.539226531982,79.7430877685547,93.8763580322266,162.828089032854,85.8231658037971,157.156127929688,190.436578850997,180.338290581336,111.1867063862,115.777581135432,115.752467564174,189.956676483154,0,125.321815490723,128.994589372115
57.4249039911307,155.926776885986,134.395056854595,93.7351892999856,31.1529362446511,115.233929478845,41.0136541705926,25.7758121973908,61.0239229577674,78.377628212118,19.1951968357334,154.402403184169,33.8838601467457,186.71659749349,74.4905689749415,83.3971257274843,121.969103886531,176.647846598021,184.163533850561,179.444470650809,20.29694520832,113.904145088925,111.704013464586,135.304834153917,68.7743559202505,175.761591593424,171.75952014105,153.703888284987,43.8006764931966,114.58897726005,96.0629190159471,188.800095931343,134.181522309468,108.073613162494,117.662936597535,164.803465409712,131.685180664062,204.153181287977,104.762437891077,84.0548088305617,185.612689971924,168.052858418432,155.595103245155,178.345194661025,116.913527617583,165.471625925225,242.05876159668,149.745220222858,0,191.041122128265,150.431916335533,165.282483782087,0,0,235.519882202148,169.933090209961,197.698143005371,148.78157043457,201.133735656738,138.048671025406,0,228.449473381042,210.699194335938,157.610780295348,182.675554416324,170.824648175921,204.604156494141,219.232528686523,162.852946980794,184.950602849325
129.193819318499,68.0194281227568,98.2196494331045,73.7243421442368,162.164481480916,57.7160334587097,100.901782555724,158.236706441243,88.712362364805,146.224833697807,154.402403184169,11.571324763547,143.38310424283,21.8228689141011,95.3492720918375,114.57267964681,131.860844612122,66.6050989678565,27.288241663442,29.5601857830939,152.424624083472,113.889593611372,111.869887306577,118.805545189267,158.980177840141,30.1345693098889,35.2014339738199,66.3540552042618,168.656999860491,79.1375029327149,121.779381621118,38.8754373670583,60.6454966975524,118.11844553846,27.9250185621563,236.823272705078,108.896036783854,139.065365473429,72.894729409899,0,0,245.047439575195,217.819473266602,205.530893961589,178.570732116699,0,84.0245441860623,0,71.164478077608,226.977305094401,0,0,127.082572937012,106.40478515625,121.562469800313,0,0,0,0,202.71657631614,64.8520400664386,108.316702133106,106.586804620843,204.292037963867,219.751117706299,191.258033752441,94.5698684692383,0,0,124.166286468506
128.310198465983,152.344249725342,197.68901200728,110.57159094377,33.8952856166243,75.7398540496826,30.5200463166971,78.4177768970358,96.3715601962106,14.8173923569019,33.8838601467457,143.38310424283,12.8501846917346,168.882181440081,114.142704154553,18.306468425324,0,190.46998323713,175.512459250057,172.613744354248,17.7486403470898,152.829828534807,0,190.602843891491,40.8242758312686,144.754422505697,174.921311662004,183.706722724728,50.864581480426,117.803483159287,134.925141906738,190.171245998806,124.604643145811,106.433384982022,117.616720430616,169.147735595703,0,0,114.888689041138,57.6524790481285,148.047180175781,189.400576782227,144.883376057943,168.064747946603,107.87820325579,151.41612126277,213.51741027832,143.898343866522,0,197.176774978638,100.906575520833,0,0,0,189.734252929688,145.155305226644,0,0,0,136.256884615186,246.811889648438,220.228833007813,214.161907196045,156.302100150816,186.403636932373,0,216.902084350586,0,178.043197631836,161.757431030273
0,60.859272719691,107.628092956543,55.4807675029174,0,159.417139689128,144.229130045573,184.40291419396,117.29845392704,133.487347946167,186.71659749349,21.8228689141011,168.882181440081,11.1575801598081,131.862812399864,171.021531422933,145.555632697211,122.270462036133,64.5990350723267,90.4960056186951,175.513061523438,174.928595648872,98.0646951530553,157.002680460612,144.110664572492,19.6054573886148,31.7926267474268,45.2959224979043,168.591248321533,112.095482381185,176.662893676758,26.8086748702162,78.8935185387021,179.114616394043,82.5399281365531,0,113.14471244812,154.36567179362,53.5899071456693,0,0,0,241.845016479492,121.537609100342,178.600648668077,241.063415527344,77.6221686405922,0,71.6314160270009,168.814276123047,219.393432617188,0,140.171997070312,102.021838285485,121.165097791095,0,165.403045654297,150.00272064209,185.85856628418,196.518282572428,60.9544355623782,99.3892023780129,96.0062582942282,0,148.691612243652,212.02848815918,91.7504646959644,93.5042953491211,0,122.979615783691
26.9727727899212,150.062652587891,127.275445150536,107.29788855924,116.321314098118,29.4751736212275,64.8593140565581,60.1864029557812,25.5013461870413,98.5741166017187,74.4905689749415,95.3492720918375,114.142704154553,131.862812399864,13.1638376271685,97.046139272054,146.984976143673,135.819037225282,129.409549766117,144.413694710001,110.830631607149,109.439685102624,130.073511800458,117.231544388314,106.942789739492,157.098899147727,142.66005791311,151.035076872808,103.227920839486,37.3939994191924,71.9820088944544,126.840044806985,14.8835331250139,66.4812686942027,68.3096507446969,175.790009765625,0,197.605864461263,129.913472311837,171.355275154114,238.951263427734,203.592688820579,174.277981758118,200.582505776849,147.688613891602,196.925827026367,225.025161743164,0,161.750579833984,197.884056388558,212.934455871582,185.285827636719,208.819389343262,187.456607818604,214.389801025391,0,194.79547797309,164.791737874349,202.158970759465,160.028256496536,137.635223388672,189.951370239258,194.164519404022,169.298826481746,188.872543189639,171.198303413391,0,236.178764343262,175.541004725865,173.819576009115
97.1056049891881,100.443534851074,147.743284606934,71.0196669442313,64.0741961766215,15.5651114576846,15.8154793277465,83.720033736456,40.0739778645421,25.3656318333115,83.3971257274843,114.57267964681,18.306468425324,171.021531422933,97.046139272054,10.1329548742747,163.39616394043,173.954954783122,210.336013793945,188.414614590732,55.0044761135001,161.885319519043,75.5291262087615,155.097342271071,55.323604198453,154.436363220215,165.517582484654,148.566530772618,88.0950498393938,75.3222236141716,110.417807729621,112.851524353027,35.6187761203169,108.357675725763,85.8365973937206,160.50479888916,0,171.787750244141,90.6647211710612,116.013425191243,0,139.963695526123,163.601856994629,158.162676493327,88.5483716328939,145.237154180353,0,122.49453163147,0,198.539896647135,85.1711540222168,0,0,232.954071044922,0,147.950744628906,174.251739501953,0,219.982513427734,107.259298177866,0,0,185.327560424805,139.985789212314,165.088324410575,0,0,0,0,158.336090087891
130.696849822998,52.0397167795712,84.4762450090544,34.6509864288874,126.252960205078,0,122.586343383789,101.680465157352,138.146259880066,73.1174109228726,121.969103886531,131.860844612122,0,145.555632697211,146.984976143673,163.39616394043,13.9091461464091,104.735611524738,0,127.933689662388,0,23.149654363792,25.9226381101576,34.6461273568002,40.6132732432384,105.13494237264,108.154780864716,30.459303442746,37.0878934342181,122.486770972777,80.0181183539496,114.137344360352,0,120.181409489025,83.2443616803722,0,190.46460723877,115.466998069517,69.4971864318848,0,0,173.33757019043,137.073004722595,179.271583557129,0,149.773643493652,0,0,166.010787963867,163.946022620568,0,75.145218520511,155.616305033366,191.517276763916,154.815536499023,0,112.695739253875,53.557730255127,100.420114208165,92.1033006029681,0,158.768845240275,96.7360543100457,124.135684072235,157.69989831107,121.309933045331,0,0,115.347591400146,127.357109387716
120.116339661354,56.9758648452364,42.7830538571569,62.626064365315,174.953037516276,187.236068725586,165.872899066971,148.928827590131,137.697052913384,134.25359539394,176.647846598021,66.6050989678565,190.46998323713,122.270462036133,135.819037225282,173.954954783122,104.735611524738,12.1343841744584,53.8549471867235,28.4581871465445,172.245758056641,81.6825852166605,81.808704417239,41.4903222789729,139.5085180545,161.734371185303,39.4352272657051,72.2221246469799,139.24096400642,116.289364382619,88.4607044893707,129.944129943848,159.096584138416,103.901224232039,37.5479220554154,190.71785736084,90.9012222290039,104.759901786999,69.6820395787557,0,0,0,201.201187133789,219.089817047119,167.829409281413,170.856460571289,147.254954020182,0,126.340240478516,207.29355875651,0,141.668318067278,126.486982379043,161.27232615153,128.083366121565,0,166.335330200195,119.99427096049,140.383670703785,180.695860686126,146.526458740234,111.620441025954,107.304082425017,188.368344988142,198.076341629028,175.078036968525,170.436976114909,0,0,187.222259521484
138.270160675049,79.0168638683501,100.751140723794,70.9365022659302,186.733169555664,90.213633219401,134.820996192194,180.686651129472,126.02309329871,183.858257293701,184.163533850561,27.288241663442,175.512459250057,64.5990350723267,129.409549766117,210.336013793945,0,53.8549471867235,7.2795606658833,13.610035577134,187.93718846639,144.043803007706,125.481954574585,122.787450256348,168.142743791853,54.3913875702889,41.6868803285348,68.9955076165812,186.686108796493,117.729701227612,151.993099757603,53.1915590261697,93.7540224860696,149.323477003309,63.2310751094375,0,113.606307983398,136.365688868931,77.6860531398228,0,0,0,0,0,0,0,107.006723403931,0,98.1276613871257,0,0,0,128.430313110352,105.234116109212,125.188446044922,0,0,202.436012268066,0,236.599014282227,87.5602676391602,111.68286895752,113.033583647629,248.511245727539,0,211.771392822266,102.572197687058,0,0,133.838935852051
145.244862798435,68.8052691513637,75.7422494126874,71.2708420832513,199.084449074485,112.788562774658,159.734807270329,168.362222017817,146.988569884741,144.877024968465,179.444470650809,29.5601857830939,172.613744354248,90.4960056186951,144.413694710001,188.414614590732,127.933689662388,28.4581871465445,13.610035577134,12.3110408716376,176.758607964767,116.775720197671,104.462663148579,93.1512212162678,160.041143340506,59.5871255057199,37.8039161019007,74.4864828214851,169.029226666405,127.953086224519,124.051709828581,64.6416185461957,100.503127650211,123.553892077822,47.500726389427,189.642166137695,116.14375035903,123.339674938684,73.4589757745916,0,0,0,219.992660522461,220.26850382487,192.951141357422,0,126.940581083298,0,111.301070182554,211.379554748535,240.957534790039,160.230715942383,133.279453489516,117.272544594698,120.71639804097,0,214.220458984375,122.969566345215,166.241700605913,204.272761027018,91.5232279160443,109.895569500681,114.462667269796,208.241706848145,201.035751342773,184.414462280273,114.623114903768,182.657104492188,0,124.05157585144
94.698600769043,0,192.529730902778,114.639981842041,11.9826049598472,100.136206817627,46.2685691841871,85.5841902542114,102.304994124711,43.2026815138573,20.29694520832,152.424624083472,17.7486403470898,175.513061523438,110.830631607149,55.0044761135001,0,172.245758056641,187.93718846639,176.758607964767,8.78106036164739,145.45782661438,0,171.564269171821,22.659172393702,170.529871622721,180.414658157914,180.80684192364,31.0150711917974,114.051575426785,152.066772460938,182.411331176758,128.472945531209,107.897049797906,113.011400528536,189.972476959229,0,0,79.6903762817383,27.3760938085479,0,176.800938774558,152.816041469574,169.228548616976,108.688329060872,160.87025100708,0,142.493172645569,0,194.199167104868,142.766450500488,0,0,233.522354125977,224.734786987305,162.034472995334,0,0,245.245697021484,131.433070358721,0,228.869338989258,223.749743143717,150.588088989258,177.429663085938,202.31819152832,0,223.488174438477,156.348327636719,0
89.1000913345306,117.854151212252,74.6935711707829,66.3848312779477,147.214169311523,146.130928039551,123.075491396586,83.3259291387734,118.176489123523,97.8206394564721,113.904145088925,113.889593611372,152.829828534807,174.928595648872,109.439685102624,161.885319519043,23.149654363792,81.6825852166605,144.043803007706,116.775720197671,145.45782661438,17.498531209182,59.6855158736962,39.9105453599496,59.7313984800268,131.494222640991,118.588928457407,101.834490796287,38.8748377384036,94.8570726870932,38.7007780001438,177.260080973307,150.133697509766,79.5025197904404,56.3907105721971,140.827351888021,0,145.997901068793,127.641913859049,0,0,187.79460144043,163.778396606445,201.417137839577,130.662114461263,201.872695922852,0,0,216.091339111328,185.947484016418,0,95.1021029789176,158.142510986328,181.05290222168,182.871271769206,0,124.112403517503,71.0948010197392,135.072376991386,109.931818303608,231.699691772461,180.890795026507,143.060080292937,138.478290733924,172.922035386827,134.656586165281,0,0,152.814881324768,151.475903718368
103.542368570964,23.1459095629595,65.9621306199294,21.0556227887442,95.661315373012,100.406244913737,113.605303573608,91.0927611759731,119.233378716235,18.9905399965074,111.704013464586,111.869887306577,0,98.0646951530553,130.073511800458,75.5291262087615,25.9226381101576,81.808704417239,125.481954574585,104.462663148579,0,59.6855158736962,10.5931922597292,58.6029002764391,36.176894209777,74.0265635527898,91.9059780519705,49.1014774768455,68.2834225121049,108.298951346919,70.1458472752783,106.678225491954,142.10082244873,79.1142573356628,76.1132073237978,142.451717376709,121.337796529134,98.7492081079728,81.6945215550865,169.581344604492,0,177.201873779297,145.74566078186,164.981265068054,109.335726420085,132.648452758789,158.518165588379,0,144.32337436676,164.020966529846,0,61.8150562218257,134.981978280204,151.034627278646,159.256929779053,0,97.5007493336995,46.6681677273342,86.9290482234029,109.852353194664,134.042820930481,147.31104765998,100.547329148002,122.959565413626,151.071209716797,107.54628349753,160.234973907471,0,101.08992767334,135.821806771415
98.3366840679052,71.0379424413045,35.7612977795387,54.9309159756437,165.297142028809,149.910772323608,138.288964019775,101.619264669071,123.692456044586,125.979237420218,135.304834153917,118.805545189267,190.602843891491,157.002680460612,117.231544388314,155.097342271071,34.6461273568002,41.4903222789729,122.787450256348,93.1512212162678,171.564269171821,39.9105453599496,58.6029002764391,21.6212442816984,99.6182008150541,158.659266153971,64.4483585905394,61.2434479537939,73.2239089576795,106.32697612235,72.3173047569336,183.812038966588,141.307658455589,98.1226396505543,57.6481691596206,186.239995320638,158.107849121094,112.043420978621,81.4541230970813,246.931854248047,232.576782226562,198.88026936849,176.335207056116,212.710011291504,156.935380554199,179.615901184082,182.125503540039,0,0,195.575240071615,0,95.2369374347727,141.818936873455,177.192184448242,174.790148648349,0,134.778096516927,74.0541448009257,110.109511871458,145.204460130121,243.916427612305,164.562064129373,105.778277430783,163.363534976275,189.534656524658,158.137082533403,200.493743896484,0,187.500264485677,144.42620171441
88.9564099643888,82.82336090112,132.154403814105,49.8962622618937,22.2641400565713,94.6360716386275,86.7492317889693,61.4448812353694,101.76554181908,26.3730829529671,68.7743559202505,158.980177840141,40.8242758312686,144.110664572492,106.942789739492,55.323604198453,40.6132732432384,139.5085180545,168.142743791853,160.041143340506,22.659172393702,59.7313984800268,36.176894209777,99.6182008150541,13.7241277162263,121.379403652549,144.740060524862,107.920486496769,28.437733893804,97.4139630467548,78.5619069765745,152.02619578426,138.727778559146,83.923946912694,97.141689810309,129.998524766733,209.051717122396,169.228155612946,75.2539713863051,118.168927844773,177.953177769979,143.270693904796,125.204326748318,148.358404245788,79.5795574671105,134.875039363813,213.387208726671,115.018934023582,190.499020611798,151.721145756655,98.8932477777655,109.762803689417,188.923035116757,217.322590419224,211.877312796456,140.096177640169,120.465060390322,82.6780539013091,152.722257881521,100.760598375412,178.587479727609,193.561609146443,160.647465530707,121.541585171942,144.255002806415,126.612920925278,198.544057846069,194.607316669665,132.490030582135,136.233386388893
145.207809448242,30.4916343422102,170.242739359538,24.8297169097015,0,61.3445205688477,131.247532653809,175.397750854492,123.785448666277,111.339759435733,175.761591593424,30.1345693098889,144.754422505697,19.6054573886148,157.098899147727,154.436363220215,105.13494237264,161.734371185303,54.3913875702889,59.5871255057199,170.529871622721,131.494222640991,74.0265635527898,158.659266153971,121.379403652549,9.74770211889717,46.0413689482702,27.3411280429539,150.053778076172,133.704883337021,151.31515045166,43.7853463573804,75.4335918426514,150.93627166748,72.9510064125061,0,95.4985771179199,79.8120880126953,34.2819870931131,0,0,0,221.944402058919,244.228477478027,187.688252766927,0,80.8546163118803,0,70.4069624361785,194.285929361979,0,0,107.619735717773,86.9886838277181,95.8445544120593,228.773498535156,0,0,0,160.503967285156,52.0380259846034,80.4325387070819,78.0152570028154,0,166.419530232747,187.371383666992,82.0256471549515,0,184.157974243164,90.5462121963501
132.172646991277,58.1351980454082,39.3273620565241,55.8606173433576,185.172280673323,142.181201510959,163.351956201979,147.878787151312,145.78538576985,131.577122728875,171.75952014105,35.2014339738199,174.921311662004,31.7926267474268,142.66005791311,165.517582484654,108.154780864716,39.4352272657051,41.6868803285348,37.8039161019007,180.414658157914,118.588928457407,91.9059780519705,64.4483585905394,144.740060524862,46.0413689482702,20.8570209444306,45.7904475498373,161.971497715811,127.76414153634,122.724043823346,27.2706427142667,112.117435031467,143.618280974912,66.7903429986688,187.824548339844,100.500163879395,99.7637299439617,62.0548282184574,0,0,206.605316162109,197.447589450412,202.949792962325,174.395579020182,216.174504597982,112.612213190455,246.773742675781,99.3758628735175,199.243410550631,187.576293945312,157.986074659559,115.321731928233,107.517579832742,108.116982871687,0,172.798177719116,130.65679268215,151.504865206205,181.902071475983,76.4575345465477,98.328364473041,99.451296104263,195.23868560791,182.569936651933,168.350395202637,104.494400371205,160.835301717122,0,123.680825127496
138.887639529463,36.5292893002285,38.9446180538375,39.5547563503571,167.058774142795,148.134895324707,151.896860104855,123.876509333287,153.291586611869,116.959355339607,153.703888284987,66.3540552042618,183.706722724728,45.2959224979043,151.035076872808,148.566530772618,30.459303442746,72.2221246469799,68.9955076165812,74.4864828214851,180.80684192364,101.834490796287,49.1014774768455,61.2434479537939,107.920486496769,27.3411280429539,45.7904475498373,19.9804475784318,104.929963062015,140.663070468968,120.732091350593,30.7304832590151,131.231034314191,129.445509181303,76.6261583493819,195.398518488957,105.89648456338,99.4128498971058,58.4901188097373,205.810817718506,224.04482014974,187.296305338542,182.619066425398,209.488119985543,168.154159069061,194.516287231445,115.146164493284,215.669342041016,98.8998409989301,199.497145546807,192.258646647135,90.4030777256876,120.102615526935,112.104734852042,111.868519950557,0,152.714854431152,114.057252268637,107.676893925217,161.309510820177,81.1576123739544,101.871768145786,99.4604575115851,176.598616136823,191.093488887865,177.367025511605,109.748421038773,183.642578125,191.618656158447,130.712856696634
78.7060083514723,110.749440828959,112.581827104161,73.2821671525402,20.0481230861642,120.038110351562,80.5150269391133,45.9024354040296,102.673255134107,65.8392082952684,43.8006764931966,168.656999860491,50.864581480426,168.591248321533,103.227920839486,88.0950498393938,37.0878934342181,139.24096400642,186.686108796493,169.029226666405,31.0150711917974,38.8748377384036,68.2834225121049,73.2239089576795,28.437733893804,150.053778076172,161.971497715811,104.929963062015,15.7412198004669,100.995244793898,54.8853446126385,207.503688465465,150.394224455862,79.5873885077399,83.2152835612799,144.99620392502,162.553482055664,173.748175048828,90.6580014179662,91.3889399389677,187.047139485677,160.142112205768,146.719615949855,168.604250815919,104.677420330048,164.076027764214,220.573873901367,155.143135986328,225.240528106689,170.333657384802,129.109292250413,117.857866462908,184.93853525015,247.262420654297,214.315490722656,167.02285531851,130.484207554867,97.783086988661,161.729736972863,109.388250064335,175.031036376953,214.637892503005,163.613765500626,140.094917786237,157.187306335707,137.551983538402,0,191.570873260498,147.931840546277,148.71668575121
15.3940155362187,111.989658649151,121.334304151609,94.2676339544644,118.581613482851,22.9110464826788,62.5252558032702,72.6329642650388,49.074929796003,90.3335628822887,114.58897726005,79.1375029327149,117.803483159287,112.095482381185,37.3939994191924,75.3222236141716,122.486770972777,116.289364382619,117.729701227612,127.953086224519,114.051575426785,94.8570726870932,108.298951346919,106.32697612235,97.4139630467548,133.704883337021,127.76414153634,140.663070468968,100.995244793898,15.9166499200393,40.3445264305259,122.038771341013,15.8696991332612,23.3460702829237,51.9882981028315,168.296558837891,140.658798217773,180.0282799857,121.291000247002,142.832176902077,193.364868164062,203.312527974447,168.872872429925,194.859964370728,129.783820016044,186.943549522987,192.195867538452,208.19499206543,179.764364624023,190.492651013361,162.092926025391,150.030372195774,219.857650756836,181.53190612793,179.697650909424,0,168.621488952637,109.026133728027,191.37495803833,147.388901580464,0,164.062955279683,181.346495879324,160.460765220023,180.959809506674,164.878301793879,0,198.714141845703,160.137575912476,163.424271345139
32.7514045498763,115.048587505634,99.3267107054062,68.5835168069868,130.690964017596,118.756497701009,115.110232507397,29.3115051162607,85.6784615396099,68.8674990865368,96.0629190159471,121.779381621118,134.925141906738,176.662893676758,71.9820088944544,110.417807729621,80.0181183539496,88.4607044893707,151.993099757603,124.051709828581,152.066772460938,38.7007780001438,70.1458472752783,72.3173047569336,78.5619069765745,151.31515045166,122.724043823346,120.732091350593,54.8853446126385,40.3445264305259,14.8701558749641,170.91598815918,126.187393991571,52.2555189250547,44.8219964278598,158.080106894175,0,180.790361844576,94.9976717360476,182.768280029297,238.720886230469,179.001278217022,155.166420714496,179.941445506703,132.911828433766,172.445252554757,215.463287353516,0,202.79524230957,174.417563870422,0,122.605276627974,195.83251953125,242.570785522461,230.947247314453,166.323806762695,134.661269536094,87.062975692749,159.148022819968,128.184884930834,0,194.519336098119,170.475451878139,140.029312769572,167.375648878107,136.512721918806,0,201.218383789062,147.55586420695,153.056299517232
0,66.6232461690903,109.888375600179,66.1443561416074,220.945541381836,150.871721903483,140.848990700462,171.607667922974,121.344484047812,146.263619170792,188.800095931343,38.8754373670583,190.171245998806,26.8086748702162,126.840044806985,112.851524353027,114.137344360352,129.944129943848,53.1915590261697,64.6416185461957,182.411331176758,177.260080973307,106.678225491954,183.812038966588,152.02619578426,43.7853463573804,27.2706427142667,30.7304832590151,207.503688465465,122.038771341013,170.91598815918,7.25365760440667,107.740915934245,166.225982666016,83.9843688436074,242.418518066406,116.773867797852,105.378746032715,59.7369861445151,0,0,0,0,181.094876098633,190.884928385417,202.569152832031,99.0963269551595,237.310195922852,90.0290360531564,233.641708374023,0,0,139.732162475586,104.051601522109,112.530238703678,0,185.980178833008,154.32942199707,179.295166015625,202.486384073893,78.0292389928078,102.26750352111,99.8488670860921,229.138153076172,203.027015686035,218.769775390625,100.245088385057,0,0,138.680986192491
94.9911348978678,113.869241714478,173.336825052897,141.523876735142,146.739641974954,11.4391178253085,27.718062476219,134.456939932016,24.4970162021443,115.893916606903,134.181522309468,60.6454966975524,124.604643145811,78.8935185387021,14.8835331250139,35.6187761203169,0,159.096584138416,93.7540224860696,100.503127650211,128.472945531209,150.133697509766,142.10082244873,141.307658455589,138.727778559146,75.4335918426514,112.117435031467,131.231034314191,150.394224455862,15.8696991332612,126.187393991571,107.740915934245,4.85870412408961,120.440277099609,31.1700830580452,0,0,0,0,128.834503173828,0,0,214.686332702637,0,0,185.641296386719,0,0,181.703773498535,248.193344116211,0,187.587127685547,0,0,0,0,0,0,200.75309753418,192.822555541992,0,147.355602264404,130.41145324707,200.12548828125,196.01872253418,0,0,0,0,0
101.169857215881,151.341827392578,115.335445404053,82.4722715600744,101.704348050631,0,115.246584389426,90.1735470363072,112.733741021925,77.6455094718078,108.073613162494,118.11844553846,106.433384982022,179.114616394043,66.4812686942027,108.357675725763,120.181409489025,103.901224232039,149.323477003309,123.553892077822,107.897049797906,79.5025197904404,79.1142573356628,98.1226396505543,83.923946912694,150.93627166748,143.618280974912,129.445509181303,79.5873885077399,23.3460702829237,52.2555189250547,166.225982666016,120.440277099609,10.2167300921466,41.2359533285914,150.059416770935,148.208572387695,177.946899414062,101.852733612061,0,0,195.831698608398,152.990524673462,182.162568191002,143.230003356934,190.664903640747,0,0,0,175.889678955078,159.776504516602,130.170969645182,0,0,168.30517578125,0,143.104295094808,94.9736557006836,167.608973185221,135.411672083537,0,190.34546661377,175.17124234713,148.476049201433,164.721663082347,145.463293595748,0,175.997894287109,142.475318908691,144.83358001709
107.085472071936,71.4785432628557,76.2138245510525,71.4777711251203,119.687579497126,33.9013900756836,70.8340799010663,110.655489517796,74.2690878921695,102.566189911688,117.662936597535,27.9250185621563,117.616720430616,82.5399281365531,68.3096507446969,85.8365973937206,83.2443616803722,37.5479220554154,63.2310751094375,47.500726389427,113.011400528536,56.3907105721971,76.1132073237978,57.6481691596206,97.141689810309,72.9510064125061,66.7903429986688,76.6261583493819,83.2152835612799,51.9882981028315,44.8219964278598,83.9843688436074,31.1700830580452,41.2359533285914,12.0275356442135,172.107924027876,114.235659599304,116.433606186958,80.7451126248229,214.166116333008,223.96337890625,194.619678497314,164.659022991474,187.83670425415,160.123762512207,177.037073771159,129.92977142334,0,113.895200456892,182.802064208984,176.814743041992,110.521159778942,142.080803871155,123.761825561523,134.832327358965,223.932632446289,139.961948213123,89.3388909233941,140.303240717674,143.903917560141,115.60179901123,117.219768078296,117.59091910226,150.328822356004,175.76987525395,150.278387959798,151.166555023193,0,144.816323852539,172.043544970061
195.997497558594,0,222.173568725586,81.3647908942644,149.875057220459,140.842697143555,165.339285373688,147.068685574002,170.958259994919,100.549319458008,164.803465409712,236.823272705078,169.147735595703,0,175.790009765625,160.50479888916,0,190.71785736084,0,189.642166137695,189.972476959229,140.827351888021,142.451717376709,186.239995320638,129.998524766733,0,187.824548339844,195.398518488957,144.99620392502,168.296558837891,158.080106894175,242.418518066406,0,150.059416770935,172.107924027876,12.7321777402846,124.615549468994,110.556140708285,77.4379639355642,102.113758909936,83.2430018107096,97.739086151123,29.6640396741486,68.2616444330899,73.9381629173909,91.8864583636439,130.347067832947,100.380886193478,190.291244506836,25.593583579403,104.946549072266,98.8939526875814,105.835792370057,129.535855611165,122.475934844321,119.187464904785,81.3062666276845,87.6304629065774,97.4011141676774,79.3329425168231,163.787541707357,121.633419576116,137.470428543474,74.4194043762952,21.4031846888534,35.1502035520703,180.211540222168,91.4319970703125,47.4500975012779,81.9654821338076
0,153.90202331543,85.732494354248,41.8747215270996,199.744033813477,0,0,0,216.88215637207,0,131.685180664062,108.896036783854,0,113.14471244812,0,0,190.46460723877,90.9012222290039,113.606307983398,116.14375035903,0,0,121.337796529134,158.107849121094,209.051717122396,95.4985771179199,100.500163879395,105.89648456338,162.553482055664,140.658798217773,0,116.773867797852,0,148.208572387695,114.235659599304,124.615549468994,8.95452123003257,42.0394265311105,21.9586237962793,89.269775390625,141.41064453125,148.183392842611,122.950819188898,155.432943979899,72.9826353391012,116.904560089111,75.6335501463517,117.67927646637,58.2936138634933,149.435282939189,109.932747087981,75.5237135357327,60.5274093478334,69.0869193328054,63.9844696044922,0,104.823874579536,23.3555072629829,85.2307633109715,88.8845583029521,22.4553091897129,55.8803080164744,29.3187508740451,113.825827671931,138.111602592468,119.814351507958,69.6080080441066,124.795627593994,125.91579246521,76.090268611908
195.280146280924,96.8205430167062,96.0846017957959,93.9136909816576,0,202.569320678711,239.625732421875,191.043633853688,213.319725036621,154.899924278259,204.153181287977,139.065365473429,0,154.36567179362,197.605864461263,171.787750244141,115.466998069517,104.759901786999,136.365688868931,123.339674938684,0,145.997901068793,98.7492081079728,112.043420978621,169.228155612946,79.8120880126953,99.7637299439617,99.4128498971058,173.748175048828,180.0282799857,180.790361844576,105.378746032715,0,177.946899414062,116.433606186958,110.556140708285,42.0394265311105,16.5669526194375,49.6354990167919,158.36813581312,171.331516431726,148.382033439305,102.255471447398,128.849961848417,119.265403630183,123.625559937937,126.50393267712,187.26608692516,106.973232269287,118.172927844786,148.688841167249,90.353528928356,49.2039057810695,106.558830485624,65.5986613798823,164.122647453757,75.353516553991,90.1014645187943,34.4885197060703,131.665503120422,72.5880750020345,36.4236171776467,38.205217787441,105.426616414388,142.858263461075,94.6823189576017,96.0822676086426,176.873579237196,133.711280822754,112.961765332168
