11.1822394253571,158.399688720703,90.2112613618374,77.684285153164,73.4067878723145,79.5955333709717,63.8692788950602,28.2384597331206,24.651420643977,69.5358331267898,50.3278106999297,155.103728074294,98.4685485839844,150.453720092773,13.2830243500938,72.5634398460388,103.23472934299,118.169310177074,148.876118977865,141.085346221924,81.6058326134315,64.7054897437349,86.1966072718302,64.8957886718461,76.5615090247722,0,117.892207768958,114.277375115289,53.1745889680625,14.368127008066,34.3110917527211,153.373947143555,81.4569328308105,38.3769340240698,80.3143608339371,137.079035441081,0,204.942413330078,60.1871299743652,110.005086898804,0,161.728260040283,138.984224591936,180.500938415527,62.9722938537598,160.262100219727,0,0,0,212.019515991211,0,0,0,0,0,58.5965347290039,0,133.338821411133,0,119.890226925121,0,0,0,142.087286376953,162.977915445964,0,0,0,0,0
158.399688720703,5.87233483067621,35.6673802612944,17.2012698031249,0,0,163.5224609375,114.804315567017,176.396136474609,60.0013268016209,0,56.1110516024065,106.444023132324,57.4401398086548,154.647288513184,92.3672142028809,70.2929199414375,54.1021585740106,71.3657383388943,58.2330086012393,0,84.700474448826,21.2048682923841,66.8561616298131,105.041876879605,21.0265691398684,38.8294347998778,34.4253342887201,109.786091566086,122.118123190744,103.511371319111,64.0353469848633,0,114.015870094299,55.5018679167095,0,55.0928671700614,92.4726575215658,43.5326194348543,0,0,0,0,0,0,0,54.4474639892578,0,66.842839135064,0,0,0,96.3288269042969,0,127.192280360631,0,0,0,82.7970352172852,150.58974202474,45.8589393414949,100.572924460134,87.7520527406172,0,0,0,89.3500823974609,0,0,116.276294708252
90.2112613618374,35.6673802612944,9.45992373213296,34.3198904748082,100.776123046875,155.094329833984,128.516758311879,82.8406083687885,113.606628734309,121.599801105002,116.189551090849,73.717346842696,207.564002990723,79.7678122359715,108.860957818282,124.480045318604,66.3755685596566,46.3730026883131,73.5608589172363,54.8727153071335,176.014442443848,57.627794977007,39.2926640982921,18.199598988673,103.6930024398,75.005791982015,21.6217370058522,25.0157750983071,71.3864378348488,90.4636034195306,71.5229154252957,83.0835441306785,143.521606445312,97.0431304402871,46.1372527177183,199.594848632812,102.767449012169,80.8443899942101,53.3256072194953,0,0,198.594017028809,151.869917551676,0,148.398128509521,164.177124023438,0,0,0,187.882337297712,0,116.564044407436,95.0509130647867,136.777084350586,109.252979278564,0,120.527614593506,54.1435550121551,96.650116264046,0,118.65771484375,95.1969111702659,84.189076120403,145.989903259277,178.891544886998,130.736795552572,0,0,107.950057983398,107.676007439108
77.684285153164,17.2012698031249,34.3198904748082,36.0352072676834,64.5471361752214,128.796453857422,95.5597523280552,56.9572063342179,90.1350801443307,21.9035653674812,86.1646057616833,58.8555257753177,76.7751217365265,53.4025918363615,91.2358308496146,55.4889625140599,48.2741279580401,54.7029227156665,67.4379052056207,58.5151283191499,90.8232443549416,45.4669129650409,33.838700976411,40.9780899397568,48.3892199094043,24.0274974963826,38.8710529509399,39.1105580992871,52.0024304804068,80.8451221459632,60.9242454097384,66.6419653998481,149.892074584961,63.402622607952,56.7209781347695,0,49.6787349155971,56.6792525511522,30.2172602218332,126.900321960449,0,122.80005645752,129.296174621582,141.021415710449,66.0769765377045,114.316995620728,66.7018623352051,57.5793266296387,38.7556513272799,145.116874694824,58.270191192627,58.326493880328,75.3876490959754,0,97.4553873274061,0,76.134635925293,47.1685166041056,69.5041896156643,56.8988351821899,30.8486203114192,84.7281021230361,63.688901099933,108.247668584188,182.632301330566,87.8910789489746,0,0,73.3528366088867,107.626874711778
73.4067878723145,0,100.776123046875,64.5471361752214,9.8725123385838,153.444396972656,53.7922913551331,54.8775220447116,111.205942648428,50.0770288542205,19.6693953702574,0,33.6115562326595,0,112.819983034718,53.9225969603567,162.420791625977,0,0,0,10.5041859080942,0,84.0042448276427,105.404769897461,21.6080582811619,0,0,160.846405029297,13.0731875501102,97.3479429619497,97.2055358886719,0,137.173599243164,87.9056675749005,101.535104422734,0,0,0,70.3513050079346,7.64812992744881,0,152.37565612793,136.191228230794,174.22414855957,86.5217987060547,155.007638113839,0,116.156742095947,0,0,103.00636100769,0,0,0,0,13.9908324480057,0,127.637298583984,0,97.8166849236739,0,0,0,131.325951712472,179.935424804688,0,0,0,0,0
79.5955333709717,0,155.094329833984,128.796453857422,153.444396972656,6.82272033854978,9.6799370660716,96.3879501342773,21.4279647786544,109.602699279785,120.192313989003,57.6969308853149,102.107288097513,81.7312316894531,27.4864583775401,12.8666807619951,0,0,0,0,136.53779296875,125.539520263672,89.6420516967773,157.812052408854,130.191709136963,0,89.6624298095703,130.194633483887,135.294790903727,23.507752220193,119.181346893311,0,11.0906367249122,180.601699829102,28.4296292671095,0,0,0,142.867156982422,231.417449951172,0,0,0,0,0,0,0,0,0,0,0,0,0,0,0,0,0,0,0,0,0,0,0,0,234.691772460938,0,0,0,0,0
63.8692788950602,163.5224609375,128.516758311879,95.5597523280552,53.7922913551331,9.6799370660716,11.3753366424852,54.642275932165,22.6925230607105,92.0477351967348,35.1887497540943,180.041809082031,23.864739125853,187.659693400065,26.4122987714137,13.5003638898853,110.921020507812,178.934501647949,0,188.355590820312,41.7145314806759,121.660177612305,110.60950050354,120.974390972091,83.2917329274356,0,165.350415156438,144.623038291931,60.3850292114984,37.5025962968978,104.660903583873,221.225173950195,21.338198031817,84.72259238187,39.6754776596004,172.519462585449,0,0,108.324612426758,67.6146743774414,0,155.64902750651,150.350843157087,181.790139092339,101.606492996216,168.30861455744,0,160.521128336589,0,196.494794209798,121.129287719727,0,0,0,0,102.910025596619,0,153.212417602539,0,123.179613113403,0,0,183.401733398438,151.275700160435,174.269793701172,0,0,0,171.788993835449,200.16960144043
28.2384597331206,114.804315567017,82.8406083687885,56.9572063342179,54.8775220447116,96.3879501342773,54.642275932165,10.5988146969971,47.361164222859,53.7741326783833,16.6023786100954,184.470074971517,64.7826586873908,0,26.7010447457224,65.6678496380242,83.0540691810318,132.895162245807,0,155.328918457031,68.8756426239014,63.3086488941048,80.3900072406436,75.0741284025374,47.0710437013924,0,118.542284517872,98.6168865381285,25.536535183231,46.2349652641229,16.4840578972123,0,105.218171370657,58.2992209541414,80.5460297857012,163.853694915771,0,219.386291503906,79.1275825500488,134.01774924142,0,134.175126448922,117.162744962252,151.010953140259,74.5073065371127,133.269363569177,0,123.143135070801,0,156.798525602921,115.409291585286,0,0,0,0,135.846448516846,0,94.9389495849609,157.183067321777,96.752114416539,0,197.98388671875,172.640057373047,113.945156290074,155.780401611328,186.813205718994,0,0,153.032501220703,145.584323883057
24.651420643977,176.396136474609,113.606628734309,90.1350801443307,111.205942648428,21.4279647786544,22.6925230607105,47.361164222859,13.099338562912,89.526948142559,42.9207092768352,174.513193527857,80.4442882441294,181.027604675293,13.9600812100142,31.0468802597745,118.3543696684,134.923730586125,0,155.118717417997,97.6111128786777,91.3135683078958,100.455518422637,93.7255941643772,92.813871781241,0,138.346676523035,138.396117051442,81.1456484857504,31.0362284233069,67.5042731746938,192.551898193359,17.2973853273345,57.6884045700232,42.359041273295,162.749938964844,0,0,103.121317083185,155.505281066895,0,180.76963297526,153.409349319783,187.868499293472,116.468754359654,164.64083663277,0,149.088706970215,0,195.583911398183,173.940536499023,164.362314860026,0,0,0,150.876837594169,0,151.744361877441,185.446695963542,134.317402973076,0,242.032623291016,194.51171875,150.647245407104,189.874134944035,181.881540934245,0,235.207122802734,174.159725189209,181.47346496582
69.5358331267898,60.0013268016209,121.599801105002,21.9035653674812,50.0770288542205,109.602699279785,92.0477351967348,53.7741326783833,89.526948142559,9.02336246736267,84.6618927949984,135.161487579346,19.2714154930257,0,88.8834577951676,23.389335446186,71.6984395768907,109.569605255127,133.276565551758,151.524018859863,61.6913436503893,71.309650976681,23.4246494216842,87.4408122669567,24.7052847532957,98.726064046224,122.55825151716,106.293476104736,48.1303727204844,77.1410405444491,59.118494872899,143.26921081543,140.486207580566,63.6735642354996,64.2454503802551,0,0,0,67.8587303161621,94.5685516357422,0,119.811096191406,0,137.273303985596,58.4863307091498,108.470294952393,0,86.7766723632812,141.503509521484,155.43949508667,71.3922386169434,0,0,0,0,90.8006210327148,0,0,0,64.1746270029168,138.666976928711,0,0,105.720638275146,147.83073425293,0,0,0,134.555084228516,0
50.3278106999297,0,116.189551090849,86.1646057616833,19.6693953702574,120.192313989003,35.1887497540943,16.6023786100954,42.9207092768352,84.6618927949984,11.7720382539677,196.121429443359,27.4314497688208,0,53.8549738766577,66.5486937739149,109.190444946289,171.408248901367,0,208.179809570312,14.4390246777923,137.033847642981,111.096653747559,106.243151956819,65.3254385347393,0,152.618371146066,114.717108090719,24.9855908026392,88.9695165852226,88.7452614138825,0,123.473642696034,84.139187199181,93.6557616771048,195.321217854818,182.17985534668,0,93.1433247157506,53.6322731652211,0,154.53315615654,138.566382623488,176.339812645545,95.3619479224795,158.404451766104,0,145.462726593018,0,182.532632446289,152.973609924316,0,0,0,0,23.8663845755333,0,124.448638916016,208.089393615723,112.277648694587,0,0,0,136.957016401393,189.065758260091,228.25715637207,0,0,162.847930908203,166.311019897461
155.103728074294,56.1110516024065,73.717346842696,58.8555257753177,0,57.6969308853149,180.041809082031,184.470074971517,174.513193527857,135.161487579346,196.121429443359,11.1675841063141,0,20.9542990012075,167.536422184535,0,124.52463277181,61.6086572025503,17.8357681069747,29.2976147777913,0,119.656991657458,112.292267410843,98.2744377921609,157.329406738281,23.8797965804093,29.8292797041531,49.9840852859029,143.310140991211,135.895112963284,132.03255708756,37.6889966383945,50.6567255655924,130.902820240368,30.0604356914065,0,72.7869177924262,111.992557525635,47.9178237455437,0,0,0,0,0,0,0,83.1853777567546,0,70.9426159858704,0,0,0,138.40153503418,168.887084960938,125.03217719583,0,0,0,155.024658203125,0,53.9022694670636,117.040837433379,106.171732184005,0,0,0,0,0,0,72.4157791137695
98.4685485839844,106.444023132324,207.564002990723,76.7751217365265,33.6115562326595,102.107288097513,23.864739125853,64.7826586873908,80.4442882441294,19.2714154930257,27.4314497688208,0,10.8631225253023,0,95.7998524360286,15.6458261535149,0,0,0,0,19.5143237874843,145.096200561523,82.5517835162935,144.80067552839,31.886408022131,0,201.889526367188,0,43.2084570781908,88.6681798263561,99.606335957845,0,115.878991933969,87.6470203840664,93.792602338289,0,0,0,110.160197121756,46.2015686955945,0,71.5105354309082,197.597646077474,90.3975372314453,100.617165035672,91.140628390842,0,11.0903625850293,0,0,56.1066640218099,0,0,0,0,10.1858109431679,0,0,0,91.4688948525323,0,0,0,153.28927230835,205.13703918457,0,0,0,0,201.09455871582
150.453720092773,57.4401398086548,79.7678122359715,53.4025918363615,0,81.7312316894531,187.659693400065,0,181.027604675293,0,0,20.9542990012075,0,6.13370494465051,182.960973103841,0,118.206359863281,76.7603224436442,48.3570250388903,52.292838553648,0,112.579040527344,106.079432896205,102.977616628011,0,13.9672635744371,29.2589636977588,31.5077613997076,0,152.033792114258,137.764891488212,12.640996867198,0,135.892668151855,42.7786671225317,0,101.156847000122,116.98828125,48.1601711770763,0,0,0,0,0,0,0,0,0,63.6460266113281,0,0,0,0,128.020999908447,124.723229980469,0,0,100.272430419922,0,0,58.0166056496756,109.181209309896,103.573344866435,0,0,0,0,0,0,141.037139892578
13.2830243500938,154.647288513184,108.860957818282,91.2358308496146,112.819983034718,27.4864583775401,26.4122987714137,26.7010447457224,13.9600812100142,88.8834577951676,53.8549738766577,167.536422184535,95.7998524360286,182.960973103841,7.53084815581534,48.0807012557983,118.188217163086,127.914571802099,158.379348754883,149.138400895255,104.346158504486,88.1542939983431,102.775170571463,88.3432075276825,94.8317148859017,0,130.698537209876,136.242428391068,84.4625845741108,16.6382675478391,59.7204221765585,173.628662109375,15.5336262028308,24.6805853300947,55.6900037402198,158.349212646484,0,179.770111083984,110.843851216634,166.804081726074,0,146.542358398438,159.255500793457,193.487258911133,122.219812280992,191.310012817383,0,169.685485839844,0,188.920028686523,0,0,206.210464477539,0,0,114.996421813965,137.229354858398,0,201.775085449219,135.546214121693,0,0,155.620651245117,156.411444963728,194.574473063151,181.817886352539,0,0,176.810241699219,188.148956298828
72.5634398460388,92.3672142028809,124.480045318604,55.4889625140599,53.9225969603567,12.8666807619951,13.5003638898853,65.6678496380242,31.0468802597745,23.389335446186,66.5486937739149,0,15.6458261535149,0,48.0807012557983,8.97035559502567,0,0,0,0,54.5435486328907,0,66.1088043559681,122.443816290961,37.5649316236984,149.736358642578,0,161.753173828125,66.0030024846395,47.8979311287403,87.620485159067,0,41.9415806664361,79.3561612235175,49.6797011590773,0,0,0,0,63.8010482788086,0,0,162.976145426432,0,115.029151916504,0,0,0,0,0,0,0,0,0,0,0,0,0,0,133.107927842574,0,0,0,129.702503204346,0,0,0,0,0,0
103.23472934299,70.2929199414375,66.3755685596566,48.2741279580401,162.420791625977,0,110.921020507812,83.0540691810318,118.3543696684,71.6984395768907,109.190444946289,124.52463277181,0,118.206359863281,118.188217163086,0,13.8342343860854,89.7250250330511,0,117.578075663249,98.637451171875,13.2692898328231,36.0618691077229,21.6808482377397,38.3239194498145,104.600240707397,90.0710738435083,29.458653093904,41.9398008911286,105.027435193743,66.7992625863929,0,0,77.9299428185751,67.9266933336057,0,170.717987060547,123.285012381417,102.311363220215,0,0,0,0,0,0,0,0,0,0,0,0,14.4356373774039,137.119903564453,0,210.816802978516,0,72.21826171875,56.0998759269714,37.8267205953598,143.806747436523,0,136.197830200195,143.993789672852,0,150.839981079102,0,0,0,0,0
118.169310177074,54.1021585740106,46.3730026883131,54.7029227156665,0,0,178.934501647949,132.895162245807,134.923730586125,109.569605255127,171.408248901367,61.6086572025503,0,76.7603224436442,127.914571802099,0,89.7250250330511,12.4748828604891,63.7393300909745,19.019958072336,0,37.9918586920693,70.0457664489746,18.7872380921113,124.281735011509,76.094215631485,21.3515986286154,61.7850453105173,108.660558083075,99.9676963944869,69.5983279225923,84.3533573150635,0,92.2866206420095,32.9431504058467,0,101.190595186674,95.4380279144683,68.4254032569596,0,0,0,188.665008544922,0,175.546722412109,0,142.941111755371,0,0,198.197875976562,0,97.123046875,105.436927333023,121.707095336914,115.081206717142,0,0,56.407096862793,122.541584968567,0,91.4887619018555,104.989469644975,102.293584125798,203.29931640625,157.172485351562,199.933067321777,144.355758666992,0,0,119.224960327148
148.876118977865,71.3657383388943,73.5608589172363,67.4379052056207,0,0,0,0,0,133.276565551758,0,17.8357681069747,0,48.3570250388903,158.379348754883,0,0,63.7393300909745,6.00688170416456,12.7832578853444,0,0,0,98.4543587820871,0,44.2634527808742,19.0086997038823,71.0127486758762,0,146.451241811117,113.776672363281,54.630203468855,0,143.125381469727,54.2132776940223,0,0,124.963943481445,108.195140838623,0,0,0,0,0,0,0,0,0,0,0,0,0,130.855972290039,0,119.715734863281,0,0,0,126.105773925781,0,85.2401860555013,108.534683227539,119.57838344574,0,0,0,0,0,0,0
141.085346221924,58.2330086012393,54.8727153071335,58.5151283191499,0,0,188.355590820312,155.328918457031,155.118717417997,151.524018859863,208.179809570312,29.2976147777913,0,52.292838553648,149.138400895255,0,117.578075663249,19.019958072336,12.7832578853444,9.77518243876176,0,85.1553712692936,101.326555913808,70.1548262646324,138.549104690552,48.516794549211,23.7259769349887,63.0845375455886,128.619070786696,120.541189617581,103.912928325374,56.9789294015794,0,109.288289415967,39.9359765249166,213.704620361328,108.638797215053,112.790707236842,79.3676027151255,0,0,0,0,0,0,0,129.15814099993,0,123.509645462036,0,0,0,122.632203420003,112.306432723999,115.023692466117,0,166.271102905273,96.2873764038086,158.796539306641,0,78.258288860321,108.19420257172,104.350436436046,0,186.362589518229,248.123046875,127.461441040039,0,0,108.550550188337
81.6058326134315,0,176.014442443848,90.8232443549416,10.5041859080942,136.53779296875,41.7145314806759,68.8756426239014,97.6111128786777,61.6913436503893,14.4390246777923,0,19.5143237874843,0,104.346158504486,54.5435486328907,98.637451171875,0,0,0,11.9157488992101,156.217010498047,120.206510543823,128.862012590681,24.2248894668803,0,0,0,22.8826854079285,95.9286592028718,128.735805511475,0,139.580271402995,89.2645388921102,95.698547714058,0,0,0,138.371578216553,17.1168114820768,0,151.217514038086,142.123687744141,170.219670613607,94.9881334940592,140.055832672119,0,18.7790264189243,0,235.906875610352,180.645980834961,0,0,0,0,10.2190411176,0,136.518081665039,0,109.89693521842,0,0,0,125.457719629461,171.57600402832,0,0,0,0,0
64.7054897437349,84.700474448826,57.627794977007,45.4669129650409,0,125.539520263672,121.660177612305,63.3086488941048,91.3135683078958,71.309650976681,137.033847642981,119.656991657458,145.096200561523,112.579040527344,88.1542939983431,0,13.2692898328231,37.9918586920693,0,85.1553712692936,156.217010498047,10.2459917135006,40.6170800545698,19.2166963362267,24.5747434475976,0,78.4456559333248,64.9880205177966,20.8187458279841,69.7509370105847,22.3713031120405,150.734024047852,0,60.2894570159912,39.5718743596164,134.708038330078,0,136.83846282959,67.5822086334229,0,0,0,0,0,0,0,0,0,0,212.417877197266,0,26.9127652943134,168.899088541667,0,147.251100540161,160.258590698242,0,56.0584424336751,118.565467834473,150.211991628011,0,147.94199180603,132.269735336304,101.00838470459,0,0,0,0,0,0
86.1966072718302,21.2048682923841,39.2926640982921,33.838700976411,84.0042448276427,89.6420516967773,110.60950050354,80.3900072406436,100.455518422637,23.4246494216842,111.096653747559,112.292267410843,82.5517835162935,106.079432896205,102.775170571463,66.1088043559681,36.0618691077229,70.0457664489746,0,101.326555913808,120.206510543823,40.6170800545698,8.55690379912192,40.5358940039902,32.2826721104401,75.6167384253608,79.1749233569129,32.4843364437532,52.8627366839589,89.0355492525322,61.8208901054501,124.506567955017,0,67.9604312399159,58.2202361207402,0,0,115.48412399292,75.6317749023438,145.269905090332,0,155.278533935547,0,0,83.4737945556641,0,0,0,0,0,0,49.3937259473299,0,0,155.406196594238,0,0,20.7443297590528,82.4281539916992,96.8708623250325,87.928526197161,139.390112304688,111.874494552612,108.149572372437,0,0,0,0,0,0
64.8957886718461,66.8561616298131,18.199598988673,40.9780899397568,105.404769897461,157.812052408854,120.974390972091,75.0741284025374,93.7255941643772,87.4408122669567,106.243151956819,98.2744377921609,144.80067552839,102.977616628011,88.3432075276825,122.443816290961,21.6808482377397,18.7872380921113,98.4543587820871,70.1548262646324,128.862012590681,19.2166963362267,40.5358940039902,12.6517536154798,71.8268846217174,89.9703826904297,53.8406742912228,43.3689569450271,45.4240116333944,77.6283861649736,38.9631027232957,107.28794708252,139.115637037489,78.1015661974859,39.5925240437934,0,92.0063171386719,94.5133568258847,76.5638677423651,0,0,175.33381652832,0,181.011322021484,0,206.162864685059,0,0,0,0,0,16.743222859598,121.835525512695,186.758148193359,139.954298019409,0,109.978576660156,46.9985404653647,104.133636837914,173.523835500081,0,140.469724019368,113.254037599306,122.080652236938,220.018585205078,0,0,0,0,112.954513549805
76.5615090247722,105.041876879605,103.6930024398,48.3892199094043,21.6080582811619,130.191709136963,83.2917329274356,47.0710437013924,92.813871781241,24.7052847532957,65.3254385347393,157.329406738281,31.886408022131,0,94.8317148859017,37.5649316236984,38.3239194498145,124.281735011509,0,138.549104690552,24.2248894668803,24.5747434475976,32.2826721104401,71.8268846217174,13.6782999769004,0,132.068483168079,79.9253760987678,15.0684357486688,80.308181403866,65.3496528168519,0,151.946477254232,68.6058905169312,71.0394107262126,126.082863943917,0,0,63.1366202371162,63.9933385252953,0,123.393909351246,110.987844613882,152.181651141192,67.8604866228606,125.961741177541,231.185455322266,129.851088205973,0,151.853236607143,131.610988193088,98.8513463338216,197.805374145508,0,0,112.063295091902,0,104.654769897461,168.636586507161,86.5309616361955,0,177.626266479492,211.907424926758,106.244169366771,154.152033266814,125.459081013997,0,197.861129760742,139.77077738444,151.962164658767
0,21.0265691398684,75.005791982015,24.0274974963826,0,0,0,0,0,98.726064046224,0,23.8797965804093,0,13.9672635744371,0,149.736358642578,104.600240707397,76.094215631485,44.2634527808742,48.516794549211,0,0,75.6167384253608,89.9703826904297,0,9.94407470044636,37.3229298304586,29.4471533669403,0,154.064666748047,0,38.4719855444772,0,142.439849853516,49.2141050696373,0,52.0975257328578,144.541458129883,26.6562307684762,0,0,0,0,0,125.701469421387,0,63.0385913848877,0,48.5345025062561,0,0,0,123.761734008789,95.0458183288574,96.9033699035645,0,0,77.7310097434304,0,0,34.2719958921022,85.796427514818,66.7033469534328,0,0,0,75.2300357818604,0,0,98.6036529541016
117.892207768958,38.8294347998778,21.6217370058522,38.8710529509399,0,89.6624298095703,165.350415156438,118.542284517872,138.346676523035,122.55825151716,152.618371146066,29.8292797041531,201.889526367188,29.2589636977588,130.698537209876,0,90.0710738435083,21.3515986286154,19.0086997038823,23.7259769349887,0,78.4456559333248,79.1749233569129,53.8406742912228,132.068483168079,37.3229298304586,10.8548263178568,22.2503536872437,117.085067449831,114.979604439955,96.3998861734846,24.7783103520877,188.333873748779,101.818237506791,42.5403933199516,183.143646240234,87.9887235814875,89.7183398921994,59.9938535805208,0,0,0,187.287638346354,205.29369354248,0,194.049224853516,109.039545694987,0,102.46455750642,215.402409871419,0,150.849624633789,98.627266079042,106.689771478826,101.153750111158,0,129.627421730443,101.040836334229,108.229158673968,209.783058166504,67.9862161335192,90.8576698471178,90.5841765790372,148.402008056641,169.870172119141,156.042173113142,119.12931224278,0,210.528945922852,102.964074472281
114.277375115289,34.4253342887201,25.0157750983071,39.1105580992871,160.846405029297,130.194633483887,144.623038291931,98.6168865381285,138.396117051442,106.293476104736,114.717108090719,49.9840852859029,0,31.5077613997076,136.242428391068,161.753173828125,29.458653093904,61.7850453105173,71.0127486758762,63.0845375455886,0,64.9880205177966,32.4843364437532,43.3689569450271,79.9253760987678,29.4471533669403,22.2503536872437,12.8342156452731,75.0674502386049,119.390745723949,90.1410333037376,19.1847768975304,0,112.246552957071,59.4460536227987,210.755833943685,83.2981735435692,86.974590315041,52.4897384338988,0,208.459579467773,0,153.534729003906,229.001749674479,179.940505981445,0,107.950097401937,0,87.6556711196899,203.075271606445,0,104.428576605661,98.9211938237569,113.020333862305,105.658824847993,0,135.762689378526,84.592017364502,104.846432521425,140.20622253418,62.7881782844205,95.0310793703253,90.8913910409351,151.78052520752,190.644491577148,145.459839957101,119.188683943315,0,184.987976074219,110.570035406884
53.1745889680625,109.786091566086,71.3864378348488,52.0024304804068,13.0731875501102,135.294790903727,60.3850292114984,25.536535183231,81.1456484857504,48.1303727204844,24.9855908026392,143.310140991211,43.2084570781908,0,84.4625845741108,66.0030024846395,41.9398008911286,108.660558083075,0,128.619070786696,22.8826854079285,20.8187458279841,52.8627366839589,45.4240116333944,15.0684357486688,0,117.085067449831,75.0674502386049,8.90203546438854,68.3282018373299,39.0170503349097,0,126.468359375,56.3608399199103,55.2229525425141,141.77913078895,0,143.639226277669,68.7573724159828,19.9989901365073,176.26432800293,134.660739898682,118.337249409069,153.296347946417,76.2458761606785,138.777199293438,0,136.911172866821,0,163.760605621338,117.89146232605,56.7842826843262,0,0,0,58.6148456709725,143.605514526367,79.0591165451776,120.803623199463,93.6603091362114,170.868041992188,183.339851379395,156.483734130859,115.099576092406,160.542742592948,180.734710693359,0,191.598663330078,147.509178161621,153.169355119978
14.368127008066,122.118123190744,90.4636034195306,80.8451221459632,97.3479429619497,23.507752220193,37.5025962968978,46.2349652641229,31.0362284233069,77.1410405444491,88.9695165852226,135.895112963284,88.6681798263561,152.033792114258,16.6382675478391,47.8979311287403,105.027435193743,99.9676963944869,146.451241811117,120.541189617581,95.9286592028718,69.7509370105847,89.0355492525322,77.6283861649736,80.308181403866,154.064666748047,114.979604439955,119.390745723949,68.3282018373299,8.74555218331088,31.9550855814771,145.95408821106,11.2741377110147,12.0381419875937,45.1358089401527,155.741970062256,0,188.443367004395,99.978362471969,117.515471825233,0,195.188179709695,157.881332859848,172.795935058594,113.246807861328,187.69744720459,0,211.258125305176,0,195.630775853207,156.49446105957,122.729789733887,0,0,188.966949462891,117.396550958807,118.259757995605,140.261121114095,206.910354614258,141.846488952637,0,186.262901306152,187.340288798014,153.504601729544,190.91127985174,135.798110961914,0,0,191.777638753255,164.952610015869
34.3110917527211,103.511371319111,71.5229154252957,60.9242454097384,97.2055358886719,119.181346893311,104.660903583873,16.4840578972123,67.5042731746938,59.118494872899,88.7452614138825,132.03255708756,99.606335957845,137.764891488212,59.7204221765585,87.620485159067,66.7992625863929,69.5983279225923,113.776672363281,103.912928325374,128.735805511475,22.3713031120405,61.8208901054501,38.9631027232957,65.3496528168519,0,96.3998861734846,90.1410333037376,39.0170503349097,31.9550855814771,11.0729802359417,140.533098220825,112.761238098145,42.2482843404448,31.826144460917,0,0,0,79.6340693155924,0,0,152.693873087565,126.706510543823,179.045971679688,78.7619132995605,156.080368041992,0,0,0,191.818252563477,0,94.4865760803223,142.928192138672,0,0,165.452575683594,0,62.5539903640747,0,120.33699464798,0,142.718393961589,149.294839859009,129.094573020935,157.790596008301,103.24568939209,0,0,0,0
153.373947143555,64.0353469848633,83.0835441306785,66.6419653998481,0,0,221.225173950195,0,192.551898193359,143.26921081543,0,37.6889966383945,0,12.640996867198,173.628662109375,0,0,84.3533573150635,54.630203468855,56.9789294015794,0,150.734024047852,124.506567955017,107.28794708252,0,38.4719855444772,24.7783103520877,19.1847768975304,0,145.95408821106,140.533098220825,5.79141600873435,0,138.098526000977,58.0067316733751,0,83.9768562316895,132.320739746094,82.8876556396484,0,0,0,0,0,0,0,97.3117599487305,0,79.7301139831543,0,0,0,0,0,107.138526916504,0,0,116.637893676758,0,0,72.7086046006944,114.33594827091,101.861411571503,0,0,0,0,0,0,0
81.4569328308105,0,143.521606445312,149.892074584961,137.173599243164,11.0906367249122,21.338198031817,105.218171370657,17.2973853273345,140.486207580566,123.473642696034,50.6567255655924,115.878991933969,0,15.5336262028308,41.9415806664361,0,0,0,0,139.580271402995,0,0,139.115637037489,151.946477254232,0,188.333873748779,0,126.468359375,11.2741377110147,112.761238098145,0,5.31794652472429,118.337734222412,27.6583198094772,0,0,0,0,0,0,0,0,0,0,0,0,0,0,0,0,0,0,0,0,0,0,0,0,0,0,0,0,0,0,0,0,0,0,0
38.3769340240698,114.015870094299,97.0431304402871,63.402622607952,87.9056675749005,180.601699829102,84.72259238187,58.2992209541414,57.6884045700232,63.6735642354996,84.139187199181,130.902820240368,87.6470203840664,135.892668151855,24.6805853300947,79.3561612235175,77.9299428185751,92.2866206420095,143.125381469727,109.288289415967,89.2645388921102,60.2894570159912,67.9604312399159,78.1015661974859,68.6058905169312,142.439849853516,101.818237506791,112.246552957071,56.3608399199103,12.0381419875937,42.2482843404448,138.098526000977,118.337734222412,6.44797504272644,28.1130804719867,138.410362243652,0,184.457244873047,76.4964895982009,119.862154642741,0,168.970687866211,142.334862263997,172.21408589681,88.3995749950409,156.676645914714,0,0,0,181.246246337891,152.523162841797,104.803764343262,0,0,0,129.326693725586,100.059509277344,79.459156036377,152.350158691406,124.085130032626,0,168.610879516602,164.478889465332,137.653604316711,170.237691879272,0,0,0,160.773109436035,144.233322143555
80.3143608339371,55.5018679167095,46.1372527177183,56.7209781347695,101.535104422734,28.4296292671095,39.6754776596004,80.5460297857012,42.359041273295,64.2454503802551,93.6557616771048,30.0604356914065,93.792602338289,42.7786671225317,55.6900037402198,49.6797011590773,67.9266933336057,32.9431504058467,54.2132776940223,39.9359765249166,95.698547714058,39.5718743596164,58.2202361207402,39.5925240437934,71.0394107262126,49.2141050696373,42.5403933199516,59.4460536227987,55.2229525425141,45.1358089401527,31.826144460917,58.0067316733751,27.6583198094772,28.1130804719867,11.6783336410382,154.516754150391,102.219319025675,97.386093895034,64.3667984974535,152.982299804688,0,0,171.228535970052,174.056767781576,85.1219242640904,248.781753540039,144.040635108948,156.549163818359,133.412353515625,195.873189290365,0,90.6049558851454,108.307991470116,111.435595194499,114.486766333719,94.9347763061523,130.933689117432,77.5259714126587,110.579009608219,132.551912689209,82.9954864501953,104.952768171156,102.142130656415,155.505603027344,189.343299865723,146.956822713216,128.473190307617,0,0,117.059465408325
137.079035441081,0,199.594848632812,0,0,0,172.519462585449,163.853694915771,162.749938964844,0,195.321217854818,0,0,0,158.349212646484,0,0,0,0,213.704620361328,0,134.708038330078,0,0,126.082863943917,0,183.143646240234,210.755833943685,141.77913078895,155.741970062256,0,0,0,138.410362243652,154.516754150391,11.4324100797206,126.20684160505,101.717960698412,74.4988737982673,101.533086564806,84.8181838989258,82.3417431640625,21.9385336033341,60.0386887127975,74.2287690123105,81.2203168496073,138.827309926351,115.407060241699,146.26114654541,19.8185491064672,63.2195844650269,80.741394513919,110.130540110848,145.336578369141,129.609492135555,91.6380439758301,88.5704503426185,77.7941544361604,105.021134687333,69.4725778673638,0,119.057196874582,123.448650454687,75.0509098903485,19.6043699164616,19.4623883310797,0,100.654716915554,50.5528543554706,83.7335141125847
0,55.0928671700614,102.767449012169,49.6787349155971,0,0,0,0,0,0,182.17985534668,72.7869177924262,0,101.156847000122,0,0,170.717987060547,101.190595186674,0,108.638797215053,0,0,0,92.0063171386719,0,52.0975257328578,87.9887235814875,83.2981735435692,0,0,0,83.9768562316895,0,0,102.219319025675,126.20684160505,8.26562493562026,32.66381721171,28.5745906450532,0,0,0,120.668049738957,151.567160288493,63.6469986759015,176.508033752441,63.0990556081136,0,53.8411346267868,142.641803741455,0,68.2008022111038,53.8377249676589,65.6286534627279,56.4199941362092,0,81.0088625157133,27.9940459770522,63.3063944077351,107.020234425863,13.934746447365,45.1888003607597,31.5480272834532,112.742914915085,124.170729468851,100.678815247583,74.8707269941058,0,119.55064646403,61.639858904339
204.942413330078,92.4726575215658,80.8443899942101,56.6792525511522,0,0,0,219.386291503906,0,0,0,111.992557525635,0,116.98828125,179.770111083984,0,123.285012381417,95.4380279144683,124.963943481445,112.790707236842,0,136.83846282959,115.48412399292,94.5133568258847,0,144.541458129883,89.7183398921994,86.974590315041,143.639226277669,188.443367004395,0,132.320739746094,0,184.457244873047,97.386093895034,101.717960698412,32.66381721171,11.5920304555616,35.385027032219,157.334926258434,163.984539985657,132.120884015483,92.5411312113708,122.440838939153,141.919032909252,115.183054339161,74.661073068472,159.56011835734,74.7225822968916,117.358514933079,127.833812836678,70.3271797064579,45.210951527856,71.960693359375,56.5262045288086,150.494866943359,55.4812518810404,37.6521620176912,27.394287605696,126.214892448263,72.0542286464146,27.0809899160467,26.3661914636021,63.3529123847867,123.750628204346,71.5302115984359,76.9706094529894,163.575096130371,110.390044076102,61.7309203356071
60.1871299743652,43.5326194348543,53.3256072194953,30.2172602218332,70.3513050079346,142.867156982422,108.324612426758,79.1275825500488,103.121317083185,67.8587303161621,93.1433247157506,47.9178237455437,110.160197121756,48.1601711770763,110.843851216634,0,102.311363220215,68.4254032569596,108.195140838623,79.3676027151255,138.371578216553,67.5822086334229,75.6317749023438,76.5638677423651,63.1366202371162,26.6562307684762,59.9938535805208,52.4897384338988,68.7573724159828,99.978362471969,79.6340693155924,82.8876556396484,0,76.4964895982009,64.3667984974535,74.4988737982673,28.5745906450532,35.385027032219,16.1305546917021,94.7827493418818,99.1757530212402,88.5482233138311,65.6785600802388,99.4305271857341,14.5912838740632,88.2850878342338,40.7820657743078,45.9271204948425,35.9191472386739,97.7119962766573,48.4383043091873,60.4531613667806,52.8069097666451,61.566425051008,55.6074154702211,63.1499485969543,69.0307125947913,37.3502564353875,54.6766182964109,31.3601435327844,17.0766810606192,44.9697078911406,36.3150595740563,51.9133011636768,90.020886328227,84.3477604336209,68.1705290930612,149.324523925781,78.2418129660866,66.771794819441
110.005086898804,0,0,126.900321960449,7.64812992744881,231.417449951172,67.6146743774414,134.01774924142,155.505281066895,94.5685516357422,53.6322731652211,0,46.2015686955945,0,166.804081726074,63.8010482788086,0,0,0,0,17.1168114820768,0,145.269905090332,0,63.9933385252953,0,0,0,19.9989901365073,117.515471825233,0,0,0,119.862154642741,152.982299804688,101.533086564806,0,157.334926258434,94.7827493418818,9.50818104903455,132.02848815918,54.550885970388,68.2071686214871,88.3159118643503,39.2164897409204,27.8835821907627,0,23.0268699547433,0,105.215313274677,49.8570758862123,114.993534633092,161.401248931885,0,224.515869140625,11.3092504587041,141.978061676025,121.093604278564,133.916037533261,23.4965850320221,0,171.882771809896,130.235205018675,22.1858967196919,104.881895712756,131.618119557699,0,132.158004760742,97.4833036804199,100.641733929827
0,0,0,0,0,0,0,0,0,0,0,0,0,0,0,0,0,0,0,0,0,0,0,0,0,0,0,208.459579467773,176.26432800293,0,0,0,0,0,0,84.8181838989258,0,163.984539985657,99.1757530212402,132.02848815918,6.59429905699598,10.129585371196,102.767147433373,17.4691879535959,63.4117663456843,109.758306630452,58.0768936157227,58.3016631386497,0,29.9863859761146,14.2661753560752,124.071022033691,178.356369018555,0,159.573816299438,121.077318827311,0,161.858749389648,151.204838023466,100.432799586543,0,180.396644592285,141.543147087097,125.34823735555,24.6742016058826,116.082775115967,0,12.4852386927782,0,30.1103972527873
161.728260040283,0,198.594017028809,122.80005645752,152.37565612793,0,155.64902750651,134.175126448922,180.76963297526,119.811096191406,154.53315615654,0,71.5105354309082,0,146.542358398438,0,0,0,0,0,151.217514038086,0,155.278533935547,175.33381652832,123.393909351246,0,0,0,134.660739898682,195.188179709695,152.693873087565,0,0,168.970687866211,0,82.3417431640625,0,132.120884015483,88.5482233138311,54.550885970388,10.129585371196,8.43398316634825,54.1915332200055,18.9411142439475,63.1906367070747,26.6410050543907,98.1330731709798,22.3067008353535,0,32.5737358181187,10.5783142571415,102.25676446212,155.834142831656,0,155.979908534459,36.7842109227384,148.235131697221,114.654827390398,124.996867183525,59.7250489666414,159.433334350586,151.915350693923,130.896230746538,56.3209506045922,33.7597071983973,114.463938805365,0,23.6879559270663,104.077772206274,48.2826650262193
138.984224591936,0,151.869917551676,129.296174621582,136.191228230794,0,150.350843157087,117.162744962252,153.409349319783,0,138.566382623488,0,197.597646077474,0,159.255500793457,162.976145426432,0,188.665008544922,0,0,142.123687744141,0,0,0,110.987844613882,0,187.287638346354,153.534729003906,118.337249409069,157.881332859848,126.706510543823,0,0,142.334862263997,171.228535970052,21.9385336033341,120.668049738957,92.5411312113708,65.6785600802388,68.2071686214871,102.767147433373,54.1915332200055,10.7096136656436,59.2434780659826,62.5498280354035,20.4354113732442,153.900670138272,43.88738820639,135.328456878662,39.3857186521013,69.8967387352461,69.8751116637345,101.420209539396,146.571393966675,121.243771334307,72.2223618272422,78.5840919352969,80.2304956090381,82.854542517078,52.9296236906789,141.518753051758,109.261605446383,103.129898968865,25.4044609714525,63.2810667800372,16.8888717182431,156.627731323242,110.521936970372,77.7265673875809,84.5190719472037
180.500938415527,0,0,141.021415710449,174.22414855957,0,181.790139092339,151.010953140259,187.868499293472,137.273303985596,176.339812645545,0,90.3975372314453,0,193.487258911133,0,0,0,0,0,170.219670613607,0,0,181.011322021484,152.181651141192,0,205.29369354248,229.001749674479,153.296347946417,172.795935058594,179.045971679688,0,0,172.21408589681,174.056767781576,60.0386887127975,151.567160288493,122.440838939153,99.4305271857341,88.3159118643503,17.4691879535959,18.9411142439475,59.2434780659826,9.54281257571793,95.0368415890209,34.1016010336035,163.096709083108,78.2618299433559,189.430561065674,17.4554958179169,21.4614047771337,108.959430498955,145.315105722911,170.897772216797,160.338111570512,82.3672113349969,133.656292781652,115.79572654257,112.757936745738,87.7120538136316,177.667442321777,144.846910131171,132.48679775332,72.9505505178106,34.0317213226123,98.0740584149213,0,16.6497321641418,95.1485500682484,56.4564006117836
62.9722938537598,0,148.398128509521,66.0769765377045,86.5217987060547,0,101.606492996216,74.5073065371127,116.468754359654,58.4863307091498,95.3619479224795,0,100.617165035672,0,122.219812280992,115.029151916504,0,175.546722412109,0,0,94.9881334940592,0,83.4737945556641,0,67.8604866228606,125.701469421387,0,179.940505981445,76.2458761606785,113.246807861328,78.7619132995605,0,0,88.3995749950409,85.1219242640904,74.2287690123105,63.6469986759015,141.919032909252,14.5912838740632,39.2164897409204,63.4117663456843,63.1906367070747,62.5498280354035,95.0368415890209,7.24956132811335,69.8408123804175,144.036804199219,11.6441698792279,0,92.115601625804,15.7505569203266,33.8546061336994,129.350811004639,0,146.297873433431,33.366179708564,76.0245850931002,16.8161864089966,80.6283451536167,18.4338266994972,84.8620887756348,152.451783316476,115.576403762355,50.5488739359274,82.5915120338268,66.7945415063694,0,138.745697021484,74.1549449258007,81.8829138984143
160.262100219727,0,164.177124023438,114.316995620728,155.007638113839,0,168.30861455744,133.269363569177,164.64083663277,108.470294952393,158.404451766104,0,91.140628390842,0,191.310012817383,0,0,0,0,0,140.055832672119,0,0,206.162864685059,125.961741177541,0,194.049224853516,0,138.777199293438,187.69744720459,156.080368041992,0,0,156.676645914714,248.781753540039,81.2203168496073,176.508033752441,115.183054339161,88.2850878342338,27.8835821907627,109.758306630452,26.6410050543907,20.4354113732442,34.1016010336035,69.8408123804175,12.4316331759836,0,23.9183846651472,0,35.936944581394,55.6559410797922,90.0440654289432,143.283565362295,0,162.777277512984,19.5951488128243,119.465276930067,107.099315219455,100.041551874842,48.5788293014268,0,138.434719420316,114.253074499277,31.3494533390761,88.8870228664784,102.269763513939,0,112.624966621399,88.0151941531172,86.8585533317478
