9.85105214822356,123.219687991672,107.346198246397,82.7105133222497,82.0414089626736,93.5725135803223,103.82800245285,30.9529270582375,75.4398238143029,74.5743427765675,68.3130735895742,123.780145620371,101.333047866821,160.686079237196,23.5034424070225,97.0422668457031,97.8932193120321,100.843215169631,143.146008385552,120.214414367676,113.122312545776,75.0833680922803,79.84201780955,89.8512985319959,81.1246292844732,159.350105285645,117.82185680505,132.639838809059,83.6111754049986,23.1184379719933,33.9992640267178,152.175463104248,103.163507843018,38.669761517726,66.5415758280994,135.602787017822,0,181.393091837565,80.2104415893555,0,0,163.833648681641,159.525557963053,169.594482421875,177.064086914062,190.519805908203,200.314804077148,0,170.002593994141,193.117773873465,0,121.996855417887,192.8408203125,218.266525268555,193.230072021484,0,151.923291524251,102.607675552368,188.273361206055,135.959834012118,0,181.468682425363,159.12595803397,139.679269518171,153.898691813151,158.457930428641,0,0,0,148.530131022135
123.219687991672,9.1145759843151,41.4631236379991,19.8545200404385,0,0,163.288226318359,122.000424968663,138.85821105957,79.6225085617573,148.290425109863,67.4161475106572,114.487018585205,48.3226730380574,138.356025423322,123.299863313374,49.0433626458196,54.3992355832049,77.1410279609788,64.5689509661364,173.366149902344,89.3366094851026,24.6058994197446,60.8217952967205,96.6612684401599,26.9823994100119,54.0136667076946,30.6938686765548,120.214148101807,123.087962506765,110.761546387964,73.3100633332224,0,121.948125203451,60.1724472758186,0,31.2374912897746,96.9942596435547,19.1814306735992,0,0,0,207.36474609375,175.860168457031,220.942276000977,0,115.365842183431,0,99.9706031799316,0,0,110.385499954224,109.555775729093,116.25734017112,138.075800577799,0,185.635192871094,85.5540504455566,104.380515098572,0,92.018809000651,119.220672861735,98.1581680034769,201.214538574219,222.510528564453,187.541564941406,100.542053222656,112.437530517578,0,132.936804771423
107.346198246397,41.4631236379991,12.7241914584929,48.6583379549471,149.164947509766,173.142349243164,139.889879661694,98.5150807662783,123.4505359957,132.679389787757,121.589122681699,95.3847636054544,145.590721130371,99.0763996922693,117.931596162383,136.713502671984,88.2105290027375,44.9836294008577,88.8452927026993,75.7065630861761,133.75542195638,61.8706639500261,52.369091431638,32.7530799607489,116.387767631467,96.8791498037485,35.1061654598324,37.4871473011507,86.9828274909486,134.773853718993,84.499928429365,92.6385559558868,175.774795532227,100.397209530785,70.0988046642996,193.248291015625,70.2984490966797,94.0124125106955,62.8706184238582,0,0,0,172.075419743856,204.708155314128,154.845530192057,200.54975382487,141.910302639008,0,139.786073957171,180.674996115945,0,126.322946124607,106.500923370828,134.351572248671,124.422077094184,0,128.010398864746,67.457715659306,108.466904975999,167.17389831543,120.430776977539,107.646067955915,92.7722924816671,162.978144595498,179.028018951416,149.523482071726,145.408973693848,0,138.94482421875,107.045027085292
82.7105133222497,19.8545200404385,48.6583379549471,12.2745550363913,64.2939762971839,135.594630432129,98.7702836090664,66.802560766459,82.0349126811879,26.587781800951,89.0747323414636,64.8159207273121,98.7002752477472,44.8564623812929,89.3052182183077,74.4302740964023,34.3397783084005,58.0683619575674,61.5757387261642,58.8264828506781,78.40338407244,61.0818718864569,22.772895078338,53.3053459982353,41.4933936384321,24.2662368811229,57.5436745470727,47.4915136183093,55.6027218482074,79.9819027654509,56.4349568014173,67.7794939302931,116.032806396484,62.6259752758861,69.2943323516846,92.7037694594439,12.5288661156578,63.9201560723977,11.4223056843406,0,0,244.148254394531,101.157211079317,126.692602975028,42.524508190155,159.898169381278,96.9784389677502,162.735237121582,71.0495964050293,123.725341796875,0,49.3727149648115,74.2500467019923,85.9731380321361,76.0641759236654,0,86.0716460763592,19.0260083955877,62.1332788708408,74.7139168256595,53.8031353723435,70.8217857080862,58.1857693310304,80.7195032878094,97.1635705130441,86.7236513054889,88.4912910461426,0,63.8503913879395,84.3167120076842
82.0414089626736,0,149.164947509766,64.2939762971839,11.3925342037783,0,69.4566393221839,45.3667909257552,89.0995991230011,45.2818706579519,23.4886863671973,152.569072723389,25.3747745142427,167.072387695312,100.52380657196,63.8364161430521,137.059387207031,169.138053200462,0,172.407009124756,14.5067526405571,111.741905212402,74.7871890348547,127.573856060322,22.0169420178287,195.181732177734,163.946943495009,133.967989002575,19.6840591299349,99.4472157098109,92.4341910226004,192.620086669922,138.387907981873,84.5530689239502,101.394256591797,169.754241943359,0,205.148040771484,81.1311382717556,10.1020169458767,0,150.139583206177,128.700570313827,149.039722188314,107.0990234375,136.021906522604,0,19.2905716018243,0,156.794803619385,153.822036743164,131.587020874023,0,0,0,15.6402168329229,215.806098937988,145.305892944336,213.123687744141,101.896041384914,0,0,188.177365112305,59.556250259838,174.741426467896,145.935775756836,0,0,0,181.3212890625
93.5725135803223,0,173.142349243164,135.594630432129,0,6.58906341438507,14.3657295290526,125.405746459961,21.1074070653058,56.9735069274902,110.643444213867,60.1453966707797,96.2161322883938,85.9309972127279,35.0374427463697,14.870611143379,0,188.291549682617,76.6968650817871,202.180770874023,115.905508041382,89.6038716634115,128.315670013428,173.44327545166,107.192248208182,0,166.076490129743,153.454231262207,138.826659520467,22.9567396172455,121.331423441569,101.08203125,9.22856466830248,147.192337036133,36.876680132709,0,0,0,0,0,0,0,174.826889038086,194.033538818359,0,0,0,0,0,0,0,0,0,0,0,0,0,0,0,183.999404907227,0,0,0,180.693908691406,205.546630859375,0,0,0,0,0
103.82800245285,163.288226318359,139.889879661694,98.7702836090664,69.4566393221839,14.3657295290526,10.7208452819141,54.5684550138857,19.2279863335884,73.4064534741063,32.9050527491656,111.759397333319,30.7131012489429,133.772205352783,44.424359584422,17.6174389090399,134.023652076721,157.939006223517,153.949997493199,166.879926469591,52.309444759203,122.057188245985,125.750633239746,142.830176734924,69.711655619557,173.318228149414,168.38125424636,155.885519586428,65.8360979234006,55.5511193401906,110.315669841595,154.392046311322,22.1885581267564,108.37056795756,90.79835111609,161.398330688477,0,198.072908673968,97.4676186056698,138.7747631073,0,166.881082262312,147.429150920269,167.248083932059,137.705632019043,160.3486328125,0,73.1965607404709,0,191.018988291423,0,154.632270812988,211.132797241211,0,0,159.846392313639,188.809509277344,147.370307922363,197.633926391602,128.184519335828,0,248.185806274414,188.826399583083,150.157686080933,190.062102779265,179.678568522135,0,0,0,185.625234985352
30.9529270582375,122.000424968663,98.5150807662783,66.802560766459,45.3667909257552,125.405746459961,54.5684550138857,10.0491773708602,59.6902996705235,62.2771795192878,23.156926973571,156.146953876202,56.4270686459232,169.187335724526,44.2191843619967,76.4094565384031,91.7887529929479,123.576807443086,164.663491355048,148.669657026018,39.2935633275701,74.6387993008769,83.3910429499171,90.9857368338347,58.9289195789731,176.382759941949,132.883126340448,117.758591793121,31.1366414882221,83.8710720112729,21.8190507566019,167.474642011854,124.512097167969,77.2854486807799,95.6953093676063,157.85547156083,143.279750823975,169.178513138383,86.1792234073986,133.60285949707,0,154.467419854526,131.546224440792,160.255766580271,118.912652079264,147.545925101054,205.503444671631,122.949691772461,202.352066040039,160.556534142803,149.073333740234,121.972321903004,190.152398427327,219.666889190674,205.111874389648,129.195223672049,151.735154724121,122.921526379055,174.257776859828,115.592803966265,203.183929443359,201.379002761841,166.622040276055,127.984351299427,154.660255959949,142.823627818714,232.742309570312,193.176849365234,141.094848184025,157.919253956188
75.4398238143029,138.85821105957,123.4505359957,82.0349126811879,89.0995991230011,21.1074070653058,19.2279863335884,59.6902996705235,11.6364895345688,78.4295186562031,32.6989705931206,105.990138808293,82.6951205011588,124.417648421393,24.9034261647418,22.2609356628802,132.1762550354,130.583430640377,147.867806715124,146.11834564209,89.9336105014967,113.592752162647,109.529218875661,117.105543829054,81.3085988518173,141.297904014587,145.608269657947,148.741115952889,81.7904185167173,41.8993580488973,74.9950023436619,154.148775312636,18.3754657732337,95.4802565020184,74.7580472729838,166.482250507061,136.340255737305,195.776150043194,98.0348036332564,128.955807854148,0,174.875082397461,146.262998549143,170.882262878418,130.085304737091,164.497422551534,226.186656951904,147.643390231662,180.316223144531,186.348914126132,172.328481038411,141.959489949544,207.929309421115,202.375142415365,203.100521850586,164.448971557617,171.457995944553,163.922611583363,198.698102678571,134.317353364124,0,211.516767061674,189.388022044348,146.71383113054,175.439094629181,168.996952601842,0,208.067283630371,170.09920828683,176.191812020761
74.5743427765675,79.6225085617573,132.679389787757,26.587781800951,45.2818706579519,56.9735069274902,73.4064534741063,62.2771795192878,78.4295186562031,8.61032616371053,67.062822647309,137.502767119297,21.6877070893182,123.9838849641,87.4758009341879,20.5535496095838,71.3762563977923,134.309904365896,142.839625863468,143.513831864542,52.4737875268814,92.6350737072173,27.4945230559524,119.528617156179,24.6306503086043,108.923604500167,137.635939509694,115.312688880547,54.6971770872499,88.668595547498,63.36145098275,139.81969388326,128.671662764116,73.4557734956133,102.322946515577,100.177721659342,0,0,72.1391750971476,55.4067873954773,0,136.28112411499,105.577576377175,156.112167358398,75.6947898864746,113.333302307129,194.235610961914,73.8655039469401,156.273892051295,146.878452301025,0,0,166.025385538737,0,162.23991394043,98.8982162475586,128.703903198242,118.163503646851,139.631736755371,98.7018708988112,146.803443908691,181.361794211648,175.795922851562,116.993771471296,148.755004882812,183.043426513672,184.744079589844,143.354858398438,117.051750183105,130.517623901367
68.3130735895742,148.290425109863,121.589122681699,89.0747323414636,23.4886863671973,110.643444213867,32.9050527491656,23.156926973571,32.6989705931206,67.062822647309,12.6466452137994,153.5025040001,24.3603625271177,173.647342936198,52.2304335605256,67.8262770547408,113.227663943642,151.077170392592,169.597204355093,169.384421212333,19.5083426403977,104.764973799388,103.072917857069,123.954079106169,50.8114071311445,176.8365234375,154.714438584051,140.735987605219,30.1926590826071,97.6576860104865,85.0884354039814,188.793306350708,117.96809329699,92.9939591988273,100.991453402397,180.94569905599,0,206.432247161865,101.466024610731,45.7745454411031,0,160.898952181377,136.626301618723,163.428305668617,116.138327704536,150.963189921967,0,44.8010832229395,225.353988647461,183.189064534505,191.053176879883,165.242858886719,196.175852457682,235.336975097656,214.708503723145,65.5164365421642,183.606231689453,143.812249077691,204.590239461263,112.766068263828,207.198043823242,188.846954345703,183.842573983329,142.497461971821,181.931981580011,159.453979492188,0,0,170.79714457194,175.806725311279
123.780145620371,67.4161475106572,95.3847636054544,64.8159207273121,152.569072723389,60.1453966707797,111.759397333319,156.146953876202,105.990138808293,137.502767119297,153.5025040001,13.3105112179344,138.49736849467,24.9260751490612,86.7983215455432,147.250779095818,132.331536928813,51.8644952466119,24.7126068516095,30.7878582804048,156.608215332031,90.0895224892049,96.1712986628215,77.8017101695831,155.294283215753,35.7038579085236,34.6592676388764,71.2066165632853,154.917075796226,75.7770729357309,115.493074715137,40.4504051407075,63.8378058642876,104.056118146111,27.6692924343577,201.137924194336,110.781578063965,146.717185974121,81.8176831697163,0,0,0,190.418182373047,0,203.02823638916,0,92.9619704601811,0,76.1948912187056,168.106463623047,0,204.149673461914,141.779098129272,109.200120035807,129.834247112274,0,158.973335266113,119.450361251831,141.458095843975,208.74133682251,76.3070886400011,109.487929456816,110.768342732529,218.303573608398,207.164944966634,190.746856689453,101.679162706648,0,0,150.674019813538
101.333047866821,114.487018585205,145.590721130371,98.7002752477472,25.3747745142427,96.2161322883938,30.7131012489429,56.4270686459232,82.6951205011588,21.6877070893182,24.3603625271177,138.49736849467,12.7753534709718,160.14143286811,99.9062737774485,22.2192344222099,0,188.173809051514,181.516712188721,156.785671234131,17.4141767552786,164.232116699219,76.2975947062175,169.826792907715,28.4915268565412,135.662704467773,162.740839640299,170.501385392814,49.8809342720898,107.167062396409,130.792056492397,169.83126449585,107.79053262983,106.293487548828,104.255289852619,0,0,0,0,44.8555258807973,0,104.481577301025,158.779043931227,173.573050362723,101.482177734375,136.951133952421,0,14.2369343262462,176.645614624023,203.37671661377,44.881534576416,0,0,0,0,14.9333114945699,0,129.760452270508,0,118.333623886108,0,0,0,149.918308666774,168.991073608398,0,0,0,0,184.955459594727
160.686079237196,48.3226730380574,99.0763996922693,44.8564623812929,167.072387695312,85.9309972127279,133.772205352783,169.187335724526,124.417648421393,123.9838849641,173.647342936198,24.9260751490612,160.14143286811,7.90377255467764,105.754456596813,151.612045288086,128.795215259899,97.8733189080351,52.2798833181692,69.9936000577253,160.569679260254,140.627467228816,80.9643358599522,136.483687799627,141.955942453657,17.048538344522,41.9614473969694,37.6736203122269,173.308047485352,97.6175652165567,158.664039611816,17.2142855178823,84.2827965094119,113.31946182251,69.1150936859333,199.742441813151,90.9427888658312,125.951616075304,55.4822686024201,0,79.9464111328125,0,207.922388712565,0,162.033244206355,196.603530883789,69.5365857063456,0,62.5999845347685,171.106730869838,205.620574951172,0,140.324069776033,99.0882650263169,118.455332619803,0,198.653076171875,112.565887451172,141.681727091471,178.425435384115,59.4842360360282,91.9163679166604,94.6502897678898,0,148.761474609375,186.868843078613,86.0319855763362,114.15113067627,0,119.755481508043
23.5034424070225,138.356025423322,117.931596162383,89.3052182183077,100.52380657196,35.0374427463697,44.424359584422,44.2191843619967,24.9034261647418,87.4758009341879,52.2304335605256,86.7983215455432,99.9062737774485,105.754456596813,10.7897249348338,32.5537426263285,132.758714866638,122.172202592888,124.271137567214,138.425407122482,102.075465927124,101.961548939061,108.088961132502,109.696844838265,91.358991129518,123.134370977228,136.394568246098,144.460786488939,95.1640137892503,23.0897004066977,53.7068029589576,133.821159419307,18.3969226214806,72.5746607817421,55.8453534120633,171.848091574276,187.663551330566,182.513541666667,111.422386033194,151.47728729248,0,177.059624305138,153.268923282623,178.259049950576,106.647631327311,171.846591567993,161.072933197021,121.587750752767,140.231346130371,183.769898144167,0,134.133583068848,200.174005889893,181.716001238142,190.165226527623,0,160.7950035544,146.084520339966,191.014219612911,140.18383194625,0,196.430338541667,185.277910505022,150.182609918955,174.980545880043,160.909712166622,185.758567810059,206.867095947266,153.317393493652,175.603705462287
97.0422668457031,123.299863313374,136.713502671984,74.4302740964023,63.8364161430521,14.870611143379,17.6174389090399,76.4094565384031,22.2609356628802,20.5535496095838,67.8262770547408,147.250779095818,22.2192344222099,151.612045288086,32.5537426263285,8.24178888741065,137.808498382568,165.574329376221,0,174.82926940918,54.2414164959184,136.153427124023,74.1351185480754,156.635467529297,43.0768882208976,143.146122436523,158.961960763642,143.355825106303,78.9435784051178,58.7578055749532,115.110113877517,141.814094543457,41.1052240595087,96.0230919974191,100.640214746649,0,0,0,195.862167358398,166.202545166016,0,163.785502115885,154.498817443848,0,0,181.491704305013,0,71.7978547414144,193.370643615723,0,0,0,0,0,0,103.273406982422,0,193.66423034668,0,119.385572096881,0,0,220.00651550293,151.641531626383,0,159.496994018555,0,0,0,0
97.8932193120321,49.0433626458196,88.2105290027375,34.3397783084005,137.059387207031,0,134.023652076721,91.7887529929479,132.1762550354,71.3762563977923,113.227663943642,132.331536928813,0,128.795215259899,132.758714866638,137.808498382568,13.5892624806177,105.66352967655,137.091987609863,120.927372179533,93.7297241210938,25.5952091597401,25.1204433946452,20.7036271415538,39.0034738885678,107.354090372721,110.553308963776,33.7507149430032,48.6910859479566,97.2447359085083,69.7042685414924,125.190904998779,0,87.4752870447495,78.285229897385,150.355861663818,0,104.677930278163,54.1473150615451,0,0,0,139.11670923233,183.385101318359,140.888336181641,199.683288574219,161.17756652832,0,0,194.691841125488,0,28.376805480749,143.397737356333,190.362564086914,167.417185974121,0,93.9637112485038,51.7462216661177,87.7023705047897,106.63736805549,0,146.192882537842,100.522540759489,116.466468556722,121.826760101318,110.707108717698,0,0,109.1455078125,116.917134602865
100.843215169631,54.3992355832049,44.9836294008577,58.0683619575674,169.138053200462,188.291549682617,157.939006223517,123.576807443086,130.583430640377,134.309904365896,151.077170392592,51.8644952466119,188.173809051514,97.8733189080351,122.172202592888,165.574329376221,105.66352967655,10.7618485489965,49.5674027870599,21.4340801347431,177.648460388184,62.5227336394089,85.7916942578183,25.0493873469782,137.798149392412,58.900664044034,34.5490837700189,68.3033119224076,132.266955575682,112.765582107204,85.3876956811112,85.4072752352114,158.390818876379,96.0735006263788,47.1722157927299,193.369232177734,95.8417621411775,111.635077588312,79.2468764122496,0,0,0,196.247148687189,247.249252319336,178.466827392578,0,141.507422553168,155.400344848633,125.45734945933,212.979476928711,0,175.796142578125,118.972208559679,129.338352292083,121.712988731845,206.403030395508,158.906989203559,93.9166046945672,136.019448513455,180.77502822876,96.6381705147879,110.656223872612,114.299875188757,193.772669865535,196.271114349365,162.539822665128,143.479557037354,0,187.059799194336,118.783757221268
143.146008385552,77.1410279609788,88.8452927026993,61.5757387261642,0,76.6968650817871,153.949997493199,164.663491355048,147.867806715124,142.839625863468,169.597204355093,24.7126068516095,181.516712188721,52.2798833181692,124.271137567214,0,137.091987609863,49.5674027870599,7.15745343543033,13.9616113759222,188.060928344727,104.058982485817,99.4065394546046,87.7073450590435,162.8567675077,49.1353973963489,29.9296350125579,68.8364315617192,152.9664861891,113.360334664583,134.023915346931,51.7580594192316,97.856865826775,125.777549743652,59.7031897634015,0,96.3131637573242,136.270262145996,54.506264368693,0,0,0,177.407524108887,202.441009521484,0,0,105.55346031189,216.453826904297,85.3658769437582,0,0,181.766128540039,143.437672701749,108.079764895969,124.248564720154,0,185.255004882812,152.392799377441,173.423355102539,0,75.8296887207031,105.819634889301,105.305623640094,222.564117431641,180.841986083984,0,104.832200368245,0,0,140.678665161133
120.214414367676,64.5689509661364,75.7065630861761,58.8264828506781,172.407009124756,202.180770874023,166.879926469591,148.669657026018,146.11834564209,143.513831864542,169.384421212333,30.7878582804048,156.785671234131,69.9936000577253,138.425407122482,174.82926940918,120.927372179533,21.4340801347431,13.9616113759222,9.94223744955538,174.41904703776,84.3632830195554,102.598966827393,57.0919816244148,150.459438578288,49.8822136104748,30.3435525761086,66.9481824781508,148.025346773807,118.153395530021,107.178641913649,58.9452542960644,128.777781422933,107.325898862353,47.224782094597,186.322525024414,119.766804377238,115.621266291692,95.9865827941895,229.798477172852,0,0,200.947058541434,228.423217773438,188.813364664714,228.462966918945,123.380876789922,222.154205322266,102.039193522135,197.544277191162,0,174.58861541748,125.535268652028,113.304063316729,113.643290017781,0,165.954888916016,150.206002807617,138.344716753278,198.957391357422,81.2255931653474,107.364992570958,111.943302776939,196.287460327148,191.019208908081,174.015014648438,116.539238823785,176.772537231445,185.73844909668,120.704633636475
113.122312545776,173.366149902344,133.75542195638,78.40338407244,14.5067526405571,115.905508041382,52.309444759203,39.2935633275701,89.9336105014967,52.4737875268814,19.5083426403977,156.608215332031,17.4141767552786,160.569679260254,102.075465927124,54.2414164959184,93.7297241210938,177.648460388184,188.060928344727,174.41904703776,7.95644666054562,137.269721984863,58.14501953125,149.945945739746,27.36275717007,0,176.127571105957,154.562602996826,29.601264722186,106.915820969894,116.739802641027,196.541397094727,121.881529998779,107.090266227722,100.917215039653,190.435653686523,0,205.174873352051,110.561541239421,18.3384879065057,0,166.192646571568,150.369826180594,200.932739257812,74.3891213734945,121.268922890557,0,15.9244706006853,0,195.563864135742,163.73193359375,88.7264022827148,0,0,0,10.5247011306958,0,124.940490722656,0,105.53651153878,0,204.358604431152,195.297271728516,56.1247595598598,143.270454406738,0,0,0,0,175.037612915039
75.0833680922803,89.3366094851026,61.8706639500261,61.0818718864569,111.741905212402,89.6038716634115,122.057188245985,74.6387993008769,113.592752162647,92.6350737072173,104.764973799388,90.0895224892049,164.232116699219,140.627467228816,101.961548939061,136.153427124023,25.5952091597401,62.5227336394089,104.058982485817,84.3632830195554,137.269721984863,14.3373044801699,52.1953370644874,34.1830370029677,44.0486266904902,107.412512345748,102.980608923245,77.3286772501716,24.8510451884755,68.5317399246224,34.4160352878768,134.953159332275,165.17301940918,56.1116301096403,42.4419429429617,134.403429667155,139.827045440674,130.928005919165,71.2001244354248,0,0,176.157073974609,147.05378775761,190.682744344076,85.5822082519531,203.761573791504,175.875213623047,0,123.475868225098,168.375909805298,0,100.553802055649,148.537126475367,192.04524230957,171.761489868164,0,113.12769888049,68.1955480368241,118.415369829595,127.446701049805,0,166.182323332756,128.89085822977,125.796568787214,141.081586725572,115.248440959666,0,0,117.042347247784,131.876115163167
79.84201780955,24.6058994197446,52.369091431638,22.772895078338,74.7871890348547,128.315670013428,125.750633239746,83.3910429499171,109.529218875661,27.4945230559524,103.072917857069,96.1712986628215,76.2975947062175,80.9643358599522,108.088961132502,74.1351185480754,25.1204433946452,85.7916942578183,99.4065394546046,102.598966827393,58.14501953125,52.1953370644874,8.24941352940156,52.5608850368356,34.6416385724193,66.5426900032239,95.3148678910618,35.943544081508,57.9537586423759,91.1263092912946,57.181318677539,102.17681314859,118.146214294434,62.7178290517707,73.6763747199889,0,177.21858215332,87.5078198359563,35.1816681623459,212.099899291992,0,0,120.183636983236,0,159.919128417969,0,118.656394958496,0,123.181414553994,161.33442179362,0,62.5672367558335,117.631446144798,228.946914672852,137.589985317654,0,65.6767519170588,14.1575890974565,67.5026481425868,106.372021484375,120.508811950684,138.565768241882,80.4541238650941,120.684932861328,181.038383483887,95.7667114951394,0,0,146.988494873047,74.2898113250732
89.8512985319959,60.8217952967205,32.7530799607489,53.3053459982353,127.573856060322,173.44327545166,142.830176734924,90.9857368338347,117.105543829054,119.528617156179,123.954079106169,77.8017101695831,169.826792907715,136.483687799627,109.696844838265,156.635467529297,20.7036271415538,25.0493873469782,87.7073450590435,57.0919816244148,149.945945739746,34.1830370029677,52.5608850368356,15.4315482748127,80.7866684080068,99.0534372071962,64.7808727324862,56.3584945033542,56.6022232942823,99.2456581739087,60.3778914160896,115.354499722704,152.033378601074,80.9774419584163,49.4504247722578,169.122760170384,81.9567399342855,110.467782827524,67.5908014499647,167.14282989502,0,211.200531005859,173.968404069732,206.679249354771,135.839427403041,170.160902840751,166.34087677002,0,172.516939435686,194.470750661997,194.957611083984,89.3906721849745,126.778802621932,162.108334993061,143.833377056811,0,122.104283821683,63.0122885738702,109.2822884168,159.903621745559,120.163398742676,132.309516238026,105.925954326724,153.392853586297,178.632166606624,146.081899670587,187.90096282959,0,154.741773817274,129.085408232933
81.1246292844732,96.6612684401599,116.387767631467,41.4933936384321,22.0169420178287,107.192248208182,69.711655619557,58.9289195789731,81.3085988518173,24.6306503086043,50.8114071311445,155.294283215753,28.4915268565412,141.955942453657,91.358991129518,43.0768882208976,39.0034738885678,137.798149392412,162.8567675077,150.459438578288,27.36275717007,44.0486266904902,34.6416385724193,80.7866684080068,12.1403397646657,126.062386014245,142.419271921304,94.4192532595558,18.7148850692244,86.2677379807025,70.849827225494,155.853964872138,122.08957502577,73.0698908400261,93.2152061903772,131.245614842006,184.030006408691,166.978887557983,71.1244237726385,74.1045928261497,192.096801757812,142.931442548644,117.957021370363,147.451412051332,88.3284674326579,125.369793158311,188.449531555176,90.1487544730858,178.036004638672,149.339853463714,142.020168304443,93.7261837741785,184.004016331264,211.143939971924,210.484512329102,86.5147130148751,122.949135546414,94.3442490895589,149.391594329438,100.181684460399,203.230712890625,198.01956837972,162.317385718936,114.338227783672,144.230051329642,120.937073695807,219.121866861979,166.525904337565,124.428153991699,140.732415708777
159.350105285645,26.9823994100119,96.8791498037485,24.2662368811229,195.181732177734,0,173.318228149414,176.382759941949,141.297904014587,108.923604500167,176.8365234375,35.7038579085236,135.662704467773,17.048538344522,123.134370977228,143.146122436523,107.354090372721,58.900664044034,49.1353973963489,49.8822136104748,0,107.412512345748,66.5426900032239,99.0534372071962,126.062386014245,8.05105979959599,46.5510823794291,27.0673067833494,164.275599553035,110.57940308944,133.919433230445,47.4145741564162,82.1824226379395,143.934057871501,64.2940068982311,188.529678344727,69.6447847154405,130.458850860596,30.709911608696,0,0,0,0,219.47966003418,152.918768310547,243.038177490234,72.496456010001,0,58.9124818473566,186.546028137207,0,0,109.868249719793,86.8414227335077,83.9004917144775,0,0,95.7647151947021,0,173.096206665039,39.8734639623891,80.5327941231106,84.8007620402745,220.351501464844,146.824630737305,185.81379699707,80.9891211645944,0,0,102.780560811361
117.82185680505,54.0136667076946,35.1061654598324,57.5436745470727,163.946943495009,166.076490129743,168.38125424636,132.883126340448,145.608269657947,137.635939509694,154.714438584051,34.6592676388764,162.740839640299,41.9614473969694,136.394568246098,158.961960763642,110.553308963776,34.5490837700189,29.9296350125579,30.3435525761086,176.127571105957,102.980608923245,95.3148678910618,64.7808727324862,142.419271921304,46.5510823794291,17.0626365914509,49.0255319913967,137.402345957166,131.397319449148,114.683471168911,33.1354373299674,137.369121360779,120.646049753825,69.3417835165672,193.924808502197,108.426643958459,105.28972860483,84.4690916979754,210.692779541016,0,204.021636962891,199.591535568237,191.014099121094,191.091033935547,200.43896484375,120.169295468538,211.099388122559,87.4637428362345,198.017044067383,0,178.295099894206,115.467705845283,108.596082042915,110.049927233235,0,156.057597690158,132.05025264195,127.484358916412,182.58356071921,77.0552881128648,102.471552702653,105.26636377513,213.282888139997,179.453097175149,164.41657409668,111.107771712742,0,160.765614827474,119.320994628103
132.639838809059,30.6938686765548,37.4871473011507,47.4915136183093,133.967989002575,153.454231262207,155.885519586428,117.758591793121,148.741115952889,115.312688880547,140.735987605219,71.2066165632853,170.501385392814,37.6736203122269,144.460786488939,143.355825106303,33.7507149430032,68.3033119224076,68.8364315617192,66.9481824781508,154.562602996826,77.3286772501716,35.943544081508,56.3584945033542,94.4192532595558,27.0673067833494,49.0255319913967,17.3421739589426,90.7452034534251,134.30441396044,112.699990274542,38.2032904891149,143.356875828334,125.664667646286,73.4650269781102,172.437642636506,84.6617146578702,99.1132029037029,59.0025632114734,145.213122049967,141.066864013672,201.464533487956,172.801870492788,200.688234601702,172.533681640625,203.175354003906,120.783068180084,0,97.0471005864168,194.160753664763,0,101.085203332721,113.716383851869,113.591235413843,115.286040939203,0,125.367144716703,57.097374804427,109.459913189236,167.652794392904,83.309973564148,105.897235435776,98.7230089739036,165.238048270897,171.907549843859,151.00264635478,113.860728497775,150.553314208984,150.163453420003,117.260247071083
83.6111754049986,120.214148101807,86.9828274909486,55.6027218482074,19.6840591299349,138.826659520467,65.8360979234006,31.1366414882221,81.7904185167173,54.6971770872499,30.1926590826071,154.917075796226,49.8809342720898,173.308047485352,95.1640137892503,78.9435784051178,48.6910859479566,132.266955575682,152.9664861891,148.025346773807,29.601264722186,24.8510451884755,57.9537586423759,56.6022232942823,18.7148850692244,164.275599553035,137.402345957166,90.7452034534251,11.8398828962199,89.0253561529966,40.3034341890744,167.519796198065,140.943090092052,68.0895420550574,75.5164330072108,134.762699890137,131.912933349609,160.943709309896,77.5155378034038,38.7887048412481,199.071304321289,157.681984652006,123.912384622187,155.565048651967,99.1500392816006,144.913449287415,226.277671813965,47.2104971909229,221.727310180664,158.020283782691,173.958826700846,114.498163971246,190.417665209089,195.328056335449,206.371078491211,55.2358466478494,127.799775734926,97.0471667778201,153.334582396916,109.083717290906,157.396423339844,194.902196044922,155.189096190713,122.810814533884,146.142970586706,124.580287472955,0,203.761409759521,137.032736243271,146.539944728958
23.1184379719933,123.087962506765,134.773853718993,79.9819027654509,99.4472157098109,22.9567396172455,55.5511193401906,83.8710720112729,41.8993580488973,88.668595547498,97.6576860104865,75.7770729357309,107.167062396409,97.6175652165567,23.0897004066977,58.7578055749532,97.2447359085083,112.765582107204,113.360334664583,118.153395530021,106.915820969894,68.5317399246224,91.1263092912946,99.2456581739087,86.2677379807025,110.57940308944,131.397319449148,134.30441396044,89.0253561529966,12.1399928965307,37.2275474315974,125.543691488413,14.4454079832723,17.1323784994249,41.8996706063008,149.300737592909,113.042098999023,168.984575544085,101.877142826716,153.021593093872,0,201.412770589193,156.908574245287,192.919286939833,102.732386016846,182.408042060004,179.960594177246,150.798548380534,160.244085693359,179.094143577244,0,126.137374030219,181.677385666791,184.069931030273,172.162645975749,148.50016784668,137.005029577958,104.352722167969,180.352770575162,144.291565769124,0,187.115938972024,175.923145740063,149.090035885572,168.059437609733,151.035938636929,168.592437744141,238.744049072266,142.144540405273,173.103682546905
33.9992640267178,110.761546387964,84.499928429365,56.4349568014173,92.4341910226004,121.331423441569,110.315669841595,21.8190507566019,74.9950023436619,63.36145098275,85.0884354039814,115.493074715137,130.792056492397,158.664039611816,53.7068029589576,115.110113877517,69.7042685414924,85.3876956811112,134.023915346931,107.178641913649,116.739802641027,34.4160352878768,57.181318677539,60.3778914160896,70.849827225494,133.919433230445,114.683471168911,112.699990274542,40.3034341890744,37.2275474315974,10.8584945671229,152.275718935074,135.069019116853,40.2903273488159,43.4482614430961,132.99033095197,0,153.057622909546,77.9302332417948,144.209587097168,0,165.955454508464,135.246747056977,175.434800284249,96.6002684093657,179.314340591431,197.553614298503,0,184.196634928385,156.915199573223,0,109.580225917271,170.216057913644,188.950567626953,200.280841064453,0,116.220447937648,76.7959663470586,136.810456506137,119.470692362622,0,176.791179233127,156.627924130287,122.077645482244,140.812286863936,121.842629757443,225.67529296875,0,123.671578011862,136.977509634835
152.175463104248,73.3100633332224,92.6385559558868,67.7794939302931,192.620086669922,101.08203125,154.392046311322,167.474642011854,154.148775312636,139.81969388326,188.793306350708,40.4504051407075,169.83126449585,17.2142855178823,133.821159419307,141.814094543457,125.190904998779,85.4072752352114,51.7580594192316,58.9452542960644,196.541397094727,134.953159332275,102.17681314859,115.354499722704,155.853964872138,47.4145741564162,33.1354373299674,38.2032904891149,167.519796198065,125.543691488413,152.275718935074,8.94415854424715,99.4525740250297,150.3571434021,74.2176414386993,169.099365234375,120.867463429769,151.333023071289,71.4441764831543,0,0,0,218.504455566406,0,182.000419616699,0,104.294382581524,0,83.9104868964231,224.950614929199,0,232.991546630859,168.16057671441,107.931987415661,120.025421990289,0,0,0,160.121932983398,199.445526123047,83.6822040442264,103.776161233174,108.085829175752,0,246.081832885742,0,102.528947798932,0,0,133.929973602295
103.163507843018,0,175.774795532227,116.032806396484,138.387907981873,9.22856466830248,22.1885581267564,124.512097167969,18.3754657732337,128.671662764116,117.96809329699,63.8378058642876,107.79053262983,84.2827965094119,18.3969226214806,41.1052240595087,0,158.390818876379,97.856865826775,128.777781422933,121.881529998779,165.17301940918,118.146214294434,152.033378601074,122.08957502577,82.1824226379395,137.369121360779,143.356875828334,140.943090092052,14.4454079832723,135.069019116853,99.4525740250297,4.97301903228138,183.45573425293,36.6445982784033,238.990905761719,0,0,162.363731384277,0,0,0,183.816537475586,236.698196411133,0,0,0,151.82389831543,109.514762878418,203.414179484049,0,0,227.587997436523,0,0,0,211.915451049805,0,0,195.195278167725,0,151.492523193359,216.077743530273,201.238632202148,198.105611165365,227.956085205078,0,0,0,220.296875
38.669761517726,121.948125203451,100.397209530785,62.6259752758861,84.5530689239502,147.192337036133,108.37056795756,77.2854486807799,95.4802565020184,73.4557734956133,92.9939591988273,104.056118146111,106.293487548828,113.31946182251,72.5746607817421,96.0230919974191,87.4752870447495,96.0735006263788,125.777549743652,107.325898862353,107.090266227722,56.1116301096403,62.7178290517707,80.9774419584163,73.0698908400261,143.934057871501,120.646049753825,125.664667646286,68.0895420550574,17.1323784994249,40.2903273488159,150.3571434021,183.45573425293,7.9431672960921,26.3430022868609,0,0,169.568862915039,83.9129819869995,0,0,0,142.717464246248,170.116416931152,72.3666854858398,155.378061930339,226.99299621582,116.776954650879,229.863815307617,157.746898651123,0,118.778887235201,171.298084259033,171.616038004557,192.391759236654,0,117.557110468547,74.3936680385045,137.598804473877,126.859923498971,0,153.43616104126,169.260121154785,129.535963752053,154.127861022949,123.98665301005,0,0,134.23993174235,140.760599136353
66.5415758280994,60.1724472758186,70.0988046642996,69.2943323516846,101.394256591797,36.876680132709,90.79835111609,95.6953093676063,74.7580472729838,102.322946515577,100.991453402397,27.6692924343577,104.255289852619,69.1150936859333,55.8453534120633,100.640214746649,78.285229897385,47.1722157927299,59.7031897634015,47.224782094597,100.917215039653,42.4419429429617,73.6763747199889,49.4504247722578,93.2152061903772,64.2940068982311,69.3417835165672,73.4650269781102,75.5164330072108,41.8996706063008,43.4482614430961,74.2176414386993,36.6445982784033,26.3430022868609,12.1843784973749,155.589887445623,101.049931662423,111.657184028625,71.2474823679243,106.791366577148,213.009613037109,0,161.266698097696,208.920398712158,139.072063446045,164.17614364624,141.539972032819,168.220878601074,117.70881877226,186.987247043186,0,122.50169645037,129.9472719245,130.499447872764,130.867528991699,0,131.98537679819,88.0427415885177,129.469005211852,146.274106007702,105.625910758972,119.624029903547,117.626461346143,147.799733111733,172.613594337746,142.572581666889,128.449008178711,176.375747680664,145.234924316406,136.084274715847
135.602787017822,0,193.248291015625,92.7037694594439,169.754241943359,0,161.398330688477,157.85547156083,166.482250507061,100.177721659342,180.94569905599,201.137924194336,0,199.742441813151,171.848091574276,0,150.355861663818,193.369232177734,0,186.322525024414,190.435653686523,134.403429667155,0,169.122760170384,131.245614842006,188.529678344727,193.924808502197,172.437642636506,134.762699890137,149.300737592909,132.99033095197,169.099365234375,238.990905761719,0,155.589887445623,10.2786746196638,119.09744866689,116.378837917162,72.3425502869242,97.0639684925909,114.153450012207,105.553839617436,23.8359072480455,46.345075453806,72.5691180097947,55.1509327948093,133.329520685067,104.186126806797,151.942196316189,17.0795786795978,106.707662582397,92.5427774996371,109.622600178779,131.647796770209,123.7916381644,87.0594805203951,78.6323006425785,77.205644024743,93.2564631693678,78.3935174624125,124.617525736491,127.480155660214,138.236601488306,84.0559879071785,26.5787339399093,23.0399931612553,152.408831357956,105.441610063825,41.6586152762175,75.0829076314632
0,31.2374912897746,70.2984490966797,12.5288661156578,0,0,0,143.279750823975,136.340255737305,0,0,110.781578063965,0,90.9427888658312,187.663551330566,0,0,95.8417621411775,96.3131637573242,119.766804377238,0,139.827045440674,177.21858215332,81.9567399342855,184.030006408691,69.6447847154405,108.426643958459,84.6617146578702,131.912933349609,113.042098999023,0,120.867463429769,0,0,101.049931662423,119.09744866689,5.64828649671131,43.264899198674,12.7375490640339,153.453826904297,0,187.898522694906,119.410588050956,160.404604593913,71.514058442095,141.551383972168,72.5332923848578,133.094161987305,51.1862881030837,139.212349301293,115.084182739258,68.9438097476959,56.7211703853713,72.0750357844249,59.2446602693195,189.351181030273,108.004960741316,16.2857926142032,62.6472432280538,82.3083277424489,24.6446262796334,52.3895807534788,30.7735510175068,120.243053012424,120.652959511497,102.475426132615,71.6559144973755,101.103946261936,105.998783111572,60.4845693794785
181.393091837565,96.9942596435547,94.0124125106955,63.9201560723977,205.148040771484,0,198.072908673968,169.178513138383,195.776150043194,0,206.432247161865,146.717185974121,0,125.951616075304,182.513541666667,0,104.677930278163,111.635077588312,136.270262145996,115.621266291692,205.174873352051,130.928005919165,87.5078198359563,110.467782827524,166.978887557983,130.458850860596,105.28972860483,99.1132029037029,160.943709309896,168.984575544085,153.057622909546,151.333023071289,0,169.568862915039,111.657184028625,116.378837917162,43.264899198674,15.1346852249066,59.8795977986377,149.391767328436,168.584815979004,140.151872634888,97.1825264655768,127.399911220914,125.259228020384,115.387212925439,98.2405562312841,157.261158534459,101.651389014203,125.69721118081,145.456259409587,86.9049759651851,41.0665394735443,86.2550476238292,76.5367066197376,141.151587350028,66.8716559245669,54.4382919735379,30.9235208461595,117.847873920703,107.315214157104,39.1856717858873,39.6868743238703,86.7621828285424,148.421070295511,84.5740898723153,97.7134066339749,171.568007659912,102.926165861242,82.6899229608494
