9.96306188804374,115.06040802002,85.7473999820538,72.9502024183086,87.4937879774306,83.9381679188121,62.7894947745583,17.1438082506193,37.0516153310424,57.9232112169266,63.021523977515,0,87.4562265078227,166.026473999023,15.8414424214449,27.2513215001424,98.0394630432129,99.7508537189381,135.993515014648,122.282776832581,95.2301216125488,73.6492184946093,92.1158522033691,84.2510410418176,77.1889316175626,132.005523681641,115.400568357656,110.48922030131,63.4746396376162,16.531863532714,26.9256125510227,0,86.5401972895083,33.2249825447798,60.1714580858334,145.471313476562,0,0,129.727828979492,129.955169677734,0,0,118.316157023112,166.638565063477,0,167.48095703125,0,0,0,0,0,193.746882120768,184.523788452148,0,0,126.096096038818,0,119.339378356934,105.338607788086,158.477294921875,0,0,194.06103515625,146.581403096517,0,122.36003112793,0,0,0,0
115.06040802002,8.62901224655526,35.9083802472656,24.8427774731594,138.237289428711,0,161.019963582357,108.328525836651,152.170063899114,60.3904062112172,143.456196594238,69.4067211151123,118.312843322754,60.9183672124689,147.328855895996,148.03678894043,69.5317876839343,51.5663811328799,82.2900969765403,63.0141050598838,0,86.2661640690822,13.2634165789258,60.0192411862887,101.832945377012,23.6024687169066,38.6471101838465,34.769913688506,104.414238676733,122.330207824707,99.8632494608561,70.7244369506836,178.6142578125,94.8864807128906,58.8344537437736,0,69.1635025024414,53.8367782168918,40.8373326372217,0,0,0,0,159.021011352539,0,0,67.1490678787231,0,85.9694366455078,135.502014160156,0,96.759449005127,72.5745317285711,141.738159179688,96.3444341023763,0,60.7248166402181,42.7258905410767,80.2308002048069,0,61.0633640289307,100.048493067424,88.8304472909847,0,0,174.564727783203,107.289184570312,0,0,62.292227935791
85.7473999820538,35.9083802472656,11.5115631075972,39.6230548225881,119.071504946108,142.000322341919,130.223275939624,85.4093431992964,115.64142121755,79.005295626767,114.273154326408,74.495575620417,129.929440816243,83.8131520888385,107.555646005105,133.155748255113,71.4641808439421,43.0401503526423,88.1882974836561,52.5907475575298,149.092926025391,63.4792780011989,39.8958935094375,23.3905124673504,87.7967434100123,76.1873678910105,21.5768889846206,24.1740551654912,72.9112160713889,98.2264233084638,59.4253455270046,88.9323501586914,166.430852617536,90.6871402021767,55.472840261374,134.786491394043,82.0052176082835,84.8665394487052,66.6961113611857,176.035053253174,0,184.089126586914,154.580323439378,195.542221069336,122.352233886719,175.688938685826,117.856300354004,0,0,179.374786376953,0,143.605627441406,96.9871626581464,0,121.416822160993,169.528129577637,101.151151021322,63.7102330942623,108.1915527735,157.213399020108,85.8897590637207,100.228289900155,93.758441987245,157.855789729527,154.690567016602,141.915725708008,0,0,0,101.456970214844
72.9502024183086,24.8427774731594,39.6230548225881,33.9082628008882,83.6643752164619,137.879821777344,104.882922877436,54.3498280605423,98.2865125094212,12.6681387219062,86.5165827417948,70.3000076060392,85.7987883431571,62.9016184806824,100.29393690776,82.2217671076457,45.2850470336557,53.9452195827112,74.9287831923541,68.4521341815437,67.0915729638302,56.5150918491966,21.7736184796066,50.6820146954466,42.2133037611979,36.498083926918,43.1592205412413,43.0566569413363,54.0989405856441,83.256582279142,58.2484387217702,77.8179092407227,141.39576848348,66.8593245639077,63.8116127300464,75.2800941467285,66.9819213322231,58.2861916497843,24.5118889993834,92.0749558948335,140.601722717285,111.29229888916,73.6683694048626,109.637359619141,30.9045654737032,100.915783633357,54.8930854797363,104.853874206543,79.5461521148682,110.286438651707,136.711456298828,82.6013719118558,69.7917601486732,56.2107200622559,74.0498174470046,90.035586270419,89.068076133728,41.4039871509259,80.4832678686214,57.694828414917,41.2741192059639,68.0634819984436,63.7694409405744,75.3535969382838,106.546054425447,66.6343409889623,0,140.759780883789,82.0235532124837,79.3021951719772
87.4937879774306,138.237289428711,119.071504946108,83.6643752164619,8.749070060407,149.930088043213,61.854091295632,77.5364813804626,91.8896707143539,61.020649285152,15.6873075464136,0,19.2494736679416,0,105.797775798374,69.9622666676839,93.431432723999,150.12890625,0,0,8.78862359387881,108.726102193197,99.490052541097,104.283723657781,18.6862844153352,0,153.102495366877,126.325988345676,14.2942908965903,104.893024526617,118.886077880859,0,142.970741271973,92.1224737984793,98.5436852195046,149.735305786133,0,0,95.5493780282827,9.57604396795925,224.083938598633,121.369697570801,134.29852549235,157.188700358073,68.0331268310547,125.321241085346,0,12.7452542509906,0,138.929759025574,71.3064346313477,140.308258056641,0,0,0,12.6386740948604,0,60.4439582824707,0,72.2184100937057,0,0,0,63.1856471962399,123.552500406901,127.464172363281,0,0,0,121.91038949149
83.9381679188121,0,142.000322341919,137.879821777344,149.930088043213,7.70703500748442,11.9990274971985,118.035515785217,24.7331379634063,104.240620136261,126.664884903852,0,120.030928409461,0,29.7846819939342,13.0543346649306,158.872375488281,0,0,0,128.446008300781,155.511447906494,0,145.237194061279,128.900647027152,0,212.714248657227,193.536010742188,124.196236243615,25.7962976469629,119.855076182972,0,12.4648916330332,101.688278198242,31.5819744859005,0,0,0,0,0,0,0,0,0,0,0,0,132.315734863281,0,0,0,0,0,0,0,0,0,0,0,151.954833984375,0,0,0,186.885475158691,0,0,0,0,0,0
62.7894947745583,161.019963582357,130.223275939624,104.882922877436,61.854091295632,11.9990274971985,10.311223867444,67.0162212014583,19.1942211127937,85.1671343394688,35.7685809572123,45.9749450683594,23.4438477766595,0,29.7237700045954,11.4116656394956,110.950228146144,154.907703399658,0,189.291931152344,58.0129785471146,121.533593570485,116.40971918309,122.795750879043,65.8019803397021,199.202041625977,163.296620820698,141.886332327859,66.2742027332945,42.080617644234,100.427072661264,0,20.2241134273608,87.8365242050355,59.2009432035929,136.85378074646,0,0,123.820373535156,160.726763248444,0,0,140.340347290039,190.176946004232,123.259087880452,177.692684173584,0,80.9225687729685,0,198.749771118164,0,0,217.680908203125,0,0,163.525785173689,0,133.942900085449,0,128.682740317451,0,0,232.121803283691,160.336265895678,169.633903503418,0,0,0,175.070724487305,166.89480082194
17.1438082506193,108.328525836651,85.4093431992964,54.3498280605423,77.5364813804626,118.035515785217,67.0162212014583,10.4945424240713,58.7715127125285,47.4914833436932,17.0018525407428,211.763290405273,55.7279450924366,148.323486328125,35.4706596945644,77.8977734701974,77.3551173423653,105.827032627204,0,120.79584842258,58.2296026981238,66.6239121243415,74.5448485817371,75.7656249597924,46.8008375267637,0,116.191034278091,96.70587763579,17.2639567734528,70.0076793540514,13.9425826654936,179.712631225586,117.074763736209,61.5450780611512,72.2753916270775,126.54359096951,0,186.142501831055,81.2136584866431,132.736878585815,178.140884399414,155.294745551215,117.076108775419,158.290153503418,94.304460144043,140.569300932043,0,151.643923950195,0,156.450939602322,0,148.941020965576,0,0,0,134.9190670511,0,77.5264663696289,129.204137529646,102.884326492531,0,0,153.490646362305,122.15190633138,159.225210189819,117.819374084473,0,0,149.771154403687,137.919783455985
37.0516153310424,152.170063899114,115.64142121755,98.2865125094212,91.8896707143539,24.7331379634063,19.1942211127937,58.7715127125285,10.4045835489986,86.5582085873218,40.4002194533999,190.271598815918,65.1156841995049,132.142986297607,18.2703375363546,25.601810633435,103.403994482917,130.971291842526,0,157.528178495519,84.4882331273221,100.562903170456,108.131154804439,109.27879639296,72.9467131761129,171.329647064209,143.273859325697,131.481529829745,70.3599219511633,38.1541093314107,77.2462818989247,0,28.8390059152433,76.710654330613,51.5654278828299,164.366323471069,0,0,111.705511654125,147.341011471219,0,180.041698455811,146.724225264329,162.777284894671,106.377042388916,163.736347743443,0,123.19847869873,0,195.321266174316,0,170.115575154622,201.362884521484,0,0,153.194116319929,0,145.126375834147,212.437629699707,137.774994205784,0,185.694969177246,185.263160705566,158.466455459595,178.575375366211,155.844863891602,0,0,0,175.515363057454
57.9232112169266,60.3904062112172,79.005295626767,12.6681387219062,61.020649285152,104.240620136261,85.1671343394688,47.4914833436932,86.5582085873218,7.56204846676183,78.1854504792587,156.272796630859,11.9408005695899,128.912868499756,90.2328710668227,16.1532056905369,51.487409510511,101.761717987061,0,121.124354771205,30.9597451222018,63.2210997756647,19.1007841990406,72.515871561196,21.0466219715638,112.126815795898,107.446971511841,91.1933760113186,50.5778993811974,78.262529451339,53.5807637386089,0,146.139335632324,59.283732042245,72.6125328814397,95.8127104441325,0,0,45.6763054697137,96.166588632684,154.167510986328,135.740835571289,94.0580231348674,128.903981526693,50.0742983451256,118.935226772142,0,97.1050765173776,0,116.729550679525,0,132.586298624674,105.963470458984,0,0,109.71169128418,113.898284912109,53.2333269119263,105.473546346029,80.3291068606906,0,0,133.435111999512,95.761968201282,125.767869567871,92.6301898956299,0,0,105.523002624512,117.337608337402
63.021523977515,143.456196594238,114.273154326408,86.5165827417948,15.6873075464136,126.664884903852,35.7685809572123,17.0018525407428,40.4002194533999,78.1854504792587,10.3864220443535,0,21.0065417868126,0,47.7930694615916,75.8158562031198,83.594704284668,160.94856262207,0,0,12.2482984906888,101.910625946827,99.3581761505644,103.130919948844,51.3905331223283,181.43359375,147.818809661865,111.940829989276,22.7210687624263,89.9579797520821,96.5898143132528,0,128.403811996048,81.3929246008013,93.1323552131653,177.2937596639,0,0,96.1875070844378,63.6433199592259,0,186.198181152344,151.813525729709,159.95908203125,126.492126464844,178.776757558187,0,54.9651555418968,0,0,0,0,0,0,0,161.574072943793,158.17936706543,101.145000457764,167.977890014648,124.606159294976,0,0,168.897964477539,161.126894632975,193.233993530273,0,0,240.849716186523,0,183.716417948405
0,69.4067211151123,74.495575620417,70.3000076060392,0,0,45.9749450683594,211.763290405273,190.271598815918,156.272796630859,0,8.61788572970838,0,16.6324084634611,180.0126953125,0,138.243787493025,54.0582435000074,12.8502773553249,20.8061501447467,188.280166625977,104.540110315595,95.1795422097911,97.2906713031587,145.185888926188,26.6426292126229,26.3378859441626,40.5683873952381,137.23132019043,95.3882002397017,97.6248425570401,37.4292843260084,0,86.7945251464844,27.2721080842284,0,60.8344621658325,0,47.2365163407236,0,0,0,0,0,0,0,72.7058186386571,0,73.1716848520132,0,0,0,141.892333984375,105.109949747721,146.973983764648,0,0,146.068054199219,0,0,57.9675826846429,97.6301814488002,86.4236176878541,0,0,0,0,0,0,87.9887987772624
87.4562265078227,118.312843322754,129.929440816243,85.7987883431571,19.2494736679416,120.030928409461,23.4438477766595,55.7279450924366,65.1156841995049,11.9408005695899,21.0065417868126,0,9.06091378018881,0,96.1663197337818,12.0282306545892,100.150498390198,162.917770385742,0,197.958587646484,14.0544035813683,100.412824630737,85.277841091156,110.917663975766,23.4562688430604,0,158.559513092041,121.938042860765,50.0096788316403,94.4385495654987,109.055701785617,0,118.195176576313,88.9459603722416,90.2340819840746,105.620185852051,0,0,84.5919623741737,39.3184804077502,0,60.2143816947937,128.497473144531,100.823367004395,79.2752157847087,36.5274092249893,0,9.38727097092958,0,111.375444030762,70.8938369750977,0,0,0,0,17.16799992534,0,119.870895385742,153.971112569173,79.2971227352436,0,0,0,115.975914001465,107.23200861613,79.4094161987305,0,142.464385986328,95.4342727661133,99.7358546786838
166.026473999023,60.9183672124689,83.8131520888385,62.9016184806824,0,0,0,148.323486328125,132.142986297607,128.912868499756,0,16.6324084634611,0,6.688196192637,144.994819641113,0,125.073131561279,71.4342967987061,46.4439425432412,38.6532344170979,0,114.95286432902,93.1562781700721,106.153070068359,146.802577972412,18.3399755874477,26.2269972426955,30.3383917991575,142.749785423279,166.582120259603,139.842147827148,9.43945566347791,0,0,38.6435678159687,0,48.0016288757324,0,56.3508341312408,0,0,0,0,0,0,0,64.3391151428223,0,63.651517868042,0,0,0,0,0,118.484100341797,0,0,0,119.399681091309,0,54.1720103595568,97.349983215332,85.2968323707581,0,0,0,0,0,0,69.8713371276855
15.8414424214449,147.328855895996,107.555646005105,100.29393690776,105.797775798374,29.7846819939342,29.7237700045954,35.4706596945644,18.2703375363546,90.2328710668227,47.7930694615916,180.0126953125,96.1663197337818,144.994819641113,8.84738591970272,29.9354046968955,126.700910153596,117.671893786359,0,145.159423379337,102.847937911521,88.9259742133806,118.159646641124,101.583042132336,86.3937542634852,153.743057250977,136.867539810261,129.619066694508,72.6114025979509,17.2837521277173,56.3688517508566,0,18.5624035707445,62.6851996155672,46.1255324026125,163.165390014648,0,0,125.526529947917,175.871962411063,0,189.95573425293,150.900719778878,182.174858093262,98.9231185913086,179.874099731445,0,121.907300567627,0,191.591150919596,0,0,0,0,0,183.99144744873,0,174.39379119873,0,151.47924041748,0,198.913375854492,213.833190917969,157.344681149437,173.115961710612,145.992706298828,0,0,0,0
27.2513215001424,148.03678894043,133.155748255113,82.2217671076457,69.9622666676839,13.0543346649306,11.4116656394956,77.8977734701974,25.601810633435,16.1532056905369,75.8158562031198,0,12.0282306545892,0,29.9354046968955,6.92648498006415,94.0898895263672,0,0,143.824295043945,55.6651893163982,99.0955505371094,79.079657963344,132.577969868978,32.8954397494368,0,144.93816986084,138.223027229309,84.061613875169,34.2109988790292,91.0995694673978,0,50.9347120374441,49.6549180746078,30.4492948982451,0,0,0,101.831462860107,0,0,0,206.035003662109,0,77.9654884338379,0,0,86.1594816843669,0,0,0,0,0,0,0,183.221897125244,0,0,0,91.7026214599609,0,0,0,114.39493560791,0,0,0,0,0,190.095573425293
98.0394630432129,69.5317876839343,71.4641808439421,45.2850470336557,93.431432723999,158.872375488281,110.950228146144,77.3551173423653,103.403994482917,51.487409510511,83.594704284668,138.243787493025,100.150498390198,125.073131561279,126.700910153596,94.0898895263672,11.2794049660643,90.2864765811276,214.855590820312,117.847492218018,104.370571136475,14.5844948405697,28.7903761272606,15.1502746015006,24.0559896143018,119.647407531738,96.1308829072234,27.6578236593493,34.0537568381034,116.641655990056,72.1757697365501,117.24422454834,174.634104410807,97.7271621457992,77.1161467938155,0,75.7537212371826,103.940329118208,65.2575569152832,152.112617492676,0,0,148.678913116455,194.402038574219,100.122451782227,165.569224039714,0,138.785781860352,0,0,0,127.149871826172,0,0,0,155.127151489258,144.0537109375,67.4144653320313,110.765513333407,102.566319874355,106.391593933105,127.060106913249,149.71343421936,140.212153434753,217.241546630859,148.91300201416,0,0,201.028884887695,111.324310302734
99.7508537189381,51.5663811328799,43.0401503526423,53.9452195827112,150.12890625,0,154.907703399658,105.827032627204,130.971291842526,101.761717987061,160.94856262207,54.0582435000074,162.917770385742,71.4342967987061,117.671893786359,0,90.2864765811276,9.98274965198001,55.1319361138851,23.2940700033392,111.005966186523,47.2027073792295,71.6052066802979,17.7314108095737,117.292538866585,68.9056041717529,22.3710048177353,61.4914451975621,103.852266340327,68.5736816020699,70.0980265669501,81.6378631591797,178.080673217773,84.5035403067606,34.0003870393787,167.278884887695,0,93.3257427215576,90.8826622009277,0,0,0,154.625203450521,0,0,179.538040161133,0,0,128.679794311523,0,0,107.228073120117,109.702235031128,0,112.518657260471,0,164.085418701172,93.5072040557861,125.899203709194,185.877792358398,145.681732177734,103.939423351753,104.545981137258,177.797874450684,200.357284545898,156.166595458984,0,0,0,118.005964660645
135.993515014648,82.2900969765403,88.1882974836561,74.9287831923541,0,0,0,0,0,0,0,12.8502773553249,0,46.4439425432412,0,0,214.855590820312,55.1319361138851,6.56594509007097,11.6209505080684,0,122.175771440778,127.817094167074,107.004897223579,0,49.3013270622076,17.6089930287002,56.5234595867766,144.880935668945,141.368698120117,127.500974019368,53.3502815923383,0,0,53.6319454848164,0,0,0,0,0,0,0,0,0,0,0,0,0,0,0,0,0,0,0,126.276901245117,0,0,0,0,0,84.7747406005859,169.255737304688,118.409172603062,0,0,0,0,0,0,0
122.282776832581,63.0141050598838,52.5907475575298,68.4521341815437,0,0,189.291931152344,120.79584842258,157.528178495519,121.124354771205,0,20.8061501447467,197.958587646484,38.6532344170979,145.159423379337,143.824295043945,117.847492218018,23.2940700033392,11.6209505080684,9.20334410532918,0,92.9221062690981,85.8910897720692,78.4924608333945,134.214373779297,44.7523544713071,19.541905461546,63.4033132186427,120.033037359064,115.84543631627,97.7432645315147,50.7331446026443,189.573348999023,108.199580128988,40.8762812474616,0,101.10955657959,124.274719238281,78.7093861897786,0,0,0,187.030242919922,0,0,0,0,0,116.103336334229,0,0,189.828216552734,137.937875747681,0,113.914438247681,0,0,144.958953857422,181.731460571289,0,84.9940571255154,107.4943040212,108.529154368809,192.918446858724,0,0,116.421569824219,0,0,108.974044799805
95.2301216125488,0,149.092926025391,67.0915729638302,8.78862359387881,128.446008300781,58.0129785471146,58.2296026981238,84.4882331273221,30.9597451222018,12.2482984906888,188.280166625977,14.0544035813683,0,102.847937911521,55.6651893163982,104.370571136475,111.005966186523,0,0,7.3328828169421,140.520904541016,95.8165395259857,130.109396616618,15.4979507814046,0,169.056945800781,132.901272243924,23.6370020046334,95.7607796690594,88.6929550170898,0,126.758171327652,85.6536178588867,91.1741067836347,152.361270904541,0,0,66.6523990631104,11.2560260168428,0,151.238410949707,130.468765767415,154.052093505859,93.8689756393433,156.925685628255,0,12.5363817927434,0,173.453117370605,0,0,0,0,0,39.1905666842605,148.807739257812,138.873626708984,0,109.156601190567,0,0,0,133.768717119771,175.169773101807,0,0,0,0,141.714208602905
73.6492184946093,86.2661640690822,63.4792780011989,56.5150918491966,108.726102193197,155.511447906494,121.533593570485,66.6239121243415,100.562903170456,63.2210997756647,101.910625946827,104.540110315595,100.412824630737,114.95286432902,88.9259742133806,99.0955505371094,14.5844948405697,47.2027073792295,122.175771440778,92.9221062690981,140.520904541016,8.60179737859187,46.0255097497666,19.7570153140453,24.0255240679668,127.082271575928,87.2634044469789,76.756140815166,21.0336172211432,74.0127711532809,18.6687169150569,95.0903244018555,150.651275634766,32.6521370354582,43.0013578322758,0,0,117.599098205566,90.3011501857213,205.116821289062,0,154.735717773438,151.411659240723,0,98.9491920471191,182.157653808594,0,0,0,171.697059631348,0,0,0,0,150.775283813477,198.897552490234,188.029281616211,91.1310974121094,119.787841796875,133.016366958618,0,145.493357340495,147.128657870822,139.120106697083,187.676094055176,202.811935424805,0,0,0,159.401519775391
92.1158522033691,13.2634165789258,39.8958935094375,21.7736184796066,99.490052541097,0,116.40971918309,74.5448485817371,108.131154804439,19.1007841990406,99.3581761505644,95.1795422097911,85.277841091156,93.1562781700721,118.159646641124,79.079657963344,28.7903761272606,71.6052066802979,127.817094167074,85.8910897720692,95.8165395259857,46.0255097497666,7.9963832542241,38.5896226771309,25.6963097619643,64.1262929084973,75.0903727303469,37.4802357419892,64.9966526320221,86.8627571573063,59.0495745570784,118.001913070679,162.00373840332,65.557437980568,63.8871362451119,0,49.1526969909668,59.0864899547388,33.6003356595193,0,0,165.746215820312,97.6933746337891,159.523612976074,39.2151145935059,149.16312953404,106.338733673096,229.760704040527,81.1093444824219,146.595129648844,0,65.0186074574788,77.4357094042229,0,107.379071916853,156.482215881348,97.6101928710937,27.4337722420692,66.3615126037598,124.434764385223,82.1669276101249,89.5205686950684,73.3775886086857,111.12567782402,127.583026885986,86.7131678263346,0,0,73.4584884643555,91.330041885376
84.2510410418176,60.0192411862887,23.3905124673504,50.6820146954466,104.283723657781,145.237194061279,122.795750879043,75.7656249597924,109.27879639296,72.515871561196,103.130919948844,97.2906713031587,110.917663975766,106.153070068359,101.583042132336,132.577969868978,15.1502746015006,17.7314108095737,107.004897223579,78.4924608333945,130.109396616618,19.7570153140453,38.5896226771309,12.8158694713841,60.9725773495015,108.066347122192,64.2666000765423,36.6257917347529,43.8749873912211,89.8724889352288,37.9610399494939,113.716726303101,165.668458121163,78.5782934046806,48.3945142123482,185.216865539551,100.177875225361,95.4983181423611,71.2722542898995,173.022891998291,0,154.499893188477,155.021431514195,188.787750244141,125.578161621094,171.261515299479,0,0,0,186.349749755859,0,148.55500793457,118.996090058357,0,0,199.173309326172,151.097396850586,75.8067645320186,108.612341371301,149.035205205282,124.05265045166,123.076516045464,118.934819308194,145.39603805542,195.93078994751,150.10237121582,162.382629394531,0,0,133.459084192912
77.1889316175626,101.832945377012,87.7967434100123,42.2133037611979,18.6862844153352,128.900647027152,65.8019803397021,46.8008375267637,72.9467131761129,21.0466219715638,51.3905331223283,145.185888926188,23.4562688430604,146.802577972412,86.3937542634852,32.8954397494368,24.0559896143018,117.292538866585,0,134.214373779297,15.4979507814046,24.0255240679668,25.6963097619643,60.9725773495015,9.96503917884453,150.076307024275,116.065581383064,76.9432179013138,15.9296510921414,82.368070171061,65.2469745359559,0,126.477334395699,67.3509146179614,81.621850737364,118.445663452148,120.415594100952,167.207620620728,52.4714674845229,102.223795673122,165.296981811523,132.872498914931,108.157462612009,135.977114118379,75.4067816580496,126.749424379522,0,100.34192811021,0,136.898979000929,144.87801361084,132.486051082611,166.574447631836,0,176.828872680664,116.11972802317,124.423641204834,86.3410658725472,121.706729595478,83.0840385522928,0,139.498911539714,175.383415222168,113.791989431507,143.64243107216,121.7890786065,0,225.641448974609,129.65185383388,136.283133925053
132.005523681641,23.6024687169066,76.1873678910105,36.498083926918,0,0,199.202041625977,0,171.329647064209,112.126815795898,181.43359375,26.6426292126229,0,18.3399755874477,153.743057250977,0,119.647407531738,68.9056041717529,49.3013270622076,44.7523544713071,0,127.082271575928,64.1262929084973,108.066347122192,150.076307024275,10.2673572990523,35.5027835262425,25.752459379301,154.776608276367,168.052228927612,138.577770233154,43.5889625992886,0,127.732131958008,40.4300198611211,0,54.7538319481744,0,31.3529144879934,230.284057617188,0,0,0,0,111.033763885498,0,57.9553621429758,0,63.4621777852376,0,0,0,96.9551124572754,79.2141830444336,69.1447013854981,0,0,87.0978584289551,0,132.140605926514,46.4331057270044,79.5576921883276,72.4666091476811,170.343246459961,0,190.266403198242,88.685671488444,0,0,72.2941821554433
115.400568357656,38.6471101838465,21.5768889846206,43.1592205412413,153.102495366877,212.714248657227,163.296620820698,116.191034278091,143.273859325697,107.446971511841,147.818809661865,26.3378859441626,158.559513092041,26.2269972426955,136.867539810261,144.93816986084,96.1308829072234,22.3710048177353,17.6089930287002,19.541905461546,169.056945800781,87.2634044469789,75.0903727303469,64.2666000765423,116.065581383064,35.5027835262425,9.98737463236336,22.3928913681591,109.381132628787,131.908566038812,92.5929909797564,26.8574590621976,182.855842590332,114.188970794678,47.0594277114184,182.280035400391,105.323060312579,98.0279336459395,82.8668982432439,0,0,0,147.074729919434,234.043579101562,107.95491027832,204.760322570801,100.057006142356,189.446182250977,103.941390697773,216.268035888672,0,157.002038138253,111.511834346887,101.600503031413,97.0892427433172,190.743423461914,124.476295471191,94.5069841238169,129.822832280939,156.019900928844,74.6112449956695,91.4931275470868,93.560797617429,188.550086975098,204.099655151367,131.084117889404,103.443286548961,0,0,98.4559749934984
110.48922030131,34.769913688506,24.1740551654912,43.0566569413363,126.325988345676,193.536010742188,141.886332327859,96.70587763579,131.481529829745,91.1933760113186,111.940829989276,40.5683873952381,121.938042860765,30.3383917991575,129.619066694508,138.223027229309,27.6578236593493,61.4914451975621,56.5234595867766,63.4033132186427,132.901272243924,76.756140815166,37.4802357419892,36.6257917347529,76.9432179013138,25.752459379301,22.3928913681591,13.2255094340903,83.901380526309,127.681361020845,89.8899898529053,12.4753707625876,185.288286481585,109.959463312385,63.6444616777876,0,106.571520703904,95.6255462570946,79.2952565383911,185.872245788574,0,0,173.325913169167,0,120.351406097412,183.440200805664,93.2127133369446,226.469772338867,101.729239099676,197.535247802734,0,132.641007995605,117.230768540326,112.710489182245,105.02903084133,207.191818237305,147.340559387207,108.416296413967,136.963789463043,163.344766235352,76.7667043792056,100.071288895433,100.293448369013,176.08854675293,205.473861694336,146.539360046387,117.14591245298,0,0,100.200460730659
63.4746396376162,104.414238676733,72.9112160713889,54.0989405856441,14.2942908965903,124.196236243615,66.2742027332945,17.2639567734528,70.3599219511633,50.5778993811974,22.7210687624263,137.23132019043,50.0096788316403,142.749785423279,72.6114025979509,84.061613875169,34.0537568381034,103.852266340327,144.880935668945,120.033037359064,23.6370020046334,21.0336172211432,64.9966526320221,43.8749873912211,15.9296510921414,154.776608276367,109.381132628787,83.901380526309,10.6857266848705,83.5576229190243,32.4655343309283,175.061393737793,130.914091055734,67.4963520150276,70.5025796912415,131.56795501709,0,165.924604415894,77.6859360195342,77.2244864781698,239.392837524414,156.681975301107,120.700683855031,158.426471252441,86.6686940686456,152.296999736005,0,99.7167269897461,0,156.442398643494,182.985145568848,157.369166782924,177.959403991699,0,0,143.807380227482,145.137481689453,124.304153442383,143.655456034342,37.3815815328483,0,185.099639892578,175.815080915179,128.911604568806,155.574313100179,115.082500881619,0,198.399826049805,136.476177215576,154.92692600597
16.531863532714,122.330207824707,98.2264233084638,83.256582279142,104.893024526617,25.7962976469629,42.080617644234,70.0076793540514,38.1541093314107,78.262529451339,89.9579797520821,95.3882002397017,94.4385495654987,166.582120259603,17.2837521277173,34.2109988790292,116.641655990056,68.5736816020699,141.368698120117,115.84543631627,95.7607796690594,74.0127711532809,86.8627571573063,89.8724889352288,82.368070171061,168.052228927612,131.908566038812,127.681361020845,83.5576229190243,9.17323308064767,34.910759012159,0,14.253959146602,15.1983981040553,44.194993490533,153.044905090332,99.1992263793945,204.381286621094,109.106673607459,167.753686087472,0,195.11311340332,154.959835370382,161.294067382812,124.309462411063,178.500530666775,0,106.927820629544,0,182.018600463867,0,169.24698638916,0,0,0,171.996035257975,169.976089477539,130.11096572876,147.11626180013,137.813150579279,0,0,0,158.956160055624,194.507298787435,166.970794677734,0,0,0,167.238082885742
26.9256125510227,99.8632494608561,59.4253455270046,58.2484387217702,118.886077880859,119.855076182972,100.427072661264,13.9425826654936,77.2462818989247,53.5807637386089,96.5898143132528,97.6248425570401,109.055701785617,139.842147827148,56.3688517508566,91.0995694673978,72.1757697365501,70.0980265669501,127.500974019368,97.7432645315147,88.6929550170898,18.6687169150569,59.0495745570784,37.9610399494939,65.2469745359559,138.577770233154,92.5929909797564,89.8899898529053,32.4655343309283,34.910759012159,10.0738055243134,179.080062866211,135.229288736979,34.918667787226,40.854807265831,134.667681376139,113.090782165527,136.096210479736,74.284209922508,148.906892776489,0,150.935260009766,120.255791146415,160.185444423131,100.245553334554,156.925695146833,0,144.100631713867,0,171.301852416992,180.612838745117,112.24430847168,0,0,0,140.947486877441,154.856781005859,99.1844253540039,135.06424331665,111.85855588046,0,176.814254760742,141.282737731934,125.796025594076,155.019327337092,115.64868927002,0,0,110.413944244385,141.998494466146
0,70.7244369506836,88.9323501586914,77.8179092407227,0,0,0,179.712631225586,0,0,0,37.4292843260084,0,9.43945566347791,0,0,117.24422454834,81.6378631591797,53.3502815923383,50.7331446026443,0,95.0903244018555,118.001913070679,113.716726303101,0,43.5889625992886,26.8574590621976,12.4753707625876,175.061393737793,0,179.080062866211,4.77485358002524,0,0,64.9907514935448,0,0,0,77.7625732421875,0,0,0,0,0,0,0,0,0,0,0,0,0,0,0,156.738418579102,225.362930297852,0,0,0,0,90.2558924357096,110.662066141764,98.6623250787908,0,0,0,0,0,0,87.9354248046875
86.5401972895083,178.6142578125,166.430852617536,141.39576848348,142.970741271973,12.4648916330332,20.2241134273608,117.074763736209,28.8390059152433,146.139335632324,128.403811996048,0,118.195176576313,0,18.5624035707445,50.9347120374441,174.634104410807,178.080673217773,0,189.573348999023,126.758171327652,150.651275634766,162.00373840332,165.668458121163,126.477334395699,0,182.855842590332,185.288286481585,130.914091055734,14.253959146602,135.229288736979,0,5.82871377835061,98.1757278442383,38.3319166819255,0,0,0,0,0,0,0,0,0,170.449066162109,216.433090209961,0,143.76708984375,0,0,0,0,0,0,0,0,0,0,0,0,0,0,0,204.487869262695,0,0,0,0,0,0
33.2249825447798,94.8864807128906,90.6871402021767,66.8593245639077,92.1224737984793,101.688278198242,87.8365242050355,61.5450780611512,76.710654330613,59.283732042245,81.3929246008013,86.7945251464844,88.9459603722416,0,62.6851996155672,49.6549180746078,97.7271621457992,84.5035403067606,0,108.199580128988,85.6536178588867,32.6521370354582,65.557437980568,78.5782934046806,67.3509146179614,127.732131958008,114.188970794678,109.959463312385,67.4963520150276,15.1983981040553,34.918667787226,0,98.1757278442383,6.60854552394694,37.8756203017856,128.036209106445,0,0,74.2833106994629,178.399375915527,0,0,134.900040181478,163.332038879395,130.567264556885,167.877020699637,0,0,0,138.682388305664,0,118.069526672363,0,0,0,136.028244018555,0,72.4586868286133,0,124.699196285672,0,152.71142578125,0,136.814417266846,158.424280802409,136.771255493164,0,0,0,151.88737487793
60.1714580858334,58.8344537437736,55.472840261374,63.8116127300464,98.5436852195046,31.5819744859005,59.2009432035929,72.2753916270775,51.5654278828299,72.6125328814397,93.1323552131653,27.2721080842284,90.2340819840746,38.6435678159687,46.1255324026125,30.4492948982451,77.1161467938155,34.0003870393787,53.6319454848164,40.8762812474616,91.1741067836347,43.0013578322758,63.8871362451119,48.3945142123482,81.621850737364,40.4300198611211,47.0594277114184,63.6444616777876,70.5025796912415,44.194993490533,40.854807265831,64.9907514935448,38.3319166819255,37.8756203017856,12.7106346531296,153.891578674316,91.4228610992432,104.430822143555,83.4830337762833,177.663492838542,0,0,146.000120925903,199.330677032471,91.1716435750325,179.925114024769,164.093032836914,98.8051748275757,106.3234278361,169.342609405518,0,151.202214558919,105.442581939697,0,112.998135702951,171.925610860189,156.506813049316,83.6190730503627,115.342808914185,136.3725455891,63.2217632416756,112.059212639218,111.841720678867,157.815320168772,183.935162014431,174.525421142578,102.95662689209,0,0,119.433439890544
145.471313476562,0,134.786491394043,75.2800941467285,149.735305786133,0,136.85378074646,126.54359096951,164.366323471069,95.8127104441325,177.2937596639,0,105.620185852051,0,163.165390014648,0,0,167.278884887695,0,0,152.361270904541,0,0,185.216865539551,118.445663452148,0,182.280035400391,0,131.56795501709,153.044905090332,134.667681376139,0,0,128.036209106445,153.891578674316,8.352553173945,110.16115234375,94.1794751867204,71.6707443237305,89.3099917361611,87.811590830485,58.4960674169112,22.5155514116214,51.7071915633149,56.3615860849057,62.12976313591,127.787770271301,65.9158655664195,141.992822919573,18.6853073171966,26.8203374689276,75.4816144837274,91.3451342452825,136.474362691243,110.231742773163,85.5965564727783,65.1708220505133,72.6935595485142,85.3235064957493,62.6594175072943,128.052550421821,116.925518332841,119.064738770162,70.6226962674815,19.9435290655588,15.1063215613532,145.249290466309,122.47138671875,36.1610568694349,56.059400365821
0,69.1635025024414,82.0052176082835,66.9819213322231,0,0,0,0,0,0,0,60.8344621658325,0,48.0016288757324,0,0,75.7537212371826,0,0,101.10955657959,0,0,49.1526969909668,100.177875225361,120.415594100952,54.7538319481744,105.323060312579,106.571520703904,0,99.1992263793945,113.090782165527,0,0,0,91.4228610992432,110.16115234375,7.15826731511621,37.8216002909853,19.8183091683911,104.503524780273,0,138.259035746257,101.174419784546,156.877657110041,60.4374788327325,142.566248575846,58.9057645444517,0,65.258533188791,133.014072193819,0,64.7760262516567,55.9305493147854,67.110451965332,59.099828993793,0,72.8395841305072,18.4111188110725,67.058475705393,79.0045356993463,14.6730219053742,45.3197585306005,33.4458823709603,107.17143960195,109.302454065394,89.9706814105694,68.0978630610875,191.61434173584,104.461213429769,48.0599482624406
0,53.8367782168918,84.8665394487052,58.2861916497843,0,0,0,186.142501831055,0,0,0,0,0,0,0,0,103.940329118208,93.3257427215576,0,124.274719238281,0,117.599098205566,59.0864899547388,95.4983181423611,167.207620620728,0,98.0279336459395,95.6255462570946,165.924604415894,204.381286621094,136.096210479736,0,0,0,104.430822143555,94.1794751867204,37.8216002909853,8.73431312603271,37.1245297853623,131.486204147339,162.63764444987,134.670825682965,79.4031072842873,122.054041056014,90.5974477132161,105.934551613004,90.121205329895,167.977504383434,81.6620447370741,107.731690043273,132.670203499172,66.1747578382492,41.1976687448642,117.310105641683,59.4150415600148,159.006553649902,64.6093382613603,38.1263034937333,25.7452644827607,96.496678012541,70.5809008280436,15.4144777358748,27.1714288031103,82.5268634723482,128.665599024253,60.4417632018926,80.6973114013672,170.269456409273,110.279516129267,63.5634884736248
129.727828979492,40.8373326372217,66.6961113611857,24.5118889993834,95.5493780282827,0,123.820373535156,81.2136584866431,111.705511654125,45.6763054697137,96.1875070844378,47.2365163407236,84.5919623741737,56.3508341312408,125.526529947917,101.831462860107,65.2575569152832,90.8826622009277,0,78.7093861897786,66.6523990631104,90.3011501857213,33.6003356595193,71.2722542898995,52.4714674845229,31.3529144879934,82.8668982432439,79.2952565383911,77.6859360195342,109.106673607459,74.284209922508,77.7625732421875,0,74.2833106994629,83.4830337762833,71.6707443237305,19.8183091683911,37.1245297853623,24.8385194161843,75.4665489196777,135.441967010498,102.480040359497,62.8132603743981,97.9350768283195,13.9557416485115,86.510522904507,30.1743127471603,86.7208764950434,26.7166393126324,95.1843648450128,110.344077110291,48.6602442221208,57.0115329458358,55.9243407072844,57.1836354573568,76.5470739746094,53.7615546620687,26.058975281978,44.9260270572038,41.9833005691821,12.8976377769542,45.2260491060375,40.0350486209834,56.2894217635569,86.7933973649561,51.7269562454224,62.1520419650608,141.174962997437,70.5953688067059,59.3621102415997
129.955169677734,0,176.035053253174,92.0749558948335,9.57604396795925,0,160.726763248444,132.736878585815,147.341011471219,96.166588632684,63.6433199592259,0,39.3184804077502,0,175.871962411063,0,152.112617492676,0,0,0,11.2560260168428,205.116821289062,0,173.022891998291,102.223795673122,230.284057617188,0,185.872245788574,77.2244864781698,167.753686087472,148.906892776489,0,0,178.399375915527,177.663492838542,89.3099917361611,104.503524780273,131.486204147339,75.4665489196777,8.59435876320377,132.83903503418,70.9184243874472,85.082580197242,88.7713684479883,49.394577079773,20.7269336210992,0,23.3990366004857,0,93.39186198829,54.9541537284851,81.0689088821411,165.48235168457,0,197.315246582031,11.2874707310741,118.601013183594,90.496999906457,110.920067681207,20.1696072289402,192.000823974609,171.887573242188,128.136309432983,16.4725430687354,101.709622912937,81.5520942687988,0,132.427700587681,92.2960849761963,96.0666313401188
0,0,0,140.601722717285,224.083938598633,0,0,178.140884399414,0,154.167510986328,0,0,0,0,0,0,0,0,0,0,0,0,0,0,165.296981811523,0,0,0,239.392837524414,0,0,0,0,0,0,87.811590830485,0,162.63764444987,135.441967010498,132.83903503418,7.79101379888716,14.7418062347377,109.225304423899,15.7085220616826,122.498219416692,99.6023996161502,0,105.102175741485,0,23.8069702138381,14.66895831251,146.61434173584,0,0,176.501266479492,114.54055741254,0,173.317055838449,161.672947184245,121.565712398953,0,190.671951293945,194.915796279907,124.257875750142,22.0393742954245,125.204833984375,0,12.9129501549758,136.38178507487,38.1982587518044
0,0,184.089126586914,111.29229888916,121.369697570801,0,0,155.294745551215,180.041698455811,135.740835571289,186.198181152344,0,60.2143816947937,0,189.95573425293,0,0,0,0,0,151.238410949707,154.735717773438,165.746215820312,154.499893188477,132.872498914931,0,0,0,156.681975301107,195.11311340332,150.935260009766,0,0,0,0,58.4960674169112,138.259035746257,134.670825682965,102.480040359497,70.9184243874472,14.7418062347377,9.45284117076286,61.9221905259766,17.5318505925122,67.6376671230092,28.2091783183345,66.2316961288452,25.0556377820198,0,32.2652748555176,14.0037190027482,113.669974536431,145.987287612188,0,164.257202148438,50.539158689181,127.047020806207,125.365765041775,116.973543256721,66.4943867986383,0,150.819351196289,145.118365271617,68.1497769146311,49.6730775882671,125.740853445871,0,42.7180721729589,103.670080679434,63.7760242062744
118.316157023112,0,154.580323439378,73.6683694048626,134.29852549235,0,140.340347290039,117.076108775419,146.724225264329,94.0580231348674,151.813525729709,0,128.497473144531,0,150.900719778878,206.035003662109,148.678913116455,154.625203450521,0,187.030242919922,130.468765767415,151.411659240723,97.6933746337891,155.021431514195,108.157462612009,0,147.074729919434,173.325913169167,120.700683855031,154.959835370382,120.255791146415,0,0,134.900040181478,146.000120925903,22.5155514116214,101.174419784546,79.4031072842873,62.8132603743981,85.082580197242,109.225304423899,61.9221905259766,7.90678998318191,62.739621712937,54.1521030479754,17.7808921350756,135.383080115685,80.8732717928679,136.804153203964,29.2289992859787,76.7467786837847,70.4557718272468,79.2566614432574,129.671552022298,108.974309444427,86.088787227869,53.7586291763715,77.8095517171361,65.9192658031946,52.2447645784887,126.008553504944,113.820747107005,107.186658218396,19.9621298042727,68.06716590116,13.7983643493812,143.308142525809,124.313599462095,61.1798215141296,70.4210013875201
166.638565063477,159.021011352539,195.542221069336,109.637359619141,157.188700358073,0,190.176946004232,158.290153503418,162.777284894671,128.903981526693,159.95908203125,0,100.823367004395,0,182.174858093262,0,194.402038574219,0,0,0,154.052093505859,0,159.523612976074,188.787750244141,135.977114118379,0,234.043579101562,0,158.426471252441,161.294067382812,160.185444423131,0,0,163.332038879395,199.330677032471,51.7071915633149,156.877657110041,122.054041056014,97.9350768283195,88.7713684479883,15.7085220616826,17.5318505925122,62.739621712937,10.011938240122,77.2261504973135,33.9794454711547,132.7705078125,68.0949933297136,172.695930480957,17.5136548091103,23.6199915586467,102.840496887207,133.687703450521,213.978736877441,183.319681803385,82.2407712465003,109.064341905382,114.938743875634,104.401946826172,72.4137108970333,162.443756103516,151.080153025752,141.867617456537,84.7808484987261,37.2216166013424,108.23437075345,210.846008300781,30.0715019513873,92.2941946872445,57.2003470912124
