9.44235181869172,104.646203848032,73.9196933503455,69.3977082570394,69.1870761284461,68.8786330752903,36.3350832103966,20.3594967585947,23.7142944512167,56.0704515518681,49.7411822201246,123.251303470496,58.908186982832,130.399459838867,11.4267980823787,19.0647585945672,100.651473705585,84.2905984166373,127.895763397217,108.742395875082,66.0332703411898,60.5991725803162,64.5725265158746,65.4452859069473,59.3966236365102,122.45825958252,104.278376356387,108.687413362646,58.7901067309605,13.9639484469614,19.8450783189521,143.567573547363,74.2321528559146,28.2234509021652,51.5075825033864,123.425906841572,125.471687316895,143.251447504217,72.8766832233947,129.584140232631,0,139.086000714983,119.1842974027,125.364249093192,77.4001892696727,124.4322297838,183.880615234375,83.7326507568359,0,137.662265300751,0,133.370811462402,159.631240844727,0,190.687229156494,130.091356277466,145.464743614197,99.3548795259916,146.078793229728,99.3929957038805,165.344512939453,169.003385601622,157.158162218459,119.713674133899,132.785631452288,120.415399447354,0,0,119.148923873901,136.148892916166
104.646203848032,6.82445027478965,38.5230281854781,16.392976817968,0,113.235191345215,123.683620452881,114.648552527794,119.417439778646,64.4375349680583,97.6982396443685,75.0666832557091,0,50.8019924163818,109.996787071228,0,65.4434335988845,44.0508845067657,88.7486343383789,60.0664387839181,114.469680786133,90.5691002982003,15.1222000016127,57.9202054087321,92.086025448296,15.6961637401788,46.8262993539364,31.9858991555473,103.375402945059,83.4798080444336,89.6260862608214,74.8853875568935,0,141.901000976562,56.5020133199146,0,65.1502728462219,115.552472432454,86.7910308837891,0,0,0,159.350296020508,0,146.020324707031,0,136.164894104004,0,97.6338209672408,0,0,156.34294128418,114.678679093071,141.794479370117,132.232024298774,0,0,106.692001342773,132.958140055339,136.471866607666,74.0436391830444,109.958511223227,117.91094581117,149.383850097656,0,142.234573364258,142.46875,0,0,138.390480041504
73.9196933503455,38.5230281854781,11.3886704667952,44.4276545651309,108.191201210022,185.427841186523,133.171167373657,85.22087844077,108.342676679665,94.5470294605602,92.3651615469796,80.0307414919831,126.242752075195,103.570139203753,86.7333426462093,0,62.1899495208473,38.7929373524667,105.013715108236,81.5799054171132,139.818870544434,67.5150409678479,52.5456986977504,22.3296930704111,99.6214572695867,87.0724119706587,28.6542376205419,23.5268306959592,69.8386453717098,79.33942023686,70.7085948770696,80.8339637756348,0,87.9243002804843,48.7079739940491,181.817609514509,77.1662812296549,91.2436286322504,63.9824888429291,170.461502075195,0,0,148.993592398507,192.663204193115,125.406628926595,158.29049987793,132.196937561035,0,137.178562164307,170.592029571533,0,120.688772512037,100.124210739136,134.389282226562,118.259759316078,0,124.629308260404,63.6657265372898,103.241606278853,140.090628697322,96.5232429504395,98.0952939938773,93.9960227041533,134.726299367052,184.725208827427,135.357518265887,162.895866394043,0,0,109.999774475098
69.3977082570394,16.392976817968,44.4276545651309,39.8387926620187,60.0531987915039,124.547973632812,93.4812654767718,57.5286515888415,71.7905536184506,15.1637288668683,68.6316935544087,63.1122030626264,81.7271230361041,48.8035165405273,71.9869299994575,79.5985997517904,83.5620547846744,52.5331501196761,56.6313672383626,55.2076269812503,69.5777869017228,100.347074630413,37.9976113093527,77.8720001552416,42.2377393705036,32.2187936351557,44.6303297283897,41.91094117584,68.1590588765267,71.0977344512939,81.3962250166042,60.5626824188232,107.303237915039,62.3296369552612,63.8829723655755,88.6312828063965,89.3044103622437,77.0301356460109,39.2773877893175,70.2875338467685,0,83.8884773254395,99.949716421274,70.867603302002,48.7482235248272,81.6522766113281,109.591283416748,38.4659004211426,91.4927987318773,157.265829086304,0,87.4336948394775,86.7055737631662,64.7044281959534,96.2211680692785,79.7203659057617,83.6028926849365,59.1470539990593,99.6607971191406,49.4986417236328,62.4647358485631,89.6098510845989,81.1396044649819,86.0712193383111,81.948860168457,82.8442520141602,0,0,0,103.074398464627
69.1870761284461,0,108.191201210022,60.0531987915039,7.51557871509516,128.242721557617,53.8110074918132,31.6936793497631,65.2859420398674,52.377586182074,17.8301818734485,0,22.816605403692,0,84.6620788318199,70.386830329895,79.0244812011719,130.846885681152,0,0,10.0937545821141,116.515380859375,68.5369742849599,99.618452835083,19.5758274150623,0,145.440558040843,108.780313426051,10.4419741826109,84.293466889032,75.6066967357289,0,128.168171691895,74.4788550963769,84.9747402637036,129.952659606934,0,166.26611328125,78.5361876394234,43.86340784642,0,144.269974844796,124.249957864935,132.883380126953,87.1400671185188,134.244780755812,244.037261962891,24.9341843950337,0,130.236782073975,0,162.144454956055,0,0,0,135.780636180531,0,93.0992863972982,0,97.7245919053175,0,193.902715047201,0,132.661928086054,133.936395263672,133.736772017045,0,0,150.316802978516,173.05260848999
68.8786330752903,113.235191345215,185.427841186523,124.547973632812,128.242721557617,6.92079022990923,9.6512716663501,99.7404073079427,17.478812654017,83.9894733428955,105.473449707031,63.5323011936286,87.6508179832907,77.7691138131278,30.6212606755514,14.5641306767199,0,0,103.330070495605,76.2242059707642,121.418539864676,0,0,158.082168579102,120.444486999512,85.7106437683105,92.6859046936035,120.070640563965,114.844789123535,24.6898572569277,0,97.3913383483887,13.903910987877,0,30.5469835650536,0,0,0,0,0,0,0,181.176147460938,0,0,0,0,0,0,188.859268188477,0,0,0,0,192.381729125977,186.142654418945,0,0,0,164.511123657227,0,0,0,172.753311157227,0,0,0,0,204.131820678711,0
36.3350832103966,123.683620452881,133.171167373657,93.4812654767718,53.8110074918132,9.6512716663501,7.8362612740748,42.5064195526971,16.6197939972309,48.9096849973385,16.992865316873,74.5836122376578,19.780745853051,91.5654482634171,36.8281861751689,12.2369664352422,110.011978149414,127.592195510864,117.01734161377,106.119638442993,31.1329266482909,100.152778625488,96.7348209381103,105.49582824707,62.9553659612482,82.4766723632813,124.381218249981,118.080570983887,58.3592662936763,37.551579454726,97.311153956822,99.825959777832,27.0231108694092,78.6844038282122,47.647908536618,191.028259277344,180.91813659668,0,98.2676800319127,152.35090637207,0,0,140.065316094293,207.89973449707,98.6737899780273,162.406776428223,0,39.609837895348,0,148.893091837565,0,107.276550292969,0,0,0,0,0,0,0,128.426902431912,0,241.588729858398,0,137.888363429478,152.777923583984,141.855941772461,0,0,207.059921264648,167.884407043457
20.3594967585947,114.648552527794,85.22087844077,57.5286515888415,31.6936793497631,99.7404073079427,42.5064195526971,7.99975824144639,34.8017411303164,49.7744845594054,14.0741018583753,150.005489603678,51.2130437867831,169.050994873047,15.1163957584938,83.1021935599191,45.1908238433128,98.9590810587708,0,131.009763891047,43.2126459181309,55.1325006005484,64.4945016636568,54.9303784228884,43.1033269720338,115.889389038086,116.328256590325,97.2619340079171,21.0626625010886,39.5056172727697,14.9414153728423,159.944406509399,114.91675894601,52.9094824939041,70.7837435964811,122.760340835109,212.410171508789,150.028440021333,69.6807893597105,130.820652928846,0,128.421259562174,116.662659196664,134.50175681481,76.9815270881551,126.947562276581,224.137603759766,110.217595418294,0,134.556274155439,0,120.445182800293,171.383992812213,0,187.956321716309,126.351747131348,132.984313964844,98.7131275030283,153.182262342803,98.2412089393252,0,176.391820734197,156.967958156879,117.079130658327,135.580682678223,119.705511316076,214.449737548828,0,128.953730991908,142.317800945706
23.7142944512167,119.417439778646,108.342676679665,71.7905536184506,65.2859420398674,17.478812654017,16.6197939972309,34.8017411303164,10.7050011492219,60.8204576639556,16.8223041829306,83.9913372183746,34.6669777556241,95.8824096885887,18.3830854127797,31.0737244467909,109.532288360596,123.273312749089,146.682693481445,119.120527267456,61.9208668773747,80.8890016729181,79.3254568393414,93.0404861747444,58.4799724405587,102.724508285522,131.744938152888,123.933872013302,54.4441369343579,35.7148321614739,66.3861079030223,122.569210476345,28.288813681869,60.603404503169,56.5726174649939,132.770099367414,0,163.022033691406,81.455964073768,137.704485030401,0,134.652662731352,128.824470100822,144.453766909513,89.4951211894217,135.435802374946,210.179817199707,93.59752368927,0,141.178034181948,0,146.19172668457,167.180576324463,0,0,133.571192169189,146.382531483968,116.162098475865,177.905621615323,109.338118889031,0,205.756510807918,172.673720139724,128.552906234829,141.157457422327,131.215037653996,0,0,137.103085604581,161.143264770508
56.0704515518681,64.4375349680583,94.5470294605602,15.1637288668683,52.377586182074,83.9894733428955,48.9096849973385,49.7744845594054,60.8204576639556,9.25583132238063,59.276639056498,130.26925945282,16.0898162923447,113.979402269636,65.1812007810388,14.4156962349301,75.7124202952665,108.530505145038,149.58512878418,118.977801949637,53.5270311656032,62.2890381893869,23.0775378941798,75.5704953760133,26.3265968866762,87.0256360567533,116.653937322443,103.216853548875,45.5163810114778,61.9732752534834,54.6771099013716,142.340118408203,118.089952256944,54.4261703135804,71.9127364112336,92.9480800628662,0,152.092779541016,44.7150752089406,89.0293873096334,0,102.452575683594,97.9578051604042,108.481689453125,44.8490789141706,94.5236619567871,0,65.9590634885042,148.302923583984,102.643086601706,0,100.977002779643,132.292239379883,0,229.620849609375,93.7057275772095,112.295096715291,80.4028235725735,101.614100042379,63.0668086183988,149.590599060059,153.215934753418,141.286868755634,96.9509637685922,124.705107688904,105.309752464294,0,0,89.2242016792297,120.533175150553
49.7411822201246,97.6982396443685,92.3651615469796,68.6316935544087,17.8301818734485,105.473449707031,16.992865316873,14.0741018583753,16.8223041829306,59.276639056498,9.63796312627106,156.288960048131,22.3300251594085,125.97925567627,32.4877005385408,60.3829742957806,89.8340345529409,114.26677569221,0,144.926128387451,19.1634717166099,89.5006732032413,84.9190504074097,76.717007295585,47.1937992315526,0,121.487225383794,108.509079229636,18.3318971320006,75.7322856589382,70.2451454676115,0,109.302206039429,65.9069469357714,76.317321980464,130.166676330566,140.406890869141,158.283396402995,85.066944485619,84.2096177549923,0,142.436655861991,133.646788507914,153.69297281901,92.0604403991699,141.264648144062,236.423217773438,36.2414848395068,0,145.129809188843,161.101119995117,136.563659667969,182.092834472656,0,0,137.991535387541,146.53199005127,111.884489876883,167.595679146903,106.891500742109,0,171.809780883789,183.125405447824,135.862735095325,154.325199351591,134.407685793363,0,0,153.833362579346,134.199005126953
123.251303470496,75.0666832557091,80.0307414919831,63.1122030626264,0,63.5323011936286,74.5836122376578,150.005489603678,83.9913372183746,130.26925945282,156.288960048131,10.6532122233823,142.848711649577,19.069494119246,78.6541172128863,84.175602722168,118.573766980852,51.2511847512016,14.6283346576938,22.0677232077799,0,99.7410612667308,102.543436686198,94.7362929009772,148.374942555147,31.5509753881492,26.9474482064978,49.3077220099536,132.267153422038,55.6806496840257,101.258527057927,33.5262933107578,62.6191798260337,72.7695541381836,28.1150749783379,0,113.769054412842,137.968547276088,76.3602333068848,0,0,0,0,0,154.661521911621,0,89.4261837005615,0,78.4012405781806,0,0,0,131.582737731934,100.977657318115,109.373540463655,0,0,110.526231765747,137.508534749349,0,64.935197353363,106.293493317395,106.15487591632,0,0,189.79532623291,98.8883993966239,0,0,127.840522766113
58.908186982832,0,126.242752075195,81.7271230361041,22.816605403692,87.6508179832907,19.780745853051,51.2130437867831,34.6669777556241,16.0898162923447,22.3300251594085,142.848711649577,8.50272625157607,0,73.0479437030761,8.63517064965862,131.220245361328,154.702728271484,0,162.702362060547,13.8767166861858,119.337432861328,75.7167778015137,122.017007827759,26.5121406242961,0,157.626892089844,108.620094299316,44.3059426408317,85.2781672089807,102.382075786591,0,99.4894451099438,84.1368780136108,83.7247328806405,0,0,237.651397705078,99.0964508056641,20.9481580125774,0,132.805078824361,151.557510566711,116.291770935059,105.04765215787,52.2227393974692,0,10.0196993773573,0,121.280557632446,0,0,0,0,0,10.6109352100381,0,0,194.014862060547,107.539897266823,0,0,0,114.46223449707,187.639953613281,167.852172851562,0,0,0,0
130.399459838867,50.8019924163818,103.570139203753,48.8035165405273,0,77.7691138131278,91.5654482634171,169.050994873047,95.8824096885887,113.979402269636,125.97925567627,19.069494119246,0,7.84019355385436,82.375460267067,97.5388603210449,125.085453796387,79.9275342501127,43.1020835861417,47.8174759619164,0,163.258697509766,81.8812237879273,122.583854675293,126.005864461263,19.2046998329115,32.9419546901484,23.4570592373657,151.38138071696,65.0506745196403,139.865361531576,16.7658875003504,73.6968844731649,0,46.6223736772396,200.674652099609,86.1833428775563,152.378356933594,41.5468424037545,0,0,0,0,0,147.284847259521,0,70.1334087665264,0,65.4530209386072,221.604415893555,0,0,135.159790039062,84.3120539595441,90.2877747108196,0,0,117.590604146322,0,139.442822265625,51.5098671609481,85.1185247667374,90.6880843697525,212.881225585938,103.775703430176,165.500773111979,84.5406885941823,0,0,107.503242492676
11.4267980823787,109.996787071228,86.7333426462093,71.9869299994575,84.6620788318199,30.6212606755514,36.8281861751689,15.1163957584938,18.3830854127797,65.1812007810388,32.4877005385408,78.6541172128863,73.0479437030761,82.375460267067,8.36402741850776,33.8000622328646,106.263710657756,103.555485992432,119.661811828613,123.183449410103,79.977276002691,73.8391736837534,80.2035267966134,68.2708266846677,69.8835045531101,78.3138647079468,115.936782049578,113.226623379454,67.5781533928557,17.6286523316278,17.2310253086417,114.407829284668,22.7504344314969,43.1535877529372,45.1149160935707,135.473549476037,136.138610839844,147.537779001089,81.3683371910682,142.670230865479,0,141.804871559143,131.076499720982,152.162302353803,91.9847006037615,145.290486988268,217.745910644531,120.75357615153,0,152.479834771925,172.09358215332,129.770350138346,169.116350446429,0,172.103881835938,136.40596347385,149.61003112793,109.80269241333,157.420171737671,117.16405408497,0,169.260447910854,166.726383463542,133.978133272534,151.783105147512,132.620541554577,0,0,153.543356323242,150.825425829206
19.0647585945672,0,0,79.5985997517904,70.386830329895,14.5641306767199,12.2369664352422,83.1021935599191,31.0737244467909,14.4156962349301,60.3829742957806,84.175602722168,8.63517064965862,97.5388603210449,33.8000622328646,6.97607650522863,0,0,95.1151428222656,108.625785827637,70.2929871170609,73.7465438842773,70.1999740600586,0,41.0864687640258,200.495086669922,117.263175964355,132.696044921875,80.045067024231,35.5678673503802,72.7915477752686,0,40.2234688538771,41.72966837883,28.1173113476146,0,0,0,116.805061340332,0,0,0,162.49405670166,0,68.9344851175944,0,0,149.118225097656,0,143.730102539062,0,0,0,0,0,0,0,0,0,94.0854072570801,0,0,0,0,0,0,0,0,0,0
100.651473705585,65.4434335988845,62.1899495208473,83.5620547846744,79.0244812011719,0,110.011978149414,45.1908238433128,109.532288360596,75.7124202952665,89.8340345529409,118.573766980852,131.220245361328,125.085453796387,106.263710657756,0,13.3617883858052,78.6039969775142,145.995880126953,105.541734038806,92.0340881347656,16.51303462996,37.6387238289639,12.9783163664656,35.7997318223033,115.643303765191,95.58096550371,28.3873403553864,33.0969052912095,90.0592210557726,48.8709441571897,114.498014831543,195.380249023438,59.382866859436,62.2521913914159,139.801116943359,111.262338198148,102.434204956581,76.0604566846575,0,0,200.072616577148,132.734437239798,168.251913452148,96.3143692016602,177.762008666992,146.082565307617,0,151.113723754883,155.935897827148,0,105.252273468744,129.638763427734,0,152.090850830078,0,115.981416097501,57.1751717654141,102.725520507291,78.1776129934523,175.906463623047,141.529346011934,109.430982613269,136.120343322754,139.669967651367,115.612124919891,0,0,109.504314422607,120.125543482163
84.2905984166373,44.0508845067657,38.7929373524667,52.5331501196761,130.846885681152,0,127.592195510864,98.9590810587708,123.273312749089,108.530505145038,114.26677569221,51.2511847512016,154.702728271484,79.9275342501127,103.555485992432,0,78.6039969775142,8.9823126694361,59.6466826734872,23.3170396649636,0,47.6746623120989,74.4600210087274,15.2107910832143,113.310758728912,47.6225410643078,32.2825879748231,56.3247876027759,105.794658535817,53.3853555061236,62.5828241462907,86.7704940795898,115.360137939453,74.0196882735851,32.0741323157081,168.02912902832,86.8082136674361,98.1122112158573,70.432960679796,0,0,0,173.47575302124,0,141.956019083659,175.244852701823,132.317695617676,0,0,194.175256347656,0,142.376200358073,105.264520855339,164.799255371094,117.475638804716,0,129.292671203613,85.6518049801097,111.173571634636,138.11794128418,118.292595672607,102.942884594461,101.454500738053,154.039291381836,209.228942871094,145.448832988739,0,0,0,115.457162288197
127.895763397217,88.7486343383789,105.013715108236,56.6313672383626,0,103.330070495605,117.01734161377,0,146.682693481445,149.58512878418,0,14.6283346576938,0,43.1020835861417,119.661811828613,95.1151428222656,145.995880126953,59.6466826734872,6.13281712037498,12.4140425138676,0,104.026055335999,82.0789489746094,101.165543051327,0,44.559467041934,25.9294359152004,58.9573789113581,0,91.8713580540248,112.151038033622,49.0477955638302,81.2455377578735,0,52.6958475554528,0,0,0,69.2613665262858,0,0,0,0,0,0,0,103.288977486747,0,88.6382967078167,0,0,0,0,105.012232971191,90.4199091593425,0,0,0,0,0,78.602365620931,101.327465193612,104.374923999493,0,0,0,105.280174255371,0,0,0
108.742395875082,60.0664387839181,81.5799054171132,55.2076269812503,0,76.2242059707642,106.119638442993,131.009763891047,119.120527267456,118.977801949637,144.926128387451,22.0677232077799,162.702362060547,47.8174759619164,123.183449410103,108.625785827637,105.541734038806,23.3170396649636,12.4140425138676,10.3319634700895,0,86.0732868777381,100.426617867606,79.3720982064762,142.320602925618,43.8424700929004,23.8262763985955,64.3090976829973,134.224805641174,97.3090963965064,88.8843940866405,54.2244925744755,73.6370747884115,96.431391398112,46.0983103007033,222.837448120117,92.9119342041016,121.741775730678,83.8611239897899,215.188369750977,0,0,189.896077473958,202.002548217773,145.134429931641,173.21598815918,101.61222442627,0,91.4045378522175,173.126998901367,0,0,115.641356876918,108.908007303874,106.297676722209,0,197.381233215332,129.133973015679,142.017297617594,179.277099609375,92.9613128238254,101.336817493589,107.205997160597,165.258321126302,0,185.96318359375,107.700312894933,0,0,130.834895324707
66.0332703411898,114.469680786133,139.818870544434,69.5777869017228,10.0937545821141,121.418539864676,31.1329266482909,43.2126459181309,61.9208668773747,53.5270311656032,19.1634717166099,0,13.8767166861858,0,79.977276002691,70.2929871170609,92.0340881347656,0,0,0,10.8846256682432,70.2025985717773,67.6746266682943,105.311634063721,27.6668833511507,0,186.955284118652,138.48274230957,23.9067808364013,87.5332934685768,101.60705947876,0,119.756755663001,81.105800324592,84.5081965990659,109.786102294922,0,0,87.9438007496021,11.5823769413208,0,142.953283945719,141.396369934082,143.271596908569,88.828971862793,144.136019515991,0,8.70341946328282,0,188.197886149089,0,0,0,0,0,12.3213065089892,0,0,0,104.760918997779,0,220.206649780273,230.177490234375,141.588201635024,134.442288716634,158.87890625,0,0,168.007186889648,0
60.5991725803162,90.5691002982003,67.5150409678479,100.347074630413,116.515380859375,0,100.152778625488,55.1325006005484,80.8890016729181,62.2890381893869,89.5006732032413,99.7410612667308,119.337432861328,163.258697509766,73.8391736837534,73.7465438842773,16.51303462996,47.6746623120989,104.026055335999,86.0732868777381,70.2025985717773,8.97387819054161,48.7068050595363,16.7300409321245,17.5496283254285,118.402210235596,104.46829214598,65.1695894118674,19.1023257331032,45.9093236041396,17.2515664680971,130.738250732422,0,51.5177534695329,39.2069121881747,130.766664505005,117.952336629232,120.612395392524,63.9452789382429,0,0,152.328689575195,133.251933649967,140.24726163424,80.8560284030053,127.397285461426,149.150975545247,0,0,142.226216634115,0,97.0006616629806,131.048206128572,0,167.641276550293,0,113.681459978592,69.7449704950506,115.858665159379,86.1159678239089,147.291885375977,147.408929907757,126.291559952956,111.074883858363,127.670200824738,108.581905446154,0,0,109.315487861633,115.556155976795
64.5725265158746,15.1222000016127,52.5456986977504,37.9976113093527,68.5369742849599,0,96.7348209381103,64.4945016636568,79.3254568393414,23.0775378941798,84.9190504074097,102.543436686198,75.7167778015137,81.8812237879273,80.2035267966134,70.1999740600586,37.6387238289639,74.4600210087274,82.0789489746094,100.426617867606,67.6746266682943,48.7068050595363,7.73509234835828,48.5066544298484,27.8011257267826,52.3061151330064,93.1280336197309,36.9129316025994,51.7377136642577,56.0052762271306,50.6236469106513,110.726763638583,0,50.6695338539455,59.9384942073899,118.403467450823,122.846616109212,79.3694039547082,61.5086504488575,111.395198822021,0,120.587005615234,109.563292301062,119.391036987305,51.3748758406866,123.362312316895,150.829502105713,75.8264331817627,123.502855936686,120.793350219727,0,79.1912971365041,104.209098307292,0,97.1286926269531,0,85.4253696642424,39.2963383699718,83.1302210118649,80.3049820968785,98.019593556722,127.089452362061,87.2141542608088,105.301096464458,108.125835125263,87.442470403818,128.496459960938,0,87.9585037231445,90.9107472555978
65.4452859069473,57.9202054087321,22.3296930704111,77.8720001552416,99.618452835083,158.082168579102,105.49582824707,54.9303784228884,93.0404861747444,75.5704953760133,76.717007295585,94.7362929009772,122.017007827759,122.583854675293,68.2708266846677,0,12.9783163664656,15.2107910832143,101.165543051327,79.3720982064762,105.311634063721,16.7300409321245,48.5066544298484,12.1730663952272,58.3146481168443,109.647382787756,73.6666034441811,34.2246115943747,34.3134673122146,37.104997253418,43.4764600253164,126.411783599854,0,63.4755041161362,43.7529823069102,142.909086144489,102.943605378617,97.5783400095355,84.9600301318698,141.475059509277,0,160.781806945801,146.812237773222,165.000182342529,104.147162684688,162.49953918457,137.505510118273,137.708602905273,144.669910430908,161.357388775165,188.427490234375,105.362351193017,114.562726348089,153.73934173584,142.213967768351,0,114.948963620247,63.8011332379126,105.637969464641,125.687134765997,129.915944417318,126.587246993177,102.305546791983,134.247245959063,165.690693126005,125.675892073224,141.202407836914,179.585556030273,140.199081420898,118.309728318366
59.3966236365102,92.086025448296,99.6214572695867,42.2377393705036,19.5758274150623,120.444486999512,62.9553659612482,43.1033269720338,58.4799724405587,26.3265968866762,47.1937992315526,148.374942555147,26.5121406242961,126.005864461263,69.8835045531101,41.0864687640258,35.7997318223033,113.310758728912,0,142.320602925618,27.6668833511507,17.5496283254285,27.8011257267826,58.3146481168443,11.0588461079575,117.88334110805,128.271949933125,81.3579023414309,16.472691309506,65.6111305309216,58.9383744404199,159.890735626221,116.553564283583,58.0740515472692,76.7959580529254,116.294271210094,157.271198272705,147.204612731934,60.1641509948403,44.5478464463322,185.27033996582,115.033732050115,108.573734973822,124.782863025934,63.6947286402701,114.862027665681,156.7734375,87.4290409088135,189.555999755859,125.68784240355,135.542221069336,90.3648743007494,165.475298309326,0,175.341738382975,113.068117494936,126.117656830818,75.1456675231457,140.471985151183,79.8156514671587,226.480926513672,181.895906130473,152.116837074017,108.738094187171,126.976201313298,110.969441864842,0,0,119.505429077148,131.251266306097
122.45825958252,15.6961637401788,87.0724119706587,32.2187936351557,0,85.7106437683105,82.4766723632813,115.889389038086,102.724508285522,87.0256360567533,0,31.5509753881492,0,19.2046998329115,78.3138647079468,200.495086669922,115.643303765191,47.6225410643078,44.559467041934,43.8424700929004,0,118.402210235596,52.3061151330064,109.647382787756,117.88334110805,7.5101534661471,37.5610777635808,24.9239585435868,127.255498886108,69.7914754427396,112.828038142278,44.6574868089664,100.777587890625,0,51.0910040340284,0,79.0130261012486,108.663202921549,26.6662669675104,0,0,0,0,0,138.847525024414,0,59.5583501962515,0,55.1134969562893,0,0,0,120.789707183838,71.9536363702071,76.8996810913086,0,0,106.162713623047,172.031463623047,165.448590087891,39.6108293587053,76.8914788648817,79.0721263885498,0,0,192.875900268555,71.8311011131774,0,0,96.9556098937988
104.278376356387,46.8262993539364,28.6542376205419,44.6303297283897,145.440558040843,92.6859046936035,124.381218249981,116.328256590325,131.744938152888,116.653937322443,121.487225383794,26.9474482064978,157.626892089844,32.9419546901484,115.936782049578,117.263175964355,95.58096550371,32.2825879748231,25.9294359152004,23.8262763985955,186.955284118652,104.46829214598,93.1280336197309,73.6666034441811,128.271949933125,37.5610777635808,12.1659668106386,32.0571983723992,106.359692411915,102.729971522645,101.588904939436,17.9707059768891,105.302161768863,114.424599505485,57.0703558049701,181.070542279412,83.0240395034569,107.260522008705,73.3212065666473,228.029312133789,0,183.937210083008,180.270411793779,201.368057250977,170.874543623491,205.115264892578,95.3831579208374,239.99739074707,82.9552917159005,195.682054792132,0,151.632172241211,104.691830966829,98.0889914139457,100.876216511902,212.98063659668,149.574918746948,115.922355878471,126.250740885735,179.918049573898,77.0186022564881,95.5352793238229,98.4044391258646,185.658427647182,170.722426278251,162.88094701767,100.129099382673,130.474945068359,169.385459899902,113.742978136686
108.687413362646,31.9858991555473,23.5268306959592,41.91094117584,108.780313426051,120.070640563965,118.080570983887,97.2619340079171,123.933872013302,103.216853548875,108.509079229636,49.3077220099536,108.620094299316,23.4570592373657,113.226623379454,132.696044921875,28.3873403553864,56.3247876027759,58.9573789113581,64.3090976829973,138.48274230957,65.1695894118674,36.9129316025994,34.2246115943747,81.3579023414309,24.9239585435868,32.0571983723992,14.7464610324322,78.5420243805993,112.596485862732,96.338639836733,17.4238024408435,126.69847869873,115.086133956909,58.4234790843682,173.242541973407,83.3106051089159,93.6917967278617,66.66662331275,0,147.944442749023,0,158.410825148873,176.203388977051,146.384987513224,187.453857421875,96.6267502652349,0,88.2241043630954,181.281447728475,0,119.394199783738,103.157974243164,105.896009052501,107.196481313862,0,124.416865128737,69.7634746340605,107.369020547867,120.71816377382,78.5813534945658,98.6734349794798,98.1239858246034,142.650978312773,171.417392437275,148.577622968097,102.65808412922,237.235214233398,0,111.566162637818
58.7901067309605,103.375402945059,69.8386453717098,68.1590588765267,10.4419741826109,114.844789123535,58.3592662936763,21.0626625010886,54.4441369343579,45.5163810114778,18.3318971320006,132.267153422038,44.3059426408317,151.38138071696,67.5781533928557,80.045067024231,33.0969052912095,105.794658535817,0,134.224805641174,23.9067808364013,19.1023257331032,51.7377136642577,34.3134673122146,16.472691309506,127.255498886108,106.359692411915,78.5420243805993,9.16393934158241,62.3548133746368,32.8360919741376,137.453749436599,117.620374552409,53.2950244864034,68.0877999418548,119.762553514753,158.410829816546,140.087800643023,68.0193830450817,115.761625434779,180.678756713867,124.3549066359,112.541177942639,133.739670493386,70.8566417618703,127.232629187313,185.590962727865,102.465217717489,240.892318725586,132.224667415441,136.039428710938,95.7076275126139,162.108108726708,0,181.669808451335,129.351623781266,120.955067634583,77.821934940504,133.060127258301,83.9859829132458,0,166.270846710205,153.913792297903,110.716318123939,128.093162732247,108.852569238926,0,0,115.757021374173,130.996125668896
13.9639484469614,83.4798080444336,79.33942023686,71.0977344512939,84.293466889032,24.6898572569277,37.551579454726,39.5056172727697,35.7148321614739,61.9732752534834,75.7322856589382,55.6806496840257,85.2781672089807,65.0506745196403,17.6286523316278,35.5678673503802,90.0592210557726,53.3853555061236,91.8713580540248,97.3090963965064,87.5332934685768,45.9093236041396,56.0052762271306,37.104997253418,65.6111305309216,69.7914754427396,102.729971522645,112.596485862732,62.3548133746368,8.92373926500028,15.8089840056635,91.1104350370519,10.979421461602,13.2497228294805,32.843736081006,140.878755503687,0,144.824686686198,75.2714452057882,149.155385335286,0,142.173203150431,126.288924535116,148.087602844238,82.9829905982156,140.543562515922,0,104.095301055908,0,143.972205570766,0,118.96012878418,159.740844726562,0,175.328955078125,146.549978256226,154.834452819824,85.1781498452891,156.525769747221,112.508474594692,0,172.266211615668,166.848080226353,123.539716523269,150.351138114929,120.501005657649,0,0,137.248346964518,136.296544855291
19.8450783189521,89.6260862608214,70.7085948770696,81.3962250166042,75.6066967357289,0,97.311153956822,14.9414153728423,66.3861079030223,54.6771099013716,70.2451454676115,101.258527057927,102.382075786591,139.865361531576,17.2310253086417,72.7915477752686,48.8709441571897,62.5828241462907,112.151038033622,88.8843940866405,101.60705947876,17.2515664680971,50.6236469106513,43.4764600253164,58.9383744404199,112.828038142278,101.588904939436,96.338639836733,32.8360919741376,15.8089840056635,9.30395245564296,130.044212341309,0,25.3892751250948,38.0099865107736,122.16413232052,142.983926391602,128.972065318714,65.7584531771537,129.711248918013,0,131.777743021647,118.637756299521,138.758532157311,75.5030373709542,141.300998190175,184.82731628418,137.514696756999,186.505889892578,134.290719265408,0,89.8011918426842,155.146171569824,180.959449768066,159.661527709961,118.791847229004,111.589628492083,72.1341616479974,126.923745334148,104.014633906896,0,152.360445416163,139.385020225279,108.857520723482,128.693661409266,108.288532757651,183.6279296875,0,110.216897097501,123.294141966721
143.567573547363,74.8853875568935,80.8339637756348,60.5626824188232,0,97.3913383483887,99.825959777832,159.944406509399,122.569210476345,142.340118408203,0,33.5262933107578,0,16.7658875003504,114.407829284668,0,114.498014831543,86.7704940795898,49.0477955638302,54.2244925744755,0,130.738250732422,110.726763638583,126.411783599854,159.890735626221,44.6574868089664,17.9707059768891,17.4238024408435,137.453749436599,91.1104350370519,130.044212341309,5.58297135289265,104.386850992839,0,68.5960719084937,0,116.069192886353,205.477615356445,61.0802203762916,0,0,0,0,0,171.329498291016,0,90.427869764425,0,84.172774106718,0,0,0,138.000624338786,99.7204498783235,100.702198701746,0,177.417419433594,146.201278686523,0,153.228851318359,70.7754973671653,100.570627686605,101.141027693315,205.165802001953,160.656188964844,0,101.770539936266,0,0,116.745018005371
74.2321528559146,0,0,107.303237915039,128.168171691895,13.903910987877,27.0231108694092,114.91675894601,28.288813681869,118.089952256944,109.302206039429,62.6191798260337,99.4894451099438,73.6968844731649,22.7504344314969,40.2234688538771,195.380249023438,115.360137939453,81.2455377578735,73.6370747884115,119.756755663001,0,0,0,116.553564283583,100.777587890625,105.302161768863,126.69847869873,117.620374552409,10.979421461602,0,104.386850992839,5.42970521003143,118.831817626953,33.6742038809735,0,0,0,155.219909667969,0,0,0,182.218790690104,0,165.725326538086,0,0,136.039672851562,0,0,0,0,0,0,0,0,0,0,0,176.974904378255,0,130.546936035156,0,202.24333190918,0,0,0,0,192.426635742188,201.858428955078
28.2234509021652,141.901000976562,87.9243002804843,62.3296369552612,74.4788550963769,0,78.6844038282122,52.9094824939041,60.603404503169,54.4261703135804,65.9069469357714,72.7695541381836,84.1368780136108,0,43.1535877529372,41.72966837883,59.382866859436,74.0196882735851,0,96.431391398112,81.105800324592,51.5177534695329,50.6695338539455,63.4755041161362,58.0740515472692,0,114.424599505485,115.086133956909,53.2950244864034,13.2497228294805,25.3892751250948,0,118.831817626953,5.62110005661342,28.5074608547934,121.193428039551,150.397613525391,115.055572509766,62.2026818104279,135.22004699707,0,129.144668579102,114.787333778713,143.793573379517,74.1274948120117,127.141445704869,0,105.874443054199,0,141.367663574219,0,84.1983032226562,189.947532653809,0,0,0,129.967341105143,74.1899673461914,117.712135314941,103.94640736521,0,145.966201782227,129.479598999023,117.912216186523,124.095216751099,113.816898692738,0,0,130.235193252563,124.677574157715
51.5075825033864,56.5020133199146,48.7079739940491,63.8829723655755,84.9747402637036,30.5469835650536,47.647908536618,70.7837435964811,56.5726174649939,71.9127364112336,76.317321980464,28.1150749783379,83.7247328806405,46.6223736772396,45.1149160935707,28.1173113476146,62.2521913914159,32.0741323157081,52.6958475554528,46.0983103007033,84.5081965990659,39.2069121881747,59.9384942073899,43.7529823069102,76.7959580529254,51.0910040340284,57.0703558049701,58.4234790843682,68.0877999418548,32.843736081006,38.0099865107736,68.5960719084937,33.6742038809735,28.5074608547934,10.8863160030531,129.619092941284,93.8794185093471,96.8885456313435,74.5513557815552,111.933036804199,0,186.243324279785,132.992370476157,170.983008248465,94.1413541654261,160.115198771159,126.924349004572,82.1125793457031,119.189414978027,149.521467035467,0,101.47765208653,108.881594114666,100.610237121582,125.539623426354,127.984535217285,118.871347510296,69.5085982447085,102.396321235819,121.097769622803,93.5567403520857,111.299349875117,108.336352609884,122.377873314752,150.45825881958,120.688039108061,109.674322128296,0,95.3521575927734,121.266803196498
123.425906841572,0,181.817609514509,88.6312828063965,129.952659606934,0,191.028259277344,122.760340835109,132.770099367414,92.9480800628662,130.166676330566,0,0,200.674652099609,135.473549476037,0,139.801116943359,168.02912902832,0,222.837448120117,109.786102294922,130.766664505005,118.403467450823,142.909086144489,116.294271210094,0,181.070542279412,173.242541973407,119.762553514753,140.878755503687,122.16413232052,0,0,121.193428039551,129.619092941284,9.3403268250125,137.758719762166,116.492425070869,63.4647701348199,79.0616811506587,68.7931649344308,39.9461610601062,29.3577472058716,36.5537693954032,56.6721152365208,67.1441945686839,119.049417778997,38.8437149190457,134.773494538807,12.3024254794179,35.3519618196308,76.9144554138184,111.248019207649,128.173871358236,122.656152550554,75.4273877424352,75.9883288645374,70.1580692799886,97.7143107000387,62.6683084034599,140.302010218302,120.596032235713,133.550979105632,70.0965907512864,16.9822267420237,27.1594776468457,152.196369716099,78.3431301116943,31.3702154321414,52.5726951238465
125.471687316895,65.1502728462219,77.1662812296549,89.3044103622437,0,0,180.91813659668,212.410171508789,0,0,140.406890869141,113.769054412842,0,86.1833428775563,136.138610839844,0,111.262338198148,86.8082136674361,0,92.9119342041016,0,117.952336629232,122.846616109212,102.943605378617,157.271198272705,79.0130261012486,83.0240395034569,83.3106051089159,158.410829816546,0,142.983926391602,116.069192886353,0,150.397613525391,93.8794185093471,137.758719762166,7.92888989969035,38.9244353272194,13.9843388343679,122.320915222168,0,0,117.362012590681,142.40626335144,61.8902700191284,132.898616027832,73.016229947408,87.5753021240234,54.9853625249381,148.203023470365,148.716354370117,47.3239890448849,52.5481331301243,91.5807604108538,64.8805992338392,0,81.7716583070301,19.9772945450024,57.5286423652582,75.9569509506226,21.8316727614528,45.0380741078128,32.7510140904906,114.827431815011,137.175490379333,99.8329196446378,73.8118761698405,83.869255065918,113.00775718689,57.4375251141132
143.251447504217,115.552472432454,91.2436286322504,77.0301356460109,166.26611328125,0,0,150.028440021333,163.022033691406,152.092779541016,158.283396402995,137.968547276088,237.651397705078,152.378356933594,147.537779001089,0,102.434204956581,98.1122112158573,0,121.741775730678,0,120.612395392524,79.3694039547082,97.5783400095355,147.204612731934,108.663202921549,107.260522008705,93.6917967278617,140.087800643023,144.824686686198,128.972065318714,205.477615356445,0,115.055572509766,96.8885456313435,116.492425070869,38.9244353272194,11.307350176247,45.1720124668379,124.271065394084,172.587448120117,127.421275069074,94.444620057571,121.91699754536,96.0000181931716,110.735490617298,116.265734173003,131.462855747768,98.4829893112183,115.788175395619,127.211154937744,65.3939032787003,36.7145051352209,81.4616882324219,74.8130115467114,131.527835083008,67.1355293378438,42.3717291618522,27.4763692879757,93.843141148974,78.3685569763184,22.9027362907081,24.7466116224169,80.4831586627907,140.831357955933,74.1624909910437,79.4937744140625,177.048614501953,122.944983164469,60.7447988733781
72.8766832233947,86.7910308837891,63.9824888429291,39.2773877893175,78.5361876394234,0,98.2676800319127,69.6807893597105,81.455964073768,44.7150752089406,85.066944485619,76.3602333068848,99.0964508056641,41.5468424037545,81.3683371910682,116.805061340332,76.0604566846575,70.432960679796,69.2613665262858,83.8611239897899,87.9438007496021,63.9452789382429,61.5086504488575,84.9600301318698,60.1641509948403,26.6662669675104,73.3212065666473,66.66662331275,68.0193830450817,75.2714452057882,65.7584531771537,61.0802203762916,155.219909667969,62.2026818104279,74.5513557815552,63.4647701348199,13.9843388343679,45.1720124668379,30.5073097632812,65.6321095612089,117.308242797852,74.6714603000217,54.0105780385513,79.7464961516552,16.4731971769732,64.8095190396873,62.7459575620472,47.1123330434163,46.1216684538743,78.2747962924017,90.0064353942871,38.0206005554667,61.9570318833423,55.7118274607557,57.8053240880989,64.6740618254009,50.8036612026933,15.4771798727578,53.543683116038,31.1750647165719,20.3369734714771,43.8307848411066,42.0393476536473,47.9253834678281,72.8586904248621,50.4876195072222,58.5771644406202,116.462046813965,53.8373266042665,63.1434034754018
129.584140232631,0,170.461502075195,70.2875338467685,43.86340784642,0,152.35090637207,130.820652928846,137.704485030401,89.0293873096334,84.2096177549923,0,20.9481580125774,0,142.670230865479,0,0,0,0,215.188369750977,11.5823769413208,0,111.395198822021,141.475059509277,44.5478464463322,0,228.029312133789,0,115.761625434779,149.155385335286,129.711248918013,0,0,135.22004699707,111.933036804199,79.0616811506587,122.320915222168,124.271065394084,65.6321095612089,11.1225218756981,135.824234008789,46.005651450124,31.9528889713702,76.5701973438263,46.8929032257625,27.5448930625178,151.847568088108,21.1552442866191,0,89.9775127650459,73.6614126477923,78.4072074890137,182.322631835938,164.021743774414,167.703922271729,11.5737695353216,110.832061767578,66.0987062454224,109.967890122358,22.9373241209371,0,151.414418683733,121.774870808919,15.3262956090924,95.3105034550802,89.8021399554084,0,125.545703887939,84.5904611860003,97.5781809488932
0,0,0,0,0,0,0,0,0,0,0,0,0,0,0,0,0,0,0,0,0,0,0,0,185.27033996582,0,0,147.944442749023,180.678756713867,0,0,0,0,0,0,68.7931649344308,0,172.587448120117,117.308242797852,135.824234008789,7.93968041645491,8.23734929523843,104.696775817871,12.8399921336133,54.3826904296875,93.999311765035,62.390301739728,73.8152720133464,92.1593532562256,24.7815320079166,14.9417988029451,0,173.649032592773,101.637222290039,131.354871749878,93.6387481689453,0,0,156.807151794434,110.735209147135,0,116.875608444214,0,102.836700439453,25.3037606740402,0,93.8053665161133,11.8927837563084,0,40.0566499883478
