10.7059112615472,0,111.601843756818,73.8582471793038,81.2169688542684,76.7062363094754,61.4782094099084,29.1805058899078,22.5956442974461,66.1536377079754,52.555437858531,123.139385082104,80.7088405774987,165.221321105957,16.396950137031,60.3026206970215,127.379119873047,113.713330703799,162.017371041434,146.780365060229,96.8806962585449,85.4684120893478,103.291310927447,91.7736747550516,74.6710173689474,0,133.859408253163,141.780454879814,69.7979162362906,16.6999762050455,30.1889088857649,181.91162109375,81.5994062009065,62.4590421229101,85.2847425784705,150.400278727214,136.619873046875,170.447826609892,106.914692348904,221.644226074219,0,160.579254150391,136.024685329861,176.283346388075,155.128372192383,135.156799316406,223.084671020508,0,0,164.132372174944,0,132.706527709961,182.10620880127,0,223.446197509766,0,144.416583591037,132.964218139648,176.127141049034,124.859306117467,0,197.404083251953,181.048818898755,141.288150981321,192.898825073242,137.092485215929,0,221.814971923828,172.908599853516,157.441789415148
0,7.3319208156923,53.2521143974142,35.4074781789728,95.3106883122371,0,141.057731628418,154.826782226562,0,63.7526888459871,138.767211914062,68.4668949127197,94.7364892959595,52.3664815927807,0,95.105899810791,69.5409812927246,65.5206854343414,64.7762397317325,72.3024942826252,0,102.416531880697,32.9118665949197,74.2024750960501,78.6518971843104,27.2196389666186,52.4595963599834,25.9246294862944,101.058656964983,121.545227050781,113.253004891532,76.9825275966099,0,0,90.8700861930847,0,42.960490322113,80.6087322235107,17.9378323952357,0,0,0,231.555236816406,0,0,152.960556030273,0,0,114.716983795166,0,0,96.1341094970703,77.0910364786784,0,133.003980000814,0,0,112.60099029541,72.709758122762,132.177119445801,101.898590087891,102.796151238519,83.5994541619414,93.4211730957031,0,103.017903645833,125.91702524821,0,0,0
111.601843756818,53.2521143974142,14.8952685210993,48.3518372118473,174.147468566895,173.299260457357,143.81627947998,95.6416330533933,131.446696372593,106.519570268903,116.90888896269,89.4076609568553,134.896850585938,98.0850041707357,131.909764854532,139.031046186175,98.1741989453634,38.9543808925991,93.565928633495,72.1637148997363,105.995414733887,75.1267431594138,46.6356331317456,31.7866178770232,108.036680483351,152.667079925537,36.9622060915322,36.6417114496974,79.4874990709918,107.308642807247,90.1958651716762,95.6363894554876,178.025238730691,114.211947547065,59.099876942197,164.186570739746,80.2994745604846,89.7252510723204,96.6308545079725,0,0,192.602335611979,144.259311532616,170.566252231598,152.62720489502,164.405345036433,152.109003067017,189.975326538086,146.931279500326,167.237404886882,0,102.517554048179,102.524268049691,155.179113769531,131.951581700643,192.58349609375,129.878587788549,73.5876883859709,99.8066106862563,145.445683328729,161.823104858398,113.66764194087,92.8044093113227,138.465640082431,179.518307495117,136.029751790365,171.518142700195,0,156.538642883301,102.420487998188
73.8582471793038,35.4074781789728,48.3518372118473,42.9637503336977,48.7326945335634,106.040151596069,83.1721661548741,60.1552032459516,79.7979201340094,24.1073396433581,87.3066127325899,69.3585640300404,64.1566478466166,50.054135055542,91.6264273699592,69.9494400024414,44.7930894255383,61.8838085010291,96.8665099673801,89.1362711069535,69.6336603326313,55.7962106043599,32.954534269759,53.7856492952498,42.6259609022416,31.2026345835531,66.5510348031501,36.3428017636116,47.6980559692978,77.299607209485,54.6887541927098,87.701721572876,120.02228626452,53.9982679367065,68.0039381323672,86.3706741333008,39.0728935135735,65.7881859312666,21.7655541631911,67.5806694030762,119.873039245605,112.300514221191,83.6043755026425,103.842765808105,69.4068516095479,115.349953787667,143.005924224854,124.825765609741,82.5472389221191,111.084364891052,138.279361724854,80.3815843037197,86.0609449438147,141.851051330566,82.137854385376,81.3476785932268,98.5063028335571,73.8965002059936,93.9536202317577,58.6331823454128,62.079833464189,81.2586231708527,68.8900713321192,82.9201866033423,100.272559404373,75.2622015932773,180.856063842773,0,101.218948364258,98.1786107663755
81.2169688542684,95.3106883122371,174.147468566895,48.7326945335634,6.96803881492255,128.784841537476,62.6304856066434,44.2384013464284,87.740743380874,30.1261352960401,18.1081358913073,141.344685872396,17.3156640711836,0,107.615533873092,48.0457804279943,0,138.832712809245,0,169.301635742188,13.9307276406036,83.810977935791,67.9265030308774,102.141712188721,14.7189638611254,144.931289672852,203.057434082031,117.456882095337,11.9317576876256,94.6102177032643,80.872747861422,0,132.472723388672,74.868242875585,94.3790962376545,121.818916320801,148.775093078613,196.546493530273,81.6195838564918,19.3914772716728,0,151.783448028564,141.638916015625,152.998779960301,88.6063137669717,124.569490337372,231.09521484375,24.1361309359375,0,161.045283726283,0,0,0,0,0,20.886152262414,0,130.073450724284,157.681854248047,99.5544090270996,0,0,183.422294616699,128.781390632071,170.593176523844,187.025248209635,0,0,160.867340087891,174.712461991744
76.7062363094754,0,173.299260457357,106.040151596069,128.784841537476,7.94646946049769,11.2928359033557,115.595558166504,13.6782013531798,100.142813273839,113.412108170359,68.0373877116612,90.2668533325195,91.9987701416016,34.2438917600192,16.3019647050575,0,175.845550537109,0,95.0007049560547,115.802199469672,0,0,131.19994354248,125.453163909912,0,157.235886710031,126.837698800223,129.727088479435,21.8780781174921,111.845852938565,0,12.8482191050375,0,39.9895870374597,0,0,0,0,0,0,0,0,231.176010131836,0,0,0,136.675872802734,0,205.700897216797,0,0,0,0,0,0,0,0,236.195983886719,153.66138458252,0,0,0,164.058512369792,0,0,0,0,0,0
61.4782094099084,141.057731628418,143.81627947998,83.1721661548741,62.6304856066434,11.2928359033557,8.59702022611632,58.5673922154254,17.8804571830304,87.6340670137324,19.2062619139515,81.4996485168681,25.2997803537483,94.6922456301176,37.728191259075,10.0141796698051,0,160.793868023416,113.260808308919,137.716953400643,34.1300895019118,133.359348521513,117.447270393372,132.184555313804,81.6845030723863,141.828638076782,161.441441879272,156.834986918681,64.1645546311166,52.2014042235873,90.5377820237239,117.69030380249,24.0773371605767,88.910448224357,67.8679908197342,158.270787556966,0,194.343770345052,111.997800350189,152.51844569615,0,167.435516357422,148.309242620701,174.12174343533,132.538098144531,165.845822734217,240.770309448242,58.1934267474759,0,189.897805464895,162.734558105469,0,0,0,0,170.679575993465,165.868270874023,152.210330963135,183.146783828735,135.10016120832,0,210.880554199219,205.214448408647,149.417247805388,187.335494097541,168.106092973189,0,0,189.22444152832,184.081287730824
29.1805058899078,154.826782226562,95.6416330533933,60.1552032459516,44.2384013464284,115.595558166504,58.5673922154254,8.62534031288057,54.0863217424888,56.1977135426289,20.0733773194658,147.056081411001,51.8991817083114,180.319061279297,44.4796403522356,71.3064362899117,88.8766918182373,109.443043138615,173.564902169364,151.288649749756,26.6423160451492,63.5894221698537,83.1665908098221,73.248102693197,56.5051218449645,164.08487701416,130.872208127685,118.118539378431,19.4566870841924,51.070082199909,15.4475643956057,168.226608276367,118.792043685913,60.6349958308506,79.0063059841894,144.347351074219,0,161.487899235317,81.7283344268799,129.813232421875,187.818283081055,156.829458448622,126.004786404696,152.215740377253,90.1906830469767,151.431815556117,0,143.688293457031,0,165.45849164327,127.551483154297,139.542930603027,181.221115112305,0,193.262705485026,145.905200195312,121.590035438538,126.524261474609,148.581222411125,113.954892222087,0,196.21290397644,164.340412139893,124.509188738736,152.358910217285,116.338279342651,0,0,113.012428283691,149.164767837524
22.5956442974461,0,131.446696372593,79.7979201340094,87.740743380874,13.6782013531798,17.8804571830304,54.0863217424888,11.4495395380347,80.0119633327444,24.7151276069513,81.5715775746961,54.0747936866108,103.590499716745,20.7603291933968,29.9556444088618,158.467683792114,141.099187675097,132.254650209008,155.795296947408,83.4697261959899,118.14206426916,129.641347885132,115.096990252699,82.4240876778973,142.520492553711,152.680381647137,155.686252367174,73.4759522203718,40.2209295790942,73.0018761838603,161.525845336914,21.5092101062757,81.422224496973,59.3377199946405,167.557529025608,177.613224029541,185.913711547852,107.798275091709,157.279234409332,232.141777038574,161.304825510297,139.059066669361,166.81109251459,123.868082427979,155.334675598145,240.033569335938,115.654591395937,0,170.41222283779,158.955307006836,143.936971028646,206.733849661691,0,216.521286010742,160.228409237332,147.164394378662,158.493592834473,186.808724212646,130.515333531977,0,206.162516667293,194.694160779317,143.478310893132,172.305217874461,161.948111492655,0,196.578384399414,178.133380126953,181.377503458659
66.1536377079754,63.7526888459871,106.519570268903,24.1073396433581,30.1261352960401,100.142813273839,87.6340670137324,56.1977135426289,80.0119633327444,8.16414573332667,81.3930179353744,129.220834883433,11.6430000684425,120.454004758947,89.1433892296963,22.7388571094119,84.9900622734657,124.411785499722,139.954238414764,142.025454872533,25.604617698376,78.199133506188,27.5579200577725,85.2981296835594,16.8564843694149,100.230977756771,139.292436825332,96.3960480379149,48.7170730915673,74.1836686909492,55.3349737012267,142.79301961263,119.692230918191,59.0006874554778,85.0531924867282,113.604038238525,0,167.494528198242,27.7950007650587,95.8479223984938,0,115.448040644328,105.218070983887,118.010875701904,48.5117360774208,105.454218341458,0,91.5565811793009,154.183120727539,136.594804763794,60.1699981689453,138.227703094482,166.448104858398,238.807708740234,193.028930664062,102.743018892076,48.7413787841797,115.376937866211,146.878107706706,61.2416284088695,159.03044128418,178.557580312093,161.700203789605,99.1980595624005,128.469821506076,109.201652526855,0,0,125.638005065918,142.770971298218
52.555437858531,138.767211914062,116.90888896269,87.3066127325899,18.1081358913073,113.412108170359,19.2062619139515,20.0733773194658,24.7151276069513,81.3930179353744,8.475568265797,151.097770459724,21.742007735749,154.737043380737,84.3377275896695,57.9648719940186,0,157.148442807405,175.878613789876,185.641637628729,17.6403429505264,107.03052520752,103.559507097517,111.162098462069,55.6095280432343,0,150.181039148447,138.172680714091,24.0419981246785,86.2260344790909,80.2581411752945,0,116.829716510083,78.5021468571254,86.8781527225102,201.960678100586,0,182.977117919922,99.7791542640099,157.09515953064,0,163.499588436551,143.283507070234,169.271502611114,104.788911299272,161.171850938063,244.099090576172,40.9118403851146,0,181.888993581136,181.25072479248,192.257293701172,0,0,0,161.074849309148,0,120.736904144287,181.496315002441,126.359088463877,0,184.961380004883,179.868337631226,146.644376162825,182.575496673584,180.422668457031,0,0,170.224838256836,189.849171229771
123.139385082104,68.4668949127197,89.4076609568553,69.3585640300404,141.344685872396,68.0373877116612,81.4996485168681,147.056081411001,81.5715775746961,129.220834883433,151.097770459724,14.4814704292485,131.288266658783,22.1392076307272,70.7707829493173,111.8856493632,0,56.3483187367366,23.92307187678,32.4649225765702,140.766662597656,90.7974791275827,104.793911429013,84.9631322550977,148.373060143512,31.2040849551302,23.9451801023511,54.7745304211434,154.040617550121,61.2470780978785,124.128300817389,37.8914590297882,67.53390081378,113.886925770686,28.2663632123747,183.908416748047,104.162538146973,133.751819610596,137.16162109375,0,0,0,213.801147460938,0,0,0,113.187375640869,165.405143737793,88.3873721973316,217.760955810547,0,0,145.615052359445,115.311973571777,118.11339152943,231.179412841797,232.158416748047,0,166.923797607422,193.064949035645,85.2404578526815,109.080385776988,110.407450679922,220.307388305664,0,0,102.91932964325,0,0,125.326591491699
80.7088405774987,94.7364892959595,134.896850585938,64.1566478466166,17.3156640711836,90.2668533325195,25.2997803537483,51.8991817083114,54.0747936866108,11.6430000684425,21.742007735749,131.288266658783,9.4526917888067,153.655039469401,97.4991759885337,12.0739138308609,104.426147460938,191.020927429199,181.348495483398,0,12.7419897744537,141.291374206543,69.9061889648438,179.464353942871,13.946539406583,0,196.034576416016,137.525156656901,52.2542589392814,91.9701044694433,118.009940514198,0,120.565714342841,93.6385519504547,89.8000455336137,0,0,0,81.4123697280884,138.507082621257,0,152.737412770589,137.701119995117,188.948284573025,67.8814604622977,122.91592613856,0,9.86036198898094,0,203.708084106445,79.6855850219727,0,0,0,0,18.2052942236265,0,122.159706115723,0,100.409774363041,0,0,0,133.939349746704,198.606735229492,0,0,0,0,204.144012451172
165.221321105957,52.3664815927807,98.0850041707357,50.054135055542,0,91.9987701416016,94.6922456301176,180.319061279297,103.590499716745,120.454004758947,154.737043380737,22.1392076307272,153.655039469401,8.10326350203585,89.4879591351464,0,138.237457275391,83.8720571344549,46.3379769918081,62.3942391032904,137.105941772461,129.446689605713,95.5404357131647,141.520674024309,139.571857676787,17.2492284413423,28.0545544272088,26.477364656535,167.776779174805,79.086458108364,146.217135620117,12.8284903380258,85.1895799636841,135.608985900879,55.3925711339834,0,94.6433167891069,178.301620483398,92.6437969207764,192.517761230469,0,219.38916015625,205.351516723633,198.992431640625,155.075183105469,0,70.802513851839,0,67.1911769558363,0,0,0,148.615051269531,89.1685516357422,95.3284878200955,0,0,126.071782729205,0,182.398345947266,59.9011822938919,89.2377575673875,89.8186339075694,218.745147705078,0,0,89.2080996409956,0,0,104.732212515438
16.396950137031,0,131.909764854532,91.6264273699592,107.615533873092,34.2438917600192,37.728191259075,44.4796403522356,20.7603291933968,89.1433892296963,84.3377275896695,70.7707829493173,97.4991759885337,89.4879591351464,9.46741795085588,38.8146200790405,156.307043075562,139.0987689542,112.178884564024,140.175670369466,101.348058276377,105.940148498073,130.463951849168,113.495742680045,99.8592804293089,94.8099250793457,151.080811013367,154.28965707134,98.104830132212,22.4882133868932,63.3760313826439,157.692268371582,22.5399914996497,46.2161293533151,47.1165887974511,170.751090155707,0,172.384987967355,112.037561074281,166.817786080497,214.538330078125,185.955596923828,161.420893500833,187.230903455946,122.448629379272,170.026752895779,0,122.046922683716,0,184.129295984904,223.568511962891,162.465934753418,200.94421725803,0,243.392593383789,190.029149373372,176.360824584961,144.365203857422,191.230565388997,148.354104849008,0,211.393617902483,192.760733032227,158.676615768009,193.201081848145,167.92973947525,0,231.852355957031,158.225133260091,190.507898504084
60.3026206970215,95.105899810791,139.031046186175,69.9494400024414,48.0457804279943,16.3019647050575,10.0141796698051,71.3064362899117,29.9556444088618,22.7388571094119,57.9648719940186,111.8856493632,12.0739138308609,0,38.8146200790405,8.28667734601484,0,166.902870178223,106.246276855469,0,56.4402137972274,42.3536949157715,90.7455570514386,134.672719319661,39.7469052016892,135.385340372721,167.524475097656,139.900646754674,74.2612245039506,47.4124951539216,84.5711561838786,0,35.9145151460674,68.2465545654297,31.0349209826926,0,0,0,82.7845942179362,90.9638671875,0,156.471008300781,134.136835734049,167.431457519531,65.0784632364909,0,0,123.480800628662,0,161.664825439453,0,0,0,0,0,136.708271026611,0,0,142.400451660156,110.228469848633,0,0,155.380462646484,144.105027770996,143.5537109375,145.531951904297,0,0,0,155.224166870117
127.379119873047,69.5409812927246,98.1741989453634,44.7930894255383,0,0,0,88.8766918182373,158.467683792114,84.9900622734657,0,0,104.426147460938,138.237457275391,156.307043075562,0,14.4801459314692,105.085431098938,148.655883789062,132.74829864502,0,15.3498581351857,33.1201645081753,16.0241984226482,26.1550943262617,0,116.895091247559,27.4735605176226,37.3780953880003,136.718927383423,91.1567687988281,0,0,107.710355122884,81.9663901218148,147.156646728516,0,110.228555043538,75.9270464579264,0,0,0,145.855478922526,176.026728312174,98.1460475921631,0,0,0,0,158.449440002441,0,42.3487860356507,139.314154052734,0,196.836563110352,0,120.008532842,57.2395562863817,102.367388606777,107.991786956787,0,185.428448486328,110.668973151674,120.296008483223,0,125.468300559304,0,0,0,127.723639806112
113.713330703799,65.5206854343414,38.9543808925991,61.8838085010291,138.832712809245,175.845550537109,160.793868023416,109.443043138615,141.099187675097,124.411785499722,157.148442807405,56.3483187367366,191.020927429199,83.8720571344549,139.0987689542,166.902870178223,105.085431098938,12.3513798663605,52.7084006162394,27.3192331847948,120.324485778809,61.7378172742766,76.0748013619346,20.92241784321,134.929908524698,69.3443720075819,46.3268770946364,67.3247070134759,121.489894206297,99.3084338436956,82.0018199256025,86.7517083209494,158.821128845215,98.9418196523392,48.5583653707507,196.612184797015,91.0128101082735,103.275895350559,100.989141817446,0,0,191.741226196289,157.81595374798,192.942116292318,184.383544921875,200.877197265625,127.735557556152,0,157.960540771484,190.773992265974,0,127.577818926643,113.574628891483,127.780933380127,129.72621307373,200.190963745117,150.095320991848,93.7509211403983,121.050659798287,171.179489135742,131.0465259552,117.279640386393,106.44070928918,160.35359601007,201.843756103516,161.664822665128,0,0,196.126819610596,122.291043140849
162.017371041434,64.7762397317325,93.565928633495,96.8665099673801,0,0,113.260808308919,173.564902169364,132.254650209008,139.954238414764,175.878613789876,23.92307187678,181.348495483398,46.3379769918081,112.178884564024,106.246276855469,148.655883789062,52.7084006162394,6.90482075445304,15.0345384748096,0,115.359989738464,114.944009078176,99.1128720519363,144.422103881836,47.0219606867807,31.773357632071,60.4590237068882,155.385368934044,113.103788653287,131.695550147523,45.9584600312791,99.5416297912598,130.21012537103,59.8069301696471,232.286712646484,133.274540492467,141.354483922323,102.762453715007,0,0,212.642837524414,0,0,168.460021972656,0,103.610766940647,0,97.6509438186395,0,0,0,135.362764994303,106.711948818631,107.893077523368,0,219.406913757324,149.167633056641,157.453338623047,0,95.8560638427734,105.70824426245,109.251822256273,0,247.993438720703,177.445266723633,106.677380371094,0,200.404098510742,105.092119852702
146.780365060229,72.3024942826252,72.1637148997363,89.1362711069535,169.301635742188,95.0007049560547,137.716953400643,151.288649749756,155.795296947408,142.025454872533,185.641637628729,32.4649225765702,0,62.3942391032904,140.175670369466,0,132.74829864502,27.3192331847948,15.0345384748096,11.2851344491229,202.438552856445,95.1984078594457,112.104001862662,82.1988083237693,157.142893473307,51.7552740274231,37.4645562929057,67.2808393779879,135.2653687795,111.670259383352,115.841201840318,60.3397796855253,113.119168281555,113.900568761131,47.4203441163544,0,117.980055618286,134.013526258797,129.568234761556,0,0,0,191.664840698242,228.156173706055,0,171.750854492188,123.545335208668,0,109.003686666489,0,0,183.792678833008,129.47804107666,113.087351285494,109.625004365076,0,174.725131988525,170.441594441732,160.796249389648,0,88.4853344726562,105.655434496649,110.11505289342,182.424865722656,215.181869506836,180.69612121582,120.403924942017,0,0,130.420890461315
96.8806962585449,0,105.995414733887,69.6336603326313,13.9307276406036,115.802199469672,34.1300895019118,26.6423160451492,83.4697261959899,25.604617698376,17.6403429505264,140.766662597656,12.7419897744537,137.105941772461,101.348058276377,56.4402137972274,0,120.324485778809,0,202.438552856445,10.8940855222527,119.025650024414,67.3898239135742,123.770872497559,19.2119104329528,0,210.800251552037,147.282105255127,25.5483210571792,93.935675809517,118.252097389915,0,124.387170155843,90.9021769364675,91.1963859416383,0,0,0,100.350244081937,106.696291176048,0,159.857322692871,138.141869015164,169.513225696705,102.857458114624,148.790970335615,0,22.6289135374733,0,175.072011947632,139.745346069336,152.020645141602,0,0,0,50.2581590448107,0,149.800880432129,174.331298828125,107.008542083031,0,0,0,136.120120371943,175.456339055842,226.871612548828,0,186.942474365234,166.143488566081,193.692171732585
85.4684120893478,102.416531880697,75.1267431594138,55.7962106043599,83.810977935791,0,133.359348521513,63.5894221698537,118.14206426916,78.199133506188,107.03052520752,90.7974791275827,141.291374206543,129.446689605713,105.940148498073,42.3536949157715,15.3498581351857,61.7378172742766,115.359989738464,95.1984078594457,119.025650024414,11.6010603081593,44.8173061284751,23.3803429146295,14.5794265242137,100.207824707031,104.650522242366,76.6300497209901,18.6355388904515,42.3964774344366,25.8742727269963,0,157.050389607747,52.2886900267787,38.8341842731492,122.89411799113,0,130.73620944553,68.7396050086388,0,161.068725585938,0,137.565060159434,151.297067006429,122.051864624023,159.648765563965,166.371963500977,0,0,127.781377792358,0,103.894575936454,144.479035810991,0,140.604530334473,244.253387451172,111.306980982618,80.6044918005017,111.359508743942,109.390157187857,0,197.364633560181,136.263410048051,113.606614291283,131.853326650766,107.568675104777,0,0,110.765756607056,135.822113368822
103.291310927447,32.9118665949197,46.6356331317456,32.954534269759,67.9265030308774,0,117.447270393372,83.1665908098221,129.641347885132,27.5579200577725,103.559507097517,104.793911429013,69.9061889648438,95.5404357131647,130.463951849168,90.7455570514386,33.1201645081753,76.0748013619346,114.944009078176,112.104001862662,67.3898239135742,44.8173061284751,9.04053122180022,47.3981338723688,27.2753784080745,75.5460082693198,95.2797390070177,39.5566267448164,48.8380509109208,112.087150717681,55.5707140093373,122.148038228353,192.734367370605,73.5505601658541,63.6000948228253,128.924533420139,62.2211799621582,83.712847841703,57.8402978420258,118.240196228027,0,174.648994445801,119.876625647912,148.523911476135,94.8996175130208,135.447677612305,0,0,180.804481506348,149.550661359515,0,61.0795081780881,109.72216758728,0,145.960973103841,127.399757385254,77.1293388529027,44.3853148754607,68.423302043568,111.360548706055,0,149.980942726135,92.6422186209939,106.723126064647,234.209976196289,88.9867872758345,0,0,203.614608764648,114.674998219808
91.7736747550516,74.2024750960501,31.7866178770232,53.7856492952498,102.141712188721,131.19994354248,132.184555313804,73.248102693197,115.096990252699,85.2981296835594,111.162098462069,84.9631322550977,179.464353942871,141.520674024309,113.495742680045,134.672719319661,16.0241984226482,20.92241784321,99.1128720519363,82.1988083237693,123.770872497559,23.3803429146295,47.3981338723688,15.8106983172627,67.632017735801,115.056840515137,72.8821908039418,46.2389642682853,46.135623724991,85.0068621178785,56.127055992312,119.934633890788,155.072743466026,79.809259110815,42.047648443818,150.523927096663,98.4554082430326,96.4830715852021,85.6105027539389,178.280883789062,0,183.682676315308,143.53095514002,173.723176993576,125.295041864569,167.898840531059,187.552635192871,173.917129516602,169.915512084961,167.238927892736,155.450988769531,101.018688329061,123.917451577108,205.622421264648,157.952534484863,0,115.397395950427,68.2395916771147,103.836641468126,134.468425394694,0,144.024303247433,103.42417988315,134.542115185239,169.578958581995,125.185532840178,0,0,170.644105699327,121.548186488122
74.6710173689474,78.6518971843104,108.036680483351,42.6259609022416,14.7189638611254,125.453163909912,81.6845030723863,56.5051218449645,82.4240876778973,16.8564843694149,55.6095280432343,148.373060143512,13.946539406583,139.571857676787,99.8592804293089,39.7469052016892,26.1550943262617,134.929908524698,144.422103881836,157.142893473307,19.2119104329528,14.5794265242137,27.2753784080745,67.632017735801,11.2485199882794,115.538151719835,152.996212653394,80.8243074041583,18.0291682485679,85.2084715270164,65.9495462027401,150.174285888672,127.1842757331,64.6487659762677,81.9204030171247,127.437466212681,129.653121948242,147.110334147578,58.4661176497476,112.161008944457,204.954906463623,128.467444632217,110.280166291028,142.958226013184,68.5170006414857,118.71502532665,211.573638916016,105.288490006418,0,149.115169525146,125.525248209635,114.967070635627,170.704881032308,0,0,118.238636561802,113.618381924099,109.318690681458,139.074881920448,80.073801093511,171.904312133789,189.900814819336,148.850746442687,109.465615578285,152.63207244873,117.836183290224,0,186.861348470052,130.402393341064,144.736399070504
0,27.2196389666186,152.667079925537,31.2026345835531,144.931289672852,0,141.828638076782,164.08487701416,142.520492553711,100.230977756771,0,31.2040849551302,0,17.2492284413423,94.8099250793457,135.385340372721,0,69.3443720075819,47.0219606867807,51.7552740274231,0,100.207824707031,75.5460082693198,115.056840515137,115.538151719835,9.58667471056724,43.3631336265995,18.7482322773196,131.308609008789,103.485213279724,145.192260742188,56.9856133894487,0,108.817893981934,63.0439397891363,0,80.373287041982,73.6502151489258,69.9722282160883,0,0,193.425033569336,0,0,139.103226979574,0,64.6529010057449,0,55.3478514459238,0,0,0,123.37740020752,74.5808736111255,82.9234963553292,0,0,117.626166280111,159.839958190918,175.629707336426,45.5681435680954,74.3337237288832,76.3186002352752,0,0,171.412704467773,77.0570793622806,0,0,104.207250383165
133.859408253163,52.4595963599834,36.9622060915322,66.5510348031501,203.057434082031,157.235886710031,161.441441879272,130.872208127685,152.680381647137,139.292436825332,150.181039148447,23.9451801023511,196.034576416016,28.0545544272088,151.080811013367,167.524475097656,116.895091247559,46.3268770946364,31.773357632071,37.4645562929057,210.800251552037,104.650522242366,95.2797390070177,72.8821908039418,152.996212653394,43.3631336265995,18.3149350656564,39.9787906279992,129.14604973793,122.318889393007,116.38237012194,32.2048910979248,152.853107690811,122.905362085465,70.0383173177377,187.46862411499,99.1575136465185,110.876690415775,112.209775332747,0,0,0,181.433752441406,206.050530569894,171.086397443499,200.137023925781,106.227867126465,0,91.4825225594421,206.300575256348,0,159.19363285945,110.954581738869,108.845087252165,102.672807426992,0,156.049144199916,136.08252753281,139.698045438879,187.513792037964,85.5328881072998,99.313253914768,101.274912739918,184.623938340407,187.603708902995,163.9880078125,106.127128354965,0,189.218978881836,118.704179632253
141.780454879814,25.9246294862944,36.6417114496974,36.3428017636116,117.456882095337,126.837698800223,156.834986918681,118.118539378431,155.686252367174,96.3960480379149,138.172680714091,54.7745304211434,137.525156656901,26.477364656535,154.28965707134,139.900646754674,27.4735605176226,67.3247070134759,60.4590237068882,67.2808393779879,147.282105255127,76.6300497209901,39.5566267448164,46.2389642682853,80.8243074041583,18.7482322773196,39.9787906279992,15.1748714449113,76.7195225836948,128.83671898657,116.698170622589,19.9835127248521,148.593606472015,121.593976049712,70.0057812350968,172.219619041265,86.5492994224686,91.6704719158662,84.8287082646517,174.878209431966,113.963279724121,194.444191826714,152.987029823097,179.035401063807,161.135193109512,167.743426513672,106.398635864258,191.801645914714,87.2184458816261,179.474127197266,171.518040974935,109.2499681284,107.100601703238,105.228900593923,104.17853858438,201.387850080218,130.624402063543,78.6321735120799,105.04868736793,159.965726047092,82.2031418200165,100.315586660881,95.0536486870216,144.329204493782,187.635719143614,150.451231238956,106.697368237399,132.304138183594,165.877005440848,110.576605485722
69.7979162362906,101.058656964983,79.4874990709918,47.6980559692978,11.9317576876256,129.727088479435,64.1645546311166,19.4566870841924,73.4759522203718,48.7170730915673,24.0419981246785,154.040617550121,52.2542589392814,167.776779174805,98.104830132212,74.2612245039506,37.3780953880003,121.489894206297,155.385368934044,135.2653687795,25.5483210571792,18.6355388904515,48.8380509109208,46.135623724991,18.0291682485679,131.308609008789,129.14604973793,76.7195225836948,9.6663012351679,79.9319933652878,30.4579969052639,136.995864868164,130.09193016501,61.1535797326086,71.5709695497524,129.712610309044,120.456172943115,140.170735093414,73.2293721367331,124.881775852011,199.087319268121,150.112671947027,122.31150223488,153.757729190519,97.2048216568796,144.02573186322,203.899701436361,108.531732996305,0,150.337511870821,176.59192276001,104.034209159956,154.826156180246,0,180.539386749268,145.038247707671,110.483111930293,99.8713457038604,131.505075307993,106.762329708823,0,183.545113956227,148.115370766411,119.898893429957,147.757632487529,105.501917866613,229.058944702148,198.18034362793,127.871306569953,153.844081809304
16.6999762050455,121.545227050781,107.308642807247,77.299607209485,94.6102177032643,21.8780781174921,52.2014042235873,51.070082199909,40.2209295790942,74.1836686909492,86.2260344790909,61.2470780978785,91.9701044694433,79.086458108364,22.4882133868932,47.4124951539216,136.718927383423,99.3084338436956,113.103788653287,111.670259383352,93.935675809517,42.3964774344366,112.087150717681,85.0068621178785,85.2084715270164,103.485213279724,122.318889393007,128.83671898657,79.9319933652878,7.86126606173506,22.8570194619898,112.128877912249,9.0201948430369,17.966848645012,36.475358095174,158.174947102865,129.503590901693,171.06138865153,105.598654772784,153.901902516683,170.110580444336,179.382730584396,146.16470853744,185.055392674037,114.059126853943,187.575552481192,233.061569213867,112.216140254851,114.230041503906,168.79508026123,0,121.631822374132,174.195010375977,209.295028686523,195.996265411377,174.868438720703,132.602034568787,172.29511478969,161.533757059198,135.935611034003,0,184.384283883231,173.079220581055,138.237571762269,168.479378064473,132.678757377293,0,0,129.243446350098,183.883873679421
30.1889088857649,113.253004891532,90.1958651716762,54.6887541927098,80.872747861422,111.845852938565,90.5377820237239,15.4475643956057,73.0018761838603,55.3349737012267,80.2581411752945,124.128300817389,118.009940514198,146.217135620117,63.3760313826439,84.5711561838786,91.1567687988281,82.0018199256025,131.695550147523,115.841201840318,118.252097389915,25.8742727269963,55.5707140093373,56.127055992312,65.9495462027401,145.192260742188,116.38237012194,116.698170622589,30.4579969052639,22.8570194619898,10.0700815809286,162.444110870361,119.837745348612,41.7852998844824,42.9667459395362,127.817504264213,146.282215118408,149.571991402762,79.1734358072281,0,180.102828979492,149.178438186646,120.442986432244,150.278108808729,82.3507808685303,144.884965163011,209.242782592773,109.866455078125,0,149.863552638463,0,108.216827583313,163.609833046242,234.588333129883,195.925592041016,169.111869812012,110.656020355225,98.8977950811386,137.149837518829,104.361598648838,0,183.342144359242,158.27318166097,114.593667975054,134.767858651968,107.941453443255,0,0,131.490182142991,143.355684233875
181.91162109375,76.9825275966099,95.6363894554876,87.701721572876,0,0,117.69030380249,168.226608276367,161.525845336914,142.79301961263,0,37.8914590297882,0,12.8284903380258,157.692268371582,0,0,86.7517083209494,45.9584600312791,60.3397796855253,0,0,122.148038228353,119.934633890788,150.174285888672,56.9856133894487,32.2048910979248,19.9835127248521,136.995864868164,112.128877912249,162.444110870361,5.58475732622725,105.139183044434,0,74.5864782622366,0,125.668980916341,0,96.2736473083496,0,0,0,0,0,153.12043762207,0,90.5246810913086,0,83.2103314995766,0,0,0,130.810615539551,109.434278634878,109.998002370199,0,0,141.147308349609,0,0,78.5654490788778,104.308091250333,106.22604397365,0,0,0,105.514918736049,0,0,0
81.5994062009065,0,178.025238730691,120.02228626452,132.472723388672,12.8482191050375,24.0773371605767,118.792043685913,21.5092101062757,119.692230918191,116.829716510083,67.53390081378,120.565714342841,85.1895799636841,22.5399914996497,35.9145151460674,0,158.821128845215,99.5416297912598,113.119168281555,124.387170155843,157.050389607747,192.734367370605,155.072743466026,127.1842757331,0,152.853107690811,148.593606472015,130.09193016501,9.0201948430369,119.837745348612,105.139183044434,5.17557434590443,88.7847528457642,37.5673332709,192.622589111328,0,240.745468139648,132.813110351562,244.745758056641,0,218.844131469727,184.651102701823,194.118585205078,0,206.965352376302,0,0,0,0,0,0,0,0,0,0,0,0,247.117797851562,172.020746866862,0,175.857559204102,195.991477966309,176.756549835205,0,190.994384765625,0,0,195.938446044922,223.948532104492
62.4590421229101,0,114.211947547065,53.9982679367065,74.868242875585,0,88.910448224357,60.6349958308506,81.422224496973,59.0006874554778,78.5021468571254,113.886925770686,93.6385519504547,135.608985900879,46.2161293533151,68.2465545654297,107.710355122884,98.9418196523392,130.21012537103,113.900568761131,90.9021769364675,52.2886900267787,73.5505601658541,79.809259110815,64.6487659762677,108.817893981934,122.905362085465,121.593976049712,61.1535797326086,17.966848645012,41.7852998844824,0,88.7847528457642,8.82324551054944,42.4651560780162,131.240656534831,0,170.428253173828,90.2955279350281,0,0,156.586212158203,145.938948197798,147.27596119472,119.924083709717,159.436950683594,0,172.975288391113,0,161.14234161377,0,114.949000549316,163.93717956543,246.981826782227,165.644088745117,0,112.617078145345,82.3192291259766,131.854838722631,117.639631520147,0,169.091136932373,164.828310320454,120.889664274273,125.496515909831,109.911612447103,0,0,111.185569763184,145.225912475586
85.2847425784705,90.8700861930847,59.099876942197,68.0039381323672,94.3790962376545,39.9895870374597,67.8679908197342,79.0063059841894,59.3377199946405,85.0531924867282,86.8781527225102,28.2663632123747,89.8000455336137,55.3925711339834,47.1165887974511,31.0349209826926,81.9663901218148,48.5583653707507,59.8069301696471,47.4203441163544,91.1963859416383,38.8341842731492,63.6000948228253,42.047648443818,81.9204030171247,63.0439397891363,70.0383173177377,70.0057812350968,71.5709695497524,36.475358095174,42.9667459395362,74.5864782622366,37.5673332709,42.4651560780162,11.7975437100041,146.795550346375,139.265550231934,107.361800519726,103.754957580566,195.152369181315,216.002700805664,179.126226425171,138.666632516044,176.449659150222,123.915583610535,180.994393920898,122.262687683105,109.220493092256,132.898254394531,166.395841598511,0,115.668298420153,128.022903236183,192.761138916016,150.810774666922,191.831764221191,112.751827663845,99.1918660214073,117.978996943502,133.561173248291,105.743362426758,130.381285007183,118.714997702498,135.633996629223,157.175780076247,123.619700309558,171.475799560547,221.362075805664,111.765644073486,129.040042711341
150.400278727214,0,164.186570739746,86.3706741333008,121.818916320801,0,158.270787556966,144.347351074219,167.557529025608,113.604038238525,201.960678100586,183.908416748047,0,0,170.751090155707,0,147.156646728516,196.612184797015,232.286712646484,0,0,122.89411799113,128.924533420139,150.523927096663,127.437466212681,0,187.46862411499,172.219619041265,129.712610309044,158.174947102865,127.817504264213,0,192.622589111328,131.240656534831,146.795550346375,9.3326554990099,135.235264704778,119.025422456732,68.0528576217012,89.4045618693034,71.4594158845789,77.1204325583129,27.7452123000542,37.9361904752973,68.1799645113306,70.4734191849226,120.117267774499,91.7479902414175,174.667346954346,13.9411070651268,53.5195422702365,78.5410824083302,116.158158874512,153.069779872894,135.103082789931,82.5278013017442,88.4389434643646,77.6807195612815,114.13611919124,69.8415811190041,165.640416463216,132.378981525458,130.380689499595,75.538515235967,19.0953511966824,26.6976109609883,150.52269744873,69.511973063151,36.3241295534022,64.4165513705676
136.619873046875,42.960490322113,80.2994745604846,39.0728935135735,148.775093078613,0,0,0,177.613224029541,0,0,104.162538146973,0,94.6433167891069,0,0,0,91.0128101082735,133.274540492467,117.980055618286,0,0,62.2211799621582,98.4554082430326,129.653121948242,80.373287041982,99.1575136465185,86.5492994224686,120.456172943115,129.503590901693,146.282215118408,125.668980916341,0,0,139.265550231934,135.235264704778,8.49754410404027,41.1230535294645,21.1721003416016,0,0,126.126983642578,115.129882594517,127.901087674228,70.6522345340613,127.464714050293,70.2175145467122,98.7260818481445,55.5767227408074,136.818418775286,109.976161956787,66.1474704906858,53.0628909092323,82.398561386835,64.6844267917039,0,89.4725218552809,18.543236518892,68.0797701823353,81.8646517722837,25.1307597257589,50.917801436807,34.6117097271309,105.164389633551,143.418510913849,106.189311455036,74.1806362697056,0,116.609889984131,57.7870851244245
170.447826609892,80.6087322235107,89.7252510723204,65.7881859312666,196.546493530273,0,194.343770345052,161.487899235317,185.913711547852,167.494528198242,182.977117919922,133.751819610596,0,178.301620483398,172.384987967355,0,110.228555043538,103.275895350559,141.354483922323,134.013526258797,0,130.73620944553,83.712847841703,96.4830715852021,147.110334147578,73.6502151489258,110.876690415775,91.6704719158662,140.170735093414,171.06138865153,149.571991402762,0,240.745468139648,170.428253173828,107.361800519726,119.025422456732,41.1230535294645,13.883291032256,46.7238555090768,169.450897216797,194.515202840169,137.567639852308,89.647098785895,123.704202648717,109.431102142334,112.022675259423,103.200402259827,178.150115966797,93.7210960388184,121.741920710232,169.016799926758,81.528805287679,38.3633945174192,98.8896920945909,71.8449291162324,183.566403198242,65.7865133226654,43.878150302887,26.1237024284867,122.988481810599,0,29.7418956059389,33.1297495053511,71.9955094835603,137.821055572812,86.6908930214969,98.5373273577009,0,127.775741331039,67.321577478898
106.914692348904,17.9378323952357,96.6308545079725,21.7655541631911,81.6195838564918,0,111.997800350189,81.7283344268799,107.798275091709,27.7950007650587,99.7791542640099,137.16162109375,81.4123697280884,92.6437969207764,112.037561074281,82.7845942179362,75.9270464579264,100.989141817446,102.762453715007,129.568234761556,100.350244081937,68.7396050086388,57.8402978420258,85.6105027539389,58.4661176497476,69.9722282160883,112.209775332747,84.8287082646517,73.2293721367331,105.598654772784,79.1734358072281,96.2736473083496,132.813110351562,90.2955279350281,103.754957580566,68.0528576217012,21.1721003416016,46.7238555090768,22.7472414259325,65.0820337931315,117.79820897029,81.1450627013927,57.7234081288283,80.5054559319969,14.3683401283718,74.4652865618125,111.31692647934,73.0883126020431,88.3107191511422,80.7199169099331,66.750916994535,45.6307166283872,68.5714578395936,102.074143042931,77.0249022926603,104.783952376422,51.7089101944604,32.8248533142611,50.3545476383703,35.4919434747415,46.9966625103136,60.4682610279258,44.1579631721947,51.49977310925,79.5839675953186,54.078991443634,80.3285442352295,136.385411580404,71.2964219082607,77.846479381003
