10.5363019575611,122.854382324219,110.781332370254,71.6089948109218,78.6600626053349,90.11101659139,71.4219287656388,28.6636402563994,30.2319197919513,68.307829329842,48.400606910691,123.004636471088,79.1298136181302,135.51822052002,19.090610501123,85.5558563868205,138.620239257812,112.405704730386,155.194278717041,146.842079328454,80.0590561230977,77.5256466987805,128.222731018066,93.5267570027903,73.7800207040416,0,131.550428882088,140.679947989328,69.2048204909483,16.8385554801586,28.3654049863897,0,84.0709032129358,70.6186551685575,81.4839607477188,146.135124206543,126.712615966797,176.180010986328,93.5081175726813,110.557975769043,0,160.589141845703,143.44815769902,158.60938167572,75.9552383422852,147.731120518276,191.004470825195,125.119909286499,0,164.288379669189,0,0,188.345209757487,0,227.823440551758,139.664667129517,0,137.200729370117,174.040901184082,122.231190958331,0,195.416221618652,183.931274940228,135.140460544162,155.371658325195,138.86124335395,0,0,190.060806274414,165.185116577148
122.854382324219,6.17538750994041,45.2455087103698,24.5376133271401,89.4861145019531,0,129.754987080892,123.488836808638,147.494934082031,69.3604630556974,157.888917922974,70.1414270815642,105.121837269176,55.0857148523684,139.707800547282,108.140812683105,90.6810245513916,52.482630896061,78.6461566925049,69.8120295903454,0,115.107958475749,28.0616276365645,79.9775968439439,81.042475054341,25.0492671272224,57.1183772879018,32.7527807330559,110.443435668945,117.046629333496,110.191600598787,68.5787078488258,0,113.352093166775,72.7676475112503,0,54.5894120534261,108.662728118896,69.3732226445125,0,0,248.601974487305,143.469528198242,0,96.5533218383789,0,130.575454711914,0,105.731589317322,150.344898223877,0,0,96.4693018595378,115.537796020508,103.438202752007,194.647720336914,0,44.0916919708252,135.171803610665,134.735910688128,96.2607513427734,117.2033707639,99.5804166876751,165.081695556641,0,146.533935546875,113.923204040527,0,0,141.999404907227
110.781332370254,45.2455087103698,14.6863337071749,52.6957397551548,0,167.28596496582,141.386913058124,99.3860637671756,128.272130478685,112.187006823222,122.22869237264,94.3429118605221,196.942253112793,100.882916964017,128.554237283243,136.106734139579,107.90069178531,42.4392902565496,93.726872580392,68.5889352621251,168.547149658203,66.3988499581059,45.9579562788382,31.9991006817666,113.423093387737,131.804639816284,35.6006690019062,38.3665218469758,86.214716283994,109.993837465758,90.9424846094511,98.6954478511104,184.547132219587,109.788598303067,61.1404906873821,165.863974434989,71.487999078586,92.6877667741751,76.1684848070145,0,0,197.56852722168,157.015681173949,176.74407989502,171.696441650391,169.719125155745,149.467953999837,217.456680297852,105.677715301514,185.099009990692,221.937492370605,112.182339986165,113.734764680734,153.271052769252,134.447989265874,213.832160949707,133.458694302306,72.8492668884728,102.091853858251,147.791313476562,168.395095825195,119.360392002244,94.8040123121991,152.725649693629,186.975378036499,147.373023197569,198.024078369141,0,180.782452901204,120.619995359391
71.6089948109218,24.5376133271401,52.6957397551548,22.9385728108126,53.3932955439498,108.521377563477,85.8965713825632,64.9466552274157,82.2251622688257,20.0680321976245,90.1184255227275,74.8737879247473,59.2405558956994,57.7986664271076,92.7164501063029,86.6209305730359,40.3276053185045,72.4716326836908,95.4209714889526,84.4748165004856,64.4262166023254,52.3454214189948,27.4673360416083,51.8973705015386,42.7495366959782,30.0330746607347,67.9694012188521,40.7988572999459,53.4412600609872,74.8786810543226,53.9319476074643,80.1929219287375,113.999892234802,57.0536269567963,74.0078071363045,85.05224869468,51.8462394986834,90.7342533535428,16.6831335189074,60.8063624988903,0,108.690786743164,76.1705236797091,101.485574956526,17.3995830110601,98.4737756148629,118.2848777771,89.6523699079241,130.667509460449,104.678560574849,62.6152591705322,62.633681505576,111.151168129661,145.964731852214,116.771132469177,90.1589415413993,81.3547268708547,17.1261411157454,73.4352769128208,56.5258965343237,24.9114542007446,103.014049236591,92.0631301457095,76.5726170637971,100.358605561433,74.1103826795306,141.344581604004,124.773513793945,101.450202941895,104.687097787857
78.6600626053349,89.4861145019531,0,53.3932955439498,7.41962780467416,93.8418680826823,59.2947245653938,52.257356039683,95.7102563164451,27.8938562592349,22.6861849788944,160.897069295247,21.0032453658362,168.238040924072,110.783422382399,46.5514682698473,98.2222213745117,155.077728271484,152.084518432617,215.694732666016,15.2150693661088,101.095909118652,66.6908245849609,135.197940063477,14.4075902102799,129.73503112793,153.678321838379,116.794345855713,12.7800535560773,100.341370377974,79.7199599526145,0,139.041606903076,79.6465889901826,96.1524090014006,146.430282592773,171.441390991211,0,70.3066879272461,13.3059884845187,183.28532409668,141.02938108091,131.139721048289,149.872257741292,72.0336688018042,75.1135872408008,0,32.0500404659142,0,175.304991288619,79.870246887207,0,184.01220703125,0,0,14.5502224162262,0,140.837008158366,176.740844726562,90.2404688110565,186.819618225098,0,173.819376627604,117.583776686912,177.674133300781,97.7418441772461,0,170.973472595215,128.242747497559,160.66557094029
90.11101659139,0,167.28596496582,108.521377563477,93.8418680826823,6.94725111761948,12.6211638592639,112.572898864746,15.0115654912106,69.8215557445179,115.896079063416,70.0689182281494,82.2609961937214,102.703788757324,40.8110679748955,17.277794064829,0,160.137825012207,87.3948059082031,102.384086608887,115.906008911133,0,0,126.393215942383,104.417052745819,0,122.273641586304,160.652755737305,126.685386657715,23.4573090591431,105.270329284668,102.129005432129,11.775771288011,0,38.3473909923009,0,0,0,0,0,0,0,0,194.042678833008,0,196.699630737305,0,0,0,233.200759887695,0,0,0,0,0,0,0,0,0,190.132698059082,0,0,0,183.171493530273,238.168609619141,207.146347045898,0,0,0,0
71.4219287656388,129.754987080892,141.386913058124,85.8965713825632,59.2947245653938,12.6211638592639,9.36990972593016,60.9549093204494,21.5244231663503,77.5520972046404,20.5909170015086,86.4343146281456,25.3794438403338,108.666775839669,44.0265181115045,11.5178849562564,141.488059997559,162.619154052734,124.043131328764,136.229139279097,35.7545746860282,164.597923278809,105.725967407227,135.114362863394,82.9337166514143,109.221410751343,142.334372788333,153.604812106571,62.6664957349834,54.8248470557216,97.4664388210215,122.808059692383,21.3366815249732,91.2599338248924,75.3129324024006,167.580501556396,211.528335571289,199.300506591797,107.620586213611,140.384104410807,238.263656616211,175.768447875977,148.732287216187,171.82186126709,109.870258331299,168.276503394632,0,79.5249437604632,0,166.736106872559,0,0,0,0,0,132.859592119853,179.920799255371,0,181.725702921549,132.529227170077,0,204.483215332031,188.616855621338,144.776494269278,195.913530349731,179.108904520671,0,223.003616333008,169.3053855896,171.596633911133
28.6636402563994,123.488836808638,99.3860637671756,64.9466552274157,52.257356039683,112.572898864746,60.9549093204494,8.77190287458251,53.031056081847,59.3663840911791,19.5064630729017,151.564626421247,58.2243244803731,151.694727579753,38.3295154617965,79.6602935791016,103.157207743327,113.128826016285,179.343874613444,156.239546228628,36.7454623428046,62.5846906808706,88.3801903931991,77.8651667284587,57.9499877838714,175.304443359375,133.547706635081,117.802418717445,20.2988823966244,51.8142307516773,16.5725508566454,167.238568115234,126.042195320129,61.3303730821004,81.1911960291254,142.576038106283,138.332530975342,156.242533111572,83.7663403437688,135.859317016602,0,145.107693027806,128.096499964876,151.085015588877,86.9613647460938,146.849021775382,0,117.621012369792,0,157.644450332179,0,137.71928691864,193.204779052734,0,219.346138000488,127.787990570068,139.028633117676,122.761889289407,154.971760114034,110.618775452806,0,204.205136108398,159.882343894557,126.172750028452,157.556465148926,129.701590965534,0,178.201675415039,153.99250793457,149.711895130299
30.2319197919513,147.494934082031,128.272130478685,82.2251622688257,95.7102563164451,15.0115654912106,21.5244231663503,53.031056081847,12.6382454577531,82.7581522873937,28.832645948585,88.2631954934028,75.0584708856024,102.528805681454,20.1814313839591,37.1663133748608,112.014739990234,138.628846189437,121.254899518243,156.150510814092,88.2863671427005,102.967416797569,118.882896529304,114.493069442996,84.7629814666603,108.630835396903,148.020262235912,153.601810141328,74.3960720996431,42.0772913955315,71.8110074571743,126.46145324707,15.7619259756091,88.6194942704397,74.2326479714347,159.800228118896,160.92594909668,195.750045776367,100.440607559987,155.329627990723,195.871505737305,162.585487483098,141.945468190511,169.649298850936,114.317242383957,156.683255796079,0,121.562492370605,0,171.141784667969,142.063850402832,166.276545206706,207.42603302002,0,197.289878845215,151.360861036513,173.95436706543,132.121036529541,183.941712772145,129.211463771454,228.611557006836,216.333194187709,193.101515941131,146.065358885864,180.256632169088,156.033132171631,245.361312866211,193.682846069336,176.712117004395,177.182636157886
68.307829329842,69.3604630556974,112.187006823222,20.0680321976245,27.8938562592349,69.8215557445179,77.5520972046404,59.3663840911791,82.7581522873937,8.1820265621937,83.3481694492725,133.534654510155,9.6851512554346,128.953195194931,94.6293216340997,20.0945238045652,99.1584765116374,137.097598075867,153.564106835259,149.982521924106,24.7634042538832,91.5555077829669,24.1113442547447,90.4671386588704,19.2223597043198,105.987074097591,134.157528307311,106.274641237133,54.9131371908267,76.48320695916,57.4152945145714,141.584033330282,112.520830535889,59.7722750981649,83.5689847452177,88.9941057477679,141.284595489502,160.586330413818,24.1697731295297,81.9443540158479,94.6275024414062,122.974796163625,106.413549225906,131.872644333612,29.9824224395137,114.108744462331,176.694661458333,93.1087344487508,198.02016557966,125.572668636546,84.2914721171061,126.083190917969,156.684921264648,0,205.738616943359,101.862165368122,126.123041788737,109.899337768555,150.681627400716,63.4694561866614,164.656735229492,184.376179504395,174.463410446324,104.506931068623,130.351247406006,132.165472848075,0,0,118.475059509277,128.344537908381
48.400606910691,157.888917922974,122.22869237264,90.1184255227275,22.6861849788944,115.896079063416,20.5909170015086,19.5064630729017,28.832645948585,83.3481694492725,9.27972662059611,149.024384436669,19.2886190071489,169.460307529994,84.8195577675323,71.901466696603,139.777735392253,161.318099095271,166.814948448768,169.861783541166,17.7011500113052,119.858345031738,96.5396375656128,112.654294967651,63.9293401523673,165.402439117432,154.243123642942,134.759005932098,26.4392306977985,90.5708439265646,89.584376890763,173.369696044922,118.551090159315,84.5800636253547,85.6116410093846,212.540634155273,0,177.830055236816,111.295989326809,151.622074351591,0,172.795067019579,152.008844648089,181.507655390987,113.38108921051,157.223647056087,216.335515340169,43.982768938575,0,193.049301147461,162.032485961914,0,187.745864868164,0,209.639205932617,38.0957405249278,158.555389404297,175.338033040365,173.238844129774,129.073631021251,0,210.267318725586,192.722023010254,150.965092072663,170.536026000977,159.714431762695,0,0,156.432540893555,173.186704363142
123.004636471088,70.1414270815642,94.3429118605221,74.8737879247473,160.897069295247,70.0689182281494,86.4343146281456,151.564626421247,88.2631954934028,133.534654510155,149.024384436669,14.0488229976451,147.461934916178,27.0127814220402,77.6040242866234,124.447622934977,130.956857299805,58.3736062943441,23.7316021741954,32.2977192558386,144.357914818658,104.896506373088,100.771812670159,104.898999261518,154.759792637181,39.7656833170612,21.096201060635,68.5037699918444,161.318072871158,60.1219782880779,138.52128276825,39.8098629224184,75.7315434047154,116.902674241499,29.9712641436405,0,118.363912963867,158.178341674805,122.718628406525,0,0,0,198.093559265137,240.436599731445,190.380447387695,228.297714233398,94.6031503677368,195.444931030273,83.3684093691897,216.59907913208,0,0,167.887538146973,107.181626059792,122.059306030273,0,0,153.934971618652,157.907562255859,180.481555175781,84.4556759773417,109.002819229222,110.944163044205,206.55650583903,0,228.74658203125,99.0524632550668,0,0,180.281889343262
79.1298136181302,105.121837269176,196.942253112793,59.2405558956994,21.0032453658362,82.2609961937214,25.3794438403338,58.2243244803731,75.0584708856024,9.6851512554346,19.2886190071489,147.461934916178,9.17165366222258,148.46157169342,104.174480487838,13.7422959486682,110.585830688477,188.83907699585,174.324212210519,166.47110421317,12.350232097969,0,66.7012019687229,125.565573258833,21.0217686696823,134.429386138916,182.054663085938,124.886745754041,51.3137670417387,97.7373950732563,112.878287867496,160.402770996094,113.201902562922,90.346076965332,89.5095793687845,139.641342163086,0,0,84.1090343475342,112.106070382254,0,118.681230718439,134.631074015299,159.302696228027,70.7679433027903,61.4863841092145,0,14.1209145699106,0,129.788944244385,82.2565174102783,0,0,210.610946655273,0,34.4647962772352,0,0,0,92.5725354050145,0,162.343444824219,185.410927908761,128.492488537805,125.378222147624,0,0,0,163.430480957031,165.421012878418
135.51822052002,55.0857148523684,100.882916964017,57.7986664271076,168.238040924072,102.703788757324,108.666775839669,151.694727579753,102.528805681454,128.953195194931,169.460307529994,27.0127814220402,148.46157169342,8.22090896191035,97.656193819913,146.979016113281,131.677337646484,97.675181833903,52.5645599032073,74.6139959170495,188.880706787109,159.617210388184,96.1656477713699,134.905019124349,141.582062276204,22.3988385471494,45.4815371349276,32.9667499744007,169.852431403266,79.2171563454045,150.762659708659,14.0306055112239,94.3886899446186,141.299861907959,59.0070831816075,0,99.3175034956499,131.115997314453,99.9774946015457,0,0,0,0,171.133689880371,164.883739471436,0,77.835210546983,0,73.7453358016151,0,210.510589599609,0,181.099985758464,102.388654496935,115.520198440552,0,0,147.86528968811,0,175.140513102214,76.2185421479054,104.799012377083,99.0252942907974,0,219.085586547852,0,93.614234660222,0,0,120.463848114014
19.090610501123,139.707800547282,128.554237283243,92.7164501063029,110.783422382399,40.8110679748955,44.0265181115045,38.3295154617965,20.1814313839591,94.6293216340997,84.8195577675323,77.6040242866234,104.174480487838,97.656193819913,10.532015512266,61.167048887773,115.974601745605,137.207548260689,106.586926367975,143.342952580519,103.226471931885,102.957376520684,134.942031597269,111.480958846201,103.008331232486,88.635040918986,143.102188182815,159.084880159101,101.020190328778,25.1776534322262,67.7710758201146,116.981609453474,22.8329925418559,57.0765407890402,55.1713145840884,176.353634174053,0,200.648945201527,110.118527771997,162.11487197876,196.601943969727,189.850404912775,158.396134212099,185.188598632812,123.404959201813,192.211469796988,224.348098754883,117.828814697266,221.028106689453,196.818147583008,194.241439819336,0,0,182.905670166016,178.633010864258,146.09457321167,154.949347359794,138.866683959961,190.895102364676,146.708041902572,0,203.64857228597,195.837618376079,158.127968340035,178.691637251112,159.336716243199,0,196.598251342773,182.129521687826,177.329936345418
85.5558563868205,108.140812683105,136.106734139579,86.6209305730359,46.5514682698473,17.277794064829,11.5178849562564,79.6602935791016,37.1663133748608,20.0945238045652,71.901466696603,124.447622934977,13.7422959486682,146.979016113281,61.167048887773,8.39212910770237,0,135.714691162109,163.719497680664,136.765937805176,54.578308224678,98.0932464599609,76.5770868000231,139.896288299561,43.4634971299431,152.425691877093,174.081874302455,135.990593363444,77.5996601233322,59.0354166804133,91.7664358956473,0,35.8238313700023,107.295460510254,64.7888455024132,0,0,0,78.7079798380534,150.441345214844,0,0,121.114903767904,163.822891235352,0,127.035255432129,0,0,0,0,0,0,0,0,0,109.869937896729,0,0,0,87.8666522286155,0,0,203.621729532878,132.965916103787,0,136.016296386719,0,0,0,0
138.620239257812,90.6810245513916,107.90069178531,40.3276053185045,98.2222213745117,0,141.488059997559,103.157207743327,112.014739990234,99.1584765116374,139.777735392253,130.956857299805,110.585830688477,131.677337646484,115.974601745605,0,13.6235427092594,113.904426311624,138.003870010376,129.847659111023,0,18.7724830475636,28.3201545826122,15.7495107535916,32.0592046102286,119.640594482422,113.530122610239,26.301297426101,42.2122358695149,130.100736444647,94.5327055557914,231.052474975586,0,117.602583312988,79.2896346591768,188.515869140625,113.566879272461,112.065278066716,59.2757117878307,0,0,0,160.669306437174,229.084294637044,192.599685668945,167.886810302734,0,0,0,0,0,96.7015503891953,147.322192192078,188.155838012695,0,0,116.943162326155,58.9245543706985,101.569388195984,120.307312011719,0,176.970372517904,103.588240677563,133.800381183624,126.210052490234,152.101092529297,0,0,182.968963623047,137.73998260498
112.405704730386,52.482630896061,42.4392902565496,72.4716326836908,155.077728271484,160.137825012207,162.619154052734,113.128826016285,138.628846189437,137.097598075867,161.318099095271,58.3736062943441,188.83907699585,97.675181833903,137.207548260689,135.714691162109,113.904426311624,13.1439282591348,54.6930929767629,29.6684153983918,166.926076253255,62.0304701331338,73.8884892061532,22.9553865443916,132.363630704791,71.9436861673991,50.3386451639571,67.8811108327028,119.009707545375,98.0876317981594,81.0222774421548,94.3616550233629,158.177373886108,95.2659675008026,45.7974998987598,183.029987880162,78.4731158054236,105.995370869335,94.2189708416279,0,0,0,170.811974080404,202.818014291617,172.065465927124,180.835284423828,111.386940002441,0,156.175099690755,200.31984601702,0,134.535271538628,124.622174580892,141.395244053432,134.640812061451,0,145.60667775472,91.7987503841006,126.380067653999,165.387524922689,85.8642702102661,125.694035311358,108.379233441935,173.197882671745,202.299687703451,176.10600704617,133.117645263672,142.0888671875,184.731964111328,135.133025429466
155.194278717041,78.6461566925049,93.726872580392,95.4209714889526,152.084518432617,87.3948059082031,124.043131328764,179.343874613444,121.254899518243,153.564106835259,166.814948448768,23.7316021741954,174.324212210519,52.5645599032073,106.586926367975,163.719497680664,138.003870010376,54.6930929767629,8.01019896790025,18.3141344962059,175.416152954102,112.796979950696,102.525249481201,113.12659878201,171.917892456055,48.4084133937441,31.7740935594961,68.6468475253083,162.607896978205,90.3922676780007,132.391765393709,48.787929940731,104.39705657959,124.348448903937,61.8071679162763,0,130.460075378418,145.748162269592,137.415715535482,0,0,0,0,0,203.51248550415,0,95.0113921626922,187.450225830078,92.9679725871367,178.327682495117,232.888717651367,0,186.995234171549,101.988383822971,116.071378580729,0,0,152.811037699382,0,0,95.5570568629674,105.124773614418,111.488201189241,220.632415771484,0,220.208274841309,104.065750708947,0,237.592712402344,143.822954450335
146.842079328454,69.8120295903454,68.5889352621251,84.4748165004856,215.694732666016,102.384086608887,136.229139279097,156.239546228628,156.150510814092,149.982521924106,169.861783541166,32.2977192558386,166.47110421317,74.6139959170495,143.342952580519,136.765937805176,129.847659111023,29.6684153983918,18.3141344962059,11.3504370210327,208.721588134766,104.588910610445,112.328850700742,93.9794040518178,162.475643323815,47.7090215582597,31.7604504175597,70.7645502866145,145.173813047863,112.237048333761,120.17349446148,63.1011787213777,122.464988708496,112.454960315258,50.9660422529187,203.293365478516,120.70806312561,136.592647007533,101.090877532959,0,0,0,212.590980529785,0,239.341766357422,0,98.6692425654485,0,116.543896336709,197.845504760742,0,196.253723144531,134.066922302246,108.032135156485,111.739545790876,0,0,140.794981384277,171.823073577881,199.970344543457,83.9368058117953,105.118602175108,112.192449262896,198.944604056222,193.148376464844,201.883544921875,110.506244659424,0,0,124.198188018799
80.0590561230977,0,168.547149658203,64.4262166023254,15.2150693661088,115.906008911133,35.7545746860282,36.7454623428046,88.2863671427005,24.7634042538832,17.7011500113052,144.357914818658,12.350232097969,188.880706787109,103.226471931885,54.578308224678,0,166.926076253255,175.416152954102,208.721588134766,9.60870501189931,145.511295318604,67.845088665302,194.23210144043,16.2607174708646,197.19921875,165.075180053711,133.525517463684,26.9571663489668,95.8373373323451,100.264386367798,192.237075805664,121.156911409818,86.1929702758789,86.0295576702949,189.192947387695,0,210.816940307617,71.2243485083947,146.952679951986,0,142.688966655731,126.559154052734,165.128676674583,89.2477053128756,142.388332625567,0,19.6909913509777,0,144.699106216431,113.413284301758,0,0,0,0,25.46186219721,0,152.017791748047,158.624008178711,106.339684919877,0,0,177.007446289062,136.859271837317,179.558999197824,0,0,195.16520690918,221.804008483887,169.428642272949
77.5256466987805,115.107958475749,66.3988499581059,52.3454214189948,101.095909118652,0,164.597923278809,62.5846906808706,102.967416797569,91.5555077829669,119.858345031738,104.896506373088,0,159.617210388184,102.957376520684,98.0932464599609,18.7724830475636,62.0304701331338,112.796979950696,104.588910610445,145.511295318604,12.2949868710712,51.8422944508839,24.566798719578,18.4942109670814,0,103.309815330067,77.0841267197848,19.7850985443115,53.554427541492,27.1356058202152,127.360233306885,0,50.3408986896537,39.7456767591952,143.046421051025,0,123.727144795079,67.6039818922679,0,0,170.78759765625,158.291883850098,157.622741699219,130.878427124023,167.425750732422,0,134.012847900391,0,197.228921890259,152.016891479492,99.679735050645,173.952505929129,223.347015380859,0,0,112.653429095255,74.2274683738241,115.114565567232,105.592152424348,0,186.222405569894,135.780534139494,118.563133623347,139.521930512928,114.270774841309,0,0,121.126434326172,127.712145487467
128.222731018066,28.0616276365645,45.9579562788382,27.4673360416083,66.6908245849609,0,105.725967407227,88.3801903931991,118.882896529304,24.1113442547447,96.5396375656128,100.771812670159,66.7012019687229,96.1656477713699,134.942031597269,76.5770868000231,28.3201545826122,73.8884892061532,102.525249481201,112.328850700742,67.845088665302,51.8422944508839,8.47017614684612,50.5583375446956,30.1157873633291,76.1961642742157,101.652921460338,40.3068116525721,55.1892008223432,83.2481110184281,55.3069432658534,111.765994548798,0,61.8350057248716,71.4012989889492,126.796775817871,117.76019859314,86.9519603761852,36.9468853583703,0,0,149.206871032715,154.356454031808,134.653350830078,96.6627922058105,138.810651779175,0,0,185.255187988281,110.645584106445,0,56.4512937636602,125.563387044271,0,146.93837928772,0,91.5066986083984,20.3498975825148,69.9712393496518,103.89874130249,139.738362630208,144.805259916517,88.807013345595,122.335329437256,186.026875813802,138.21299961635,150.389907836914,0,0,117.471399943034
93.5267570027903,79.9775968439439,31.9991006817666,51.8973705015386,135.197940063477,126.393215942383,135.114362863394,77.8651667284587,114.493069442996,90.4671386588704,112.654294967651,104.898999261518,125.565573258833,134.905019124349,111.480958846201,139.896288299561,15.7495107535916,22.9553865443916,113.12659878201,93.9794040518178,194.23210144043,24.566798719578,50.5583375446956,16.1068036664485,70.7699718398255,130.463943481445,70.9540059091519,46.7667936626777,47.5573180019123,86.9787024551118,58.0734381514507,129.054360707601,163.609409679066,81.3878890287529,47.5186172544347,157.028177597943,101.088715659247,99.3107102081616,71.3772908564719,181.703506469727,0,193.976669311523,155.299319345443,182.494087777487,121.492980321248,164.6810947765,0,0,0,180.494354774212,0,100.184755534763,128.316870689392,182.208099365234,160.752665593074,0,122.357345654063,65.7933339818627,104.413484336986,138.626977030436,0,150.874487450782,100.925241044784,144.062867312508,166.690119708026,139.98167242185,0,0,153.54903793335,139.811576080322
73.7800207040416,81.042475054341,113.423093387737,42.7495366959782,14.4075902102799,104.417052745819,82.9337166514143,57.9499877838714,84.7629814666603,19.2223597043198,63.9293401523673,154.759792637181,21.0217686696823,141.582062276204,103.008331232486,43.4634971299431,32.0592046102286,132.363630704791,171.917892456055,162.475643323815,16.2607174708646,18.4942109670814,30.1157873633291,70.7699718398255,12.8752230520338,117.590254426003,143.616414658567,83.9681650567986,21.2348340970485,84.8538488899393,68.3587755315444,159.37291208903,131.695850372314,64.1363672472767,82.8889300028483,127.335071101333,131.2706934611,150.945944663806,62.5205342918353,111.54743712289,178.779670715332,133.63756924884,110.928501074131,142.397736720035,62.6702429760586,127.222268208861,196.934109774503,103.865349703057,181.32320022583,147.501926815387,109.05246887207,122.113489884597,175.036577860514,196.191833496094,190.56466456822,110.154941730285,116.769494192941,96.889176607132,138.699759206464,85.4602648101138,0,189.020851135254,152.247599761963,111.250581841963,143.660149287252,118.053744871924,0,0,132.572013176812,140.437016028484
0,25.0492671272224,131.804639816284,30.0330746607347,129.73503112793,0,109.221410751343,175.304443359375,108.630835396903,105.987074097591,165.402439117432,39.7656833170612,134.429386138916,22.3988385471494,88.635040918986,152.425691877093,119.640594482422,71.9436861673991,48.4084133937441,47.7090215582597,197.19921875,0,76.1961642742157,130.463943481445,117.590254426003,9.1548592150525,42.5448370547755,22.5829276907361,186.863571166992,98.1475248336792,117.364273071289,44.9206817698591,0,123.534152984619,64.219998887006,0,88.5023814610073,0,50.2252110481262,212.917816162109,0,0,0,0,174.294242858887,188.898223876953,76.5174995704933,0,73.1903722189306,0,0,157.976577758789,133.915784200033,78.6661996841431,83.1907877922058,0,236.206207275391,160.020126342773,0,155.893084716797,38.0247069655872,76.3457039147093,78.8623130458675,0,200.796101888021,140.748474121094,83.0006563067436,0,0,98.6331911087036
131.550428882088,57.1183772879018,35.6006690019062,67.9694012188521,153.678321838379,122.273641586304,142.334372788333,133.547706635081,148.020262235912,134.157528307311,154.243123642942,21.096201060635,182.054663085938,45.4815371349276,143.102188182815,174.081874302455,113.530122610239,50.3386451639571,31.7740935594961,31.7604504175597,165.075180053711,103.309815330067,101.652921460338,70.9540059091519,143.616414658567,42.5448370547755,17.5827944909304,43.178150689628,130.676916570249,114.48089340583,118.256507646877,29.4439437975287,131.410641705548,119.608366869167,68.1838908043,175.235900878906,84.2737634669968,113.581575225998,86.2577105522156,0,0,172.886322021484,202.301195891007,207.145120893206,193.470426706167,205.402339935303,96.0495260697377,0,91.2598768113535,191.767333984375,223.77815246582,131.045056152344,117.077520098005,103.897520943084,106.142603303227,217.027603149414,159.681114890359,143.027300589425,143.063430253849,187.917309715634,82.6610562380622,99.5939644561279,101.420526319812,193.845592104155,202.815245408278,172.334872627258,102.077164736661,0,212.954658508301,132.500824769338
140.679947989328,32.7527807330559,38.3665218469758,40.7988572999459,116.794345855713,160.652755737305,153.604812106571,117.802418717445,153.601810141328,106.274641237133,134.759005932098,68.5037699918444,124.886745754041,32.9667499744007,159.084880159101,135.990593363444,26.301297426101,67.8811108327028,68.6468475253083,70.7645502866145,133.525517463684,77.0841267197848,40.3068116525721,46.7667936626777,83.9681650567986,22.5829276907361,43.178150689628,16.5965785374841,74.2542322250696,126.063225027683,119.480236503056,24.0626751178557,148.61850976944,122.80790855771,71.1678647242027,178.665222997251,74.6231713979307,93.8581059944902,64.0460686873978,178.421441396077,208.138305664062,189.212938250917,162.728407287598,184.099872898411,161.706985767071,179.282618868178,102.245973014832,181.651943630642,93.5914483444185,183.767057819131,205.298212687174,101.715603959504,116.114644296632,110.39974268642,110.211551421385,186.389812469482,129.612442929772,67.4918273062494,103.199932229454,152.896615743637,76.1984794470413,100.913666716945,94.9734623044751,151.405979899356,183.434958962833,154.477329578805,106.528435421429,173.806170145671,177.155103830191,127.431966076565
69.2048204909483,110.443435668945,86.214716283994,53.4412600609872,12.7800535560773,126.685386657715,62.6664957349834,20.2988823966244,74.3960720996431,54.9131371908267,26.4392306977985,161.318072871158,51.3137670417387,169.852431403266,101.020190328778,77.5996601233322,42.2122358695149,119.009707545375,162.607896978205,145.173813047863,26.9571663489668,19.7850985443115,55.1892008223432,47.5573180019123,21.2348340970485,186.863571166992,130.676916570249,74.2542322250696,11.0298765833004,83.6977588585738,32.3876156216125,144.26708984375,131.618271891276,64.0032097854183,71.188036297219,129.989512089321,127.248626708984,148.554989374601,74.2759851334412,136.578047501413,197.777183532715,150.904969156787,126.325784241281,154.131126640117,92.8378071522149,147.566124302747,213.613586425781,110.536015010116,213.145812988281,155.820318965589,145.349401201521,121.731505711873,179.855729910044,220.469029744466,204.003481547038,96.0784639982307,112.653320497295,101.144510138525,140.057252031692,108.09681461205,0,190.068820529514,148.374981550209,120.231745889396,141.155656755585,112.009667225888,0,202.363723754883,130.439015875922,148.61909931264
16.8385554801586,117.046629333496,109.993837465758,74.8786810543226,100.341370377974,23.4573090591431,54.8248470557216,51.8142307516773,42.0772913955315,76.48320695916,90.5708439265646,60.1219782880779,97.7373950732563,79.2171563454045,25.1776534322262,59.0354166804133,130.100736444647,98.0876317981594,90.3922676780007,112.237048333761,95.8373373323451,53.554427541492,83.2481110184281,86.9787024551118,84.8538488899393,98.1475248336792,114.48089340583,126.063225027683,83.6977588585738,9.79072304715517,25.4091412839942,101.471162319183,10.1815967893522,18.8266505957909,37.7690621001525,149.827074836282,140.963658650716,169.051575978597,96.5332542337397,150.882810592651,201.94172668457,175.590259552002,147.019568210178,170.82113167899,107.767014865218,169.171009893003,122.417236328125,128.928734741211,133.504685974121,167.935159873962,178.125717163086,178.338726043701,172.968859354655,242.525413513184,175.457141876221,124.089574686686,127.687173843384,137.206682840983,166.370402272542,130.947351055381,109.818237304688,174.46549987793,173.61154113153,143.27032083582,166.538511796431,137.732507666763,0,0,149.543862082741,165.475794561978
28.3654049863897,110.191600598787,90.9424846094511,53.9319476074643,79.7199599526145,105.270329284668,97.4664388210215,16.5725508566454,71.8110074571743,57.4152945145714,89.584376890763,138.52128276825,112.878287867496,150.762659708659,67.7710758201146,91.7664358956473,94.5327055557914,81.0222774421548,132.391765393709,120.17349446148,100.264386367798,27.1356058202152,55.3069432658534,58.0734381514507,68.3587755315444,117.364273071289,118.256507646877,119.480236503056,32.3876156216125,25.4091412839942,9.91823119987875,179.568430582682,116.918656158447,39.2163498970407,40.6048930769639,132.585700526382,138.549839782715,153.065879821777,73.0768594793935,189.418411254883,0,159.054835001628,125.196351928711,149.9054526435,88.333423614502,154.797383422852,213.50993347168,178.637893676758,197.670127868652,154.621692881865,186.135635375977,117.282336934408,167.630016326904,203.879959106445,172.016250610352,200.436040242513,114.010490771161,96.9997112567608,145.474163442418,102.915496542551,0,188.444893332089,155.43408890401,115.771481425492,133.360213928223,113.052543060124,0,199.402618408203,129.210385062478,140.113195260366
0,68.5787078488258,98.6954478511104,80.1929219287375,0,102.129005432129,122.808059692383,167.238568115234,126.46145324707,141.584033330282,173.369696044922,39.8098629224184,160.402770996094,14.0306055112239,116.981609453474,0,231.052474975586,94.3616550233629,48.787929940731,63.1011787213777,192.237075805664,127.360233306885,111.765994548798,129.054360707601,159.37291208903,44.9206817698591,29.4439437975287,24.0626751178557,144.26708984375,101.471162319183,179.568430582682,8.59232574393009,111.626937866211,167.302131652832,81.1904346881135,0,121.946173531669,140.828491210938,138.144496917725,229.96076965332,0,0,0,0,192.97698296441,0,92.769852142334,0,94.0940848837093,218.046783447266,0,0,180.581153869629,107.97278139884,115.041341669419,0,0,171.383640289307,190.827392578125,216.748977661133,93.8573037817123,105.571702186097,107.874071724113,0,0,209.120658874512,104.080911818005,0,0,117.38010152181
84.0709032129358,0,184.547132219587,113.999892234802,139.041606903076,11.775771288011,21.3366815249732,126.042195320129,15.7619259756091,112.520830535889,118.551090159315,75.7315434047154,113.201902562922,94.3886899446186,22.8329925418559,35.8238313700023,0,158.177373886108,104.39705657959,122.464988708496,121.156911409818,0,0,163.609409679066,131.695850372314,0,131.410641705548,148.61850976944,131.618271891276,10.1815967893522,116.918656158447,111.626937866211,5.06022938286695,104.792369842529,44.4539338299352,0,0,0,130.928573608398,0,0,0,0,217.903327941895,0,0,0,0,0,232.236923217773,0,0,0,0,0,0,0,0,0,166.293884277344,0,208.789474487305,148.996459960938,175.794052124023,0,0,0,0,0,206.047012329102
70.6186551685575,113.352093166775,109.788598303067,57.0536269567963,79.6465889901826,0,91.2599338248924,61.3303730821004,88.6194942704397,59.7722750981649,84.5800636253547,116.902674241499,90.346076965332,141.299861907959,57.0765407890402,107.295460510254,117.602583312988,95.2659675008026,124.348448903937,112.454960315258,86.1929702758789,50.3408986896537,61.8350057248716,81.3878890287529,64.1363672472767,123.534152984619,119.608366869167,122.80790855771,64.0032097854183,18.8266505957909,39.2163498970407,167.302131652832,104.792369842529,8.38917785022131,31.6981361499984,138.476162719727,0,161.311046055385,78.1483333905538,123.970161437988,0,167.63264465332,121.282143843801,150.364884512765,92.8011238791726,160.335667610168,0,149.552520751953,0,143.415652881969,164.575073242188,135.326721191406,204.966796875,0,186.635665893555,103.22261428833,109.269454956055,116.879425048828,155.653847588433,112.76082435021,0,176.706185913086,171.969762701737,116.047476175669,134.14177495783,113.096066194422,0,0,120.299156188965,144.027774810791
81.4839607477188,72.7676475112503,61.1404906873821,74.0078071363045,96.1524090014006,38.3473909923009,75.3129324024006,81.1911960291254,74.2326479714347,83.5689847452177,85.6116410093846,29.9712641436405,89.5095793687845,59.0070831816075,55.1713145840884,64.7888455024132,79.2896346591768,45.7974998987598,61.8071679162763,50.9660422529187,86.0295576702949,39.7456767591952,71.4012989889492,47.5186172544347,82.8889300028483,64.219998887006,68.1838908043,71.1678647242027,71.188036297219,37.7690621001525,40.6048930769639,81.1904346881135,44.4539338299352,31.6981361499984,12.9333886356496,154.707792009626,108.709294637044,111.042901407878,91.0056565024636,154.582504272461,0,172.755111694336,149.915475502992,181.499386714055,117.95415802002,166.364745140076,149.973918369838,116.860903263092,137.33396742079,174.603921187551,0,131.209655761719,135.026145935059,148.086758204869,137.848385620117,157.329533894857,128.491515215705,88.3015171499813,119.298594388095,137.046642617618,119.955514090402,135.262316915013,122.345567520551,137.220096881573,171.026336034139,145.905883202186,158.029724121094,0,139.853123664856,165.261762407091
146.135124206543,0,165.863974434989,85.05224869468,146.430282592773,0,167.580501556396,142.576038106283,159.800228118896,88.9941057477679,212.540634155273,0,139.641342163086,0,176.353634174053,0,188.515869140625,183.029987880162,0,203.293365478516,189.192947387695,143.046421051025,126.796775817871,157.028177597943,127.335071101333,0,175.235900878906,178.665222997251,129.989512089321,149.827074836282,132.585700526382,0,0,138.476162719727,154.707792009626,10.0515222245513,136.115355173747,122.982124275997,66.980673937415,97.5508600870768,80.485897064209,74.7938190528325,28.2603890460181,44.2649056665481,71.8611378345675,77.3904618550217,134.2423896388,76.2480744581956,152.364497184753,15.0658638726289,47.1021739112006,68.7435220082601,114.795587379345,144.816451377057,129.945724519227,75.1235935347421,88.0583753843565,78.5084524888259,111.391210338048,70.2052740703597,127.824813842773,133.418291760547,135.243931482423,78.1808611922528,19.6258918153579,24.491513882382,184.331766764323,87.5321670532227,42.1350051998037,66.6496988240775
126.712615966797,54.5894120534261,71.487999078586,51.8462394986834,171.441390991211,0,211.528335571289,138.332530975342,160.92594909668,141.284595489502,0,118.363912963867,0,99.3175034956499,0,0,113.566879272461,78.4731158054236,130.460075378418,120.70806312561,0,0,117.76019859314,101.088715659247,131.2706934611,88.5023814610073,84.2737634669968,74.6231713979307,127.248626708984,140.963658650716,138.549839782715,121.946173531669,0,0,108.709294637044,136.115355173747,7.8057139627845,45.0377143537495,30.3185215967816,111.724964141846,0,128.340655008952,109.328991699219,148.554965209961,77.5290921062504,156.009847005208,63.192250511863,124.937122344971,50.2791811596264,151.640848795573,118.277293082995,73.597886800766,61.3397764257483,86.6132564544678,75.3234931682718,0,98.0809751238142,30.9882338533888,68.8602274258931,75.6947925274189,23.9503476178273,61.3458205620448,34.3809577530381,107.516642603381,123.488478088379,119.18581644694,67.9964176524769,0,117.537284851074,65.6675811275359
176.180010986328,108.662728118896,92.6877667741751,90.7342533535428,0,0,199.300506591797,156.242533111572,195.750045776367,160.586330413818,177.830055236816,158.178341674805,0,131.115997314453,200.648945201527,0,112.065278066716,105.995370869335,145.748162269592,136.592647007533,210.816940307617,123.727144795079,86.9519603761852,99.3107102081616,150.945944663806,0,113.581575225998,93.8581059944902,148.554989374601,169.051575978597,153.065879821777,140.828491210938,0,161.311046055385,111.042901407878,122.982124275997,45.0377143537495,15.9128389048679,44.5438232524836,157.713386535645,167.329610188802,138.147588627513,102.587881106422,128.592405740134,107.070339291595,116.328737085516,123.021125793457,135.848820495605,110.548243713379,129.223588300971,149.773590087891,100.265534877777,44.381376765748,103.620543518066,78.5213537582156,215.537353515625,74.1738365622522,54.4224610462725,34.7890928538659,120.838960463001,142.792142232259,35.1194653125184,38.1876320238187,85.8389744122982,147.284832427552,98.9982961574522,92.3571383158366,178.416491699219,136.606949830667,104.537116758285
