10.4606565051853,126.076747131348,92.5899340965634,72.4611573008309,79.3527050847593,0,92.1588102641859,35.9213326370533,24.1922399225475,68.8816188267299,62.3928432135746,116.528155693641,106.970993995667,155.432327270508,11.6839567027421,89.2302169799805,115.240345294659,86.9778733348329,135.146239280701,114.766204005988,89.3533162084119,74.6447772395854,94.6901519412086,81.9004492115721,73.7728548275916,0,108.026046055923,115.469328622969,75.9234363642606,14.4995069976676,39.1796498592212,0,69.2601318359375,21.352553976343,70.8148564474923,148.746612548828,0,157.947769165039,110.82887840271,152.726669311523,0,180.729232788086,165.687180519104,175.125465393066,0,0,205.755645751953,0,0,180.136372884115,146.377960205078,150.224811553955,187.642013549805,235.564575195312,182.658111572266,0,144.878540039062,81.2330017089844,166.697745429145,130.404581243342,0,178.640225728353,162.57593863351,133.521054884967,149.766851806641,139.986477806455,0,0,107.695030212402,144.784604072571
126.076747131348,6.23466294486466,42.2125828048268,48.6238283367238,99.4547031947545,0,114.877937316895,115.718120211647,149.273476191929,65.914832947823,160.382818857829,63.8901419768462,106.960338047573,53.0417968084277,132.420055207752,97.0826890127999,73.1009342887185,55.8891908982221,71.8749759613521,65.9334160643197,89.5364036560059,96.115083642908,16.6156139197994,69.7421064853668,76.745284363897,35.5241832697569,50.3648671896561,31.6216029369846,99.0839206959942,110.723766233863,104.489498038914,66.1727865327079,0,97.9444930132698,66.044337261154,171.661838531494,0,72.9977085460316,47.7987939394437,146.745719909668,0,194.744369506836,160.884780883789,173.558280944824,104.323196411133,189.539154052734,121.757557678223,0,94.4978526722301,131.689762115479,0,98.6577663421631,102.196070534842,136.019159317017,97.5539156595866,152.758605957031,114.781481933594,125.061440467834,94.0786306593153,151.233867298473,84.3330538823054,97.6137148834938,91.329336636102,175.383084615072,206.92219543457,140.989842732747,119.724148750305,0,0,97.118323802948
92.5899340965634,42.2125828048268,11.7231709789328,43.146781514468,130.666388933049,176.98564453125,139.028946319756,100.119402902651,119.838384618923,99.275200176239,120.017000565618,94.987294514974,156.76706903631,104.384490966797,108.840245772988,138.590763092041,84.387151663644,39.149750118938,91.9192370903201,73.8680482711235,142.221914018903,62.5387665439331,50.5254379317472,25.8532648176114,112.227160881306,99.69970703125,28.063035476696,25.5551726727179,93.1514233612579,118.774113544828,74.562768378202,97.994639470027,170.344902547201,118.227038901193,66.4991865683728,166.136993408203,96.3575425398977,96.4358900310793,85.3010254836664,0,0,193.441410064697,165.989096843021,185.169822692871,181.375717163086,168.000900268555,158.457183837891,0,0,176.226477486747,0,123.894554853439,103.421221629683,182.130233764648,138.964233398438,0,132.709855986804,123.709255550219,109.793416661664,170.636637094859,0,106.154079979446,96.2784694905639,161.113680632218,175.625378744943,145.928434826079,154.204925537109,0,215.596450805664,108.11180552607
72.4611573008309,48.6238283367238,43.146781514468,27.5537180211973,44.4790680793024,108.369812011719,101.654845382228,66.3683832010646,89.5699221819816,17.0648992045048,101.118334355074,106.472429063585,71.5134264628092,98.1124256924466,89.7095603062556,64.9259344736735,44.4789278314491,62.294884639809,119.812114969889,78.5403102051978,75.6120447271011,55.980376156009,29.3008359783446,51.9742237361603,39.9792924458542,86.2183635418232,59.252082285212,40.7728704577811,60.1078797801882,71.2491193950506,59.0787172086777,121.291801929474,133.137672424316,58.59020039411,64.9138938545162,80.909569160611,93.6499621073405,65.677101054542,50.9891347379395,100.461182449803,0,118.954355875651,86.4674177502477,116.970071310525,35.8832991453853,110.037649154663,120.66626739502,146.493117332458,151.173477172852,105.479854945719,94.9650955200195,60.9776291248602,94.6110458374023,138.561595916748,126.508247375488,90.6231269836426,77.2341670468857,18.2540506238807,67.5108421275158,61.6025742948055,0,101.8763569182,56.0076921674279,71.8645941349699,86.8248545789071,68.7504060752277,166.392028808594,148.187896728516,70.5684068343219,71.7578300713257
79.3527050847593,99.4547031947545,130.666388933049,44.4790680793024,11.7458318756801,85.7142384847005,52.8839240424201,56.3951860522548,84.1689867707641,28.5421151956801,27.5471966678575,150.279907226562,23.7872761690941,154.168533325195,94.2205829092636,45.5338446599133,120.838596343994,150.593431472778,0,166.80691019694,15.2014388086125,99.3998227800642,58.2247662353516,114.543207441057,12.9708014901461,141.545196533203,155.802642610338,133.192905426025,16.2460265004564,94.7653016373287,82.573011468958,184.495750427246,135.825479125977,84.7331377382632,92.2064513352813,134.98051071167,112.670951843262,0,81.661865234375,29.6718313595344,0,141.180361611503,130.680266698202,150.457714319229,77.8244895935059,141.535172855153,214.132400512695,43.3669493938314,201.828567504883,157.233525483505,0,151.436485290527,0,0,0,124.770307842054,153.955505371094,185.344746907552,206.002830505371,110.154250388135,0,0,172.868460083008,131.531082000176,162.569576263428,128.795328776042,246.909637451172,189.423248291016,140.719133377075,144.164028803507
0,0,176.98564453125,108.369812011719,85.7142384847005,6.85896437831654,12.5630907083641,114.261268214176,14.5611359505556,0,117.398662464039,77.9650032520294,91.418266989968,0,27.7435637051258,11.9871799664772,0,0,90.9824600219727,0,121.330825805664,155.811737060547,0,160.264063517253,112.03816095988,0,164.094285147531,164.830047607422,133.987829844157,22.7906547978311,0,0,8.54829188008102,178.549453735352,43.5270238533998,0,0,0,0,0,0,0,184.822723388672,0,0,0,0,0,0,182.260940551758,0,0,0,0,0,0,0,0,0,183.092220306396,0,0,0,186.627098083496,197.49299621582,184.465850830078,0,0,0,0
92.1588102641859,114.877937316895,139.028946319756,101.654845382228,52.8839240424201,12.5630907083641,11.2798211282059,62.372249328113,17.6672419673788,65.9354706508357,32.240938439082,94.9384088719145,28.4138770090362,112.946124606662,39.5313374166476,13.8743002954958,0,135.675736595603,137.119732448033,152.141558074951,44.0047349581008,134.015382246538,120.715295965021,124.539301917666,70.3717930967157,0,155.900408519398,149.928705079215,69.2814326018902,46.6992112166306,112.405567570737,188.878921508789,20.103344617005,92.5673382878304,58.5251536973765,160.705085754395,0,209.460472106934,0,154.088177020733,0,170.197180430094,156.071914326061,180.797223177823,121.077659606934,182.456066313244,0,94.8229529062907,0,189.124923706055,168.940422058105,142.917388916016,0,0,0,164.766784667969,0,169.1416015625,199.669578552246,144.15155519758,0,229.522109985352,214.499347686768,160.633065585432,189.366822015672,161.079597473145,0,0,170.032516479492,184.470785522461
35.9213326370533,115.718120211647,100.119402902651,66.3683832010646,56.3951860522548,114.261268214176,62.372249328113,10.0945690760039,60.7709413096606,63.7236495461163,21.4127059456391,155.683805905856,52.5585391857006,172.364256117079,41.4142834906814,80.5377646053539,91.1388496599699,111.963479833665,173.424218858991,145.441479435673,62.2419783558164,67.0162640082497,76.4089025259018,81.3300451178783,56.0460392887895,166.975082397461,127.196487504554,101.202250015683,30.7263323600449,57.8091771417972,19.1861913019799,173.669340133667,123.345444174374,62.0058252207273,79.6213446358682,137.242754936218,0,170.046160647744,82.9015588760376,146.151290893555,0,150.144735717773,133.608029005263,168.511753391575,104.678730222914,158.498783959283,0,210.962677001953,0,164.787252559218,0,155.747711499532,204.617649078369,0,219.194351196289,161.049769083659,167.995146179199,127.72250529698,154.500198094985,121.206380453723,0,198.840997869318,171.34764401118,133.290725318334,151.488060962195,128.912100836403,218.749137878418,0,140.112560929923,140.307891482399
24.1922399225475,149.273476191929,119.838384618923,89.5699221819816,84.1689867707641,14.5611359505556,17.6672419673788,60.7709413096606,11.9186650593673,79.2976079218596,42.1091648923578,75.501200326124,89.5446726713991,95.5453058878581,15.7949234185239,29.7270237096895,132.026442894569,119.834320845574,132.119791412354,147.090719422298,86.2436519435865,95.8375314917446,115.048382920485,108.041625285417,83.0253931220206,196.829040527344,136.894715382087,135.593197872132,85.4136862044388,30.8349358136187,77.4197382512627,132.63461473253,17.9177722097161,84.7776019880507,61.526792808336,157.698454720633,185.864110310872,185.828696289062,104.456020957545,155.658452860514,0,173.200771447384,151.632400342206,178.129191637039,122.933034163255,161.702120255451,229.632502237956,167.475395202637,0,179.962709299723,159.950088500977,165.138692220052,200.843361990792,0,0,162.269751699347,185.506426493327,173.800042046441,186.190511703491,139.470372347328,0,211.495593261719,186.86994934082,150.9139399564,172.639084902677,163.596171292392,0,199.189674377441,151.212556362152,169.700364817744
68.8816188267299,65.914832947823,99.275200176239,17.0648992045048,28.5421151956801,0,65.9354706508357,63.7236495461163,79.2976079218596,7.87926438644071,82.4555213928223,129.170557155166,10.1352192777366,123.4901102656,82.5486732219828,12.4028264555601,108.493689836775,113.379814147949,144.334563732147,133.960450236003,23.9094913684089,79.4399921314136,26.2491794005649,106.765723789439,21.0077810002087,110.580643503289,119.602203945933,98.8823211745621,54.7005449543369,73.7768237170051,61.8168499968773,141.862378713247,118.990255355835,58.2083264206395,90.8290576774533,104.567453384399,149.581649780273,147.106482505798,56.1031208492461,100.41505086422,0,110.484866333008,91.5714463929872,136.267084204632,50.8919723344886,112.088857862684,203.743389129639,111.568821907043,166.639619827271,127.02178700765,135.878601074219,100.585881914411,158.358573913574,179.776039123535,199.656600952148,91.666618347168,113.265731811523,82.892382144928,161.49465637207,79.2883867104848,173.377380371094,172.750116984049,166.440974308894,100.75215416885,128.395301487135,103.546676874161,190.333587646484,0,94.478694152832,108.264597379244
62.3928432135746,160.382818857829,120.017000565618,101.118334355074,27.5471966678575,117.398662464039,32.240938439082,21.4127059456391,42.1091648923578,82.4555213928223,14.252396694953,158.00564553397,20.506148518162,191.126068115234,51.3054642175841,74.8174915864978,113.843729019165,139.883974808913,195.998809814453,184.014342458625,21.4430842076166,89.4659532430221,97.9714308042784,104.790555977722,69.8156305354481,0,144.350435723975,129.533181683147,33.7314194130579,91.0674838195643,70.4032622770066,177.447504679362,121.028314021596,80.1766518053158,93.2606609347566,169.936016506619,0,200.986164637974,118.491924510283,145.982028398758,0,173.950189378526,161.02528431541,180.267205489309,120.331838944379,172.72917003363,235.928344726562,158.328167385525,0,186.707834243774,155.089036305745,201.860504150391,198.105758666992,0,0,164.779058074951,153.328071594238,156.329334259033,181.623156460849,147.014282251618,0,211.437801361084,184.398404802595,160.937339332666,184.296411687678,168.820361909412,0,219.536026000977,168.646226882935,171.087579900568
116.528155693641,63.8901419768462,94.987294514974,106.472429063585,150.279907226562,77.9650032520294,94.9384088719145,155.683805905856,75.501200326124,129.170557155166,158.00564553397,11.941924580209,141.547696177165,22.6609965229649,72.9373438376323,149.336685180664,143.125956217448,48.3679657729467,24.8998233355833,27.6507776933013,162.924306869507,90.3389861800454,98.4594411577497,76.6431614028083,150.059640045166,32.0734393266674,31.6379345420079,64.6521530071927,148.257961647183,50.1866605155587,106.685980712891,43.813603209708,61.8411725800613,107.952860293181,27.3924499238749,0,102.793481554304,142.581413269043,78.8880498481519,0,0,0,202.876461029053,155.254150390625,166.994818115234,0,107.163535766602,0,74.6255964132456,199.763198852539,0,0,122.865386962891,109.572790145874,110.382523183748,0,0,128.796368916829,159.33351789202,190.199671427409,65.7841890335083,103.444145319755,101.443143465302,185.983860015869,0,200.892074584961,97.6988813476563,0,0,126.766727924347
106.970993995667,106.960338047573,156.76706903631,71.5134264628092,23.7872761690941,91.418266989968,28.4138770090362,52.5585391857006,89.5446726713991,10.1352192777366,20.506148518162,141.547696177165,10.5664556143979,142.216323852539,96.6851413658513,15.8894844154911,78.8438415527344,184.684951782227,0,167.043312072754,15.0896486432942,137.554306030273,58.5946024726419,160.058876037598,27.0241705121084,121.151279449463,167.12758972168,129.084825662466,51.0168358340651,97.6858068833657,150.825006484985,0,118.766827078427,94.3840007781982,97.0089470893145,0,0,0,66.9996910095215,75.4101598739624,133.772277832031,55.8959681798541,146.280385335286,117.057636847863,120.250728062221,104.575369962056,158.797882080078,14.4329976588295,0,134.880881718227,80.341438293457,0,0,0,170.879943847656,23.711142604351,0,0,0,122.326374630595,0,217.230865478516,178.843887329102,134.463595303622,143.844106038411,196.052139282227,0,151.248428344727,0,125.331514994303
155.432327270508,53.0417968084277,104.384490966797,98.1124256924466,154.168533325195,0,112.946124606662,172.364256117079,95.5453058878581,123.4901102656,191.126068115234,22.6609965229649,142.216323852539,9.24701663075823,90.0235603734067,0,137.039138793945,112.33673286438,64.0852846376824,81.9249244197722,137.854629516602,161.582693481445,89.8250040950545,147.738910675049,138.406769110232,19.3787774678694,35.1006761565961,37.5700861349989,167.00723361969,79.7289879981508,153.381138888272,18.5583190693429,77.8138580322266,145.652374267578,70.3953825048498,0,89.1393027411567,183.892593383789,62.2584754398891,0,0,0,0,169.822498321533,154.569916992188,0,95.7989336058151,0,65.9730335350952,115.726615905762,150.460189819336,0,142.44367653983,101.179079501428,113.713512229919,0,152.529235839844,117.179864180715,188.531913757324,175.610469818115,54.1410355174213,96.6997224846665,92.1708740290829,208.986694335938,196.036794026693,207.569770812988,88.4307517384085,158.587020874023,0,129.843566531227
11.6839567027421,132.420055207752,108.840245772988,89.7095603062556,94.2205829092636,27.7435637051258,39.5313374166476,41.4142834906814,15.7949234185239,82.5486732219828,51.3054642175841,72.9373438376323,96.6851413658513,90.0235603734067,7.72301142539057,28.5780976159232,131.408434328826,106.607688034313,125.649405524844,132.739907170685,94.7185930734152,85.3053641487266,105.051169691415,94.6870717683191,86.8401740832921,0,127.055239688767,126.981870823451,86.3202806842644,17.577718240569,45.0177901261839,117.9898853302,15.3731084533404,41.0786718250415,53.1754940163749,149.792646789551,0,181.208455599271,134.355038452148,165.516332626343,0,191.342233657837,156.170879441865,179.015519172915,106.135870361328,166.385092599051,218.731201171875,110.485832214355,0,180.536282939296,0,159.075791098855,207.033851623535,0,218.534378051758,131.872283935547,157.871575491769,204.481750488281,179.909141277445,138.627639166514,0,195.497122192383,181.980071572696,152.955783190648,172.104607247018,154.014115333557,243.76496887207,213.651809692383,161.602856772287,163.077112268519
89.2302169799805,97.0826890127999,138.590763092041,64.9259344736735,45.5338446599133,11.9871799664772,13.8743002954958,80.5377646053539,29.7270237096895,12.4028264555601,74.8174915864978,149.336685180664,15.8894844154911,0,28.5780976159232,7.9973416387865,0,148.731700897217,0,160.660163879395,43.0004130366551,103.202308654785,64.5859041213989,110.470209757487,38.4858386996778,135.907318115234,146.363501412528,123.06181604722,82.3129700061887,40.6635346866789,94.8063646952311,0,40.6341149689721,114.184501647949,56.5682610829671,0,0,0,107.779312133789,0,0,125.173515319824,160.769444783529,139.478231430054,74.7649192810059,148.327201843262,0,55.5060551961263,0,194.467483520508,0,0,0,0,0,142.119928995768,0,0,0,116.0150011848,0,0,240.094436645508,151.078236897786,0,0,0,0,0,183.158309936523
115.240345294659,73.1009342887185,84.387151663644,44.4789278314491,120.838596343994,0,0,91.1388496599699,132.026442894569,108.493689836775,113.843729019165,143.125956217448,78.8438415527344,137.039138793945,131.408434328826,0,12.2514001771777,97.6406275238654,158.311192830404,119.0753809611,0,19.8322039563289,29.5133533345,22.7380188286348,38.2316692134574,125.678825378418,102.754534409425,30.7645375926367,50.0609625737609,104.123075083682,77.2030589586541,156.40754699707,0,96.4183547076057,84.5617230143768,142.303672790527,144.92024230957,121.243319451054,112.527320861816,0,0,0,150.907322933799,180.907089233398,89.5186080932617,170.60099029541,0,174.342987060547,0,155.48796636408,0,104.516942918628,133.99944959368,0,176.75798034668,0,116.857119066962,70.0206153427345,109.135129706331,119.019262597916,0,154.943512810601,118.252438521185,120.383149266243,148.265512254503,113.760250706826,0,0,148.130504608154,126.59641456604
86.9778733348329,55.8891908982221,39.149750118938,62.294884639809,150.593431472778,0,135.675736595603,111.963479833665,119.834320845574,113.379814147949,139.883974808913,48.3679657729467,184.684951782227,112.33673286438,106.607688034313,148.731700897217,97.6406275238654,9.23641018932675,59.0537577900318,17.0664154880201,206.618186950684,47.0622337529689,71.5131415702201,19.4571038987283,116.322978391486,73.0748278299967,30.6436110100755,63.3337157593836,116.879304758708,93.0465900179331,67.4923636510822,101.530703226725,181.773132324219,85.5624771824589,36.1406226064229,185.49481370714,105.113209194607,107.216754787016,90.8149930168601,0,0,176.704559326172,180.338904522835,193.934298924037,194.985610961914,241.77392578125,0,0,143.010597229004,187.558239528111,0,143.14281463623,114.676508662677,150.777224949428,132.577856881278,0,154.629917144775,131.996529388428,124.693213552799,163.288375854492,0,113.034494843594,108.571080525716,164.39848751492,188.48302883572,155.609860797261,132.953277587891,0,168.907806396484,123.525385730671
135.146239280701,71.8749759613521,91.9192370903201,119.812114969889,0,90.9824600219727,137.119732448033,173.424218858991,132.119791412354,144.334563732147,195.998809814453,24.8998233355833,0,64.0852846376824,125.649405524844,0,158.311192830404,59.0537577900318,9.56216604686987,15.4064657805916,0,104.210826619466,121.318529302424,92.690724256562,153.380533854167,49.4829584723488,26.1904460534861,67.3749218988155,164.619523525238,94.2366966093429,119.631418279699,59.943417660476,76.5185241699219,112.076044522799,62.4260393283562,0,119.605661392212,153.494757080078,91.8184994288853,0,0,0,206.916404724121,231.315078735352,196.60075378418,222.948684692383,119.432060828576,0,97.976552461323,199.337509155273,0,0,137.389662090101,114.361189312405,112.087798973183,0,172.557075500488,154.614364624023,150.694497680664,0,100.259317297685,108.535517300603,113.263573978036,198.213233947754,187.890228271484,185.875417073568,109.644200642904,0,206.784790039062,143.89696412928
114.766204005988,65.9334160643197,73.8680482711235,78.5403102051978,166.80691019694,0,152.141558074951,145.441479435673,147.090719422298,133.960450236003,184.014342458625,27.6507776933013,167.043312072754,81.9249244197722,132.739907170685,160.660163879395,119.0753809611,17.0664154880201,15.4064657805916,11.7238748919211,188.008331298828,75.7736249870086,97.4350778139555,54.1713876407758,139.844284933121,49.8635297948664,24.7351890874974,65.1409710453403,135.25708405515,106.945957434355,99.5150924520505,76.4131482607359,148.797790527344,97.8691717731066,44.3506976459596,182.410942077637,118.444360733032,123.01266073144,71.3564110363231,0,0,209.565002441406,188.365811665853,207.227406819661,188.943365478516,187.173645019531,141.706103642782,239.531127929688,122.053777967181,201.165127224392,0,166.731430053711,114.646332919598,123.789682006836,112.926741772749,0,169.594400405884,163.191677856445,144.519985856681,186.741029527452,123.911005020142,105.326421251484,106.903082662461,178.167689005534,188.130793253581,170.323384602865,125.515449015299,0,0,121.343296686808
89.3533162084119,89.5364036560059,142.221914018903,75.6120447271011,15.2014388086125,121.330825805664,44.0047349581008,62.2419783558164,86.2436519435865,23.9094913684089,21.4430842076166,162.924306869507,15.0896486432942,137.854629516602,94.7185930734152,43.0004130366551,0,206.618186950684,0,188.008331298828,10.7727892327892,116.741176605225,84.5884390936957,132.364774703979,19.4709758206667,0,159.342587397649,148.812376542525,28.1008556380277,94.296374362448,125.934303283691,0,129.452243169149,89.354913858267,91.594692390506,0,0,191.158515930176,90.5501384735107,96.9813833127077,0,183.173440933228,148.56180708749,169.257301677357,109.861062579685,159.310399214427,0,16.5138435603245,0,186.747024536133,86.9564018249512,0,0,0,240.205596923828,134.836479490454,219.984481811523,136.941223144531,168.495264689128,129.476286845841,160.355972290039,248.10221862793,200.920314788818,146.331121411627,162.093472290039,183.228046417236,0,0,145.663818359375,187.459176635742
74.6447772395854,96.115083642908,62.5387665439331,55.980376156009,99.3998227800642,155.811737060547,134.015382246538,67.0162640082497,95.8375314917446,79.4399921314136,89.4659532430221,90.3389861800454,137.554306030273,161.582693481445,85.3053641487266,103.202308654785,19.8322039563289,47.0622337529689,104.210826619466,75.7736249870086,116.741176605225,10.5450773553701,52.1926268475063,25.1506758839938,39.8317015531451,133.566233317057,97.3513760658765,65.9944385582104,29.4986331656619,30.9510541878794,25.8661120212615,138.896781921387,145.674942016602,27.5521338334367,42.2038305479608,128.379198074341,186.183959960938,139.438750305176,115.716117858887,245.578842163086,182.651351928711,169.314844767253,147.08456458115,162.142238616943,100.716865539551,174.003621419271,0,221.233215332031,0,146.276870012283,0,108.091629448838,163.346318562826,143.371368408203,184.703968048096,0,116.961440733749,92.1443309783936,121.080026034013,118.673773119527,0,169.012845207663,135.639812369096,121.758207747234,139.696554961028,118.864245038856,195.803771972656,0,113.307020568848,121.88216085434
94.6901519412086,16.6156139197994,50.5254379317472,29.3008359783446,58.2247662353516,0,120.715295965021,76.4089025259018,115.048382920485,26.2491794005649,97.9714308042784,98.4594411577497,58.5946024726419,89.8250040950545,105.051169691415,64.5859041213989,29.5133533345,71.5131415702201,121.318529302424,97.4350778139555,84.5884390936957,52.1926268475063,7.04515346844209,50.1574846545592,31.2836554403671,76.1466442837435,80.6598468254034,37.2243757500258,57.8460758269033,84.0087209241144,61.2715645693922,105.055423570716,0,60.9918609231205,68.5358174823109,88.2687927246094,101.124050140381,103.774546594331,96.2651144663493,131.879503885905,0,118.6174659729,118.958387374878,138.795420133151,65.1829064687093,168.089380900065,186.305274963379,0,132.098904927572,139.850293295724,66.6648864746094,60.5921292923369,112.110483646393,173.037200927734,166.258143107096,138.614669799805,82.4951813939106,20.8853690603138,72.0871692776268,77.1952471637086,116.593563079834,132.462899949816,109.543674749487,86.2440311810202,109.109796109407,82.3396343231201,162.826198577881,0,101.34176864624,89.2351461791992
81.9004492115721,69.7421064853668,25.8532648176114,51.9742237361603,114.543207441057,160.264063517253,124.539301917666,81.3300451178783,108.041625285417,106.765723789439,104.790555977722,76.6431614028083,160.058876037598,147.738910675049,94.6870717683191,110.470209757487,22.7380188286348,19.4571038987283,92.690724256562,54.1713876407758,132.364774703979,25.1506758839938,50.1574846545592,14.0548211114688,73.7241090401949,67.1084899902344,61.1691375048598,36.24053397446,57.9788242580503,89.1735164414753,47.253701320236,135.399759928385,154.116282145182,77.3182021538075,44.3356581282816,154.923083714076,147.736717224121,109.617490653857,125.392171587263,0,0,202.922012329102,157.172321069436,197.468519083659,131.072044372559,185.908172607422,183.309451293945,0,0,183.599964396159,0,105.179249717094,128.079254351164,184.416843414307,166.835198538644,192.152191162109,123.00054084677,87.7397970933181,108.052249637749,139.2287109375,172.816802978516,138.71177726984,104.082171035474,142.3477209227,169.357783390925,140.348616434733,0,0,161.759709676107,126.045108947754
73.7728548275916,76.745284363897,112.227160881306,39.9792924458542,12.9708014901461,112.03816095988,70.3717930967157,56.0460392887895,83.0253931220206,21.0077810002087,69.8156305354481,150.059640045166,27.0241705121084,138.406769110232,86.8401740832921,38.4858386996778,38.2316692134574,116.322978391486,153.380533854167,139.844284933121,19.4709758206667,39.8317015531451,31.2836554403671,73.7241090401949,10.6736066641747,125.37126264901,129.330112502581,78.4177180803172,23.7061272700808,79.0937905441584,71.380027856754,149.188685490535,128.906200917562,66.6841189436928,80.6430625769805,123.748832929252,138.721345265706,157.253030106828,71.3878132199484,121.482692027914,0,140.071906368289,120.181447782971,149.341946493719,90.7129578536816,131.935469897825,210.884545898437,124.805499158587,197.689567565918,147.693328412764,141.712385324331,115.066488073506,157.310291290283,210.841766357422,213.750473022461,119.94568668538,121.251075498519,106.549234132509,135.687198818666,103.769167878738,0,182.447403446321,164.268442093699,116.173711969054,136.922221045209,116.647397407521,224.763244628906,177.578796386719,118.871891215696,127.374069984782
0,35.5241832697569,99.69970703125,86.2183635418232,141.545196533203,0,0,166.975082397461,196.829040527344,110.580643503289,0,32.0734393266674,121.151279449463,19.3787774678694,0,135.907318115234,125.678825378418,73.0748278299967,49.4829584723488,49.8635297948664,0,133.566233317057,76.1466442837435,67.1084899902344,125.37126264901,8.64422425870126,41.4732474136353,25.2063893968354,139.175742409446,78.1260212489537,132.199594497681,48.1408120765061,0,0,61.943673539669,0,55.2879745483398,110.300102233887,40.8198414230347,0,0,0,0,0,139.668834141323,0,84.0569561549595,0,60.7878484660181,0,188.578155517578,0,101.614789326986,90.4874037574319,91.0786677466498,0,0,91.3812484741211,130.038116455078,176.611526489258,43.4532911820845,83.213635306073,77.7068522735481,0,126.010322570801,0,79.8708392056552,0,0,98.2884477887835
108.026046055923,50.3648671896561,28.063035476696,59.252082285212,155.802642610338,164.094285147531,155.900408519398,127.196487504554,136.894715382087,119.602203945933,144.350435723975,31.6379345420079,167.12758972168,35.1006761565961,127.055239688767,146.363501412528,102.754534409425,30.6436110100755,26.1904460534861,24.7351890874974,159.342587397649,97.3513760658765,80.6598468254034,61.1691375048598,129.330112502581,41.4732474136353,13.1027935717809,39.0095520661619,130.307092994232,121.045132990567,102.678292755495,27.2439514175853,178.557408014933,123.605049904813,59.5153103547432,178.126907348633,108.53512999971,103.455278687066,65.698155638697,215.267349243164,0,180.037470499674,177.424893054333,197.199430877087,178.245121002197,187.261538696289,113.097679198734,0,98.5194078387636,192.724817171964,207.246719360352,153.143695513407,105.428756813816,110.287897843581,107.363616436142,0,148.701217445167,139.815085992581,127.630432479236,185.354017196163,91.4771584669749,98.4834639866594,98.6648369444127,183.807806046283,190.821760289809,160.013023455938,107.837501278439,235.229415893555,228.45068359375,116.296367741433
115.469328622969,31.6216029369846,25.5551726727179,40.7728704577811,133.192905426025,164.830047607422,149.928705079215,101.202250015683,135.593197872132,98.8823211745621,129.533181683147,64.6521530071927,129.084825662466,37.5700861349989,126.981870823451,123.06181604722,30.7645375926367,63.3337157593836,67.3749218988155,65.1409710453403,148.812376542525,65.9944385582104,37.2243757500258,36.24053397446,78.4177180803172,25.2063893968354,39.0095520661619,14.2427143525877,74.0389985563048,124.251656324105,109.439212043861,34.4705672289801,160.017578125,113.762661836585,66.0754211390391,174.285594646747,110.445090346866,99.2414968999227,59.3580150832947,166.813316345215,0,187.397415161133,165.488542622533,194.283052599108,174.059076097276,184.930515455163,122.309676457377,232.333106994629,101.064414007013,188.767307236615,242.147109985352,113.450246655941,108.962305150186,116.732934240567,113.253711860411,198.712915039062,137.689936372423,121.942642882064,108.807421896298,162.311091324379,89.0541124517267,102.294011176507,99.536192294494,160.258422063745,184.881166381836,154.098226534936,110.584438131313,0,174.638569423131,114.483554960806
75.9234363642606,99.0839206959942,93.1514233612579,60.1078797801882,16.2460265004564,133.987829844157,69.2814326018902,30.7263323600449,85.4136862044388,54.7005449543369,33.7314194130579,148.257961647183,51.0168358340651,167.00723361969,86.3202806842644,82.3129700061887,50.0609625737609,116.879304758708,164.619523525238,135.25708405515,28.1008556380277,29.4986331656619,57.8460758269033,57.9788242580503,23.7061272700808,139.175742409446,130.307092994232,74.0389985563048,11.4787326769813,84.3079317685247,46.3452440234809,161.58491007487,136.311426749596,70.1566451544901,76.6530717623417,128.074414242015,161.593711853027,161.089483199581,94.4197514310796,114.505071969742,187.663208007812,161.382158868963,134.465036620442,163.351646467187,105.36256667315,157.262486213076,213.556612287249,107.464561560215,247.819549560547,156.705401596865,143.191518783569,122.859847542289,169.381269836426,196.225958251953,208.724815368652,153.547137832642,130.542924629067,110.329688304179,141.62528575995,120.894494325308,160.173034667969,188.870226933406,157.619808819829,128.859294809614,144.283509466383,122.84813071586,230.732109069824,191.164535522461,123.855983310276,131.77221657764
14.4995069976676,110.723766233863,118.774113544828,71.2491193950506,94.7653016373287,22.7906547978311,46.6992112166306,57.8091771417972,30.8349358136187,73.7768237170051,91.0674838195643,50.1866605155587,97.6858068833657,79.7289879981508,17.577718240569,40.6635346866789,104.123075083682,93.0465900179331,94.2366966093429,106.945957434355,94.296374362448,30.9510541878794,84.0087209241144,89.1735164414753,79.0937905441584,78.1260212489537,121.045132990567,124.251656324105,84.3079317685247,8.15473736025785,21.3085683106697,93.5207986831665,10.9998314331233,13.8302841378754,35.6814002737595,144.076985495431,0,179.635457038879,109.979128837585,161.573561532157,0,194.129699707031,145.824183223812,180.183349609375,119.029487022987,162.25131436052,242.560501098633,118.47018178304,0,173.743360489134,179.152191162109,152.767194747925,184.161987304688,221.573303222656,0,183.103231811523,148.695831992409,101.788266499837,159.73270232102,134.84019281703,0,183.438369750977,173.060560475225,142.050975153002,158.093296536532,132.374086487968,0,201.22248840332,133.681941986084,154.182392045563
39.1796498592212,104.489498038914,74.562768378202,59.0787172086777,82.573011468958,0,112.405567570737,19.1861913019799,77.4197382512627,61.8168499968773,70.4032622770066,106.685980712891,150.825006484985,153.381138888272,45.0177901261839,94.8063646952311,77.2030589586541,67.4923636510822,119.631418279699,99.5150924520505,125.934303283691,25.8661120212615,61.2715645693922,47.253701320236,71.380027856754,132.199594497681,102.678292755495,109.439212043861,46.3452440234809,21.3085683106697,9.46058380247863,142.232566833496,119.349369812012,48.9589981610218,43.4718935495439,130.243946968241,203.99658203125,158.634853642161,85.9344484965007,160.600865681966,202.199676513672,174.01434135437,136.393491594979,167.987220100735,100.856959819794,181.244766235352,0,208.756507873535,0,155.987542529439,144.178565979004,113.163310975519,163.465821266174,225.072448730469,196.358393351237,159.813026428223,124.949417058569,93.1708336743442,135.625177219936,118.083753507645,0,175.141620483398,163.786413604138,123.772444191551,144.167405729841,122.209795925401,198.810256958008,205.907745361328,124.346136060812,122.589306238535
0,66.1727865327079,97.994639470027,121.291801929474,184.495750427246,0,188.878921508789,173.669340133667,132.63461473253,141.862378713247,177.447504679362,43.813603209708,0,18.5583190693429,117.9898853302,0,156.40754699707,101.530703226725,59.943417660476,76.4131482607359,0,138.896781921387,105.055423570716,135.399759928385,149.188685490535,48.1408120765061,27.2439514175853,34.4705672289801,161.58491007487,93.5207986831665,142.232566833496,6.58795314692749,0,126.260375976562,76.791114171346,0,113.893946329753,154.367012023926,75.6750511169434,0,0,0,243.232513427734,0,187.964012145996,0,112.599621098216,0,90.4571008121266,0,0,0,159.399008178711,108.855526245746,113.352186993855,0,0,121.866912841797,0,235.183456420898,81.6865019449374,106.287924082856,105.745726958565,0,183.346527099609,0,104.088437785273,198.819366455078,0,119.500951593572
69.2601318359375,0,170.344902547201,133.137672424316,135.825479125977,8.54829188008102,20.103344617005,123.345444174374,17.9177722097161,118.990255355835,121.028314021596,61.8411725800613,118.766827078427,77.8138580322266,15.3731084533404,40.6341149689721,0,181.773132324219,76.5185241699219,148.797790527344,129.452243169149,145.674942016602,0,154.116282145182,128.906200917562,0,178.557408014933,160.017578125,136.311426749596,10.9998314331233,119.349369812012,0,5.47766250842079,199.162139892578,44.2148179654722,228.504119873047,0,0,0,0,0,0,199.545768737793,217.450813293457,0,0,0,0,0,234.691314697266,0,0,0,0,0,219.02864074707,0,0,0,182.83213297526,0,0,0,199.551110839844,215.418899536133,0,0,0,0,200.057876586914
21.352553976343,97.9444930132698,118.227038901193,58.59020039411,84.7331377382632,178.549453735352,92.5673382878304,62.0058252207273,84.7776019880507,58.2083264206395,80.1766518053158,107.952860293181,94.3840007781982,145.652374267578,41.0786718250415,114.184501647949,96.4183547076057,85.5624771824589,112.076044522799,97.8691717731066,89.354913858267,27.5521338334367,60.9918609231205,77.3182021538075,66.6841189436928,0,123.605049904813,113.762661836585,70.1566451544901,13.8302841378754,48.9589981610218,126.260375976562,199.162139892578,7.8145639200245,27.2732997403789,136.495385306222,149.791793823242,168.163551330566,100.980397224426,129.826019287109,0,164.575571695964,135.186455302768,167.672468297622,96.9338893890381,159.502838134766,224.970474243164,234.872024536133,0,155.501873016357,0,146.724787030901,210.403427124023,215.151519775391,0,161.23600769043,127.437102508545,183.171213785807,144.589863731748,120.202443499898,0,169.544813156128,158.642679486956,126.984946996987,152.011888246279,120.324118543027,0,0,118.189125061035,147.933820452009
70.8148564474923,66.044337261154,66.4991865683728,64.9138938545162,92.2064513352813,43.5270238533998,58.5251536973765,79.6213446358682,61.526792808336,90.8290576774533,93.2606609347566,27.3924499238749,97.0089470893145,70.3953825048498,53.1754940163749,56.5682610829671,84.5617230143768,36.1406226064229,62.4260393283562,44.3506976459596,91.594692390506,42.2038305479608,68.5358174823109,44.3356581282816,80.6430625769805,61.943673539669,59.5153103547432,66.0754211390391,76.6530717623417,35.6814002737595,43.4718935495439,76.791114171346,44.2148179654722,27.2732997403789,12.183563778117,142.81333287557,113.114676157633,110.263229545506,81.0022099494934,197.016212463379,0,188.088726043701,156.296361056241,180.755174364362,135.8664523038,163.314215766059,139.892852783203,197.197540283203,126.711567687988,170.833075138561,0,125.624865445224,121.221014993233,131.499953133719,123.318622065525,181.398590087891,132.183442687988,124.835248947144,123.225121072622,130.723213498288,106.075784955706,114.948336195368,115.301649043581,138.417301623027,151.851426058037,132.989858813402,144.871419525146,201.469688415527,132.377090454102,134.635027008057
148.746612548828,171.661838531494,166.136993408203,80.909569160611,134.98051071167,0,160.705085754395,137.242754936218,157.698454720633,104.567453384399,169.936016506619,0,0,0,149.792646789551,0,142.303672790527,185.49481370714,0,182.410942077637,0,128.379198074341,88.2687927246094,154.923083714076,123.748832929252,0,178.126907348633,174.285594646747,128.074414242015,144.076985495431,130.243946968241,0,228.504119873047,136.495385306222,142.81333287557,11.0961738823508,112.026100158691,107.956215818485,88.3536993825538,92.4293588580507,0,88.9764523607619,27.9669821592073,33.4722377157637,77.9887313842773,47.7360006854409,118.603876554049,85.7665394869718,136.846599578857,12.3956005610686,75.6478314399719,79.2929060363769,105.964022919938,126.432497484931,117.267297801405,87.8733488995096,76.0608928494337,74.7100922720773,96.0997255498713,77.350510068268,0,117.79849585318,123.927964692332,79.0316334332839,17.9404280193645,26.6661789952388,150.739456176758,77.8343335665189,33.7687900399649,68.8065501993353
0,0,96.3575425398977,93.6499621073405,112.670951843262,0,0,0,185.864110310872,149.581649780273,0,102.793481554304,0,89.1393027411567,0,0,144.92024230957,105.113209194607,119.605661392212,118.444360733032,0,186.183959960938,101.124050140381,147.736717224121,138.721345265706,55.2879745483398,108.53512999971,110.445090346866,161.593711853027,0,203.99658203125,113.893946329753,0,149.791793823242,113.114676157633,112.026100158691,8.10178673172503,44.2153733487161,29.2687247633038,70.9444274902344,0,168.14640045166,120.526003623495,150.079911368234,69.622207568242,150.582322692871,80.1096962928772,169.364238739014,49.8001831830558,134.974154318533,102.964282035828,68.940125481557,60.5107340745523,81.9227939888283,70.5255483943511,0,90.8481674194336,24.2819274581712,65.6574548770947,80.7015676266679,26.4325609132136,57.6836685793341,35.0176605981998,111.472713239265,134.014931233724,104.504417834075,60.4849366305167,217.203536987305,146.402267456055,63.8101636412516
157.947769165039,72.9977085460316,96.4358900310793,65.677101054542,0,0,209.460472106934,170.046160647744,185.828696289062,147.106482505798,200.986164637974,142.581413269043,0,183.892593383789,181.208455599271,0,121.243319451054,107.216754787016,153.494757080078,123.01266073144,191.158515930176,139.438750305176,103.774546594331,109.617490653857,157.253030106828,110.300102233887,103.455278687066,99.2414968999227,161.089483199581,179.635457038879,158.634853642161,154.367012023926,0,168.163551330566,110.263229545506,107.956215818485,44.2153733487161,11.4225202143375,46.6902130622256,136.981002171834,90.1267547607422,127.085916587775,94.4013981950302,123.640698673161,119.806117684501,109.459296842592,118.009948548816,159.004024505615,96.3955493503147,118.664789313884,137.871750831604,88.0252367914939,36.1712885778162,106.305419272565,85.6618565666605,143.888471330915,74.4597063064575,58.0838256468747,33.2786908829354,110.034962972005,116.251998901367,30.4632020080188,32.9957517169645,91.4108604051299,131.910020605723,94.5163874687293,94.2534292311895,183.849395751953,115.848654174805,67.1447948042084
