9.05574092996523,138.37745475769,113.553142448094,71.4370691237911,95.7519281560724,60.9334602355957,66.993370595968,32.4939042861486,46.0736384963252,65.9545628091563,73.910043761047,121.233046866752,121.098326249556,176.450543721517,19.8991171519271,85.3080912272135,103.2829246521,101.224121964956,137.554381713867,120.616254148812,108.162458292643,79.3402215121837,87.5119240283966,90.0311890602112,77.4442638227964,0,122.847294277615,128.291842334675,79.6044878036745,17.923325996097,34.0683205082854,160.878601074219,81.7112457968972,34.5430966557808,65.9910108784961,125.77465057373,0,165.625335693359,104.956047058105,0,0,142.616134643555,144.929861545563,160.275708516439,101.438293457031,169.191535949707,0,0,0,170.436248779297,0,105.817169189453,0,0,0,0,127.489051818848,131.594844818115,158.86294631958,130.033106859993,0,203.881607055664,161.713436889648,127.325260975322,153.363884559044,129.986613533714,0,0,0,147.832389831543
138.37745475769,7.29560633707931,49.8531528760309,11.7376469290919,88.7917633056641,0,153.038970947266,113.454718695747,141.651526133219,74.3551276232067,157.092262268066,62.2133820377179,91.9769134521484,43.6339407978636,145.841430664062,110.433424631755,59.8041207348859,59.4811156314352,71.0426704604904,61.320687784089,119.186920166016,102.508884853787,19.2530849359662,60.9447833947968,88.8795171756808,28.3070077814598,60.3983614378647,25.2188813861599,97.2722303602431,135.906926472982,109.543360028948,70.6810567220052,122.280075073242,118.625747680664,70.6083881321238,0,79.8873748779297,71.9989999624399,43.6611707210541,0,0,0,136.822303771973,0,154.286331176758,0,0,0,86.3692137978294,0,0,0,95.4504656110491,72.342643737793,94.6486877441406,0,185.538391113281,84.3076316833496,110.990036010742,170.65894317627,36.0637096405029,97.118950398763,81.5742342413926,0,167.309608459473,102.913330078125,71.1034965515137,0,0,95.0319442749023
113.553142448094,49.8531528760309,12.4466634636375,46.3684941273323,143.561013031006,158.856928507487,126.612422445546,101.52594271448,122.446003675142,106.404279017794,117.503623527817,92.5108880505119,164.992340087891,96.9836441040039,116.225759616318,137.087461471558,92.0821987390518,44.8807832486786,92.0148797514137,75.120799511037,169.438141959054,64.7347344188756,61.3422189145475,35.3736877311431,115.936554116547,98.8774719238281,37.8772634035604,33.3393879406316,93.2839697075843,136.466887029012,79.9136114837594,100.803316576728,187.604219709124,122.306743927002,68.8278809516661,157.24584197998,71.9746979161313,97.3690204784788,60.1091291988597,240.314987182617,0,195.595591227214,163.027615422788,185.420500437419,181.683406829834,172.138813018799,0,0,163.330703735352,174.223168334961,0,120.084016734156,113.251268438391,140.385990142822,140.229887462798,237.580429077148,131.633976986534,74.3073144392534,116.982311358915,151.534395391291,0,116.772383430677,98.1651932382056,154.88368576292,169.888010406494,148.310329730694,153.477020263672,0,194.628837585449,115.355687989129
71.4370691237911,11.7376469290919,46.3684941273323,16.8387492323768,52.7876645475626,118.510738372803,87.5266712384346,76.075358411476,84.8367493565877,21.322762292457,95.0777837875042,73.8188659318912,56.4759585551727,55.9510627831452,91.3346208160999,63.249024137666,41.7372236258571,66.0530114598299,82.3618030841534,79.3542131884345,76.6464682306562,61.3407408951941,24.9238577359752,55.3900213663124,44.0765880073667,46.3837782249731,67.3901648230023,43.9003408302353,57.6457973890043,77.5753817480628,63.9339823769436,78.1923334549884,122.399691990444,66.3943196900037,72.409662118479,84.876889428427,77.3903007507324,77.9591317457311,13.5326271453392,103.849794006348,0,118.739159901937,80.7172593759936,111.578028488159,20.1978565591626,101.655436197917,140.072689056396,101.967050824847,71.1191268920898,103.296892225128,61.4181045532227,62.3661571654263,103.568745006214,205.079864501953,116.668244679769,93.3586235046387,82.6950158783884,35.0770545762319,68.5840149032337,54.8752154635179,57.8058359622955,115.142313766479,79.2167203661422,69.7491549515143,94.8346181456576,72.1883382395309,94.270263671875,139.912574768066,83.6714625549316,89.5981213160924
95.7519281560724,88.7917633056641,143.561013031006,52.7876645475626,9.56862616531842,103.229417800903,74.5304808126065,66.1979306629726,93.3969011306763,34.5426593606577,24.8507258278173,0,35.5352845434541,155.824523925781,111.117217534996,65.8285478394607,0,166.199820382254,190.127304077148,182.694389343262,16.6896072245691,121.502243041992,71.2105649709702,136.197277832031,16.4035354642587,183.043248494466,165.186854839325,117.590470949809,15.1269033914313,107.549004364014,130.201433817546,193.902267456055,148.027095794678,94.1579366613317,107.517708147076,129.969062805176,0,0,87.7008690553553,29.487985246359,0,154.967175460443,135.252986544654,163.415841073701,101.456499099731,151.657846644305,211.288238525391,34.634431908528,177.513198852539,185.850695800781,122.831007821219,154.474548339844,0,0,0,37.8497357223973,0,117.901397705078,142.895191192627,121.992360959154,0,0,195.901298522949,153.695431952696,182.137727217241,177.846061706543,0,172.011276245117,133.25944519043,160.433855230158
60.9334602355957,0,158.856928507487,118.510738372803,103.229417800903,6.48791648717926,12.4903018618114,116.453435625349,13.3072455875652,57.545660109747,121.4949315389,55.814588155178,85.1476393479567,99.1186709933811,34.0383423687661,13.9360881848323,96.5535507202148,136.408729553223,100.730460272895,104.184146336147,111.195718848187,103.422027587891,116.444736480713,103.760679626465,89.2179435418577,0,115.282624380929,120.970553471492,130.427913665771,25.1387499035028,114.189736260308,100.539596557617,10.819184582763,53.6938953399658,35.0634105674392,0,0,0,0,0,0,0,212.463195800781,198.471435546875,105.208625793457,243.419677734375,0,0,0,0,0,0,0,0,0,146.692977905273,0,0,0,169.788787841797,0,0,0,189.670497894287,0,0,0,0,0,0
66.993370595968,153.038970947266,126.612422445546,87.5266712384346,74.5304808126065,12.4903018618114,11.5473778617033,60.5256579719071,16.7993705197951,70.4569091582298,33.2549593940711,74.6060895030521,30.5558391426832,124.576292514801,39.2409300105829,13.7316382505375,121.28041267395,134.845007850614,141.298199462891,146.887739935587,57.440104272718,114.657947726366,111.06806400844,117.27073828608,69.9336045060765,152.225124359131,146.243662486876,143.209504808698,72.0953521770458,33.6157254115707,95.8089357668215,128.765529632568,17.1084566476753,71.1808501126473,59.5683180103333,167.248072306315,0,201.990186691284,93.9699880282084,158.239899635315,0,164.266062545776,148.923655166626,177.568931092607,122.867416381836,155.758227984111,238.399963378906,157.315179488238,0,182.579344096937,141.68004989624,205.376434326172,0,0,234.313461303711,158.837781778971,207.985275268555,160.220166524251,189.49525112576,130.645046578079,0,215.433456420898,200.021704779731,152.128843497404,186.987222605738,180.124011230469,241.526214599609,0,176.471974690755,182.943233196552
32.4939042861486,113.454718695747,101.52594271448,76.075358411476,66.1979306629726,116.453435625349,60.5256579719071,11.12942140671,63.7287066244637,62.9352522102648,18.7774721724716,158.769792429606,90.8056889533997,183.044923400879,40.6322680778628,87.1580549039339,93.0149023496188,111.896608797878,163.000409285227,144.458549033271,116.686071183946,71.9765848016226,84.5662647868312,85.2187974659532,65.3044902186407,160.119384765625,133.040677469084,104.860779437802,31.9500689167325,71.5520696050059,19.6866194123352,169.836730957031,122.285248480903,68.8737183714478,88.1878268101982,134.244086492629,0,176.333805431019,95.9498077392578,168.81640625,168.551864624023,159.383146988718,133.167797382061,166.943892161051,99.166394551595,158.98256763659,211.908374786377,156.403238932292,0,168.777893371582,148.026393890381,143.632251376197,195.495010375977,228.999176025391,200.171394348145,142.425122578939,144.754856363932,100.285258865356,163.240925722344,121.83621400532,0,195.355161539714,172.366876625153,133.236584615226,155.907421687864,134.789194875689,0,212.230178833008,143.247060922476,150.200694804289
46.0736384963252,141.651526133219,122.446003675142,84.8367493565877,93.3969011306763,13.3072455875652,16.7993705197951,63.7287066244637,10.3563606158499,84.7084690012445,43.7038028171358,75.0510841704012,92.5619249328734,111.956814986009,19.9601805614285,23.5333020894974,139.78024336871,128.657751921769,145.876576326331,143.599770742223,93.5981796451202,102.608840672316,118.529345863744,112.115172144985,83.4396788977571,106.617802937826,140.836887022937,140.69276839759,88.0519320836832,32.834740218795,82.8183840909944,130.727799265008,18.1232178224556,73.1359467170608,53.3924255252976,169.168972923642,0,199.056998252869,100.866008847259,155.447864214579,150.850433349609,169.043007603398,150.305368795023,180.136385374431,132.627624511719,155.566003799438,238.598724365234,163.916478838239,0,185.923333261527,147.933486938477,168.649112701416,206.367279052734,0,0,145.52808380127,176.726543426514,155.637552261353,189.926009544959,137.897734330937,0,199.062260945638,181.793621924616,151.126902937324,179.142033894857,159.854052508319,0,194.796920776367,170.734031677246,188.655974137156
65.9545628091563,74.3551276232067,106.404279017794,21.322762292457,34.5426593606577,57.545660109747,70.4569091582298,62.9352522102648,84.7084690012445,7.74406608173729,77.2087134952787,142.641809167996,10.3932670722356,120.037920570374,87.009267659658,22.5723970873743,91.0744375145954,116.4388243094,139.553651676622,133.983366740119,28.7667511050638,102.43141242981,25.8658674030359,103.778899462327,22.7703592754076,110.295798444923,128.512533644226,96.6561808844086,53.6199011711978,77.621578699205,65.0947435831852,145.514395577567,138.737657819475,66.0863910697357,90.9290285509686,95.5069836703214,123.017456054688,141.397720336914,42.7810739278793,113.454395294189,0,130.128983815511,91.605882903676,133.7199122111,44.6944665701493,115.637980091329,154.28076171875,103.418564515955,142.890167236328,127.280067443848,95.3672231038411,119.557162891735,161.437779744466,203.992279052734,178.839965820312,103.067965825399,113.99515024821,102.898740005493,155.358124472878,74.7033456840262,115.675323486328,157.457497229943,160.87191811586,98.7741084560271,115.413398379371,94.5913542042608,0,0,101.247329076131,110.024416605632
73.910043761047,157.092262268066,117.503623527817,95.0777837875042,24.8507258278173,121.4949315389,33.2549593940711,18.7774721724716,43.7038028171358,77.2087134952787,10.3780207020991,151.159893553934,18.0555215532321,182.368041992188,57.1322915054688,80.503127355502,116.110817718506,142.475092184133,195.775866190592,171.399539455291,16.8736250815789,98.0558415906183,106.133657015287,103.899349840064,58.6771819636958,0,147.163513677037,130.614698173356,28.4758023369994,98.369677080514,91.5517681176714,177.800960540771,127.831834285631,87.1929624578455,102.474891827136,173.282354990641,0,173.049713134766,102.046971893311,167.958660335541,0,171.624046672474,154.989553120322,189.333673032125,120.49270228068,171.762569366553,225.20556640625,165.893177668254,0,197.691166469029,163.159249199761,171.359180450439,0,0,0,166.54770048165,209.502288818359,158.247633934021,200.70565359933,139.880728511659,0,216.463582356771,188.757244110107,165.552034156267,195.205048194298,198.314257621765,0,233.643005371094,150.458213806152,188.828264589663
121.233046866752,62.2133820377179,92.5108880505119,73.8188659318912,0,55.814588155178,74.6060895030521,158.769792429606,75.0510841704012,142.641809167996,151.159893553934,13.8749318712157,151.858020333683,24.480019202582,70.6838976576802,84.3876997629801,138.029705592564,50.1454037814721,22.1824943771918,29.109006800989,154.387126377651,98.1646654009819,102.233170599686,91.4662041508294,153.029381234305,28.9021846923737,38.9552511098988,63.3037898386539,159.775473255222,68.4004607303722,115.380539608002,40.7848537698429,53.5698915730562,114.721028645833,25.5722891706352,0,100.383535003662,129.815885543823,74.4690302680521,0,0,0,205.43271891276,237.22575378418,147.543640136719,0,98.7841855829412,0,79.8505024380154,248.062942504883,0,138.495010375977,118.195479256766,112.827893066406,117.329345158168,225.077865600586,140.718734741211,108.432844161987,167.674341837565,190.63257925851,74.8728583409236,112.118764573249,103.447736656626,201.623189290365,0,181.227405548096,99.8533303397042,0,0,120.47693210178
121.098326249556,91.9769134521484,164.992340087891,56.4759585551727,35.5352845434541,85.1476393479567,30.5558391426832,90.8056889533997,92.5619249328734,10.3932670722356,18.0555215532321,151.858020333683,10.3590188871155,156.28963470459,114.105693685945,20.8803491279308,135.859135945638,181.267994967374,189.541247558594,155.300731658936,14.2377701310224,148.921769883898,71.488749590787,165.749877929688,29.666875113275,141.354827880859,174.473956181453,129.759144951315,51.0652029641469,112.288656077047,132.150650024414,0,129.040417307431,98.5617079301314,114.175504193586,164.896953582764,0,186.353355407715,63.035655095027,66.76725656336,122.092964172363,64.9235940090446,156.748902511597,103.120888604058,83.2994910575248,108.514577660194,167.581268310547,15.735954272677,0,119.894663492839,87.6368713378906,0,0,0,0,17.9715296419723,144.915313720703,0,0,114.80728688532,0,0,146.095153808594,138.649305327042,133.852740894664,197.579569498698,0,134.753273010254,0,127.824729919434
176.450543721517,43.6339407978636,96.9836441040039,55.9510627831452,155.824523925781,99.1186709933811,124.576292514801,183.044923400879,111.956814986009,120.037920570374,182.368041992188,24.480019202582,156.28963470459,9.3406422612973,109.818551243962,161.83393351237,140.211427307129,87.301186243693,52.1457062897859,68.1970345593881,0,126.710259755452,80.0830294742889,114.907872881208,135.454479745094,15.8482537385318,35.7004238573232,29.9976179656494,153.946799027292,106.965228822496,151.667193603516,17.5218047046176,81.8030533423791,148.116787719727,66.2014089809951,189.211791992188,78.5121861161857,129.093870162964,50.4887474429223,0,0,239.002029418945,188.942733764648,0,151.858368555705,0,76.1622808774312,0,37.553173400942,209.114715576172,0,0,128.452566782633,90.8597995388892,93.6286887131728,0,105.6904296875,102.32261689504,184.301609802246,140.805680847168,54.066078505591,87.9427591734977,81.4171191613651,0,178.451873779297,222.541015625,84.2713700532913,0,0,99.6841514587402
19.8991171519271,145.841430664062,116.225759616318,91.3346208160999,111.117217534996,34.0383423687661,39.2409300105829,40.6322680778628,19.9601805614285,87.009267659658,57.1322915054688,70.6838976576802,114.105693685945,109.818551243962,9.39521844960727,33.3772542910749,128.378150939941,117.008203000351,138.538658679371,129.062156206941,106.996841345578,97.2083316150817,106.528576019287,103.563672793875,94.4237603515625,125.960424423218,133.181912197615,132.086564062276,94.4647112871839,21.7828186559931,57.7409809585966,118.841881290559,18.6420079838735,39.3206824636892,46.0523829741579,174.441538193647,0,185.041995239258,118.532529067993,188.20498046875,0,178.881834030151,157.049254099528,193.577897170494,131.841575969349,182.803612204159,0,196.917897542318,162.077972412109,192.591223639411,147.193313598633,178.0397404262,204.293792724609,0,0,166.225576400757,168.496866861979,149.78870750876,184.267782483782,150.10009924256,0,177.201564243862,180.933945103696,154.381289911093,172.608530513576,148.116550058558,223.457489013672,0,171.51570716271,172.816902478536
85.3080912272135,110.433424631755,137.087461471558,63.249024137666,65.8285478394607,13.9360881848323,13.7316382505375,87.1580549039339,23.5333020894974,22.5723970873743,80.503127355502,84.3876997629801,20.8803491279308,161.83393351237,33.3772542910749,8.21620939462671,116.171788533529,147.008377620152,174.689895629883,165.743184407552,57.8267227690897,93.5448684692383,72.6657058052395,129.153831481934,48.5349773917535,143.336663564046,164.976517813546,123.747976743258,83.0945926056387,27.974008494188,101.274591782514,0,40.5899488380156,46.0551507677351,38.1989926469737,0,0,0,64.5153617858887,127.234034220378,0,156.8779296875,160.474733352661,187.58837890625,101.345897674561,146.51689453125,0,68.1203896658761,0,173.273857116699,0,139.819107055664,0,0,0,133.933042907715,158.45068359375,120.970851898193,202.165840148926,114.63364982605,0,0,189.305506388346,145.51546274821,153.43367767334,148.166610717773,0,0,0,96.5979309082031
103.2829246521,59.8041207348859,92.0821987390518,41.7372236258571,0,96.5535507202148,121.28041267395,93.0149023496188,139.78024336871,91.0744375145954,116.110817718506,138.029705592564,135.859135945638,140.211427307129,128.378150939941,116.171788533529,12.8008394478994,101.546802447392,159.418618774414,123.47338624434,119.874855041504,19.8493794329505,31.4616277316264,20.3420862765084,38.3284552744205,125.784708023071,122.46281656901,27.7476530473681,38.7189572542746,113.576326551892,75.5708396623719,141.671478271484,0,97.8904706319173,80.4810040859466,140.37010383606,105.890678405762,132.274213057298,126.949750264486,0,0,171.423553466797,154.508147846569,173.128115727351,108.416725158691,0,159.288414001465,134.026168823242,0,178.10270690918,0,102.967601800297,145.896310286088,0,205.204045613607,0,109.249163194136,60.7337825204132,106.536364425623,118.930372719453,124.974670410156,151.487581041124,118.034624224332,119.033316799647,139.523121061779,110.452329796938,0,0,129.563411712646,114.00810570187
101.224121964956,59.4811156314352,44.8807832486786,66.0530114598299,166.199820382254,136.408729553223,134.845007850614,111.896608797878,128.657751921769,116.4388243094,142.475092184133,50.1454037814721,181.267994967374,87.301186243693,117.008203000351,147.008377620152,101.546802447392,12.2128794756602,61.7458035977681,19.2075996576209,186.316168212891,55.614800261377,79.3733291730776,27.7367702126179,130.059878041545,112.425666809082,41.9421207689039,66.6832358090035,116.915777551668,106.504336615125,74.8002965796707,102.008045832316,143.09175936381,94.062846675672,37.8168267224376,180.736419677734,105.770464579264,112.305321384121,72.4438739958264,0,0,0,180.452194213867,201.047051565988,160.52598063151,159.810501098633,0,0,114.469020843506,202.421515724876,0,139.504419741423,124.353378064705,152.659118652344,152.994251251221,0,156.4453125,92.6778564453125,131.367541070521,168.805646954161,0,120.229088587791,112.018090576075,174.776144351599,189.434742518834,168.79237714495,0,0,144.2734375,138.143486658732
137.554381713867,71.0426704604904,92.0148797514137,82.3618030841534,190.127304077148,100.730460272895,141.298199462891,163.000409285227,145.876576326331,139.553651676622,195.775866190592,22.1824943771918,189.541247558594,52.1457062897859,138.538658679371,174.689895629883,159.418618774414,61.7458035977681,11.4883164774074,26.1890658514365,199.665618896484,116.201947348458,106.519184225857,99.5012811204078,161.616770108541,47.8023446956968,39.1803578819315,69.150140571254,165.513581412179,128.081222903344,131.172479765756,54.1170191550523,83.9951779595737,138.741324361165,64.2132271544574,0,126.991634368896,145.598027547201,90.2285465240479,0,0,0,202.08757019043,225.45085144043,0,0,152.112325032552,0,107.661273002625,207.265686035156,0,177.099517822266,142.327472686768,130.863984680176,116.438252015547,0,0,212.032989501953,172.020022583008,182.935699462891,95.774040222168,116.957902978968,116.126800219218,218.494895935059,0,181.274337768555,133.703033447266,0,0,130.593744754791
120.616254148812,61.320687784089,75.120799511037,79.3542131884345,182.694389343262,104.184146336147,146.887739935587,144.458549033271,143.599770742223,133.983366740119,171.399539455291,29.109006800989,155.300731658936,68.1970345593881,129.062156206941,165.743184407552,123.47338624434,19.2075996576209,26.1890658514365,12.3938102557228,180.554019165039,91.9429677062564,93.1467130156769,74.8348997594191,149.761207783117,46.5065640949068,34.8489464610793,68.4155638144326,149.540632531998,116.741637090103,103.081097376432,66.4983451419406,88.1327135490649,105.987960152004,40.1326935886207,0,112.301030731201,123.941865497165,85.9574909210205,0,0,0,188.544980730329,217.216176350911,189.381958007812,191.810501098633,121.350685119629,0,122.792024230957,223.420420328776,0,152.579406738281,129.097374979655,123.797326224191,125.010025702582,0,183.812698364258,124.4662510265,149.901056189286,193.733332316081,83.1502698262533,113.230760181441,112.795754790846,196.199179513114,198.531589508057,176.097632090251,132.181331634521,0,197.946823120117,118.800262451172
108.162458292643,119.186920166016,169.438141959054,76.6464682306562,16.6896072245691,111.195718848187,57.440104272718,116.686071183946,93.5981796451202,28.7667511050638,16.8736250815789,154.387126377651,14.2377701310224,0,106.996841345578,57.8267227690897,119.874855041504,186.316168212891,199.665618896484,180.554019165039,11.8996673051803,140.465945289249,81.8909210205078,170.362725939069,20.3846264425528,0,189.909787859235,161.598366165161,29.8326801211456,104.530850949007,135.505754470825,0,124.700102047044,96.4224301506491,103.770025339637,166.319366455078,0,0,83.7547954212535,117.470698729069,0,169.096669878278,146.982786934331,173.698930206299,102.198488306116,159.937306686928,0,41.2679798542699,0,192.609731038411,163.694175026634,0,0,0,0,154.328705323048,0,0,0,129.854178447888,0,231.999145507812,207.299453735352,157.669784969754,197.402168967507,188.913345336914,0,0,156.362823486328,197.427782058716
79.3402215121837,102.508884853787,64.7347344188756,61.3407408951941,121.502243041992,103.422027587891,114.657947726366,71.9765848016226,102.608840672316,102.43141242981,98.0558415906183,98.1646654009819,148.921769883898,126.710259755452,97.2083316150817,93.5448684692383,19.8493794329505,55.614800261377,116.201947348458,91.9429677062564,140.465945289249,10.7522831868331,51.3878078984559,27.8523961093766,72.3066167018453,129.060939788818,95.9794711650718,66.1492280707672,28.781046863957,43.3435505501205,31.2626447703417,134.228393554688,109.629237747192,34.0622878325427,43.409502984865,136.929358291626,0,143.431686401367,115.419351196289,0,0,142.610702514648,144.018987555253,158.5840387759,133.181854248047,172.65651957194,0,216.16291809082,0,153.440117175762,128.443054199219,113.052059842139,147.522453784943,0,0,214.556076049805,114.526623740473,74.794558207194,122.853303549946,115.402744851461,0,172.966647677951,135.954648859361,119.162616780262,136.462483188562,111.824671536791,0,0,127.438920454545,110.578688018176
87.5119240283966,19.2530849359662,61.3422189145475,24.9238577359752,71.2105649709702,116.444736480713,111.06806400844,84.5662647868312,118.529345863744,25.8658674030359,106.133657015287,102.233170599686,71.488749590787,80.0830294742889,106.528576019287,72.6657058052395,31.4616277316264,79.3733291730776,106.519184225857,93.1467130156769,81.8909210205078,51.3878078984559,7.6868163131026,52.2491009370573,41.4683097271953,70.0626169780231,91.1508815128504,39.9595856227296,55.5874193670296,88.2887006123861,64.7027303510685,106.896469988142,121.926296234131,76.361844960381,75.3638171943086,141.95822652181,64.3814036051432,88.7623277143999,86.1663939532112,0,0,112.00260925293,139.592147509257,163.900390625,128.862713623047,244.491226196289,0,173.263359069824,129.581398010254,154.233778953552,97.2224044799805,58.6610128834182,129.520003795624,137.89469909668,133.846223619249,0,72.8511172207919,24.0781048665564,67.1300693843676,91.5876216553805,124.640338897705,124.460701922981,79.5773282066034,97.5125652910715,128.985312241774,86.6579135601337,122.510375976562,0,90.04833984375,103.213506571452
90.0311890602112,60.9447833947968,35.3736877311431,55.3900213663124,136.197277832031,103.760679626465,117.27073828608,85.2187974659532,112.115172144985,103.778899462327,103.899349840064,91.4662041508294,165.749877929688,114.907872881208,103.563672793875,129.153831481934,20.3420862765084,27.7367702126179,99.5012811204078,74.8348997594191,170.362725939069,27.8523961093766,52.2491009370573,16.5947990440745,86.4265171230094,106.448524475098,70.3188197843068,42.2776075235327,56.5850577180285,97.0871997818802,53.1701360140465,153.339086914063,155.872524897257,77.964305543063,51.685269187668,161.231491597493,118.892374038696,114.804673137362,107.169874032338,0,0,193.054595947266,162.088573631873,186.330727386475,173.343069712321,153.376617431641,195.967437744141,217.438217163086,0,173.117837905884,188.233108520508,105.906702014881,143.628636267877,211.844173431396,183.662999471029,194.323791503906,116.286426904535,71.3582647191012,110.416130489644,130.334150254726,0,147.387898719917,109.877436967721,139.435260469113,165.627516458201,127.80750800964,0,0,152.132522583008,124.443321432386
77.4442638227964,88.8795171756808,115.936554116547,44.0765880073667,16.4035354642587,89.2179435418577,69.9336045060765,65.3044902186407,83.4396788977571,22.7703592754076,58.6771819636958,153.029381234305,29.666875113275,135.454479745094,94.4237603515625,48.5349773917535,38.3284552744205,130.059878041545,161.616770108541,149.761207783117,20.3846264425528,72.3066167018453,41.4683097271953,86.4265171230094,11.24226528538,123.532775615824,140.765500979683,93.6310769471429,25.3019772010765,87.0962750577429,75.2114817241358,161.569805145264,136.576018156829,72.2349182942892,92.5632262317681,126.135148576162,142.950723648071,166.69449861588,59.709981842041,123.580765265923,149.851089477539,133.61140949304,116.958688584332,145.187289103089,78.6629281616211,124.586911604342,213.579298539595,125.816473159115,0,151.923504780248,110.876263512505,117.262160173103,172.589949974647,246.831130981445,201.824626922607,118.112758142808,123.793319628789,80.1874819283534,137.700393632911,97.7389261215035,163.09543355306,184.463071382963,155.697931685538,115.764680255614,143.129422641495,121.515297248147,0,194.132507324219,130.606931166215,137.260309434974
0,28.3070077814598,98.8774719238281,46.3837782249731,183.043248494466,0,152.225124359131,160.119384765625,106.617802937826,110.295798444923,0,28.9021846923737,141.354827880859,15.8482537385318,125.960424423218,143.336663564046,125.784708023071,112.425666809082,47.8023446956968,46.5065640949068,0,129.060939788818,70.0626169780231,106.448524475098,123.532775615824,8.61001886169229,44.3222345557095,19.6989336600223,135.786064147949,127.550516764323,148.244413103376,51.2126148939133,58.8109474182129,144.660736083984,59.4391919453939,0,72.8744802474976,123.85115814209,42.8933914693197,0,0,0,0,141.714508056641,126.534133911133,0,81.4507586161296,0,65.7966479521531,169.235504150391,0,0,80.2781982421875,78.6355514526367,99.9481454146536,0,0,97.8896844046456,0,182.39143371582,47.5370966760736,78.2775135393496,73.8118077773082,178.763442993164,220.658218383789,178.895263671875,82.5001792907715,0,0,88.4163767496745
122.847294277615,60.3983614378647,37.8772634035604,67.3901648230023,165.186854839325,115.282624380929,146.243662486876,133.040677469084,140.836887022937,128.512533644226,147.163513677037,38.9552511098988,174.473956181453,35.7004238573232,133.181912197615,164.976517813546,122.46281656901,41.9421207689039,39.1803578819315,34.8489464610793,189.909787859235,95.9794711650718,91.1508815128504,70.3188197843068,140.765500979683,44.3222345557095,20.3356404188408,48.3736961625169,133.346112825273,134.792281333522,111.283444804815,33.0106344579458,108.279241265191,123.35442241724,66.6116111191761,171.027103678385,95.3748961468132,109.321403431443,69.2209458784624,0,0,196.60221862793,187.241620381673,202.161016845703,177.102046619762,188.376708984375,115.332309557044,0,101.78479696575,193.682872953869,0,142.600928997171,114.266472765194,122.961910247803,116.265455540603,0,144.418664758856,118.66977430273,137.231265296936,194.695962905884,84.1954806292499,105.186377520632,103.578469346904,191.341973781586,189.538832528251,161.76157244514,115.215844726562,0,149.296905517578,114.153276836171
128.291842334675,25.2188813861599,33.3393879406316,43.9003408302353,117.590470949809,120.970553471492,143.209504808698,104.860779437802,140.69276839759,96.6561808844086,130.614698173356,63.3037898386539,129.759144951315,29.9976179656494,132.086564062276,123.747976743258,27.7476530473681,66.6832358090035,69.150140571254,68.4155638144326,161.598366165161,66.1492280707672,39.9595856227296,42.2776075235327,93.6310769471429,19.6989336600223,48.3736961625169,15.0303479439891,78.3194101248085,132.407679540871,108.574231315672,24.9914674049355,115.715974460949,118.035441133711,68.9887926769741,171.445305786133,73.512162240995,97.6248326328052,58.7078777752091,0,0,181.68122253418,163.748267162277,192.547345842634,174.567789001465,175.069539388021,114.863448865486,0,103.79167206561,176.611588893793,211.346677144368,112.021504684484,110.560885533565,119.129147312097,112.252070401622,231.946380615234,124.70816269899,68.7677460009111,111.512148415948,148.893363344986,80.8924210328322,102.293932325863,94.7811348832366,153.583734065928,182.108475968644,151.067372576791,109.961427815755,0,176.725142478943,108.667636243035
79.6044878036745,97.2722303602431,93.2839697075843,57.6457973890043,15.1269033914313,130.427913665771,72.0953521770458,31.9500689167325,88.0519320836832,53.6199011711978,28.4758023369994,159.775473255222,51.0652029641469,153.946799027292,94.4647112871839,83.0945926056387,38.7189572542746,116.915777551668,165.513581412179,149.540632531998,29.8326801211456,28.781046863957,55.5874193670296,56.5850577180285,25.3019772010765,135.786064147949,133.346112825273,78.3194101248085,11.3442566224612,90.6051914448641,50.8450672152068,167.09645690918,139.400140909048,72.7306486232371,85.674809988559,134.9900096013,139.075800577799,162.880954742432,91.3834494757898,54.6556650077772,0,155.203638506365,130.224188163176,163.44873991107,103.225946444217,157.865372135954,225.990089416504,137.710959221,226.067794799805,160.39194140388,150.028877258301,121.754162597656,185.482276916504,0,199.669060843331,160.41224822998,124.665172234267,89.1976295987466,137.29408117843,113.846292006351,0,178.316311064221,154.579955044915,128.974981424711,145.973703795788,121.83152245563,245.792785644531,187.665054321289,131.561166666322,134.374612172445
17.923325996097,135.906926472982,136.466887029012,77.5753817480628,107.549004364014,25.1387499035028,33.6157254115707,71.5520696050059,32.834740218795,77.621578699205,98.369677080514,68.4004607303722,112.288656077047,106.965228822496,21.7828186559931,27.974008494188,113.576326551892,106.504336615125,128.081222903344,116.741637090103,104.530850949007,43.3435505501205,88.2887006123861,97.0871997818802,87.0962750577429,127.550516764323,134.792281333522,132.407679540871,90.6051914448641,8.60559481000677,28.168593575846,125.476870854696,12.7925460344584,16.8114711326225,37.2885628925923,158.266871732824,230.852752685547,176.731842041016,105.395670134446,158.214946746826,193.006896972656,181.619745890299,148.992756434849,185.977374169134,117.698282453749,171.825924343533,226.794296264648,178.194849650065,0,175.489591481734,0,179.294548670451,180.786051432292,0,217.811325073242,172.288986206055,149.209281921387,107.635036815297,161.413558523996,138.941837421899,0,177.997579956055,189.848247079288,141.778531139682,167.812754385812,139.929209886399,0,0,162.182193211147,153.647465297154
34.0683205082854,109.543360028948,79.9136114837594,63.9339823769436,130.201433817546,114.189736260308,95.8089357668215,19.6866194123352,82.8183840909944,65.0947435831852,91.5517681176714,115.380539608002,132.150650024414,151.667193603516,57.7409809585966,101.274591782514,75.5708396623719,74.8002965796707,131.172479765756,103.081097376432,135.505754470825,31.2626447703417,64.7027303510685,53.1701360140465,75.2114817241358,148.244413103376,111.283444804815,108.574231315672,50.8450672152068,28.168593575846,10.6594765836549,163.365802764893,110.35765914917,39.1004052395766,46.2234962888161,137.212540886619,190.400588989258,157.704778616769,100.116920471191,172.478062947591,0,170.018793106079,138.530495394193,169.775813855623,99.2240620365849,175.289678573608,201.38786315918,245.446395874023,0,159.413234904661,160.329971313477,115.633333711543,181.019132826063,0,0,197.953666687012,123.925821350098,88.4492111206055,141.747889200846,118.779217983814,0,162.910308074951,151.809509172831,124.430924333462,147.256124104539,123.474728501011,0,0,131.825348748101,131.156109163838
160.878601074219,70.6810567220052,100.803316576728,78.1923334549884,193.902267456055,100.539596557617,128.765529632568,169.836730957031,130.727799265008,145.514395577567,177.800960540771,40.7848537698429,0,17.5218047046176,118.841881290559,0,141.671478271484,102.008045832316,54.1170191550523,66.4983451419406,0,134.228393554688,106.896469988142,153.339086914063,161.569805145264,51.2126148939133,33.0106344579458,24.9914674049355,167.09645690918,125.476870854696,163.365802764893,6.02293493469402,93.4188542683919,182.534767150879,75.1686208676069,0,97.6347473144531,0,77.250177192688,0,0,0,240.28532409668,0,0,0,109.996406555176,0,90.7997757406796,0,0,180.091888427734,146.818315124512,116.827638626099,114.041749954224,0,0,129.754125595093,160.441871643066,152.919326782227,80.0445692274306,108.768879960223,105.352273981622,0,0,0,106.733943939209,0,0,159.931411743164
81.7112457968972,122.280075073242,187.604219709124,122.399691990444,148.027095794678,10.819184582763,17.1084566476753,122.285248480903,18.1232178224556,138.737657819475,127.831834285631,53.5698915730562,129.040417307431,81.8030533423791,18.6420079838735,40.5899488380156,0,143.09175936381,83.9951779595737,88.1327135490649,124.700102047044,109.629237747192,121.926296234131,155.872524897257,136.576018156829,58.8109474182129,108.279241265191,115.715974460949,139.400140909048,12.7925460344584,110.35765914917,93.4188542683919,6.15606684924853,92.0565483093262,29.8573335431774,0,0,0,0,220.473968505859,0,0,176.814025878906,203.577377319336,165.224273681641,0,0,208.532348632812,0,0,0,0,0,0,0,0,0,0,170.255676269531,190.822448730469,0,0,173.733215332031,188.083689371745,202.913192749023,181.774780273438,0,0,0,0
34.5430966557808,118.625747680664,122.306743927002,66.3943196900037,94.1579366613317,53.6938953399658,71.1808501126473,68.8737183714478,73.1359467170608,66.0863910697357,87.1929624578455,114.721028645833,98.5617079301314,148.116787719727,39.3206824636892,46.0551507677351,97.8904706319173,94.062846675672,138.741324361165,105.987960152004,96.4224301506491,34.0622878325427,76.361844960381,77.964305543063,72.2349182942892,144.660736083984,123.35442241724,118.035441133711,72.7306486232371,16.8114711326225,39.1004052395766,182.534767150879,92.0565483093262,7.40000873107617,32.4854356684076,167.939666748047,0,159.685709635417,119.013854980469,0,176.861221313477,152.841730753581,139.496240550074,171.377384185791,123.61272515191,183.988418579102,0,0,0,163.364683671431,0,123.317190382216,0,0,0,0,134.378246307373,66.6386642456055,161.045496160334,122.260048169768,0,182.423835754395,185.72841796875,130.603028640747,152.134145429057,124.732127811598,246.213073730469,0,146.938976711697,143.568421103738
65.9910108784961,70.6083881321238,68.8278809516661,72.409662118479,107.517708147076,35.0634105674392,59.5683180103333,88.1878268101982,53.3924255252976,90.9290285509686,102.474891827136,25.5722891706352,114.175504193586,66.2014089809951,46.0523829741579,38.1989926469737,80.4810040859466,37.8168267224376,64.2132271544574,40.1326935886207,103.770025339637,43.409502984865,75.3638171943086,51.685269187668,92.5632262317681,59.4391919453939,66.6116111191761,68.9887926769741,85.674809988559,37.2885628925923,46.2234962888161,75.1686208676069,29.8573335431774,32.4854356684076,11.3835687770094,148.234632873535,114.523952484131,110.638754918025,90.3945110866002,0,0,190.442443847656,158.770499009352,184.825815836589,145.801552908761,174.710411071777,0,0,114.079479217529,175.574998643663,153.572784423828,120.915377616882,110.465958489312,118.398189544678,128.609440196644,216.497291564941,124.682948642307,81.9142473008898,123.703338088989,139.150972602781,98.5338096618652,125.317098361343,115.205127137048,143.416629905131,166.878345196064,132.963489879261,136.513488769531,0,164.821881975446,130.853288412094
125.77465057373,0,157.24584197998,84.876889428427,129.969062805176,0,167.248072306315,134.244086492629,169.168972923642,95.5069836703214,173.282354990641,0,164.896953582764,189.211791992188,174.441538193647,0,140.37010383606,180.736419677734,0,0,166.319366455078,136.929358291626,141.95822652181,161.231491597493,126.135148576162,0,171.027103678385,171.445305786133,134.9900096013,158.266871732824,137.212540886619,0,0,167.939666748047,148.234632873535,8.47910008918294,117.293765419408,112.33228314209,72.0389891959525,103.528445317195,0,31.581182087317,30.0735366935561,47.3662268779476,72.0870722076039,60.3656122532813,114.664920806885,92.9542097868743,185.369018554688,14.3365561210206,21.4115698727694,97.8588376538507,105.199729206406,124.647846857707,123.900600482891,92.4106947580973,67.8145406079847,83.5458359491257,101.99649405966,76.8965443124016,104.149139404297,119.288005553924,124.777419869417,77.8964179983926,16.9708323183668,23.919102019165,159.332092285156,104.018785476685,32.6575427118937,65.5668906189188
0,79.8873748779297,71.9746979161313,77.3903007507324,0,0,0,0,0,123.017456054688,0,100.383535003662,0,78.5121861161857,0,0,105.890678405762,105.770464579264,126.991634368896,112.301030731201,0,0,64.3814036051432,118.892374038696,142.950723648071,72.8744802474976,95.3748961468132,73.512162240995,139.075800577799,230.852752685547,190.400588989258,97.6347473144531,0,0,114.523952484131,117.293765419408,6.70339556691607,53.7371597687403,13.2117653782474,145.67236328125,0,142.137203216553,128.318950479681,152.631213506063,65.2263989211042,138.603696187337,63.9494066591616,147.681983947754,54.1344182215478,134.378986740112,107.783313526827,45.8751165964832,61.7952189381917,78.8635609600995,67.0707387057218,0,84.4478773894133,18.3763939094576,68.9295292796705,72.7410653277141,28.5722612570362,58.0159389677856,34.291871317056,111.044754452176,127.521813754378,110.541449752508,70.3065815415493,0,102.829694959852,61.4528720821954
165.625335693359,71.9989999624399,97.3690204784788,77.9591317457311,0,0,201.990186691284,176.333805431019,199.056998252869,141.397720336914,173.049713134766,129.815885543823,186.353355407715,129.093870162964,185.041995239258,0,132.274213057298,112.305321384121,145.598027547201,123.941865497165,0,143.431686401367,88.7623277143999,114.804673137362,166.69449861588,123.85115814209,109.321403431443,97.6248326328052,162.880954742432,176.731842041016,157.704778616769,0,0,159.685709635417,110.638754918025,112.33228314209,53.7371597687403,10.7490839064756,48.531246770512,152.510810852051,169.885208129883,120.754996689506,94.4529820355808,118.989050932533,115.204134114583,105.830573765236,126.37009538923,177.520149230957,0,117.845989346504,139.526206970215,83.2775210532822,34.581887473513,94.1897839137486,76.1393739800704,198.907082693917,65.7709441227196,66.9901548240617,34.5563589191765,115.179357076429,111.973764419556,29.6739965483473,36.0805358498109,82.7187432075575,134.613197611871,77.5169634622327,116.764898935954,0,128.938605968769,65.40312936306
