10.9290754387978,128.365269978841,97.7847421411155,88.9471139907837,104.631217956543,82.8808949788411,81.7347322490117,24.6642023078802,46.856367321357,73.6359565734863,73.4447382711359,130.382448919888,106.67660607232,130.776485443115,18.652561358338,88.3084259033203,0,101.04748168615,146.061989356732,129.555818765814,103.702358722687,81.4501805971455,93.2107865469796,87.7862362020987,87.4153832061381,0,121.416378341035,136.494613289833,85.0593024253845,17.2852970178411,34.4628172998585,244.645385742188,87.88853708903,52.8025295257568,93.4345237033468,0,0,164.327529907227,111.414993286133,81.7154006958008,0,0,136.855229187012,164.322716849191,111.99299621582,154.351165771484,0,83.2926406860352,0,172.011947631836,0,145.337821960449,226.143844604492,0,204.739608764648,0,131.53137588501,129.62020111084,161.693237304688,131.773576933762,0,182.004633585612,178.916752027429,145.651045663016,0,132.034810384115,0,0,145.194808959961,198.838760375977
128.365269978841,7.73319763033014,56.0675166345412,26.2624067419648,0,0,109.967735290527,101.684650767933,133.860093688965,73.0816362650931,171.71752166748,68.296070788769,103.698356628418,46.9728082484669,149.752452850342,109.339573860168,82.2374439239502,60.3964056074619,80.044308253697,68.6574538957955,0,111.461439768473,20.2852593903654,103.365472793579,82.7323519677827,19.5146241250933,50.4757579840147,36.8074990633607,112.167890695425,106.527362060547,93.5654721941267,64.4564310709635,102.64214630127,96.044921875,69.4138303054007,0,69.676513671875,103.861083030701,85.0765655040741,150.832183837891,0,0,0,0,107.331275939941,177.146118164062,111.804814656576,0,107.172103881836,0,0,0,133.109651184082,129.707229614258,129.338954925537,0,0,92.5455665588379,0,143.165045844184,82.4714218775431,115.169292577108,109.421219171262,175.929397583008,155.538513183594,146.75032043457,128.546768188477,0,0,132.332190195719
97.7847421411155,56.0675166345412,13.106752197687,52.6483634527476,131.054533524947,180.755355834961,142.488763323606,97.5154817037682,121.841907548078,129.749510192871,113.744197963833,88.5488497287737,152.532237782198,140.32205581665,116.305794321124,160.050056966146,100.104317559136,44.0492249707186,88.426087131239,71.8720348489511,169.126197814941,69.1755201103879,87.656167623159,24.9430029017022,122.421024126325,92.2112494574653,38.1619480301736,35.5435281559286,95.3923024444441,130.833881424695,90.4492981995156,102.200184106827,186.109183175223,113.969292068481,66.4443818207611,175.049481709798,82.2050795806082,101.556645501695,65.9779387712479,137.803380330404,0,204.524235652043,181.344188690186,190.594590641902,173.10962677002,195.09729719162,142.633904774984,0,165.636053466797,192.136976841518,216.70654296875,133.41706126445,111.085040594607,162.146564830433,131.189509963989,222.483795166016,159.25812403361,86.7408758966546,127.885352825296,168.513815879822,139.737316131592,111.545090312407,102.834135712478,172.725830693399,211.245028686523,171.538626726936,179.242683410645,248.691619873047,162.99214553833,117.504610803392
88.9471139907837,26.2624067419648,52.6483634527476,20.5895879564494,67.4741070820735,109.715003967285,89.0543975204718,67.320751582875,84.532284265114,27.7136512169228,90.7143342517671,69.6292279952612,66.8299986720085,47.786354992086,97.8581893873511,65.3471241864291,40.9260300727704,72.9038115831522,93.785759806633,69.7328653421488,69.075190226237,64.1621675373596,27.9102983845371,54.2785599366399,42.9180334449796,22.6315887605264,56.4672384718544,41.9372729305903,66.0072350528803,89.070776334623,57.9322126875532,66.8797940313816,120.957762284712,62.3304924466717,79.867670435301,119.836678822835,82.7649687661065,84.8100446065267,27.5536301697002,113.999172210693,0,118.619316101074,83.7585102081299,133.470738002232,33.4576661963212,123.857242160373,148.948592049735,61.081169128418,75.7582598147185,124.026375403771,0,65.8383169439104,110.944500338647,139.162761688232,115.756807033832,84.5584309895833,102.504689436692,52.347827570779,74.9212908677652,70.4131717989522,50.5682338367809,108.766149878502,87.3487153828144,106.18777925141,131.513737996419,75.4078180948893,130.482713911268,0,106.809336090088,110.381855265299
104.631217956543,0,131.054533524947,67.4741070820735,8.83014071474848,124.922848788175,70.598310136447,90.4436509792621,107.349086227871,53.740733228411,25.6214437870053,171.364206487482,30.7152886011762,182.240989685059,116.662105226025,76.3465621397667,0,181.569316864014,172.136779785156,186.645492553711,13.1522062941768,185.500549316406,111.690839767456,154.527143205915,19.3759000886187,156.358909606934,170.91035930927,145.502557951829,18.7619857988986,103.103386887717,103.578749847412,0,141.106959751674,89.179932680997,97.4009218949538,0,0,177.678596496582,72.5899336073134,10.1513724830103,0,135.90636913593,132.235889728253,153.317797121794,95.2160341667407,135.484183504226,0,29.1360802157801,0,172.399191114638,134.22200012207,103.43021774292,195.180231730143,0,0,23.6364094079633,0,147.104741414388,0,107.727745648422,0,233.08122253418,208.373970031738,117.152227296995,162.101227896554,166.559951782227,0,0,175.697082519531,159.104504903158
82.8808949788411,0,180.755355834961,109.715003967285,124.922848788175,6.93067105389704,10.2440502902009,122.671985401827,25.6354416675434,78.0472736358643,116.229416240345,63.3819420010436,91.4678948475764,78.0576166613349,31.2520616156423,18.3492041167662,0,145.822589874268,90.4098930358887,115.1630859375,109.171666597065,97.2316589355469,0,152.769325256348,96.6454927353632,78.7995414733887,103.943031311035,144.810421534947,127.044588361468,22.7373181714674,114.617233276367,101.165859222412,11.4205441758059,43.0218734741211,36.5273376734911,0,0,0,0,0,0,0,194.421455383301,191.975921630859,0,0,0,120.712203979492,0,0,0,0,0,0,0,0,0,0,0,182.879692077637,0,0,0,0,187.56884765625,0,0,0,0,0
81.7347322490117,109.967735290527,142.488763323606,89.0543975204718,70.598310136447,10.2440502902009,9.64041730437604,66.5026330198672,24.0563928515144,62.2003545014755,32.4513322504885,98.1411560623734,28.1382866959828,93.3719692775181,43.7882186267533,15.2610933747625,138.6259765625,166.48700987498,148.043847220285,188.598297520688,51.7226443854029,134.728098042806,117.215465068817,143.927368927002,84.9824801393864,115.052364349365,170.185100608402,155.880763070625,77.8775463603937,47.5971258127584,115.673580073103,138.28333421187,19.9902393502823,86.8365174702236,81.0840325276714,177.148223876953,174.483032226562,205.654885428292,110.775385015151,92.1212872523888,0,166.704348564148,156.093358533136,171.757024877212,135.946453094482,166.551771744438,0,92.8435915084112,123.496871948242,178.447425297328,140.765193939209,151.263931274414,204.163238525391,0,0,86.5910850101047,200.715952555339,167.436698913574,209.995849609375,142.91241177039,172.05394744873,234.434814453125,216.319751315647,159.558334350586,184.213736397879,168.946319580078,133.833557128906,0,162.736640930176,167.567169189453
24.6642023078802,101.684650767933,97.5154817037682,67.320751582875,90.4436509792621,122.671985401827,66.5026330198672,10.3287385796243,52.9005988756771,62.7010278701782,14.6397199671429,150.245574951172,65.4650549088081,152.143020153046,30.2713422855059,79.522473708443,106.543296813965,121.510646173351,175.955983479818,157.809182950766,115.984974861145,68.5919148223973,81.0030474276156,81.1748052587098,70.1410586520358,173.592320760091,139.626298042798,118.544364205722,29.6535983849769,67.4181734777602,21.295431922644,174.481753031413,127.028387451172,67.5360422514133,84.3677016655767,140.373126983643,158.261929321289,176.066212695578,77.6327913920085,96.3507986068726,0,143.064347308615,121.290965050766,151.953373603101,93.7137483384874,165.365933227539,193.118850708008,115.838775634766,0,156.713977876257,171.381202697754,138.667822586863,184.389967854818,198.497192382812,206.253916422526,154.372802734375,142.608900803786,140.217469024658,162.489392961775,114.307797238078,0,193.178898281521,179.301526016064,127.667307131218,151.785431955375,133.41291958678,0,194.605987548828,141.860555376325,146.584922366672
46.856367321357,133.860093688965,121.841907548078,84.532284265114,107.349086227871,25.6354416675434,24.0563928515144,52.9005988756771,11.470274515983,82.5092739862449,38.6149564979528,90.9073798620261,65.983745824723,89.8420140366805,17.5346006337031,32.1245719141211,158.350011189779,134.325635045193,146.038269890679,158.401313206285,92.0134270377781,113.127806126386,129.84818145752,115.630072406485,87.3362076299331,96.3501936594645,145.557055622006,146.757282683766,90.5777189306807,44.7300012997023,77.8315987032313,130.514222826276,17.8719377085898,86.8853796857843,86.0794125269818,174.898672485352,154.883722941081,191.708270263672,106.66024017334,116.314469575882,193.53157043457,173.067594528198,158.309297406232,168.408105322655,129.625220775604,172.606136463307,238.119354248047,124.152242088318,115.009704589844,179.999639129639,188.647928873698,164.87749671936,209.925573175604,0,217.876641845703,132.907205581665,185.904235839844,177.233218383789,204.61366780599,138.215386760397,91.2381362915039,206.721697235107,199.241836115999,154.0767241275,178.120802374447,171.400834655762,0,212.024459838867,179.5388991038,183.108236833052
73.6359565734863,73.0816362650931,129.749510192871,27.7136512169228,53.740733228411,78.0472736358643,62.2003545014755,62.7010278701782,82.5092739862449,7.51393543304153,80.3301746478448,129.28742180496,15.1088735075758,119.567931990748,94.8247176615397,18.3399956804708,166.348309834798,132.244610297971,159.351460456848,140.466398106065,60.5569045326926,85.8927435105847,28.2297335465749,108.92220620548,23.9610914816159,103.648641780497,122.389328282907,116.050073865292,54.6861377028437,86.4227962908538,58.5835609436035,135.458816265238,132.938976711697,62.2680866017061,125.264260600595,136.263557434082,144.282318115234,185.036917114258,47.8895570124899,110.322840372721,0,117.688566589355,90.9510451096755,121.639496612549,45.0902675052859,118.181330871582,0,74.694567044576,0,141.592016740279,77.7323989868164,96.9790295192173,198.511795043945,0,210.37508392334,98.9735158284505,135.834623064314,81.0348688761393,117.402584075928,75.2400865055641,155.693790435791,186.801670954778,187.306138155753,110.930292385728,134.187702941895,110.54432144165,0,0,109.450144958496,130.161692301432
73.4447382711359,171.71752166748,113.744197963833,90.7143342517671,25.6214437870053,116.229416240345,32.4513322504885,14.6397199671429,38.6149564979528,80.3301746478448,10.6937399724915,157.496885856696,23.9567524498338,170.320749743231,58.8158535021938,72.5090894358499,0,153.153370539347,172.483874234286,177.325876775778,19.5918308070502,97.1319739763127,107.215098698934,103.046650046169,57.3189347261588,165.548403058733,158.697306490138,145.727372188194,32.226657366165,95.7032971706749,87.8899309700782,181.581494844877,131.518363120339,83.4322630753218,96.246507132394,0,0,187.531432257758,95.3151062965393,40.3425156230203,0,161.346270188041,154.93862101237,163.190098252407,113.523799702273,162.166995729719,0,53.0867549277641,0,178.982753753662,146.173553466797,148.401218414307,217.384803771973,0,231.383551025391,112.360787656572,185.814544677734,155.77361907959,154.9453125,124.189972086156,215.138641357422,201.752439226423,203.196799278259,154.755764770508,187.424826812744,179.472647530692,0,0,176.610652576793,181.548072814941
130.382448919888,68.296070788769,88.5488497287737,69.6292279952612,171.364206487482,63.3819420010436,98.1411560623734,150.245574951172,90.9073798620261,129.28742180496,157.496885856696,14.497259214715,153.155272988712,27.1529886072241,88.7306933476375,158.53374226888,110.313789367676,59.3992946292556,32.4790578558608,32.3793366150323,149.801762456479,102.427306038993,97.2741854985555,99.281216432983,158.528879189793,34.1733934899984,40.9233829107556,70.9608676707136,154.963568870467,65.098242699856,105.176070274845,50.8012704909987,62.7512298319075,97.7331718063354,31.108923684297,0,126.905643463135,149.318870181129,61.68606031858,178.187637329102,0,242.474052429199,221.8701171875,100.135299682617,190.970268249512,224.437850952148,94.0608651638031,181.603202819824,84.9832004517999,194.291694641113,0,150.790756225586,153.577168632956,110.550156275431,131.023454348246,150.770904541016,160.372009277344,137.493525187174,165.238034820557,198.536173306979,71.922189954301,122.136416766955,116.720603765718,201.480920965021,0,200.658126831055,106.707474048321,0,0,163.565572102865
106.67660607232,103.698356628418,152.532237782198,66.8299986720085,30.7152886011762,91.4678948475764,28.1382866959828,65.4650549088081,65.983745824723,15.1088735075758,23.9567524498338,153.155272988712,9.22008375282017,159.469459838867,110.225682752049,14.3304483734536,0,169.870462270883,186.132280349731,189.395346323649,14.1817288207985,137.628278096517,95.0448501904805,170.276772393121,34.3549956091586,149.015796367939,165.383799904271,142.97138080981,54.0785136309933,104.507035087137,132.282086989459,177.801068987165,125.907449065662,113.665844257061,111.664611726999,0,127.934104919434,0,85.4442090352376,27.8157622678335,0,53.5516155921088,146.142749786377,100.727955223532,73.4496191660563,54.6549490037769,0,11.527592111616,155.908706665039,105.475406951904,62.4928467849205,0,0,0,0,16.7203308960412,0,186.556640625,145.494110107422,94.3447772624225,192.272471110026,187.366958618164,158.266377766927,73.9821592445582,103.886137120864,218.313278198242,0,123.824569702148,131.405893961589,99.60108148484
130.776485443115,46.9728082484669,140.32205581665,47.786354992086,182.240989685059,78.0576166613349,93.3719692775181,152.143020153046,89.8420140366805,119.567931990748,170.320749743231,27.1529886072241,159.469459838867,7.97735970640023,86.1441006934506,163.014029608832,133.223271687826,156.279406956264,71.2414975253019,87.7951267927121,163.9482421875,172.06649017334,81.1590339130826,129.632061767578,136.925876515706,17.699298333816,57.106801026598,36.3427796161466,171.743436540876,70.3827631747136,153.436431884766,18.6742892908887,75.6730675833566,154.923637390137,59.0219817643755,0,100.813995361328,173.172180175781,40.416226678965,156.598892211914,0,149.477977752686,210.086654663086,178.269355773926,152.904242706299,0,82.6866767298636,0,66.2870306642668,155.579025268555,0,0,153.46369934082,99.9640756607056,111.858126068115,0,206.224044799805,107.062305026584,186.250946044922,202.063950482537,61.017455472291,104.122410551031,97.9980177425535,216.623748779297,135.02325592041,0,98.7051162719727,108.869819641113,0,112.852526187897
18.652561358338,149.752452850342,116.305794321124,97.8581893873511,116.662105226025,31.2520616156423,43.7882186267533,30.2713422855059,17.5346006337031,94.8247176615397,58.8158535021938,88.7306933476375,110.225682752049,86.1441006934506,10.3502778085854,59.4168297903878,193.051929473877,121.930324375802,134.316978406906,145.771869636717,106.553352355957,100.448794092149,115.731387656076,106.849694657568,105.390178300261,93.3339891433716,134.943161516806,143.347356645056,99.304351087491,25.8097625676462,63.2405138025866,117.009992444837,17.5503627302171,70.3770040972479,75.2055073016488,191.812939453125,163.141311645508,190.940139770508,113.264803516621,122.486911010742,0,175.794902983166,162.276925441197,186.459075927734,123.284050714402,182.95480292184,0,130.531951599121,114.42182413737,187.475792978324,170.462066650391,156.374592500574,200.041726545854,183.669998168945,198.945953369141,149.236289978027,166.119129725865,164.986923217773,179.096535576714,149.035018157959,112.688911437988,199.974358622233,191.445656738281,165.372735167579,189.112286885579,170.682006835938,153.784759521484,217.387420654297,184.089370727539,178.578947587447
88.3084259033203,109.339573860168,160.050056966146,65.3471241864291,76.3465621397667,18.3492041167662,15.2610933747625,79.522473708443,32.1245719141211,18.3399956804708,72.5090894358499,158.53374226888,14.3304483734536,163.014029608832,59.4168297903878,8.36110335657997,0,178.046343994141,0,170.667724609375,53.881324552303,135.302440643311,77.6574649810791,144.353498077393,41.7299628835452,138.719260660807,152.664120992025,142.245821084187,80.5750640233358,50.4086903254191,110.446900939941,156.940984725952,37.1945450144299,91.0626856486003,64.5692462580545,0,0,219.790725708008,126.033938090007,100.289025878906,0,138.562235514323,128.039810180664,0,63.3524993896484,147.330780029297,0,91.0505332946777,0,176.285237630208,76.5673141479492,206.275604248047,186.463607788086,0,0,170.087310791016,0,0,0,115.101385726929,162.210464477539,0,0,147.768519314853,0,150.061996459961,0,0,0,0
0,82.2374439239502,100.104317559136,40.9260300727704,0,0,138.6259765625,106.543296813965,158.350011189779,166.348309834798,0,110.313789367676,0,133.223271687826,193.051929473877,0,15.0258712080654,108.057220645067,144.738189697266,129.411503038908,0,24.4055828913448,32.4935112948085,19.4234805575416,30.6834830650821,85.5710182189941,113.611632945926,30.6554371396131,55.1734546666122,125.905151367188,74.3793952941895,127.400230407715,0,0,86.1090239052461,243.935043334961,159.708038330078,113.013952690258,85.6355899464,205.634460449219,0,0,164.490205764771,144.245834350586,139.528148651123,182.302068074544,153.506904602051,0,0,180.48592376709,0,95.2865297042572,146.248518102309,0,170.99855368478,0,113.685265979839,53.3292596252396,104.49842969109,121.416345657841,0,168.986608505249,111.820245305134,131.328240448574,196.78694152832,116.306591033936,0,0,0,134.797790050507
101.04748168615,60.3964056074619,44.0492249707186,72.9038115831522,181.569316864014,145.822589874268,166.48700987498,121.510646173351,134.325635045193,132.244610297971,153.153370539347,59.3992946292556,169.870462270883,156.279406956264,121.930324375802,178.046343994141,108.057220645067,9.50486757556089,54.8725545960243,24.180488282335,195.668144226074,64.951961827226,86.2166537909672,29.9715234608053,133.353317784899,95.376238822937,37.3670819369692,69.6894349965424,129.254897100884,106.797349164641,79.1814380030641,141.020390192668,179.1876262318,86.9859580351447,53.4904422060288,206.862953186035,109.790131180375,118.164240568587,99.6371988816695,0,0,198.525245666504,194.1502978007,207.651153564453,176.161268615723,207.206451416016,146.078570048014,0,153.091190338135,206.240627034505,0,143.118351569543,124.780660560332,127.255570729574,128.239560400921,0,159.748530069987,115.63811416626,149.746469988142,180.181565535696,142.80078125,113.521442652201,116.194153394421,190.563258171082,170.986134847005,164.252770233154,185.333831787109,0,0,129.367855072021
146.061989356732,80.044308253697,88.426087131239,93.785759806633,172.136779785156,90.4098930358887,148.043847220285,175.955983479818,146.038269890679,159.351460456848,172.483874234286,32.4790578558608,186.132280349731,71.2414975253019,134.316978406906,0,144.738189697266,54.8725545960243,6.78280288100755,18.7491769645525,169.824630737305,136.468526666815,109.514110218395,109.482667287191,170.911285400391,56.2527451669016,44.0481987556794,68.7119688885998,176.820438623428,99.9308091539124,119.935168239049,54.6644628345966,106.030929870605,119.700675048828,62.8609633005162,0,142.957355499268,153.426208496094,85.3884152003697,0,0,0,0,0,0,0,127.165807451521,205.832778930664,108.972968101501,247.498825073242,0,208.976905822754,156.354664393834,116.01765164462,129.766873168945,0,0,154.998140970866,176.044367472331,0,88.9985336303711,123.926979389596,122.436305132779,214.447265625,0,195.076446533203,129.617341177804,0,0,152.102378845215
129.555818765814,68.6574538957955,71.8720348489511,69.7328653421488,186.645492553711,115.1630859375,188.598297520688,157.809182950766,158.401313206285,140.466398106065,177.325876775778,32.3793366150323,189.395346323649,87.7951267927121,145.771869636717,170.667724609375,129.411503038908,24.180488282335,18.7491769645525,11.3298070795273,181.880551147461,102.291944126187,101.167293439593,84.8503554676073,152.311773452084,59.815584387098,37.243196251896,74.513836046425,156.882183048643,118.141486123425,104.056817422366,65.8746065848214,117.310382843018,102.920474247057,52.7849712124705,220.254038492839,117.609996371799,137.773930996279,107.49919350942,0,0,0,205.186438424247,234.015144348145,0,0,139.057666233608,0,128.714366488987,217.934906005859,0,164.430954456329,133.950534667969,113.696739196777,122.788874803086,0,167.635190327962,151.35277557373,165.345126812275,196.970060868697,106.171625561184,116.131363715415,121.553151074296,210.585377086293,187.472192382812,191.049418449402,131.168940734863,0,0,133.553156045767
103.702358722687,0,169.126197814941,69.075190226237,13.1522062941768,109.171666597065,51.7226443854029,115.984974861145,92.0134270377781,60.5569045326926,19.5918308070502,149.801762456479,14.1817288207985,163.9482421875,106.553352355957,53.881324552303,0,195.668144226074,169.824630737305,181.880551147461,9.0972324298706,146.2861328125,118.397872924805,159.063132149833,20.4736651258548,161.945022583008,174.548643112183,179.363554954529,35.673646601095,100.664110183716,150.254403686523,173.649322509766,132.537462674654,94.7612435477121,102.645716381073,0,0,176.235000610352,80.2719393643466,17.6024344678272,0,94.3659735592929,155.087692260742,156.910572052002,96.3843863351004,91.5244584560394,176.307037353516,15.3479533334484,0,130.839964185442,84.3073318481445,0,0,0,0,15.6221571544806,143.183059692383,170.373870849609,207.933624267578,112.729108683268,0,0,0,139.670309753418,113.596389770508,0,0,128.657699584961,175.160079956055,82.8108215332031
81.4501805971455,111.461439768473,69.1755201103879,64.1621675373596,185.500549316406,97.2316589355469,134.728098042806,68.5919148223973,113.127806126386,85.8927435105847,97.1319739763127,102.427306038993,137.628278096517,172.06649017334,100.448794092149,135.302440643311,24.4055828913448,64.951961827226,136.468526666815,102.291944126187,146.2861328125,13.1008105201153,56.2535061568357,30.2060710307756,32.9282286630431,0,123.015904193158,66.6441511184408,24.5961488821474,78.052886247306,29.7367284868751,204.275390625,149.361629486084,41.2774454543465,47.4517345539818,151.380933125814,140.996269226074,140.453997395833,82.0389027228722,0,0,188.273345947266,140.648537083676,217.879341125488,77.0090446472168,0,171.843788146973,178.145614624023,0,166.88344782049,153.296752929688,107.914083415812,151.455330633348,182.270629882812,183.415879930769,0,117.118729314804,77.2704132743504,117.089634288976,111.137945417473,174.456726074219,145.983282235953,144.176274410514,122.748981395238,141.960233688354,113.004169269637,237.620147705078,0,120.897900051541,133.509723732688
93.2107865469796,20.2852593903654,87.656167623159,27.9102983845371,111.690839767456,0,117.215465068817,81.0030474276156,129.84818145752,28.2297335465749,107.215098698934,97.2741854985555,95.0448501904805,81.1590339130826,115.731387656076,77.6574649810791,32.4935112948085,86.2166537909672,109.514110218395,101.167293439593,118.397872924805,56.2535061568357,9.11662013051574,53.8758012718847,37.8336470872783,63.4344251056512,84.638752409317,41.0153776449247,64.3501053860313,88.2613539573474,56.787801000807,97.7185969959606,208.012466430664,57.9443392546281,84.9868124624093,0,119.79621887207,111.544619829227,70.7910650074482,179.147064208984,0,0,121.361933390299,158.174560546875,43.3309820175171,0,140.320400238037,185.796119689941,164.408154296875,0,0,62.8290379304152,126.249594744514,152.901702880859,142.497607639858,0,84.2147900626163,37.3439999454278,78.6411879790457,97.1372060629038,123.504199981689,125.899361217723,118.118006501017,117.623948183927,144.032096862793,88.7159266004375,0,0,123.616162618001,117.295923406428
87.7862362020987,103.365472793579,24.9430029017022,54.2785599366399,154.527143205915,152.769325256348,143.927368927002,81.1748052587098,115.630072406485,108.92220620548,103.046650046169,99.281216432983,170.276772393121,129.632061767578,106.849694657568,144.353498077393,19.4234805575416,29.9715234608053,109.482667287191,84.8503554676073,159.063132149833,30.2060710307756,53.8758012718847,16.4246026031971,83.2096566795922,140.969843546549,75.305284699219,49.6085770809081,62.3228114999865,95.3699890220501,56.4556100462723,143.268725395203,155.644788953993,82.1555892700373,51.44862740701,188.670354207357,90.5356821695964,102.861731989684,79.8570610866074,196.578605651855,0,205.500053992638,161.539747073327,183.046408081055,130.353931665421,185.082823617118,149.004109700521,0,0,179.388857408003,0,103.925793830788,126.697572777308,182.95817565918,147.121091134208,177.084167480469,120.464842037667,66.3305891485357,111.002777488594,148.067402009041,170.923187255859,130.443091661502,108.244587460913,151.285977447088,181.893169526131,131.99092782062,0,0,144.10378434923,132.460442901939
87.4153832061381,82.7323519677827,122.421024126325,42.9180334449796,19.3759000886187,96.6454927353632,84.9824801393864,70.1410586520358,87.3362076299331,23.9610914816159,57.3189347261588,158.528879189793,34.3549956091586,136.925876515706,105.390178300261,41.7299628835452,30.6834830650821,133.353317784899,170.911285400391,152.311773452084,20.4736651258548,32.9282286630431,37.8336470872783,83.2096566795922,12.2454367221181,115.278236899577,134.247528359441,92.1492117980122,26.0201570222383,91.717686809193,70.1443053289009,150.315625217983,133.531517491196,73.4137696499683,100.522833561648,136.824519070712,167.162071228027,159.355433947419,62.543803685003,99.4649716537364,178.393313598633,135.115380323083,118.030928091081,136.257214289445,80.9992610829822,136.75029255095,198.031805855887,107.964855017485,201.784225463867,145.365062453326,115.424211978912,102.843123573084,162.340675830841,0,198.47730339898,130.843832833426,119.715342430219,84.5008052520032,130.577027820406,98.5078663380422,135.975250244141,185.324464217476,167.266105910479,119.90241901602,144.301398669597,116.808539882628,0,184.150451660156,130.817662414551,133.866451358007
0,19.5146241250933,92.2112494574653,22.6315887605264,156.358909606934,78.7995414733887,115.052364349365,173.592320760091,96.3501936594645,103.648641780497,165.548403058733,34.1733934899984,149.015796367939,17.699298333816,93.3339891433716,138.719260660807,85.5710182189941,95.376238822937,56.2527451669016,59.815584387098,161.945022583008,0,63.4344251056512,140.969843546549,115.278236899577,8.58655341071541,45.7623940125284,33.3243284494375,155.582156788219,71.71658931059,155.099798202515,49.4023894728901,81.2163178293329,135.112243652344,61.8397229039392,0,105.474628993443,137.746276855469,30.467533826828,0,0,0,0,101.88663482666,189.406669616699,0,76.7186258951823,0,66.8900907242403,158.948905944824,0,0,122.560258229574,95.0922316233317,110.856586780954,0,0,112.866416931152,0,171.798650741577,51.3627692182013,90.1406424059839,83.231396708603,206.62580871582,0,0,80.3031219135631,156.728858947754,0,114.818579355876
121.416378341035,50.4757579840147,38.1619480301736,56.4672384718544,170.91035930927,103.943031311035,170.185100608402,139.626298042798,145.557055622006,122.389328282907,158.697306490138,40.9233829107556,165.383799904271,57.106801026598,134.943161516806,152.664120992025,113.611632945926,37.3670819369692,44.0481987556794,37.243196251896,174.548643112183,123.015904193158,84.638752409317,75.305284699219,134.247528359441,45.7623940125284,15.6632062855905,40.7115394925536,144.408856352227,109.76413916839,118.897089627324,31.6143497238682,114.705308532715,122.347822401259,62.141509385467,188.652437210083,111.747747768055,118.462604632744,80.0841113342636,0,0,0,190.107468052914,212.586266910329,193.409648014949,201.062518310547,120.847307963544,166.506744384766,108.062947273254,212.344407581148,0,168.957078821519,117.381033977223,122.450296734451,114.609093140029,204.864883422852,170.450994219099,137.721373558044,158.294269985623,197.221201676589,87.8329339599609,104.960449730464,107.371758203454,205.399701799665,188.459794824774,166.314885066106,114.537552564572,0,216.139457702637,125.37915033102
136.494613289833,36.8074990633607,35.5435281559286,41.9372729305903,145.502557951829,144.810421534947,155.880763070625,118.544364205722,146.757282683766,116.050073865292,145.727372188194,70.9608676707136,142.97138080981,36.3427796161466,143.347356645056,142.245821084187,30.6554371396131,69.6894349965424,68.7119688885998,74.513836046425,179.363554954529,66.6441511184408,41.0153776449247,49.6085770809081,92.1492117980122,33.3243284494375,40.7115394925536,18.3280632078355,87.1281649828977,121.206649128636,111.048843919738,24.14728374239,121.299323527018,123.864057126253,69.9731022711876,186.407362994026,97.5004880003227,101.415410526377,63.26512315741,194.27379989624,0,207.338403828939,175.410503331353,195.269143901152,164.980482555571,191.900452769886,120.583415589392,201.393589019775,101.257735900267,191.061231593893,219.972274780273,114.020646276265,114.504061161337,121.515782958984,121.173222523298,195.14079284668,137.962374156107,59.8428092246245,109.11951567921,164.581683622824,85.1294656233354,108.439897020142,104.73332889072,168.363437329952,193.116518790262,161.397316185204,118.586928076778,132.89306640625,175.812109727126,127.083866733106
85.0593024253845,112.167890695425,95.3923024444441,66.0072350528803,18.7619857988986,127.044588361468,77.8775463603937,29.6535983849769,90.5777189306807,54.6861377028437,32.226657366165,154.963568870467,54.0785136309933,171.743436540876,99.304351087491,80.5750640233358,55.1734546666122,129.254897100884,176.820438623428,156.882183048643,35.673646601095,24.5961488821474,64.3501053860313,62.3228114999865,26.0201570222383,155.582156788219,144.408856352227,87.1281649828977,13.3339622906228,88.9288740737689,41.5610658052555,165.725852966309,139.496740665076,69.2474177505362,76.3415168736001,138.228825438256,153.530342102051,165.029217024107,77.8947376796177,78.2852747012407,0,150.599813999274,126.338962140765,148.409006812356,93.2380978347081,157.325469913767,206.989866256714,121.457963642321,220.423454284668,154.316959681655,143.69607035319,110.785072416418,181.276768308697,0,206.38747809915,133.284054819743,127.662214444084,97.7606132577319,140.695917438816,113.766267271486,222.524841308594,196.923830801981,168.20887670125,129.345084867477,145.762348727904,120.335239224695,0,198.87917175293,131.541770290321,142.689363290143
17.2852970178411,106.527362060547,130.833881424695,89.070776334623,103.103386887717,22.7373181714674,47.5971258127584,67.4181734777602,44.7300012997023,86.4227962908538,95.7032971706749,65.098242699856,104.507035087137,70.3827631747136,25.8097625676462,50.4086903254191,125.905151367188,106.797349164641,99.9308091539124,118.141486123425,100.664110183716,78.052886247306,88.2613539573474,95.3699890220501,91.717686809193,71.71658931059,109.76413916839,121.206649128636,88.9288740737689,11.1765720703578,34.5179188137847,86.5371016661326,16.5694158232991,15.274158139103,39.3303331498,180.861614227295,206.624923706055,180.942644007066,95.5483438318426,119.747840509182,0,177.115231323242,148.699673511943,183.932585652669,104.85978864034,196.79843266805,153.054267883301,119.308868726095,143.788144429525,183.125515851108,0,131.893787090595,185.135851542155,0,187.548866271973,141.344541549683,136.459405323816,117.717735117132,161.23647417341,144.715591031452,0,165.047728287546,182.621330588205,151.277741568429,188.977768939474,142.376595973969,169.094741821289,0,130.929242220792,149.922186279297
34.4628172998585,93.5654721941267,90.4492981995156,57.9322126875532,103.578749847412,114.617233276367,115.673580073103,21.295431922644,77.8315987032313,58.5835609436035,87.8899309700782,105.176070274845,132.282086989459,153.436431884766,63.2405138025866,110.446900939941,74.3793952941895,79.1814380030641,119.935168239049,104.056817422366,150.254403686523,29.7367284868751,56.787801000807,56.4556100462723,70.1443053289009,155.099798202515,118.897089627324,111.048843919738,41.5610658052555,34.5179188137847,10.702805932424,189.985794067383,127.761143820626,33.252736698785,37.5382895452249,133.16070497953,0,156.929364013672,89.5336063678448,174.414985656738,160.767044067383,168.88395690918,130.476427172051,166.935047912598,89.657152211891,192.344226837158,195.380956013997,240.191261291504,192.845657348633,159.321617889404,231.769729614258,103.674515253184,170.415198189872,162.498138427734,162.547027587891,145.270858764648,117.078988731587,82.6511449359712,119.253417826808,111.954875156797,0,177.220453898112,164.607387788834,119.867123070267,133.579911739268,114.063235267091,0,0,122.048242922182,124.237153505024
244.645385742188,64.4564310709635,102.200184106827,66.8797940313816,0,101.165859222412,138.28333421187,174.481753031413,130.514222826276,135.458816265238,181.581494844877,50.8012704909987,177.801068987165,18.6742892908887,117.009992444837,156.940984725952,127.400230407715,141.020390192668,54.6644628345966,65.8746065848214,173.649322509766,204.275390625,97.7185969959606,143.268725395203,150.315625217983,49.4023894728901,31.6143497238682,24.14728374239,165.725852966309,86.5371016661326,189.985794067383,10.7502082255567,103.525446065267,147.483459472656,72.7993560384969,202.658538818359,0,141.773094177246,64.8953550002154,0,0,0,205.445663452148,0,0,0,102.417603419377,0,96.0310334198235,0,0,202.857933044434,136.90712568495,114.81567986067,118.409990427445,0,0,0,168.087875366211,197.085782732282,83.467327292906,110.784053470777,110.797013381432,243.113952636719,162.326599121094,181.423350016276,112.589028399924,0,0,131.397181424228
87.88853708903,102.64214630127,186.109183175223,120.957762284712,141.106959751674,11.4205441758059,19.9902393502823,127.028387451172,17.8719377085898,132.938976711697,131.518363120339,62.7512298319075,125.907449065662,75.6730675833566,17.5503627302171,37.1945450144299,0,179.1876262318,106.030929870605,117.310382843018,132.537462674654,149.361629486084,208.012466430664,155.644788953993,133.531517491196,81.2163178293329,114.705308532715,121.299323527018,139.496740665076,16.5694158232991,127.761143820626,103.525446065267,5.95793832462965,59.9341384887695,40.9594643962276,0,0,0,128.176292419434,147.156341552734,0,208.784271240234,178.081604003906,242.526550292969,132.477233886719,0,0,146.739135742188,113.231258392334,211.789978027344,0,194.792282104492,0,0,0,138.138778686523,0,0,0,179.144474029541,101.807411193848,167.007629394531,170.825139363607,194.208857218424,184.625671386719,187.273890177409,0,0,0,0
52.8025295257568,96.044921875,113.969292068481,62.3304924466717,89.179932680997,43.0218734741211,86.8365174702236,67.5360422514133,86.8853796857843,62.2680866017061,83.4322630753218,97.7331718063354,113.665844257061,154.923637390137,70.3770040972479,91.0626856486003,0,86.9859580351447,119.700675048828,102.920474247057,94.7612435477121,41.2774454543465,57.9443392546281,82.1555892700373,73.4137696499683,135.112243652344,122.347822401259,123.864057126253,69.2474177505362,15.274158139103,33.252736698785,147.483459472656,59.9341384887695,8.27176652000126,40.8587171749949,0,0,156.52872467041,73.8874073028564,141.712051391602,0,141.646881103516,127.825531699441,164.424449375698,81.9426498413086,177.207870483398,207.001754760742,0,0,160.380194769965,0,102.118917291815,172.860234578451,0,187.33194732666,0,123.155334133572,86.9169975280762,129.648069654192,116.067990662622,0,169.965972900391,181.137777056013,124.832436938618,145.217915621671,115.179983916106,0,0,122.169725206163,126.06049601237
93.4345237033468,69.4138303054007,66.4443818207611,79.867670435301,97.4009218949538,36.5273376734911,81.0840325276714,84.3677016655767,86.0794125269818,125.264260600595,96.246507132394,31.108923684297,111.664611726999,59.0219817643755,75.2055073016488,64.5692462580545,86.1090239052461,53.4904422060288,62.8609633005162,52.7849712124705,102.645716381073,47.4517345539818,84.9868124624093,51.44862740701,100.522833561648,61.8397229039392,62.141509385467,69.9731022711876,76.3415168736001,39.3303331498,37.5382895452249,72.7993560384969,40.9594643962276,40.8587171749949,12.5268194863627,0,131.137252114036,122.038922699404,87.2503305800418,122.891043768989,0,193.227742513021,163.109186444964,187.250325520833,124.121594429016,224.335380554199,151.311259269714,145.190630231585,139.231893920898,180.335288414588,193.415374755859,116.340228467885,126.886407546055,142.907207489014,137.607568171986,0,124.924597546063,88.7464925076099,122.168743451436,140.112040123573,110.537149429321,126.320963682393,127.525994775838,147.925585398954,159.39944413129,132.011996785148,122.904945373535,209.591812133789,169.305138905843,147.481405944824
0,0,175.049481709798,119.836678822835,0,0,177.148223876953,140.373126983643,174.898672485352,136.263557434082,0,0,0,0,191.812939453125,0,243.935043334961,206.862953186035,0,220.254038492839,0,151.380933125814,0,188.670354207357,136.824519070712,0,188.652437210083,186.407362994026,138.228825438256,180.861614227295,133.16070497953,202.658538818359,0,0,0,11.7375760099341,133.314535522461,120.045277098535,81.4762120056152,99.019162495931,83.5081405639648,91.233370445144,30.2427385285041,60.6778174964943,66.8929215297904,73.5656680258494,128.231192258325,105.14454473768,153.225962990209,20.5862011149726,82.2669897079468,118.454799016317,106.36307829736,141.807276407878,132.199631321684,97.8384416243609,86.3566766332408,95.9232419331868,100.454422909677,85.5138245449271,136.257682800293,122.112710754901,139.008472851929,85.2123177144435,23.9016870782867,35.1997455720692,151.950548171997,81.5192741394043,42.0320967004654,88.8101584629346
0,69.676513671875,82.2050795806082,82.7649687661065,0,0,174.483032226562,158.261929321289,154.883722941081,144.282318115234,0,126.905643463135,127.934104919434,100.813995361328,163.141311645508,0,159.708038330078,109.790131180375,142.957355499268,117.609996371799,0,140.996269226074,119.79621887207,90.5356821695964,167.162071228027,105.474628993443,111.747747768055,97.5004880003227,153.530342102051,206.624923706055,0,0,0,0,131.137252114036,133.314535522461,8.54554149610502,65.3620088100433,24.6536710564349,0,0,124.730186462402,117.017206115723,142.057098388672,75.3005055204777,163.672668457031,68.1109238473993,128.509881337484,49.0594384971706,164.359394550323,116.09269618988,84.2059477851504,62.3329280348849,80.2239693672426,66.0408880552659,0,99.1382591247559,17.8861338295195,98.5592025756836,78.163018974098,24.6579964667925,52.2068243039997,30.5926032252298,118.629381619967,131.139614105225,113.163577446571,69.5452070236206,104.928453445435,0,68.8929988219675
164.327529907227,103.861083030701,101.556645501695,84.8100446065267,177.678596496582,0,205.654885428292,176.066212695578,191.708270263672,185.036917114258,187.531432257758,149.318870181129,0,173.172180175781,190.940139770508,219.790725708008,113.013952690258,118.164240568587,153.426208496094,137.773930996279,176.235000610352,140.453997395833,111.544619829227,102.861731989684,159.355433947419,137.746276855469,118.462604632744,101.415410526377,165.029217024107,180.942644007066,156.929364013672,141.773094177246,0,156.52872467041,122.038922699404,120.045277098535,65.3620088100433,13.9272919429279,51.2648684324003,134.6387892503,176.553329467773,132.205487492573,94.1613200395021,118.949569340532,106.232398183722,111.806005060673,109.893253285398,165.604353027344,87.2984074251151,118.93126733411,148.049115753174,90.9416196541708,44.2910488586853,104.425866789737,78.9678811685441,167.485458374023,65.5855614968957,51.2590920320854,30.065746927191,120.453461647034,89.0358113375577,36.9387106287768,34.7988736980218,86.5657254403358,142.703554560294,106.448176765442,99.7608932495117,179.154414367676,126.294906692505,69.7928812858555
