9.46864437353057,142.916403961182,93.1495342639962,73.5874790683869,89.0778610229492,0,97.56859261649,37.2178453504363,51.0083850627881,73.3255920633238,74.0071087159972,128.17710544752,93.9317579269409,157.978983561198,15.4955328736071,100.926577758789,113.008311971029,88.4017109442354,126.18826675415,119.801718684153,91.294560387021,73.0236545860345,89.2674132260409,82.5985139279838,76.1414866426806,145.57908821106,117.519577310945,129.471861605001,77.1424035292405,15.469224659872,27.0362020194357,159.286864060622,84.858341217041,37.9295701268894,68.2312905925731,151.159322102865,0,185.586919148763,94.538686964247,108.266315460205,0,168.652048746745,139.384476131863,182.002343314035,77.4026565551758,0,0,0,0,179.473554823134,0,91.8767929077148,231.227012634277,0,192.025024414062,0,170.795394897461,128.977195739746,178.870315551758,125.575014301375,0,0,174.887285868327,137.194531144767,179.165480613708,153.286526489258,0,0,138.311256408691,173.427022298177
142.916403961182,7.87573177920017,68.6979347978319,24.1144436558088,124.390627543132,117.613876342773,135.621877971448,135.414739990234,132.664604563772,82.1480195085767,140.673775445847,74.4658447236054,114.054347038269,62.9385641430824,132.415714372907,119.786556321747,49.7879469466932,56.5584279126662,71.714701299798,61.121505022049,165.472637176514,97.1738286018372,19.7729627944472,78.0807426507524,89.2934535520473,24.1172354295631,56.8498176551013,31.1809923887792,115.985160516233,112.55857311048,112.750223613921,82.0462522674025,106.004674275716,121.38580271403,64.0223474533628,0,0,0,64.9137743245,201.090927124023,0,149.489105224609,0,0,0,0,93.4009399414062,0,105.578262104708,175.237915039062,0,0,154.794067382812,118.463751220703,143.590202331543,0,0,0,131.982025146484,131.638316345215,81.8179969787598,127.837068557739,122.982218491404,0,200.735656738281,0,116.895490010579,0,0,0
93.1495342639962,68.6979347978319,15.1344559301527,64.968028820478,147.390253149945,159.197108677455,130.740360837308,97.6127166362918,117.814672723471,124.152933020341,129.463882620818,98.9732774953373,152.522858428955,98.683504486084,110.290625945666,125.355189005534,85.1697938992427,39.7009367472086,92.3197609294545,76.2470569022897,149.065135955811,74.1623876081931,59.0081986910031,35.3775607516435,112.929781028203,101.867147718157,42.2919845166798,37.7206962178529,83.8444575895988,128.960187780067,84.3234827317223,100.281893737334,162.848903232151,116.472095277574,78.8773143850939,0,135.13586807251,98.3157151124188,77.6028152647472,0,0,199.791366577148,177.338661193848,198.515510559082,225.066864013672,0,153.235763549805,0,185.009765625,205.898727416992,0,124.795021057129,117.082942821361,154.869956970215,135.862001691546,0,137.082302093506,77.9371894836426,112.00353080348,161.963687896729,0,131.372823079427,103.783630087473,189.376490275065,186.741214752197,187.971603393555,0,0,0,143.481215413411
73.5874790683869,24.1144436558088,64.968028820478,8.61015927861926,66.3305625112433,76.4721883138021,91.0822212095183,63.83559928995,99.112323065429,13.294931613467,77.3546945900753,74.8085029292751,70.4536049182598,51.157334829422,96.718440001573,63.1050783207542,58.599477495466,58.6633571600688,62.2333312468095,61.7575586559703,76.5163499658758,85.5522645462391,51.5680454814381,103.454859476241,39.6048952134973,25.6755013467335,58.7471040177019,66.1401437373388,54.6293960377068,84.1836456783385,64.4159979051159,87.9115218162537,105.164627075195,70.3418356288563,73.2795432653183,85.0631569527291,95.8279736836751,59.2802787054153,14.3164936130882,88.1819005693708,137.378646850586,104.998124195979,80.3717248999554,109.797957187229,12.237166610493,102.688473245372,113.82769203186,122.454778035482,74.4201951708112,106.17099248446,105.431324005127,75.4859441121419,73.0458206320709,87.7433095659528,73.980300962008,111.350296020508,108.246592930385,52.4148042466905,97.5645047356101,54.4172858304756,51.0015343257359,67.9764712651571,74.9611429514619,71.7205235101039,101.146604162748,83.6272799597846,108.688957214355,0,98.1861072887074,101.104367961054
89.0778610229492,124.390627543132,147.390253149945,66.3305625112433,9.14028786821836,132.27067565918,75.752059742761,50.1676006464614,100.062966048717,54.1971756014617,33.0408149448507,173.104431152344,22.7799651800524,181.85347202846,103.767656450895,78.4889197057607,95.5125424153096,164.824339690032,196.078536987305,192.770568847656,12.5884419250789,116.960356140137,78.0676186323166,145.744680616591,31.3040746417139,167.177037556966,166.249583959579,138.56295992148,18.7031082254764,105.087238803687,100.707360767183,199.066909790039,146.564338684082,90.1824578677907,106.414739677705,183.966911315918,189.900131225586,0,75.142681904843,30.7607054413588,0,133.380454282148,133.528051757813,165.666896820068,89.2298552740188,139.711013319227,0,70.8821535671458,0,174.320751190186,116.06623840332,0,204.664047241211,0,230.882888793945,55.5370793378714,154.619720458984,0,165.804306030273,100.750652320363,209.355133056641,0,204.564793904622,104.722752493743,166.22177401456,153.816436767578,0,0,150.350723266602,160.670018513997
0,117.613876342773,159.197108677455,76.4721883138021,132.27067565918,6.06391399837844,14.4737488947194,113.083624521891,15.6065284650234,64.3330994882891,117.984896259923,63.6100106012254,52.3978725009494,80.7687637478698,26.0937932798058,11.7150759231873,0,166.485763549805,112.203366279602,132.993366241455,108.786982218424,133.887083053589,97.5659439086914,161.138916015625,85.3142176541415,124.500250339508,117.401905653212,123.008227141007,101.208835601807,21.1676359501673,132.123626708984,115.260059356689,10.3713840486666,125.277374267578,39.0879757922629,0,0,0,145.324829101562,0,0,0,0,0,0,177.385719299316,0,0,0,0,0,0,0,0,154.648651123047,0,0,0,0,0,0,0,181.798472086589,181.67822265625,211.306289672852,0,0,0,0,228.723182678223
97.56859261649,135.621877971448,130.740360837308,91.0822212095183,75.752059742761,14.4737488947194,9.82897906611474,64.9874987220198,21.0942761372139,78.1118085170309,30.7080300312123,90.9608506314895,25.3854062886789,113.83124775673,46.2143180270006,15.9246803345529,119.130162620544,147.150378074646,139.468955383301,160.024612566747,47.5980023191779,119.443647291602,102.472610671799,125.231827965314,78.6936745324923,113.030254364014,156.546082259975,149.454879390725,72.5474563117789,55.9868953564117,110.044301710267,152.312034144546,16.6846486124614,105.173964182536,77.4367966470421,164.397064208984,202.738967895508,207.197550455729,96.7190005690963,155.649511666133,0,162.061761972856,157.365299845851,176.964562200731,109.893465042114,166.65977116635,0,142.795578638713,111.828681945801,209.76046295166,142.592391967773,166.624069213867,227.156341552734,234.260238647461,199.107406616211,158.489604695638,245.716156005859,152.116592407227,219.707275390625,128.332372054313,142.705673217773,148.181350708008,204.665007273356,154.087976837158,202.551758660211,191.615112304688,0,0,188.753509521484,185.560455322266
37.2178453504363,135.414739990234,97.6127166362918,63.83559928995,50.1676006464614,113.083624521891,64.9874987220198,12.061468341302,57.7584772538313,59.0059431387828,23.9210597103754,171.320849018712,59.9775346176965,174.256639480591,41.2311401151991,79.5502932029858,84.4978041788524,116.705646610477,169.200620211088,156.468143402584,60.1489339192708,72.0161331261441,75.3071247473695,84.6193191682787,50.5757140833055,158.505418565538,138.454241927946,111.983491955696,32.427381656184,70.0387601863532,30.4004742516268,179.964242553711,125.881360505757,68.3477350662315,98.9523462077319,148.139251708984,177.7236328125,179.242241995675,75.1361957579169,116.725243631999,197.160125732422,144.208788553874,126.535007841024,159.552408430311,94.9513083006206,144.694332823461,0,137.981167063994,0,166.137873794093,149.837554931641,136.813233269586,201.104136149089,0,243.312118530273,136.633331630541,152.191014607747,125.303489685059,165.432623726981,109.799436712884,0,197.404052734375,180.41377027107,134.513658088023,172.231512813245,161.812614889706,241.653167724609,0,160.207534790039,171.9022806341
51.0083850627881,132.664604563772,117.814672723471,99.112323065429,100.062966048717,15.6065284650234,21.0942761372139,57.7584772538313,13.3968168274089,96.842172469008,33.8294046621152,84.6434907504183,75.7647795651057,106.904377489858,17.6459252143843,29.9062193202418,122.765410811813,127.04665883686,144.593631238822,148.39087148232,84.6625783045152,100.655822781675,115.558379144952,110.771589593538,93.1991540677757,116.301483808245,143.022085835914,140.836462667166,81.7419597860724,27.6734743441366,77.4530941126818,160.933412386676,13.9130697895691,92.8364374087407,64.4238783339528,175.141620890299,162.303726196289,184.021381378174,115.170434406825,155.221425489946,234.424301147461,185.900838964126,160.934149711363,188.005133446227,129.789988798254,173.553259561228,157.681945800781,147.935713768005,208.82069905599,199.734861934886,0,148.880350748698,190.912817382813,203.301929473877,167.950904846191,158.77210744222,223.687728881836,228.985961914062,210.813598632812,145.740252190894,151.55584564209,175.699206760951,181.102978339562,165.18665983239,196.204062637018,184.50470322829,158.537719726562,0,189.273923238118,195.083759014423
73.3255920633238,82.1480195085767,124.152933020341,13.294931613467,54.1971756014617,64.3330994882891,78.1118085170309,59.0059431387828,96.842172469008,9.6882181681976,72.3178112383435,146.841876166207,10.6717004578911,132.473897718347,95.0235859178517,28.9806983549209,70.8049148445699,128.101627018141,155.158200836182,139.30909121478,53.9333318350972,90.276077784849,25.1465860203951,118.196746756177,20.4580468820758,112.310071572293,134.457786718345,122.321590702921,52.5589954175302,83.2408987133507,63.2856796565343,150.175130208333,130.89868927002,67.7647258497264,100.597673065623,0,135.141162872314,0,43.0248158877013,83.8695271809896,0,118.307161603655,144.488568987165,178.082400512695,47.8764868312412,116.171285205417,144.048721313477,103.792051527235,155.881740570068,184.594762802124,61.9503898620605,79.3873443603516,0,0,0,94.394929986251,0,38.1619434356689,134.007286071777,75.3963488460926,135.881938934326,176.028869628906,190.911540638317,117.368623833907,156.200065612793,135.227066040039,188.501419067383,0,108.743980407715,174.390266418457
74.0071087159972,140.673775445847,129.463882620818,77.3546945900753,33.0408149448507,117.984896259923,30.7080300312123,23.9210597103754,33.8294046621152,72.3178112383435,13.3513452179105,163.989857328111,26.2616684534161,192.29906258932,52.6977950826499,75.6106890589813,106.70039039801,158.702621459961,172.109582901001,185.940613194516,24.1434722011268,101.080698285784,94.307569732666,117.398835937362,64.0278131755488,187.607625325521,166.624325836505,137.338942272089,30.2199575232944,92.3393768763992,96.7916707043008,196.016740686753,119.649805886405,96.0120123572972,96.289390818036,185.614532470703,0,0,87.7496328701938,125.31863284111,0,157.050090481776,143.585356450343,167.675904995058,105.199567058299,161.97651700006,215.535858154297,147.852583035556,0,181.203711769798,120.793235778809,156.895955403646,0,0,200.598945617676,150.340531708092,186.831550598145,125.995323181152,169.784917195638,118.724003358776,206.162773132324,187.085464477539,207.261513205136,151.295151282276,191.968271592084,173.69873046875,0,0,196.95783996582,172.306182861328
128.17710544752,74.4658447236054,98.9732774953373,74.8085029292751,173.104431152344,63.6100106012254,90.9608506314895,171.320849018712,84.6434907504183,146.841876166207,163.989857328111,13.9239673555733,154.680279541016,25.5265413946685,105.320358457007,143.696429443359,128.763347424959,56.7949432854085,21.8770766967741,28.2193893390524,165.047321864537,107.045911550522,109.499988467194,102.44419103217,158.833461424884,25.7579954940956,34.3093438388146,68.0954083260525,167.246851114126,83.9457435307878,112.586122899274,47.3866610368667,67.853124564595,108.193487192129,33.6130587950313,221.09903717041,145.024572372437,147.587224324544,79.9755552191483,0,0,0,200.988258361816,172.430107116699,0,0,105.426426696777,0,90.1725380093444,185.949661254883,0,141.804168701172,160.020935058594,116.178849845097,143.409034002395,221.509796142578,159.854537963867,176.253303527832,0,214.708073933919,90.280890083313,109.448585834909,121.729717834086,226.683029174805,192.773597717285,201.882385253906,99.5668042500814,0,0,137.179723103841
93.9317579269409,114.054347038269,152.522858428955,70.4536049182598,22.7799651800524,52.3978725009494,25.3854062886789,59.9775346176965,75.7647795651057,10.6717004578911,26.2616684534161,154.680279541016,11.8564831780829,178.519729614258,102.729729355359,16.2589890878513,106.90926361084,165.162776066707,184.072357177734,159.354644775391,14.469972403138,126.796582539876,85.9512889498756,155.509770480069,18.115547575943,163.338832855225,180.500447591146,169.702611004865,42.3569017385508,105.007113635843,119.697853088379,212.005615234375,122.717974853516,97.5329193115234,104.074634869893,0,0,170.045989990234,58.3475735134549,101.739761075666,0,149.025054344764,160.473415027965,179.621281941732,78.6612146165636,144.756041358499,0,102.688049316406,0,209.919830322266,101.539034525553,0,0,0,0,129.046420288086,0,0,0,107.425841668073,0,0,199.46723429362,140.151623831855,157.007278442383,191.153259277344,0,0,0,0
157.978983561198,62.9385641430824,98.683504486084,51.157334829422,181.85347202846,80.7687637478698,113.83124775673,174.256639480591,106.904377489858,132.473897718347,192.29906258932,25.5265413946685,178.519729614258,9.41281640352446,121.326292649755,173.789363098145,141.21262512207,102.731020489861,51.5261443705053,78.1474674079992,180.729553222656,162.956498282296,98.8978775425961,133.024014918009,152.77617027646,16.8927505348522,53.1001408628467,40.2932670869648,177.407438964844,97.5165927688797,143.114178050648,22.3315016716034,79.3883394467629,155.174315452576,61.3740976773776,237.191604614258,105.460249265035,145.86662902832,66.3400557381766,0,0,243.691482543945,218.720347086589,189.994805908203,146.778961181641,0,80.5465786192152,0,77.2130150265164,202.76685333252,0,0,144.954246520996,123.548894755046,125.047768729074,0,0,155.190307617188,0,215.561141967773,60.4506967606083,107.094728051162,110.65241216957,0,163.335494995117,0,95.6199168715366,0,0,128.319920857747
15.4955328736071,132.415714372907,110.290625945666,96.718440001573,103.767656450895,26.0937932798058,46.2143180270006,41.2311401151991,17.6459252143843,95.0235859178517,52.6977950826499,105.320358457007,102.729729355359,121.326292649755,11.2113731492665,113.372587241378,126.323682007966,115.445298453213,138.349404907227,142.16694602581,92.3686103820801,91.0000195256208,109.927710515803,100.009067586352,95.6361178280262,139.990802633351,138.251681216434,139.115957594952,77.5844583021169,19.7457440220204,49.5369827757329,171.792352422078,9.68413595901008,39.4334859221521,64.8235051597085,167.36678641183,0,219.995468139648,113.23016680204,184.853032430013,0,185.037437840512,161.049218031939,194.745580037435,127.063298543294,192.255089653863,189.685953776042,199.972114562988,201.286315917969,202.685927254813,0,168.03512318929,209.626873016357,148.682929992676,175.231334141323,0,182.417839050293,170.580012003581,191.253099441528,150.44443321228,120.529228210449,159.316566467285,177.920362032377,158.575644926591,186.468947159617,173.629221916199,214.512359619141,0,189.042770385742,211.762802124023
100.926577758789,119.786556321747,125.355189005534,63.1050783207542,78.4889197057607,11.7150759231873,15.9246803345529,79.5502932029858,29.9062193202418,28.9806983549209,75.6106890589813,143.696429443359,16.2589890878513,173.789363098145,113.372587241378,7.87439658234963,113.478507408729,151.99092684294,164.526161193848,178.415242513021,56.8972074923308,123.469587598528,80.0986594962115,134.526524353027,49.778735467662,150.210340450972,161.86597442627,158.982521996131,81.6820270798423,107.321379439472,104.256000225361,195.291763305664,58.3382977937397,99.2736682128906,127.41421583927,0,0,0,74.5305757522583,105.333664894104,0,174.083048502604,142.938700358073,157.384796142578,64.3430417378743,160.370551476112,0,126.952328999837,218.807998657227,192.812362670898,0,0,0,0,0,124.390815734863,0,91.6471252441406,0,109.14465601304,0,0,231.337142944336,143.664933946398,188.758529663086,158.223449707031,0,0,165.157943725586,0
113.008311971029,49.7879469466932,85.1697938992427,58.599477495466,95.5125424153096,0,119.130162620544,84.4978041788524,122.765410811813,70.8049148445699,106.70039039801,128.763347424959,106.90926361084,141.21262512207,126.323682007966,113.478507408729,13.2398555787786,101.313397078864,140.613493347168,130.695167718932,113.658866882324,25.7226422460241,27.0158431078114,20.4206489221905,40.5171344863731,117.775713920593,123.275837569401,27.2937804771386,45.5804297093815,110.371745853634,74.3239209355745,150.758922576904,0,82.5123108455113,85.3811362465435,127.105361938477,0,98.5103052312678,131.673813956124,97.8967361450195,0,170.283798217773,164.093208312988,161.504864501953,80.7796318054199,227.066635131836,0,0,0,177.068710327148,0,24.1083889392485,133.072883605957,0,0,0,111.630035849179,56.6981103685167,104.320581152084,72.0527745815034,0,156.670338948568,97.7284456140855,120.964609781901,169.98676071167,124.268544710599,0,0,149.847155253092,128.008427090115
88.4017109442354,56.5584279126662,39.7009367472086,58.6633571600688,164.824339690032,166.485763549805,147.150378074646,116.705646610477,127.04665883686,128.101627018141,158.702621459961,56.7949432854085,165.162776066707,102.731020489861,115.445298453213,151.99092684294,101.313397078864,9.26269129360056,52.595516140829,30.140953995191,199.691458129883,71.812222626436,75.3143453812064,32.7208534863488,131.486012670344,82.9871576749361,46.5986202137319,70.628757046598,116.635678740327,107.958067975857,76.0071088488677,94.2321686700943,180.852716445923,86.8861486057547,45.6988669056054,173.983367919922,147.900466918945,110.330383641379,74.7104877068744,219.664779663086,0,233.571502685547,189.64762878418,199.372692871094,187.124649047852,239.210917154948,154.963233947754,0,172.452982584635,179.16010538737,0,131.368144989014,129.584643790392,139.5800579616,131.277317047119,0,169.168853759766,119.522613525391,150.340206570095,176.051379394531,115.847020467122,116.908663841986,120.855626156456,194.581204732259,172.89724949428,183.130722045898,188.062759399414,0,0,139.172713646522
126.18826675415,71.714701299798,92.3197609294545,62.2333312468095,196.078536987305,112.203366279602,139.468955383301,169.200620211088,144.593631238822,155.158200836182,172.109582901001,21.8770766967741,184.072357177734,51.5261443705053,138.349404907227,164.526161193848,140.613493347168,52.595516140829,6.73490975034098,18.6137549909351,173.843246459961,117.664141935461,114.141838971306,104.222288187812,165.715805053711,45.4064727504079,35.1984465430493,65.371710346109,187.450057983398,126.228011105039,111.475232380192,52.2799493928522,99.1319163929332,111.494711739676,69.6319635137549,0,116.000198364258,0,75.9913630485535,0,0,0,0,211.167037963867,0,0,104.233195495605,0,94.8649561405182,198.707962036133,0,0,144.703155517578,119.261884801528,144.165110270182,0,0,0,0,229.225006103516,89.8815212249756,104.983558654785,110.232186021476,0,198.544153849284,193.670715332031,106.636034284319,0,0,116.271766662598
119.801718684153,61.121505022049,76.2470569022897,61.7575586559703,192.770568847656,132.993366241455,160.024612566747,156.468143402584,148.39087148232,139.30909121478,185.940613194516,28.2193893390524,159.354644775391,78.1474674079992,142.16694602581,178.415242513021,130.695167718932,30.140953995191,18.6137549909351,11.8851211653057,240.398086547852,103.057664862506,98.6688152922302,81.9637161199995,153.830018258864,51.6222927821667,36.5493669233102,71.9727463776945,153.481829978324,122.300452778069,104.014836371817,66.2847265335957,103.1093334198,103.58054628445,49.7901179757896,181.402309417725,128.437938213348,146.76525697254,71.7987405671848,0,0,167.726526896159,205.79955291748,204.750329589844,223.069793701172,231.632102966309,124.169451293945,0,126.456301879883,199.68953704834,0,185.257713317871,142.165962963569,115.220757032696,123.423589463667,0,184.090675354004,150.414730495877,136.886817932129,187.671329498291,92.3930284251337,109.062549664424,115.71958233584,226.488484700521,178.655646187919,175.058261871338,119.407395755543,170.332565307617,0,135.857224857106
91.294560387021,165.472637176514,149.065135955811,76.5163499658758,12.5884419250789,108.786982218424,47.5980023191779,60.1489339192708,84.6625783045152,53.9333318350972,24.1434722011268,165.047321864537,14.469972403138,180.729553222656,92.3686103820801,56.8972074923308,113.658866882324,199.691458129883,173.843246459961,240.398086547852,10.0181660475326,141.338121414185,93.3025088590734,160.21212387085,24.6630362318059,226.111938476562,188.336068047418,168.743389977349,29.2608129663474,100.480182693254,131.871532440186,185.926025390625,128.225518798828,87.9583180745443,95.7160019181732,0,0,0,79.0721448003029,27.4519748708658,0,142.131043811177,134.183648053338,163.032513427734,91.3911090087891,153.893799258817,0,71.2440391116672,0,197.032501220703,0,175.241119384766,208.642028808594,0,207.377166748047,49.0568666347238,0,0,0,100.326096037905,206.322769165039,0,186.858665466309,107.734774309046,188.432992553711,0,0,0,174.782485961914,231.907119750977
73.0236545860345,97.1738286018372,74.1623876081931,85.5522645462391,116.960356140137,133.887083053589,119.443647291602,72.0161331261441,100.655822781675,90.276077784849,101.080698285784,107.045911550522,126.796582539876,162.956498282296,91.0000195256208,123.469587598528,25.7226422460241,71.812222626436,117.664141935461,103.057664862506,141.338121414185,15.56794115628,59.2785241906877,33.1292008098485,25.4136578752444,155.41579246521,116.071369784219,87.7812688875115,30.4768856815769,73.990715412805,36.2883442693677,138.497996738979,130.589654922485,56.2014060348994,55.8151234516114,0,0,155.817398071289,140.740894317627,190.699234008789,0,163.88671875,141.959656348595,160.139668273926,82.0840098063151,0,0,182.528259277344,0,172.393896738688,0,50.9845535780254,176.972206115723,0,184.660327911377,0,120.328563944499,79.4163496834891,140.614788279814,86.9270386990206,0,156.422338867188,140.61337570917,131.507382300592,169.312494165757,130.385250764735,0,0,196.077774047852,148.366061401367
89.2674132260409,19.7729627944472,59.0081986910031,51.5680454814381,78.0676186323166,97.5659439086914,102.472610671799,75.3071247473695,115.558379144952,25.1465860203951,94.307569732666,109.499988467194,85.9512889498756,98.8978775425961,109.927710515803,80.0986594962115,27.0158431078114,75.3143453812064,114.141838971306,98.6688152922302,93.3025088590734,59.2785241906877,8.25356223351888,66.0044781276158,37.4609465459901,71.2469152692932,91.5649935839927,36.3470513549297,62.9267619669862,95.2463846526077,62.9605881965212,110.724747397683,139.205243428548,65.6744508230558,75.2152046992861,93.5342788696289,30.0772919654846,105.947372436523,91.6366566744718,102.260183970133,0,150.703139411079,160.481685638428,171.452000935872,86.1124610900879,153.165033976237,166.520111083984,140.339569091797,111.457138061523,219.845687866211,0,58.4497886070838,0,0,162.313568115234,190.238403320312,0,14.6543211570153,92.7599767049154,109.624315959651,93.6111869812012,151.548235575358,105.132046699524,141.332968521118,171.38981628418,70.2984390258789,144.250495910645,0,86.378059387207,176.845825195312
82.5985139279838,78.0807426507524,35.3775607516435,103.454859476241,145.744680616591,161.138916015625,125.231827965314,84.6193191682787,110.771589593538,118.196746756177,117.398835937362,102.44419103217,155.509770480069,133.024014918009,100.009067586352,134.526524353027,20.4206489221905,32.7208534863488,104.222288187812,81.9637161199995,160.21212387085,33.1292008098485,66.0044781276158,18.7057268423298,82.8350766670747,104.282763394442,82.5392676345265,51.5847854306405,57.9503223777363,99.3563993165427,56.1929139673792,126.747649990782,141.951305770874,78.7050120154645,60.3109423033506,0,119.621154785156,110.519743372182,90.7921367221408,0,0,211.778480529785,175.167403157552,208.653126307896,118.443786621094,197.473770141602,0,0,187.945175170898,168.207200622559,0,28.5941866795014,137.170426686605,182.421264648438,189.419413975307,0,135.784542581309,75.1822056489832,115.671814342877,133.270358857654,130.353336334229,156.472668734464,115.059868932224,155.487854003906,177.056301410382,158.985273187811,0,0,160.250411987305,146.283271789551
76.1414866426806,89.2934535520473,112.929781028203,39.6048952134973,31.3040746417139,85.3142176541415,78.6936745324923,50.5757140833055,93.1991540677757,20.4580468820758,64.0278131755488,158.833461424884,18.115547575943,152.77617027646,95.6361178280262,49.778735467662,40.5171344863731,131.486012670344,165.715805053711,153.830018258864,24.6630362318059,25.4136578752444,37.4609465459901,82.8350766670747,12.2446808892669,126.424716949463,141.943574605207,95.4602310714625,16.3565798772413,85.7149175852537,72.8308901876773,172.963710361057,136.081092834473,71.205138150095,102.133855800533,130.097552054269,174.906185150146,165.683504740397,55.4655129775749,93.6130577369972,0,132.802243574955,113.907801335401,144.392827124345,70.8671236803932,127.891784874169,207.409428914388,122.047382627215,172.690982818604,147.355311058308,0,80.8913545608521,187.142950057983,215.833048502604,214.956089019775,116.627007206784,134.5565589456,83.93948988481,157.004238530209,81.1787493108941,162.728393554688,195.782125854492,162.473081180028,113.644537099202,144.711748572869,127.923108693716,209.714813232422,192.709022521973,127.578249613444,139.67912866929
145.57908821106,24.1172354295631,101.867147718157,25.6755013467335,167.177037556966,124.500250339508,113.030254364014,158.505418565538,116.301483808245,112.310071572293,187.607625325521,25.7579954940956,163.338832855225,16.8927505348522,139.990802633351,150.210340450972,117.775713920593,82.9871576749361,45.4064727504079,51.6222927821667,226.111938476562,155.41579246521,71.2469152692932,104.282763394442,126.424716949463,8.95992438935428,39.0771673712085,24.2815860085392,167.31416015625,105.061428857228,153.497857900766,49.2985187406125,85.9011092185974,156.971778869629,66.0007363860287,0,89.3981547355652,209.117401123047,36.0494652537556,0,0,219.023147583008,178.861938476562,174.57063293457,143.341941833496,177.169967651367,67.7933687482561,0,54.9352515491087,161.514129638672,0,0,226.944946289062,91.4159562587738,108.593344468337,0,146.557342529297,0,0,164.853998819987,43.3715246021748,83.5604176755811,87.5894421325333,219.726455688477,151.595530192057,162.245399475098,73.8133208176185,0,0,106.447914123535
117.519577310945,56.8498176551013,42.2919845166798,58.7471040177019,166.249583959579,117.401905653212,156.546082259975,138.454241927946,143.022085835914,134.457786718345,166.624325836505,34.3093438388146,180.500447591146,53.1001408628467,138.251681216434,161.86597442627,123.275837569401,46.5986202137319,35.1984465430493,36.5493669233102,188.336068047418,116.071369784219,91.5649935839927,82.5392676345265,141.943574605207,39.0771673712085,19.6249101889545,50.7364772143168,137.378306674749,129.084605826272,113.099591360218,40.9315624849966,113.036269338507,125.273765401637,74.3594439528964,200.641311645508,118.027139027913,114.585176086426,67.9000270814824,214.378555297852,0,200.425933837891,191.122870309012,192.78505859375,187.181555175781,219.213541666667,104.743211651793,0,96.6249183708138,181.775147094727,0,173.498229980469,129.428379821777,101.857879164656,119.801841370797,197.234237670898,209.354507446289,156.371454092172,128.83529510498,196.795290265765,77.6049128493218,96.3155037330114,105.291019702271,198.058227539062,176.949450174967,170.621838378906,102.396670509787,213.129150390625,165.74983215332,132.922200428356
129.471861605001,31.1809923887792,37.7206962178529,66.1401437373388,138.56295992148,123.008227141007,149.454879390725,111.983491955696,140.836462667166,122.321590702921,137.338942272089,68.0954083260525,169.702611004865,40.2932670869648,139.115957594952,158.982521996131,27.2937804771386,70.628757046598,65.371710346109,71.9727463776945,168.743389977349,87.7812688875115,36.3470513549297,51.5847854306405,95.4602310714625,24.2815860085392,50.7364772143168,17.3516907784712,85.1483540366148,129.448871200063,110.760476574721,42.4094277726883,119.323116824501,121.512289170296,76.806072142066,178.790157318115,117.666815621512,111.799721600258,76.7273895740509,173.654530843099,0,173.221609933036,190.783067249116,186.977947387695,168.496692112514,205.718058268229,111.066981260804,0,92.1686743866625,186.588217926025,0,103.632345254081,136.095733642578,109.937402426478,129.797852094783,182.684783935547,152.715307447645,111.298456055777,122.207699603345,143.891377203805,80.4461393356323,105.239375698369,109.711021353131,171.212961084702,187.830601742393,174.083532714844,106.625700919859,138.213165283203,136.977111816406,142.201531546456
77.1424035292405,115.985160516233,83.8444575895988,54.6293960377068,18.7031082254764,101.208835601807,72.5474563117789,32.427381656184,81.7419597860724,52.5589954175302,30.2199575232944,167.246851114126,42.3569017385508,177.407438964844,77.5844583021169,81.6820270798423,45.5804297093815,116.635678740327,187.450057983398,153.481829978324,29.2608129663474,30.4768856815769,62.9267619669862,57.9503223777363,16.3565798772413,167.31416015625,137.378306674749,85.1483540366148,10.4267412088328,88.1997590179126,39.2393440691835,176.17234717475,154.724814278739,66.5612895203577,84.9057705540565,141.547674291274,0,158.803065829807,74.1189193552191,44.2836829645837,0,146.603609466553,124.120759383492,151.953177152361,84.7174236025129,151.130776104626,203.83979288737,134.147068332981,215.968971252441,161.258580876493,127.274762471517,76.6191761958135,185.257658216688,0,219.971728515625,138.73225281204,138.389060211182,117.014457321167,142.983412606376,79.2171576884324,0,195.23979695638,167.693558770257,126.935347357029,154.453799874442,130.719267833082,220.03865814209,210.626968383789,137.61183794807,145.903712253945
15.469224659872,112.55857311048,128.960187780067,84.1836456783385,105.087238803687,21.1676359501673,55.9868953564117,70.0387601863532,27.6734743441366,83.2408987133507,92.3393768763992,83.9457435307878,105.007113635843,97.5165927688797,19.7457440220204,107.321379439472,110.371745853634,107.958067975857,126.228011105039,122.300452778069,100.480182693254,73.990715412805,95.2463846526077,99.3563993165427,85.7149175852537,105.061428857228,129.084605826272,129.448871200063,88.1997590179126,12.177098459965,33.2786156509014,142.906396587243,11.9768911157938,15.3637508587251,48.6971936547745,158.557636260986,168.425987243652,191.532646179199,103.781277311021,136.709618631999,0,186.043094032689,158.372780574626,182.725834713706,115.82074409061,181.914569430881,151.15983581543,205.787078857422,222.016067504883,182.375633762307,179.730804443359,171.113827705383,180.26008605957,156.768007914225,170.755512530987,188.580804443359,160.955076429579,142.636033194406,180.241442871094,138.685216222835,164.236320495605,139.581808957187,160.360579354422,151.619469572368,181.403288269043,159.755263061523,174.005447387695,0,158.853140694754,183.419405449761
27.0362020194357,112.750223613921,84.3234827317223,64.4159979051159,100.707360767183,132.123626708984,110.044301710267,30.4004742516268,77.4530941126818,63.2856796565343,96.7916707043008,112.586122899274,119.697853088379,143.114178050648,49.5369827757329,104.256000225361,74.3239209355745,76.0071088488677,111.475232380192,104.014836371817,131.871532440186,36.2883442693677,62.9605881965212,56.1929139673792,72.8308901876773,153.497857900766,113.099591360218,110.760476574721,39.2393440691835,33.2786156509014,12.9607212003654,145.124427448619,135.681444803874,34.9317504197211,46.2078770528588,143.50040880839,0,175.067924499512,86.8637507512019,139.207748413086,0,171.463558197021,140.534407374371,161.295762252808,82.8982398293235,153.577613830566,241.201202392578,0,167.214256286621,170.727574539185,188.495132446289,106.293290224942,208.652364095052,0,199.437088012695,0,147.167036056519,134.375703175863,153.676375071208,119.031220150809,153.359893798828,204.759600830078,175.336193629674,128.101569575304,159.656173623126,138.414834854451,0,246.202224731445,145.321434469784,157.829799358661
159.286864060622,82.0462522674025,100.281893737334,87.9115218162537,199.066909790039,115.260059356689,152.312034144546,179.964242553711,160.933412386676,150.175130208333,196.016740686753,47.3866610368667,212.005615234375,22.3315016716034,171.792352422078,195.291763305664,150.758922576904,94.2321686700943,52.2799493928522,66.2847265335957,185.926025390625,138.497996738979,110.724747397683,126.747649990782,172.963710361057,49.2985187406125,40.9315624849966,42.4094277726883,176.17234717475,142.906396587243,145.124427448619,14.7763511720492,129.770199168812,165.128791809082,89.672207948392,0,130.618530273438,0,75.7742645957253,0,0,0,0,0,0,0,106.634330749512,0,96.8390566507975,181.170928955078,0,0,195.912933349609,121.955001831055,143.626909255981,0,0,156.551620483398,129.41667175293,186.358932495117,93.2018114725749,102.815505981445,126.304776191711,0,0,0,103.858271598816,0,0,191.919486999512
84.858341217041,106.004674275716,162.848903232151,105.164627075195,146.564338684082,10.3713840486666,16.6846486124614,125.881360505757,13.9130697895691,130.89868927002,119.649805886405,67.853124564595,122.717974853516,79.3883394467629,9.68413595901008,58.3382977937397,0,180.852716445923,99.1319163929332,103.1093334198,128.225518798828,130.589654922485,139.205243428548,141.951305770874,136.081092834473,85.9011092185974,113.036269338507,119.323116824501,154.724814278739,11.9768911157938,135.681444803874,129.770199168812,5.16459466359945,0,38.4436342681327,0,0,239.957489013672,0,130.049880981445,0,0,210.730346679688,0,0,0,162.049468994141,0,161.923141479492,0,0,0,181.739959716797,163.931915283203,142.179428100586,0,0,0,0,195.192047119141,0,166.610104370117,169.198837280273,0,0,0,0,0,0,0
37.9295701268894,121.38580271403,116.472095277574,70.3418356288563,90.1824578677907,125.277374267578,105.173964182536,68.3477350662315,92.8364374087407,67.7647258497264,96.0120123572972,108.193487192129,97.5329193115234,155.174315452576,39.4334859221521,99.2736682128906,82.5123108455113,86.8861486057547,111.494711739676,103.58054628445,87.9583180745443,56.2014060348994,65.6744508230558,78.7050120154645,71.205138150095,156.971778869629,125.273765401637,121.512289170296,66.5612895203577,15.3637508587251,34.9317504197211,165.128791809082,0,7.02485629054979,30.4905848638706,149.75172328949,0,212.249984741211,90.2275903875178,168.460815429688,0,163.389517211914,137.297914462619,167.065386685458,82.2706110818045,186.812781197684,0,0,0,162.624525960286,0,128.552809143066,187.067321777344,0,228.116744995117,0,132.492656707764,82.0732040405273,174.407968521118,123.901087725604,0,160.974212646484,194.104809231228,135.624853935795,162.751662635803,142.023129683274,0,0,151.559170532227,159.128280639648
68.2312905925731,64.0223474533628,78.8773143850939,73.2795432653183,106.414739677705,39.0879757922629,77.4367966470421,98.9523462077319,64.4238783339528,100.597673065623,96.289390818036,33.6130587950313,104.074634869893,61.3740976773776,64.8235051597085,127.41421583927,85.3811362465435,45.6988669056054,69.6319635137549,49.7901179757896,95.7160019181732,55.8151234516114,75.2152046992861,60.3109423033506,102.133855800533,66.0007363860287,74.3594439528964,76.806072142066,84.9057705540565,48.6971936547745,46.2078770528588,89.672207948392,38.4436342681327,30.4905848638706,11.3659134729567,162.029436551608,151.545416090224,120.617049769351,82.8368746870655,168.836831092834,0,185.45120008064,158.504300540256,186.795519002279,140.662481035505,192.795645973899,139.866718110584,186.275797526042,131.219389915466,187.814878191267,226.639205932617,113.116019287109,131.006656847502,134.499945627132,134.143264903193,168.337814331055,159.077684190538,126.645908991496,149.658082357267,139.184331161911,112.604713439941,122.562747599916,124.952155195885,153.729567918621,183.332420349121,161.216360684099,160.409627278646,0,179.054927062988,154.926014941672
151.159322102865,0,0,85.0631569527291,183.966911315918,0,164.397064208984,148.139251708984,175.141620890299,0,185.614532470703,221.09903717041,0,237.191604614258,167.36678641183,0,127.105361938477,173.983367919922,0,181.402309417725,0,0,93.5342788696289,0,130.097552054269,0,200.641311645508,178.790157318115,141.547674291274,158.557636260986,143.50040880839,0,0,149.75172328949,162.029436551608,10.9423804964916,120.696649947256,116.084532195447,80.2898082513919,81.506555971892,76.1331405639648,94.3978321022458,27.331694772172,43.9243800934677,70.5174535421626,75.8008210896197,117.622505045826,97.2014198303223,147.655871671789,16.3873869219583,98.0236680167062,97.8457095675998,97.3067388879248,126.086375437992,116.095036546302,83.4766418457031,83.3377269969267,84.0929205988494,87.5602640110812,76.572700859194,135.387766669778,123.271701384126,136.186690956537,83.1773613867212,22.3305268131319,25.553642065556,154.568362587377,93.0733283996582,33.9525589391675,68.5715970700504
0,0,135.13586807251,95.8279736836751,189.900131225586,0,202.738967895508,177.7236328125,162.303726196289,135.141162872314,0,145.024572372437,0,105.460249265035,0,0,0,147.900466918945,116.000198364258,128.437938213348,0,0,30.0772919654846,119.621154785156,174.906185150146,89.3981547355652,118.027139027913,117.666815621512,0,168.425987243652,0,130.618530273438,0,0,151.545416090224,120.696649947256,8.33062763633777,45.0521361250403,33.4440870115492,114.570662180583,141.591003417969,159.176675684312,132.572264237837,135.139712439643,80.9588513302731,169.487950642904,73.0850089900401,111.277075449626,59.7544239750786,136.349814786749,120.776877152292,68.0912747610183,59.0546514108095,75.242162903743,62.4864468679074,0,94.0548394521077,27.775706459654,75.7703700780869,87.4685850439255,25.893086621277,61.3899292115415,37.8228248833121,128.291872660319,126.838337354424,115.524907396985,79.6109879567073,110.840379714966,111.581815719604,70.4286543557403
185.586919148763,0,98.3157151124188,59.2802787054153,0,0,207.197550455729,179.242241995675,184.021381378174,0,0,147.587224324544,170.045989990234,145.86662902832,219.995468139648,0,98.5103052312678,110.330383641379,0,146.76525697254,0,155.817398071289,105.947372436523,110.519743372182,165.683504740397,209.117401123047,114.585176086426,111.799721600258,158.803065829807,191.532646179199,175.067924499512,0,239.957489013672,212.249984741211,120.617049769351,116.084532195447,45.0521361250403,15.0815639495493,49.0970111272739,137.52298227946,152.695915222168,130.025086355392,93.0808510898294,116.301900594787,114.767840067546,121.209613728073,98.3487623439116,151.027061462402,96.4707714059499,111.224033858073,137.039105848833,73.5025283740117,51.6100923906748,91.7871766005547,68.3521074047139,172.923725128174,65.1224558829001,45.5064633325182,35.2080274270808,111.851378650488,103.576523939768,37.7773021737618,35.2216399789979,85.0365127622619,138.966581358366,94.631704222226,101.584833888004,151.428901672363,109.754109700521,76.7962553720149
