12.1489146111675,105.86803817749,101.209440205996,77.9114394745269,105.953514099121,88.3097171077022,99.2534938490534,28.4447947924999,60.7762890339931,77.7527944352892,59.0089946077161,119.118882778472,123.71696807117,127.575823647635,24.3509083938469,125.61385345459,124.418302663167,111.413090304581,140.487544340246,133.11649533719,106.466939653669,83.0703022860099,95.2273457390921,94.3438681137914,84.2877398278429,161.819778442383,113.964904814988,130.898495317942,83.9018335693359,23.9553501749996,37.0950098862236,149.262346903483,83.2946238349466,40.6556847601226,79.7365975257678,142.780223846436,0,161.863333808051,87.5905306585904,190.353591918945,0,209.010218302409,144.405720760948,165.223715645926,100.733372688293,212.539588928223,0,128.923278808594,0,161.290740966797,0,153.624937057495,189.60942586263,0,174.615707397461,0,150.32551574707,102.189107894897,158.852098464966,119.809901484737,0,174.227615356445,173.12790788923,131.584090885363,159.89784934304,130.491315841675,0,0,194.434661865234,188.269686381022
105.86803817749,7.75973150152989,43.4185854989376,19.2990345274281,0,167.057441711426,149.488503011068,134.979118347168,135.985029602051,73.2166120766869,148.216627502441,65.449229033097,114.64888381958,43.9214881891412,148.24524143764,111.751055291358,52.8924726486206,56.4374988501799,67.4493968361302,61.3393777324035,0,131.957197189331,25.2622179406741,64.4049994021046,81.3275921013753,22.7112404810289,51.9635061290269,27.4421049807487,104.889456781848,143.7210824149,100.969627380371,85.9332056912509,110.255790710449,125.348167419434,70.4871232551441,0,77.2727718353271,95.7123242891752,35.3613314231237,154.613998413086,0,0,167.995239257812,0,121.344635009766,163.986557006836,0,227.783813476562,70.5448977152507,0,0,85.1883773803711,94.4165067672729,128.949573516846,110.614028930664,0,0,0,105.846652984619,146.094146728516,45.3688173294067,95.1727757704885,93.4640232831582,0,0,0,88.160285949707,0,0,190.646011352539
101.209440205996,43.4185854989376,12.9589999288861,45.310519487688,175.036808013916,170.21255669227,132.274815202796,98.2376521204559,120.295511265758,134.120244216919,124.8692234724,91.7561016297072,182.340050538381,104.335620580935,115.886551732962,145.291083017985,78.9885138796087,47.0320165871854,84.339027065701,74.7551253127081,199.53960609436,64.6768877274564,63.4527798955312,32.3383439410545,117.032067745104,112.081874084473,32.4131721085449,38.9917863469442,89.1488719551863,116.611454285218,85.2593200735915,89.0880871625014,172.723039369325,105.112420399984,70.7259583430247,170.964373270671,82.0457945527702,90.138085088264,60.0344390869141,0,0,184.519620622907,156.22294631958,184.707506815592,184.102365493774,172.476271493094,142.995362599691,210.296524047852,135.802012125651,174.798929486956,0,108.409305735997,99.8233104380526,155.807980855306,119.508818338084,0,123.188344893917,92.281840244929,103.514884788332,163.211329936981,120.652481842041,103.724663732711,92.7003356257969,153.53937329744,195.774291992188,137.855560996316,152.920356750488,243.597640991211,135.042256673177,109.642967785106
77.9114394745269,19.2990345274281,45.310519487688,24.6657114757432,72.9419689723424,124.855939865112,96.0904581252843,73.6685188460524,88.389022135364,31.9965912636069,78.938021768106,79.2995706323075,109.672509602138,53.7370995615043,101.735777647599,101.535068766276,34.126208092058,59.1771931824861,74.5737361907959,71.9778879772533,81.1461698091947,63.592034727335,22.6954956598867,49.4026004092352,44.0297171395012,32.1678615664333,55.8639266570409,35.5894467069722,62.5267192525601,86.9041217825879,77.7583205636624,109.737484931946,131.035938898722,72.5437539418538,77.9915779170705,104.581259591239,63.6959679921468,61.7484587619179,23.0079448948736,158.345502853394,0,96.361328125,73.1999801429542,119.691212336222,13.1857061386108,122.506997002496,244.481430053711,78.8259468078613,40.5726831876315,101.011674245199,0,52.0819912751516,68.9097035725911,83.056037902832,95.1170430864607,94.8835830688477,60.4511833190918,58.4665676463734,64.0013844647745,64.0133744955063,57.7948041915894,66.8840378237442,69.2646805268747,86.5559891088685,87.3804950714111,88.7627639770508,0,146.126937866211,71.4307556152344,91.6609468460083
105.953514099121,0,175.036808013916,72.9419689723424,10.9343169857659,133.864169380882,65.8170080040877,79.10908267809,103.687544086523,62.2761534230403,34.699885645093,156.782810974121,37.6731998855481,171.451177978516,118.218665589678,82.1578810865229,109.418815612793,199.916061401367,0,179.213447570801,13.3491736050302,167.24104309082,125.900157928467,180.848556518555,28.0605409072731,0,146.823806762695,184.130228042603,17.6593265176995,109.472211485384,168.00749206543,0,133.496840340751,69.2252712249756,102.072542585768,146.703247070312,0,0,80.2448742548625,28.0329520475297,0,156.467457255379,138.009706175172,172.791336657954,96.1148000789594,145.529382126241,236.267715454102,48.8688170601215,0,186.872862815857,134.374168395996,172.162811279297,0,0,0,31.4702409086556,0,186.86555480957,185.416137695312,106.868042170243,0,0,203.624061584473,141.763610469761,186.928942260742,181.090278625488,0,0,0,165.564441204071
88.3097171077022,167.057441711426,170.21255669227,124.855939865112,133.864169380882,6.99651461375585,14.206555410944,122.860961327186,25.5739723498105,65.7536769443088,123.33544921875,82.1148676191058,106.120061238607,141.738924662272,43.3568050783824,19.0378350064836,0,176.338358561198,0,167.115656171526,120.053833225795,132.487485249837,108.664967854818,156.578470403498,97.7557164705717,171.409729003906,182.74536895752,170.391767120361,130.542941846346,32.5573899694335,120.691088256836,0,12.3179857504355,0,44.0483521106196,0,0,0,0,0,0,0,0,0,0,0,0,0,0,203.503356933594,0,0,0,0,0,0,0,0,218.052047729492,166.196255770597,0,0,174.773525238037,180.034851074219,0,0,0,0,0,0
99.2534938490534,149.488503011068,132.274815202796,96.0904581252843,65.8170080040877,14.206555410944,15.2295649676314,64.7283313679567,25.6062215751833,71.9265483706279,39.1377786151791,96.0530499458313,33.771825474117,136.748244815403,49.7365640292879,17.7823416874991,124.751563517253,155.275003958439,136.647010803223,163.07344366003,57.6786046572965,120.690691355112,119.407572129193,126.738851341041,78.2581552354552,168.231854756673,157.663147771402,147.181982838024,62.568866574551,59.4051520985086,109.132238162784,159.043399810791,27.3753142450717,104.977663857596,72.0875548760453,204.043279012044,0,186.061340332031,99.5228107997349,158.04843402731,0,170.931958007813,146.872703915551,181.996765681675,107.351324535552,172.145784076891,215.948303222656,76.0146308898926,0,194.720027669271,0,173.207214355469,230.490798950195,0,169.520622253418,157.490344577365,0,165.893938064575,183.254066467285,130.065479636192,0,209.766883850098,200.371066502162,148.17491204398,190.202841440837,181.456059773763,0,0,207.614451090495,196.954442342122
28.4447947924999,134.979118347168,98.2376521204559,73.6685188460524,79.10908267809,122.860961327186,64.7283313679567,12.3333862055323,63.2496160680429,64.5332694374836,21.3233418737685,152.207844840156,104.784254028684,173.872502644857,50.053059115957,91.3142987205869,105.315447387695,121.675003339009,172.61984761556,154.573195792533,118.794669776127,68.3573430487325,89.9143239841905,82.2459717536717,57.192043946322,153.766723632812,128.72084311331,112.934122434179,32.9480488023468,71.8261164359149,26.2117802232136,175.479699707031,124.471778938987,71.8142180993007,83.598255272233,153.831939697266,0,160.505434476412,91.716750921205,151.168336486816,0,152.818105485704,132.176872936647,169.036217766839,83.9799575805664,146.74287689209,0,132.388519287109,0,163.312208075272,104.437744140625,133.821071352277,178.698631286621,0,190.721237182617,155.913513183594,158.72412109375,115.671311187744,153.6962987264,112.799139060721,240.075775146484,178.165863037109,160.812874794006,126.937029227683,159.478422164917,126.54173374176,0,0,146.607879638672,155.474593480428
60.7762890339931,135.985029602051,120.295511265758,88.389022135364,103.687544086523,25.5739723498105,25.6062215751833,63.2496160680429,13.5143038467171,88.1563435125788,41.6412346490784,96.8219125721553,88.0176052778195,105.964085874886,25.315088875895,38.2629754827928,131.679781946643,138.895295465108,156.464026750837,154.827619456712,93.2088939387624,102.722105645253,128.278677398083,112.162547487011,87.6044089315925,119.505541992188,142.240863325765,141.636012040238,83.6157075613994,39.8602163839688,78.2142409067865,170.607844543457,20.5863362550466,102.891377343072,88.7278120369645,154.60823059082,183.11120223999,176.794722747803,104.29212474823,161.09197769165,0,176.510269165039,145.141212183401,183.311090642756,104.437561035156,174.442923651801,235.389038085938,107.70671916008,232.134521484375,188.018584541653,0,168.97961139679,204.17453918457,0,210.763270060221,189.816248575846,170.48329671224,120.992686680385,176.333258542148,135.747595811927,215.706527709961,203.960378011068,185.08841873972,147.75579057421,181.028606912364,185.750020345052,0,221.11644744873,139.149627685547,187.473524093628
77.7527944352892,73.2166120766869,134.120244216919,31.9965912636069,62.2761534230403,65.7536769443088,71.9265483706279,64.5332694374836,88.1563435125788,10.3343111404575,73.0154024881609,130.981766700745,15.0156434198193,119.142880312915,100.219436645508,23.7166664619677,104.777352905273,135.808530660776,146.990391322545,137.651728091033,62.4868484569046,116.589445931571,26.0065712976376,121.961914524888,25.9550141563924,108.336182105697,136.077140994188,102.431434335787,58.7142215887055,86.3580741806485,66.0794840032404,147.58687210083,121.436949835883,66.0265196095342,87.8505045692876,119.946266174316,0,160.915435791016,42.3773659359325,105.370327305149,0,132.070199584961,107.749483032227,137.143369293213,51.8979998779297,118.745487785339,0,58.7249407645984,149.458358764648,129.408683776855,60.0852076212565,84.3989661080497,149.681335449219,0,0,101.431123352051,104.087856292725,45.5311559041341,119.343938191732,75.6775218238515,109.202476501465,179.024688720703,175.017394510905,104.533576657074,163.835130691528,83.2346801757812,0,164.673538208008,0,127.58087348938
59.0089946077161,148.216627502441,124.8692234724,78.938021768106,34.699885645093,123.33544921875,39.1377786151791,21.3233418737685,41.6412346490784,73.0154024881609,14.0167456999564,150.37597593714,28.7320350580762,161.646926879883,57.8174976018956,87.141468779246,94.5803245095646,162.502424143128,179.863437228733,170.879892985026,19.7050782315727,97.1798205952068,116.355130103327,108.824638309763,63.0534566611534,140.922012329102,154.165829138322,127.342007089649,30.7910510930739,93.6420408020728,71.4891598267598,183.941156387329,128.485584422308,84.6842324540422,91.5534987419309,179.46647644043,155.938171386719,168.975679670061,93.5713709491794,136.915523202175,147.216003417969,161.760619787861,141.131222353143,173.755806569303,99.316846499653,164.17583656311,0,113.950333781626,0,188.391126916764,159.190260887146,164.387278965541,0,234.145568847656,207.738784790039,152.653193791707,148.462409973145,141.731651306152,168.182489871979,120.917603770513,0,196.426000976563,176.743616739909,147.664582000732,192.897630625758,163.467413330078,0,227.960098266602,157.986315409342,188.932225036621
119.118882778472,65.449229033097,91.7561016297072,79.2995706323075,156.782810974121,82.1148676191058,96.0530499458313,152.207844840156,96.8219125721553,130.981766700745,150.37597593714,15.2483519649608,138.470527089437,22.8620453715338,84.5325007246902,130.324792226156,123.86438257554,49.7715096993289,23.7715660143632,31.2387568344977,137.511763153076,98.7492533365885,106.30959073235,77.2255982098695,150.123279820318,34.7866094439828,33.3674570047837,64.3728186256139,142.642056727147,75.8982842799225,106.177646015184,40.1522915105832,66.1826234705308,105.053426965491,29.1554296166246,0,112.183954238892,129.223644256592,81.3114467489308,0,0,235.095779418945,231.002792358398,0,150.034301757812,0,98.5533401489258,0,87.4203799177961,231.251861572266,0,0,143.945746830532,120.081260681152,124.617434646144,0,0,127.370755513509,145.664749145508,179.810660729041,80.5221907433043,114.366672342474,110.267150973597,206.231328328451,170.943557739258,175.028533935547,101.198517648797,0,0,138.489933013916
123.71696807117,114.64888381958,182.340050538381,109.672509602138,37.6731998855481,106.120061238607,33.771825474117,104.784254028684,88.0176052778195,15.0156434198193,28.7320350580762,138.470527089437,13.4539499658831,153.767860107422,106.191312056161,17.0033075502526,212.074574788411,185.91870880127,170.800470987956,175.363665771484,16.5945850293751,193.791770935059,83.4786493937174,172.900712803432,31.3820064695118,156.074822998047,188.37139415741,163.778398752213,58.9278881686531,108.860097846513,134.853825719733,176.682968139648,119.440601743501,105.285792032878,102.131085962819,125.104820251465,0,243.715805053711,105.185872021843,70.8838122332538,0,63.5322829593312,156.371817525228,104.56253027916,73.8789631878888,90.9875782997377,136.415161132812,16.4870027814212,0,107.835813903809,59.1959019364982,152.452423095703,0,0,0,16.7511247540159,0,185.990524291992,161.727188110352,106.088897842133,0,161.531127929688,205.934539794922,143.394972698505,118.276980808803,221.637466430664,0,113.995491027832,144.360580444336,113.325344379132
127.575823647635,43.9214881891412,104.335620580935,53.7370995615043,171.451177978516,141.738924662272,136.748244815403,173.872502644857,105.964085874886,119.142880312915,161.646926879883,22.8620453715338,153.767860107422,6.56876561371967,93.6121815015685,158.299283504486,121.847373962402,90.6295047941662,50.2860707333807,60.4916703140526,155.200245666504,0,83.1737212547889,114.426451973293,130.56996245102,17.5782425739037,21.2718933054059,29.1074842182841,154.102097511292,80.7364023903202,150.818436255822,10.2853427117033,77.0553488731384,116.764272054036,49.7593105915116,0,82.1609660557338,148.646560668945,39.7127764807807,214.324066162109,0,0,223.537750244141,0,147.719002314976,212.598266601562,63.4802153905233,0,64.4657749599881,0,0,0,132.937082290649,92.2039489746094,105.23065355089,0,0,116.09512051669,140.548706054688,169.761936187744,53.7245850996538,93.2020331673,87.7881405742995,205.661514282227,0,0,84.3206860351563,0,0,0
24.3509083938469,148.24524143764,115.886551732962,101.735777647599,118.218665589678,43.3568050783824,49.7365640292879,50.053059115957,25.315088875895,100.219436645508,57.8174976018956,84.5325007246902,106.191312056161,93.6121815015685,12.90646157044,49.5085515647099,141.734766642253,130.672781943032,153.074253540039,137.614191883489,108.427573572427,95.5299573166672,118.917869818015,105.944748870465,103.215124361443,110.302697181702,135.308065391648,141.490725804889,88.4001786472891,24.9527275098874,60.613848514451,130.504907495835,20.4259828878806,93.4641085674888,60.6438980590251,180.098152160645,149.781341552734,176.975011825562,111.00929271311,116.587364196777,0,194.949584960938,165.506928788855,199.399124145508,120.782869815826,191.965401785714,0,117.545354933966,0,199.504336547852,0,145.856697669396,188.113433837891,0,192.645879109701,0,182.059315999349,117.270790100098,178.5289453125,144.299337857011,203.30867767334,200.636653900146,181.817874397199,157.514873285962,180.284884804174,146.456130981445,0,0,164.905715942383,192.343240591196
125.61385345459,111.751055291358,145.291083017985,101.535068766276,82.1578810865229,19.0378350064836,17.7823416874991,91.3142987205869,38.2629754827928,23.7166664619677,87.141468779246,130.324792226156,17.0033075502526,158.299283504486,49.5085515647099,8.58715753480151,132.292320251465,154.971623011998,169.971145629883,152.006764411926,62.8199723969906,104.991264343262,75.1209719521659,151.182581583659,51.6390761003298,140.997021851716,157.771299743652,131.322897273002,88.1798686981201,63.529892245206,96.2551002502441,0,39.1720503221178,142.633466084798,85.8017552693685,0,0,0,102.098503112793,108.201452636719,0,156.160217285156,153.239906311035,0,127.413131713867,194.538803100586,0,72.619859568278,0,192.452514648438,0,0,0,0,202.892929077148,121.578277587891,0,0,0,107.577031850815,0,227.398971557617,0,143.20413462321,0,236.840805053711,0,0,0,148.655410766602
124.418302663167,52.8924726486206,78.9885138796087,34.126208092058,109.418815612793,0,124.751563517253,105.315447387695,131.679781946643,104.777352905273,94.5803245095646,123.86438257554,212.074574788411,121.847373962402,141.734766642253,132.292320251465,14.1301717840541,97.7655732631683,0,127.801728525469,0,26.5203340223886,28.9330411136004,23.7024274110076,39.3681217228494,90.3306873028095,100.064061104714,38.2761635741623,43.2615791977181,109.144999685742,72.7063189299975,134.209182739258,0,65.4046891530355,84.2964926632968,124.513434190017,102.291521889823,97.2442414104075,72.2531765529088,0,0,140.269142150879,137.443916593279,155.505596923828,133.298547363281,157.857069227431,145.301856994629,0,192.634002685547,144.681763240269,235.871719360352,90.6808587036451,128.132384345645,0,151.438624064128,0,104.88938898565,60.8411863099797,92.8961358282024,93.7083005991068,134.700946807861,139.098119588999,94.3176274146462,110.290330903426,146.278477478027,106.289419867776,0,0,108.676261901855,116.212786633035
111.413090304581,56.4374988501799,47.0320165871854,59.1771931824861,199.916061401367,176.338358561198,155.275003958439,121.675003339009,138.895295465108,135.808530660776,162.502424143128,49.7715096993289,185.91870880127,90.6295047941662,130.672781943032,154.971623011998,97.7655732631683,12.8000798587479,51.9317263288138,23.5057053419112,194.152435302734,65.1011724943197,88.0927121920848,29.9402258632601,134.367485796819,70.115048898233,33.4864196653859,67.8922579572961,118.302886534788,112.851511598145,80.2391299526814,81.0362913343642,169.89955785719,96.2770088063499,43.6471116357779,179.767613728841,108.573433707742,106.197000268387,83.4185514288434,209.161422729492,0,0,180.651156338778,196.674205235073,151.81169128418,177.949913024902,127.285102844238,0,127.833264668783,198.382171630859,0,141.159520199424,113.925866280833,130.769269307454,113.307705042912,0,150.636560058594,112.234293365479,127.794074368764,175.869134756235,115.444164699978,106.043272844333,108.945806404605,179.309798240662,228.280832926432,162.561115611683,160.978408813477,0,0,125.200991675967
140.487544340246,67.4493968361302,84.339027065701,74.5737361907959,0,0,136.647010803223,172.61984761556,156.464026750837,146.990391322545,179.863437228733,23.7715660143632,170.800470987956,50.2860707333807,153.074253540039,169.971145629883,0,51.9317263288138,6.09443919546362,22.571905938281,162.15998840332,113.850423398225,116.088718414307,90.0891970175284,162.735434395926,45.4324271087646,37.4463452941399,64.3793393829558,139.673634847005,129.14482863053,123.711746066224,51.6901473475266,177.96150970459,121.580340665929,57.5565879075032,0,0,0,71.9077138900757,0,0,0,178.550537109375,0,178.885437011719,0,128.675165812174,207.749206542969,96.3996220906576,0,0,0,155.59455871582,121.873462677002,122.781867980957,0,0,162.869366963704,168.71891784668,225.078269958496,89.9104970296224,107.697345009333,111.996667069998,0,0,0,111.095268249512,0,0,123.203310012817
133.11649533719,61.3393777324035,74.7551253127081,71.9778879772533,179.213447570801,167.115656171526,163.07344366003,154.573195792533,154.827619456712,137.651728091033,170.879892985026,31.2387568344977,175.363665771484,60.4916703140526,137.614191883489,152.006764411926,127.801728525469,23.5057053419112,22.571905938281,11.1661220970402,189.159525553385,88.6398410797119,113.212463552302,69.3723515679565,154.929241014564,47.9560554230135,34.4806712272083,68.135152932491,144.677594473196,120.064183520288,106.223451838774,59.592199567967,133.308639950222,108.241327872643,45.3406197776409,0,112.281111526489,130.465839551843,101.843145258286,0,0,175.637619018555,177.439000447591,0,199.28343963623,0,116.483353614807,0,98.1066296895345,206.668800354004,0,153.477979024251,120.243152098222,116.783803437885,111.900151994493,0,155.56228129069,156.404224395752,167.779528617859,191.981756210327,89.4332755406698,107.838756713152,110.793289611466,176.047233581543,211.13069152832,174.165939331055,106.378532409668,0,183.731430053711,130.324128786723
106.466939653669,0,199.53960609436,81.1461698091947,13.3491736050302,120.053833225795,57.6786046572965,118.794669776127,93.2088939387624,62.4868484569046,19.7050782315727,137.511763153076,16.5945850293751,155.200245666504,108.427573572427,62.8199723969906,0,194.152435302734,162.15998840332,189.159525553385,9.81748222492076,144.203224182129,150.166816711426,183.1770564488,24.3927535904483,0,189.178185462952,190.49448285784,33.5526048195416,105.850401040701,146.634316184304,166.862518310547,124.423744097859,90.683931350708,99.300725019739,221.555572509766,0,0,95.9289687307257,24.4140161521691,0,135.893963677543,141.627529568142,152.206348218416,97.9653913436397,131.397728973964,0,19.9041377159542,0,181.936352816495,107.14438356672,0,0,0,0,18.1992634727909,0,0,0,105.644996109009,0,0,0,126.169722061157,165.396659215291,223.808944702148,0,143.533432006836,159.950256347656,167.483135647244
83.0703022860099,131.957197189331,64.6768877274564,63.592034727335,167.24104309082,132.487485249837,120.690691355112,68.3573430487325,102.722105645253,116.589445931571,97.1798205952068,98.7492533365885,193.791770935059,0,95.5299573166672,104.991264343262,26.5203340223886,65.1011724943197,113.850423398225,88.6398410797119,144.203224182129,12.5069321693583,54.7978335037704,33.571578222478,38.3310914353579,116.659090042114,95.5581222103681,86.8776641857839,35.5972859407248,76.2185712116809,31.1818132186362,150.763516743978,145.61895275116,55.5834982130263,47.1144326440577,132.630262935863,0,129.954297919022,113.476656595866,177.310081481934,0,205.394154866536,125.458512600985,151.006239947151,97.9509680271149,158.014617919922,0,0,0,143.964322973181,182.544586181641,105.620866998198,149.945856306288,191.524566650391,163.173377990723,0,112.892485809326,72.4572924620716,114.552112382234,97.3669240198083,156.562850952148,159.985815048218,133.362462411519,116.275226851641,137.812258005142,114.032595080864,0,0,116.777675628662,127.940453224994
95.2273457390921,25.2622179406741,63.4527798955312,22.6954956598867,125.900157928467,108.664967854818,119.407572129193,89.9143239841905,128.278677398083,26.0065712976376,116.355130103327,106.30959073235,83.4786493937174,83.1737212547889,118.917869818015,75.1209719521659,28.9330411136004,88.0927121920848,116.088718414307,113.212463552302,150.166816711426,54.7978335037704,9.5846632621537,52.6008671321559,36.1684954160119,72.5984415892988,96.0697464942932,36.1157807717778,59.6342457816087,83.7791202525401,55.5318088464959,107.767217000326,141.063133239746,62.538570172859,69.9485389783785,108.319004058838,81.7804870605469,99.2075730323791,84.2102750890395,175.633239746094,0,129.526020050049,84.3304667699905,107.032632094163,44.6791020802089,129.134030151367,166.747489929199,152.604614257812,127.968627929688,103.716462634859,79.4914932250977,58.5190936886534,118.838975229571,144.790826797485,145.122851285067,156.834594726562,66.8269348844476,36.3190259300933,74.026296708642,56.442418953568,87.5021896362305,126.808150397407,82.6748425628566,77.2398465382967,93.858184337616,67.1397479484821,162.74235534668,126.898826599121,81.695716381073,98.4706711239285
94.3438681137914,64.4049994021046,32.3383439410545,49.4026004092352,180.848556518555,156.578470403498,126.738851341041,82.2459717536717,112.162547487011,121.961914524888,108.824638309763,77.2255982098695,172.900712803432,114.426451973293,105.944748870465,151.182581583659,23.7024274110076,29.9402258632601,90.0891970175284,69.3723515679565,183.1770564488,33.571578222478,52.6008671321559,19.1433565184227,88.2878684693489,108.211713790894,58.0588689602391,45.879453067658,56.5787088152696,79.3567158906915,56.262204910449,119.329790003159,165.671089519154,78.7630639356725,46.2570706246387,164.174901788885,91.4632036613696,97.2984016632365,78.5563482087234,0,135.709014892578,183.408837058327,154.478280611127,177.265206654867,110.762918260362,164.350137329102,152.183285522461,0,184.400695800781,174.885868365948,0,96.9099470471841,120.609462347556,157.043563842773,149.914854473538,0,116.773347489596,73.2669886713443,102.531610670407,132.662748655815,146.934043884277,129.874852722766,100.195659932511,139.90482069954,185.777770451137,124.651544455326,0,0,176.942609514509,125.263141014462
84.2877398278429,81.3275921013753,117.032067745104,44.0297171395012,28.0605409072731,97.7557164705717,78.2581552354552,57.192043946322,87.6044089315925,25.9550141563924,63.0534566611534,150.123279820318,31.3820064695118,130.56996245102,103.215124361443,51.6390761003298,39.3681217228494,134.367485796819,162.735434395926,154.929241014564,24.3927535904483,38.3310914353579,36.1684954160119,88.2878684693489,14.5526396510243,117.725745369795,134.259791714022,95.2379937794074,23.3257204446845,91.7561895084255,74.881173810028,167.091949462891,133.607439041138,72.8642937796456,91.6923594619289,125.134821370443,124.261594136556,137.595086317796,56.1933619174486,123.50556321414,173.942428588867,134.455442872158,110.500116037661,145.753877527574,61.4768440774147,134.455549864011,206.044790649414,108.627114337424,182.972358703613,144.956109619141,111.735784912109,97.5421102203592,157.472809300278,211.014984130859,198.194725036621,119.395072410847,117.700379241285,67.7001459143135,129.912960240098,90.5633518702362,135.452850341797,175.043757231339,150.305115142426,107.67750638842,146.107492331303,112.663078200142,0,175.323150634766,127.155524180486,137.326842171805
161.819778442383,22.7112404810289,112.081874084473,32.1678615664333,0,171.409729003906,168.231854756673,153.766723632812,119.505541992188,108.336182105697,140.922012329102,34.7866094439828,156.074822998047,17.5782425739037,110.302697181702,140.997021851716,90.3306873028095,70.115048898233,45.4324271087646,47.9560554230135,0,116.659090042114,72.5984415892988,108.211713790894,117.725745369795,8.35611961693833,42.6610299142911,25.415460113793,133.818387465044,108.507189875064,126.325684865316,49.1925676570219,93.7970096043178,0,51.5824801826477,0,87.7150148245005,97.3147455851237,30.7963500335103,0,0,196.778381347656,177.198994954427,0,133.247249126434,210.047225952148,64.8963460468111,0,60.9582597722558,237.229064941406,0,125.62572479248,103.820117405483,83.5060916476779,85.1401725769043,191.540405273438,133.669540405273,99.9077973799272,118.219295501709,152.163222757975,45.2171802908875,79.6378695964813,77.2170743595099,187.363705444336,0,0,79.959236723004,0,0,112.57976323908
113.964904814988,51.9635061290269,32.4131721085449,55.8639266570409,146.823806762695,182.74536895752,157.663147771402,128.72084311331,142.240863325765,136.077140994188,154.165829138322,33.3674570047837,188.37139415741,21.2718933054059,135.308065391648,157.771299743652,100.064061104714,33.4864196653859,37.4463452941399,34.4806712272083,189.178185462952,95.5581222103681,96.0697464942932,58.0588689602391,134.259791714022,42.6610299142911,20.0627086552442,43.5063099385628,129.166226700223,122.129888428644,98.1549735719676,25.2135371075266,171.114028218587,116.352648474953,65.1526273616745,180.48817952474,107.857640286709,108.321522021583,73.4969788304082,0,0,185.699005126953,192.014365059989,204.047912597656,175.582945603591,0,113.328877228957,167.464195251465,89.0961390775793,200.750096638997,239.297821044922,162.795314243862,110.644282821987,107.674965124864,102.108061267484,0,167.998637859638,130.014576503209,141.515769141061,183.760139770508,77.8584046477751,98.0092018658007,101.467843006799,184.987333025251,187.201196289062,171.351053652556,108.194031883689,190.071624755859,168.980758666992,109.981557388306
130.898495317942,27.4421049807487,38.9917863469442,35.5894467069722,184.130228042603,170.391767120361,147.181982838024,112.934122434179,141.636012040238,102.431434335787,127.342007089649,64.3728186256139,163.778398752213,29.1074842182841,141.490725804889,131.322897273002,38.2761635741623,67.8922579572961,64.3793393829558,68.135152932491,190.49448285784,86.8776641857839,36.1157807717778,45.879453067658,95.2379937794074,25.415460113793,43.5063099385628,17.816376480732,89.6595683279051,135.679041292142,109.928349982691,21.8655034581239,165.076065475876,123.243188417875,71.2744423823084,182.752507826861,88.5349059028422,89.655364226215,54.3695178221835,183.243515014648,0,197.33972749256,159.799447684452,184.639644474178,165.74817040626,177.413689804077,105.726335220978,187.752403259277,86.6198526443319,181.905563354492,197.451278686523,100.766494353415,102.248607009116,112.152739524841,106.060944167935,174.359985351562,122.429511846498,94.9732185848176,103.350914419218,150.649207436577,78.7370600946768,97.6768436479736,94.3408116538547,159.381662137581,183.039480686188,140.782776503129,105.174014015803,0,169.686848231724,112.513680544767
83.9018335693359,104.889456781848,89.1488719551863,62.5267192525601,17.6593265176995,130.542941846346,62.568866574551,32.9480488023468,83.6157075613994,58.7142215887055,30.7910510930739,142.642056727147,58.9278881686531,154.102097511292,88.4001786472891,88.1798686981201,43.2615791977181,118.302886534788,139.673634847005,144.677594473196,33.5526048195416,35.5972859407248,59.6342457816087,56.5787088152696,23.3257204446845,133.818387465044,129.166226700223,89.6595683279051,11.6633467735389,89.0089944268225,42.1693011080575,193.042080688477,140.041902439569,66.541989155098,69.6648882113715,137.031558206637,162.39337348938,167.349519093831,71.7352012185489,135.974756145109,0,150.144130706787,122.941234656917,155.61268182703,86.3479970248777,152.960718494977,209.408460617065,135.218153348533,157.017501831055,156.663128265968,153.27123260498,111.363999509964,170.272588820685,0,185.91370010376,142.39748155025,120.616541120741,87.6256442336562,138.136855477501,100.711664173099,140.651168823242,193.873803032769,155.631909107599,120.73967666695,151.778362610331,119.822895567296,0,199.555168151855,136.787796338399,145.818079667126
23.9553501749996,143.7210824149,116.611454285218,86.9041217825879,109.472211485384,32.5573899694335,59.4051520985086,71.8261164359149,39.8602163839688,86.3580741806485,93.6420408020728,75.8982842799225,108.860097846513,80.7364023903202,24.9527275098874,63.529892245206,109.144999685742,112.851511598145,129.14482863053,120.064183520288,105.850401040701,76.2185712116809,83.7791202525401,79.3567158906915,91.7561895084255,108.507189875064,122.129888428644,135.679041292142,89.0089944268225,13.0637019221277,31.1560334766752,113.906479971749,14.4497434133522,18.1187769810135,43.2375810611214,159.761207156711,167.035995483398,171.617993354797,96.1390022277832,159.677117781206,0,181.617144993373,149.119599812826,188.099000549316,104.341620741219,180.416914621989,223.880111694336,134.718200683594,105.59644317627,179.762687497023,176.285858154297,135.599527893066,182.406263871626,228.375854492188,205.503835042318,205.328674316406,135.991105760847,88.7686827810187,166.834217071533,129.681531637946,168.188323974609,182.580063431351,178.394853614899,139.277287710281,176.877550271841,138.1141488817,0,205.956207275391,148.833735942841,174.396701210424
37.0950098862236,100.969627380371,85.2593200735915,77.7583205636624,168.00749206543,120.691088256836,109.132238162784,26.2117802232136,78.2142409067865,66.0794840032404,71.4891598267598,106.177646015184,134.853825719733,150.818436255822,60.613848514451,96.2551002502441,72.7063189299975,80.2391299526814,123.711746066224,106.223451838774,146.634316184304,31.1818132186362,55.5318088464959,56.262204910449,74.881173810028,126.325684865316,98.1549735719676,109.928349982691,42.1693011080575,31.1560334766752,11.7221094788879,143.616599082947,125.909916132147,38.6058360830597,41.4290826714669,132.141700744629,124.000199890137,137.920293471392,82.9247360977472,156.86701965332,0,151.649438476562,126.73832374283,154.763645717076,73.7904354333878,163.254486083984,0,0,0,143.150225830078,0,108.085936315528,158.83527540124,0,189.178024291992,177.029159545898,116.361793669644,79.2557313658974,131.01402406611,107.410599313388,0,157.508598327637,153.213150717995,115.25966620489,142.297624277514,116.470413339549,0,0,121.698359749534,137.840794273045
149.262346903483,85.9332056912509,89.0880871625014,109.737484931946,0,0,159.043399810791,175.479699707031,170.607844543457,147.58687210083,183.941156387329,40.1522915105832,176.682968139648,10.2853427117033,130.504907495835,0,134.209182739258,81.0362913343642,51.6901473475266,59.592199567967,166.862518310547,150.763516743978,107.767217000326,119.329790003159,167.091949462891,49.1925676570219,25.2135371075266,21.8655034581239,193.042080688477,113.906479971749,143.616599082947,13.9384315150285,149.545687357585,0,74.0507733983901,0,117.709981918335,0,88.1255893707275,0,0,0,0,0,169.151237487793,0,122.249432881673,0,94.1791862281593,0,0,0,136.615127563477,98.980297088623,126.237248420715,0,0,143.006434122721,187.551200866699,0,77.1303592863537,110.876517278498,114.583202582746,0,0,0,105.401235961914,0,0,131.85356648763
83.2946238349466,110.255790710449,172.723039369325,131.035938898722,133.496840340751,12.3179857504355,27.3753142450717,124.471778938987,20.5863362550466,121.436949835883,128.485584422308,66.1826234705308,119.440601743501,77.0553488731384,20.4259828878806,39.1720503221178,0,169.89955785719,177.96150970459,133.308639950222,124.423744097859,145.61895275116,141.063133239746,165.671089519154,133.607439041138,93.7970096043178,171.114028218587,165.076065475876,140.041902439569,14.4497434133522,125.909916132147,149.545687357585,5.62043000891541,0,47.2211203485165,0,0,0,136.468322753906,231.989280700684,0,0,184.217654418945,231.672248840332,119.963905334473,216.081436157227,0,118.956680297852,0,201.978317260742,119.734481811523,0,0,0,0,0,0,0,222.214935302734,177.989658174061,0,195.162887573242,242.90446472168,177.649063110352,206.857208251953,0,0,0,0,0
40.6556847601226,125.348167419434,105.112420399984,72.5437539418538,69.2252712249756,0,104.977663857596,71.8142180993007,102.891377343072,66.0265196095342,84.6842324540422,105.053426965491,105.285792032878,116.764272054036,93.4641085674888,142.633466084798,65.4046891530355,96.2770088063499,121.580340665929,108.241327872643,90.683931350708,55.5834982130263,62.538570172859,78.7630639356725,72.8642937796456,0,116.352648474953,123.243188417875,66.541989155098,18.1187769810135,38.6058360830597,0,0,7.77155691764371,30.2821239763034,131.448852539062,0,228.957656860352,77.7071243286133,0,0,161.899612426758,132.860815048218,150.600517272949,90.5745372772217,127.270965576172,0,0,0,155.820371355329,0,119.672498914931,172.161041259766,0,0,0,107.130676269531,83.2878843035017,162.366756439209,111.520380517711,0,158.290649414062,184.164069039481,120.239431194231,148.221245398888,113.941709899902,0,0,122.720408121745,130.119844055176
79.7365975257678,70.4871232551441,70.7259583430247,77.9915779170705,102.072542585768,44.0483521106196,72.0875548760453,83.598255272233,88.7278120369645,87.8505045692876,91.5534987419309,29.1554296166246,102.131085962819,49.7593105915116,60.6438980590251,85.8017552693685,84.2964926632968,43.6471116357779,57.5565879075032,45.3406197776409,99.300725019739,47.1144326440577,69.9485389783785,46.2570706246387,91.6923594619289,51.5824801826477,65.1526273616745,71.2744423823084,69.6648882113715,43.2375810611214,41.4290826714669,74.0507733983901,47.2211203485165,30.2821239763034,11.5305035666585,186.938507080078,118.30728064643,105.09342250824,88.5414824904057,130.853563944499,0,192.747875213623,147.656251059638,181.290016174316,94.0377796718052,172.730554199219,135.926640828451,101.089161682129,136.63121287028,171.978196461995,0,120.373068067763,124.205521283831,141.737657546997,117.989518029349,0,129.008892822266,99.3670444488525,127.558453419169,126.434200035134,86.752863407135,115.685779194255,115.315743688506,136.266678102555,162.77532686506,128.733003828261,98.6963233947754,0,151.179728190104,144.810346266803
142.780223846436,0,170.964373270671,104.581259591239,146.703247070312,0,204.043279012044,153.831939697266,154.60823059082,119.946266174316,179.46647644043,0,125.104820251465,0,180.098152160645,0,124.513434190017,179.767613728841,0,0,221.555572509766,132.630262935863,108.319004058838,164.174901788885,125.134821370443,0,180.48817952474,182.752507826861,137.031558206637,159.761207156711,132.141700744629,0,0,131.448852539062,186.938507080078,12.8249685741363,135.402926445007,106.53610184941,73.3574066467285,98.6461578651711,87.6463813781738,85.9171239122932,25.0762335888569,38.0755958727175,74.3785730110583,78.2922736459387,124.132310962677,107.55247546465,154.89294215611,14.9207638805363,68.5291531880697,98.3769577689793,107.85899674265,139.77964637393,125.228404589292,89.3076697177574,90.6711451483111,75.5235546535916,102.87689830567,76.9986452613372,139.195500691732,124.594671499234,132.569368983424,83.0218069410324,20.2540501073218,24.4286457769472,146.717658996582,80.288569400185,42.1801083135925,67.3836506487985
0,77.2727718353271,82.0457945527702,63.6959679921468,0,0,0,0,183.11120223999,0,155.938171386719,112.183954238892,0,82.1609660557338,149.781341552734,0,102.291521889823,108.573433707742,0,112.281111526489,0,0,81.7804870605469,91.4632036613696,124.261594136556,87.7150148245005,107.857640286709,88.5349059028422,162.39337348938,167.035995483398,124.000199890137,117.709981918335,0,0,118.30728064643,135.402926445007,8.15183993992321,43.0639694741432,22.1797467447475,176.470825195312,0,146.375457763672,117.761378107844,149.256723022461,87.794158883051,147.712266540527,73.7013101577759,135.046419416155,55.5452903392703,147.38143825531,116.175670199924,44.4166235301806,51.257358688492,75.5423243754619,54.5727599368376,144.173721313477,85.0472404162089,24.459663386557,65.1967838084803,82.3564385500821,26.1879016940908,48.9540507555182,33.8761754342391,106.808383354774,127.812304178874,98.9106436593192,84.7103495788574,0,108.383325576782,57.7742604734671
161.863333808051,95.7123242891752,90.138085088264,61.7484587619179,0,0,186.061340332031,160.505434476412,176.794722747803,160.915435791016,168.975679670061,129.223644256592,243.715805053711,148.646560668945,176.975011825562,0,97.2442414104075,106.197000268387,0,130.465839551843,0,129.954297919022,99.2075730323791,97.2984016632365,137.595086317796,97.3147455851237,108.321522021583,89.655364226215,167.349519093831,171.617993354797,137.920293471392,0,0,228.957656860352,105.09342250824,106.53610184941,43.0639694741432,13.6758350869972,44.5045997256324,179.423227582659,182.810119628906,118.005574870313,91.6671610209021,119.557769910984,102.628907290372,107.440542466801,91.1503213644028,186.513061523438,92.4745839436849,118.134145577989,136.776092529297,82.4074991802837,36.2855322428687,99.2037939344134,69.5323315692204,231.171188354492,64.4996546891631,42.6534191866716,32.9027397941934,103.682428105672,74.5195671717326,28.4646371555357,28.2758327888674,79.1122907085695,132.119869529427,84.9056778098052,100.254087766012,181.604969787598,110.140155958093,68.0962907783056
