11.3119756262598,101.388360595703,70.0048229357809,72.0844800447163,84.9101320902507,62.9514770507812,49.6935803351864,29.9828747486568,20.9086040998838,69.2946021733846,38.5701375657862,118.113093058268,81.5179429895738,0,9.12517487168898,89.0482737223307,0,78.4553523930636,120.627288818359,109.565194171408,75.1253386603461,46.6986049877892,73.9914074852353,51.34449619581,65.9713469101832,112.113349914551,98.8611296625096,88.8747196634307,55.8001480962716,14.0170952871181,28.5882190333826,0,59.8155536651611,15.8974894029754,60.8427993274126,151.036529541016,0,0,101.406091054281,134.920913696289,0,188.211563110352,132.98063659668,142.352508544922,78.5488640921456,120.725257873535,0,142.488204956055,0,0,0,0,0,0,0,119.59880065918,0,103.341125488281,128.57373046875,107.107941945394,0,0,0,128.106082492405,0,141.812301635742,0,0,146.739212036133,167.505859375
101.388360595703,5.25269542799268,32.5420327581024,20.5719462966919,0,0,137.092156728109,105.123027138088,125.007078087848,82.5122729214755,121.689427693685,47.2728812327752,123.570419311523,41.2362492425101,120.993980407715,0,57.6432124796048,47.8761830646629,72.560489654541,49.0869846574838,136.912338256836,73.819888267988,12.8769013842084,57.7249144002011,88.6329062450891,23.1872927648005,36.14571284212,31.2324461401917,90.2343150009344,95.6686357770647,75.5795417234122,67.5325078964233,82.9117126464844,80.7718528464988,47.3216608105604,220.241958618164,36.172534942627,54.2486061096191,39.6723734991891,0,0,0,0,115.659423828125,0,0,73.6449451446533,0,0,0,0,75.7860679626465,0,130.408920288086,94.2651906694685,0,66.87109375,43.4767242007785,77.0817642211914,82.5967788696289,41.4408402442932,78.3388722068385,64.7712324582613,0,0,79.2672348022461,0,0,0,73.710028330485
70.0048229357809,32.5420327581024,10.1599354689626,41.53512497668,121.403968811035,137.052855900356,106.038167838591,78.0681538707552,99.5616213003368,95.5756188528878,83.5813827514648,72.0955608737084,124.172262573242,73.4519865853446,89.715179920608,102.14226436615,56.2986957750822,42.430789032372,78.0097176688058,58.7991834700917,143.96794128418,63.8360858799256,32.8996678305914,18.0744512073753,87.0399534052069,62.3710974416425,20.9247811614088,16.3993025091884,56.6483616095323,67.305278114416,55.6307331438836,73.0583750406901,128.543130493164,69.2151154604825,49.1527399972081,183.816696166992,50.6401679992676,77.6789061228434,58.5117442482396,0,0,0,0,0,117.131210327148,138.144332885742,0,0,0,137.052139282227,0,107.581344604492,0,0,115.142997741699,0,138.320358276367,59.14898816277,129.636669158936,109.361814498901,133.430618286133,99.0776424407959,109.538066319057,108.139137268066,0,0,0,0,147.367481231689,132.389984130859
72.0844800447163,20.5719462966919,41.53512497668,51.9447619339515,55.7426696544936,106.569752057393,78.1481819394269,51.8061401527676,75.832692139237,15.7352029549707,65.8314287854337,43.9802855114604,66.6696836733705,40.7298748016357,79.8715189070929,70.6908816496531,67.3723939040612,50.6446867897397,54.9631312977184,47.4194849943503,72.1360467224121,78.4327674216412,27.8523550802662,64.230226188306,34.3813945207272,16.6053168889439,35.6507583066958,38.2120010656305,48.0280185316467,72.0977480101529,59.9610212390954,57.7308320999146,106.938680949964,60.529196846934,56.5783084008752,70.7594909667969,27.4060005727022,57.8022405836317,22.821385383606,0,0,74.8675537109375,44.3314361572266,0,75.9725828170776,0,40.0884810638428,0,41.1836250850133,137.773025512695,0,98.5063323974609,63.473635160006,83.6323585510254,55.4107880768953,0,90.2844161987305,51.6024908338274,105.627422332764,86.3051490783691,28.1540608192558,48.7262112564511,45.1866078115214,112.172953605652,0,0,0,0,138.386825561523,61.9661663770676
84.9101320902507,0,121.403968811035,55.7426696544936,7.97669745146695,116.473983764648,60.8314374340467,38.671917783297,87.8359195269071,44.1462661981583,27.2531532382437,0,24.7848649735166,0,93.9341122553899,65.2508987426758,0,0,0,0,11.8576496765863,0,87.7691833496094,107.934865315755,13.2462378957869,0,0,102.365604400635,14.3370503829437,87.868461265564,0,0,0,75.7489697000255,84.1976798912147,0,0,0,66.875,18.0786274320939,0,123.357097625732,121.747165679932,181.267578125,64.591157913208,144.165639877319,0,5.48863719031215,0,122.050064086914,0,0,0,0,0,14.5328068760938,0,0,0,84.6585298881935,0,0,0,114.144860701127,0,0,0,0,0,147.650985717773
62.9514770507812,0,137.052855900356,106.569752057393,116.473983764648,6.16336282788552,12.9296388500822,89.6670024477202,16.1260778639413,100.914215683937,88.8012720743815,65.6105510166713,96.942502190085,0,23.8873236666241,12.4941949654026,0,169.577972412109,0,88.6397285461426,118.547397613525,112.441230773926,104.393705368042,120.09126663208,111.172792098101,68.6734008789062,150.038166046143,103.421942574637,108.818164693898,21.352558195591,102.455492655436,0,9.25814394050371,160.396865844727,33.2101670758478,0,0,0,89.816577911377,0,0,175.512344360352,183.206604003906,0,128.734001159668,181.836990356445,0,0,0,0,0,0,0,0,0,0,0,0,0,156.527736118862,0,0,227.293670654297,158.973795572917,0,0,0,0,0,0
49.6935803351864,137.092156728109,106.038167838591,78.1481819394269,60.8314374340467,12.9296388500822,8.5015708654119,42.5454893656367,15.3202122773582,82.967425153929,22.4437593641074,91.4468921661377,28.2132926857038,86.7422332763672,22.0098658781872,15.4444596822581,0,131.683134599165,0,126.620057787214,39.2914908274227,81.0825034247504,103.88634790693,86.760713654387,73.3839126869484,137.436134338379,128.106705368749,110.2073802948,54.7425689472342,36.2039010179738,70.3516921018943,0,12.8088417101073,75.3759284386268,42.8693948026289,168.945150201971,0,0,91.5355319976807,150.105523681641,0,160.33588663737,163.179595947266,162.588528442383,100.229525146484,153.44766676161,0,156.329727172852,0,171.401268005371,0,0,0,0,0,144.262252807617,0,0,152.027969360352,113.085619223238,0,197.629760742188,0,139.166469400579,175.501993815104,182.524622599284,0,0,168.38200378418,169.378637695313
29.9828747486568,105.123027138088,78.0681538707552,51.8061401527676,38.671917783297,89.6670024477202,42.5454893656367,9.14257516435177,44.2072010998811,53.1523124004295,17.8027351080353,142.266761779785,41.6341286419335,0,43.0439028858525,53.3717197315805,79.7996030535017,103.306276230585,142.325302124023,118.102664311727,52.1147465032373,45.9319058483362,68.973929883905,54.5173917303208,43.6948535203136,132.554964701335,99.9267879377093,74.7011324431815,23.4345753645859,41.2118066998123,15.4621551099005,0,96.396467590332,44.4066906194577,51.3524996241621,126.204727172852,111.754356384277,145.220413208008,66.0649310350418,124.577424482866,0,124.640034531102,118.680964383212,131.186751114695,73.6590993404388,122.432342182506,0,108.016990661621,0,137.575560251872,135.437240600586,100.695938110352,0,0,0,123.757705688477,0,0,0,86.4072611096879,0,193.852630615234,196.899429321289,108.785969469921,150.16242980957,169.638626098633,0,0,138.765754699707,144.406342400445
20.9086040998838,125.007078087848,99.5616213003368,75.832692139237,87.8359195269071,16.1260778639413,15.3202122773582,44.2072010998811,8.62187199215293,79.5503512249394,23.2607542768775,76.8140746222602,63.8076191631596,70.6653747558594,11.95509590503,25.890915839601,100.087566375732,114.327611056241,103.529266357422,114.147313495015,81.3077734526941,75.0398127997099,96.373551578845,80.7811352365835,78.9557862712334,117.739791870117,121.189213644598,108.517845994335,68.6568516760101,24.8270583785088,61.0632331957992,0,15.9378884977741,59.1671330378606,38.5182369293091,162.444748687744,0,0,95.1606333414714,155.313800518329,0,152.836934770857,139.991536821638,167.838633044013,98.7518658229283,148.465875689903,0,174.316825866699,0,171.943391723633,172.039958953857,135.445083618164,0,0,135.877288818359,154.267199348001,207.647537231445,0,145.367538452148,114.063113154787,0,0,170.163505554199,135.994408077664,178.651765303178,150.092071533203,0,0,161.988074408637,164.209420885359
69.2946021733846,82.5122729214755,95.5756188528878,15.7352029549707,44.1462661981583,100.914215683937,82.967425153929,53.1523124004295,79.5503512249394,8.04131659634688,71.3630657138421,130.436454772949,14.9008057292266,0,79.1101723846805,19.4370951321537,65.224673614502,95.5820255279541,0,148.420740127563,66.5664059021894,76.8183046976725,21.0800110531163,75.4062889315558,21.3941294314013,74.273193359375,112.645607842339,78.0831968324994,45.0051051919449,70.2455604164306,59.1278509134611,0,109.906540461949,57.7655269203457,67.6908832339497,0,0,0,40.6622221810477,93.3240661621094,0,110.76399230957,70.7686614990234,135.536148071289,61.2773885726929,104.969909667969,0,0,0,0,47.8668212890625,110.541969299316,0,0,0,92.4525436401367,74.8759994506836,114.11011505127,130.008728027344,55.4576817689119,0,0,0,105.755856831868,0,0,0,0,211.33659362793,171.139877319336
38.5701375657862,121.689427693685,83.5813827514648,65.8314287854337,27.2531532382437,88.8012720743815,22.4437593641074,17.8027351080353,23.2607542768775,71.3630657138421,9.37125497090638,120.800464630127,23.1096337603616,0,25.7512900284071,46.3423328453999,106.417430877686,140.812671661377,0,127.987232208252,16.2786518202851,76.2036106109619,88.3843754359654,66.492921239401,47.7848660976249,0,104.515718633478,103.227651270424,18.6579708579269,57.9249394959657,47.2032090764846,0,88.6392024004901,52.423108234292,64.1545425186809,158.995594024658,0,0,80.1266440285577,139.922044754028,0,142.712355477469,138.92965359158,151.132703680741,96.3302521705627,140.121937579419,0,143.304084777832,0,164.449181450738,177.285995483398,0,0,0,0,136.140474228632,0,194.020477294922,146.619514465332,99.4123051816767,0,0,161.169906616211,127.550885865183,171.837075805664,153.184143066406,0,0,152.878576278687,163.628866342398
118.113093058268,47.2728812327752,72.0955608737084,43.9802855114604,0,65.6105510166713,91.4468921661377,142.266761779785,76.8140746222602,130.436454772949,120.800464630127,10.0940979866435,200.519119262695,17.3674356748018,103.814179897308,0,85.609546661377,44.9380559357627,23.5285653284247,20.0278751880747,0,77.1370045253209,87.3612778981527,67.7655718854365,0,25.3678979633712,26.1399204719303,37.5234294194661,88.7696711222331,72.6064983912877,79.3722182608939,34.4110513947924,58.685434781588,80.593731880188,25.5572941857312,0,47.9066421508789,0,117.875015258789,0,0,0,0,0,0,0,83.341189066569,0,100.504913330078,0,0,0,139.657165527344,93.4857864379883,84.2337947845459,0,0,84.2807540893555,0,0,56.8277744717068,83.0659473486114,78.7854817199707,0,0,0,90.6952438354492,0,0,81.4603533063616
81.5179429895738,123.570419311523,124.172262573242,66.6696836733705,24.7848649735166,96.942502190085,28.2132926857038,41.6341286419335,63.8076191631596,14.9008057292266,23.1096337603616,200.519119262695,8.47178518087325,0,87.1604468678854,11.7068686628087,110.218948364258,0,0,136.364593505859,12.2537428038011,144.112579345703,68.9018185523249,96.0615056355794,17.8705121094588,0,157.654067993164,107.215675354004,33.0314420587876,79.6864607519959,88.7983328501384,0,104.22467313494,76.293874348309,74.8574404792448,0,0,0,69.6029137505425,47.0296618143717,0,78.7099023901898,167.71403503418,0,108.200780051095,110.180776769465,0,10.2538883105537,0,198.838760375977,110.13862991333,125.223442077637,0,0,0,9.53047882198717,0,0,0,100.810864809181,0,0,0,140.73278427124,180.115135192871,0,0,0,169.219100952148,0
0,41.2362492425101,73.4519865853446,40.7298748016357,0,0,86.7422332763672,0,70.6653747558594,0,0,17.3674356748018,0,6.18648217232305,68.2026672363281,0,0,60.7694028218587,40.6522913327182,42.948369119187,0,97.8029098510742,0,101.936678886414,139.153915405273,20.9539384020894,24.0165669763037,11.9318123631906,0,79.3483257293701,100.584111531576,11.76171448587,68.7511367797852,97.2517700195312,35.1863204348648,0,50.8965237935384,0,51.2826080322266,0,0,0,0,0,0,0,53.4834340413411,0,74.2485860188802,0,0,0,0,0,108.943852742513,0,0,0,0,0,43.0534045479514,77.3231468200684,74.9463144540787,0,0,0,0,0,0,85.165246963501
9.12517487168898,120.993980407715,89.715179920608,79.8715189070929,93.9341122553899,23.8873236666241,22.0098658781872,43.0439028858525,11.95509590503,79.1101723846805,25.7512900284071,103.814179897308,87.1604468678854,68.2026672363281,7.33504577483474,22.7895874310724,83.3151245117188,95.8110508527912,0,119.94873565098,90.4271408235184,65.7963467290846,86.883128429981,71.5973186521732,78.4685701204909,120.783470153809,115.468575169893,104.386284177666,66.9032509235421,14.6287044864508,51.7424207071065,0,17.9372892889068,26.5596551060275,33.9669456861296,160.221052805583,0,183.495376586914,87.0803513526917,147.441223144531,0,159.058002471924,130.65477180481,159.085990905762,100.495774459839,159.418747320408,0,168.806121826172,0,167.625305175781,0,0,0,0,0,140.346694946289,0,97.6013145446777,171.848950195313,125.395656198695,0,0,172.101043701172,139.399526141939,179.520206451416,139.207092285156,0,0,176.738998413086,176.776696341378
89.0482737223307,0,102.14226436615,70.6908816496531,65.2508987426758,12.4941949654026,15.4444596822581,53.3717197315805,25.890915839601,19.4370951321537,46.3423328453999,0,11.7068686628087,0,22.7895874310724,7.40496490930898,85.597038269043,108.028198242188,0,99.187858581543,50.3471630944146,81.3282356262207,69.9781669616699,82.5394145965576,38.8601499489978,0,123.02674372056,112.356783185686,67.0312357478672,37.7772600771201,70.2329640107996,0,31.2979179257932,81.0566415786743,38.6985048640858,0,0,0,70.9904925028483,148.205505371094,0,147.490203857422,0,173.297210693359,93.3493461608887,154.587458292643,0,0,0,0,0,0,0,0,0,149.476501464844,0,0,0,96.1559398357685,0,0,183.904724121094,153.407384236654,0,0,0,0,0,0
0,57.6432124796048,56.2986957750822,67.3723939040612,0,0,0,79.7996030535017,100.087566375732,65.224673614502,106.417430877686,85.609546661377,110.218948364258,0,83.3151245117188,85.597038269043,14.2996176057961,66.2400091420049,110.417198181152,91.9198582967122,0,14.4925023066842,35.2621630097667,14.7061036891436,29.0381131405165,85.9715896606445,72.0951196049037,23.8417711645382,36.3290916512024,95.8445043563843,60.0452220069038,0,0,58.5997037887573,56.4535961593224,0,0,0,80.991979598999,0,0,0,107.660514831543,142.203369140625,78.2806701660156,115.387245178223,0,0,0,187.537033081055,0,0,0,0,0,0,0,80.209779103597,0,93.6363372802734,0,131.665489196777,0,122.724922180176,0,0,0,0,0,0
78.4553523930636,47.8761830646629,42.430789032372,50.6446867897397,0,169.577972412109,131.683134599165,103.306276230585,114.327611056241,95.5820255279541,140.812671661377,44.9380559357627,0,60.7694028218587,95.8110508527912,108.028198242188,66.2400091420049,9.09794046587328,51.1470289839075,20.633823713423,139.551971435547,39.6252846340041,57.7750996266093,15.3349493225824,105.246950149536,63.1637512733196,18.2465828532709,49.9449878895474,94.7003049850464,69.285227170129,49.5247802655279,63.7704836527506,79.3474960327148,66.8283145435625,34.3612351884933,0,56.3929896354675,90.9509429931641,59.8155797322591,0,0,217.007278442383,165.567459106445,0,0,0,0,0,0,0,0,90.3037490844727,96.0349502563477,0,114.386684417725,0,124.683784484863,80.1551691691081,89.2042541503906,0,92.1136169433594,100.909401893616,100.346600341797,0,0,0,0,0,136.554229736328,86.7980728149414
120.627288818359,72.560489654541,78.0097176688058,54.9631312977184,0,0,0,142.325302124023,103.529266357422,0,0,23.5285653284247,0,40.6522913327182,0,0,110.417198181152,51.1470289839075,5.57639277999085,9.02075539203181,0,97.7357501983643,108.434455871582,68.9132432937622,0,38.5013503379562,17.2374779472802,47.5726004522204,0,116.613076104058,99.7268916538784,43.4748568534851,0,104.767673492432,53.8276210535843,0,86.0233612060547,0,137.873458862305,0,0,0,0,0,0,0,105.872186660767,0,123.20174407959,0,0,0,168.793930053711,0,100.308694022042,0,0,0,0,0,85.017815726144,94.6038142613002,96.4108919416155,0,0,0,0,0,0,94.6938422066825
109.565194171408,49.0869846574838,58.7991834700917,47.4194849943503,0,88.6397285461426,126.620057787214,118.102664311727,114.147313495015,148.420740127563,127.987232208252,20.0278751880747,136.364593505859,42.948369119187,119.94873565098,99.187858581543,91.9198582967122,20.633823713423,9.02075539203181,8.5221054168085,0,70.5877966753302,85.0634895093513,50.1692769496201,154.438804626465,39.0814781015118,19.1404012774625,48.347653893455,115.834634399414,86.6197137319914,77.3371030802854,49.3978487050758,79.3734286764394,81.4147462671453,38.9274445417898,0,96.657596206665,0,85.8229302300347,0,0,0,0,0,0,0,95.5654106140137,0,107.051347732544,0,0,0,101.395357767741,103.496503448486,100.278756019397,0,130.518742879232,106.940419006348,124.877019246419,166.067108154297,84.7089666639056,93.1362660610315,92.2697804365208,177.793914794922,0,165.702003479004,0,0,0,92.8786300133015
75.1253386603461,136.912338256836,143.96794128418,72.1360467224121,11.8576496765863,118.547397613525,39.2914908274227,52.1147465032373,81.3077734526941,66.5664059021894,16.2786518202851,0,12.2537428038011,0,90.4271408235184,50.3471630944146,0,139.551971435547,0,0,8.55989260467835,124.282577514648,94.1596212387085,126.773845672607,14.7163371073326,0,171.845321655273,147.231168746948,18.9148693126056,83.6595540153606,125.600079854329,0,115.597020235929,74.840479208753,78.9202750576691,159.986763000488,0,0,88.2980728149414,9.33385945450176,0,156.931434631348,0,141.781631469727,136.401031494141,154.017449012169,0,4.48594419457192,0,172.602615356445,0,0,0,0,0,10.0863431680982,0,0,0,103.025905617424,0,0,0,140.445420265198,0,0,0,0,0,169.54069519043
46.6986049877892,73.819888267988,63.8360858799256,78.4327674216412,0,112.441230773926,81.0825034247504,45.9319058483362,75.0398127997099,76.8183046976725,76.2036106109619,77.1370045253209,144.112579345703,97.8029098510742,65.7963467290846,81.3282356262207,14.4925023066842,39.6252846340041,97.7357501983643,70.5877966753302,124.282577514648,9.1181617639213,40.5635748668056,18.296010014625,12.6539821760088,94.4587478637695,60.1770044214585,52.9870429747695,13.6262788535971,48.7011616582456,16.3749492731057,0,109.986139933268,40.1897281646729,38.8079578795374,127.738700866699,0,110.532417297363,77.0903930664062,0,0,0,111.357788085938,0,96.9421501159668,0,0,0,0,159.468368530273,0,88.1634216308594,0,0,0,113.514465332031,0,59.7329007929022,0,96.028439839681,0,128.965576171875,173.691101074219,110.833218892415,0,115.544998168945,0,0,0,0
73.9914074852353,12.8769013842084,32.8996678305914,27.8523550802662,87.7691833496094,104.393705368042,103.88634790693,68.973929883905,96.373551578845,21.0800110531163,88.3843754359654,87.3612778981527,68.9018185523249,0,86.883128429981,69.9781669616699,35.2621630097667,57.7750996266093,108.434455871582,85.0634895093513,94.1596212387085,40.5635748668056,7.33156643162327,39.8475538214499,22.8122775560662,63.1000097592672,68.2129921147853,31.2672441093473,38.2017670326802,67.8036576386924,51.8561017607832,98.6156234741211,84.7100830078125,46.8133602949289,54.453211772291,149.409286499023,34.0650485992432,63.5227530343192,48.0190744400024,0,0,0,107.425216674805,0,82.479377746582,0,0,0,0,0,0,102.112503051758,61.3088836669922,0,0,171.368591308594,0,21.953210904048,86.6568374633789,100.502595689562,0,79.1051848275321,79.300482749939,126.997611999512,135.090957641602,115.76335144043,0,0,0,137.495468139648
51.34449619581,57.7249144002011,18.0744512073753,64.230226188306,107.934865315755,120.09126663208,86.760713654387,54.5173917303208,80.7811352365835,75.4062889315558,66.492921239401,67.7655718854365,96.0615056355794,101.936678886414,71.5973186521732,82.5394145965576,14.7061036891436,15.3349493225824,68.9132432937622,50.1692769496201,126.773845672607,18.296010014625,39.8475538214499,11.7409800124499,36.4416750862664,81.3918090233436,49.1098124769051,30.6795695901476,23.9512626753042,58.4020888326953,32.8812257085672,105.363075256348,113.159442356655,53.7779008213736,39.8672626881208,0,63.9820730421278,92.5858644757952,79.6361293792725,0,0,137.570658365885,91.1254348754883,0,83.0429293314616,156.849761962891,0,0,0,164.021352132161,0,0,91.0442886352539,0,136.376197814941,93.9449005126953,162.570747375488,63.6245473225911,135.19627571106,96.9525369008382,0,134.298613548279,106.03920854841,117.872779846191,0,0,0,0,129.739555358887,0
65.9713469101832,88.6329062450891,87.0399534052069,34.3813945207272,13.2462378957869,111.172792098101,73.3839126869484,43.6948535203136,78.9557862712334,21.3941294314013,47.7848660976249,0,17.8705121094588,139.153915405273,78.4685701204909,38.8601499489978,29.0381131405165,105.246950149536,0,154.438804626465,14.7163371073326,12.6539821760088,22.8122775560662,36.4416750862664,11.3523644334543,136.033584594727,104.455356108837,61.7966222213988,12.4296987867502,66.3879524493088,56.5120917596981,0,114.186834855513,56.7040176235048,69.430581658067,125.904261906942,0,183.488876342773,49.6280264243101,103.823871319111,0,120.498391030051,111.280325995551,127.775853293283,68.563349869672,112.319088514461,0,107.932214355469,0,137.863612904268,111.869361877441,108.252353668213,0,0,0,103.336478948593,0,0,108.878850301107,61.3933273458302,0,167.02507019043,146.20263671875,98.8278054525686,143.647929382324,123.203636169434,0,0,149.181866455078,131.083735874721
112.113349914551,23.1872927648005,62.3710974416425,16.6053168889439,0,68.6734008789062,137.436134338379,132.554964701335,117.739791870117,74.273193359375,0,25.3678979633712,0,20.9539384020894,120.783470153809,0,85.9715896606445,63.1637512733196,38.5013503379562,39.0814781015118,0,94.4587478637695,63.1000097592672,81.3918090233436,136.033584594727,10.1998234310534,30.0816686224535,23.2317950428192,119.506565093994,86.9360822041829,116.47403717041,29.5951279663458,73.9445648193359,94.197624206543,36.1533374636585,0,39.2833766937256,0,41.0869380103217,0,0,0,0,0,0,0,59.1811026659879,0,62.8068613798722,0,0,0,72.0074310302734,73.8310078707608,73.6776760325712,0,133.632339477539,83.0170593261719,127.517957687378,0,40.4820142404453,65.7182387642238,63.9121617993873,0,0,0,0,0,0,57.2294194148137
98.8611296625096,36.14571284212,20.9247811614088,35.6507583066958,0,150.038166046143,128.106705368749,99.9267879377093,121.189213644598,112.645607842339,104.515718633478,26.1399204719303,157.654067993164,24.0165669763037,115.468575169893,123.02674372056,72.0951196049037,18.2465828532709,17.2374779472802,19.1404012774625,171.845321655273,60.1770044214585,68.2129921147853,49.1098124769051,104.455356108837,30.0816686224535,8.86251394345664,20.1254308209202,95.3850618727664,89.3236440719864,73.5727017966423,19.7408082888294,112.396344111516,78.8961651390053,40.0495057953823,0,73.2416903686523,77.2145618438721,70.0681531805741,0,0,0,0,0,121.048233032227,0,85.7699455068081,128.139053344727,97.0374008178711,0,0,182.169166564941,88.3011135722316,93.7797171274821,86.2537710639868,0,137.295616149902,88.3196207682292,109.862169742584,201.459548950195,68.598038482666,81.7369303037954,80.1048882089436,149.22038269043,201.833801269531,136.675821940104,82.5379943847656,0,120.397453308105,82.5600331317948
88.8747196634307,31.2324461401917,16.3993025091884,38.2120010656305,102.365604400635,103.421942574637,110.2073802948,74.7011324431815,108.517845994335,78.0831968324994,103.227651270424,37.5234294194661,107.215675354004,11.9318123631906,104.386284177666,112.356783185686,23.8417711645382,49.9449878895474,47.5726004522204,48.347653893455,147.231168746948,52.9870429747695,31.2672441093473,30.6795695901476,61.7966222213988,23.2317950428192,20.1254308209202,11.7522937104826,56.5150935984314,90.6163269430399,77.023515229963,8.29777654946777,88.3025684356689,82.3437757743032,51.075917372984,151.839431762695,67.7967795133591,90.4053632100423,70.1332028706868,0,0,181.726282755534,93.5468978881836,0,91.2930514017741,140.267276763916,76.7474802389912,0,91.3925850608132,188.398788452148,0,154.167083740234,98.2897599318932,91.2588587443034,92.3155451357623,187.179077148438,0,67.9566226286047,113.758098856608,112.51239490509,63.2006017896864,84.5659091908445,83.7970737183647,133.902254377093,146.671859741211,138.881712341309,0,0,140.882583618164,84.2939101197666
55.8001480962716,90.2343150009344,56.6483616095323,48.0280185316467,14.3370503829437,108.818164693898,54.7425689472342,23.4345753645859,68.6568516760101,45.0051051919449,18.6579708579269,88.7696711222331,33.0314420587876,0,66.9032509235421,67.0312357478672,36.3290916512024,94.7003049850464,0,115.834634399414,18.9148693126056,13.6262788535971,38.2017670326802,23.9512626753042,12.4296987867502,119.506565093994,95.3850618727664,56.5150935984314,9.26564032886595,60.7863977489096,32.4673580460527,0,108.62831388201,48.6999603669838,54.3201053644355,131.726504007975,106.390663146973,0,62.2319962726376,118.966834573185,0,127.137346663565,111.615785810683,131.977640477622,66.7884068575772,121.795754683645,0,144.323315429688,0,135.351739452731,124.254473876953,100.206239700317,0,0,147.373519897461,107.841979821523,83.9999847412109,77.08893094744,118.449010408842,78.8782491154567,0,153.304809570312,137.79447555542,105.922166948488,143.433647557309,119.072117396763,0,0,130.73021736145,137.23122437795
14.0170952871181,95.6686357770647,67.305278114416,72.0977480101529,87.868461265564,21.352558195591,36.2039010179738,41.2118066998123,24.8270583785088,70.2455604164306,57.9249394959657,72.6064983912877,79.6864607519959,79.3483257293701,14.6287044864508,37.7772600771201,95.8445043563843,69.285227170129,116.613076104058,86.6197137319914,83.6595540153606,48.7011616582456,67.8036576386924,58.4020888326953,66.3879524493088,86.9360822041829,89.3236440719864,90.6163269430399,60.7863977489096,7.24731868598613,18.4284513720408,0,8.77458362051701,10.9131422833617,30.3510703818409,155.55913289388,141.798538208008,192.494216918945,88.119106732882,161.279075622559,0,168.452217610677,129.438475545247,159.66029993693,91.398177763995,154.219342631678,0,136.139442443848,0,160.386804019704,163.246002197266,139.975494384766,157.017974853516,0,154.89270401001,158.862579345703,0,94.0033550262451,139.492132707076,123.146113239635,0,136.69548034668,159.690225219727,130.364560383122,157.056568908691,151.40408706665,0,0,164.259356689453,152.866917350075
28.5882190333826,75.5795417234122,55.6307331438836,59.9610212390954,0,102.455492655436,70.3516921018943,15.4621551099005,61.0632331957992,59.1278509134611,47.2032090764846,79.3722182608939,88.7983328501384,100.584111531576,51.7424207071065,70.2329640107996,60.0452220069038,49.5247802655279,99.7268916538784,77.3371030802854,125.600079854329,16.3749492731057,51.8561017607832,32.8812257085672,56.5120917596981,116.47403717041,73.5727017966423,77.023515229963,32.4673580460527,18.4284513720408,9.94309444760337,109.87427520752,102.87438583374,28.0586086785176,36.0217166995348,135.05496106829,127.726745605469,0,68.1812866210937,138.029083251953,0,133.805528259277,114.131993103027,109.930999755859,83.3657079696655,143.781776973179,0,0,0,136.381705147879,164.392425537109,107.377026875814,0,0,0,139.823719024658,0,68.5804801940918,112.776607513428,104.911423331813,0,139.963862101237,143.118775939941,114.739103317261,166.259952545166,139.521915435791,0,0,144.924793243408,131.944028218587
0,67.5325078964233,73.0583750406901,57.7308320999146,0,0,0,0,0,0,0,34.4110513947924,0,11.76171448587,0,0,0,63.7704836527506,43.4748568534851,49.3978487050758,0,0,98.6156234741211,105.363075256348,0,29.5951279663458,19.7408082888294,8.29777654946777,0,0,109.87427520752,3.97065195408902,0,136.420120239258,56.0623453776042,0,58.413402557373,0,0,0,0,0,0,0,0,0,100.51025390625,0,0,0,0,0,0,0,90.8218307495117,0,0,0,153.636245727539,0,74.2639274597168,97.6782760620117,86.7388490949358,0,0,0,0,0,0,85.4042282104492
59.8155536651611,82.9117126464844,128.543130493164,106.938680949964,0,9.25814394050371,12.8088417101073,96.396467590332,15.9378884977741,109.906540461949,88.6392024004901,58.685434781588,104.22467313494,68.7511367797852,17.9372892889068,31.2979179257932,0,79.3474960327148,0,79.3734286764394,115.597020235929,109.986139933268,84.7100830078125,113.159442356655,114.186834855513,73.9445648193359,112.396344111516,88.3025684356689,108.62831388201,8.77458362051701,102.87438583374,0,4.49152105787345,69.1798248291016,30.2314546670554,200.229034423828,0,0,120.771011352539,165.679412841797,0,0,0,0,121.384005737305,0,0,0,0,202.027648925781,0,0,0,0,0,187.923858642578,0,0,173.734466552734,148.287334442139,0,0,125.315284729004,167.98104095459,0,0,0,0,0,187.448379516602
15.8974894029754,80.7718528464988,69.2151154604825,60.529196846934,75.7489697000255,160.396865844727,75.3759284386268,44.4066906194577,59.1671330378606,57.7655269203457,52.423108234292,80.593731880188,76.293874348309,97.2517700195312,26.5596551060275,81.0566415786743,58.5997037887573,66.8283145435625,104.767673492432,81.4147462671453,74.840479208753,40.1897281646729,46.8133602949289,53.7779008213736,56.7040176235048,94.197624206543,78.8961651390053,82.3437757743032,48.6999603669838,10.9131422833617,28.0586086785176,136.420120239258,69.1798248291016,6.74642484469868,27.6708792286075,138.827537536621,78.2439346313477,0,63.8736152648926,128.124313354492,0,142.942800249372,116.48325920105,137.511318206787,77.5483556894156,134.70393286811,0,0,0,149.443933486938,136.553512573242,0,0,0,0,148.396957397461,0,84.5096817016602,123.896215166364,99.7730842590332,0,138.722473144531,133.846862792969,111.558311716715,147.797420501709,132.738288879395,0,0,0,126.937537057059
60.8427993274126,47.3216608105604,49.1527399972081,56.5783084008752,84.1976798912147,33.2101670758478,42.8693948026289,51.3524996241621,38.5182369293091,67.6908832339497,64.1545425186809,25.5572941857312,74.8574404792448,35.1863204348648,33.9669456861296,38.6985048640858,56.4535961593224,34.3612351884933,53.8276210535843,38.9274445417898,78.9202750576691,38.8079578795374,54.453211772291,39.8672626881208,69.430581658067,36.1533374636585,40.0495057953823,51.075917372984,54.3201053644355,30.3510703818409,36.0217166995348,56.0623453776042,30.2314546670554,27.6708792286075,9.64333237603969,150.881772359212,71.9208301197399,117.540073394775,81.4388632638114,147.449330647786,0,161.036462957209,119.236354534443,163.066822052002,88.1553218752839,152.907016138877,130.814501444499,180.910552978516,99.7679748535156,153.714372114702,180.113967895508,161.944404602051,101.791714477539,105.311569213867,97.2351285616557,144.68972184923,134.922985076904,86.129732652144,138.514830453055,118.886440758566,96.8756942749023,90.6957057159726,96.3985856000115,131.536394633944,165.845448630197,144.999818589952,0,0,141.794798278809,119.433739954112
151.036529541016,220.241958618164,183.816696166992,70.7594909667969,0,0,168.945150201971,126.204727172852,162.444748687744,0,158.995594024658,0,0,0,160.221052805583,0,0,0,0,0,159.986763000488,127.738700866699,149.409286499023,0,125.904261906942,0,0,151.839431762695,131.726504007975,155.55913289388,135.05496106829,0,200.229034423828,138.827537536621,150.881772359212,10.9545625838659,114.233151990314,94.1043379264042,82.5874339512416,76.0567936296223,57.7669086456299,33.8019750204861,24.4188957829172,16.1869648923433,66.4995682141012,59.8764597555079,138.055908090928,70.8587599976422,145.594667771283,12.3864471354347,19.1006891593933,56.6056179135864,101.264785766602,146.47045135498,120.006280852527,67.432407809842,86.8115787040897,77.2871294888583,83.6370452255926,62.6575582385588,143.647132873535,108.390300097165,107.55657979267,61.4286639092431,13.4202840565351,27.3116666509654,0,57.1424522399902,16.357870214951,56.8575040730999
0,36.172534942627,50.6401679992676,27.4060005727022,0,0,0,111.754356384277,0,0,0,47.9066421508789,0,50.8965237935384,0,0,0,56.3929896354675,86.0233612060547,96.657596206665,0,0,34.0650485992432,63.9820730421278,0,39.2833766937256,73.2416903686523,67.7967795133591,106.390663146973,141.798538208008,127.726745605469,58.413402557373,0,78.2439346313477,71.9208301197399,114.233151990314,5.32867821182734,30.3221242735155,15.9587715340824,124.305854797363,0,136.546989440918,102.445620218913,130.401401172985,61.0705787257144,122.56512620714,51.6283280758457,120.955558776855,43.8205505819882,120.817423420568,0,69.5030437651135,44.7161289626338,59.1742105985943,47.3008128126006,166.128768920898,77.3465163570711,24.9149713785346,60.306974919637,94.5238090337709,12.0647421168042,34.8706407297513,28.9903069724205,92.0765923941007,120.339101617987,90.3641910963161,0,0,81.0274075594815,53.151099465928
0,54.2486061096191,77.6789061228434,57.8022405836317,0,0,0,145.220413208008,0,0,0,0,0,0,183.495376586914,0,0,90.9509429931641,0,0,0,110.532417297363,63.5227530343192,92.5858644757952,183.488876342773,0,77.2145618438721,90.4053632100423,0,192.494216918945,0,0,0,0,117.540073394775,94.1043379264042,30.3221242735155,10.1399917158747,34.0208450879919,136.658485412598,0,109.505284193085,76.735711066516,107.048990655028,83.8038499832153,92.4397303396914,62.8047475814819,103.16522386339,76.9166881727136,100.219592273508,119.846758100722,60.3856884500255,32.8330958725468,72.3676490783691,56.576757095145,149.832489013672,48.3333934795106,33.9554271760815,18.1181901618353,97.3336022836191,71.0586316725787,20.8832647311646,26.0682020713075,50.5842707827263,106.220980752278,66.8101373463292,0,0,90.4424065215678,45.8299953300965
101.406091054281,39.6723734991891,58.5117442482396,22.821385383606,66.875,89.816577911377,91.5355319976807,66.0649310350418,95.1606333414714,40.6622221810477,80.1266440285577,117.875015258789,69.6029137505425,51.2826080322266,87.0803513526917,70.9904925028483,80.991979598999,59.8155797322591,137.873458862305,85.8229302300347,88.2980728149414,77.0903930664062,48.0190744400024,79.6361293792725,49.6280264243101,41.0869380103217,70.0681531805741,70.1332028706868,62.2319962726376,88.119106732882,68.1812866210937,0,120.771011352539,63.8736152648926,81.4388632638114,82.5874339512416,15.9587715340824,34.0208450879919,45.7676969908533,66.9223118293576,128.430938720703,72.8628777923584,69.6624230290802,76.13309448148,7.35711773048295,66.8829076396885,41.5174911022186,68.8314350913553,39.2172965224908,83.8062538146973,56.1868541890925,57.8728743712107,48.0240639467593,55.4054098129272,48.2270832701258,61.3401106262207,71.9562409659412,25.2215488464525,58.8989043849034,26.8324678920183,25.811221798261,36.5305222034996,34.1444224381425,47.4999792277813,80.5765631976612,70.8780906072938,52.8231239318848,132.010879516602,63.5856931262546,52.8608727740258
134.920913696289,0,0,0,18.0786274320939,0,150.105523681641,124.577424482866,155.313800518329,93.3240661621094,139.922044754028,0,47.0296618143717,0,147.441223144531,148.205505371094,0,0,0,0,9.33385945450176,0,0,0,103.823871319111,0,0,0,118.966834573185,161.279075622559,138.029083251953,0,165.679412841797,128.124313354492,147.449330647786,76.0567936296223,124.305854797363,136.658485412598,66.9223118293576,9.30537374018922,129.058006286621,36.9556475109076,41.1523348583895,74.9924935457999,39.2174899384782,19.118440330006,0,12.7927560071531,0,79.6449588775635,61.6084766387939,71.306224822998,0,0,146.496246337891,11.3314110821946,130.023502349854,85.0122286478678,115.000645955404,20.0478721489141,0,120.677192687988,111.147755432129,13.274657757029,83.0670061456152,72.8337198893229,0,127.426513671875,74.0883450210094,76.2729716337928
0,0,0,0,0,0,0,0,0,0,0,0,0,0,0,0,0,0,0,0,0,0,0,0,0,0,0,0,0,0,0,0,0,0,0,57.7669086456299,0,0,128.430938720703,129.058006286621,5.87203918757304,10.9381021358918,99.5274073282878,13.2371300523306,118.672393798828,93.8369026184082,52.4409370422363,0,0,31.2409693850975,12.8169276637544,93.3899078369141,0,0,0,109.451393127441,99.5667953491211,0,82.0410934448242,0,0,145.017110188802,0,95.8245697021484,26.2070935502739,0,0,11.9000500922179,0,27.145997882227
188.211563110352,0,0,74.8675537109375,123.357097625732,175.512344360352,160.33588663737,124.640034531102,152.836934770857,110.76399230957,142.712355477469,0,78.7099023901898,0,159.058002471924,147.490203857422,0,217.007278442383,0,0,156.931434631348,0,0,137.570658365885,120.498391030051,0,0,181.726282755534,127.137346663565,168.452217610677,133.805528259277,0,0,142.942800249372,161.036462957209,33.8019750204861,136.546989440918,109.505284193085,72.8628777923584,36.9556475109076,10.9381021358918,9.02606234771094,45.5044465135186,18.6518622804164,63.597979846208,22.2922341961934,80.1497774124146,18.4544670555563,0,26.510453548856,14.740255213949,81.6657699584961,129.488240559896,0,162.234909057617,19.5912146561096,132.178942362467,97.1412900841754,93.6608025437101,43.660680820273,0,125.895531249561,112.28398475647,49.9133426437664,33.0373091016924,100.001981174245,0,14.3064111419586,70.6267319759125,40.8488369794435
132.98063659668,0,0,44.3314361572266,121.747165679932,183.206604003906,163.179595947266,118.680964383212,139.991536821638,70.7686614990234,138.92965359158,0,167.71403503418,0,130.65477180481,0,107.660514831543,165.567459106445,0,0,0,111.357788085938,107.425216674805,91.1254348754883,111.280325995551,0,0,93.5468978881836,111.615785810683,129.438475545247,114.131993103027,0,0,116.48325920105,119.236354534443,24.4188957829172,102.445620218913,76.735711066516,69.6624230290802,41.1523348583895,99.5274073282878,45.5044465135186,10.1466336040353,49.7596643041577,43.0244319669662,19.4957834082793,125.697361306583,48.2681226389749,138.618601608276,26.0139960864261,44.4689260501306,51.6085362490049,78.5392947325835,122.540387834821,103.650914391806,51.0889249049442,63.0626203895274,68.2917014613296,54.0035576273542,40.1541963430228,128.052289009094,98.1607924906413,89.2496959038501,17.871593121136,35.191143874661,14.2299579913981,0,105.774253845215,48.3945933428678,66.7885960390128
142.352508544922,115.659423828125,0,0,181.267578125,0,162.588528442383,131.186751114695,167.838633044013,135.536148071289,151.132703680741,0,0,0,159.085990905762,173.297210693359,142.203369140625,0,0,0,141.781631469727,0,0,0,127.775853293283,0,0,0,131.977640477622,159.66029993693,109.930999755859,0,0,137.511318206787,163.066822052002,16.1869648923433,130.401401172985,107.048990655028,76.13309448148,74.9924935457999,13.2371300523306,18.6518622804164,49.7596643041577,7.29256429116259,70.0003728866577,17.2770091650534,100.727759552002,59.9563137952019,165.569198608398,14.2772043376611,22.0747785708198,74.9820871988932,131.216407775879,0,140.258155822754,70.2523416288747,123.66072845459,95.0084206076229,86.8599794055769,65.8155729799111,166.804290771484,119.476584741625,107.876956490909,64.7377517963278,20.0045205651054,81.3190952936808,0,9.15843484747079,50.1173027455807,30.8250650556443
78.5488640921456,0,117.131210327148,75.9725828170776,64.591157913208,128.734001159668,100.229525146484,73.6590993404388,98.7518658229283,61.2773885726929,96.3302521705627,0,108.200780051095,0,100.495774459839,93.3493461608887,78.2806701660156,0,0,0,136.401031494141,96.9421501159668,82.479377746582,83.0429293314616,68.563349869672,0,121.048233032227,91.2930514017741,66.7884068575772,91.398177763995,83.3657079696655,0,121.384005737305,77.5483556894156,88.1553218752839,66.4995682141012,61.0705787257144,83.8038499832153,7.35711773048295,39.2174899384782,118.672393798828,63.597979846208,43.0244319669662,70.0003728866577,5.97326484865123,61.8139277582583,0,18.8315238240001,0,70.3321591912592,18.2269261807223,32.250369482774,87.7947959899902,0,114.192970275879,33.8639524753648,66.6385798454285,12.375599847079,57.2588760689513,12.7168255542469,0,125.690050760905,84.7483245448062,42.2044146586836,75.3369455337524,55.5027412918379,0,0,59.3114108166663,69.6045107965884
