9.04573899786944,149.328308105469,92.1157444416838,82.3997597647185,97.4534844292535,70.5424365997314,75.0992595095967,29.4793049938318,46.0634003713702,68.3960001875715,64.1263677203977,123.537656835608,103.628825468176,130.445648193359,16.9372368442011,91.2268009185791,110.952453613281,95.9333050635553,141.20165839562,119.52505859375,113.029202615061,78.0067336845398,88.3939760648287,89.5020690223618,85.3823452390474,0,125.392508314064,123.163325951534,76.5660483259761,18.5941948590927,31.6172068227587,0,88.5314776102702,52.7297098271987,77.249901190222,153.732788085938,0,163.083545049032,99.158499325023,153.974105834961,0,0,149.910279046922,159.321731567383,84.760374886649,206.896881103516,0,0,0,183.199165344238,0,117.0735496521,162.779029846191,0,0,0,136.098728942871,124.951356887817,150.839988163539,129.556814805517,0,178.712646484375,163.540059498378,131.782143101548,143.625408519398,138.429904440175,0,0,165.277420043945,150.682119369507
149.328308105469,7.31463132500821,56.5303477310553,12.9817223587344,0,0,143.302368164062,116.19573059082,131.06693649292,74.654818059035,123.331657409668,61.9562255372392,93.1950531005859,47.1553583999178,139.641532897949,132.779635620117,75.4306349754333,66.5790660582393,95.5998778343201,64.5030841827393,0,94.5069904327393,19.205994567743,76.0997041271579,89.4194013807509,18.7025171936879,59.77052129376,31.9619672728732,102.735372543335,93.8401489257812,113.64020368788,65.2486907641093,0,216.167633056641,62.2054441625422,0,34.2825956344604,107.903500874837,62.4182632152851,0,0,0,154.822631835938,0,186.392517089844,0,90.4367218017578,0,84.8655495643616,0,0,0,94.1488540649414,0,105.334829966227,164.281936645508,0,70.7765674591064,120.793518066406,152.014343261719,0,113.696272713797,98.9672844848633,0,0,178.489929199219,145.351603190104,0,0,151.611175537109
92.1157444416838,56.5303477310553,12.3949844065195,46.6519740878039,116.735653877258,154.704725265503,133.940542318053,97.5807002759033,116.052321630167,110.695503234863,114.745800361814,86.6033171295489,153.0891456604,97.9117950811619,109.76436067977,144.757904052734,95.9133860270182,38.7566848265963,86.1063036193848,74.704071803464,164.574554443359,57.7804546566493,65.5323574330547,28.6476639392471,112.595939286258,77.6858406066895,39.7822897815873,29.9920733128598,74.0763834007114,121.176302697461,82.7389606375191,91.658256149292,160.024223327637,95.756884765625,63.0464247935286,170.821883352179,105.380248740867,96.2987776982871,66.8011945593658,0,216.816253662109,195.492500305176,160.182710170746,186.460526529948,176.412746429443,189.785942077637,140.456893920898,213.097579956055,135.569044748942,177.619580391126,0,115.380800559304,109.139407257176,151.284871419271,130.834933927689,222.632471720378,146.823552195231,100.691635053985,114.889769922544,153.51751273019,135.321975708008,106.246120708024,100.548595278506,157.281440646149,192.563129425049,152.392170715332,143.992153167725,234.615173339844,140.287679036458,118.410450790868
82.3997597647185,12.9817223587344,46.6519740878039,19.5568251715181,55.8868162304747,136.677028656006,88.7903446074455,63.6707662611196,78.9035554638615,24.7222877845331,78.1284881725646,80.3056496650942,72.1141255806232,48.313571905384,89.068448255162,63.1147664388021,44.3656067318387,68.992467856846,103.327196468006,83.8111047896128,76.9153115688226,56.6199233132119,18.728913079726,52.2810687947938,43.3974295063006,21.935589654134,65.7867180832795,40.4885146799803,56.6624704311846,77.7873981995616,59.7744320804633,78.1792853673299,139.377961730957,54.8733920235919,66.461969435648,97.5628423055013,80.6633892059326,74.0056553284327,33.9330417858927,98.0629102533514,0,81.507682800293,92.6960824981449,120.930713653564,79.7196534474691,105.524304558249,76.9525718688965,109.976039886475,46.7092535312359,112.294141642253,71.0623245239258,68.4531597668611,91.8484996250697,87.1209497451782,106.386172824436,83.1056420462472,72.5093588217711,21.3443219153086,74.3883710656284,67.6104980597749,33.2863190514701,96.8206426270154,78.9581347819873,89.3333932959515,115.519947052002,89.8934817033656,73.2615025838216,0,156.1842212677,87.0001255217053
97.4534844292535,0,116.735653877258,55.8868162304747,8.39742501073134,107.590301513672,52.4781105770328,57.6436394453049,84.7049432051809,26.4841927131017,32.9750487353744,168.062423706055,30.4085811396978,0,106.042660770646,60.2612302232497,0,195.609319051107,0,0,13.0403081733822,103.720722198486,81.4361979166667,145.341603597005,18.4096185830939,0,158.58074798584,121.378904070173,19.3185249084438,95.3552450777879,90.8321014751088,0,136.460990905762,85.2864043495872,101.250448667086,139.559585571289,0,183.207328796387,75.5158678690592,19.194722638531,118.938369750977,141.179231643677,127.184794461286,157.721467906031,94.1864178975423,104.421388284091,0,15.9478045393109,0,147.930659823947,112.194766453334,0,183.543080647786,0,0,49.6731640571772,107.828407287598,126.654125213623,205.242473602295,99.1718799708205,0,201.083068847656,187.626650129046,95.7270329567694,140.597877078586,109.430006027222,0,0,108.253903706868,156.183282640245
70.5424365997314,0,154.704725265503,136.677028656006,107.590301513672,7.18675951770937,10.402762106304,109.734000069754,17.8108325716022,64.0128925030048,105.835081343217,61.3628461737382,70.5918918609619,0,43.7313410168045,15.791355882692,0,125.017832438151,92.1159973144531,0,128.112321853638,0,0,113.296675109863,79.0289484659831,0,90.8321418762207,104.810958862305,122.395702362061,29.78846682821,111.873456319173,0,12.7887399131806,132.532287597656,33.2059800121762,194.340240478516,0,0,131.273162841797,0,0,0,0,0,0,0,0,0,0,0,0,0,0,0,0,0,0,0,237.343902587891,0,0,0,219.282913208008,218.649047851562,0,0,0,0,0,0
75.0992595095967,143.302368164062,133.940542318053,88.7903446074455,52.4781105770328,10.402762106304,12.6282221832019,63.9170908529876,20.7741432341213,92.9683966460051,37.9261336493957,85.8143811521277,25.4355336369912,94.0803863525391,58.0711632321208,17.884625013822,146.215744018555,149.603400039673,148.46478729248,165.289744785854,43.5768526841325,126.69993057251,0,131.524757241303,66.8707403156334,0,168.398345664695,171.670576344366,60.0316147360147,70.3281250460478,111.235699913718,101.132827758789,22.7172786992758,102.615185130726,78.5529662367767,170.930625915527,0,198.258010864258,111.339111328125,149.194689069475,0,170.153261820475,156.35255030928,176.986125488281,152.923538208008,166.700856416122,0,168.972524007161,0,193.511811828613,0,144.237884521484,192.538497924805,0,0,165.907504811006,142.205703735352,0,185.613929748535,140.796974603384,0,0,202.096054974724,155.70356525519,182.531011962891,173.441070556641,0,0,183.367935180664,174.944595336914
29.4793049938318,116.19573059082,97.5807002759033,63.6707662611196,57.6436394453049,109.734000069754,63.9170908529876,10.5843692114117,56.3645634430961,57.0291310275484,20.158321431421,156.715361631006,50.5213087309491,169.593024571737,38.7773649129792,73.5711489783393,98.6377830505371,120.31078649872,160.546609286604,154.69977036962,58.4581035345029,76.9062228557747,88.7927586844798,89.297772943677,60.1586847016013,0,140.132994386339,111.720030328783,25.4147545322536,71.2109704489165,22.7170323774213,170.600053787231,126.562423061317,63.9951317786107,81.1312797438551,137.576875198719,202.995101928711,165.09588763972,95.1314216068813,133.750289069282,170.090179443359,144.453247803908,125.114325980214,150.9555911488,94.063405748824,142.634114901225,203.458984375,165.453501020159,0,149.804215545654,123.029846191406,142.283977307771,178.958074396307,231.964744567871,202.849946594238,144.085158714881,132.970492989676,122.970298274871,162.496134264716,112.84321014829,0,187.127676626352,170.439027793735,126.256968705753,149.594665233905,137.296008700416,214.663101196289,0,138.506120227632,152.715087608055
46.0634003713702,131.06693649292,116.052321630167,78.9035554638615,84.7049432051809,17.8108325716022,20.7741432341213,56.3645634430961,10.0652543405519,83.5324437037651,27.5557255248769,73.6964221084327,80.8469085247196,98.0917318517511,18.6111013826475,29.1004997023193,156.976104736328,127.845747036404,145.032218933105,139.721129608154,86.4281499705364,112.386946541922,113.482363614169,113.863990771954,80.5923685884951,135.823162078857,143.930794167308,147.810477379525,78.5111457434045,41.8991638028711,82.0964305672594,152.359773635864,32.5003840960446,85.7950240470268,61.431677174672,157.890268961589,0,184.409456888835,123.327012125651,150.112316608429,0,163.808142269359,145.782115998815,168.160638892132,105.86752764384,155.712856336572,0,149.747413635254,0,171.588814357542,183.370819091797,150.739990234375,191.124865363626,0,227.208033243815,153.729446411133,181.48469543457,180.342971801758,172.094469706217,132.034985295048,0,195.899476892808,186.251638285319,149.393589370105,179.690522087945,164.055953252883,0,219.163879394531,155.648822784424,176.622862497965
68.3960001875715,74.654818059035,110.695503234863,24.7222877845331,26.4841927131017,64.0128925030048,92.9683966460051,57.0291310275484,83.5324437037651,8.55542927597247,74.9651737357631,125.140764601687,18.0261604495828,117.494160673268,82.0802312065573,20.2037618922428,57.8678147976215,123.710380876568,147.030701065063,131.319132698907,64.2205892727699,68.4860909612555,22.3839076820566,98.5740771139822,25.5157147164699,100.527066945221,125.683891819973,108.176987417212,49.6564763956759,73.5791350018342,58.1728027809991,137.037668500628,117.44261932373,58.2473415940572,76.787151431698,121.574006761823,0,155.461040272432,64.1834437052409,91.7373650494744,0,126.938252766927,91.6351788838704,138.202956566444,54.7547537047287,115.028927414506,0,107.081931008233,175.533096313477,128.72586356269,69.3410085042318,146.415011088053,163.652984619141,184.755157470703,240.11164855957,95.0086561349722,144.570487976074,99.182710647583,154.788784790039,79.144466201694,155.228164672852,174.211057847546,178.141873008326,100.051670365414,134.32961164202,105.897110176086,215.875473022461,0,99.6966759817941,124.870779673258
64.1263677203977,123.331657409668,114.745800361814,78.1284881725646,32.9750487353744,105.835081343217,37.9261336493957,20.158321431421,27.5557255248769,74.9651737357631,11.4363922101954,144.067383399376,20.9843049537645,164.151560465495,69.0849448536104,69.9957667264071,81.4136657714844,130.956113656362,218.832214355469,159.595432281494,18.269441249333,121.548142978123,154.342132568359,108.587281127771,58.7654474998751,0,150.173230544381,158.616542238178,24.4510952131416,91.404935836792,77.5318968573282,210.706680297852,124.532640883502,81.872258452482,93.0898316748582,150.666282653809,225.2197265625,187.923879623413,100.80180092745,144.538004720313,0,154.841830166903,142.046185514767,165.518599745807,103.830558776855,159.639655991728,219.875419616699,167.622675193931,0,169.176457214355,170.585554504395,155.950441996257,194.636035919189,0,0,154.482847613308,174.465183258057,185.050582885742,186.161422729492,122.630609963403,0,192.347455978394,187.974206978934,148.808549789126,186.005243716033,167.729651058421,0,0,215.844108581543,177.321319580078
123.537656835608,61.9562255372392,86.6033171295489,80.3056496650942,168.062423706055,61.3628461737382,85.8143811521277,156.715361631006,73.6964221084327,125.140764601687,144.067383399376,11.804616489845,134.263680678148,25.4582392411164,74.1357984638533,124.867838541667,119.97102355957,48.0429686345632,23.8715870275673,21.8013070390107,143.06845664978,93.5727185811082,94.427350590738,82.2862384866137,148.607055664062,32.6855120414343,37.8118534547415,63.4799214763802,146.052847099304,56.5342309755184,107.081665227443,45.5594023743721,62.5538158483673,95.0276140959367,22.318753964993,0,131.631526947021,130.46674823761,85.6156743367513,184.442626953125,0,0,213.009791056315,0,200.981292724609,0,122.838743209839,0,89.256030253875,230.013595581055,0,151.294631958008,144.294885635376,108.56080532074,124.263936360677,0,0,142.487749735514,164.258903503418,194.862865447998,72.3931159973145,122.079522609711,118.226926167806,185.577758789062,222.566207885742,208.108993530273,111.627852006392,0,0,161.896321614583
103.628825468176,93.1950531005859,153.0891456604,72.1141255806232,30.4085811396978,70.5918918609619,25.4355336369912,50.5213087309491,80.8469085247196,18.0261604495828,20.9843049537645,134.263680678148,10.5230793984817,163.453938802083,96.6511615973253,15.0493611403697,0,191.132858276367,0,158.339462280273,14.9665814910532,0,64.1984299553765,177.776463826497,28.4160488575928,148.78157043457,183.960332234701,140.266160753038,47.3715473610379,104.706303810251,109.085195541382,0,111.267069928058,98.1644837515695,105.936761150044,159.606586456299,0,207.088826497396,71.2401925041562,49.9820393995984,171.429000854492,77.9855685378566,155.62044486353,132.776248434316,80.3104070775649,44.0319589125608,0,12.6297682318288,173.9130859375,132.662118865222,100.24828338623,0,200.743087768555,0,0,24.9300274967177,0,0,0,116.521044964392,0,200.71321105957,195.545642852783,134.543011491017,151.035479863485,173.997787475586,0,205.116439819336,0,117.933216441761
130.445648193359,47.1553583999178,97.9117950811619,48.313571905384,0,0,94.0803863525391,169.593024571737,98.0917318517511,117.494160673268,164.151560465495,25.4582392411164,163.453938802083,8.01338209968351,118.042493133545,157.561640421549,122.837548828125,109.196375370026,52.7440138137598,66.5612253546715,0,141.994087219238,81.7488829635992,127.723133850098,133.144591635846,20.8884215554738,40.5308574084193,37.1466778990595,154.683472128475,89.9244306087494,161.966339111328,19.9691053696497,89.3732893807547,0,53.4133269168712,0,108.654407848011,176.261657714844,51.8929843341603,0,0,0,0,0,157.555534362793,0,106.548662971048,0,60.4422843294446,233.694900512695,0,0,140.983746846517,93.5663412342901,109.871911422066,219.672775268555,0,114.822202046712,0,179.897205352783,49.0592998073947,96.5862696195904,94.4989668225485,0,0,206.341247558594,88.5059643983841,0,0,0
16.9372368442011,139.641532897949,109.76436067977,89.068448255162,106.042660770646,43.7313410168045,58.0711632321208,38.7773649129792,18.6111013826475,82.0802312065573,69.0849448536104,74.1357984638533,96.6511615973253,118.042493133545,9.99182800284718,51.6673308258057,144.898498535156,118.110260832702,146.935179519653,134.490319438,104.198609283447,90.7056952369719,103.021038884702,105.133791554263,92.6011875850261,0,137.358720066236,141.140349171506,87.7319384817841,26.2130183724171,66.697894340385,143.59711710612,24.1560042159746,48.6303999931724,54.9792670734708,164.6479128883,194.860229492188,174.921940260667,121.859122043186,171.843081665039,0,174.514882014348,156.045087331458,189.502813405004,124.747349443107,174.384656751478,0,203.981211344401,0,182.976361213846,0,133.707972208659,185.182560313832,0,238.258682250977,175.251907348633,144.338959780606,129.869541931152,174.011517116002,142.964442014694,0,205.507843017578,181.406917262722,150.411579889511,168.283732847734,150.8278597479,0,234.449020385742,138.979516983032,179.657243347168
91.2268009185791,132.779635620117,144.757904052734,63.1147664388021,60.2612302232497,15.791355882692,17.884625013822,73.5711489783393,29.1004997023193,20.2037618922428,69.9957667264071,124.867838541667,15.0493611403697,157.561640421549,51.6673308258057,7.49006433537247,0,147.793800354004,0,154.668197631836,59.3850954263517,81.2546653747559,64.2931273324149,121.452970504761,39.8193632282333,146.449615478516,180.573745727539,139.147610773806,71.8445552923741,83.8374773172232,98.8985809326172,0,43.1034888442682,92.7338752746582,90.7601331075033,188.889755249023,0,0,46.8805961608887,119.210933685303,0,190.226974487305,134.309976057573,149.115234375,0,143.984380722046,0,0,0,0,0,0,0,0,0,127.455371856689,0,0,243.767471313477,85.6771901448568,0,212.802658081055,182.453819274902,129.124703979492,146.696868896484,135.620727539062,0,0,0,0
110.952453613281,75.4306349754333,95.9133860270182,44.3656067318387,0,0,146.215744018555,98.6377830505371,156.976104736328,57.8678147976215,81.4136657714844,119.97102355957,0,122.837548828125,144.898498535156,0,12.5867728985225,103.00368903665,0,0,0,17.8749512861851,30.301398136866,19.1857610589377,24.3830750666473,115.076443990072,118.6431640625,27.5583076124646,28.6248946911187,112.448291354709,78.3089866055787,0,0,98.696471623012,79.5774232452991,170.518864949544,0,106.127586538141,78.7813491821289,0,0,0,167.109906005859,0,0,0,0,0,0,0,0,111.709200223287,130.733685811361,175.845275878906,0,206.70556640625,117.671571180556,62.8364030638737,106.431286502414,123.662540011936,0,154.108582560221,117.438242704972,129.422888565063,0,126.17562585128,0,0,109.01685333252,125.72965827355
95.9333050635553,66.5790660582393,38.7566848265963,68.992467856846,195.609319051107,125.017832438151,149.603400039673,120.31078649872,127.845747036404,123.710380876568,130.956113656362,48.0429686345632,191.132858276367,109.196375370026,118.110260832702,147.793800354004,103.00368903665,9.89185036652252,55.3804015094584,19.059345627935,195.304346720378,64.167495219272,86.2021901177578,30.0425579793598,124.710193287243,70.4526011149089,31.4936100082589,65.4533247821027,117.305092457077,100.891870821061,76.8920541201835,103.896075248718,115.293298384723,88.7766730819923,34.9665182067744,180.03759765625,105.970800919966,108.769364615467,87.3979962862455,217.025741577148,0,0,200.959920247396,213.102401733398,135.485679626465,191.135116577148,0,0,132.862573242187,212.425354003906,0,159.320552280971,117.688043967965,151.475723266602,132.226180267334,0,167.741434006464,117.394746992323,145.372963414048,177.094184112549,0,112.858663983312,111.574799778744,184.465974595812,183.883155822754,189.012599598278,144.088568369548,0,206.407623291016,148.758078941932
141.20165839562,95.5998778343201,86.1063036193848,103.327196468006,0,92.1159973144531,148.46478729248,160.546609286604,145.032218933105,147.030701065063,218.832214355469,23.8715870275673,0,52.7440138137598,146.935179519653,0,0,55.3804015094584,9.80489311370824,18.8460710701518,189.538345336914,121.947212219238,106.538295321994,100.896053314209,151.915428161621,49.5938712692261,31.9224547170761,67.0031083496828,155.379576789008,118.895970164119,127.979449817113,55.4308975599839,102.183567470974,122.263885498047,57.4118845808528,0,168.77458190918,136.318176269531,94.8962821960449,0,0,0,229.024673461914,0,0,0,0,0,101.047836303711,0,0,0,151.834644317627,109.342132568359,128.032341003418,0,0,0,201.607734680176,0,149.188598632812,116.996622126153,121.835809406481,0,0,0,119.796484947205,0,0,221.889862060547
119.52505859375,64.5030841827393,74.704071803464,83.8111047896128,0,0,165.289744785854,154.69977036962,139.721129608154,131.319132698907,159.595432281494,21.8013070390107,158.339462280273,66.5612253546715,134.490319438,154.668197631836,0,19.059345627935,18.8460710701518,10.2207227489385,225.658203125,93.8876029913374,92.2679056020883,70.6197602048,145.650121186909,50.6732048458523,24.6453798773746,67.9009293701689,134.264285601102,111.185058519534,101.518022274971,60.5507546593161,98.4388211568197,94.501954690004,38.0899659612412,0,144.345668792725,130.482122512091,112.179019383022,0,0,0,190.253540039062,0,0,0,127.61107635498,0,127.991746520996,201.097747802734,0,0,134.816733360291,107.048210144043,112.830303827922,0,187.849151611328,146.832484436035,144.585006713867,0,87.5655296325684,109.695911875942,115.618048746348,200.398066202799,191.149642944336,208.776473999023,127.643019539969,0,0,167.576385498047
113.029202615061,0,164.574554443359,76.9153115688226,13.0403081733822,128.112321853638,43.5768526841325,58.4581035345029,86.4281499705364,64.2205892727699,18.269441249333,143.06845664978,14.9665814910532,0,104.198609283447,59.3850954263517,0,195.304346720378,189.538345336914,225.658203125,10.5515654274499,140.961334228516,123.315353393555,136.086382548014,28.245366558852,0,177.042424519857,179.057709587945,34.5704927066962,109.436859821787,142.740683122115,0,133.00044631958,99.1113399929471,105.383996816782,171.050464630127,0,165.701568603516,106.371600757946,140.27340849947,0,158.146608734131,146.570101067571,172.613778177897,103.015883873249,161.486591600117,0,26.3682656751163,0,176.22728953642,109.697559356689,0,238.539047241211,0,0,74.2902351379394,208.715835571289,0,159.626342773438,121.623538540256,0,243.334182739258,198.704284667969,158.866833415458,176.016467007724,175.933181762695,0,0,163.88550567627,168.015270233154
78.0067336845398,94.5069904327393,57.7804546566493,56.6199233132119,103.720722198486,0,126.69993057251,76.9062228557747,112.386946541922,68.4860909612555,121.548142978123,93.5727185811082,0,141.994087219238,90.7056952369719,81.2546653747559,17.8749512861851,64.167495219272,121.947212219238,93.8876029913374,140.961334228516,11.9880504640616,52.1745171786607,24.2015467285371,39.721230377797,130.049661636353,108.279114782074,75.4805324234648,28.2624830361661,39.134736793202,29.2347837324537,160.167098999023,123.256011009216,28.9055844064595,43.4102458811549,124.361443655831,142.323699951172,133.600049654643,79.9123961001026,193.030456542969,0,0,151.304722468058,222.2275390625,99.0310351053874,187.726608276367,169.327194213867,0,0,154.691703796387,0,113.322963465398,150.232460021973,0,181.46376154973,229.673614501953,120.974072628063,72.3951280587272,115.923425710233,125.889896526671,0,165.722876957485,137.717177512429,124.788387832246,129.311873168945,120.85369568766,195.842819213867,0,110.342775445235,120.035199876265
88.3939760648287,19.205994567743,65.5323574330547,18.728913079726,81.4361979166667,0,0,88.7927586844798,113.482363614169,22.3839076820566,154.342132568359,94.427350590738,64.1984299553765,81.7488829635992,103.021038884702,64.2931273324149,30.301398136866,86.2021901177578,106.538295321994,92.2679056020883,123.315353393555,52.1745171786607,8.02807197464614,49.836445967658,31.766332203679,64.5396022796631,97.682978824253,44.1749187662684,52.8790271253471,75.532539633256,58.7803926496194,104.091562341761,0,52.0641238415827,67.9321732586377,83.4420700073242,0,106.124059448242,32.6193199083209,0,0,216.077911376953,148.045239766439,162.751762390137,127.604658508301,148.221786499023,200.115814208984,0,112.371801896529,185.205535888672,0,69.0660984402611,91.7820908682687,155.244384765625,170.187393188477,142.851679484049,75.8815396244365,15.9211666957656,72.4200506586328,105.483595848083,152.21955871582,137.387903372447,89.5900544889512,107.282731167106,131.752530415853,95.3994619261544,128.245498657227,0,116.491497039795,103.230353673299
89.5020690223618,76.0997041271579,28.6476639392471,52.2810687947938,145.341603597005,113.296675109863,131.524757241303,89.297772943677,113.863990771954,98.5740771139822,108.587281127771,82.2862384866137,177.776463826497,127.723133850098,105.133791554263,121.452970504761,19.1857610589377,30.0425579793598,100.896053314209,70.6197602048,136.086382548014,24.2015467285371,49.836445967658,14.8872167056888,76.2399644973172,115.460233688354,78.4610926041945,42.0326903597521,47.8266372881438,68.1455944410645,56.0766149285791,162.826156616211,135.122497177124,74.8231767018636,51.6730179356847,180.021632385254,139.129502868652,107.006790077293,79.5171106921302,217.144569396973,0,183.69832611084,160.9090707567,189.415352316464,136.179434712728,179.22668838501,165.263679504395,0,161.798629760742,184.033809204102,0,108.704828208348,119.798978678385,155.809997558594,158.097009658813,0,122.776339817047,69.6971211567942,108.314499074017,149.895169670199,0,132.981345270721,108.876532781139,147.757501602173,176.118221028646,143.768428964818,0,0,162.262996128627,120.470729086134
85.3823452390474,89.4194013807509,112.595939286258,43.3974295063006,18.4096185830939,79.0289484659831,66.8707403156334,60.1586847016013,80.5923685884951,25.5157147164699,58.7654474998751,148.607055664062,28.4160488575928,133.144591635846,92.6011875850261,39.8193632282333,24.3830750666473,124.710193287243,151.915428161621,145.650121186909,28.245366558852,39.721230377797,31.766332203679,76.2399644973172,11.5659038592835,117.341068203166,136.308672160128,85.0155215855827,20.3556304777478,84.1481586955605,73.2882778350551,158.498119778103,138.205527810489,69.5690885306278,85.7177345562137,129.405275167878,166.840118408203,154.596433851454,68.1379667740294,99.582749677548,0,134.104859891145,114.630109165905,142.389864234727,67.9363491120886,126.694315755689,203.892959594727,122.658086095537,205.286399841309,143.159434287331,111.964245605469,108.526381657918,178.062810124578,217.865519205729,194.090903145926,111.352115721764,119.455705555207,82.1935260157431,134.691803940204,92.409887571156,0,178.503322219849,160.191879272461,114.249208307674,139.225244672111,122.43926629088,0,178.587715148926,123.132782799857,135.602784024009
0,18.7025171936879,77.6858406066895,21.935589654134,0,0,0,0,135.823162078857,100.527066945221,0,32.6855120414343,148.78157043457,20.8884215554738,0,146.449615478516,115.076443990072,70.4526011149089,49.5938712692261,50.6732048458523,0,130.049661636353,64.5396022796631,115.460233688354,117.341068203166,8.77360729634957,46.3300817881199,21.9380164245831,130.783724975586,90.0849685668945,127.296339035034,49.1095989814171,0,149.449172973633,62.606841174039,0,65.1891288757324,178.891494750977,17.031750479831,0,0,0,0,0,118.971836090088,0,84.9652371406555,0,52.0969871973883,0,0,0,0,79.1161510149638,97.4841024225408,0,0,99.2576065063477,0,181.669586181641,34.362090566265,82.3605560996316,75.5381394678233,246.769195556641,0,0,78.3785356174816,0,0,103.313980102539
125.392508314064,59.77052129376,39.7822897815873,65.7867180832795,158.58074798584,90.8321418762207,168.398345664695,140.132994386339,143.930794167308,125.683891819973,150.173230544381,37.8118534547415,183.960332234701,40.5308574084193,137.358720066236,180.573745727539,118.6431640625,31.4936100082589,31.9224547170761,24.6453798773746,177.042424519857,108.279114782074,97.682978824253,78.4610926041945,136.308672160128,46.3300817881199,16.7023917555772,42.8671610484969,133.103057766637,128.101581620388,120.92942007248,25.5253197292318,128.524708557129,121.835515594482,60.8043214224316,193.66520690918,106.777651822125,113.394071220171,96.3214161780573,230.505813598633,0,220.661087036133,197.51998562283,156.466674804688,188.608988952637,0,113.197284444173,0,101.263539810811,220.883697509766,0,173.093421936035,122.833322048187,104.671743082446,106.725126371609,0,184.685638427734,140.014568235816,152.551564616542,195.656504313151,84.8019851828521,98.3060657578934,101.279632446557,193.996268136161,181.974095662435,186.320182800293,107.423383109177,0,210.609634399414,124.879900286275
123.163325951534,31.9619672728732,29.9920733128598,40.4885146799803,121.378904070173,104.810958862305,171.670576344366,111.720030328783,147.810477379525,108.176987417212,158.616542238178,63.4799214763802,140.266160753038,37.1466778990595,141.140349171506,139.147610773806,27.5583076124646,65.4533247821027,67.0031083496828,67.9009293701689,179.057709587945,75.4805324234648,44.1749187662684,42.0326903597521,85.0155215855827,21.9380164245831,42.8671610484969,16.344736715739,74.7776516464651,127.455751216379,110.815201359666,27.5479294755828,133.157169736665,113.633765734159,67.9646197575838,170.52006483078,108.704568590437,99.0154728453038,63.0073652825813,191.274461746216,0,188.226403372628,164.504550190715,188.942762851715,187.910980834961,197.701601982117,119.666156768799,186.970932006836,100.111141244989,178.450546264648,170.867248535156,117.511595726013,113.117451967641,114.277416528095,111.379032832152,194.037155151367,147.461662183489,96.8885088715537,114.146470046162,161.277651622378,86.7347344071118,102.154309793215,101.137697737248,162.3223125,193.501249614515,159.25573995839,115.13059425354,0,144.348945617676,119.701915288376
76.5660483259761,102.735372543335,74.0763834007114,56.6624704311846,19.3185249084438,122.395702362061,60.0316147360147,25.4147545322536,78.5111457434045,49.6564763956759,24.4510952131416,146.052847099304,47.3715473610379,154.683472128475,87.7319384817841,71.8445552923741,28.6248946911187,117.305092457077,155.379576789008,134.264285601102,34.5704927066962,28.2624830361661,52.8790271253471,47.8266372881438,20.3556304777478,130.783724975586,133.103057766637,74.7776516464651,10.9258962608965,84.5915622840933,40.3325086496667,157.363830566406,132.383771795976,61.8531799964283,73.1469062849979,133.859219868978,195.107307434082,149.962999364832,75.9841778257498,133.300675492538,0,148.907534352055,123.877328158097,153.67794521386,87.9489414380944,149.62975908421,193.233959197998,162.030403395831,0,149.464769391453,146.739093780518,111.283067193525,170.189058805767,223.712707519531,190.989575899564,152.271440517136,120.387923931756,85.4519883184474,130.934948952782,110.285230604057,0,180.541574391452,157.419240618284,122.247996743086,139.558029145233,121.546890372519,232.836868286133,0,117.078465665324,136.403165358906
18.5941948590927,93.8401489257812,121.176302697461,77.7873981995616,95.3552450777879,29.78846682821,70.3281250460478,71.2109704489165,41.8991638028711,73.5791350018342,91.404935836792,56.5342309755184,104.706303810251,89.9244306087494,26.2130183724171,83.8374773172232,112.448291354709,100.891870821061,118.895970164119,111.185058519534,109.436859821787,39.134736793202,75.532539633256,68.1455944410645,84.1481586955605,90.0849685668945,128.101581620388,127.455751216379,84.5915622840933,13.543384855737,33.8443360027527,81.6457341512044,16.0753355770362,17.4494031813605,33.1866842281538,144.654852730887,0,165.79354650324,92.7752677319097,164.388483683268,0,173.122903442383,145.398783808169,180.52464730399,98.8125058582851,187.506842295329,229.586273193359,223.129333496094,221.415924072266,161.847026367188,0,131.32264002358,190.178026372736,237.063293457031,0,170.948833465576,131.948611292346,108.7637102339,153.50333292344,135.030910426173,0,185.412953890287,172.332227979388,138.424458459603,149.769561767578,138.694885536476,0,0,135.643311934038,138.294242095947
31.6172068227587,113.64020368788,82.7389606375191,59.7744320804633,90.8321014751088,111.873456319173,111.235699913718,22.7170323774213,82.0964305672594,58.1728027809991,77.5318968573282,107.081665227443,109.085195541382,161.966339111328,66.697894340385,98.8985809326172,78.3089866055787,76.8920541201835,127.979449817113,101.518022274971,142.740683122115,29.2347837324537,58.7803926496194,56.0766149285791,73.2882778350551,127.296339035034,120.92942007248,110.815201359666,40.3325086496667,33.8443360027527,10.5969329163047,0,133.736375935872,43.8676706996321,41.2366787162645,143.275043043979,0,149.941871738434,75.0506393992302,141.502032688686,0,157.815172195435,133.988799474011,155.133412224906,86.4114937369279,156.193692525228,0,215.996887207031,0,150.926034645956,125.171188354492,112.946099287162,167.438227423306,210.445220947266,212.488625420464,132.167922973633,121.380920289629,79.854754246019,122.807978952811,116.865462791015,0,178.304202955596,157.665762329102,123.003554656726,131.221027526855,122.934963270602,0,0,116.532024383545,124.877049165614
0,65.2486907641093,91.658256149292,78.1792853673299,0,0,101.132827758789,170.600053787231,152.359773635864,137.037668500628,210.706680297852,45.5594023743721,0,19.9691053696497,143.59711710612,0,0,103.896075248718,55.4308975599839,60.5507546593161,0,160.167098999023,104.091562341761,162.826156616211,158.498119778103,49.1095989814171,25.5253197292318,27.5479294755828,157.363830566406,81.6457341512044,0,6.35683367331512,113.761848449707,0,64.735470645399,0,129.67857615153,166.705627441406,66.40452003479,0,0,0,0,0,0,0,102.287330627441,0,90.0625172276651,0,0,200.437683105469,158.802326202393,107.3480981191,111.871946546766,0,0,0,0,203.614791870117,79.7694511413574,111.295990262713,108.211660101862,0,0,0,106.180202484131,0,0,0
88.5314776102702,0,160.024223327637,139.377961730957,136.460990905762,12.7887399131806,22.7172786992758,126.562423061317,32.5003840960446,117.44261932373,124.532640883502,62.5538158483673,111.267069928058,89.3732893807547,24.1560042159746,43.1034888442682,0,115.293298384723,102.183567470974,98.4388211568197,133.00044631958,123.256011009216,0,135.122497177124,138.205527810489,0,128.524708557129,133.157169736665,132.383771795976,16.0753355770362,133.736375935872,113.761848449707,6.47898433770526,83.1553672790527,40.6923175036735,0,0,170.455513000488,163.554466247559,0,0,0,189.679278287021,219.324203491211,0,0,0,0,0,205.033569335938,0,160.299530029297,131.561264038086,0,0,0,0,0,0,187.4833984375,0,0,223.364326477051,205.537362670898,219.207954406738,0,0,0,0,0
52.7297098271987,216.167633056641,95.756884765625,54.8733920235919,85.2864043495872,132.532287597656,102.615185130726,63.9951317786107,85.7950240470268,58.2473415940572,81.872258452482,95.0276140959367,98.1644837515695,0,48.6303999931724,92.7338752746582,98.696471623012,88.7766730819923,122.263885498047,94.501954690004,99.1113399929471,28.9055844064595,52.0641238415827,74.8231767018636,69.5690885306278,149.449172973633,121.835515594482,113.633765734159,61.8531799964283,17.4494031813605,43.8676706996321,0,83.1553672790527,6.3083949573338,24.7297586213807,174.268898010254,0,158.711405944824,71.6388991219657,152.360017776489,0,182.780685424805,130.811479007497,157.152765909831,94.6116876602173,156.773723602295,0,0,190.417602539062,148.623776245117,0,101.562835106483,185.691647847493,0,0,0,112.543351980356,68.2583015704977,123.413973881648,118.572558241624,0,163.616569519043,157.242936270578,125.023010461981,141.749135797674,120.974134856579,0,0,121.259909493583,113.484793980916
77.249901190222,62.2054441625422,63.0464247935286,66.461969435648,101.250448667086,33.2059800121762,78.5529662367767,81.1312797438551,61.431677174672,76.787151431698,93.0898316748582,22.318753964993,105.936761150044,53.4133269168712,54.9792670734708,90.7601331075033,79.5774232452991,34.9665182067744,57.4118845808528,38.0899659612412,105.383996816782,43.4102458811549,67.9321732586377,51.6730179356847,85.7177345562137,62.606841174039,60.8043214224316,67.9646197575838,73.1469062849979,33.1866842281538,41.2366787162645,64.735470645399,40.6923175036735,24.7297586213807,12.5265350962123,155.638829549154,0,113.196115507903,89.4574722467467,186.118334452311,0,195.460952758789,153.734784080869,189.9009995894,122.061475192799,185.979670933315,0,0,140.201709747314,165.409459431966,0,119.879114731498,131.168023144757,126.780326843262,153.085428025987,195.926460266113,124.243918934088,85.6038120103919,122.43570645056,138.211323099925,141.071131388346,128.273800160625,121.370602822717,145.874661512778,150.035988398961,135.893594687326,0,0,126.243311368502,146.932055473328
153.732788085938,0,170.821883352179,97.5628423055013,139.559585571289,194.340240478516,170.930625915527,137.576875198719,157.890268961589,121.574006761823,150.666282653809,0,159.606586456299,0,164.6479128883,188.889755249023,170.518864949544,180.03759765625,0,0,171.050464630127,124.361443655831,83.4420700073242,180.021632385254,129.405275167878,0,193.66520690918,170.52006483078,133.859219868978,144.654852730887,143.275043043979,0,0,174.268898010254,155.638829549154,10.5955287420505,118.702035903931,104.511507107661,73.8256370281351,91.5505458444789,71.1635242808949,68.6484726750573,32.3422747604299,30.5631765657585,65.4232109155548,66.811972722654,120.091321771795,87.0862136253944,144.98574701945,13.8506793913212,30.5879642963409,64.5705910616143,106.84773639364,142.048624736507,124.213961649577,84.6104804144965,70.8040587695348,86.223366118314,93.9863809634478,75.7619268404294,141.278001403809,122.634818532144,127.400001852429,73.6473699220469,16.5432033990262,28.3235581679328,160.257725642278,75.2970275878906,27.4535069736183,60.7435186821613
0,34.2825956344604,105.380248740867,80.6633892059326,0,0,0,202.995101928711,0,0,225.2197265625,131.631526947021,0,108.654407848011,194.860229492188,0,0,105.970800919966,168.77458190918,144.345668792725,0,142.323699951172,0,139.129502868652,166.840118408203,65.1891288757324,106.777651822125,108.704568590437,195.107307434082,0,0,129.67857615153,0,0,0,118.702035903931,7.49535069926181,48.1556274743728,19.6782019138336,0,0,0,115.986080593533,0,69.3762557376515,129.706024169922,74.2293541648171,96.7191772460938,38.6863154881709,127.518146514893,119.86576625279,54.4170002365112,72.6026081285979,73.3997863769531,67.5125086572435,0,113.700546264648,21.3156072712346,74.035356463808,77.5832526288714,16.4130724956091,50.7089603656047,34.0293358713247,113.642062187195,130.526567459106,104.607975641886,68.7107119840734,0,116.452861785889,52.4420103775828
163.083545049032,107.903500874837,96.2987776982871,74.0056553284327,183.207328796387,0,198.258010864258,165.09588763972,184.409456888835,155.461040272432,187.923879623413,130.46674823761,207.088826497396,176.261657714844,174.921940260667,0,106.127586538141,108.769364615467,136.318176269531,130.482122512091,165.701568603516,133.600049654643,106.124059448242,107.006790077293,154.596433851454,178.891494750977,113.394071220171,99.0154728453038,149.962999364832,165.79354650324,149.941871738434,166.705627441406,170.455513000488,158.711405944824,113.196115507903,104.511507107661,48.1556274743728,14.4373465234948,44.9395929524596,141.616409301758,0,127.643617089115,91.5667363428543,127.314036930309,91.0302244822184,116.932065760836,91.967908782959,153.327796936035,96.206930340461,114.436459979954,148.238170623779,81.6305143894293,42.0205979221184,93.1298276115866,78.7191580321108,124.276447296143,66.4532381432566,44.8221092637564,33.6552443876426,104.986563208963,54.7003707885742,41.5962199572074,34.4090431081271,75.7394312805981,127.423107880812,70.5179346753031,96.1255331039429,171.311594645182,94.1812143961589,64.5698965003274
99.158499325023,62.4182632152851,66.8011945593658,33.9330417858927,75.5158678690592,131.273162841797,111.339111328125,95.1314216068813,123.327012125651,64.1834437052409,100.80180092745,85.6156743367513,71.2401925041562,51.8929843341603,121.859122043186,46.8805961608887,78.7813491821289,87.3979962862455,94.8962821960449,112.179019383022,106.371600757946,79.9123961001026,32.6193199083209,79.5171106921302,68.1379667740294,17.031750479831,96.3214161780573,63.0073652825813,75.9841778257498,92.7752677319097,75.0506393992302,66.40452003479,163.554466247559,71.6388991219657,89.4574722467467,73.8256370281351,19.6782019138336,44.9395929524596,18.3008439583821,38.8042709592363,0,80.9880742557713,59.0730656870451,87.295017640487,15.4361315265878,74.0017305919102,78.4451351165771,58.0595470666885,26.5700519892612,88.3818415187349,62.7361628668649,44.6901443954241,64.0320942560832,63.9674015874448,74.7912370635242,57.1334203813897,62.3947779337565,25.3267830906549,51.1673111402326,36.8001266757981,14.4373808700568,57.1184349939333,40.3691232009247,61.0422035777199,81.3743784812189,65.790505784496,64.8110288537067,0,54.4973740413271,65.3586376483624
153.974105834961,0,0,98.0629102533514,19.194722638531,0,149.194689069475,133.750289069282,150.112316608429,91.7373650494744,144.538004720313,184.442626953125,49.9820393995984,0,171.843081665039,119.210933685303,0,217.025741577148,0,0,140.27340849947,193.030456542969,0,217.144569396973,99.582749677548,0,230.505813598633,191.274461746216,133.300675492538,164.388483683268,141.502032688686,0,0,152.360017776489,186.118334452311,91.5505458444789,0,141.616409301758,38.8042709592363,9.10378132918787,112.195346832275,67.7274853479295,50.8582084227581,99.6432737804595,20.21253389631,15.01753103218,0,25.7334198408852,184.928741455078,99.6839755249023,39.6033237038589,65.1271328396267,157.661533355713,0,191.351776123047,14.9071527284369,116.48263092041,79.543250690807,103.892550468445,17.5737973667059,0,151.222240447998,100.787055358887,18.5930197012092,99.3909345912182,87.8888136822244,0,88.5525894165039,84.891891874116,98.8069337906376
