11.2739504063376,124.039131164551,96.0235908172943,69.4698226547241,86.9806888134449,80.770619346982,78.624001790242,25.5268032498566,37.9369723679751,65.8630608452691,67.101281981401,126.120783549983,88.1826306062586,153.337831224714,17.8269042901908,60.8353128433228,99.9420413970947,95.4346415300394,130.497532564051,115.068792751262,77.0101158549485,80.0256159165326,89.4795556319387,84.0693082393234,73.7297061070259,0,113.175105945793,120.976843914862,70.7315765694606,23.2829399117706,32.1443572546841,157.665765762329,77.6013317108154,42.5029611307032,63.1853648088872,136.971004486084,134.550094604492,162.477910933956,79.7464919317336,142.253402709961,0,213.683715820312,118.403353881836,150.228207724435,72.9984893798828,155.65657043457,210.493072509766,69.2928619384766,186.854843139648,147.646421863187,158.308532714844,117.372297286987,204.699096679688,0,0,127.439002990723,172.335418701172,115.55055847168,167.482245551215,111.632581691549,0,189.336690266927,158.478718319455,124.291246329789,143.111175060272,139.549761155072,232.030868530273,0,132.455828857422,136.502868970235
124.039131164551,6.03969782159122,41.0649527586423,15.2269555070898,169.595733642578,0,172.778132120768,123.365995407104,134.813174656459,74.0190778562643,162.697158813477,64.9939636993408,151.660617828369,43.9292364468941,122.970838165283,116.0669921875,69.4069416046143,47.3675133014547,69.9245347976685,49.372173832081,0,89.5330496893989,26.5726876305599,65.1443128967285,72.2092250435098,21.4789522936845,51.5872181523866,29.8963947584332,112.796238490513,108.439655303955,101.632352556501,66.1485711826998,0,128.809741973877,54.4239797083537,0,64.4259338378906,77.4348231195246,44.4568007278442,0,0,0,191.260192871094,0,116.118659973145,156.619501749674,96.5573654174805,0,117.883743286133,0,121.628807067871,0,84.6067259128277,143.931640625,110.165517171224,0,0,76.6041863759359,105.93137711745,127.889212388259,93.3408241271973,83.3766628714169,82.1872216568512,211.423319498698,0,135.85525894165,179.382446289062,0,0,97.8648971557617
96.0235908172943,41.0649527586423,11.3712589724579,47.249157382457,143.099689907498,153.077932739258,137.874602018897,98.2768812168411,121.36011392122,116.899416605632,128.120459906799,80.7649695759728,171.797408470741,82.6027260609162,112.332411700389,195.932159423828,104.899186165102,36.7542115874985,79.6758774303999,59.6329592075585,188.638420952691,68.3087895534165,51.8573041341709,30.3274751340111,115.025482572358,111.642236073812,28.1748419262994,35.5524070549211,86.3675433177493,100.081203345271,79.6820868389352,85.5106405370376,172.598449707031,102.762514386858,60.2064766262701,150.207161514847,70.3349834883294,86.6502640123875,66.5404462890625,168.541328430176,0,209.777526855469,148.700327690611,184.42450690992,120.571132114955,177.892450968424,131.816240437826,201.57958984375,149.65788269043,166.785243988037,188.700347900391,104.408032979721,103.372066300915,159.789019775391,116.327340302644,198.966496785482,123.162997741699,70.9294286828292,97.0886851714569,144.992129239169,121.469834899902,106.177215099335,87.699310297763,155.198922698031,169.374219076974,120.977261711569,0,0,145.606624603271,107.57066624435
69.4698226547241,15.2269555070898,47.249157382457,14.229305603418,81.9322282700312,118.702856063843,96.7062487284342,60.7476826042965,80.050543942029,36.5386059033243,85.8494659423828,66.2566333770752,102.069742376154,44.8636594764403,82.9973909999784,97.8495972373269,37.9058036336172,54.6967516740163,74.0638177933232,72.1771779060364,106.93785349528,48.2624656011523,30.1129574912398,51.9516061612354,41.9766677127366,21.7196694719241,45.7606414222263,40.1645341964941,48.743208639667,72.6082833270637,54.2702065745381,59.7798399277675,118.875305175781,51.5702078342438,61.8559323146425,158.322498321533,32.4038281257336,65.0528105290731,25.1669067447468,163.652214050293,0,128.35306930542,98.8992493088181,102.244046710786,74.6239593730253,127.440129597982,90.4179242451986,115.090375264486,104.549535369873,113.457999093192,98.8853702545166,56.0260821242831,83.460705606561,108.291187286377,105.395947196267,138.903813171387,59.9865123203823,15.4252656390158,77.1743357714485,68.3831046255011,43.4610905396311,70.9185958183249,58.1019569713136,84.2727782124221,110.243952560425,60.639794163082,119.987613677979,0,58.5235824584961,85.9257507324219
86.9806888134449,169.595733642578,143.099689907498,81.9322282700312,8.1477264102068,126.46222782135,59.0995666317946,40.7231682163395,85.9449758711315,55.6946166992187,27.5324069859347,159.372611151801,24.9662743416281,169.582412719727,104.877058236495,71.040058482777,81.891565322876,134.224853515625,176.363861083984,0,10.3006858868707,183.849464416504,65.836130065918,123.389358520508,17.8808863766708,0,175.327733357747,125.346431998319,13.2872710319913,99.2388122517576,99.5532188415527,170.976226806641,117.718574523926,88.1721030341254,94.725093226279,130.022991943359,0,191.488368988037,91.4955220376292,14.58561965608,0,120.293123284976,126.476934432983,142.721270043866,86.9337109565735,114.747406736151,0,22.7816179935063,0,129.387364437706,127.063982009888,114.885608673096,0,0,215.900939941406,25.9960777392247,141.892478942871,120.169421802868,194.760673522949,105.06621082437,189.830078125,200.217910766602,161.651357797476,128.419364665753,130.521666208903,135.826482137044,227.970138549805,0,0,143.551116045784
80.770619346982,0,153.077932739258,118.702856063843,126.46222782135,7.44783798776538,12.2087366451076,116.42183413748,23.7155803835151,90.842898050944,114.000371209506,62.324585161711,85.7020571478482,91.8995175361633,28.4697833117317,11.8666276255102,0,184.506607055664,100.428286234538,87.6114069620768,114.689979825701,99.7961807250977,102.465229034424,136.249682108561,108.594933596524,0,124.195644696554,142.5222826871,123.654792198768,21.063494910834,113.985710991753,103.7512550354,7.43335587729897,0,41.3303551802764,0,0,213.699188232422,115.384265899658,0,0,0,167.731228637695,218.989837646484,223.813491821289,0,0,117.909080505371,0,199.920237223307,0,0,0,0,0,159.060253143311,0,0,0,150.614962441581,0,0,0,173.996590508355,183.24494934082,0,0,0,0,183.012275695801
78.624001790242,172.778132120768,137.874602018897,96.7062487284342,59.0995666317946,12.2087366451076,10.1640083344728,58.9169875225242,25.3281175758358,73.5087290358269,33.7883863593343,93.9976456664329,31.139859553191,119.543862899144,35.8272660455624,9.76414487607091,113.186175823212,148.2748908303,130.762389591762,142.521663524486,41.2316830417949,103.769506610808,110.225982897209,119.853548975048,58.2929958996158,180.82926940918,148.501190493805,137.350769718635,62.6036898871659,58.7636381091586,111.144397258759,111.312283833822,14.8191430391285,93.2585190667047,78.6671624637259,153.345512390137,0,192.231696680972,93.21910349528,144.501912673314,0,161.028961181641,142.666095104846,150.275761704218,105.331290690104,148.414452301828,228.247970581055,70.2715562690388,0,163.946944536482,126.987182617188,149.935358683268,0,0,217.673950195312,148.617030981815,173.711517333984,148.835780334473,187.732487996419,122.475146179199,0,195.192855834961,185.932235963883,136.049113880504,173.506419590541,151.789494832357,0,0,172.618713378906,165.603247642517
25.5268032498566,123.365995407104,98.2768812168411,60.7476826042965,40.7231682163395,116.42183413748,58.9169875225242,9.06592645890152,58.2773521947559,52.5300287209548,14.910351810284,146.560561732242,75.4595877398615,154.878873971792,39.1354194363875,74.2947160674304,74.0805613724227,99.1830194217643,172.563201904297,121.430857968021,69.7973942346131,64.351202427678,86.4677965558808,77.4716863554919,54.0747067018183,0,126.349262833269,104.495337397075,24.4912720561058,66.8068605568795,22.1033193610261,170.205581665039,115.883073286577,60.9663404703468,78.9338140026862,128.607176589966,161.97624206543,155.705285760421,67.6155876036613,121.352754149326,0,139.403657861658,111.155963950322,134.211470626121,83.1667425889235,128.743524678548,0,114.747905186244,0,131.454288784549,136.059902191162,116.198451664137,198.450485229492,0,187.697959899902,123.641620435213,143.074610392253,95.7396940148395,156.467999168064,99.881875605299,0,192.003790537516,157.908041361216,111.574958001588,135.796261896853,121.088135214413,0,0,128.738419002957,129.112918115431
37.9369723679751,134.813174656459,121.36011392122,80.050543942029,85.9449758711315,23.7155803835151,25.3281175758358,58.2773521947559,12.3474671191213,76.6545505620256,28.6549179787136,81.043689586304,77.2241289865792,105.803330325516,18.5232351064155,35.4164369267932,122.852165222168,128.401067008972,114.118493498041,130.974298034668,85.1402390079027,100.120791183054,122.938335643095,109.180809308956,81.1733179961567,136.207514444987,135.585798186601,132.560936138784,75.9801364322179,33.3202032337092,82.493847463116,129.028454027678,11.3640607220832,89.7954696912444,61.438064542024,155.060144260951,182.280212402344,181.653674677799,93.4204737553831,146.117101235823,0,153.95920332088,135.810797139554,154.559951433852,106.669243918525,153.715581712269,0,128.677347864423,186.508255004883,159.539088282092,151.352300008138,154.964193725586,199.295948028564,0,218.983927408854,150.889641300324,146.657051086426,142.204805374146,184.325505159339,124.238549700775,179.546005249023,179.308259662829,183.27092808485,131.576502613374,157.370513174269,156.594384810504,233.350463867188,191.468872070312,151.425215981223,158.377537027995
65.8630608452691,74.0190778562643,116.899416605632,36.5386059033243,55.6946166992187,90.842898050944,73.5087290358269,52.5300287209548,76.6545505620256,8.02986458880164,72.0571826359011,129.773274681785,11.8336032076255,116.707851117971,76.7370473705052,22.3239983813685,63.081976639597,119.049789830258,140.763642883301,141.442815444049,54.9734095164708,78.147942578351,37.852539870758,97.4332411448161,19.2289275824286,101.666170568709,124.49797185262,107.088670984641,44.2108317798563,68.0839679374458,59.1304515215815,134.092617181631,112.903984069824,57.5065654572986,86.594527100617,92.0591430664062,0,154.752858942205,15.9248231432655,106.357588334517,0,119.634999593099,79.4345396453259,118.45665435791,34.2498607436816,92.7014298439026,0,73.8217548370361,167.136474609375,112.146546737007,56.456844329834,76.2805434779117,178.766675676618,0,0,88.1291170120239,123.504653930664,51.4141889413198,131.369039362127,64.1643450033926,148.694664001465,186.111679077148,165.129184413601,84.2718497566555,111.454691373385,93.2614066180061,191.483123779297,0,100.139066696167,117.323188781738
67.101281981401,162.697158813477,128.120459906799,85.8494659423828,27.5324069859347,114.000371209506,33.7883863593343,14.910351810284,28.6549179787136,72.0571826359011,12.5896017044773,155.278793504503,27.0133888113108,175.18685464298,42.7465330853015,80.1407598853111,95.8971117805032,140.70852210305,178.691943359375,168.197832234701,15.5144785780541,92.7281835473102,101.456180381775,107.391242240792,49.451013832071,0,150.969938168581,119.107556497883,31.865380729999,90.3944515393739,90.0825009307861,188.815052032471,125.551873888288,81.3480793067387,88.1886606460963,154.25598526001,167.9033203125,173.510462443034,98.7917142595564,131.327382267385,0,149.479465551544,133.663925558329,149.515915132918,95.2782468442564,148.336486691743,0,84.4745763095457,0,156.835509761687,110.048435635037,125.988097781227,0,0,0,142.71505628451,151.347644805908,130.252942911784,177.461066246033,116.093764776654,0,204.926322937012,174.190971806364,133.476211305186,166.107859717475,152.335802580181,0,0,133.896789550781,162.469733919416
126.120783549983,64.9939636993408,80.7649695759728,66.2566333770752,159.372611151801,62.324585161711,93.9976456664329,146.560561732242,81.043689586304,129.773274681785,155.278793504503,14.3843784549517,141.976377840395,21.2412664635674,79.1516002700745,135.781620788574,122.504022078081,51.1280092574932,24.7487480330982,29.5661145120248,144.444953038142,103.915974568512,101.981113104985,80.5306355892084,141.978187833514,38.3400968991074,29.3867968594635,65.3586138886976,141.462263924735,60.6957510834233,99.7073661134954,30.6123461779226,70.3521575927734,128.753442030687,24.0332271088865,0,105.965190887451,127.480548434787,103.136285400391,0,0,218.164688110352,190.702066421509,217.04483795166,0,227.097534179688,90.8751469566708,229.993621826172,75.7623980395683,189.512125651042,0,151.251527404785,122.535118526883,90.2784856160482,90.4676498999962,202.591094970703,165.117904663086,120.858533586775,150.928596164869,191.665138244629,66.864170109142,86.7425614888877,95.4979737254498,173.305310930525,219.102966308594,151.119125366211,97.3985234941755,0,147.420379638672,120.88302721296
88.1826306062586,151.660617828369,171.797408470741,102.069742376154,24.9662743416281,85.7020571478482,31.139859553191,75.4595877398615,77.2241289865792,11.8336032076255,27.0133888113108,141.976377840395,10.3781593510057,144.467544555664,94.0249593676943,17.0935613431233,79.5287170410156,177.617248535156,176.514389038086,154.128785451253,14.5289424841095,116.085227966309,83.1894052293566,159.853908061981,21.845413778854,135.491317749023,173.831736246745,149.321307667515,46.3867778588045,99.356601534116,126.793939039442,170.604771931966,99.279974423922,115.055161067418,91.4266354986962,121.32471593221,0,0,95.078914642334,66.2698813287835,0,92.2035887488003,135.501584610849,139.926882784132,74.559042760304,82.8140882595165,0,10.9443191925804,186.963638305664,137.127039670944,75.5666721888951,158.027557373047,0,0,0,21.0433776150662,0,120.629864501953,179.091598510742,108.619408603168,0,0,174.068177032471,137.756864608602,122.902085876465,172.004470825195,0,0,127.889282226562,159.582914733887
153.337831224714,43.9292364468941,82.6027260609162,44.8636594764403,169.582412719727,91.8995175361633,119.543862899144,154.878873971792,105.803330325516,116.707851117971,175.18685464298,21.2412664635674,144.467544555664,7.37457951884324,106.889153027144,150.74130445911,138.090502421061,95.9016206264496,48.8444922338558,67.1101643815,161.373453776042,128.680243752219,83.617648153594,124.390870382619,120.114912182282,15.0340207140933,31.5370522493291,26.5998370339179,154.548160129123,91.0880353164673,142.864015579224,10.0740228616006,81.8934605916341,130.835626602173,50.4498430755982,0,90.7722778320312,132.26559677124,80.8907376925151,202.004550933838,0,0,184.491256713867,200.331443786621,152.504940456814,193.540727887835,77.8674331539967,194.433181762695,57.6340461724527,204.289443969727,0,151.337707519531,115.717253112793,80.4935953957694,90.3383536825375,210.263804117839,194.957145690918,101.780553939495,143.171224594116,166.747512817383,50.6755300494516,80.7506519344303,82.8320648685712,191.693759155273,112.453804016113,170.380996704102,85.8142705622079,0,0,110.967484368218
17.8269042901908,122.970838165283,112.332411700389,82.9973909999784,104.877058236495,28.4697833117317,35.8272660455624,39.1354194363875,18.5232351064155,76.7370473705052,42.7465330853015,79.1516002700745,94.0249593676943,106.889153027144,9.37622760795463,66.2730287824358,133.015802001953,113.38689592068,112.363134256999,118.495027841104,97.0549780453994,95.0114307097573,110.554503577096,101.849488734123,84.5146876766639,94.102773030599,125.969537948754,128.276831785838,80.1189141876768,26.9253403900802,61.3678393467037,124.521069049835,12.8553534479141,83.4441534304151,48.4919609288563,144.256115253155,0,172.358505521502,91.084893380442,150.155941645304,0,144.591688537598,132.055087268353,156.163356937774,95.74133845738,145.687412955544,149.943923950195,127.819183798397,228.053619384766,157.461189735227,0,149.783912022909,183.31539662679,216.086227416992,185.224380493164,151.769693162706,149.58598836263,130.815769619412,179.378958917433,123.038753379609,103.130126953125,178.173887252808,173.721280886803,127.861145709194,153.062839228932,149.80743856991,0,0,144.654346466064,156.260159892421
60.8353128433228,116.0669921875,195.932159423828,97.8495972373269,71.040058482777,11.8666276255102,9.76414487607091,74.2947160674304,35.4164369267932,22.3239983813685,80.1407598853111,135.781620788574,17.0935613431233,150.74130445911,66.2730287824358,7.49567121977236,0,153.951152801514,0,145.565765380859,54.6564885501204,0,75.2752641790053,0,41.8593790026555,138.675443649292,155.846893310547,129.809130482859,74.9584774413666,72.8727835779605,95.0994625091553,181.871131896973,31.7830673956102,85.0477905273438,59.0634457270304,0,0,0,0,89.4723510742188,0,0,156.817428588867,143.467900594076,62.9188003540039,100.357048034668,0,57.4518556594849,0,0,0,94.4579658508301,0,0,0,103.304779052734,0,74.7543106079102,0,79.1047335537997,0,0,188.9267578125,137.500163269043,0,0,0,0,0,0
99.9420413970947,69.4069416046143,104.899186165102,37.9058036336172,81.891565322876,0,113.186175823212,74.0805613724227,122.852165222168,63.081976639597,95.8971117805032,122.504022078081,79.5287170410156,138.090502421061,133.015802001953,0,13.8990195071008,104.703536089729,130.902313232422,124.294312795003,100.158588409424,14.9955177494642,30.2215632703115,19.9375795451857,26.7429609301889,102.189159393311,111.923718134562,30.1015872655922,41.34935828702,103.879277910505,79.4365520477295,0,0,80.4486376444499,76.8207739142961,117.53490121024,0,122.058463335037,85.8928417205811,0,0,0,126.028761227926,171.49865436554,80.2233778635661,0,0,0,0,137.183288574219,0,77.4533771291718,145.413704766168,0,201.579315185547,131.553298950195,101.344519495964,58.2708010073061,95.9043563309536,105.377980913435,0,147.447444915771,106.029884338379,107.19449603073,119.089359283447,104.000605918266,0,0,103.79058303833,112.931633888407
95.4346415300394,47.3675133014547,36.7542115874985,54.6967516740163,134.224853515625,184.506607055664,148.2748908303,99.1830194217643,128.401067008972,119.049789830258,140.70852210305,51.1280092574932,177.617248535156,95.9016206264496,113.38689592068,153.951152801514,104.703536089729,9.19400530855586,60.6929048021263,20.563356749371,153.543981933594,56.0517014119952,63.9779362806415,23.4268478400157,114.533110762064,78.1120440165202,32.0649021155948,61.651926869856,104.993270162326,90.5294755251794,66.6516913504882,88.0375068664551,180.732701619466,93.7273425292969,31.4268987789808,152.481922149658,77.280642191569,93.3837785058151,74.4869392183092,184.109817504883,193.930603027344,206.457631429036,160.300803783328,186.466771697998,105.889940261841,173.965682983398,134.43589630127,201.7109375,140.187042236328,166.320955004011,0,112.697077299419,111.510283831254,129.371734619141,128.077659020057,0,144.247967888327,77.3291777801514,105.704536897165,149.815356663295,101.459991455078,109.211847120716,94.1934133663593,147.749762844032,192.361804199219,128.460269775391,0,0,153.31849416097,121.250308403602
130.497532564051,69.9245347976685,79.6758774303999,74.0638177933232,176.363861083984,100.428286234538,130.762389591762,172.563201904297,114.118493498041,140.763642883301,178.691943359375,24.7487480330982,176.514389038086,48.8444922338558,112.363134256999,0,130.902313232422,60.6929048021263,6.51708277655075,16.5642452907758,146.371032714844,119.711499023437,114.31093343099,107.760740007673,141.239588419596,44.0329613551915,27.2263664045241,62.8234305410215,150.934900457209,97.4125509526994,112.70028267444,47.0321759748029,94.237642288208,122.871442159017,58.9317476366773,0,113.295066833496,129.389876114695,120.154607137044,0,0,0,205.555775960286,0,0,0,102.406392877752,185.258972167969,100.171516649651,219.75163269043,0,168.062950134277,114.047871342412,99.138786315918,101.500771522522,0,0,152.717842102051,157.085624694824,182.521408081055,76.2116326226129,95.0114297067653,104.718088265621,202.120880126953,0,172.632244110107,109.903103915128,0,0,116.901630401611
115.068792751262,49.372173832081,59.6329592075585,72.1771779060364,0,87.6114069620768,142.521663524486,121.430857968021,130.974298034668,141.442815444049,168.197832234701,29.5661145120248,154.128785451253,67.1101643815,118.495027841104,145.565765380859,124.294312795003,20.563356749371,16.5642452907758,10.4875993400687,153.48146711077,91.4688816494412,92.9567174239897,57.4180755956549,136.941463470459,42.8122244335356,29.7085201287213,70.2505429823249,127.287145666174,95.8914633975249,85.3287540695733,65.4392615665089,92.6866048177083,97.2172146723821,41.2917120701814,147.77513885498,85.8744233230065,100.14299017606,84.7960705390343,0,219.466735839844,0,170.359472486708,186.108736038208,121.665424346924,0,127.234328636756,0,125.005255699158,170.578175136021,0,132.495460510254,105.77610596823,103.308483123779,110.860295449534,0,147.11537322998,117.942663955688,116.561776997131,160.200070998248,87.6429290771484,98.1923284310715,102.641598900383,160.463608360291,189.908332824707,146.475465427745,118.454362487793,0,145.980609893799,119.66758441925
77.0101158549485,0,188.638420952691,106.93785349528,10.3006858868707,114.689979825701,41.2316830417949,69.7973942346131,85.1402390079027,54.9734095164708,15.5144785780541,144.444953038142,14.5289424841095,161.373453776042,97.0549780453994,54.6564885501204,100.158588409424,153.543981933594,146.371032714844,153.48146711077,8.82179773348741,160.374036153158,90.6658774481879,142.10537927801,18.1092221584633,0,176.751816885812,146.671998065451,26.6193241613312,92.2532880443678,110.088201325515,0,118.065757751465,92.2657569885254,89.0648776814089,187.023571014404,0,180.455459594727,90.34943359375,38.7138850378186,0,141.3565489246,132.166654663086,146.626278530468,87.2945649790209,141.301756499244,241.52653503418,19.9189362780453,0,155.761276245117,107.003040858677,99.3738784790039,0,0,0,28.2301789728398,0,126.391712188721,202.7703125,109.519385967643,178.010223388672,219.699447631836,184.460855484009,125.702890470624,160.476614379883,198.325887044271,0,0,162.676261901855,166.001980251736
80.0256159165326,89.5330496893989,68.3087895534165,48.2624656011523,183.849464416504,99.7961807250977,103.769506610808,64.351202427678,100.120791183054,78.147942578351,92.7281835473102,103.915974568512,116.085227966309,128.680243752219,95.0114307097573,0,14.9955177494642,56.0517014119952,119.711499023437,91.4688816494412,160.374036153158,11.531867390841,50.2496766921196,26.7722309736151,35.1337930421067,115.941715240479,107.573444795417,68.8734448725177,23.3303812276989,35.2529479996307,29.7502339102462,122.218894958496,0,56.5763815286997,48.8625822030587,114.876138687134,152.579864501953,130.835350036621,89.3544414520264,0,0,0,114.032203066666,163.908936720628,70.8468481976053,155.850865681966,185.403224945068,0,0,135.308635852955,123.615997314453,90.419678321158,143.186770019531,0,157.351974487305,163.280914306641,105.414332804874,66.4424670248321,107.776160053089,103.264477429089,0,169.89056640625,127.964475978505,103.659549738875,109.750057176612,101.802204538142,198.632385253906,0,98.8206584764564,113.599036237027
89.4795556319387,26.5726876305599,51.8573041341709,30.1129574912398,65.836130065918,102.465229034424,110.225982897209,86.4677965558808,122.938335643095,37.852539870758,101.456180381775,101.981113104985,83.1894052293566,83.617648153594,110.554503577096,75.2752641790053,30.2215632703115,63.9779362806415,114.31093343099,92.9567174239897,90.6658774481879,50.2496766921196,9.91527906255179,47.2675554772525,34.2609295336513,66.2424644447775,87.4241219454033,37.6749394453957,56.8272473312499,71.9827310515613,57.456823521314,99.2550688001845,0,47.1524294868844,56.1658100252566,99.6211302015517,71.2609901428223,78.5268893437079,70.4620038082725,146.627092633929,0,121.161315917969,112.821909390963,134.012936728341,50.2406424464601,150.085454305013,164.697540283203,135.962051391602,123.207748413086,142.366671970912,0,57.8380813879125,114.722262382507,190.554946899414,137.269073486328,144.254708607992,61.333742581881,16.1184070127788,66.3906460979197,101.072310031989,86.3305587768555,135.740612145626,63.4883294292086,93.2792508424218,98.1758323669434,83.5385524204799,156.978675842285,0,135.763559977214,87.4887688095505
84.0693082393234,65.1443128967285,30.3274751340111,51.9516061612354,123.389358520508,136.249682108561,119.853548975048,77.4716863554919,109.180809308956,97.4332411448161,107.391242240792,80.5306355892084,159.853908061981,124.390870382619,101.849488734123,0,19.9375795451857,23.4268478400157,107.760740007673,57.4180755956549,142.10537927801,26.7722309736151,47.2675554772525,14.7685410869458,60.6894689506376,126.643352508545,69.4204365548549,40.3677045144743,48.4166651466134,82.5154668557935,51.1838026192877,102.032959620158,172.207592010498,78.5598732032398,41.1009725889182,138.371758270264,123.513131459554,90.8024624197063,100.172748347691,175.518469238281,228.953247070312,177.21883392334,139.719347017948,171.91538754025,97.3407455970501,165.040391710069,155.808871459961,167.152603149414,174.183586120605,167.503692626953,0,91.6190651637367,132.133977223592,212.108052571615,145.588371276855,0,101.433736710151,68.2354468878578,96.2863932348789,123.680221129801,0,135.995379734039,93.4778692303629,131.118541646152,132.387300645983,110.820782566821,0,0,121.279788970947,114.256887771834
73.7297061070259,72.2092250435098,115.025482572358,41.9766677127366,17.8808863766708,108.594933596524,58.2929958996158,54.0747067018183,81.1733179961567,19.2289275824286,49.451013832071,141.978187833514,21.845413778854,120.114912182282,84.5146876766639,41.8593790026555,26.7429609301889,114.533110762064,141.239588419596,136.941463470459,18.1092221584633,35.1337930421067,34.2609295336513,60.6894689506376,10.2131402282057,102.876743778801,128.796336277966,85.1978643418351,17.5733370383189,75.5122509609217,67.2210262861757,137.85565217336,117.457022857666,64.2957414021424,79.9878784577052,108.595958049071,132.226760864258,151.322912054547,54.6938140895091,98.7247532060473,0,121.750899544598,99.8809344682095,123.352339666149,55.9512945810954,114.062575716185,192.902181625366,101.624021223613,159.225280761719,117.170264790853,86.7279621124268,79.2101641980168,167.216959635417,0,184.576287841797,109.993646966784,117.951374142669,64.7610859709271,131.513673655192,82.7341723029163,140.071838378906,191.798987347147,141.842029441487,97.7203540400736,116.763853543765,100.805299194944,190.245323181152,168.311187744141,107.78132045269,117.89114631017
0,21.4789522936845,111.642236073812,21.7196694719241,0,0,180.82926940918,0,136.207514444987,101.666170568709,0,38.3400968991074,135.491317749023,15.0340207140933,94.102773030599,138.675443649292,102.189159393311,78.1120440165202,44.0329613551915,42.8122244335356,0,115.941715240479,66.2424644447775,126.643352508545,102.876743778801,6.75798942932357,40.0478892439588,28.3464830268325,132.228439331055,117.781436920166,186.966903686523,42.7942513586248,0,156.695663452148,64.7687873840332,0,75.8711001078288,98.5730253855387,87.3020045280457,174.818161010742,0,0,174.331840515137,172.059112548828,128.306739807129,188.227686564128,68.1451391404675,150.217483520508,35.2837563809894,178.60425567627,0,137.195877075195,84.4594917297363,81.3856315612793,79.4672012329102,187.822531563895,0,99.9460400668058,145.588745117188,148.537551327028,22.0919596882073,72.4514258991588,73.6584925007495,178.73156956264,246.218627929688,121.622539520264,74.620054880778,0,0,108.652003639623
113.175105945793,51.5872181523866,28.1748419262994,45.7606414222263,175.327733357747,124.195644696554,148.501190493805,126.349262833269,135.585798186601,124.49797185262,150.969938168581,29.3867968594635,173.831736246745,31.5370522493291,125.969537948754,155.846893310547,111.923718134562,32.0649021155948,27.2263664045241,29.7085201287213,176.751816885812,107.573444795417,87.4241219454033,69.4204365548549,128.796336277966,40.0478892439588,15.2996273268281,29.5595946485064,130.495611406899,101.586374344364,97.3871741425181,23.2972037168463,120.046215820312,111.561908721924,58.2291223003378,184.969546635946,87.2636698672646,95.5272978157082,77.8733240618024,201.828765869141,0,215.898040771484,169.485088572783,192.00888338956,146.63084342263,181.984715779622,108.946074975503,222.92253112793,96.8882268012324,183.461380004883,0,142.598176627324,96.549417917902,100.269102686102,98.3430822441377,198.821914672852,153.842404027139,120.721576902601,123.997828292847,178.157464120902,80.3263826495723,89.6117856767113,95.9863182791769,175.651211576642,182.601980035955,150.785629551585,111.236530257995,201.170227050781,139.457180023193,114.213894474125
120.976843914862,29.8963947584332,35.5524070549211,40.1645341964941,125.346431998319,142.5222826871,137.350769718635,104.495337397075,132.560936138784,107.088670984641,119.107556497883,65.3586138886976,149.321307667515,26.5998370339179,128.276831785838,129.809130482859,30.1015872655922,61.651926869856,62.8234305410215,70.2505429823249,146.671998065451,68.8734448725177,37.6749394453957,40.3677045144743,85.1978643418351,28.3464830268325,29.5595946485064,14.5719732077658,76.6623994977134,110.53109505438,101.733508725296,18.2238898098555,156.142059326172,106.147867161295,62.7134951384957,156.07791519165,79.6068777898236,88.4965426836448,66.9733958224861,193.851838248117,0,190.271818161011,153.825506165129,179.607162017822,119.716088754159,182.118180558488,117.313094605791,188.790812174479,108.271307434211,173.032078857422,172.854248046875,99.7242427155849,103.674224828798,114.062722975208,107.048282252212,193.674458430364,113.179345182093,65.8092123029097,95.9422928211011,149.104102210877,83.3264307768449,95.7092118663433,91.2857280685189,145.647368913538,167.095476468404,128.213401428641,120.398861258371,0,130.640167236328,111.961804036562
70.7315765694606,112.796238490513,86.3675433177493,48.743208639667,13.2872710319913,123.654792198768,62.6036898871659,24.4912720561058,75.9801364322179,44.2108317798563,31.865380729999,141.462263924735,46.3867778588045,154.548160129123,80.1189141876768,74.9584774413666,41.34935828702,104.993270162326,150.934900457209,127.287145666174,26.6193241613312,23.3303812276989,56.8272473312499,48.4166651466134,17.5733370383189,132.228439331055,130.495611406899,76.6623994977134,9.65555483916988,74.6866390411697,31.6077303144317,158.014530181885,131.607437133789,56.7760777386752,63.6650730694265,111.93607916581,154.179651896159,150.753137497675,70.0875224395537,96.6164114255584,0,135.593359103148,105.77339863881,133.506645542407,71.784431439091,135.167583307944,169.533401489258,119.665302226086,215.499969482422,125.936794959893,108.057374572754,86.1270539402183,186.052876063756,0,178.024424235026,133.908446387766,117.796118842231,73.8802579913223,130.327963878199,98.1959399968962,172.525787353516,188.294330173069,143.045125117067,105.747920002467,124.852237460621,102.318959964052,0,160.681442260742,109.633992747257,121.873998781889
23.2829399117706,108.439655303955,100.081203345271,72.6082833270637,99.2388122517576,21.063494910834,58.7636381091586,66.8068605568795,33.3202032337092,68.0839679374458,90.3944515393739,60.6957510834233,99.356601534116,91.0880353164673,26.9253403900802,72.8727835779605,103.879277910505,90.5294755251794,97.4125509526994,95.8914633975249,92.2532880443678,35.2529479996307,71.9827310515613,82.5154668557935,75.5122509609217,117.781436920166,101.586374344364,110.53109505438,74.6866390411697,11.9421647773877,26.7959814537791,97.0913660526276,6.90423309631238,17.380391079039,28.1573378563595,123.216640472412,128.151133219401,150.441775654638,84.2647089524703,145.576304349032,0,180.407363891602,119.598026172535,157.353225306461,74.9183914935003,178.263726627125,204.9580078125,131.442543723366,135.596323013306,137.512733366431,0,91.2358774820964,173.586239284939,0,177.444961547852,194.079713821411,125.111085891724,77.5034998113459,163.078065024482,112.142362865675,0,152.800027393159,154.368392321528,116.844810065322,133.17549161044,115.468373819987,104.140365600586,0,119.307266235352,144.867712357465
32.1443572546841,101.632352556501,79.6820868389352,54.2702065745381,99.5532188415527,113.985710991753,111.144397258759,22.1033193610261,82.493847463116,59.1304515215815,90.0825009307861,99.7073661134954,126.793939039442,142.864015579224,61.3678393467037,95.0994625091553,79.4365520477295,66.6516913504882,112.70028267444,85.3287540695733,110.088201325515,29.7502339102462,57.456823521314,51.1838026192877,67.2210262861757,186.966903686523,97.3871741425181,101.733508725296,31.6077303144317,26.7959814537791,12.0823616392123,131.844749450684,116.930435180664,45.7227909878681,44.4314128732339,117.84918501319,125.922605895996,136.323328931792,84.9376332318341,151.95574798584,136.65625,151.77760219574,109.213618125525,156.340383818655,64.3181571062873,164.232462310791,164.041023254395,0,189.146072387695,130.258924696181,156.96865272522,86.4884860232906,157.468622095445,167.971069335938,150.341862996419,200.915777587891,113.477761031514,69.524440379625,127.91746232406,99.3629745270815,0,162.980489290678,141.902332584234,104.200245486365,118.007939947657,104.160565491779,0,0,104.716051780571,114.938792127244
157.665765762329,66.1485711826998,85.5106405370376,59.7798399277675,170.976226806641,103.7512550354,111.312283833822,170.205581665039,129.028454027678,134.092617181631,188.815052032471,30.6123461779226,170.604771931966,10.0740228616006,124.521069049835,181.871131896973,0,88.0375068664551,47.0321759748029,65.4392615665089,0,122.218894958496,99.2550688001845,102.032959620158,137.85565217336,42.7942513586248,23.2972037168463,18.2238898098555,158.014530181885,97.0913660526276,131.844749450684,6.75170141138924,98.1088562011719,141.065414428711,71.451511787263,196.301645914714,123.929521560669,135.394251043146,149.038838704427,0,201.145156860352,0,0,0,0,0,113.021654063258,0,91.5825564467062,187.796101888021,0,146.565475463867,123.99998749627,99.1092658042908,103.798285590278,231.407196044922,0,158.336962381999,174.305313110352,190.935101318359,79.2021281348334,97.3574472382714,103.215707696917,192.252861022949,167.263748168945,196.875331878662,107.542009989421,0,0,136.374427318573
77.6013317108154,0,172.598449707031,118.875305175781,117.718574523926,7.43335587729897,14.8191430391285,115.883073286577,11.3640607220832,112.903984069824,125.551873888288,70.3521575927734,99.279974423922,81.8934605916341,12.8553534479141,31.7830673956102,0,180.732701619466,94.237642288208,92.6866048177083,118.065757751465,0,0,172.207592010498,117.457022857666,0,120.046215820312,156.142059326172,131.607437133789,6.90423309631238,116.930435180664,98.1088562011719,4.98957983991802,0,44.562849521637,0,0,0,0,0,0,0,158.841339111328,180.276321411133,0,0,0,0,0,0,0,0,0,0,0,0,0,0,0,159.417709350586,0,141.394439697266,0,193.725242614746,194.316741943359,0,0,0,0,0
42.5029611307032,128.809741973877,102.762514386858,51.5702078342438,88.1721030341254,0,93.2585190667047,60.9663404703468,89.7954696912444,57.5065654572986,81.3480793067387,128.753442030687,115.055161067418,130.835626602173,83.4441534304151,85.0477905273438,80.4486376444499,93.7273425292969,122.871442159017,97.2172146723821,92.2657569885254,56.5763815286997,47.1524294868844,78.5598732032398,64.2957414021424,156.695663452148,111.561908721924,106.147867161295,56.7760777386752,17.380391079039,45.7227909878681,141.065414428711,0,7.66646942500696,21.0623165220348,121.208708021376,0,177.503018697103,72.0136085510254,149.151840209961,0,149.647125244141,108.687008713231,155.131230926514,66.0683534556422,143.806983947754,164.281768798828,165.783798217773,220.953262329102,118.545011043549,150.258880615234,80.7376143932343,168.923118591309,0,0,130.862686157227,132.017887660435,67.3465745449066,117.981765160194,99.1023785430606,0,175.320495605469,143.339595249721,100.926682337819,115.275121307373,98.0756520980444,0,0,109.409248352051,113.394865337171
63.1853648088872,54.4239797083537,60.2064766262701,61.8559323146425,94.725093226279,41.3303551802764,78.6671624637259,78.9338140026862,61.438064542024,86.594527100617,88.1886606460963,24.0332271088865,91.4266354986962,50.4498430755982,48.4919609288563,59.0634457270304,76.8207739142961,31.4268987789808,58.9317476366773,41.2917120701814,89.0648776814089,48.8625822030587,56.1658100252566,41.1009725889182,79.9878784577052,64.7687873840332,58.2291223003378,62.7134951384957,63.6650730694265,28.1573378563595,44.4314128732339,71.451511787263,44.562849521637,21.0623165220348,11.0782973818594,129.553061485291,95.0928655351911,102.595393050344,84.7219814573016,168.437342325846,0,140.991088867188,127.846120198568,174.4476449149,74.1128663283128,173.863834087665,137.071797180176,141.54552798801,112.515312194824,158.342113494873,0,105.023290221756,122.864235791293,146.219732920329,108.449527740479,190.94807434082,118.875829162598,74.2895918453441,105.472939426162,119.860863582693,98.0389493306478,109.796943821319,106.213995123494,119.728949546814,136.289292017619,106.894705077349,132.650522232056,0,108.699091593424,127.239643003882
136.971004486084,0,150.207161514847,158.322498321533,130.022991943359,0,153.345512390137,128.607176589966,155.060144260951,92.0591430664062,154.25598526001,0,121.32471593221,0,144.256115253155,0,117.53490121024,152.481922149658,0,147.77513885498,187.023571014404,114.876138687134,99.6211302015517,138.371758270264,108.595958049071,0,184.969546635946,156.07791519165,111.93607916581,123.216640472412,117.84918501319,196.301645914714,0,121.208708021376,129.553061485291,10.7651631713259,142.635175704956,107.461527147258,57.8399399977464,84.9257039325993,102.09317779541,75.0278368088806,30.5497195598629,59.3238586709786,56.7440164614946,70.7949463108891,119.532064426967,76.3379356767878,139.93994202485,12.5772974331442,58.1182458400726,62.1286555363582,99.3950147628784,126.887474662379,109.449873056498,77.8715309729943,90.8591495796486,56.134601335847,100.010509881106,60.9982394977492,131.230129241943,115.178893922505,119.448756166626,69.5367281721986,16.0320853304791,41.59209791674,146.601579666138,68.2488899230957,21.9534693868864,59.176953908483
134.550094604492,64.4259338378906,70.3349834883294,32.4038281257336,0,0,0,161.97624206543,182.280212402344,0,167.9033203125,105.965190887451,0,90.7722778320312,0,0,0,77.280642191569,113.295066833496,85.8744233230065,0,152.579864501953,71.2609901428223,123.513131459554,132.226760864258,75.8711001078288,87.2636698672646,79.6068777898236,154.179651896159,128.151133219401,125.922605895996,123.929521560669,0,0,95.0928655351911,142.635175704956,5.97833336597397,46.4131831328074,21.8597268351802,0,0,0,117.879950523376,224.52751159668,75.8211829760843,0,60.1267412264053,0,45.384151770459,153.55904006958,0,38.6062571809099,52.2141250170194,79.4113548278809,59.4174919128418,0,56.8580932617188,21.4484305494008,68.5724461499382,71.8110364505223,17.4668965250819,40.7621410274207,28.1890293311537,122.547772725423,0,99.9261850992839,69.9697334766388,0,0,63.9707738482763
162.477910933956,77.4348231195246,86.6502640123875,65.0528105290731,191.488368988037,213.699188232422,192.231696680972,155.705285760421,181.653674677799,154.752858942205,173.510462443034,127.480548434787,0,132.26559677124,172.358505521502,0,122.058463335037,93.3837785058151,129.389876114695,100.14299017606,180.455459594727,130.835350036621,78.5268893437079,90.8024624197063,151.322912054547,98.5730253855387,95.5272978157082,88.4965426836448,150.753137497675,150.441775654638,136.323328931792,135.394251043146,0,177.503018697103,102.595393050344,107.461527147258,46.4131831328074,11.8562754522538,42.6982873397348,139.66092830751,166.388379414876,132.178526641629,94.12410000693,120.967513563227,130.213475227356,121.395612043076,79.876709659283,162.684131440662,85.7202880988687,113.751548214595,134.873992919922,81.2626065767728,38.3030101269473,73.2070180177689,70.1592864608765,148.432079860142,68.3991626805084,46.3216371273776,26.2706185508135,114.915881729126,77.8477745056152,25.1020519193479,28.8338274035146,84.2882319376565,128.28782590929,54.5601358341696,87.218047292609,174.304168701172,121.341600418091,56.5284320569038
