9.62241479351862,142.422180175781,96.6824643543552,73.9790253765815,75.4882233718346,78.454376856486,71.0597979606144,32.3143495356604,22.0119118694266,67.8715229471221,60.7213842338986,153.69567054926,75.9808186330613,156.268371582031,14.6045832458093,59.1481853485107,134.400120544434,102.574698163642,157.781185913086,142.055327131942,74.0998032148494,71.3604863505563,95.8464014053345,88.3245469587563,82.9009688683542,157.459606170654,126.608059828056,120.15260569677,78.9717961016888,21.9650429626043,32.7610178661487,0,90.3704009056091,36.1728065585097,73.3657367260833,135.771926879883,0,163.740120569865,91.1667404174805,156.732867649623,0,188.713979085286,138.033685991841,184.031860351562,96.5148157392229,161.762738314542,195.309059143066,169.706741333008,233.920974731445,184.320292663574,0,166.076644897461,185.690006602894,0,200.949264526367,138.176010131836,146.943913777669,130.486233520508,168.770051707392,126.347275789119,0,187.275286992391,171.27147938655,140.273163428673,147.558059692383,135.902475457442,0,0,150.992498397827,165.925354003906
142.422180175781,6.52432520934339,100.357514833149,20.6228288970708,0,0,105.520446777344,139.003740946452,175.791152954102,75.3125491704886,0,55.6971031106928,100.666913350423,41.8744726328397,195.269393920898,115.092246055603,68.015193104744,61.7371504306793,65.5736684799194,66.428425856999,0,131.558915710449,19.4980500032255,79.5148921012878,72.8020532167875,23.4166101331,54.2314607418136,30.6926143181551,115.07165951199,82.8906097412109,111.409825134277,64.7150577545166,0,115.051574707031,70.1722734412368,142.50830078125,54.9887788636344,78.3712436131069,73.2783447980881,180.413803100586,0,0,162.846046447754,166.672866821289,95.8231582641602,169.137676239014,116.970077514648,0,95.6156493100253,159.455154418945,0,156.909873962402,89.9974202242765,126.100593566895,125.829096112932,0,118.394048055013,84.567143758138,124.423407236735,131.120813751221,78.4709419250488,99.9890516389091,84.4726276914952,170.265609741211,199.602554321289,233.54182434082,149.573379516602,0,0,116.587098757426
96.6824643543552,100.357514833149,12.5710039019507,46.2681499153935,143.334573745728,118.822196960449,135.302763711839,97.7805332169586,126.101223379126,117.820937383743,138.015733002238,82.5776441508326,169.284277542778,84.6873005801027,110.211506794077,144.453834533691,102.949738206535,27.8792741723436,77.3669255574544,83.1742621181774,144.26547065148,64.7077152657454,72.7034325483369,32.0501022292006,130.343268340489,89.7471468072189,30.2870045700803,35.075431298625,107.242583684792,97.3510646918639,74.5946474036072,92.5793334960938,187.199829101562,105.878603654749,59.7710179429174,171.040958751332,90.5267554492485,93.5684995995459,102.109793027242,217.707912445068,0,200.802111625671,166.897846564106,192.713396139706,136.989528656006,187.849607308706,132.392059032734,203.786506652832,146.380569934845,178.554742042055,0,118.759108552479,105.883929975105,142.430063421076,130.073582013448,199.131306966146,129.728285653251,78.3433159123296,106.03007995825,173.825700013534,126.211912972586,103.177976593305,93.905267208357,169.328609534269,195.887234080922,145.995066631271,151.451395670573,0,195.794952392578,112.328740913177
73.9790253765815,20.6228288970708,46.2681499153935,47.451996816678,42.2405080199242,0,121.238950093587,62.6475564943138,100.05024545843,43.5128235765683,112.939426269531,81.587458896637,86.8973426818848,75.9387414468301,87.2667534476832,95.0765854971749,43.6488310115833,70.7553241026468,80.2691059112549,80.4096108189336,67.2905852577903,55.2155588620163,34.7322105631828,55.8005519275642,40.2877378723544,55.2025768802193,60.8974306870087,40.559449956151,60.8257833103051,70.9311601724198,59.1011008239433,112.567408561707,0,65.497994414473,71.929343438616,79.972053527832,93.0483389960395,92.3589280111748,62.7096977410493,0,0,0,130.480276641846,244.020034790039,62.4005819559097,133.948715209961,78.9804000854492,119.671043395996,129.066167449951,143.141800774468,0,75.6293151290328,104.341603687831,149.829433441162,124.82195073908,129.075000762939,74.5654660701752,81.6791058949062,76.955712075327,89.3148205585969,92.477901034885,119.090017232028,98.5105523467064,107.43020921872,128.253782792525,93.7929837036133,0,0,0,114.764458417892
75.4882233718346,0,143.334573745728,42.2405080199242,9.60851473290618,132.6209081014,67.3160566828945,71.3344819333541,79.7072788126328,47.182197689086,22.8586499296362,179.924540201823,30.2433790739499,181.833442687988,84.4492254074971,68.0814063583595,77.5739097595215,186.298243204753,0,0,15.4512077105513,109.983155822754,61.5027148302864,129.083038330078,14.4052032367951,0,167.685624864366,154.245438519646,18.8354077642524,91.9400565451764,100.409233093262,0,132.16481590271,90.3993613833473,89.1743583679199,86.1679382324219,174.68391418457,160.573791503906,89.3614686330159,18.1227898466208,0,140.862626393636,139.240664848915,147.472065124512,89.4723924909319,159.771792624978,0,38.0376721063813,0,162.738055419922,116.467124938965,118.908027648926,0,0,239.830223083496,42.6924089070545,0,136.670234680176,166.190704345703,104.244640520695,0,0,188.229351043701,134.588816709981,151.720931053162,0,0,0,158.143272399902,197.196146011353
78.454376856486,0,118.822196960449,0,132.6209081014,6.78240883536637,8.1356657477143,117.174801720513,21.7018846553163,86.6905584335327,120.489885503596,64.3791847229004,103.618439515432,81.3969329833984,31.4453043142955,12.1882773878488,0,80.2231826782227,0,0,136.986094156901,83.9272079467773,0,116.99582824707,110.557133992513,0,194.663452148438,109.857513427734,140.279236241391,21.5997673835589,103.387016296387,109.198570251465,9.93971410044175,148.962615966797,31.2833813031514,0,0,0,111.744781494141,161.45329284668,0,0,0,0,0,0,0,0,0,239.104461669922,0,0,0,0,0,0,0,0,137.023468017578,145.769622802734,0,0,157.292037963867,191.972015380859,0,0,0,0,0,0
71.0597979606144,105.520446777344,135.302763711839,121.238950093587,67.3160566828945,8.1356657477143,11.3619173657106,60.094235225766,24.090593108543,72.4751243591309,28.6517135861385,97.7458962334527,30.677130964828,147.290448396102,43.4665558307747,12.4691068211576,145.731107076009,172.447494506836,83.9897613525391,176.423989868164,40.3357059983092,114.114420645578,121.268522644043,133.252502009554,76.6842789586044,203.434239705404,165.458997826827,164.686586091013,73.0132396112154,40.5656061387655,125.223125152588,200.464645385742,23.6455553417819,100.155798305165,82.1531244005476,209.934349060059,0,217.555145263672,142.296843895545,167.37352165809,195.114562988281,193.163288116455,158.065183003743,172.289165920681,114.406801986694,177.581685822586,0,96.4193281225256,0,178.215518951416,0,169.226470947266,0,0,0,178.304232177734,193.523147583008,162.04580078125,195.210805257161,137.845216369629,0,0,209.215264060281,167.666647994727,188.423882620675,188.734924316406,0,0,0,218.425430297852
32.3143495356604,139.003740946452,97.7805332169586,62.6475564943138,71.3344819333541,117.174801720513,60.094235225766,12.1009784107387,64.3659854012136,59.3760177645096,19.7292162908502,166.805032125333,67.988133611996,161.316656314625,30.5369885223291,87.888524055481,99.3114274716845,141.43255938424,172.915254380968,163.836342402867,84.2441168991295,65.4308709020701,85.2063403705974,81.9884391180555,56.6062957481004,169.574671427409,133.717268334461,119.405516298001,28.2947730847511,66.1174903228481,24.5941136893083,182.00678062439,131.135574035645,62.7910413656468,81.2688746710523,145.062441657571,241.493637084961,166.937205505371,76.1972796465899,144.814776950412,0,169.460138657514,120.74334355681,151.0069584702,97.8092282760975,159.027959300353,210.423990885417,153.166666242811,243.18270111084,149.827240740667,0,147.202784104781,183.038215637207,206.192810058594,212.559946695964,161.194522255345,166.111121041434,119.249883347663,157.390996815246,113.674947966916,229.697967529297,198.741575079449,174.395759620289,129.618374186985,148.843296148838,129.147248793018,236.436614990234,180.372039794922,138.804756827976,157.148279255834
22.0119118694266,175.791152954102,126.101223379126,100.05024545843,79.7072788126328,21.7018846553163,24.090593108543,64.3659854012136,12.9675674241452,90.4892435276762,41.0629680800937,117.054827562968,86.4869149303344,170.04816010793,15.4462444574031,42.9059450257685,124.973442077637,137.138633513115,158.768829345703,155.388695716858,90.8553280182169,106.190582891429,115.323575533353,120.760522478924,79.0569416182696,164.354751586914,157.672973562657,145.851384692018,93.7006110156666,19.2772520837306,105.679930653292,0,12.7335681310308,101.279075622559,84.5939505819738,154.580535888672,0,189.740243530273,121.79183560326,178.37043232388,0,166.619835747613,150.217150646707,171.353775024414,114.749060153961,180.797986246745,0,134.854424838362,0,182.416092645554,180.356521606445,186.909306844076,199.070983886719,0,0,163.48571361195,0,161.618909982535,183.493671192842,136.356629236395,124.465606689453,216.413428566673,198.700866699219,158.765429011754,187.344757080078,183.093294416155,0,0,167.975794474284,185.070736694336
67.8715229471221,75.3125491704886,117.820937383743,43.5128235765683,47.182197689086,86.6905584335327,72.4751243591309,59.3760177645096,90.4892435276762,9.00136511487609,90.1394661797418,134.755702897614,34.2842991165817,120.286025376237,80.5225291974617,19.8584770735114,86.0262579165007,127.903167724609,139.852058410645,136.415751218796,48.3376143496969,83.7867081616376,31.4946707291593,97.6303565376683,27.1495162405043,110.359625769134,129.385010633282,118.021847615796,56.2055968724096,68.4955342805021,56.3958862066438,139.06093788147,130.272186279297,58.3749252678691,100.979408968275,128.875734601702,178.333831787109,193.906680636936,40.0582520510699,106.529980818431,0,120.266192844936,111.384239028482,152.71546596951,48.0594814444241,121.820558275495,0,89.7234628096871,181.862343924386,151.018139232289,60.0768280029297,113.133470153809,195.076376342773,173.259140014648,182.430061340332,100.286709434108,142.099621364049,98.6460494995117,149.654509989421,74.7491122129619,148.301773071289,195.310859985352,189.20643899955,116.749178147316,123.78192629133,117.063783874512,212.47151184082,0,101.031467437744,147.235400245303
60.7213842338986,0,138.015733002238,112.939426269531,22.8586499296362,120.489885503596,28.6517135861385,19.7292162908502,41.0629680800937,90.1394661797418,14.018734029168,194.63298924764,35.0375832990946,199.094909667969,35.8157448869579,79.3553882556015,101.997299194336,171.414140589097,159.137008666992,211.810775756836,20.2118394444828,116.497982390939,109.972695244683,120.633912194635,63.3833472341554,0,165.940240549487,151.167653940492,29.3644604177391,96.7539502961683,112.14639786751,211.16283416748,132.877416206129,90.134855432549,96.2680287034206,199.828449249268,0,203.084686279297,128.180144309998,138.763635065245,0,157.048343658447,153.461951237099,166.368621363784,110.551950045994,176.609952682966,0,115.845617893764,0,185.242962837219,108.205146789551,172.418539683024,180.457962036133,0,0,147.255164474911,165.891952514648,160.286340332031,184.625135633681,129.383501046405,0,208.937610626221,210.221516328699,160.64082402008,179.79725189209,155.15763982137,0,224.748245239258,174.646423339844,188.25136756897
153.69567054926,55.6971031106928,82.5776441508326,81.587458896637,179.924540201823,64.3791847229004,97.7458962334527,166.805032125333,117.054827562968,134.755702897614,194.63298924764,13.0407793696334,149.533732944065,24.544665423459,140.255150851081,122.937126159668,133.682539803641,35.3430498247421,18.9542600937683,21.3141852359551,0,103.840615196228,95.601131439209,89.8466629903825,134.667447897104,29.6433894689998,27.9765786567714,63.9870733437688,147.746551838327,53.6275879856972,117.68196105957,45.5838217197564,64.470543967353,114.709205627441,33.8717899439481,0,91.8581186930339,137.309253692627,66.5350151062012,0,0,0,199.655598958333,238.627487182617,0,222.603530883789,99.5482526779175,0,82.309682014661,178.002548217773,0,157.098815917969,157.075006925143,102.50497172429,115.116218435353,0,167.674728393555,114.928318023682,164.054926554362,225.939239501953,68.0191282792525,109.101588224753,109.434242446935,196.020107269287,0,177.466452026367,102.953977584839,0,0,137.626368009127
75.9808186330613,100.666913350423,169.284277542778,86.8973426818848,30.2433790739499,103.618439515432,30.677130964828,67.988133611996,86.4869149303344,34.2842991165817,35.0375832990946,149.533732944065,12.0870683834556,170.639416503906,85.9862437588549,19.0832460722071,0,180.259399414062,0,0,15.2515354047635,154.383810679118,78.4917481740316,150.623300461542,29.1705645538787,205.882583618164,155.795487721761,157.383095712373,56.2065506521079,95.9873985314239,117.795231212269,0,126.578738751619,103.190642547607,94.877460689135,0,0,181.37084197998,146.024909973145,66.3675719244867,0,74.9207226711771,158.476487295968,117.108670454759,72.0959499904088,140.321135604142,155.508193969727,14.7870094260718,0,134.901070064969,53.2675058576796,215.798568725586,0,0,0,32.6755246126652,0,163.343891143799,195.067070007324,106.387298373172,0,0,163.268569946289,128.127141274904,143.390550231934,211.709248860677,0,174.938552856445,0,160.221184866769
156.268371582031,41.8744726328397,84.6873005801027,75.9387414468301,181.833442687988,81.3969329833984,147.290448396102,161.316656314625,170.04816010793,120.286025376237,199.094909667969,24.544665423459,170.639416503906,6.85766799373824,176.239593378703,144.579635620117,117.296166102091,97.452630458734,41.5782018288103,64.2015267780849,199.54029083252,164.16965315077,81.2289190406343,119.049719394782,127.773780944824,16.0514474994639,46.2470559981845,33.8630629152979,167.587083202297,78.1419943237305,153.154623178335,14.850337088437,78.7217051188151,166.336659749349,61.5624125735998,0,124.058755662706,152.199860516716,43.5277719619947,213.256530761719,0,0,226.769220987956,0,144.536842346191,225.103271484375,85.6026339855009,0,73.202667904731,230.532943725586,0,0,147.450956726074,100.309380544743,99.7587685585022,0,0,133.904853312174,183.592126846313,188.549533081055,57.5021347181618,98.2061114382815,92.3937595150978,209.224990844727,207.17067972819,189.626037597656,98.0907912918284,0,0,138.993641444615
14.6045832458093,195.269393920898,110.211506794077,87.2667534476832,84.4492254074971,31.4453043142955,43.4665558307747,30.5369885223291,15.4462444574031,80.5225291974617,35.8157448869579,140.255150851081,85.9862437588549,176.239593378703,8.4498702860622,58.890329762509,125.377001444499,113.205925381373,171.799346923828,150.543159484863,92.9336488300859,89.6643879013574,138.484937395368,104.228166522554,70.945560757543,171.340896606445,141.737085028993,137.753568423692,86.5224267395449,15.1793217065615,62.4918621467943,184.693105061849,10.940819111693,53.3461313819366,71.483719455332,153.47607421875,0,191.624764875932,100.013762664795,178.003189086914,0,176.499160766602,141.16238980177,167.860977172852,104.291130828857,193.093452816918,0,140.82227007548,0,184.414684589093,0,107.92724609375,215.015068054199,0,0,152.256692152757,204.582595825195,140.746031019423,184.665960947673,135.79791526586,0,204.75685046968,184.561653281158,155.16764207756,171.256597900391,174.165791829427,0,0,179.603530883789,196.989135742188
59.1481853485107,115.092246055603,144.453834533691,95.0765854971749,68.0814063583595,12.1882773878488,12.4691068211576,87.888524055481,42.9059450257685,19.8584770735114,79.3553882556015,122.937126159668,19.0832460722071,144.579635620117,58.890329762509,8.33052542528556,92.7531509399414,187.735710144043,0,0,56.442486030468,101.074142456055,76.8817290067673,100.942218780518,47.2498717502937,164.001953125,0,153.54665184021,80.5314633774035,65.1843490600586,104.577041625977,0,36.2173945687034,133.224632263184,56.2770796881782,0,0,0,0,127.289608001709,0,0,148.85578918457,208.813323974609,63.3492799238725,164.555656433105,0,62.7405543607824,0,0,64.4214096069336,0,0,0,0,135.442208862305,0,232.596664428711,0,141.7390318371,0,237.733383178711,237.44132232666,163.269339752197,211.543380737305,148.023376464844,0,0,0,0
134.400120544434,68.015193104744,102.949738206535,43.6488310115833,77.5739097595215,0,145.731107076009,99.3114274716845,124.973442077637,86.0262579165007,101.997299194336,133.682539803641,0,117.296166102091,125.377001444499,92.7531509399414,12.7463512803496,105.657393854315,154.960632324219,130.114019393921,0,22.5272837985939,28.5640406717369,17.0890605598648,35.2911700084185,104.880347188314,107.689196362215,28.4146599035834,49.0450195975473,112.035847473145,79.608244726393,130.294165039063,0,67.8337415059408,78.8546818003935,120.063166300456,88.1161104838053,101.717491547267,56.5771622206035,0,0,0,166.297328255393,152.594329833984,0,188.46590423584,0,155.087677001953,0,169.908728859641,0,101.013200940877,138.825887792251,179.404220581055,164.788646697998,0,110.078618462141,53.3298626045386,101.353379208407,123.540258963903,0,144.112770379758,107.408200428898,118.973401775797,130.581029891968,115.290005800201,0,0,186.177604675293,125.42892109264
102.574698163642,61.7371504306793,27.8792741723436,70.7553241026468,186.298243204753,80.2231826782227,172.447494506836,141.43255938424,137.138633513115,127.903167724609,171.414140589097,35.3430498247421,180.259399414062,97.452630458734,113.205925381373,187.735710144043,105.657393854315,8.47223640554326,54.0013055299458,21.6500526929499,190.920669555664,65.6098577199549,91.1136928493694,23.8195677784121,130.737226097329,55.1541487375895,33.1615900564562,63.9877614944891,123.185869637658,93.9337055302779,79.9700647534508,90.5390167236328,195.480606079102,95.5752596701345,37.9515303383235,186.206631469727,93.4962484322342,111.110464336803,101.718940303011,0,0,0,189.301401774089,204.45298614502,188.048706054688,206.47018848766,128.378901274308,0,140.081288851224,200.514633178711,0,146.371529799241,113.213646230772,133.37664642334,113.850333224522,0,147.527122899106,101.912594968622,134.325941436145,176.390972303308,118.185914846567,101.012339742921,106.71780389639,168.567068294603,152.500588553292,158.355516545913,146.024688720703,0,133.510009765625,116.552556424528
157.781185913086,65.5736684799194,77.3669255574544,80.2691059112549,0,0,83.9897613525391,172.915254380968,158.768829345703,139.852058410645,159.137008666992,18.9542600937683,0,41.5782018288103,171.799346923828,0,154.960632324219,54.0013055299458,7.90271066758052,10.0296248467428,0,117.921993800572,101.093990325928,108.191460927327,146.746601104736,46.1685218811035,15.3874645891708,66.9791055925849,151.848937988281,96.07788449242,136.61939239502,38.4289025059453,0,123.764976501465,58.5798358815421,0,97.9596939086914,152.627326965332,119.692647298177,0,0,0,234.206207275391,0,0,0,118.582361857096,0,106.238235473633,0,0,195.931335449219,148.063723754883,113.425849914551,113.234121322632,0,0,197.266189575195,239.841415405273,0,94.7313591003418,107.966377887529,110.818150646282,0,0,0,115.841714477539,0,0,184.393844604492
142.055327131942,66.428425856999,83.1742621181774,80.4096108189336,0,0,176.423989868164,163.836342402867,155.388695716858,136.415751218796,211.810775756836,21.3141852359551,0,64.2015267780849,150.543159484863,0,130.114019393921,21.6500526929499,10.0296248467428,8.43519990896864,0,97.5717070186839,113.666552389822,69.1937926974204,143.296455701192,58.5341375690617,18.1557763874084,75.9021910784537,145.251007481625,110.750428715977,108.266448256549,56.9645342333563,0,112.077564954758,41.6608440686361,212.14045715332,97.4597401338465,157.238965352376,105.815845087955,0,0,0,226.667733764648,0,0,0,124.723437660619,0,130.443710751004,215.833786010742,0,175.880294799805,134.483212280273,111.965381823088,115.655086108616,205.989013671875,200.153561401367,121.313271155724,154.016886711121,221.04426574707,86.3579733565047,107.962725942069,111.071294365691,185.809303283691,0,177.905452728271,126.638250078474,0,0,121.321923319499
74.0998032148494,0,144.26547065148,67.2905852577903,15.4512077105513,136.986094156901,40.3357059983092,84.2441168991295,90.8553280182169,48.3376143496969,20.2118394444828,0,15.2515354047635,199.54029083252,92.9336488300859,56.442486030468,0,190.920669555664,0,0,12.6243597390378,126.292892456055,64.929677327474,126.397993723551,21.8331621603877,171.317428588867,168.446665445964,155.040933227539,35.8015524152736,99.9999897436345,131.24079284668,0,127.107099151611,96.2344152832031,97.5687468679328,180.067764282227,0,0,54.1832237243652,21.0455316223402,0,173.679573906793,149.372714996338,163.476409912109,102.216439008713,171.979642333984,0,10.3624250034935,0,173.96932220459,0,0,0,0,0,42.0257433292913,0,0,0,121.881923006019,0,210.130996704102,200.611602783203,158.219468688965,229.077758789062,0,0,0,149.698806762695,0
71.3604863505563,131.558915710449,64.7077152657454,55.2155588620163,109.983155822754,83.9272079467773,114.114420645578,65.4308709020701,106.190582891429,83.7867081616376,116.497982390939,103.840615196228,154.383810679118,164.16965315077,89.6643879013574,101.074142456055,22.5272837985939,65.6098577199549,117.921993800572,97.5717070186839,126.292892456055,12.0222074530636,56.0240416421107,23.3981126560307,45.7532538370586,128.382259368896,105.078621709616,92.0891547879711,28.4825878153882,74.1401874852029,27.6050169896815,136.680816650391,156.829895019531,42.7532740862127,42.9676502777313,131.224471228463,145.539749145508,112.411889227267,69.5540416992462,196.948465983073,0,214.747734069824,144.210254124233,170.450541776769,102.067710694813,191.124244689941,168.961158752441,195.163589477539,0,149.096339810279,0,108.877758085728,146.246516141025,216.963119506836,166.033231099447,171.426015218099,113.787765834642,73.648433941753,107.878060133036,125.258311288399,158.871154785156,163.311232486014,117.149682529637,123.923208175167,132.571561336517,117.279174460946,0,0,114.976531982422,126.015737024943
95.8464014053345,19.4980500032255,72.7034325483369,34.7322105631828,61.5027148302864,0,121.268522644043,85.2063403705974,115.323575533353,31.4946707291593,109.972695244683,95.601131439209,78.4917481740316,81.2289190406343,138.484937395368,76.8817290067673,28.5640406717369,91.1136928493694,101.093990325928,113.666552389822,64.929677327474,56.0240416421107,9.64579625559674,53.306617656572,33.967385294233,70.4936343777564,94.3864527442903,39.897230232689,58.2847108999097,78.641597618491,58.5206829809373,107.878502437047,0,67.8579305729396,82.3185089842914,119.758935546875,143.705867004395,112.826334745988,55.7383844661713,160.982599530901,0,149.627960205078,149.957048477665,149.318856811523,79.7090511322021,170.021018981934,137.539276123047,163.768253326416,137.942818535699,143.603188254616,0,107.42052018015,138.578444740989,178.009651184082,157.424272537231,144.24808078342,105.784971618652,70.097169342041,113.795633413024,111.808924825568,130.666145324707,137.508175680082,121.656367451155,115.499399133631,139.122915267944,98.0255317687988,158.978652954102,0,88.6827667236328,131.424331665039
88.3245469587563,79.5148921012878,32.0501022292006,55.8005519275642,129.083038330078,116.99582824707,133.252502009554,81.9884391180555,120.760522478924,97.6303565376683,120.633912194635,89.8466629903825,150.623300461542,119.049719394782,104.228166522554,100.942218780518,17.0890605598648,23.8195677784121,108.191460927327,69.1937926974204,126.397993723551,23.3981126560307,53.306617656572,14.0119012777459,83.7041877276368,109.420773726243,72.7612804473273,51.4230229867946,53.1979877038344,91.6427927937475,62.1635752306098,143.667845726013,175.262629191081,88.6300086677074,49.7810979838773,158.857145521376,130.927880231072,99.2509312338109,65.6827924174647,204.42253112793,0,206.58029683431,160.664218009786,190.793005594393,145.222528934479,191.5846824646,177.263956243342,202.513707478841,178.446083068848,174.904107195266,0,106.104918215287,119.608647584915,164.584442138672,154.777931213379,203.720458984375,111.713561019382,62.9802085331508,104.987278830524,145.457748918648,122.999749319894,124.080283922018,101.894571465334,143.484090232849,157.377784729004,128.441904757885,145.386352539062,0,130.070134735107,124.514169409724
82.9009688683542,72.8020532167875,130.343268340489,40.2877378723544,14.4052032367951,110.557133992513,76.6842789586044,56.6062957481004,79.0569416182696,27.1495162405043,63.3833472341554,134.667447897104,29.1705645538787,127.773780944824,70.945560757543,47.2498717502937,35.2911700084185,130.737226097329,146.746601104736,143.296455701192,21.8331621603877,45.7532538370586,33.967385294233,83.7041877276368,12.7669738391808,113.335062643198,130.990638258767,91.2579848164911,29.3284964989095,83.4515939163619,71.8728367814931,153.356342315674,126.457956586565,70.3725545289087,89.0646679845349,135.599984678504,157.837595621745,149.254639685154,59.5808768004252,132.774896445784,230.189575195312,143.720093182155,113.593690449851,143.183894184658,66.5482215674027,138.995875084537,204.877742767334,114.039332467156,182.012718200684,145.652603292465,67.3349393208822,102.837672010381,160.63244289822,211.107467651367,198.597711181641,120.65711246959,120.669873101371,93.8376218961633,145.395779255801,98.0089356957961,167.694259643555,180.582098599138,158.301353603456,117.544444636366,135.820948032734,114.450400146223,0,198.50954284668,121.578936628862,137.921554381589
157.459606170654,23.4166101331,89.7471468072189,55.2025768802193,0,0,203.434239705404,169.574671427409,164.354751586914,110.359625769134,0,29.6433894689998,205.882583618164,16.0514474994639,171.340896606445,164.001953125,104.880347188314,55.1541487375895,46.1685218811035,58.5341375690617,171.317428588867,128.382259368896,70.4936343777564,109.420773726243,113.335062643198,8.0404813723333,47.9410586567045,28.4939008644582,154.032666524251,109.355828285217,144.92261505127,55.5851353539361,72.277702331543,0,58.5194456257037,0,70.0852140538833,130.73145904541,37.7848661069517,203.441802978516,0,0,197.788597106934,0,157.204132080078,0,80.1504702201256,0,64.6002333564953,211.533416748047,0,138.752258300781,105.135180473328,87.6525385929988,78.2893247876848,0,0,127.388543446859,135.718479156494,170.389315795898,48.8044965365162,81.8647758235102,78.3541974634924,188.729649861654,175.945152282715,173.50341796875,92.1566492716471,0,202.609855651855,127.125593276251
126.608059828056,54.2314607418136,30.2870045700803,60.8974306870087,167.685624864366,194.663452148438,165.458997826827,133.717268334461,157.672973562657,129.385010633282,165.940240549487,27.9765786567714,155.795487721761,46.2470559981845,141.737085028993,0,107.689196362215,33.1615900564562,15.3874645891708,18.1557763874084,168.446665445964,105.078621709616,94.3864527442903,72.7612804473273,130.990638258767,47.9410586567045,11.7446765983141,29.0319096858368,141.227088960827,122.899049747257,108.348987372109,24.5133726779586,227.015670776367,118.437429208022,59.2058131376004,190.980380718525,82.3962602684631,110.702743994021,85.302699175748,215.261749267578,0,229.384334019252,189.194164680032,208.188211152048,192.881031036377,211.732370087595,118.085246558951,229.818115234375,110.061263307612,205.623405279115,213.890899658203,147.210503413759,112.242015001942,109.56944805769,103.846773375735,236.451995849609,146.150608720451,122.451693448153,142.882885233561,197.696297732267,80.6958357558967,98.1609920121994,100.924260129498,189.367153892034,195.911694335938,172.318918936593,125.730959002891,213.003829956055,174.603886922201,118.153029131335
120.15260569677,30.6926143181551,35.075431298625,40.559449956151,154.245438519646,109.857513427734,164.686586091013,119.405516298001,145.851384692018,118.021847615796,151.167653940492,63.9870733437688,157.383095712373,33.8630629152979,137.753568423692,153.54665184021,28.4146599035834,63.9877614944891,66.9791055925849,75.9021910784537,155.040933227539,92.0891547879711,39.897230232689,51.4230229867946,91.2579848164911,28.4939008644582,29.0319096858368,12.6026089215399,90.464523429346,127.026223060139,111.884069274902,11.6122027779586,240.801910400391,133.36532601856,69.26013456579,186.416507520174,83.1144984563192,95.2938759676281,70.33868866372,202.228521728516,0,208.274193173363,173.694342574154,197.353568689147,169.116074660729,195.67747175079,125.940120656867,206.500701904297,112.53474428158,190.143625791908,234.02214050293,122.059643985779,112.425088442563,113.789788315936,111.905718560397,199.688346275916,143.08357800293,54.3573504717635,110.089047188509,154.071144602515,83.995166706589,101.849977559563,96.8098093969351,173.194481462751,180.432742414803,163.852032762893,125.240061113911,0,199.157974243164,116.472379570618
78.9717961016888,115.07165951199,107.242583684792,60.8257833103051,18.8354077642524,140.279236241391,73.0132396112154,28.2947730847511,93.7006110156666,56.2055968724096,29.3644604177391,147.746551838327,56.2065506521079,167.587083202297,86.5224267395449,80.5314633774035,49.0450195975473,123.185869637658,151.848937988281,145.251007481625,35.8015524152736,28.4825878153882,58.2847108999097,53.1979877038344,29.3284964989095,154.032666524251,141.227088960827,90.464523429346,11.9304973763613,85.9473469246199,54.1799424280521,166.912734985352,139.048368581136,69.8343879084034,76.1583539083797,135.026415861854,149.959686279297,153.443838044709,71.7566157550347,125.121816153979,0,155.995903290898,121.285401657499,155.117476022788,90.7631824502137,164.454997310354,199.924053615994,133.473925006005,202.803699493408,151.834703699202,110.252319335938,113.489851787591,168.420764160156,0,194.561944144113,145.074033577498,123.889631090666,112.850412227963,142.551366766294,110.067806681312,185.063117980957,189.219661678888,165.169570962077,128.458985900879,142.725497460648,116.91103674949,0,199.659538269043,123.075180761593,144.00796045106
21.9650429626043,82.8906097412109,97.3510646918639,70.9311601724198,91.9400565451764,21.5997673835589,40.5656061387655,66.1174903228481,19.2772520837306,68.4955342805021,96.7539502961683,53.6275879856972,95.9873985314239,78.1419943237305,15.1793217065615,65.1843490600586,112.035847473145,93.9337055302779,96.07788449242,110.750428715977,99.9999897436345,74.1401874852029,78.641597618491,91.6427927937475,83.4515939163619,109.355828285217,122.899049747257,127.026223060139,85.9473469246199,10.0502362062476,28.1786951246668,114.859043884277,12.1140911986953,11.8263669803548,34.5733064671998,146.302000346937,156.174407958984,187.062293419471,76.5765344528925,170.675425442782,0,206.300891876221,135.009963509696,184.016151428223,102.176358514903,170.756417541504,0,133.410625839233,164.94189453125,167.246975442638,0,126.349454879761,201.996543884277,119.467628479004,199.385553995768,195.766041564941,156.641415596008,157.773332214355,157.393865502399,133.426966687843,0,177.614958763123,172.535694431614,143.948349852662,155.068151994185,128.208877182007,0,0,167.51552734375,158.979026794434
32.7610178661487,111.409825134277,74.5946474036072,59.1011008239433,100.409233093262,103.387016296387,125.223125152588,24.5941136893083,105.679930653292,56.3958862066438,112.14639786751,117.68196105957,117.795231212269,153.154623178335,62.4918621467943,104.577041625977,79.608244726393,79.9700647534508,136.61939239502,108.266448256549,131.24079284668,27.6050169896815,58.5206829809373,62.1635752306098,71.8728367814931,144.92261505127,108.348987372109,111.884069274902,54.1799424280521,28.1786951246668,11.4065622784502,0,146.316135406494,43.5714517542735,39.4931668517458,129.171872531666,173.283622741699,143.414772931267,67.7475861508124,212.030529022217,0,167.789758682251,118.254258426205,163.487213417336,87.7399794523381,173.528852335612,182.142501831055,204.44596862793,192.384140014648,148.673638570876,84.4404907226562,108.698154478807,153.387280782064,192.48616027832,173.191730499268,211.161437988281,116.654825684371,91.1214742352886,131.855021061509,114.002678194526,0,168.811744384766,152.083961317274,119.634520238313,129.640678465366,113.183339872725,0,216.213760375977,117.626315509572,131.656232008294
0,64.7150577545166,92.5793334960938,112.567408561707,0,109.198570251465,200.464645385742,182.00678062439,0,139.06093788147,211.16283416748,45.5838217197564,0,14.850337088437,184.693105061849,0,130.294165039063,90.5390167236328,38.4289025059453,56.9645342333563,0,136.680816650391,107.878502437047,143.667845726013,153.356342315674,55.5851353539361,24.5133726779586,11.6122027779586,166.912734985352,114.859043884277,0,5.21219359724794,0,0,73.5915713534028,0,112.179008483887,164.205749511719,67.3932592603895,0,0,0,241.483581542969,0,0,0,110.516000366211,0,104.937305862839,0,0,0,134.845245361328,122.431803086225,108.484715053013,0,0,0,0,0,87.5398030434885,116.073425594129,111.487570144035,0,0,0,127.297361373901,0,0,157.352456229074
90.3704009056091,0,187.199829101562,0,132.16481590271,9.93971410044175,23.6455553417819,131.135574035645,12.7335681310308,130.272186279297,132.877416206129,64.470543967353,126.578738751619,78.7217051188151,10.940819111693,36.2173945687034,0,195.480606079102,0,0,127.107099151611,156.829895019531,0,175.262629191081,126.457956586565,72.277702331543,227.015670776367,240.801910400391,139.048368581136,12.1140911986953,146.316135406494,0,5.66162073650656,157.354309082031,41.7736525902381,0,0,0,126.483268737793,0,0,0,176.617630004883,0,0,217.812515258789,0,0,0,0,0,0,0,0,0,0,0,0,0,185.693849690755,0,0,0,180.526870727539,240.661407470703,0,0,0,0,0
36.1728065585097,115.051574707031,105.878603654749,65.497994414473,90.3993613833473,148.962615966797,100.155798305165,62.7910413656468,101.279075622559,58.3749252678691,90.134855432549,114.709205627441,103.190642547607,166.336659749349,53.3461313819366,133.224632263184,67.8337415059408,95.5752596701345,123.764976501465,112.077564954758,96.2344152832031,42.7532740862127,67.8579305729396,88.6300086677074,70.3725545289087,0,118.437429208022,133.36532601856,69.8343879084034,11.8263669803548,43.5714517542735,0,157.354309082031,6.61794241946019,29.9902917932436,124.272364934285,189.643310546875,150.620141710554,74.6473574320475,163.692199707031,0,166.285522460938,120.651373218355,174.434982299805,96.9317602157593,173.961980819702,0,173.273490905762,0,156.872203826904,0,92.5742950439453,145.595474243164,0,0,130.866455078125,181.066558837891,116.766698201497,169.510770797729,121.486132988563,0,188.470184326172,175.758737564087,123.620778239051,129.36582674299,120.169559631348,0,0,117.396415710449,137.711941189236
73.3657367260833,70.1722734412368,59.7710179429174,71.929343438616,89.1743583679199,31.2833813031514,82.1531244005476,81.2688746710523,84.5939505819738,100.979408968275,96.2680287034206,33.8717899439481,94.877460689135,61.5624125735998,71.483719455332,56.2770796881782,78.8546818003935,37.9515303383235,58.5798358815421,41.6608440686361,97.5687468679328,42.9676502777313,82.3185089842914,49.7810979838773,89.0646679845349,58.5194456257037,59.2058131376004,69.26013456579,76.1583539083797,34.5733064671998,39.4931668517458,73.5915713534028,41.7736525902381,29.9902917932436,12.3047721673165,136.530999925401,108.189304205088,109.099269464149,82.0598198711008,215.576131184896,0,193.006896972656,139.81243758506,184.246942520142,116.258348083496,195.480354309082,142.364634195964,107.511254882812,136.075776841905,173.244039435136,0,121.163281721227,127.730394178821,137.68515215422,134.361749214039,174.70911189488,125.466655186244,82.0833956535826,113.745330957266,136.130093958471,118.712833628935,121.089695193296,115.018138641859,135.375753175084,153.405353291829,120.330104770945,144.436910629272,215.257263183594,150.011684417725,138.465368941024
135.771926879883,142.50830078125,171.040958751332,79.972053527832,86.1679382324219,0,209.934349060059,145.062441657571,154.580535888672,128.875734601702,199.828449249268,0,0,0,153.47607421875,0,120.063166300456,186.206631469727,0,212.14045715332,180.067764282227,131.224471228463,119.758935546875,158.857145521376,135.599984678504,0,190.980380718525,186.416507520174,135.026415861854,146.302000346937,129.171872531666,0,0,124.272364934285,136.530999925401,13.0374701779747,139.73574256897,126.613322372978,71.3552652420536,104.162781392247,87.0021031697591,90.6835674376,27.2866661071356,76.8578599716226,65.5238804931641,82.7385680514413,134.416661071777,91.3438998363057,155.351508004325,24.0418235210611,46.3709468841553,83.4117155808669,113.538031059399,145.641933881319,128.515902864172,95.3775098634803,84.1848459476378,89.0283774351462,109.666321979306,80.099586176585,143.546508789062,124.351688692985,137.498352555204,89.9040521729667,17.9225758858446,37.3625477638998,168.010989379883,90.8418407440186,32.29233464426,66.1347758780876
0,54.9887788636344,90.5267554492485,93.0483389960395,174.68391418457,0,0,241.493637084961,0,178.333831787109,0,91.8581186930339,0,124.058755662706,0,0,88.1161104838053,93.4962484322342,97.9596939086914,97.4597401338465,0,145.539749145508,143.705867004395,130.927880231072,157.837595621745,70.0852140538833,82.3962602684631,83.1144984563192,149.959686279297,156.174407958984,173.283622741699,112.179008483887,0,189.643310546875,108.189304205088,139.73574256897,8.59555802795521,54.939196483509,24.2142727386384,162.329071044922,0,194.679443359375,139.43805609809,163.794515609741,77.5299431218041,216.452583312988,73.6719749450684,0,56.5483668027902,144.329553731283,122.14656829834,76.1395185315931,55.5512071744952,76.0082866123744,53.9316253290548,0,96.4111157930814,18.1653298892352,69.9076478364038,87.8739116712548,24.7352154413153,46.0683040259866,27.6633630250397,137.939041586483,123.788903669877,111.978043265965,104.372462681362,0,193.910415649414,62.7236315440206
163.740120569865,78.3712436131069,93.5684995995459,92.3589280111748,160.573791503906,0,217.555145263672,166.937205505371,189.740243530273,193.906680636936,203.084686279297,137.309253692627,181.37084197998,152.199860516716,191.624764875932,0,101.717491547267,111.110464336803,152.627326965332,157.238965352376,0,112.411889227267,112.826334745988,99.2509312338109,149.254639685154,130.73145904541,110.702743994021,95.2938759676281,153.443838044709,187.062293419471,143.414772931267,164.205749511719,0,150.620141710554,109.099269464149,126.613322372978,54.939196483509,9.6939615146194,63.6475424194336,143.973519523189,164.755928039551,141.422137187077,96.779397023045,130.562967644196,107.206601293463,114.764938210728,93.6048957743543,143.347731663631,91.9083077907562,122.190151938734,175.08674621582,102.762277098263,45.7851709974788,98.9288581399357,78.4897755170723,162.356882268732,59.5524646684041,44.4602130347216,29.3336562315106,121.938808576196,91.8298759460449,23.4237358202745,25.0019669252879,81.7504354639104,150.183489374368,92.4631305487392,104.149438040597,204.961971282959,125.330110126072,68.6886484764947
91.1667404174805,73.2783447980881,102.109793027242,62.7096977410493,89.3614686330159,111.744781494141,142.296843895545,76.1972796465899,121.79183560326,40.0582520510699,128.180144309998,66.5350151062012,146.024909973145,43.5277719619947,100.013762664795,0,56.5771622206035,101.718940303011,119.692647298177,105.815845087955,54.1832237243652,69.5540416992462,55.7383844661713,65.6827924174647,59.5808768004252,37.7848661069517,85.302699175748,70.33868866372,71.7566157550347,76.5765344528925,67.7475861508124,67.3932592603895,126.483268737793,74.6473574320475,82.0598198711008,71.3552652420536,24.2142727386384,63.6475424194336,14.6796873535122,120.008672332764,138.271057128906,126.475878996008,54.6782730740438,104.879176385062,35.2056786258456,117.715454252143,85.1441426277161,146.077529907227,36.8355037081703,91.0288574974816,0,42.3431052263594,65.2159066257707,70.8815279228743,64.4281970217712,117.464515050252,50.3325373040507,25.7382811911694,48.9267922861648,41.4773235742423,21.2811285539657,47.9182426174311,42.2692150661069,56.2316535983169,79.2359263201168,57.6445104209045,66.6157857721502,134.996856689453,63.1093641469176,73.9239280925078
