10.492536235362,135.01416015625,102.66876108239,78.7633616328239,99.5334273444282,109.202214327725,99.8343246573269,37.5431624968303,56.0632516348989,74.2060065133231,80.0384860424434,135.570004976713,98.4692781479632,151.214858531952,22.915377026524,236.033203125,114.509186553955,107.701413679659,142.236729939779,140.061974323971,96.7948384004481,81.5145165140812,109.633394622803,96.5347143820666,95.6129198906406,0,129.827032257744,131.490997618279,83.6983694014002,30.3261047923092,36.0864359171537,142.554593404134,91.9380980781887,52.7724768970324,67.2306209250298,157.867916870117,173.776748657227,166.682632991246,127.106492178781,150.232218424479,0,0,138.990251714533,164.813991546631,115.958656311035,172.216171264648,188.074058532715,125.221384684245,0,186.005665370396,0,158.77522277832,203.288016183036,0,0,107.139602661133,191.605072021484,115.523529052734,186.496047973633,136.099152459039,0,200.373561223348,179.60336019225,149.356749841722,156.041079203288,151.731837463379,0,0,129.650405883789,176.75647277832
135.01416015625,7.75097114935352,75.2111268043518,20.0869033419488,103.608491080148,140.035171508789,130.599721272786,122.843608856201,154.783184814453,79.4706195200823,204.444885253906,60.9506763522908,126.527275085449,50.2078598173351,139.649688720703,117.103126525879,69.073538312725,58.0885423024495,62.6247685750326,65.7022143632938,106.466339111328,98.3862533569336,18.4366381261571,80.8228279352188,83.6399059990384,24.9149382376842,56.2981314686059,28.4264083932925,131.523881765512,134.538566589355,104.460717773437,75.7018500107985,105.59058380127,0,74.0383999164288,199.824325561523,81.9136549631755,88.126545715332,103.2018699646,0,0,0,150.58603922526,212.597229003906,0,182.666793823242,110.430716620551,185.212158203125,99.6198723834494,211.873016357422,0,0,102.59252166748,119.801332473755,116.714208602905,0,0,123.221797943115,147.231006622314,146.996094512939,92.0494126213922,98.9514380446425,92.160297207716,165.18004989624,149.925323486328,135.193897247314,117.033940996443,0,0,121.59546988351
102.66876108239,75.2111268043518,14.0084167359725,76.880548560101,152.621558404738,182.733464558919,153.255867965578,111.580561883569,134.162243503086,124.841828240289,148.832940087304,93.0276788280856,164.942950142754,93.3838575301632,123.70688401402,158.282249450684,113.737959861755,44.3251120278255,93.7190302068537,90.5131558736165,151.618739201472,67.8999851556428,60.0467488425119,38.9065593480277,125.186865285665,104.547380447388,38.6929508899528,39.0951741629328,101.670486387391,124.22493084946,93.2741329464419,101.644152323405,187.228909141139,135.715183258057,69.5544500895909,173.717562588778,84.9455499320195,96.9361552586631,102.14402331946,216.964360555013,0,214.427536010742,172.528923416138,199.130082937387,165.569200788225,189.816850037134,148.338195800781,217.808448791504,150.522749527641,186.023248237476,232.906852722168,128.560648121553,113.830693372685,154.195852661133,138.977771954659,234.618362426758,139.510306924076,116.095177322138,112.916313444456,169.447171991522,114.351745605469,109.029054363309,98.7613461328009,167.537539486432,169.650350843157,151.362290255995,168.056503295898,0,182.377502441406,115.094713497162
78.7633616328239,20.0869033419488,76.880548560101,14.6927078548405,53.9068725506465,0,115.334853085605,70.1915201108027,104.363943326271,25.4070368141432,122.82642729386,77.0199362754822,106.663083076477,63.2181696910935,88.635795070279,85.3471083641052,45.2118175203437,69.0071761302459,101.197148323059,84.3264364045242,38.401325861613,55.970832164471,22.6975069145362,76.4002779110058,39.8485540170823,46.9844422087205,66.426718899698,40.2113380069676,60.2562704462463,81.6551315886149,61.1282869756789,100.746967315674,114.164798736572,71.6706142078746,75.6988947511923,93.5676071166992,115.893608093262,146.300371343439,58.5021713044908,157.950945073908,0,0,112.565348775763,171.564323425293,89.5151170094808,153.136008767521,166.786846160889,144.784754943848,110.662162780762,115.51224093967,195.474807739258,51.2798665635129,116.061045010885,0,135.497200012207,127.052879333496,66.3547586194512,16.5655310117281,98.9866547357468,77.9732937735896,104.606666564941,112.945673599243,109.953903209528,85.9160828811907,122.310321384006,72.2484555478956,0,0,0,96.3008730961726
99.5334273444282,103.608491080148,152.621558404738,53.9068725506465,10.7675748637982,160.139795939128,71.2005367056297,74.6172354203941,100.841289257309,51.5992530632385,30.320016975133,170.340898513794,34.7493667139366,172.476315816243,84.0266237132237,70.6249059308477,102.005611896515,205.192268371582,0,201.475311279297,15.6571652858801,123.890281677246,60.7615481615067,146.327809934263,21.9474752516723,133.402282714844,168.876147800022,153.678327006678,24.8187719574703,113.888333470368,114.772790091378,216.608070373535,135.961453931085,100.827973175049,110.609023593119,188.895835876465,159.485801696777,190.789474487305,90.6925362120283,41.3126346677569,0,152.256598154704,144.199502193567,169.544083566377,95.5152619460533,165.338848782708,0,46.8769008611378,246.683013916016,168.429716110229,101.583624362946,153.640459060669,235.404861450195,0,0,48.6772395786074,124.045249938965,180.260197957357,213.364245096842,120.687939336168,0,225.07698059082,212.49967956543,153.275644836674,165.323653411865,163.71882502238,0,240.09635925293,177.048614501953,166.29611714681
109.202214327725,140.035171508789,182.733464558919,0,160.139795939128,7.73602404037502,10.7318442119457,133.892276306152,31.8614059879566,87.4517158508301,127.862742209921,74.1435688563756,108.999809682369,112.720723470052,55.1998830159505,13.1546048239234,0,0,0,0,133.010311126709,206.161743164062,0,177.491534423828,106.033370278098,0,186.214573860168,0,138.995066748725,26.4909033849835,129.861789703369,106.799415588379,11.4310205399057,0,36.986687451601,0,0,225.369659423828,0,0,0,217.505447387695,206.053253173828,0,0,233.596771240234,0,0,0,0,0,0,0,0,0,0,0,0,0,192.784990946452,0,0,0,187.422103881836,0,0,0,0,0,0
99.8343246573269,130.599721272786,153.255867965578,115.334853085605,71.2005367056297,10.7318442119457,13.6152968363277,64.4465048044654,31.6125805144029,70.4097249144215,38.0460911851366,106.675605464626,31.7800148062612,136.438797264768,70.1110945862496,16.300425356595,122.534978866577,188.369393782182,139.166872660319,157.021479470389,38.3142137689944,137.245389620463,128.70489654541,153.390189045607,73.2504718992445,114.052881240845,171.822260992868,165.435151207965,78.1797882230034,64.7447812494351,137.391069765444,154.968406677246,22.8141227187079,110.343740398601,87.2466110323593,203.000152587891,0,203.787517547607,145.173059800092,129.264552688599,0,195.825186593192,167.555314064026,176.313237508138,124.64931678772,184.114188676999,0,90.1132768065065,146.321899414062,196.108657836914,0,200.749130249023,0,0,0,156.149523648349,0,190.646697998047,207.701823841442,150.241371154785,0,228.232144165039,216.863642374674,174.967857471411,213.165319824219,177.180694580078,0,233.677047729492,0,220.185155232747
37.5431624968303,122.843608856201,111.580561883569,70.1915201108027,74.6172354203941,133.892276306152,64.4465048044654,13.1932176053353,71.3024864303723,71.019524093413,25.3355509022567,156.136212666829,66.4349683753983,179.925957474054,47.0480134021788,94.2520595126682,101.719904793633,141.246231820086,187.179146902902,176.03254308456,87.7231561084126,80.4939418240802,103.475283285288,98.7260295624624,67.9606950287772,174.38293762207,145.23578462381,129.670964632151,38.5910975197441,81.2922287616045,35.9822813083211,188.634595235189,136.067073334429,73.4724013844894,92.3029505692435,139.664775137174,211.834381103516,175.790186691284,97.3562180266088,162.198123028404,187.342864990234,166.510129928589,133.809629783974,164.56594032465,106.86054366827,166.831833436754,220.679361979167,153.873735618591,233.917663574219,163.600792030235,129.362777709961,156.934006827218,200.022000994001,223.490859985352,234.687522888184,159.386251634167,172.627571105957,146.511597595215,172.170086166234,124.198523410691,212.729965209961,201.68725308505,180.443875531614,142.137862432571,151.973021358914,142.143094451339,248.540405273438,0,151.32069756003,160.555241029654
56.0632516348989,154.783184814453,134.162243503086,104.363943326271,100.841289257309,31.8614059879566,31.6125805144029,71.3024864303723,14.3227555935628,96.5480383131239,49.7451100013124,89.5493475723267,90.9136806989758,132.37347991531,22.6489221947827,43.5138970366979,147.502230834961,144.965886823408,122.895052274068,157.721298426798,100.092233091082,117.914010659972,158.565818786621,130.471676255592,95.4478063785424,133.873218536377,158.011618992289,155.579657887304,101.605571539275,29.6597677593589,102.822049914666,156.184248352051,21.1365302896615,113.027901115147,76.4246689011391,159.396767510308,207.881240844727,200.168735279756,144.906437683105,179.700485967821,0,176.503929831765,162.840176357942,189.531606292725,127.737600708008,181.226725046258,223.035339355469,131.709905340316,0,191.747528923882,210.956680297852,196.221182389693,216.940715789795,0,222.961616516113,178.92451060902,178.10934193929,179.158955891927,193.343082774769,149.347833525145,0,216.666470979389,206.174252257055,166.880272332669,189.616646214535,171.699025080754,0,0,204.475975036621,199.38233795166
74.2060065133231,79.4706195200823,124.841828240289,25.4070368141432,51.5992530632385,87.4517158508301,70.4097249144215,71.019524093413,96.5480383131239,8.84933174603063,93.0424232204465,138.217771278237,17.9214126469191,129.42252550536,93.8728403399068,23.4860124584948,75.3573692920161,125.460684367589,138.068641662598,147.071820439519,52.248074612375,96.3742523941339,33.820453982883,105.208388766727,26.4191673721097,116.869106909073,134.917331902264,119.199477919759,59.7416067283735,80.867039856595,58.4325812317844,148.716783046722,139.451023101807,65.2392302030399,97.5321824930985,89.1559659517728,152.012084960938,149.951443263463,21.0384547449799,136.8456103007,0,156.620241800944,94.7027297481414,135.372211953868,22.5625756876809,137.20002537389,0,133.246785057916,183.297321992762,106.928253545994,175.39380645752,88.5966102600098,214.033376057943,172.579360961914,181.85068766276,123.86847114563,120.21551322937,75.0689679875093,133.015932210286,76.7477347745305,164.755075628107,194.65308986566,180.28735738405,108.381249111736,101.062846936678,89.1845505511174,203.068832397461,0,96.1608795166016,111.946438948313
80.0384860424434,204.444885253906,148.832940087304,122.82642729386,30.320016975133,127.862742209921,38.0460911851366,25.3355509022567,49.7451100013124,93.0424232204465,19.5106797291165,163.189335916557,37.4761054147605,190.395798703457,53.2443695571172,84.1523170251956,113.655708312988,181.846722858708,181.197520446777,198.100985209147,18.80040197799,124.47259568195,134.856537212025,144.219860517646,73.7241759518316,173.144653320312,175.44842561664,168.073660256206,36.9684391624867,112.245157216046,130.70255752108,200.848353068034,134.569867724907,109.852453363353,109.671198576312,195.865665435791,179.936569213867,204.135098457336,109.380396043932,62.6703051704331,223.931823730469,179.561543645086,155.64796356008,183.373488142684,125.703581542969,181.651001015788,238.023376464844,117.745335151409,237.875045776367,178.480640956334,125.708335876465,173.477564493815,235.051442464193,0,0,142.613252684915,0,136.695669174194,194.738061904907,143.967942529254,205.048385620117,228.445367177327,211.099914905637,168.166647680875,199.458888334387,177.350975036621,0,230.045486450195,206.180145263672,204.175957815988
135.570004976713,60.9506763522908,93.0276788280856,77.0199362754822,170.340898513794,74.1435688563756,106.675605464626,156.136212666829,89.5493475723267,138.217771278237,163.189335916557,14.2985676966336,148.261056839792,29.7113497612598,100.85664907282,65.0386276245117,129.507983071463,42.9589723889234,22.3406234630623,29.2265371821557,159.927700805664,102.371125833312,96.3804977987414,85.4982663431475,150.747267879657,27.4293100088526,33.3560847414608,73.2057059724339,152.370565331501,67.905160046951,116.513735315074,46.7074180232777,66.4117246786125,121.891398977726,29.20692528709,0,100.399715968541,142.701056889125,86.1257523430718,0,0,0,213.307609558105,217.863296508789,183.239944458008,217.936614990234,101.01138822494,129.567993164062,82.7642251641087,235.681686401367,0,138.063287734985,152.471848487854,105.464921760559,134.679245487336,0,207.782424926758,124.693021138509,154.059968566895,203.510733864524,70.646350402832,110.560614517381,111.235974133627,198.757461547852,0,167.384178161621,106.551402382229,166.742752075195,0,134.528739929199
98.4692781479632,126.527275085449,164.942950142754,106.663083076477,34.7493667139366,108.999809682369,31.7800148062612,66.4349683753983,90.9136806989758,17.9214126469191,37.4761054147605,148.261056839792,13.7289592294959,177.286437334333,91.9345916122805,23.1350299274734,122.799217224121,199.684092203776,172.776941935221,178.785346984863,18.6543554516279,171.761511908637,93.4036990574428,172.703117601799,30.6250257914009,162.611221313477,184.377907929597,179.475969167856,59.9959398745995,109.0477476503,135.059519767761,190.056149291992,129.889675022747,114.744229634603,108.944430621614,213.598373413086,0,0,80.885842666626,44.2869800780626,0,89.4982137225923,158.914782422654,163.403421674456,89.4076164647153,146.316707531167,237.493316650391,16.3825351614542,0,142.207526070731,78.8873558044434,0,0,0,0,51.1592469141177,234.423431396484,146.06559753418,200.229431152344,127.206362081457,0,242.161224365234,198.9453125,163.668211796245,180.824622017997,0,196.481201171875,0,0,181.584320068359
151.214858531952,50.2078598173351,93.3838575301632,63.2181696910935,172.476315816243,112.720723470052,136.438797264768,179.925957474054,132.37347991531,129.42252550536,190.395798703457,29.7113497612598,177.286437334333,8.53923983266716,145.078968209735,166.112382676866,119.850292629666,99.5509802500407,45.3709790780372,59.1730406451377,176.676235961914,147.984754834856,82.2269973754883,128.182346132067,139.037923916903,17.824396852481,51.1598419532062,40.549313174523,183.442626330317,96.5900994760019,157.431367662218,20.4374009012783,91.8907409317192,158.970565795898,65.2605006730736,213.714672088623,114.206822321965,158.798508114285,99.4103243741122,205.639312744141,0,0,217.945323399135,226.018165588379,168.705694652739,243.911712646484,87.604944116929,0,71.3334711828136,188.412756347656,0,205.998087565104,149.027888706752,94.7684466877922,116.356860107846,191.217224121094,168.244644165039,138.806424458822,170.701412963867,196.937208175659,59.8520357772416,98.3085475387325,92.1503327357396,221.144776916504,167.757550048828,163.441375732422,99.0207777113003,0,0,123.841364942278
22.915377026524,139.649688720703,123.70688401402,88.635795070279,84.0266237132237,55.1998830159505,70.1110945862496,47.0480134021788,22.6489221947827,93.8728403399068,53.2443695571172,100.85664907282,91.9345916122805,145.078968209735,11.176417693669,76.3440485707036,149.426359176636,125.994417575521,130.70029296875,153.793120467872,96.4751662437362,102.894969572568,132.358660888672,116.917936492299,94.4631257266201,197.333129882812,147.62518648234,147.573067311966,96.9327025032174,24.8368341559402,71.1548626890061,137.879383380596,16.5644381265689,87.7433546257019,73.9226471678542,160.403835296631,172.664413452148,186.653553097747,117.723005886736,169.980282374791,0,192.81583404541,158.922359017765,178.221403121948,132.038972473145,195.244118783988,0,128.314186544979,206.350051879883,186.51867537065,0,170.188446044922,226.390535990397,0,234.176422119141,164.727673212687,183.979419708252,174.163291931152,191.516725980319,149.299124517196,212.163848876953,212.963590494792,193.339361701213,164.303799450244,175.584955655611,158.15113067627,0,213.863433837891,172.621526082357,181.847446735089
236.033203125,117.103126525879,158.282249450684,85.3471083641052,70.6249059308477,13.1546048239234,16.300425356595,94.2520595126682,43.5138970366979,23.4860124584948,84.1523170251956,65.0386276245117,23.1350299274734,166.112382676866,76.3440485707036,8.53784375051529,99.7568550109863,241.247344970703,131.184631347656,192.859390258789,58.3668062470176,0,86.7559614181519,137.367706298828,49.4160050280137,159.72473526001,185.475699684837,159.946992727426,85.4625601724747,64.3322625253715,122.708644866943,193.094879150391,38.5582487437428,66.5960311889648,61.0596315383911,197.525650024414,0,0,79.1159788767497,137.937042236328,0,150.232894897461,158.624036516462,141.764953613281,67.4068603515625,162.031102752686,0,71.1666831122504,0,210.836410522461,0,0,0,0,0,153.251931428909,0,0,0,114.031718550057,0,0,0,150.97662905989,0,0,0,0,0,190.623229980469
114.509186553955,69.073538312725,113.737959861755,45.2118175203437,102.005611896515,0,122.534978866577,101.719904793633,147.502230834961,75.3573692920161,113.655708312988,129.507983071463,122.799217224121,119.850292629666,149.426359176636,99.7568550109863,14.5185297729757,108.586509003036,0,134.460000845102,166.856231689453,28.8421490566889,29.2245281458845,22.2568331068742,34.7493158600328,93.4067750658308,117.099485111237,33.1016108532737,51.8600265917122,126.458647410075,81.7615478686592,0,0,110.61533203125,85.4565043558601,125.548698425293,138.561420440674,94.9527257596529,60.8018272990021,209.163171386719,0,194.973449707031,170.357774416606,210.971431732178,117.9371509552,184.973199462891,174.64101155599,192.982681274414,152.734985351562,165.584434509277,0,95.5370251714487,157.263602761661,163.978363037109,170.09351348877,0,113.736349835115,49.3154324391845,99.7697724903331,129.053707003593,120.912857055664,144.115651723501,97.4981171334727,129.826574680527,157.263522338867,119.016215400696,186.338948567708,0,200.849594116211,120.163392873911
107.701413679659,58.0885423024495,44.3251120278255,69.0071761302459,205.192268371582,0,188.369393782182,141.246231820086,144.965886823408,125.460684367589,181.846722858708,42.9589723889234,199.684092203776,99.5509802500407,125.994417575521,241.247344970703,108.586509003036,10.620426476021,63.9233910024983,31.6487748499539,175.538925170898,69.2271925413509,86.0162833077567,25.0154441683361,134.590687732307,66.86423432827,39.5746028958194,70.8092335235591,136.773155821131,108.388071679326,86.7898309560623,130.635592142741,203.683541870117,102.547212593822,49.69508708067,194.550136566162,93.1210172176361,120.401930779526,110.366442680359,0,0,233.365798950195,183.310214088077,213.737289428711,178.992237091064,211.264672019265,156.405465867784,0,157.318943023682,199.739105224609,0,150.386356172108,124.404678498856,135.403885396322,123.806270734002,0,166.155600229899,114.962033408029,148.335086220189,177.140656009797,116.827349185944,107.418723826335,117.529079896653,183.846640292081,165.049575805664,165.758716930043,145.203300476074,0,137.750564575195,130.14531881159
142.236729939779,62.6247685750326,93.7190302068537,101.197148323059,0,0,139.166872660319,187.179146902902,122.895052274068,138.068641662598,181.197520446777,22.3406234630623,172.776941935221,45.3709790780372,130.70029296875,131.184631347656,0,63.9233910024983,8.37200750349505,12.6698964636121,164.959167480469,112.537562052409,105.579285685221,104.568358421326,158.512637329102,50.2719559920462,22.5671952452832,70.7452594070073,173.596047973633,97.0092348734538,121.708788945125,44.5705885004114,84.3766501290458,131.486532592773,59.2339853830137,0,122.492596217564,163.228240966797,110.952194213867,0,0,0,0,243.31120300293,0,231.295196533203,95.5187507629394,0,104.415637546115,0,0,0,137.017654418945,106.829979529748,104.631942300236,0,0,121.036430358887,163.884712219238,0,80.1854049019192,104.347380195568,107.945679704533,0,152.531585693359,214.852699279785,113.051904296875,0,0,125.425099690755
140.061974323971,65.7022143632938,90.5131558736165,84.3264364045242,201.475311279297,0,157.021479470389,176.03254308456,157.721298426798,147.071820439519,198.100985209147,29.2265371821557,178.785346984863,59.1730406451377,153.793120467872,192.859390258789,134.460000845102,31.6487748499539,12.6698964636121,9.56747238725451,213.368614196777,97.2351408964078,104.642388248444,72.6266500144929,148.299602754654,54.2217805337586,28.9115025961266,79.0481177151653,148.844094044453,123.9694013836,112.3385775765,63.4261570820766,97.3421500069754,117.87555367606,47.2181721063259,0,94.6494265336257,148.939171363567,102.498664855957,0,0,0,204.679814656576,231.267278035482,0,207.335688273112,123.150722265244,0,118.495974879111,207.116561889648,0,165.876689910889,151.505524013353,117.750678886802,117.101607366439,0,175.058525085449,118.350364685059,162.042384428137,198.808873494466,89.6971055516657,111.173707500581,118.21389272078,188.974859798656,220.170234680176,181.818649291992,129.278075709487,0,0,138.471881103516
96.7948384004481,106.466339111328,151.618739201472,38.401325861613,15.6571652858801,133.010311126709,38.3142137689944,87.7231561084126,100.092233091082,52.248074612375,18.80040197799,159.927700805664,18.6543554516279,176.676235961914,96.4751662437362,58.3668062470176,166.856231689453,175.538925170898,164.959167480469,213.368614196777,9.323585466046,128.98726792769,86.1900978088379,149.596991856893,19.9767054578411,0,182.199231465658,198.430794852121,36.7788060517438,109.768453738011,130.27131325858,0,140.041869552047,100.46665096283,109.728789513852,0,0,0,97.1253856312145,19.9333939453965,0,199.112934657506,152.476878671085,174.861834716797,116.196739196777,175.837020347858,0,18.0600416314389,0,192.683868408203,115.608596801758,0,0,0,0,30.3330322350225,0,213.404403686523,0,131.928414438285,0,0,184.468688964844,165.374672491819,0,0,0,0,0,0
81.5145165140812,98.3862533569336,67.8999851556428,55.970832164471,123.890281677246,206.161743164062,137.245389620463,80.4939418240802,117.914010659972,96.3742523941339,124.47259568195,102.371125833312,171.761511908637,147.984754834856,102.894969572568,0,28.8421490566889,69.2271925413509,112.537562052409,97.2351408964078,128.98726792769,14.641958659119,59.976123795764,33.4573671155081,65.9309281956219,136.456638336182,105.26357467839,94.205605329421,41.6926787939997,74.8473310419111,29.9314881383916,156.79736328125,167.026084899902,66.8640526660077,47.0018157202144,167.478336334229,164.589645385742,123.01865691368,75.8392470041911,197.641052246094,0,215.80493927002,152.123581237793,212.726708984375,115.321485731337,197.805173371968,182.494196573893,189.21410369873,201.325286865234,173.952539617365,0,106.746085308827,168.99870634079,188.273040771484,196.697500610352,165.35905456543,117.769740387888,76.9038262838846,110.456662721104,135.970840811729,130.281204223633,167.053903916303,118.276623013781,130.879574712252,159.463358879089,121.672248884012,0,0,108.465667724609,151.483083608199
109.633394622803,18.4366381261571,60.0467488425119,22.6975069145362,60.7615481615067,0,128.70489654541,103.475283285288,158.565818786621,33.820453982883,134.856537212025,96.3804977987414,93.4036990574428,82.2269973754883,132.358660888672,86.7559614181519,29.2245281458845,86.0162833077567,105.579285685221,104.642388248444,86.1900978088379,59.976123795764,9.08708070258736,55.6768749647325,33.4047756789698,69.6156206352766,96.5085130609492,43.9582752973217,69.7604276615291,93.6096657973069,65.8179167847135,107.965868303853,0,77.8518508911133,73.3169490667758,140.462708473206,82.1329358418783,107.090784268501,42.8518507784063,109.191078186035,0,138.80933380127,158.613870620728,223.217182159424,69.7329832712809,165.86087375217,156.112929534912,160.379618326823,127.791527430216,145.932189941406,0,64.7641912637298,141.535460976993,148.443792724609,167.503841400146,0,116.201727250043,35.7735754013062,108.705952003821,108.256838444301,134.180821736654,138.867572563739,104.70977102324,108.939402237822,146.035937309265,97.5550361455873,168.929516601563,0,137.200561523438,132.090001886541
96.5347143820666,80.8228279352188,38.9065593480277,76.4002779110058,146.327809934263,177.491534423828,153.390189045607,98.7260295624624,130.471676255592,105.208388766727,144.219860517646,85.4982663431475,172.703117601799,128.182346132067,116.917936492299,137.367706298828,22.2568331068742,25.0154441683361,104.568358421326,72.6266500144929,149.596991856893,33.4573671155081,55.6768749647325,17.6054008360325,76.2040012904576,114.660305023193,74.336026183326,57.1747440986669,65.9558757746962,102.267657527109,69.4743487257788,132.247021761808,176.01810161884,101.997811247173,57.167177523685,167.56761605399,122.202257156372,103.562428714918,75.611258264066,203.99878692627,0,205.358525085449,172.929195443789,190.028425428602,146.078954060872,189.526407991902,158.729808807373,200.253668212891,175.957748413086,184.817288716634,0,104.677110803841,143.741263310712,162.148418426514,164.272514835481,197.150966644287,119.00928425725,72.0507928194574,108.798775939893,151.346068672512,89.9592514038086,134.010527816,107.299494476267,151.654117050612,195.67536030645,138.028352370285,186.011276245117,0,187.937438964844,138.181952495964
95.6129198906406,83.6399059990384,125.186865285665,39.8485540170823,21.9474752516723,106.033370278098,73.2504718992445,67.9606950287772,95.4478063785424,26.4191673721097,73.7241759518316,150.747267879657,30.6250257914009,139.037923916903,94.4631257266201,49.4160050280137,34.7493158600328,134.590687732307,158.512637329102,148.299602754654,19.9767054578411,65.9309281956219,33.4047756789698,76.2040012904576,13.2288077391656,120.074522018433,136.640749776204,101.571825116339,27.7661463496055,95.8478928675972,76.6841594947689,164.490786234538,132.355276154309,80.8779156037932,94.8161413634188,130.603414535522,167.950967788696,150.398473217501,55.7546822510313,134.779071471651,0,152.734206014605,116.866811905045,146.430400327255,77.2624416400731,147.294359992532,206.511750793457,121.847297808999,186.508743286133,145.602339431267,147.748761494954,97.0874619513202,170.904478236607,200.304306030273,191.588773939345,136.982029837531,119.087072035846,76.830269272263,142.311415559154,104.95159988229,203.556920369466,186.771146921011,155.741928561229,119.098423498605,137.324184709559,115.92590806151,0,189.735144042969,125.599282491775,140.731533192877
0,24.9149382376842,104.547380447388,46.9844422087205,133.402282714844,0,114.052881240845,174.38293762207,133.873218536377,116.869106909073,173.144653320312,27.4293100088526,162.611221313477,17.824396852481,197.333129882812,159.72473526001,93.4067750658308,66.86423432827,50.2719559920462,54.2217805337586,0,136.456638336182,69.6156206352766,114.660305023193,120.074522018433,7.39435925493963,50.3090066152906,29.2683919564659,165.824590682983,86.8465900421143,114.763895670573,64.5318905639649,98.2554473876953,0,59.9734290043513,182.962982177734,96.1327489965102,138.628211975098,77.4748054504394,0,0,183.413269042969,206.123799641927,0,178.411005655924,219.863952636719,80.2050003433228,0,67.1978313417577,223.969039916992,0,170.123901367188,143.093452453613,85.2491003743718,87.4210621104521,0,0,128.208322525024,179.448819478353,193.342912462023,53.1631323112632,83.1130333658143,82.2431383126681,183.156280517578,182.892603556315,151.339859008789,91.3172958715638,0,0,106.875470613178
129.827032257744,56.2981314686059,38.6929508899528,66.426718899698,168.876147800022,186.214573860168,171.822260992868,145.23578462381,158.011618992289,134.917331902264,175.44842561664,33.3560847414608,184.377907929597,51.1598419532062,147.62518648234,185.475699684837,117.099485111237,39.5746028958194,22.5671952452832,28.9115025961266,182.199231465658,105.26357467839,96.5085130609492,74.336026183326,136.640749776204,50.3090066152906,17.814193656151,39.2082941487538,144.116239412443,131.403645210712,113.845641466527,26.9993047563041,151.634643554688,127.074283306415,65.7885806955443,200.574170626127,84.1443952000784,117.974860053156,107.263182781589,199.152099609375,244.202850341797,220.251898193359,196.309685995412,213.26603414846,176.802089214325,208.313526500355,116.387002197962,0,115.585386237989,208.462013626099,0,156.128024727958,118.816607663353,109.774074949804,111.938393828689,221.462677001953,167.613592587985,134.814236420852,150.746449724514,197.631125313895,83.7423983951372,101.744577612486,107.130695242247,194.151463099888,191.395699893727,175.402576555525,121.708920307648,194.543304443359,160.910339355469,129.056033640894
131.490997618279,28.4264083932925,39.0951741629328,40.2113380069676,153.678327006678,0,165.435151207965,129.670964632151,155.579657887304,119.199477919759,168.073660256206,73.2057059724339,179.475969167856,40.549313174523,147.573067311966,159.946992727426,33.1016108532737,70.8092335235591,70.7452594070073,79.0481177151653,198.430794852121,94.205605329421,43.9582752973217,57.1747440986669,101.571825116339,29.2683919564659,39.2082941487538,17.4130073663064,101.890835703854,144.421988298141,121.727741949754,22.2707889180924,151.990107660708,139.139211745489,73.2284543322821,197.727904985536,87.2989420890808,96.3781723810595,82.5288956656176,208.79962510329,0,215.260055541992,177.530957198262,203.777186816891,181.022731059306,197.006328990848,126.646466607215,223.850177764893,119.549175092909,192.344682351137,0,110.057484564209,115.949298451939,117.284846067429,117.766852885723,208.706512451172,143.643136325635,86.1275005882717,112.735470806042,170.118418741386,91.5208402218483,105.049666821846,98.6037798423469,172.854600872433,194.087196817203,164.442358746941,128.432247007736,0,192.496989658901,122.118467305365
83.6983694014002,131.523881765512,101.670486387391,60.2562704462463,24.8187719574703,138.995066748725,78.1797882230034,38.5910975197441,101.605571539275,59.7416067283735,36.9684391624867,152.370565331501,59.9959398745995,183.442626330317,96.9327025032174,85.4625601724747,51.8600265917122,136.773155821131,173.596047973633,148.844094044453,36.7788060517438,41.6926787939997,69.7604276615291,65.9558757746962,27.7661463496055,165.824590682983,144.116239412443,101.890835703854,15.3093787171215,98.1911114088037,56.2840458449206,178.768186950684,148.561090357163,76.4599165409169,84.9538878759953,134.481993689326,167.497421264648,160.178166003105,77.1254186055102,140.826765621031,219.657391357422,176.984939088213,129.816464297387,163.408868370056,97.2440220249138,169.947879044824,220.274876912435,139.671225926815,208.283260345459,155.5351323463,148.906261444092,113.562815514478,189.191216982328,196.251182556152,208.620571136475,149.58558720448,124.383523065687,106.340327912727,153.548323516418,119.444760694485,200.611315917969,194.95306115863,169.205840259948,135.678557144436,150.92307422938,124.272275905946,219.612884521484,204.9455909729,135.231432885239,153.122100211479
30.3261047923092,134.538566589355,124.22493084946,81.6551315886149,113.888333470368,26.4909033849835,64.7447812494351,81.2922287616045,29.6597677593589,80.867039856595,112.245157216046,67.905160046951,109.0477476503,96.5900994760019,24.8368341559402,64.3322625253715,126.458647410075,108.388071679326,97.0092348734538,123.9694013836,109.768453738011,74.8473310419111,93.6096657973069,102.267657527109,95.8478928675972,86.8465900421143,131.403645210712,144.421988298141,98.1911114088037,12.9944565938906,37.4502533176018,103.568915230887,14.537770604797,20.6230445538733,47.6399326207917,148.070855034722,220.815322875977,186.247761317662,105.743498120989,172.004211425781,0,194.608638763428,147.627828370722,187.033888498942,113.081453505017,190.431696077672,140.313903808594,149.523705915971,179.665028889974,172.963135401408,0,161.631387190385,195.813097635905,0,193.156326293945,182.262195587158,158.668720245361,170.133695329939,175.902067820231,137.71535299806,0,200.848699754284,188.337161430946,150.801832231869,163.116920623779,140.951420593262,0,210.654083251953,134.311050415039,164.283537814492
36.0864359171537,104.460717773437,93.2741329464419,61.1282869756789,114.772790091378,129.861789703369,137.391069765444,35.9822813083211,102.822049914666,58.4325812317844,130.70255752108,116.513735315074,135.059519767761,157.431367662218,71.1548626890061,122.708644866943,81.7615478686592,86.7898309560623,121.708788945125,112.3385775765,130.27131325858,29.9314881383916,65.8179167847135,69.4743487257788,76.6841594947689,114.763895670573,113.845641466527,121.727741949754,56.2840458449206,37.4502533176018,14.5493585749319,148.287020874023,111.913938903809,42.7818010876402,45.9873458488251,131.187754313151,138.54914855957,158.02943564361,75.4974893301972,193.346008300781,0,182.36296081543,129.154224135311,155.793640899658,94.0307236295758,178.98007329305,209.357963562012,168.092849731445,222.923614501953,153.088843451606,176.815414428711,111.294787904751,176.301563463713,175.612854003906,190.56408996582,221.71842956543,119.651960084764,97.8823993785961,145.670781566479,122.155768610817,201.574111938477,181.592806834095,172.657357517677,128.220347038576,138.091248743742,122.029248874818,229.844436645508,0,128.832616744503,142.536474333869
142.554593404134,75.7018500107985,101.644152323405,100.746967315674,216.608070373535,106.799415588379,154.968406677246,188.634595235189,156.184248352051,148.716783046722,200.848353068034,46.7074180232777,190.056149291992,20.4374009012783,137.879383380596,193.094879150391,0,130.635592142741,44.5705885004114,63.4261570820766,0,156.79736328125,107.965868303853,132.247021761808,164.490786234538,64.5318905639649,26.9993047563041,22.2707889180924,178.768186950684,103.568915230887,148.287020874023,5.92430831122786,118.829725901286,0,78.9443833910186,0,148.277659098307,153.698066711426,116.616864946153,0,0,0,0,0,0,0,110.699390854946,0,105.098764458481,0,0,0,156.760185241699,114.409742604131,119.480090840658,0,0,164.974553426107,0,230.414680480957,93.7928361712762,117.119934403753,115.331496260887,227.316284179688,0,240.543212890625,122.554258907543,0,0,146.192658857866
91.9380980781887,105.59058380127,187.228909141139,114.164798736572,135.961453931085,11.4310205399057,22.8141227187079,136.067073334429,21.1365302896615,139.451023101807,134.569867724907,66.4117246786125,129.889675022747,91.8907409317192,16.5644381265689,38.5582487437428,0,203.683541870117,84.3766501290458,97.3421500069754,140.041869552047,167.026084899902,0,176.01810161884,132.355276154309,98.2554473876953,151.634643554688,151.990107660708,148.561090357163,14.537770604797,111.913938903809,118.829725901286,5.69323491435792,112.312153625488,36.2406277411452,0,0,214.905838012695,0,217.787322998047,0,0,184.169387817383,209.294815063477,220.318862915039,235.706413269043,0,134.535879952567,0,0,0,0,0,0,0,221.117919921875,0,0,0,182.984838149127,0,171.302055358887,241.641998291016,198.696664983576,211.559371948242,0,0,0,0,0
52.7724768970324,0,135.715183258057,71.6706142078746,100.827973175049,0,110.343740398601,73.4724013844894,113.027901115147,65.2392302030399,109.852453363353,121.891398977726,114.744229634603,158.970565795898,87.7433546257019,66.5960311889648,110.61533203125,102.547212593822,131.486532592773,117.87555367606,100.46665096283,66.8640526660077,77.8518508911133,101.997811247173,80.8779156037932,0,127.074283306415,139.139211745489,76.4599165409169,20.6230445538733,42.7818010876402,0,112.312153625488,9.87034474599892,39.0711088263963,137.237621731228,0,174.266664123535,86.5519400702582,108.807418823242,0,166.8583984375,134.140485212538,173.496864318848,100.078689575195,160.892240084135,0,202.906288146973,0,151.310314941406,0,94.6854269845145,189.485524495443,0,207.683921813965,206.979301452637,144.423370361328,128.608545575823,158.295050881126,122.932038517841,0,174.54921653054,194.512692884965,138.845799025367,154.008560180664,120.459744966947,0,218.002960205078,130.791236877441,160.834846149791
67.2306209250298,74.0383999164288,69.5544500895909,75.6988947511923,110.609023593119,36.986687451601,87.2466110323593,92.3029505692435,76.4246689011391,97.5321824930985,109.671198576312,29.20692528709,108.944430621614,65.2605006730736,73.9226471678542,61.0596315383911,85.4565043558601,49.69508708067,59.2339853830137,47.2181721063259,109.728789513852,47.0018157202144,73.3169490667758,57.167177523685,94.8161413634188,59.9734290043513,65.7885806955443,73.2284543322821,84.9538878759953,47.6399326207917,45.9873458488251,78.9443833910186,36.2406277411452,39.0711088263963,12.9199923663945,163.672832489014,125.472117497371,113.95661684672,90.0445069421696,171.303371082653,0,203.909678141276,151.580505109813,194.229585435655,127.605578804016,189.641494006645,143.856111526489,137.050605773926,138.742128442835,179.528190067836,0,117.250881660275,141.32751888699,123.091035461426,136.997729686981,166.444235665458,124.761011396136,89.7042280987995,118.923048182296,136.745011861934,106.360816955566,126.286839733644,120.151537090194,147.208796823262,169.915597643171,135.88260269165,160.406180641868,0,124.791005134583,158.847093854632
157.867916870117,199.824325561523,173.717562588778,93.5676071166992,188.895835876465,0,203.000152587891,139.664775137174,159.396767510308,89.1559659517728,195.865665435791,0,213.598373413086,213.714672088623,160.403835296631,197.525650024414,125.548698425293,194.550136566162,0,0,0,167.478336334229,140.462708473206,167.56761605399,130.603414535522,182.962982177734,200.574170626127,197.727904985536,134.481993689326,148.070855034722,131.187754313151,0,0,137.237621731228,163.672832489014,16.2244283940444,145.930224100749,131.514933141862,71.141759566541,109.61613629659,92.1592864990234,102.888835083098,37.3501493759674,62.7389494468426,69.3267808367116,83.2650634628885,133.099639383952,87.2859341278672,155.936768035889,25.0370155683136,88.0609488487244,116.277157870206,117.165192525527,142.304831858431,130.601402891093,110.295100352803,84.7096303720943,89.8557628182804,112.409513685438,87.942722615888,145.944122314453,129.114075819554,143.630927900201,95.0213769362468,27.1537862688865,39.0277816422887,170.029264035432,99.6602404364224,36.9463463456764,64.7023765044134
173.776748657227,81.9136549631755,84.9455499320195,115.893608093262,159.485801696777,0,0,211.834381103516,207.881240844727,152.012084960938,179.936569213867,100.399715968541,0,114.206822321965,172.664413452148,0,138.561420440674,93.1210172176361,122.492596217564,94.6494265336257,0,164.589645385742,82.1329358418783,122.202257156372,167.950967788696,96.1327489965102,84.1443952000784,87.2989420890808,167.497421264648,220.815322875977,138.54914855957,148.277659098307,0,0,125.472117497371,145.930224100749,8.6204342356666,61.5701977866037,22.9533650226063,0,150.984573364258,185.164667765299,124.736795552572,220.050476074219,80.0468343452171,168.685104370117,63.3083466922536,164.043273925781,55.2294392475329,152.876535415649,117.590120103624,65.3709034677279,63.3366835982711,63.4916210174561,59.3229546546936,0,94.7264512103537,20.8331819144732,87.2506415775844,91.049197586723,21.1445886025758,54.8974658589304,30.7861907534018,136.9416015625,138.784042358398,113.206922029194,106.245743560791,0,0,67.12364359747
166.682632991246,88.126545715332,96.9361552586631,146.300371343439,190.789474487305,225.369659423828,203.787517547607,175.790186691284,200.168735279756,149.951443263463,204.135098457336,142.701056889125,0,158.798508114285,186.653553097747,0,94.9527257596529,120.401930779526,163.228240966797,148.939171363567,0,123.01865691368,107.090784268501,103.562428714918,150.398473217501,138.628211975098,117.974860053156,96.3781723810595,160.178166003105,186.247761317662,158.02943564361,153.698066711426,214.905838012695,174.266664123535,113.95661684672,131.514933141862,61.5701977866037,11.8047649795347,73.3562570910588,148.816068121727,194.019543117947,153.892107573423,99.3275430364341,129.226962982255,115.784250699557,115.454399885396,104.360571625653,168.144913228353,96.3202018248729,125.575359027647,151.233024597168,135.048995046905,50.9605910379532,107.674079322815,86.5650856596599,174.598086886936,64.1076486605974,68.2531691347615,40.8235352042504,132.969122483995,127.421073913574,31.7588131549408,32.5211385768007,92.0883005197766,153.358082663796,102.720821805595,100.165212912638,197.847130408654,135.394027297561,73.1423333082742
