10.5640756839077,87.0929183959961,101.853619750435,67.1813089779997,79.1434375217983,77.625617980957,88.8067892696081,32.794831121881,32.225839899533,63.2465853095055,67.9146636568544,122.190242365787,86.3089741926927,139.500467300415,16.4051849936577,108.828733444214,97.7288818359375,96.6496787679539,139.194243431091,126.915845815201,85.4808036929271,76.387177180577,93.6812947591146,87.3038562213799,75.0353565608523,0,122.27449281112,122.611603613179,80.8317868214028,18.6653080411871,29.9523123203939,156.689735412598,86.2801357616078,47.7442462596487,75.9774994989043,128.480506896973,0,164.50194422404,126.896680559431,122.747772216797,0,0,141.05531056722,157.683400472005,81.4209442138672,0,0,0,0,162.817841847738,0,103.840034484863,137.159576416016,225.557510375977,0,141.214564005534,153.612325668335,139.481475830078,186.645652770996,131.876842942349,0,193.062567138672,172.627022452976,137.139488220215,147.800269232856,130.466919793023,0,0,151.116653442383,160.76123046875
87.0929183959961,9.12596791699548,50.2889169546274,19.9101631645903,0,0,0,124.920145670573,129.260785420736,73.4142636756374,0,55.5336762237549,98.656322479248,44.5003723253301,147.005561828613,109.424309559357,60.4666230943468,59.2419930019894,70.0887474060059,68.2997376197992,0,112.623231506348,28.487501419363,67.5200828552246,77.7010495921695,18.596080437755,50.9648815823585,23.4302437497686,98.7060791818719,122.030352783203,97.0294303894043,69.8875183832078,0,102.650835673014,79.6725301742554,0,6.90074145793915,102.972822825114,55.2352104187012,186.140563964844,0,0,0,0,0,0,0,0,91.3195199966431,0,0,0,150.757095336914,0,118.459465026855,0,0,138.577442169189,0,140.961435953776,110.231674194336,106.321936699652,107.710424460617,0,0,159.471954345703,79.5467834472656,0,0,130.892473856608
101.853619750435,50.2889169546274,13.4593703678007,57.8637323596261,110.786562601725,168.400699615479,124.681626095134,95.9049426888315,121.547949522369,105.482904561361,115.520318581717,102.644559516907,163.216979980469,113.937611579895,116.569021118912,141.261581420898,93.4590613323709,39.2012557088318,104.145273844401,75.5646350073708,174.37048034668,67.1646595034479,73.7314116614206,32.1442053347071,100.339422660038,0,38.941668020858,32.5786688262053,85.180613750643,114.424705395199,86.1784312051826,101.519268290202,170.566955566406,114.455717335577,69.3894282404969,158.661331176758,75.0144199024547,100.286839405812,67.8230167979926,0,0,202.934550694057,159.902281983258,184.667453472431,125.902793884277,189.37212117513,164.987973894392,0,141.697945912679,172.353146362305,0,106.196110118519,111.166203119059,183.466293334961,132.762346801758,228.742172241211,134.672500610352,94.7325047460096,113.716875369337,144.908184745095,0,120.735300634899,98.2399890472966,152.324202238624,180.703591240777,154.081880405971,0,0,136.258666992188,122.948008219401
67.1813089779997,19.9101631645903,57.8637323596261,21.6487517193995,55.4998073196411,103.921195983887,89.8233292253712,65.77178852057,89.4409248160209,22.9522865473434,81.8519409656525,83.3143776644193,65.6220561249615,49.4408133850982,86.393735408783,75.5664956229074,39.3851771954669,77.7843685061018,104.011617787679,88.6280639771492,87.002173614502,55.6000688892007,23.9147190544927,51.1302620816111,39.1786839701751,28.0717101815965,67.3239073078807,37.4588565837251,56.5452780767642,69.4242749066166,53.7233194330862,77.6366565272493,120.256813450863,55.5979994121351,69.324275582684,79.0819939422607,41.8655946595328,87.2464951061812,13.5630851410568,82.6461654331373,0,106.434143611363,72.5223672957647,98.7668900977908,9.77860760561455,99.7552514989325,126.774707158407,93.5643517343621,101.428998028791,95.5536053241828,104.816426086426,58.2863513983569,83.5459013650584,158.009078979492,97.6599949803846,95.2769544850225,72.7265915048533,30.8923710128407,66.7326920793943,55.8453648073315,37.6347059047583,87.5432232959729,74.2705644963948,70.76450065266,88.0344727958729,75.285866679316,105.552665710449,142.370834350586,76.962271962847,101.540208286709
79.1434375217983,0,110.786562601725,55.4998073196411,10.2421806689738,105.926740646362,62.0157980295568,40.4593975988872,102.034998279987,32.0920320862132,29.171172953458,164.830585479736,22.7293759749744,0,103.409392270175,56.0236867063789,0,118.906677246094,203.076950073242,157.564300537109,17.1028880768114,110.109279087612,78.4288084847586,148.142414093018,18.5032600696558,0,159.028532409668,118.046378707886,15.7460742700109,93.1678166456626,79.5842808454465,0,140.450519561768,74.0675821387249,92.2591314623433,139.066040039062,131.515213012695,196.086532592773,76.8916181564331,54.092914998332,0,152.512258509586,130.361730675948,148.781239318848,91.4226769564445,147.351128763967,0,123.121294125106,0,170.197560956401,107.549713506931,142.654462178548,0,0,0,61.6042143171904,0,144.028996058873,198.487396240234,107.249368556341,0,211.141105651855,199.503768920898,133.679003128244,169.728542900085,150.38159942627,0,201.012588500977,176.099418640137,165.059866961311
77.625617980957,0,168.400699615479,103.921195983887,105.926740646362,6.92101818617592,15.5913786419826,117.709651184082,13.6982674611246,62.1410989027757,113.903832244873,63.1268550600324,69.2664546966553,90.3577684674944,36.0959442893227,13.3004935278357,0,136.572652816772,87.9220902579171,96.4115711847941,111.696850047392,136.495407104492,103.884094238281,134.689121246338,88.188088280814,116.279571533203,102.207911271315,133.934703281948,124.427584134615,32.3203386016514,102.774517059326,98.4278920491536,8.83912621746737,0,38.0726728625414,0,0,0,129.589767456055,0,0,0,195.607772827148,0,0,0,0,101.852027893066,0,0,0,0,0,0,0,0,0,0,0,0,0,0,132.418334960938,0,0,0,0,0,178.797653198242,0
88.8067892696081,0,124.681626095134,89.8233292253712,62.0157980295568,15.5913786419826,9.72702010441719,59.8077541948655,16.7354438208752,68.0595804532369,33.461213934914,73.6793528290641,25.0485967501615,102.547591424757,60.2717549385939,13.3405417389601,137.280239105225,141.540882804177,105.085176416346,123.577969932556,41.2817478505496,111.120543924967,97.8226691351996,119.573917115765,80.264018747244,129.467904090881,137.584288782604,132.956727931374,63.0831992057306,55.723096294206,101.058244427431,117.160835959695,18.9301400760313,96.1335779724121,62.464614331064,159.714789835612,0,194.176947699653,111.592669592963,155.812680516924,0,172.05484604254,150.364700706638,160.628281617776,135.953744252523,167.237738116034,244.619979858398,145.590755644299,0,175.212806300113,145.965250015259,173.905158996582,230.784851074219,0,232.854583740234,144.364303649418,199.91153717041,151.061500549316,186.627978515625,137.127433890727,185.383560180664,183.976099014282,193.399596150716,153.211176054818,180.615194532606,173.86085679796,0,0,161.639723036024,168.97006670634
32.794831121881,124.920145670573,95.9049426888315,65.77178852057,40.4593975988872,117.709651184082,59.8077541948655,10.1372284218715,60.0429770275094,61.4494070664892,23.0026964858042,153.00533637222,60.8750897002735,168.312949286567,49.2015363347678,86.082346030644,104.134292602539,115.198392291997,162.801808283879,150.879872004191,79.1852387045031,72.5761201495216,80.8962829991391,80.613063520182,65.4283091258591,0,131.462516651894,111.34798733318,36.449478432669,60.707968026081,28.7171167442638,182.226745605469,120.972537750893,65.5496727578452,83.730280490298,156.865117853338,100.39688873291,169.779691880749,82.7136609779214,146.448657565647,198.38117980957,151.094361948413,129.086532685815,154.365155610584,93.1084725516183,148.649375792473,0,133.426960338246,0,161.402416865031,169.06721496582,206.244697570801,208.822036743164,229.252075195312,200.010871887207,142.719327290853,149.029495239258,112.306767781576,161.909236015157,121.217069717849,223.947509765625,187.865880966187,168.475422150498,134.32082935278,156.272466306333,141.172544417843,0,0,141.608997344971,158.985662460327
32.225839899533,129.260785420736,121.547949522369,89.4409248160209,102.034998279987,13.6982674611246,16.7354438208752,60.0429770275094,11.9096545948487,90.5579824994324,34.8747319567747,73.8918503247775,83.9095742290716,108.695434570312,19.6737711208914,28.9160323592607,158.867136274065,127.303984770385,104.476737458365,125.454363470208,86.3163882837207,108.336571315077,123.460208561109,112.952194387113,89.4082901560932,97.7645202636719,135.548784446996,131.658694273437,89.3805710374239,36.4447908826126,76.2958914003416,127.468002833677,15.7449555909621,89.4887632232866,55.4538346597971,169.532828436957,160.239390563965,181.109157167632,111.471195220947,152.183097839355,202.702209472656,176.926526658078,154.053785951346,162.954253387451,143.261704126994,163.729513085407,202.214614868164,128.882911137172,162.305778503418,186.207976719119,209.394470214844,205.961700439453,210.879919433594,0,186.217169189453,155.865682531286,185.934873962402,137.888360595703,185.269461998573,142.976373638547,211.004913330078,185.577871195475,181.541124647942,152.484335092398,179.358825683594,165.734316374126,159.062835693359,231.076034545898,172.918121337891,184.52489566803
63.2465853095055,73.4142636756374,105.482904561361,22.9522865473434,32.0920320862132,62.1410989027757,68.0595804532369,61.4494070664892,90.5579824994324,9.26924978726102,67.9031331198556,128.480351765951,11.272932521145,121.053585939302,87.0301548669098,22.6332921223617,26.9072507381439,134.368317498101,143.768857683454,139.251435518265,37.2369036947846,70.2345179149083,25.408322770567,88.0363933194068,16.5513621031652,99.675522770442,130.059221991177,100.324530807291,54.4383882475185,74.7468209793139,58.260912991502,137.736718677339,109.236976623535,61.2761503707531,91.0770189341377,128.129188537598,94.5718841552734,175.158996582031,47.9850387573242,92.6563663179912,0,138.810595703125,103.83868210404,136.637903653658,61.6401327884558,112.584647252009,206.660680135091,72.3218152046204,158.733673095703,126.150990937885,67.6910173516524,0,180.801767985026,0,183.265762329102,99.3463360873136,111.400894165039,210.416549682617,214.181907653809,80.8421014755491,115.789070129395,173.145180596246,175.030068438986,102.264449279785,125.906972249349,96.535514831543,0,0,100.982612609863,136.280897140503
67.9146636568544,0,115.520318581717,81.8519409656525,29.171172953458,113.903832244873,33.461213934914,23.0026964858042,34.8747319567747,67.9031331198556,11.5794672517275,145.957794591,30.0204770956016,186.509756469727,56.3602553789687,78.9939429513339,128.409057617188,144.712707083566,173.193183898926,163.766399274554,19.1655072371786,92.2707006974654,93.4892775217692,105.041132180088,70.8801458831827,0,150.248766360076,132.646533384777,32.1464772326766,91.5827980459359,90.483128336452,170.488639831543,113.011963276923,75.9451393741301,88.5958952380999,153.121432834201,0,174.204927062988,100.345847235786,119.048373026249,0,171.402291075824,145.587637408026,170.854172273116,124.447339057922,165.710610258813,237.622528076172,145.953234120419,230.652084350586,186.042477925618,146.529036088423,153.875793457031,0,0,0,96.739061392768,199.594329833984,182.287246704102,184.926077706473,128.748789362754,0,222.780197143555,171.490720476423,151.496617232922,188.661564995261,161.978786892361,0,219.394172668457,162.699890136719,175.771656990051
122.190242365787,55.5336762237549,102.644559516907,83.3143776644193,164.830585479736,63.1268550600324,73.6793528290641,153.00533637222,73.8918503247775,128.480351765951,145.957794591,12.5912926803863,133.930201963945,21.2096681628971,76.8694711762033,93.3830720461332,110.731628417969,51.3600569178549,22.31460023438,23.4616736060454,138.30580452161,100.749323503687,95.3560908341608,94.08311918609,147.263416595459,35.1025374551334,23.5085960602729,67.1395817929615,149.292114547536,72.7383927139703,110.346006088257,35.6557909374641,66.3090833776137,97.8512102399554,23.8269462661591,0,100.935037466196,134.606564113072,125.863679885864,0,0,0,222.51872253418,180.523696899414,155.749816894531,0,90.3132342886418,237.050643920898,73.9937712656879,131.078765869141,0,0,127.997471809387,102.433627735485,115.404340744019,0,164.228225708008,117.917664664132,134.058090209961,201.745025634766,66.3729084613276,98.3920064629449,98.8739442117844,219.576042175293,0,206.633880615234,94.1902165412903,142.587413787842,0,142.767482757568
86.3089741926927,98.656322479248,163.216979980469,65.6220561249615,22.7293759749744,69.2664546966553,25.0485967501615,60.8750897002735,83.9095742290716,11.272932521145,30.0204770956016,133.930201963945,10.3393070151792,153.721773147583,86.4116353462079,15.2965760166054,0,0,168.298593961276,162.770390033722,14.9977700656766,160.252919514974,63.6538752789767,161.262537819999,16.7785122269915,124.211918830872,164.711947631836,119.315085418953,54.7614381234091,81.9734318366088,89.3316450985995,179.987080891927,107.156436831452,75.4810449426824,79.7131556843158,178.58419418335,0,0,63.6046652793884,89.8535591628816,0,151.115631386086,135.776799201965,147.902567999704,67.9854185921805,145.354774051242,211.284057617188,103.989051183065,0,167.510960049099,100.1447330051,0,0,0,215.454223632812,121.773046566516,183.107032775879,241.293426513672,0,102.681530507406,0,200.00607808431,186.779064178467,132.756137663318,172.204256693522,177.650039672852,0,0,178.28662109375,153.661726633708
139.500467300415,44.5003723253301,113.937611579895,49.4408133850982,0,90.3577684674944,102.547591424757,168.312949286567,108.695434570312,121.053585939302,186.509756469727,21.2096681628971,153.721773147583,9.29062976166168,121.953770882743,152.286787414551,156.011983235677,110.683769226074,56.6106480277158,71.3103277786918,164.573359171549,142.34768931071,87.864972402179,128.896794936236,129.540750836569,16.881583838413,25.1006569449821,40.1263049287384,165.266244888306,102.492932319641,155.952705383301,17.5459816267709,100.580806732178,156.519622802734,58.4237613981845,192.759239196777,85.8061051595779,163.29128519694,73.0140095146335,0,0,0,209.430094401042,128.840629577637,158.130765151978,243.915191650391,78.1093239113137,161.280303955078,67.3194400492792,164.133021036784,0,157.891423543294,152.195648193359,87.7013630960502,112.684172257133,223.279739379883,0,117.361389994621,0,163.196380615234,54.5268149885159,86.8792075160559,84.7879570038486,185.748845418294,134.411724853516,172.422470092773,82.3473476891045,0,0,108.154541759956
16.4051849936577,147.005561828613,116.569021118912,86.393735408783,103.409392270175,36.0959442893227,60.2717549385939,49.2015363347678,19.6737711208914,87.0301548669098,56.3602553789687,76.8694711762033,86.4116353462079,121.953770882743,8.79139745493277,69.2822237832206,134.738983154297,118.724824131502,109.066225727712,127.67085407741,86.2932583026425,95.1721191129823,115.43141225179,105.696308091082,99.3742836396343,89.6069882710775,131.981778729447,131.550529898805,99.6689658298064,22.3532218105058,53.7091871596097,126.440611761969,7.68468604388773,55.8852200735183,48.2154575800802,166.392828369141,135.601638793945,175.953615722656,122.764687538147,183.613159179688,0,186.332636515299,161.483905327029,184.119139898391,112.574069976807,188.104600088937,0,165.355535507202,166.264104207357,178.313700162447,0,117.275489807129,207.232425689697,159.534240722656,199.243881225586,160.340957641602,153.911815098354,173.135231018066,191.93639087677,145.355751037598,174.106959025065,181.710517247518,176.169135239545,162.590464862425,188.014487202962,170.928748497596,0,0,152.993797302246,169.878140536222
108.828733444214,109.424309559357,141.261581420898,75.5664956229074,56.0236867063789,13.3004935278357,13.3405417389601,86.082346030644,28.9160323592607,22.6332921223617,78.9939429513339,93.3830720461332,15.2965760166054,152.286787414551,69.2822237832206,7.9033066397974,60.05908203125,158.730770874023,100.595859527588,144.470226287842,62.8881265529688,0,72.980148162075,134.016338695179,45.3082026700361,134.567501068115,149.508618927002,122.984364713176,85.2905049725114,67.0843525583094,96.1641992841448,170.463846842448,36.2656717204084,84.3516159057617,71.7733323896253,0,0,0,115.058151245117,97.4603958129883,0,147.386367797852,146.659645080566,152.230361938477,71.4826221466064,152.681282043457,0,91.3243306477865,0,159.382715861003,75.6111831665039,0,0,0,0,97.0251286824544,167.828063964844,0,0,108.408654530843,0,212.593139648438,205.347751617432,148.650411605835,177.886123657227,0,0,0,219.845016479492,205.243026733398
97.7288818359375,60.4666230943468,93.4590613323709,39.3851771954669,0,0,137.280239105225,104.134292602539,158.867136274065,26.9072507381439,128.409057617188,110.731628417969,0,156.011983235677,134.738983154297,60.05908203125,14.1340810717189,111.347584097726,136.683120727539,122.560200777921,105.388378143311,22.4037066238847,29.2298439274005,18.4238746413733,33.1322828794993,126.067432403564,117.236499520235,30.7118975870342,45.1637172194265,98.9136199951172,75.3019472757975,117.243370056152,0,72.6852966308594,78.2171406899729,0,103.965476989746,118.081250217983,61.9192640744723,0,0,0,163.318951198033,161.756088256836,0,0,0,0,0,185.791152954102,0,101.75760184394,144.63226445516,0,0,0,114.290900530134,63.9928853939741,104.594367865796,97.0471609610098,0,162.493097941081,115.687089153539,122.015758991241,156.227603912354,116.243864762156,0,0,108.753440856934,118.797866821289
96.6496787679539,59.2419930019894,39.2012557088318,77.7843685061018,118.906677246094,136.572652816772,141.540882804177,115.198392291997,127.303984770385,134.368317498101,144.712707083566,51.3600569178549,0,110.683769226074,118.724824131502,158.730770874023,111.347584097726,9.99704029775809,52.4398902166457,26.3463707990619,161.4611120224,49.306469525435,91.9530308164399,26.4227489039353,127.407034793143,115.476327260335,39.3656297736536,63.9422944173821,105.268542352384,91.8199571948165,75.4508208443932,107.683841552734,142.354084014893,92.3375907088771,40.471612263825,142.022186279297,86.5450958251953,110.442008832606,95.9209771156311,0,0,0,185.457237830529,199.066905975342,175.136772155762,0,154.407559204102,0,130.757144927979,199.099746704102,0,149.349886576335,105.931935183207,129.766151428223,122.40225982666,0,156.765101114909,117.826734542847,136.161699878926,162.022889978745,145.95182800293,106.733256362414,103.02061955421,174.776536729601,193.592858450753,161.957287597656,127.348968505859,0,135.22590637207,132.092382049561
139.194243431091,70.0887474060059,104.145273844401,104.011617787679,203.076950073242,87.9220902579171,105.085176416346,162.801808283879,104.476737458365,143.768857683454,173.193183898926,22.31460023438,168.298593961276,56.6106480277158,109.066225727712,100.595859527588,136.683120727539,52.4398902166457,8.37238848653417,13.0426828034171,163.521423339844,115.765409946442,121.680220921834,89.9667527830446,160.049112955729,47.0076746880254,41.3423501046966,63.3486375603235,165.025272369385,107.739977972848,117.796357453759,56.9753044963588,95.9535820193407,111.248835476962,54.6788190313582,0,101.692604064941,169.097747802734,139.517904281616,0,0,0,242.848602294922,196.582672119141,0,0,102.212289983576,210.568023681641,96.6096311296735,0,0,0,123.074653625488,102.863940938314,106.109745279948,0,0,143.391558329264,188.046264648438,208.985982259115,76.9868483109908,104.253996583837,105.432626713705,200.085566202799,0,0,104.891888011586,0,0,124.600526809692
126.915845815201,68.2997376197992,75.5646350073708,88.6280639771492,157.564300537109,96.4115711847941,123.577969932556,150.879872004191,125.454363470208,139.251435518265,163.766399274554,23.4616736060454,162.770390033722,71.3103277786918,127.67085407741,144.470226287842,122.560200777921,26.3463707990619,13.0426828034171,9.30504908983212,159.951000507061,89.6044370729465,107.744931902204,66.7218313545554,151.632666221032,44.9272352854411,34.6344576217479,63.2525465808304,134.91807021494,104.529456468752,95.0757432906712,63.8660658439704,101.214442202919,96.6385945198231,42.6371369388222,218.486114501953,131.430204772949,128.740754054143,114.236890792847,0,0,163.17707824707,204.993677775065,218.86686706543,0,0,119.30816192627,0,121.801746368408,216.977350870768,0,227.246856689453,112.757724338108,117.4439868927,103.75465669632,0,160.385391235352,120.145922851563,155.015652743253,186.882057189941,87.5465148289998,104.4779002129,104.308297073529,196.63526280721,194.39518737793,169.792663574219,114.66415977478,0,0,124.683119506836
85.4808036929271,0,174.37048034668,87.002173614502,17.1028880768114,111.696850047392,41.2817478505496,79.1852387045031,86.3163882837207,37.2369036947846,19.1655072371786,138.30580452161,14.9977700656766,164.573359171549,86.2932583026425,62.8881265529688,105.388378143311,161.4611120224,163.521423339844,159.951000507061,9.93162786388293,147.402910614014,77.9003028869629,150.229019165039,21.0983108263417,196.37678527832,172.869345303239,169.798200167142,28.9408179743599,83.298632118299,124.743166410006,176.451622009277,112.419934821851,70.7113366407507,78.462345788093,124.504104614258,0,246.431945800781,75.2296668158637,93.1567813089071,0,153.89653301239,131.038248443604,155.477386627197,100.806302277938,155.762463695598,0,127.780046056529,177.652618408203,168.976683298747,119.062705406776,146.867492675781,0,0,241.221160888672,51.0170335839047,0,116.861438751221,0,116.236678934543,0,239.147720336914,189.942672729492,140.895144397066,169.107494899205,178.390098571777,0,0,167.668159484863,173.406768798828
76.387177180577,112.623231506348,67.1646595034479,55.6000688892007,110.109279087612,136.495407104492,111.120543924967,72.5761201495216,108.336571315077,70.2345179149083,92.2707006974654,100.749323503687,160.252919514974,142.34768931071,95.1721191129823,0,22.4037066238847,49.306469525435,115.765409946442,89.6044370729465,147.402910614014,13.6392493418934,52.6900886971715,31.311447079768,42.3748164654475,117.214649200439,110.052743992335,73.9342883810001,34.0593709137332,52.3556289359573,29.9375946379981,190.188781738281,123.775863647461,49.2640375296275,44.5382338139456,129.077410561698,0,135.857148647308,70.9280528941053,131.394943237305,0,195.3508644104,143.79785951655,163.93479256008,99.9316433497838,148.28858757019,0,166.789016723633,0,152.178090333939,0,114.594965642812,213.725718180339,0,187.276817321777,148.626373291016,120.626748942643,74.8680895718661,126.590286636353,110.386961894133,0,176.403509580172,136.166994200812,122.512763220417,135.277581256369,118.108941407039,0,0,118.421902743253,130.08705999201
93.6812947591146,28.487501419363,73.7314116614206,23.9147190544927,78.4288084847586,103.884094238281,97.8226691351996,80.8962829991391,123.460208561109,25.408322770567,93.4892775217692,95.3560908341608,63.6538752789767,87.864972402179,115.43141225179,72.980148162075,29.2298439274005,91.9530308164399,121.680220921834,107.744931902204,77.9003028869629,52.6900886971715,8.53601337357933,48.7956265892373,29.3515102564808,66.2417449330896,99.3539031940502,45.3929050944242,55.2074386605242,79.1407988484701,51.7531941806569,110.933480874086,0,41.8793132781982,69.8149589089786,144.656127929688,0,116.027520418167,14.4091783591679,0,0,215.75537109375,74.6806612014771,184.061861310686,7.25914923898105,142.936042785645,147.201924133301,129.258558273315,126.855281284877,131.854185740153,0,58.5513679280001,140.879698181152,159.795928955078,149.476430257161,158.733749389648,68.980430330549,20.2705253299914,69.360974891513,79.5850666309225,146.675833129883,144.889935160792,123.412169229417,89.3054537091936,80.5071004231771,80.912483215332,118.060581207275,0,0,127.438917795817
87.3038562213799,67.5200828552246,32.1442053347071,51.1302620816111,148.142414093018,134.689121246338,119.573917115765,80.613063520182,112.952194387113,88.0363933194068,105.041132180088,94.08311918609,161.262537819999,128.896794936236,105.696308091082,134.016338695179,18.4238746413733,26.4227489039353,89.9667527830446,66.7218313545554,150.229019165039,31.311447079768,48.7956265892373,15.5354473654334,68.470127065583,142.934275309245,73.0383574144427,44.8523720112676,60.4407061741724,87.1633466253218,57.7781111412513,115.714319375845,166.372989654541,82.8935231573788,50.7590607263584,182.404184977214,80.7571635246277,108.61979737697,65.4113558167748,193.671981811523,0,187.675094604492,161.019192463643,188.403219471807,128.446762084961,168.342920939128,165.519088745117,204.277435302734,169.318613688151,176.396140813828,0,105.460004085747,131.490395215093,0,159.19708480835,205.131492614746,121.761624222282,70.8286775211392,111.510132718849,126.786414368348,150.634155273438,145.4473036079,106.22463439343,142.945536455427,175.210238456726,135.968399859489,192.572326660156,0,0,133.335417036577
75.0353565608523,77.7010495921695,100.339422660038,39.1786839701751,18.5032600696558,88.188088280814,80.264018747244,65.4283091258591,89.4082901560932,16.5513621031652,70.8801458831827,147.263416595459,16.7785122269915,129.540750836569,99.3742836396343,45.3082026700361,33.1322828794993,127.407034793143,160.049112955729,151.632666221032,21.0983108263417,42.3748164654475,29.3515102564808,68.470127065583,11.3277517052076,105.186132309589,127.757926403637,85.3704168678674,25.3813896798848,81.7669755324954,69.5186154570903,149.143464355469,135.201953887939,67.8867125236551,86.9625868988037,122.977362240062,160.427911758423,151.938896179199,68.2416919987863,113.445702760116,208.816665649414,137.147363434798,116.539023859672,140.435827708073,77.1802886262232,131.250069672639,194.540896097819,108.76799287983,172.100769042969,147.256958007812,106.509956598282,106.966924667358,177.40776570638,222.128730773926,194.284145355225,114.510460466578,122.88674716673,93.2262059620449,148.390513853593,85.6830633368028,198.723190307617,183.71759239403,157.537537909173,115.120677552818,141.000218200684,121.060223060966,0,181.384140014648,123.624950885773,134.807533175446
0,18.596080437755,0,28.0717101815965,0,116.279571533203,129.467904090881,0,97.7645202636719,99.675522770442,0,35.1025374551334,124.211918830872,16.881583838413,89.6069882710775,134.567501068115,126.067432403564,115.476327260335,47.0076746880254,44.9272352854411,196.37678527832,117.214649200439,66.2417449330896,142.934275309245,105.186132309589,7.47591503365687,45.0650147539101,23.1679803551081,129.234223365784,91.9734444618225,142.904235839844,46.0021073563294,76.0489196777344,0,52.6417446136475,0,86.5647784641811,109.257263183594,65.6102393606435,0,0,0,165.027420043945,143.695612589518,149.541839599609,199.977386474609,71.5598130297305,180.355438232422,63.2979569876636,138.739883422852,0,154.961542765299,88.4943943023682,80.0995530416799,78.8540065531828,0,155.093734741211,105.472548484802,133.410736083984,153.529577636719,40.4008213916672,73.202493164483,69.7080950090647,0,119.258769989014,139.047462463379,79.1296632456225,172.904922485352,0,92.2560668945312
122.27449281112,50.9648815823585,38.941668020858,67.3239073078807,159.028532409668,102.207911271315,137.584288782604,131.462516651894,135.548784446996,130.059221991177,150.248766360076,23.5085960602729,164.711947631836,25.1006569449821,131.981778729447,149.508618927002,117.236499520235,39.3656297736536,41.3423501046966,34.6344576217479,172.869345303239,110.052743992335,99.3539031940502,73.0383574144427,127.757926403637,45.0650147539101,19.5001879329017,40.4486735427886,131.023410719268,113.817292578719,111.293999560126,31.9190307265213,118.272357395717,118.118731668551,62.6485653585146,176.465438842773,100.846528434753,110.684811294911,101.525087411063,207.555374145508,0,197.976593017578,186.963053776668,197.338762071398,167.78617960612,206.505482991536,103.879481567383,207.109039306641,98.5116515206819,186.252084585337,188.269962310791,150.557219369071,105.929013812108,102.245612804706,101.821600357056,0,175.444083473899,133.160479108025,142.906258719308,180.978746990825,84.4855943944332,100.250433857528,99.1723363916013,194.486096468839,193.195482526507,164.882218972231,107.277753090372,149.398422241211,145.586921691895,120.87664298601
122.611603613179,23.4302437497686,32.5786688262053,37.4588565837251,118.046378707886,133.934703281948,132.956727931374,111.34798733318,131.658694273437,100.324530807291,132.646533384777,67.1395817929615,119.315085418953,40.1263049287384,131.550529898805,122.984364713176,30.7118975870342,63.9422944173821,63.3486375603235,63.2525465808304,169.798200167142,73.9342883810001,45.3929050944242,44.8523720112676,85.3704168678674,23.1679803551081,40.4486735427886,15.8453001559329,84.1963424836917,120.308359726008,112.60455090659,36.3575920065815,135.036044850069,118.511188063511,70.1573844669452,169.691904907227,62.4049758170415,97.1634152363546,63.2758031406469,191.664438883464,143.650207519531,197.470191592262,163.302592390166,186.137585686248,153.157220840454,184.540905828061,110.126429798839,177.18928527832,99.6821956342878,176.511350477064,168.550136021205,109.910774509402,104.342749307923,102.460272244881,102.965105931455,182.008807373047,139.925746740297,97.8637686126607,109.038011819927,144.03686317565,76.887648619267,98.0818050951997,92.4673820534848,154.572689799939,186.486745466266,149.540353404532,111.787636650933,172.387474060059,171.139819675022,117.52299878499
80.8317868214028,98.7060791818719,85.180613750643,56.5452780767642,15.7460742700109,124.427584134615,63.0831992057306,36.449478432669,89.3805710374239,54.4383882475185,32.1464772326766,149.292114547536,54.7614381234091,165.266244888306,99.6689658298064,85.2905049725114,45.1637172194265,105.268542352384,165.025272369385,134.91807021494,28.9408179743599,34.0593709137332,55.2074386605242,60.4407061741724,25.3813896798848,129.234223365784,131.023410719268,84.1963424836917,12.9666316661544,83.9538839689912,43.1864971238797,154.897685241699,132.988249019701,69.6749051300049,75.7791927795714,136.385945547195,102.937522888184,156.273250198364,80.1765454730716,124.983947070182,183.344711303711,159.7803602607,130.40608168509,153.454841802928,94.5818236477404,153.693767930609,223.31049601237,135.58148285345,192.154602050781,155.371670009583,139.861250014532,120.835092782974,178.677165985107,232.793930053711,209.534810384115,109.738301930465,125.377970773202,94.7916918618338,145.045502384152,103.452420456866,184.329925537109,192.297445858226,155.086747068517,130.943710427062,149.222333620306,123.424764264014,225.498687744141,207.961898803711,130.185912585649,147.74435035999
18.6653080411871,122.030352783203,114.424705395199,69.4242749066166,93.1678166456626,32.3203386016514,55.723096294206,60.707968026081,36.4447908826126,74.7468209793139,91.5827980459359,72.7383927139703,81.9734318366088,102.492932319641,22.3532218105058,67.0843525583094,98.9136199951172,91.8199571948165,107.739977972848,104.529456468752,83.298632118299,52.3556289359573,79.1407988484701,87.1633466253218,81.7669755324954,91.9734444618225,113.817292578719,120.308359726008,83.9538839689912,9.77148738148247,23.3187117235837,101.834581163194,12.0369050442729,14.2742767447343,36.2091163642631,139.648388671875,140.537536621094,165.581076108492,100.499066699635,178.311586507161,0,184.365981340408,149.558390917097,172.84948694706,90.8644158045451,173.600224530255,242.355804443359,138.951914106097,0,170.462536799443,174.183853149414,104.051151275635,194.933181762695,194.302291870117,181.572280883789,158.422371497521,117.731865882874,90.0940759832209,156.499049716526,130.192166176709,0,168.940765380859,167.410194941929,141.121427595472,158.029530525208,130.72143951416,0,176.074127197266,144.134996032715,141.195229571799
29.9523123203939,97.0294303894043,86.1784312051826,53.7233194330862,79.5842808454465,102.774517059326,101.058244427431,28.7171167442638,76.2958914003416,58.260912991502,90.483128336452,110.346006088257,89.3316450985995,155.952705383301,53.7091871596097,96.1641992841448,75.3019472757975,75.4508208443932,117.796357453759,95.0757432906712,124.743166410006,29.9375946379981,51.7531941806569,57.7781111412513,69.5186154570903,142.904235839844,111.293999560126,112.60455090659,43.1864971238797,23.3187117235837,11.2829449898403,161.207992553711,117.576106731708,42.5569680248392,44.1299032013821,126.363751729329,114.912418365479,146.483149119786,72.7147706105159,158.300563049316,0,169.736968994141,132.586174218833,154.511722471656,86.4114067771218,156.24537785848,0,146.232557296753,0,145.991235025813,144.717549641927,111.707790120443,156.686676025391,0,223.655395507812,176.544964599609,116.20056315488,82.3731288331928,142.194664499034,111.982521606006,0,186.182861938477,157.95676004319,120.766167230164,135.712527118152,115.570943702082,0,211.239868164062,122.235535685221,138.649723573164
156.689735412598,69.8875183832078,101.519268290202,77.6366565272493,0,98.4278920491536,117.160835959695,182.226745605469,127.468002833677,137.736718677339,170.488639831543,35.6557909374641,179.987080891927,17.5459816267709,126.440611761969,170.463846842448,117.243370056152,107.683841552734,56.9753044963588,63.8660658439704,176.451622009277,190.188781738281,110.933480874086,115.714319375845,149.143464355469,46.0021073563294,31.9190307265213,36.3575920065815,154.897685241699,101.834581163194,161.207992553711,13.7216651911471,107.060799231896,0,69.870930224801,0,113.740476335798,144.418368021647,95.6220436096191,0,0,154.427337646484,0,157.42041015625,169.983627319336,0,101.571102607541,0,93.0434708290912,0,214.622589111328,0,150.542930603027,102.438241091642,111.930078052339,0,0,153.876814100477,0,0,73.7548834148206,104.236212730408,105.129287098504,0,181.454879760742,0,104.290165987882,0,0,127.745726267497
86.2801357616078,0,170.566955566406,120.256813450863,140.450519561768,8.83912621746737,18.9301400760313,120.972537750893,15.7449555909621,109.236976623535,113.011963276923,66.3090833776137,107.156436831452,100.580806732178,7.68468604388773,36.2656717204084,0,142.354084014893,95.9535820193407,101.214442202919,112.419934821851,123.775863647461,0,166.372989654541,135.201953887939,76.0489196777344,118.272357395717,135.036044850069,132.988249019701,12.0369050442729,117.576106731708,107.060799231896,5.42857895378131,0,39.4901947966659,0,0,0,0,203.205520629883,0,0,191.90344619751,201.423294067383,156.730346679688,0,0,179.89616394043,0,0,0,0,0,0,0,217.897232055664,0,0,221.352920532227,192.968012491862,132.062957763672,152.758026123047,178.747772216797,197.759801864624,0,180.367309570312,0,0,172.849060058594,0
47.7442462596487,102.650835673014,114.455717335577,55.5979994121351,74.0675821387249,0,96.1335779724121,65.5496727578452,89.4887632232866,61.2761503707531,75.9451393741301,97.8512102399554,75.4810449426824,156.519622802734,55.8852200735183,84.3516159057617,72.6852966308594,92.3375907088771,111.248835476962,96.6385945198231,70.7113366407507,49.2640375296275,41.8793132781982,82.8935231573788,67.8867125236551,0,118.118731668551,118.511188063511,69.6749051300049,14.2742767447343,42.5569680248392,0,0,7.28479091639735,29.0304591165933,156.444691467285,0,165.50020980835,68.0863019307454,184.818580627441,0,166.755527496338,132.102132023992,148.977808271136,89.3189006381565,151.115423202515,0,0,0,156.732757568359,0,96.8321212768555,236.269119262695,0,0,183.446363449097,104.792665415797,81.7324172973633,100.309614181519,120.780648265165,0,179.374523925781,190.684292602539,125.94613477017,141.646280606588,123.100309644427,0,0,150.390866088867,119.110336303711
75.9774994989043,79.6725301742554,69.3894282404969,69.324275582684,92.2591314623433,38.0726728625414,62.464614331064,83.730280490298,55.4538346597971,91.0770189341377,88.5958952380999,23.8269462661591,79.7131556843158,58.4237613981845,48.2154575800802,71.7733323896253,78.2171406899729,40.471612263825,54.6788190313582,42.6371369388222,78.462345788093,44.5382338139456,69.8149589089786,50.7590607263584,86.9625868988037,52.6417446136475,62.6485653585146,70.1573844669452,75.7791927795714,36.2091163642631,44.1299032013821,69.870930224801,39.4901947966659,29.0304591165933,11.295260863848,159.617706298828,114.835200173514,117.402915604618,84.4881656222873,180.215529441833,0,175.562483469645,147.095092197634,167.893682250977,105.928392410278,186.578231811523,139.862566630046,176.973353068034,111.240030500624,176.552378845215,231.431732177734,120.977008056641,133.449230194092,118.254409790039,125.708531533518,181.007227579753,135.982129304305,127.088163476241,126.036134784141,133.905748459899,115.756695217556,124.985533093649,116.669930800586,149.379113024614,173.064888636271,126.625243808912,135.938572692871,0,136.524731953939,152.333051757813
128.480506896973,0,158.661331176758,79.0819939422607,139.066040039062,0,159.714789835612,156.865117853338,169.532828436957,128.129188537598,153.121432834201,0,178.58419418335,192.759239196777,166.392828369141,0,0,142.022186279297,0,218.486114501953,124.504104614258,129.077410561698,144.656127929688,182.404184977214,122.977362240062,0,176.465438842773,169.691904907227,136.385945547195,139.648388671875,126.363751729329,0,0,156.444691467285,159.617706298828,13.1855983524943,119.279815673828,111.73741316595,65.7497864626767,78.7292694939507,73.1110992431641,93.8691764042295,25.7334119012706,79.0910655004638,63.6796533240647,79.1514413197835,118.190162747405,66.9091908348931,148.580619812012,15.2840350406546,93.8284670511882,71.6589641571045,101.895329921366,138.609872817993,114.908095677694,64.7044431725327,77.2338005065918,66.4854050402371,93.6980351342095,72.056876466081,142.88005065918,117.588924346573,122.944940015144,76.943924377852,17.5399247219121,18.7638009771208,143.742697143555,86.9048355102539,36.6844770246936,69.1132802808188
0,6.90074145793915,75.0144199024547,41.8655946595328,131.515213012695,0,0,100.39688873291,160.239390563965,94.5718841552734,0,100.935037466196,0,85.8061051595779,135.601638793945,0,103.965476989746,86.5450958251953,101.692604064941,131.430204772949,0,0,0,80.7571635246277,160.427911758423,86.5647784641811,100.846528434753,62.4049758170415,102.937522888184,140.537536621094,114.912418365479,113.740476335798,0,0,114.835200173514,119.279815673828,8.29522049421232,48.7133058350662,14.9278429786758,0,117.231811523438,0,105.645889282227,127.234403991699,66.6901091397081,132.380767822266,66.0308025479317,110.728797912598,56.1247429515742,126.844905853271,103.921125835843,70.3776897854275,60.8307720331045,84.1443023681641,65.2181878200797,130.884552001953,88.9743510159579,24.5792069605035,81.9150387446086,73.6430720974612,26.2352079605943,50.2848479059599,28.831930761766,99.8775942820423,119.80643418256,110.813664471662,77.2577221210186,96.2353286743164,114.505813598633,69.4630300081693
164.50194422404,102.972822825114,100.286839405812,87.2464951061812,196.086532592773,0,194.176947699653,169.779691880749,181.109157167632,175.158996582031,174.204927062988,134.606564113072,0,163.29128519694,175.953615722656,0,118.081250217983,110.442008832606,169.097747802734,128.740754054143,246.431945800781,135.857148647308,116.027520418167,108.61979737697,151.938896179199,109.257263183594,110.684811294911,97.1634152363546,156.273250198364,165.581076108492,146.483149119786,144.418368021647,0,165.50020980835,117.402915604618,111.73741316595,48.7133058350662,14.9355401413355,50.2698063598633,133.039687262641,171.409959411621,146.516152959381,97.3772307705617,125.861188222431,114.28099194695,117.833213793437,99.8393583065126,159.574550853056,103.904650878906,121.384874826972,159.907540639242,83.6349485348432,48.6841063112096,106.573325307746,72.3819945834193,180.11099395752,66.2541955127122,49.5119699688465,28.8991977433358,107.152083452013,119.048221588135,36.6814638525234,33.9331567417777,84.8253485044181,136.338905775215,93.35112899431,97.4632708900853,180.037174987793,125.157357423202,74.0625743694134
