11.3520154306582,108.300019440828,82.4615846303793,65.6941176878815,70.0812460003477,64.5852870941162,41.8798518614336,29.7389720866684,13.0734102530133,63.7092916035331,26.7897807750946,147.565740312849,53.0395028731402,155.074821472168,12.0917087746435,33.3175281394612,101.469730377197,97.2839315314042,0,127.355433993869,57.6212877729046,71.2650340565464,76.1893205162433,72.4799918172353,65.0664596237054,142.560409545898,115.629125283689,100.008685650469,52.6486504848187,14.5514737308256,22.5190176234794,0,74.7718408372667,25.2811183728862,68.5416651734518,115.376670837402,111.183395385742,0,83.9088948567708,131.981536865234,0,146.162773132324,136.030901227679,0,93.1822910308838,143.908644782172,0,143.350646972656,0,158.75798034668,0,0,0,0,0,134.366877746582,109.88427734375,0,0,117.847845189712,0,0,0,141.72380472819,131.730606079102,130.251842498779,0,0,132.213372366769,0
108.300019440828,4.93847468555548,33.0387531507452,20.9118781966725,0,0,114.642208862305,87.9750391642253,123.25776763916,68.5925619942801,107.716491699219,48.7525443013509,0,44.9518223168715,126.326453575721,115.533164978027,68.7448406900678,39.8554870113467,57.9325574239095,50.6610843440465,102.216644287109,79.8281371954716,16.1656143549012,59.792252009428,78.822884646329,14.687024781439,33.9818909896113,29.4744659316171,93.8674765500155,101.271733319318,89.3723305257162,0,0,101.057838439941,50.3791427910995,0,53.1631863911947,44.7816418541802,29.9167804256562,0,0,0,0,0,0,0,49.0993975321452,0,44.4281196594238,0,0,0,49.6450252532959,82.6095504760742,0,0,0,56.7727699279785,165.667770385742,0,31.4823606908321,89.5653387451172,70.3305619557699,0,0,0,0,0,0,134.070068359375
82.4615846303793,33.0387531507452,12.845915497958,36.8652829814363,99.4898363749186,0,97.2433314556842,76.9095835249247,97.4997549905177,92.9509611129761,87.8398529322801,77.336381686954,86.5826942807152,92.1545442853655,99.0559813680865,92.016668821636,67.1402601877848,14.1275671466494,86.9628573826381,64.3011710742288,140.773399353027,58.9690996264274,37.0299276567344,23.8246550689459,88.3672004892856,77.4883672926161,18.2330786116242,23.5550324434401,66.7178677507708,82.2190211838212,60.8343907057744,90.3985493977865,147.407877604167,92.0436415476342,44.8844714838862,0,86.1527811686198,81.5278612772624,69.6107924325126,177.873809814453,0,0,0,246.533752441406,103.112457275391,0,103.032096862793,0,0,0,0,0,99.9801177978516,0,0,0,0,71.7376797993978,98.1812591552734,120.690696716309,0,94.9215042114258,101.177861022949,140.487396240234,0,0,0,0,0,183.905494689941
65.6941176878815,20.9118781966725,36.8652829814363,24.3972377398918,63.377511528303,92.1167259216309,78.996511375695,52.0629960293699,79.4913694603929,11.5897369744485,73.3758180315402,48.8432542255947,56.8149318266451,45.23198184029,83.8154668997455,51.3645065926217,57.947317759196,42.9836745101911,57.7089852123726,47.7689806873712,62.2181921221993,58.4722836957659,20.4840031196411,51.1005013499778,31.4458770387385,16.4721910213602,39.2098185651118,37.6911435741699,46.8333607020999,61.0025417705197,52.5793655965183,50.2962481180827,112.868267059326,54.8557124029997,53.2401840162776,74.7992324829102,31.2352383931478,55.4666990392348,13.4958504789526,84.0622168252634,157.376831054688,99.4155838910271,69.8195452008929,89.3605902989705,30.0665585860777,95.486802854036,41.5594367980957,78.7763967514038,36.7913258870443,87.1248210560192,43.1449597676595,84.4767456054688,71.473145571622,0,74.0957450866699,82.9911102718777,125.499588012695,46.8242560971168,87.3110688527425,52.0168902682162,25.7917035939742,64.2944939176915,64.4581569803172,72.0999760305955,87.53619172838,74.4496960110135,0,0,78.1447953118218,74.9282816251119
70.0812460003477,0,99.4898363749186,63.377511528303,9.34279040607776,0,54.5697958910907,42.0183018578423,76.7285070644589,47.4646804831749,23.366858665554,138.392944335938,20.6146058115452,0,88.2584082774627,67.0257059733073,94.0158157348633,0,0,0,14.9567078829606,109.826861063639,81.206954609264,112.601390075684,17.9375707463553,0,0,95.2848205566406,12.7363363200636,71.4632260378669,95.6188074747721,0,123.167610168457,67.1350982807301,76.3738934356387,147.020086669922,0,0,73.151907994197,32.8271760280777,0,152.731729607833,131.638373819987,159.89158821106,85.9760091145833,135.599596904803,0,13.4014340344296,0,158.899772644043,147.330118815104,0,0,0,0,37.2827742188065,0,96.6098899841309,0,111.150668633166,0,0,0,130.974588177728,147.952896118164,143.302299499512,0,0,145.955509185791,133.857563781738
64.5852870941162,0,0,92.1167259216309,0,5.99436260607014,14.0861525294757,108.955713272095,15.7175131532673,105.753311157227,99.8665740966797,49.0263214111328,79.2092170715332,0,22.3925042168326,11.453414464831,0,0,212.254638671875,0,96.27454884847,114.059547424316,104.799041748047,104.450922012329,80.2592900594075,0,95.6725031534831,128.186855316162,108.479133605957,22.1084244405986,101.090705871582,0,9.44304200457509,42.592399597168,29.3864846720415,0,0,0,0,0,0,0,0,0,0,0,0,213.755142211914,0,0,0,0,0,0,0,0,0,0,0,0,0,0,0,172.656211853027,0,0,0,0,0,159.801872253418
41.8798518614336,114.642208862305,97.2433314556842,78.996511375695,54.5697958910907,14.0861525294757,8.58442572220808,56.9606706751919,17.5317915380864,68.113918120401,23.7773397314692,68.7994950612386,17.064236406248,158.511344909668,24.1507802007415,9.75841766513483,0,143.054046630859,0,189.756927490234,34.4414994478608,90.7377761037726,101.462446939378,89.1004653905893,66.3147540329196,180.183044433594,143.445504287194,107.698537489947,56.0490340964402,30.4276790774686,81.3492553998839,0,26.8508067618073,59.3394605786969,34.1280214031737,143.938941955566,0,0,90.3928660517154,150.264482286241,0,165.63627166748,137.513953072684,157.904345703125,99.995848435622,158.478826613653,0,144.582783699036,0,160.791995457241,0,0,0,0,0,161.133060161884,0,0,0,130.071699756687,0,0,179.679626464844,143.545588863597,157.000158870921,139.472705841064,0,0,149.692469546669,147.24276297433
29.7389720866684,87.9750391642253,76.9095835249247,52.0629960293699,42.0183018578423,108.955713272095,56.9606706751919,10.286963698947,44.5100490932408,51.0660543947254,15.2701427072355,132.370001898872,47.1703747412553,0,42.1242979464823,65.6115295861357,62.6561088562012,100.773077828544,0,123.056851704915,59.178179624604,47.780517779403,69.4343321923496,57.4766988876396,49.4589901255578,0,108.605168938637,83.2286913534083,19.4901911315801,41.3999816430913,14.1989467835069,0,116.495552062988,54.7443209939533,70.3814896617019,131.321655273438,0,0,77.4744121006557,149.743748256138,0,142.311947215687,121.568372453962,149.548987706502,79.2921472029252,137.330328199599,0,137.669642130534,0,126.767961774554,133.201675415039,0,0,0,0,134.668170166016,0,113.998641967773,0,110.853285108294,0,0,0,121.32594165802,150.493269239153,124.095542907715,0,0,129.138505935669,127.221981811523
13.0734102530133,123.25776763916,97.4997549905177,79.4913694603929,76.7285070644589,15.7175131532673,17.5317915380864,44.5100490932408,10.0198329219172,77.2815616505028,21.7424918743849,113.576420466105,40.5188144454956,169.235560099284,12.3209711607337,23.1292062132138,0,116.797255295974,0,140.948984146118,61.850259444485,83.8477508115097,98.5421711069293,88.2280445139895,72.0390335429799,0,131.603995443392,117.69941485658,68.3204769229819,28.5535570766251,68.4817184926839,0,15.5820150226738,44.8483147611483,42.3572379453858,159.605090332031,0,0,78.3120174407959,154.63868537316,224.678619384766,164.237319946289,135.952905470325,154.019123331706,89.2476253509521,158.685038566589,0,159.149515424456,0,163.593838778409,162.455093383789,0,0,0,0,153.354533802379,0,0,0,131.393461428191,0,0,0,140.65941992673,159.179769515991,147.208821105957,0,0,136.00931125217,163.196662902832
63.7092916035331,68.5925619942801,92.9509611129761,11.5897369744485,47.4646804831749,105.753311157227,68.113918120401,51.0660543947254,77.2815616505028,8.84775014054857,68.4250247743395,0,10.2154226524223,0,82.7144038212764,18.3123950192309,34.4677886962891,117.461843490601,0,120.541408538818,16.2718022295407,66.3439910286351,18.0932714316072,61.7069295582018,15.4468639402349,0,107.765485910269,83.8470712591101,45.0378961519696,64.9147988847159,53.6072559543318,0,111.923553466797,57.2229469165728,59.1194469199196,0,0,0,39.3986455454971,104.26638285319,0,0,85.4374725341797,0,51.0891184488932,132.542249043783,0,96.4900767008464,0,123.167284011841,98.6044845581055,105.707412719727,0,0,0,104.945401000977,0,66.8696727752686,0,73.1272756576538,0,121.496421813965,0,91.166164289202,119.668263244629,106.18936920166,0,0,115.747631072998,148.086883544922
26.7897807750946,107.716491699219,87.8398529322801,73.3758180315402,23.366858665554,99.8665740966797,23.7773397314692,15.2701427072355,21.7424918743849,68.4250247743395,9.24973704698446,154.001403808594,27.0180623178395,0,33.5550255176689,54.6162127038384,71.0565433502197,171.678466796875,0,0,18.0442744504313,75.5816535949707,102.405498280245,79.4240873444755,49.0440375861132,158.228576660156,135.515309333801,98.7064435958862,22.5103615731988,65.2345546585436,65.8957797288895,0,109.653809611003,64.0020500808764,72.0507274915094,161.226543426514,0,0,90.037399601292,159.356457519531,225.384719848633,163.37219619751,140.598238493267,166.005216326032,100.116333855523,160.884301235801,0,159.381087239583,0,166.920715332031,176.000305175781,0,0,0,0,161.883103155321,0,107.696044921875,191.822326660156,129.740379506891,0,0,233.025894165039,146.390158344137,162.727015445107,156.276278177897,0,0,154.964221352025,166.024838765462
147.565740312849,48.7525443013509,77.336381686954,48.8432542255947,138.392944335938,49.0263214111328,68.7994950612386,132.370001898872,113.576420466105,0,154.001403808594,10.5628616852047,0,15.3898836672205,155.472933451335,0,107.586891174316,41.6544790183548,14.9040569106413,18.5155739739113,0,99.2458665267281,97.7873424348377,82.5792761426983,118.720710754395,22.5437217731484,25.4946346330809,43.8108814964569,117.695189339774,72.9400541427288,107.357074606008,29.8583512813523,56.2291499546596,129.475555419922,27.3803303431662,0,61.1973781585693,105.02632522583,50.3992327584161,0,0,0,0,0,0,0,77.607702255249,0,81.8409638404846,0,0,0,98.2677561442057,101.025390625,93.2490571339925,0,0,115.766899108887,0,0,53.2141883284957,89.2049647637133,85.2868316741217,0,0,0,0,0,0,86.0306213378906
53.0395028731402,0,86.5826942807152,56.8149318266451,20.6146058115452,79.2092170715332,17.064236406248,47.1703747412553,40.5188144454956,10.2154226524223,27.0180623178395,0,9.63357540420767,0,67.4051389966692,15.3914419560393,0,0,0,0,14.0821085531039,105.653963088989,69.0592792217548,84.414727364817,14.5136242157853,0,157.830537796021,94.7416549682617,49.5464026119517,58.825545950432,76.2486283438546,0,109.152669906616,54.0092653973412,39.2429011195314,181.041030883789,0,0,73.9988647037082,135.653526306152,0,160.757839202881,154.30426703559,150.901384735107,69.2720209757487,155.709254994112,0,160.433326721191,0,153.774928283691,153.788375854492,0,0,0,0,146.426800120961,0,129.375625610352,0,120.272465822989,0,0,0,137.851306350143,142.660815845836,98.6051559448242,0,0,152.556011962891,159.951446533203
155.074821472168,44.9518223168715,92.1545442853655,45.23198184029,0,0,158.511344909668,0,169.235560099284,0,0,15.3898836672205,0,6.34010323716591,166.752990722656,0,0,69.1720932551793,43.5897428648812,46.1647103772679,0,126.201094055176,115.724105834961,99.8945104810927,0,18.5097937456778,21.4152115926843,28.8360707421511,137.452288818359,90.0952611650739,119.737007141113,11.5682797615293,73.1497077941895,155.445343017578,37.5179406839311,0,46.4687792460124,0,37.1264645894368,0,0,0,0,0,0,0,62.8120257059733,0,63.4334264119466,0,0,0,110.906532287598,81.7344436645508,82.3854707082113,0,0,0,0,0,50.132672359034,81.9854847422817,76.6792941729228,0,0,0,75.4191513061523,0,0,75.9048919677734
12.0917087746435,126.326453575721,99.0559813680865,83.8154668997455,88.2584082774627,22.3925042168326,24.1507802007415,42.1242979464823,12.3209711607337,82.7144038212764,33.5550255176689,155.472933451335,67.4051389966692,166.752990722656,7.20001884864625,26.0872321521745,153.794738769531,112.938961375843,163.777969360352,151.31822458903,75.5816446276877,89.9249958674113,99.143989276886,87.9488449608229,82.93433573246,159.84407043457,135.732470674335,121.553452435662,78.7222658600834,13.3775021977437,28.9508565385723,0,10.9414261268093,24.0643350285506,42.1783358436936,156.797348022461,0,0,99.5122138977051,177.901084899902,0,179.42448425293,135.797264099121,178.456161499023,119.703391075134,160.478548049927,0,158.730682373047,0,170.323645455497,0,0,0,0,0,154.183976173401,0,0,202.909255981445,143.993345434015,0,0,0,153.669576284048,155.628196207682,132.924542744954,0,0,163.186695098877,145.186447143555
33.3175281394612,115.533164978027,92.016668821636,51.3645065926217,67.0257059733073,11.453414464831,9.75841766513483,65.6115295861357,23.1292062132138,18.3123950192309,54.6162127038384,0,15.3914419560393,0,26.0872321521745,8.16070064701489,0,0,0,0,56.9896320292824,126.871643066406,63.0580814361572,92.6283297331437,39.5038812408447,162.38215637207,119.635608673096,113.19958782196,70.8824300444528,31.5330452167287,88.8413009643555,0,43.6109386835343,27.3206000826252,24.5942924571611,143.202590942383,0,0,56.0518565707737,160.327735900879,0,0,132.720233154297,169.00244140625,72.4488410949707,148.06343460083,0,188.514743804932,0,153.421600341797,0,0,0,0,0,0,0,0,0,139.338874816895,0,0,0,141.313413347517,151.812642415365,127.749988555908,0,0,133.645462036133,0
101.469730377197,68.7448406900678,67.1402601877848,57.947317759196,94.0158157348633,0,0,62.6561088562012,0,34.4677886962891,71.0565433502197,107.586891174316,0,0,153.794738769531,0,13.5964823961803,80.7180069432114,0,104.798350016276,0,16.8672545031474,27.1852137233659,10.9668818223104,21.4550056196692,112.986351013184,80.9706901773049,28.369843540816,32.732110895677,59.2065402984619,40.4552081567556,0,0,48.1640645540678,62.5399777903359,0,0,0,49.1219991048177,0,0,0,0,0,0,0,0,0,0,0,0,0,0,0,0,0,0,0,0,0,0,0,163.759170532227,0,0,0,0,0,0,0
97.2839315314042,39.8554870113467,14.1275671466494,42.9836745101911,0,0,143.054046630859,100.773077828544,116.797255295974,117.461843490601,171.678466796875,41.6544790183548,0,69.1720932551793,112.938961375843,0,80.7180069432114,8.39155820093083,52.5337321182777,18.0923365962931,0,39.4201605146118,72.2716804420092,14.382618185171,94.3656826019287,58.0579580160288,21.4084694485037,44.8167024746416,89.2430784163936,76.8686569038479,63.4537285257111,56.4433059692383,147.11653137207,80.6143333033511,30.3600316583232,0,69.7092742919922,85.4112747192383,59.0311625344413,0,0,0,0,0,117.725593566895,0,87.1596527099609,0,132.268844604492,0,0,136.322875976562,92.0024846394857,0,86.9644439697266,0,0,105.243690490723,111.69282023112,0,78.5016199747721,91.0227890014648,98.3965516662598,0,0,0,0,0,0,117.922618865967
0,57.9325574239095,86.9628573826381,57.7089852123726,0,212.254638671875,0,0,0,0,0,14.9040569106413,0,43.5897428648812,163.777969360352,0,0,52.5337321182777,6.23214976356097,8.76015780449038,0,102.787173461914,107.213283538818,102.765710390531,0,41.4188458223521,20.8084554082231,58.4865250280726,145.218170166016,82.5153605143229,131.465835571289,53.6942318947085,0,146.114364624023,53.5668060097229,0,0,0,62.0800031026204,0,0,0,0,0,0,0,0,0,0,0,0,0,107.700523376465,0,104.147552490234,0,0,0,0,0,70.1263465881348,96.5610082944234,97.5602433946398,0,0,0,0,0,0,118.984082539876
127.355433993869,50.6610843440465,64.3011710742288,47.7689806873712,0,0,189.756927490234,123.056851704915,140.948984146118,120.541408538818,0,18.5155739739113,0,46.1647103772679,151.31822458903,0,104.798350016276,18.0923365962931,8.76015780449038,7.76581340079357,0,85.0769600061979,100.142286192696,70.8962173542393,114.4534236363,41.7127632361924,20.2482203659796,53.5246534111835,114.4711561203,100.749033811616,95.2999854037636,52.8455722058406,101.417205810547,110.257803780692,35.2900216721968,0,89.2555351257324,91.4486916859945,68.7355810377333,0,0,0,0,0,0,0,95.9383659362793,0,109.164813995361,0,0,0,96.5164245605469,115.746259689331,96.9888043721517,0,144.587036132812,105.302919006348,137.533818054199,112.545478820801,72.8332421439035,89.8959236834423,90.906613227329,0,0,156.599040985107,0,0,0,106.72223073786
57.6212877729046,102.216644287109,140.773399353027,62.2181921221993,14.9567078829606,96.27454884847,34.4414994478608,59.178179624604,61.850259444485,16.2718022295407,18.0442744504313,0,14.0821085531039,0,75.5816446276877,56.9896320292824,0,0,0,0,9.66867356612325,98.2197387695312,84.7551662220674,121.666653103299,15.7317028330835,0,182.214950561523,152.973628997803,23.3741278867004,64.3873697238616,92.2845504067161,0,108.810283660889,54.2544786496055,61.7136642038822,144.57674407959,0,0,70.8661936318002,68.0495727766644,0,133.071925113076,129.545293105276,144.118411254883,85.7438208538553,128.914965683155,0,59.6640581713782,0,144.465340750558,0,0,0,0,0,47.8157460721763,0,97.3917282104492,0,109.50111830763,0,0,228.725540161133,129.333283314089,158.374515351795,133.307962036133,0,0,140.084988488091,136.678230285645
71.2650340565464,79.8281371954716,58.9690996264274,58.4722836957659,109.826861063639,114.059547424316,90.7377761037726,47.780517779403,83.8477508115097,66.3439910286351,75.5816535949707,99.2458665267281,105.653963088989,126.201094055176,89.9249958674113,126.871643066406,16.8672545031474,39.4201605146118,102.787173461914,85.0769600061979,98.2197387695312,9.39007142953596,40.3563429987072,16.6260761792317,22.308407101203,116.933197021484,77.8007410117212,69.1414701157124,19.4045282628542,45.9673378533847,19.9106446753151,0,130.682479858398,54.3986398151943,40.5003801652004,0,0,105.167011260986,57.6846022605896,0,0,0,0,0,0,0,0,0,0,151.839614868164,0,0,0,0,0,0,0,139.217102050781,133.902603149414,128.966011047363,0,125.943895975749,113.681739807129,0,0,154.783126831055,0,0,0,0
76.1893205162433,16.1656143549012,37.0299276567344,20.4840031196411,81.206954609264,104.799041748047,101.462446939378,69.4343321923496,98.5421711069293,18.0932714316072,102.405498280245,97.7873424348377,69.0592792217548,115.724105834961,99.143989276886,63.0580814361572,27.1852137233659,72.2716804420092,107.213283538818,100.142286192696,84.7551662220674,40.3563429987072,6.76159231234904,36.0278106302274,15.3684859287198,79.3144467671712,77.8077032951893,29.9359927320331,42.679706934051,52.8328878869315,44.5841402611786,0,110.843460083008,46.583385626475,54.8047262398499,0,79.804801940918,69.6071434020996,10.2810281127807,101.263339996338,0,0,0,0,75.3298263549805,131.00697479248,0,127.779327392578,0,0,0,0,0,0,0,115.23831431071,0,57.2630793253581,94.7187423706055,85.051295207097,0,71.7370223999023,90.900577545166,115.318806239537,0,113.549404144287,0,0,189.962600708008,105.074531555176
72.4799918172353,59.792252009428,23.8246550689459,51.1005013499778,112.601390075684,104.450922012329,89.1004653905893,57.4766988876396,88.2280445139895,61.7069295582018,79.4240873444755,82.5792761426983,84.414727364817,99.8945104810927,87.9488449608229,92.6283297331437,10.9668818223104,14.382618185171,102.765710390531,70.8962173542393,121.666653103299,16.6260761792317,36.0278106302274,11.29117426444,38.5454170074931,88.4144290161133,63.4599212265833,30.6105489572715,34.8503627947812,74.8905809957416,41.1343535887501,105.006763458252,125.195129394531,73.8055958529131,43.6647217631087,0,52.8372344970703,102.200094223022,71.0276163816452,0,0,0,123.667373657227,0,0,0,0,226.746566772461,0,182.198669433594,216.558403015137,0,0,0,0,188.559387207031,0,74.8545520782471,106.792335510254,0,0,120.249743374911,103.189608256022,171.70556640625,230.331176757812,0,0,0,159.137466430664,105.025993347168
65.0664596237054,78.822884646329,88.3672004892856,31.4458770387385,17.9375707463553,80.2592900594075,66.3147540329196,49.4589901255578,72.0390335429799,15.4468639402349,49.0440375861132,118.720710754395,14.5136242157853,0,82.93433573246,39.5038812408447,21.4550056196692,94.3656826019287,0,114.4534236363,15.7317028330835,22.308407101203,15.3684859287198,38.5454170074931,9.23417809134402,83.879508972168,106.111625527436,55.3607062070116,18.3435420302832,63.7905545090572,49.9036314585336,0,118.660641140408,58.5038132862169,60.9174051930354,122.105557090358,0,0,52.078807360737,114.407728611738,148.381652832031,127.985162353516,106.21275233421,127.360508096629,60.8931366401383,121.395260358712,0,112.412772393996,0,129.820112054998,127.010543823242,119.566581726074,0,0,183.627426147461,112.598729952114,166.359062194824,80.6362854530071,97.4901657104492,80.2296911115939,0,0,167.164877319336,103.180146805661,131.485306063565,127.966773986816,0,0,122.824348994664,125.096670936136
142.560409545898,14.687024781439,77.4883672926161,16.4721910213602,0,0,180.183044433594,0,0,0,158.228576660156,22.5437217731484,0,18.5097937456778,159.84407043457,162.38215637207,112.986351013184,58.0579580160288,41.4188458223521,41.7127632361924,0,116.933197021484,79.3144467671712,88.4144290161133,83.879508972168,9.23183271866436,36.1138557440419,22.9866729242243,0,116.00926844279,132.602856953939,50.831026284591,0,0,41.6101765632629,0,39.9683893728947,97.5167236328125,24.2124125606873,0,0,0,0,0,0,0,52.8377294540405,0,48.7472681645994,0,0,0,107.511840820312,74.6573473612467,65.7929196565048,0,0,0,0,0,34.0994400725887,70.1186344888475,60.4184911143074,0,0,0,83.8051274617513,0,0,71.3235256195068
115.629125283689,33.9818909896113,18.2330786116242,39.2098185651118,0,95.6725031534831,143.445504287194,108.605168938637,131.603995443392,107.765485910269,135.515309333801,25.4946346330809,157.830537796021,21.4152115926843,135.732470674335,119.635608673096,80.9706901773049,21.4084694485037,20.8084554082231,20.2482203659796,182.214950561523,77.8007410117212,77.8077032951893,63.4599212265833,106.111625527436,36.1138557440419,9.22724452636344,21.5966577610266,104.851841994694,104.461325167409,89.0705384031609,25.2312046615206,90.47105662028,114.500939025879,38.583991379458,160.208755493164,69.7880680735518,80.5076296719638,49.7093553520221,0,0,0,0,0,102.52193069458,0,102.024371846517,0,95.830068724496,0,0,117.943943023682,89.5371093114217,99.7090181623186,90.0263464185927,0,129.024406433105,103.799659035423,118.673671086629,103.292266845703,70.7671831978692,84.965177245762,86.4136867984987,0,0,132.878909640842,97.2150268554688,0,0,97.680994010266
100.008685650469,29.4744659316171,23.5550324434401,37.6911435741699,95.2848205566406,128.186855316162,107.698537489947,83.2286913534083,117.69941485658,83.8470712591101,98.7064435958862,43.8108814964569,94.7416549682617,28.8360707421511,121.553452435662,113.19958782196,28.369843540816,44.8167024746416,58.4865250280726,53.5246534111835,152.973628997803,69.1414701157124,29.9359927320331,30.6105489572715,55.3607062070116,22.9866729242243,21.5966577610266,11.8027920510491,67.3048125917111,102.74776004992,89.7128830598653,14.7371636152267,125.921877543132,98.4958444436391,53.1902518710608,0,71.4438743997127,85.8204882695125,54.2052940502111,0,0,0,0,0,146.984210968018,0,85.1584504445394,0,86.7605214913686,0,0,0,99.6423603057861,102.254291958279,94.9378734789397,194.754653930664,135.745956420898,97.0846880276998,113.565141677856,112.252075195312,61.2240763588557,89.3220638662336,88.7005950068145,172.637985229492,179.000961303711,132.751541137695,90.0420913696289,0,0,107.694834170134
52.6486504848187,93.8674765500155,66.7178677507708,46.8333607020999,12.7363363200636,108.479133605957,56.0490340964402,19.4901911315801,68.3204769229819,45.0378961519696,22.5103615731988,117.695189339774,49.5464026119517,137.452288818359,78.7222658600834,70.8824300444528,32.732110895677,89.2430784163936,145.218170166016,114.4711561203,23.3741278867004,19.4045282628542,42.679706934051,34.8503627947812,18.3435420302832,0,104.851841994694,67.3048125917111,10.8762764975412,62.4600012852595,28.19882401702,0,122.29367129008,60.9909950973641,63.5780897686627,131.881250305176,0,199.28205871582,68.5940438599146,143.88206111363,176.428787231445,145.457647612601,118.830597355681,141.404474510337,79.1760574228623,141.664359959194,0,148.128338658532,0,139.39695200106,207.797180175781,103.538185119629,0,0,0,137.984755644927,0,113.302526855469,125.480224609375,110.260877453465,0,132.081817626953,213.831024169922,125.321161589647,142.239105072021,129.30485534668,0,0,136.114143903865,135.098904839877
14.5514737308256,101.271733319318,82.2190211838212,61.0025417705197,71.4632260378669,22.1084244405986,30.4276790774686,41.3999816430913,28.5535570766251,64.9147988847159,65.2345546585436,72.9400541427288,58.825545950432,90.0952611650739,13.3775021977437,31.5330452167287,59.2065402984619,76.8686569038479,82.5153605143229,100.749033811616,64.3873697238616,45.9673378533847,52.8328878869315,74.8905809957416,63.7905545090572,116.00926844279,104.461325167409,102.74776004992,62.4600012852595,6.92037080461064,20.9285491856632,0,12.1489716583653,11.5443874836712,38.5625096612506,133.64232635498,93.5869522094727,0,81.8819419013129,170.995127360026,0,163.614491389348,133.094461495536,157.381564331055,99.6910319010417,170.241834485853,0,158.66451045445,0,157.672863769531,0,170.463134765625,0,0,0,163.391273498535,0,82.1334228515625,198.402969360352,134.229684291742,0,0,123.370526631673,145.416292305452,151.474430720011,127.23079403964,0,0,130.521912384033,149.190932053786
22.5190176234794,89.3723305257162,60.8343907057744,52.5793655965183,95.6188074747721,101.090705871582,81.3492553998839,14.1989467835069,68.4817184926839,53.6072559543318,65.8957797288895,107.357074606008,76.2486283438546,119.737007141113,28.9508565385723,88.8413009643555,40.4552081567556,63.4537285257111,131.465835571289,95.2999854037636,92.2845504067161,19.9106446753151,44.5841402611786,41.1343535887501,49.9036314585336,132.602856953939,89.0705384031609,89.7128830598653,28.19882401702,20.9285491856632,8.88727818289457,0,110.864101409912,45.8873879667641,41.2691888366369,116.289863586426,0,132.902526855469,55.4017454385757,159.787216186523,0,141.735794067383,117.941482543945,139.162437438965,66.3976109822591,166.883071899414,0,0,0,152.042743682861,0,0,0,0,0,0,0,77.6843776702881,0,124.454550001356,0,138.858032226562,121.150087356567,128.728587849935,131.564744949341,120.659868876139,0,0,121.734034220378,116.70500310262
0,0,90.3985493977865,50.2962481180827,0,0,0,0,0,0,0,29.8583512813523,0,11.5682797615293,0,0,0,56.4433059692383,53.6942318947085,52.8455722058406,0,0,0,105.006763458252,0,50.831026284591,25.2312046615206,14.7371636152267,0,0,0,5.73530467659752,0,0,65.7549619674683,0,0,0,58.5037956237793,0,0,0,0,0,0,0,0,0,0,0,0,0,0,0,0,0,0,0,0,0,69.8521194458008,109.803011576335,93.154052734375,0,0,0,0,0,0,0
74.7718408372667,0,147.407877604167,112.868267059326,123.167610168457,9.44304200457509,26.8508067618073,116.495552062988,15.5820150226738,111.923553466797,109.653809611003,56.2291499546596,109.152669906616,73.1497077941895,10.9414261268093,43.6109386835343,0,147.11653137207,0,101.417205810547,108.810283660889,130.682479858398,110.843460083008,125.195129394531,118.660641140408,0,90.47105662028,125.921877543132,122.29367129008,12.1489716583653,110.864101409912,0,5.1428584510394,55.4831225077311,33.8839260770919,0,0,0,0,0,0,0,0,0,0,182.544967651367,0,0,0,0,0,0,0,0,0,0,0,0,0,186.371231079102,0,0,131.338485717773,0,0,0,0,0,0,0
25.2811183728862,101.057838439941,92.0436415476342,54.8557124029997,67.1350982807301,42.592399597168,59.3394605786969,54.7443209939533,44.8483147611483,57.2229469165728,64.0020500808764,129.475555419922,54.0092653973412,155.445343017578,24.0643350285506,27.3206000826252,48.1640645540678,80.6143333033511,146.114364624023,110.257803780692,54.2544786496055,54.3986398151943,46.583385626475,73.8055958529131,58.5038132862169,0,114.500939025879,98.4958444436391,60.9909950973641,11.5443874836712,45.8873879667641,0,55.4831225077311,7.66366231459006,16.3453384743721,127.535364786784,0,0,75.7424605976451,154.28076171875,0,157.132081985474,126.801203727722,155.149736022949,85.7446029663086,155.661275716928,0,135.398328781128,0,156.300546646118,160.38854598999,197.957366943359,0,0,0,148.910451507568,0,138.590728759766,0,124.221498398554,0,0,183.581202189128,136.184796820747,141.790133476257,111.511072158813,0,0,138.607321166992,143.489016723633
68.5416651734518,50.3791427910995,44.8844714838862,53.2401840162776,76.3738934356387,29.3864846720415,34.1280214031737,70.3814896617019,42.3572379453858,59.1194469199196,72.0507274915094,27.3803303431662,39.2429011195314,37.5179406839311,42.1783358436936,24.5942924571611,62.5399777903359,30.3600316583232,53.5668060097229,35.2900216721968,61.7136642038822,40.5003801652004,54.8047262398499,43.6647217631087,60.9174051930354,41.6101765632629,38.583991379458,53.1902518710608,63.5780897686627,38.5625096612506,41.2691888366369,65.7549619674683,33.8839260770919,16.3453384743721,11.4251132429493,127.076825459798,48.2895787556966,79.79421043396,67.7393529923236,146.704729715983,0,154.458511352539,134.453730707583,158.773544311523,98.7642593383789,160.929299354553,112.498477935791,150.02285194397,126.073097229004,157.399927775065,171.217437744141,0,95.1086355845134,0,103.653955078125,149.579638163249,0,105.873985290527,129.287792205811,123.529533749535,72.101451580341,95.1242925744308,101.361789295974,143.749903996785,152.206265040806,129.380009460449,133.229598999023,0,139.913097926549,145.695805358887
115.376670837402,0,0,74.7992324829102,147.020086669922,0,143.938941955566,131.321655273438,159.605090332031,0,161.226543426514,0,181.041030883789,0,156.797348022461,143.202590942383,0,0,0,0,144.57674407959,0,0,0,122.105557090358,0,160.208755493164,0,131.881250305176,133.64232635498,116.289863586426,0,0,127.535364786784,127.076825459798,8.59802015427813,99.106196476863,85.8576425437719,61.822404116676,71.6680150586505,88.7044219970703,62.6351046899352,22.3152993363766,27.9958697069411,60.8666787568261,58.7003507316827,128.708741082086,57.487341756406,139.467923482259,9.85934606084257,68.1289183876731,50.4154364466667,82.9346237182617,0,118.703608586238,62.0056258853119,54.2208144324166,57.1865848605916,67.3522647119338,59.0937368181017,141.810195922852,107.132379849752,97.3301949005961,60.8114470284942,9.78688589963751,11.9701841535913,0,0,20.4575919792077,52.9305564921389
111.183395385742,53.1631863911947,86.1527811686198,31.2352383931478,0,0,0,0,0,0,0,61.1973781585693,0,46.4687792460124,0,0,0,69.7092742919922,0,89.2555351257324,0,0,79.804801940918,52.8372344970703,0,39.9683893728947,69.7880680735518,71.4438743997127,0,93.5869522094727,0,0,0,0,48.2895787556966,99.106196476863,5.23954836867395,31.9726033289963,11.3245541381578,0,0,0,80.6751375198364,125.667079925537,62.6241215599908,0,51.6993275062711,0,46.1194293639239,113.501398359026,0,62.1469339643206,41.7443213799421,86.6299057006836,44.5783177798556,0,70.353327922332,21.2850347482241,55.1970237758197,75.9949596111591,8.44201784466756,35.9044182025755,28.6588601924645,88.6334075927734,112.520664215088,81.3662194324141,0,0,74.9012908935547,50.7209947658159
0,44.7816418541802,81.5278612772624,55.4666990392348,0,0,0,0,0,0,0,105.02632522583,0,0,0,0,0,85.4112747192383,0,91.4486916859945,0,105.167011260986,69.6071434020996,102.200094223022,0,97.5167236328125,80.5076296719638,85.8204882695125,199.28205871582,0,132.902526855469,0,0,0,79.79421043396,85.8576425437719,31.9726033289963,11.2432503446081,35.0826152163388,131.414947509766,163.476623535156,111.909868028429,75.2669817606608,111.180526611002,86.304993556096,89.4373329707554,59.1619022051493,106.020774841309,64.6267479869807,104.128130630898,130.477157592773,61.9777490095659,31.6465673132322,61.6205493927002,46.4781072049201,104.743103027344,38.4849961078798,38.7009566956871,18.4704759224929,90.6153738021851,53.7904570652888,17.7068209028071,23.6941961351234,45.4100002064827,98.0924782131029,60.1036947147872,82.4099273681641,0,84.8212571985581,42.5623968456302
83.9088948567708,29.9167804256562,69.6107924325126,13.4958504789526,73.151907994197,0,90.3928660517154,77.4744121006557,78.3120174407959,39.3986455454971,90.037399601292,50.3992327584161,73.9988647037082,37.1264645894368,99.5122138977051,56.0518565707737,49.1219991048177,59.0311625344413,62.0800031026204,68.7355810377333,70.8661936318002,57.6846022605896,10.2810281127807,71.0276163816452,52.078807360737,24.2124125606873,49.7093553520221,54.2052940502111,68.5940438599146,81.8819419013129,55.4017454385757,58.5037956237793,0,75.7424605976451,67.7393529923236,61.822404116676,11.3245541381578,35.0826152163388,12.4863877591182,69.3713521184148,106.170660400391,78.9635748890783,53.1277396665166,75.9562763929367,8.81833718580297,73.9922837932207,27.693054544039,66.8373629781935,25.7107303006862,75.9849930144193,53.3420534133911,49.3223178088665,44.029712345865,51.511900975154,45.4124824644074,71.0052065007827,61.9316651213403,27.977587858215,48.0844072818431,35.1930597268517,12.623778092955,38.0241086240005,35.5278381733779,50.5837862484854,69.5652414125817,62.236531591823,0,104.04712677002,61.4730999670296,56.7870535720773
131.981536865234,0,177.873809814453,84.0622168252634,32.8271760280777,0,150.264482286241,149.743748256138,154.63868537316,104.26638285319,159.356457519531,0,135.653526306152,0,177.901084899902,160.327735900879,0,0,0,0,68.0495727766644,0,101.263339996338,0,114.407728611738,0,0,0,143.88206111363,170.995127360026,159.787216186523,0,0,154.28076171875,146.704729715983,71.6680150586505,0,131.414947509766,69.3713521184148,8.69802258389333,130.522434234619,51.1805723468463,48.4078779901777,81.3034713288658,46.9313218376853,21.3931857959597,0,18.557310344666,0,79.5733751569475,72.5479951941449,103.7216796875,0,0,0,13.7733306181555,0,91.4583485921224,119.233074188232,20.1859829344112,0,0,135.340815226237,13.7386348525452,76.0612770508383,67.2303448112643,0,0,70.4687642910901,75.7044342734597
0,0,0,157.376831054688,0,0,0,0,224.678619384766,0,225.384719848633,0,0,0,0,0,0,0,0,0,0,0,0,0,148.381652832031,0,0,0,176.428787231445,0,0,0,0,0,0,88.7044219970703,0,163.476623535156,106.170660400391,130.522434234619,6.39560026877394,22.1236916635095,112.055721706814,14.2008279627217,116.169120788574,91.7201922734578,0,84.9441141401018,73.3410949707031,27.6541053968951,12.5056549328233,134.522552490234,0,0,0,113.451717376709,0,122.685485839844,85.085018157959,125.750134277344,0,80.5888977050781,161.073799133301,115.591782203087,25.9793387729543,0,0,11.3482793987643,93.620055607387,23.9101923505918
146.162773132324,0,0,99.4155838910271,152.731729607833,0,165.63627166748,142.311947215687,164.237319946289,0,163.37219619751,0,160.757839202881,0,179.42448425293,0,0,0,0,0,133.071925113076,0,0,0,127.985162353516,0,0,0,145.457647612601,163.614491389348,141.735794067383,0,0,157.132081985474,154.458511352539,62.6351046899352,0,111.909868028429,78.9635748890783,51.1805723468463,22.1236916635095,8.12486108361545,53.5494819424017,17.920613060737,71.2251543026526,20.8830475996542,0,15.4687116898409,0,30.1825657838214,11.7684500464425,82.6250553131104,0,0,0,25.473678117279,116.411743164062,93.3900072915213,93.0718163882985,62.3113950535936,0,147.817593383789,118.496712891952,54.6904117945469,36.0139978808729,81.2524592399597,0,32.5384621472233,68.1496776654882,50.1903417276782
136.030901227679,0,0,69.8195452008929,131.638373819987,0,137.513953072684,121.568372453962,135.952905470325,85.4374725341797,140.598238493267,0,154.30426703559,0,135.797264099121,132.720233154297,0,0,0,0,129.545293105276,0,0,123.667373657227,106.21275233421,0,0,0,118.830597355681,133.094461495536,117.941482543945,0,0,126.801203727722,134.453730707583,22.3152993363766,80.6751375198364,75.2669817606608,53.1277396665166,48.4078779901777,112.055721706814,53.5494819424017,9.3054554239631,48.7160666613724,53.6036927959876,14.9997517631338,127.745983123779,49.366344243288,137.372152328491,26.0639766480954,59.4485502954739,53.5319480617551,99.0161972045898,0,118.604042053223,58.2076317251545,53.9588428906032,61.8295458706082,52.245550547412,47.0601095823217,0,99.4413586405965,79.9097475975564,17.2555955777402,31.6937826112647,12.8600955742797,0,109.813846043178,46.9533750648657,60.4594690505163
0,0,246.533752441406,89.3605902989705,159.89158821106,0,157.904345703125,149.548987706502,154.019123331706,0,166.005216326032,0,150.901384735107,0,178.456161499023,169.00244140625,0,0,0,0,144.118411254883,0,0,0,127.360508096629,0,0,0,141.404474510337,157.381564331055,139.162437438965,0,0,155.149736022949,158.773544311523,27.9958697069411,125.667079925537,111.180526611002,75.9562763929367,81.3034713288658,14.2008279627217,17.920613060737,48.7160666613724,8.20337244456168,77.9485179342405,24.7845812546668,0,33.386309011798,0,13.7466298406631,26.0390759456526,76.1656886736552,151.969924926758,0,153.49169921875,61.176700485419,118.252841404506,83.2048033986773,91.5361280001127,72.3954490374968,154.802520751953,132.303015999172,108.954480929252,64.3183665345355,23.0092280668222,77.6949219597711,0,12.1827017669733,52.3361650085449,39.3545093751396
93.1822910308838,0,103.112457275391,30.0665585860777,85.9760091145833,0,99.995848435622,79.2921472029252,89.2476253509521,51.0891184488932,100.116333855523,0,69.2720209757487,0,119.703391075134,72.4488410949707,0,117.725593566895,0,0,85.7438208538553,0,75.3298263549805,0,60.8931366401383,0,102.52193069458,146.984210968018,79.1760574228623,99.6910319010417,66.3976109822591,0,0,85.7446029663086,98.7642593383789,60.8666787568261,62.6241215599908,86.304993556096,8.81833718580297,46.9313218376853,116.169120788574,71.2251543026526,53.6036927959876,77.9485179342405,7.84763257982828,71.5769282326179,0,14.9667133208393,0,77.1395140797103,17.8025055686905,22.1009264243276,103.489189147949,0,0,46.9255636611787,67.7115364074707,18.5566115673151,71.838439647968,19.1065347159186,0,99.2931200663249,84.1255515846046,46.7699701830168,71.0452786522943,53.1521677158639,0,123.972755432129,56.3519419847031,61.4739754351784
143.908644782172,0,0,95.486802854036,135.599596904803,0,158.478826613653,137.330328199599,158.685038566589,132.542249043783,160.884301235801,0,155.709254994112,0,160.478548049927,148.06343460083,0,0,0,0,128.914965683155,0,131.00697479248,0,121.395260358712,0,0,0,141.664359959194,170.241834485853,166.883071899414,0,182.544967651367,155.661275716928,160.929299354553,58.7003507316827,0,89.4373329707554,73.9922837932207,21.3931857959597,91.7201922734578,20.8830475996542,14.9997517631338,24.7845812546668,71.5769282326179,9.24435110840401,163.584259033203,26.3873779593485,168.070922851562,36.478026637065,49.5786595111757,73.7207141452365,0,0,0,18.3121146694189,82.594294048491,81.0826997756958,68.1847688270907,46.3574570743141,0,133.854889678955,95.3229124951268,22.7923897066887,62.4283660488364,61.7976187506875,0,97.5209356943766,64.9533553879624,75.9867802574521
0,49.0993975321452,103.032096862793,41.5594367980957,0,0,0,0,0,0,0,77.607702255249,0,62.8120257059733,0,0,0,87.1596527099609,0,95.9383659362793,0,0,0,0,0,52.8377294540405,102.024371846517,85.1584504445394,0,0,0,0,0,0,112.498477935791,128.708741082086,51.6993275062711,59.1619022051493,27.693054544039,0,0,0,127.745983123779,0,0,163.584259033203,10.0245010152038,0,17.1756429970466,143.918172200521,0,101.557987213135,54.1226131406605,16.0035602076069,21.2634918279878,0,85.8623613630022,104.711837768555,85.1880158729924,0,22.7700520475633,25.1239561614273,34.6402619836882,139.716478983561,108.838587760925,103.288816077687,15.4709412105454,0,150.10466003418,23.1415007157008
