11.2065850377307,118.017839219835,91.574504906251,78.4716829866976,62.2977306670037,68.0853782776863,36.6837554749726,29.578029606275,21.0565348704044,55.8622219085693,31.1264016652544,0,50.3671279164542,0,13.2211125698501,39.1539428645167,85.9286702473958,118.94424309788,0,133.759526388986,57.3121331939124,68.2388528677133,71.9068096385283,76.7191716766357,57.7536598055798,0,119.287384249129,106.64892634639,47.7570771095448,13.0284041296475,26.1717252423263,0,77.4795986561293,43.3586743782307,73.0746063004192,129.165220133464,0,0,84.9727153778076,69.5050750732422,0,158.139989217122,133.763599395752,149.528951772054,92.4643781835383,137.85131072998,0,131.786799112956,0,153.927217483521,0,99.3196067810059,178.013496398926,0,0,0,118.594627380371,148.523872375488,150.245895385742,107.653152324535,0,179.64892578125,166.211959838867,122.045166118725,150.852001953125,111.981491537655,0,0,137.648193359375,127.795315333775
118.017839219835,5.2001958350786,34.1671366371397,11.3887542286417,0,234.639236450195,0,112.867995689655,140.46460723877,53.8392821847135,121.903038024902,65.3796678502509,111.470598856608,54.9529580060173,0,93.8852310180664,71.0943534735477,49.4439539706248,90.1765394210815,56.5996532243552,0,82.5243275083345,16.0901395875019,48.6604622184456,84.6066974493174,12.2709032304951,37.2625090622638,29.6825386177298,96.4249087969462,106.84227625529,93.2896510532924,74.9483192443848,0,0,50.7394004677827,0,20.474400639534,52.7767962621263,22.4652960916583,0,0,0,138.675409105089,191.475036621094,103.801689147949,0,106.443750653948,0,99.228343963623,0,100.985824584961,93.7558670043945,59.9267361958822,109.980235629612,81.8048981954885,0,100.821263631185,46.6818504333496,69.7942015703987,100.396076202393,76.328742980957,62.8520570973881,53.0517173254189,121.188059997559,0,105.923667907715,115.982387542725,0,0,64.7671726505931
91.574504906251,34.1671366371397,12.9786345622579,37.4062017423995,116.111221313477,164.106941223145,134.299835205078,91.3451096442032,124.74783261617,84.1139729817708,118.950912952423,87.122427329039,120.181007385254,77.2498321533203,107.302105607658,125.847862243652,75.2846052593655,23.1639868204762,94.0743293762207,67.2095391176601,136.570493062337,47.5947017748008,33.2110619805076,14.6136937610268,95.4801567586263,78.3334588443532,20.0715459723605,30.1657954921757,69.3423017740642,90.6850128173828,58.6256789459902,0,148.785171508789,91.7981977462769,40.6482197406024,140.635604858398,92.8479471206665,83.2191736582163,78.7088639632515,0,0,174.736038208008,152.702878316243,191.953735351562,129.731906890869,0,123.629001072475,0,90.7641181945801,146.660781860352,0,109.732425689697,95.6324122133811,134.973256197843,122.2217180464,0,106.598071289063,115.697617848714,99.5624139753439,148.482898167201,0,96.592490196228,86.1144354764153,164.085922241211,0,133.418394088745,193.591354370117,0,148.946327209473,97.8363923768739
78.4716829866976,11.3887542286417,37.4062017423995,14.6604083852272,48.209366607666,0,81.8880687713623,87.8669478098551,107.517997233073,13.513570621129,95.5842346191406,79.8080126444499,50.6863498687744,75.5987167358398,79.4118270874023,41.6086453524503,45.3131704993595,53.796306582229,109.365196228027,58.875259791335,68.2055764198303,47.0513105936498,11.9518530609618,46.0327161058466,35.4062862707742,70.6230640411377,40.1132629485875,34.9890308353992,46.4646112843108,56.897282906941,43.8918601333118,103.093849182129,0,43.6655348215672,48.3021561063056,93.0147921244303,80.998366355896,48.4661539589486,14.7630860843842,0,87.5109786987305,91.2252235412598,79.839780053427,93.2892252604167,33.090151002672,91.6432359483507,0,52.7928085327148,109.726737976074,89.2829883282001,0,66.5446102744655,57.8953642543358,112.091890607561,79.1131783398715,168.84342956543,80.6848176655016,29.8831019878387,59.8494896618825,49.8134335238358,0,64.3296417367869,56.0635076701212,66.1861640810966,91.5776049296061,71.9655698140462,0,198.027694702148,64.8101596832275,64.5691448779816
62.2977306670037,0,116.111221313477,48.209366607666,7.49525786680531,115.029739379883,59.5075936166067,45.0819059457193,72.3684991145956,47.7995948466388,23.6505811789245,0,16.4395185865602,0,85.1406731536423,86.0005603366428,0,155.063682556152,0,145.430755615234,10.8600910312388,0,79.5558497111003,124.730018615723,17.8732936940023,0,156.58854675293,151.525535583496,13.1490067873906,67.8289740619636,62.5583057403564,0,133.758760724749,63.6610931695676,79.9934016418457,0,0,0,120.584415435791,9.82662661040927,0,56.0697195529938,99.6027445793152,160.617065429688,53.3535957336426,29.9925033553995,0,7.66039313957733,0,107.315892537435,0,0,0,0,0,8.65552509735808,0,126.556266784668,0,46.4507083892822,0,0,0,21.0957868942643,93.0983047485352,0,0,0,88.737421308245,89.6589263916016
68.0853782776863,234.639236450195,164.106941223145,0,115.029739379883,8.15493276309382,14.1970918497319,113.971556663513,19.8203889492449,115.213882446289,109.678136916388,49.9012451171875,95.2145299911499,0,24.9562556943925,12.4501702098489,0,0,0,0,109.501721790859,0,118.29761505127,157.650665283203,106.315565410413,0,121.991237640381,0,119.63049030304,20.3895677650088,118.819225311279,0,12.5289452252926,61.3879482269287,30.4173703193665,0,0,0,0,126.880012512207,0,0,0,0,0,0,0,0,0,240.974884033203,0,0,0,0,0,0,0,0,0,175.983070373535,0,0,0,0,0,166.815994262695,0,0,161.260192871094,183.150573730469
36.6837554749726,0,134.299835205078,81.8880687713623,59.5075936166067,14.1970918497319,8.36659922553898,59.5183598150021,14.73820889977,38.0884838475809,15.595080819655,0,13.4978836900154,0,27.455552641293,14.7599116708714,91.6975402832031,175.906681060791,0,135.611785888672,35.6084072270163,0,83.8293453563343,118.027568817139,48.1070211605763,0,159.670181274414,150.144516468048,64.1373445018056,32.3549170672599,79.311517384847,0,12.995745818189,41.9441192161309,33.3674959530265,142.455272674561,0,0,84.3037439982096,57.8147513071696,0,0,144.508071899414,0,119.691024780273,0,0,52.9989372253418,0,145.332702636719,180.308090209961,0,0,0,0,0,115.49592590332,121.315948486328,153.630172729492,140.55784702301,0,0,0,150.876380157471,158.07251739502,128.356033325195,0,0,148.398544311523,0
29.578029606275,112.867995689655,91.3451096442032,87.8669478098551,45.0819059457193,113.971556663513,59.5183598150021,9.37810081026284,50.7530855356985,47.9968368670079,13.3646651659103,144.799743652344,47.3613180114837,0,46.6554973415932,64.1184561252594,72.5364356850678,119.827288521661,0,127.91570854187,48.3019266470495,55.1238409780687,73.7421898509181,70.7834408206585,42.3182176571395,0,120.205925434559,98.1596180194685,25.7555673430263,31.3570015568132,14.8769580613348,0,113.497593773736,51.6860195258995,61.0515677938202,134.278630574544,0,151.314949035645,67.4939092000325,0,159.377243041992,146.676490783691,127.174288823054,159.509136199951,97.3601831708636,129.026191711426,0,0,0,136.875617980957,114.381309509277,116.304882049561,186.297164916992,0,188.538955688477,248.387878417969,0,0,154.74242401123,108.406774784968,0,174.711181640625,169.787153244019,128.297044118245,156.242640177409,119.362325395857,0,0,121.130889892578,126.34617805481
21.0565348704044,140.46460723877,124.74783261617,107.517997233073,72.3684991145956,19.8203889492449,14.73820889977,50.7530855356985,9.37528302734851,55.5360222082028,13.5976220097773,0,30.0274280632187,0,14.8910748259241,24.319864043146,106.244010925293,146.318636322021,0,0,47.6825391858798,115.919558207194,87.8179671343635,110.093844731649,56.1693387336552,0,151.468940226237,129.754430498396,71.6471695716825,29.6647661906351,72.1010472670845,0,18.3283182813536,41.3005991081053,41.0794285496828,153.28727722168,0,0,94.2952245076497,100.246929168701,0,0,132.86263885498,161.373555501302,122.923512050084,174.719802856445,0,63.8528861999512,0,187.540200369699,0,186.208526611328,197.799041748047,0,0,0,0,145.240936279297,150.278915405273,133.225875452945,0,0,212.998908996582,148.063117980957,173.434471130371,137.157331848145,0,0,138.641304016113,151.174559275309
55.8622219085693,53.8392821847135,84.1139729817708,13.513570621129,47.7995948466388,115.213882446289,38.0884838475809,47.9968368670079,55.5360222082028,8.2016782167429,49.7475954799329,129.580309549967,8.29944906720827,110.247116088867,77.960610071818,17.3369821076458,35.8638044238091,127.903114318848,0,0,40.7072057285528,52.0589637756348,20.0066319617236,62.5804129706489,17.7131523196167,80.2909458705357,107.459251403809,82.8280537128448,44.3562887394228,54.6604200876676,45.9465461256401,0,114.218662261963,44.9539358329773,48.6082003211975,83.2431221008301,101.447105407715,151.101528167725,31.3721526238226,67.1465911865234,0,108.586845670428,87.4156737405746,106.53566576087,39.0574726018939,101.431736900693,0,75.7281608581543,0,106.703532990955,76.2980012893677,65.2888450622559,0,0,0,99.108907699585,0,67.0114838736398,99.6471735636393,61.8634501580269,0,137.613067626953,113.535400390625,80.5593399794205,104.949349403381,81.3836892445882,0,126.409915924072,99.4927711486816,82.6635542975532
31.1264016652544,121.903038024902,118.950912952423,95.5842346191406,23.6505811789245,109.678136916388,15.595080819655,13.3646651659103,13.5976220097773,49.7475954799329,8.06595007087582,0,18.1507964892619,0,23.1855752950078,54.3181655190208,95.2189292907715,155.858375549316,0,155.349807739258,16.7514626663085,115.347615559896,99.9732371738979,100.467113148082,36.5560178503429,0,156.975986480713,108.997255597796,14.6946334026756,66.243653130719,57.7996587566301,0,106.116826375326,65.6472842117836,79.0765799137584,144.600814819336,0,0,0,11.1991608187395,0,0,162.183502197266,0,114.90926361084,0,0,41.7952054341634,0,221.327697753906,0,0,0,0,0,0,0,0,158.389785766602,127.6305607387,0,0,0,153.542205810547,0,133.78325398763,0,0,0,0
0,65.3796678502509,87.122427329039,79.8080126444499,0,49.9012451171875,0,144.799743652344,0,129.580309549967,0,12.0364736373953,0,21.0612774246369,0,0,136.397720336914,52.937249892027,14.6316154369985,25.0090880419473,0,102.970241031131,93.3105341593425,90.0421773848995,154.49976348877,36.4210051645777,29.8146551165127,61.2679456730479,138.350975036621,43.8352099524604,104.797486916567,47.4001121201746,53.0551986694336,0,32.8878154937342,208.896438598633,123.286771138509,0,130.37809753418,0,0,0,196.834274291992,0,0,0,76.9086210834737,0,75.2335565847035,118.73104095459,0,0,143.516596476237,102.570729240042,114.440430918048,0,0,142.480751037598,0,0,72.3257594913631,99.7645511193709,108.7748534139,0,0,0,95.7549421202462,0,0,97.0064439444706
50.3671279164542,111.470598856608,120.181007385254,50.6863498687744,16.4395185865602,95.2145299911499,13.4978836900154,47.3613180114837,30.0274280632187,8.29944906720827,18.1507964892619,0,7.70726776829703,0,60.9642638485841,12.2847824719881,189.25569152832,0,0,0,14.220325728321,95.6818161010742,65.3996120029026,151.513488769531,17.8657347506929,0,0,108.402296447754,42.2837982000581,70.9094378068825,73.0473419012025,0,111.924552493625,62.6519725404937,71.0964938748267,115.276153564453,0,0,59.9361633300781,34.931689144729,0,44.258394241333,67.2437973022461,110.630741119385,0,37.0826406081518,0,7.46341403194233,0,0,0,114.034698486328,0,0,0,12.8487481777821,0,134.591697692871,0,98.8192501068115,0,0,150.525680541992,75.9518656049456,0,132.526454925537,0,0,0,139.560527801514
0,54.9529580060173,77.2498321533203,75.5987167358398,0,0,0,0,0,110.247116088867,0,21.0612774246369,0,8.71823173398233,87.2523498535156,0,0,0,62.5535739262899,70.4524843042547,0,0,90.3288319905599,0,0,19.1277562256479,27.5850667688247,24.5048483411328,164.483551025391,76.5186958312988,0,12.1426028333422,0,0,45.4330926527296,0,0,0,136.659818013509,0,0,0,211.768127441406,112.124328613281,154.858474731445,0,69.2525777157317,0,68.55975038996,120.791648864746,0,0,0,102.821967654758,108.800762939453,0,0,147.651209513346,0,157.272811889648,60.0636775870072,93.9586475917271,103.234896733211,0,0,166.85034942627,93.9544271939043,0,0,86.2947694933092
13.2211125698501,0,107.302105607658,79.4118270874023,85.1406731536423,24.9562556943925,27.455552641293,46.6554973415932,14.8910748259241,77.960610071818,23.1855752950078,0,60.9642638485841,87.2523498535156,7.03099755504009,22.9568712880464,99.422550201416,141.12181854248,0,133.53515625,77.8295843657724,108.442947387695,85.7197460598416,117.542163848877,66.8471676846768,0,148.084763844808,117.606629943848,75.1520216740095,13.8482107645963,23.2564681625366,0,17.8042154420395,35.5944053033554,38.0743636987977,0,157.043060302734,0,105.611183166504,0,0,0,137.571528116862,185.946449279785,107.799426269531,0,0,197.686813354492,0,0,0,150.171127319336,0,0,0,0,0,0,188.348693847656,125.963967459542,0,0,0,150.991655137804,160.522399902344,125.710088094076,0,0,142.746383666992,150.577570597331
39.1539428645167,93.8852310180664,125.847862243652,41.6086453524503,86.0005603366428,12.4501702098489,14.7599116708714,64.1184561252594,24.319864043146,17.3369821076458,54.3181655190208,0,12.2847824719881,0,22.9568712880464,8.07667499822081,90.1035766601562,0,0,0,64.6096464792887,0,56.1526821681431,113.428977966309,47.3608401397179,0,0,126.091156005859,80.1984286308289,23.1771631204212,96.9947668711344,0,42.5027550396166,25.3463069646045,21.5382469495138,0,0,0,42.5678958892822,0,0,0,0,0,47.0571765899658,242.215469360352,0,0,0,0,0,0,0,0,0,0,113.294692993164,0,0,144.993255615234,0,0,0,117.475532531738,160.802276611328,0,0,0,0,126.722541809082
85.9286702473958,71.0943534735477,75.2846052593655,45.3131704993595,0,0,91.6975402832031,72.5364356850678,106.244010925293,35.8638044238091,95.2189292907715,136.397720336914,189.25569152832,0,99.422550201416,90.1035766601562,11.6091801905737,99.7847872874776,0,123.99373626709,0,13.194735819905,30.2042836852835,13.3879647461857,24.9297133613056,0,113.471602263274,25.4101446708998,24.905901056465,67.3209427142965,40.5213188770028,0,148.647369384766,44.0571857673534,57.7771205508381,0,0,88.0170288085938,67.4390163421631,0,0,0,119.098802839007,130.26342010498,76.8000183105469,141.52420425415,170.167144775391,0,181.875213623047,149.206901550293,0,101.994902837844,130.828214645386,0,154.530548095703,0,99.3922602335612,57.4966472625732,98.1191216030636,75.8991383945241,0,159.810087415907,103.044328376428,109.128234863281,150.913630167643,102.286988576253,0,0,134.852142333984,123.693738937378
118.94424309788,49.4439539706248,23.1639868204762,53.796306582229,155.063682556152,0,175.906681060791,119.827288521661,146.318636322021,127.903114318848,155.858375549316,52.937249892027,0,0,141.12181854248,0,99.7847872874776,10.9496383896998,60.695623019385,20.1723991647164,158.594985961914,55.7320146400835,83.2673708971809,19.8296493647991,112.892650604248,66.6471160166972,16.8391078556058,54.9260132870646,101.522165457408,115.187183160891,84.3289860217892,102.000595092773,0,96.3391070895725,32.8485371802342,154.035507202148,114.512157917023,107.190017700195,80.6221828460693,0,0,0,166.024556477865,0,139.962341308594,0,108.367280687605,0,106.656407674154,0,0,142.567916870117,107.989381269975,125.917356945219,116.731253533614,0,159.420282999674,118.412376403809,134.04990234375,169.275943756104,128.222465515137,106.032310366631,107.383343030048,145.10767364502,0,158.708170572917,129.237770080566,0,0,117.961668904622
0,90.1765394210815,94.0743293762207,109.365196228027,0,0,0,0,0,0,0,14.6316154369985,0,62.5535739262899,0,0,0,60.695623019385,7.14932046053777,14.2272096126043,0,120.064008076986,0,107.294911278619,197.843566894531,44.3323443245753,20.4351024990062,62.765020082708,172.802185058594,165.954696655273,126.955960273743,53.2825191425827,0,0,51.0932676119883,0,0,0,157.959625244141,0,0,0,0,0,0,0,90.9378141558341,0,89.1710926036739,0,0,0,0,108.105510827267,119.16053717477,0,0,0,0,0,101.405669076102,103.434309439226,120.223390467027,0,0,0,103.601896041479,0,0,121.137321472168
133.759526388986,56.5996532243552,67.2095391176601,58.875259791335,145.430755615234,0,135.611785888672,127.91570854187,0,0,155.349807739258,25.0090880419473,0,70.4524843042547,133.53515625,0,123.99373626709,20.1723991647164,14.2272096126043,12.4283487703129,0,90.9608936484801,104.206280708313,66.0179252767384,144.422570800781,49.4349221078361,17.9977641925927,62.5191797578088,126.754734311785,142.607172966003,107.527716811592,69.0862402482466,0,116.022735595703,46.7867095048849,0,127.002000596788,134.630701700846,75.8595399354634,0,0,0,175.620140075684,146.226638793945,0,0,94.5411725160552,0,91.6076850553529,0,0,191.870391845703,118.705761836125,108.065123991533,117.833290718697,0,0,194.62109375,138.11140314738,0,108.121297563825,104.42300993578,108.720132342252,0,0,185.931063842773,107.547248840332,0,0,111.419279098511
57.3121331939124,0,136.570493062337,68.2055764198303,10.8600910312388,109.501721790859,35.6084072270163,48.3019266470495,47.6825391858798,40.7072057285528,16.7514626663085,0,14.220325728321,0,77.8295843657724,64.6096464792887,0,158.594985961914,0,0,10.4390424317642,0,90.4714317321777,102.508773803711,17.6568191764186,0,0,167.626874923706,28.6901914659527,63.8502834215077,67.5014958874933,0,118.758594830831,71.4511683729828,83.3531429502699,0,0,0,97.0057525634766,13.8318616513456,0,193.128829956055,153.329177856445,0,0,0,0,10.122385709235,0,0,0,0,0,0,0,0,0,127.690422058105,160.315658569336,150.621520996094,0,0,0,148.539657592773,183.03076171875,122.946510314941,0,0,0,0
68.2388528677133,82.5243275083345,47.5947017748008,47.0513105936498,0,0,0,55.1238409780687,115.919558207194,52.0589637756348,115.347615559896,102.970241031131,95.6818161010742,0,108.442947387695,0,13.194735819905,55.7320146400835,120.064008076986,90.9608936484801,0,8.47342061136768,37.0335301126491,16.1308618765226,14.7714861450024,0,92.1506338621441,55.9490035216172,19.6379971710252,39.6572986893032,16.483339986792,147.130325317383,0,10.9692827096905,42.9807131781755,122.532562255859,0,97.4235572814941,79.7128668891059,0,0,0,166.991027832031,135.110717773438,0,0,0,0,121.907341003418,159.416412353516,0,104.134212269503,136.260112762451,0,218.613560994466,0,97.6360578536987,61.154957219174,97.0088745920282,62.2296857833862,0,161.74337550572,124.5490137736,111.794412466196,0,100.092212677002,0,0,94.9461669921875,88.9083999633789
71.9068096385283,16.0901395875019,33.2110619805076,11.9518530609618,79.5558497111003,118.29761505127,83.8293453563343,73.7421898509181,87.8179671343635,20.0066319617236,99.9732371738979,93.3105341593425,65.3996120029026,90.3288319905599,85.7197460598416,56.1526821681431,30.2042836852835,83.2673708971809,0,104.206280708313,90.4714317321777,37.0335301126491,7.25330938373789,38.1327412196752,17.9320115596429,58.2576352632963,104.767130279541,26.9099445624111,43.9589006806177,52.8389442410089,38.7645177540565,0,0,40.9166332095502,41.2432845878601,80.2891616821289,187.240051269531,53.9305404027303,15.8217620063614,0,0,0,85.7287326388889,105.981651306152,56.3160077875311,0,0,0,78.3927154541016,117.574884033203,0,59.3871354365694,85.6620642344157,0,144.869247436523,0,70.4992214202881,8.36503705231275,56.1627864680014,75.7394897937775,147.753425598145,95.8756881713867,60.0439164297921,95.5515333414078,92.6958999633789,67.2730940500895,0,0,101.92014503479,61.8953720092773
76.7191716766357,48.6604622184456,14.6136937610268,46.0327161058466,124.730018615723,157.650665283203,118.027568817139,70.7834408206585,110.093844731649,62.5804129706489,100.467113148082,90.0421773848995,151.513488769531,0,117.542163848877,113.428977966309,13.3879647461857,19.8296493647991,107.294911278619,66.0179252767384,102.508773803711,16.1308618765226,38.1327412196752,10.090956500645,42.1775436989805,97.9402240571522,52.7899796222443,33.342674154491,42.766168878508,72.3236658783997,44.0063567654131,124.147457122803,0,78.8959938049316,40.2481069380007,128.484996795654,127.874462127686,89.1807963801365,73.8377451366848,0,0,0,127.089208602905,150.88433265686,155.936264038086,0,136.253324890137,0,154.439926147461,0,0,102.68667755127,111.580129332462,160.595097859701,142.243710835775,151.578674316406,109.516789888081,59.6839036652536,96.001756653013,92.1577789306641,133.533527374268,129.275044849941,95.6618047205607,131.094876970564,152.357780456543,112.151143000676,0,0,0,99.2426333618164
57.7536598055798,84.6066974493174,95.4801567586263,35.4062862707742,17.8732936940023,106.315565410413,48.1070211605763,42.3182176571395,56.1693387336552,17.7131523196167,36.5560178503429,154.49976348877,17.8657347506929,0,66.8471676846768,47.3608401397179,24.9297133613056,112.892650604248,197.843566894531,144.422570800781,17.6568191764186,14.7714861450024,17.9320115596429,42.1775436989805,9.2930996935696,0,131.539370059967,71.1802663260789,15.9408049851063,54.0675204800286,47.4588043746584,0,101.655411190457,49.5486286878586,53.3867739245423,108.008145014445,130.544237409319,124.878170013428,52.1226803722277,33.9018737001622,152.147567749023,130.267987100702,105.635300045922,127.807191712516,62.0520192875582,124.73870976766,192.369766235352,111.103952407837,0,132.071764588356,97.1971664428711,96.3690815975792,152.953910827637,0,185.931559244792,139.201696607802,101.035941180061,87.3708373705546,125.642266666188,65.8590688745763,141.37705485026,181.304920196533,135.55015335083,100.561160953228,127.820511082241,102.663182645231,0,163.830070495605,107.381265339098,112.886329913961
0,12.2709032304951,78.3334588443532,70.6230640411377,0,0,0,0,0,80.2909458705357,0,36.4210051645777,0,19.1277562256479,0,0,0,66.6471160166972,44.3323443245753,49.4349221078361,0,0,58.2576352632963,97.9402240571522,0,6.3652219519333,32.2768247982846,23.1311066887337,128.303375244141,89.5638389587402,124.452863693237,34.1952417456338,0,0,56.45323081478,0,135.01166788737,113.989852905273,41.5511555671692,0,0,0,127.363090515137,0,0,0,63.3284648057353,0,58.3524757279063,0,0,0,94.5468109130859,69.9917843778369,72.2446695014612,0,0,137.796951293945,186.345581054688,0,34.8529497704855,59.991536015556,62.0930736083204,0,0,153.705192565918,74.1375940295233,0,0,86.1694403428298
119.287384249129,37.2625090622638,20.0715459723605,40.1132629485875,156.58854675293,121.991237640381,159.670181274414,120.205925434559,151.468940226237,107.459251403809,156.975986480713,29.8146551165127,0,27.5850667688247,148.084763844808,0,113.471602263274,16.8391078556058,20.4351024990062,17.9977641925927,0,92.1506338621441,104.767130279541,52.7899796222443,131.539370059967,32.2768247982846,9.18360293368436,22.155753472131,106.909366813866,121.239362856237,99.3437242352725,16.8381888029139,0,101.274209976196,53.6508666479261,194.459838867188,110.892369588216,107.625583814538,56.7519013018062,0,0,0,179.443377176921,158.287841796875,174.685974121094,0,81.8640927519012,0,80.5377073091449,180.183288574219,0,137.417057037354,99.6432041227818,96.2348405151367,96.9724353690612,0,141.236982557509,146.493633694119,125.009520579193,0,92.2823418045044,87.3275711457558,92.4257144178186,181.496562957764,99.9858932495117,157.567357709331,94.3195495370718,102.22673034668,0,104.807809745564
106.64892634639,29.6825386177298,30.1657954921757,34.9890308353992,151.525535583496,0,150.144516468048,98.1596180194685,129.754430498396,82.8280537128448,108.997255597796,61.2679456730479,108.402296447754,24.5048483411328,117.606629943848,126.091156005859,25.4101446708998,54.9260132870646,62.765020082708,62.5191797578088,167.626874923706,55.9490035216172,26.9099445624111,33.342674154491,71.1802663260789,23.1311066887337,22.155753472131,11.0077373691603,66.6677605952122,112.396199303704,97.0693441854941,9.27163150915738,151.646194458008,90.9942824954078,54.2159323196336,159.222194126674,114.053936145924,79.0662145805359,59.2916889311011,0,0,205.378509521484,168.518337922938,201.920684814453,115.710614013672,0,88.2454080534219,0,87.158377503,168.691667829241,0,107.740297190348,98.4128533796831,100.059660994613,101.388470178511,0,124.307449927697,108.103756614353,98.5859048374164,136.101872196904,91.8595961111563,91.7764988534565,93.5250459497625,150.375074174669,0,144.603728423247,99.6609266599019,126.216400146484,0,106.360759017491
47.7570771095448,96.4249087969462,69.3423017740642,46.4646112843108,13.1490067873906,119.63049030304,64.1373445018056,25.7555673430263,71.6471695716825,44.3562887394228,14.6946334026756,138.350975036621,42.2837982000581,164.483551025391,75.1520216740095,80.1984286308289,24.905901056465,101.522165457408,172.802185058594,126.754734311785,28.6901914659527,19.6379971710252,43.9589006806177,42.766168878508,15.9408049851063,128.303375244141,106.909366813866,66.6677605952122,10.6039531122289,52.6636526426238,26.5163228071409,139.962265014648,119.679437525132,50.2483156802049,55.0516612717744,115.352318740473,154.716979980469,152.760014533997,68.2466006211831,17.2111134385386,151.580741882324,147.435605932165,118.508423961293,144.034859112331,80.4114463064406,141.533405650746,215.162162780762,79.0857753753662,0,137.36329284668,149.354398727417,92.8103805541992,157.219230651855,225.404037475586,162.639770507812,0,102.306929215141,92.7083024978638,122.363142533736,44.8495871887125,152.430999755859,193.853736877441,142.311137676239,109.122362504439,131.766768368808,106.441329855668,0,0,111.33987121582,118.138680521647
13.0284041296475,106.84227625529,90.6850128173828,56.897282906941,67.8289740619636,20.3895677650088,32.3549170672599,31.3570015568132,29.6647661906351,54.6604200876676,66.243653130719,43.8352099524604,70.9094378068825,76.5186958312988,13.8482107645963,23.1771631204212,67.3209427142965,115.187183160891,165.954696655273,142.607172966003,63.8502834215077,39.6572986893032,52.8389442410089,72.3236658783997,54.0675204800286,89.5638389587402,121.239362856237,112.396199303704,52.6636526426238,8.25982624767469,19.0116229904892,0,14.8826371007381,14.3926195152275,26.480251802181,113.743056447882,0,140.968627929688,65.302822861017,76.2195353190104,144.719528198242,150.223852430071,118.009009148093,144.984054395888,90.7271420851998,145.677711486816,212.468368530273,0,0,137.609777396066,131.883172988892,88.0883009168837,183.165420532227,0,0,138.737152099609,99.0778077443441,126.062229156494,133.738395055135,104.100559552511,0,178.765930175781,131.572082519531,112.208542637093,137.0404328056,107.300716218494,0,171.930068969727,114.056655036079,120.784152147247
26.1717252423263,93.2896510532924,58.6256789459902,43.8918601333118,62.5583057403564,118.819225311279,79.311517384847,14.8769580613348,72.1010472670845,45.9465461256401,57.7996587566301,104.797486916567,73.0473419012025,0,23.2564681625366,96.9947668711344,40.5213188770028,84.3289860217892,126.955960273743,107.527716811592,67.5014958874933,16.483339986792,38.7645177540565,44.0063567654131,47.4588043746584,124.452863693237,99.3437242352725,97.0693441854941,26.5163228071409,19.0116229904892,10.3393916467527,150.900024414062,124.623020172119,15.0263965419023,41.0670352026459,116.007278442383,0,128.659800211589,60.5159181976318,0,0,135.334689331055,107.929925762239,133.937656784058,86.4441819763184,131.703796386719,163.829818725586,0,169.54167175293,141.982500893729,0,91.2622166509214,178.759944915771,0,182.110366821289,0,95.5182422291149,94.3370383767521,108.049925179317,94.7649478577731,176.616744995117,173.282181803385,147.721887497675,105.555631559189,119.754642486572,101.574720128377,207.774307250977,149.98356628418,106.158441023393,108.924932425363
0,74.9483192443848,0,103.093849182129,0,0,0,0,0,0,0,47.4001121201746,0,12.1426028333422,0,0,0,102.000595092773,53.2825191425827,69.0862402482466,0,147.130325317383,0,124.147457122803,0,34.1952417456338,16.8381888029139,9.27163150915738,139.962265014648,0,150.900024414062,4.38040298138259,0,0,73.7028292379072,0,0,0,0,0,0,0,0,0,0,0,86.3769854307175,0,85.2366298360562,0,0,0,0,103.635613577706,117.510059356689,0,0,148.765960693359,0,0,67.4734387397766,99.9866371154785,120.361384743138,0,0,188.012306213379,103.008534851074,0,0,101.721027374268
77.4795986561293,0,148.785171508789,0,133.758760724749,12.5289452252926,12.995745818189,113.497593773736,18.3283182813536,114.218662261963,106.116826375326,53.0551986694336,111.924552493625,0,17.8042154420395,42.5027550396166,148.647369384766,0,0,0,118.758594830831,0,0,0,101.655411190457,0,0,151.646194458008,119.679437525132,14.8826371007381,124.623020172119,0,5.82865257406939,67.6461981068487,42.5299414694309,0,0,0,0,0,0,0,183.204620361328,0,154.368637084961,0,0,0,0,211.991806030273,0,0,0,0,0,0,0,0,0,169.803146362305,0,0,0,0,0,0,0,0,0,0
43.3586743782307,0,91.7981977462769,43.6655348215672,63.6610931695676,61.3879482269287,41.9441192161309,51.6860195258995,41.3005991081053,44.9539358329773,65.6472842117836,0,62.6519725404937,0,35.5944053033554,25.3463069646045,44.0571857673534,96.3391070895725,0,116.022735595703,71.4511683729828,10.9692827096905,40.9166332095502,78.8959938049316,49.5486286878586,0,101.274209976196,90.9942824954078,50.2483156802049,14.3926195152275,15.0263965419023,0,67.6461981068487,7.15832731202932,12.0513896573418,115.848286220006,0,105.590713500977,58.1834829711914,85.2323608398438,0,146.162612915039,113.385561856357,135.407852866433,89.3822528294155,134.316041946411,190.03759765625,151.695739746094,0,130.444004058838,0,88.6029756334093,105.583183288574,0,0,0,94.6321463951698,93.7816821507045,107.272897720337,95.744323079179,0,0,118.105823516846,101.909248910299,125.853103637695,110.219223385765,0,160.299514770508,108.123954772949,110.178408171001
73.0746063004192,50.7394004677827,40.6482197406024,48.3021561063056,79.9934016418457,30.4173703193665,33.3674959530265,61.0515677938202,41.0794285496828,48.6082003211975,79.0765799137584,32.8878154937342,71.0964938748267,45.4330926527296,38.0743636987977,21.5382469495138,57.7771205508381,32.8485371802342,51.0932676119883,46.7867095048849,83.3531429502699,42.9807131781755,41.2432845878601,40.2481069380007,53.3867739245423,56.45323081478,53.6508666479261,54.2159323196336,55.0516612717744,26.480251802181,41.0670352026459,73.7028292379072,42.5299414694309,12.0513896573418,13.5895426272216,129.999933416193,103.108104705811,96.6830766097359,65.4703125953674,0,0,178.318298339844,118.824746268136,154.557490539551,85.1558769543966,121.90763092041,107.881446838379,0,104.696279453326,148.964233398438,157.578071594238,95.9763861762153,111.138941129049,124.70938650767,127.106452409611,143.933544158936,107.910052490234,80.6372131347656,100.953120249622,102.023596585452,107.04082552592,115.546788131982,112.119640774197,113.082506418228,136.038628472222,114.990615844727,119.448783874512,0,110.774551391602,117.917769984195
129.165220133464,0,140.635604858398,93.0147921244303,0,0,142.455272674561,134.278630574544,153.28727722168,83.2431221008301,144.600814819336,208.896438598633,115.276153564453,0,0,0,0,154.035507202148,0,0,0,122.532562255859,80.2891616821289,128.484996795654,108.008145014445,0,194.459838867188,159.222194126674,115.352318740473,113.743056447882,116.007278442383,0,0,115.848286220006,129.999933416193,7.53707166258313,120.752415974935,87.7100879369157,64.3416124411992,72.9536380767822,57.5734275817871,34.5185327545949,22.5201279710329,22.3895747821774,60.9634137056312,25.5015614193322,126.477256774902,57.2755682203505,152.409679412842,9.74201753767681,27.4580711264359,67.1185186767578,92.665945110899,135.576782226562,123.539600810067,54.295224900973,75.3532574036542,60.1533386754055,89.3555764962506,58.8723035763749,0,106.323082862209,118.64479131284,61.7132187411316,8.7264562087887,13.8248886469728,148.003623962402,67.2671174501118,20.517301119967,45.8800799867381
0,20.474400639534,92.8479471206665,80.998366355896,0,0,0,0,0,101.447105407715,0,123.286771138509,0,0,157.043060302734,0,0,114.512157917023,0,127.002000596788,0,0,187.240051269531,127.874462127686,130.544237409319,135.01166788737,110.892369588216,114.053936145924,154.716979980469,0,0,0,0,0,103.108104705811,120.752415974935,7.33240041277773,38.5496093192987,17.9059901579843,110.090461730957,0,151.075912475586,117.094886573585,149.100234985352,70.4410515654859,149.580820719401,80.3160494427348,96.8812713623047,61.1435208717982,128.466651068793,0,79.4682717018939,51.9002461070161,86.4535893171261,59.7301256960423,0,88.7564311027527,18.0181345875888,68.652327205113,93.08378745185,13.8400124249999,43.3873177574561,32.4131301881184,117.449736022949,131.494789123535,108.671616249896,73.9223766326904,0,194.877777099609,56.6519393021206
0,52.7767962621263,83.2191736582163,48.4661539589486,0,0,0,151.314949035645,0,151.101528167725,0,0,0,0,0,0,88.0170288085938,107.190017700195,0,134.630701700846,0,97.4235572814941,53.9305404027303,89.1807963801365,124.878170013428,113.989852905273,107.625583814538,79.0662145805359,152.760014533997,140.968627929688,128.659800211589,0,0,105.590713500977,96.6830766097359,87.7100879369157,38.5496093192987,11.850637967801,33.5417500898445,142.383224487305,0,127.378580093384,72.0118117317165,118.030284837745,95.3537911309136,109.337526682261,80.1148908514726,119.189814249674,95.2791404724121,115.999795830768,138.826057434082,68.8510321617127,26.6198934761843,88.5929928483634,66.014626294717,135.126411437988,43.093759670964,50.2686452865601,14.9478492161074,103.178491864886,72.8025379180908,17.240365279389,20.7873813030564,57.09473960447,105.097913327424,61.5257089441473,0,148.44104385376,99.7990767535041,51.9852290267579
84.9727153778076,22.4652960916583,78.7088639632515,14.7630860843842,120.584415435791,0,84.3037439982096,67.4939092000325,94.2952245076497,31.3721526238226,0,130.37809753418,59.9361633300781,136.659818013509,105.611183166504,42.5678958892822,67.4390163421631,80.6221828460693,157.959625244141,75.8595399354634,97.0057525634766,79.7128668891059,15.8217620063614,73.8377451366848,52.1226803722277,41.5511555671692,56.7519013018062,59.2916889311011,68.2466006211831,65.302822861017,60.5159181976318,0,0,58.1834829711914,65.4703125953674,64.3416124411992,17.9059901579843,33.5417500898445,21.15546496546,71.3658924102783,107.709859848022,93.5486457824707,73.6019030258609,86.3781361987243,10.9170180470796,87.5739289522171,84.8013002469942,46.8090845108032,83.837910924639,81.9898668635975,48.8648463657924,49.6905464584763,49.3450828217951,87.0893241480777,57.9605604434836,90.2893565495809,52.7989994238944,23.9642041391445,50.1388601652578,34.227946313494,52.7153326162072,43.8547857505151,37.2907681904524,52.3698310702203,73.7056700388591,62.0346864763563,84.3475347246442,124.449792861938,60.1452484997836,56.4934044036621
69.5050750732422,0,0,0,9.82662661040927,126.880012512207,57.8147513071696,0,100.246929168701,67.1465911865234,11.1991608187395,0,34.931689144729,0,0,0,0,0,0,0,13.8318616513456,0,0,0,33.9018737001622,0,0,0,17.2111134385386,76.2195353190104,0,0,0,85.2323608398438,0,72.9536380767822,110.090461730957,142.383224487305,71.3658924102783,8.51455938056989,141.131549835205,45.3618099044191,47.4057885650155,79.7088849809435,29.1945776492357,16.2775895829368,0,14.8835315824419,0,93.6044728088379,71.6037190755208,98.1761512756348,0,0,174.738510131836,10.9726038666479,92.8319625854492,107.866264343262,110.945656670464,15.3587103700444,0,170.033920288086,121.176456451416,14.1832610368804,84.2587074279785,74.9710570744106,0,118.161888122559,77.9803354184921,77.5289571285248
0,0,0,87.5109786987305,0,0,0,159.377243041992,0,0,0,0,0,0,0,0,0,0,0,0,0,0,0,0,152.147567749023,0,0,0,151.580741882324,144.719528198242,0,0,0,0,0,57.5734275817871,0,0,107.709859848022,141.131549835205,7.75052489660799,9.68976824457904,106.799683761597,18.0872153748964,73.3547439575195,92.1131776662973,70.2296993255615,124.814414978027,0,28.4273784479079,12.4423290047901,94.2942352294922,188.384078979492,0,0,94.9567604064941,104.15357208252,98.6763044084821,110.894451904297,109.137198814979,0,0,171.167831420898,117.065644208123,19.9403943870457,89.8562647501628,0,12.5457449123638,56.048526763916,36.0319140074683
158.139989217122,0,174.736038208008,91.2252235412598,56.0697195529938,0,0,146.676490783691,0,108.586845670428,0,0,44.258394241333,0,0,0,0,0,0,0,193.128829956055,0,0,0,130.267987100702,0,0,205.378509521484,147.435605932165,150.223852430071,135.334689331055,0,0,146.162612915039,178.318298339844,34.5185327545949,151.075912475586,127.378580093384,93.5486457824707,45.3618099044191,9.68976824457904,9.14167658459457,51.9543226705014,16.2080510918892,54.8199587515843,18.4990255246152,91.2416579577388,18.9604275833141,87.590690612793,34.8445765188034,15.737859485278,104.414306640625,144.319312413534,117.356994628906,158.212177821568,27.2111692250038,97.8398323059082,96.8905429396518,107.785295401047,44.495568521228,124.409717559814,148.462922457991,130.867110050086,58.7989128205503,48.105397435609,77.9404885428292,105.428894042969,13.853011820865,76.4622811108101,63.3796365179853
133.763599395752,138.675409105089,152.702878316243,79.839780053427,99.6027445793152,0,144.508071899414,127.174288823054,132.86263885498,87.4156737405746,162.183502197266,196.834274291992,67.2437973022461,211.768127441406,137.571528116862,0,119.098802839007,166.024556477865,0,175.620140075684,153.329177856445,166.991027832031,85.7287326388889,127.089208602905,105.635300045922,127.363090515137,179.443377176921,168.518337922938,118.508423961293,118.009009148093,107.929925762239,0,183.204620361328,113.385561856357,118.824746268136,22.5201279710329,117.094886573585,72.0118117317165,73.6019030258609,47.4057885650155,106.799683761597,51.9543226705014,9.57508164539582,52.8728224968075,58.9791570222082,15.3380817263654,137.271806178949,39.7306919556713,168.504821777344,24.5226011742782,68.0223206720854,61.3432425737381,83.953398892111,135.514971265606,117.074481525937,57.0539038061551,47.0929023916232,58.2837795510676,63.9256412799904,42.2148640620051,145.37366994222,101.055939800655,100.650325578118,22.055695125241,30.7111396834951,16.85834614649,144.727149963379,118.148029751248,52.2299743622242,61.9216912579551
149.528951772054,191.475036621094,191.953735351562,93.2892252604167,160.617065429688,0,0,159.509136199951,161.373555501302,106.53566576087,0,0,110.630741119385,112.124328613281,185.946449279785,0,130.26342010498,0,0,146.226638793945,0,135.110717773438,105.981651306152,150.88433265686,127.807191712516,0,158.287841796875,201.920684814453,144.034859112331,144.984054395888,133.937656784058,0,0,135.407852866433,154.557490539551,22.3895747821774,149.100234985352,118.030284837745,86.3781361987243,79.7088849809435,18.0872153748964,16.2080510918892,52.8728224968075,10.2107955852016,79.3755214794262,21.8413413053654,84.0418897516587,48.4995668555508,97.0772767908433,15.8707932461993,24.7927451365653,89.17523058723,130.608585806454,129.867137145996,125.904341430664,62.0990761724012,99.0390555641868,89.3953845375463,103.761580954981,73.0609130598859,139.696233113607,134.522319228561,135.435983975728,82.917925919602,28.0104354370862,72.0477549731731,98.8428401947021,16.8281380954762,67.2362934517461,47.1532877651866
92.4643781835383,103.801689147949,129.731906890869,33.090151002672,53.3535957336426,0,119.691024780273,97.3601831708636,122.923512050084,39.0574726018939,114.90926361084,0,0,154.858474731445,107.799426269531,47.0571765899658,76.8000183105469,139.962341308594,0,0,0,0,56.3160077875311,155.936264038086,62.0520192875582,0,174.685974121094,115.710614013672,80.4114463064406,90.7271420851998,86.4441819763184,0,154.368637084961,89.3822528294155,85.1558769543966,60.9634137056312,70.4410515654859,95.3537911309136,10.9170180470796,29.1945776492357,73.3547439575195,54.8199587515843,58.9791570222082,79.3755214794262,8.80182475942075,52.8007679953091,142.047058105469,11.8417485353121,126.504700796945,84.9894782109047,14.3793806478396,27.5891561129042,106.733773912702,0,129.3455013699,39.3924169907203,78.6994277954102,24.2794572579416,65.4209739685059,18.3834115598264,95.2324636068689,114.327072143555,88.8945484899705,52.044341096482,80.1159125880191,51.8529846798721,0,123.614635467529,58.9927785055978,59.2711332772524
