10.9005667828707,122.186374317516,106.117100444153,91.9815721511841,92.9061582464921,91.2584045410156,72.7484608358041,28.9976728954331,51.3388892401446,83.3817149223165,49.1146768343733,123.424244709823,81.9983598232269,159.283253261021,19.2485579488754,67.3323868645562,166.740692138672,96.9954976296987,132.872585161358,110.654240905002,81.5936773199784,77.146549367459,105.159256405301,87.5803354494131,90.5079983504361,124.232551574707,119.889690241114,130.78617909233,78.6881790249641,16.9781929656602,29.5685620694275,133.564445495605,87.9068254169665,57.0763968668486,80.8930351500418,135.003326416016,0,167.885746202971,103.423678588867,136.271514892578,0,197.515701293945,143.747404310438,169.189437866211,83.0914497375488,155.274032592773,214.557418823242,0,0,156.901020050049,0,0,176.696066049429,211.445358276367,172.365777587891,0,159.592525482178,92.1024291992187,171.689074707031,122.104856577787,0,184.694755955746,171.719673354904,134.138989766439,158.164550332462,125.467863464355,235.135284423828,0,141.001856486003,188.422260284424
122.186374317516,6.11264237266803,43.1184122747708,39.4550321102142,75.5309143066406,0,142.561813354492,120.466992995318,146.633805411203,74.0567043766831,120.13697052002,66.5341621896495,86.7755508422852,54.0627451885359,130.974161484662,102.029186248779,48.6971974054972,54.3174231368113,72.7810613458807,57.8683254605248,0,80.9414043426514,29.8454408370786,59.8278382689088,79.1510998014848,31.1897225142757,47.3896532716422,27.6741267442703,119.049226379395,124.834911180579,104.763741149902,62.514506271205,0,118.863637924194,58.9121846108541,0,74.7049038410187,80.7532348632812,19.5940027236938,0,0,0,0,0,0,0,111.941644287109,0,109.667686462402,0,0,153.718795776367,88.5285148620605,104.643402099609,115.635007858276,0,127.205253601074,86.8169174194336,105.21554517746,164.988021850586,0,104.33608011099,91.9963685927852,162.417526245117,212.008087158203,0,136.018613179525,0,0,142.412612915039
106.117100444153,43.1184122747708,12.3352779041147,57.2085153205054,142.46004486084,165.855819702148,124.941489658108,91.3912338231277,117.484608689761,119.493754993786,107.439438125567,93.3797459689054,131.465645661225,103.215763092041,118.571651927479,123.160057067871,97.7144429133489,39.251152429133,91.1617829954469,71.7758718801531,174.805171966553,65.4796957305974,51.7397833643733,32.7791677358164,114.374257593979,87.1106262207031,32.9473382132751,28.5205950659462,74.2256738448662,132.115407542749,89.853682871615,95.0266371917725,187.822398792614,107.308540821075,61.1177861628861,179.053581237793,107.748462677002,92.5820900753206,63.7599432203505,192.143692016602,0,202.555179595947,166.359836760021,182.946651882595,0,199.904052734375,154.409323952415,0,152.623844146729,172.480879260648,189.893539428711,120.689625155541,114.87627475754,146.873039245605,131.221707344055,0,126.017520611103,78.9367495391328,106.671521041985,152.717310961555,0,115.210313572603,90.7616576622623,146.588994529031,174.102525811446,152.121131352016,158.821212768555,0,140.293655395508,115.734226771763
91.9815721511841,39.4550321102142,57.2085153205054,14.5742128814799,40.8938065353705,127.182197570801,89.658496538798,59.4200187468797,83.1781919758494,28.1281877117303,104.151807361179,79.1150473771592,105.485865184239,58.2927787411236,88.0284822359952,65.735270690918,33.174034753625,71.0079692249567,83.7397063711415,75.946724553262,86.4500112533569,53.56220266437,24.2460300529344,53.1815112179757,38.098436104189,29.3606562705008,64.0960923388899,36.596732578612,55.4073554666146,79.8024491217569,54.6001323117446,63.2082064492362,123.380572727748,59.7583980705902,70.57072724869,98.4868844839243,40.5873067378998,85.4784451439267,30.3432428629502,108.472217014858,0,123.292328834534,92.6787699089676,142.211943886497,37.2577687968379,126.248312632243,102.726405403831,118.622137069702,73.9572900470934,118.89900525411,99.5367488861084,58.1825989943284,98.4985602985729,66.8212127685547,69.1287007485667,78.2817783355713,78.85154393514,32.1974333822727,78.7349764506022,75.3383290780023,25.5500315938677,74.0596671726393,71.367121293455,93.5287725609469,108.243660387786,76.5693934353915,133.929461161296,0,79.211164855957,105.370206832886
92.9061582464921,75.5309143066406,142.46004486084,40.8938065353705,6.93290263535592,96.9251518249512,57.8801253600554,49.2368541638056,83.971506357193,39.8530679316748,18.4871157910546,147.532121930804,13.9295633832977,185.736053466797,102.111497208879,48.8273713813638,78.5600776672363,160.00922648112,182.125900268555,151.953903198242,10.6853632852096,0,65.7730414446662,158.77890586853,14.6482766889224,154.926742553711,159.146137782506,121.485125223796,11.6432374484934,100.831223330052,98.9883397420247,176.698783874512,129.180881500244,77.4289919535319,92.8457421093452,162.240180969238,0,0,103.671762738909,16.2524691857058,0,135.172280629476,120.992464701335,145.720648956299,72.9267768859863,131.225924007228,0,100.738090627334,0,158.935298283895,107.847520446777,0,199.55867767334,0,0,58.7756863664698,133.479156494141,136.803726196289,0,94.0496427211524,0,0,187.886411394392,120.354454568716,152.406550089518,145.460716247559,0,229.663970947266,136.742660522461,127.494033813477
91.2584045410156,0,165.855819702148,127.182197570801,96.9251518249512,7.81775316782076,13.5191976798464,113.699142286513,25.1990433666527,51.3835233052572,104.257416110569,64.4485239549117,64.0911662028386,93.1545143127441,24.9947047901154,15.6055080818075,0,170.311175876194,0,0,123.893384933472,173.393844604492,0,160.350229535784,91.4834657751996,167.990234375,147.996307373047,178.415963309152,114.095303853353,24.9645484229115,114.465184020996,91.2757568359375,9.9432978889996,168.793640136719,40.0813715798514,0,0,0,0,0,0,185.629013061523,169.466567993164,210.805152893066,0,0,0,0,0,0,0,0,0,0,0,0,0,0,0,183.576351928711,0,0,0,164.878646850586,239.406951904297,0,0,0,0,0
72.7484608358041,142.561813354492,124.941489658108,89.658496538798,57.8801253600554,13.5191976798464,10.3015852686792,55.2824332408228,25.0746790834898,79.5192004494045,22.9469384056729,104.974954388358,26.3711302926314,111.865120758881,45.2166929362461,12.5239620624368,117.988445281982,138.764087424791,159.609993546097,158.007123947144,36.2113148764914,125.495633577046,135.671546936035,122.430030580348,82.4418609052601,127.47322845459,153.47720242724,152.073545123807,65.7820684027707,62.2309957084181,93.4374629460024,143.35014851888,24.0690829972426,102.525772257054,82.5874425214322,167.875076293945,0,190.927594502767,115.965137188251,147.162143707275,214.027160644531,159.717713356018,155.851651872907,171.533040929724,93.1441794501411,159.892911737615,166.963150024414,139.770034790039,194.438629150391,179.819779168992,166.188594818115,149.906188964844,212.706384277344,0,0,150.130907925692,192.360699462891,127.014111110142,200.441095987956,127.670933587211,0,203.981796264648,180.94484060782,148.078260930379,200.333192524157,152.409338887533,0,218.133361816406,150.672512817383,163.500083075629
28.9976728954331,120.466992995318,91.3912338231277,59.4200187468797,49.2368541638056,113.699142286513,55.2824332408228,8.95282514352715,47.4626967479233,54.6186440207741,17.7694993881087,145.515831506299,45.9461452847435,160.889885350278,49.2232103622775,79.0011332920619,101.308320760727,107.293914059123,154.552382068099,126.248764589608,64.0233416045453,63.3876595099325,77.9440533589509,77.9609820468538,58.5672627592348,159.395615713937,128.4460785116,118.505789182472,26.5680137412406,75.5176851994999,18.9488281655518,160.779260471889,124.451680173968,65.1114257334418,82.1596808194088,146.322077144276,201.422073364258,164.348114395142,83.667565877814,125.862453980879,169.264953613281,144.249629066104,121.175344656899,146.527727010976,83.3723990999419,139.424352728802,204.763949584961,151.066311136882,219.89045715332,154.288230192577,155.650951609892,125.035815811157,187.440845489502,201.619206746419,219.08246866862,134.015515203061,136.498460572341,111.973363946985,170.161469736407,105.798712098585,202.186981201172,203.034815861629,160.640783937185,121.570749425176,152.920184201972,132.089858919031,217.251396179199,192.679471333822,152.196185568105,156.763428856345
51.3388892401446,146.633805411203,117.484608689761,83.1781919758494,83.971506357193,25.1990433666527,25.0746790834898,47.4626967479233,11.1099442857364,92.6928371701922,24.9653796178914,91.2969757978261,37.5858866790857,99.1649680328369,16.6021921376387,27.7933520715059,158.227180480957,126.946208407274,145.722898899824,138.911821845437,77.4334221543937,110.722076416016,106.097129106522,108.253967167176,93.3785724984376,136.321186489529,142.096153565097,141.212739990773,76.0700420792272,45.7921042446954,73.7750783637718,128.320903778076,35.286617610126,92.0698829909502,69.0062479165884,170.896406907302,0,182.008236355252,103.212637681227,151.449768611363,216.086227416992,178.12943572998,144.926230787194,178.370366573334,96.407715884122,155.916631789435,226.749122619629,186.909779866536,134.182545979818,176.73625149197,146.850280761719,138.934018452962,208.356534685407,229.242279052734,177.394214630127,183.22602335612,155.072878360748,120.437155659993,192.385855538504,131.511646307432,222.069534301758,186.21528116862,185.53551464546,142.420988496649,182.875768521937,159.414047934792,156.041595458984,0,160.762788772583,172.151791042752
83.3817149223165,74.0567043766831,119.493754993786,28.1281877117303,39.8530679316748,51.3835233052572,79.5192004494045,54.6186440207741,92.6928371701922,6.34685898820449,84.3651061899522,139.643171600948,20.178333857185,128.804526321259,102.877155184122,17.3964804047569,87.0292368570964,128.439260852871,147.182450737752,136.711945350017,34.1654931282511,102.379038129534,23.612685297433,117.973261871338,23.0328636366829,112.726745867198,130.898056953716,110.110967770069,52.3013094870286,90.9276584386826,58.5550815856535,139.094365008466,135.257550048828,60.0667902098762,116.34113234216,174.052410125732,0,166.769809299045,54.7715495716442,96.6158099365234,0,131.392954508464,104.269329929352,119.335504150391,34.520394859314,104.215523922082,189.641069200304,98.9359509944916,189.072644042969,114.655668470595,56.4080352783203,0,184.1107421875,206.021255493164,211.68546295166,84.6314354851132,197.559547424316,76.3644351959229,175.528369903564,66.4805877528973,154.020446777344,170.038690112886,167.630945620329,103.574944512319,123.330564913542,127.167412757874,171.984573364258,0,80.7597160339355,108.421078491211
49.1146768343733,120.13697052002,107.439438125567,104.151807361179,18.4871157910546,104.257416110569,22.9469384056729,17.7694993881087,24.9653796178914,84.3651061899522,10.1852917567669,147.684432232966,20.6063574500767,172.677903827868,48.4453493229014,70.7163230598747,126.994239807129,118.933745865595,167.910160205982,143.112992196713,20.2533507465351,88.2952215021307,130.045716493026,90.224806208247,59.2704761935975,158.169337681362,148.654324977356,151.924132593667,23.2886476799466,97.4271035292461,57.1337552963634,177.816303341888,119.812108533136,91.413188651756,91.7960122416615,173.742230733236,0,184.822764078776,135.332619857788,85.422661414999,233.082122802734,150.383579395435,155.349440789992,164.275358346792,87.3705293755782,144.388050298581,203.807098388672,148.038731509692,239.247055053711,185.674441250888,128.179936000279,173.928848266602,210.575439453125,194.435836791992,225.02549235026,133.274227595829,164.585426330566,129.919951302665,171.06431388855,108.634515086602,0,218.537767298081,192.36009894477,145.981192917852,175.327281951904,181.157658576965,0,0,0,163.291421890259
123.424244709823,66.5341621896495,93.3797459689054,79.1150473771592,147.532121930804,64.4485239549117,104.974954388358,145.515831506299,91.2969757978261,139.643171600948,147.684432232966,11.619246324747,152.574251236454,30.0603590222121,86.6712816565287,156.146741594587,120.133970407339,60.0705005675323,18.8331428249814,24.5237738562357,148.836715853944,107.79931974411,108.447117150348,106.75290764242,151.375906678497,37.241835000579,28.8679016676896,67.3222569398238,145.568084435385,87.8890531554204,112.940777015686,39.7975387975588,67.6100642590759,104.288698832194,31.1114586825044,199.935108184814,105.137160668006,134.616066402859,87.5054963827133,213.914810180664,0,216.055168151855,204.777963453724,232.358139038086,163.986741807726,205.012100219727,75.2277275823778,220.873229980469,77.4011289285668,183.516500854492,204.456893920898,160.359959920247,127.828144890921,95.4850343592027,107.149242898692,0,184.051172892253,156.360969543457,164.471948623657,189.020336151123,86.1475984482538,93.1730851499942,97.0599819051808,202.37368331417,180.024239095052,190.140542984009,94.7988338565352,0,172.599090576172,126.184594392776
81.9983598232269,86.7755508422852,131.465645661225,105.485865184239,13.9295633832977,64.0911662028386,26.3711302926314,45.9461452847435,37.5858866790857,20.178333857185,20.6063574500767,152.574251236454,10.0739071200471,175.750675964355,97.1512062782745,12.3909345786806,155.739143371582,152.007058037652,168.270907084147,170.853391011556,13.1136833947549,131.586552937826,85.7866644425826,135.240130548892,28.6476551807431,129.861961364746,164.024463728362,158.455175584362,41.3743534029221,106.065250168785,128.192157109578,183.283370018005,110.98419068989,113.481858995226,99.5722871409903,0,0,0,135.47590637207,25.5776811847391,0,107.089989471436,148.380841255188,155.319241333008,81.3542799949646,132.371904432774,0,8.81978057978446,208.272944132487,182.316739400228,124.719477335612,0,0,227.441879272461,230.101440429688,16.0618318553248,147.755458831787,125.53825378418,0,113.993195442053,0,0,207.980769566127,150.829946569494,194.617652893066,152.793197631836,0,0,0,202.377296447754
159.283253261021,54.0627451885359,103.215763092041,58.2927787411236,185.736053466797,93.1545143127441,111.865120758881,160.889885350278,99.1649680328369,128.804526321259,172.677903827868,30.0603590222121,175.750675964355,8.61871753774074,101.229145137945,160.956560516357,134.428640365601,128.265705108643,61.3963959792565,83.353937966483,165.483352661133,155.783406575521,95.2192103430856,153.80025990804,132.669039013622,19.6860786842982,43.0468103469083,31.0247571516875,168.717986534382,95.8756908416748,154.232538076547,17.9312823420137,92.1933076041085,155.803409576416,70.2403073220883,178.569244384766,84.057984488351,0,60.5105664686723,228.007125854492,0,191.707534790039,210.56635538737,181.366485595703,163.073178972517,244.621948242188,71.8687005864169,243.734115600586,72.9772942871192,157.817125760592,202.415573120117,201.474914550781,128.552779819654,92.1047672472502,99.0843101615336,204.712544759115,0,149.27804704146,158.381703694661,189.707747395833,74.2481631687709,88.9104653833511,90.1020068293032,212.559909820557,195.469165039062,187.978912353516,92.1170424512152,170.275100708008,233.464721679688,117.682476196289
19.2485579488754,130.974161484662,118.571651927479,88.0284822359952,102.111497208879,24.9947047901154,45.2166929362461,49.2232103622775,16.6021921376387,102.877155184122,48.4453493229014,86.6712816565287,97.1512062782745,101.229145137945,11.7168722757962,49.2631293194635,173.516712535511,119.040135340186,120.729046650975,128.163111486617,99.9754683426985,99.9077832573339,125.752238035202,106.428790516061,104.500574363603,110.543173522949,129.496539908655,136.136328117724,90.3317405263678,30.7891082977106,61.6437399059199,113.106701764734,30.8955481097183,73.8139322568785,56.4278323663353,169.580221557617,168.986953735352,182.180918766902,118.294534995339,161.377582998837,175.338317871094,181.269324408637,152.138007944935,177.816288400204,111.562483394847,181.288498560588,169.372050476074,157.172688802083,165.141951243083,184.292726225011,176.102493286133,142.321534050836,200.605712890625,174.754326560281,178.679964828491,175.004745483398,149.737312610333,143.173252953423,193.314778945025,138.495634966883,147.703109741211,168.077559693219,176.713606607848,150.642303735782,180.779294643762,155.98051253609,174.390122633714,206.781021118164,164.428731282552,169.308841814314
67.3323868645562,102.029186248779,123.160057067871,65.735270690918,48.8273713813638,15.6055080818075,12.5239620624368,79.0011332920619,27.7933520715059,17.3964804047569,70.7163230598747,156.146741594587,12.3909345786806,160.956560516357,49.2631293194635,7.71111608446476,141.419651031494,139.881813049316,162.268707275391,156.306386947632,50.8126146751538,207.811828613281,76.9166433160955,124.916145324707,46.8551895400416,147.528689575195,159.782585709183,131.405062634012,69.4446811025793,97.3470106720924,77.7267761230469,169.363073730469,46.6679400842167,106.542037963867,137.181078229632,148.885208129883,0,0,0,159.718170166016,0,217.337524414062,125.758068084717,172.969062805176,79.2901840209961,199.416107177734,0,0,0,174.912818908691,0,0,0,0,0,74.5286865234375,0,210.601303100586,179.153625488281,119.674342091878,0,235.846740722656,227.34326171875,147.034922281901,0,0,0,0,0,0
166.740692138672,48.6971974054972,97.7144429133489,33.174034753625,78.5600776672363,0,117.988445281982,101.308320760727,158.227180480957,87.0292368570964,126.994239807129,120.133970407339,155.739143371582,134.428640365601,173.516712535511,141.419651031494,14.4663813090172,106.999464689796,138.15911992391,122.656216430664,142.739715576172,24.8207872107896,27.4030326707233,19.1610162910344,33.2776777428515,111.48802947998,113.706266220302,30.0642328406865,41.7384014688151,112.876563866933,75.2274158565143,131.483568191528,189.874374389648,67.0650485992432,82.3819651023048,161.987079620361,65.2846908569336,117.400336583455,52.9264242808024,0,0,0,134.668095906576,159.483210245768,0,162.641128540039,184.919044494629,0,0,190.531720479329,0,85.2615900034111,142.877474103655,183.796768188477,152.631042480469,0,99.3704241489542,50.3632210073337,96.2585826349853,110.00727675391,154.547958374023,147.60228729248,100.823565168925,115.629948234558,141.123751322428,106.876364158862,0,0,103.284725189209,127.443102359772
96.9954976296987,54.3174231368113,39.251152429133,71.0079692249567,160.00922648112,170.311175876194,138.764087424791,107.293914059123,126.946208407274,128.439260852871,118.933745865595,60.0705005675323,152.007058037652,128.265705108643,119.040135340186,139.881813049316,106.999464689796,10.5322110417683,61.2475705385208,17.5295690900314,188.53050994873,65.8296797142122,87.0129625283036,32.4032598519588,129.311052702071,93.7342315249973,38.0593595604029,65.6407166182461,113.176833724976,105.681230463387,75.3713509189134,122.351132710775,182.517815483941,86.0401540345784,53.524435700375,181.858291625977,104.769702911377,105.68792696938,74.1050329208374,224.535481770833,241.559661865234,214.078048706055,185.590097045898,209.051963806152,174.301162719727,240.164505004883,149.34766070048,0,156.13454284668,211.765186309814,0,155.064725792926,118.649949557965,136.845427513123,130.836437314056,205.651374816895,163.763639751234,122.286709953757,134.393522013789,179.552011139539,101.674446105957,108.735960706321,105.812679057445,183.56579928928,178.80278523763,164.203193664551,148.850924682617,0,177.890218098958,122.911232267107
132.872585161358,72.7810613458807,91.1617829954469,83.7397063711415,182.125900268555,0,159.609993546097,154.552382068099,145.722898899824,147.182450737752,167.910160205982,18.8331428249814,168.270907084147,61.3963959792565,120.729046650975,162.268707275391,138.15911992391,61.2475705385208,7.63000194835903,23.7761674126164,173.867720031738,123.170784583459,115.441818031105,98.0871497673717,160.84507573794,49.243039411657,33.6652960684306,65.0742515172714,156.923479715983,118.381388686253,122.333943824246,54.3308214365718,106.821053641183,121.310647287676,58.6290401356332,194.611129760742,108.096522521973,141.44630759103,81.8910964085506,0,0,0,220.80139465332,215.119166056315,191.722157069615,199.86302947998,94.6993016924177,225.332061767578,93.7942792424616,175.189043680827,211.219345092773,160.943725585938,131.768125451129,101.423124209317,106.12358524273,0,205.050415039062,157.626907348633,172.540200805664,212.517444610596,88.0946936356394,96.6592348410866,102.013532872056,223.50972366333,180.141823508523,187.052967834473,100.96444181412,0,174.620468139648,128.735832214355
110.654240905002,57.8683254605248,71.7758718801531,75.946724553262,151.953903198242,0,158.007123947144,126.248764589608,138.911821845437,136.711945350017,143.112992196713,24.5237738562357,170.853391011556,83.353937966483,128.163111486617,156.306386947632,122.656216430664,17.5295690900314,23.7761674126164,11.3761901431889,186.033748626709,88.7034501756941,106.105312064842,56.9644744638084,142.002969178511,47.661662255564,39.0831445318168,64.5251458438667,141.982155318809,111.63898739883,89.8551831213247,70.3742185694571,122.632087230682,108.036797475007,45.882862115419,166.638900756836,84.5315897324506,123.738357647045,97.1150013316761,200.663375854492,0,0,198.393894740513,211.829513549805,0,191.372596740723,102.967090606689,0,118.269412485758,175.03662109375,225.941604614258,154.665179782444,123.639957779688,114.23893737793,109.795935855192,0,171.431855773926,123.345069122314,158.081292251061,187.891851490942,83.7053174105558,100.007761544328,105.797421054712,205.451436823065,176.918221609933,173.733022212982,124.176209883256,0,0,128.165994039396
81.5936773199784,0,174.805171966553,86.4500112533569,10.6853632852096,123.893384933472,36.2113148764914,64.0233416045453,77.4334221543937,34.1654931282511,20.2533507465351,148.836715853944,13.1136833947549,165.483352661133,99.9754683426985,50.8126146751538,142.739715576172,188.53050994873,173.867720031738,186.033748626709,10.2131892109854,173.154663085938,75.8659973144531,179.098655700684,15.4716266140052,172.89826965332,176.126559575399,171.148726723411,20.8544279453304,105.117697611491,134.504802703857,182.648886544364,127.860460721529,142.59642791748,95.51660281797,0,0,0,120.848049163818,17.8617394290085,0,159.69766998291,191.187566121419,0,79.8241545024671,143.357324819096,241.666320800781,112.113199820885,231.321876525879,188.816436767578,109.31275177002,0,0,0,0,128.012822751646,211.54069519043,136.116027832031,0,106.180368697681,0,225.671997070312,209.992881774902,141.016647138094,202.742023468018,0,0,0,0,228.798973083496
77.146549367459,80.9414043426514,65.4796957305974,53.56220266437,0,173.393844604492,125.495633577046,63.3876595099325,110.722076416016,102.379038129534,88.2952215021307,107.79931974411,131.586552937826,155.783406575521,99.9077832573339,207.811828613281,24.8207872107896,65.8296797142122,123.170784583459,88.7034501756941,173.154663085938,11.5900309727921,48.0090078571755,31.7226632127814,34.0307632725362,144.415349324544,112.716619644846,65.9858647256804,27.7635513655791,60.727175193185,27.6314231731371,137.163154602051,153.144989013672,49.0917291239552,42.6052824069068,129.745800018311,178.504913330078,143.281951339157,73.8864347669813,148.082551138742,0,135.693557739258,127.618221371673,157.452114741007,0,180.21418762207,201.41807047526,238.906753540039,0,154.23353099823,0,104.759894424344,157.020916100704,0,180.493740081787,0,112.441195317149,76.2010731462572,115.467292351816,112.904791836063,0,180.505452936346,131.099446785882,116.279339107003,136.103315702626,112.515796315795,222.230392456055,198.673782348633,114.209159528705,130.762240057122
105.159256405301,29.8454408370786,51.7397833643733,24.2460300529344,65.7730414446662,0,135.671546936035,77.9440533589509,106.097129106522,23.612685297433,130.045716493026,108.447117150348,85.7866644425826,95.2192103430856,125.752238035202,76.9166433160955,27.4030326707233,87.0129625283036,115.441818031105,106.105312064842,75.8659973144531,48.0090078571755,9.88867024772883,50.6772093446114,27.4152468216746,77.7387515057208,100.100202769902,40.8018701525812,55.0034460551098,86.9946459649314,52.6103965338947,106.791176013348,177.171534220378,58.1615039012471,67.1234416929451,120.495384216309,150.598751068115,104.205555135554,60.1431106118595,90.5090637207031,0,155.530364990234,100.277108001709,132.431086222331,94.9168663024902,128.898236592611,170.688779558454,91.836311340332,147.672658284505,105.733409457737,0,70.527498345626,137.462954671759,167.109258015951,158.198429652623,185.800598144531,84.8135518188477,34.1104194853041,89.6871129611373,90.8517200430644,145.751647949219,140.165740966797,93.381134854281,89.6990511814753,107.519336446126,78.7234478772171,170.349742889404,0,92.3019050149357,101.027129968007
87.5803354494131,59.8278382689088,32.7791677358164,53.1815112179757,158.77890586853,160.350229535784,122.430030580348,77.9609820468538,108.253967167176,117.973261871338,90.224806208247,106.75290764242,135.240130548892,153.80025990804,106.428790516061,124.916145324707,19.1610162910344,32.4032598519588,98.0871497673717,56.9644744638084,179.098655700684,31.7226632127814,50.6772093446114,19.8894358957092,74.5108543434857,117.883541107178,70.5402258322592,42.8141515318923,55.4324020116455,95.3913459590378,51.5670129088586,130.266054916382,167.171229892307,71.4930214697711,57.4680469087228,174.730243682861,0,104.421990761797,71.1620614278382,173.745666503906,141.665618896484,209.545038859049,170.543987605883,195.510282516479,154.077261788504,193.347514759411,189.260305404663,0,206.804763793945,184.867399018386,0,98.6247764000526,135.249418908899,178.894027709961,154.194039778276,203.9013671875,117.224899364162,69.491178945333,106.516440555142,140.329980278894,0,156.540169254426,99.1964603374232,139.277083919359,159.647854646047,123.869014213098,193.396352132161,0,125.612292641088,121.844872162122
90.5079983504361,79.1510998014848,114.374257593979,38.098436104189,14.6482766889224,91.4834657751996,82.4418609052601,58.5672627592348,93.3785724984376,23.0328636366829,59.2704761935975,151.375906678497,28.6476551807431,132.669039013622,104.500574363603,46.8551895400416,33.2776777428515,129.311052702071,160.84507573794,142.002969178511,15.4716266140052,34.0307632725362,27.4152468216746,74.5108543434857,12.3823501373876,116.509918556428,132.98418709302,89.302260613351,21.2620150575675,94.1955703905841,71.7502400732988,145.106594880422,139.994476093965,74.0367836084259,94.0763228038841,127.27462647178,156.310291290283,161.652852767553,68.1129094785802,74.7504573002667,165.9986441476,140.259800737554,113.884727297118,141.34833171023,63.7191754859171,126.710892888244,201.389757521609,127.922164316927,197.368241530198,144.520960859243,127.487370152627,107.864380121231,177.752770088814,214.14958190918,201.5479703961,110.394752261513,116.647706258138,76.4698732792528,137.129026794434,96.3667476148723,185.682830810547,190.52258844245,153.563781698337,111.030753232545,141.971948682542,116.528519305704,206.33131980896,188.905502319336,121.815837339921,139.136759671298
124.232551574707,31.1897225142757,87.1106262207031,29.3606562705008,154.926742553711,167.990234375,127.47322845459,159.395615713937,136.321186489529,112.726745867198,158.169337681362,37.241835000579,129.861961364746,19.6860786842982,110.543173522949,147.528689575195,111.48802947998,93.7342315249973,49.243039411657,47.661662255564,172.89826965332,144.415349324544,77.7387515057208,117.883541107178,116.509918556428,11.5441905659047,41.6664459197931,28.1225425497096,150.42897605896,102.973063637229,139.400690714518,39.3625441428387,102.554168701172,0,66.2823723861852,234.568008422852,77.6556930541992,119.650446573893,39.2247237942436,0,0,169.802724202474,179.324462890625,168.843414306641,154.726608276367,223.846267700195,90.0527328491211,0,65.0363472051788,184.783696492513,0,0,109.866806030273,79.214421408517,82.3489663441976,206.499221801758,138.653533935547,99.2943496704102,0,175.936696370443,54.9797789709909,82.3511406107152,80.4501112114569,184.086585998535,239.142738342285,137.073488871257,83.16180749373,0,0,94.4986394246419
119.889690241114,47.3896532716422,32.9473382132751,64.0960923388899,159.146137782506,147.996307373047,153.47720242724,128.4460785116,142.096153565097,130.898056953716,148.654324977356,28.8679016676896,164.024463728362,43.0468103469083,129.496539908655,159.782585709183,113.706266220302,38.0593595604029,33.6652960684306,39.0831445318168,176.126559575399,112.716619644846,100.100202769902,70.5402258322592,132.98418709302,41.6664459197931,16.4706134083231,39.5341481583455,123.92879417353,125.878138368353,115.231240144617,21.5958734010269,128.08611125946,118.7586258598,66.5232359718937,186.502788342928,88.0529843923208,98.3525902778872,75.7574839115143,205.095896402995,0,204.478029523577,183.044060240401,200.918323292452,184.009724934896,207.728763580322,97.5169602374097,215.452713012695,89.2733520375255,182.317249054604,206.242914835612,141.769200818292,107.012998054364,99.416133986579,102.451621925306,222.285568237305,168.444972622779,143.811425239809,132.209487562913,181.125131687196,80.3173903488531,92.110912474566,94.1678843918374,199.249512030154,173.968303544181,174.875141012258,96.8481774920783,192.230773925781,179.363161087036,115.80657171434
130.78617909233,27.6741267442703,28.5205950659462,36.596732578612,121.485125223796,178.415963309152,152.073545123807,118.505789182472,141.212739990773,110.110967770069,151.924132593667,67.3222569398238,158.455175584362,31.0247571516875,136.136328117724,131.405062634012,30.0642328406865,65.6407166182461,65.0742515172714,64.5251458438667,171.148726723411,65.9858647256804,40.8018701525812,42.8141515318923,89.302260613351,28.1225425497096,39.5341481583455,16.0685474054957,78.8915381817719,131.070644951586,114.033635969132,29.7792915308643,152.831056014351,125.499963433893,69.6520463767746,175.475666134856,72.1068360728602,91.4035819289933,58.8201249593099,174.831280708313,208.641860961914,200.262362936269,166.434288832246,185.306995430378,162.681283738878,189.417516496446,110.385818044345,228.335037231445,102.566932711685,179.928416150682,189.1869140625,99.2994438233559,110.538238062631,108.980217131809,105.553888602797,166.073918660482,119.88725231258,69.5466442380279,101.930187981322,151.624963708357,78.8454095414541,94.1236724769439,87.7580270010117,150.022150185495,177.543698151906,158.164903210055,110.069967314254,135.898854064941,146.938969135284,114.129311462167
78.6881790249641,119.049226379395,74.2256738448662,55.4073554666146,11.6432374484934,114.095303853353,65.7820684027707,26.5680137412406,76.0700420792272,52.3013094870286,23.2886476799466,145.568084435385,41.3743534029221,168.717986534382,90.3317405263678,69.4446811025793,41.7384014688151,113.176833724976,156.923479715983,141.982155318809,20.8544279453304,27.7635513655791,55.0034460551098,55.4324020116455,21.2620150575675,150.42897605896,123.92879417353,78.8915381817719,9.55328346176447,86.071785239036,41.2810612832668,161.654468667918,128.532154998779,64.7835300977908,71.4289434525491,129.520407666658,0,151.192047621074,79.9117297022796,70.0432000511081,172.996678670247,141.436338747785,116.309457499476,143.971493210111,77.4478707313538,135.198530533734,204.535857137044,142.523562930879,218.640930175781,146.127945999505,141.064057922363,114.013438831676,182.821644465129,209.999304199219,192.91906956264,128.133450723108,117.824032214803,88.4406091098128,143.57450863278,100.662833586058,0,207.468203408378,147.837182445331,117.379217715703,141.523191973539,115.601285630774,220.225471496582,188.35185546875,124.325870445796,140.739017838698
16.9781929656602,124.834911180579,132.115407542749,79.8024491217569,100.831223330052,24.9645484229115,62.2309957084181,75.5176851994999,45.7921042446954,90.9276584386826,97.4271035292461,87.8890531554204,106.065250168785,95.8756908416748,30.7891082977106,97.3470106720924,112.876563866933,105.681230463387,118.381388686253,111.63898739883,105.117697611491,60.727175193185,86.9946459649314,95.3913459590378,94.1955703905841,102.973063637229,125.878138368353,131.070644951586,86.071785239036,14.0943317010855,34.5681370247763,104.270905820785,18.7176737498407,17.6877283034029,37.3324544077444,158.312457316631,113.063514709473,168.59398244222,94.4045104393592,160.966887638487,190.369812011719,180.833565547548,146.665983305646,178.514065781685,101.513467407227,184.626176961263,187.966404385037,172.045364379883,145.83478418986,176.874588742463,182.750172932943,124.175573730469,179.159627980199,181.182378768921,184.28616587321,190.552127075195,135.813589115733,102.483326957339,168.116280526826,134.325844362765,0,158.571864788349,171.85065608402,141.629694284883,164.384322393508,138.992857168842,142.011741638184,205.118896484375,143.688341864224,160.326899014986
29.5685620694275,104.763741149902,89.853682871615,54.6001323117446,98.9883397420247,114.465184020996,93.4374629460024,18.9488281655518,73.7750783637718,58.5550815856535,57.1337552963634,112.940777015686,128.192157109578,154.232538076547,61.6437399059199,77.7267761230469,75.2274158565143,75.3713509189134,122.333943824246,89.8551831213247,134.504802703857,27.6314231731371,52.6103965338947,51.5670129088586,71.7502400732988,139.400690714518,115.231240144617,114.033635969132,41.2810612832668,34.5681370247763,12.4963949024598,166.804835796356,125.25039438101,35.8221198228025,34.8440864342979,132.462557399974,0,158.84586054484,75.0988877220491,144.611449105399,0,175.233148956299,126.283448043143,159.445150704219,81.3494127988815,178.702582359314,197.759876251221,121.908485412598,208.523284912109,148.899373005346,168.638408660889,107.088862548521,165.66812289491,234.370159912109,186.76355082194,178.544303894043,116.794501293991,78.6556485354245,122.711494154603,110.536041114166,193.286117553711,176.706382057884,155.31940423584,115.209309062739,139.46551328092,117.638307502053,0,0,116.11119477178,132.797938710635
133.564445495605,62.514506271205,95.0266371917725,63.2082064492362,176.698783874512,91.2757568359375,143.35014851888,160.779260471889,128.320903778076,139.094365008466,177.816303341888,39.7975387975588,183.283370018005,17.9312823420137,113.106701764734,169.363073730469,131.483568191528,122.351132710775,54.3308214365718,70.3742185694571,182.648886544364,137.163154602051,106.791176013348,130.266054916382,145.106594880422,39.3625441428387,21.5958734010269,29.7792915308643,161.654468667918,104.270905820785,166.804835796356,7.38934142956395,99.9629539489746,0,75.0229570670206,187.874290466309,110.92314453125,129.443875994001,71.2842326694065,230.809608459473,0,243.970748901367,216.926708645291,194.122444152832,176.292796325684,221.788398742676,89.5856691370896,0,88.487576794368,159.720045471191,0,0,123.086952718099,98.0541962911916,102.336700952354,0,182.745910644531,148.456825256348,180.962097167969,204.600102144129,87.3974578163841,93.3824355917633,97.105260974927,215.633563995361,163.432825469971,177.864535522461,97.7632228196269,151.426025390625,183.850708007812,120.824731386625
87.9068254169665,0,187.822398792614,123.380572727748,129.180881500244,9.9432978889996,24.0690829972426,124.451680173968,35.286617610126,135.257550048828,119.812108533136,67.6100642590759,110.98419068989,92.1933076041085,30.8955481097183,46.6679400842167,189.874374389648,182.517815483941,106.821053641183,122.632087230682,127.860460721529,153.144989013672,177.171534220378,167.171229892307,139.994476093965,102.554168701172,128.08611125946,152.831056014351,128.532154998779,18.7176737498407,125.25039438101,99.9629539489746,7.02221131857488,136.871996561686,37.8884355632971,246.040573120117,0,0,0,0,0,0,181.400082906087,0,0,211.288146972656,222.403686523438,0,116.866152445475,230.740417480469,0,0,0,0,0,0,0,0,0,176.250409882644,0,141.472351074219,176.442755562919,181.822984313965,222.265518188477,182.378524780273,0,0,0,243.342163085938
57.0763968668486,118.863637924194,107.308540821075,59.7583980705902,77.4289919535319,168.793640136719,102.525772257054,65.1114257334418,92.0698829909502,60.0667902098762,91.413188651756,104.288698832194,113.481858995226,155.803409576416,73.8139322568785,106.542037963867,67.0650485992432,86.0401540345784,121.310647287676,108.036797475007,142.59642791748,49.0917291239552,58.1615039012471,71.4930214697711,74.0367836084259,0,118.7586258598,125.499963433893,64.7835300977908,17.6877283034029,35.8221198228025,0,136.871996561686,8.26632807655036,30.0082402507183,142.516165415446,0,167.094436645508,80.4823321387881,131.334674072266,0,156.052897135417,126.863846063614,147.828308105469,81.3555278778076,165.711013793945,242.301010131836,0,0,166.196503488641,0,104.061485290527,177.793926239014,192.021484375,194.089914957682,221.69807434082,116.471280822754,84.5205518661007,136.856264554537,117.270448610103,0,159.605194091797,158.210159301758,120.097790375921,152.770109887217,124.618804114206,223.507339477539,200.689468383789,120.889476776123,138.921306409334
80.8930351500418,58.9121846108541,61.1177861628861,70.57072724869,92.8457421093452,40.0813715798514,82.5874425214322,82.1596808194088,69.0062479165884,116.34113234216,91.7960122416615,31.1114586825044,99.5722871409903,70.2403073220883,56.4278323663353,137.181078229632,82.3819651023048,53.524435700375,58.6290401356332,45.882862115419,95.51660281797,42.6052824069068,67.1234416929451,57.4680469087228,94.0763228038841,66.2823723861852,66.5232359718937,69.6520463767746,71.4289434525491,37.3324544077444,34.8440864342979,75.0229570670206,37.8884355632971,30.0082402507183,11.270245625669,155.290647294786,100.497506459554,111.513148822206,97.5345857519852,137.675668080648,0,175.67995262146,140.649705585681,185.839903611403,124.836143493652,184.117303466797,139.797638388241,0,126.197119394938,170.267532348633,165.168487548828,115.066509805075,125.671312132082,125.306502894351,127.808872180039,230.428817749023,122.029651540571,97.3273381717869,121.725383279895,127.201996045235,100.057373046875,115.386529229425,109.873276191475,135.499551622795,158.200858161563,128.091608549419,134.986230738023,210.611976623535,131.216001337225,128.784295999779
135.003326416016,0,179.053581237793,98.4868844839243,162.240180969238,0,167.875076293945,146.322077144276,170.896406907302,174.052410125732,173.742230733236,199.935108184814,0,178.569244384766,169.580221557617,148.885208129883,161.987079620361,181.858291625977,194.611129760742,166.638900756836,0,129.745800018311,120.495384216309,174.730243682861,127.27462647178,234.568008422852,186.502788342928,175.475666134856,129.520407666658,158.312457316631,132.462557399974,187.874290466309,246.040573120117,142.516165415446,155.290647294786,9.62153386316532,144.996704101562,111.170015110114,72.1136310100555,90.1294283932203,71.8178936351429,80.0867333392051,22.7754723953104,41.3369685530573,71.8754969729653,61.1948826195335,125.570044733404,108.58235363844,140.335738182068,17.3137689940296,88.1282867431641,105.512543996175,109.807050983861,128.119676636487,121.093264907403,108.029807049295,82.7505238406308,73.8281566865982,99.3888887578791,77.7710620830585,133.480414650657,130.944654778375,136.124453864429,80.2576278430993,22.2038226396876,20.6609463907692,133.265702724457,90.9854078777766,54.6790969234773,72.1377402836422
0,74.7049038410187,107.748462677002,40.5873067378998,0,0,0,201.422073364258,0,0,0,105.137160668006,0,84.057984488351,168.986953735352,0,65.2846908569336,104.769702911377,108.096522521973,84.5315897324506,0,178.504913330078,150.598751068115,0,156.310291290283,77.6556930541992,88.0529843923208,72.1068360728602,0,113.063514709473,0,110.92314453125,0,0,100.497506459554,144.996704101562,6.85136591110659,44.9142727583982,12.4495105843046,91.2378158569336,146.529602050781,0,121.743635995047,144.987739562988,68.6556422229305,144.481658935547,69.7106629610062,0,47.5629375080916,139.609973078189,111.474658966064,63.2150911603655,56.7145956192894,72.8464344393823,58.0805907726288,0,119.811850653754,28.4951916896883,67.9855687341025,72.7538340946413,23.366678070067,51.6894395400067,27.1951160192942,113.029552753155,128.953244989569,110.044598897298,66.4942611435712,105.891250610352,128.730316162109,66.6011113386888
