13.3209090131218,123.109518361646,71.9070098128973,59.3777365742425,64.1264096412106,66.0729956097073,37.433589505431,33.1536889492449,24.3929282860107,54.8090243485902,50.0717680867756,126.172537278964,55.0432465458497,137.855026469511,12.2173739774138,39.4829794156669,74.7754578766999,94.8954398086391,131.218869307946,116.84602222108,63.357715075949,54.0335685267593,58.5302433596222,47.2528320886298,59.110469924671,155.701927185059,114.31348811797,120.12810088367,47.2033680200413,10.9894251283861,19.4252121435294,143.545389028696,73.388984494093,18.5555114961778,56.2096766607203,138.726916386531,158.224609375,148.610662954825,68.3315594887247,111.47786957877,178.290832519531,167.497910308838,118.027583354228,147.445904675652,78.5318401124742,137.364735921224,226.282470703125,146.186781311035,0,151.844299033836,151.735176086426,117.569416270537,183.392303466797,0,195.04338684082,153.696621704102,121.054308964656,90.818523534139,151.250561129662,112.374069382163,0,166.618882921007,161.325830576371,113.793872554128,150.492288736197,131.190276251899,0,199.726608276367,124.072541554769,143.517058170203
123.109518361646,7.07952581073782,36.0459425418726,22.2309282861105,0,0,0,102.782592773438,0,68.1723463270399,0,66.1672279819561,0,48.6384354058187,122.222030639648,0,72.6455299377441,56.5079648423678,71.6552088810847,63.6318067177055,212.347198486328,81.3556216313289,23.8922047208107,59.2683741212978,74.2949036046078,25.0143734352961,51.4221888995848,30.6274468949403,96.1545739173889,111.201272365025,101.649981150908,65.9104992662157,112.238456726074,57.3806800842285,64.4631878917535,0,81.3842220306396,69.0457718081591,68.2045593261719,0,0,0,0,0,0,0,118.022211074829,0,116.908063021573,129.418914794922,0,160.743301391602,92.9834605625698,101.046775817871,121.302530670166,0,0,111.017501831055,101.315136558131,108.962669372559,139.205810546875,105.364978027344,80.8544409070696,118.129035949707,187.918014526367,0,122.345596313477,0,132.062088012695,105.281679970878
71.9070098128973,36.0459425418726,11.519671914255,36.161327251375,160.357849121094,86.4063873291016,119.28531059852,83.7977338978942,110.242382929875,107.383808135986,113.926881408691,78.5434337632481,106.751354980469,87.1741814151887,107.488989639282,0,85.2490477385344,38.0588745687045,79.6668188912528,68.8483958244324,0,59.0419382942097,38.3625011630825,21.7851926595587,75.4514733828031,128.468776702881,25.0167875874531,25.0417830661301,55.9866015496615,71.1819342514564,55.7101225749479,83.5933057344877,107.062503814697,98.9791904796254,50.2343070040044,151.632378318093,77.4397475378854,82.3384260459093,74.2371908075669,0,0,170.186454772949,143.754480997721,176.344744364421,0,0,132.34839109941,0,127.794235229492,153.411298116048,0,127.283777166296,100.601759261083,147.281063079834,120.160408201672,0,108.366241841377,76.8101282501221,93.5656564301378,148.671514070951,0,102.693518083307,83.5843228364184,124.425295135679,166.260030473982,141.979150899251,0,0,132.255077362061,95.5657535052407
59.3777365742425,22.2309282861105,36.161327251375,26.4005624738607,40.5580852561527,101.020426432292,86.36833238013,46.8168057178854,79.6296944543329,10.138637251388,76.9395472439853,68.626749827944,73.5841509608899,43.4833815652619,80.2519874380092,59.5331270694733,43.4041188986462,58.5011392602201,66.3262232612161,63.634993549237,87.6675224304199,43.1489221319008,24.4991667185757,40.5876283864649,34.3866576284412,18.5437495178647,48.4234777310628,37.2277893068186,39.2921146240348,62.8838037706014,49.0439866326553,62.420612438305,104.732925142561,51.1024818911995,59.5675301582583,119.663762410482,114.114079793294,65.4243029785156,20.5830377785128,80.2037813822428,0,116.412030901228,80.2692730243389,98.5121470860073,22.7850105485251,100.008636474609,146.003829956055,85.5341110229492,86.8066226414272,97.3438047929244,0,72.0616620381673,81.632168377147,109.637237548828,91.9256741450383,151.991928100586,71.5323719297137,21.3479326606816,76.8594709123884,65.3436557563575,120.60523223877,74.610905494219,65.1231132378255,75.0299169100248,117.397069830644,77.5694968931137,0,0,78.0450042724609,79.5033764405684
64.1264096412106,0,160.357849121094,40.5580852561527,7.63303504697816,116.254876708984,48.7749459570918,34.9183311584668,56.2364789055528,31.947113241853,20.7177081703882,138.714245096842,17.0950406502946,154.596305847168,80.736123641332,42.6288610655686,86.2020263671875,0,0,0,10.3730947368517,0,98.530101776123,122.68408203125,11.0184793628574,0,0,0,12.2982430342817,81.3044951839946,107.174591064453,0,116.860710961478,73.3661134781376,78.4731142354566,129.464068094889,0,0,87.7236747741699,8.65188685979986,0,118.191216468811,0,94.1709344046456,121.712501525879,32.4625361919403,0,32.342964043984,0,101.638035583496,0,0,0,0,0,17.4212787000663,0,128.944087982178,0,76.805821703626,0,0,223.144309997559,21.6184044803482,109.554637908936,0,0,0,154.879135131836,111.715393829346
66.0729956097073,0,86.4063873291016,101.020426432292,116.254876708984,7.43381915689678,9.17236413951683,111.931633313497,20.0031780703183,94.8143971761068,107.095544757265,56.7293861412003,99.8599803924561,76.0079640282525,27.8913607223462,12.3048217474173,94.5842361450195,107.837867736816,77.1063842773438,72.3396530151367,106.326477637658,108.307304382324,104.646288785067,77.8475341796875,103.557298932757,85.6713562011719,94.0729026794434,94.872486114502,105.355584537282,21.1844216619942,108.850715637207,88.7421035766602,8.01411058818205,0,32.2907266569375,196.908676147461,0,0,114.434958457947,0,0,0,0,0,0,180.242233276367,0,0,0,205.002090454102,0,0,0,0,0,0,174.574737548828,0,0,167.820103963216,0,135.339065551758,0,166.566711425781,177.317031860352,161.326385498047,0,0,0,0
37.433589505431,0,119.28531059852,86.36833238013,48.7749459570918,9.17236413951683,7.49850742996422,54.1290745945328,20.961427384724,72.3783288403092,15.1634998167257,72.4190862634209,16.4753539139692,102.322995942214,31.5367482479087,12.3528786067746,100.606758117676,141.86440149943,97.8833465576172,102.200336456299,32.1458537238659,117.466871261597,93.1183897654216,93.6203772804954,54.6533064637447,107.493481953939,148.029389154343,125.68191986084,60.039464917318,36.3346662632624,80.0688133239746,113.69491704305,17.2188132929954,66.9694656958947,55.4655954580513,170.94123840332,0,241.702163696289,102.372875815944,129.56292288644,215.390625,192.167251586914,147.958029937744,186.199195861816,115.464956283569,155.565344492594,0,48.499754969279,0,176.385917663574,0,123.788734436035,0,0,0,0,0,132.803553263346,157.983032226562,131.142260776477,0,0,215.299179077148,137.651777609801,177.206975301107,170.530766805013,0,0,148.387771606445,180.29762878418
33.1536889492449,102.782592773438,83.7977338978942,46.8168057178854,34.9183311584668,111.931633313497,54.1290745945328,9.32304081564343,47.2169483469783,44.2034160653412,17.731569508212,138.995267595564,44.0659240141293,155.709823608398,30.1896461657364,68.4582419840495,86.8679605756487,99.9539839426676,137.586218516032,108.338559468587,41.2256543904117,64.9899622086556,65.6288880772061,54.1243904402762,32.7316027146717,0,115.860397663522,126.802160854997,15.3971058844712,46.839046200975,12.1704126145441,152.066909790039,115.15682434082,50.9740322316248,65.8337465129033,129.851434834798,208.201354980469,160.765350341797,62.4249487929608,118.303645048568,203.257827758789,151.974847634633,109.995441485055,144.87475672308,81.0236417193746,122.758540837905,200.53328704834,132.039797269381,0,146.089813169369,134.831850687663,117.491925048828,167.856109619141,0,0,141.724668603194,120.991451263428,85.2893832070487,148.216348436144,94.3803387755502,0,222.303811645508,157.403366088867,109.964713982925,146.547178705055,127.049839677482,0,186.848917643229,136.934675598145,140.660799498199
24.3929282860107,0,110.242382929875,79.6296944543329,56.2364789055528,20.0031780703183,20.961427384724,47.2169483469783,12.3467190559765,71.9645537421817,22.5189882546695,78.3483651922655,22.0006011918912,104.524880981445,16.4783010642172,33.0587841660224,101.327981948853,136.103490044089,130.663885116577,96.9732297261556,55.8464085282951,99.5018702915737,93.4633200509208,93.2213016958798,57.7918240940654,102.786928812663,136.2474559021,133.9663567794,67.7855544331245,29.7358013915669,66.8922109603882,122.295869445801,22.9928456168163,60.916154363881,45.7419057200032,159.12811126709,0,0,92.6375526081432,153.157637023926,0,165.244415283203,136.200151443481,186.910994585823,126.941383948693,155.119669864052,226.474853515625,139.977416229248,0,173.093820010915,88.339958190918,142.418921152751,0,0,0,162.217127482096,151.779202270508,139.797280883789,167.535461425781,129.153000602239,0,0,198.401336669922,135.727920249656,181.353216552734,145.560180664062,0,209.032768249512,173.135762532552,175.136483443411
54.8090243485902,68.1723463270399,107.383808135986,10.138637251388,31.947113241853,94.8143971761068,72.3783288403092,44.2034160653412,71.9645537421817,7.49516063006977,61.9044356807586,130.146125569063,12.1875259592247,110.645207331731,78.1748217523625,10.2270387232135,91.3008857727051,124.535810682509,152.763515472412,140.145544052124,39.4666387342638,91.149569829305,21.7887798929767,88.9990643092564,19.9146242219667,93.1579158306122,115.741244682899,103.783114397967,34.0039503080269,66.8365339048903,46.7484747613227,144.155174255371,111.005504407381,54.9982690134356,71.7729696096833,0,0,87.6741500854492,26.4083791386847,89.1567509969075,177.368911743164,162.579772949219,90.2247695922852,125.135969373915,23.2551238225854,121.207776583158,0,84.0624847412109,0,141.855537414551,98.10040918986,80.2400245666504,126.721050262451,0,0,0,108.313419342041,0,92.6847948346819,67.6324018869858,0,167.548065185547,110.926929820668,94.3009940116636,127.640434265137,118.859622955322,0,190.923065185547,94.3737831115723,135.73970576695
50.0717680867756,0,113.926881408691,76.9395472439853,20.7177081703882,107.095544757265,15.1634998167257,17.731569508212,22.5189882546695,61.9044356807586,9.54119436470214,146.748314316208,21.7169359574897,169.451995849609,22.7573423490147,59.8741040515085,100.944267272949,130.755218505859,0,0,20.0232646373369,124.126344680786,107.686022440592,117.924897935655,39.5328782954442,0,153.868298339844,140.058742523193,13.1937417097783,83.8209554820807,81.9319685231084,152.248992919922,118.866105960894,69.6204409224264,82.216911315918,150.209620157878,0,0,106.269641113281,69.0287842423948,203.834564208984,176.912124633789,125.161593350497,168.179477146694,108.965609232585,142.730200668861,206.879196166992,50.069966946618,0,168.961318969727,0,138.659783499581,0,0,0,147.464808146159,0,144.975172042847,193.57787322998,111.06201626231,0,0,207.801361083984,132.563276980786,169.161404418945,133.899635314941,0,0,0,178.340751647949
126.172537278964,66.1672279819561,78.5434337632481,68.626749827944,138.714245096842,56.7293861412003,72.4190862634209,138.995267595564,78.3483651922655,130.146125569063,146.748314316208,13.1279241491948,135.931395489237,33.2002146065544,68.8339132954997,70.8227760314941,123.019911266509,52.0698240421436,16.0863040914558,22.8273015505784,141.175125427246,87.4233598166365,106.924500092503,85.2374055025633,136.348525769783,37.4333415942587,23.8728546115756,58.9916064953903,120.878637342597,62.9862923605632,100.177727574685,35.1812421913779,60.8040969122702,104.908265855577,35.4763880126834,197.523279825846,95.6569421941584,136.465507984161,97.0103721618652,211.152549743652,0,0,185.818099975586,207.368301391602,207.268615722656,222.702270507812,87.198662940492,0,78.1889239417182,203.863162994385,0,178.614486694336,132.001706017388,95.380087852478,102.86231025247,0,163.702341715495,143.130630493164,152.043876061073,196.472832573785,75.4893167533127,95.377609080514,99.3167174962505,179.221028645833,153.235095977783,180.291567993164,92.056602824818,0,195.14501953125,121.267717303652
55.0432465458497,0,106.751354980469,73.5841509608899,17.0950406502946,99.8599803924561,16.4753539139692,44.0659240141293,22.0006011918912,12.1875259592247,21.7169359574897,135.931395489237,8.64807129465236,148.039210510254,67.3703568970012,10.2483530985306,110.419330596924,138.513458251953,0,0,14.596256485388,0,81.440673828125,88.9542299906413,27.6176559257282,0,147.19469669887,125.312744140625,37.3754937433379,84.6132036480428,67.2043495178223,0,107.493255360921,85.976158886421,82.9471528053284,162.62678527832,0,0,87.9955544722708,55.0860681987944,0,177.82614440918,138.18420715332,160.001507568359,57.1573270161947,139.557001931327,0,11.8851389060055,238.153335571289,176.073837280273,0,148.228363037109,0,0,0,158.725921630859,130.38720703125,124.320030212402,167.921745300293,110.756023129213,0,0,0,130.994679832459,170.094108581543,0,0,0,165.834899902344,170.16240234375
137.855026469511,48.6384354058187,87.1741814151887,43.4833815652619,154.596305847168,76.0079640282525,102.322995942214,155.709823608398,104.524880981445,110.645207331731,169.451995849609,33.2002146065544,148.039210510254,7.42778963648955,90.6748782664806,0,130.108337402344,88.4164221021864,57.1016866347369,62.9265599520701,164.183349609375,128.736386108398,94.2295014466015,111.650456880268,118.878480148315,17.0394243220476,31.688720556109,18.993129359921,121.566377078786,81.727385213056,122.732616258704,9.24351030592008,82.0687338511149,0,60.6021659001708,166.163314819336,86.5068999259703,121.858290100098,70.3424783789593,0,0,0,0,122.206924438477,133.661270141602,0,69.4305240382319,0,64.3705649651772,116.932395935059,0,0,124.792613983154,81.2124739426833,89.6423126815201,0,161.438385009766,125.361128414378,165.376220703125,213.198486328125,65.0542059580485,80.3941955327988,85.0601838859352,215.558403015137,0,162.828369140625,85.6308487226378,0,148.310424804688,99.3708114624023
12.2173739774138,122.222030639648,107.488989639282,80.2519874380092,80.736123641332,27.8913607223462,31.5367482479087,30.1896461657364,16.4783010642172,78.1748217523625,22.7573423490147,68.8339132954997,67.3703568970012,90.6748782664806,9.19165255229976,30.0064967199667,96.854867723253,147.751617431641,89.3163197835286,100.574817657471,79.8964044108535,102.251837412516,84.3166622814831,92.088509332566,81.8564930918349,93.4607340494792,111.01562095175,119.751404860924,74.1797023785459,15.3471583110141,58.4868910216516,106.780254017223,24.4235515381344,26.7209372943381,35.041699601507,151.692698160807,0,0,92.0684825969192,115.932444058932,0,181.740497165256,146.580215454102,172.406277974447,100.95031785965,168.043323771159,0,148.703069051107,0,181.937761942546,197.799575805664,137.961486816406,179.357935587565,0,0,245.236709594727,133.366619110107,111.249746469351,164.236399332682,131.309886771189,132.553436279297,141.693054199219,183.339736938477,134.276208656713,174.825231800909,165.735422134399,0,196.95622253418,168.489715576172,169.612881251744
39.4829794156669,0,0,59.5331270694733,42.6288610655686,12.3048217474173,12.3528786067746,68.4582419840495,33.0587841660224,10.2270387232135,59.8741040515085,70.8227760314941,10.2483530985306,0,30.0064967199667,7.03405274276361,0,0,0,0,36.7891873622286,100.91153717041,68.221244267055,72.4353332519531,30.2652385418232,82.2796173095703,0,0,68.1028704489431,33.2633262603514,82.8538932800293,94.8329467773438,39.3926015853882,32.8278636932373,23.8875606578329,0,0,0,95.2726306915283,69.0657272338867,0,0,0,182.2900390625,0,182.879165649414,0,0,0,179.265579223633,0,0,0,0,0,197.893707275391,0,0,0,94.9805132548014,0,0,0,157.107437133789,0,0,0,0,0,0
74.7754578766999,72.6455299377441,85.2490477385344,43.4041188986462,86.2020263671875,94.5842361450195,100.606758117676,86.8679605756487,101.327981948853,91.3008857727051,100.944267272949,123.019911266509,110.419330596924,130.108337402344,96.854867723253,0,11.9193834783435,111.136042113698,137.363716125488,119.290305866915,100.759552001953,12.8097883025663,32.952295198363,14.1984866312118,24.062734552557,94.2945518493652,110.875275308772,32.0686709167406,21.6326801865627,55.3518804524043,50.7699847351733,127.082188924154,0,46.6618362727918,63.7473151750882,101.861171722412,137.851821899414,132.666776657104,51.0702360104292,0,0,129.015014648438,82.1681442260742,133.385931015015,43.5922164916992,125.210174560547,0,209.807846069336,0,117.586669921875,0,82.8740107218425,150.980981554304,173.482696533203,150.910514831543,0,99.1259443495009,53.2086364746094,96.116020478398,113.562035369873,0,146.545000943271,114.13198739511,104.052364349365,99.809814453125,95.1166606229894,0,0,89.0685653686523,126.392584991455
94.8954398086391,56.5079648423678,38.0588745687045,58.5011392602201,0,107.837867736816,141.86440149943,99.9539839426676,136.103490044089,124.535810682509,130.755218505859,52.0698240421436,138.513458251953,88.4164221021864,147.751617431641,0,111.136042113698,9.2483273982242,56.8765124898208,16.3751319036268,0,58.4918889089731,87.847970131116,27.9600961862975,120.330736727328,62.168208694458,32.4706113710326,61.7316593322039,101.583364252297,87.5601002321405,76.1277220484905,87.8288740678267,87.3328247070312,103.936324225532,33.6111519304391,170.970422363281,87.4270431518555,100.068263002344,84.5441241162889,0,0,0,160.419296264648,215.575561523438,0,0,142.037553310394,0,129.967395782471,179.738624572754,0,142.532161288791,113.161645604545,149.15588760376,131.264782757826,0,142.333584125225,119.366737910679,119.613127289626,173.849906921387,138.794939041138,104.566684333883,101.611726464983,148.133850699977,181.129421234131,162.278071683996,134.318791707357,129.468170166016,157.839416503906,114.436934691209
131.218869307946,71.6552088810847,79.6668188912528,66.3262232612161,0,77.1063842773438,97.8833465576172,137.586218516032,130.663885116577,152.763515472412,0,16.0863040914558,0,57.1016866347369,89.3163197835286,0,137.363716125488,56.8765124898208,5.2873691236873,12.4207726442872,0,99.7117332458496,116.41106741769,87.5370851599652,143.442236582438,49.1245581111553,21.0136396108101,61.9526799049994,131.107520103455,102.83929711801,111.428137900613,56.9603209244578,82.8660507202148,0,61.4271914174052,0,100.573686218262,130.048882484436,66.3984573364258,0,0,0,0,0,0,0,97.1482355454389,0,98.1278630009404,0,0,0,140.182968139648,106.912656148275,105.555473039735,0,163.466003417969,0,187.371475219727,235.824157714844,83.4931930541992,102.309481836134,106.11849436503,235.242721557617,185.51887512207,176.170639038086,101.652588980539,166.293106079102,177.065650939941,118.158624649048
116.84602222108,63.6318067177055,68.8483958244324,63.634993549237,0,72.3396530151367,102.200336456299,108.338559468587,96.9732297261556,140.145544052124,0,22.8273015505784,0,62.9265599520701,100.574817657471,0,119.290305866915,16.3751319036268,12.4207726442872,9.14296035568623,154.918411254883,77.6696753047761,105.004994504592,58.2723483790616,138.248897075653,47.2295971467607,29.3699397310055,62.3033485960975,124.238775634766,99.5058435911109,90.4334820819039,65.0923717703138,90.022439956665,114.760533650716,46.7669299363544,180.907608032227,86.5113620758057,117.500262827113,87.0394147985122,0,0,0,0,220.906814575195,176.504852294922,0,106.930344581604,0,101.419628620148,0,0,170.226431274414,119.473782447077,116.487025669643,108.82579894564,0,176.749402999878,125.779359817505,143.234043121338,174.339088439941,83.8513819376628,102.554783479667,105.910490783546,161.829631260463,189.75287882487,169.356660461426,108.623279571533,0,0,122.390401567732
63.357715075949,212.347198486328,0,87.6675224304199,10.3730947368517,106.326477637658,32.1458537238659,41.2256543904117,55.8464085282951,39.4666387342638,20.0232646373369,141.175125427246,14.596256485388,164.183349609375,79.8964044108535,36.7891873622286,100.759552001953,0,0,154.918411254883,11.772644145762,0,142.12141418457,118.996355692546,26.3846966406678,0,169.010431925456,0,20.1400984551392,83.3279168784963,0,0,117.991865860788,76.856056382921,80.3987326515095,172.391143798828,0,0,91.0963923136393,20.6566305356867,0,172.359069824219,124.786121368408,152.619598388672,88.2838935852051,157.542338053385,0,11.7003793819134,0,191.814478556315,0,153.453628540039,0,0,0,0,0,121.029819488525,0,124.844153442383,0,0,0,148.651275089809,173.741124471029,0,0,0,178.619422912598,180.957191467285
54.0335685267593,81.3556216313289,59.0419382942097,43.1489221319008,0,108.307304382324,117.466871261597,64.9899622086556,99.5018702915737,91.149569829305,124.126344680786,87.4233598166365,0,128.736386108398,102.251837412516,100.91153717041,12.8097883025663,58.4918889089731,99.7117332458496,77.6696753047761,0,8.17603783753553,36.8913705910558,19.9837852362637,9.86169915739768,0,103.273774068496,62.0042754018927,18.4072817390888,53.2482591177288,16.4450688436072,142.265914916992,108.713857014974,50.5649592439893,33.7189500260642,115.310928344727,90.7166748046875,119.397595067178,51.5024858978746,162.756988525391,0,0,109.723820495605,142.884124755859,135.029968261719,0,167.956680297852,0,0,125.705842336019,0,85.1642975440392,150.348439303311,0,153.778999328613,0,97.8882844602907,53.6228511150067,95.8134269714355,119.523586750031,0,147.303237915039,129.013045987216,93.9685145595617,117.036549603498,93.1647425447957,0,165.586486816406,101.455911636353,110.793419799805
58.5302433596222,23.8922047208107,38.3625011630825,24.4991667185757,98.530101776123,104.646288785067,93.1183897654216,65.6288880772061,93.4633200509208,21.7887798929767,107.686022440592,106.924500092503,81.440673828125,94.2295014466015,84.3166622814831,68.221244267055,32.952295198363,87.847970131116,116.41106741769,105.004994504592,142.12141418457,36.8913705910558,9.2938715649859,38.4829499802485,18.7523606743562,69.5930111720914,96.0928702879844,35.4294316254273,37.8863583750404,56.5660486007005,44.164261593068,109.46694996046,118.144744307907,43.1305575986062,61.748678977783,87.1652548653739,107.030687332153,92.1015943087064,30.265137043129,0,0,120.754680633545,123.836488723755,138.694113595145,60.4669860839844,108.839486694336,145.455106099447,112.583068847656,144.445804595947,128.10166822161,71.327262878418,60.4554838097614,129.905256170976,0,158.559169769287,0,66.3680540231558,14.2814553346017,82.1546527701364,83.0469333737395,0,143.783810335047,91.2114153609556,78.4739634195964,99.8604093279157,70.2813680944308,0,147.267883300781,67.897464328342,88.7351734854958
47.2528320886298,59.2683741212978,21.7851926595587,40.5876283864649,122.68408203125,77.8475341796875,93.6203772804954,54.1243904402762,93.2213016958798,88.9990643092564,117.924897935655,85.2374055025633,88.9542299906413,111.650456880268,92.088509332566,72.4353332519531,14.1984866312118,27.9600961862975,87.5370851599652,58.2723483790616,118.996355692546,19.9837852362637,38.4829499802485,13.1586349860561,30.8068294447822,110.379474639893,64.5477911354337,33.3652026937996,24.3831944839442,59.7254253402499,34.6292509413942,115.792626120827,115.97708384196,56.9632614680699,41.8532554809092,129.199334462484,101.877710515803,93.1996410490258,51.5127714157104,0,187.126892089844,153.157821655273,154.938558959961,165.299794514974,154.02596282959,126.674751281738,153.951775232951,0,153.007690429688,179.274752298991,192.065170288086,101.35382528866,119.684269875682,149.334411621094,143.89114789265,0,99.9014904740928,53.4445162158041,92.4803171898227,141.47246492826,140.621520996094,127.658696752016,93.4034426669924,129.583296904693,112.451230621338,95.5590580775085,0,0,98.6259030659994,109.320852323611
59.110469924671,74.2949036046078,75.4514733828031,34.3866576284412,11.0184793628574,103.557298932757,54.6533064637447,32.7316027146717,57.7918240940654,19.9146242219667,39.5328782954442,136.348525769783,27.6176559257282,118.878480148315,81.8564930918349,30.2652385418232,24.062734552557,120.330736727328,143.442236582438,138.248897075653,26.3846966406678,9.86169915739768,18.7523606743562,30.8068294447822,11.4818700988156,96.368290371365,120.298010877384,65.3696463408433,16.4725525354292,70.7886221112703,48.1774532857931,145.226486206055,116.122894727267,54.2631761033525,68.9869690639957,125.536798303778,0,133.636469014486,54.2859825832392,112.107449661255,178.383895874023,159.20445022583,104.030174662272,142.152721080374,60.2566097462235,118.079497768454,205.932762145996,127.407714996338,0,142.644415867181,161.836196899414,111.263165357636,188.175394058228,216.461456298828,168.447687784831,120.9342481173,97.2498635186089,66.0823604359346,118.505957970252,84.3370241173075,0,165.738019943237,144.028141566685,101.802434071718,138.045741460095,108.79757196763,0,165.385261535645,120.980556882661,133.507023281521
155.701927185059,25.0143734352961,128.468776702881,18.5437495178647,0,85.6713562011719,107.493481953939,0,102.786928812663,93.1579158306122,0,37.4333415942587,0,17.0394243220476,93.4607340494792,82.2796173095703,94.2945518493652,62.168208694458,49.1245581111553,47.2295971467607,0,0,69.5930111720914,110.379474639893,96.368290371365,7.47553621906389,40.7085281660361,20.7331344818791,0,89.1763054529826,117.19930267334,44.0433526425748,104.197380065918,0,59.4621774743243,155.210052490234,51.8135635739281,131.187147140503,49.731073306157,0,0,0,187.596160888672,0,127.478015899658,0,66.7293702697754,0,52.6356445571124,0,0,0,97.7381034851074,69.5368236194957,78.2946509785122,0,0,88.6348164876302,135.857940673828,0,52.3369418290945,67.4546113870083,68.697690090663,0,157.39087677002,139.645538330078,70.4359198350173,0,163.314605712891,84.6217717064752
114.31348811797,51.4221888995848,25.0167875874531,48.4234777310628,0,94.0729026794434,148.029389154343,115.860397663522,136.2474559021,115.741244682899,153.868298339844,23.8728546115756,147.19469669887,31.688720556109,111.01562095175,0,110.875275308772,32.4706113710326,21.0136396108101,29.3699397310055,169.010431925456,103.273774068496,96.0928702879844,64.5477911354337,120.298010877384,40.7085281660361,12.982706689743,35.1346870979294,94.7361234614236,105.845096237902,99.4884137447525,24.0074526216143,86.8872253417969,123.595204035441,66.4106763938999,173.991871425084,86.3551088060651,91.6684654913005,71.3373157978058,0,0,208.735275268555,164.49674987793,208.913157145182,195.659637451172,192.606399536133,100.428569845251,0,91.5560013488099,177.474433898926,0,139.667292410867,103.457030640216,107.161516773457,102.862012481689,0,143.432964549345,134.800723075867,121.176441940965,181.060596466064,76.6921747727828,89.9646926824976,90.5449830876779,150.825077056885,176.126363653886,152.218214035034,100.559930055038,152.047012329102,150.803268432617,107.441693230593
120.12810088367,30.6274468949403,25.0417830661301,37.2277893068186,0,94.872486114502,125.68191986084,126.802160854997,133.9663567794,103.783114397967,140.058742523193,58.9916064953903,125.312744140625,18.993129359921,119.751404860924,0,32.0686709167406,61.7316593322039,61.9526799049994,62.3033485960975,0,62.0042754018927,35.4294316254273,33.3652026937996,65.3696463408433,20.7331344818791,35.1346870979294,12.3767317954164,72.3557933908425,114.624695448442,107.314790062506,22.0728402413489,106.346735127767,109.399446964264,64.8676771419971,160.907437642415,65.9458896873533,87.0561747028769,58.1828979739795,0,0,194.808769226074,162.412181854248,186.89455205744,163.33171081543,170.162506103516,108.833621847218,0,94.2862074456247,173.082136789958,182.236297607422,132.002929536423,102.718685004307,102.912130991618,102.784542672724,0,120.966567436854,80.928491393132,95.5632289405289,161.78620379904,75.1093880688703,92.5212009358778,88.1404479953929,132.797190546989,169.409116644608,153.86648468924,108.028468322754,144.885711669922,150.74055153983,103.833505471224
47.2033680200413,96.1545739173889,55.9866015496615,39.2921146240348,12.2982430342817,105.355584537282,60.039464917318,15.3971058844712,67.7855544331245,34.0039503080269,13.1937417097783,120.878637342597,37.3754937433379,121.566377078786,74.1797023785459,68.1028704489431,21.6326801865627,101.583364252297,131.107520103455,124.238775634766,20.1400984551392,18.4072817390888,37.8863583750404,24.3831944839442,16.4725525354292,0,94.7361234614236,72.3557933908425,8.07569242644245,56.5533198284266,31.9929681430484,130.146043196968,112.557469644854,39.6125153523252,56.6681795492847,118.062840742223,102.858627319336,128.865326654343,50.6336623790652,84.1344596786499,175.107200622559,145.635835730511,100.416879893777,137.164275360107,64.7809897940499,118.810376612836,189.479167938232,130.076626945944,0,135.146652808556,120.371174621582,92.7983041127523,153.76255941391,0,174.563617706299,138.587931425675,99.9682985033308,59.3261681983913,118.611705965209,91.4516292848835,0,175.277331352234,138.984224160512,100.026190692016,136.907790758931,102.349232056562,237.555587768555,186.235898971558,113.471302947998,132.573115306295
10.9894251283861,111.201272365025,71.1819342514564,62.8838037706014,81.3044951839946,21.1844216619942,36.3346662632624,46.839046200975,29.7358013915669,66.8365339048903,83.8209554820807,62.9862923605632,84.6132036480428,81.727385213056,15.3471583110141,33.2633262603514,55.3518804524043,87.5601002321405,102.83929711801,99.5058435911109,83.3279168784963,53.2482591177288,56.5660486007005,59.7254253402499,70.7886221112703,89.1763054529826,105.845096237902,114.624695448442,56.5533198284266,8.37073895435203,19.166529993375,96.7868637457127,13.7055717070086,13.7984408574379,31.4247473399463,147.573427640475,134.208602905273,141.916972820575,78.7768687628881,107.959533309937,0,163.135850694444,132.59966145391,172.068571726481,91.0082822375827,159.811918778853,225.14372253418,180.837682088216,128.825336456299,168.123494122479,167.062418619792,99.3916221618652,170.687552315848,167.334289550781,154.147684733073,177.44165802002,115.667372930618,70.9765151630748,128.465643449263,129.732446436296,0,157.965099992423,151.940890972431,122.175577692023,163.895938732006,113.997156234015,0,0,117.308427249684,144.507915790264
19.4252121435294,101.649981150908,55.7101225749479,49.0439866326553,107.174591064453,108.850715637207,80.0688133239746,12.1704126145441,66.8922109603882,46.7484747613227,81.9319685231084,100.177727574685,67.2043495178223,122.732616258704,58.4868910216516,82.8538932800293,50.7699847351733,76.1277220484905,111.428137900613,90.4334820819039,0,16.4450688436072,44.164261593068,34.6292509413942,48.1774532857931,117.19930267334,99.4884137447525,107.314790062506,31.9929681430484,19.166529993375,9.21341659410713,133.879619598389,116.905427932739,37.3576357203759,38.698788745571,120.59494583695,132.335202534993,133.592172546387,58.8988116655193,178.993942260742,0,148.313191731771,106.833513596479,142.023973638361,53.7491181691488,145.677154541016,186.922119140625,0,191.291275024414,135.454506583836,0,89.2179074780694,157.073941724054,0,175.152030944824,0,99.5281690793617,60.0654993574749,104.322044246453,105.561895151607,141.468536376953,148.918986616463,145.410078653475,97.5053694284507,126.971725308165,100.026758784136,217.771591186523,169.307899475098,106.665486422452,122.146367492676
143.545389028696,65.9104992662157,83.5933057344877,62.420612438305,0,88.7421035766602,113.69491704305,152.066909790039,122.295869445801,144.155174255371,152.248992919922,35.1812421913779,0,9.24351030592008,106.780254017223,94.8329467773438,127.082188924154,87.8288740678267,56.9603209244578,65.0923717703138,0,142.265914916992,109.46694996046,115.792626120827,145.226486206055,44.0433526425748,24.0074526216143,22.0728402413489,130.146043196968,96.7868637457127,133.879619598389,6.96431418121214,95.7822036743164,158.361022949219,72.4533777264109,0,104.140544891357,143.800725301107,94.4402872721354,0,0,154.17301940918,0,0,176.679138183594,0,89.0156865273753,0,86.1830565194103,182.602722167969,0,204.988204956055,134.83101272583,98.7558867510627,106.451681137085,0,151.968017578125,132.956230163574,142.533805847168,0,76.2271781497531,99.5929993220738,100.072139055301,0,130.260116577148,0,97.7578567504883,134.851806640625,0,120.30650799091
73.388984494093,112.238456726074,107.062503814697,104.732925142561,116.860710961478,8.01411058818205,17.2188132929954,115.15682434082,22.9928456168163,111.005504407381,118.866105960894,60.8040969122702,107.493255360921,82.0687338511149,24.4235515381344,39.3926015853882,0,87.3328247070312,82.8660507202148,90.022439956665,117.991865860788,108.713857014974,118.144744307907,115.97708384196,116.122894727267,104.197380065918,86.8872253417969,106.346735127767,112.557469644854,13.7055717070086,116.905427932739,95.7822036743164,6.42043944496866,62.0642787085639,39.0798207397778,173.300903320312,0,0,118.967030479794,0,0,179.826324462891,199.223251342773,213.795875549316,133.968082427979,186.526087443034,142.649078369141,124.517601013184,0,198.224159240723,0,0,0,0,0,0,160.735137939453,126.612827301025,0,158.252459208171,119.336540222168,0,154.811152140299,164.687844848633,210.561965942383,172.315338134766,0,0,187.258224487305,182.012252807617
18.5555114961778,57.3806800842285,98.9791904796254,51.1024818911995,73.3661134781376,0,66.9694656958947,50.9740322316248,60.916154363881,54.9982690134356,69.6204409224264,104.908265855577,85.976158886421,0,26.7209372943381,32.8278636932373,46.6618362727918,103.936324225532,0,114.760533650716,76.856056382921,50.5649592439893,43.1305575986062,56.9632614680699,54.2631761033525,0,123.595204035441,109.399446964264,39.6125153523252,13.7984408574379,37.3576357203759,158.361022949219,62.0642787085639,7.49369087740583,17.0497152813249,149.097602844238,0,0,62.8711633682251,147.445248921712,168.129516601562,161.94482421875,112.890199661255,149.848864746094,90.0259227752686,135.66163459191,0,122.090456644694,0,137.601308550153,0,90.3928871154785,188.787322998047,0,0,0,98.8825276692708,57.3356467799137,98.5705642700195,114.250597146841,0,148.947662353516,0,108.305995874238,153.896755642361,101.579981122698,0,181.711074829102,103.994686671666,122.083518981934
56.2096766607203,64.4631878917535,50.2343070040044,59.5675301582583,78.4731142354566,32.2907266569375,55.4655954580513,65.8337465129033,45.7419057200032,71.7729696096833,82.216911315918,35.4763880126834,82.9471528053284,60.6021659001708,35.041699601507,23.8875606578329,63.7473151750882,33.6111519304391,61.4271914174052,46.7669299363544,80.3987326515095,33.7189500260642,61.748678977783,41.8532554809092,68.9869690639957,59.4621774743243,66.4106763938999,64.8676771419971,56.6681795492847,31.4247473399463,38.698788745571,72.4533777264109,39.0798207397778,17.0497152813249,11.9461192983864,151.917761409984,105.939129148211,97.1483766402321,76.9704039736492,145.426696777344,0,180.6009765625,134.672947095788,172.234369550432,88.8759333292643,149.321601174094,133.285487927889,192.725662231445,114.111117395861,163.285826596347,205.367477416992,121.47667078818,117.074079214808,118.323974609375,125.083171081543,174.932327270508,109.888027119187,70.7146140705455,109.511420152126,131.077618853251,100.112356821696,112.471562888033,105.828121477907,120.543181405139,146.585834503174,114.443284768325,139.763595581055,0,125.073051961263,120.583152477558
138.726916386531,0,151.632378318093,119.663762410482,129.464068094889,196.908676147461,170.94123840332,129.851434834798,159.12811126709,0,150.209620157878,197.523279825846,162.62678527832,166.163314819336,151.692698160807,0,101.861171722412,170.970422363281,0,180.907608032227,172.391143798828,115.310928344727,87.1652548653739,129.199334462484,125.536798303778,155.210052490234,173.991871425084,160.907437642415,118.062840742223,147.573427640475,120.59494583695,0,173.300903320312,149.097602844238,151.917761409984,8.48519616278231,125.084058125814,93.2728814903213,73.1841506405153,80.6162532713355,64.1456982748849,43.9628716203564,29.9479220764864,27.0043229450191,63.6743804931641,64.5599391320642,129.011926905612,82.842140942812,147.453994750977,10.9733958898232,26.8648595268076,61.5479809847745,101.357807058743,137.714228072256,123.952739865345,86.5528876677803,75.1429809430324,61.2196372484377,84.062453105701,65.7314099162424,149.554275512695,125.435729024735,128.406702811258,60.509659448663,14.0678077434826,25.8561628059176,157.824319458008,81.1576760235955,33.7158636635156,61.331814286767
158.224609375,81.3842220306396,77.4397475378854,114.114079793294,0,0,0,208.201354980469,0,0,0,95.6569421941584,0,86.5068999259703,0,0,137.851821899414,87.4270431518555,100.573686218262,86.5113620758057,0,90.7166748046875,107.030687332153,101.877710515803,0,51.8135635739281,86.3551088060651,65.9458896873533,102.858627319336,134.208602905273,132.335202534993,104.140544891357,0,0,105.939129148211,125.084058125814,6.62223571812793,39.7110151833239,17.8591403265233,0,0,0,129.731394086565,141.567993164062,61.7132740020752,0,66.697336259779,0,49.1634128593587,105.330309549967,0,75.6946240997314,58.9923075786094,72.1525246756417,64.9050484235897,0,95.2570858708134,22.974203898682,61.6879284766413,81.7355096236519,27.9418108227514,51.6605975050904,30.6277378426277,89.4430899620056,118.728487287249,111.197400512695,65.5293568929036,0,147.335726420085,60.6878347349872
148.610662954825,69.0457718081591,82.3384260459093,65.4243029785156,0,0,241.702163696289,160.765350341797,0,87.6741500854492,0,136.465507984161,0,121.858290100098,0,0,132.666776657104,100.068263002344,130.048882484436,117.500262827113,0,119.397595067178,92.1015943087064,93.1996410490258,133.636469014486,131.187147140503,91.6684654913005,87.0561747028769,128.865326654343,141.916972820575,133.592172546387,143.800725301107,0,0,97.1483766402321,93.2728814903213,39.7110151833239,11.3557954383328,39.7592030703197,125.901393890381,0,139.872383811257,86.4352793974035,125.559634853054,126.194076538086,133.039093865289,75.9616801021309,150.598327636719,84.7780826709889,114.020063374837,103.998191833496,92.1470824021559,37.384165398532,76.5924089050293,65.8280760777461,0,62.6951821359356,38.804540814628,20.3866094853982,109.39609668873,107.329002380371,30.2674201893286,23.6988389552894,60.7781704333507,115.738722197864,82.7494149174251,89.70038901435,144.543609619141,132.176332092285,60.2828742624919
68.3315594887247,68.2045593261719,74.2371908075669,20.5830377785128,87.7236747741699,114.434958457947,102.372875815944,62.4249487929608,92.6375526081432,26.4083791386847,106.269641113281,97.0103721618652,87.9955544722708,70.3424783789593,92.0684825969192,95.2726306915283,51.0702360104292,84.5441241162889,66.3984573364258,87.0394147985122,91.0963923136393,51.5024858978746,30.265137043129,51.5127714157104,54.2859825832392,49.731073306157,71.3373157978058,58.1828979739795,50.6336623790652,78.7768687628881,58.8988116655193,94.4402872721354,118.967030479794,62.8711633682251,76.9704039736492,73.1841506405153,17.8591403265233,39.7592030703197,27.9083827720078,58.4760330841605,116.1200768607,92.6700313418519,47.4892948138825,84.7814908668176,12.2893914142885,66.7794471992241,64.4151178706776,89.752346258897,41.767539916257,82.094697347829,62.4555925641741,47.0317409820781,59.3725667550986,79.5287558815696,61.3557093854974,94.6327224731445,52.207715499906,48.4375692069993,44.5039417113401,35.4896147576345,23.0550470437439,50.9766570806064,36.1949052093041,45.2439872501694,83.6006832052421,58.9486812629136,51.2977870848121,123.493841171265,59.9445380304093,62.8775262659246
111.47786957877,0,0,80.2037813822428,8.65188685979986,0,129.56292288644,118.303645048568,153.157637023926,89.1567509969075,69.0287842423948,211.152549743652,55.0860681987944,0,115.932444058932,69.0657272338867,0,0,0,0,20.6566305356867,162.756988525391,0,0,112.107449661255,0,0,0,84.1344596786499,107.959533309937,178.993942260742,0,0,147.445248921712,145.426696777344,80.6162532713355,0,125.901393890381,58.4760330841605,7.60597264981984,137.991404215495,50.9577572091885,51.3732686562972,84.8832437427227,24.8082989981008,13.7016023099829,161.647003173828,19.9812838699294,0,94.8699559121236,49.3104280112446,56.1966694798963,143.667671203613,0,0,10.1815959459696,142.567337036133,99.0074189129998,137.09617287772,13.6160944776524,0,152.349151611328,110.595102750338,10.852242858399,96.2908215591025,75.8544934590658,0,149.491739273071,82.972522298495,86.8354248794855
