10.1435469646528,0,86.2263060591517,67.7954948571078,89.4638309054905,116.079199981689,92.7520947999592,28.6549343701607,55.7910034286785,61.2215868716208,68.9998428344727,125.24307459051,85.7846729755402,142.313417707171,20.4598037490587,106.71555185318,85.3384571075439,93.2137457558472,145.19413287823,119.489895792841,82.8084182739258,72.2746100289481,69.4535060560847,83.1029685187679,78.3843454667822,0,106.149975824452,120.904622536006,76.5463004953721,20.3145915784235,27.5158506686341,164.091058349609,83.673303604126,37.6804740128817,61.0057572469873,128.664333343506,149.580551147461,149.925930601178,101.753753051758,126.95421295166,0,166.758585611979,119.394791412354,155.043695276434,116.276798793248,167.804948073167,0,102.620105743408,0,147.315681125807,171.294387817383,115.073623657227,196.168319702148,0,0,135.358413696289,132.546810150146,105.518602034625,143.610416705792,109.603028328188,0,194.344931284587,160.440295577049,124.737000009288,132.857063293457,119.022824605306,0,0,147.910868326823,158.372240702311
0,5.95342427717321,43.1075524091721,11.6586019046514,97.5823535919189,0,134.659046173096,107.479952494303,165.520286560059,70.0354396885039,132.670402526855,67.0630612021998,100.861694335938,51.2952126192759,134.271619796753,106.617041226091,51.0358271682472,55.0582594190325,75.4274997711182,59.1630893120399,0,80.7365531921387,25.6788499879805,72.6869916280111,78.0072631515375,24.9370143921547,51.0495246540416,28.3033437269693,128.21368338845,111.410650253296,81.8248952229818,75.9882632664272,148.059967041016,96.2311248779297,69.3908005952835,202.729797363281,8.56490135192871,104.256611506144,14.0887650406879,179.106658935547,0,0,143.824844360352,232.211776733398,109.512016296387,171.69750213623,91.5546518961589,0,88.9175054376776,213.967666625977,0,0,95.6628112792969,90.099230448405,108.376033782959,163.328643798828,0,51.8663702011108,109.651752471924,132.426203918457,68.1536815349872,94.7457594102429,90.267878759475,0,0,189.655136108398,148.028915405273,0,0,114.042484283447
86.2263060591517,43.1075524091721,11.2375832075101,45.500392083346,148.622255765475,164.236070632935,137.974600372314,86.9873966416491,117.112387167353,128.87303277218,107.884406258374,90.5397568061704,173.322080612183,86.1862724958147,108.44987245221,148.375792948405,74.6407844414145,36.1073105268154,92.0899178641183,77.4277888290755,177.993535614014,59.5850271631818,53.8965909117359,25.9874073442114,145.696567455928,139.811714172363,30.6240710131991,31.8141242036437,78.2581830518571,100.804350206269,72.7269808991238,92.8718796742113,156.305669701618,100.665804454259,58.6292832429168,150.210518114495,69.0351942242316,89.0325544935575,65.3007506402794,188.314188639323,0,181.741271972656,160.589538271465,180.883061325341,166.530487060547,184.54287516276,134.689205169678,168.75341796875,154.870677185059,176.445072481709,213.347015380859,103.037537832109,105.491227058011,153.219482421875,121.093509419759,187.010482788086,124.858684315401,63.0940834347434,96.6712947004031,147.973122415663,122.313323974609,106.245246058244,90.8848525188008,154.549317541201,175.609799702962,132.448264412258,140.425266265869,229.860504150391,226.80460357666,118.750890551873
67.7954948571078,11.6586019046514,45.500392083346,14.10386326263,62.0107564270951,108.294282277425,83.2452008289657,61.90784036791,80.8345390772648,22.4756246372068,72.2424303602898,70.0301456731908,82.6687335968018,54.6846890449524,83.2500820576061,91.9798471551192,40.4389603225221,63.7262610806764,98.3253039191751,72.0220313439002,76.8730974348765,50.1691349842969,23.6294399401148,47.8377634795629,45.8689819563089,33.2146298403794,55.8179384492199,36.0496007695505,54.4126521982126,72.2632493235848,51.8967500802562,87.2915156555176,116.725672912598,51.0243225638748,66.7852132360008,76.3804206848145,24.8184647058186,68.708478474617,13.9693224027559,89.4597196578979,0,85.2549650404188,90.3124343385088,101.130177516563,26.394037882487,95.9191718823982,89.3497700691223,0,97.5591204716609,111.564449310303,0,60.5008409537521,78.4230730874198,190.917953491211,96.3047815958659,96.4987945556641,65.5036654905839,15.3637696926988,79.4196728090697,73.0622870036534,67.3198116166251,97.1200451937589,67.0230264019098,96.3926869815158,115.1261027943,79.6097876507303,118.753377278646,181.357269287109,116.703241984049,87.0137019524207
89.4638309054905,97.5823535919189,148.622255765475,62.0107564270951,10.4717062294578,111.104675292969,50.1855656200985,50.7118035467047,88.9548298197408,36.3084486102064,24.1169293573647,160.020511627197,29.6094269580069,169.511680603027,106.747913020526,64.6101645689744,90.8088956560407,160.914228166853,190.849853515625,0,13.7137548866581,131.020346505301,76.2898712158203,111.786664145333,23.4469049946602,0,174.061368306478,122.45178406814,16.5593262172149,96.050786291152,93.6429318745931,172.160751342773,127.065070065585,80.0735454882606,95.9729974789727,109.894391741071,0,175.655090332031,86.7600042679731,20.9467297882624,214.766586303711,136.420097702428,116.893522107923,153.723770275451,73.7507478078206,106.702926472539,0,33.0826430965391,0,147.721450458873,91.3992767333984,135.589859008789,195.158805847168,0,0,28.9944956378458,0,117.464543660482,151.394638061523,87.4839091772017,0,158.607246398926,174.904298909505,69.4748060441837,140.999120076497,141.43196105957,0,0,167.767860412598,107.731697531307
116.079199981689,0,164.236070632935,108.294282277425,111.104675292969,7.53072388756825,12.4006885695302,109.343800713034,24.0204702898268,82.9046074793889,106.099155034774,65.2617641139675,85.3867560950193,86.4800270928277,23.6625296194425,15.9825984848469,104.493156433105,161.074926757813,88.0292892456055,0,101.808195368449,103.230569839478,111.721315002441,132.837535184972,111.446939286732,0,114.421920776367,128.895254696117,120.267216866476,25.7606151955468,102.988426208496,94.9092960357666,8.45584323733235,0,38.9436196857029,0,0,0,0,116.568450927734,0,190.733037312826,178.066899617513,172.055137634277,137.152908325195,196.143758138021,0,149.55309677124,0,0,0,0,0,0,0,0,0,106.974014282227,209.7880859375,161.12683391571,0,0,229.045936584473,161.786307594993,0,0,0,0,0,0
92.7520947999592,134.659046173096,137.974600372314,83.2452008289657,50.1855656200985,12.4006885695302,11.8890005345113,66.4984466061321,19.9792622413854,75.6340209668437,29.3752595135471,96.89216086978,24.0174923645082,137.303385615349,39.9969964743422,16.8051709256514,115.157706197103,158.499352888627,115.780780958093,146.725140889486,40.355559490157,114.664213498433,97.0799562858813,127.232379820289,80.4592771849656,153.054910024007,159.137807758038,151.059286642766,75.8220278958815,59.7209795166916,114.83049864996,124.114398193359,13.2204141447242,98.0564153920049,81.433006266276,173.120468139648,184.449340820312,196.020566940308,103.63951751709,117.96025060996,200.125595092773,157.90386444483,139.566553694479,162.303548271976,140.774829864502,151.831292299616,0,70.2678255988556,0,166.486799053117,184.730316162109,175.238082885742,170.620595296224,0,205.522674560547,148.505970967611,179.616083780924,135.135255432129,179.36060333252,125.119614556292,0,173.688201904297,190.918862178408,141.474141082201,176.173457058993,159.05668258667,0,0,158.341379605807,177.300254821777
28.6549343701607,107.479952494303,86.9873966416491,61.90784036791,50.7118035467047,109.343800713034,66.4984466061321,10.7259861847526,61.850689003632,54.0676415383548,15.136381058386,154.672761253689,97.6143820157615,159.399505310059,40.069170850375,80.2888751243477,90.8811423632563,101.989721230444,170.241162468405,130.797512160407,88.1547259899101,64.3863001985615,77.9624957158015,71.9576089456788,60.4222055194495,195.943344116211,122.653205762967,110.442859036415,30.4490485319497,60.4103043799661,22.8260386847907,160.26293041088,117.865398700421,64.2350770614959,78.7910680068704,128.851097370016,135.831470142711,162.283625720019,94.678778544966,131.146025814588,0,134.712849595812,122.008033781016,136.609745955794,95.6547410964966,130.352341210528,0,145.051606781629,224.534225463867,142.56771161687,128.637252807617,195.256064097087,177.384279886882,0,191.005831400553,128.584907673023,159.675704956055,118.710729491036,153.158943046958,103.938865445184,202.346389770508,183.764821308415,161.34166837293,117.749479764199,148.021737730348,134.792336872646,0,183.002490234375,130.64272930004,146.985976574468
55.7910034286785,165.520286560059,117.112387167353,80.8345390772648,88.9548298197408,24.0204702898268,19.9792622413854,61.850689003632,12.8047198720095,73.7106707477505,37.4850677490443,86.9511554770999,84.9411364007375,135.778845521593,18.9235308229301,34.0348454100187,120.861415439182,133.157054181369,112.343776448568,142.045921497131,84.0238428417232,97.9844727441278,95.5113186707368,106.662411157723,83.5866385290131,120.420682525635,141.934710662943,144.742750673328,81.9781750179895,39.9372754822478,89.8649285913824,133.477766604037,18.9641442413711,95.5249640886174,69.125909413389,153.12418348139,165.156147883489,179.95931965031,110.602131201296,136.408678001828,207.212463378906,150.605783775205,138.530252118483,153.368557484157,121.802651950291,145.18270688097,224.159843444824,139.619877875606,238.85139465332,161.372412159329,161.057678222656,179.804016113281,194.707824707031,208.24821472168,193.689276695251,148.770209572532,173.729682922363,136.602877649768,179.442519632975,125.355835484765,0,190.513127511008,183.869963911982,136.591277663185,166.147614181042,157.700531005859,0,200.524952479771,155.402612643772,170.33253901555
61.2215868716208,70.0354396885039,128.87303277218,22.4756246372068,36.3084486102064,82.9046074793889,75.6340209668437,54.0676415383548,73.7106707477505,8.25776842941407,71.2906152937147,130.848869564659,15.0258700246826,125.603009212976,79.1450840428756,24.2623451764102,70.7468368419703,126.086067601254,161.366490681966,155.111404418945,64.4238422107696,74.4774500039908,24.2878659785388,90.2041254170736,20.0210453366428,104.861362626817,144.42219361015,104.85678367341,48.2373606437597,74.6126791127523,51.9436881067898,140.993270874023,108.163717571058,57.6445746788612,81.0864688131544,109.818887498644,0,163.289096650623,55.9733594258626,93.706396647862,170.769424438477,114.66940053304,90.8326143948537,111.197634114848,56.2851603898135,109.554235331217,207.110458374023,86.8030248641968,158.29084777832,113.344371652603,57.2704620361328,172.521987915039,141.64910736084,0,0,101.832431793213,94.3698806762695,99.0319147109985,123.501470565796,76.9130881102189,143.400582631429,178.311688509854,165.6470897968,99.1870933155437,110.655561006986,98.4157691955566,183.223551432292,0,114.270214080811,140.227795687589
68.9998428344727,132.670402526855,107.884406258374,72.2424303602898,24.1169293573647,106.099155034774,29.3752595135471,15.136381058386,37.4850677490443,71.2906152937147,11.6091271825181,157.317665987237,22.2295402632936,173.886093139648,65.2526184852699,75.682780056465,107.869110834031,140.004439060505,180.05654296875,175.055352347238,17.0683899456342,92.3158483283464,102.196963661595,98.3145100993495,67.3252501847523,177.436401367188,151.701520220834,125.166173604329,28.2303498735359,87.0547586253293,93.1104731601951,183.476413302951,122.736696460579,79.2674608809499,91.0165529891694,170.219437408447,146.571600777762,172.901852199009,112.299690022188,64.8017817117828,200.554122924805,149.974257386406,132.695499404138,151.183193879969,117.770045689174,141.208250186445,0,83.549129125738,220.736282348633,162.730352401733,139.408200581868,171.186805725098,176.604545593262,0,182.418914794922,137.624363995981,178.932469685872,133.939529927572,179.99142964681,112.616593748277,0,184.352944268121,179.433640715364,134.726800981946,167.924943068932,153.815795898438,0,212.937705993652,160.127650385318,168.449463399251
125.24307459051,67.0630612021998,90.5397568061704,70.0301456731908,160.020511627197,65.2617641139675,96.89216086978,154.672761253689,86.9511554770999,130.848869564659,157.317665987237,11.1678030869729,145.653908843994,18.8745709626868,78.2460991173634,107.68763478597,129.892120361328,46.5133174380211,20.0369969381705,17.9458588277405,144.549387061078,98.6383306980133,97.5681910296671,88.6246238564545,153.888321371639,34.3522374765229,27.5435006988358,55.6945253389299,158.097267150879,62.0729219965247,111.781417545519,36.79667037752,64.5787503152317,106.810126834446,27.283811504311,175.678047180176,91.0691423416138,129.011564081365,97.6150728861491,0,0,202.397674560547,218.256355285645,197.690800984701,166.686874389648,231.288070678711,72.3336681443818,228.494384765625,69.6572702407837,212.222617013114,0,149.281661987305,149.213909573025,89.0152772845644,93.5387827555339,246.212509155273,133.482650756836,94.8695958455404,145.451826095581,184.270490646362,60.040247939703,101.423015003204,97.0490245696037,191.472880045573,154.501266479492,175.626541137695,85.1009501407021,0,0,120.524876912435
85.7846729755402,100.861694335938,173.322080612183,82.6687335968018,29.6094269580069,85.3867560950193,24.0174923645082,97.6143820157615,84.9411364007375,15.0258700246826,22.2295402632936,145.653908843994,10.2616132301473,164.112659454346,98.5530755822003,15.4430677557458,130.75277557373,213.892456054688,172.490335083008,153.118709564209,17.1814049865999,95.5705986022949,85.1430235968696,164.631150563558,32.5565969122891,148.320098876953,186.006671905518,151.755704706365,53.7073778674396,101.379590792919,142.560678482056,167.705450875419,107.471064094159,94.62024974823,97.5859693510343,142.867430114746,0,0,108.60453414917,55.0548859517509,0,51.3187888872505,141.296177203839,99.8505318150376,68.5700999668666,56.3356040544662,143.299163818359,18.3213804657836,0,98.1238821120489,69.6135686238607,0,0,0,0,16.8950352932929,0,205.843231201172,112.045082092285,118.938131956297,0,168.262786865234,189.805081176758,133.630976083144,97.8472516498868,177.85107421875,0,127.587547302246,125.457171122233,97.5087857130097
142.313417707171,51.2952126192759,86.1862724958147,54.6846890449524,169.511680603027,86.4800270928277,137.303385615349,159.399505310059,135.778845521593,125.603009212976,173.886093139648,18.8745709626868,164.112659454346,7.41746419681268,120.962111207628,154.987648773193,125.680170694987,89.9616681267233,46.8926022370656,62.9743555273329,198.609680175781,135.533262634277,86.4161696853389,138.563187876055,142.04138287395,19.4042848746989,42.9181032990357,38.0756021733,158.420192494112,97.1263556898686,153.469796614213,18.2710709114017,89.0345074148739,133.859278869629,51.5555651544586,184.069679260254,90.9076677469107,142.131176160729,86.3970860072545,209.454483032227,0,0,202.93293762207,218.112258911133,162.782048906599,198.567749023438,66.2072732795789,0,56.673142631967,213.609854125977,0,170.737426757812,136.850878397624,85.7034290858677,92.8481823402115,220.902282714844,210.937911987305,119.891959490095,173.621711730957,163.521682739258,48.2645330578628,90.9872917350179,83.5282603422801,216.463427225749,194.925064086914,0,83.6549913337432,0,0,115.337543945313
20.4598037490587,134.271619796753,108.44987245221,83.2500820576061,106.747913020526,23.6625296194425,39.9969964743422,40.069170850375,18.9235308229301,79.1450840428756,65.2526184852699,78.2460991173634,98.5530755822003,120.962111207628,10.9899780449798,37.3499245701767,117.398193652813,116.29768128529,112.664755156546,128.836320422945,96.8075844909668,96.5590334934975,87.3669748862228,99.9584328114352,97.0116608732703,112.678024800618,128.325863479068,139.709282672766,92.9883274149634,25.1509367623103,62.5427741820682,118.306376865932,16.2642007122241,74.7106737959276,56.3465426239928,151.661660671234,155.458100752397,177.206161996593,111.439597583208,137.651702608381,207.094886779785,178.337008406476,144.675541836791,166.106244911268,123.76653014289,163.435724300808,214.401306152344,121.299934618401,207.387115478516,166.091217307157,160.992691040039,137.227084350586,192.474964396159,235.031051635742,211.337646484375,164.36036119963,154.618403625488,121.234749603271,166.034400814869,134.114603027584,0,186.320227305094,176.9450544746,140.563199735776,170.067650619818,151.690857296898,0,212.676849365234,155.846362885975,170.331490652902
106.71555185318,106.617041226091,148.375792948405,91.9798471551192,64.6101645689744,15.9825984848469,16.8051709256514,80.2888751243477,34.0348454100187,24.2623451764102,75.682780056465,107.68763478597,15.4430677557458,154.987648773193,37.3499245701767,7.82900843451908,101.505416870117,0,122.890918731689,153.000729878743,56.3405379334059,114.278516133626,78.4097711642583,129.222034454346,45.9846962027095,143.650074386597,167.383985246931,135.182594527741,74.6623840529684,56.1481444381532,131.025375366211,0,39.6316898995452,96.2816276550293,81.3754079238228,170.46418762207,0,0,98.5174827575684,83.926762898763,0,147.038688659668,145.528714497884,176.055932617187,86.4629058837891,149.252646636963,225.299850463867,64.5352307833158,194.086952209473,202.048309326172,77.799732208252,138.032669067383,191.050354003906,0,0,146.035185677665,0,118.343173980713,186.916437784831,137.814098834991,0,197.960713704427,167.402773175921,141.309133529663,185.220342000326,154.008728027344,0,0,143.049041748047,0
85.3384571075439,51.0358271682472,74.6407844414145,40.4389603225221,90.8088956560407,104.493156433105,115.157706197103,90.8811423632563,120.861415439182,70.7468368419703,107.869110834031,129.892120361328,130.75277557373,125.680170694987,117.398193652813,101.505416870117,14.7201454153816,91.3523658752441,143.657592773438,118.622613525391,0,19.2540461601086,29.202695028076,18.7687544479559,43.3029963895144,95.363518348107,116.210475215205,32.6132552057163,47.5811028331828,80.6011091420348,70.0908777593256,118.333690643311,187.044189453125,63.9803931644985,70.4082723374062,130.581150054932,101.71231842041,111.68161553603,58.8371205009153,163.598152160645,0,0,131.710961405436,166.838946024577,106.173343658447,149.961973571777,146.136169433594,0,0,132.447809392756,0,21.0205605956061,147.082209777832,152.762466430664,132.535842895508,0,96.9383887605234,56.5347494112028,67.2174012980076,103.936098734538,0,145.528888702393,103.576481236137,109.175708770752,116.865960065056,106.259798115697,0,0,101.35912399292,112.268843277641
93.2137457558472,55.0582594190325,36.1073105268154,63.7262610806764,160.914228166853,161.074926757813,158.499352888627,101.989721230444,133.157054181369,126.086067601254,140.004439060505,46.5133174380211,213.892456054688,89.9616681267233,116.29768128529,0,91.3523658752441,8.92899478948405,58.0127109527588,18.2573903401804,193.288028717041,50.1557073399008,81.9675171351669,22.522846455543,137.998378512226,83.5374794006348,26.9910351762274,63.1790197224234,123.098777016441,94.4589001359022,68.1036748932554,97.1108527550331,168.483738490513,79.3862338698054,35.0015855414415,169.615518423227,75.5536976079831,99.5496612717124,67.6636967542695,0,0,0,172.116665068127,192.083879470825,0,182.488632202148,133.5359375,0,151.349304199219,189.507849216461,0,121.642361450195,110.602440869367,0,121.471919589572,0,145.350905282157,82.0302459625971,117.44036632114,169.763051350911,87.3147163391113,100.998994105412,99.0271884392418,182.17764546321,175.019241333008,171.777609931098,148.826507568359,0,125.36548614502,121.669478178024
145.19413287823,75.4274997711182,92.0899178641183,98.3253039191751,190.849853515625,88.0292892456055,115.780780958093,170.241162468405,112.343776448568,161.366490681966,180.05654296875,20.0369969381705,172.490335083008,46.8926022370656,112.664755156546,122.890918731689,143.657592773438,58.0127109527588,7.03234180195836,10.4844487001048,166.181777954102,164.873479207357,110.193105697632,100.569094005384,166.279695783343,42.9551604050856,24.1159620532621,59.1242690473241,172.502358176491,89.8376246669836,114.573373031616,48.6728383459226,91.1004462864088,123.768614027235,58.7273646215249,0,106.611892700195,152.345927647182,120.761053085327,0,0,0,228.029312133789,223.718994140625,0,0,94.466495513916,0,98.6494518518448,240.337409973145,0,0,0,96.3355344136556,95.1181032657623,227.724395751953,0,0,180.659994506836,0,67.8448378521463,100.017148941282,101.927110960158,239.855422973633,0,0,121.315937587193,0,0,111.514570236206
119.489895792841,59.1630893120399,77.4277888290755,72.0220313439002,0,0,146.725140889486,130.797512160407,142.045921497131,155.111404418945,175.055352347238,17.9458588277405,153.118709564209,62.9743555273329,128.836320422945,153.000729878743,118.622613525391,18.2573903401804,10.4844487001048,9.61300563945538,0,86.0842111973675,112.131266403198,69.0924810786342,159.98809634938,44.2713011423747,25.7940493832732,66.6998457056995,132.42756333462,105.288682597024,90.6806761775809,62.7382670749317,99.8188400268555,94.2480795118544,40.6803437877157,183.281063079834,81.4998916957689,119.800601323446,69.1108288235135,0,0,0,195.740655517578,174.87727355957,0,215.536880493164,124.648721694946,0,99.201886829577,222.443389892578,0,148.065689086914,118.850897047255,103.622888565063,107.205373617319,0,153.501754760742,133.894462585449,151.564108415083,198.7887840271,71.3323172160557,96.0566116333008,98.7375731542474,193.318557739258,235.946090698242,167.310882568359,110.042214529855,0,0,102.393097287133
82.8084182739258,0,177.993535614014,76.8730974348765,13.7137548866581,101.808195368449,40.355559490157,88.1547259899101,84.0238428417232,64.4238422107696,17.0683899456342,144.549387061078,17.1814049865999,198.609680175781,96.8075844909668,56.3405379334059,0,193.288028717041,166.181777954102,0,9.86129482484655,142.691207885742,124.965929985046,161.633052825928,23.0222106872038,0,183.577983856201,170.415614827474,27.6694938494099,97.8668260111682,141.03464050293,218.66088104248,118.153289944518,86.8469197890338,96.725480883309,150.821556091309,0,194.306106567383,88.0400714874268,31.9801289074779,0,142.75399017334,141.197449757503,147.322300229754,68.0284423828125,133.227546069784,0,20.7076039854437,0,155.966768091375,88.7214088439941,0,163.322784423828,0,0,26.0749382975158,154.641067504883,189.082870483398,202.171936035156,85.8734910595283,0,0,188.328582763672,51.6141671170471,167.430830302991,0,0,0,156.458994547526,140.217961120605
72.2746100289481,80.7365531921387,59.5850271631818,50.1691349842969,131.020346505301,103.230569839478,114.664213498433,64.3863001985615,97.9844727441278,74.4774500039908,92.3158483283464,98.6383306980133,95.5705986022949,135.533262634277,96.5590334934975,114.278516133626,19.2540461601086,50.1557073399008,164.873479207357,86.0842111973675,142.691207885742,12.4456351638571,48.643368617833,27.7485673869436,18.6714312764995,134.362569173177,99.6579481514778,73.3261030012739,23.015213214538,61.4367629126006,30.8399744991825,143.90620803833,129.237571716309,48.1476760569627,44.1625217913252,110.316823323568,130.079627990723,132.063862813314,64.9906472192294,138.217216491699,158.227142333984,157.142961774554,118.639335058069,161.32948104195,102.019729614258,164.615320205688,159.690155029297,186.310684204102,0,134.0523816277,182.456751505534,102.999820858824,168.180006663005,0,169.118464152018,0,110.062771293852,65.6114325949369,110.671603217313,103.857458415784,0,149.399462381999,134.733732548466,109.827963511149,120.765998996034,107.9555519927,0,0,106.966438293457,114.244245217063
69.4535060560847,25.6788499879805,53.8965909117359,23.6294399401148,76.2898712158203,111.721315002441,97.0799562858813,77.9624957158015,95.5113186707368,24.2878659785388,102.196963661595,97.5681910296671,85.1430235968696,86.4161696853389,87.3669748862228,78.4097711642583,29.202695028076,81.9675171351669,110.193105697632,112.131266403198,124.965929985046,48.643368617833,7.50189370778603,45.2651800579495,31.1278797564633,69.3839039287816,104.958377785879,39.1188854552223,54.5508339260109,64.5856377169383,50.4092014053085,105.25302696228,119.734445571899,46.1519413112854,55.4445745411588,106.476854112413,93.7838916778564,101.880972515453,44.0234400675847,133.425197601318,0,173.935329437256,101.481152205034,132.234006881714,95.0543594360352,152.804688887163,107.469387054443,113.865325927734,117.539077758789,114.789122232577,0,49.9956910295307,140.163533528646,113.613494873047,143.530736287435,131.875729878743,82.2865734758048,13.0521442980236,66.8854715262249,88.567668241613,109.473096720378,146.817612542046,73.2027428362953,86.0589843251597,117.502029750658,83.9888535605537,142.275057474772,0,111.368022494846,106.877647399902
83.1029685187679,72.6869916280111,25.9874073442114,47.8377634795629,111.786664145333,132.837535184972,127.232379820289,71.9576089456788,106.662411157723,90.2041254170736,98.3145100993495,88.6246238564545,164.631150563558,138.563187876055,99.9584328114352,129.222034454346,18.7687544479559,22.522846455543,100.569094005384,69.0924810786342,161.633052825928,27.7485673869436,45.2651800579495,15.3923792845758,67.9825938912012,130.032173156738,64.2957267260772,45.416407309768,49.2295914971924,89.580488091568,50.4936170954696,127.539417613636,147.047619468287,77.2032203475634,48.3425671740526,151.063378707222,86.0682299137115,99.459170967278,61.7124707480388,169.943222045898,0,195.299848937988,148.965157267253,175.211081996109,130.476202392578,176.208555802055,179.674346923828,155.465805053711,168.34592183431,173.141147945238,0,71.0038503050054,124.248874427998,0,138.863801956177,196.300689697266,105.636523644656,64.231430909664,99.3435040018061,125.148408951298,136.504081726074,124.706441929029,101.240704252899,131.832596323598,135.902450298441,107.274975019632,0,218.894744873047,116.308239440918,117.197035758726
78.3843454667822,78.0072631515375,145.696567455928,45.8689819563089,23.4469049946602,111.446939286732,80.4592771849656,60.4222055194495,83.5866385290131,20.0210453366428,67.3252501847523,153.888321371639,32.5565969122891,142.04138287395,97.0116608732703,45.9846962027095,43.3029963895144,137.998378512226,166.279695783343,159.98809634938,23.0222106872038,18.6714312764995,31.1278797564633,67.9825938912012,10.2864474205295,115.027100431705,148.184264871809,94.4654431563395,19.8369332042565,88.3917254769813,71.8685355632863,160.73223223005,130.922427250789,73.2068679194297,89.2337739527726,116.463470790697,128.943286350795,153.412263887423,74.4737550592932,112.981170293447,169.439417521159,126.978362626296,108.636003660408,128.347509998531,86.1705534914707,120.243787034609,194.228225708008,126.524141610837,194.435886928013,129.890676000097,108.107423782349,80.0129308064779,170.490310668945,211.26042175293,225.669662475586,116.423816621766,117.585510253906,84.2385803971972,146.290189691492,93.3598549387894,178.741680908203,189.96080410865,152.495501726523,106.936763541568,135.139010639934,117.136167014517,177.187896728516,164.144912719727,122.569225426876,131.005903955716
0,24.9370143921547,139.811714172363,33.2146298403794,0,0,153.054910024007,195.943344116211,120.420682525635,104.861362626817,177.436401367188,34.3522374765229,148.320098876953,19.4042848746989,112.678024800618,143.650074386597,95.363518348107,83.5374794006348,42.9551604050856,44.2713011423747,0,134.362569173177,69.3839039287816,130.032173156738,115.027100431705,6.8843948980227,39.6582104255413,30.3701836684201,136.507799421038,127.621602058411,0,53.088503332699,78.6390075683594,0,51.1473588710878,0,75.655793428421,116.041015625,53.9556231322112,176.933654785156,0,117.861442565918,0,0,114.502769470215,190.759063720703,59.1267404376336,0,57.8579725989683,195.590957641602,0,134.763900756836,100.739315032959,77.0810439369895,79.3259725923891,0,0,94.5265172322591,150.790837605794,138.803604125977,35.5602752915744,75.266780735443,65.8700411099789,0,157.144561767578,159.441101074219,73.0741849196585,0,0,112.510459606464
106.149975824452,51.0495246540416,30.6240710131991,55.8179384492199,174.061368306478,114.421920776367,159.137807758038,122.653205762967,141.934710662943,144.42219361015,151.701520220834,27.5435006988358,186.006671905518,42.9181032990357,128.325863479068,167.383985246931,116.210475215205,26.9910351762274,24.1159620532621,25.7940493832732,183.577983856201,99.6579481514778,104.958377785879,64.2957267260772,148.184264871809,39.6582104255413,14.77765017546,27.425783958673,141.444122130057,110.413388975181,99.3177301722529,22.0432264034947,112.102332626564,97.4962991476059,55.3871325224996,181.802741786412,73.7666329453928,100.761970793508,74.4902580461127,203.975413004557,0,198.21955871582,174.848009435142,196.303974882085,165.697360992432,182.440035138811,102.139658829262,0,98.7873162307308,188.884564336141,216.816986083984,131.004890441895,112.899280268972,102.502146227606,97.8514702260791,0,164.821197509766,99.1953178228334,133.497475390164,188.666393432617,70.2855682809012,91.3073703194642,92.7594959244861,198.498314819336,179.297016746119,159.699557136087,105.577191829681,130.623413085938,169.784265136719,108.824880559394
120.904622536006,28.3033437269693,31.8141242036437,36.0496007695505,122.45178406814,128.895254696117,151.059286642766,110.442859036415,144.742750673328,104.85678367341,125.166173604329,55.6945253389299,151.755704706365,38.0756021733,139.709282672766,135.182594527741,32.6132552057163,63.1790197224234,59.1242690473241,66.6998457056995,170.415614827474,73.3261030012739,39.1188854552223,45.416407309768,94.4654431563395,30.3701836684201,27.425783958673,14.7984473556081,78.6226392206284,118.619147031565,100.812127258436,24.4484245526116,121.940185546875,112.994453947423,61.3165779519017,172.311906547957,69.4642399723493,91.9067210460977,54.4315190279228,191.518505096436,0,189.477331978934,165.072648977304,187.324788135848,156.163774663752,188.59420366985,104.28696403947,188.127545674642,93.8078797389935,179.682241723241,0,104.104148494124,109.043465067652,100.809092559814,101.242999680392,188.395655314128,127.042978745098,60.3176680656951,99.2625507146106,149.715152089189,65.0649520024321,93.3998214490776,90.3623193635724,157.101175381587,168.047244443732,144.046121838023,107.070841598511,167.718532562256,145.078899928502,112.415873687121
76.5463004953721,128.21368338845,78.2581830518571,54.4126521982126,16.5593262172149,120.267216866476,75.8220278958815,30.4490485319497,81.9781750179895,48.2373606437597,28.2303498735359,158.097267150879,53.7073778674396,158.420192494112,92.9883274149634,74.6623840529684,47.5811028331828,123.098777016441,172.502358176491,132.42756333462,27.6694938494099,23.015213214538,54.5508339260109,49.2295914971924,19.8369332042565,136.507799421038,141.444122130057,78.6226392206284,10.8625716272779,82.3202165301613,37.1088807799071,164.483629079965,133.178330830165,63.1125791391913,64.5177812516689,116.024501932078,133.868024553571,154.911328878158,80.0644559452042,37.2407702339626,0,134.177691133792,113.859471139701,133.967072239818,94.6594830830892,126.053355386652,198.683692932129,134.183068886078,214.738494873047,134.499070428919,144.931266784668,103.531512490634,166.018345424107,203.700210571289,193.108793640137,121.23628002246,116.295386547179,83.0126313671623,136.206225730853,100.304812087853,184.982854207357,188.761837230009,152.890171226414,112.91210238559,138.956726833164,109.887185027634,0,176.427359263102,125.933833972828,134.790263341478
20.3145915784235,111.410650253296,100.804350206269,72.2632493235848,96.050786291152,25.7606151955468,59.7209795166916,60.4103043799661,39.9372754822478,74.6126791127523,87.0547586253293,62.0729219965247,101.379590792919,97.1263556898686,25.1509367623103,56.1481444381532,80.6011091420348,94.4589001359022,89.8376246669836,105.288682597024,97.8668260111682,61.4367629126006,64.5856377169383,89.580488091568,88.3917254769813,127.621602058411,110.413388975181,118.619147031565,82.3202165301613,10.290987116257,19.2354080204399,97.4788312045011,9.33823664646327,12.9168626021902,34.847830277709,144.500809805734,125.555468241374,163.301916122437,92.3519103471623,131.782714580667,0,179.622010003953,138.613523667858,167.947910853795,119.52233022054,175.964313185359,0,122.794467163086,129.030662536621,156.997505914597,0,114.585789271763,175.683036804199,0,205.253397623698,180.864255087716,115.427615079013,87.679871414647,165.600494596693,127.14690488552,160.091522216797,173.065701293945,157.834900856018,134.16678051737,179.455454508464,124.021267746434,0,208.312591552734,135.55580368042,162.558558327811
27.5158506686341,81.8248952229818,72.7269808991238,51.8967500802562,93.6429318745931,102.988426208496,114.83049864996,22.8260386847907,89.8649285913824,51.9436881067898,93.1104731601951,111.781417545519,142.560678482056,153.469796614213,62.5427741820682,131.025375366211,70.0908777593256,68.1036748932554,114.573373031616,90.6806761775809,141.03464050293,30.8399744991825,50.4092014053085,50.4936170954696,71.8685355632863,0,99.3177301722529,100.812127258436,37.1088807799071,19.2354080204399,10.3460689144789,180.168511962891,118.508252825056,32.1592604457558,33.9321798291434,121.139965708663,138.451068878174,148.533882603501,71.3133794272818,142.518745422363,0,144.173715209961,115.400679498656,141.254393184886,102.543088640485,149.966304979826,172.116729736328,177.016021728516,0,134.794139862061,0,99.0460286043128,154.388390677316,0,171.818227132161,189.698450724284,110.976705512222,70.603761620955,131.154737584731,103.104273347294,0,160.132257403749,142.86027458454,109.21168024292,128.071321340708,110.886811661394,208.735916137695,0,116.86164486047,121.200520360193
164.091058349609,75.9882632664272,92.8718796742113,87.2915156555176,172.160751342773,94.9092960357666,124.114398193359,160.26293041088,133.477766604037,140.993270874023,183.476413302951,36.79667037752,167.705450875419,18.2710709114017,118.306376865932,0,118.333690643311,97.1108527550331,48.6728383459226,62.7382670749317,218.66088104248,143.90620803833,105.25302696228,127.539417613636,160.73223223005,53.088503332699,22.0432264034947,24.4484245526116,164.483629079965,97.4788312045011,180.168511962891,6.86013966504838,102.588362909132,0,68.0382883071899,229.834070841471,109.538831075033,149.620028409091,91.9393711090088,0,0,235.062301635742,211.784759521484,239.390159606934,167.966445922852,0,88.2948929636102,0,88.006388483292,226.779102325439,0,0,167.104200998942,99.3815571376256,97.3180577959333,0,129.901443481445,117.951976776123,187.196731567383,203.156253814697,69.4529863993327,101.666451906828,100.499373562513,229.042877197266,174.881439208984,181.995162963867,103.169392776489,0,0,136.070358276367
83.673303604126,148.059967041016,156.305669701618,116.725672912598,127.065070065585,8.45584323733235,13.2204141447242,117.865398700421,18.9641442413711,108.163717571058,122.736696460579,64.5787503152317,107.471064094159,89.0345074148739,16.2642007122241,39.6316898995452,187.044189453125,168.483738490513,91.1004462864088,99.8188400268555,118.153289944518,129.237571716309,119.734445571899,147.047619468287,130.922427250789,78.6390075683594,112.102332626564,121.940185546875,133.178330830165,9.33823664646327,118.508252825056,102.588362909132,5.28642301274369,138.924021402995,33.8055397001968,197.69287109375,0,0,0,171.405319213867,0,190.447616577148,184.524243672689,203.388624827067,0,211.206466674805,0,174.057178497314,0,193.968447875977,0,196.122085571289,0,0,142.486419677734,195.530326843262,167.318603515625,104.521392822266,181.781707763672,167.18275642395,154.625312805176,159.205322265625,175.881818498884,168.314708455404,189.224914550781,180.79833984375,0,0,193.564361572266,170.972595214844
37.6804740128817,96.2311248779297,100.665804454259,51.0243225638748,80.0735454882606,0,98.0564153920049,64.2350770614959,95.5249640886174,57.6445746788612,79.2674608809499,106.810126834446,94.62024974823,133.859278869629,74.7106737959276,96.2816276550293,63.9803931644985,79.3862338698054,123.768614027235,94.2480795118544,86.8469197890338,48.1476760569627,46.1519413112854,77.2032203475634,73.2068679194297,0,97.4962991476059,112.994453947423,63.1125791391913,12.9168626021902,32.1592604457558,0,138.924021402995,7.81619969688444,17.2085481390558,124.79486656189,0,141.548494611468,60.6913011991061,151.667269388835,0,146.426399230957,113.123899078369,147.219554901123,113.491649627686,153.976306152344,0,156.112121582031,0,158.052189220082,0,103.021760123117,155.518783569336,0,180.577941894531,165.885833740234,103.477075304304,68.5845898219517,136.838901519775,109.113022663554,0,191.728996276855,150.124449077405,107.478180835122,132.873402404785,108.095183979381,0,0,131.795780181885,138.339639282227
61.0057572469873,69.3908005952835,58.6292832429168,66.7852132360008,95.9729974789727,38.9436196857029,81.433006266276,78.7910680068704,69.125909413389,81.0864688131544,91.0165529891694,27.283811504311,97.5859693510343,51.5555651544586,56.3465426239928,81.3754079238228,70.4082723374062,35.0015855414415,58.7273646215249,40.6803437877157,96.725480883309,44.1625217913252,55.4445745411588,48.3425671740526,89.2337739527726,51.1473588710878,55.3871325224996,61.3165779519017,64.5177812516689,34.847830277709,33.9321798291434,68.0382883071899,33.8055397001968,17.2085481390558,10.3519318986041,131.730321884155,77.6903245713976,103.957293386045,72.674166090945,149.665891647339,0,166.879760742188,140.278260900619,169.38865007673,100.797975158691,173.831910077263,123.861783981323,135.082137213813,107.079842340379,173.060528474696,0,109.803668212891,107.289424087062,85.9311218261719,117.958655708715,187.56759425572,112.573896620009,81.5989911309604,121.978849905509,130.122335711096,93.9831686019897,108.939446608226,107.595068401761,133.902199091874,154.011335485122,118.069100164598,165.240463256836,217.406051635742,107.477436065674,127.62788590141
128.664333343506,202.729797363281,150.210518114495,76.3804206848145,109.894391741071,0,173.120468139648,128.851097370016,153.12418348139,109.818887498644,170.219437408447,175.678047180176,142.867430114746,184.069679260254,151.661660671234,170.46418762207,130.581150054932,169.615518423227,0,183.281063079834,150.821556091309,110.316823323568,106.476854112413,151.063378707222,116.463470790697,0,181.802741786412,172.311906547957,116.024501932078,144.500809805734,121.139965708663,229.834070841471,197.69287109375,124.79486656189,131.730321884155,9.8910584520612,115.935222201877,102.280059814453,63.8420679420779,77.5720835328102,69.4647750854492,83.2679326193673,28.9288558980655,22.2512924867467,64.777240572749,58.0131403805957,120.14148979348,97.4543446132115,142.195937230037,18.5358907782972,57.550358581543,80.3454184098677,94.1800715222374,127.000464039464,111.583730396472,81.4668342914987,63.1445363561935,61.0368900877057,88.0501876720024,67.1240114289887,116.37583770752,116.971511953318,125.53059524945,72.2022674389624,16.7777026045179,22.9281961244781,145.641835893903,92.0461154937744,32.8710061363552,66.5676493835449
149.580551147461,8.56490135192871,69.0351942242316,24.8184647058186,0,0,184.449340820312,135.831470142711,165.156147883489,0,146.571600777762,91.0691423416138,0,90.9076677469107,155.458100752397,0,101.71231842041,75.5536976079831,106.611892700195,81.4998916957689,0,130.079627990723,93.7838916778564,86.0682299137115,128.943286350795,75.655793428421,73.7666329453928,69.4642399723493,133.868024553571,125.555468241374,138.451068878174,109.538831075033,0,0,77.6903245713976,115.935222201877,7.45928336553442,51.1226911731795,9.7678139446018,121.382392883301,0,126.339218139648,113.343418969048,122.527865409851,71.1146034344222,134.172879536947,65.7383460998535,101.346580505371,51.3710306828318,138.433764563666,111.394244384766,45.6843860626221,51.9914792241721,90.7967548370361,57.2120350201925,0,88.9987060546875,21.2688218023096,67.3750162539275,68.3971408877753,21.988982069966,47.2036415809809,23.7366656066471,109.885608448702,120.425022443136,96.4003331502279,79.7404810587565,0,101.510762532552,48.8401145237248
