8.54843288524083,113.103656768799,100.785809695066,98.9435863494873,82.5255788167318,86.8133024735884,37.4083041912172,26.9562895792709,20.3200271582914,70.7829757103553,28.0217648490251,134.740556399027,83.3890715705024,0,9.31429857526935,33.3191496750404,100.128448486328,118.650075795699,153.388735453288,144.512114511409,67.6804295279763,78.3417930603027,60.3009911120777,77.3456897534822,62.6976115656834,100.787857055664,131.51039342527,130.745374361674,57.0642719530079,9.69433242046961,21.6389203834432,0,67.9650967121124,18.9748964870677,80.6435995101929,200.787055969238,0,146.486888885498,81.1094909667969,0,0,0,139.791915893555,0,0,0,0,0,0,175.655456542969,0,104.863366699219,162.476928710938,0,0,0,130.162174224854,74.7175375620524,173.227249145508,127.320230484009,0,202.307273864746,0,130.645832606724,149.027786254883,154.333683013916,0,0,0,122.782374064128
113.103656768799,6.76739134961218,35.74498035025,26.9045337191573,0,0,0,114.52641805013,93.0221176147461,58.7061258185819,0,70.3763410661604,78.0016428629557,52.9531118802284,109.549903869629,85.9638824462891,72.4370430730424,57.0225607510271,80.5766705104283,78.109396382382,0,91.5047015380859,23.4303896554663,52.7488161383088,65.1295527081157,20.4393450250689,49.3708736548894,33.07964261129,82.8897547040667,108.143653176048,108.01733296092,67.8830371584211,0,104.733352661133,68.0898089950735,0,97.7815939585368,81.2235443680375,90.179615020752,0,0,0,135.221374511719,0,102.676591873169,0,116.205945014954,0,109.923250983743,0,0,0,96.0721846360427,155.746117485894,124.277090890067,0,98.6360321044922,0,99.358264541626,126.343688964844,112.728248596191,115.17478822682,110.177025173021,132.273941040039,0,169.503379821777,128.342440287272,0,0,128.335744222005
100.785809695066,35.74498035025,10.7135522209336,35.9363309286037,179.607948303223,72.0827102661133,129.011147689819,94.2692734718323,129.761029561361,92.2672288417816,109.62871760948,82.2987422746481,123.398542785645,91.5417713165283,108.629549952916,129.110706329346,80.2798175811768,39.9853492668745,88.3123649205917,66.2034405769034,138.16325378418,54.6132927914639,33.010094748603,18.6839488188978,87.7519008196317,77.9737923940023,19.2987656076277,21.7262894385605,70.2677526089735,82.7726566474247,58.1807683224289,90.5732498168945,141.126098632812,99.6630852222443,47.8134453676092,152.654309199407,58.8499040371034,81.7531117531324,63.5103747574324,0,0,190.712074279785,148.540241761641,0,0,0,131.902304172516,170.667625427246,146.316243489583,151.608286539714,0,120.626929759979,91.0762351251418,140.301957937387,121.173857323917,0,112.819372323843,82.8037803649902,94.3590074722737,162.848065694173,130.072830200195,92.0129194588497,88.373749592451,127.881280035722,144.658806937081,129.059449768066,169.14697265625,0,134.168550109863,108.531389399937
98.9435863494873,26.9045337191573,35.9363309286037,50.8672925459372,67.0436189496839,0,80.5305811564128,53.9277900816902,82.1310780512822,10.7297694316819,85.3965448651995,72.6301255956426,54.3112538201468,44.8194661419507,88.0253540674845,21.655345916748,52.235701091954,60.0305384341801,77.9774429436886,70.4835622414299,65.411049524943,57.7607059912248,32.6285090464133,42.720392367845,40.1874716520309,21.8172773380619,46.5862558929469,39.3550464456732,48.7220644561338,93.1027896118164,76.2841025843765,66.6705367795883,95.6781768798828,70.3666136605399,65.7631886697585,113.503971099854,10.542280921936,50.2574264116524,21.9196621509309,0,0,0,99.9186023076375,241.028839111328,15.0115762710571,134.890210469564,103.424784342448,0,78.9864443265475,0,0,60.4584762573242,69.4323489665985,131.851593865289,114.235283406576,122.595123291016,80.2752151489258,11.2647559523582,51.6200410730699,63.8720460840174,103.018856048584,71.0531390579292,53.8942923597387,91.3709071350098,121.479385375977,113.219093958537,0,0,100.238121032715,117.123264694214
82.5255788167318,0,179.607948303223,67.0436189496839,7.80109511622603,0,56.9817564111007,42.8191504251389,81.9996547698975,59.8972858363304,13.1521436266638,0,11.6605570957871,0,97.9825374378878,108.713859558105,117.154230753581,0,0,0,10.3819982242625,116.948435465495,85.8896742600661,116.695157368978,18.7856223310026,0,153.787628173828,119.604835510254,10.0283968457397,70.5894390041545,109.472396850586,0,0,79.7596405627681,83.6526285443987,151.331368959867,0,0,90.525737953186,7.72723495608759,0,128.364328765869,123.632436640122,175.756546020508,97.1639222365159,132.797790646553,0,8.28252872745548,0,158.11599222819,0,133.298388671875,0,0,0,8.40227674284669,149.897064208984,87.2532577514648,164.172283172607,88.1025609772781,0,162.94010925293,147.069061279297,130.762666041625,165.717664082845,153.159713745117,0,0,136.654972500271,148.459549585978
86.8133024735884,0,72.0827102661133,0,0,5.99558999230405,7.49264130571881,97.0870819091797,15.9217460822304,117.612419128418,122.363118852888,57.9217663544875,71.2668681144714,71.6643190383911,22.0384884312631,12.8016367442134,0,98.3585968017578,83.8955790201823,109.395696004232,126.414105733236,114.302322387695,109.20622253418,85.8827857971191,117.253293355306,101.730110168457,117.106513977051,99.7414038521903,106.848519325256,21.8349764847255,0,0,9.00529066380608,61.6968307495117,35.3225070078662,179.411575317383,0,0,109.342945098877,0,0,0,0,0,0,0,0,0,0,0,0,0,0,0,0,0,0,0,0,165.861427307129,0,0,0,159.462046305339,0,0,0,0,0,0
37.4083041912172,0,129.011147689819,80.5305811564128,56.9817564111007,7.49264130571881,7.53074753404139,52.2713391952908,18.3352750128623,90.4552076551649,19.6814717791168,77.5226477895464,18.9827883745868,83.5156669616699,28.8231873122466,9.77250021505141,102.582702636719,177.378412882487,159.867988586426,166.993337294635,39.9899443682829,105.266981336806,84.8553574102388,119.818550456654,58.9277512042553,104.170951843262,150.831021760639,131.102151234945,53.2717324398351,34.0458600736772,80.3778924381032,120.568580627441,19.3648319487161,68.6596852579424,43.6873847599788,158.569528198242,0,161.440399169922,97.3257837295532,209.637359619141,0,187.32964070638,139.900337764195,181.488963535854,136.477909088135,164.39350382487,0,89.1985842386882,192.187973022461,220.675453186035,0,130.018045697893,0,0,0,0,159.276878356934,91.6673913435502,144.151245117188,140.097662762898,0,0,149.341674804688,150.06631740447,164.976659601385,158.995584106445,0,0,202.862152099609,180.844741821289
26.9562895792709,114.52641805013,94.2692734718323,53.9277900816902,42.8191504251389,97.0870819091797,52.2713391952908,8.28680676381762,50.364755111365,45.1683022201441,14.3642431724744,151.443042920983,42.4236786689815,142.918874104818,22.9661125377111,63.3008890151978,98.0023059844971,123.771453312465,155.806715011597,140.832649149793,52.8709859266514,70.1400000678168,54.6717182572905,72.3643264437347,46.4739060807502,0,120.867929859526,104.153670310974,13.9921173541875,25.1586308935684,10.5422941880371,184.210632324219,109.806696210589,46.3277233677056,54.8512729017561,118.145170060415,0,164.782272338867,60.4798446253726,134.250289916992,0,146.827802385603,104.090947237882,143.498783209385,87.519066619873,146.901859870324,0,129.753554821014,0,137.87932187035,131.626251220703,97.6214701334635,191.881225585938,0,0,153.270439147949,118.423232269287,71.5671601205502,129.287492231889,110.090837097168,0,188.169328169389,149.06344350179,110.19902325702,132.864288965861,116.877727890015,0,0,139.262439727783,121.379877907889
20.3200271582914,93.0221176147461,129.761029561361,82.1310780512822,81.9996547698975,15.9217460822304,18.3352750128623,50.364755111365,9.73552859623835,82.0862513575061,18.0621885352474,69.9155000103407,23.1473724479362,82.6401674319536,16.771652569261,27.9843091695916,90.1416983604431,144.229255759198,129.463569217258,160.198530150623,63.72712038508,110.038395848768,84.4490331437853,108.267653401693,73.1682568815019,87.0265640258789,148.591946558799,128.881471788561,69.2991943221605,28.3336141086277,78.3690183195349,99.8117256164551,9.68580574445065,48.924216802003,45.7413718963387,152.548955688477,0,176.878356933594,93.4092872696693,195.908721923828,0,166.714944458008,140.110840292538,180.950033187866,147.534077235631,183.150619506836,0,186.379730224609,0,157.644668579102,0,133.118924690015,231.404678344727,140.012542724609,0,0,152.060019683838,99.2525715221058,151.356366729736,144.851730866866,0,175.701164245605,173.502922058105,141.010385088446,162.485479501578,150.574076725886,0,0,166.14893913269,154.781402587891
70.7829757103553,58.7061258185819,92.2672288417816,10.7297694316819,59.8972858363304,117.612419128418,90.4552076551649,45.1683022201441,82.0862513575061,9.00610551970767,81.660827930157,128.559772968292,11.8443582664294,114.038364459942,79.8874272739186,17.541944795296,58.3827690325285,144.205337524414,134.905456542969,128.857413482666,20.0824650335029,57.6031488985629,15.4143755885848,68.5742981143114,18.9006394606949,94.8198323567708,113.529155287632,100.919438758783,41.9612102730914,68.5509796142578,53.1919199625651,118.810448455811,145.709823608398,54.7424815784801,58.1097671508789,112.656745910645,96.6116333007812,0,34.0345802186104,92.188517888387,0,127.860212152654,82.8531676844547,136.607187271118,46.1702613963021,97.65613451871,183.918060302734,74.8126398722331,195.643356323242,126.278772989909,87.6020984649658,112.37456258138,0,0,175.693822224935,124.120023727417,0,69.5993388847069,110.991348266602,76.2599915313721,202.599685668945,179.348373413086,153.938272748675,88.1631773197451,139.255776625413,102.851771831512,189.835098266602,0,116.1721736363,147.950933456421
28.0217648490251,0,109.62871760948,85.3965448651995,13.1521436266638,122.363118852888,19.6814717791168,14.3642431724744,18.0621885352474,81.660827930157,8.32414882651724,150.221252441406,17.7156757192397,145.777641296387,33.4623212973133,61.8911532447452,104.339736938477,151.248352050781,171.998541259766,157.894128946158,18.1588012936953,119.916951497396,100.404872385661,88.1209288460868,39.9751072267706,173.115615844727,136.969326220061,132.70426940918,19.1084429045175,66.298911907748,51.096061630249,0,104.936583085494,73.4637301467948,82.8676755329561,158.120827331543,0,0,103.043862052586,35.0861287117004,0,189.977072143555,138.107860565186,176.124862670898,117.173486328125,191.220592498779,0,80.7839088439941,0,174.262933349609,0,139.902207946777,219.902053833008,0,0,171.566345214844,0,119.043314615885,0,151.032175118583,0,233.108612060547,200.16911315918,150.066182833191,182.708019680447,149.762161254883,0,0,175.307851155599,180.322395324707
134.740556399027,70.3763410661604,82.2987422746481,72.6301255956426,0,57.9217663544875,77.5226477895464,151.443042920983,69.9155000103407,128.559772968292,150.221252441406,9.6536568750627,135.384956359863,19.8369813219554,69.9147357530491,80.6735801696777,136.318012237549,49.4666349621529,20.2492771197251,30.6938926174797,0,94.9131000001552,103.661662771682,92.6142494093697,144.225072588239,38.9200632899919,25.4750180074311,66.23522345803,138.744284761869,58.9189708129763,114.934930347261,40.6712142916911,66.6729793883207,107.830782233344,33.2428843888974,0,114.636688232422,143.88034761869,104.498094905506,0,0,0,220.21701558431,0,136.261825561523,0,85.7984029171514,0,80.7939187516297,0,0,181.819305419922,145.498400794135,100.142549843624,105.580191236554,0,0,122.594822883606,172.187042236328,0,75.4357259875146,104.643590504313,104.929037377681,210.791351318359,0,178.594390869141,95.1340127268145,0,0,116.015769740513
83.3890715705024,78.0016428629557,123.398542785645,54.3112538201468,11.6605570957871,71.2668681144714,18.9827883745868,42.4236786689815,23.1473724479362,11.8443582664294,17.7156757192397,135.384956359863,8.0258044842937,0,75.835246897926,8.44380735569973,0,179.0556640625,0,154.399307250977,12.76947619289,90.1979904174805,66.2943965510318,97.4559364318848,12.1619890141317,112.57502746582,157.911422729492,145.077364603678,42.0348994482669,75.1020411004473,73.6816586085728,0,95.8512513010125,81.0133533477783,66.7317032740666,147.12888101431,0,0,67.4336456298828,29.1585830800674,0,113.381888389587,122.674108999747,189.250143432617,60.0770091247559,52.6979258060455,0,7.93524024686817,0,0,0,100.743564605713,0,0,0,14.5167512582696,142.824287414551,88.5109114213423,108.403839111328,111.408743015234,0,0,195.785217285156,123.379153672085,0,139.313196818034,0,0,138.100603739421,140.075824737549
0,52.9531118802284,91.5417713165283,44.8194661419507,0,71.6643190383911,83.5156669616699,142.918874104818,82.6401674319536,114.038364459942,145.777641296387,19.8369813219554,0,7.50878630441024,80.8413485118321,0,125.561609268188,99.8130746321245,53.2178840637207,74.0553983400946,164.76685333252,129.005142211914,91.7633003300211,122.945518493652,121.631300354004,21.8032459862069,16.9885592629622,23.8659348058957,150.756892277644,70.4224301656087,128.963860648019,11.2014268777768,81.4641690935407,127.415660858154,50.4535380199324,223.128219604492,119.849216938019,0,68.9830952694542,0,0,0,0,0,158.687496948242,0,79.2659995939484,0,72.1721481378328,0,0,172.273414611816,141.221328735352,102.342854216292,107.507529223407,0,190.953333536784,124.372990926107,163.464590454102,0,67.4342612430189,103.006150714196,102.06641294442,190.749977111816,0,0,94.933251063029,0,0,127.433405095881
9.31429857526935,109.549903869629,108.629549952916,88.0253540674845,97.9825374378878,22.0384884312631,28.8231873122466,22.9661125377111,16.771652569261,79.8874272739186,33.4623212973133,69.9147357530491,75.835246897926,80.8413485118321,6.99363089856377,32.9992464650976,83.3588638305664,131.867293785358,120.66382374483,147.444477240245,79.1412618536698,109.780321294611,80.6360558496005,85.8936719229055,75.5523573750197,98.8350016276042,135.0380809021,129.214483533587,68.5719779591228,15.6955324379637,48.0140380701598,101.891845703125,10.5935660305538,22.8591407390723,37.8292316095421,157.839803059896,0,164.149894714355,101.631142560173,175.84407043457,0,0,133.216226577759,159.364517211914,125.792432149251,186.344764709473,0,132.541290283203,137.313499450684,0,188.050247192383,133.400939305623,175.120895385742,0,0,0,139.227858225505,106.334021858547,158.324365615845,139.470993041992,0,210.951118469238,173.752321879069,137.345350785689,163.547233581543,151.472941080729,0,0,0,138.276805877686
33.3191496750404,85.9638824462891,129.110706329346,21.655345916748,108.713859558105,12.8016367442134,9.77250021505141,63.3008890151978,27.9843091695916,17.541944795296,61.8911532447452,80.6735801696777,8.44380735569973,0,32.9992464650976,7.92395652611232,85.5252456665039,0,0,194.272506713867,63.9167762756348,74.7830009460449,73.0047895812988,115.707539876302,50.7478856759913,0,157.849278041295,107.847343444824,80.1150417943155,30.6198272079114,92.4074172973633,0,34.5940919876099,30.9566867828369,24.7203578267779,0,0,0,134.571492513021,0,0,0,0,148.76481628418,69.0404624938965,123.247512817383,0,0,0,0,0,122.836444854736,0,0,0,0,141.719696044922,88.3054840087891,0,106.073879241943,0,0,0,130.535808018276,170.274597167969,0,0,0,121.955307006836,0
100.128448486328,72.4370430730424,80.2798175811768,52.235701091954,117.154230753581,0,102.582702636719,98.0023059844971,90.1416983604431,58.3827690325285,104.339736938477,136.318012237549,0,125.561609268188,83.3588638305664,85.5252456665039,12.2373165897995,110.090563456217,159.465493774414,140.630294799805,0,11.505966698725,37.5948671400547,10.3707588232456,22.396846849657,110.185424804688,95.6981811252892,26.3969395514156,23.2703423110194,80.4150935490926,60.8561763357609,113.764119466146,0,49.5753711417869,84.3745947082837,136.541542053223,112.452854156494,124.536104692732,94.8715850830078,0,0,189.215316772461,119.032297770182,0,0,0,0,0,0,118.270233154297,0,99.4450057700828,149.092761993408,0,162.809257507324,0,103.386458587646,62.2025410196056,100.952349363868,113.25524520874,135.299697875977,149.62969107706,128.822565830115,109.055510887733,130.18229675293,111.516185124715,0,0,95.9776229858398,132.199020385742
118.650075795699,57.0225607510271,39.9853492668745,60.0305384341801,0,98.3585968017578,177.378412882487,123.771453312465,144.229255759198,144.205337524414,151.248352050781,49.4666349621529,179.0556640625,99.8130746321245,131.867293785358,0,110.090563456217,8.84267237615401,54.3843311782955,25.1906985650227,175.880294799805,49.5550682910464,91.5836590182397,17.4702338260604,130.110251532661,52.612166655691,21.7189874019509,60.4205733652365,114.953887769911,95.9593119932614,79.4127462243758,95.3392794799805,181.315399169922,98.6902115561745,32.9854933652971,182.418487548828,85.1028581099077,104.022899355207,85.1476169586182,0,0,0,176.294689178467,0,0,183.832000732422,148.521982828776,0,150.309627532959,0,0,145.875457763672,112.544518202878,153.315594991048,125.402601912215,0,0,143.156819661458,122.700956518,223.028381347656,116.694129943848,102.553586363332,105.262992637498,142.944816589355,0,144.306674194336,140.930923461914,0,180.218544006348,123.325814141168
153.388735453288,80.5766705104283,88.3123649205917,77.9774429436886,0,83.8955790201823,159.867988586426,155.806715011597,129.463569217258,134.905456542969,171.998541259766,20.2492771197251,0,53.2178840637207,120.66382374483,0,159.465493774414,54.3843311782955,8.25405574582079,17.780285655082,0,105.851924398671,113.934087792221,102.620410889846,152.407953898112,52.0164392289923,28.1391113986903,66.2896902618715,139.852105549404,115.987208670758,122.30156377584,49.9546487602479,100.703725179036,116.864988628187,60.0571215078864,0,155.57300567627,149.919165039063,151.955894470215,0,0,0,212.922058105469,0,0,0,101.9178702511,0,96.4545736588495,0,0,0,151.073307037354,110.82737456587,114.721263461643,0,0,111.280769348145,159.608648935954,0,101.695363396092,111.711830856209,113.249675367667,231.382858276367,0,192.225952148438,109.261028191982,0,0,142.452273649328
144.512114511409,78.109396382382,66.2034405769034,70.4835622414299,0,109.395696004232,166.993337294635,140.832649149793,160.198530150623,128.857413482666,157.894128946158,30.6938926174797,154.399307250977,74.0553983400946,147.444477240245,194.272506713867,140.630294799805,25.1906985650227,17.780285655082,8.7624410855479,183.70191192627,93.0362766895098,109.366914691347,84.8884466142797,138.585124545627,53.9247773454544,24.7262685236235,65.2480356336895,127.547549338568,119.348476840604,111.753442293725,58.5270709929729,94.239912553267,108.894714355469,46.9182787676032,223.804295857747,110.808994293213,134.563404249108,115.223193032401,0,0,0,196.074854532878,0,0,0,125.916903445595,0,117.224447321009,0,0,145.985198974609,127.612860918045,128.766448974609,117.986691670875,0,174.607803344727,167.994255065918,154.481205749512,0,99.8037229919434,109.694393308034,115.990104318883,171.595458984375,0,179.558224995931,117.778345108032,0,0,131.556987056026
67.6804295279763,0,138.16325378418,65.411049524943,10.3819982242625,126.414105733236,39.9899443682829,52.8709859266514,63.72712038508,20.0824650335029,18.1588012936953,0,12.76947619289,164.76685333252,79.1412618536698,63.9167762756348,0,175.880294799805,0,183.70191192627,8.72070532096883,115.447059631348,91.0303446451823,120.55652923584,15.1061736145889,0,156.484115600586,146.567468643188,20.9297097703162,66.3283847949757,100.500054099343,0,132.237614949544,64.141479869804,71.8060934084271,150.008621780961,0,0,94.8799380347842,12.1847624691094,0,175.198932647705,133.044764066997,175.070414733887,105.750232403095,162.748918805804,0,9.88035091671731,0,165.453002929688,148.869270324707,126.558113098145,0,0,0,0,0,91.5263195037842,159.908749050564,137.573252137502,0,0,0,134.529305842016,168.765142440796,143.530919075012,0,0,189.599479675293,168.162335205078
78.3417930603027,91.5047015380859,54.6132927914639,57.7607059912248,116.948435465495,114.302322387695,105.266981336806,70.1400000678168,110.038395848768,57.6031488985629,119.916951497396,94.9131000001552,90.1979904174805,129.005142211914,109.780321294611,74.7830009460449,11.505966698725,49.5550682910464,105.851924398671,93.0362766895098,115.447059631348,8.01052818012881,37.5301065435678,18.264521705944,19.4746629161702,117.597859700521,101.134728572987,66.4970789215545,20.921854653337,24.906973908731,17.2889426682387,118.400997161865,0,14.9637216309506,37.9843130021264,125.225371466743,0,100.981005720659,65.2295913696289,146.773452758789,0,153.847835540771,111.4426445961,162.080739339193,110.440620422363,152.812362670898,194.990875244141,0,0,133.60913848877,0,90.4613654591213,108.244180297852,0,236.270477294922,155.756958007812,103.919453521273,61.9863448199104,96.9928780094906,115.718484949183,0,136.376858918563,105.749147931267,107.879867225565,131.150971984863,97.8849765943444,0,0,113.301442464193,121.980773338905
60.3009911120777,23.4303896554663,33.010094748603,32.6285090464133,85.8896742600661,109.20622253418,84.8553574102388,54.6717182572905,84.4490331437853,15.4143755885848,100.404872385661,103.661662771682,66.2943965510318,91.7633003300211,80.6360558496005,73.0047895812988,37.5948671400547,91.5836590182397,113.934087792221,109.366914691347,91.0303446451823,37.5301065435678,8.07238755710038,37.7964058200828,15.9959212274856,73.3442599629781,87.6025680387863,36.6214161216375,42.4013997300282,55.683157007573,40.7111937136329,100.848037026145,100.611256190709,39.8883078681098,67.3225048134126,115.77502155304,58.1702117919922,65.9409366954457,35.1260616745747,128.948608398438,0,0,102.740183378521,136.028686523438,78.3421398285897,122.261413574219,153.237152099609,0,143.557914733887,117.759080505371,0,55.8257230380634,104.657695770264,199.539672851562,157.061205182757,0,76.2006151451255,14.587830864038,50.5258184052593,96.8663885521166,156.964179992676,125.472164808001,61.7625324607554,90.5178400051374,106.383043289185,76.5041113419966,159.954971313477,0,109.764628092448,88.9678070431664
77.3456897534822,52.7488161383088,18.6839488188978,42.720392367845,116.695157368978,85.8827857971191,119.818550456654,72.3643264437347,108.267653401693,68.5742981143114,88.1209288460868,92.6142494093697,97.4559364318848,122.945518493652,85.8936719229055,115.707539876302,10.3707588232456,17.4702338260604,102.620410889846,84.8884466142797,120.55652923584,18.264521705944,37.7964058200828,10.3023524114872,52.6187569908798,119.411334446498,63.8538982190371,31.9043250443636,33.260678447226,75.3668127359296,34.9528278148512,121.845617930094,0,64.5768691353176,39.1157957854877,144.71990331014,69.1864986419678,87.6756733233263,72.081106711125,0,0,178.594078063965,136.562159379323,0,96.4745559692383,161.54182434082,144.066694259644,166.916732788086,150.538508415222,152.750869750977,0,96.4342189649908,98.1844383414465,144.185531616211,142.043792247772,0,104.352683639526,61.9623155780867,92.1581900326431,130.255886230469,0,112.962094657441,91.181959555094,121.385555459441,140.328936063326,102.299220713534,153.447402954102,0,104.709854125977,110.811847525583
62.6976115656834,65.1295527081157,87.7519008196317,40.1874716520309,18.7856223310026,117.253293355306,58.9277512042553,46.4739060807502,73.1682568815019,18.9006394606949,39.9751072267706,144.225072588239,12.1619890141317,121.631300354004,75.5523573750197,50.7478856759913,22.396846849657,130.110251532661,152.407953898112,138.585124545627,15.1061736145889,19.4746629161702,15.9959212274856,52.6187569908798,9.37638221671273,82.2524604797363,124.115608029249,65.349661950054,15.2276451662252,58.1612971212586,52.012508392334,114.420341491699,117.516175842285,49.7420107224408,56.4409771474202,124.527772789759,112.317428588867,138.221422195435,59.4060750528544,133.819818339628,0,154.564902022078,105.083963312528,146.561464130878,72.8483773043556,142.549439112345,0,133.670101788579,0,144.312833258446,144.666048223322,99.9026205539703,0,0,0,141.518579755511,109.963909074372,64.4498896351848,121.881863003685,92.0429640560961,0,144.601184844971,141.430440425873,110.990758540965,135.325096936293,118.115628941854,0,161.438522338867,139.169962513204,143.672067679611
100.787857055664,20.4393450250689,77.9737923940023,21.8172773380619,0,101.730110168457,104.170951843262,0,87.0265640258789,94.8198323567708,173.115615844727,38.9200632899919,112.57502746582,21.8032459862069,98.8350016276042,0,110.185424804688,52.612166655691,52.0164392289923,53.9247773454544,0,117.597859700521,73.3442599629781,119.411334446498,82.2524604797363,7.7597687845186,40.5306029149464,21.5636085117755,135.718162536621,88.1529481070382,133.646264212472,44.4735714581548,101.942352294922,158.873199462891,59.4204221169154,0,0,0,48.4265129566193,0,0,0,0,0,0,0,79.5853270345659,0,77.3993251845681,0,0,0,116.196893692017,89.958066486177,88.9344693097201,0,0,151.298446655273,0,0,47.0333021970896,86.1384726343928,90.7118851708584,158.898895263672,0,0,87.7671454580207,0,0,127.272612253825
131.51039342527,49.3708736548894,19.2987656076277,46.5862558929469,153.787628173828,117.106513977051,150.831021760639,120.867929859526,148.591946558799,113.529155287632,136.969326220061,25.4750180074311,157.911422729492,16.9885592629622,135.0380809021,157.849278041295,95.6981811252892,21.7189874019509,28.1391113986903,24.7262685236235,156.484115600586,101.134728572987,87.6025680387863,63.8538982190371,124.115608029249,40.5306029149464,9.72239707939155,25.5011124221639,106.798525538589,110.859848473289,98.9295847941253,22.4003640236567,117.717987060547,104.332227325439,57.7665790949484,178.490182876587,103.359172372257,112.644460890028,86.2638057046685,0,174.045471191406,0,179.690306663513,138.363555908203,171.253784179688,0,115.628938833872,0,106.210936909881,0,0,146.399970314719,104.476501283999,116.707146590611,110.153370227843,0,158.021449618869,129.076844109429,124.975795985935,199.036440531413,92.8024693150674,95.9883730018271,100.819352984142,162.751650296725,129.65510559082,157.511018814579,111.152309417725,0,176.661239624023,121.373283910751
130.745374361674,33.07964261129,21.7262894385605,39.3550464456732,119.604835510254,99.7414038521903,131.102151234945,104.153670310974,128.881471788561,100.919438758783,132.70426940918,66.23522345803,145.077364603678,23.8659348058957,129.214483533587,107.847343444824,26.3969395514156,60.4205733652365,66.2896902618715,65.2480356336895,146.567468643188,66.4970789215545,36.6214161216375,31.9043250443636,65.349661950054,21.5636085117755,25.5011124221639,10.6803927508504,75.6664201496364,113.129013106936,109.021698141998,19.3073321039328,110.340441703796,114.513302485148,63.8213594861599,159.306856008676,73.2405469170932,86.8659353042102,71.5924328087413,0,0,0,156.62011756897,0,140.348101615906,222.240859985352,113.333107426481,0,107.003683342368,145.120040893555,0,105.889543008113,105.798200389795,119.31297814846,113.433935179639,0,132.777374599291,60.0897418072349,95.1938728546545,156.355816180889,93.071858550563,99.1294044159816,98.5484337987803,139.36135132672,174.419204711914,145.693329789903,110.007741699219,0,127.743405151367,120.430793762207
57.0642719530079,82.8897547040667,70.2677526089735,48.7220644561338,10.0283968457397,106.848519325256,53.2717324398351,13.9921173541875,69.2991943221605,41.9612102730914,19.1084429045175,138.744284761869,42.0348994482669,150.756892277644,68.5719779591228,80.1150417943155,23.2703423110194,114.953887769911,139.852105549404,127.547549338568,20.9297097703162,20.921854653337,42.4013997300282,33.260678447226,15.2276451662252,135.718162536621,106.798525538589,75.6664201496364,9.73702306699338,57.3222328064149,20.6259522108123,149.850433349609,127.194496917725,46.2054299290349,53.5279262212231,123.164345276661,157.695137023926,146.196769714355,61.1358122875665,120.498555305309,171.08544921875,147.338271907118,103.352748003129,144.383061252941,85.857998255349,140.088729014763,0,129.966163216568,0,140.256838953772,138.789962259928,94.8452623651383,158.985900878906,223.598510742188,236.732604980469,140.866971091619,107.80407609206,66.1218354393454,106.506251328656,106.731619007757,212.6328125,183.90399815486,160.879663036716,109.493107519333,135.422811068021,110.57108404541,0,160.629150390625,133.661847949028,134.154540880591
9.69433242046961,108.143653176048,82.7726566474247,93.1027896118164,70.5894390041545,21.8349764847255,34.0458600736772,25.1586308935684,28.3336141086277,68.5509796142578,66.298911907748,58.9189708129763,75.1020411004473,70.4224301656087,15.6955324379637,30.6198272079114,80.4150935490926,95.9593119932614,115.987208670758,119.348476840604,66.3283847949757,24.906973908731,55.683157007573,75.3668127359296,58.1612971212586,88.1529481070382,110.859848473289,113.129013106936,57.3222328064149,7.24120181248982,13.9102212991076,104.975202941895,9.89646920322282,13.421234831976,26.6287400907643,145.51165662493,0,122.361097547743,85.1034276208212,77.2061780293783,0,191.953022003174,132.630129132952,164.169437408447,141.087496439616,187.448226928711,0,152.163579305013,150.71864827474,152.406965467665,124.595237731934,102.955288251241,152.091716003418,0,139.115463256836,156.56079864502,127.509370422363,74.9989115616371,113.618727463942,137.031110306861,93.2463912963867,166.357874298096,150.665209293365,127.430454921056,154.834819446911,125.101230076381,0,0,158.095110575358,145.74015045166
21.6389203834432,108.01733296092,58.1807683224289,76.2841025843765,109.472396850586,0,80.3778924381032,10.5422941880371,78.3690183195349,53.1919199625651,51.096061630249,114.934930347261,73.6816586085728,128.963860648019,48.0140380701598,92.4074172973633,60.8561763357609,79.4127462243758,122.30156377584,111.753442293725,100.500054099343,17.2889426682387,40.7111937136329,34.9528278148512,52.012508392334,133.646264212472,98.9295847941253,109.021698141998,20.6259522108123,13.9102212991076,8.99947348342086,140.196973627264,134.239936828613,31.8424654979198,41.7238945303034,117.939834594727,137.816707611084,130.963307789394,66.6271548271179,152.929504394531,0,0,104.646102905273,172.633977254232,169.589263916016,0,245.767349243164,136.154235839844,0,146.927927652995,0,86.2839302320159,122.746515909831,226.513214111328,199.545654296875,0,103.101169967651,59.4572695379388,97.5594176840275,109.660728182111,144.560089111328,163.134840393066,147.73972942211,109.04358396277,132.483008490668,98.3053855117486,0,0,114.682337443034,116.990427190607
0,67.8830371584211,90.5732498168945,66.6705367795883,0,0,120.568580627441,184.210632324219,99.8117256164551,118.810448455811,0,40.6712142916911,0,11.2014268777768,101.891845703125,0,113.764119466146,95.3392794799805,49.9546487602479,58.5270709929729,0,118.400997161865,100.848037026145,121.845617930094,114.420341491699,44.4735714581548,22.4003640236567,19.3073321039328,149.850433349609,104.975202941895,140.196973627264,4.95654972553253,0,0,75.1031319791038,0,144.435381571452,144.977401733398,125.125587463379,0,0,0,199.796966552734,0,0,0,104.547161024444,0,97.917399702401,0,0,0,144.257871355329,107.174637675285,114.46471692695,0,189.785385131836,171.36515045166,168.318433973524,0,80.5600881161897,108.594570359187,109.171708281402,187.958251953125,0,240.103713989258,106.942976088751,0,0,130.324580383301
67.9650967121124,0,141.126098632812,95.6781768798828,0,9.00529066380608,19.3648319487161,109.806696210589,9.68580574445065,145.709823608398,104.936583085494,66.6729793883207,95.8512513010125,81.4641690935407,10.5935660305538,34.5940919876099,0,181.315399169922,100.703725179036,94.239912553267,132.237614949544,0,100.611256190709,0,117.516175842285,101.942352294922,117.717987060547,110.340441703796,127.194496917725,9.89646920322282,134.239936828613,0,4.9682408873819,66.8791987101237,37.638100360884,0,0,0,0,0,0,0,0,0,0,0,0,0,0,0,0,163.729446411133,0,0,0,0,0,117.981666564941,0,180.321090698242,0,0,0,174.320278930664,0,148.73046875,167.029846191406,0,0,0
18.9748964870677,104.733352661133,99.6630852222443,70.3666136605399,79.7596405627681,61.6968307495117,68.6596852579424,46.3277233677056,48.924216802003,54.7424815784801,73.4637301467948,107.830782233344,81.0133533477783,127.415660858154,22.8591407390723,30.9566867828369,49.5753711417869,98.6902115561745,116.864988628187,108.894714355469,64.141479869804,14.9637216309506,39.8883078681098,64.5768691353176,49.7420107224408,158.873199462891,104.332227325439,114.513302485148,46.2054299290349,13.421234831976,31.8424654979198,0,66.8791987101237,7.58006567974434,13.288247255769,117.962359110514,0,102.450624738421,81.3433407374791,0,0,134.488159179688,116.451614379883,141.951644897461,148.478858947754,147.054550170898,0,0,0,0,0,91.8165581443093,138.125267028809,0,0,0,109.568901697795,73.5260314941406,97.8615215725369,117.517359733582,0,173.066551208496,111.712185450963,116.667196655273,143.693064371745,102.059098379953,0,0,134.492538452148,164.986377716064
80.6435995101929,68.0898089950735,47.8134453676092,65.7631886697585,83.6526285443987,35.3225070078662,43.6873847599788,54.8512729017561,45.7413718963387,58.1097671508789,82.8676755329561,33.2428843888974,66.7317032740666,50.4535380199324,37.8292316095421,24.7203578267779,84.3745947082837,32.9854933652971,60.0571215078864,46.9182787676032,71.8060934084271,37.9843130021264,67.3225048134126,39.1157957854877,56.4409771474202,59.4204221169154,57.7665790949484,63.8213594861599,53.5279262212231,26.6287400907643,41.7238945303034,75.1031319791038,37.638100360884,13.288247255769,13.264450843651,145.424450874329,99.3237103053502,104.103126010379,82.7708392020984,116.766639709473,0,153.047988891602,133.04071855545,148.469476318359,104.829544067383,163.533386230469,112.849514007568,152.941278457642,111.39955447969,157.849281311035,0,118.80731010437,117.850301742554,137.347779750824,125.060064489191,0,123.014334542411,78.0577114474389,108.181593088003,125.895578765869,111.273678915841,119.025177909414,118.138766981598,122.334453995163,145.87515089247,119.400104522705,118.755420684814,0,120.067455291748,122.497027893066
200.787055969238,0,152.654309199407,113.503971099854,151.331368959867,179.411575317383,158.569528198242,118.145170060415,152.548955688477,112.656745910645,158.120827331543,0,147.12888101431,223.128219604492,157.839803059896,0,136.541542053223,182.418487548828,0,223.804295857747,150.008621780961,125.225371466743,115.77502155304,144.71990331014,124.527772789759,0,178.490182876587,159.306856008676,123.164345276661,145.51165662493,117.939834594727,0,0,117.962359110514,145.424450874329,6.28199197270003,103.675977071126,87.177414059639,59.3175998285188,67.4292171535207,62.4112892150879,35.6347645188346,19.0362820702526,24.2421804145815,56.0488582498887,42.8662724927338,138.318946144798,52.7695764361275,160.793273925781,10.4631880475812,32.9884098413828,50.8501797896165,100.206414878915,143.801555467689,129.800566475346,60.7310195335975,67.3258131634105,66.5795489947001,83.4424325157614,59.7101553200669,123.031782150269,107.382279868438,113.540605545044,58.3112513849774,9.42291438793111,19.6915455408029,0,71.3352537155151,17.0522611718356,64.4154098388996
0,97.7815939585368,58.8499040371034,10.542280921936,0,0,0,0,0,96.6116333007812,0,114.636688232422,0,119.849216938019,0,0,112.452854156494,85.1028581099077,155.57300567627,110.808994293213,0,0,58.1702117919922,69.1864986419678,112.317428588867,0,103.359172372257,73.2405469170932,157.695137023926,0,137.816707611084,144.435381571452,0,0,99.3237103053502,103.675977071126,6.04437131337984,36.2315618832906,14.5290672128559,0,0,107.052276611328,91.975523630778,0,40.3544005012512,0,63.6493946004797,77.8441543579102,55.2274892764689,136.460693359375,0,88.9512733731951,51.55302331107,74.5658270346152,73.6712502460091,0,101.306655883789,24.4308910957343,68.8963599522909,41.3752906940601,25.0939289376207,46.0303169443638,34.0593744513736,81.3452887901893,99.4155197143555,114.300583648682,77.9379119873047,0,0,74.8899498815122
146.486888885498,81.2235443680375,81.7531117531324,50.2574264116524,0,0,161.440399169922,164.782272338867,176.878356933594,0,0,143.88034761869,0,0,164.149894714355,0,124.536104692732,104.022899355207,149.919165039063,134.563404249108,0,100.981005720659,65.9409366954457,87.6756733233263,138.221422195435,0,112.644460890028,86.8659353042102,146.196769714355,122.361097547743,130.963307789394,144.977401733398,0,102.450624738421,104.103126010379,87.177414059639,36.2315618832906,8.54370353551632,37.2782680029359,0,0,152.802352905273,75.3208100475482,125.34201113383,0,117.859313964844,79.9122216884906,0,95.1520778111049,117.498049926758,135.782272338867,71.9143930111291,34.4301858623223,90.0677895355225,60.0585974339076,144.067733764648,64.3017417179065,34.6694205509533,16.1619392657969,85.2542564755394,87.5331680297852,20.2550864818664,18.3088087609577,50.8315854959277,101.282780733975,64.3263461359086,0,0,96.0276051571495,49.2950837954926
81.1094909667969,90.179615020752,63.5103747574324,21.9196621509309,90.525737953186,109.342945098877,97.3257837295532,60.4798446253726,93.4092872696693,34.0345802186104,103.043862052586,104.498094905506,67.4336456298828,68.9830952694542,101.631142560173,134.571492513021,94.8715850830078,85.1476169586182,151.955894470215,115.223193032401,94.8799380347842,65.2295913696289,35.1260616745747,72.081106711125,59.4060750528544,48.4265129566193,86.2638057046685,71.5924328087413,61.1358122875665,85.1034276208212,66.6271548271179,125.125587463379,0,81.3433407374791,82.7708392020984,59.3175998285188,14.5290672128559,37.2782680029359,25.5676094305397,66.9571757461085,104.371292114258,80.3703470826149,46.1495444581315,77.9044155683674,16.3269366876839,81.8746677350394,52.0316884740194,66.1516470909119,40.1421920592526,77.9869470596313,47.571081161499,44.6832672401711,53.7624479987405,92.3518354242498,74.2401303804838,82.3710828781128,66.1299921492456,26.0172065218626,53.1429702460248,39.4297762990864,26.2111505087386,44.0322155608044,37.545658008908,46.1824944273796,73.4683450899626,68.555998898624,54.4247830708822,0,65.9038781252774,67.7076889522492
0,0,0,0,7.72723495608759,0,209.637359619141,134.250289916992,195.908721923828,92.188517888387,35.0861287117004,0,29.1585830800674,0,175.84407043457,0,0,0,0,0,12.1847624691094,146.773452758789,128.948608398438,0,133.819818339628,0,0,0,120.498555305309,77.2061780293783,152.929504394531,0,0,0,116.766639709473,67.4292171535207,0,0,66.9571757461085,7.22748487336632,0,63.5120805904565,52.6523361577616,88.6116863841742,33.4022854711951,15.8539608248343,0,16.9222769093084,0,88.1086354785495,62.8417868614197,91.8333311080933,0,0,0,11.3881352472056,106.046549479167,78.1373896879308,115.953879356384,12.0816611643228,0,152.970840454102,138.937133789062,14.8966195750785,85.482474860023,64.788528596512,0,132.698120117188,77.6458992026638,82.5031526656378
0,0,0,0,0,0,0,0,0,0,0,0,0,0,0,0,0,0,0,0,0,0,0,0,0,0,174.045471191406,0,171.08544921875,0,0,0,0,0,0,62.4112892150879,0,0,104.371292114258,0,6.59151294598422,8.94259527742127,0,10.4894892101079,42.7314529418945,97.3207982381185,50.5486738649133,40.9869365692139,0,26.3168154775569,11.9264787321722,85.9117279052734,0,0,78.1544494628906,0,0,85.4295616149902,78.3500366210938,156.639068603516,0,0,92.0551872253418,0,21.8231782397708,153.43440246582,0,9.48282446759451,64.2470760345459,34.3794351518154
0,0,190.712074279785,0,128.364328765869,0,187.32964070638,146.827802385603,166.714944458008,127.860212152654,189.977072143555,0,113.381888389587,0,0,0,189.215316772461,0,0,0,175.198932647705,153.847835540771,0,178.594078063965,154.564902022078,0,0,0,147.338271907118,191.953022003174,0,0,0,134.488159179688,153.047988891602,35.6347645188346,107.052276611328,152.802352905273,80.3703470826149,63.5120805904565,8.94259527742127,7.77057761385003,58.7710253342338,18.6712772955704,51.1263082722823,19.3849169089091,60.455669647608,18.3939368017918,97.6276321411133,27.2080930861666,14.080016567517,89.5972171783447,102.964294433594,0,102.473785400391,27.736780439613,121.188179016113,84.2072590098661,100.970714992947,52.6100639690411,0,133.407470703125,115.478582382202,72.4590896426223,26.7159841732426,90.2836305684057,0,25.8516709097622,78.3795150308048,38.3829133894385
