10.2182958050935,190.691688537598,106.472511519734,71.5680219972288,87.5485848320855,59.1801439921061,59.8013388592264,23.4511118187909,24.1415794457902,62.2515144348145,29.9833974875031,134.439744723045,72.5518573892528,138.327589246962,9.85128143204087,58.5279136657715,78.3304595947266,119.329609617181,154.33234000206,142.409135239213,75.9567677141672,90.112237428364,62.2564739371246,95.3791538970639,66.1806581670588,0,128.035046649955,139.835742512687,71.0597957907052,10.8659948673907,31.9735672004611,0,67.0306658426921,23.4206214671911,81.1461321608464,134.933223724365,0,179.892984008789,88.4337419208727,0,0,141.401072184245,130.013681411743,165.990791320801,98.6113891601562,173.395812988281,0,0,245.095184326172,164.984985351562,212.091934204102,132.600135803223,194.119445800781,242.402435302734,209.719177246094,0,0,102.51462097168,138.747501373291,126.016919569536,0,207.407463921441,186.887299757737,126.246057063975,163.031196594238,146.293836593628,0,0,130.314178466797,125.191396077474
190.691688537598,7.8475788742852,41.8767550867847,18.9578398163036,0,0,100.756519317627,105.048637390137,120.59699122111,59.0112492639605,0,63.370107014974,77.7042668660482,48.3623917538386,147.462320963542,93.8277130126953,62.1193208240327,65.4295642287643,75.2223268508911,74.3061908028343,0,120.283982849121,24.3406785292096,56.8932645434425,64.3763964279838,21.1522771263627,59.4803423741285,30.5253298832653,117.905282020569,124.914477539063,113.89924294608,68.5060613380288,0,96.3524856567383,72.4504830430194,0,37.7590560913086,78.8278366615032,33.8704806645711,0,0,0,113.58617401123,0,125.713684082031,0,82.6087909274631,154.733032226562,68.9889861397121,0,133.252822875977,83.2055740356445,104.965447743734,96.1247207641602,93.0348478953044,0,0,97.4316024780273,114.386843999227,156.270936584473,35.4217316528846,98.0874135677631,82.9542382585241,131.221365186903,0,144.64882405599,0,0,0,88.8098875681559
106.472511519734,41.8767550867847,11.6979221588009,45.8761178083643,98.4629516601562,80.6901779174805,139.795169557844,100.855526658858,125.600261726253,109.960902690887,111.263194335134,84.2155252770533,136.127683639526,92.1667723655701,115.084096106413,132.245445251465,81.625116666158,34.738039613169,82.6440807543303,62.2684304057457,126.598336791992,55.2626925797896,45.0185735636744,24.0324118274373,105.461735534668,77.6505661010742,26.0429411761343,27.6310543980001,80.5843803639792,102.792182922363,68.0974453504965,101.729335021973,173.978851318359,102.825704574585,51.0494807827034,145.60757276747,80.4372883902656,90.6611683141349,96.4148810602004,0,0,201.617691040039,154.157239707119,186.367334747314,125.438533782959,170.305953979492,129.246490478516,197.024887084961,172.077679951986,189.604099273682,0,122.820859118206,102.802108155272,150.771458712491,127.712667611929,0,129.121291189483,115.402032739976,101.225498041308,149.902956316548,126.070536295573,106.61568961086,94.9197677507679,145.077329264059,189.895980834961,136.258716583252,0,0,163.071838378906,114.633750776811
71.5680219972288,18.9578398163036,45.8761178083643,35.746507513691,74.9217465718587,0,80.4201778255097,55.9621295497428,80.5192027647104,11.4240679883284,84.3406821293617,63.3900873258516,60.1754804611206,41.4290142653053,88.2434202602931,74.2867444356283,66.7699160998381,70.6395812934929,76.4115081787109,81.2545560500201,74.1301950454712,69.2756325006485,29.6722671210581,70.1482796478272,38.6266626452015,21.5526568430937,58.6818356858923,37.8436348036333,45.9320565906088,66.4148295902471,56.6123242393567,71.9518867492676,118.813420976911,60.5490472693192,74.2088300732599,95.9333932059152,49.1047325134277,96.8038629385141,24.9414205838894,82.1299548678928,0,94.7001164754232,69.2116881150466,119.442141723633,35.5109403991699,97.3691531094638,71.1819384892782,88.288510799408,59.6942402232777,96.8418941497803,46.3604011535645,69.3736207144601,102.716120402018,110.855388641357,109.501915550232,87.04625193278,113.720697402954,33.8594345092773,122.738028844198,68.0343093251794,32.5496094185009,86.1226336161296,75.9057162519087,74.9091643623684,139.489552497864,90.87331199646,67.6953709920247,0,106.254065513611,98.1048916407994
87.5485848320855,0,98.4629516601562,74.9217465718587,6.90248900747318,0,53.4128226303473,45.8487788034142,82.3340250895574,44.3078153873312,16.6757324687823,0,14.8248566121534,183.243148803711,102.517177581787,91.0405597686768,0,0,0,0,12.9182374035667,129.542086283366,81.6348908164284,98.7461242675781,19.5935900997795,0,169.692932128906,0,11.2476203092643,84.8039040816458,124.173835754395,0,166.330093383789,82.5157806759789,95.7524677912394,151.39101155599,0,0,90.366968255294,8.9574365678709,0,174.170768737793,124.895141036422,173.410722351074,99.8272075653076,53.2185500951914,0,12.3880677886029,0,167.796556912936,175.098403930664,0,0,0,0,7.87766091693894,0,111.926689147949,0,113.857638714087,0,0,189.504913330078,117.31830604174,156.610028403146,152.998617553711,0,0,143.117370605469,156.016118367513
59.1801439921061,0,80.6901779174805,0,0,6.13546364620644,7.2255769555183,110.335036277771,12.3154185151507,0,114.683158874512,56.6928107397897,0,81.2759857177734,26.4362949991226,12.5865515571506,0,0,0,92.8493041992188,0,82.809455871582,0,79.3197479248047,142.651077270508,77.7727737426758,93.5813407897949,104.309059143066,122.491690499442,22.1279683481101,0,0,9.90819232778282,0,37.5760804786057,0,0,0,0,0,0,204.406845092773,181.020629882812,0,0,0,0,0,0,0,0,0,0,0,0,0,0,0,0,0,0,0,0,178.249496459961,0,0,0,0,0,0
59.8013388592264,100.756519317627,139.795169557844,80.4201778255097,53.4128226303473,7.2255769555183,7.81208330063915,48.0112723703181,15.4249216524289,52.0508790016174,19.2184184835875,78.4731693460484,22.9214466145939,75.7316589355469,27.4663982357009,10.5587648753901,0,146.79200469123,144.990997314453,170.926622564142,32.3982343339559,138.226929982503,78.5550887698219,124.658869523268,62.0736304565712,0,157.389852193197,172.899031639099,57.3953833471371,41.1758151934058,85.6689283847809,238.77717590332,25.5293706007755,90.0325722327599,52.2958748578075,154.854956490653,181.607559204102,0,107.579449244908,196.748985290527,0,179.160993303571,152.692939281464,170.080340794155,140.122188023158,186.164512634277,0,46.0134773254395,0,183.976898193359,158.55598449707,131.581329345703,0,0,190.635482788086,200.883331298828,172.501274108887,178.421142578125,129.710971832275,145.817646392404,0,142.388244628906,189.911865234375,150.04386505127,173.890875382857,164.447269439697,0,0,149.120391845703,177.052182515462
23.4511118187909,105.048637390137,100.855526658858,55.9621295497428,45.8487788034142,110.335036277771,48.0112723703181,7.86511990323815,47.2278895453087,47.0390950662118,14.5907739839708,153.462601434617,39.4000701866453,156.422692192925,31.2078930428216,72.2119479179382,88.9697882334391,120.513987599248,154.157812018144,142.629215453888,51.5026336058727,70.3021676069248,56.2968115439782,81.0588737063938,41.5967759839242,187.297714233398,122.706548273871,132.918698361045,18.0144350960968,37.7711904344056,11.8930879402602,0,112.329694959852,51.8220297677176,64.3710539594267,130.566079139709,0,163.76545715332,76.0227394837599,135.668661753337,218.381301879883,149.80871518453,114.352591606878,151.48465319033,92.0622102949354,144.330817913187,187.56803894043,118.548203468323,0,145.361697499345,149.922302246094,125.834787096296,167.34326171875,0,216.87043762207,133.417877960205,131.125820159912,97.4887542724609,134.198024252187,106.060350652749,0,189.722869873047,177.781882838199,114.449100851316,156.137607281025,126.5389535692,0,0,119.165948867798,145.178742628831
24.1415794457902,120.59699122111,125.600261726253,80.5192027647104,82.3340250895574,12.3154185151507,15.4249216524289,47.2278895453087,9.24772503579744,72.4205682905097,18.8063519783506,76.7362273615329,29.6245634017068,78.6278845134534,15.8077478683486,34.9930297874464,108.712144215902,137.902031401793,151.54248896185,157.237863862669,75.9150760195671,101.889489393968,82.856719006393,114.283223084729,74.6888066197946,86.8991139729818,145.043850088048,158.75005094088,72.4228282695811,30.5526643865725,69.7391013320611,165.28118787493,12.1811332452049,62.2530555725098,49.5773705328788,155.040771484375,0,187.647984822591,95.2742705984214,167.458160400391,0,167.198188987938,140.145013613122,172.977709751503,119.904730710116,173.231695175171,171.135837554932,149.26738856389,0,160.331774902344,162.412387084961,144.567654927572,214.774334716797,239.988922119141,231.745788574219,156.216690063477,149.054525375366,112.508688735962,159.911600646973,132.279688482652,197.827453613281,191.559319390191,189.425599994081,136.332342071021,167.315585487767,144.452815437317,0,217.614974975586,149.276555379232,170.397035326276
62.2515144348145,59.0112492639605,109.960902690887,11.4240679883284,44.3078153873312,0,52.0508790016174,47.0390950662118,72.4205682905097,8.60731096200309,73.4101654774434,124.613785206188,15.4436495723548,110.78303737077,91.5861011953915,21.0600975665766,71.8138031429715,117.03801847759,133.353152425666,133.726703825451,35.3664652605604,72.1181072658963,17.1074540706881,83.1371046124083,16.1038326544776,96.2646310387588,122.055448499029,101.879494579927,42.2422156423202,79.0516722160473,59.8442405161231,129.241069369846,112.817461649577,62.9480002553839,81.5900793529692,116.118129475911,105.967498779297,139.915969848633,40.5790899040994,100.255239981192,165.271484375,122.510134124756,95.5278384186501,138.657573576896,52.2964098826699,106.259342617459,160.128498077393,96.4828044891357,175.004455566406,122.516056315104,90.622797648112,128.421236673991,0,0,214.760296630859,111.931115892198,0,84.3730435090906,148.41399710519,81.0053572684341,126.031923294067,178.815875244141,173.315282185872,94.0312017313639,131.400655110677,125.07799236591,0,0,125.551172892253,127.66944026947
29.9833974875031,0,111.263194335134,84.3406821293617,16.6757324687823,114.683158874512,19.2184184835875,14.5907739839708,18.8063519783506,73.4101654774434,9.08315642976918,136.053527614049,20.8782718305063,167.401973724365,38.8329206008506,67.2260887663243,0,128.370367685954,156.223022460938,149.856254341676,18.2661791311481,88.2249120076497,105.216979531681,90.440420754948,47.9550836720598,0,133.521766024688,137.512284415109,19.3126975702406,71.2821679571287,59.8978139604841,0,115.64681930542,73.51392882665,88.8676736101844,161.810797649881,152.805297851562,178.777857462565,107.547464847565,105.10559739822,0,185.937151982234,140.188553274494,180.59308868984,117.202897644043,175.157196384006,0,90.8133256472074,0,171.289670077237,161.762466430664,145.392751057943,0,0,0,129.875584949147,187.818603515625,148.958160400391,142.308433532715,135.853699773336,0,179.38062286377,201.600921630859,146.491877128964,189.292392896569,156.988881891424,0,0,154.218463897705,179.263088989258
134.439744723045,63.370107014974,84.2155252770533,63.3900873258516,0,56.6928107397897,78.4731693460484,153.462601434617,76.7362273615329,124.613785206188,136.053527614049,9.70154669104761,121.2693967466,23.1048978455255,65.5500564931709,63.4908430311415,112.664405822754,50.6943186286149,22.8709465752686,31.1407170020074,136.590794881185,93.6080665932045,99.9382175990513,86.2593767378065,146.516044323261,34.592171970967,29.7150523790243,66.9970099650498,148.386787668864,66.8486809773958,109.283571818662,39.5527675676346,63.4195832711679,104.665387933904,29.7822776361489,0,123.058410644531,148.147595214844,117.021897749467,0,0,0,209.784606933594,223.933197021484,187.240020751953,0,85.7940095622888,0,81.7197183518183,0,0,167.479614257812,185.829264322917,100.989678344727,123.104100153996,0,186.840690612793,145.364145278931,182.319763183594,197.943405151367,66.6301389582017,111.706631632989,109.494849330201,210.625020345052,0,0,100.397153945196,0,0,87.5399773337624
72.5518573892528,77.7042668660482,136.127683639526,60.1754804611206,14.8248566121534,0,22.9214466145939,39.4000701866453,29.6245634017068,15.4436495723548,20.8782718305063,121.2693967466,9.09858806883616,117.394218444824,81.3607743532603,8.90104160258222,0,150.193185806274,149.02819442749,161.553326924642,14.0419353385517,111.277276357015,72.5665770820949,99.1813140869141,20.0344434066699,132.274291992188,154.687768936157,160.091212463379,44.2766776054672,76.6951254763036,94.1310394287109,0,102.997535069784,79.2109038613059,82.1186869968878,135.862000685472,126.635627746582,0,83.7834219681589,81.5211980002267,0,103.912121405968,116.799337932042,157.81789161419,79.83005457911,49.5024578659623,0,8.53287831507559,0,151.258316371752,115.707069396973,143.355051676432,0,0,0,12.2790430693046,224.337631225586,120.809356689453,173.085418701172,116.460454313379,145.362411499023,0,177.430389404297,125.535001301634,153.856127421061,122.592609405518,0,0,138.817149353027,142.211414337158
138.327589246962,48.3623917538386,92.1667723655701,41.4290142653053,183.243148803711,81.2759857177734,75.7316589355469,156.422692192925,78.6278845134534,110.78303737077,167.401973724365,23.1048978455255,117.394218444824,6.95107523731451,82.5909720711086,61.0570430755615,0,84.6683964729309,51.0017999326391,63.0069678729733,125.322952270508,134.700383504232,86.2822926813242,115.199554443359,125.837966918945,16.6487409967216,39.9088999081773,24.8130930620132,165.160051133898,78.9178020989717,142.273119839755,10.878178312289,81.1613901774088,0,53.3067570803822,0,101.148739073012,158.200210571289,68.5175662662672,0,0,0,0,0,150.809549331665,0,79.1405812701442,0,76.7351264115926,0,0,162.315616607666,153.11566619873,96.9407037022602,109.890574241171,0,0,133.083687676324,177.769201660156,189.43627166748,59.3316688084448,98.1695236548399,94.4539712846521,188.886322021484,114.475547790527,144.564270019531,95.5049253951671,115.001754760742,0,95.4134516943069
9.85128143204087,147.462320963542,115.084096106413,88.2434202602931,102.517177581787,26.4362949991226,27.4663982357009,31.2078930428216,15.8077478683486,91.5861011953915,38.8329206008506,65.5500564931709,81.3607743532603,82.5909720711086,7.31516759164459,34.8707115650177,83.7243843078613,129.2633391547,133.59607011844,146.41854456947,89.3999456133161,97.4457614605243,83.4624716269003,105.025946728291,87.4898392874915,97.4222192764282,140.155237299795,142.450644377236,86.4890694226304,18.861798096594,53.6654060960785,125.894290924072,9.67472703779272,27.0220573287412,42.1429259259865,159.820072174072,105.052795410156,200.462637329102,98.0515853881836,0,0,203.92113494873,147.112995147705,178.986389160156,0,210.085670471191,156.388229370117,164.030197143555,0,166.996963500977,0,148.243581136068,243.230407714844,0,222.426177978516,206.038497924805,162.420620918274,106.186470031738,148.637360890706,143.269673115498,232.580673217773,193.281010945638,190.234505393288,146.70535369873,180.985860552107,139.545629228864,0,0,0,159.035552978516
58.5279136657715,93.8277130126953,132.245445251465,74.2867444356283,91.0405597686768,12.5865515571506,10.5587648753901,72.2119479179382,34.9930297874464,21.0600975665766,67.2260887663243,63.4908430311415,8.90104160258222,61.0570430755615,34.8707115650177,7.95013424212143,0,141.267852783203,186.237579345703,169.86682510376,74.8184043884277,75.2369613647461,84.734416737276,100.737711588542,40.200820269408,127.990631103516,160.044823964437,125.817068735758,71.6942530451594,39.9647310938154,97.3901920318604,0,29.5707897622901,91.4062404632568,43.8981627146403,0,0,0,159.633422851562,0,0,0,131.097080230713,226.987548828125,64.1168556213379,0,0,73.2569198608398,0,181.43132019043,0,112.601699829102,0,0,0,0,0,0,0,134.514105660575,0,0,178.132320404053,128.618700027466,0,0,0,0,0,197.896881103516
78.3304595947266,62.1193208240327,81.625116666158,66.7699160998381,0,0,0,88.9697882334391,108.712144215902,71.8138031429715,0,112.664405822754,0,0,83.7243843078613,0,11.7481802391335,104.005450480693,0,131.014373779297,102.281799316406,10.6396197468807,33.6546142701008,9.46012084664851,23.6037452056966,0,92.4480917710524,23.2252617112038,30.9548779664102,81.0666089739118,83.0045948028564,0,0,59.3612022399902,77.9634313583374,122.010807037354,94.918306350708,118.763085603714,59.6094323367607,0,0,184.250953674316,124.478687286377,0,131.75806427002,155.384658813477,146.907440185547,0,192.526641845703,0,0,101.865052614598,140.647075653076,164.550659179688,167.686059134347,176.330963134766,106.609682497771,55.1960932956214,101.42355314536,116.381220730868,0,142.411540712629,120.483919686982,120.376243591309,0,110.914950779506,0,0,0,121.356602478027
119.329609617181,65.4295642287643,34.738039613169,70.6395812934929,0,0,146.79200469123,120.513987599248,137.902031401793,117.03801847759,128.370367685954,50.6943186286149,150.193185806274,84.6683964729309,129.2633391547,141.267852783203,104.005450480693,8.8974509520433,51.3076687916216,26.1574263661115,184.973285675049,51.5372839385813,101.010160417699,21.1039496411131,131.158875448662,63.5563201904297,36.5245931574135,67.8568403428183,121.333748113914,99.6337848091126,75.7858224742844,86.7934167861938,109.705375671387,108.141226216366,41.0364411365922,200.994400024414,86.9841113620334,115.639541329689,147.033549915661,0,0,0,190.72943687439,0,199.690444946289,189.426544189453,151.274935722351,0,155.884698486328,239.859802246094,0,157.947918285023,114.094978756375,143.104270935059,133.17145256147,0,143.62967300415,107.273288726807,131.394643656413,186.416186862522,110.500881195068,111.619102358585,117.113225984336,188.718305969238,0,164.58837890625,161.796763102214,0,0,144.4988972057
154.33234000206,75.2223268508911,82.6440807543303,76.4115081787109,0,0,144.990997314453,154.157812018144,151.54248896185,133.353152425666,156.223022460938,22.8709465752686,149.02819442749,51.0017999326391,133.59607011844,186.237579345703,0,51.3076687916216,9.86111122777275,18.9223523184594,171.976638793945,112.349578299174,111.986467886662,103.011376828563,146.119249979655,54.6024184245544,38.3234913546568,66.1226340197378,146.220835478409,116.797341178445,122.489168347411,54.1051282766672,97.214365641276,117.243146456205,63.4967654614173,0,131.040651702881,169.102127075195,91.5354187011719,0,0,0,206.186706542969,0,182.070826212565,0,91.5537583669027,0,100.058914807378,242.93017578125,0,168.178558349609,148.847891235352,111.202301256584,118.952766268861,0,187.840789794922,195.929054260254,173.600180489676,0,77.5051009517977,115.797814010578,113.243977611348,0,211.666931152344,183.832066853841,113.91522620706,0,0,121.021598510742
142.409135239213,74.3061908028343,62.2684304057457,81.2545560500201,0,92.8493041992188,170.926622564142,142.629215453888,157.237863862669,133.726703825451,149.856254341676,31.1407170020074,161.553326924642,63.0069678729733,146.41854456947,169.86682510376,131.014373779297,26.1574263661115,18.9223523184594,9.00914662626395,160.991096496582,89.8495943756104,108.681876938919,77.5562465704012,153.835389957872,53.8332861106234,29.4539257049746,66.7825414405609,135.373471374512,118.53238518065,106.144798857479,59.4434728697529,157.583429972331,115.375968794389,50.4252318487749,224.039901733398,111.916262732612,138.995231323242,92.6752144386028,0,0,0,238.254745483398,0,190.557235717773,0,116.862669881185,0,119.42875289917,245.664093017578,248.494232177734,170.408213297526,141.210487188295,127.584753248427,121.841613993925,0,190.638473510742,188.168132781982,175.485050803737,198.749354044596,89.7148614913698,115.639359175641,117.349134846636,204.562149047852,221.897186279297,178.742807388306,129.083524431501,0,179.762710571289,131.120378875732
75.9567677141672,0,126.598336791992,74.1301950454712,12.9182374035667,0,32.3982343339559,51.5026336058727,75.9150760195671,35.3664652605604,18.2661791311481,136.590794881185,14.0419353385517,125.322952270508,89.3999456133161,74.8184043884277,102.281799316406,184.973285675049,171.976638793945,160.991096496582,9.3447494477146,135.222801208496,85.4588878338154,109.68502553304,17.5782532333784,148.582397460938,162.815604073661,153.208821614583,23.3965319736261,79.6084816841751,99.4451287587484,0,119.757893032498,75.1403639436972,82.5341430622372,154.245733087713,0,0,88.8685965643989,38.2160991618508,227.835021972656,172.250778706868,131.806094578334,168.778420283877,109.57062299628,167.189565658569,224.102066040039,13.7980207047273,0,165.688069479806,142.907911300659,0,0,0,0,105.24037212484,0,120.309555053711,185.235397338867,128.360176690867,0,0,178.962285359701,137.443407555016,170.634902151007,149.15248743693,0,0,170.677135467529,161.406673084606
90.112237428364,120.283982849121,55.2626925797896,69.2756325006485,129.542086283366,82.809455871582,138.226929982503,70.3021676069248,101.889489393968,72.1181072658963,88.2249120076497,93.6080665932045,111.277276357015,134.700383504232,97.4457614605243,75.2369613647461,10.6396197468807,51.5372839385813,112.349578299174,89.8495943756104,135.222801208496,9.51579060980858,39.9514819731353,22.0871295125238,15.0938822278604,114.420010884603,98.8727330036045,63.5035837412089,21.335498452458,43.6500675509053,20.5601492186077,118.807598114014,90.1184234619141,25.5052785495304,35.9597046347668,127.475055401142,112.948806762695,110.113186737587,63.2748562024987,187.181350708008,0,178.856979370117,134.734860738118,143.252395629883,104.417780558268,140.861735026042,176.01148223877,151.624465942383,0,155.282561165946,0,101.350507859926,139.25927289327,0,159.55192565918,0,106.8918031886,60.3822660630749,100.745819922553,121.936034228351,0,155.39848723235,114.597312164307,116.699419942395,132.721157618931,107.527507953816,0,0,102.576186588832,113.62764440264
62.2564739371246,24.3406785292096,45.0185735636744,29.6722671210581,81.6348908164284,0,78.5550887698219,56.2968115439782,82.856719006393,17.1074540706881,105.216979531681,99.9382175990513,72.5665770820949,86.2822926813242,83.4624716269003,84.734416737276,33.6546142701008,101.010160417699,111.986467886662,108.681876938919,85.4588878338154,39.9514819731353,8.22239828618991,46.6304367036412,18.5212480507503,69.4309747372271,94.4171025471021,39.3365519464519,45.9389854231256,52.7004128849316,47.4725133911465,105.743988210505,102.339393615723,44.1251303529086,73.8746514477081,98.4585723876953,140.640865325928,96.7758467747615,33.5912993013366,94.9029350280762,0,146.7822265625,110.380568070845,130.542695363363,89.0654373168945,146.627151489258,158.05419921875,0,148.539436340332,111.602348327637,0,64.7855980767144,122.287293752035,158.241691589355,153.138486862183,164.800643920898,77.6196064196135,25.4715141547125,75.4403042188832,89.9051870365733,146.402488708496,144.766264713172,108.552669226405,92.1526496238958,109.314631652832,79.9398868560791,153.259460449219,0,91.4493002891541,116.907066345215
95.3791538970639,56.8932645434425,24.0324118274373,70.1482796478272,98.7461242675781,79.3197479248047,124.658869523268,81.0588737063938,114.283223084729,83.1371046124083,90.440420754948,86.2593767378065,99.1813140869141,115.199554443359,105.025946728291,100.737711588542,9.46012084664851,21.1039496411131,103.011376828563,77.5562465704012,109.68502553304,22.0871295125238,46.6304367036412,12.9740800829991,54.9210047479403,90.8690338134766,59.7446175253852,43.0737037107487,43.32147877795,57.3703669180938,48.1847193184414,131.833753585815,166.099212646484,78.7180622948541,39.6343275162175,159.82428334554,81.4680604934692,98.3483973808483,71.7390808848153,147.4716796875,0,197.466696166992,152.93417098999,194.654298570421,147.797927856445,175.261504581996,153.293716430664,245.37336730957,198.802810668945,167.76146697998,179.320114135742,100.677196344648,111.872401388068,195.298131306966,148.16684985983,0,109.410803682664,62.1487513042632,100.371853129708,139.793060760498,153.400026957194,131.244571434824,101.677563640398,138.404580341122,178.856925964355,123.824497016701,0,135.023254394531,106.826409657796,116.719913945054
66.1806581670588,64.3763964279838,105.461735534668,38.6266626452015,19.5935900997795,142.651077270508,62.0736304565712,41.5967759839242,74.6888066197946,16.1038326544776,47.9550836720598,146.516044323261,20.0344434066699,125.837966918945,87.4898392874915,40.200820269408,23.6037452056966,131.158875448662,146.119249979655,153.835389957872,17.5782532333784,15.0938822278604,18.5212480507503,54.9210047479403,9.5314312767336,105.8978916515,128.995697784424,61.0577075953659,16.0817321813815,66.799904506413,57.3821226996833,181.664154052734,129.148424530029,62.103436250829,71.2970974854749,121.960203584258,118.318257331848,133.736086918758,64.1157739533115,123.034691977122,195.989562988281,148.715157180536,109.506494344076,151.317679016678,76.9686403573108,142.104180301528,198.969764709473,119.203035006156,0,139.573022492727,117.157836151123,104.948033404607,154.408532142639,0,188.245929718018,131.831740138042,109.078773096988,80.5404184309103,115.791933945619,102.290812403824,179.225891113281,169.077857589722,145.667426392839,110.596920705143,149.209839454064,112.523381614685,0,190.119358062744,128.719766982058,147.18802704922
0,21.1522771263627,77.6505661010742,21.5526568430937,0,77.7727737426758,0,187.297714233398,86.8991139729818,96.2646310387588,0,34.592171970967,132.274291992188,16.6487409967216,97.4222192764282,127.990631103516,0,63.5563201904297,54.6024184245544,53.8332861106234,148.582397460938,114.420010884603,69.4309747372271,90.8690338134766,105.8978916515,7.18641856768519,45.0945877369147,21.2722617902662,131.156188964844,84.989953994751,118.495111465454,47.5616981762798,89.1528167724609,0,57.1749481732332,0,99.1235850652059,116.529373168945,38.1471531931559,0,0,0,185.313415527344,0,124.718902587891,0,75.5156023453693,0,73.808063480952,0,0,156.633987426758,111.716868400574,86.2976919809977,88.7281075991117,0,152.176574707031,92.5735206604004,139.558331298828,212.109603881836,39.4495575681646,82.9732444374149,77.5176756880291,194.224655151367,0,0,81.4663312911987,0,0,90.2061562789114
128.035046649955,59.4803423741285,26.0429411761343,58.6818356858923,169.692932128906,93.5813407897949,157.389852193197,122.706548273871,145.043850088048,122.055448499029,133.521766024688,29.7150523790243,154.687768936157,39.9088999081773,140.155237299795,160.044823964437,92.4480917710524,36.5245931574135,38.3234913546568,29.4539257049746,162.815604073661,98.8727330036045,94.4171025471021,59.7446175253852,128.995697784424,45.0945877369147,13.518940348985,38.396808008131,114.753561312313,119.689149336381,104.639645656341,23.3439862222066,135.421641031901,123.449251719884,66.8535886749892,189.86490020752,116.513837782003,117.508359740762,82.6152890977405,186.296546936035,0,230.462661743164,178.154752326734,216.114771525065,192.869692715732,225.733332316081,105.398784924579,0,108.807196155037,193.677500406901,0,154.558496828432,116.648805228268,120.422629093778,116.269459105375,208.845344543457,153.52702331543,144.240940093994,144.402144279189,190.600308357401,81.1750650405884,105.028842818219,107.206631734495,175.163728853551,202.102457682292,176.240653038025,122.432485243853,0,166.698699951172,125.373583973705
139.835742512687,30.5253298832653,27.6310543980001,37.8436348036333,0,104.309059143066,172.899031639099,132.918698361045,158.75005094088,101.879494579927,137.512284415109,66.9970099650498,160.091212463379,24.8130930620132,142.450644377236,125.817068735758,23.2252617112038,67.8568403428183,66.1226340197378,66.7825414405609,153.208821614583,63.5035837412089,39.3365519464519,43.0737037107487,61.0577075953659,21.2722617902662,38.396808008131,13.6066025644223,79.6739017248154,127.139346607944,115.268119764981,14.320949292912,108.564140319824,123.343054986769,70.8012446964873,164.840799967448,92.0069301906385,94.9930795386806,68.0817595556111,199.58390045166,0,202.11190032959,162.065569260541,191.364225769043,163.791125664344,178.766702924456,121.516986370087,189.726257324219,121.159108940935,181.05832417806,0,105.39419727035,114.182400437384,129.398510704356,117.037948521602,0,126.565959002521,73.1465719132196,102.173422784072,147.875824068799,87.0312317001987,104.438138965283,99.9451052927522,147.232741126718,179.473145294189,153.817031661324,129.249684502097,247.149810791016,172.888379778181,122.763740373694
71.0597957907052,117.905282020569,80.5843803639792,45.9320565906088,11.2476203092643,122.491690499442,57.3953833471371,18.0144350960968,72.4228282695811,42.2422156423202,19.3126975702406,148.386787668864,44.2766776054672,165.160051133898,86.4890694226304,71.6942530451594,30.9548779664102,121.333748113914,146.220835478409,135.373471374512,23.3965319736261,21.335498452458,45.9389854231256,43.32147877795,16.0817321813815,131.156188964844,114.753561312313,79.6739017248154,11.1866973890251,59.8881532531848,23.2387421246591,215.702339172363,122.821307881673,54.1202173993943,60.5983006746873,128.846738637288,148.312534877232,140.748910383745,67.7583247002295,91.1147943749962,172.837915039062,151.588700290784,111.395751924763,147.818246107835,85.6905034062844,144.139536699246,200.185447692871,124.057566003892,202.812858581543,143.182904570347,137.069752807617,105.271536875579,160.613674766139,191.135269165039,209.74172101702,129.263874119726,109.879974307436,74.8454428361487,116.47084727312,105.282304546864,174.19563293457,172.088548743207,152.67922907027,112.629580946377,146.9960742657,115.316640655518,0,195.247554779053,132.939120022756,144.462481506869
10.8659948673907,124.914477539063,102.792182922363,66.4148295902471,84.8039040816458,22.1279683481101,41.1758151934058,37.7711904344056,30.5526643865725,79.0516722160473,71.2821679571287,66.8486809773958,76.6951254763036,78.9178020989717,18.861798096594,39.9647310938154,81.0666089739118,99.6337848091126,116.797341178445,118.53238518065,79.6084816841751,43.6500675509053,52.7004128849316,57.3703669180938,66.799904506413,84.989953994751,119.689149336381,127.139346607944,59.8881532531848,9.07220304598053,17.749822346718,114.082675509983,13.4766174332928,13.427812944234,36.3298001213062,142.465702819824,0,144.928092369666,88.7798672337686,172.048212687174,0,177.203395298549,132.735770832409,171.535013198853,116.620039367676,191.895812988281,172.413284301758,150.703262329102,237.061447143555,164.081493377686,189.650253295898,102.648222081801,158.719350179036,193.595306396484,183.117497762044,0,109.66630186858,70.2219227500584,107.373913574219,127.022693577097,237.729919433594,188.543565229936,173.930807601574,129.746755133735,159.549184163411,119.395949161414,0,224.949417114258,116.300019836426,123.791299184163
31.9735672004611,113.89924294608,68.0974453504965,56.6123242393567,124.173835754395,0,85.6689283847809,11.8930879402602,69.7391013320611,59.8442405161231,59.8978139604841,109.283571818662,94.1310394287109,142.273119839755,53.6654060960785,97.3901920318604,83.0045948028564,75.7858224742844,122.489168347411,106.144798857479,99.4451287587484,20.5601492186077,47.4725133911465,48.1847193184414,57.3821226996833,118.495111465454,104.639645656341,115.268119764981,23.2387421246591,17.749822346718,9.45297179728671,149.294495391846,144.233379364014,20.7079432913794,41.0856306187398,124.118819645473,132.792032877604,133.685375637478,70.3367854527065,147.486526489258,0,136.800979614258,122.665476083755,146.934085422092,96.6052497227987,154.228601455688,0,168.306732177734,0,153.219209398542,0,103.900863369016,174.302282714844,221.83479309082,192.738235473633,141.948776245117,107.1020844071,66.0710023008747,104.650253218047,112.688883286114,0,177.596475300036,155.292633172238,112.587527027837,149.274084091187,111.07389189705,0,0,103.929276206277,123.973066711426
0,68.5060613380288,101.729335021973,71.9518867492676,0,0,238.77717590332,0,165.28118787493,129.241069369846,0,39.5527675676346,0,10.878178312289,125.894290924072,0,0,86.7934167861938,54.1051282766672,59.4434728697529,0,118.807598114014,105.743988210505,131.833753585815,181.664154052734,47.5616981762798,23.3439862222066,14.320949292912,215.702339172363,114.082675509983,149.294495391846,5.31287415732398,0,139.609130859375,77.6803915584789,0,106.689903259277,0,87.8894182840983,0,0,0,0,0,168.422821044922,0,97.4703716155021,0,96.1700021249277,241.176788330078,0,0,164.255081176758,111.498438971383,115.244552612305,0,170.119621276855,0,154.840835571289,0,75.3577008634,114.090369224548,113.126160505341,0,0,191.374130249023,117.593434143066,0,0,114.060296194894
67.0306658426921,0,173.978851318359,118.813420976911,166.330093383789,9.90819232778282,25.5293706007755,112.329694959852,12.1811332452049,112.817461649577,115.64681930542,63.4195832711679,102.997535069784,81.1613901774088,9.67472703779272,29.5707897622901,0,109.705375671387,97.214365641276,157.583429972331,119.757893032498,90.1184234619141,102.339393615723,166.099212646484,129.148424530029,89.1528167724609,135.421641031901,108.564140319824,122.821307881673,13.4766174332928,144.233379364014,0,5.01864525084921,57.0726261138916,42.243962246737,0,0,0,123.97339630127,0,0,0,172.96711730957,0,129.517807006836,0,208.103942871094,223.668365478516,0,189.266326904297,0,0,0,0,0,0,0,0,170.625999450684,176.431884765625,0,161.850662231445,159.670928955078,181.070368448893,0,0,0,0,0,0
23.4206214671911,96.3524856567383,102.825704574585,60.5490472693192,82.5157806759789,0,90.0325722327599,51.8220297677176,62.2530555725098,62.9480002553839,73.51392882665,104.665387933904,79.2109038613059,0,27.0220573287412,91.4062404632568,59.3612022399902,108.141226216366,117.243146456205,115.375968794389,75.1403639436972,25.5052785495304,44.1251303529086,78.7180622948541,62.103436250829,0,123.449251719884,123.343054986769,54.1202173993943,13.427812944234,20.7079432913794,139.609130859375,57.0726261138916,7.47245623710126,30.4811769854202,133.98560333252,0,148.736927032471,72.602222442627,157.267822265625,0,161.619885253906,124.802709406072,167.824867942116,117.946483612061,164.474324544271,0,146.416427612305,0,143.88291422526,0,97.8905159343373,0,0,180.008483886719,159.810592651367,104.079295476278,65.8701417711046,96.0328771230337,116.60752975109,0,173.635200500488,123.215942382812,125.172286016291,160.273769378662,113.759481430054,0,0,181.091639200846,166.37483215332
81.1461321608464,72.4504830430194,51.0494807827034,74.2088300732599,95.7524677912394,37.5760804786057,52.2958748578075,64.3710539594267,49.5773705328788,81.5900793529692,88.8676736101844,29.7822776361489,82.1186869968878,53.3067570803822,42.1429259259865,43.8981627146403,77.9634313583374,41.0364411365922,63.4967654614173,50.4252318487749,82.5341430622372,35.9597046347668,73.8746514477081,39.6343275162175,71.2970974854749,57.1749481732332,66.8535886749892,70.8012446964873,60.5983006746873,36.3298001213062,41.0856306187398,77.6803915584789,42.243962246737,30.4811769854202,12.6454542768392,140.60014851888,118.053648376465,108.990118214782,94.1219276428223,196.963012695312,0,155.674336024693,131.768479291131,177.900573730469,102.679130554199,156.572143554688,152.017547607422,0,125.492839304606,163.268525695801,0,102.807891845703,134.09459733963,150.900462223933,148.746963977814,0,108.275106218126,84.1404066819411,108.577690072962,126.946786695911,98.7071214403425,129.459265384159,121.080197399254,133.53722595587,167.192945480347,111.035420344426,0,0,113.816485087077,136.715922764369
134.933223724365,0,145.60757276747,95.9333932059152,151.39101155599,0,154.854956490653,130.566079139709,155.040771484375,116.118129475911,161.810797649881,0,135.862000685472,0,159.820072174072,0,122.010807037354,200.994400024414,0,224.039901733398,154.245733087713,127.475055401142,98.4585723876953,159.82428334554,121.960203584258,0,189.86490020752,164.840799967448,128.846738637288,142.465702819824,124.118819645473,0,0,133.98560333252,140.60014851888,8.33665070820458,147.858268737793,107.62964743155,63.3851347836581,81.4560031312885,93.868776957194,41.8018277057801,18.0177691499759,25.2557178849858,58.5263213894584,54.9147840843481,124.834228114078,58.6057191501964,178.20849609375,10.7789973145564,26.7828509663961,71.7859957845588,102.863519256438,149.335701791864,127.74665705363,71.5061443730405,79.5190882001604,66.9169513038967,96.5460988670398,63.8356255016108,148.121570587158,125.283157153007,131.783653749238,65.1946013619967,10.6546036261151,23.3209468433206,146.169174194336,101.596467451616,28.1888382516546,76.6054856346314
0,37.7590560913086,80.4372883902656,49.1047325134277,0,0,181.607559204102,0,0,105.967498779297,152.805297851562,123.058410644531,126.635627746582,101.148739073012,105.052795410156,0,94.918306350708,86.9841113620334,131.040651702881,111.916262732612,0,112.948806762695,140.640865325928,81.4680604934692,118.318257331848,99.1235850652059,116.513837782003,92.0069301906385,148.312534877232,0,132.792032877604,106.689903259277,0,0,118.053648376465,147.858268737793,7.78015043133646,46.1982558568319,13.3510951503278,0,0,0,126.503742218018,143.342697143555,59.6548152419756,0,66.0731877413663,0,56.7395069705739,116.97016398112,102.069969177246,79.5948995264565,67.912042388916,82.5950122501539,68.5498016063984,0,107.686611599392,28.7125622818245,89.6397807344477,71.7093560145452,26.9436475109911,57.5389550280373,33.3558101856676,91.2399978637695,109.695114135742,101.522806549072,75.8911034720285,83.3763275146484,104.297058105469,76.3271986219618
179.892984008789,78.8278366615032,90.6611683141349,96.8038629385141,0,0,0,163.76545715332,187.647984822591,139.915969848633,178.777857462565,148.147595214844,0,158.200210571289,200.462637329102,0,118.763085603714,115.639541329689,169.102127075195,138.995231323242,0,110.113186737587,96.7758467747615,98.3483973808483,133.736086918758,116.529373168945,117.508359740762,94.9930795386806,140.748910383745,144.928092369666,133.685375637478,0,0,148.736927032471,108.990118214782,107.62964743155,46.1982558568319,9.76293754030982,44.2573861686021,129.97498626709,79.6808776855469,137.774371676975,86.3199893082342,134.52262181162,122.521726989746,114.525222022935,96.2525411752554,134.894005775452,97.4308711460659,119.557876342773,118.884576797485,93.8627624511719,37.2416896509811,95.0559799759476,60.7899446256077,96.1493301391602,67.1153527198479,45.4562759828032,21.4330026074501,100.603669548035,81.4729595184326,28.2068423625328,26.6319205744605,72.5739331758939,139.992558883408,82.2206029293042,103.506563822428,176.096588134766,97.8506247202555,64.6543309002879
88.4337419208727,33.8704806645711,96.4148810602004,24.9414205838894,90.366968255294,0,107.579449244908,76.0227394837599,95.2742705984214,40.5790899040994,107.547464847565,117.021897749467,83.7834219681589,68.5175662662672,98.0515853881836,159.633422851562,59.6094323367607,147.033549915661,91.5354187011719,92.6752144386028,88.8685965643989,63.2748562024987,33.5912993013366,71.7390808848153,64.1157739533115,38.1471531931559,82.6152890977405,68.0817595556111,67.7583247002295,88.7798672337686,70.3367854527065,87.8894182840983,123.97339630127,72.602222442627,94.1219276428223,63.3851347836581,13.3510951503278,44.2573861686021,21.1863894007974,65.6778089172986,94.5840072631836,80.3637347751194,53.1784451446533,82.1698302236946,13.050696745186,81.8148558529941,90.2079469362895,53.3050132706052,65.9595601236498,76.5437505347097,78.2344081712806,41.6811571099639,75.7833345491592,95.2660121917725,86.6711757810492,86.5016537620908,49.6072901532166,19.9988374382014,47.4146753824674,35.0283753469065,31.1592050236285,59.5850099878519,40.1440031244393,47.3010540167389,79.3581983149052,52.4874064504923,90.8737798418317,130.085249764579,48.7750718555753,72.8866194513918
