15143,10,612,96,32,11,116,3796,2246,24,520,94,24,3,15536,5,2,701,67,143,7,236,12,600,77,2,577,392,237,10491,4764,5,68,80,320,1,0,7,4,0,0,0,1,2,0,0,1,0,0,0,0,3,7,0,1,0,2,2,6,20,0,4,15,19,8,4,0,0,1,9
10,4622,547,736,13,1,8,22,37,453,22,150,10,840,30,21,126,723,112,350,0,25,1619,235,543,3192,1298,5412,75,63,43,135,2,11,318,0,2,15,9,1,1,2,0,2,0,1,6,0,5,0,0,1,21,8,3,0,1,2,13,3,2,65,46,2,1,5,7,0,0,7
612,547,24424,625,24,11,371,2153,2128,26,588,317,7,113,1877,8,58,4058,264,460,5,2162,317,21723,121,13,15322,10825,1168,866,2324,242,26,49,1170,24,20,689,49,5,0,4,52,51,3,30,20,0,10,66,1,34,434,20,26,1,52,53,467,50,1,226,1180,70,35,111,3,3,5,137
96,736,625,662,254,7,110,384,233,1476,240,407,18,795,240,19,4536,1107,139,366,20,1541,803,2872,4870,1635,1534,5033,2050,587,2167,102,12,129,655,9,15,48,116,2,0,2,18,13,118,14,13,0,11,13,0,203,59,22,23,2,71,209,274,148,4,126,180,99,20,112,3,0,4,33
32,13,24,254,15286,6,428,222,208,1127,12512,11,5971,14,183,158,58,26,5,9,22920,40,168,70,6750,11,75,265,9476,318,112,7,11,52,93,4,1,5,98,264,0,82,92,34,26,256,0,143,0,27,8,10,1,0,0,102,5,9,14,668,0,4,26,395,43,32,0,1,18,23
11,1,11,7,6,5804,8682,50,2742,6,126,50,50,8,581,4103,0,13,1,1,7,6,1,14,7,0,18,13,21,400,25,1,3624,1,51,0,0,0,0,0,0,1,3,0,0,0,0,2,0,0,0,0,0,0,0,0,0,0,1,5,0,0,1,3,0,0,0,0,0,0
116,8,371,110,428,8682,49783,2608,31359,130,20505,97,10769,28,2727,6787,23,90,22,27,606,326,24,455,321,4,495,302,2221,1359,422,33,2636,65,201,7,0,10,33,34,0,19,69,25,11,65,0,60,0,29,0,4,8,0,0,21,9,8,17,342,0,5,25,261,56,42,0,0,19,24
3796,22,2153,384,222,50,2608,65693,8915,325,18024,125,116,27,10138,74,149,317,44,57,25,2711,62,5061,1079,5,1058,1086,26254,2281,16459,41,94,227,743,6,0,37,57,16,0,17,104,33,9,35,3,4,0,29,0,34,15,2,3,6,13,15,88,358,0,12,99,333,82,88,1,3,34,71
2246,37,2128,233,208,2742,31359,8915,80950,91,20309,828,830,106,32757,603,43,941,147,236,156,1189,34,2322,328,21,2589,1015,2467,7245,3801,84,5506,83,529,6,0,31,34,18,0,9,81,21,9,39,3,11,2,21,1,12,17,3,2,6,15,19,59,302,0,13,77,249,64,61,1,0,24,36
24,453,26,1476,1127,6,130,325,91,4353,587,222,1604,719,95,511,44,211,67,105,182,43,2887,82,10670,1153,494,1239,2088,289,123,116,2,89,229,1,0,5,65,60,0,21,32,8,102,84,3,17,13,16,4,2,13,7,5,35,3,5,9,214,6,48,40,98,12,13,6,1,4,26
520,22,588,240,12512,126,20505,18024,20309,587,148620,195,20718,43,8596,338,125,149,33,40,15355,649,60,1054,1539,9,622,808,16093,3697,853,30,228,232,939,8,0,16,107,252,0,118,178,72,28,359,2,100,4,48,5,14,11,0,5,90,17,18,62,934,0,10,76,741,88,56,0,2,28,65
94,150,317,407,11,50,97,125,828,222,195,40669,48,4058,1519,16,17,1024,7252,3148,16,115,185,299,144,1064,11056,2446,145,2043,152,2089,468,46,7964,1,6,9,14,0,0,0,3,1,3,0,62,0,162,6,0,0,10,141,30,0,1,1,6,9,43,340,264,2,3,11,75,2,1,18
24,10,7,18,5971,50,10769,116,830,1604,20718,48,62735,12,415,3531,3,12,2,3,18134,13,8,15,930,16,21,44,1052,293,16,3,71,11,80,1,0,3,4,208,1,141,21,18,11,265,0,3634,0,10,60,0,0,0,0,1257,2,1,1,106,0,2,3,90,16,5,0,0,4,7
3,840,113,795,14,8,28,27,106,719,43,4058,12,18801,135,29,27,60,320,72,0,15,604,29,344,7258,1437,6003,69,117,11,2598,48,7,195,3,8,4,20,0,0,0,2,0,7,0,103,0,573,2,2,0,10,139,14,0,0,16,1,17,64,250,417,4,1,3,183,0,0,13
15536,30,1877,240,183,581,2727,10138,32757,95,8596,1519,415,135,62768,89,22,1434,221,367,198,790,35,1836,291,13,2168,1046,1367,16228,5509,70,4429,199,1209,2,0,31,24,3,0,0,39,6,9,7,0,1,0,12,0,10,10,3,3,1,7,15,34,140,0,28,62,136,24,38,1,0,13,30
5,21,8,19,158,4103,6787,74,603,511,338,16,3531,29,89,8792,3,13,2,7,116,5,47,23,366,32,49,96,243,51,15,10,212,3,15,0,0,0,2,15,0,1,3,1,8,8,0,11,1,1,2,0,0,0,1,7,0,0,1,28,1,2,3,14,4,1,1,0,1,1
2,126,58,4536,58,0,23,149,43,44,125,17,3,27,22,3,13517,114,7,18,7,1429,4422,21401,2955,33,178,7758,3204,26,403,17,1,14,218,5,1,73,259,1,0,5,20,5,6,10,4,4,0,5,0,700,18,1,2,0,143,738,1503,46,0,18,363,75,10,49,2,0,2,32
701,723,4058,1107,26,13,90,317,941,211,149,1024,12,60,1434,13,114,14425,1110,6142,8,1317,267,8365,471,43,7669,8400,372,1863,2019,40,33,189,2600,3,7,213,68,1,0,0,19,8,2,8,23,0,11,10,0,12,234,31,57,2,11,24,76,18,9,475,418,16,10,35,6,0,3,76
67,112,264,139,5,1,22,44,147,67,33,7252,2,320,221,2,7,1110,5894,5502,2,77,35,214,83,320,7024,2055,52,318,99,437,17,38,771,0,5,12,10,0,0,0,1,0,0,0,70,0,48,1,0,2,13,185,40,0,1,6,4,2,23,387,257,3,4,11,29,0,0,30
143,350,460,366,9,1,27,57,236,105,40,3148,3,72,367,7,18,6142,5502,11113,4,168,88,619,124,118,8571,2337,74,545,259,77,15,93,1595,4,7,33,47,0,0,0,2,1,1,0,34,1,13,2,1,1,41,56,83,0,4,1,12,4,20,499,251,0,5,21,5,0,1,56
7,0,5,20,22920,7,606,25,156,182,15355,16,18134,0,198,116,7,8,2,4,11615,3,6,8,1176,0,11,12,2417,184,11,0,10,4,63,1,0,1,20,238,0,20,22,11,8,59,0,118,0,4,2,1,0,1,0,13,0,2,1,128,0,0,3,84,7,3,0,0,2,4
236,25,2162,1541,40,6,326,2711,1189,43,649,115,13,15,790,5,1429,1317,77,168,3,74167,381,33094,501,7,593,1506,7516,757,20815,6,24,139,4313,4,0,46,400,1,0,2,8,1,7,1,3,0,0,5,0,236,12,3,4,0,192,531,395,89,0,16,145,98,9,98,1,0,4,33
12,1619,317,803,168,1,24,62,34,2887,60,185,8,604,35,47,4422,267,35,88,6,381,8149,1980,7567,968,475,6996,983,44,284,87,4,7,256,2,1,17,42,5,0,2,6,3,2,4,6,2,10,8,0,106,13,6,7,0,30,141,258,30,4,22,118,24,4,14,8,0,2,12
600,235,21723,2872,70,14,455,5061,2322,82,1054,299,15,29,1836,23,21401,8365,214,619,8,33094,1980,93603,1319,12,3807,21508,7726,1202,11619,42,46,116,7384,45,12,1227,245,6,1,22,109,69,15,62,15,3,3,74,2,1436,261,6,24,2,426,866,5232,132,4,128,2667,213,94,248,1,1,11,173
77,543,121,4870,6750,7,321,1079,328,10670,1539,144,930,344,291,366,2955,471,83,124,1176,501,7567,1319,55328,432,1104,4910,19755,917,1650,153,8,280,874,35,1,40,331,133,2,67,254,81,132,256,11,52,8,63,1,60,29,9,5,51,86,142,89,1573,1,73,119,1261,238,389,5,1,122,220
2,3192,13,1635,11,0,4,5,21,1153,9,1064,16,7258,13,32,33,43,320,118,0,7,968,12,432,8122,823,7184,34,28,3,562,6,3,84,0,2,1,8,0,0,0,1,2,1,2,27,0,49,1,0,0,3,73,10,0,1,1,2,6,21,107,98,1,0,6,21,0,0,6
577,1298,15322,1534,75,18,495,1058,2589,494,622,11056,21,1437,2168,49,178,7669,7024,8571,11,593,475,3807,1104,823,79278,25175,773,1422,973,3092,76,159,2125,13,28,219,152,4,0,3,18,11,9,15,207,0,174,22,0,10,337,480,278,0,25,27,94,25,124,2503,1304,41,22,106,117,1,11,257
392,5412,10825,5033,265,13,302,1086,1015,1239,808,2446,44,6003,1046,96,7758,8400,2055,2337,12,1506,6996,21508,4910,7184,25175,95526,4139,1300,1190,3434,31,192,4898,60,47,1969,410,9,2,31,126,111,17,70,209,1,181,140,0,349,1063,584,330,4,290,445,2561,158,127,2508,4482,164,160,337,122,5,20,470
237,75,1168,2050,9476,21,2221,26254,2467,2088,16093,145,1052,69,1367,243,3204,372,52,74,2417,7516,983,7726,19755,34,773,4139,76585,2113,11441,65,48,608,2860,45,1,53,410,186,3,118,411,123,119,368,10,82,2,128,9,89,48,5,4,94,186,188,226,2293,4,27,171,1719,297,574,1,3,146,262
10491,63,866,587,318,400,1359,2281,7245,289,3697,2043,293,117,16228,51,26,1863,318,545,184,757,44,1202,917,28,1422,1300,2113,88246,8137,49,3656,6699,4439,12,2,26,50,13,0,8,65,14,22,10,5,5,1,9,0,11,24,3,4,5,12,13,20,336,1,45,54,285,57,88,0,2,38,56
4764,43,2324,2167,112,25,422,16459,3801,123,853,152,16,11,5509,15,403,2019,99,259,11,20815,284,11619,1650,3,973,1190,11441,8137,74827,10,90,953,6187,14,0,45,325,1,0,5,18,11,47,8,2,1,0,15,0,63,30,0,4,0,150,249,109,308,1,32,73,363,40,235,1,0,15,47
5,135,242,102,7,1,33,41,84,116,30,2089,3,2598,70,10,17,40,437,77,0,6,87,42,153,562,3092,3434,65,49,10,1964,8,1,133,0,2,1,6,0,0,1,1,1,1,0,62,1,104,0,0,1,7,80,15,0,2,3,2,3,16,173,145,2,3,0,43,0,0,12
68,2,26,12,11,3624,2636,94,5506,2,228,468,71,48,4429,212,1,33,17,15,10,24,4,46,8,6,76,31,48,3656,90,8,3396,8,399,0,0,0,1,0,0,0,3,0,0,0,0,1,0,0,0,0,0,0,0,0,1,0,1,16,0,2,2,5,3,1,0,0,0,3
80,11,49,129,52,1,65,227,83,89,232,46,11,7,199,3,14,189,38,93,4,139,7,116,280,3,159,192,608,6699,953,1,8,4707,1456,4,0,2,17,1,0,3,26,3,6,2,0,1,0,1,0,2,1,0,0,1,3,4,2,88,1,4,9,67,12,25,1,0,4,11
320,318,1170,655,93,51,201,743,529,229,939,7964,80,195,1209,15,218,2600,771,1595,63,4313,256,7384,874,84,2125,4898,2860,4439,6187,133,399,1456,35886,14,6,147,63,5,1,6,60,15,14,12,10,2,5,22,0,46,104,36,33,1,25,47,228,183,10,262,347,159,48,98,5,0,10,60
1,0,24,9,4,0,7,6,6,1,8,1,1,3,2,0,5,3,0,4,1,4,2,45,35,0,13,60,45,12,14,0,0,4,14,12961,29,181,129,10,15,84,7928,1677,43,226,221,14,15,13253,3,13,270,120,118,10,133,62,140,231,3,434,528,393,24100,7695,20,53,61,365
0,2,20,15,1,0,0,0,0,0,0,6,0,8,0,0,1,7,5,7,0,0,1,12,1,2,28,47,1,2,0,2,0,0,6,29,3548,260,522,4,0,5,30,11,497,10,121,4,924,32,25,113,855,116,255,1,44,2218,146,609,1902,1045,4383,33,65,181,92,0,8,516
7,15,689,48,5,0,10,37,31,5,16,9,3,4,31,0,73,213,12,33,1,46,17,1227,40,1,219,1969,53,26,45,1,0,2,147,181,260,25296,335,40,7,224,1632,920,38,747,282,9,51,688,5,121,5827,359,388,6,945,398,16251,213,10,10330,9659,1488,389,1659,158,15,24,723
4,9,49,116,98,0,33,57,34,65,107,14,4,20,24,2,259,68,10,47,20,400,42,245,331,8,152,410,410,50,325,6,1,17,63,129,522,335,248,113,1,53,580,136,762,206,173,45,1249,190,27,2788,833,124,212,44,2388,855,1719,4075,1064,1387,1541,1579,506,1916,48,6,154,486
0,1,5,2,264,0,34,16,18,60,252,0,208,0,3,15,1,1,0,0,238,1,5,6,133,0,4,9,186,13,1,0,0,1,5,10,4,40,113,22275,2,777,325,271,132,9469,13,9789,3,136,282,21,31,3,6,25771,52,18,56,6379,0,28,111,4547,188,32,6,6,25,128
0,1,0,0,0,0,0,0,0,0,0,0,1,0,0,0,0,0,0,0,0,0,0,1,2,0,0,2,3,0,0,0,0,0,1,15,0,7,1,2,8460,6583,35,3063,3,44,80,7,4,377,1909,0,2,3,0,3,3,0,4,6,0,10,8,21,602,13,0,3993,0,140
0,2,4,2,82,1,19,17,9,21,118,0,141,0,0,1,5,0,0,0,20,2,2,22,67,0,3,31,118,8,5,1,0,3,6,84,5,224,53,777,6583,72811,3719,27946,82,22138,134,9118,13,3648,6252,20,91,19,12,1278,171,22,220,820,2,175,161,1987,1663,189,20,2240,32,329
1,0,52,18,92,3,69,104,81,32,178,3,21,2,39,3,20,19,1,2,22,8,6,109,254,1,18,126,411,65,18,1,3,26,60,7928,30,1632,580,325,35,3719,85015,9619,331,20668,263,122,18,10737,78,127,795,158,202,112,1613,92,2009,2143,0,1025,1137,21509,3166,15798,52,80,285,1207
2,2,51,13,34,0,25,33,21,8,72,1,18,0,6,1,5,8,0,1,11,1,3,69,81,2,11,111,123,14,11,1,0,3,15,1677,11,920,136,271,3063,27946,9619,111058,76,16807,1697,566,61,32474,883,21,449,162,98,283,352,44,529,532,8,848,743,1931,6835,1876,98,6879,49,1666
0,0,3,118,26,0,11,9,9,102,28,3,11,7,9,8,6,2,0,1,8,7,2,15,132,1,9,17,119,22,47,1,0,6,14,43,497,38,762,132,3,82,331,76,5383,181,53,708,612,95,682,41,102,25,53,67,42,4908,55,14107,396,212,806,1154,239,392,40,2,82,188
0,1,30,14,256,0,65,35,39,84,359,0,265,0,7,8,10,8,0,0,59,1,4,62,256,2,15,70,368,10,8,0,0,2,12,226,10,747,206,9469,44,22138,20668,16807,181,139269,167,11446,10,4313,275,66,270,38,26,12636,506,60,724,3223,6,469,541,11488,2081,538,40,107,151,1503
1,6,20,13,0,0,0,3,3,3,2,62,0,103,0,0,4,23,70,34,0,3,6,15,11,27,207,209,10,5,2,62,0,0,10,221,121,282,173,13,80,134,263,1697,53,167,44784,22,2014,1060,4,22,1940,11833,2672,13,267,110,542,113,262,9667,2755,102,1129,1166,3285,808,34,10601
0,0,0,0,143,2,60,4,11,17,100,0,3634,0,1,11,4,0,0,1,118,0,2,3,52,0,0,1,82,5,1,1,1,1,2,14,4,9,45,9789,7,9118,122,566,708,11446,22,50816,4,205,3695,1,8,0,4,21469,12,10,8,2305,6,8,49,1608,196,16,3,14,6,211
0,5,10,11,0,0,0,0,2,13,4,162,0,573,0,1,0,11,48,13,0,0,10,3,8,49,174,181,2,1,0,104,0,0,5,15,924,51,1249,3,4,13,18,61,612,10,2014,4,25908,42,48,25,47,232,44,2,8,793,40,370,4096,281,6360,25,43,67,1734,22,3,144
0,0,66,13,27,0,29,29,21,16,48,6,10,2,12,1,5,10,1,2,4,5,8,74,63,1,22,140,128,9,15,0,0,1,22,13253,32,688,190,136,377,3648,10737,32474,95,4313,1060,205,42,109229,36,20,458,227,178,135,235,90,343,427,8,961,973,1101,16147,3815,70,6734,56,1690
0,0,1,0,8,0,0,0,1,4,5,0,60,2,0,2,0,0,0,1,2,0,0,2,1,0,0,0,9,0,0,0,0,0,0,3,25,5,27,282,1909,6252,78,883,682,275,4,3695,48,36,11705,1,11,4,2,261,6,72,8,848,24,22,105,208,53,21,1,57,9,24
3,1,34,203,10,0,4,34,12,2,14,0,0,0,10,0,700,12,2,1,1,236,106,1436,60,0,10,349,89,11,63,1,0,2,46,13,113,121,2788,21,0,20,127,21,41,66,22,1,25,20,1,23099,179,20,30,6,4773,6928,12167,1930,14,91,7960,1791,41,963,8,1,15,357
7,21,434,59,1,0,8,15,17,13,11,10,0,10,10,0,18,234,13,41,0,12,13,261,29,3,337,1063,48,24,30,7,0,1,104,270,855,5827,833,31,2,91,795,449,102,270,1940,8,47,458,11,179,20200,1220,7611,12,1786,381,11754,407,55,7235,9160,535,326,3240,79,13,31,3676
0,8,20,22,0,0,0,2,3,7,0,141,0,139,3,0,1,31,185,56,1,3,6,6,9,73,480,584,5,3,0,80,0,0,36,120,116,359,124,3,3,19,158,162,25,38,11833,0,232,227,4,20,1220,10125,5242,1,134,40,464,57,272,9517,2468,72,241,691,846,21,13,974
1,3,26,23,0,0,0,3,2,5,5,30,0,14,3,1,2,57,40,83,0,4,7,24,5,10,278,330,4,4,4,15,0,0,33,118,255,388,212,6,0,12,202,98,53,26,2672,4,44,178,2,30,7611,5242,13831,0,371,64,999,92,230,5196,2805,68,262,1446,97,4,20,2058
0,0,1,2,102,0,21,6,6,35,90,0,1257,0,1,7,0,2,0,0,13,0,0,2,51,0,0,4,94,5,0,0,0,1,1,10,1,6,44,25771,3,1278,112,283,67,12636,13,21469,2,135,261,6,12,1,0,12073,13,3,12,2117,0,12,27,1417,140,12,4,13,9,149
2,1,52,71,5,0,9,13,15,3,17,1,2,0,7,0,143,11,1,4,0,192,30,426,86,1,25,290,186,12,150,2,1,3,25,133,44,945,2388,52,3,171,1613,352,42,506,267,12,8,235,6,4773,1786,134,371,13,89004,1017,27785,2084,14,489,2245,9741,230,27062,8,3,74,7269
2,2,53,209,9,0,8,15,19,5,18,1,1,16,15,0,738,24,6,1,2,531,141,866,142,1,27,445,188,13,249,3,0,4,47,62,2218,398,855,18,0,22,92,44,4908,60,110,10,793,90,72,6928,381,40,64,3,1017,11196,4126,7511,635,293,5214,536,143,1057,32,1,28,322
6,13,467,274,14,1,17,88,59,9,62,6,1,1,34,1,1503,76,4,12,1,395,258,5232,89,2,94,2561,226,20,109,2,1,2,228,140,146,16251,1719,56,4,220,2009,529,55,724,542,8,40,343,8,12167,11754,464,999,12,27785,4126,116063,1893,22,3663,22774,8227,308,8016,97,6,60,5630
20,3,50,148,668,5,342,358,302,214,934,9,106,17,140,28,46,18,2,4,128,89,30,132,1573,6,25,158,2293,336,308,3,16,88,183,231,609,213,4075,6379,6,820,2143,532,14107,3223,113,2305,370,427,848,1930,407,57,92,2117,2084,7511,1893,70841,329,410,3580,27796,1036,4363,55,16,509,1182
0,2,1,4,0,0,0,0,0,6,0,43,0,64,0,1,0,9,23,20,0,0,4,4,1,21,124,127,4,1,1,16,0,1,10,3,1902,10,1064,0,0,2,0,8,396,6,262,6,4096,8,24,14,55,272,230,0,14,635,22,329,4801,1257,4357,16,24,50,122,2,2,215
4,65,226,126,4,0,5,12,13,48,10,340,2,250,28,2,18,475,387,499,0,16,22,128,73,107,2503,2508,27,45,32,173,2,4,262,434,1045,10330,1387,28,10,175,1025,848,212,469,9667,8,281,961,22,91,7235,9517,5196,12,489,293,3663,410,1257,67676,18988,546,866,2142,1580,41,57,1920
15,46,1180,180,26,1,25,99,77,40,76,264,3,417,62,3,363,418,257,251,3,145,118,2667,119,98,1304,4482,171,54,73,145,2,9,347,528,4383,9659,1541,111,8,161,1137,743,806,541,2755,49,6360,973,105,7960,9160,2468,2805,27,2245,5214,22774,3580,4357,18988,103928,2522,1215,3158,2428,24,122,4788
19,2,70,99,395,3,261,333,249,98,741,2,90,4,136,14,75,16,3,0,84,98,24,213,1261,1,41,164,1719,285,363,2,5,67,159,393,33,1488,1579,4547,21,1987,21509,1931,1154,11488,102,1608,25,1101,208,1791,535,72,68,1417,9741,536,8227,27796,16,546,2522,75294,1638,10643,33,37,760,2693
8,1,35,20,43,0,56,82,64,12,88,3,16,1,24,4,10,10,4,5,7,9,4,94,238,0,22,160,297,57,40,3,3,12,48,24100,65,389,506,188,602,1663,3166,6835,239,2081,1129,196,43,16147,53,41,326,241,262,140,230,143,308,1036,24,866,1215,1638,116137,6610,69,9071,3895,2296
4,5,111,112,32,0,42,88,61,13,56,11,5,3,38,1,49,35,11,21,3,98,14,248,389,6,106,337,574,88,235,0,1,25,98,7695,181,1659,1916,32,13,189,15798,1876,392,538,1166,16,67,3815,21,963,3240,691,1446,12,27062,1057,8016,4363,50,2142,3158,10643,6610,80067,95,48,549,10905
0,7,3,3,0,0,0,1,1,6,0,75,0,183,1,1,2,6,29,5,0,1,8,1,5,21,117,122,1,0,1,43,0,1,5,20,92,158,48,6,0,20,52,98,40,40,3285,3,1734,70,1,8,79,846,97,4,8,32,97,55,122,1580,2428,33,69,95,1874,22,2,310
0,0,3,0,1,0,0,3,0,1,2,2,0,0,0,0,0,0,0,0,0,0,0,1,1,0,1,5,3,2,0,0,0,0,0,53,0,15,6,6,3993,2240,80,6879,2,107,808,14,22,6734,57,1,13,21,4,13,3,1,6,16,2,41,24,37,9071,48,22,11915,3,1133
1,0,5,4,18,0,19,34,24,4,28,1,4,0,13,1,2,3,0,1,2,4,2,11,122,0,11,20,146,38,15,0,0,4,10,61,8,24,154,25,0,32,285,49,82,151,34,6,3,56,9,15,31,13,20,9,74,28,60,509,2,57,122,760,3895,549,2,3,4518,901
9,7,137,33,23,0,24,71,36,26,65,18,7,13,30,1,32,76,30,56,4,33,12,173,220,6,257,470,262,56,47,12,3,11,60,365,516,723,486,128,140,329,1207,1666,188,1503,10601,211,144,1690,24,357,3676,974,2058,149,7269,322,5630,1182,215,1920,4788,2693,2296,10905,310,1133,901,40898
