9.90260307381855,118.936470031738,93.8111354082999,91.7946699582613,89.0219921112061,79.1609802246094,103.082436910042,26.7531156152912,53.958703983656,83.0445127890144,77.8029580701072,122.500232696533,94.1293792724609,157.651693725586,21.1904289820896,157.881879806519,144.517621820623,103.18112334227,135.543576935191,121.676794000969,86.2211090087891,80.0176531369569,107.815964438699,91.7314164840167,95.47744867234,0,114.420434322817,127.768739212754,91.9772559473754,21.4685117737942,37.8209513065169,165.273213704427,87.4149678230286,34.3923068473588,69.3931168204123,176.932907104492,0,159.592005411784,109.575435638428,173.823974609375,0,215.745697021484,164.928126525879,168.045227050781,156.442108154297,0,196.275024414062,0,0,0,0,157.277486165365,176.225726040927,192.097038269043,202.334014892578,0,224.984771728516,0,181.343969171697,133.450694613987,0,196.161748250326,162.335005260649,144.466357264025,167.735310872396,185.352667490641,0,205.703659057617,156.551834106445,173.433656964983
118.936470031738,7.93217802047729,44.5715892314911,13.6117742929114,98.5323753356934,118.807147979736,165.343399047852,109.88814838116,148.810427202497,64.432133359715,114.047676086426,58.9227170366229,106.881538391113,49.8458219906863,138.57096529007,111.242922668457,45.8148880752863,51.5331826400757,69.1704962174971,51.1147876304666,0,92.3142317258395,16.0915708910795,60.9503913948753,75.6327214259439,27.1424958027371,41.6933044032592,28.2923104328561,99.6144925780216,114.059667226431,97.8004586113824,56.7630382884632,85.6434936523438,104.821576690674,57.9246243128701,187.623947143555,0,97.8899495261056,81.8759803771973,212.666351318359,0,0,171.958290100098,0,139.155963897705,175.369415283203,99.9200871785482,0,91.6721314748128,209.695617675781,0,102.266098022461,88.8402505918991,109.565182025616,84.3934936523438,0,0,82.614330291748,117.651990890503,129.015720367432,80.616114616394,82.0783744554841,86.9997781695742,0,193.265453338623,123.047012329102,108.174915313721,0,144.427688598633,114.370626068115
93.8111354082999,44.5715892314911,10.5589409794319,46.1879003852495,118.712864595301,161.951285226004,134.96510804942,86.8873833170327,122.073651367516,124.131150172307,105.742732426892,86.4127656015856,148.529873657227,91.9192217658548,112.760953505702,136.444660610623,91.8148486857512,45.1557910329656,79.0942761058539,64.0239358928561,146.685415267944,60.4264118383219,51.5180358637392,34.7646477186764,99.4953520033095,90.9749336242676,32.3582537794803,33.3826723390931,74.9046348587175,108.138060910799,73.0480007946221,86.6084394358625,165.825953801473,108.161378251745,64.5738183606656,157.620540965687,74.2341935294015,90.679517302453,77.249510023329,185.317779541016,132.218170166016,196.930558946398,158.498328744549,187.27200410804,185.477020263672,177.298184846577,130.889859199524,0,125.834764480591,180.478865990272,0,114.116318211411,104.974310637076,127.781105359395,124.741853853551,231.774276733398,128.891546205033,72.6847417077353,108.023712392054,146.26828881466,0,107.666445659291,91.4393481065601,154.819140390249,170.946103895033,144.175285575316,127.01538848877,0,160.266311645508,114.415152584214
91.7946699582613,13.6117742929114,46.1879003852495,16.2083157200624,60.1122521732164,116.564697265625,88.654575138092,64.532447773627,90.6517336498359,24.5728422495728,80.3549684783787,61.0754101937169,92.7712427548,48.0832006050632,98.8903473781874,102.923789831308,38.1362794097857,57.7693012932132,73.5350483595723,65.7359645521961,84.9659389149059,57.5606787184819,27.0423784316768,53.4682970045484,37.5341996810403,26.8033197385229,48.7182243640606,41.1173515594739,54.7963139880976,86.9392328453319,61.3231996055951,70.0775558192556,120.232413397895,67.7947256214123,60.0886841497012,120.428585688273,52.2054602759225,60.3125559523299,17.1681576181631,161.395303726196,199.114608764648,154.053380012512,95.0418020884196,142.971834818522,57.5839001337687,138.374094645182,70.5107782363892,163.056233723958,60.2468959944589,137.667740657412,0,50.3536985281742,74.1381110327584,67.6007834656598,89.930993437767,113.491806030273,66.5523165960382,10.5318899820517,64.1988843996118,82.8166333569421,50.0239744959651,64.6288556585125,59.3665284598746,82.83115322307,130.762144207954,88.1295784449173,80.5701793670654,0,118.641523996989,97.9460871626691
89.0219921112061,98.5323753356934,118.712864595301,60.1122521732164,12.0016499785384,117.339158194406,69.7910702171019,47.9460339657096,93.1829737874784,42.8009260186621,21.0982522789627,156.775473531087,35.2839092457744,161.213235037667,106.165776557922,71.8455901626469,69.47073500497,139.457121276855,170.240081787109,167.402112960815,13.5478155288516,101.443366765976,60.5466055286874,126.182051309725,22.3681584722763,149.507183074951,146.478275565214,121.018585857163,19.556754420041,96.4967213573072,95.5228209062056,165.099856567383,138.045689900716,83.577049164545,102.439975828283,158.047479248047,183.684341430664,167.541207885742,72.3508871874763,81.7368030185857,179.207641601562,147.326946393181,126.306802546724,160.635242130445,89.4904631720649,141.395320390747,204.997482299805,94.3391042766192,0,172.736597964638,112.89112218221,131.787813186646,182.311828613281,245.25666809082,0,133.661110450695,158.785597229004,117.710950215658,180.479333241781,103.336717037646,0,195.783462524414,182.967521031698,131.276894239946,165.091739947979,154.944160461426,0,201.411982218424,150.244323730469,172.265744781494
79.1609802246094,118.807147979736,161.951285226004,116.564697265625,117.339158194406,6.28100618334601,7.57153020196614,119.941412118765,15.2867654867789,68.679075387808,101.256843719482,59.2833414077759,74.7524223327637,89.2803955078125,35.5330034645236,12.7905332202552,0,174.871894836426,137.42053604126,0,111.111518859863,114.599487304688,0,144.357998241078,72.1444458007813,124.123046875,166.022409820557,165.631500244141,122.841738891602,22.0357562812448,116.97109153054,100.289680480957,11.6630413731551,0,26.1240056652889,0,0,0,0,0,0,0,0,0,0,0,0,0,0,0,0,0,0,0,0,0,0,0,0,177.904304504395,0,0,0,194.84521484375,0,0,0,0,0,0
103.082436910042,165.343399047852,134.96510804942,88.654575138092,69.7910702171019,7.57153020196614,11.0726748892486,69.6724671362346,17.7216636258538,80.3503696089941,40.4251492395374,101.373600653882,25.8050370318081,146.497052192688,44.3246186497175,12.2401613508101,130.956437683105,163.759404043133,181.959054856073,176.931085297556,44.4832301023245,114.318219116211,110.837963104248,135.140127377632,87.6538433474994,164.465059916178,163.931673348871,153.524312811383,76.0682448687447,46.4813792830626,103.681584676107,184.864804719624,23.8965766245561,96.6788084763747,86.8034670384725,178.925467354911,0,198.220383961995,123.139678649902,162.814653570002,0,168.532292556763,148.200615278256,182.981006846708,131.684734344482,166.717228195884,225.058731079102,94.7699117245881,0,193.880212148031,211.003311157227,188.852745056152,215.829111735026,0,211.602737426758,161.493904807351,200.787069702148,166.647583007812,196.262889226278,135.398093518593,0,209.194783528646,195.649638175964,150.296668871711,181.890600650869,178.808554077148,0,212.85481262207,174.134480285645,182.462405250186
26.7531156152912,109.88814838116,86.8873833170327,64.532447773627,47.9460339657096,119.941412118765,69.6724671362346,11.0615049406652,69.1243672926263,62.8713077660763,18.1433502530402,150.206022869457,56.2279836942824,164.623450901197,47.5298217160931,77.6933715526874,83.3122387434307,121.413199905277,145.964005364312,134.610564846463,94.7401385587804,64.5705269289556,87.9956017812093,75.1614099313051,56.8242526589002,144.844975789388,117.858244436073,108.789966506558,30.3155491005019,66.2953402870778,22.5208830327193,152.074784545898,124.785374630199,55.6266127543607,72.4065202192827,141.858461233286,173.442901611328,158.848394552867,86.1097547090971,142.120270623101,193.926574707031,154.41150365557,118.638136137099,157.832278696696,112.604872703552,143.788302668819,200.570907592773,0,0,157.497985839844,0,132.145562489827,177.290892918905,236.764419555664,205.280451456706,138.194779396057,161.016668568487,98.1919784545898,156.642464233398,112.413188058822,0,186.056340535482,154.234157330057,118.631314511202,148.420385538737,137.656360081264,224.683288574219,183.688140869141,134.853598700629,135.736293885766
53.958703983656,148.810427202497,122.073651367516,90.6517336498359,93.1829737874784,15.2867654867789,17.7216636258538,69.1243672926263,12.5013507377912,94.8038816105236,32.5581106706362,91.2446608175605,80.4664987033268,135.549765443149,21.3263394398463,29.5382169813308,146.266429443359,134.387102888487,156.746940956116,149.647202142394,86.8092281919537,107.736334336542,130.013870521828,118.092130188813,94.104700551022,125.751375024969,146.278250626381,148.656108761497,90.2262541140364,38.6587317476247,81.9202639075093,172.492375747017,24.5320564322414,97.3259752411203,78.3660498423454,171.038313729422,163.50345993042,186.575897534688,108.270782470703,166.072553846571,0,169.390042622884,152.705719951441,184.69226892983,155.446729024251,168.691532808192,225.518936157227,149.607456631131,0,188.054176754422,162.143142700195,170.894022773294,202.248883415671,241.917701721191,215.314273834229,162.542331471163,194.069445096529,128.269493103027,189.887080630741,141.078126354566,0,201.770673668903,185.840298461914,149.322610145872,179.83098078709,166.688866415142,239.588775634766,207.536155700684,154.663671584356,180.04014078776
83.0445127890144,64.432133359715,124.131150172307,24.5728422495728,42.8009260186621,68.679075387808,80.3503696089941,62.8713077660763,94.8038816105236,7.67119641220442,66.3874533546162,129.098757657138,10.6158524801905,123.228855235182,97.8857480246445,25.1339081553742,56.0348130861918,121.685137737756,140.831650513869,125.030196287194,39.1178615085363,86.7144486276727,24.2311660597528,106.604063851493,19.7402094116729,105.576136852954,118.696384920174,116.042350347616,52.2849678333503,84.0107862625122,60.8965141704749,132.594347576762,127.352159353403,62.89469423796,78.1102094606722,164.309051513672,0,138.898851394653,46.293276240186,95.7578457563351,0,135.35161819458,121.521096801758,153.10516166687,38.2112102075057,109.523489846124,167.263671875,93.4395582299483,155.825018041274,127.742824554443,106.088665008545,0,160.712832641602,177.243190765381,157.254508972168,106.015785480368,113.701892852783,0,224.463653564453,73.6293540344238,141.555023193359,163.371374130249,170.175373404367,101.81099550489,154.171094621931,164.15540822347,181.723890824751,188.640190124512,0,151.458684285482
77.8029580701072,114.047676086426,105.742732426892,80.3549684783787,21.0982522789627,101.256843719482,40.4251492395374,18.1433502530402,32.5581106706362,66.3874533546162,12.1283184712442,141.75660640315,30.2160477315979,165.542842441135,52.2636833192778,69.0251017483798,93.8427984064276,147.556972235964,169.832873257724,167.140170078652,19.74678722628,79.0876499119571,92.9478018100445,95.7722174016441,61.0246580388043,172.498481750488,142.324791003418,125.127623968413,37.8419892555791,86.6382743191016,77.9884010876796,168.763242524246,117.300720477926,75.0451151287283,88.6666772220152,171.842084444486,191.370391845703,178.289678955078,90.560155781266,144.585366237164,0,155.474270184835,139.240362988672,167.72057541557,109.648697582643,152.473419480097,214.256062825521,101.097567196959,220.344955444336,173.877527090219,147.307765613903,153.60197019577,197.072853088379,234.581654866536,202.540692138672,145.529765262244,171.203858693441,157.179334368025,169.191402326311,116.567959670399,177.637756347656,206.558267211914,182.459174142757,139.798826104567,174.835121614387,173.644977823893,190.546447753906,204.571111043294,162.165688009823,164.418407706327
122.500232696533,58.9227170366229,86.4127656015856,61.0754101937169,156.775473531087,59.2833414077759,101.373600653882,150.206022869457,91.2446608175605,129.098757657138,141.75660640315,13.0678907375388,145.192096363414,26.0283229890625,86.3155562211627,143.136644857901,130.216868660667,53.2808051077168,23.6294732889762,20.7863424936756,136.717926873101,96.7979735826191,97.0797942841124,91.640171387236,135.258869188404,32.4983113169255,26.8984051008251,57.6862321537117,136.395628667511,52.3120613368381,108.134091762786,31.1086176145678,59.3901129277766,100.977092514038,29.7976824046361,198.115707397461,111.89440699986,148.394758224487,68.7180473327637,215.5009765625,0,0,211.868392944336,0,180.002697753906,0,97.3260175456171,0,75.6714614028231,219.361821492513,0,171.492904663086,135.241086623248,96.7913909597495,109.574986775716,0,152.936777750651,122.298116411482,162.201871490479,181.764552189754,62.6030970034392,94.3943582737085,97.861898911305,208.818271983754,217.468869527181,212.471519470215,93.3286996885788,0,210.795913696289,132.736066000802
94.1293792724609,106.881538391113,148.529873657227,92.7712427548,35.2839092457744,74.7524223327637,25.8050370318081,56.2279836942824,80.4664987033268,10.6158524801905,30.2160477315979,145.192096363414,12.013318753504,153.734326449308,101.890652317112,14.5974114266004,107.091321309408,176.798728942871,180.671035766602,200.519910176595,14.7299673098572,162.953993225098,72.5510393778483,144.329402923584,27.6622705998085,150.447118123372,169.940524854158,153.307756662369,51.7113777204366,98.4193403035326,157.854553222656,166.047744750977,125.592901706696,99.8065549410307,98.0269242621757,0,0,0,112.048877334595,73.3385892332646,90.9707260131836,54.7185754934947,138.755911658792,149.036125946045,88.8529788425991,88.2553055503152,0,17.0904483026892,0,175.864706420898,59.3428098678589,0,181.708541870117,0,0,13.3580899512514,161.054723103841,0,0,120.955999262193,156.316345214844,194.165390014648,159.09521484375,143.093972624018,191.757989501953,175.282974243164,0,0,157.423965454102,159.510986328125
157.651693725586,49.8458219906863,91.9192217658548,48.0832006050632,161.213235037667,89.2803955078125,146.497052192688,164.623450901197,135.549765443149,123.228855235182,165.542842441135,26.0283229890625,153.734326449308,8.48832728284463,125.268338721139,167.94628053553,118.220525326936,98.5565975189209,50.193500995636,66.4818186924375,195.976806640625,140.976553344727,87.3178461584121,123.832679336135,132.008013083385,23.4367245161766,31.9194766124392,34.8737007206213,158.015222740173,80.1488711357117,148.499128723145,15.9903464455916,87.4127758741379,141.715327453613,51.5146491213543,0,94.7986786786248,166.351284790039,48.6299107831395,0,0,0,194.25070699056,0,158.233389960395,196.064331054688,81.1181003834942,0,63.5569717327128,0,0,166.294189453125,120.92938486735,86.7222471034273,107.738283284505,229.194778442383,162.321472167969,107.982792990548,176.775974273682,175.085350036621,53.6243285735448,83.8642304975595,83.7132551041118,170.186019897461,0,202.140571594238,79.7589980515858,0,0,125.396960667201
21.1904289820896,138.57096529007,112.760953505702,98.8903473781874,106.165776557922,35.5330034645236,44.3246186497175,47.5298217160931,21.3263394398463,97.8857480246445,52.2636833192778,86.3155562211627,101.890652317112,125.268338721139,12.0838409310977,51.6863556245787,147.748920440674,122.220268084849,148.123712784205,138.298500535957,100.626113144232,103.421212872818,142.99387588501,108.085552993856,103.556348725493,140.976158777873,136.13985861236,142.594170164788,100.253676139473,26.9934047637649,64.9205323599084,172.61133742914,15.2603584738955,56.4781928921338,60.9214505189491,166.786058213976,0,174.374472845168,112.640653049245,197.230598449707,0,188.781806945801,161.152112203102,198.359633012251,125.475047111511,189.131641206287,0,157.011585998535,113.984077453613,209.923645019531,0,163.044431686401,188.306884765625,178.411712646484,203.904879252116,188.626934814453,175.938798904419,162.656755065918,192.53633358604,156.021055036975,0,198.085052490234,182.084957313538,162.600922845334,191.62225151062,171.176985137317,189.343826293945,0,185.61887550354,181.191315262406
157.881879806519,111.242922668457,136.444660610623,102.923789831308,71.8455901626469,12.7905332202552,12.2401613508101,77.6933715526874,29.5382169813308,25.1339081553742,69.0251017483798,143.136644857901,14.5974114266004,167.94628053553,51.6863556245787,7.68128251431079,103.956298828125,154.354463704427,170.44655456543,168.069232177734,48.6224994512705,101.613809585571,78.9272256997915,136.219567362467,54.5459501616946,148.47715736158,158.36987101237,153.191188347049,79.5039209613094,82.0713619878215,118.895017450506,171.432817247179,34.403879754228,84.1157073974609,137.324264975155,0,0,0,42.6686096191406,112.099765014648,0,133.216869354248,162.411046346029,0,80.6192226409912,136.960823059082,0,66.5552983965192,180.190811157227,0,0,0,0,0,0,102.207761764526,0,0,186.979202270508,104.99521122808,0,207.709264119466,214.432306925456,148.786263205788,202.206436157227,0,0,0,0,190.522727966309
144.517621820623,45.8148880752863,91.8148486857512,38.1362794097857,69.47073500497,0,130.956437683105,83.3122387434307,146.266429443359,56.0348130861918,93.8427984064276,130.216868660667,107.091321309408,118.220525326936,147.748920440674,103.956298828125,12.3151726588105,104.87249100629,123.031592686971,116.552459411621,97.6413904825846,31.4210272771714,29.3118675680823,21.9951958347222,24.0891378645627,100.375540806697,105.76920113596,28.4784531880046,42.7789576575799,135.600031216939,75.1663973036005,124.559302266439,0,133.859601338704,82.875211105734,0,0,113.312287280434,60.7929545620032,0,177.05493927002,189.70235824585,142.59525844029,170.197593688965,145.171585083008,163.237436930339,0,0,172.406196594238,203.108673095703,0,92.160246348381,141.958751063193,157.632278442383,160.233978271484,0,111.939002510887,52.8804022084112,100.22194320364,127.201143319266,0,153.180458450317,98.7491243852888,134.056838084075,190.49621963501,127.816718008004,0,0,154.491012573242,135.912638212505
103.18112334227,51.5331826400757,45.1557910329656,57.7693012932132,139.457121276855,174.871894836426,163.759404043133,121.413199905277,134.387102888487,121.685137737756,147.556972235964,53.2808051077168,176.798728942871,98.5565975189209,122.220268084849,154.354463704427,104.87249100629,9.74977104241795,56.3782489226253,19.8931391893061,160.152815682547,59.3402195591585,88.3936069234212,24.6080752776663,126.143924755286,79.5340145111084,33.3885649429353,66.5608472874436,122.157236486449,97.9956100661107,75.336392783741,96.7008074592142,176.189104352679,95.4567868368966,35.9267739935101,183.090472881611,107.43780670166,104.763715518741,74.0507864815848,241.7412109375,0,221.698303222656,182.58851369222,192.263238525391,0,194.739105224609,122.904300053914,185.818695068359,117.007518768311,194.516582782452,0,133.695913314819,114.155175531772,130.264741359613,116.943232877755,0,162.109567006429,0,131.837174960545,176.045066833496,112.597999572754,106.343406698149,104.85476402108,181.399166954888,184.626978556315,171.212093989054,130.794847106934,0,206.175445556641,133.650401580028
135.543576935191,69.1704962174971,79.0942761058539,73.5350483595723,170.240081787109,137.42053604126,181.959054856073,145.964005364312,156.746940956116,140.831650513869,169.832873257724,23.6294732889762,180.671035766602,50.193500995636,148.123712784205,170.44655456543,123.031592686971,56.3782489226253,7.9054616330021,19.253389132555,186.383209228516,112.62639742219,107.927838352748,93.3783475544827,148.342073613947,42.082150902859,31.7781774247512,64.0986319382607,140.295280668471,112.752399468878,115.193867689898,49.7737427604269,87.6107166290283,120.055389404297,62.1707341244127,188.190063476562,120.757814407349,131.361140569051,102.924315134684,0,0,0,0,0,166.528388977051,0,97.4594558324569,0,78.9980421310816,197.385887145996,0,0,144.649730682373,96.9406665649414,104.985261535645,0,176.444046020508,115.651344299316,154.192503356934,201.593635559082,71.8640692093793,95.5110921966896,96.4906279620002,214.069725036621,201.552658081055,0,92.0001361553486,0,0,137.062623160226
121.676794000969,51.1147876304666,64.0239358928561,65.7359645521961,167.402112960815,0,176.931085297556,134.610564846463,149.647202142394,125.030196287194,167.140170078652,20.7863424936756,200.519910176595,66.4818186924375,138.298500535957,168.069232177734,116.552459411621,19.8931391893061,19.253389132555,10.0531070384726,156.534622192383,82.4166627889816,93.2278368510897,64.8900758765993,133.701211772246,38.4471979402516,28.4166380932328,63.6306598135191,131.511410292759,110.302671257846,93.8505686193481,58.5792662447149,158.647446950277,101.813131014506,39.8268478683693,0,88.9461053701548,120.285675811768,87.8645041783651,0,0,0,188.899394989014,221.118047078451,0,0,100.31885266304,237.62548828125,92.383776413767,212.298224312919,0,164.538391113281,127.384762392206,105.213376738808,104.588273925781,0,146.584426879883,148.921480814616,149.445472717285,181.521807861328,76.3575460645888,92.7225999608286,99.84879641285,207.003140767415,181.092163085938,170.113300030048,121.940993172782,0,0,119.761892530653
86.2211090087891,0,146.685415267944,84.9659389149059,13.5478155288516,111.111518859863,44.4832301023245,94.7401385587804,86.8092281919537,39.1178615085363,19.74678722628,136.717926873101,14.7299673098572,195.976806640625,100.626113144232,48.6224994512705,97.6413904825846,160.152815682547,186.383209228516,156.534622192383,9.58613564815323,147.181137084961,72.0755019187927,172.350975036621,18.2293783916709,0,158.577480740017,137.148497081938,30.6198393087336,91.642476691216,137.68102645874,182.625534057617,128.505437850952,88.6150785173689,89.4379883453626,0,0,0,76.5740498629483,54.694739262263,0,153.26914115574,143.651647567749,183.622608947754,102.439141273499,150.968560199348,0,14.3491489231271,0,156.590866088867,105.433708190918,144.953689575195,0,0,0,142.178881151923,174.31990814209,125.260025024414,177.84076944987,117.267195453794,0,0,206.569526672363,144.031983115456,186.717109680176,208.853790283203,0,0,0,179.086853027344
80.0176531369569,92.3142317258395,60.4264118383219,57.5606787184819,101.443366765976,114.599487304688,114.318219116211,64.5705269289556,107.736334336542,86.7144486276727,79.0876499119571,96.7979735826191,162.953993225098,140.976553344727,103.421212872818,101.613809585571,31.4210272771714,59.3402195591585,112.62639742219,82.4166627889816,147.181137084961,11.0951424720299,52.223263882895,29.4623260237751,55.7370341498752,121.036265055339,96.2209099965116,85.0261905756545,26.6601156266595,70.4173350647613,28.9228138561772,134.935942077637,143.212152753557,65.0664298042418,44.2077431294884,134.276556396484,73.4628829956055,128.900877196213,70.84029872243,163.848485310872,0,159.800109863281,144.751582336426,171.307977294922,99.3932160271539,166.574230194092,183.887321472168,122.030838012695,188.649780273438,184.895292663574,0,104.251923922835,150.784669315114,189.316005706787,174.491081237793,0,113.518498073114,74.2883177757263,115.380411750202,118.169178842128,0,160.854618835449,120.079954592768,126.910873791403,157.809752782186,121.412372140323,0,0,130.20911026001,131.788713693619
107.815964438699,16.0915708910795,51.5180358637392,27.0423784316768,60.5466055286874,0,110.837963104248,87.9956017812093,130.013870521828,24.2311660597528,92.9478018100445,97.0797942841124,72.5510393778483,87.3178461584121,142.99387588501,78.9272256997915,29.3118675680823,88.3936069234212,107.927838352748,93.2278368510897,72.0755019187927,52.223263882895,7.66628855425065,51.4209244206267,32.2386440061139,66.0729621737955,88.1635028494017,50.3127652234346,54.3860344534672,111.518025662037,57.8597151028213,99.085324792301,151.426551818848,85.7937833612615,74.7921182834997,117.171951293945,0,97.1310958862305,62.3663009234837,0,0,146.509288787842,131.020257949829,166.671228027344,0,162.642298380534,165.291055297852,0,124.407042503357,164.365671157837,0,51.0232245162293,112.918958965101,116.864280700684,131.460031509399,155.323664347331,88.6739470299254,18.4523573451572,68.72568555838,117.853363037109,94.1829376220703,123.395310685441,89.4725241302162,123.192369159899,154.509815216064,107.73764220528,134.783170700073,0,139.810829162598,130.058405194964
91.7314164840167,60.9503913948753,34.7646477186764,53.4682970045484,126.182051309725,144.357998241078,135.140127377632,75.1614099313051,118.092130188813,106.604063851493,95.7722174016441,91.640171387236,144.329402923584,123.832679336135,108.085552993856,136.219567362467,21.9951958347222,24.6080752776663,93.3783475544827,64.8900758765993,172.350975036621,29.4623260237751,51.4209244206267,16.1276301619851,46.2021634339848,119.445012606107,66.5601384565376,55.0138414344138,49.2990798034777,92.1024794074049,53.5146814640025,112.898417095805,159.673406918844,88.2619201660156,45.4816063557314,172.722332424588,85.6631575497714,101.223889104871,73.8208573676585,186.475577218192,0,190.76623753139,156.855188519767,184.93276323591,123.4976978302,180.316969156265,165.058431413439,176.31867980957,176.577555338542,185.127771700346,0,100.134957518568,127.952647183393,167.660014682346,145.877786403749,191.029986063639,120.497047746504,70.3883909715925,109.287889213677,140.413294700727,0,141.792675872347,101.0133461562,149.187095175544,185.134160614014,140.948091060022,197.428329467773,242.980117797852,189.996271769206,125.467717725177
95.47744867234,75.6327214259439,99.4953520033095,37.5341996810403,22.3681584722763,72.1444458007813,87.6538433474994,56.8242526589002,94.104700551022,19.7402094116729,61.0246580388043,135.258869188404,27.6622705998085,132.008013083385,103.556348725493,54.5459501616946,24.0891378645627,126.143924755286,148.342073613947,133.701211772246,18.2293783916709,55.7370341498752,32.2386440061139,46.2021634339848,11.4762816182306,115.454359641442,120.730115847318,94.4204263646859,23.0898008532042,86.5781836498432,67.2710378177516,138.883549808677,130.546589901573,64.7156284490281,82.7014612161888,129.51593899197,0,156.279513041178,59.9036630498301,113.27411737442,0,137.141009616852,111.502835476037,148.791866193499,68.8414610349215,128.148011027903,195.231397628784,111.593014845208,173.21896471296,150.162731969079,110.75917561849,107.753876943437,162.866858709426,188.435040791829,191.509779866536,115.508006191254,121.04678415848,116.632568904332,139.184182361164,93.7032104036222,161.567555745443,167.868962605794,156.052442298745,109.480879604816,140.463953382513,118.188018826673,185.586964198521,183.052678426107,124.927605311076,133.42323773702
0,27.1424958027371,90.9749336242676,26.8033197385229,149.507183074951,124.123046875,164.465059916178,144.844975789388,125.751375024969,105.576136852954,172.498481750488,32.4983113169255,150.447118123372,23.4367245161766,140.976158777873,148.47715736158,100.375540806697,79.5340145111084,42.082150902859,38.4471979402516,0,121.036265055339,66.0729621737955,119.445012606107,115.454359641442,9.82711011389205,37.5650509878592,29.7508469904796,142.812274708467,85.9940668189007,152.050331115723,43.2555316607157,78.1570987701416,123.887125651042,60.0002778611093,0,81.4988257090251,119.552711486816,41.5889845761386,0,0,0,179.766540527344,208.254333496094,150.999616622925,211.989868164062,66.2286269778297,0,49.3382235173579,0,0,0,80.2698211669922,72.3671492849078,96.6324920654297,0,0,91.7418403625488,184.205596923828,189.482582092285,37.3400239360576,69.1338851565406,70.1408622892279,0,0,0,66.4305733574761,0,0,98.7989247639974
114.420434322817,41.6933044032592,32.3582537794803,48.7182243640606,146.478275565214,166.022409820557,163.931673348871,117.858244436073,146.278250626381,118.696384920174,142.324791003418,26.8984051008251,169.940524854158,31.9194766124392,136.13985861236,158.36987101237,105.76920113596,33.3885649429353,31.7781774247512,28.4166380932328,158.577480740017,96.2209099965116,88.1635028494017,66.5601384565376,120.730115847318,37.5650509878592,16.4558268333069,40.7466993414004,126.628769911305,121.445609082261,99.7651518380464,25.0457114152671,148.085455849057,115.157396134876,70.2352527955883,168.807535443987,96.4235027119265,102.172589455881,78.197477693911,173.779800415039,0,212.983261108398,186.816769845145,200.800678507487,170.430164591471,206.635308837891,96.2686218939887,227.888046264648,80.7118434841785,183.413061989678,0,139.26511742087,102.023190040093,92.6430812922673,97.7772924232483,0,155.969722160926,124.111729165782,127.209797622566,179.249275609067,63.463171929121,87.1099150004992,90.8130667231633,195.412784885716,180.295653187145,159.185543060303,94.1087451803273,226.360298156738,153.574207850865,113.638618946075
127.768739212754,28.2923104328561,33.3826723390931,41.1173515594739,121.018585857163,165.631500244141,153.524312811383,108.789966506558,148.656108761497,116.042350347616,125.127623968413,57.6862321537117,153.307756662369,34.8737007206213,142.594170164788,153.191188347049,28.4784531880046,66.5608472874436,64.0986319382607,63.6306598135191,137.148497081938,85.0261905756545,50.3127652234346,55.0138414344138,94.4204263646859,29.7508469904796,40.7466993414004,16.9507012648023,84.5791204353308,129.530415811445,106.562230202592,31.6080759752787,167.993248197767,113.926653678844,71.0068137550827,170.247139892578,86.9845963569537,94.7828538824084,75.8580745815002,195.996843610491,0,197.422056097733,159.401542122482,186.832207234701,159.739556206597,182.553413654196,103.156098634005,213.528732299805,85.5413743805467,181.593064954204,220.6611328125,107.062118154584,108.215519306726,99.4437699572143,107.225334526511,196.584453235973,128.822237362415,69.9597776343785,109.059622492798,154.307837186804,72.1175916647609,93.9877010525538,93.4160326394254,160.850482957188,180.217852783203,150.961964354223,101.946494788454,209.390462239583,162.81292615618,116.717768723403
91.9772559473754,99.6144925780216,74.9046348587175,54.7963139880976,19.556754420041,122.841738891602,76.0682448687447,30.3155491005019,90.2262541140364,52.2849678333503,37.8419892555791,136.395628667511,51.7113777204366,158.015222740173,100.253676139473,79.5039209613094,42.7789576575799,122.157236486449,140.295280668471,131.511410292759,30.6198393087336,26.6601156266595,54.3860344534672,49.2990798034777,23.0898008532042,142.812274708467,126.628769911305,84.5791204353308,12.4637883934408,92.569913546908,42.9763699767954,152.622725323933,133.013255032626,69.5555857291588,72.2332511704717,135.263493166131,187.206115722656,156.539503658519,73.1216869185456,131.759063839912,176.705795288086,151.261401169592,119.020714690422,157.796030007876,93.6521380742391,146.247331141051,203.765323638916,129.908054248707,202.391362508138,160.055794202364,135.151996612549,110.449015518715,174.554838971394,207.159279959542,187.166359396542,137.955884716179,120.476512958052,122.144529796782,141.427369386892,105.707478500682,187.783046722412,190.0064566476,155.668713518368,119.40759038536,147.80809532417,123.660148241411,0,192.045817057292,132.218440055847,137.37825088501
21.4685117737942,114.059667226431,108.138060910799,86.9392328453319,96.4967213573072,22.0357562812448,46.4813792830626,66.2953402870778,38.6587317476247,84.0107862625122,86.6382743191016,52.3120613368381,98.4193403035326,80.1488711357117,26.9934047637649,82.0713619878215,135.600031216939,97.9956100661107,112.752399468878,110.302671257846,91.642476691216,70.4173350647613,111.518025662037,92.1024794074049,86.5781836498432,85.9940668189007,121.445609082261,129.530415811445,92.569913546908,12.2753465380888,38.0393849546803,116.354599761963,12.7034762232524,17.6335088185103,36.5442194491013,158.616027383243,145.537094116211,178.096733375832,95.4603657331623,185.198529924665,0,196.988621711731,152.519546726772,196.394246673584,114.126071294149,191.914316177368,191.833569335938,148.157112708459,125.297763824463,194.956576643319,0,146.512901306152,179.447082519531,163.115196228027,165.964518955776,183.789206368583,160.180962117513,174.516738891602,182.21544581822,142.010868694765,145.211013793945,169.345529132419,165.735943539042,149.913907653984,186.897699094286,153.570564814976,123.425064086914,0,161.278397193322,182.777556475471
37.8209513065169,97.8004586113824,73.0480007946221,61.3231996055951,95.5228209062056,116.97109153054,103.681584676107,22.5208830327193,81.9202639075093,60.8965141704749,77.9884010876796,108.134091762786,157.854553222656,148.499128723145,64.9205323599084,118.895017450506,75.1663973036005,75.336392783741,115.193867689898,93.8505686193481,137.68102645874,28.9228138561772,57.8597151028213,53.5146814640025,67.2710378177516,152.050331115723,99.7651518380464,106.562230202592,42.9763699767954,38.0393849546803,10.8588131462198,142.240293329412,123.208703713339,49.9597767820725,34.336808930928,145.005574544271,0,146.307772416335,72.910767687284,157.652626037598,0,179.90641784668,132.700966753278,173.074589029948,76.9736218770345,169.433955601283,208.481399536133,189.93782043457,193.305730183919,170.697686331613,0,106.452394846323,161.578019460042,189.918200174967,172.74921875,159.530311584473,120.742799165514,114.089171273368,131.927072228326,117.948882369995,0,161.258448192051,145.16089326364,126.71246059001,165.963020093513,125.423077228023,0,218.607772827148,152.199533462524,141.462688309806
165.273213704427,56.7630382884632,86.6084394358625,70.0775558192556,165.099856567383,100.289680480957,184.864804719624,152.074784545898,172.492375747017,132.594347576762,168.763242524246,31.1086176145678,166.047744750977,15.9903464455916,172.61133742914,171.432817247179,124.559302266439,96.7008074592142,49.7737427604269,58.5792662447149,182.625534057617,134.935942077637,99.085324792301,112.898417095805,138.883549808677,43.2555316607157,25.0457114152671,31.6080759752787,152.622725323933,116.354599761963,142.240293329412,10.4017351301941,123.659558614095,0,74.5913996727638,0,100.295330810547,152.135386875698,62.1371000077989,0,0,0,227.665687561035,0,166.641133626302,0,97.723490865607,0,79.6559214969333,191.70548248291,207.863265991211,0,162.133428573608,94.6229447040361,102.841541583721,0,180.984977722168,138.323127746582,157.09651184082,198.780242919922,70.9860975901286,95.5129308231541,98.4622187107167,234.947616577148,227.393005371094,174.942443847656,97.1226706253855,0,0,162.963722229004
87.4149678230286,85.6434936523438,165.825953801473,120.232413397895,138.045689900716,11.6630413731551,23.8965766245561,124.785374630199,24.5320564322414,127.352159353403,117.300720477926,59.3901129277766,125.592901706696,87.4127758741379,15.2603584738955,34.403879754228,0,176.189104352679,87.6107166290283,158.647446950277,128.505437850952,143.212152753557,151.426551818848,159.673406918844,130.546589901573,78.1570987701416,148.085455849057,167.993248197767,133.013255032626,12.7034762232524,123.208703713339,123.659558614095,5.77096446135398,73.3252113342285,35.0858323880498,205.627822875977,0,224.117477416992,131.182334899902,0,0,230.497100830078,188.004340035575,0,0,225.615283966064,157.485336303711,123.9189453125,143.590881347656,0,0,0,0,0,0,222.393684387207,227.776107788086,0,223.909505208333,184.634127662295,0,157.240783691406,210.219009399414,188.042255177217,217.529728480748,196.81852722168,0,0,209.29801940918,194.676292419434
34.3923068473588,104.821576690674,108.161378251745,67.7947256214123,83.577049164545,0,96.6788084763747,55.6266127543607,97.3259752411203,62.89469423796,75.0451151287283,100.977092514038,99.8065549410307,141.715327453613,56.4781928921338,84.1157073974609,133.859601338704,95.4567868368966,120.055389404297,101.813131014506,88.6150785173689,65.0664298042418,85.7937833612615,88.2619201660156,64.7156284490281,123.887125651042,115.157396134876,113.926653678844,69.5555857291588,17.6335088185103,49.9597767820725,0,73.3252113342285,6.984413222286,21.8442050504583,150.83283996582,0,141.801406860352,91.384867804391,132.667087554932,0,160.421203613281,129.210950127963,157.116694132487,103.288543701172,192.538841247559,201.797439575195,0,0,151.11465890067,0,107.192710876465,186.183052062988,212.433883666992,151.088226318359,0,131.78296661377,151.630671183268,150.149436950684,116.760941776229,0,154.598052978516,161.340613228934,123.779145736694,146.531299791838,130.188034057617,191.426513671875,196.384674072266,126.882278442383,158.418031420026
69.3931168204123,57.9246243128701,64.5738183606656,60.0886841497012,102.439975828283,26.1240056652889,86.8034670384725,72.4065202192827,78.3660498423454,78.1102094606722,88.6666772220152,29.7976824046361,98.0269242621757,51.5146491213543,60.9214505189491,137.324264975155,82.875211105734,35.9267739935101,62.1707341244127,39.8268478683693,89.4379883453626,44.2077431294884,74.7921182834997,45.4816063557314,82.7014612161888,60.0002778611093,70.2352527955883,71.0068137550827,72.2332511704717,36.5442194491013,34.336808930928,74.5913996727638,35.0858323880498,21.8442050504583,10.4004022837046,154.732049239309,113.113158226013,106.483812558142,80.6284274731652,189.158475603376,0,176.732140677316,143.799045417145,191.571797688802,130.062206692166,195.795464833577,133.411913394928,147.22854309082,119.470510594985,186.42931015427,199.755783081055,111.90222349621,118.934784709543,124.255373832507,119.611476005392,178.18000793457,127.602575155405,89.5424012404222,122.29830659968,127.691759420386,98.5401128133138,108.550327477866,108.098394791136,136.234618726627,167.32872815402,144.233680517023,131.18080774943,0,162.307861328125,140.641377766927
176.932907104492,187.623947143555,157.620540965687,120.428585688273,158.047479248047,0,178.925467354911,141.858461233286,171.038313729422,164.309051513672,171.842084444486,198.115707397461,0,0,166.786058213976,0,0,183.090472881611,188.190063476562,0,0,134.276556396484,117.171951293945,172.722332424588,129.51593899197,0,168.807535443987,170.247139892578,135.263493166131,158.616027383243,145.005574544271,0,205.627822875977,150.83283996582,154.732049239309,12.6333909320045,118.141658782959,116.305160120914,81.9153169565164,115.732259273529,80.0913302103678,97.8173612223731,26.1493492269208,48.8842207391591,79.8371951482067,74.4321548274919,113.865740858275,135.934516906738,134.872871105488,20.7834175201638,97.5819953918457,120.546778361003,107.602023018154,128.677316741081,117.93073183323,102.15334374564,82.9949196448693,106.976829342726,107.313704911653,88.2385995542848,126.017751693726,124.116746814163,129.332218628551,90.6585525354117,22.4650667787599,32.7190238935936,139.60798887773,81.2192656475565,45.6095675555142,70.7528211022165
0,0,74.2341935294015,52.2054602759225,183.684341430664,0,0,173.442901611328,163.50345993042,0,191.370391845703,111.89440699986,0,94.7986786786248,0,0,0,107.43780670166,120.757814407349,88.9461053701548,0,73.4628829956055,0,85.6631575497714,0,81.4988257090251,96.4235027119265,86.9845963569537,187.206115722656,145.537094116211,0,100.295330810547,0,0,113.113158226013,118.141658782959,8.37995265754494,42.6292264938354,11.8644771493322,115.332021077474,0,130.800374984741,114.120958742888,136.070874108209,72.2163344677584,159.664384024484,65.9257218909986,132.325099945068,49.0907248078885,134.819619626415,105.52837117513,52.4940978613767,53.1536887093876,64.3649711608887,60.3142136021664,148.078216552734,90.1004454514076,18.895756814458,62.6838288375635,82.1359622367075,26.5117730324615,48.1019906001304,25.3396580645232,118.742222256131,121.070443124482,99.9166341321222,66.2445973054862,128.896068572998,102.012161254883,64.5044098904258
