10.5127410851831,114.075065612793,94.3219300455122,73.7843498018053,88.441290635329,69.2322883605957,77.908841107061,28.9501214279842,31.3551697354968,72.0846226340846,53.2950799896884,138.619180870056,121.76922861735,152.57355372111,18.8184689991451,60.1420176029205,117.973159790039,103.364966902402,138.603843474052,122.55944621282,99.7888749440511,74.3475634667181,115.819075150923,80.3881263970438,83.8332880279164,116.068199157715,120.946885894524,130.011993311629,78.2884501921825,16.0425450274536,37.3477910433395,154.393035888672,77.6694821251763,47.4041620972869,75.1830097739376,147.708717346191,0,162.720861162458,104.286135355632,127.036445617676,0,161.993392944336,140.242141430195,160.80983988444,78.3039728164673,0,0,157.807647705078,206.445388793945,173.892963409424,0,120.442159440782,184.274546305339,0,200.367389678955,187.108108520508,152.275612967355,104.090951538086,164.429628071032,114.719208916952,0,192.747323608398,168.809804465554,127.97229997167,146.315326266819,136.033780288696,218.48405456543,0,135.521240234375,140.89958190918
114.075065612793,8.46126464345871,45.5699255570121,24.2865620629541,100.584506034851,0,205.533279418945,159.821317036947,132.0808690389,76.610191162168,141.976272583008,66.7149600074405,157.446128845215,53.8851648649033,131.73409816197,126.668929629856,70.8354917006059,53.2970327022856,76.1516747013215,52.3626187772167,99.2888412475586,98.420768737793,27.8564367236047,87.4540007741828,88.5619387207031,23.8780064984054,44.5750539276626,32.0627578708505,113.705544971284,122.839400482178,108.107490539551,70.0182720729283,115.825012207031,121.05121866862,70.2444968632289,0,80.3052291870117,83.0410503811306,129.450895945231,167.293658447266,0,171.725982666016,181.582290649414,0,121.015151977539,0,124.236633300781,0,106.79475895051,0,0,109.999626159668,121.568092346191,119.900605519613,116.552071162633,181.333450317383,0,118.315910339355,117.068509419759,125.685266767229,74.7646912794847,109.507070541382,108.092359884162,157.657577514648,181.619369506836,124.181106567383,111.443283081055,0,0,87.6814422607422
94.3219300455122,45.5699255570121,13.6687510079951,50.6312110015221,148.421446366744,154.419339497884,134.567488066602,102.65179773607,123.185904161894,135.153438568115,105.647979292289,86.9346788228353,165.023906707764,94.9855462710063,113.985469326484,129.787648219688,101.318906148275,37.8741926334354,92.9278187561035,68.9446035147949,150.016554938422,64.4080798140337,48.0305459390987,30.0664572508727,119.198127841949,90.9432042439779,36.1317182806578,32.8478422348622,83.0890915962783,119.34022467477,82.4456118392441,89.5410951467661,176.262380599976,122.516806817824,61.6710141771718,164.686424255371,70.8492297548236,93.4308949267324,66.1901964897657,205.237380981445,0,196.54498969184,165.939675083867,187.303252000075,174.151005336217,179.565087890625,153.877253214518,0,149.979591369629,191.118316650391,183.927474975586,121.498364562988,105.710469813789,132.164111328125,114.871266268945,0,141.937143113878,88.3122437055721,107.099530178395,169.05587387085,0,103.70607918115,94.4452582178535,162.329999519117,199.637550354004,151.879085075564,181.336700439453,0,0,119.035800457001
73.7843498018053,24.2865620629541,50.6312110015221,35.2072790724487,66.5204291542371,114.597662183974,92.3662956565436,67.9073648548126,84.0200235222188,30.4043455549053,100.128346783182,83.2080783181209,125.199155919692,62.4818066204984,87.1617988182219,86.7466360727946,43.3186011293398,62.5064890533968,81.8749103869422,65.4147652850789,91.3172963460286,53.1935913629849,31.7981460441343,59.2120721978357,46.5845973984019,31.851272098623,49.164837004839,41.7088580487139,58.1733784810753,75.0704504861145,57.3200313548716,68.4245343295011,117.626986576961,58.523683867916,70.4389146180586,119.365484873454,80.9811197519302,77.1907030741374,53.7607337439932,94.822854757309,0,99.7722938537598,122.506797458815,124.576746622721,39.648699767249,101.165371322632,106.211586952209,111.641598701477,122.192906250825,125.570804050991,55.313627243042,61.2820022193185,111.605629980564,102.636061859131,104.24991193025,71.5733864728142,67.605022274718,58.5225454818371,84.7300407836487,61.3236792450579,76.9648739496867,92.9439263777299,90.6031032212436,108.569332725123,121.862965901693,89.2236898210314,136.951705932617,0,129.481513977051,78.1087407198819
88.441290635329,100.584506034851,148.421446366744,66.5204291542371,12.3164939715279,129.171165466309,58.8982683639433,49.3347158037927,89.6139691296746,38.1966538867506,22.4415102789954,162.162045796712,39.3392747120583,155.720372881208,95.2706045221399,67.1783174641278,81.9617538452148,155.004260253906,0,186.078002929688,13.2077881603511,133.193941752116,56.4984381504548,136.256048722701,22.0610243021805,132.688055038452,162.677922787874,124.396000085288,18.3670523410752,92.8842874660318,82.8542817768298,0,126.913881937663,72.5319574584961,95.2170719108959,170.097244262695,0,171.190780639648,79.0596019375709,36.5183246057425,0,140.382177056207,122.899140097878,157.078523317973,82.4589011452415,148.134500449044,0,32.4973573245055,182.597381591797,141.38219909668,106.509356180827,117.73504486084,0,0,0,36.1990238506665,137.747105916341,123.198575701032,0,95.0469243963559,0,219.646321614583,185.909765625,125.326753462515,165.085935804579,168.257138061523,0,0,191.762107849121,138.925390879313
69.2322883605957,0,154.419339497884,114.597662183974,129.171165466309,7.06371896971856,10.5336730703409,105.288485296841,14.8047947681342,94.2715682983398,105.762018737793,80.1816582057787,85.1826151295712,97.8004439217704,29.347013816987,13.7426350271247,0,167.781188964844,110.255218505859,162.205429077148,111.975433936486,157.928726196289,120.309761047363,130.841087341309,111.756087303162,87.8271331787109,172.026606633113,185.29416587136,120.452432178316,22.5351772232781,126.258486938477,104.622772216797,13.4915235791085,107.793825785319,36.3334117501469,0,0,214.443344116211,117.53816986084,0,0,186.973251342773,183.096420288086,0,147.745468139648,0,0,0,0,188.979125976562,0,0,0,0,0,0,0,0,0,160.038070678711,0,0,0,170.443634033203,0,0,0,0,186.097045898438,0
77.908841107061,205.533279418945,134.567488066602,92.3662956565436,58.8982683639433,10.5336730703409,11.6194568198239,60.3412681996076,20.0389530787105,82.2696437835693,34.3392940500069,125.449989543242,35.9716528760022,123.367155113999,37.381047091602,16.040815185332,123.095573425293,152.148411832898,160.08078696511,162.650054183661,44.3038507429759,111.652052044868,126.621631368001,119.660487501245,74.1192914976351,93.1071565416124,160.011775239606,146.558806525336,62.4734654823728,58.4545139795399,99.0745570186824,167.0724001284,21.2023473613606,90.909880645293,80.8002423840249,160.244951248169,0,192.797332198532,104.64339692252,146.301173610072,197.391265869141,151.346804878928,141.747377881817,170.041285547717,111.174103873117,163.910797119141,0,148.409158405505,222.732121785482,166.93660375807,146.625628153483,146.32715696447,204.895267833363,0,224.913536071777,150.539319563885,185.176403808594,138.976920387962,190.841092936198,124.875811105404,0,208.179522705078,195.585742657001,144.38336759714,168.378610116464,168.511580928679,0,198.535118103027,152.797843170166,174.095436096191
28.9501214279842,159.821317036947,102.65179773607,67.9073648548126,49.3347158037927,105.288485296841,60.3412681996076,9.67628742942803,53.4398943003832,56.7996573660538,21.0487212824091,161.451908458363,67.3796588740218,168.806651306152,48.0798907685866,69.8889281755389,88.346533203125,122.843266484223,164.125580469767,141.079543512518,31.2697555946288,70.4302323621462,107.294642384847,80.5510388911649,50.1561543492487,0,134.857316602413,105.47282025066,29.9301699841494,58.2628509509838,20.4191765351371,165.024864501953,117.933187713623,63.0079253530115,85.9120305077913,147.910828085507,148.720617294312,167.475280292218,85.7263813781738,131.037623635654,167.972671508789,134.795653381348,117.659100378713,150.117159063166,73.5813678540681,138.089102352367,201.883478800456,120.552697075738,211.891565958659,155.518348693848,117.563130514962,123.301719492132,185.34198651995,244.624969482422,194.370021820068,121.414530153628,163.555185953776,107.342773199081,157.368160452894,101.08666178456,0,186.873291015625,170.845269564925,120.987728743427,142.417944657175,137.508667649894,0,179.89973449707,121.167758178711,144.889210668103
31.3551697354968,132.0808690389,123.185904161894,84.0200235222188,89.6139691296746,14.8047947681342,20.0389530787105,53.4398943003832,12.4829951450705,80.176201988669,39.0415581766718,116.100390157392,67.1152617090745,111.60045678667,16.6935061782233,31.6439989790132,139.739671325684,126.645575129839,144.412314430612,141.562156464827,87.330433434933,101.071758721326,115.723263434644,107.230483276842,82.9117884164812,93.1317103068034,143.266613551549,141.941638267761,73.3632844609926,32.8581889161875,75.1325211772531,155.896155664476,12.773415911179,88.9313805711036,57.7202528761289,153.405559082031,151.554372151693,185.914109780755,103.174499913266,149.064012032968,161.50715637207,150.803013092881,133.00715045166,164.452415245167,93.6285785193582,161.268974997781,230.854858398438,146.55903665643,226.434173583984,164.12035419785,143.270828709458,143.452060852051,202.51528137207,0,226.469118118286,142.755374257157,165.315413979923,127.048768615723,179.128205692067,121.118186058061,0,202.128115844727,187.603065977705,135.177611175849,162.067379861508,153.917527616024,0,171.903167724609,147.590074875776,154.105212694978
72.0846226340846,76.610191162168,135.153438568115,30.4043455549053,38.1966538867506,94.2715682983398,82.2696437835693,56.7996573660538,80.176201988669,10.6930494713364,82.0221369126264,135.392110704302,16.1001939714448,130.441766066175,83.812208531977,23.4513208620862,103.092088699341,120.28889242808,156.454310825893,132.643147786458,36.4222886167842,96.7961142857869,32.8750496235059,105.637246645414,23.8505456087303,111.279797570832,129.671075697069,116.065572361204,48.5402439249283,72.6409286466832,58.3416737880347,145.459710257394,130.005005972726,57.2844608555669,66.2584800380829,132.698356628418,0,165.796447753906,59.7282060623169,97.9113360318271,0,100.500073750814,107.609459347195,133.771983676487,45.9785270435469,109.362628056453,190.917744954427,63.2964684335809,173.93272040872,129.457153320312,56.0939034548673,110.93004099528,185.67620413644,173.255020141602,207.25325012207,88.5013951753315,123.470269775391,87.9189771016439,155.496354239328,67.5528569444318,165.903734842936,204.136717224121,188.86863538954,110.494130190681,121.58273824056,115.33460299174,173.806228637695,0,0,99.3369911193848
53.2950799896884,141.976272583008,105.647979292289,100.128346783182,22.4415102789954,105.762018737793,34.3392940500069,21.0487212824091,39.0415581766718,82.0221369126264,12.1719026305323,161.06360207352,21.3322173045842,157.541035738858,37.9672940752233,64.7174655288715,131.799287796021,139.172968623614,181.506947835286,167.767289011102,19.849400624283,71.839505422683,123.487043653216,85.284393236714,58.6784752159449,144.576629638672,146.872169403441,123.974125517277,27.8760773325536,87.9119117820003,66.0277683054488,168.991611827504,121.768569107056,78.9069393125355,88.8248391841629,178.719278971354,174.921104431152,174.45698746391,90.7940751484462,56.5279011997234,0,157.496288776398,137.489184997559,166.356544103378,117.137713202115,160.287848295989,213.317901611328,141.580067552839,0,171.180780410767,130.323521931966,149.517241844764,181.98691813151,0,213.574127197266,144.754865687826,175.622287750244,121.928643544515,168.910537965836,118.225877828531,0,208.607960292271,179.326169473154,145.995376354311,183.337285359701,158.798770268758,0,0,169.506270272391,161.103073120117
138.619180870056,66.7149600074405,86.9346788228353,83.2080783181209,162.162045796712,80.1816582057787,125.449989543242,161.451908458363,116.100390157392,135.392110704302,161.06360207352,13.1681018463315,140.843924728094,21.5584587327822,117.200997658025,158.970717875163,121.795724868774,54.0393709917789,28.4323652402849,20.2423396819959,150.848890304565,94.946489837272,97.5486690464304,84.233061666876,148.179450813381,33.364389665348,29.5268583059268,65.5307844059686,153.737236209032,73.0970418647951,96.6302934707775,29.9385535851284,62.9539576506003,86.4879864610536,34.3610008855847,0,103.273358962115,137.173815568288,108.072934892442,204.757603963216,0,180.991505940755,205.86476789202,235.336135864258,177.030358632406,0,82.3691325621171,169.287124633789,68.4973335732354,206.756968180339,0,157.09658241272,146.165770530701,109.00002759002,123.105711041075,207.51212310791,224.284317016602,177.600413004557,156.032088784611,181.205198205036,68.767432615929,107.835052051763,113.579812463308,199.549663543701,212.069339752197,201.123063659668,106.061145019531,0,0,139.973484039307
121.76922861735,157.446128845215,165.023906707764,125.199155919692,39.3392747120583,85.1826151295712,35.9716528760022,67.3796588740218,67.1152617090745,16.1001939714448,21.3322173045842,140.843924728094,11.7949883494061,155.709330632136,93.2745886641189,26.6372405754288,124.737665812174,155.148376464844,155.897705078125,209.805282592773,17.7672067252507,102.793975830078,87.283665339152,164.556747436523,28.4556234775497,134.865615844727,169.675845336914,161.200247446696,53.0901045417067,87.807797486322,136.816075251653,169.945248413086,104.986686352602,90.6968061006986,86.7794724609024,0,0,204.60018157959,87.3727912902832,87.7667546329728,198.266510009766,117.479494241568,138.674643883338,149.962458292643,63.4595371045564,164.040717079526,140.667053222656,12.8865910045593,0,180.191060384115,95.7195851462228,147.547658284505,0,0,0,29.761880840574,164.76676940918,189.583023071289,0,117.210149252755,0,186.429336547852,210.89274597168,157.400446573893,198.141201019287,0,0,0,0,0
152.57355372111,53.8851648649033,94.9855462710063,62.4818066204984,155.720372881208,97.8004439217704,123.367155113999,168.806651306152,111.60045678667,130.441766066175,157.541035738858,21.5584587327822,155.709330632136,9.22812883903856,125.841696212541,164.749830766158,143.475517272949,103.307229941232,49.2258040949425,75.8567237338504,153.391435241699,133.241023254395,92.9027384073267,110.781308049741,145.438395818075,22.4473510088087,32.5629663609747,33.022750860336,165.766703196934,80.2967816739469,143.530363082886,16.0857582704648,76.336898714997,123.057177456942,68.6117834486568,0,104.842434387207,134.402777862549,124.293577829997,217.653128487723,0,225.023666381836,0,191.394704182943,172.210245768229,207.059719085693,73.9000472193179,202.690956115723,66.4214601741053,210.456826346261,198.237777709961,0,155.431665547689,104.177291315252,121.914918948443,197.215419769287,0,152.621081034342,178.943225860596,177.412185668945,57.8599308301044,100.662383135627,101.873830339644,205.652191162109,187.456329345703,185.801937527127,91.5762772141841,108.988487243652,225.431991577148,138.082482655843
18.8184689991451,131.73409816197,113.985469326484,87.1617988182219,95.2706045221399,29.347013816987,37.381047091602,48.0798907685866,16.6935061782233,83.812208531977,37.9672940752233,117.200997658025,93.2745886641189,125.841696212541,8.29270330994195,38.8552838588247,132.80339050293,116.482455011226,144.823099089832,133.879588331649,94.6148612089831,96.5412036286303,121.545347849528,98.4554357240857,77.8844360658974,89.8550482855903,132.764401536946,141.310649113939,88.0815590037856,21.5729445634479,60.1221470878851,157.867881209762,12.4965143425371,55.9680455281184,60.8344582548508,155.324668884277,176.13703918457,180.455382376006,108.583460617065,171.867786114032,0,148.747557830811,144.392323710124,155.927081837374,94.629729784452,171.548839569092,0,146.77837117513,0,174.340649691495,147.559429168701,147.164156723022,192.816610972087,0,211.607192993164,133.984436988831,194.050933837891,133.057996576483,171.981684191474,127.165022475631,0,188.900114059448,179.744609069824,139.407503338112,160.117741394043,158.988724127048,0,0,161.501358032227,182.273487091064
60.1420176029205,126.668929629856,129.787648219688,86.7466360727946,67.1783174641278,13.7426350271247,16.040815185332,69.8889281755389,31.6439989790132,23.4513208620862,64.7174655288715,158.970717875163,26.6372405754288,164.749830766158,38.8552838588247,6.77469601695262,163.534038543701,154.871923174177,0,152.795263671875,50.9930708972297,105.61742401123,79.6573716715762,113.779902304372,47.5172290406924,148.812419544567,157.155945892334,146.832154754024,76.3850412762042,74.3330201919262,94.0806811564677,185.767372131348,42.5053220564319,95.0704677950951,107.286253469962,192.592803955078,0,188.534900665283,84.45787302653,139.216763305664,0,141.245690917969,133.062666151259,166.790064493815,60.4494300842285,178.739532470703,0,0,183.687835693359,160.300740559896,90.5664580208915,125.464488983154,0,0,0,153.94130452474,169.626861572266,107.924873352051,195.155082702637,122.554911156223,0,0,193.062235514323,144.687910679408,139.308364868164,152.223449707031,0,0,149.401489257812,164.88096110026
117.973159790039,70.8354917006059,101.318906148275,43.3186011293398,81.9617538452148,0,123.095573425293,88.346533203125,139.739671325684,103.092088699341,131.799287796021,121.795724868774,124.737665812174,143.475517272949,132.80339050293,163.534038543701,16.0731457432827,117.769949005871,135.059112548828,130.602304559005,0,22.9046627551453,34.7296053477907,20.4220226252204,37.9925225274378,92.9292087554932,117.074751505038,37.4367968852227,50.0168339402241,129.296754455566,77.8141594029925,127.780975341797,0,88.6114873886108,78.1609119777262,215.745506286621,0,109.248448853099,58.5294401898645,197.819320678711,0,170.241667314009,152.32433974952,167.780520629883,96.5331192016602,160.658425467355,0,0,197.296875,181.951770782471,0,86.5131793121624,132.431584376915,170.796752929688,177.256399972098,0,110.381341904633,57.0287346669285,102.002247071804,123.100061977611,0,146.015359061105,106.456653096654,129.650043810828,173.430425008138,118.411611952223,0,0,134.195691426595,121.134768676758
103.364966902402,53.2970327022856,37.8741926334354,62.5064890533968,155.004260253906,167.781188964844,152.148411832898,122.843266484223,126.645575129839,120.28889242808,139.172968623614,54.0393709917789,155.148376464844,103.307229941232,116.482455011226,154.871923174177,117.769949005871,9.98108380079638,51.4197072762144,20.0172695524924,187.567209879557,60.8430888172594,76.8211900021168,22.5467527173429,129.54618948912,86.9512390136719,40.9075967948654,61.4204271404317,122.872376176788,104.705542216906,74.3159596433319,88.1971516200474,161.581285476685,103.591368748591,33.2805318455656,154.786743164062,84.8957498550415,102.916759231033,71.4665038299561,205.521891276042,0,199.519513448079,188.87329864502,200.400550842285,141.780591583252,203.788043212891,131.283109029134,231.607116699219,132.153485616048,193.809001159668,0,136.953769806893,111.721553189637,146.066066741943,117.179179571371,178.251235961914,147.210731907895,114.046502818232,128.110966609075,177.643763506854,137.257358551025,108.889509930818,103.110929540886,175.892417701515,201.737014770508,165.509965432657,0,0,172.220314025879,126.208069179369
138.603843474052,76.1516747013215,92.9278187561035,81.8749103869422,0,110.255218505859,160.08078696511,164.125580469767,144.412314430612,156.454310825893,181.506947835286,28.4323652402849,155.897705078125,49.2258040949425,144.823099089832,0,135.059112548828,51.4197072762144,7.46712378616177,19.9108898461148,0,94.7871844643041,118.164698028564,88.0257768302128,159.653668571921,48.278541661691,25.9100921950919,63.6963064996412,159.588994879472,114.074488955638,105.773477718183,47.9807050188917,116.329232957628,97.832402910505,64.5223640223481,0,110.188754882813,148.32136332194,106.137660435268,238.763717651367,0,227.484481811523,0,232.148857116699,189.128616333008,0,111.149936094122,0,97.8150315042269,209.45260925293,232.896575927734,176.839864095052,137.408987522125,104.115394866395,114.266611245962,0,167.36946105957,169.374603271484,166.389036178589,196.967811584473,83.5158776707119,100.651520613373,104.928855043982,210.285018920898,214.839452107747,186.509016036987,103.097049488741,0,0,136.837345123291
122.55944621282,52.3626187772167,68.9446035147949,65.4147652850789,186.078002929688,162.205429077148,162.650054183661,141.079543512518,141.562156464827,132.643147786458,167.767289011102,20.2423396819959,209.805282592773,75.8567237338504,133.879588331649,152.795263671875,130.602304559005,20.0172695524924,19.9108898461148,10.6491977656849,205.114337921143,76.2671349320551,90.1769570850191,50.3480998387662,141.990165132465,52.5736196517944,25.1450402042098,67.1277693663796,137.239979582013,113.482710159287,86.5173228896573,71.7749425252279,159.964440345764,96.9535468235489,39.880267731656,201.519714355469,101.49952545166,110.731780088401,81.3120062167828,0,0,233.625259399414,203.34215037028,215.762891133626,146.137725830078,213.531143188477,104.061644417899,201.948974609375,133.345168480506,184.107482910156,0,155.456083817915,115.520052485105,106.560615857442,107.108346189006,215.100601196289,171.569965709339,124.813705444336,149.934398485267,189.416848754883,79.8709734598796,99.9731876141092,104.034681722755,183.349525960286,186.837982177734,166.515555886661,152.553398132324,0,189.97135925293,119.242906951904
99.7888749440511,99.2888412475586,150.016554938422,91.3172963460286,13.2077881603511,111.975433936486,44.3038507429759,31.2697555946288,87.330433434933,36.4222886167842,19.849400624283,150.848890304565,17.7672067252507,153.391435241699,94.6148612089831,50.9930708972297,0,187.567209879557,0,205.114337921143,9.08118254281345,121.674249649048,58.5404731750488,157.582015991211,21.875508315508,0,177.656876413446,150.67439808565,25.6021982827891,90.8094799885177,132.547287835015,166.431564331055,119.412259595147,89.8005844674459,88.9330155375943,154.657165527344,151.44953918457,201.338516235352,88.3141217912946,15.0464170621642,0,149.441584433279,153.428633795844,167.346286773682,92.0343246459961,136.213389852773,0,11.1560411544595,0,179.121116638184,87.020866394043,129.045528411865,0,0,0,27.124539011731,0,103.469635009766,172.019340515137,95.5837181184921,0,0,218.318505859375,131.345206430514,179.657217407227,177.947471618652,0,0,167.932586669922,194.83960723877
74.3475634667181,98.420768737793,64.4080798140337,53.1935913629849,133.193941752116,157.928726196289,111.652052044868,70.4302323621462,101.071758721326,96.7961142857869,71.839505422683,94.946489837272,102.793975830078,133.241023254395,96.5412036286303,105.61742401123,22.9046627551453,60.8430888172594,94.7871844643041,76.2671349320551,121.674249649048,11.5936374177075,56.6730241498282,29.7356667157941,38.2152798449771,183.146331787109,97.3573297425812,66.7371751617649,21.8964923624266,66.0132666814125,28.5437130998393,136.23529624939,153.08765411377,52.4591623450156,39.3416473901496,127.745037841797,0,126.787087691458,76.6259362005418,201.664535522461,159.931060791016,184.163075764974,154.792660236359,177.757699148996,101.137435913086,162.995519002279,165.964706420898,0,0,146.240236722506,0,101.172886710458,146.579050400678,208.788055419922,184.220873151507,188.331527709961,111.437709150643,83.6057015194255,110.637790657849,118.852471334892,0,163.856860110634,129.005066559694,116.794669875525,122.21722539266,112.987772124154,0,240.535079956055,112.955432891846,116.492272725919
115.819075150923,27.8564367236047,48.0305459390987,31.7981460441343,56.4984381504548,120.309761047363,126.621631368001,107.294642384847,115.723263434644,32.8750496235059,123.487043653216,97.5486690464304,87.283665339152,92.9027384073267,121.545347849528,79.6573716715762,34.7296053477907,76.8211900021168,118.164698028564,90.1769570850191,58.5404731750488,56.6730241498282,9.04260016329179,52.2376379787642,34.6515753638573,75.472552086245,89.2770971627071,43.9336106598188,58.6883359606416,99.3616461181641,62.2987074322171,104.984262943268,123.596209208171,78.5875797271729,76.6289632752884,130.786758422852,0,111.578286831196,51.1446391007839,129.998587544759,0,138.356114196777,125.717594570584,147.237001419067,61.9953020320219,120.420665740967,181.821929931641,111.980730056763,128.881890190972,153.879859924316,148.457824707031,68.9863727033631,118.651807512556,0,152.000962151421,116.808770921495,94.2695230484009,68.5932389718515,85.0438676097176,94.3008891374637,130.053364093487,140.172178938582,120.491024204663,107.175058174133,177.235565185547,93.3270775931222,152.492782592773,0,68.1710205078125,127.557224273682
80.3881263970438,87.4540007741828,30.0664572508727,59.2120721978357,136.256048722701,130.841087341309,119.660487501245,80.5510388911649,107.230483276842,105.637246645414,85.284393236714,84.233061666876,164.556747436523,110.781308049741,98.4554357240857,113.779902304372,20.4220226252204,22.5467527173429,88.0257768302128,50.3480998387662,157.582015991211,29.7356667157941,52.2376379787642,16.2308284751436,71.3696342618377,129.702922821045,70.7539165903135,45.4742937653816,44.9085933140667,62.4370246069772,50.3687418176694,106.671513219034,145.056604173448,73.340292266437,42.8782243050324,172.15852355957,102.276810963949,100.685575558708,66.8192057093718,164.706634521484,0,183.208869218826,158.093145247693,186.553736760066,124.529991149902,174.824174033271,158.122001647949,192.217809041341,164.895895385742,183.195593697684,181.718804495675,93.4365916763667,125.80516147839,164.071249389648,146.334876176788,184.755615234375,115.357336820754,71.4235779139937,105.93112767439,139.753673628265,0,140.011448999879,102.418694349562,144.010725063748,194.970648372875,131.405305948689,0,215.502014160156,168.263897705078,125.265545232509
83.8332880279164,88.5619387207031,119.198127841949,46.5845973984019,22.0610243021805,111.756087303162,74.1192914976351,50.1561543492487,82.9117884164812,23.8505456087303,58.6784752159449,148.179450813381,28.4556234775497,145.438395818075,77.8844360658974,47.5172290406924,37.9925225274378,129.54618948912,159.653668571921,141.990165132465,21.875508315508,38.2152798449771,34.6515753638573,71.3696342618377,12.1246182777185,125.372338203762,129.764834190393,87.6207485426007,20.3616208716109,76.3168105777545,71.2355472932738,158.94069740989,136.661178588867,61.748534210304,87.7325144766148,126.829219182332,139.849133300781,151.12142791748,77.0510334901407,117.083915253257,0,123.359402670789,109.429905682732,140.267210469101,56.0436260803886,123.960463616156,191.111167060004,106.553234718941,180.762820773655,140.761586179828,103.529625116393,97.4475304029003,170.588118002448,206.704879760742,192.662895565941,107.984242650082,116.303518351152,73.1189600892646,129.292300275747,86.1336442675372,208.030426025391,181.213994637514,156.323844431071,105.32041550443,127.51679618018,114.023818105745,0,169.743123372396,118.640272799405,128.381925382112
116.068199157715,23.8780064984054,90.9432042439779,31.851272098623,132.688055038452,87.8271331787109,93.1071565416124,0,93.1317103068034,111.279797570832,144.576629638672,33.364389665348,134.865615844727,22.4473510088087,89.8550482855903,148.812419544567,92.9292087554932,86.9512390136719,48.278541661691,52.5736196517944,0,183.146331787109,75.472552086245,129.702922821045,125.372338203762,9.24445016055104,40.9316103731083,30.1708249219723,168.691687011719,71.8545022912928,120.396624973842,46.3232306546943,74.2284342447917,111.746597290039,69.3573498122994,0,107.270317077637,0,85.6098804473877,193.168670654297,0,0,0,195.082946777344,151.03307723999,0,67.093970979963,0,62.367352625529,0,0,0,165.691757202148,97.2187700271606,106.064286422729,201.265747070312,0,134.348037719727,211.064605712891,149.679555358887,52.8494588079907,90.8922076978182,97.7288231519783,182.303359985352,216.194107055664,205.497917175293,76.3198111397879,0,0,241.463226318359
120.946885894524,44.5750539276626,36.1317182806578,49.164837004839,162.677922787874,172.026606633113,160.011775239606,134.857316602413,143.266613551549,129.671075697069,146.872169403441,29.5268583059268,169.675845336914,32.5629663609747,132.764401536946,157.155945892334,117.074751505038,40.9075967948654,25.9100921950919,25.1450402042098,177.656876413446,97.3573297425812,89.2770971627071,70.7539165903135,129.764834190393,40.9316103731083,13.7013185396979,35.3179754179856,132.770883180975,118.757812232482,102.387955526099,28.0716483408405,134.002112186316,115.406879026498,65.9068765621041,173.110521316528,93.231931898329,104.851937645742,82.6271262879067,206.260822296143,209.506454467773,206.658966064453,192.85837663923,208.580969238281,180.967422485352,221.556360880534,107.823177871309,0,96.035090647517,202.495395528859,189.131001790365,152.451420870694,108.531149149339,99.9564901554223,100.996417462734,204.155212402344,164.754717508952,136.33117330642,143.017335610312,177.898441259412,68.8741452894628,92.9097329209764,96.3153711420973,191.925258241851,162.472773742676,165.872603830665,103.374214527219,0,149.16655476888,136.510788113463
130.011993311629,32.0627578708505,32.8478422348622,41.7088580487139,124.396000085288,185.29416587136,146.558806525336,105.47282025066,141.941638267761,116.065572361204,123.974125517277,65.5307844059686,161.200247446696,33.022750860336,141.310649113939,146.832154754024,37.4367968852227,61.4204271404317,63.6963064996412,67.1277693663796,150.67439808565,66.7371751617649,43.9336106598188,45.4742937653816,87.6207485426007,30.1708249219723,35.3179754179856,18.4394609445966,78.7020674108465,128.644536915661,105.05638637592,35.7197146290666,141.35695286801,112.580998932001,69.4218811008339,188.907409667969,88.5628921407402,94.16770575889,59.4429772652492,190.651553630829,224.220909118652,194.864710489909,163.866296214975,196.666654031108,159.629796114835,185.313471112932,109.148855080559,182.411175814542,96.8732931276082,191.01761786143,192.064929538303,110.808178446077,108.325153620143,109.793580144644,110.15326331583,180.070948600769,135.107866840978,90.0597944528284,104.370206588526,156.387858168192,78.9828964278632,99.7526633297679,96.2479671888363,162.599825262054,190.943446439855,160.369942782788,110.452866245324,227.738868713379,194.523354424371,123.41810960334
78.2884501921825,113.705544971284,83.0890915962783,58.1733784810753,18.3670523410752,120.452432178316,62.4734654823728,29.9301699841494,73.3632844609926,48.5402439249283,27.8760773325536,153.737236209032,53.0901045417067,165.766703196934,88.0815590037856,76.3850412762042,50.0168339402241,122.872376176788,159.588994879472,137.239979582013,25.6021982827891,21.8964923624266,58.6883359606416,44.9085933140667,20.3616208716109,168.691687011719,132.770883180975,78.7020674108465,11.7111299097101,76.9800423057616,34.5381952142416,162.732962174849,128.481182336807,62.1150114738989,61.3589938978779,134.376802211855,149.875337219238,155.975481459674,77.9139841448876,110.315267034552,165.491180419922,132.576518840175,117.234362163637,145.374455176979,70.9271369123329,145.007426088507,200.085244496663,128.002901680862,203.668130493164,143.622878543214,122.971746297983,101.927844796647,170.390920381288,202.604187011719,193.918405587333,127.771532786261,119.444390147816,82.6994277321249,129.907045137632,98.1018987091256,194.353607177734,186.093045943823,158.170978437151,113.158184353396,137.514263788859,115.294329459043,0,190.619547526042,117.767209764937,130.606011163621
16.0425450274536,122.839400482178,119.34022467477,75.0704504861145,92.8842874660318,22.5351772232781,58.4545139795399,58.2628509509838,32.8581889161875,72.6409286466832,87.9119117820003,73.0970418647951,87.807797486322,80.2967816739469,21.5729445634479,74.3330201919262,129.296754455566,104.705542216906,114.074488955638,113.482710159287,90.8094799885177,66.0132666814125,99.3616461181641,62.4370246069772,76.3168105777545,71.8545022912928,118.757812232482,128.644536915661,76.9800423057616,10.8299425669709,39.2264494186119,118.827382920664,12.5382768687943,15.4857091432686,31.6009662418865,163.212981632778,217.546539306641,174.162338648087,108.828624725342,137.800632222493,0,157.792622652921,135.053251307061,163.140448937049,85.6807451629639,149.959983036436,214.450042724609,139.916338784354,209.372123718262,161.334842287261,143.549845377604,107.33451096555,188.535323509803,173.17497253418,184.370727539062,141.445669555664,141.63093289462,93.7928672458815,173.793361936297,120.817606676664,184.331081390381,183.557438070124,177.684860229492,129.87940814044,150.451494317306,137.636017024517,0,202.596115112305,137.724687303816,141.659699873491
37.3477910433395,108.107490539551,82.4456118392441,57.3200313548716,82.8542817768298,126.258486938477,99.0745570186824,20.4191765351371,75.1325211772531,58.3416737880347,66.0277683054488,96.6302934707775,136.816075251653,143.530363082886,60.1221470878851,94.0806811564677,77.8141594029925,74.3159596433319,105.773477718183,86.5173228896573,132.547287835015,28.5437130998393,62.2987074322171,50.3687418176694,71.2355472932738,120.396624973842,102.387955526099,105.05638637592,34.5381952142416,39.2264494186119,11.7224766258875,141.331224278041,127.891093444824,45.7424696618511,38.4876655469097,136.148514270782,153.364370727539,148.91676123937,85.7115766906738,133.832572937012,0,150.687000415943,123.562765534391,151.885833291446,68.6935217326583,155.322550582886,190.2502986363,126.097323099772,201.081436157227,149.805911161462,138.947341918945,100.191177976,162.240040974445,205.122840881348,175.761139740815,119.508360120985,114.577877461272,81.5117951862848,122.218545129366,104.832938352184,176.529739379883,169.465397823558,152.87731259111,111.600482878044,125.931586612355,114.544725341797,0,173.740211486816,114.967921665737,124.150377400716
154.393035888672,70.0182720729283,89.5410951467661,68.4245343295011,0,104.622772216797,167.0724001284,165.024864501953,155.896155664476,145.459710257394,168.991611827504,29.9385535851284,169.945248413086,16.0857582704648,157.867881209762,185.767372131348,127.780975341797,88.1971516200474,47.9807050188917,71.7749425252279,166.431564331055,136.23529624939,104.984262943268,106.671513219034,158.94069740989,46.3232306546943,28.0716483408405,35.7197146290666,162.732962174849,118.827382920664,141.331224278041,10.7915683360725,96.5950614081489,127.066345214844,79.698641774011,223.491287231445,131.071527753557,133.317656622993,138.324875967843,0,0,0,224.450912475586,197.126080830892,168.533828735352,0,94.3347056252616,0,83.639828615083,226.074493408203,0,0,145.975699791541,106.321546985257,116.873187383016,0,0,150.367299397786,0,216.275817871094,71.1308956480863,103.551609133111,105.927652519987,0,247.631378173828,202.521499633789,98.5377801513672,0,0,154.896408081055
77.6694821251763,115.825012207031,176.262380599976,117.626986576961,126.913881937663,13.4915235791085,21.2023473613606,117.933187713623,12.773415911179,130.005005972726,121.768569107056,62.9539576506003,104.986686352602,76.336898714997,12.4965143425371,42.5053220564319,0,161.581285476685,116.329232957628,159.964440345764,119.412259595147,153.08765411377,123.596209208171,145.056604173448,136.661178588867,74.2284342447917,134.002112186316,141.35695286801,128.481182336807,12.5382768687943,127.891093444824,96.5950614081489,5.44684446358198,92.5612239837646,29.2041820144653,0,0,0,0,0,0,194.083877563477,175.883071899414,211.073608398438,127.201713562012,0,0,177.967132568359,0,218.162788391113,0,0,0,0,0,0,0,0,151.119247436523,187.121148245675,0,0,206.018280029297,181.805770874023,185.825134277344,0,0,0,0,240.232574462891
47.4041620972869,121.05121866862,122.516806817824,58.523683867916,72.5319574584961,107.793825785319,90.909880645293,63.0079253530115,88.9313805711036,57.2844608555669,78.9069393125355,86.4879864610536,90.6968061006986,123.057177456942,55.9680455281184,95.0704677950951,88.6114873886108,103.591368748591,97.832402910505,96.9535468235489,89.8005844674459,52.4591623450156,78.5875797271729,73.340292266437,61.748534210304,111.746597290039,115.406879026498,112.580998932001,62.1150114738989,15.4857091432686,45.7424696618511,127.066345214844,92.5612239837646,8.75353657658641,17.0690404347485,130.267525306115,136.724639892578,106.641311645508,73.5956625938416,137.573277950287,153.750991821289,138.064468638102,113.511175381935,142.857557508681,74.5403683002178,140.546310043335,0,131.274762471517,191.80394744873,148.135427929106,117.273025512695,94.6677296638489,163.95201365153,0,186.658721923828,123.364731166674,114.246886417784,97.4962994502141,114.998107910156,99.3457243592589,0,181.343334960938,161.471482049851,113.510597309313,136.989362569956,116.404311116536,0,172.307998657227,114.590167999268,130.450643920898
75.1830097739376,70.2444968632289,61.6710141771718,70.4389146180586,95.2170719108959,36.3334117501469,80.8002423840249,85.9120305077913,57.7202528761289,66.2584800380829,88.8248391841629,34.3610008855847,86.7794724609024,68.6117834486568,60.8344582548508,107.286253469962,78.1609119777262,33.2805318455656,64.5223640223481,39.880267731656,88.9330155375943,39.3416473901496,76.6289632752884,42.8782243050324,87.7325144766148,69.3573498122994,65.9068765621041,69.4218811008339,61.3589938978779,31.6009662418865,38.4876655469097,79.698641774011,29.2041820144653,17.0690404347485,9.55171634695896,164.846010480608,102.473036084856,113.984170165243,86.5529458289053,159.542542775472,0,186.418988545736,137.525108064924,166.180888221377,99.4415159786449,161.639305750529,150.333780924479,153.014953613281,133.917638969421,157.217121887207,127.756975809733,106.29975012237,131.837407702491,149.608511551567,140.013911346891,149.01628780365,117.108074307442,96.5874418778853,115.287122918455,115.905870939556,129.305306570871,131.182276976736,122.277813581201,125.014302774441,156.384569168091,121.483638165945,167.755803426107,165.148849487305,145.444389343262,130.762350899833
147.708717346191,0,164.686424255371,119.365484873454,170.097244262695,0,160.244951248169,147.910828085507,153.405559082031,132.698356628418,178.719278971354,0,0,0,155.324668884277,192.592803955078,215.745506286621,154.786743164062,0,201.519714355469,154.657165527344,127.745037841797,130.786758422852,172.15852355957,126.829219182332,0,173.110521316528,188.907409667969,134.376802211855,163.212981632778,136.148514270782,223.491287231445,0,130.267525306115,164.846010480608,16.8110871294467,113.756240844727,124.69591924494,75.4960322035957,88.7577990541364,85.1032379150391,88.6230651393081,33.932379437137,53.3794718647082,70.5245335700429,86.0683390471312,129.229385058911,85.0582544841464,144.875239033853,18.4602961659859,90.9163957323347,77.9519667554258,117.189573370892,137.884699079725,130.240649784126,86.1188342211998,88.9693800982307,73.2389208929879,114.694478924355,75.7616198434249,148.532236735026,132.230636857311,137.267200341746,88.275846276008,18.5380067290335,25.7505567596132,161.256421407064,87.8249801635742,39.2601848583595,59.4636751629528
0,80.3052291870117,70.8492297548236,80.9811197519302,0,0,0,148.720617294312,151.554372151693,0,174.921104431152,103.273358962115,0,104.842434387207,176.13703918457,0,0,84.8957498550415,110.188754882813,101.49952545166,151.44953918457,0,0,102.276810963949,139.849133300781,107.270317077637,93.231931898329,88.5628921407402,149.875337219238,217.546539306641,153.364370727539,131.071527753557,0,136.724639892578,102.473036084856,113.756240844727,6.99506961664692,44.3501453218006,18.5877951490445,0,126.608703613281,139.077669143677,131.581258333646,166.714313930935,69.7863892162884,134.578389485677,65.6177186603788,123.482593536377,51.9781806057237,160.678417629666,109.641709369162,68.6162788021949,55.8122882580538,72.1000329185935,51.683322091968,157.749496459961,96.4591971503364,24.5663832013132,86.4135840444854,69.9002660512924,16.8693482265107,44.2041093971994,27.7945738354412,96.534366607666,113.339255015055,109.870398422767,60.6925422668457,0,0,67.3643494358769
