11.1740945415664,130.675721975473,109.327246782985,65.7143297518714,86.1350281659295,87.8556976318359,89.6864411652978,32.0061934713602,43.047969354991,67.1797563911665,35.521156262583,139.425095791287,94.020368712289,147.038424301147,20.5150418872588,125.280113220215,0,107.236360244647,142.220678574,126.869949986207,89.6210618939316,96.2518410014215,96.1808202266693,93.2845176860747,88.3893338441849,128.071140289307,130.922234766164,133.356143874739,80.7624030704549,19.4728607072383,42.1954548532105,156.991331100464,79.4972229003906,56.5741488469111,70.9201608603341,139.522338867188,0,166.053404374556,82.6595771789551,84.5409240722656,0,150.379463195801,132.048959291898,155.517098999023,117.71731821696,176.988764444987,0,0,0,162.905246310764,0,131.753263300115,176.596838378906,217.00341796875,192.419548034668,160.650238037109,142.398884364537,107.30188533238,166.666489664714,123.122478578149,0,207.117736816406,176.827559126184,129.250750803808,148.593303426107,139.10851626926,0,0,140.848220825195,158.19755215115
130.675721975473,9.32486728235419,49.6859329541524,19.567139695872,138.344863891602,118.070472717285,171.257578531901,135.817931038993,150.186679493297,75.1420495570126,155.918235778809,73.8540783656462,119.925340270996,52.9099155762275,143.345096588135,115.55960422092,65.1804160456504,50.0935248474577,64.8724891498525,51.2096099349925,0,113.326282077365,22.9475895642952,65.2455713139024,81.0838533732096,20.9129052996992,46.8441825644781,29.6689956204776,113.401044845581,124.039621480306,116.43229230245,72.8761692047119,0,132.159173965454,73.4746157107146,0,57.7061653137207,85.8742578679865,55.4935696125031,174.302536010742,0,146.288696289062,159.980697631836,200.786170959473,108.063789367676,175.449920654297,162.164947509766,0,111.328069272249,168.986358642578,0,142.739730834961,99.1359558105469,119.151774088542,111.104735123484,160.04948425293,172.857116699219,146.985221862793,145.742365519206,142.156992594401,96.5080505371094,101.011347683993,87.9911502838135,131.759604136149,0,168.583854675293,112.340633392334,0,0,108.844066619873
109.327246782985,49.6859329541524,15.2947316995136,58.7781626499482,140.835038321359,178.371559143066,143.029467121381,106.655379997886,130.556798094534,154.060752467105,113.404056643847,96.4347910306701,177.422909327916,95.1399695907814,123.310420854646,142.953977758234,99.1674626668294,45.356237191097,95.9223766179048,70.8165849642844,193.886894226074,61.1980790690486,57.2836514523155,32.1941788987611,129.076029760187,106.800201416016,38.1347198187101,33.1193009119982,89.8534759107486,133.232419564989,82.5776656876657,91.8453788063743,177.375709982479,120.757689842811,71.0933999103049,177.19539642334,87.4159145355225,92.8408875345182,73.7942996357763,226.624206542969,0,198.408634185791,171.870793523015,200.412339782715,160.890441894531,215.22097996303,130.173587036133,0,148.544047164917,180.427217271593,0,116.159464136759,107.854174128308,137.626124911838,118.177598868851,0,139.322788115471,90.8202216879835,109.505718288381,164.053821757688,163.344177246094,108.226989132234,96.1975304863362,166.25595993042,189.000685119629,154.559020233154,0,234.595947265625,116.627311706543,126.555207472581
65.7143297518714,19.567139695872,58.7781626499482,21.2727647548226,90.174667485555,97.0345230102539,89.6590599863153,67.4013430414655,81.2298921352841,43.0094680264713,97.1601778860311,77.5152885840328,98.6999154598155,48.7731103996996,84.1454249837648,96.2122021843405,49.0576542908291,74.430967240481,78.322704786665,78.6935085006382,98.0931009928385,59.2885367006307,34.54958247605,58.1929587999819,39.5251496782788,18.7364320831954,55.3185973351743,38.131676293259,54.2790554115956,68.3560570745965,57.2416123410613,79.1551678975423,121.450286463687,62.8152795909496,66.8148028017295,89.4330874356357,65.1530510397518,68.2713967033055,24.4263630120651,103.440855327405,158.081367492676,123.569964961002,86.5830641467162,123.980677091158,31.6667981428259,116.026084899902,129.581777300153,125.503712972005,101.831739584605,126.916726919321,89.395866394043,70.5119242727021,92.6812116405632,88.724006652832,82.8958428326775,93.5492865822532,82.7163937551933,52.7009901886895,82.1800060517798,71.2124065796284,74.6475832802909,78.7174032081678,65.0106664114909,78.4900935906407,102.461316574452,77.2463382419787,91.1434707641602,132.029312133789,83.4803302071311,84.3534491402762
86.1350281659295,138.344863891602,140.835038321359,90.174667485555,12.8197257035078,127.338729858398,56.4287740751844,40.9304493374295,77.0993454526224,48.5599099079606,24.606018364296,168.326995849609,33.2934804057855,181.199974060059,91.0548187795311,63.0570133491799,79.8591054280599,168.169729614258,0,171.833775838216,16.2910370407613,125.501805623372,78.7232663771685,132.573631286621,25.9759807582988,146.798934936523,171.188086509705,134.21456532306,19.258654607132,91.0126443958651,117.434923345392,0,138.89204864502,84.8756003961331,91.9052060207474,162.817562866211,160.241683959961,216.496757507324,75.6415909528732,52.0585633671802,166.379150390625,143.788792751146,134.617528832477,152.964678976271,84.4927868090178,142.600370160768,235.512985229492,121.995213485963,210.275512695312,156.390158194083,120.159574816304,164.539993286133,0,0,200.453231811523,41.7593277537701,183.061866760254,145.134252548218,201.056966145833,100.794173006501,0,222.45719909668,188.881570916427,132.230275951611,172.489275614421,167.095101928711,0,0,151.243503570557,168.615490253155
87.8556976318359,118.070472717285,178.371559143066,97.0345230102539,127.338729858398,7.84475379166204,8.92790916282246,102.436347961426,15.8562177191389,55.8069438934326,103.008851623535,57.6629028320312,99.1660463242304,88.9496307373047,27.1218578457832,12.3659757787485,0,161.79080581665,118.774337768555,190.62508392334,115.991961669922,0,0,159.68091583252,99.2409782409668,0,0,162.031318664551,132.096811930339,20.1888301081774,109.67423248291,0,11.8542023904625,0,29.0251754760742,0,0,0,109.190185546875,0,0,236.55549621582,0,0,0,246.416412353516,0,0,0,0,0,0,0,0,0,0,0,0,0,154.626396179199,0,0,0,205.064834594727,0,0,0,0,0,0
89.6864411652978,171.257578531901,143.029467121381,89.6590599863153,56.4287740751844,8.92790916282246,13.8089031512817,62.3206054112061,25.2642428263626,81.7694304592638,37.7005190488753,104.797881213737,38.5961312643967,123.839812405138,43.4129247852313,17.4435272249699,155.528863271077,155.509211815393,155.541684272962,168.46785899571,45.5988022198769,118.428428447128,138.239926147461,133.615238210097,72.9584912652368,114.227893066406,168.625454118027,151.617380771911,61.5617034762128,57.538031190189,109.665252636431,180.699007161458,18.1072368672689,104.16950384646,87.456438180293,172.732851664225,201.358734130859,193.81405874399,99.1398691449847,151.280847732837,0,159.712958153258,140.85881084001,162.004346149724,110.764220237732,163.711656293796,222.518463134766,95.32948802948,0,163.467512254591,167.791817559136,175.486424763997,201.377029418945,239.569320678711,235.66393661499,160.699966860489,201.866394042969,160.401522468118,190.821984943591,123.783528925768,0,204.274780273438,196.732696748116,143.668784883978,178.477384361854,164.752893066406,0,200.843063354492,162.850045204163,163.931922607422
32.0061934713602,135.817931038993,106.655379997886,67.4013430414655,40.9304493374295,102.436347961426,62.3206054112061,11.2393214543906,61.8788212051095,64.3500718733122,19.2749601829056,159.498001039028,69.7737816882735,171.348433539981,47.9237655148764,82.1064290053972,104.069282531738,115.434794633136,167.758669252749,141.454567100888,42.6352520717937,78.3225073283115,113.696713765462,90.4728131202721,67.7127871148504,152.612609863281,144.826953533759,115.0601872202,34.918957556632,61.9889059514422,27.6081316586634,178.988926696777,122.815748361441,71.0382323176394,85.0728471539032,146.463875906808,188.203369140625,174.841941656068,95.0980656235306,143.374632154192,162.87939453125,148.030988392077,126.927423058487,152.302219347022,94.0925282069615,150.698981920878,193.720128377279,139.566499710083,186.568954467773,163.161621271178,169.740982055664,136.951113161833,179.204680379232,223.02465057373,197.875160217285,148.746840515137,161.277652599193,119.994205474854,168.211362688729,116.078017995055,183.27490234375,199.840297025793,180.714347561923,129.477127983077,152.422838245739,147.080170681602,0,179.203453063965,138.934663252397,152.999772113302
43.047969354991,150.186679493297,130.556798094534,81.2298921352841,77.0993454526224,15.8562177191389,25.2642428263626,61.8788212051095,14.2787978793317,76.1883423766418,38.4110719896716,91.539695495252,91.8349341722292,113.84016374014,20.4765281366536,35.2348403681988,141.377766418457,131.540884051745,141.457329188308,149.363785492972,89.1833394788148,109.315041859945,127.394348676815,117.767245091213,85.9035382973044,93.8064155578613,151.073512831102,147.35073842682,83.4375073091632,38.8089165621354,81.0061974420794,161.636766003024,16.8394116311467,94.975681655261,65.5956551670186,157.20772644043,189.202087402344,182.211791677573,102.151734706334,161.811303456624,175.385813395182,159.310979937563,137.579184467306,162.843912161455,111.595447413127,168.841224827717,222.90185546875,131.344784418742,220.907101949056,165.426946653937,151.186782836914,170.637313524882,206.432434082031,241.220031738281,206.47382413424,155.422543843587,172.641814522121,142.634622573853,181.80220930153,127.430922117242,156.994509379069,202.922023925781,191.885324601647,139.59623369201,168.565897348765,158.604061519738,184.42163848877,200.740441640218,149.770817311605,159.897265832401
67.1797563911665,75.1420495570126,154.060752467105,43.0094680264713,48.5599099079606,55.8069438934326,81.7694304592638,64.3500718733122,76.1883423766418,9.00416613960245,75.2645757897312,136.16795746354,13.934260469172,123.595060248521,81.1928021897115,20.8137503952539,75.8467632293701,136.292408312781,154.802183837891,148.633738642154,52.607019162178,98.9831852796601,25.7050163610202,120.529533545176,19.7235754655911,108.901269682844,128.972788538252,108.030023510767,50.2180089522521,75.0615987163076,64.025032043457,143.169152259827,120.179986953735,68.2878247621224,74.1281587144603,223.642059326172,132.743579864502,145.872065226237,18.2891745455125,89.4186472349529,81.7640991210938,106.837480862935,101.777900695801,131.544810976301,27.491342668691,97.60584154996,158.698104858398,78.7124174833298,166.940784072876,118.619975750263,60.4769997467866,124.643025716146,165.763452529907,0,181.312675476074,86.7841006819024,124.744937294408,102.498008728027,140.94696299235,57.5260465902876,166.416709264119,182.265815734863,172.012871045745,90.2745993253444,118.727087091517,128.643906511579,173.37825012207,186.466293334961,95.9766090393066,127.056949070522
35.521156262583,155.918235778809,113.404056643847,97.1601778860311,24.606018364296,103.008851623535,37.7005190488753,19.2749601829056,38.4110719896716,75.2645757897312,12.6808263106163,157.644049624179,22.6011936562744,167.725026448568,40.6272970571988,72.7872379527372,134.2047794887,138.936418628693,178.106914889428,163.197268781991,19.3951882780444,90.5794645404139,129.303071594238,98.2607440662384,64.0119012806826,157.710556030273,158.673392713392,131.699197512198,27.1311736667801,90.1696519898347,65.6356133798229,170.975161743164,122.11339469578,84.77243137158,88.6076566646506,158.723388671875,191.702682495117,176.012219597312,103.466905528101,79.1326364987364,0,159.672949993427,141.237805124057,163.347021676444,102.595112531613,160.038285944385,214.139470418294,128.570097117406,206.554077148438,173.486165576511,144.500051879883,156.211074284145,191.746422903878,0,198.897705078125,153.676288695562,178.410696847098,144.937316894531,173.840477576623,118.989243911233,216.35816192627,223.977970668248,193.704267427519,144.192831214882,184.392078340971,165.427934222751,0,209.900409698486,163.890497544233,189.146850585938
139.425095791287,73.8540783656462,96.4347910306701,77.5152885840328,168.326995849609,57.6629028320312,104.797881213737,159.498001039028,91.539695495252,136.16795746354,157.644049624179,16.021763208883,140.832556180865,24.3852185182156,95.8051423601284,172.652996826172,139.970204970416,55.3529748379345,34.1637458448596,35.7846328611133,147.237091241881,82.8204265121342,99.5636629606548,78.0769310124504,156.957656701406,44.1970498154038,29.4792191315325,65.121948618139,155.468038803492,88.5166005863569,96.6394080059536,33.6066912089553,59.7976830581139,103.90371492826,27.4874710772535,0,116.681646728516,139.517462921143,98.7243857913547,246.850357055664,0,241.551048278809,204.763192749023,159.111427307129,178.339431762695,0,106.061537867007,183.211634318034,80.2108001444075,211.738334655762,0,201.139709472656,145.891402749454,115.503432959841,117.784956681101,0,196.242297363281,148.066471099854,168.67800794329,196.706427834251,75.2333957816981,110.671053205218,118.205693365514,201.059856959752,186.933527628581,193.589639282227,106.039527444278,0,0,173.636477470398
94.020368712289,119.925340270996,177.422909327916,98.6999154598155,33.2934804057855,99.1660463242304,38.5961312643967,69.7737816882735,91.8349341722292,13.934260469172,22.6011936562744,140.832556180865,12.3015882867116,161.712183902138,100.294997856631,17.7215818169811,0,185.605334472656,177.083562469482,205.607967376709,18.4912560892452,131.748350143433,82.9256811141968,188.705632527669,23.4742255983304,193.609512329102,182.510555940516,163.906757477791,53.0977517958237,96.8572221483503,138.736959669325,191.499018351237,116.330939692836,105.491079379351,89.9335474049279,151.432702200753,167.870727539062,0,101.994687943231,92.7394587091133,157.235416412354,105.730127970378,138.87553989186,135.795439129784,80.0850118001302,95.149630696586,176.194969177246,21.3910875125945,133.000228881836,129.07434871279,74.0032569221828,157.312702178955,0,0,165.152282714844,27.644943822123,0,119.434173583984,170.80403137207,112.712839997845,172.014205932617,245.84602355957,192.99003131573,137.50362628879,137.929859924316,143.728762626648,0,142.942866007487,153.258993148804,125.937450609709
147.038424301147,52.9099155762275,95.1399695907814,48.7731103996996,181.199974060059,88.9496307373047,123.839812405138,171.348433539981,113.84016374014,123.595060248521,167.725026448568,24.3852185182156,161.712183902138,10.3075350815113,117.464190230078,167.170574046947,126.61892918178,117.234733969478,52.7736085132055,89.3614721906946,160.799318586077,135.35177675883,86.1845309892609,111.74780725178,142.547846084986,20.7327514272601,41.4509765746537,35.9630579020064,170.299031425925,114.290713211586,152.219881924716,22.4585264323753,88.2299464770726,160.000298239968,77.2616056831259,226.697860717773,102.732480684916,143.506589617048,72.12907270704,204.74878692627,0,194.876146952311,216.390665690104,231.820008850098,182.680387878418,226.382548014323,73.1381074532695,171.486709594727,65.2759368485574,217.410044352214,201.891082763672,138.876876831055,137.652004466337,97.0838121013877,133.75309753418,0,242.32234954834,129.463608250473,204.693181355794,182.412214279175,59.5144940878599,100.778516149521,103.64316904492,232.794169108073,76.1243896484375,200.764727274577,89.581157060103,101.523139953613,184.14306640625,167.563340759277
20.5150418872588,143.345096588135,123.310420854646,84.1454249837648,91.0548187795311,27.1218578457832,43.4129247852313,47.9237655148764,20.4765281366536,81.1928021897115,40.6272970571988,95.8051423601284,100.294997856631,117.464190230078,9.96760833972909,55.9792605808803,144.223367479112,124.165078219913,148.173909301758,142.023577130225,100.767761042244,106.283905527436,101.69885471889,110.746682568166,96.6262755499946,95.0231874254015,145.894390718991,145.939272525537,92.6201164299442,24.9932940615434,67.3345558904666,156.446394420805,13.4727749571704,45.7412952515635,53.9222510079036,169.038701375326,222.142425537109,183.36092376709,116.263392048497,162.68444519043,0,169.083417619978,152.636803588867,174.929577963693,125.633871078491,179.816825442844,0,133.556139165705,215.20588684082,175.40060078014,150.572357177734,159.547765558416,200.533316294352,232.433151245117,221.990127563477,201.648895263672,170.681741078695,135.366914537218,179.868285260882,141.251108409172,221.148544311523,202.085216815655,188.986507474459,144.171892274965,171.551054058653,156.116560581752,0,207.822738647461,156.383042075417,152.249484539032
125.280113220215,115.55960422092,142.953977758234,96.2122021843405,63.0570133491799,12.3659757787485,17.4435272249699,82.1064290053972,35.2348403681988,20.8137503952539,72.7872379527372,172.652996826172,17.7215818169811,167.170574046947,55.9792605808803,6.60046212436454,127.60717010498,162.607560899523,203.032119750977,172.050135294596,57.4011225283146,129.316699634899,80.8910325822376,131.600012642997,41.470737356552,151.261173541729,171.481982687245,143.168079023008,77.588416757389,95.1065810354132,101.931844329834,181.249099731445,32.0061427116394,102.163296734845,80.2324508543937,193.232986450195,154.034118652344,0,137.45794804891,152.952261182997,0,139.414136250814,174.275726318359,181.246715000698,74.0746137830946,134.283033370972,0,105.419932556152,0,198.94051361084,69.0214262008667,0,194.654159545898,0,0,181.753651428223,131.222518920898,224.475234985352,184.681976318359,113.383010864258,0,220.765513102214,185.374618530273,152.226788330078,152.439346313477,172.531921386719,0,0,0,0
0,65.1804160456504,99.1674626668294,49.0576542908291,79.8591054280599,0,155.528863271077,104.069282531738,141.377766418457,75.8467632293701,134.2047794887,139.970204970416,0,126.61892918178,144.223367479112,127.60717010498,13.9566999658473,117.165488490352,143.968762715658,129.838730621338,121.226081848145,23.1118941250696,31.5556477523425,19.7591456433723,35.4105401852659,119.922645568848,122.920774841309,33.6428217577842,50.1959467068904,124.492926733834,77.5422036811097,139.814880371094,0,107.756210327148,80.6863786572608,158.383931477865,105.838409423828,112.221241336399,79.5063109764686,0,0,170.397537231445,150.074531369093,169.950358799526,146.908325195312,167.603193664551,173.328684488932,184.362976074219,0,180.057757568359,0,93.3634704017762,135.340133998705,189.778137207031,164.648654937744,0,107.862921984899,55.0052803565716,99.7427694335302,118.343437194824,140.545448303223,157.325371061053,114.952088263404,132.102349532278,138.434628804525,114.678803647798,0,0,120.282725524902,122.216324076933
107.236360244647,50.0935248474577,45.356237191097,74.430967240481,168.169729614258,161.79080581665,155.509211815393,115.434794633136,131.540884051745,136.292408312781,138.936418628693,55.3529748379345,185.605334472656,117.234733969478,124.165078219913,162.607560899523,117.165488490352,12.0292528476458,54.4490008593481,23.8018974995006,189.811613294813,68.1021272765924,86.1252886119642,30.7384363704538,132.82481125097,82.0646473811223,39.7155086731526,68.2866516579406,129.724062801,102.302151687386,77.179903530313,89.0034794054533,168.839600058163,115.825874426426,37.3676761684769,205.715545654297,102.827291488647,105.747290157422,88.200287207579,199.646102905273,0,231.446689605713,189.104393853082,201.797364807129,189.860229492188,214.358673095703,152.522914886475,0,153.559045579698,190.402666091919,235.983367919922,147.862700046637,115.118623981779,162.264895121257,121.141421784136,234.184219360352,165.89015723919,124.829842511345,138.810534195934,173.990910212199,120.838813781738,109.590419871012,106.860515810944,179.699535467686,197.453267415365,182.252470652262,123.424468994141,242.989685058594,141.258865356445,151.628994750977
142.220678574,64.8724891498525,95.9223766179048,78.322704786665,0,118.774337768555,155.541684272962,167.758669252749,141.457329188308,154.802183837891,178.106914889428,34.1637458448596,177.083562469482,52.7736085132055,148.173909301758,203.032119750977,143.968762715658,54.4490008593481,12.0600394545985,23.3450442900197,187.499464246962,108.771369818485,107.083934181615,90.808772306562,162.913524974476,49.1504000675801,33.4730584692717,67.9998380391347,181.550851731073,119.762381822128,111.813247745873,49.264181976163,102.840650068011,127.273155770651,68.5961867004684,212.320129394531,131.773868560791,139.361367967394,120.536862286654,220.090194702148,0,0,175.378234863281,222.803100585938,184.974039713542,0,109.873528994047,0,107.540483875039,216.472061157227,0,192.477973937988,144.684867055793,107.41457323524,112.250846641651,0,188.906641642253,150.997607040405,171.3927637736,200.940191095526,92.8821172299592,104.246620625957,109.837879633282,202.33251953125,194.133213043213,187.904919433594,109.447806396484,0,165.507034301758,142.557247924805
126.869949986207,51.2096099349925,70.8165849642844,78.6935085006382,171.833775838216,190.62508392334,168.46785899571,141.454567100888,149.363785492972,148.633738642154,163.197268781991,35.7846328611133,205.607967376709,89.3614721906946,142.023577130225,172.050135294596,129.838730621338,23.8018974995006,23.3450442900197,15.1942511969969,196.29133605957,83.140997803327,100.55954765551,59.0699016525664,148.922907049006,48.0998752344793,30.0484319132997,71.9028390202209,149.009533330014,111.663497343459,93.1441099744259,76.566690826416,163.127725389269,118.807205699739,49.4707478250089,192.062576293945,101.490267944336,116.781014021053,100.656147003174,0,0,0,200.692102432251,220.018076578776,188.318644205729,210.867698669434,110.696016311646,0,130.015214320592,199.569085693359,0,162.826589410955,123.302277747621,113.600956439972,110.82046737214,0,184.429748535156,143.040128072103,161.108114560445,187.449900490897,93.9131243779109,104.061345517057,107.380518052127,184.304763793945,226.56681060791,178.200430733817,129.502838134766,0,208.534255981445,144.929464612688
89.6210618939316,0,193.886894226074,98.0931009928385,16.2910370407613,115.991961669922,45.5988022198769,42.6352520717937,89.1833394788148,52.607019162178,19.3951882780444,147.237091241881,18.4912560892452,160.799318586077,100.767761042244,57.4011225283146,121.226081848145,189.811613294813,187.499464246962,196.29133605957,10.6330980912482,154.478017171224,137.482389450073,172.479168701172,22.5186392689558,0,183.632160731724,166.308963775635,31.8937684273556,97.6710104873215,147.293628692627,185.371490478516,120.253130839421,100.863662420535,90.6270659778992,0,0,0,82.0691855294364,25.8666251960458,121.055397033691,155.479426725411,144.655264129639,162.119955391719,99.5575111095722,152.300716192072,225.955612182617,89.2881162258295,0,164.816080411275,124.245138380263,172.97917175293,224.590423583984,0,0,82.8036812934292,175.889068603516,161.38429107666,156.790458679199,111.451717674582,190.232635498047,0,207.439706166585,139.164810122127,179.464200592041,174.769088745117,0,0,144.743339538574,163.862071790193
96.2518410014215,113.326282077365,61.1980790690486,59.2885367006307,125.501805623372,0,118.428428447128,78.3225073283115,109.315041859945,98.9831852796601,90.5794645404139,82.8204265121342,131.748350143433,135.35177675883,106.283905527436,129.316699634899,23.1118941250696,68.1021272765924,108.771369818485,83.140997803327,154.478017171224,14.3963028972389,56.2877340240631,36.5534362453776,30.5982056960149,101.929054260254,103.583880353603,67.9384739591047,23.6359781386929,74.9347572173459,30.9738690073659,133.263259887695,155.300040108817,63.7069510155429,41.9964739732023,155.887351989746,158.339447021484,134.739458015166,71.9725615672576,0,0,183.517904281616,153.160951523554,195.051774978638,132.688598632812,170.016255696615,154.887730916341,0,172.489944458008,183.46334584554,0,107.464739908659,151.034655888875,179.346557617188,168.723184656214,184.003311157227,115.327898321282,77.0494056085143,114.406983035181,122.166444472995,166.967781066895,173.064064741135,135.218700663249,123.610527658463,145.261275397407,116.628822484899,0,0,129.192801475525,122.877351212175
96.1808202266693,22.9475895642952,57.2836514523155,34.54958247605,78.7232663771685,0,138.239926147461,113.696713765462,127.394348676815,25.7050163610202,129.303071594238,99.5636629606548,82.9256811141968,86.1845309892609,101.69885471889,80.8910325822376,31.5556477523425,86.1252886119642,107.083934181615,100.55954765551,137.482389450073,56.2877340240631,8.26774451738162,52.4138894616759,33.4850107360593,70.1916888161153,89.9764917452041,38.9199538110483,61.4861233940655,78.4731598365598,58.2760862504076,102.857040405273,166.771301269531,57.650270277454,60.1333568199008,156.024383544922,127.340103149414,69.9383967967516,91.1045455932617,131.537059238979,0,151.949768066406,114.579241275787,151.740713331434,87.9740028381348,147.936109754774,133.180797576904,153.641743977865,128.750869035721,174.820217895508,117.297157287598,59.4662359881114,109.462453780636,165.762924194336,121.727356592814,116.606986999512,72.6859660207489,53.7042950789134,77.4620750427246,98.30101169684,118.631148444282,126.499375705061,85.5190804961038,125.092653469164,137.621101379395,94.6277712715997,139.527008056641,0,140.537618001302,81.0108838762556
93.2845176860747,65.2455713139024,32.1941788987611,58.1929587999819,132.573631286621,159.68091583252,133.615238210097,90.4728131202721,117.767245091213,120.529533545176,98.2607440662384,78.0769310124504,188.705632527669,111.74780725178,110.746682568166,131.600012642997,19.7591456433723,30.7384363704538,90.808772306562,59.0699016525664,172.479168701172,36.5534362453776,52.4138894616759,18.956091135271,66.7874591204398,133.766254425049,75.2404476503954,47.6260502178549,57.213462954086,95.6965140527467,53.1809954705681,109.193094162714,155.950884246826,92.4143687333211,46.2746631793541,194.996841430664,125.379533620981,102.229111087957,109.55123765128,168.288671875,221.297378540039,194.308175998264,161.265040375466,184.635446895253,188.462715148926,179.22569101507,171.306035359701,208.606994628906,169.847101847331,188.538224471243,197.332092285156,100.125691761021,128.439646968723,179.453640407986,144.60755784171,194.920908610026,116.224224095949,79.6208914331643,108.352821988677,140.706943478403,140.572448730469,145.862100620081,107.135988005149,153.214200418037,159.819256083171,137.461768901229,0,199.81209564209,150.86686706543,130.536081142768
88.3893338441849,81.0838533732096,129.076029760187,39.5251496782788,25.9759807582988,99.2409782409668,72.9584912652368,67.7127871148504,85.9035382973044,19.7235754655911,64.0119012806826,156.957656701406,23.4742255983304,142.547846084986,96.6262755499946,41.470737356552,35.4105401852659,132.82481125097,162.913524974476,148.922907049006,22.5186392689558,30.5982056960149,33.4850107360593,66.7874591204398,12.8492446930527,119.302898406982,134.697138354383,83.0096803950879,23.3685887974418,83.6845055270296,74.1820659778504,148.394350687663,138.654183020959,73.1069409899316,85.7383773616199,131.862671893576,138.905143737793,147.240630643914,58.8082714914356,112.255132236996,151.640552520752,128.885509920792,107.366785098345,130.351965452495,61.6968071762396,124.597747301651,198.63387122521,112.496881951226,188.91074625651,140.808417310213,102.768688201904,106.961467655369,164.805206874631,216.277976989746,183.10794128418,116.522206760731,114.552460668455,78.2659899607426,128.359979199606,87.1098991523406,179.029986572266,182.879734426305,159.690861830345,106.925248246269,134.934079913482,116.081212740893,0,177.523686218262,120.307447850019,123.941541204266
128.071140289307,20.9129052996992,106.800201416016,18.7364320831954,146.798934936523,0,114.227893066406,152.612609863281,93.8064155578613,108.901269682844,157.710556030273,44.1970498154038,193.609512329102,20.7327514272601,95.0231874254015,151.261173541729,119.922645568848,82.0646473811223,49.1504000675801,48.0998752344793,0,101.929054260254,70.1916888161153,133.766254425049,119.302898406982,10.1013057743571,44.5477127954364,26.2243531668532,165.861190795898,120.217623783992,115.243160247803,47.2168585232326,86.3315963745117,0,75.9407263965142,0,100.443050384521,125.490047454834,55.8699117388044,175.163269042969,0,0,161.621994018555,232.948059082031,144.734489440918,0,67.4281637191772,0,58.05986329156,214.088027954102,0,0,171.583423614502,76.6618576049805,101.948302586873,0,0,98.1159744262695,175.957534790039,170.716506958008,37.3787119690801,89.031432723999,87.0743616571966,199.787651062012,0,190.271362304688,78.5160285949707,0,0,121.877220153809
130.922234766164,46.8441825644781,38.1347198187101,55.3185973351743,171.188086509705,0,168.625454118027,144.826953533759,151.073512831102,128.972788538252,158.673392713392,29.4792191315325,182.510555940516,41.4509765746537,145.894390718991,171.481982687245,122.920774841309,39.7155086731526,33.4730584692717,30.0484319132997,183.632160731724,103.583880353603,89.9764917452041,75.2404476503954,134.697138354383,44.5477127954364,18.6792668291863,42.710018780087,140.36865783497,126.306988054405,115.480358485092,35.9686673618242,152.277653957935,131.235441664245,72.0125041653713,171.804775661892,101.071981603449,107.860779877136,86.5821886360645,211.914436340332,211.469940185547,224.677249145508,201.226982703576,215.576090725985,181.189944340633,244.860626220703,101.733542731049,209.490661621094,106.670484371053,202.741541348971,226.493232727051,152.974676450094,110.400276153442,101.602947809925,104.210517987156,206.619720458984,169.448448689779,136.672033854893,158.98889077228,187.551461749607,80.6057053696025,96.6635127658196,99.5075708037744,196.124063400995,195.094494628906,168.033900778634,102.413630167643,152.235977172852,176.464912414551,134.573878872779
133.356143874739,29.6689956204776,33.1193009119982,38.131676293259,134.21456532306,162.031318664551,151.617380771911,115.0601872202,147.35073842682,108.030023510767,131.699197512198,65.121948618139,163.906757477791,35.9630579020064,145.939272525537,143.168079023008,33.6428217577842,68.2866516579406,67.9998380391347,71.9028390202209,166.308963775635,67.9384739591047,38.9199538110483,47.6260502178549,83.0096803950879,26.2243531668532,42.710018780087,18.652213223102,86.2399427862281,128.389971176783,111.88082421205,45.4496244598221,155.976596832275,131.82557172606,73.627048184427,183.126590929533,97.4200598493737,94.8334912453295,72.169507866732,186.520599365234,221.455830891927,206.607654680525,168.88693625972,198.522595607873,169.291673278809,193.226246601826,117.645044336272,211.713335673014,101.96860817177,194.320618246203,213.902611868722,120.034862494763,110.372278123697,110.399392407169,110.585739647378,210.661041259766,137.995484900287,100.528467908968,107.723895573,158.246265806001,86.5960662908721,101.380612889494,97.6781318263301,171.415960295494,184.731076384244,158.576897787153,109.01294537808,197.391708374023,171.165400981903,128.391522535189
80.7624030704549,113.401044845581,89.8534759107486,54.2790554115956,19.258654607132,132.096811930339,61.5617034762128,34.918957556632,83.4375073091632,50.2180089522521,27.1311736667801,155.468038803492,53.0977517958237,170.299031425925,92.6201164299442,77.588416757389,50.1959467068904,129.724062801,181.550851731073,149.009533330014,31.8937684273556,23.6359781386929,61.4861233940655,57.213462954086,23.3685887974418,165.861190795898,140.36865783497,86.2399427862281,13.4184308395881,83.1542252205286,33.2480909430339,188.315620422363,134.336840721869,73.7552249836847,71.3692304394163,131.323519742942,164.620277404785,149.04069407781,74.1455512244861,117.800587926592,172.442794799805,145.563716022681,118.285790912176,148.094788208008,89.1854001644046,144.825187847984,198.537253128855,134.053964552185,214.506800333659,146.889657574315,136.107771208792,111.783060908867,175.386369397563,211.643623352051,192.071466827393,138.582527669271,122.38602622872,89.2571131303006,134.465242900205,103.078445628638,175.738273620605,193.631598099418,167.759724047544,117.707222367011,140.554011154175,116.935120504933,0,193.543552105243,123.618626372983,130.801164126263
19.4728607072383,124.039621480306,133.232419564989,68.3560570745965,91.0126443958651,20.1888301081774,57.538031190189,61.9889059514422,38.8089165621354,75.0615987163076,90.1696519898347,88.5166005863569,96.8572221483503,114.290713211586,24.9932940615434,95.1065810354132,124.492926733834,102.302151687386,119.762381822128,111.663497343459,97.6710104873215,74.9347572173459,78.4731598365598,95.6965140527467,83.6845055270296,120.217623783992,126.306988054405,128.389971176783,83.1542252205286,11.0568388358105,37.6227872902908,133.389281908671,11.9468244870014,15.2350140178438,35.824030735836,139.739498138428,0,169.0097252982,82.8201799807341,161.059953053792,0,165.059959411621,138.6681733889,170.255185185647,106.536749222699,165.953225625528,187.495262145996,144.341321818034,178.86147417341,167.200402526855,0,118.951393127441,178.685450659858,133.903244018555,190.372755262587,164.664216359456,129.732849765831,105.848419189453,159.700045267741,125.969418586055,166.288665771484,185.141681578101,181.121616454352,130.71248010964,152.523381551107,124.112751485981,172.648635864258,0,131.487039453843,137.666589563543
42.1954548532105,116.43229230245,82.5776656876657,57.2416123410613,117.434923345392,109.67423248291,109.665252636431,27.6081316586634,81.0061974420794,64.025032043457,65.6356133798229,96.6394080059536,138.736959669325,152.219881924716,67.3345558904666,101.931844329834,77.5422036811097,77.179903530313,111.813247745873,93.1441099744259,147.293628692627,30.9738690073659,58.2760862504076,53.1809954705681,74.1820659778504,115.243160247803,115.480358485092,111.88082421205,33.2480909430339,37.6227872902908,12.7404085542631,155.796648297991,118.228830904574,51.5552714884338,39.1005338330132,133.865150769552,0,149.295758532239,74.4832919113654,181.254829406738,0,171.333572387695,128.085507654511,162.698714591361,120.587826728821,167.566116333008,194.640888214111,196.725021362305,188.721061706543,147.107006314435,179.662704467773,109.086153712001,163.531236146626,191.016962687174,186.013193018296,187.272323608398,118.490910563171,79.0172084007522,122.019710433817,111.444341390561,0,175.294027782622,154.696075858939,115.303203969087,131.109287841411,117.879654322858,242.18359375,208.372955322266,125.48592006459,124.706033867526
156.991331100464,72.8761692047119,91.8453788063743,79.1551678975423,0,0,180.699007161458,178.988926696777,161.636766003024,143.169152259827,170.975161743164,33.6066912089553,191.499018351237,22.4585264323753,156.446394420805,181.249099731445,139.814880371094,89.0034794054533,49.264181976163,76.566690826416,185.371490478516,133.263259887695,102.857040405273,109.193094162714,148.394350687663,47.2168585232326,35.9686673618242,45.4496244598221,188.315620422363,133.389281908671,155.796648297991,17.0767536713527,98.8257437811957,199.169845581055,90.8066679636637,0,127.07251739502,151.110700334821,109.533945719401,211.125762939453,0,0,0,0,196.905742645264,0,106.759315490723,0,89.6399379730225,210.774078369141,0,0,121.341097513835,102.52554359436,132.408371988932,0,0,174.903030395508,0,201.232681274414,76.3665540059408,107.967178344727,113.23952146547,224.957702636719,137.796669006348,0,95.0207765367296,150.730377197266,0,191.699440002441
79.4972229003906,0,177.375709982479,121.450286463687,138.89204864502,11.8542023904625,18.1072368672689,122.815748361441,16.8394116311467,120.179986953735,122.11339469578,59.7976830581139,116.330939692836,88.2299464770726,13.4727749571704,32.0061427116394,0,168.839600058163,102.840650068011,163.127725389269,120.253130839421,155.300040108817,166.771301269531,155.950884246826,138.654183020959,86.3315963745117,152.277653957935,155.976596832275,134.336840721869,11.9468244870014,118.228830904574,98.8257437811957,4.93875787024536,46.6326461791992,28.1364740686318,0,0,0,122.956802368164,0,0,194.080139160156,0,205.640342712402,132.74821472168,0,0,0,0,211.229736328125,0,0,0,0,0,0,224.649391174316,227.22331237793,226.552688598633,176.429093933105,197.302124023438,0,224.931188964844,179.918864440918,210.657043457031,176.526596069336,0,0,188.88981628418,0
56.5741488469111,132.159173965454,120.757689842811,62.8152795909496,84.8756003961331,0,104.16950384646,71.0382323176394,94.975681655261,68.2878247621224,84.77243137158,103.90371492826,105.491079379351,160.000298239968,45.7412952515635,102.163296734845,107.756210327148,115.825874426426,127.273155770651,118.807205699739,100.863662420535,63.7069510155429,57.650270277454,92.4143687333211,73.1069409899316,0,131.235441664245,131.82557172606,73.7552249836847,15.2350140178438,51.5552714884338,199.169845581055,46.6326461791992,9.40321783534276,25.3600414070294,145.556632995605,0,190.313743591309,80.1944641444994,139.747210783117,0,156.250919542815,132.947804353675,157.318766566685,104.448332977295,160.860289679633,242.302307128906,147.823736826579,175.698165893555,156.25662403722,157.312805175781,109.851903603294,179.514347621373,0,0,161.589427403041,115.76518499201,84.8155394467441,128.689407348633,118.497652014908,167.991516113281,171.27681350708,170.76413192749,127.034856515102,157.449641141025,121.600681888356,0,175.002624511719,137.056644146259,132.791268198114
70.9201608603341,73.4746157107146,71.0933999103049,66.8148028017295,91.9052060207474,29.0251754760742,87.456438180293,85.0728471539032,65.5956551670186,74.1281587144603,88.6076566646506,27.4874710772535,89.9335474049279,77.2616056831259,53.9222510079036,80.2324508543937,80.6863786572608,37.3676761684769,68.5961867004684,49.4707478250089,90.6270659778992,41.9964739732023,60.1333568199008,46.2746631793541,85.7383773616199,75.9407263965142,72.0125041653713,73.627048184427,71.3692304394163,35.824030735836,39.1005338330132,90.8066679636637,28.1364740686318,25.3600414070294,10.1862530278708,148.80511601766,126.994898114886,117.495497287848,88.5561251253695,159.541761918501,0,164.838937198415,135.177297910055,170.012954339748,105.048840262673,176.776906167307,162.804314749581,135.029768371582,140.150499517267,157.89097821271,224.939239501953,110.319643293108,136.221563992435,152.306773049491,150.596946591237,171.136492642489,116.395105310389,91.0327592525842,118.623905465827,126.357491434837,122.702887535095,137.082416587406,125.141463172436,134.056038754181,155.132744422326,128.385264774538,144.276079813639,194.319534301758,121.390327453613,140.991085529327
139.522338867188,0,177.19539642334,89.4330874356357,162.817562866211,0,172.732851664225,146.463875906808,157.20772644043,223.642059326172,158.723388671875,0,151.432702200753,226.697860717773,169.038701375326,193.232986450195,158.383931477865,205.715545654297,212.320129394531,192.062576293945,0,155.887351989746,156.024383544922,194.996841430664,131.862671893576,0,171.804775661892,183.126590929533,131.323519742942,139.739498138428,133.865150769552,0,0,145.556632995605,148.80511601766,14.7275606938401,154.058746337891,130.309854507446,71.9689857236801,94.2545965368097,87.7494320869446,98.3384468976189,31.594711838317,69.2819577935976,80.0864060719808,83.6094067113863,127.217866238681,109.69328212738,142.184116499765,22.9407115173129,110.843876838684,99.5867729187012,113.878605537674,137.463118659125,128.713447799031,109.02031489781,97.3823253086635,75.8725435593549,119.022961032006,84.221101176982,147.121215820312,132.994217500848,140.62284311016,84.8783033049365,22.1126575846616,35.8091283455725,146.637666974749,92.0524713616622,45.3095272884034,64.0415565413658
