8.81921673307822,96.8390294392904,80.5424929667327,78.0182645161947,70.117613474528,0,72.4592626094818,21.4440211360047,20.1255838119331,64.8202059268951,34.0595474713695,131.852233886719,64.9450216293335,0,14.6645702983985,53.8168392181396,107.54469871521,92.5922247439015,0,112.236850904382,0,68.1519114567683,93.6125373840332,75.6473819027705,54.5736109973394,0,111.632242642916,101.284448496501,54.8337218213143,18.6012930280504,17.4323714161924,0,89.326301574707,30.1124413839353,47.747144509739,0,0,0,0,0,0,0,0,0,0,0,0,0,0,0,0,0,0,0,0,0,0,0,0,0,0,0,0,0,0,0,0,0,0,0
96.8390294392904,4.89587270549645,25.1795313025649,8.84347992166877,0,0,145.760116577148,97.0926595052083,133.639296468099,62.3052732679579,160.644744873047,49.0650551319122,70.1400985717773,46.7495295660836,131.134584280161,0,70.216031604343,41.5108338993127,54.8948150634766,42.1603526596195,0,76.1631606175349,9.13837054704972,49.6155047619802,0,12.3664678618861,32.7033734241364,28.6079583366413,101.440100017347,105.149249292189,94.3914458534934,0,0,108.044346673148,51.3541733894122,0,43.4136452308068,51.8387932247586,25.2655978012085,0,0,0,0,0,79.3737564086914,0,50.7340082914933,0,0,0,0,66.6168327331543,66.1369075775146,0,73.4652576446533,0,59.9634628295898,34.1457428591592,59.5378370786968,0,36.1742414686415,67.7577804116642,61.7074116437863,0,0,53.1471824645996,0,0,0,87.27170753479
80.5424929667327,25.1795313025649,11.9257874516408,34.4216871352135,179.517684936523,159.504257202148,121.635235234311,74.0647545529552,105.836784192981,100.166751720287,114.110467167644,67.1417352776778,147.571346282959,78.5703201293945,107.496621567198,108.958648681641,69.6727002796374,28.5109694879602,58.9478850364685,40.3501857686266,182.674537658691,59.9261410497563,32.3573509397961,20.6511931137428,104.988972022885,58.4097991611647,21.1090346256876,27.951474570643,77.1317564520919,95.4436966702607,71.6542432715188,0,173.05387878418,90.4024927248514,45.7915532230744,0,74.653450012207,73.9446025848389,43.0488433837891,0,0,0,128.610569000244,0,101.315071105957,0,0,0,0,0,0,94.5522079467773,96.4077301025391,0,108.521591186523,0,96.2582244873047,45.2804179661711,89.7094483148484,0,0,93.2562764485677,73.729680281419,82.1585540771484,0,120.252544403076,0,0,0,93.0864639282227
78.0182645161947,8.84347992166877,34.4216871352135,14.4102643101486,53.2507263986688,130.139600118001,66.9723949518678,46.7889337125032,76.9572195928969,16.3670684459309,66.7197292098999,42.6908033688863,60.539382179864,42.410298538208,95.8142957507439,54.1479206085205,46.2935841083527,44.8461324417073,53.773706353229,44.9621781814114,65.5685583554781,63.3541079013147,18.7101144173891,59.6202036937078,22.472102802794,16.2965294397249,38.8696020435181,35.8035039538259,34.5943176381336,88.4676902631646,50.4160757405998,73.2291946411133,132.901382446289,73.3485999043783,62.2626226817092,58.1849803924561,35.4880039215088,68.3634204864502,18.4790174504544,0,0,0,61.2351260185242,0,12.0200355847677,0,34.6593748254979,41.1070938110352,31.6642186641693,88.4785130818685,0,0,55.855893029107,0,60.84704246521,94.6425476074219,81.2734909057617,29.4368454615275,69.0426400502523,26.1914615631104,23.7571819690948,46.5161122691875,53.5738763213158,43.0809166648171,96.9710998535156,66.1475588480632,0,0,63.3509902954102,60.9107837677002
70.117613474528,0,179.517684936523,53.2507263986688,7.37671241409914,0,52.0389319688846,36.9781271199711,83.6899813138522,52.4689088301225,12.8383403406193,0,11.727315401498,0,88.7855269488166,68.2713012695312,0,0,0,0,8.24701522245076,0,85.7341156005859,107.263170878092,17.6004305892925,0,0,0,9.11285788467704,82.0490911383378,78.1401138305664,0,0,72.7352960648075,79.6396530999078,0,0,0,0,5.52708564717643,0,75.4531402587891,0,86.1880035400391,74.3876686096191,19.7318562401666,0,17.7152082706565,0,0,0,0,0,0,0,13.1997456453942,0,0,0,28.7043250125387,0,0,0,10.6527789497968,109.823524475098,0,0,0,0,0
0,0,159.504257202148,130.139600118001,0,7.16380405419013,11.9163378931109,106.124483744303,19.6274811210309,92.3839178085327,105.036994493925,58.2565383911133,84.4169256422255,0,24.3956556885977,13.5409600479754,0,0,0,0,141.767166137695,0,130.191020965576,153.93928527832,113.393061319987,0,88.9428939819336,153.11767578125,113.691181856043,20.1578149250139,106.583997090658,0,8.37276775898,0,21.7715221877791,0,0,0,0,0,0,0,0,0,0,0,0,0,0,0,0,0,0,0,0,0,0,0,0,0,0,0,0,0,0,0,0,0,0,0
72.4592626094818,145.760116577148,121.635235234311,66.9723949518678,52.0389319688846,11.9163378931109,7.35071497272485,69.6496886176032,15.9438614787276,64.6705224182432,16.2678593968137,0,13.2567452825876,0,26.0730204723671,9.13438352936661,91.6040484110514,143.16960144043,0,123.254936218262,44.8679348205353,90.2111015319824,92.0135631561279,102.450190351309,50.7184616121753,0,143.856265476772,115.199786376953,59.0497137918835,31.0227393407434,73.1128317515055,0,17.6358392530817,83.095385104795,39.5469987827225,0,0,0,0,0,0,0,112.683128356934,0,81.3979853312174,0,0,43.953670501709,0,0,0,0,0,0,0,164.238479614258,0,0,0,91.5234968397352,0,0,0,127.292667388916,0,0,0,0,0,0
21.4440211360047,97.0926595052083,74.0647545529552,46.7889337125032,36.9781271199711,106.124483744303,69.6496886176032,7.38012571992097,41.3122902958548,45.3794033685423,12.1744661779106,0,84.888784136091,0,38.1858365833268,63.5771536827087,71.780200584262,89.3264958308293,133.739898681641,100.489958819221,76.5859362284342,55.8997397408385,74.3227546513081,62.7414182882015,35.0546756332157,142.221893310547,109.80523087074,89.9213014074734,17.3812534446341,45.8661088566748,12.5683922852351,0,107.303911209106,47.3125712289367,57.047174214165,95.9945449829102,0,0,66.6360651652018,0,0,0,0,0,61.7309627532959,0,0,0,0,117.873031616211,0,0,0,0,0,0,0,170.792877197266,0,73.8146387736003,0,0,0,92.7892125447591,128.184097290039,129.407653808594,0,0,0,0
20.1255838119331,133.639296468099,105.836784192981,76.9572195928969,83.6899813138522,19.6274811210309,15.9438614787276,41.3122902958548,8.94767587321415,71.9755693142003,24.5583728349138,76.5031147003174,54.6195425893975,133.357345581055,14.6498129149512,24.7403357080511,105.545989326809,137.39267539978,0,140.570987354625,80.6677901169349,84.4849739074707,105.598786372764,93.7424751779877,66.5950178292839,0,136.956847359794,120.516336896004,63.8622945068908,27.9307550035639,63.6288957417113,0,9.5103083165336,75.866874795211,42.0294521669164,0,0,0,137.463424682617,0,0,0,0,0,94.9747619628906,0,0,119.734260559082,0,0,0,0,0,0,0,143.338409423828,0,137.541702270508,0,109.192849731445,0,0,0,0,0,0,0,0,0,180.024063110352
64.8202059268951,62.3052732679579,100.166751720287,16.3670684459309,52.4689088301225,92.3839178085327,64.6705224182432,45.3794033685423,71.9755693142003,7.32335011079473,65.6360269745628,0,9.48917475112504,0,86.227332405422,21.3217297017522,50.713587641716,109.686303032769,0,120.127258300781,59.226836726779,62.1531421733352,14.3665283169044,82.2784122766233,13.027598463236,0,96.85364314488,89.7315113965203,35.5131392169029,77.711950727256,49.6313980221748,0,121.049186706543,66.9992428877222,77.9924218833041,0,0,0,106.636535644531,67.7207870483398,0,102.416229248047,60.6371726989746,96.3779602050781,34.1003514607747,95.4870452880859,0,62.3124802907308,0,0,65.4502182006836,0,0,0,0,88.9619674682617,0,0,0,48.2402004412751,0,0,0,58.1011161804199,131.452285766602,0,0,0,0,0
34.0595474713695,160.644744873047,114.110467167644,66.7197292098999,12.8383403406193,105.036994493925,16.2678593968137,12.1744661779106,24.5583728349138,65.6360269745628,8.46869563389061,0,13.905979692561,0,34.6812303109543,69.3355168174295,80.7575756288924,138.710480499268,0,158.418579101562,11.5817827232363,91.6636153819949,86.4105545167,87.1444140620854,32.092713717565,0,137.614932250977,99.2765084468957,23.8973257302772,79.2898033417243,44.7476797906038,0,130.552474975586,76.2525275265931,79.8728518624141,157.070167541504,0,198.37939453125,0,7.8449877342677,0,152.02604675293,154.958602905273,202.180099487305,83.4106270313263,0,0,41.8686283535428,0,0,109.847236633301,0,0,0,0,167.797454833984,0,0,0,100.433561178354,0,0,0,116.615640640259,0,0,0,0,0,204.606842041016
131.852233886719,49.0650551319122,67.1417352776778,42.6908033688863,0,58.2565383911133,0,0,76.5031147003174,0,0,8.43928994194627,0,12.1301431087742,0,0,0,40.9111863160745,11.9707800458467,21.3028776687714,0,130.357818603516,94.5039520263672,87.8743790520562,0,22.4882136326911,23.7420176870122,35.0261345517504,0,118.196510314941,131.675666809082,20.7958557324004,0,118.278759002686,22.5682423464147,0,52.9128227233887,0,51.3186016082764,0,0,0,0,0,0,0,54.5066734313965,0,54.3339309692383,0,0,0,0,0,65.5050277709961,0,0,0,121.158203125,0,45.6213620503744,86.1102615356445,84.8420061383929,0,0,0,0,0,0,0
64.9450216293335,70.1400985717773,147.571346282959,60.539382179864,11.727315401498,84.4169256422255,13.2567452825876,84.888784136091,54.6195425893975,9.48917475112504,13.905979692561,0,8.3959413155299,0,71.3386371709123,12.6028947757579,117.683174133301,161.950012207031,0,0,12.6952828603916,107.586265563965,53.4983466298957,150.604552132743,22.9495567980156,0,190.150260925293,160.936113145616,37.584671486425,68.8457710315335,112.378330230713,0,87.334587097168,82.8403655543472,67.0269689582806,81.1061045328776,0,0,141.734970092773,16.6027715436874,0,54.6985692977905,76.2188949584961,94.1110153198242,57.7741337063946,25.6402769997006,0,8.3872137409077,0,92.3421115875244,56.216157913208,0,0,0,0,13.5910833615168,0,38.2181663513184,0,68.6706335203988,0,0,0,87.278751373291,85.9578188382662,0,0,0,89.5880813598633,85.8643564077524
0,46.7495295660836,78.5703201293945,42.410298538208,0,0,0,0,133.357345581055,0,0,12.1301431087742,0,5.7516439768671,0,0,0,54.3887351989746,39.4525109634918,41.3825997302407,0,0,0,0,0,14.3176207837495,19.2168454907972,24.2217942707609,0,0,0,5.94833021204871,0,0,32.8439806805381,0,0,0,0,0,0,0,0,0,0,0,50.5658283233643,0,0,0,0,0,0,0,0,0,0,0,0,0,36.523731470108,0,65.0068893432617,0,0,0,0,0,0,0
14.6645702983985,131.134584280161,107.496621567198,95.8142957507439,88.7855269488166,24.3956556885977,26.0730204723671,38.1858365833268,14.6498129149512,86.227332405422,34.6812303109543,0,71.3386371709123,0,7.64101163865603,30.8112092606009,124.938887023926,126.185583591461,171.040145874023,131.511125110445,97.6283562523978,85.217810454192,119.7334754512,97.4943877546007,77.0753627892696,0,137.438180106027,125.074297161804,72.3252713355151,16.0557096389868,44.5993763880818,0,9.38262392104287,24.3072736219492,38.2817248679362,0,0,0,0,0,0,0,0,0,96.6724472045898,0,0,0,0,0,0,0,0,0,0,0,0,227.190200805664,207.278213500977,141.421455383301,0,0,0,133.717971801758,0,0,0,0,0,0
53.8168392181396,0,108.958648681641,54.1479206085205,68.2713012695312,13.5409600479754,9.13438352936661,63.5771536827087,24.7403357080511,21.3217297017522,69.3355168174295,0,12.6028947757579,0,30.8112092606009,7.8807353649775,0,0,0,165.508850097656,54.6795799618676,0,64.4443918863932,120.350336347307,35.8606819549164,0,0,104.872776031494,76.3104004493127,27.5075322257148,0,0,36.1268398850052,0,27.1009672991748,0,0,0,0,0,0,0,0,0,54.3266895839146,0,0,0,0,0,0,0,0,0,0,0,0,0,0,62.2919137137277,0,0,0,0,0,0,0,0,0,0
107.54469871521,70.216031604343,69.6727002796374,46.2935841083527,0,0,91.6040484110514,71.780200584262,105.545989326809,50.713587641716,80.7575756288924,0,117.683174133301,0,124.938887023926,0,12.1981887433556,87.6037183622035,0,98.3025915963309,0,16.5394236726137,25.9210014149252,15.2216002932346,25.4238446110615,0,91.2878942181987,19.5942211696567,39.7365414711901,102.169733541983,49.2258504266649,0,0,85.3645753860474,56.5163301936651,0,0,0,56.6480140686035,0,0,0,0,0,0,0,0,0,0,0,0,0,0,0,0,0,141.045272827148,77.4348983764648,0,0,0,0,0,0,0,0,0,0,0,0
92.5922247439015,41.5108338993127,28.5109694879602,44.8461324417073,0,0,143.16960144043,89.3264958308293,137.39267539978,109.686303032769,138.710480499268,40.9111863160745,161.950012207031,54.3887351989746,126.185583591461,0,87.6037183622035,8.6141628566052,39.4405781513936,20.4781519279881,0,43.6702966741988,53.509330169547,15.4105576303036,110.178002301384,45.6653132337205,18.6748827241993,53.2735457928917,91.3555082973046,98.2036819592803,69.3643713560369,51.4217720031738,150.664642333984,95.3843309538705,29.8501917349403,0,77.0481147766113,81.4592208862305,0,0,0,0,0,0,0,0,0,0,0,0,0,0,101.853481292725,0,118.68293762207,0,0,64.9771295435288,94.1507066999163,0,0,98.6075267791748,85.0886166890462,0,0,0,0,0,0,104.745452880859
0,54.8948150634766,58.9478850364685,53.773706353229,0,0,0,133.739898681641,0,0,0,11.9707800458467,0,39.4525109634918,171.040145874023,0,0,39.4405781513936,5.6054261587301,9.67279600562348,0,0,116.977516174316,84.9826227823893,0,36.3368161020715,15.0192268955379,47.2412658979913,0,167.366744995117,0,45.6558187484741,0,0,45.2096011598231,0,0,0,0,0,0,0,0,0,0,0,76.7802047729492,0,0,0,0,0,0,0,106.094890594482,0,0,0,0,0,62.365626335144,0,80.1637496948242,0,0,0,0,0,0,0
112.236850904382,42.1603526596195,40.3501857686266,44.9621781814114,0,0,123.254936218262,100.489958819221,140.570987354625,120.127258300781,158.418579101562,21.3028776687714,0,41.3825997302407,131.511125110445,165.508850097656,98.3025915963309,20.4781519279881,9.67279600562348,7.48031605541205,0,79.7743586320144,74.0615484931252,63.4798164029665,149.17547454834,36.9456727795485,16.0619072660145,51.5756837798879,102.292244220602,114.06105991832,92.3920055087522,49.772865931193,0,111.654614078297,43.2832055384046,0,78.4140090942383,90.1278915405273,86.3068237304688,0,0,0,0,0,0,0,79.9689254760742,0,0,0,0,0,91.9199935913086,0,100.214424826882,0,0,78.9313621520996,0,0,56.6332926750183,89.9603849138532,93.8533394553445,0,0,0,0,0,0,0
0,0,182.674537658691,65.5685583554781,8.24701522245076,141.767166137695,44.8679348205353,76.5859362284342,80.6677901169349,59.226836726779,11.5817827232363,0,12.6952828603916,0,97.6283562523978,54.6795799618676,0,0,0,0,7.85141867486315,139.116317749023,0,131.651209513346,17.6218223268954,0,0,220.344116210938,19.5923976756413,86.8865852961464,176.422714233398,0,0,85.1856825256348,82.7180658976237,0,0,0,0,8.67935759192901,0,0,0,143.558975219727,79.7467672386948,147.263275146484,0,7.32436655220148,0,0,0,0,0,0,0,0,0,0,0,95.727593935453,0,0,0,0,0,0,0,0,0,0
68.1519114567683,76.1631606175349,59.9261410497563,63.3541079013147,0,0,90.2111015319824,55.8997397408385,84.4849739074707,62.1531421733352,91.6636153819949,130.357818603516,107.586265563965,0,85.217810454192,0,16.5394236726137,43.6702966741988,0,79.7743586320144,139.116317749023,7.95868375505803,38.4436814827415,21.9770028247402,15.0545319202258,93.0880432128906,75.7570690730261,71.6755593894464,21.6268656541755,49.4466391362282,19.5321114561746,0,0,67.1293104040714,32.5563699617596,0,0,103.39518737793,75.0792512893677,0,0,0,0,0,0,0,0,0,0,0,0,0,0,0,178.777145385742,0,0,67.9634323120117,125.964385986328,0,0,0,116.038497924805,0,0,0,0,0,0,0
93.6125373840332,9.13837054704972,32.3573509397961,18.7101144173891,85.7341156005859,130.191020965576,92.0135631561279,74.3227546513081,105.598786372764,14.3665283169044,86.4105545167,94.5039520263672,53.4983466298957,0,119.7334754512,64.4443918863932,25.9210014149252,53.509330169547,116.977516174316,74.0615484931252,0,38.4436814827415,6.10904740619268,38.2566964398662,16.9736874425785,61.5857038497925,59.8368803759029,20.557635475757,39.1151303975946,103.716832085261,43.288112523697,0,0,96.8005542755127,51.2696716677758,0,92.3141174316406,51.4080355962118,26.0837726593018,0,0,0,0,0,25.8897151947021,0,0,42.462028503418,0,0,0,53.4623413085938,62.9123713175456,0,66.3402633666992,77.3607177734375,81.4988174438477,5.94014645758129,45.6459860120501,0,0,61.6524862561907,59.3328808375767,0,0,0,0,0,0,72.8876523971558
75.6473819027705,49.6155047619802,20.6511931137428,59.6202036937078,107.263170878092,153.93928527832,102.450190351309,62.7414182882015,93.7424751779877,82.2784122766233,87.1444140620854,87.8743790520562,150.604552132743,0,97.4943877546007,120.350336347307,15.2216002932346,15.4105576303036,84.9826227823893,63.4798164029665,131.651209513346,21.9770028247402,38.2566964398662,11.9635988897119,68.1036907475076,77.0485916137695,58.7355538280344,34.134252412037,34.302814680736,92.3211417271953,45.7303974351699,0,160.537246704102,83.1539038163197,34.9045475920136,0,0,86.1082458496094,75.5985477992466,0,0,0,131.604598999023,0,101.951805114746,0,0,0,0,0,0,0,0,0,121.125625610352,0,104.719696044922,63.3930144309998,103.011393737793,0,102.016395568848,95.0819396972656,98.6807359967913,103.74536895752,0,0,0,0,0,0
54.5736109973394,0,104.988972022885,22.472102802794,17.6004305892925,113.393061319987,50.7184616121753,35.0546756332157,66.5950178292839,13.027598463236,32.092713717565,0,22.9495567980156,0,77.0753627892696,35.8606819549164,25.4238446110615,110.178002301384,0,149.17547454834,17.6218223268954,15.0545319202258,16.9736874425785,68.1036907475076,11.2677216304364,0,120.038283211844,72.6287610646841,14.2244276365862,70.1975042012927,47.600048703107,0,114.064002990723,60.0198869948175,69.9729838703954,0,0,0,0,50.2875315348307,0,0,78.7166290283203,149.787178039551,39.5080742719697,0,0,56.2079734802246,0,139.507095336914,80.2512893676758,0,0,0,0,0,0,50.6059265136719,0,52.4627420201021,0,0,0,56.1811351776123,0,0,0,0,0,0
0,12.3664678618861,58.4097991611647,16.2965294397249,0,0,0,142.221893310547,0,0,0,22.4882136326911,0,14.3176207837495,0,0,0,45.6653132337205,36.3368161020715,36.9456727795485,0,93.0880432128906,61.5857038497925,77.0485916137695,0,7.40432754132187,26.0731021590066,21.2431620929383,133.71968460083,148.003868103027,113.563166300456,34.3937695447136,0,128.589279174805,35.3837520781411,0,40.1204546792167,0,25.2793491978799,0,0,0,0,0,0,0,39.5673549958389,0,38.678152402242,0,0,0,68.9559097290039,0,65.0345090230306,0,0,78.7292404174805,0,0,31.5487907693113,63.0984111654347,61.2673085462601,0,0,0,0,0,0,66.0089956011091
111.632242642916,32.7033734241364,21.1090346256876,38.8696020435181,0,88.9428939819336,143.856265476772,109.80523087074,136.956847359794,96.85364314488,137.614932250977,23.7420176870122,190.150260925293,19.2168454907972,137.438180106027,0,91.2878942181987,18.6748827241993,15.0192268955379,16.0619072660145,0,75.7570690730261,59.8368803759029,58.7355538280344,120.038283211844,26.0731021590066,8.38671208562964,23.8099137854088,105.415504391988,112.696123644837,93.3529662762658,14.1754003526442,0,107.80567378468,40.9108086468337,0,63.0274677276611,89.6192607879639,57.6570663452148,0,0,0,0,0,0,0,64.4883533053928,0,0,0,0,0,101.765232510037,0,95.0825080871582,0,140.4833984375,57.9641909715606,101.945404815674,0,52.0725477118241,87.0742925446609,92.7580106258392,0,0,130.334167480469,0,0,0,100.6725730896
101.284448496501,28.6079583366413,27.951474570643,35.8035039538259,0,153.11767578125,115.199786376953,89.9213014074734,120.516336896004,89.7315113965203,99.2765084468957,35.0261345517504,160.936113145616,24.2217942707609,125.074297161804,104.872776031494,19.5942211696567,53.2735457928917,47.2412658979913,51.5756837798879,220.344116210938,71.6755593894464,20.557635475757,34.134252412037,72.6287610646841,21.2431620929383,23.8099137854088,10.2124309083562,71.5821388020742,115.671006566073,92.9077544351697,9.21276132602257,158.757019042969,109.974133842222,56.3547691513371,0,52.8278577399976,84.2119059562683,33.4440937761991,0,0,0,0,0,0,0,73.3709144592285,0,147.663284301758,0,0,149.014701843262,97.0594581604004,0,86.1160630850956,0,97.2433624267578,57.5761395852397,91.0266773826198,0,60.3555741059153,81.0396058009221,82.4487602053665,0,0,0,0,0,0,100.770355987549
54.8337218213143,101.440100017347,77.1317564520919,34.5943176381336,9.11285788467704,113.691181856043,59.0497137918835,17.3812534446341,63.8622945068908,35.5131392169029,23.8973257302772,0,37.584671486425,0,72.3252713355151,76.3104004493127,39.7365414711901,91.3555082973046,0,102.292244220602,19.5923976756413,21.6268656541755,39.1151303975946,34.302814680736,14.2244276365862,133.71968460083,105.415504391988,71.5821388020742,8.2308929083253,67.7595800875699,28.3058817790201,0,112.513439178467,57.6032032429253,52.365505650091,110.336986541748,0,0,49.6070051193237,26.5207413945879,0,138.535696029663,91.5333061218262,115.97235361735,61.5125498453776,113.188045501709,0,60.6740524985574,0,0,0,0,0,0,0,111.810333251953,0,0,0,70.6413772106171,0,147.793334960938,0,89.3591598510742,98.5562362670898,99.1106986999512,0,0,129.302680969238,94.6052017211914
18.6012930280504,105.149249292189,95.4436966702607,88.4676902631646,82.0490911383378,20.1578149250139,31.0227393407434,45.8661088566748,27.9307550035639,77.711950727256,79.2898033417243,118.196510314941,68.8457710315335,0,16.0557096389868,27.5075322257148,102.169733541983,98.2036819592803,167.366744995117,114.06105991832,86.8865852961464,49.4466391362282,103.716832085261,92.3211417271953,70.1975042012927,148.003868103027,112.696123644837,115.671006566073,67.7595800875699,7.35857619456608,19.3598336962523,0,9.09930508544807,13.8676807367536,36.2753201346314,0,0,157.209548950195,105.345962524414,0,0,158.503814697266,0,0,115.336860656738,0,0,0,0,0,0,0,0,0,0,0,0,106.068775177002,163.649322509766,118.264139811198,0,0,0,167.597778320312,0,124.236175537109,0,0,0,163.142677307129
17.4323714161924,94.3914458534934,71.6542432715188,50.4160757405998,78.1401138305664,106.583997090658,73.1128317515055,12.5683922852351,63.6288957417113,49.6313980221748,44.7476797906038,131.675666809082,112.378330230713,0,44.5993763880818,0,49.2258504266649,69.3643713560369,0,92.3920055087522,176.422714233398,19.5321114561746,43.288112523697,45.7303974351699,47.600048703107,113.563166300456,93.3529662762658,92.9077544351697,28.3058817790201,19.3598336962523,7.47558498445174,0,0,44.1676165921118,32.6972238963251,0,0,123.169387817383,59.2124195098877,0,0,0,0,0,63.2271133422852,0,0,0,0,0,0,0,0,0,0,0,0,110.200542449951,159.64729309082,95.3000793457031,0,0,0,98.1401901245117,114.127212524414,0,0,0,0,153.985206604004
0,0,0,73.2291946411133,0,0,0,0,0,0,0,20.7958557324004,0,5.94833021204871,0,0,0,51.4217720031738,45.6558187484741,49.772865931193,0,0,0,0,0,34.3937695447136,14.1754003526442,9.21276132602257,0,0,0,4.05290515919759,0,0,59.9282430013021,0,0,0,0,0,0,0,0,0,0,0,0,0,0,0,0,0,0,0,0,0,0,0,0,0,0,0,0,0,0,0,0,0,0,0
89.326301574707,0,173.05387878418,132.901382446289,0,8.37276775898,17.6358392530817,107.303911209106,9.5103083165336,121.049186706543,130.552474975586,0,87.334587097168,0,9.38262392104287,36.1268398850052,0,150.664642333984,0,0,0,0,0,160.537246704102,114.064002990723,0,0,158.757019042969,112.513439178467,9.09930508544807,0,0,4.66007916956223,0,26.5850586163796,0,0,0,0,0,0,0,0,0,0,0,0,0,0,0,0,0,0,0,0,0,0,0,0,0,0,0,0,0,0,0,0,0,0,0
30.1124413839353,108.044346673148,90.4024927248514,73.3485999043783,72.7352960648075,0,83.095385104795,47.3125712289367,75.866874795211,66.9992428877222,76.2525275265931,118.278759002686,82.8403655543472,0,24.3072736219492,0,85.3645753860474,95.3843309538705,0,111.654614078297,85.1856825256348,67.1293104040714,96.8005542755127,83.1539038163197,60.0198869948175,128.589279174805,107.80567378468,109.974133842222,57.6032032429253,13.8676807367536,44.1676165921118,0,0,6.59539558649943,26.8452036445523,0,0,0,0,0,235.744384765625,0,0,0,0,0,0,0,0,0,0,0,0,0,0,0,0,102.069370269775,0,0,0,0,154.029739379883,0,0,0,0,0,0,0
47.747144509739,51.3541733894122,45.7915532230744,62.2626226817092,79.6396530999078,21.7715221877791,39.5469987827225,57.047174214165,42.0294521669164,77.9924218833041,79.8728518624141,22.5682423464147,67.0269689582806,32.8439806805381,38.2817248679362,27.1009672991748,56.5163301936651,29.8501917349403,45.2096011598231,43.2832055384046,82.7180658976237,32.5563699617596,51.2696716677758,34.9045475920136,69.9729838703954,35.3837520781411,40.9108086468337,56.3547691513371,52.365505650091,36.2753201346314,32.6972238963251,59.9282430013021,26.5850586163796,26.8452036445523,9.31989280490879,0,0,97.0508728027344,82.7020492553711,0,0,162.627334594727,0,0,94.4481964111328,0,0,0,0,0,0,0,89.3302764892578,0,96.563648223877,0,0,76.438031060355,120.632225036621,122.728240966797,63.3145313262939,90.8310521443685,86.7894592285156,0,0,104.425308227539,0,0,0,160.313735961914
0,0,0,58.1849803924561,0,0,0,95.9945449829102,0,0,157.070167541504,0,81.1061045328776,0,0,0,0,0,0,0,0,0,0,0,0,0,0,0,110.336986541748,0,0,0,0,0,0,8.43375544672753,103.023035866874,85.067225700201,61.5357580341277,69.4089179405799,140.599258422852,62.9410062486475,26.6456430919408,10.8195056734909,60.740184269395,24.4227160155543,0,67.395048760079,0,10.1169992588849,106.650108337402,77.7945273263114,83.7259497969118,0,95.6026856558664,62.74411950288,65.7200869703845,95.9749870300293,74.4561736560259,51.3276389156336,123.087337493896,89.6266265975104,100.899979263056,53.2115296607055,12.0462033752847,13.0757708865404,0,0,23.1977046826407,40.1934020120244
0,43.4136452308068,74.653450012207,35.4880039215088,0,0,0,0,0,0,0,52.9128227233887,0,0,0,0,0,77.0481147766113,0,78.4140090942383,0,0,92.3141174316406,0,0,40.1204546792167,63.0274677276611,52.8278577399976,0,0,0,0,0,0,0,103.023035866874,6.53919103357648,28.3298909566057,9.63882570856579,0,0,0,93.6063626607259,0,42.6932545616513,101.625289916992,47.6159643643144,0,51.3852170308431,120.009735107422,0,64.9115468151165,38.0308883079263,0,41.6834709824634,0,67.0563891428822,13.8188032096998,53.6507604423611,104.046527862549,13.1047372931755,32.416913783321,32.2673027243936,101.038750368006,109.787019168629,88.6465583801269,0,0,109.112617492676,50.7223566536952
0,51.8387932247586,73.9446025848389,68.3634204864502,0,0,0,0,0,0,198.37939453125,0,0,0,0,0,0,81.4592208862305,0,90.1278915405273,0,103.39518737793,51.4080355962118,86.1082458496094,0,0,89.6192607879639,84.2119059562683,0,157.209548950195,123.169387817383,0,0,0,97.0508728027344,85.067225700201,28.3298909566057,9.84181205928222,32.9659658041345,0,163.011047363281,139.508171081543,73.6396077794413,99.0236295000393,104.223073323568,76.4934291453497,60.3246774673462,163.251365661621,135.072738647461,102.387830349115,0,63.0610008619696,26.5295497241938,0,42.8612245333077,166.587448120117,40.1987319084314,35.1389794519456,22.5017297618317,93.4141811915806,53.3024179840088,14.0145554431895,19.3693307308445,77.659211943906,87.024670553879,63.2180483333648,0,0,87.6048642301011,35.6550526424856
0,25.2655978012085,43.0488433837891,18.4790174504544,0,0,0,66.6360651652018,137.463424682617,106.636535644531,0,51.3186016082764,141.734970092773,0,0,0,56.6480140686035,0,0,86.3068237304688,0,75.0792512893677,26.0837726593018,75.5985477992466,0,25.2793491978799,57.6570663452148,33.4440937761991,49.6070051193237,105.345962524414,59.2124195098877,0,0,0,82.7020492553711,61.5357580341277,9.63882570856579,32.9659658041345,10.6813265539351,72.2837219238281,0,85.5880346298218,50.2236091819572,79.5651763782167,13.1389003660944,73.4773777553013,36.9574447059631,72.9334583282471,40.5704396565755,79.6344652175903,0,53.9481575577347,43.2188954068045,0,43.0156341115381,76.4620456695557,72.8866586396188,15.5574678085684,58.1766445494535,25.6188191885552,19.0625022104753,33.9419433830895,38.2219244411241,35.8727206096587,69.992865892557,57.5861115609446,64.3498306274414,0,69.7337627410889,54.7072940917864
0,0,0,0,5.52708564717643,0,0,0,0,67.7207870483398,7.8449877342677,0,16.6027715436874,0,0,0,0,0,0,0,8.67935759192901,0,0,0,50.2875315348307,0,0,0,26.5207413945879,0,0,0,0,0,0,69.4089179405799,0,0,72.2837219238281,7.3319974742765,117.012550354004,47.685773908827,55.206379810969,76.3539270232706,54.992125919887,11.559148106249,0,17.3582264031365,0,84.808367767334,60.5704242481905,0,0,0,0,9.87120052857193,106.207794189453,78.2777824401855,94.5844612121582,23.4844082214833,0,0,193.492874145508,10.9496878080827,85.1816567117854,95.6931716918945,0,129.939361572266,78.8938837687174,81.1438223253779
0,0,0,0,0,0,0,0,0,0,0,0,0,0,0,0,0,0,0,0,0,0,0,0,0,0,0,0,0,0,0,0,0,235.744384765625,0,140.599258422852,0,163.011047363281,0,117.012550354004,5.96912827063459,12.775534935803,98.1893272399902,17.0944250146747,78.6275577545166,103.796629224505,0,87.4877094087147,0,28.2326189115644,12.4189121263313,0,0,0,0,109.615665435791,0,0,0,100.452963692801,0,0,0,112.928514099121,21.4028123885429,0,0,8.57017536393252,67.5313568115234,25.430360306374
0,0,0,0,75.4531402587891,0,0,0,0,102.416229248047,152.02604675293,0,54.6985692977905,0,0,0,0,0,0,0,0,0,0,0,0,0,0,0,138.535696029663,158.503814697266,0,0,0,0,162.627334594727,62.9410062486475,0,139.508171081543,85.5880346298218,47.685773908827,12.775534935803,8.38228336332847,41.8007212196078,18.351963893553,41.1951567777773,17.6681805638139,49.5143013000488,20.5054281464986,0,28.8892595363787,11.7801153335906,98.8967463175456,132.415744781494,0,0,37.4741955604959,108.435068766276,131.638870239258,115.267345652861,51.3847732944288,0,79.0102844238281,136.221698760986,47.6717746018592,29.0281765029186,98.0206756591797,0,12.6357265779943,81.6350428932592,39.8089673455242
0,0,128.610569000244,61.2351260185242,0,0,112.683128356934,0,0,60.6371726989746,154.958602905273,0,76.2188949584961,0,0,0,0,0,0,0,0,0,0,131.604598999023,78.7166290283203,0,0,0,91.5333061218262,0,0,0,0,0,0,26.6456430919408,93.6063626607259,73.6396077794413,50.2236091819572,55.206379810969,98.1893272399902,41.8007212196078,8.50227290592247,32.0723009874624,47.406031274388,14.1359501337427,111.601081848145,79.4748440944787,0,16.9068982296708,64.9335922665066,60.0584268726286,72.4801437080681,0,89.1514261419123,66.8908629501075,49.2733105710037,80.5416798457921,56.7463387536442,35.3389299363386,0,80.0091139108707,91.7383792595785,21.9386566217273,40.1337224722127,14.339318527637,0,107.977779388428,44.6255059898711,43.9102076368983
0,0,0,0,86.1880035400391,0,0,0,0,96.3779602050781,202.180099487305,0,94.1110153198242,0,0,0,0,0,0,0,143.558975219727,0,0,0,149.787178039551,0,0,0,115.97235361735,0,0,0,0,0,0,10.8195056734909,0,99.0236295000393,79.5651763782167,76.3539270232706,17.0944250146747,18.351963893553,32.0723009874624,8.98893731510058,74.2108863008433,16.8772197118873,65.6072463989258,63.7531836573057,0,13.1900499374754,26.0500308965986,87.5034414018903,118.015441894531,0,74.1792526245117,68.5523730004457,85.5792229392312,109.122413635254,86.5794735395839,64.6187945030233,0,105.868609746297,113.561451934105,62.5768449009141,21.8428790016404,65.0663211220189,0,9.66212611396957,81.6858030954997,33.7344709277216
0,79.3737564086914,101.315071105957,12.0200355847677,74.3876686096191,0,81.3979853312174,61.7309627532959,94.9747619628906,34.1003514607747,83.4106270313263,0,57.7741337063946,0,96.6724472045898,54.3266895839146,0,0,0,0,79.7467672386948,0,25.8897151947021,101.951805114746,39.5080742719697,0,0,0,61.5125498453776,115.336860656738,63.2271133422852,0,0,0,94.4481964111328,60.740184269395,42.6932545616513,104.223073323568,13.1389003660944,54.992125919887,78.6275577545166,41.1951567777773,47.406031274388,74.2108863008433,5.72998774242298,66.4687629947817,0,11.2292900875003,0,77.8792974530488,15.2822251783628,38.8242104318407,96.504399617513,0,133.711578369141,40.550880241394,73.1606788635254,13.3422805321923,70.048993817803,11.3768472985818,0,104.059225082397,105.854810078939,35.467696295643,72.763830906745,51.8756203904714,0,113.586293538411,69.6930717566075,65.1592814399306
0,0,0,0,19.7318562401666,0,0,0,0,95.4870452880859,0,0,25.6402769997006,0,0,0,0,0,0,0,147.263275146484,0,0,0,0,0,0,0,113.188045501709,0,0,0,0,0,0,24.4227160155543,101.625289916992,76.4934291453497,73.4773777553013,11.559148106249,103.796629224505,17.6681805638139,14.1359501337427,16.8772197118873,66.4687629947817,8.17223576132136,132.511154174805,14.315450129492,0,34.3461109701771,56.2190100725959,74.8961659749349,86.4848285251194,0,0,11.8967482453637,60.3346996688843,82.0002246655916,58.5270735650854,37.5285872139225,0,83.4580939964012,95.1912930806478,21.8015516366134,70.7350577312005,39.0425057729085,0,105.53496333531,69.4430734634399,73.3199409331484
0,50.7340082914933,0,34.6593748254979,0,0,0,0,0,0,0,54.5066734313965,0,50.5658283233643,0,0,0,0,76.7802047729492,79.9689254760742,0,0,0,0,0,39.5673549958389,64.4883533053928,73.3709144592285,0,0,0,0,0,0,0,0,47.6159643643144,60.3246774673462,36.9574447059631,0,0,49.5143013000488,111.601081848145,65.6072463989258,0,132.511154174805,7.12496006620233,0,12.9421695767294,174.315673828125,53.1081466674805,112.105712890625,45.6322018789208,6.86662677578548,23.0163068172314,0,75.740909576416,0,56.4987550215288,0,21.9376899452785,23.1396173195583,29.2562596675543,0,31.0935077667236,0,10.729048173602,48.3720016479492,0,18.641541059703
0,0,0,41.1070938110352,17.7152082706565,0,43.953670501709,0,119.734260559082,62.3124802907308,41.8686283535428,0,8.3872137409077,0,0,0,0,0,0,0,7.32436655220148,0,42.462028503418,0,56.2079734802246,0,0,0,60.6740524985574,0,0,0,0,0,0,67.395048760079,0,163.251365661621,72.9334583282471,17.3582264031365,87.4877094087147,20.5054281464986,79.4748440944787,63.7531836573057,11.2292900875003,14.315450129492,0,9.17162810778967,0,71.5767268572033,11.6759263533358,0,0,0,0,12.4404113523467,116.635948181152,32.1658042907715,138.525057220459,19.9767854511871,0,143.074244181315,144.881118774414,38.27650018711,74.2139636985369,112.879954020182,0,97.9140930175781,83.5405525996767,72.2305131205447
0,0,0,31.6642186641693,0,0,0,0,0,0,0,54.3339309692383,0,0,0,0,0,0,0,0,0,0,0,0,0,38.678152402242,0,147.663284301758,0,0,0,0,0,0,0,0,51.3852170308431,135.072738647461,40.5704396565755,0,0,0,0,0,0,0,12.9421695767294,0,5.72436889726182,0,0,0,56.9526554107666,40.658932156033,44.9201641236997,0,66.1532363891602,0,74.357795715332,0,12.7107745770252,24.6434307558435,21.8606254153427,0,0,121.252174377441,6.59766449998653,0,0,33.6194472100751
0,0,0,88.4785130818685,0,0,0,117.873031616211,0,0,0,0,92.3421115875244,0,0,0,0,0,0,0,0,0,0,0,139.507095336914,0,0,0,0,0,0,0,0,0,0,10.1169992588849,120.009735107422,102.387830349115,79.6344652175903,84.808367767334,28.2326189115644,28.8892595363787,16.9068982296708,13.1900499374754,77.8792974530488,34.3461109701771,174.315673828125,71.5767268572033,0,6.34568579554309,37.0718154907227,98.8233604431152,108.511689503988,0,118.65348815918,75.7253673158843,81.6419163097035,112.292680422465,82.6238396024704,70.0435195260205,0,106.698857160715,115.490128539329,68.6454709910383,12.3460181825933,63.5613992939825,0,13.3832674746134,29.5382253707401,31.0476468215502
0,0,0,0,0,0,0,0,0,65.4502182006836,109.847236633301,0,56.216157913208,0,0,0,0,0,0,0,0,0,0,0,80.2512893676758,0,0,0,0,0,0,0,0,0,0,106.650108337402,0,0,0,60.5704242481905,12.4189121263313,11.7801153335906,64.9335922665066,26.0500308965986,15.2822251783628,56.2190100725959,53.1081466674805,11.6759263533358,0,37.0718154907227,7.60813525869372,0,0,0,0,41.2090594437871,0,0,98.720043182373,52.9572237477158,0,0,0,70.881894048055,34.1256917737565,0,0,44.9651496284886,0,36.0402938888187
0,66.6168327331543,94.5522079467773,0,0,0,0,0,0,0,0,0,0,0,0,0,0,0,0,0,0,0,53.4623413085938,0,0,0,0,149.014701843262,0,0,0,0,0,0,0,77.7945273263114,64.9115468151165,63.0610008619696,53.9481575577347,0,0,98.8967463175456,60.0584268726286,87.5034414018903,38.8242104318407,74.8961659749349,112.105712890625,0,0,98.8233604431152,0,13.8353957424446,77.6024277785729,0,89.546802520752,0,19.6218789377272,30.9915357976828,14.4343359782105,23.3090985518568,73.6530965169271,73.5102777743558,21.7032904137474,19.9892425949775,76.7339665095011,40.5591326782227,0,0,54.1106185913086,48.7917043685913
0,66.1369075775146,96.4077301025391,55.855893029107,0,0,0,0,0,0,0,0,0,0,0,0,0,101.853481292725,0,91.9199935913086,0,0,62.9123713175456,0,0,68.9559097290039,101.765232510037,97.0594581604004,0,0,0,0,0,0,89.3302764892578,83.7259497969118,38.0308883079263,26.5295497241938,43.2188954068045,0,0,132.415744781494,72.4801437080681,118.015441894531,96.504399617513,86.4848285251194,45.6322018789208,0,56.9526554107666,108.511689503988,0,77.6024277785729,9.31152250427978,44.6438179016113,12.433271300755,0,27.4055669270776,65.2062052574711,13.51026419492,93.889156765408,34.7774186911562,19.3016466570333,51.1752930371751,75.8225895525461,86.7701925058834,55.1975764500759,0,0,94.6219429439969,27.5011379302038
0,0,0,0,0,0,0,0,0,0,0,0,0,0,0,0,0,0,0,0,0,0,0,0,0,0,0,0,0,0,0,0,0,0,0,0,0,0,0,0,0,0,0,0,0,0,6.86662677578548,0,40.658932156033,0,0,0,44.6438179016113,4.90990869848137,7.98430204886544,0,0,0,0,0,43.0955934524536,9.98163770938509,43.5430610656738,0,0,0,0,0,0,54.0016369819641
0,73.4652576446533,108.521591186523,60.84704246521,0,0,0,0,0,0,0,65.5050277709961,0,0,0,0,0,118.68293762207,106.094890594482,100.214424826882,0,178.777145385742,66.3402633666992,121.125625610352,0,65.0345090230306,95.0825080871582,86.1160630850956,0,0,0,0,0,0,96.563648223877,95.6026856558664,41.6834709824634,42.8612245333077,43.0156341115381,0,0,0,89.1514261419123,74.1792526245117,133.711578369141,0,23.0163068172314,0,44.9201641236997,118.65348815918,0,89.546802520752,12.433271300755,7.98430204886544,7.45436662101282,0,48.0611145782471,77.9972196725699,32.391142486694,116.959841410319,38.4146704058157,20.665323471331,43.4804426920783,88.1745307228782,97.9534998575846,72.0461190768651,53.7570669991629,0,107.11331431071,40.664060809187
0,0,0,94.6425476074219,13.1997456453942,0,164.238479614258,0,143.338409423828,88.9619674682617,167.797454833984,0,13.5910833615168,0,0,0,0,0,0,0,0,0,77.3607177734375,0,0,0,0,0,111.810333251953,0,0,0,0,0,0,62.74411950288,0,166.587448120117,76.4620456695557,9.87120052857193,109.615665435791,37.4741955604959,66.8908629501075,68.5523730004457,40.550880241394,11.8967482453637,0,12.4404113523467,0,75.7253673158843,41.2090594437871,0,0,0,0,6.91417287379855,103.731931050618,99.6665852864583,125.508795166016,20.0270379795734,0,131.140014648438,0,22.3883987262072,77.0264171745204,99.4444961547852,0,102.968852996826,76.7759531047982,75.9251613232176
0,59.9634628295898,96.2582244873047,81.2734909057617,0,0,0,0,0,0,0,0,0,0,0,0,141.045272827148,0,0,0,0,0,81.4988174438477,104.719696044922,0,0,140.4833984375,97.2433624267578,0,0,0,0,0,0,0,65.7200869703845,67.0563891428822,40.1987319084314,72.8866586396188,106.207794189453,0,108.435068766276,49.2733105710037,85.5792229392312,73.1606788635254,60.3346996688843,75.740909576416,116.635948181152,66.1532363891602,81.6419163097035,0,19.6218789377272,27.4055669270776,0,48.0611145782471,103.731931050618,7.94062012853039,43.2043356715451,20.689436721402,58.2863550427112,0,62.0327364254347,59.9690456601604,17.6525419044966,25.8600005308787,15.1276571945592,0,0,66.9204331831499,36.1973919635075
0,34.1457428591592,45.2804179661711,29.4368454615275,0,0,0,170.792877197266,137.541702270508,0,0,0,38.2181663513184,0,227.190200805664,0,77.4348983764648,64.9771295435288,0,78.9313621520996,0,67.9634323120117,5.94014645758129,63.3930144309998,50.6059265136719,78.7292404174805,57.9641909715606,57.5761395852397,0,106.068775177002,110.200542449951,0,0,102.069370269775,76.438031060355,95.9749870300293,13.8188032096998,35.1389794519456,15.5574678085684,78.2777824401855,0,131.638870239258,80.5416798457921,109.122413635254,13.3422805321923,82.0002246655916,0,32.1658042907715,0,112.292680422465,0,30.9915357976828,65.2062052574711,0,77.9972196725699,99.6665852864583,43.2043356715451,6.02870214920734,30.9093745823066,11.0693283697869,66.6158332824707,59.3762797526824,27.4715881844763,40.5494630142738,102.282532691956,49.3568437793183,0,0,103.395843505859,49.5295154458672
0,59.5378370786968,89.7094483148484,69.0426400502523,0,0,0,0,0,0,0,121.158203125,0,0,207.278213500977,0,0,94.1507066999163,0,0,0,125.964385986328,45.6459860120501,103.011393737793,0,0,101.945404815674,91.0266773826198,0,163.649322509766,159.64729309082,0,0,0,120.632225036621,74.4561736560259,53.6507604423611,22.5017297618317,58.1766445494535,94.5844612121582,0,115.267345652861,56.7463387536442,86.5794735395839,70.048993817803,58.5270735650854,56.4987550215288,138.525057220459,74.357795715332,82.6238396024704,98.720043182373,14.4343359782105,13.51026419492,0,32.391142486694,125.508795166016,20.689436721402,30.9093745823066,11.1786301974165,57.5702389795486,76.4926686286926,39.5235135397793,30.1946389917796,31.1748405022571,83.7396519417215,35.1573782698268,0,0,87.6350413192937,39.0356026985961
