9.54648673010104,118.830132620675,94.9850811037619,78.9853021833632,91.2367548624674,78.4146325588226,73.3867177718725,39.3102462078085,47.6497203505392,74.3243716795053,50.0486512992008,114.858042850673,103.469799804687,136.725761413574,17.9679257475584,133.320051193237,93.6247209821429,89.9161646826634,124.509817806291,107.692294550877,96.9711091783312,69.1015419195626,71.3222895728217,81.7796329976888,83.2558776025493,153.682060241699,113.581543629964,119.278812492683,77.5322144127995,16.957788365877,31.6433640509939,0,79.8685816322885,38.9429451276178,64.1484806204742,144.245124816895,0,147.64281463623,99.7892596905048,0,0,161.419199625651,155.764747619629,160.086199951172,88.5503506867782,159.744552612305,0,0,218.194465637207,180.306421279907,0,129.169822692871,0,0,0,0,154.456271362305,90.1591618855794,164.785813649495,130.892395019531,0,181.018672943115,169.574447631836,138.342846484894,167.532490539551,153.626460735614,0,236.630874633789,147.207298278809,143.05903116862
118.830132620675,8.83546215323626,39.0097344939242,19.0586264558136,0,123.6533203125,140.069381713867,121.628249867757,153.911297137921,67.5710483040921,119.718149820964,65.4075938687466,0,48.9158014960038,134.096211520108,109.491458347866,64.1431403795878,51.8185411015412,64.2407961677102,51.0974827063711,0,88.9352122715541,26.76385898237,62.828361712004,90.7662815702134,24.918043222389,41.7686736631258,29.4936771471782,108.887910532397,111.605952718984,101.440231323242,66.6847064154489,116.271961212158,90.4176983303494,65.4947673099142,0,98.9294815063477,89.027991771698,44.4504561549739,0,0,142.020126342773,127.365496317546,0,0,150.008941650391,0,187.422622680664,82.2893221928523,0,0,0,84.8822622299194,99.5135726928711,90.7241363525391,0,88.4501724243164,104.023619333903,107.00620174408,117.335018157959,52.4969915502212,86.3744948013969,81.4553989531502,169.561917114258,129.597839355469,0,83.9737434387207,0,0,104.098445892334
94.9850811037619,39.0097344939242,14.0370871506457,46.6094795356234,117.596320561,143.126262889189,126.796806756552,94.99350483605,113.920160317571,107.013805620598,105.272960627586,79.9042246777419,141.644418988909,86.8594798800311,107.311659307626,123.034065246582,74.8756714946819,38.4324873377856,75.753940750218,60.8187989442245,132.623901367188,58.4700487193467,57.8013410866261,29.0758501852865,101.385528376999,71.2472506436435,31.9278160853373,35.1968975674112,79.967949191588,119.58971862225,80.8169403462895,84.7579452760758,138.561570936634,100.380898720878,64.9867983970278,169.12882232666,93.9942081996373,90.0685409849795,49.3775161187993,0,0,185.461380004883,150.387268744575,180.132494245257,144.078998565674,164.922456741333,168.828941345215,0,141.350494384766,168.152408599854,0,119.141863098145,102.063016476838,122.367558797201,116.118793861539,0,134.329319254557,90.2862976921929,104.960746350149,154.498554774693,124.561058044434,104.780181815407,91.0108846233242,154.812459242971,186.569365365165,145.328017290901,118.393117904663,0,140.687881469727,106.161794753302
78.9853021833632,19.0586264558136,46.6094795356234,21.4047151583212,57.3620548248291,112.795087814331,87.8261701410467,65.282268686141,83.7079047861025,18.2614411825111,77.9958052115865,75.2104820700253,77.3844359902775,54.6533022700129,88.2125678734769,60.8952977107121,54.6490397850672,56.7623380374357,70.7360225634629,51.7321601639145,70.4472287495931,63.9089413415818,30.6541990003974,68.0995828919492,42.2298379711371,28.8593192283012,46.2044954878412,39.562690047812,54.3619530151727,80.7798192659499,63.3433642576293,59.0683534795588,123.604725108427,62.8960314599153,72.4653349862972,84.0087467691173,79.0206400553385,84.2913869222005,16.460230947238,169.718109130859,0,94.1371785944158,75.3802649347406,89.6927823153409,13.403604630268,87.3070842197963,65.6080207824707,119.228302001953,52.2302523612976,107.695300487762,101.060943603516,0,66.0205106735229,87.5449860890706,90.5511847103343,89.0855712890625,92.2480742714622,17.3198207461316,123.897844167856,60.8646560636201,20.609972509719,69.2364168167114,66.8437103366259,70.5963511495195,91.9494874243643,84.1513397043402,64.0535888671875,132.081588745117,79.0536127090454,90.2862803867885
91.2367548624674,0,117.596320561,57.3620548248291,9.10055602759284,104.786907958984,74.9799093965624,44.8655852085095,89.0888519036142,36.0936529903804,21.5844034318817,141.184278215681,21.1626042437941,0,97.4424454300492,53.53673127357,79.4097671508789,143.640767415365,176.617095947266,161.055201212565,12.6424511979553,116.373480224609,65.2220718860626,118.247333179821,16.1025996039097,0,154.468733978271,128.213639831543,19.1238109460554,92.0109688473731,111.372026062012,0,141.499504937066,75.221145235259,90.4523737142374,145.722206115723,0,181.923454284668,103.594241550991,13.3426140140629,0,137.477571396601,118.745333763861,146.626405154957,73.3362977239821,127.134854282893,0,71.876015535215,0,166.265174172141,77.8940095901489,145.307083129883,0,0,0,42.4208197306588,0,0,0,93.8131272357443,0,232.498916625977,174.874557495117,111.953593648541,160.611128489176,179.645721435547,0,0,139.475219726562,172.244293212891
78.4146325588226,123.6533203125,143.126262889189,112.795087814331,104.786907958984,7.19540099374144,9.43779420136752,109.139930725098,19.8706821449574,62.1949448358445,96.2020775874456,50.7158663376518,63.6784113370455,79.7497254943848,40.4962152353342,11.0414311055501,0,109.513560244912,95.7325801849365,115.007706324259,96.7888450622559,113.44687538147,97.1348533630371,133.937798500061,80.0590731302897,167.638977050781,91.7624615260533,111.945318276542,122.185702732631,25.2489282705122,108.988309542338,211.107223510742,11.1088751276056,65.0649147033691,32.2080165258729,0,0,0,0,0,0,240.601570129395,195.935312906901,215.446098327637,118.1083984375,210.285079956055,0,139.08984375,0,215.935424804688,0,0,0,0,140.778411865234,182.886627197266,0,0,0,172.019927978516,0,0,0,162.626289367676,243.586151123047,0,0,0,0,206.521881103516
73.3867177718725,140.069381713867,126.796806756552,87.8261701410467,74.9799093965624,9.43779420136752,9.94377898438889,56.7193380290193,18.2194145777837,75.1617138659368,34.1138310282756,73.5200941913533,25.9840146794582,100.918643951416,42.6998243091465,12.9542148657592,141.488356018066,134.940184684422,146.442595999581,140.469693183899,56.3256858566246,108.452850341797,105.254551866319,120.349442239043,75.4390217543995,101.164108276367,148.757687920018,139.450382132805,69.942208975934,51.6510546142135,97.8196898646325,150.596757368608,21.0330561554208,98.8828340895632,62.2436874544663,176.386390686035,0,201.186803817749,126.092340805951,147.751007080078,0,156.382751625463,142.10309773934,168.172932635297,112.013530883789,149.038576332298,239.286834716797,139.584561861478,0,176.007574123806,150.461135864258,160.06362261091,0,0,235.556251525879,145.188502947489,198.298772176107,123.085371017456,179.277648925781,131.524503719172,189.531458536784,209.510864257812,198.744944254557,146.11074852779,175.89176587091,176.251436233521,0,194.821075439453,184.612652587891,173.08300605187
39.3102462078085,121.628249867757,94.99350483605,65.282268686141,44.8655852085095,109.139930725098,56.7193380290193,10.0139421818178,53.2575818281922,58.6330599758409,23.7564619147913,142.346857507545,53.5389966829128,156.736692810059,44.8180680157365,83.212489973824,100.652832737675,119.936076925435,147.560653979962,138.220318813982,69.6847776031494,69.635626867469,78.0611602355694,82.0024199566371,53.9495892008436,0,128.725028893677,114.515374172256,36.3054221570551,76.3069902391857,22.6912673095324,157.607366708609,117.182997894287,70.4030142121643,83.4186110747823,145.618548075358,166.073783874512,164.972686767578,104.401968803959,131.809316552204,166.225692749023,142.707196289062,124.119457170075,151.412029541645,85.5592786153158,135.651806061281,219.898406982422,131.419178644816,0,158.091061262651,165.380208333333,143.354587554932,174.812903267997,185.318374633789,194.159202575684,134.506755921899,168.35149230957,109.103115962102,158.221099044337,112.246193470879,0,191.262958780924,157.071833003651,128.423676492956,157.655226927537,144.531801663912,0,0,141.440374521109,149.485780129066
47.6497203505392,153.911297137921,113.920160317571,83.7079047861025,89.0888519036142,19.8706821449574,18.2194145777837,53.2575818281922,10.2411528931341,86.2763158908883,31.2297403375366,82.78464112027,79.654562794885,104.117296291303,19.8542766008276,39.0769905935985,115.025492216411,123.234098382003,138.988085396682,134.318871861739,89.8034979550893,96.3159873167674,96.2588447801995,103.120396644049,85.0161792329986,108.701495579311,135.292971079935,133.069151458318,85.8202940291474,27.4609829373094,73.5820261791733,149.824466069539,17.4419832934149,85.3372460167007,59.9363017968229,163.449134563578,172.598434448242,185.098036193848,116.129849897112,154.133056640625,0,172.384361613881,151.302608714384,171.870723259158,109.047324419022,158.064424257021,211.360076904297,150.114097595215,139.952819824219,179.435721261161,155.622665405273,160.798817952474,0,155.427429199219,206.344005584717,158.362869262695,161.509014892578,133.297106424967,197.996168656783,134.310572062453,136.188674926758,0,188.962148565995,150.459701565334,175.732091311751,160.235055106027,0,0,160.95218234592,172.950864691483
74.3243716795053,67.5710483040921,107.013805620598,18.2614411825111,36.0936529903804,62.1949448358445,75.1617138659368,58.6330599758409,86.2763158908883,8.30151068000445,68.2091579514269,137.556159190643,20.6065528428916,112.434341743665,89.1794941439266,21.272300165296,47.1081429600716,126.684452783494,137.734256267548,135.094152178083,39.5781059331364,104.010888126918,23.0895597885423,113.161066436768,20.8892601771421,96.4092986224449,120.904800553755,94.5232769426597,52.0563196877951,79.1984694066911,63.1480382101876,141.449897766113,120.633003234863,66.2183334053337,84.1116253245961,80.1861267089844,0,139.716751098633,118.779462814331,83.4938499450684,0,106.948269314236,93.0871212005615,167.925934927804,31.9019785892396,100.12976554588,151.031661987305,81.8208115895589,133.968128967285,125.970901489258,57.1156327383859,0,0,0,155.581588745117,97.6108348552997,0,65.8925552368164,159.582677841187,68.1356012993252,121.173838101901,156.449777603149,150.300535763011,105.404610720548,134.629978179932,133.01061630249,163.956512451172,0,83.4090347290039,114.275091552734
50.0486512992008,119.718149820964,105.272960627586,77.9958052115865,21.5844034318817,96.2020775874456,34.1138310282756,23.7564619147913,31.2297403375366,68.2091579514269,12.5332987974136,134.389953249977,22.0319817860609,155.433641132556,40.6924355782536,79.1127942748692,97.7696512010362,136.019342588342,161.653304100037,155.701133219401,18.6043763676469,80.116525851979,94.5328982256461,91.2613116927066,60.3741036381862,148.144378662109,138.827364871376,135.722380747561,35.0479248198223,85.9082042764534,65.8180207503469,162.888007424094,114.621189225395,76.3685979167307,88.1624302226827,159.781362915039,0,183.291530064174,101.528460895314,91.2879858518902,0,149.654737246545,132.863543608694,160.127732137044,97.0435244473544,145.682100542424,0,132.039292391609,193.915542602539,168.848690610943,141.738089821555,147.249816894531,197.829605102539,0,179.916061401367,142.117607116699,163.311424255371,119.593827819824,188.222171783447,117.140927108941,181.829162597656,196.002965291341,180.854132843018,143.480085776271,172.476464888629,174.497972215925,0,223.141250610352,175.658248901367,181.827659158146
114.858042850673,65.4075938687466,79.9042246777419,75.2104820700253,141.184278215681,50.7158663376518,73.5200941913533,142.346857507545,82.78464112027,137.556159190643,134.389953249977,13.290935372116,145.288222312927,24.8495612716527,82.562144137381,52.0379371643066,123.485108947754,48.3350782483928,27.0367411842489,27.1954803769327,142.156294686454,99.8396435523218,97.5204181671143,82.3097435768614,152.057448420031,40.8108545161072,33.0509757160428,62.1883092939914,148.774231234464,66.9635326811514,114.351562601052,32.7206381446838,54.1117401585599,93.693906353366,25.2809382460553,0,104.030813429091,143.720564100477,91.8556900024414,0,0,0,152.221832275391,144.895706176758,140.510925292969,211.268966674805,91.0383542378743,0,78.2810524142518,241.807243347168,0,220.396697998047,133.261260986328,99.4382041931152,110.898703511556,0,198.491790771484,148.63818359375,156.804931640625,190.462046813965,66.5740024342256,100.569458594689,99.4305649632993,196.142031351725,239.336086273193,0,97.4769458770752,0,0,112.126502990723
103.469799804687,0,141.644418988909,77.3844359902775,21.1626042437941,63.6784113370455,25.9840146794582,53.5389966829128,79.654562794885,20.6065528428916,22.0319817860609,145.288222312927,11.3680479026315,131.659255981445,104.391572889391,14.7624415817114,0,172.26921081543,0,0,15.6108799187391,106.91162109375,96.4592380523682,0,30.1179351821178,0,171.678290049235,131.561823758212,43.894971590335,101.757689208984,123.157333374023,0,117.830261230469,88.8752059936523,98.6648192056795,184.791290283203,0,0,0,40.5035556656249,0,78.0792982954728,131.249905700684,163.428591918945,65.6922078132629,97.3693247437477,0,15.0847305742319,0,127.007977803548,62.7212526533339,0,0,0,0,18.2198331545586,151.59455871582,138.436019897461,190.478317260742,105.674086749554,0,180.028625488281,0,126.70286662543,132.860109965007,168.512359619141,0,0,153.981048583984,135.062665939331
136.725761413574,48.9158014960038,86.8594798800311,54.6533022700129,0,79.7497254943848,100.918643951416,156.736692810059,104.117296291303,112.434341743665,155.433641132556,24.8495612716527,131.659255981445,8.53364455167345,104.646516591852,147.439168930054,108.000153541565,90.5098332264384,48.675518902604,63.216078636863,146.724873860677,145.833260345459,80.2611430599576,116.607681274414,140.399519757527,19.9118376243981,43.1085384588103,35.0424406642276,153.870562744141,93.5592252523592,149.615983072917,19.2687154051769,81.7244007043671,107.910255432129,56.6508101541639,0,78.9867820739746,132.235946655273,63.9877982304014,0,0,0,0,0,157.383365631104,219.253707885742,85.5788463592529,0,61.8326373552754,198.786285400391,0,164.974578857422,152.200653076172,74.9563417434692,123.994155883789,0,0,105.098543802897,0,150.46964263916,41.8661713369717,85.2848494875748,80.2248830072808,0,241.203887939453,0,85.7450613724558,0,0,102.156723022461
17.9679257475584,134.096211520108,107.311659307626,88.2125678734769,97.4424454300492,40.4962152353342,42.6998243091465,44.8180680157365,19.8542766008276,89.1794941439266,40.6924355782536,82.562144137381,104.391572889391,104.646516591852,10.3243114075175,67.8112934607047,108.356637954712,111.77481281927,135.42725136031,124.495480350826,99.25944318839,86.2542924610709,92.0628882698391,96.534701952418,92.9369382798297,124.343900044759,127.730222380453,129.795294240035,84.4207045222304,24.4983252663916,46.7864298352325,129.67966410319,24.2505626469506,62.1846746787047,56.6018937905112,168.760557475843,155.818603515625,183.708812366832,129.898480029816,204.957595825195,0,177.230875651042,167.213481140137,180.910309210056,106.772247467041,184.154319500101,211.240692138672,234.883979797363,161.065460205078,180.639774799347,0,161.938133239746,184.358551025391,151.407943725586,171.042175292969,0,145.999704742432,105.021443367004,176.165269739488,144.265106345805,0,175.452285766602,176.020192314597,153.453338119584,176.360312641531,157.290115356445,0,0,166.414600626628,167.043977217241
133.320051193237,109.491458347866,123.034065246582,60.8952977107121,53.53673127357,11.0414311055501,12.9542148657592,83.212489973824,39.0769905935985,21.272300165296,79.1127942748692,52.0379371643066,14.7624415817114,147.439168930054,67.8112934607047,7.41538685723369,98.449535369873,159.364128112793,0,0,45.6509173413118,122.644205729167,69.7957712809245,133.838255882263,39.329369764666,135.858898586697,150.036168416341,131.251734014143,78.8644481805655,97.1758278438023,102.799018859863,167.789657592773,35.3354451901445,100.667689930309,110.548276689317,0,0,0,0,94.0249633789062,0,0,135.454544067383,191.132827758789,58.4892838217995,109.079406738281,0,61.2412821451823,0,239.414474487305,66.1600694656372,168.543075561523,0,0,0,85.2608947753906,0,96.8979568481445,0,95.2876589457194,0,0,199.805839538574,122.017501831055,163.47917175293,0,0,0,0,0
93.6247209821429,64.1431403795878,74.8756714946819,54.6490397850672,79.4097671508789,0,141.488356018066,100.652832737675,115.025492216411,47.1081429600716,97.7696512010362,123.485108947754,0,108.000153541565,108.356637954712,98.449535369873,11.3346984466403,96.8538431913956,137.125568934849,106.772073012132,0,25.0002316784896,24.7112140663703,18.8315819142644,29.2734864530806,104.838593482971,105.106427360983,30.1912974726039,39.5351798833294,92.4558270772298,70.2431118208318,0,0,56.8436225088019,70.7727286108609,0,0,118.891525995164,58.2313611684752,140.14501953125,0,0,137.904467264811,0,0,0,166.158843994141,0,0,127.201976776123,0,91.821158050209,120.441276550293,182.327972412109,129.518417358398,0,107.419982085357,50.8427095513595,99.2070275460195,110.827895573207,130.339599609375,161.151500701904,100.894637862496,122.955278608534,134.891577402751,119.094115600586,0,0,0,116.076676761403
89.9161646826634,51.8185411015412,38.4324873377856,56.7623380374357,143.640767415365,109.513560244912,134.940184684422,119.936076925435,123.234098382003,126.684452783494,136.019342588342,48.3350782483928,172.26921081543,90.5098332264384,111.77481281927,159.364128112793,96.8538431913956,10.6726907012161,47.8968099665238,19.7668801063364,160.23371887207,51.5450101327664,85.6074739113832,30.8352013074639,120.310774357199,79.4804943226002,39.4766459346677,61.7533052070181,113.741580457811,94.9461933745584,73.080385387666,86.7275569982696,126.847999085771,70.9637097511583,40.3255142149225,175.038360595703,89.2397842407227,106.535265995906,69.4933388814972,0,0,205.924357096354,162.286468505859,0,0,192.227783203125,123.781438827515,0,130.1355565389,179.935095214844,0,146.103672790527,106.951463699341,135.508471679687,133.532644329649,0,156.142375946045,120.262307848249,132.396362050374,165.263068565956,105.671443939209,110.870709937388,104.440615572248,186.54940359933,203.297219412667,161.487394853072,143.383178710938,0,0,130.829674857003
124.509817806291,64.2407961677102,75.753940750218,70.7360225634629,176.617095947266,95.7325801849365,146.442595999581,147.560653979962,138.988085396682,137.734256267548,161.653304100037,27.0367411842489,0,48.675518902604,135.42725136031,0,137.125568934849,47.8968099665238,8.76308120639289,22.6591039559913,170.938438415527,103.297775115967,102.627233505249,89.3764381019437,157.166930236816,44.3095511499728,40.7927607298391,61.5611513545475,152.583787645612,112.754265467326,118.072997037102,45.9384652483546,99.1263124332872,104.206822395325,61.2119255457303,0,92.4708413018121,129.600067138672,93.6819437930458,0,0,0,216.062240600586,0,148.345756530762,0,110.483074733189,0,89.24876896928,222.610794067383,0,0,138.167585372925,104.084310150146,108.711558024089,0,204.540649414062,121.738657633464,164.318135579427,179.334978739421,66.8477079354081,96.8774972707739,98.849496104657,0,200.497528076172,222.946174621582,115.861729431152,153.072326660156,0,127.727648735046
107.692294550877,51.0974827063711,60.8187989442245,51.7321601639145,161.055201212565,115.007706324259,140.469693183899,138.220318813982,134.318871861739,135.094152178083,155.701133219401,27.1954803769327,0,63.216078636863,124.495480350826,0,106.772073012132,19.7668801063364,22.6591039559913,10.298309711973,176.152399698893,72.0345342533261,94.1841533588913,55.9565010906838,132.482071921939,45.2639913420746,33.0834055365776,61.0751028336625,141.286352363,99.6569577672048,94.2409945753885,57.0803664602884,85.806444829824,84.2117989710135,48.1527834957469,167.553695678711,107.703678131104,107.147321510315,71.1186475860939,0,0,0,170.606281280518,244.363540649414,142.434995015462,196.234008789062,124.836535862514,0,102.005009737882,169.817825317383,0,189.452262878418,112.701914469401,98.6426243782043,107.533868349515,0,127.778747558594,109.347407531738,151.845989772252,163.607791137695,69.3152214686076,98.3078596240978,98.2211394124217,192.011520385742,184.123362223307,176.360702514648,114.265335083008,0,177.821014404297,118.23289642334
96.9711091783312,0,132.623901367188,70.4472287495931,12.6424511979553,96.7888450622559,56.3256858566246,69.6847776031494,89.8034979550893,39.5781059331364,18.6043763676469,142.156294686454,15.6108799187391,146.724873860677,99.25944318839,45.6509173413118,0,160.23371887207,170.938438415527,176.152399698893,8.62924330049582,109.324993133545,80.3965129852295,163.847365243094,24.5866854887685,0,181.729167938232,148.047231292725,28.7020731178634,99.0435920469223,126.459888458252,0,130.920965194702,78.9758196744052,94.1530396277163,160.556213378906,0,0,80.176872253418,13.6031834509268,0,124.311426734924,136.04065246582,141.799903106689,85.1212793496939,124.443383668598,0,18.9341893586029,0,199.127838134766,64.3831748962402,0,0,0,0,22.3815655804644,0,120.039825439453,0,104.043268994587,0,0,181.800491333008,114.829359176311,125.486999511719,160.566146850586,0,219.271987915039,0,186.474700927734
69.1015419195626,88.9352122715541,58.4700487193467,63.9089413415818,116.373480224609,113.44687538147,108.452850341797,69.635626867469,96.3159873167674,104.010888126918,80.116525851979,99.8396435523218,106.91162109375,145.833260345459,86.2542924610709,122.644205729167,25.0002316784896,51.5450101327664,103.297775115967,72.0345342533261,109.324993133545,13.1267375952853,55.2643856336124,29.8866042160497,65.6390494760576,139.755330403646,97.7588437335326,78.2006514878852,32.8619692977135,67.4883700891623,31.7517400917635,146.527938842773,116.229423999786,41.0572840691706,38.380943269335,136.580383300781,0,134.047444152832,71.8720380047846,0,0,0,142.106270345052,196.754913330078,91.8394361223493,144.765121459961,188.104125976562,0,0,175.193908691406,0,111.619124964664,0,0,191.097946166992,0,113.982090783498,67.3681916403114,124.895068891121,124.748108386993,0,151.082339695522,126.843047151861,126.300783556561,144.24497461319,120.811320418018,0,0,147.501441955566,123.273414611816
71.3222895728217,26.76385898237,57.8013410866261,30.6541990003974,65.2220718860626,97.1348533630371,105.254551866319,78.0611602355694,96.2588447801995,23.0895597885423,94.5328982256461,97.5204181671143,96.4592380523682,80.2611430599576,92.0628882698391,69.7957712809245,24.7112140663703,85.6074739113832,102.627233505249,94.1841533588913,80.3965129852295,55.2643856336124,8.73444443768736,51.2108162583123,27.7881983066116,63.3438629866794,83.464418550817,41.4691350109472,56.3203209892334,76.4770771253819,58.7233392089563,87.868161882673,129.045640945435,55.4388331692628,61.0570610335895,94.9033748081752,97.6920394897461,95.2636540730794,44.0781804853015,0,0,0,108.840438524882,133.335232543945,9.23179438371738,110.202642440796,225.138229370117,0,101.812589645386,102.273487091064,147.310028076172,54.0070574100201,102.377629597982,121.669631958008,132.941354751587,0,78.763799349467,15.8819199540288,67.5070819854736,67.7538490797344,89.9064969149503,117.019697189331,105.528842462076,84.1691512174385,111.389060338338,72.094789003071,121.401824951172,0,61.9673376083374,104.627174854279
81.7796329976888,62.828361712004,29.0758501852865,68.0995828919492,118.247333179821,133.937798500061,120.349442239043,82.0024199566371,103.120396644049,113.161066436768,91.2613116927066,82.3097435768614,0,116.607681274414,96.534701952418,133.838255882263,18.8315819142644,30.8352013074639,89.3764381019437,55.9565010906838,163.847365243094,29.8866042160497,51.2108162583123,16.3027778698843,63.6197973688183,108.549301147461,66.856033169382,44.5459623463132,56.7258010397893,94.0306950761767,55.7934542719877,112.950505937849,137.636940712153,65.8974289444258,50.1315425540601,161.130510965983,131.324882507324,103.143821136663,62.1848107618807,200.135009765625,0,168.524973551432,156.351795591157,170.720170084635,134.621431350708,177.198172936073,140.3837890625,0,163.450149536133,180.81384738656,0,102.051403323693,122.172811417353,153.70719909668,152.93407162753,0,126.431649909829,64.1605671865898,108.20863834302,141.435786027175,0,133.976832362584,99.1849354603251,145.518900433709,178.91030482242,135.224966350355,145.116622924805,0,0,116.461660033778
83.2558776025493,90.7662815702134,101.385528376999,42.2298379711371,16.1025996039097,80.0590731302897,75.4390217543995,53.9495892008436,85.0161792329986,20.8892601771421,60.3741036381862,152.057448420031,30.1179351821178,140.399519757527,92.9369382798297,39.329369764666,29.2734864530806,120.310774357199,157.166930236816,132.482071921939,24.5866854887685,65.6390494760576,27.7881983066116,63.6197973688183,11.2716818102223,121.341418085872,131.713821284679,77.1745427104823,18.6442727298691,81.7375988129767,72.7446917157499,157.783148956299,136.357155863444,68.4623439234405,82.1085837684543,131.695393266349,0,154.082223765055,85.1918727719054,104.419513543447,121.540721893311,127.540092326099,111.351493281177,138.112271011255,59.3832869976759,115.732177302522,196.436457316081,105.307067447238,181.065444946289,146.792635797297,76.0564876903187,122.945561000279,176.385780334473,163.687454223633,177.311717987061,108.613755248314,129.884870389613,78.5303059418996,138.578039820054,92.1381907100795,0,166.371679517958,150.924148813883,111.256128265028,139.508705530411,125.114472302524,0,198.259740193685,127.81943658682,134.692831636679
153.682060241699,24.918043222389,71.2472506436435,28.8593192283012,0,167.638977050781,101.164108276367,0,108.701495579311,96.4092986224449,148.144378662109,40.8108545161072,0,19.9118376243981,124.343900044759,135.858898586697,104.838593482971,79.4804943226002,44.3095511499728,45.2639913420746,0,139.755330403646,63.3438629866794,108.549301147461,121.341418085872,10.0605192792681,37.623371278086,27.9858427639754,145.102247384878,99.0065055847168,134.147115919325,41.503420481315,89.7338409423828,0,63.0605990011481,0,0,0,51.5171714109533,0,0,0,0,0,0,0,56.434965133667,0,48.4713008937551,118.399230957031,0,0,0,77.6005039215088,82.7491683959961,0,0,81.0922546386719,0,173.35737991333,25.4261882164899,70.198835627238,66.2851604838948,184.214874267578,0,0,65.1947549184163,0,0,0
113.581543629964,41.7686736631258,31.9278160853373,46.2044954878412,154.468733978271,91.7624615260533,148.757687920018,128.725028893677,135.292971079935,120.904800553755,138.827364871376,33.0509757160428,171.678290049235,43.1085384588103,127.730222380453,150.036168416341,105.106427360983,39.4766459346677,40.7927607298391,33.0834055365776,181.729167938232,97.7588437335326,83.464418550817,66.856033169382,131.713821284679,37.623371278086,17.0127859891727,38.0729317185419,127.460064463638,111.977431061137,111.101750134102,30.6685705358639,99.5568020728327,105.793384148823,59.3285966022519,190.983755493164,90.9502292979847,99.1877853852466,63.5864488976633,0,0,193.391311645508,168.219058227539,169.479412841797,154.98424021403,218.209487915039,106.829063778832,0,83.9729972507643,183.71903522198,0,153.835372924805,103.908980074796,97.8740170975806,101.075913238525,0,142.545830408732,122.57449388504,134.89015367296,162.040993323693,60.6407817900181,90.0198740168249,91.2066013451038,190.964936392648,183.553649139404,147.538116455078,102.668536561908,124.126937866211,152.332717895508,117.270464098131
119.278812492683,29.4936771471782,35.1968975674112,39.562690047812,128.213639831543,111.945318276542,139.450382132805,114.515374172256,133.069151458318,94.5232769426597,135.722380747561,62.1883092939914,131.561823758212,35.0424406642276,129.795294240035,131.251734014143,30.1912974726039,61.7533052070181,61.5611513545475,61.0751028336625,148.047231292725,78.2006514878852,41.4691350109472,44.5459623463132,77.1745427104823,27.9858427639754,38.0729317185419,16.5426916159373,78.049566890668,119.244956815041,107.521663832856,38.3766097814165,107.477677815755,110.223312139511,68.0823438569309,167.115640740646,98.8780168294907,90.9756587830382,48.9615992012195,172.14527130127,0,190.275347391764,156.738436293328,171.525562395368,156.098749600924,160.504728618421,106.299306302457,0,83.3510756696391,167.688025649713,160.571601867676,114.092890394495,99.5046823272072,101.660498431348,102.901970655398,154.840713500977,131.436996702164,70.9353456752641,103.868209832085,146.696542379018,59.884217089501,93.5098397123116,89.626760141928,152.50007458737,181.373550068248,145.425791565801,98.9553896033246,146.204818725586,147.143098831177,111.956112491841
77.5322144127995,108.887910532397,79.967949191588,54.3619530151727,19.1238109460554,122.185702732631,69.942208975934,36.3054221570551,85.8202940291474,52.0563196877951,35.0479248198223,148.774231234464,43.894971590335,153.870562744141,84.4207045222304,78.8644481805655,39.5351798833294,113.741580457811,152.583787645612,141.286352363,28.7020731178634,32.8619692977135,56.3203209892334,56.7258010397893,18.6442727298691,145.102247384878,127.460064463638,78.049566890668,12.4161749637419,83.2712745929772,40.0382795619799,146.840940202985,132.374283629578,65.2390776181963,76.5053793932778,135.328251793271,0,147.930029805501,97.9044041019855,92.9367558328729,171.004608154297,145.110228123872,126.363452894863,153.20990923368,77.5975044087583,139.994648115652,203.770304361979,123.44930231249,0,158.334472309459,116.60632617657,130.352646789551,175.571153913225,180.702011108398,176.409225463867,121.75220957217,123.556114508181,84.7059625209063,138.757099738488,108.621887923148,181.221893310547,179.329937274639,144.107872766393,126.085697703063,147.286273298592,129.194274852802,0,201.232578822545,134.696282900297,142.88307150205
16.957788365877,111.605952718984,119.58971862225,80.7798192659499,92.0109688473731,25.2489282705122,51.6510546142135,76.3069902391857,27.4609829373094,79.1984694066911,85.9082042764534,66.9635326811514,101.757689208984,93.5592252523592,24.4983252663916,97.1758278438023,92.4558270772298,94.9461933745584,112.754265467326,99.6569577672048,99.0435920469223,67.4883700891623,76.4770771253819,94.0306950761767,81.7375988129767,99.0065055847168,111.977431061137,119.244956815041,83.2712745929772,10.3082338742324,26.0279401777531,133.511279602051,17.5279151351254,15.9014286218594,36.0588177418611,154.827088869535,161.049652099609,200.511574427287,118.670533106877,181.485443115234,0,182.056014506022,150.265788883358,175.997382481893,88.5020914559413,175.4585547814,237.205764770508,183.565475463867,0,188.633218129476,202.624404907227,133.485014597575,185.711357116699,223.452941894531,243.839294433594,189.348889160156,132.456802036451,100.271082232075,175.111711355356,136.88790659471,94.8265075683594,155.416952950614,163.488437016805,144.570969354539,167.10874386742,143.554463810391,171.613159179688,219.329467773438,160.226489796358,166.500036372695
31.6433640509939,101.440231323242,80.8169403462895,63.3433642576293,111.372026062012,108.988309542338,97.8196898646325,22.6912673095324,73.5820261791733,63.1480382101876,65.8180207503469,114.351562601052,123.157333374023,149.615983072917,46.7864298352325,102.799018859863,70.2431118208318,73.080385387666,118.072997037102,94.2409945753885,126.459888458252,31.7517400917635,58.7233392089563,55.7934542719877,72.7446917157499,134.147115919325,111.101750134102,107.521663832856,40.0382795619799,26.0279401777531,10.6653838210075,140.34682896932,116.457886886597,36.9940981575139,44.2348039610263,138.058866712782,0,154.793891652425,89.618127822876,0,0,157.54443359375,133.461648034268,163.460328754626,78.1166252644857,156.664553324382,198.526756286621,0,0,162.729466029576,0,113.535279846191,151.944447835286,183.390991210938,206.617458343506,0,123.526535370771,72.1507637841361,141.606172879537,118.406547546387,0,188.758583916558,153.999936734713,124.761614513397,146.951937189642,128.207673917941,0,166.331146240234,131.309674580892,137.785099376332
0,66.6847064154489,84.7579452760758,59.0683534795588,0,211.107223510742,150.596757368608,157.607366708609,149.824466069539,141.449897766113,162.888007424094,32.7206381446838,0,19.2687154051769,129.67966410319,167.789657592773,0,86.7275569982696,45.9384652483546,57.0803664602884,0,146.527938842773,87.868161882673,112.950505937849,157.783148956299,41.503420481315,30.6685705358639,38.3766097814165,146.840940202985,133.511279602051,140.34682896932,8.38999785793512,99.2620509754528,130.672653198242,81.1343928909302,0,91.4383850097656,126.868228912354,77.3982705010308,0,0,0,0,0,0,0,94.9195289611816,0,76.6365875244141,0,0,0,0,108.634817504883,111.167701721191,0,0,146.43416595459,130.982879638672,219.605972290039,58.1037741440993,94.6454414085106,94.2182712165677,0,0,0,90.7835960388184,0,199.532211303711,105.759346008301
79.8685816322885,116.271961212158,138.561570936634,123.604725108427,141.499504937066,11.1088751276056,21.0330561554208,117.182997894287,17.4419832934149,120.633003234863,114.621189225395,54.1117401585599,117.830261230469,81.7244007043671,24.2505626469506,35.3354451901445,0,126.847999085771,99.1263124332872,85.806444829824,130.920965194702,116.229423999786,129.045640945435,137.636940712153,136.357155863444,89.7338409423828,99.5568020728327,107.477677815755,132.374283629578,17.5279151351254,116.457886886597,99.2620509754528,5.12405119870372,73.8791338602702,36.267169190213,204.546997070312,0,0,0,0,0,209.865447998047,207.951522827148,230.843566894531,132.692047119141,206.04035949707,0,0,166.098617553711,219.421966552734,0,0,0,126.484153747559,0,209.505157470703,204.535095214844,0,0,186.436231340681,0,169.05394744873,157.344430287679,194.362831115723,219.887100219727,211.350646972656,0,0,0,188.464050292969
38.9429451276178,90.4176983303494,100.380898720878,62.8960314599153,75.221145235259,65.0649147033691,98.8828340895632,70.4030142121643,85.3372460167007,66.2183334053337,76.3685979167307,93.693906353366,88.8752059936523,107.910255432129,62.1846746787047,100.667689930309,56.8436225088019,70.9637097511583,104.206822395325,84.2117989710135,78.9758196744052,41.0572840691706,55.4388331692628,65.8974289444258,68.4623439234405,0,105.793384148823,110.223312139511,65.2390776181963,15.9014286218594,36.9940981575139,130.672653198242,73.8791338602702,7.2341441883823,27.1506187636277,151.256244659424,0,180.682336425781,100.135471767849,0,0,153.450386047363,135.403224945068,165.776452315481,73.2895475275376,173.529425048828,0,182.3310546875,0,171.352632310655,0,131.310317993164,0,0,158.315048217773,0,122.939616394043,80.5947090148926,168.667205810547,119.354703401264,0,157.581639607747,185.818692888532,128.8068706746,156.874849219071,125.139100001409,0,0,141.453647613525,133.07806854248
64.1484806204742,65.4947673099142,64.9867983970278,72.4653349862972,90.4523737142374,32.2080165258729,62.2436874544663,83.4186110747823,59.9363017968229,84.1116253245961,88.1624302226827,25.2809382460553,98.6648192056795,56.6508101541639,56.6018937905112,110.548276689317,70.7727286108609,40.3255142149225,61.2119255457303,48.1527834957469,94.1530396277163,38.380943269335,61.0570610335895,50.1315425540601,82.1085837684543,63.0605990011481,59.3285966022519,68.0823438569309,76.5053793932778,36.0588177418611,44.2348039610263,81.1343928909302,36.267169190213,27.1506187636277,11.3360985534407,157.530534224077,120.466014099121,108.976564507735,69.6594442296911,205.035903930664,0,181.419440714518,155.67630815506,173.49408412624,97.4478239110998,180.095781114366,141.654488699777,182.556518554688,129.398061116536,168.385557810465,0,118.307654190063,121.955667383531,128.673095703125,138.702900813176,220.189926147461,132.273097162661,84.1574153900146,123.38287264506,134.997727999722,77.2287085851033,116.411907245586,108.28355266541,144.118469981404,161.703333620165,134.913841247559,127.174545288086,224.533721923828,153.892153930664,143.990566622826
144.245124816895,0,169.12882232666,84.0087467691173,145.722206115723,0,176.386390686035,145.618548075358,163.449134563578,80.1861267089844,159.781362915039,0,184.791290283203,0,168.760557475843,0,0,175.038360595703,0,167.553695678711,160.556213378906,136.580383300781,94.9033748081752,161.130510965983,131.695393266349,0,190.983755493164,167.115640740646,135.328251793271,154.827088869535,138.058866712782,0,204.546997070312,151.256244659424,157.530534224077,11.254311464507,119.389565687913,110.103904139201,83.7952758826098,86.6645851135254,118.202764892578,93.3030372902199,34.4737321852647,44.5656066876706,69.7413183177958,68.6032637607904,115.209286805038,91.1406524658203,137.6640625,19.5750993759784,97.7654361724854,109.611654281616,96.9624461990466,118.418702413869,111.764387277456,94.670542035784,77.3218491506234,81.8635366613215,94.6861952878116,73.0483668313098,140.719787597656,112.06925639485,118.571090955676,74.8497463142016,20.6069715351731,23.6662484771196,138.681209564209,86.6890068054199,28.7974232231698,56.5684975429457
0,98.9294815063477,93.9942081996373,79.0206400553385,0,0,0,166.073783874512,172.598434448242,0,0,104.030813429091,0,78.9867820739746,155.818603515625,0,0,89.2397842407227,92.4708413018121,107.703678131104,0,0,97.6920394897461,131.324882507324,0,0,90.9502292979847,98.8780168294907,0,161.049652099609,0,91.4383850097656,0,0,120.466014099121,119.389565687913,8.28201424169741,39.3826600273184,21.7179229445617,0,128.890003204346,106.654388427734,114.6161885816,133.809535556369,63.6556979895346,131.863436889648,69.4092320107125,116.892147064209,50.44787596334,124.84169179743,106.204572341021,59.6589665233641,51.9868393904008,69.6877167565482,62.4426779712704,175.125198364258,91.365856628418,23.6681527927369,76.8222309309861,77.2110238243552,22.2312695551014,50.2347401636951,29.1127216147017,105.545205252511,116.001244721589,95.4421211098725,63.7761742851951,83.2773590087891,0,66.273460860801
147.64281463623,89.027991771698,90.0685409849795,84.2913869222005,181.923454284668,0,201.186803817749,164.972686767578,185.098036193848,139.716751098633,183.291530064174,143.720564100477,0,132.235946655273,183.708812366832,0,118.891525995164,106.535265995906,129.600067138672,107.147321510315,0,134.047444152832,95.2636540730794,103.143821136663,154.082223765055,0,99.1877853852466,90.9756587830382,147.930029805501,200.511574427287,154.793891652425,126.868228912354,0,180.682336425781,108.976564507735,110.103904139201,39.3826600273184,14.274536860004,44.3173390482493,132.938636016846,174.061946868896,133.138379100557,94.2281444386154,118.680529383398,109.13011262475,108.604618909662,89.8921736922919,155.223000662667,88.2618279457092,115.502639058531,142.226736886161,85.0437037916069,46.0994280713236,85.2386014404297,65.4246645733655,148.084694998605,74.1550492158666,53.0508407282275,36.1423819698416,105.614823338201,77.2554050792347,34.2382294565044,27.5001281405928,87.9778728881268,130.773199206614,92.092660969187,84.9680383682251,168.551451683044,103.628217626501,68.8398167515932
99.7892596905048,44.4504561549739,49.3775161187993,16.460230947238,103.594241550991,0,126.092340805951,104.401968803959,116.129849897112,118.779462814331,101.528460895314,91.8556900024414,0,63.9877982304014,129.898480029816,0,58.2313611684752,69.4933388814972,93.6819437930458,71.1186475860939,80.176872253418,71.8720380047846,44.0781804853015,62.1848107618807,85.1918727719054,51.5171714109533,63.5864488976633,48.9615992012195,97.9044041019855,118.670533106877,89.618127822876,77.3982705010308,0,100.135471767849,69.6594442296911,83.7952758826098,21.7179229445617,44.3173390482493,32.1854703634377,58.4920292684477,135.258215332031,88.513786118606,68.6949723085743,92.6912468777427,20.0179815828012,73.7214016539888,76.8792269981071,71.7326713953263,48.7920892198207,101.271684121052,48.0818171220667,43.5358495455212,51.0592838109926,75.8294266034972,55.0384659392671,70.7342355627763,54.8838181640651,31.2383967432274,53.6397716182724,41.1190481268819,18.9928849777245,47.8650226495704,35.0801306854163,62.5451990843033,90.7315557459921,68.2230212684544,67.2969955097545,157.472248840332,73.5183646723909,67.9001862485404
