9.59611686966433,117.44984588623,99.9045246279969,79.0964761321078,82.0079941219754,70.8188405718122,86.6261529445648,37.9945871677545,58.591680122574,75.0373445974814,55.8432333841236,116.210000058438,106.933276176453,155.900136947632,14.4273781495711,100.89724222819,105.205542670356,94.6089369257854,127.535857535697,115.233481895633,102.192242015492,67.7548459153104,83.8715654738406,82.1180622091534,79.0315060344169,130.432434082031,120.721416588986,118.764223173067,82.6680499294348,18.6643446610229,35.3273405460788,136.298046112061,82.3075573260968,36.4125772502324,72.1853462661185,165.479498291016,0,153.189405168806,86.5617561340332,0,0,162.836227416992,132.785047090971,145.841842651367,75.5659761428833,155.539260864258,0,0,0,177.337271554129,0,131.270565795898,165.143905639648,0,162.922012329102,176.967483520508,130.964828491211,87.2029707772391,156.678609848022,127.184892490932,0,178.11496480306,162.724385070801,134.834639507791,151.321292114258,149.275066028942,0,0,0,160.756149291992
117.44984588623,7.98764994988173,35.7983757058779,16.0366982813853,0,105.785596211751,137.857374191284,115.934721810477,122.290606180827,69.4172895881567,128.393760681152,64.459861713907,0,51.1968235277948,121.657322970304,107.418987620961,59.797784169515,46.3546882927751,66.793610312722,62.4188192616338,0,86.6849547676418,15.8263110307637,73.0683656172319,80.5823040911076,23.9092493157112,36.5964814061704,26.945138069574,99.7557901235727,119.876059259687,101.991214308628,57.9932815150211,112.573307037354,91.5291442871094,59.9230356463497,0,115.266555786133,84.3552788628472,71.1296836853027,0,0,0,141.906799316406,149.578216552734,195.758209228516,161.544105529785,89.3979873657227,0,82.3250023523967,162.312805175781,0,0,71.516487121582,92.0185775756836,89.7752532958984,144.345367431641,0,87.1273452758789,123.930095672607,152.83464050293,51.3043484687805,100.761342184884,91.7543613727276,143.012191772461,166.519050598145,109.620727539062,88.2234268188477,0,0,0
99.9045246279969,35.7983757058779,12.6937962667057,42.3618360017475,121.239628184925,149.909784634908,127.683009124997,95.333768959505,117.51737671339,119.962087077479,106.363066603498,74.5978967202976,141.514657592773,87.6367018970091,109.411706216072,137.425317617563,78.0973396916543,34.5227335689627,66.7247890827268,57.2225610590113,161.075494766235,64.6644056938237,65.6782772694159,29.5478857905858,122.609908899768,84.960804409451,31.1259629951746,36.3766889269271,92.5297020495852,125.068130415313,85.1763405814629,81.0289837299007,145.020863850911,114.622429496364,60.0061274089202,143.951419830322,64.3722301606209,92.6952473776681,61.5745363668962,0,0,160.551780700684,155.016850280762,178.589280264718,146.43270111084,177.646159362793,134.039640808105,0,124.521463666643,169.099780612522,0,112.806388673328,97.4740248543876,130.697162628174,111.017631755156,0,136.915721638997,81.5660374615643,113.388915352199,156.96794128418,118.626936340332,102.246307417926,92.6604388683518,179.476339901195,170.738535881042,149.022740500314,127.843879699707,0,0,112.418079223633
79.0964761321078,16.0366982813853,42.3618360017475,11.9064412946666,64.9316672621102,122.789265719327,87.1940187543831,71.7938950521904,88.4948954501395,15.9532916644147,91.103347742999,59.6906815109253,100.015525817871,42.5171567757924,87.9273573683612,78.4876478443975,42.1368574971304,52.6333319555053,55.5564844104606,50.4073417819276,75.6564098993937,59.4073643743548,35.2232862323106,74.5516242980957,39.385103421189,20.1677232166842,38.1173029054707,38.4383808313589,57.0791020204189,78.4859014647348,63.2043774692815,55.8370815199249,116.959438099581,59.4835341151168,65.5109333155448,78.7125663757324,51.9644760718712,82.3741261408879,16.9913649113058,0,0,157.273914337158,82.1538496653239,86.6067398071289,12.8996020407716,117.66562461853,66.0169658660889,0,52.996304001127,119.442064285278,0,53.1044309078119,77.7228646529348,69.6304161071777,61.0515420375726,0,68.4523741256359,21.7290596663952,100.404469299316,63.2453308594532,39.6721826553345,58.0695406672466,59.9145452101019,72.3321717341143,101.098287582397,75.3588582356771,86.5712371826172,0,86.1662006378174,91.5568309783935
82.0079941219754,0,121.239628184925,64.9316672621102,9.30464703663544,110.293918609619,72.7479823627303,47.3938299214236,90.8331883294242,40.8240534461371,21.1312536550736,158.391353607178,26.1169094080346,165.515762329102,92.0439567845383,50.5251683396245,123.19352722168,153.279737472534,168.730682373047,155.893440246582,13.8160187719445,116.895353862217,73.0914732615153,113.014432983398,21.1258889345468,155.619140625,144.878907637163,123.122603577453,20.4843750115049,87.1181497828846,103.826204718613,204.481704711914,127.337448120117,72.1602498431538,88.0557806781519,131.519368489583,0,180.021125793457,70.9819091796875,10.8281671950382,0,109.043057744096,118.531814795274,129.573499679565,74.7804149280895,47.5775142122127,0,34.301925127519,0,152.276438031878,115.679517745972,0,0,0,0,18.1219394360066,178.698837280273,83.4621810913086,175.680847167969,90.8130176819123,0,213.567672729492,158.370262145996,72.6464325656062,153.500313822428,147.246528625488,0,0,174.348617553711,138.934921264648
70.8188405718122,105.785596211751,149.909784634908,122.789265719327,110.293918609619,6.59208552754485,9.94453294494302,113.920868485062,23.2759542189942,68.7525429725647,106.991508060031,53.338737133852,98.789992880314,75.4727856029164,48.1877195279017,10.3641335961868,0,133.910917530889,91.9435390125621,76.7996550339919,117.548701150077,127.266353861491,103.771209716797,140.756104671594,97.7226188296363,80.1805419921875,101.4537733078,113.911818045157,124.988487858926,24.1923768596373,105.386039733887,95.2580137252808,11.6896874269438,139.650039672852,30.927463329969,205.799728393555,0,191.746383666992,120.717758178711,0,0,0,180.989097595215,0,0,180.539932250977,0,185.422149658203,0,0,0,0,0,0,180.547882080078,206.870864868164,0,0,0,170.964263916016,0,118.800880432129,148.590301513672,188.011270141602,0,200.621383666992,0,0,0,201.605880737305
86.6261529445648,137.857374191284,127.683009124997,87.1940187543831,72.7479823627303,9.94453294494302,10.7557517416144,57.9069746544635,18.5225327020651,75.6634789844998,34.637754650978,77.3610612007037,26.4857473264315,103.473251819611,33.9755713674179,10.4289212153654,128.760746955872,142.28107458353,143.880219064108,142.92024714152,49.4286818333526,111.769613573628,111.9225,118.253416382597,78.595811953528,106.482063293457,146.567481935024,141.595239769752,70.7052661501287,49.4387620242503,99.7990962580631,145.396648406982,23.3576304599017,98.0955708821615,62.6579369196525,170.972283935547,180.727279663086,198.065515518188,93.0769813939145,135.370699201311,182.860198974609,152.224877663709,141.533777096851,167.922238726949,109.094122387114,151.873733045952,0,140.845724173955,216.491912841797,183.65154838562,175.239356994629,177.884457906087,0,0,0,145.733706474304,0,137.00294142503,201.453536987305,127.874158285878,0,226.840812683105,192.78251546224,147.187980614548,180.266009423041,193.720783778599,0,199.585952758789,172.886734008789,186.842100524902
37.9945871677545,115.934721810477,95.333768959505,71.7938950521904,47.3938299214236,113.920868485062,57.9069746544635,12.8679398019045,51.8784343924177,59.0443294525146,19.1784679817884,146.453036950069,62.5521602919607,163.534030416737,42.5330632436218,82.5572086468078,98.9814751468488,115.438611669448,151.392404522812,136.989241386862,62.2180438821966,69.2585798621285,85.3453491640763,81.7109118468298,57.4243574688196,136.145412445068,129.978891035166,105.587582045845,32.8859477001086,72.1272196458581,24.0080654510123,156.023155613949,116.917715040304,68.6969710929721,88.0240231427279,148.478606280159,118.238288879395,168.057378133138,85.873174484462,128.966282451854,171.96337890625,138.277758433901,132.047460322757,159.344892229353,81.6753498293319,135.413105283465,0,122.806872199563,0,168.14696219308,159.453536987305,141.65288617534,168.440795898438,0,189.589111328125,127.105910778046,159.723512649536,96.2703363450907,165.298433270371,110.789004542717,163.743087768555,189.824892484225,159.684193034748,132.457771574357,163.784768594278,149.640975475311,0,209.574951171875,149.303134155273,161.42566986084
58.591680122574,122.290606180827,117.51737671339,88.4948954501395,90.8331883294242,23.2759542189942,18.5225327020651,51.8784343924177,11.938764507187,84.8734243260989,30.3161560639632,73.4505569237664,83.9102535307407,96.8575844432032,19.9297228247967,34.1364284262533,153.138123406304,127.36038623512,132.524967892965,133.354764632237,89.5036914803389,100.596482830737,111.608926107717,106.535958244687,85.4879281006372,100.66760635376,135.678641700745,132.122592905237,84.4875080648858,24.9008480798225,76.9927054280424,124.912882385254,14.0821970511902,82.249583806747,52.5807688028653,161.641642643855,143.347640991211,189.878601074219,107.868291570785,133.99956035614,0,168.907857089572,144.209861119588,170.777548472087,111.231707255046,156.928531036377,0,177.437753295898,117.346061706543,184.800624724357,173.29231262207,191.451019287109,212.754669189453,0,125.444046020508,151.12491607666,166.175264994303,117.009339650472,212.897054036458,135.374037792808,159.126510620117,188.618438720703,176.421878212377,148.003604182491,180.748758792877,172.460998535156,0,0,173.443977355957,182.150967068142
75.0373445974814,69.4172895881567,119.962087077479,15.9532916644147,40.8240534461371,68.7525429725647,75.6634789844998,59.0443294525146,84.8734243260989,9.13868881054707,66.9251837435636,133.249503135681,12.9982390705319,114.581563384839,82.7685130071499,23.8530465931189,63.4947524351232,122.437531320672,129.451778157552,128.507936477661,46.1801931353381,93.391926129659,21.6349701213466,119.632321857271,20.5692023888785,94.5865766754784,115.049583579009,93.1363995081262,53.6768111455631,76.7155954390008,61.8057621538041,131.243398030599,116.462596348354,60.4867695635698,75.3207387865687,164.554321289062,0,163.385045369466,60.4049911499023,112.982177734375,0,141.290609087263,111.678865814209,159.123085021973,35.0342440605164,116.258272271407,127.832817077637,84.4598452250163,0,141.470807393392,0,134.415189107259,0,0,158.646697998047,97.0189090304904,172.351448059082,70.446711730957,128.981165568034,80.397273349762,112.946960449219,155.672197341919,147.245468433087,129.356645920697,153.589092254639,0,167.055541992188,0,0,151.023872375488
55.8432333841236,128.393760681152,106.363066603498,91.103347742999,21.1312536550736,106.991508060031,34.637754650978,19.1784679817884,30.3161560639632,66.9251837435636,11.7286681792517,136.336008274809,23.7734233674685,162.270499335395,42.9948623921064,70.9126612166284,128.598959350586,138.259597376773,158.900642939976,149.98191986084,15.9003650868314,82.1804304276743,105.435961122866,96.4989573117186,65.9662751720986,157.289756774902,144.037673388029,122.748703113181,36.9937405269686,83.4550818427486,68.9452237680734,163.25288772583,113.937436062865,77.1527160959145,89.557144413333,147.661961146763,0,193.377504984538,82.3767841563505,46.7767370383373,0,145.915403302206,130.174571440182,164.257749875387,100.749666649955,145.250820296904,218.086822509766,106.194510753338,0,186.764780883789,135.129716237386,168.185775756836,0,0,192.736145019531,59.3021606298593,209.437744140625,125.241602897644,179.917427910699,112.682230888529,0,194.725738525391,168.724963378906,142.846095447006,175.773452758789,174.019309303977,214.938934326172,207.267105102539,189.908111572266,167.167915344238
116.210000058438,64.459861713907,74.5978967202976,59.6906815109253,158.391353607178,53.338737133852,77.3610612007037,146.453036950069,73.4505569237664,133.249503135681,136.336008274809,12.604007932927,119.255287715367,20.011943339074,89.5029741514297,132.549835628933,120.486628214518,42.0060277511647,25.8200526821642,20.4113101532227,157.807799203055,93.970400409781,94.0504338235566,79.3143435481024,147.859078884125,38.9811309627458,35.1639932480794,62.6581050164274,146.142924530338,69.5274756244251,109.410997519566,40.1849711853641,54.4063585420474,91.2071505480034,28.7899056151992,0,114.948101588658,130.517776489258,66.9283742037686,0,0,0,212.257954915365,0,162.403297424316,0,91.2757255878854,0,80.0041706736495,0,0,0,118.661159515381,107.838173606179,106.198305884073,0,171.865386962891,122.793319702148,165.659333970812,206.694580078125,68.21088915093,100.796757939098,100.278063134143,182.766458129883,208.096267700195,203.77237701416,91.2479455735948,0,0,146.876101175944
106.933276176453,0,141.514657592773,100.015525817871,26.1169094080346,98.789992880314,26.4857473264315,62.5521602919607,83.9102535307407,12.9982390705319,23.7734233674685,119.255287715367,11.3090359088398,214.696304321289,97.3672943115234,14.4470090089943,0,163.345565795898,126.488731384277,174.117156982422,15.6295884037279,170.607950846354,41.5698013305664,137.392250061035,38.6965440793565,0,165.604801177979,152.739866892497,45.3501797419963,91.6827501896449,135.846088409424,138.99235534668,108.587383471037,102.91252746582,90.9573066840738,140.699821472168,0,0,84.7441604614258,42.7711497823397,0,75.8233349863688,128.051320589506,125.648456149631,87.0982489952674,92.9811027483507,0,11.2158294121925,0,96.4330024719238,57.1860618591309,0,0,0,0,21.2313678471938,0,0,0,103.485230463201,0,0,174.821029663086,131.106042508726,135.978145599365,0,0,117.132904052734,0,123.194400787354
155.900136947632,51.1968235277948,87.6367018970091,42.5171567757924,165.515762329102,75.4727856029164,103.473251819611,163.534030416737,96.8575844432032,114.581563384839,162.270499335395,20.011943339074,214.696304321289,8.89385038982874,105.83046090425,158.508338928223,145.953481038411,81.4102644719997,50.4566344440979,64.0368754305738,183.778518676758,133.785543441772,77.5883726917614,127.305557250977,131.791381765943,18.0142535892596,33.0047712047364,37.0090400443769,162.077323913574,88.3162909961138,144.985474326394,15.8290481308032,85.4593737855249,147.820292663574,60.4222166426828,0,84.7253635951451,0,40.5634473507221,0,0,0,0,0,159.769744873047,0,75.5007124734581,0,68.3799178303152,0,0,131.521743774414,115.162666320801,86.0568047982675,121.966962178548,0,203.998962402344,123.69215965271,155.496017456055,184.90412902832,56.9804819607344,93.775375000974,87.594560785912,213.195709228516,0,0,86.224660382952,0,0,132.899221801758
14.4273781495711,121.657322970304,109.411706216072,87.9273573683612,92.0439567845383,48.1877195279017,33.9755713674179,42.5330632436218,19.9297228247967,82.7685130071499,42.9948623921064,89.5029741514297,97.3672943115234,105.83046090425,9.54534767760288,82.0092338064443,136.32260576884,112.825831920079,137.565553206432,130.475680955251,98.3576608794966,84.9583751118887,101.103881548036,94.4205675907174,89.8857168116068,111.121992111206,132.262906023846,130.745399335109,89.139502988839,21.2012766181089,41.5951651151381,134.099063618978,20.8807678619612,60.1215281697501,59.34263140582,166.129565899189,130.217971801758,171.806302751814,99.7310523317571,147.799120585124,198.049682617188,177.76680803299,154.681254374186,174.439256521372,105.321035531851,169.696006774902,216.30916595459,160.681613922119,199.970062255859,184.001705301219,0,153.370126577524,194.299392700195,0,173.625595092773,157.412582397461,159.735030038016,105.199483447605,176.964816753681,138.24865580714,151.852307637533,184.921478271484,164.693530567905,151.012320624457,175.126830618722,155.74088564786,0,0,159.850033569336,184.073892211914
100.89724222819,107.418987620961,137.425317617563,78.4876478443975,50.5251683396245,10.3641335961868,10.4289212153654,82.5572086468078,34.1364284262533,23.8530465931189,70.9126612166284,132.549835628933,14.4470090089943,158.508338928223,82.0092338064443,8.22947506333231,90.4177474975586,153.204986572266,159.216430664062,168.339823404948,42.2126704756893,0,74.8580906516627,128.820727348328,41.2916812936506,145.970161437988,165.506546020508,128.554497011246,78.5248607029425,86.9288507981734,93.2514063517253,0,30.3580993172581,94.5770254135132,81.6698507581438,0,0,0,111.093711853027,113.840257644653,0,158.445022583008,171.589668273926,168.000595092773,75.7980410257975,145.28059387207,0,60.0395812988281,0,0,0,0,147.625259399414,0,0,110.295013427734,0,174.986236572266,0,108.759896414621,0,0,180.00089263916,152.61283493042,181.906814575195,0,0,0,0,177.060882568359
105.205542670356,59.797784169515,78.0973396916543,42.1368574971304,123.19352722168,0,128.760746955872,98.9814751468488,153.138123406304,63.4947524351232,128.598959350586,120.486628214518,0,145.953481038411,136.32260576884,90.4177474975586,15.3871363989272,95.9827171325684,118.616876983643,113.175691127777,0,26.1399546305876,26.3524933657294,26.6319220179424,37.7602817844459,91.6278711954753,105.959334019252,35.4199874963923,44.8312651360629,114.77507053722,78.3210393520588,125.127199172974,0,91.144468943278,76.0514514114683,168.090599060059,90.193338394165,102.899308542105,47.6222688058029,0,0,160.260757446289,147.397172433359,196.20399983724,143.606941223145,163.772021484375,0,157.577713012695,178.286636352539,147.451293945312,0,89.5493899151287,129.85238817003,0,162.040237426758,0,102.239996365974,47.2923249583427,95.4868137557785,114.889126300812,0,139.494027709961,96.5214152241133,125.808012309827,130.522923787435,107.724171725186,0,0,202.013595581055,107.102849213973
94.6089369257854,46.3546882927751,34.5227335689627,52.6333319555053,153.279737472534,133.910917530889,142.28107458353,115.438611669448,127.36038623512,122.437531320672,138.259597376773,42.0060277511647,163.345565795898,81.4102644719997,112.825831920079,153.204986572266,95.9827171325684,11.1681949334365,39.1464739034177,19.0586324042178,172.094611031669,56.7146007986755,87.1401510390024,25.7933719316743,123.42684943129,65.317707824707,39.9173493051388,61.2127451764866,120.469757544689,100.225108930346,79.4931563453936,80.6122658432171,132.147373623318,80.7771558818027,40.5810241228073,161.495300292969,92.9825062221951,100.80488050901,75.5593535683372,0,0,210.820236206055,197.318530273437,187.942897251674,128.655242919922,198.527351379395,131.125686645508,0,123.897983551025,0,0,134.730136871338,116.816303100586,120.269067382812,114.884216626485,228.929946899414,157.099052429199,120.612476857503,153.367862099095,172.976726185192,103.340159824916,104.51039881249,105.475999832153,170.210656060113,148.229690551758,174.537149047852,118.027898152669,0,0,124.571036338806
127.535857535697,66.793610312722,66.7247890827268,55.5564844104606,168.730682373047,91.9435390125621,143.880219064108,151.392404522812,132.524967892965,129.451778157552,158.900642939976,25.8200526821642,126.488731384277,50.4566344440979,137.565553206432,159.216430664062,118.616876983643,39.1464739034177,7.39072616858213,11.8359395953235,241.620971679688,103.745114969653,104.019376831055,81.2890669015738,158.264826235564,45.2422575469411,29.2023247926082,63.2369554444855,162.99943584866,106.274582253562,118.777389190271,48.4693673898618,85.9690337181091,105.876771608988,54.4079174565095,167.924087524414,111.525864341042,135.359017181396,80.3882121131534,0,0,0,178.612258911133,142.062652587891,169.969931030273,0,97.4644336700439,0,81.7736570878462,201.987899780273,0,236.145462036133,124.62223815918,100.796214017001,106.268554452749,0,161.552688598633,147.470054626465,162.0224609375,0,68.9069382966454,96.8334633248751,97.1094294354358,230.246444702148,0,163.388854980469,97.1696356571082,0,0,116.408882141113
115.233481895633,62.4188192616338,57.2225610590113,50.4073417819276,155.893440246582,76.7996550339919,142.92024714152,136.989241386862,133.354764632237,128.507936477661,149.98191986084,20.4113101532227,174.117156982422,64.0368754305738,130.475680955251,168.339823404948,113.175691127777,19.0586324042178,11.8359395953235,6.80894097183082,0,90.1103691101074,108.698835584852,69.2265827043682,153.090465393066,43.2271119645498,30.658286624258,59.8887545359379,140.605563436236,106.058046884805,102.747012687024,55.8818188881388,87.9611129760742,87.8942483084542,39.4005350932722,0,103.409454345703,127.772634983063,72.3138552579013,0,0,240.447174072266,190.38875579834,232.076034545898,203.401123046875,210.209609985352,112.008209228516,0,95.9801988601685,160.655349731445,195.017791748047,0,130.136473083496,99.7076917375837,99.0016549093681,0,176.128158569336,115.642097473145,140.761743545532,203.131294250488,66.0028434166541,95.0773818597561,97.2004712941695,0,180.371654510498,182.349655151367,116.441385904948,0,169.174346923828,111.733306884766
102.192242015492,0,161.075494766235,75.6564098993937,13.8160187719445,117.548701150077,49.4286818333526,62.2180438821966,89.5036914803389,46.1801931353381,15.9003650868314,157.807799203055,15.6295884037279,183.778518676758,98.3576608794966,42.2126704756893,0,172.094611031669,241.620971679688,0,8.12940279000048,127.667665100098,113.250442504883,151.268561681112,27.9792135626051,0,149.496541341146,148.146072387695,29.9694185376516,92.7321515461755,131.221166338239,0,126.531512578328,84.8799657821655,94.7831569399152,0,0,0,84.42333984375,12.5184395075664,0,136.98706817627,134.408397250705,160.147087097168,89.2339608328683,137.793122378263,0,28.85238189575,0,0,63.0740432739258,0,0,0,0,8.35814185943257,0,0,199.996925354004,110.063278891824,0,0,202.204391479492,144.73774540678,0,0,0,0,0,152.190662384033
67.7548459153104,86.6849547676418,64.6644056938237,59.4073643743548,116.895353862217,127.266353861491,111.769613573628,69.2585798621285,100.596482830737,93.391926129659,82.1804304276743,93.970400409781,170.607950846354,133.785543441772,84.9583751118887,0,26.1399546305876,56.7146007986755,103.745114969653,90.1103691101074,127.667665100098,16.1564961312824,54.8308800838905,29.507583065757,33.8361730653572,103.6162109375,99.8998405456543,76.829042139007,36.2580766954954,66.6907614044418,29.5666464421113,112.348659515381,97.4717256757948,45.7602781084658,41.3207361400104,144.133058027788,161.648654937744,131.538181770139,65.3020068897921,0,0,166.848316192627,143.060759408133,165.190741644965,109.266882215227,176.457667032878,0,0,0,162.234137315017,0,104.108424909428,154.287465413411,0,184.978134155273,0,115.183485252913,67.8978815550445,113.866232330476,126.165630340576,0,163.011864556207,127.325933065759,133.038268566132,163.540105438232,119.415220748547,171.725250244141,0,115.423368835449,124.527953061191
83.8715654738406,15.8263110307637,65.6782772694159,35.2232862323106,73.0914732615153,103.771209716797,111.9225,85.3453491640763,111.608926107717,21.6349701213466,105.435961122866,94.0504338235566,41.5698013305664,77.5883726917614,101.103881548036,74.8580906516627,26.3524933657294,87.1401510390024,104.019376831055,108.698835584852,113.250442504883,54.8308800838905,9.17782371000871,54.7896651632418,31.4174809043307,57.1646652374676,84.0836098614861,41.942813573807,53.2244234717703,79.38897302284,61.9870997379848,100.094013214111,156.489860534668,57.4755967084099,66.0952501028356,94.4306144714355,0,90.0762557983398,48.7651668028398,129.075874328613,0,0,94.9166970252991,103.204658508301,12.8564270337423,145.581058502197,108.601104736328,0,106.861977713449,131.183925628662,0,57.0976334335212,101.18931388855,0,131.13069152832,108.518936157227,68.127586878263,11.8752806835224,70.4886958892333,76.1759185791016,99.5401208060128,106.413273204457,94.0414564344618,115.52290562221,144.93826675415,76.8167268208095,123.312133789062,0,149.400772094727,84.5555657606859
82.1180622091534,73.0683656172319,29.5478857905858,74.5516242980957,113.014432983398,140.756104671594,118.253416382597,81.7109118468298,106.535958244687,119.632321857271,96.4989573117186,79.3143435481024,137.392250061035,127.305557250977,94.4205675907174,128.820727348328,26.6319220179424,25.7933719316743,81.2890669015738,69.2265827043682,151.268561681112,29.507583065757,54.7896651632418,17.7548072753992,71.7762832756989,131.217498779297,70.0341518598354,42.1529662304873,61.2287224044497,98.7129387864184,57.8319399519312,107.876782078897,128.813880443573,80.8767554634496,48.6543057207087,169.889083862305,99.0548310279846,104.285267301861,80.2741613897659,0,0,187.453233718872,155.396960350775,183.40423795912,106.810834248861,162.291495689979,160.721969604492,0,0,172.919225839468,0,101.86624307162,133.814597481175,161.53035736084,153.867099761963,0,126.65810983012,66.1227684872491,108.260803645326,143.172443343932,103.84147644043,136.639239719936,101.763314623256,150.895393279662,179.83692855835,145.278611977895,131.934906005859,0,156.498474121094,122.378523895706
79.0315060344169,80.5823040911076,122.609908899768,39.385103421189,21.1258889345468,97.7226188296363,78.595811953528,57.4243574688196,85.4879281006372,20.5692023888785,65.9662751720986,147.859078884125,38.6965440793565,131.791381765943,89.8857168116068,41.2916812936506,37.7602817844459,123.42684943129,158.264826235564,153.090465393066,27.9792135626051,33.8361730653572,31.4174809043307,71.7762832756989,11.6971542660957,114.533028042194,128.902808570862,86.8940126560591,22.4456156587115,81.1508778827043,74.1837987783882,156.876783582899,134.413971662521,66.9503394115502,83.7518864697172,131.902303461443,166.174794514974,157.122863133748,63.2232591538202,110.873567018753,185.156936645508,132.552881206581,115.403423483855,141.934100078714,67.4527630199086,126.66169150314,0,122.257476474928,152.605567932129,152.984814700917,57.9938983917236,110.148134534604,163.640436172485,0,189.820238113403,119.68530796596,122.82936630249,68.1223973289055,132.990404980331,100.378257519233,127.342308044434,188.449587504069,150.292741419905,114.770593848595,139.660691057326,126.556279083778,0,0,128.243427442468,139.097796075994
130.432434082031,23.9092493157112,84.960804409451,20.1677232166842,155.619140625,80.1805419921875,106.482063293457,136.145412445068,100.66760635376,94.5865766754784,157.289756774902,38.9811309627458,0,18.0142535892596,111.121992111206,145.970161437988,91.6278711954753,65.317707824707,45.2422575469411,43.2271119645498,0,103.6162109375,57.1646652374676,131.217498779297,114.533028042194,7.46477810636487,35.8015918662832,22.9272873150231,127.207989374797,93.1170537312826,139.972457885742,39.4305593947734,75.9653930664062,122.056701660156,59.4730348848317,0,71.6600303649902,116.35487874349,28.5416379586244,0,0,0,0,194.120483398438,0,213.942596435547,58.8154107607328,0,54.6650817034996,0,0,0,0,66.0296679905483,82.9965530395508,0,0,0,122.412166595459,182.475769042969,32.1615592158118,71.697811368912,71.1486767073323,199.520721435547,0,0,67.605400965764,0,0,110.831504821777
120.721416588986,36.5964814061704,31.1259629951746,38.1173029054707,144.878907637163,101.4537733078,146.567481935024,129.978891035166,135.678641700745,115.049583579009,144.037673388029,35.1639932480794,165.604801177979,33.0047712047364,132.262906023846,165.506546020508,105.959334019252,39.9173493051388,29.2023247926082,30.658286624258,149.496541341146,99.8998405456543,84.0836098614861,70.0341518598354,128.902808570862,35.8015918662832,14.9523039816234,36.3166330935609,136.653185406853,119.853817103259,114.931212612671,30.8794872236091,95.2322601318359,102.472464102286,55.7078222096594,191.341239929199,90.5940765847965,105.535464236611,67.4448028459941,0,0,0,169.236721038818,170.69221496582,157.000183650425,182.297138214111,98.4897487059883,190.33479309082,84.0711074497389,179.313847859701,0,129.370957946777,100.639607316357,96.4555989493311,94.9266286015511,0,145.118414306641,119.311407566071,148.738811199482,177.783564249674,64.162749063401,88.3690615567294,90.3557268163564,198.13080851237,179.075302124023,163.111863878038,93.916264609685,167.027770996094,0,116.042852730587
118.764223173067,26.945138069574,36.3766889269271,38.4383808313589,123.122603577453,113.911818045157,141.595239769752,105.587582045845,132.122592905237,93.1363995081262,122.748703113181,62.6581050164274,152.739866892497,37.0090400443769,130.745399335109,128.554497011246,35.4199874963923,61.2127451764866,63.2369554444855,59.8887545359379,148.146072387695,76.829042139007,41.942813573807,42.1529662304873,86.8940126560591,22.9272873150231,36.3166330935609,16.8287548615414,83.6486216303916,124.473301021532,103.614276312036,28.9689042738823,107.18146448869,112.460713752638,67.324410884519,152.418782915388,76.0229257152927,92.5475945563477,62.8410253499749,0,0,186.236787796021,159.571171100323,169.877635785003,152.76459312439,169.413179016113,98.279028232281,0,83.343275812746,164.548659815933,183.688529968262,111.148415913301,102.674003089826,102.696805805179,103.643854847174,163.832885742188,134.082924258324,73.8621784081439,109.494414598292,152.721892343441,71.0156528527657,94.3822914261937,91.4319527590647,166.049506959461,165.36669921875,138.871635860867,101.856337634,169.659870147705,249.038909912109,113.464493967321
82.6680499294348,99.7557901235727,92.5297020495852,57.0791020204189,20.4843750115049,124.988487858926,70.7052661501287,32.8859477001086,84.4875080648858,53.6768111455631,36.9937405269686,146.142924530338,45.3501797419963,162.077323913574,89.139502988839,78.5248607029425,44.8312651360629,120.469757544689,162.99943584866,140.605563436236,29.9694185376516,36.2580766954954,53.2244234717703,61.2287224044497,22.4456156587115,127.207989374797,136.653185406853,83.6486216303916,12.6049523121791,84.7366783543861,47.0669170780838,165.236053466797,130.626453927847,64.8054835375618,75.2932749224631,136.781077605027,139.145586013794,156.0255794949,68.1216861770814,38.6002255615734,0,142.069848371474,125.732514942791,153.28151675633,76.3419651827969,139.097735508834,0,116.724687544505,0,157.807032156682,134.917192459106,114.643167821372,169.895023345947,0,193.301788330078,76.9753085429372,119.007349255016,69.0289718654606,137.107662366784,108.295770145598,0,151.460060119629,151.506381667663,125.804263964943,148.129990322489,126.464562359978,203.245498657227,0,135.79411722819,146.969202469806
18.6643446610229,119.876059259687,125.068130415313,78.4859014647348,87.1181497828846,24.1923768596373,49.4387620242503,72.1272196458581,24.9008480798225,76.7155954390008,83.4550818427486,69.5274756244251,91.6827501896449,88.3162909961138,21.2012766181089,86.9288507981734,114.77507053722,100.225108930346,106.274582253562,106.058046884805,92.7321515461755,66.6907614044418,79.38897302284,98.7129387864184,81.1508778827043,93.1170537312826,119.853817103259,124.473301021532,84.7366783543861,9.78422294252259,31.1268503502349,111.091682032535,16.4224977997934,11.1813390588272,41.1002845725075,162.194797291475,197.061431884766,169.754322814941,87.2622236420837,145.034866333008,245.835693359375,176.985982622419,145.570722529318,178.828221638997,107.770289787879,170.623402743869,166.161235809326,174.919162750244,0,173.926572857481,238.02262878418,141.53456250359,203.946630859375,239.770034790039,193.181318283081,135.629339599609,124.182423591614,87.0266662597656,192.793228149414,132.524866942459,125.20384979248,167.886182785034,178.821473341722,141.415678043558,169.966111517572,140.808056422642,0,0,151.75442199707,163.317792574565
35.3273405460788,101.991214308628,85.1763405814629,63.2043774692815,103.826204718613,105.386039733887,99.7990962580631,24.0080654510123,76.9927054280424,61.8057621538041,68.9452237680734,109.410997519566,135.846088409424,144.985474326394,41.5951651151381,93.2514063517253,78.3210393520588,79.4931563453936,118.777389190271,102.747012687024,131.221166338239,29.5666464421113,61.9870997379848,57.8319399519312,74.1837987783882,139.972457885742,114.931212612671,103.614276312036,47.0669170780838,31.1268503502349,11.3645767715769,144.245158145302,116.668640136719,37.8711114050861,42.3651056726024,144.499887819643,184.505516052246,145.043227233887,74.5350813000931,131.882476806641,0,194.244873046875,136.285162875527,173.092570911754,80.9300043487549,166.424203491211,0,0,0,159.020541054862,0,108.486657170966,157.02194630016,187.023483276367,236.026062011719,0,121.506290102468,73.5331954661483,141.141195333229,120.234199854333,198.626510620117,175.425168124112,153.802071262413,127.182702307086,149.589355233999,127.834613897862,0,0,139.193894522531,143.770212510053
136.298046112061,57.9932815150211,81.0289837299007,55.8370815199249,204.481704711914,95.2580137252808,145.396648406982,156.023155613949,124.912882385254,131.243398030599,163.25288772583,40.1849711853641,138.99235534668,15.8290481308032,134.099063618978,0,125.127199172974,80.6122658432171,48.4693673898618,55.8818188881388,0,112.348659515381,100.094013214111,107.876782078897,156.876783582899,39.4305593947734,30.8794872236091,28.9689042738823,165.236053466797,111.091682032535,144.245158145302,8.54575334069798,105.553576946259,127.98087310791,72.1433715820312,234.119491577148,118.13245173863,123.636047363281,54.7925245111639,0,0,0,0,0,154.905204772949,0,89.3038241577148,0,80.1290881224353,0,0,0,127.341575622559,96.0840593973796,120.588686625163,0,0,132.369613647461,161.454086303711,0,68.6628647910224,99.592484323602,99.4585898649608,217.78987121582,0,0,97.6069622948056,0,0,132.380676269531
82.3075573260968,112.573307037354,145.020863850911,116.959438099581,127.337448120117,11.6896874269438,23.3576304599017,116.917715040304,14.0821970511902,116.462596348354,113.937436062865,54.4063585420474,108.587383471037,85.4593737855249,20.8807678619612,30.3580993172581,0,132.147373623318,85.9690337181091,87.9611129760742,126.531512578328,97.4717256757948,156.489860534668,128.813880443573,134.413971662521,75.9653930664062,95.2322601318359,107.18146448869,130.626453927847,16.4224977997934,116.668640136719,105.553576946259,4.87277289688758,91.8629503250122,29.7356953848654,0,0,0,79.2170715332031,0,0,0,0,198.142120361328,140.345703125,210.131891886393,0,0,112.880001068115,231.858276367188,0,0,0,0,0,179.454925537109,0,138.014678955078,190.646041870117,177.419095720564,129.498062133789,166.97341410319,147.346057891846,200.42237405216,220.918495178223,238.945419311523,0,0,0,0
36.4125772502324,91.5291442871094,114.622429496364,59.4835341151168,72.1602498431538,139.650039672852,98.0955708821615,68.6969710929721,82.249583806747,60.4867695635698,77.1527160959145,91.2071505480034,102.91252746582,147.820292663574,60.1215281697501,94.5770254135132,91.144468943278,80.7771558818027,105.876771608988,87.8942483084542,84.8799657821655,45.7602781084658,57.4755967084099,80.8767554634496,66.9503394115502,122.056701660156,102.472464102286,112.460713752638,64.8054835375618,11.1813390588272,37.8711114050861,127.98087310791,91.8629503250122,6.63428689494436,37.8211416686261,138.432001980868,0,168.739105224609,77.5770910580953,0,0,157.709930419922,130.808985216864,150.824785359701,87.7860237121582,168.857273101807,0,0,0,163.856049673898,0,103.972515986516,0,0,207.930145263672,123.960517883301,118.392788157744,62.8835461934408,148.389999389648,117.715446786782,0,0,163.255242919922,122.934057399205,147.547303771973,126.817138163249,161.229675292969,0,151.294364929199,144.69233194987
72.1853462661185,59.9230356463497,60.0061274089202,65.5109333155448,88.0557806781519,30.927463329969,62.6579369196525,88.0240231427279,52.5807688028653,75.3207387865687,89.557144413333,28.7899056151992,90.9573066840738,60.4222166426828,59.34263140582,81.6698507581438,76.0514514114683,40.5810241228073,54.4079174565095,39.4005350932722,94.7831569399152,41.3207361400104,66.0952501028356,48.6543057207087,83.7518864697172,59.4730348848317,55.7078222096594,67.324410884519,75.2932749224631,41.1002845725075,42.3651056726024,72.1433715820312,29.7356953848654,37.8211416686261,11.4491823531252,141.80464553833,87.9747102525499,116.993191083272,76.979794804054,119.07364654541,0,180.742646789551,146.423375810896,170.325148688422,103.488114870512,166.588191562229,110.850715637207,0,124.109854264693,183.051951358193,162.758316040039,109.013661112104,119.315111333674,120.061106999715,126.863978068034,0,123.684398739837,85.1991980119185,120.733729721209,134.782442882808,100.905557485727,115.134021967108,110.253067383399,139.865376613451,166.05246963501,130.452761077881,121.03980255127,0,138.66321182251,158.38198198591
165.479498291016,0,143.951419830322,78.7125663757324,131.519368489583,205.799728393555,170.972283935547,148.478606280159,161.641642643855,164.554321289062,147.661961146763,0,140.699821472168,0,166.129565899189,0,168.090599060059,161.495300292969,167.924087524414,0,0,144.133058027788,94.4306144714355,169.889083862305,131.902303461443,0,191.341239929199,152.418782915388,136.781077605027,162.194797291475,144.499887819643,234.119491577148,0,138.432001980868,141.80464553833,11.377036512685,114.157779875256,110.003977133904,74.4959707844014,92.0789687020438,91.5013147989909,74.0592545876956,36.3573996626723,33.4429833133752,72.0482234434648,69.4137695330161,114.082309590215,105.242407226563,131.688168661935,22.0596326944904,80.4653008200905,85.6584891461311,95.8637855505253,123.324774333409,113.189147715946,99.5565003615159,84.5681197209792,74.5676133155823,96.5068275002872,77.8200103860756,150.689506530762,113.687838858468,118.231028138258,78.3663019762477,18.4683185757871,26.0226901650867,135.861227035522,83.0602210998535,37.6877510796732,61.347483939223
0,115.266555786133,64.3722301606209,51.9644760718712,0,0,180.727279663086,118.238288879395,143.347640991211,0,0,114.948101588658,0,84.7253635951451,130.217971801758,0,90.193338394165,92.9825062221951,111.525864341042,103.409454345703,0,161.648654937744,0,99.0548310279846,166.174794514974,71.6600303649902,90.5940765847965,76.0229257152927,139.145586013794,197.061431884766,184.505516052246,118.13245173863,0,0,87.9747102525499,114.157779875256,8.01614328509727,39.5580784046544,26.3916483955054,0,126.246950785319,136.112122535706,115.734302330017,165.503901481628,63.3472561068148,123.452570915222,61.2034727906528,0,52.9152924809925,129.158428039551,106.090906143188,56.0233648965525,50.5261893997544,69.8124522584857,60.0663220557941,0,88.5837198893229,21.0609550184342,69.2349000539839,73.4234121575413,26.3320065964415,48.2463024410743,29.3195510414852,108.994626937374,113.862562291762,99.5721668552708,66.1389784812927,141.919708251953,0,64.051909605662
153.189405168806,84.3552788628472,92.6952473776681,82.3741261408879,180.021125793457,191.746383666992,198.065515518188,168.057378133138,189.878601074219,163.385045369466,193.377504984538,130.517776489258,0,0,171.806302751814,0,102.899308542105,100.80488050901,135.359017181396,127.772634983063,0,131.538181770139,90.0762557983398,104.285267301861,157.122863133748,116.35487874349,105.535464236611,92.5475945563477,156.0255794949,169.754322814941,145.043227233887,123.636047363281,0,168.739105224609,116.993191083272,110.003977133904,39.5580784046544,16.2168664926228,43.6181629262583,126.83162689209,177.330978393555,129.88216300998,96.7359149247902,117.358422263489,110.154014822153,110.004998204996,84.6885851155157,146.92143758138,87.9420127868652,118.877818976088,148.18433707101,81.6153897541325,42.7294944381777,81.548446077289,61.8668561574636,141.030303107368,69.7235564799177,47.2266613626715,37.4984065849738,109.846173298309,64.3340398348295,32.9982151575184,29.6074597179292,94.5647610186007,128.236480165565,90.2649073399427,86.0997869491577,121.193029923873,127.18634185791,65.9165802674416
