7.79806068389463,101.573136901855,77.3806856747988,56.1753075940028,67.0374010948286,73.1552359158875,33.8645702079256,29.5692480774148,19.0259363967568,52.7296692678862,26.5047090879287,142.392682030087,56.189320136243,143.669949849447,9.21818790915991,31.3230742236089,57.0041477496807,83.2445030808449,168.378011067708,124.244142679068,62.4945720483449,51.0840417688543,63.987364087786,54.9667198299133,52.3837339107807,0,104.33846310286,103.430820465088,43.3453995650435,10.6796037361803,20.3052332585916,141.782501220703,77.1915504015409,32.3426640802179,59.4646446754193,121.897455851237,0,0,87.0000629425049,114.560541788737,180.925720214844,148.560549054827,120.727809361049,147.783390045166,96.1482097080776,140.030694007874,0,131.304790496826,0,140.086279296875,161.296417236328,0,0,0,0,0,0,0,134.664306640625,108.59094456264,0,0,170.275909423828,118.830373446147,170.328567504883,143.209197998047,0,0,118.434936523438,149.354886736189
101.573136901855,5.67689725057105,31.3603325018896,9.5119576305621,0,0,118.124046325684,0,129.55150604248,51.133792069379,131.899887084961,58.2919453975659,0,50.7366487792044,0,0,76.9049583103346,44.9844279280333,79.6120655536652,60.0035149710519,0,88.7621006435818,17.9725966896529,46.5531054542178,58.0805867513021,11.0172445712803,35.6499385365458,29.9546557713741,105.106838989258,86.4983558654785,81.3537418842316,73.3473743862576,0,81.3502838134766,50.27777517832,0,0,69.0844012669155,72.6404075622559,0,0,0,0,224.598037719727,0,0,119.620057106018,0,75.6254734463162,0,0,0,98.7258338928223,0,125.543455123901,0,0,0,120.409294128418,110.719248962402,174.293365478516,110.524476369222,115.340298207601,0,0,0,135.902709960938,0,0,82.8178768157959
77.3806856747988,31.3603325018896,8.41598333412113,33.7179096538637,135.915176391602,134.491256713867,105.059032864041,80.4795899650542,105.080841962029,92.1425476074219,98.326865976507,84.5297344310864,97.7152099609375,100.627180099487,93.9477853775024,107.440235137939,61.8223420279367,37.7419920812124,92.1337442398071,63.6484516374993,128.074661254883,52.6754693044557,31.553835969141,11.3303952097291,90.0193204012784,82.784126663208,17.692111380005,24.241461058275,61.32675483617,68.2474807575687,50.3159586844023,95.6993881225586,177.682373046875,79.7180334050605,42.9884078092123,143.339828491211,93.314115524292,79.7832277865023,47.1360535317279,148.188888549805,0,0,135.633434642445,214.856826782227,0,194.142364501953,157.6357421875,0,0,0,0,116.589047749837,91.5169385274251,131.946060180664,122.39391708374,0,98.7318318684896,102.947933197021,90.5067553664699,135.478913116455,0,94.5862965583801,84.0745777092358,133.961674499512,0,132.564041137695,0,0,0,91.7080648513067
56.1753075940028,9.5119576305621,33.7179096538637,43.6884484724565,70.6903435742414,103.709228252542,82.6857017926722,52.1790877929842,75.3323568543391,12.0886695479614,67.6381827955204,74.7378975855161,78.1845936203003,81.1783196585519,67.4493595540675,67.6163354833075,49.3487780525024,49.7894779071283,67.8288955688477,54.6599587481073,78.5301394871303,44.6610415173273,25.1772759703168,44.9372696191138,43.1316777773977,11.8271171620098,39.7495777279227,39.1120722546537,50.3034909656914,66.6337106979386,46.2521821332972,66.5871458382442,107.824475007899,57.1314207382361,53.4385331717063,96.7143096923828,43.6267789204915,44.7923431539894,15.4119018354724,82.7292633056641,0,102.476103210449,75.434741973877,93.103018951416,25.9010754712423,96.597657423753,128.550424194336,84.4383595784505,112.662651062012,109.093783569336,0,60.1384582519531,56.6274755859375,110.298908233643,65.0419239353489,148.878051757812,60.8940416971842,57.4207293192546,64.4454503146085,43.6458865306416,55.9616012573242,63.8251891771952,65.3417759140332,66.7597342681885,95.6620826721191,62.1525743924654,152.384902954102,109.661712646484,40.3844375610352,71.0039538215188
67.0374010948286,0,135.915176391602,70.6903435742414,8.5242499250186,158.289184570312,61.5005442918237,29.4732464294176,73.0108874261716,44.9732445433685,18.7623709173776,0,17.2539938059049,0,83.4520037299708,71.9379757472447,80.5668354034424,133.151260375977,0,0,11.6380983846612,101.742579142253,87.6705951690674,77.6464614868164,17.5808736884223,0,136.238777160645,219.886566162109,11.7281519752712,78.0570630544122,64.6649234771728,0,113.929466247559,77.7199054100701,76.1901639978936,69.6525955200195,0,0,83.4448666572571,6.85077697447966,0,151.779001235962,126.686402893066,124.201796722412,88.6189458029611,75.9983201708112,0,12.6554648014942,0,154.367692947388,0,0,0,0,0,26.6238755436687,0,0,0,103.770310855081,0,0,0,124.131764773665,143.187883377075,122.711570739746,0,0,89.0890350341797,138.507949829102
73.1552359158875,0,134.491256713867,103.709228252542,158.289184570312,6.33760962574028,9.12719902317292,102.69121333531,23.6323922543383,103.881867980957,119.616827011108,67.4636688232422,111.905897521973,93.0060272216797,29.750483760015,13.3298655349889,97.4238662719727,144.807968139648,100.169746398926,101.064777374268,107.176266479492,111.414354324341,104.248388810591,120.348073959351,109.167543029785,80.2585678100586,112.016971588135,120.597314834595,117.754525756836,25.305703545433,93.2321643829346,100.770545959473,9.1756509343217,95.6637992858887,38.5953650883266,0,0,0,143.538452148438,173.650054931641,0,0,0,0,0,0,0,0,0,0,0,0,0,0,0,0,0,0,0,163.245536804199,0,0,0,0,0,0,0,0,0,0
33.8645702079256,118.124046325684,105.059032864041,82.6857017926722,61.5005442918237,9.12719902317292,8.16430686582262,61.394192391399,16.6522005327536,74.5867572994683,16.4845100851403,66.9618940520705,21.5954073444605,82.7179730733236,19.9309539467009,12.7058729726146,75.927263433283,139.900024414062,97.3513283362755,93.8757595735438,37.983436695922,100.17659172645,87.3263089161999,102.903603447808,62.8852787303567,97.5680338541667,114.874243842231,107.920416398482,71.9110433990891,24.8434219853132,81.1017971969232,109.313045501709,23.8454199571435,72.8287282217117,29.1124675283319,139.304977416992,0,0,99.1770858764648,165.429425557454,0,192.304534912109,148.276181030273,150.636393229167,76.9688250223796,164.864860534668,0,112.955065409342,0,161.539932250977,0,0,0,0,0,186.952056884766,0,0,0,140.488256454468,0,189.459060668945,0,143.907858712333,163.870986938477,129.777038574219,0,206.367340087891,0,164.582377115885
29.5692480774148,0,80.4795899650542,52.1790877929842,29.4732464294176,102.69121333531,61.394192391399,9.11310795759873,46.5290292636088,44.9977822888039,10.5515325807684,148.677100287543,48.8598116226779,159.214233398438,29.7660698178297,59.3618890550401,50.5875682937965,120.447479248047,0,143.009540557861,51.5856974018154,63.6674750645955,60.0130435943604,64.3280416300877,41.5589199108548,0,103.732610143464,81.4717918360177,20.9154384912126,31.7267458079203,16.3447893816092,0,104.829208374023,46.2490162178958,50.9140148785097,110.506244114467,0,124.451393127441,66.0252415793283,116.202055557914,0,133.211239085478,109.086092168635,127.530451554518,75.0583170377291,113.543673379081,192.743804931641,119.470432917277,0,137.277116041917,134.350570678711,0,0,0,0,130.104401221642,0,86.0972747802734,0,86.0318117027739,0,0,187.187294006348,108.607374721103,130.482887744904,113.944404602051,0,163.186604817708,120.533828735352,124.250801849365
19.0259363967568,129.55150604248,105.080841962029,75.3323568543391,73.0108874261716,23.6323922543383,16.6522005327536,46.5290292636088,9.40424161048287,69.2671542185933,23.1248261868918,74.3094710111618,24.5796938442696,104.533228397369,12.6691546695943,29.449836112873,83.3563550313314,128.68433380127,109.476004282633,101.050340270996,57.6430317497961,96.589878684596,85.4494452395682,93.0104488026012,62.3360344995328,93.2058353424072,125.406474304199,112.257021077474,60.6743694235851,35.4177288349145,68.728487494533,97.6892196655273,21.6199166381434,61.4405906750606,46.4143952551399,131.982542419434,0,0,95.6988650730678,138.771879196167,0,161.165501912435,126.924348013742,168.687111487755,133.281044006348,149.427860804967,0,153.67183303833,0,173.342074584961,0,0,0,0,0,142.465564727783,0,0,155.095367431641,120.075988357132,0,0,0,137.177508108956,161.507025146484,135.961714172363,189.863006591797,197.823806762695,0,156.354637839577
52.7296692678862,51.133792069379,92.1425476074219,12.0886695479614,44.9732445433685,103.881867980957,74.5867572994683,44.9977822888039,69.2671542185933,8.0216133363377,61.2552412650435,115.756475830078,8.30147045287103,109.839887178861,70.7146796927547,20.9874252321575,47.3366456508636,134.185470581055,0,138.52099609375,49.2661643822988,54.2720254516602,16.15926973942,99.574591416579,16.1467440113784,71.0197219848633,116.174552554176,80.8195654062124,39.0106134915461,65.112808459402,44.6062305763976,0,121.45302772522,57.6637856352563,55.0223153088544,134.896579742432,0,0,32.2424541026988,84.9694575141458,0,104.738899230957,81.9894087049696,95.2679733276367,42.165600232211,99.7473286220006,0,90.1550338745117,0,112.797941589355,75.2184047698975,0,0,0,0,119.525293986003,0,92.2346115112305,0,55.4304275491408,0,0,0,86.48712037739,137.720681762695,113.728996276855,154.79704284668,143.936187744141,0,118.24270884196
26.5047090879287,131.899887084961,98.326865976507,67.6381827955204,18.7623709173776,119.616827011108,16.4845100851403,10.5515325807684,23.1248261868918,61.2552412650435,9.34513681526952,0,21.1151880785024,158.308258056641,24.9909642298857,53.304287225008,79.646884727478,115.349327087402,161.258071899414,149.474555969238,20.2653836219972,86.0747598501352,81.0229443730535,84.6271529631181,36.6951885259513,0,125.371831621443,99.9700950622559,22.1037760331301,67.2038307173099,56.5364751669825,0,115.857804107666,68.684316490813,70.1318043703158,137.914707183838,0,0,79.1095420837402,63.6915489272638,0,163.621640523275,125.671915390912,155.938911801293,97.2862660725911,151.863394202256,0,55.8031319936117,0,159.209920883179,0,0,0,0,0,141.165466308594,0,123.652076721191,142.650726318359,112.060658482143,0,0,0,131.56960058994,158.394706726074,223.141845703125,0,187.998947143555,0,154.462287394206
142.392682030087,58.2919453975659,84.5297344310864,74.7378975855161,0,67.4636688232422,66.9618940520705,148.677100287543,74.3094710111618,115.756475830078,0,14.5086510207142,0,22.7028833965778,85.222046988351,62.7761039733887,123.091088612874,55.634699852638,20.8523453001261,32.5436739669927,0,95.9800745093304,94.7405071774045,92.2444473266602,139.914410400391,41.0670426573072,31.5501064595297,61.3788201370785,130.710140062415,53.610909479005,112.106388607541,45.6711646065203,70.7244793285023,95.430898030599,30.6957085688221,0,120.531062534877,117.148283822196,68.3335891136756,0,0,158.818084716797,0,116.451232910156,0,0,72.9930132273081,0,73.0199177608786,0,0,0,127.327557563782,105.280629193341,117.525380815778,0,0,133.570709228516,151.783432006836,0,67.5284145724389,98.4954115393127,106.387833615567,0,87.4330558776855,0,98.5564585505305,88.5308380126953,0,94.2839029100206
56.189320136243,0,97.7152099609375,78.1845936203003,17.2539938059049,111.905897521973,21.5954073444605,48.8598116226779,24.5796938442696,8.30147045287103,21.1151880785024,0,8.83092291670767,0,64.1625590342956,13.0782856257523,68.185905456543,0,0,0,15.5645109114164,108.456352233887,84.6161735534668,97.9762137276786,22.4044580585936,0,153.78339276995,0,48.1798803055975,83.8912874025719,72.5092475891113,0,102.467636108398,88.417049258363,80.3449424217487,79.5323486328125,0,0,189.167892456055,22.3666778733231,0,53.1843064626058,135.266765594482,159.045910644531,57.5143175125122,34.7591124735606,0,10.5624553132443,0,172.641001383464,0,0,0,0,0,16.6517483324475,0,0,0,78.9823998345269,0,0,0,126.09017590114,167.634913635254,0,0,0,0,0
143.669949849447,50.7366487792044,100.627180099487,81.1783196585519,0,93.0060272216797,82.7179730733236,159.214233398438,104.533228397369,109.839887178861,158.308258056641,22.7028833965778,0,9.0693561416525,0,0,0,108.034163581,50.8578013011387,66.9453439570185,0,124.830337524414,85.814933561943,141.035690307617,121.301530020578,21.7933561227046,30.4777968241696,27.7178469912238,134.997249179416,60.8717156516181,123.460493469238,18.9682442686453,76.7309710184733,167.608825683594,47.960501642532,203.411972045898,94.3204233506147,139.202461242676,55.0654307118169,0,0,0,0,108.45602722168,0,0,66.5333196362879,0,64.8945281385709,0,0,0,136.793029785156,93.7514344995672,114.612613254123,0,0,126.609657287598,216.417098999023,142.034362792969,58.7336958030175,89.7659912525524,99.5844380391669,188.051315307617,98.3814907073975,0,89.9496427385995,86.7550926208496,0,79.8594968969172
9.21818790915991,0,93.9477853775024,67.4493595540675,83.4520037299708,29.750483760015,19.9309539467009,29.7660698178297,12.6691546695943,70.7146796927547,24.9909642298857,85.222046988351,64.1625590342956,0,6.60529071193837,28.5728228336509,72.9495207468669,109.927967834473,99.8982486724854,102.259216308594,73.4166213427585,84.1537437438965,75.3715843582153,90.3906909942627,63.7976769137095,0,125.293922916535,121.267603193011,62.724993612914,13.6477050287185,49.9290891560641,116.726402282715,16.8467983789015,29.9957133028242,37.5177591918171,127.914993286133,0,139.470596313477,73.6013590494792,140.510360717773,0,137.502792358398,134.017749786377,143.669348398844,83.0333862304688,157.083059692383,0,156.676536560059,0,149.56803894043,0,0,0,0,0,157.137741088867,0,0,0,112.396442231678,0,0,0,129.930670794319,145.271869659424,158.814086914062,0,0,0,169.898986816406
31.3230742236089,0,107.440235137939,67.6163354833075,71.9379757472447,13.3298655349889,12.7058729726146,59.3618890550401,29.449836112873,20.9874252321575,53.304287225008,62.7761039733887,13.0782856257523,0,28.5728228336509,8.0419976001247,58.2581100463867,0,108.303176879883,0,58.2029626807388,110.408821105957,74.5777532789442,84.626859664917,50.1467299203615,0,120.961668014526,104.044387817383,70.3570346217002,33.3213279724121,75.3194608688354,0,46.2132636642456,58.9351572990417,26.332462310791,0,0,0,0,112.092979431152,0,97.7010345458984,111.081771850586,135.187652587891,57.4942706714977,129.696197509766,0,89.4320487976074,0,170.098678588867,142.201309204102,0,0,0,0,0,0,0,0,70.2744806463068,0,0,0,123.886013031006,0,0,0,192.652938842773,0,103.621864318848
57.0041477496807,76.9049583103346,61.8223420279367,49.3487780525024,80.5668354034424,97.4238662719727,75.927263433283,50.5875682937965,83.3563550313314,47.3366456508636,79.646884727478,123.091088612874,68.185905456543,0,72.9495207468669,58.2581100463867,12.535636133611,82.4529068118236,0,115.498261769613,85.0491835276286,16.467417225185,34.747722360091,14.1240849413859,28.3666388043458,119.79955291748,92.5301521510294,21.2616320562752,26.2519027674358,66.3461587595385,39.9439291429858,0,107.009654998779,34.949499372452,46.4649035563111,0,194.14128112793,0,47.9526500701904,0,0,0,98.2800445556641,0,75.4668563842773,99.6169509887695,0,106.791625976562,0,0,0,0,148.452026367188,0,0,0,0,0,101.320617675781,88.5596735636393,0,183.198196411133,146.316589355469,114.498666763306,0,93.6967468261719,0,204.826568603516,0,105.666488647461
83.2445030808449,44.9844279280333,37.7419920812124,49.7894779071283,133.151260375977,144.807968139648,139.900024414062,120.447479248047,128.68433380127,134.185470581055,115.349327087402,55.634699852638,0,108.034163581,109.927967834473,0,82.4529068118236,8.3056767826787,60.7550001333256,21.9059397972801,116.138702392578,47.4858931389408,65.0762877158069,14.5386794066146,104.545848846436,70.3516639709473,17.7990171377542,52.1345637610246,105.126905243972,71.05432472229,61.8686908612976,101.576583862305,0,67.5405110524113,33.8522486816128,166.189519246419,97.2433032989502,92.7314444574816,87.9115401373969,0,0,0,149.960458374023,190.875221252441,0,0,0,0,0,0,0,157.855499267578,101.036249614897,0,111.321385383606,0,0,81.6801452636719,112.263284047445,0,70.3325347900391,99.9319269816081,98.5635473897138,151.992179870605,0,115.20033454895,0,0,0,94.7150736490885
168.378011067708,79.6120655536652,92.1337442398071,67.8288955688477,0,100.169746398926,97.3513283362755,0,109.476004282633,0,161.258071899414,20.8523453001261,0,50.8578013011387,99.8982486724854,108.303176879883,0,60.7550001333256,8.53449333579715,16.1294338502271,0,110.440380859375,0,101.01173118923,0,48.7899168061047,25.0032767806743,57.0036843196856,125.589424133301,83.223733722039,116.737463951111,46.9696725124499,0,109.627902984619,62.663906420575,0,131.802719116211,132.615356445312,72.3456840515137,0,0,0,0,222.614501953125,0,0,108.253049542827,0,86.2955157193271,0,0,0,127.839598083496,104.985816955566,111.688759342317,0,0,147.041748046875,130.118991851807,0,82.3297167883979,98.7578306625139,107.462226060721,153.828125,0,166.275924682617,107.314804803757,0,0,156.861070632935
124.244142679068,60.0035149710519,63.6484516374993,54.6599587481073,0,101.064777374268,93.8757595735438,143.009540557861,101.050340270996,138.52099609375,149.474555969238,32.5436739669927,0,66.9453439570185,102.259216308594,0,115.498261769613,21.9059397972801,16.1294338502271,9.98939302051642,0,95.2632082012338,92.2313958444903,80.4540863674825,126.310385567801,48.9219566461251,18.8716857892086,56.2050075583348,117.881389465332,86.6931143395695,94.513805476102,54.6184007275489,83.9024658203125,110.86125310262,43.3498581967092,0,104.494524002075,105.190669812654,85.8182345303622,0,0,220.913414001465,179.864151000977,0,0,0,122.900318145752,0,103.361598295324,0,0,181.329437255859,103.520659998844,109.408588409424,106.559400000939,0,124.533248901367,133.348175048828,114.906635829381,165.659332275391,89.0045860290527,96.3704308689231,103.832893979906,138.147750854492,0,164.117916107178,114.490282844095,0,0,117.953016599019
62.4945720483449,0,128.074661254883,78.5301394871303,11.6380983846612,107.176266479492,37.983436695922,51.5856974018154,57.6430317497961,49.2661643822988,20.2653836219972,0,15.5645109114164,0,73.4166213427585,58.2029626807388,85.0491835276286,116.138702392578,0,0,10.7088888360163,96.4730377197266,97.3332163492839,104.631351470947,21.5045725147269,0,160.870676676432,0,31.0758251352916,72.9650708320664,79.9427661895752,0,113.255616324289,72.8139389123809,74.0570751735142,142.283447265625,0,0,74.0781402587891,10.061614642153,0,136.682637532552,118.324447631836,160.322602081299,89.6604804992676,66.8990916472215,0,10.8452280927966,0,144.614715576172,0,0,0,0,0,10.5484666109443,0,0,0,100.755632732226,0,0,0,134.976188659668,172.388328552246,142.811641693115,0,0,0,154.456414794922
51.0840417688543,88.7621006435818,52.6754693044557,44.6610415173273,101.742579142253,111.414354324341,100.17659172645,63.6674750645955,96.589878684596,54.2720254516602,86.0747598501352,95.9800745093304,108.456352233887,124.830337524414,84.1537437438965,110.408821105957,16.467417225185,47.4858931389408,110.440380859375,95.2632082012338,96.4730377197266,8.89084648498882,37.7974408621267,15.9636723482271,23.7744325155853,113.155738830566,79.1002270991986,41.1902280778547,17.8280607690202,13.419190232333,17.6094817202237,113.829280853271,126.341997782389,47.5798841098259,42.6074145526087,0,0,122.730766296387,77.644046359592,136.999176025391,0,0,100.035629272461,122.786010742188,69.9909515380859,0,0,0,0,141.701416015625,0,0,208.737594604492,0,0,0,91.4066314697266,88.5186233520508,96.1925888061523,105.061962127686,0,166.199081420898,154.666301727295,88.3740861680773,102.142509460449,97.7069758539615,0,190.202194213867,0,120.998369852702
63.987364087786,17.9725966896529,31.553835969141,25.1772759703168,87.6705951690674,104.248388810591,87.3263089161999,60.0130435943604,85.4494452395682,16.15926973942,81.0229443730535,94.7405071774045,84.6161735534668,85.814933561943,75.3715843582153,74.5777532789442,34.747722360091,65.0762877158069,0,92.2313958444903,97.3332163492839,37.7974408621267,7.01294370451293,40.4684715760661,12.7319733820529,65.4876904078892,81.6894947661071,31.2602551993657,50.5231508089801,64.3634562325644,42.2393767269298,112.736057281494,100.678697967529,51.3211954505438,50.081309514262,136.661407470703,0,94.2426147460938,57.6333634058634,97.8764012654622,0,118.72144317627,80.6369590759277,184.653472900391,60.7806268774945,122.32915242513,107.764472961426,127.012928009033,106.559498596191,133.844436645508,85.2776031494141,53.7863960266113,0,0,0,0,131.563018798828,0,147.777587890625,75.6395791706286,0,0,127.369522094727,99.482240823599,114.450775146484,100.411717732747,0,0,0,141.042814254761
54.9667198299133,46.5531054542178,11.3303952097291,44.9372696191138,77.6464614868164,120.348073959351,102.903603447808,64.3280416300877,93.0104488026012,99.574591416579,84.6271529631181,92.2444473266602,97.9762137276786,141.035690307617,90.3906909942627,84.626859664917,14.1240849413859,14.5386794066146,101.01173118923,80.4540863674825,104.631351470947,15.9636723482271,40.4684715760661,11.8850081291287,68.8836562305415,96.2628563774957,64.1228844030131,33.6011870705685,38.1519757329591,46.6417030646139,35.1195732306845,118.464168201793,132.064231872559,57.1637779853247,39.2483294493903,144.5087890625,199.881927490234,86.681779662175,51.8994293212891,0,0,0,137.335174560547,0,0,181.541152954102,0,0,0,109.25772857666,0,116.57438659668,91.3361536661784,0,118.195587158203,0,89.6292877197266,78.474747467041,99.6837930679321,141.692176818848,0,129.547027587891,98.7458320285963,111.616731262207,0,114.694577534993,0,0,106.061225891113,111.792998313904
52.3837339107807,58.0805867513021,90.0193204012784,43.1316777773977,17.5808736884223,109.167543029785,62.8852787303567,41.5589199108548,62.3360344995328,16.1467440113784,36.6951885259513,139.914410400391,22.4044580585936,121.301530020578,63.7976769137095,50.1467299203615,28.3666388043458,104.545848846436,0,126.310385567801,21.5045725147269,23.7744325155853,12.7319733820529,68.8836562305415,7.78209910849223,0,107.503537750244,64.5007528038327,14.1329489604293,65.6370343260187,47.3007121219315,0,105.581408909389,57.1465954941589,54.1099776846676,114.547553253174,0,0,49.4382577346543,102.718722915649,0,127.205043315887,105.63721764606,125.808826841157,56.777280831238,119.402741750081,0,118.174489021301,0,139.863050460815,85.2055397033691,0,0,0,0,110.2966796875,130.272506713867,88.5858707427979,139.761217753092,73.3386357063638,0,0,160.811645507812,102.237060885959,130.085047403971,122.572647094727,0,171.887893676758,112.891212463379,129.693612532182
0,11.0172445712803,82.784126663208,11.8271171620098,0,80.2585678100586,97.5680338541667,0,93.2058353424072,71.0197219848633,0,41.0670426573072,0,21.7933561227046,0,0,119.79955291748,70.3516639709473,48.7899168061047,48.9219566461251,0,113.155738830566,65.4876904078892,96.2628563774957,0,7.20188412160696,35.5107732606346,29.0111259308682,0,71.7310462364784,115.644420623779,42.1505687662637,0,0,59.6080846736306,0,100.084716796875,0,27.5890100002289,0,0,0,0,0,0,0,58.6965004525534,0,54.2508823516521,96.1190986633301,0,0,108.435315450033,89.1160832359677,92.4012400309245,0,0,0,0,0,41.2165085077286,97.1056131490072,91.9413717800809,0,80.3867683410645,0,92.0448527213855,97.3428573608398,0,89.8323922838483
104.33846310286,35.6499385365458,17.692111380005,39.7495777279227,136.238777160645,112.016971588135,114.874243842231,103.732610143464,125.406474304199,116.174552554176,125.371831621443,31.5501064595297,153.78339276995,30.4777968241696,125.293922916535,120.961668014526,92.5301521510294,17.7990171377542,25.0032767806743,18.8716857892086,160.870676676432,79.1002270991986,81.6894947661071,64.1228844030131,107.503537750244,35.5107732606346,9.39781883294367,21.1863499519835,89.9373078374138,99.4275545102074,80.5823849670158,19.3766699446587,107.732051849365,97.6799525777802,49.8100784352255,170.547200202942,92.3047132077424,88.7188334401449,71.5707078214552,0,0,197.035293579102,155.07755613327,177.700439453125,0,164.931777954102,104.163577904135,0,85.205928052058,175.621948242188,0,132.064170837402,94.377580187472,99.4032778306441,95.7143968130498,0,118.864504241943,93.5409927368164,111.211329469586,156.268302408854,71.0383070459906,87.7641716341429,92.5957635660305,147.971841600206,182.098077392578,144.383543869545,98.3000515591014,0,192.409515380859,100.856575358998
103.430820465088,29.9546557713741,24.241461058275,39.1120722546537,219.886566162109,120.597314834595,107.920416398482,81.4717918360177,112.257021077474,80.8195654062124,99.9700950622559,61.3788201370785,0,27.7178469912238,121.267603193011,104.044387817383,21.2616320562752,52.1345637610246,57.0036843196856,56.2050075583348,0,41.1902280778547,31.2602551993657,33.6011870705685,64.5007528038327,29.0111259308682,21.1863499519835,10.5289606794738,61.9356551857682,99.933263646494,83.4108593165874,21.8895051159847,0,92.7394743380339,56.9420943536594,172.278186035156,95.2636203187885,86.945807741834,74.3923382059733,179.750312805176,0,0,161.15170955658,185.956939697266,115.014818827311,170.990875244141,108.206387860434,0,95.0395397587285,0,0,128.216115951538,98.0605048941607,104.297752700486,100.214043611015,0,164.648094177246,108.651748657227,106.809113515934,138.778467178345,92.7095799446106,92.421105135708,99.0063927865798,138.974555333455,180.963048299154,150.832357070025,105.972465829288,116.009017944336,0,109.269950548808
43.3453995650435,105.106838989258,61.32675483617,50.3034909656914,11.7281519752712,117.754525756836,71.9110433990891,20.9154384912126,60.6743694235851,39.0106134915461,22.1037760331301,130.710140062415,48.1798803055975,134.997249179416,62.724993612914,70.3570346217002,26.2519027674358,105.126905243972,125.589424133301,117.881389465332,31.0758251352916,17.8280607690202,50.5231508089801,38.1519757329591,14.1329489604293,0,89.9373078374138,61.9356551857682,9.12610866156565,63.3484077053552,30.6580826227709,122.061660766602,106.838490077427,52.7938196111211,57.0007734435836,111.959189471077,0,164.488012313843,61.6470413208008,100.40755543019,175.759338378906,129.22146203383,108.941770436812,125.733121236165,65.43053388166,117.97128200531,0,118.814156494141,0,132.195554578626,92.7732097919171,0,178.900856018066,0,178.521301269531,124.210814434549,98.1086959838867,94.3713607788086,125.805383046468,81.7490008813598,0,185.370468139648,145.83031463623,106.991212010748,137.131810071992,109.75244547526,0,153.048029581706,114.13715701633,125.347544288635
10.6796037361803,86.4983558654785,68.2474807575687,66.6337106979386,78.0570630544122,25.305703545433,24.8434219853132,31.7267458079203,35.4177288349145,65.112808459402,67.2038307173099,53.610909479005,83.8912874025719,60.8717156516181,13.6477050287185,33.3213279724121,66.3461587595385,71.05432472229,83.223733722039,86.6931143395695,72.9650708320664,13.419190232333,64.3634562325644,46.6417030646139,65.6370343260187,71.7310462364784,99.4275545102074,99.933263646494,63.3484077053552,8.43884046994931,19.2222010821104,95.2814117431641,11.0037638445024,12.1069334567407,28.1657179013608,137.271499633789,0,190.079986572266,83.4498941172724,135.489813804626,193.792976379395,152.925989786784,126.442024230957,168.530223846436,134.796087900798,150.616621164175,136.749252319336,155.961710611979,103.101261138916,159.012065124512,168.026275634766,0,0,0,128.9580078125,154.03914642334,140.678161621094,0,156.167236328125,122.564773222979,0,195.051361083984,130.165284729004,132.067010444507,153.922911071777,119.758822849819,164.370254516602,201.116115570068,0,153.312144978841
20.3052332585916,81.3537418842316,50.3159586844023,46.2521821332972,64.6649234771728,93.2321643829346,81.1017971969232,16.3447893816092,68.728487494533,44.6062305763976,56.5364751669825,112.106388607541,72.5092475891113,123.460493469238,49.9290891560641,75.3194608688354,39.9439291429858,61.8686908612976,116.737463951111,94.513805476102,79.9427661895752,17.6094817202237,42.2393767269298,35.1195732306845,47.3007121219315,115.644420623779,80.5823849670158,83.4108593165874,30.6580826227709,19.2222010821104,9.88981810978556,123.125923156738,92.4086570739746,28.5935758975106,38.6132600134076,0,0,130.86848122733,58.3210201263428,136.764694213867,0,0,102.022157941546,130.894508361816,76.3927125930786,130.187816619873,0,129.008110046387,0,139.883636474609,0,85.0229949951172,138.199211120605,0,0,0,92.4817752838135,94.2198181152344,106.445816040039,101.687770496715,0,149.39176940918,142.775047302246,106.387407001696,106.675880432129,94.9158998572308,0,152.853622436523,187.167098999023,123.84012942844
141.782501220703,73.3473743862576,95.6993881225586,66.5871458382442,0,100.770545959473,109.313045501709,0,97.6892196655273,0,0,45.6711646065203,0,18.9682442686453,116.726402282715,0,0,101.576583862305,46.9696725124499,54.6184007275489,0,113.829280853271,112.736057281494,118.464168201793,0,42.1505687662637,19.3766699446587,21.8895051159847,122.061660766602,95.2814117431641,123.125923156738,6.73681776861257,0,0,71.1411810224983,230.974761962891,113.176568031311,0,94.0624785650344,0,0,121.766242980957,203.198013305664,0,0,0,92.6197355691489,0,83.5514489966193,179.749816894531,0,0,130.804034423828,101.559521255493,104.617769877116,0,0,133.227401733398,120.628974914551,0,80.3424336958905,95.1320877705724,105.508338820196,0,112.286003112793,0,98.9136917286349,0,0,136.402176596902
77.1915504015409,0,177.682373046875,107.824475007899,113.929466247559,9.1756509343217,23.8454199571435,104.829208374023,21.6199166381434,121.45302772522,115.857804107666,70.7244793285023,102.467636108398,76.7309710184733,16.8467983789015,46.2132636642456,107.009654998779,0,0,83.9024658203125,113.255616324289,126.341997782389,100.678697967529,132.064231872559,105.581408909389,0,107.732051849365,0,106.838490077427,11.0037638445024,92.4086570739746,0,5.33109575567213,57.3014507293701,41.3959090321563,0,0,0,0,0,0,0,0,0,0,0,0,0,0,0,0,0,0,0,0,0,0,0,0,0,0,0,0,0,0,0,142.8603515625,0,0,163.959030151367
32.3426640802179,81.3502838134766,79.7180334050605,57.1314207382361,77.7199054100701,95.6637992858887,72.8287282217117,46.2490162178958,61.4405906750606,57.6637856352563,68.684316490813,95.430898030599,88.417049258363,167.608825683594,29.9957133028242,58.9351572990417,34.949499372452,67.5405110524113,109.627902984619,110.86125310262,72.8139389123809,47.5798841098259,51.3211954505438,57.1637779853247,57.1465954941589,0,97.6799525777802,92.7394743380339,52.7938196111211,12.1069334567407,28.5935758975106,0,57.3014507293701,7.98374410559453,20.9898901787874,120.40432993571,0,0,69.9168715043501,127.999479675293,0,170.815612792969,123.835394287109,145.806862831116,96.874303817749,152.312993367513,167.095855712891,141.173475265503,0,168.874801635742,0,0,0,0,0,158.117848714193,104.38288269043,0,111.012720743815,112.308009978264,0,164.45832824707,123.275386810303,117.646342383491,151.828039986747,102.251471085982,0,0,122.60245513916,165.502098083496
59.4646446754193,50.27777517832,42.9884078092123,53.4385331717063,76.1901639978936,38.5953650883266,29.1124675283319,50.9140148785097,46.4143952551399,55.0223153088544,70.1318043703158,30.6957085688221,80.3449424217487,47.960501642532,37.5177591918171,26.332462310791,46.4649035563111,33.8522486816128,62.663906420575,43.3498581967092,74.0570751735142,42.6074145526087,50.081309514262,39.2483294493903,54.1099776846676,59.6080846736306,49.8100784352255,56.9420943536594,57.0007734435836,28.1657179013608,38.6132600134076,71.1411810224983,41.3959090321563,20.9898901787874,10.676602346817,141.551894051688,82.5545036315918,94.9250551644018,67.2273232875726,136.798023223877,113.093521118164,135.827896118164,127.613432664138,149.632647196452,88.6557731628418,129.594526290894,100.285259628296,132.115880330404,103.895558547974,134.250587463379,104.259593963623,0,99.1262326627164,129.79294695173,116.024005610768,179.624710083008,94.2356696495643,69.1952266693115,106.967932267623,102.427329209272,71.4712619781494,108.755326700489,107.855422595316,110.163384543525,161.036851247152,106.00684975289,152.464670817057,168.855583190918,0,113.79283316476
121.897455851237,0,143.339828491211,96.7143096923828,69.6525955200195,0,139.304977416992,110.506244114467,131.982542419434,134.896579742432,137.914707183838,0,79.5323486328125,203.411972045898,127.914993286133,0,0,166.189519246419,0,0,142.283447265625,0,136.661407470703,144.5087890625,114.547553253174,0,170.547200202942,172.278186035156,111.959189471077,137.271499633789,0,230.974761962891,0,120.40432993571,141.551894051688,8.22507558193427,115.945392159855,83.6754046699659,78.6363251588055,72.5338297971745,68.3182935714722,32.9856442697137,21.0359754907569,16.7576628327742,55.3270660939843,25.3482157307907,139.571531700365,59.2421092623371,148.7555809021,10.6123554077798,26.5546584603382,68.3244493657892,99.3868550611032,130.549621740977,115.9413354508,60.1744721061305,73.1168552041054,58.2324066528907,69.1602413435856,52.1176974086438,160.16259765625,109.497800919934,113.039870262146,55.476815379851,13.4624455396444,15.1221674118364,154.158874511719,80.4429012796153,29.3173382496012,56.4874382716173
0,0,93.314115524292,43.6267789204915,0,0,0,0,0,0,0,120.531062534877,0,94.3204233506147,0,0,194.14128112793,97.2433032989502,131.802719116211,104.494524002075,0,0,0,199.881927490234,0,100.084716796875,92.3047132077424,95.2636203187885,0,0,0,113.176568031311,0,0,82.5545036315918,115.945392159855,6.6829339344038,33.3229380703847,10.6892779189323,119.749885559082,0,139.756720406669,99.053759870858,122.214438756307,43.2427651468913,127.180797576904,71.7328607412485,0,55.4218090266398,129.325925554548,0,63.2881295403769,50.5805023718571,79.4014842169625,52.0480422295464,0,80.6304851713635,16.1094518453166,61.849442787016,62.6569817143102,19.0856977036425,38.1384138220448,29.8966730956755,89.3106488620534,125.291797637939,101.148195296999,71.5222002665202,0,109.545562744141,53.2326356689562
0,69.0844012669155,79.7832277865023,44.7923431539894,0,0,0,124.451393127441,0,0,0,117.148283822196,0,139.202461242676,139.470596313477,0,0,92.7314444574816,132.615356445312,105.190669812654,0,122.730766296387,94.2426147460938,86.681779662175,0,0,88.7188334401449,86.945807741834,164.488012313843,190.079986572266,130.86848122733,0,0,0,94.9250551644018,83.6754046699659,33.3229380703847,9.51171273674083,35.4678574724857,110.404512023926,0,115.355326668161,68.3263097270277,106.275655345283,73.7567253112793,97.842669524294,77.652393468221,120.633193969727,68.6197648048401,108.11373017255,117.022614479065,64.0003412146317,38.1697136878967,79.2707210633813,65.3316659541488,127.517001342773,43.5096940780297,33.6507992430251,13.8902663649601,83.6189270019531,65.7986132303874,21.495965689006,19.7484109035925,48.3761238730217,93.7303539467923,57.1846818158226,74.4666924476624,108.904537200928,105.06363714309,49.4482609645299
87.0000629425049,72.6404075622559,47.1360535317279,15.4119018354724,83.4448666572571,143.538452148438,99.1770858764648,66.0252415793283,95.6988650730678,32.2424541026988,79.1095420837402,68.3335891136756,189.167892456055,55.0654307118169,73.6013590494792,0,47.9526500701904,87.9115401373969,72.3456840515137,85.8182345303622,74.0781402587891,77.644046359592,57.6333634058634,51.8994293212891,49.4382577346543,27.5890100002289,71.5707078214552,74.3923382059733,61.6470413208008,83.4498941172724,58.3210201263428,94.0624785650344,0,69.9168715043501,67.2273232875726,78.6363251588055,10.6892779189323,35.4678574724857,19.9180617612951,58.5667558530482,104.487533569336,83.693892182975,64.3698173989323,82.6940753008868,10.0280842024335,77.112390349893,59.2019016265869,69.0334048800998,31.396877563268,80.0964710351193,48.1916113495827,60.696370848903,49.3201430838449,64.9579889812167,54.1821377311785,79.3689320882161,51.555524624214,26.8946669155595,45.7775850858315,29.4927909425795,20.5733568701026,38.9810927843236,38.181200277773,47.9958595172312,79.9454103890112,54.5236040436741,57.6556078592936,107.802892896864,54.8833953259038,59.0405299043002
114.560541788737,0,148.188888549805,82.7292633056641,6.85077697447966,173.650054931641,165.429425557454,116.202055557914,138.771879196167,84.9694575141458,63.6915489272638,0,22.3666778733231,0,140.510360717773,112.092979431152,0,0,0,0,10.061614642153,136.999176025391,97.8764012654622,0,102.718722915649,0,0,179.750312805176,100.40755543019,135.489813804626,136.764694213867,0,0,127.999479675293,136.798023223877,72.5338297971745,119.749885559082,110.404512023926,58.5667558530482,8.28202649083161,158.514129638672,55.411644965103,39.4353814381163,79.0963465372721,50.1337628096677,18.8015183434593,140.665473937988,26.6182970719549,170.815864562988,88.8711366897974,77.5100681304932,57.6491165161133,147.757266998291,0,0,15.3861637397492,83.1911888122559,107.752883911133,79.5342388668576,22.5313061902732,0,145.934458732605,100.03315713065,13.8035016322471,91.3586998780568,60.8155851364136,0,123.620303067294,77.2663742164513,86.2052246664657
180.925720214844,0,0,0,0,0,0,0,0,0,0,0,0,0,0,0,0,0,0,0,0,0,0,0,0,0,0,0,175.759338378906,193.792976379395,0,0,0,0,113.093521118164,68.3182935714722,0,0,104.487533569336,158.514129638672,7.25699271095335,9.99689738648094,105.891204833984,16.4050063454811,104.529220581055,105.249790485089,66.6760009765625,95.2605857849121,81.3646825154622,33.9574881550482,11.986924155757,0,0,0,0,87.8622207641602,0,174.270446777344,78.3093032836914,104.580387660435,0,96.3969955444336,89.4034843444824,119.33881632487,30.1692136417736,119.638954162598,0,10.3553123703345,76.0817642211914,38.9081737200419
148.560549054827,0,0,102.476103210449,151.779001235962,0,192.304534912109,133.211239085478,161.165501912435,104.738899230957,163.621640523275,158.818084716797,53.1843064626058,0,137.502792358398,97.7010345458984,0,0,0,220.913414001465,136.682637532552,0,118.72144317627,0,127.205043315887,0,197.035293579102,0,129.22146203383,152.925989786784,0,121.766242980957,0,170.815612792969,135.827896118164,32.9856442697137,139.756720406669,115.355326668161,83.693892182975,55.411644965103,9.99689738648094,8.2287992623965,49.4895957776695,18.439971439527,69.263785583521,15.0732819293956,82.3214428311303,23.6236328520237,97.5192527770996,27.0434737873062,14.4060631785782,0,134.343458175659,112.581523895264,123.845529556274,32.9374432741706,85.3088798522949,97.3215475643382,99.5891970120943,47.2634439087078,94.9252243041992,137.441333550673,129.10426066472,57.658886550947,30.4542719331849,81.4148419903171,106.815635681152,14.7950877422829,73.6045153092365,51.3318197706998
120.727809361049,0,135.633434642445,75.434741973877,126.686402893066,0,148.276181030273,109.086092168635,126.924348013742,81.9894087049696,125.671915390912,0,135.266765594482,0,134.017749786377,111.081771850586,98.2800445556641,149.960458374023,0,179.864151000977,118.324447631836,100.035629272461,80.6369590759277,137.335174560547,105.63721764606,0,155.07755613327,161.15170955658,108.941770436812,126.442024230957,102.022157941546,203.198013305664,0,123.835394287109,127.613432664138,21.0359754907569,99.053759870858,68.3263097270277,64.3698173989323,39.4353814381163,105.891204833984,49.4895957776695,9.20519780668691,39.1160762379318,41.7535025774344,13.2166028677851,135.748443603516,42.4507128355519,125.637550354004,22.801492139808,58.7410391783103,65.8360245444558,88.9349391517457,130.492417060004,111.400312460814,55.4839511999563,59.286354731488,60.885905790329,50.4904442734403,35.1803919680511,136.209712982178,101.571664398273,96.9152716133646,13.8027351172934,34.3515495094843,10.9823693577401,148.769924163818,108.525609565504,50.052147693634,63.1810740243186
