9.55521527925624,107.188184022903,94.1834304216173,74.9621416103621,69.7218293641743,54.1037464141846,40.8312111342635,33.039058981282,17.0681901146038,61.8394597679508,47.0831076152289,115.675827026367,67.8496230820478,149.707168579102,8.35402716109075,32.3790041666764,102.073654810588,84.3322958143306,0,126.92224080939,68.8537828330226,67.0279249759121,71.4233252785423,74.3851986348195,63.3768027276218,0,105.677752430375,108.87792310886,54.7521148406932,10.2374522673062,28.8208744110702,0,70.6379549843924,18.9782744782715,59.2460732131169,0,0,161.885070800781,118.183778127035,152.870401382446,0,154.22878519694,127.219605429131,151.651859989873,122.304063161214,141.548247117263,0,140.923343658447,0,147.142047119141,149.883377075195,0,192.878677368164,198.714218139648,0,139.733535766602,191.679992675781,154.886123657227,0,119.036973317464,0,183.932017008464,180.136863708496,133.699256143452,158.280683244978,135.380138397217,0,0,0,164.821355183919
107.188184022903,7.10505533541564,30.2699999962064,11.7779372577717,0,210.258972167969,166.853698730469,101.30802154541,138.821886062622,62.3949056972157,0,57.4342541030691,0,48.5830500532941,124.735287984212,135.427536010742,78.9967101601993,44.1824898989187,64.8574333190918,57.3207868323269,0,88.0550908927458,10.4800575626759,48.2452031351485,78.6702467600505,16.1013829918062,28.204422584096,24.5059346839151,113.239024513646,103.461897713797,94.5209975824123,62.8059177398682,0,93.4067068099976,57.4537917057357,0,33.1038217544556,56.2198257446289,29.0849914073944,0,0,0,0,0,110.97420501709,0,0,0,72.1254358291626,0,0,0,84.704345703125,0,109.558981323242,0,0,118.845420837402,0,0,46.7050726148817,99.4738679183157,80.2732400894165,128.993942260742,0,168.442626953125,0,0,0,119.870132446289
94.1834304216173,30.2699999962064,9.5292653507112,31.8170302424249,0,155.983459472656,117.678632909601,76.0473485542686,104.645198088904,104.425212097168,84.9828175136021,65.5504218899474,133.190673828125,63.0614547729492,108.260211586952,122.795749317516,66.0487554990328,33.452113340198,0,57.8038444113224,0,63.4552502274902,34.3928210018398,16.2555387130219,111.24927854538,0,18.5374345838905,19.039767506872,56.6388528237935,100.862051963806,69.056630892367,80.370226542155,164.440097045898,96.0744718404917,48.7164310357649,0,112.281967163086,89.3546121120453,55.7825785742866,0,0,0,111.763221740723,0,0,0,157.439437866211,0,0,0,0,0,99.1786894979356,126.152969360352,114.398630777995,0,108.659744262695,141.820587158203,110.920195988246,0,0,89.8450465955232,92.8796592245297,145.249031066895,0,128.028549194336,0,0,0,111.617286682129
74.9621416103621,11.7779372577717,31.8170302424249,35.2725455335208,49.800609033758,137.383102416992,84.1868363606561,54.6153659251199,82.0072925885518,23.2340864059972,74.4551254434788,45.3111030624573,79.2234516143799,38.4206117884318,78.7177726018996,88.719690322876,39.9049257507467,45.1487568972814,104.043991088867,51.5029701019107,82.3423292371962,55.305184640427,23.4982506153535,40.8192126719466,33.4243224911857,10.1623756634868,29.6764655500616,32.8710182776532,44.7642508737579,62.4177006077122,52.25176211174,44.8796762738909,124.607765197754,51.7332672098632,58.6930624627052,72.7166175842285,50.5805934906006,54.6839640062909,17.1591973863206,83.7101936340332,0,104.837073553176,63.0462343025208,107.325038909912,46.6558837625715,94.8544224103292,94.5031187269423,96.606632232666,51.678242955889,94.6630043207213,0,67.351547642758,64.679924760785,0,77.8809592723846,107.195434570312,67.2054474648465,12.2543153142983,69.4280171348935,59.1523581708787,31.2905891765248,55.3615131929431,53.1030848981805,62.0839089168015,80.5430753466109,63.1843261491685,0,137.343658447266,70.1907098669755,77.2993779942609
69.7218293641743,0,0,49.800609033758,7.75446452336965,116.531890869141,55.1433658888846,44.3721690707737,68.3338275562633,32.8557835578918,19.1741355540839,0,16.566029320459,0,85.340621865314,40.7556100875612,0,0,0,0,11.6048627188624,0,46.4914478302002,150.913330078125,11.362161301736,0,0,119.008697509766,15.6971879689548,84.4667471598804,72.6552333831787,0,140.580642700195,74.241808796977,81.3376278572894,0,0,0,76.1828117370605,9.11319640589363,213.08576965332,131.254416601998,118.982083638509,145.898805015966,86.6981110683707,126.324624480715,206.663467407227,28.0721469905641,0,143.427334125225,118.760311126709,0,0,0,0,24.9702605347575,0,120.520261764526,0,100.418735970001,0,0,0,85.7459617097295,127.44113667806,0,0,0,0,125.523094177246
54.1037464141846,210.258972167969,155.983459472656,137.383102416992,116.531890869141,6.82129979183392,11.5846140893533,111.357343974866,21.3919911668891,97.1800791422526,106.128955841064,56.025318145752,99.2957645913829,0,30.9004570969087,15.0733023419697,0,0,0,0,105.783462524414,126.522052764893,0,146.811042785645,101.843397776286,0,172.74573135376,159.431037902832,110.048165572317,21.8069119064896,0,0,9.23741929019207,0,40.5948978799288,0,0,0,0,196.188140869141,0,0,179.79203578404,190.250141143799,0,190.574035644531,0,191.942260742188,0,0,0,0,0,0,0,0,0,0,0,161.287155151367,0,0,0,187.67509121365,0,0,0,0,0,0
40.8312111342635,166.853698730469,117.678632909601,84.1868363606561,55.1433658888846,11.5846140893533,8.58839847251738,48.9206236025943,13.4039054688119,76.1413737128763,18.5694821870389,0,21.4685030636711,0,23.2745729655883,11.8715673552231,124.348684946696,143.414994981554,0,197.938369750977,40.2528263092041,103.427671779286,113.769071578979,111.973834946576,70.8481674912397,0,152.292195017745,124.957447918979,47.3030585805611,27.1457802875631,110.401981777615,0,14.5966246032296,77.6117868423462,44.9238619997221,164.208485921224,0,0,93.0042521158854,154.488381958008,177.006210327148,146.78383026123,136.327344871429,166.640122812006,151.082110087077,145.832837308391,0,134.810615963406,0,180.441288998252,146.952882766724,145.430694580078,0,0,0,153.736029730903,0,0,0,124.565697285666,0,0,181.355346679688,144.102108867229,186.198657035828,0,0,0,214.831512451172,167.175555419922
33.039058981282,101.30802154541,76.0473485542686,54.6153659251199,44.3721690707737,111.357343974866,48.9206236025943,9.83832557666705,44.867682336394,48.866886979098,10.3550288209638,0,43.633662680505,0,17.7442108487821,67.474414389474,76.7834477526076,113.570844579626,0,0,63.094354062467,48.138192764035,62.295500150541,65.7371200073597,46.6189554218027,0,106.841060161591,86.1004232256164,16.6894816290269,47.7683307990312,14.0335360888588,0,125.032000454989,56.4551569338567,70.7000426446102,130.734908209907,0,0,70.2907880895278,136.825563531173,0,133.336245802582,113.49806380961,142.302128784639,107.767455037435,127.32066926502,0,130.849984486898,0,142.808578491211,128.908935546875,0,0,0,0,139.371601798318,196.424621582031,119.691558837891,0,106.809892089844,0,0,0,116.078987228536,150.133813781738,99.6885553995768,0,195.089447021484,131.47067006429,144.289154501522
17.0681901146038,138.821886062622,104.645198088904,82.0072925885518,68.3338275562633,21.3919911668891,13.4039054688119,44.867682336394,8.58726637821752,69.8614596114761,16.1467016407594,158.86311340332,40.3149239920498,0,11.8659851194717,27.2014341457656,103.553516387939,127.012933943007,0,164.52357228597,62.9151620434177,88.0562365087449,106.345901489258,95.7217152084912,63.9411483129499,0,131.055546439473,110.322036789403,59.4072138433996,24.3588423902649,92.5244610694147,172.720626831055,14.9417806149306,75.8031823451702,55.7212995874121,141.19024004255,0,0,101.2438460456,143.564909798758,0,142.705710658321,128.961145830584,153.260944737328,110.692326681955,137.011220695147,231.739807128906,154.208634694417,0,162.983288678256,135.52821858724,0,0,0,0,147.351521015167,211.764755249023,209.556762695312,166.451232910156,123.039584666285,0,169.864593505859,163.442947387695,134.588522968987,174.405670752892,0,0,0,0,162.984674072266
61.8394597679508,62.3949056972157,104.425212097168,23.2340864059972,32.8557835578918,97.1800791422526,76.1413737128763,48.866886979098,69.8614596114761,7.41560914390097,69.0278196816493,0,11.4099846193867,105.896926879883,72.2519560003999,20.7842236995697,62.7119788001565,105.145612080892,0,108.406196594238,43.729363731716,62.0371702986154,26.6206953710217,75.5249516413762,18.1758464525025,79.1899967193604,102.623764038086,77.364445943681,40.2453568741267,57.8944656536017,52.9860116919,141.422424316406,109.66788482666,51.7811258117296,60.2984196880948,99.2413314819336,0,0,29.5723028182983,105.19658501943,0,126.240900675456,93.5062476264106,140.458324432373,58.480596608129,108.772754869963,0,78.2408676147461,0,145.428462982178,0,0,0,0,0,99.8307357788086,93.7413101196289,27.9114894866943,0,68.8764366003183,0,0,0,108.429480796637,140.568202427455,83.8712488810221,0,0,53.4722633361816,133.385726928711
47.0831076152289,0,84.9828175136021,74.4551254434788,19.1741355540839,106.128955841064,18.5694821870389,10.3550288209638,16.1467016407594,69.0278196816493,8.20538489130178,0,16.6751669178808,0,15.1852778096903,61.2862500012931,94.9558580186632,133.844236373901,0,144.740539550781,11.3136308044123,69.031065311072,94.9525616963704,82.1319772664783,43.736187997702,0,114.207339816623,95.9822202660572,16.6489515268507,78.1844114339014,43.4280227224032,0,113.484162648519,74.9172348119386,80.3691554230038,202.97868347168,0,0,78.9243217468262,122.842917323112,0,149.692788600922,136.378508926986,164.506643730297,98.1495145714801,146.227293568273,0,145.523202342372,0,164.212718083308,130.986795425415,0,0,0,0,146.283731079102,0,0,0,120.3936078938,0,204.189956665039,0,143.752436853904,186.297973632812,0,0,0,178.014663696289,180.637854003906
115.675827026367,57.4342541030691,65.5504218899474,45.3111030624573,0,56.025318145752,0,0,158.86311340332,0,0,11.6257352468987,0,17.9322221519912,53.4752426147461,0,99.3253707885742,40.0601107212886,18.1527132357688,24.5906408584262,0,80.9288480932062,83.3105185372489,67.5589028216423,0,22.930350040089,28.4208610730058,45.5496312665991,111.986473083496,81.1739536632191,81.9390439987183,28.8712868434799,0,91.0929662068685,25.2462770742883,0,77.8871307373047,0,48.309549407959,0,0,0,0,0,0,0,51.9496040344238,0,78.9598861694336,0,0,0,116.159713745117,94.0566253662109,96.0552635192871,0,0,0,133.504150390625,0,65.0828631531958,97.6130487542403,89.0427770967837,0,0,0,0,0,0,0
67.8496230820478,0,133.190673828125,79.2234516143799,16.566029320459,99.2957645913829,21.4685030636711,43.633662680505,40.3149239920498,11.4099846193867,16.6751669178808,0,8.40217059578231,0,67.8159635145586,12.9367840361353,0,0,0,0,10.2260149516268,0,57.5623715718587,108.749486287435,19.4762994475186,0,0,127.928892953055,40.0365506446413,72.8035582378234,105.35075378418,0,95.8210013894474,83.9305766423543,74.681798196608,0,0,0,93.7182312011719,45.333026658921,0,148.463689168294,137.170704650879,158.828655787877,0,130.55426965441,0,7.18257799276705,0,196.760879516602,0,0,0,0,0,55.2495926856995,0,0,0,111.848860367485,0,0,0,141.013635953267,168.432861328125,0,0,0,0,139.11979675293
149.707168579102,48.5830500532941,63.0614547729492,38.4206117884318,0,0,0,0,0,105.896926879883,0,17.9322221519912,0,7.08397709563746,0,0,109.686454772949,71.4957940237863,41.7499837975753,41.6110795606084,0,0,72.3169679641724,79.2341461181641,108.110054016113,16.0811820871099,20.7900096434669,21.4874376019853,0,44.3002586364746,0,16.0114972934486,0,104.777648925781,33.2851791268134,0,72.5999018351237,0,41.8242003377279,0,0,0,0,0,0,0,27.5715964847141,0,9.35007184829643,0,0,0,0,82.1185353597005,80.6986751556396,0,0,81.7436828613281,0,0,49.3155962048155,90.1320457458496,85.0540845116904,0,0,0,91.1664199829102,0,0,32.9180908203125
8.35402716109075,124.735287984212,108.260211586952,78.7177726018996,85.340621865314,30.9004570969087,23.2745729655883,17.7442108487821,11.8659851194717,72.2519560003999,15.1852778096903,53.4752426147461,67.8159635145586,0,6.86991335012886,27.308599107886,94.2859649658203,104.21280670166,0,143.155527750651,83.8664630733124,81.9093900240385,99.9173306551847,90.5245703359221,74.0734877911736,0,122.69296180462,125.567678451538,57.0120238849823,11.7466165693475,20.1847696987358,0,10.563265642024,99.0034136772156,38.1648568616849,150.924575805664,0,0,95.8138198852539,165.976106431749,0,156.532665252686,139.516910502116,163.614094660832,134.319247245789,150.971285326727,196.410125732422,150.41281636556,0,172.182037353516,0,0,0,0,0,165.388008117676,0,0,0,130.003751922072,0,0,0,144.62474822998,165.628024631076,0,0,238.593185424805,0,175.530578613281
32.3790041666764,135.427536010742,122.795749317516,88.719690322876,40.7556100875612,15.0733023419697,11.8715673552231,67.474414389474,27.2014341457656,20.7842236995697,61.2862500012931,0,12.9367840361353,0,27.308599107886,6.60877329554901,0,0,0,192.068298339844,37.1040730079015,107.794987996419,65.9401512145996,103.718194961548,37.1798420633589,0,117.880058288574,133.869846343994,87.5751472049289,30.1030896026964,61.5564079284668,0,40.6314815488355,86.3430564880371,28.855539228858,0,0,0,89.4901504516602,0,0,150.519538879395,132.685324532645,160.415166219076,99.1877059936523,151.573944091797,0,0,0,0,0,0,0,0,0,0,0,0,0,129.425540924072,0,0,0,148.70166015625,156.01220703125,0,0,0,0,0
102.073654810588,78.9967101601993,66.0487554990328,39.9049257507467,0,0,124.348684946696,76.7834477526076,103.553516387939,62.7119788001565,94.9558580186632,99.3253707885742,0,109.686454772949,94.2859649658203,0,12.7121391732869,75.1843952399034,107.545532226562,96.1076560387245,0,20.8709686047356,27.4115611412664,18.546426467057,20.6842564871288,0,91.8411333901542,15.0278036153135,30.4720247139255,73.2738667896816,50.4753900515805,0,0,54.7694409110329,66.5150035803135,0,0,0,0,0,0,0,0,0,0,178.843963623047,0,0,0,0,0,0,0,0,0,0,0,109.241027832031,95.892017364502,28.9556017751279,0,128.806018829346,149.626541137695,153.323055267334,186.127990722656,0,0,0,0,0
84.3322958143306,44.1824898989187,33.452113340198,45.1487568972814,0,0,143.414994981554,113.570844579626,127.012933943007,105.145612080892,133.844236373901,40.0601107212886,0,71.4957940237863,104.21280670166,0,75.1843952399034,13.7543966163884,43.1174630059136,19.6116337060086,0,46.9138729289763,64.5943798489041,23.278654930636,95.9936631520589,37.7350196349315,28.2248516139591,49.0474130957695,90.8723032242213,72.5485979050629,59.2270955487485,61.494987487793,210.797103881836,67.2883536333595,23.7445180216462,0,0,100.094384431839,85.423638343811,0,0,0,0,0,0,0,119.851971944173,0,142.436553955078,0,0,0,106.37154883843,106.889691670736,98.5466324163943,0,153.151295979818,146.66748046875,109.051918029785,0,67.5423552195231,91.7645158285297,97.7777636391776,157.622611999512,200.895896911621,130.106155395508,131.731338500977,0,0,121.112051391602
0,64.8574333190918,0,104.043991088867,0,0,0,0,0,0,0,18.1527132357688,0,41.7499837975753,0,0,107.545532226562,43.1174630059136,6.91518157991355,10.5049631604059,0,0,102.262008666992,0,0,36.5667531562574,20.9186934539766,48.8738660812378,0,0,0,40.5175649779184,0,0,52.5080740937089,0,0,0,0,0,0,0,0,0,0,0,0,0,83.1113662719727,0,0,0,0,0,122.574523925781,0,0,0,0,0,62.3535823822021,105.539108276367,98.7441199166434,0,0,0,0,0,0,0
126.92224080939,57.3207868323269,57.8038444113224,51.5029701019107,0,0,197.938369750977,0,164.52357228597,108.406196594238,144.740539550781,24.5906408584262,0,41.6110795606084,143.155527750651,192.068298339844,96.1076560387245,19.6116337060086,10.5049631604059,10.9428145650296,0,82.6260933242478,89.8963871831479,54.5059735368474,114.76019859314,31.6571348151382,25.5627580311226,50.9868066121411,115.726955413818,95.3544374663254,88.1573422241211,38.8405762230104,0,87.1989360809326,30.3510789995841,0,125.65100402832,109.020004272461,57.7273471666419,0,0,0,0,0,0,0,108.168714523315,0,85.7796986897786,0,0,0,116.053433100382,92.6229370117187,91.0961365991709,0,176.171890258789,0,147.373081207275,0,63.8126867711544,86.5178890228271,83.801194636518,0,0,0,97.7797832489014,0,0,118.061008453369
68.8537828330226,0,0,82.3423292371962,11.6048627188624,105.783462524414,40.2528263092041,63.094354062467,62.9151620434177,43.729363731716,11.3136308044123,0,10.2260149516268,0,83.8664630733124,37.1040730079015,0,0,0,0,7.18151635971613,164.30224609375,67.2678146362305,0,14.3539831766356,0,0,0,27.6424895763397,85.2262584595453,0,0,117.351322174072,80.3832240178035,84.804024166531,0,0,0,94.9203502110073,27.5844124983815,0,147.057904663086,132.166419165475,158.085907709031,94.6088619232178,143.005036867582,0,12.6126547941385,0,181.011390686035,117.450206756592,0,0,0,0,141.081481933594,0,114.525985717773,221.806838989258,104.201267581516,0,0,0,143.598881959915,185.356369018555,0,0,0,0,162.8173828125
67.0279249759121,88.0550908927458,63.4552502274902,55.305184640427,0,126.522052764893,103.427671779286,48.138192764035,88.0562365087449,62.0371702986154,69.031065311072,80.9288480932062,0,0,81.9093900240385,107.794987996419,20.8709686047356,46.9138729289763,0,82.6260933242478,164.30224609375,10.564913258519,42.2333798024846,19.1757739164393,32.6950311371393,86.9405212402344,86.720321814773,56.8307287185423,27.520765612022,42.4732069303363,24.3906576077837,120.258464813232,124.482078552246,46.9081418956982,44.3677125307408,163.006729125977,0,133.017459869385,85.485196685791,0,0,0,119.85813369751,0,0,0,0,0,0,144.827758789062,0,137.016876220703,165.123713175456,0,181.378402709961,0,115.556648254395,67.5687065124512,92.9147504170736,120.048175811768,0,156.928538004557,142.064270019531,120.700706164042,144.20456804548,127.086381530762,0,0,0,111.869946797689
71.4233252785423,10.4800575626759,34.3928210018398,23.4982506153535,46.4914478302002,0,113.769071578979,62.295500150541,106.345901489258,26.6206953710217,94.9525616963704,83.3105185372489,57.5623715718587,72.3169679641724,99.9173306551847,65.9401512145996,27.4115611412664,64.5943798489041,102.262008666992,89.8963871831479,67.2678146362305,42.2333798024846,8.07990764343016,40.5629978901659,17.7021767173237,37.1185547714933,73.2321914732456,27.3905149987756,41.3978393058171,53.8074673062279,49.1740639550868,114.767196655273,0,45.9247520686863,55.6955791186261,76.0145416259766,129.512222290039,69.2398668924967,14.0999334485907,130.899117279053,0,118.24521891276,78.8275994194879,111.062604631696,74.8618550981794,120.570270865304,0,106.58617401123,195.049072265625,84.6720485687256,115.25749206543,49.229798634847,70.9957809448242,0,132.314219156901,117.62499109904,61.9652857971191,10.4739348855928,54.6022820923459,77.8854982852936,77.4670391082764,135.175336837769,70.3008150373186,81.3932392087757,61.646730695452,59.3459105398141,0,0,54.3116354942322,66.4149012565613
74.3851986348195,48.2452031351485,16.2555387130219,40.8192126719466,150.913330078125,146.811042785645,111.973834946576,65.7371200073597,95.7217152084912,75.5249516413762,82.1319772664783,67.5589028216423,108.749486287435,79.2341461181641,90.5245703359221,103.718194961548,18.546426467057,23.278654930636,0,54.5059735368474,0,19.1757739164393,40.5629978901659,11.8527407855559,37.9049888949528,0,54.9037266268049,25.735943512212,45.8513345766256,68.9842836341528,43.301133553415,92.6911697387695,154.703954060872,63.120389231758,35.2819848677598,161.534942626953,0,97.2063696725028,59.7279314313616,0,0,0,134.074046543666,197.639533996582,0,0,0,0,0,232.043319702148,0,130.251490275065,136.310121154785,0,0,0,104.945705413818,62.9325354003906,90.6412633260091,84.7530485788981,0,135.925763130188,131.379088401794,131.76861445109,175.99987411499,114.953926086426,0,0,139.275493621826,141.120372009277
63.3768027276218,78.6702467600505,111.24927854538,33.4243224911857,11.362161301736,101.843397776286,70.8481674912397,46.6189554218027,63.9411483129499,18.1758464525025,43.736187997702,0,19.4762994475186,108.110054016113,74.0734877911736,37.1798420633589,20.6842564871288,95.9936631520589,0,114.76019859314,14.3539831766356,32.6950311371393,17.7021767173237,37.9049888949528,8.66915479488461,0,116.090088844299,56.3853545426623,15.0851112541349,63.3092108759964,57.8204424813237,0,122.473441229926,57.3024009797208,64.7657989148827,111.803672366672,120.587949752808,201.474914550781,67.2332246811663,108.937890257154,154.053680419922,115.080766689558,99.9562956969862,127.344223248331,68.1340133886543,109.097888751363,0,106.946842519248,0,136.069710804866,88.7292938232422,119.170219421387,0,0,0,115.445835406964,116.542106628418,93.9537636252011,161.973728942871,79.2402980049567,0,0,149.893657684326,106.049630964622,139.891018407485,117.186860304612,0,166.083676656087,116.419401550293,139.951926521633
0,16.1013829918062,0,10.1623756634868,0,0,0,0,0,79.1899967193604,0,22.930350040089,0,16.0811820871099,0,0,0,37.7350196349315,36.5667531562574,31.6571348151382,0,86.9405212402344,37.1185547714933,0,0,7.94622626058392,28.4525226449743,14.3669827027508,137.261703491211,0,0,39.5871929707735,0,0,45.1118841807048,0,56.8041307009183,0,30.8601280559193,0,0,0,0,0,136.927154541016,0,52.5384268760681,0,55.3754883872138,0,155.097686767578,0,100.707130432129,74.9085140228271,70.7807086762928,0,0,86.4439958844866,0,0,41.660388574892,68.6097704569499,63.6444759764202,0,0,0,74.7066529591878,0,0,0
105.677752430375,28.204422584096,18.5374345838905,29.6764655500616,0,172.74573135376,152.292195017745,106.841060161591,131.055546439473,102.623764038086,114.207339816623,28.4208610730058,0,20.7900096434669,122.69296180462,117.880058288574,91.8411333901542,28.2248516139591,20.9186934539766,25.5627580311226,0,86.720321814773,73.2321914732456,54.9037266268049,116.090088844299,28.4525226449743,9.29809656260789,19.1961353232269,106.374045647515,100.02642998138,87.7371241046536,17.1086306763306,186.237452189128,85.8848223368327,47.99347868472,154.094175066267,86.7105770111084,98.0547468604111,44.6049003995698,0,0,0,145.022830200195,193.277679443359,0,194.679641723633,98.9954958829013,224.428665161133,76.9190929574026,187.339382171631,0,0,96.2547448275766,85.0331348619963,87.4493216624302,0,135.428549546462,95.3499717712402,117.834508895874,0,56.7671603508715,78.1844450619729,79.174728759859,167.669291178385,189.359439849854,141.380972968207,96.0648087395562,0,143.645416259766,103.765428331163
108.87792310886,24.5059346839151,19.039767506872,32.8710182776532,119.008697509766,159.431037902832,124.957447918979,86.1004232256164,110.322036789403,77.364445943681,95.9822202660572,45.5496312665991,127.928892953055,21.4874376019853,125.567678451538,133.869846343994,15.0278036153135,49.0474130957695,48.8738660812378,50.9868066121411,0,56.8307287185423,27.3905149987756,25.735943512212,56.3853545426623,14.3669827027508,19.1961353232269,8.89721500334769,65.4154066336275,112.158113158575,87.2721368070703,13.1238910140502,0,100.188285096051,61.4203914113436,148.809661865234,65.9577760696411,98.60625,50.6302290486765,0,0,192.546081542969,132.73067855835,196.097129821777,165.111587524414,0,93.9765701293945,0,76.551062761727,182.474960327148,0,0,104.331730157557,93.0957722383387,93.7863909553079,0,142.203048706055,77.1332450866699,134.819738908248,114.031787872314,60.2988564132096,85.0855175326852,81.8308731623133,132.449579620361,174.150009155273,133.079434712728,95.6297950744629,0,0,116.995272636414
54.7521148406932,113.239024513646,56.6388528237935,44.7642508737579,15.6971879689548,110.048165572317,47.3030585805611,16.6894816290269,59.4072138433996,40.2453568741267,16.6489515268507,111.986473083496,40.0365506446413,0,57.0120238849823,87.5751472049289,30.4720247139255,90.8723032242213,0,115.726955413818,27.6424895763397,27.520765612022,41.3978393058171,45.8513345766256,15.0851112541349,137.261703491211,106.374045647515,65.4154066336275,9.21584641431851,64.0759044978058,37.9540999110278,122.424163818359,114.868392944336,53.3198050767146,61.9824036256111,113.92873703806,141.989349365234,198.700958251953,76.6833880742391,109.602673608113,0,134.529569205591,108.968934362334,142.17562571879,95.806676864624,134.355917959502,201.989761352539,139.088279724121,0,135.924812011719,140.083335876465,116.401664733887,176.388534545898,184.294387817383,176.641555786133,140.222442040077,113.938232421875,87.3126282162137,134.991563796997,63.4284274019165,200.179901123047,214.715835571289,185.083567301432,112.509917437546,126.461232930204,108.983913471172,0,189.914459228516,101.870538838704,129.9474482329
10.2374522673062,103.461897713797,100.862051963806,62.4177006077122,84.4667471598804,21.8069119064896,27.1457802875631,47.7683307990312,24.3588423902649,57.8944656536017,78.1844114339014,81.1739536632191,72.8035582378234,44.3002586364746,11.7466165693475,30.1030896026964,73.2738667896816,72.5485979050629,0,95.3544374663254,85.2262584595453,42.4732069303363,53.8074673062279,68.9842836341528,63.3092108759964,0,100.02642998138,112.158113158575,64.0759044978058,6.43937708315647,17.7959681676811,0,11.0266062835037,11.0353385284512,27.2931258920723,144.47617594401,0,128.149215698242,95.7126269870334,160.015296300252,0,165.47964829665,134.100730822637,166.7880025793,153.593826293945,159.41522203173,0,167.647687639509,0,163.783666249868,185.018539428711,0,166.615264892578,0,175.866989135742,166.718670931729,146.77562713623,96.6871371799045,150.659442138672,130.343257859174,0,160.163970947266,143.550445556641,130.938953906814,151.094480895996,125.728573967429,0,187.796264648438,125.804254804339,152.57311706543
28.8208744110702,94.5209975824123,69.056630892367,52.25176211174,72.6552333831787,0,110.401981777615,14.0335360888588,92.5244610694147,52.9860116919,43.4280227224032,81.9390439987183,105.35075378418,0,20.1847696987358,61.5564079284668,50.4753900515805,59.2270955487485,0,88.1573422241211,0,24.3906576077837,49.1740639550868,43.301133553415,57.8204424813237,0,87.7371241046536,87.2721368070703,37.9540999110278,17.7959681676811,9.5005266023924,0,0,30.0980437904897,38.8150896947233,119.608165447529,0,157.928161621094,76.8738813400269,162.21012878418,0,159.907730102539,113.111500462742,158.877850532532,143.330764770508,168.875930786133,0,0,0,144.763672722711,0,101.956783294678,156.925064086914,0,163.747032165527,195.180282592773,118.121462583542,72.0608731395793,131.603631761339,112.647316630294,0,163.821725463867,155.822464942932,112.718076966408,127.578234672546,113.906890869141,0,0,113.960011291504,128.834093802316
0,62.8059177398682,80.370226542155,44.8796762738909,0,0,0,0,172.720626831055,141.422424316406,0,28.8712868434799,0,16.0114972934486,0,0,0,61.494987487793,40.5175649779184,38.8405762230104,0,120.258464813232,114.767196655273,92.6911697387695,0,39.5871929707735,17.1086306763306,13.1238910140502,122.424163818359,0,0,5.82692403678195,0,0,63.1247589183304,0,83.386100769043,0,58.6773080825806,0,0,0,0,0,0,0,0,0,79.9912271499634,0,0,0,145.773010253906,106.208484649658,93.6503550211589,0,0,0,0,0,70.6443593706403,90.9505310058594,91.1356339631257,0,0,0,0,0,0,0
70.6379549843924,0,164.440097045898,124.607765197754,140.580642700195,9.23741929019207,14.5966246032296,125.032000454989,14.9417806149306,109.66788482666,113.484162648519,0,95.8210013894474,0,10.563265642024,40.6314815488355,0,210.797103881836,0,0,117.351322174072,124.482078552246,0,154.703954060872,122.473441229926,0,186.237452189128,0,114.868392944336,11.0266062835037,0,0,5.93651849730895,145.265655517578,38.4497304643903,0,0,0,0,221.353492736816,0,0,173.703712463379,0,0,209.393890380859,0,0,0,206.272186279297,0,0,0,0,0,0,0,0,0,166.984146118164,0,0,0,188.078941345215,0,0,0,0,0,0
18.9782744782715,93.4067068099976,96.0744718404917,51.7332672098632,74.241808796977,0,77.6117868423462,56.4551569338567,75.8031823451702,51.7811258117296,74.9172348119386,91.0929662068685,83.9305766423543,104.777648925781,99.0034136772156,86.3430564880371,54.7694409110329,67.2883536333595,0,87.1989360809326,80.3832240178035,46.9081418956982,45.9247520686863,63.120389231758,57.3024009797208,0,85.8848223368327,100.188285096051,53.3198050767146,11.0353385284512,30.0980437904897,0,145.265655517578,4.89606134570547,27.292951064377,120.916363186306,0,0,85.0423232184516,124.873026529948,0,141.912216186523,118.235156748554,159.683797735917,99.6479117075602,154.190341949463,0,0,0,143.062413533529,0,96.3278427124023,0,0,164.934066772461,162.71586390904,110.10200881958,63.1025788443429,122.105709075928,113.325146102905,152.853569030762,177.367746988932,144.500686645508,113.494054292378,135.473406473796,104.411611486364,0,175.725234985352,131.502115885417,138.652327401297
59.2460732131169,57.4537917057357,48.7164310357649,58.6930624627052,81.3376278572894,40.5948978799288,44.9238619997221,70.7000426446102,55.7212995874121,60.2984196880948,80.3691554230038,25.2462770742883,74.681798196608,33.2851791268134,38.1648568616849,28.855539228858,66.5150035803135,23.7445180216462,52.5080740937089,30.3510789995841,84.804024166531,44.3677125307408,55.6955791186261,35.2819848677598,64.7657989148827,45.1118841807048,47.99347868472,61.4203914113436,61.9824036256111,27.2931258920723,38.8150896947233,63.1247589183304,38.4497304643903,27.292951064377,10.04477622663,121.585426330566,95.3598022460938,113.323873138428,70.3195145130157,124.476848057338,0,155.430501034385,126.987752733733,160.154514567057,114.333165486654,154.500136947632,132.502016703288,170.440589904785,96.6414260864258,164.995762416295,135.580215454102,143.453771591187,116.138525608608,149.392059326172,123.846674065841,163.67301940918,127.587387084961,98.5154506138393,116.050074768066,121.128891215605,97.9702987670898,104.965298758613,113.007579803467,126.216829504286,145.220275878906,114.300198691232,0,193.785247802734,112.246562957764,126.333958712491
0,0,0,72.7166175842285,0,0,164.208485921224,130.734908209907,141.19024004255,99.2413314819336,202.97868347168,0,0,0,150.924575805664,0,0,0,0,0,0,163.006729125977,76.0145416259766,161.534942626953,111.803672366672,0,154.094175066267,148.809661865234,113.92873703806,144.47617594401,119.608165447529,0,0,120.916363186306,121.585426330566,9.27736213229537,101.358279418945,100.957852421975,58.2822289735953,89.6313121795654,88.053539276123,81.4491321390325,22.5094824895344,34.4259855155797,59.3023958631382,68.370776144874,112.946415901184,94.6171712239583,137.972212219238,14.9481649463015,49.4703788757324,75.5739212036133,98.8756561848655,125.558535766602,116.997423984693,93.6457093891345,75.750351210772,66.2221971169496,91.9679134488106,62.2748651573126,104.077509562174,114.151192294564,114.86695088567,69.6024873526292,15.5129079049976,15.5314513251426,148.057113647461,95.5789838518415,40.2804958840378,60.6176525375299
0,33.1038217544556,112.281967163086,50.5805934906006,0,0,0,0,0,0,0,77.8871307373047,0,72.5999018351237,0,0,0,0,0,125.65100402832,0,0,129.512222290039,0,120.587949752808,56.8041307009183,86.7105770111084,65.9577760696411,141.989349365234,0,0,83.386100769043,0,0,95.3598022460938,101.358279418945,6.12454967773948,34.7923455070642,12.8498163234975,0,0,0,94.6311805031516,136.067914145333,68.7616931092505,0,68.6908620637039,116.81307220459,47.2849608764648,122.965152138158,102.411605834961,37.8074755332839,53.4841405441021,74.9562076568604,60.4691015005112,130.924774169922,72.1830949783325,19.8062599440533,56.7913159046447,76.4465613702331,13.317379687429,38.4442539946433,23.8848772036905,98.081049162766,112.408006286621,86.3612057612493,80.8453739711216,0,106.825622558594,59.0113860954673
161.885070800781,56.2198257446289,89.3546121120453,54.6839640062909,0,0,0,0,0,0,0,0,0,0,0,0,0,100.094384431839,0,109.020004272461,0,133.017459869385,69.2398668924967,97.2063696725028,201.474914550781,0,98.0547468604111,98.60625,198.700958251953,128.149215698242,157.928161621094,0,0,0,113.323873138428,100.957852421975,34.7923455070642,9.85670384776095,36.454027988026,165.20032119751,0,116.818019443088,82.0285172959778,111.96911374372,113.014514923096,105.259269142151,78.9874083995819,190.861717224121,75.6065061615735,111.47478659153,122.405479431152,64.8188785784172,45.0847930413804,87.7979085445404,76.0639171166853,149.189483642578,54.7948078043917,35.9428274714993,23.2763964357197,97.3256761302119,72.5615641276042,22.4338605002962,17.3907946012856,57.7192147108588,123.069269861494,60.5401247733551,83.1142030603745,171.800689697266,91.7405996322632,63.9424300488131
118.183778127035,29.0849914073944,55.7825785742866,17.1591973863206,76.1828117370605,0,93.0042521158854,70.2907880895278,101.2438460456,29.5723028182983,78.9243217468262,48.309549407959,93.7182312011719,41.8242003377279,95.8138198852539,89.4901504516602,0,85.423638343811,0,57.7273471666419,94.9203502110073,85.485196685791,14.0999334485907,59.7279314313616,67.2332246811663,30.8601280559193,44.6049003995698,50.6302290486765,76.6833880742391,95.7126269870334,76.8738813400269,58.6773080825806,0,85.0423232184516,70.3195145130157,58.2822289735953,12.8498163234975,36.454027988026,24.6201582406018,65.6088612420218,117.802192687988,73.2699728514019,51.4372938737653,86.1214183664577,25.1361898876639,65.04017818615,58.0218779331929,76.0860541001806,26.2408225047283,81.2313962296436,75.9614823659261,43.7291029359652,53.2174308433771,56.4812712418406,58.3451536631753,67.5821622848511,48.1158042658645,31.8953042384834,46.5105414167364,35.2585705922905,8.81201389292431,37.9426329142892,32.9724043437929,49.7248098038378,74.3689242210941,50.1529408959067,69.3530069238999,104.334922790527,49.0964203034678,62.855394901158
152.870401382446,0,0,83.7101936340332,9.11319640589363,196.188140869141,154.488381958008,136.825563531173,143.564909798758,105.19658501943,122.842917323112,0,45.333026658921,0,165.976106431749,0,0,0,0,0,27.5844124983815,0,130.899117279053,0,108.937890257154,0,0,0,109.602673608113,160.015296300252,162.21012878418,0,221.353492736816,124.873026529948,124.476848057338,89.6313121795654,0,165.20032119751,65.6088612420218,6.78282530925215,0,53.1074940318793,56.0378133812729,91.8811882997171,50.8328355925424,14.5463493971111,141.288986206055,31.6972726217154,0,100.909097641233,56.4354726857152,89.724666595459,0,0,0,12.5808648953935,0,82.6453063964844,120.492210388184,14.8437711327364,0,0,119.739532470703,18.6705861812442,99.9363704681396,0,0,141.775990077427,101.288133621216,101.737065124512
0,0,0,0,213.08576965332,0,177.006210327148,0,0,0,0,0,0,0,0,0,0,0,0,0,0,0,0,0,154.053680419922,0,0,0,0,0,0,0,0,0,0,88.053539276123,0,0,117.802192687988,0,7.03244411892474,9.9149853437985,113.024013519287,13.2581953766905,86.8513275146484,123.107181895863,48.2725285121373,109.937422275543,0,32.67567624375,13.5744897017323,0,0,0,164.943893432617,91.1224517822266,0,0,117.291515350342,87.1160004933675,0,0,0,123.069645472935,24.406831444011,0,0,8.78827000617084,0,35.3881615813898
154.22878519694,0,0,104.837073553176,131.254416601998,0,146.78383026123,133.336245802582,142.705710658321,126.240900675456,149.692788600922,0,148.463689168294,0,156.532665252686,150.519538879395,0,0,0,0,147.057904663086,0,118.24521891276,0,115.080766689558,0,0,192.546081542969,134.529569205591,165.47964829665,159.907730102539,0,0,141.912216186523,155.430501034385,81.4491321390325,0,116.818019443088,73.2699728514019,53.1074940318793,9.9149853437985,8.80164411532133,49.2668604553895,15.4867853133115,49.4704366278859,22.8240145651344,78.5388470967611,19.3051400670155,89.5616989135742,32.9245958047515,10.3283149698065,103.291778564453,143.791887919108,0,177.866289411272,36.4488997319482,125.624471537272,113.975497436523,113.666479844313,68.2762965700206,0,147.475124134737,126.68928200858,57.3541758064171,34.3352830098421,117.30395785245,0,10.9001542629014,107.119037628174,50.4694577573587
127.219605429131,0,111.763221740723,63.0462343025208,118.982083638509,179.79203578404,136.327344871429,113.49806380961,128.961145830584,93.5062476264106,136.378508926986,0,137.170704650879,0,139.516910502116,132.685324532645,0,0,0,0,132.166419165475,119.85813369751,78.8275994194879,134.074046543666,99.9562956969862,0,145.022830200195,132.73067855835,108.968934362334,134.100730822637,113.111500462742,0,173.703712463379,118.235156748554,126.987752733733,22.5094824895344,94.6311805031516,82.0285172959778,51.4372938737653,56.0378133812729,113.024013519287,49.2668604553895,10.1165787351419,54.8831393016028,49.9322595460848,15.8238949949031,103.332380883488,63.3591572341099,128.85161093007,32.0847464414237,68.1818455143979,69.5761367636667,78.9384899586876,112.857748132003,102.167177255443,70.7883035551827,55.6839049447258,65.4346677259965,70.3325661173013,47.4013166702876,89.9169464111328,98.3959985080066,97.3639424823579,27.0744210239016,56.7862338503588,18.1690388584689,137.371259416853,103.66308874833,58.4803167402435,71.9356961348524
151.651859989873,0,0,107.325038909912,145.898805015966,190.250141143799,166.640122812006,142.302128784639,153.260944737328,140.458324432373,164.506643730297,0,158.828655787877,0,163.614094660832,160.415166219076,0,0,0,0,158.085907709031,0,111.062604631696,197.639533996582,127.344223248331,0,193.277679443359,196.097129821777,142.17562571879,166.7880025793,158.877850532532,0,0,159.683797735917,160.154514567057,34.4259855155797,136.067914145333,111.96911374372,86.1214183664577,91.8811882997171,13.2581953766905,15.4867853133115,54.8831393016028,9.10814101566234,82.6093660288079,21.1646108656583,77.4142631122044,79.2500722137364,161.158868916829,15.3617601466686,22.8321036634994,115.661423819406,135.274499723227,165.470813751221,151.687140252855,82.3547616672355,103.099088773953,113.555722472865,105.115469647631,79.6963061238699,162.345743815104,132.469866566113,127.860940632067,78.3703382201867,23.4255890928023,86.3844089010487,187.213836669922,9.90676477388222,90.2465120264002,47.1307037660027
122.304063161214,110.97420501709,0,46.6558837625715,86.6981110683707,0,151.082110087077,107.767455037435,110.692326681955,58.480596608129,98.1495145714801,0,0,0,134.319247245789,99.1877059936523,0,0,0,0,94.6088619232178,0,74.8618550981794,0,68.1340133886543,136.927154541016,0,165.111587524414,95.806676864624,153.593826293945,143.330764770508,0,0,99.6479117075602,114.333165486654,59.3023958631382,68.7616931092505,113.014514923096,25.1361898876639,50.8328355925424,86.8513275146484,49.4704366278859,49.9322595460848,82.6093660288079,6.57247908379277,66.3425911957363,0,11.4665131560805,113.453203201294,78.7750522059471,8.31546275288451,56.2443116229513,118.760364532471,151.519668579102,160.257319132487,62.7963411641675,104.284687889947,19.5587922628748,87.8697873070126,17.8125664118272,109.213051350911,120.249091012137,92.8978669908312,48.5329295272183,74.2791862806443,63.0139445828316,0,109.820925394694,64.8950944178313,75.2602846933448
141.548247117263,0,0,94.8544224103292,126.324624480715,190.574035644531,145.832837308391,127.32066926502,137.011220695147,108.772754869963,146.227293568273,0,130.55426965441,0,150.971285326727,151.573944091797,178.843963623047,0,0,0,143.005036867582,0,120.570270865304,0,109.097888751363,0,194.679641723633,0,134.355917959502,159.41522203173,168.875930786133,0,209.393890380859,154.190341949463,154.500136947632,68.370776144874,0,105.259269142151,65.04017818615,14.5463493971111,123.107181895863,22.8240145651344,15.8238949949031,21.1646108656583,66.3425911957363,8.96897040466646,138.932587517632,17.5326656842036,0,30.0195670729446,60.8847765578437,89.1412653241839,150.533118304084,0,148.285488128662,15.2537936334583,92.7294712895932,99.3911963505531,92.8799184163411,50.1875334657083,0,134.014647091136,107.538571260413,27.0678630527301,81.6453598499298,84.889718691508,0,105.887132799303,72.7623204623952,85.8223814702
0,0,157.439437866211,94.5031187269423,206.663467407227,0,0,0,231.739807128906,0,0,51.9496040344238,0,27.5715964847141,196.410125732422,0,0,119.851971944173,0,108.168714523315,0,0,0,0,0,52.5384268760681,98.9954958829013,93.9765701293945,201.989761352539,0,0,0,0,0,132.502016703288,112.946415901184,68.6908620637039,78.9874083995819,58.0218779331929,141.288986206055,48.2725285121373,78.5388470967611,103.332380883488,77.4142631122044,0,138.932587517632,13.1775649830116,0,17.6251209742867,101.772800389458,63.5871601104736,107.008663601345,47.8170909299294,21.752179827074,28.1573516486365,140.073177337646,82.238325934528,103.47652130127,75.1644482822362,144.782383728027,19.5540123649077,24.8263500352546,43.7054876685143,112.069809284616,61.6808233228336,92.2223404971036,25.792052205818,52.8365448315938,86.4799499511719,23.7557914646692
