13.5036501614917,98.076171875,88.273777884406,76.3084182739258,87.093871222602,72.5804405212402,53.2770254852575,28.3944216746688,22.8592677715959,67.0239488283793,39.8423548990115,120.906531247226,92.8526624043783,142.810724258423,14.5200267276488,57.7733132498605,113.843846130371,92.4785453262032,134.67512512207,124.195778692922,99.4878158569336,71.2077843023806,69.676664464614,81.2439627668976,76.6938882962925,126.173843383789,105.852135050838,121.677294644442,75.9718802088783,15.0506771598423,31.9536068143023,154.364067077637,85.0047808046694,32.5406074678743,69.5349505354719,127.991335550944,0,162.627831595285,103.783093261719,0,0,0,133.101843939887,181.559824625651,0,0,0,0,0,149.257568359375,0,142.790191650391,154.503463745117,0,0,0,136.344528198242,80.3520278930664,169.609246826172,123.311854839325,0,178.031559535435,163.574092035708,128.72352843589,142.753247070313,129.48102484809,0,0,148.323928833008,209.444038391113
98.076171875,7.11164714849107,39.3791970030054,10.4887975391516,109.019495391846,149.245223999023,109.655336168077,108.95304444257,142.358350965712,71.38461905466,126.569933804599,48.9815552200096,83.4554449872273,42.365411115905,121.488915876909,94.2532888013263,67.1829504099759,49.7013870530827,40.9527931213379,58.7271629373232,85.9313004811605,87.5826709747314,22.8731514790906,73.5764948527018,75.6448216826444,15.8531268136314,37.672844953537,25.5487830219755,102.897013385479,118.164164283059,102.884008539134,69.2721065339588,91.7282752990723,108.10522618787,54.7484418527404,129.705459594727,72.5560340881348,90.8082735879081,74.6093364953995,0,0,0,145.057693481445,0,99.2790985107422,0,124.654830932617,0,85.6794347763062,0,0,121.949813842773,80.4606174892849,107.941207885742,76.8130028017106,0,150.195770263672,101.786935170492,74.910046895345,143.897754245334,64.0312336512974,73.844407569705,71.7514169262301,159.745524088542,170.331558227539,0,0,0,0,117.388805389404
88.273777884406,39.3791970030054,12.9989587454198,43.1235577924195,117.928458269905,140.574783325195,124.537923141265,88.1829753700161,116.868837190954,103.884190103282,100.256212494253,99.4227358321069,142.959828694661,87.5637145171294,106.617968174537,134.008184432983,65.6874219685385,38.0939192418562,111.013165791829,75.7992205296356,151.379535675049,64.6533765034696,64.9695288775718,28.9007237539813,95.6653475607595,80.4778865814209,33.8556408467675,32.1702232750345,80.1038967228179,101.415704290898,74.7561127764749,94.2049514770508,167.960866928101,104.154126323353,56.488717473871,159.738751220703,80.8283227103097,94.8972505098476,80.7254898888724,0,0,155.887996673584,160.82768908414,187.039200919015,197.557271321615,186.990947723389,110.829528808594,0,147.816701253255,178.606357150608,213.30436706543,110.713920032277,100.721491389804,160.436386108398,113.066383732175,204.47412109375,158.560970783234,94.5977853139241,104.356286250123,138.57249349918,126.150929260254,100.027701020241,97.6215161190511,162.035572596959,149.730743408203,150.489858187162,164.855361938477,0,0,116.481546878815
76.3084182739258,10.4887975391516,43.1235577924195,35.1782542885395,60.7655908584595,0,93.9065516789754,64.5946524901408,91.5104761990634,18.5637941897612,89.3513550758362,53.4457398323016,48.5973992218842,44.5924051456261,81.815545049207,54.2237936483847,37.5974928406569,62.6564207371111,87.7408599853516,62.6697820741303,61.2131786346436,60.6797478507547,22.024601303189,53.3566439228673,41.3871967380829,31.2856996381605,42.9748245416369,36.636149133723,62.2891803255268,71.3050240198771,58.0957600043072,81.2826655994762,129.406032562256,57.0646066665649,68.077471184008,120.571624755859,66.3105415768094,58.4037978299864,33.1794900655746,145.078598022461,0,113.254981994629,102.023325267591,183.012385050456,114.1337890625,109.980700174967,83.4557952880859,55.5497779846191,69.9574495203355,117.679161071777,0,54.8205242156982,72.6715657370431,0,79.3357528936668,166.274602254232,75.4164688642635,55.4931791850499,67.8727649873303,81.19923123648,58.611891226335,67.5982456727461,59.5409092788181,103.412317163804,140.918190696023,93.2761161110618,95.7630424499512,0,109.121814727783,97.6717191423689
87.093871222602,109.019495391846,117.928458269905,60.7655908584595,11.3306195409634,115.864318847656,62.0805116376306,49.7509198660379,93.9820042883444,48.9199152051667,28.9154709624145,159.307094573975,27.47175186223,170.980499267578,103.414515604292,68.1557737250077,95.4636032104492,195.958930969238,0,0,13.6216050039394,98.6591924031575,78.7918953528771,124.343998500279,29.8150004626613,151.803583780924,135.147741529677,123.961990038554,20.435348239061,92.4767646324344,100.788508278983,0,132.530473073324,81.2334550066692,89.3177117692663,138.882781982422,0,180.332336425781,70.3872520740216,11.9101482539346,0,100.682198123655,132.747870490665,136.343605422974,88.9296502333421,69.014021881165,194.454963684082,30.2895844916751,0,138.598724134041,103.779496510824,124.24365234375,0,0,173.273590087891,16.9393519172126,141.969688415527,144.466720581055,144.143325805664,98.896658437532,0,0,185.901879882812,96.8568870334302,133.235620117187,130.751899719238,0,0,0,133.928448813302
72.5804405212402,149.245223999023,140.574783325195,0,115.864318847656,6.58054084092587,9.92302155123227,105.688949584961,13.1557378389861,75.4583873748779,106.490248055294,58.2716567428024,90.1197208404541,65.2632007598877,22.0444638000118,12.2166507277659,0,162.659004211426,0,82.0639572143555,134.55366007487,0,137.828018188477,135.904441833496,100.235498428345,0,135.139256286621,98.8177719116211,116.301936679416,18.0515755567224,137.903071085612,0,9.32634687563746,0,30.9089998960495,0,0,0,0,0,0,0,0,0,0,0,0,0,0,0,0,0,0,0,0,0,0,128.968902587891,0,162.163650512695,0,0,0,0,0,0,0,0,0,0
53.2770254852575,109.655336168077,124.537923141265,93.9065516789754,62.0805116376306,9.92302155123227,11.2695933212893,61.7157998949715,21.089508090259,65.6906675141433,34.0374667296709,100.641521582732,20.8475403030925,99.2943273162842,33.4263964174383,16.2371333594666,0,145.330180842702,147.915866851807,140.287502712674,40.4526032963627,104.394549629905,98.6868869781494,117.82156680675,78.6759423984317,92.065881729126,141.860070763565,147.988826560974,62.8484232469449,49.64346435907,90.4717592638592,189.082901000977,27.4280830117343,87.3225415599589,78.4403761003478,155.190040588379,167.793869018555,0,93.0157406019128,162.502857208252,0,155.626049041748,152.138890718159,175.503082275391,126.072566441127,168.865645345052,204.60041809082,60.4596470127935,0,167.938580830892,184.712341308594,193.378829956055,0,0,0,147.597887906161,180.632949829102,105.867813110352,0,135.280556159934,0,204.021064758301,219.708841959635,152.642409324646,167.428780449761,178.178996494838,0,0,0,205.152943929036
28.3944216746688,108.95304444257,88.1829753700161,64.5946524901408,49.7509198660379,105.688949584961,61.7157998949715,9.84993435742963,53.5312873173797,60.7872116587986,16.5961066791315,141.336717269,63.1136021747767,151.862372716268,40.597404007731,76.5457302927971,94.9917365043394,103.054696587729,149.724866231283,141.026644956718,97.1514893556252,60.6088644509091,73.4959812538297,72.3241455523139,63.6243751646953,130.869888305664,114.038957956114,102.431984574226,28.0324212390623,48.8972351859757,21.2531092927244,155.687589009603,113.92950306768,62.6838994759066,81.9317684139093,142.519213956945,203.716720581055,166.940011804754,79.6868768852448,153.714848518372,0,147.089675598145,127.925448786603,153.899312860825,130.93473815918,155.877638120909,0,146.875717856667,0,169.01028137207,0,141.167559146881,168.527452909029,0,179.0808690389,148.545649719238,135.917439778646,100.758151372274,160.113939194452,117.097315467058,0,174.174909591675,172.381624192458,131.051439629226,153.651053237915,136.47229385376,0,0,156.499253082275,150.280471483866
22.8592677715959,142.358350965712,116.868837190954,91.5104761990634,93.9820042883444,13.1557378389861,21.089508090259,53.5312873173797,13.5401615696149,75.6769655461897,26.3859064015819,77.0512515546938,68.5669718343696,85.3871227302174,17.0877768201814,36.8606096757884,132.798120498657,121.856540276023,119.710129824552,137.579628617016,90.7861161245277,104.192208064421,87.1537117336107,108.642038978721,85.4178259499354,73.6749560038249,132.421133704749,146.888872172038,79.5124627030705,37.8611589508388,78.0615199485112,141.79620218277,16.9245437055006,73.9834224375909,57.1141539979708,147.480923461914,0,174.714847564697,89.092132940525,183.466094970703,0,162.408797524192,144.540725240902,156.97930738661,140.401727294922,165.144936781663,191.716537475586,115.68218866984,0,172.475332895915,0,131.439374287923,184.69699605306,0,211.140754699707,170.836769104004,158.350578308105,104.000061988831,173.392730712891,133.329064630002,0,186.890454973493,196.52700881958,145.99624145923,169.649755568731,141.805233425564,0,0,136.011978149414,183.721710205078
67.0239488283793,71.38461905466,103.884190103282,18.5637941897612,48.9199152051667,75.4583873748779,65.6906675141433,60.7872116587986,75.6769655461897,9.42172658162746,74.1725222101275,116.026035461426,8.61980563854349,112.33304977417,76.8370839848238,16.5269202585999,43.2347469329834,111.143109457833,0,0,41.7459568604179,67.2084592183431,27.307156865531,98.6614232063293,25.0691860629806,94.0223073192359,115.170616807609,93.2513849119867,56.9594361838122,67.7138639725979,57.1622102039616,129.677918067345,100.63427734375,55.1088938894151,77.5838641291079,130.820465087891,0,0,19.2392374533641,102.698572976249,0,119.032669067383,106.959862136841,135.763154166085,40.8085074954563,120.527764264275,201.040069580078,77.609731401716,155.529754638672,137.438442775181,0,102.048042297363,0,0,152.338226318359,105.497777666364,111.904628208705,67.515131632487,145.288223266602,80.4205481665475,142.111190795898,190.238761901855,176.414128621419,104.1015625,119.574168395996,103.806076049805,0,0,133.650924682617,121.714776611328
39.8423548990115,126.569933804599,100.256212494253,89.3513550758362,28.9154709624145,106.490248055294,34.0374667296709,16.5961066791315,26.3859064015819,74.1725222101275,12.8054456948359,144.652684317695,26.024627313942,158.138484530979,49.2111848484099,72.5506665565411,100.308745066325,131.138128454035,163.46530456543,146.050334385463,19.4311330815356,78.4949183166027,88.4912039438884,86.7935325667175,69.981793058341,168.692296346029,126.212560116161,119.173069293682,31.1237463808277,84.2050314402465,65.0812627442993,181.547444661458,118.549379370678,74.8012089264857,86.8960197269119,158.023023605347,0,180.678399222238,89.6554800415039,153.836596947212,0,166.444022496541,144.543518743207,175.67169019911,107.899871667226,167.392510795593,0,86.5611142508591,0,187.539752960205,142.067548116048,141.097564697266,181.437255859375,0,167.783935546875,108.700371682644,146.875465393066,140.424546813965,184.336845397949,131.503963066817,0,194.712222290039,179.647960462068,152.290374046648,167.382440294538,157.523931063139,0,0,182.264803568522,179.249922010634
120.906531247226,48.9815552200096,99.4227358321069,53.4457398323016,159.307094573975,58.2716567428024,100.641521582732,141.336717269,77.0512515546938,116.026035461426,144.652684317695,13.6360277827281,136.058384235089,17.241909978835,69.2568985438303,83.2589198521205,141.670290629069,55.4746972033258,17.9024424769327,27.1327314110837,144.61217205341,99.8325538635254,93.4473196176382,92.6124948668248,147.355059051514,23.5923372265824,25.0410483994935,54.1277482784038,152.570530610926,51.7421991306369,111.932096682097,28.94313264109,60.6636189136308,101.422807481554,34.6008426299357,207.824284871419,98.2305068969727,141.38013458252,56.5900955200195,0,0,0,211.700546264648,0,0,0,80.784760316213,135.886077880859,77.4485962160172,132.58882522583,0,0,149.495427449544,99.5248540242513,122.496845245361,0,0,0,0,210.14697265625,65.7476369857788,108.761950883709,108.971979235926,0,0,0,94.9521318632981,0,0,147.64839553833
92.8526624043783,83.4554449872273,142.959828694661,48.5973992218842,27.47175186223,90.1197208404541,20.8475403030925,63.1136021747767,68.5669718343696,8.61980563854349,26.024627313942,136.058384235089,11.2860768371673,145.402858552479,95.2209410794463,16.5883185985796,0,115.528419494629,159.142143249512,153.124908447266,17.1043732815456,154.404724121094,56.4607023156208,0,25.4720787318667,119.232125854492,159.224490937733,107.485051094217,50.0833227110064,86.2628415669214,102.097439659966,162.788940429688,107.792344495985,88.1003236912969,88.3384826319653,106.733772277832,0,229.709518432617,83.1321651317455,52.9082789829799,0,40.0161535042983,145.523058573405,98.1307961313348,69.1613625746507,45.7785369910083,135.613314819336,14.022471899521,208.132293701172,105.783959021935,63.5456944633933,111.988349914551,0,158.778004964193,208.432174682617,17.9130758986684,147.611221313477,81.9074192047119,176.666432698568,103.179061554574,0,194.687237548828,177.947654724121,118.255143866482,112.365361706964,153.097184753418,0,134.241180419922,115.361320495605,102.130889511108
142.810724258423,42.365411115905,87.5637145171294,44.5924051456261,170.980499267578,65.2632007598877,99.2943273162842,151.862372716268,85.3871227302174,112.33304977417,158.138484530979,17.241909978835,145.402858552479,7.60417948560604,85.0219530529446,132.759159088135,0,88.2637065887451,43.2964869031318,55.5388235078173,144.549791971842,134.643486022949,80.0752676530318,123.650215148926,125.201625823975,15.602236742248,28.713495019022,25.9626245985317,165.684970092773,62.8439618662784,149.427663803101,12.1290888120124,64.7399400983538,138.120356750488,54.0004189822219,149.926712036133,106.79314214533,141.631408691406,77.4112118374218,0,0,175.881423950195,217.917775472005,133.320838928223,166.579116821289,0,69.3517937469482,0,64.9825539265253,134.231722513835,0,0,0,87.0988914853051,111.557392374674,0,0,113.117177963257,187.044540405273,170.141911315918,55.3375621510101,92.0710821486356,95.2613665953061,0,131.895534515381,0,85.5545280935684,0,0,87.9461277232451
14.5200267276488,121.488915876909,106.617968174537,81.815545049207,103.414515604292,22.0444638000118,33.4263964174383,40.597404007731,17.0877768201814,76.8370839848238,49.2111848484099,69.2568985438303,95.2209410794463,85.0219530529446,7.75258449494775,45.4849659518192,102.843147277832,109.762760564272,110.448878765106,128.512756880339,96.2552730318866,88.6681706579657,74.6701987417121,98.5609854594176,86.1056322189991,90.3232502937317,123.891723687192,135.602719931078,90.5112781348324,16.1927527833919,42.2291397872545,134.913156297472,13.0328423639825,45.6820888519287,46.5764537737718,151.303384399414,186.997497558594,175.660667419434,93.1294548511505,188.567008972168,0,165.591674804688,151.792113410102,160.673109266493,135.259983062744,0,0,117.349367777507,119.305088043213,170.326909383138,0,120.929925537109,187.599405288696,0,203.666221618652,166.484090169271,145.083219528198,100.177939414978,155.561980111258,140.57868479259,0,188.143729469993,185.774794358474,146.259339552659,154.484315490723,133.758714294434,0,0,155.483840942383,140.633056640625
57.7733132498605,94.2532888013263,134.008184432983,54.2237936483847,68.1557737250077,12.2166507277659,16.2371333594666,76.5457302927971,36.8606096757884,16.5269202585999,72.5506665565411,83.2589198521205,16.5883185985796,132.759159088135,45.4849659518192,8.0171779422307,0,139.994640350342,0,143.34928894043,54.2133598202973,103.505664825439,67.5708260672433,135.171291351318,43.7997472322532,123.437198638916,136.222583770752,113.838646081778,77.6571814775467,51.1286823518815,77.1558303833008,153.172225952148,47.7649947079745,89.7154482673196,87.9563829104106,0,0,0,53.47802734375,139.610782623291,0,134.223292032878,0,0,56.5321922302246,120.030487060547,0,59.7603645324707,0,0,0,0,0,0,0,96.6476669311523,141.727890014648,64.1205825805664,172.263000488281,123.161438553422,0,0,139.106540679932,154.151580810547,178.041442871094,138.765797932943,0,0,0,154.438766479492
113.843846130371,67.1829504099759,65.6874219685385,37.5974928406569,95.4636032104492,0,0,94.9917365043394,132.798120498657,43.2347469329834,100.308745066325,141.670290629069,0,0,102.843147277832,0,13.4035168581459,95.9409625530243,141.20832824707,116.773478421298,0,22.931164293444,30.3236418934187,24.300871821435,33.002559583365,88.9139709472656,108.272919728206,29.9089224938999,47.1334478555432,100.047344207764,70.9134152917301,0,0,57.2899495486555,73.1311801704201,119.691581726074,0,111.376737179963,62.1358761257596,0,0,0,127.717287699382,0,92.3881549835205,186.981216430664,0,0,0,131.258632659912,0,54.3957231983955,148.805099487305,0,183.952423095703,0,111.445240557194,63.5776885611112,104.035442770681,105.651101372459,0,158.352386474609,106.019569788224,120.235890041698,122.059252738953,108.202193801467,0,0,141.711456298828,141.259596252441
92.4785453262032,49.7013870530827,38.0939192418562,62.6564207371111,195.958930969238,162.659004211426,145.330180842702,103.054696587729,121.856540276023,111.143109457833,131.138128454035,55.4746972033258,115.528419494629,88.2637065887451,109.762760564272,139.994640350342,95.9409625530243,9.05902061605216,63.9281644032414,32.1531441292676,0,54.0235683962623,94.5312189374651,22.865551310069,115.854858146919,56.8886377970378,33.937693113658,63.9061414542652,107.372363020437,88.8694498985729,68.7553818102614,87.1472671076937,149.081207275391,80.9823212893504,35.3302561524085,228.017883300781,93.3181343078613,104.721309094816,111.863413402012,0,0,0,195.34056854248,173.548182169596,0,0,167.778121948242,0,97.0956039428711,195.328605651855,0,133.199145507812,107.155271794246,138.382659912109,110.025690598921,0,164.61058807373,141.468589782715,135.265460423061,158.138178507487,0,101.790810597516,105.265931381196,170.693982950846,116.30362701416,167.128341674805,0,172.416397094727,0,115.585965837751
134.67512512207,40.9527931213379,111.013165791829,87.7408599853516,0,0,147.915866851807,149.724866231283,119.710129824552,0,163.46530456543,17.9024424769327,159.142143249512,43.2964869031318,110.448878765106,0,141.20832824707,63.9281644032414,7.28228008558117,11.5631231352959,174.804275512695,129.817134857178,0,108.35844845242,173.613662719727,43.3678386522376,28.0172616211474,69.6948224060924,150.893269856771,80.5517460264009,113.128091812134,48.1023783964269,82.3650932312012,111.412497626411,61.0942455470049,0,0,132.843299865723,49.4118843078613,0,0,0,0,0,0,0,80.7702331542969,0,90.1047073364258,0,0,0,0,95.474292755127,115.776706695557,0,0,0,0,204.733184814453,0,104.055148037997,112.034078846807,0,0,0,97.5004119873047,0,0,0
124.195778692922,58.7271629373232,75.7992205296356,62.6697820741303,0,82.0639572143555,140.287502712674,141.026644956718,137.579628617016,0,146.050334385463,27.1327314110837,153.124908447266,55.5388235078173,128.512756880339,143.34928894043,116.773478421298,32.1531441292676,11.5631231352959,12.4136302459836,160.611671447754,101.288736841985,100.526512145996,84.5069134382959,145.714736514621,32.9437809186439,26.3269297760929,64.3206774628434,134.722356796265,89.9527901644912,104.432561450982,57.2355146998303,105.099186706543,100.709596083939,45.2136039781659,0,124.436129252116,118.607087271554,93.4828851873224,0,0,0,189.199188232422,0,0,0,129.442852783203,0,121.43696492513,0,0,207.958862304688,118.484720865885,115.271448135376,109.210144793401,0,168.258483886719,208.656799316406,0,207.599095662435,114.637272834778,103.579325112952,108.995750349554,219.288604736328,214.63591003418,0,119.128337860107,0,0,144.386535644531
99.4878158569336,85.9313004811605,151.379535675049,61.2131786346436,13.6216050039394,134.55366007487,40.4526032963627,97.1514893556252,90.7861161245277,41.7459568604179,19.4311330815356,144.61217205341,17.1043732815456,144.549791971842,96.2552730318866,54.2133598202973,0,0,174.804275512695,160.611671447754,10.8092487482143,81.4974899291992,57.28592532614,0,17.1860947494933,139.055328369141,166.320408630371,107.419574737549,27.9337670033621,88.0727099887231,112.49585723877,0,123.036075846354,81.0700210508753,86.053833904001,141.101623535156,0,158.561508178711,83.6649131093706,52.1363384061389,0,155.04766024076,145.908943812052,179.015132904053,104.028112411499,163.584416707357,0,14.2133983193829,0,173.920504760742,0,0,0,0,237.639770507812,56.5930595983539,0,180.844039916992,0,126.312432884565,0,0,203.653610229492,152.040974779827,196.298751831055,155.956825256348,0,0,161.473022460938,165.202239990234
71.2077843023806,87.5826709747314,64.6533765034696,60.6797478507547,98.6591924031575,0,104.394549629905,60.6088644509091,104.192208064421,67.2084592183431,78.4949183166027,99.8325538635254,154.404724121094,134.643486022949,88.6681706579657,103.505664825439,22.931164293444,54.0235683962623,129.817134857178,101.288736841985,81.4974899291992,12.0361642775166,55.3131005814632,22.6996291319157,41.3508584414399,144.724115371704,96.130179957577,72.9031472582045,32.3589879336766,47.0408219293297,25.6780584171782,119.355972290039,135.901702880859,53.7197574616567,41.2700235989198,136.085464477539,126.70384979248,137.752685546875,86.7288167230014,0,0,0,141.599829355876,169.95149230957,101.702662658691,155.554794311523,0,0,0,167.019660949707,124.678260803223,91.5771830531529,153.87833404541,240.020629882812,168.231010437012,0,123.780074642866,76.6969633594002,122.532043491398,114.138932729551,0,170.758389790853,137.249639714018,131.991622295576,147.159519693126,121.699222742954,0,0,122.143323262533,176.428292274475
69.676664464614,22.8731514790906,64.9695288775718,22.024601303189,78.7918953528771,137.828018188477,98.6868869781494,73.4959812538297,87.1537117336107,27.307156865531,88.4912039438884,93.4473196176382,56.4607023156208,80.0752676530318,74.6701987417121,67.5708260672433,30.3236418934187,94.5312189374651,0,100.526512145996,57.28592532614,55.3131005814632,8.79885194315468,50.0350080533744,32.5667774646499,56.7906835589816,85.2439227331252,28.6809239372706,58.511307283087,64.826875664722,53.835316303656,90.888173421224,112.731842041016,49.3288324814809,69.8204619804125,81.2613410949707,94.6167602539062,101.995419093541,39.8797759215037,137.725021362305,0,172.249908447266,124.850536982218,141.433866882324,82.0233543395996,139.24829864502,0,0,103.425350189209,128.368755764431,0,52.5613776386265,123.424850463867,0,159.250312805176,136.978713989258,80.3161013105274,40.0961727925709,65.4339907427868,72.3927958095775,0,155.56103515625,82.2823241579849,87.354496383667,86.9598070032456,70.3835958862305,0,0,102.513838195801,109.367131974962
81.2439627668976,73.5764948527018,28.9007237539813,53.3566439228673,124.343998500279,135.904441833496,117.82156680675,72.3241455523139,108.642038978721,98.6614232063293,86.7935325667175,92.6124948668248,0,123.650215148926,98.5609854594176,135.171291351318,24.300871821435,22.865551310069,108.35844845242,84.5069134382959,0,22.6996291319157,50.0350080533744,16.775427995119,73.0426665285867,104.660035027398,65.781722895418,40.594658902126,57.5481252318638,68.0436797863468,44.9372357866643,121.94875226702,159.858364868164,72.6007409413656,41.3145831923712,192.03547668457,98.4572579520089,103.653066017645,72.3936081761899,0,0,0,148.949829101562,208.42162322998,0,185.201431274414,0,149.349334716797,192.227355957031,180.135299682617,0,73.1468513438082,123.599339571866,0,146.952440701998,0,130.181014783455,79.5481434748723,109.691189348375,121.682210219534,0,132.254750405588,105.455084325359,144.340163432376,195.582305908203,132.780422708263,0,0,0,126.897430419922
76.6938882962925,75.6448216826444,95.6653475607595,41.3871967380829,29.8150004626613,100.235498428345,78.6759423984317,63.6243751646953,85.4178259499354,25.0691860629806,69.981793058341,147.355059051514,25.4720787318667,125.201625823975,86.1056322189991,43.7997472322532,33.002559583365,115.854858146919,173.613662719727,145.714736514621,17.1860947494933,41.3508584414399,32.5667774646499,73.0426665285867,13.0083996568056,103.80856342119,123.900964437949,76.161578641768,25.7769161717512,80.6195244655814,69.8103438170906,154.921485900879,125.427197933197,64.8909360129938,77.4413841420954,121.719679514567,138.906028747559,156.152647101361,56.3770929184635,129.967287231894,0,130.164015264096,119.713289133312,144.930455725177,79.4821318339526,136.644816709368,201.43196105957,109.107386460945,0,149.664793809255,124.680211203439,99.4020104327444,160.460431840685,200.503944396973,179.446768866645,117.409109248671,119.055315368652,71.8507734624351,126.364242716038,98.4807465639415,188.530067443848,181.071510314941,149.282620792895,118.325153380281,140.548759460449,116.666585927355,176.385726928711,205.481155395508,124.325708443778,140.9468839545
126.173843383789,15.8531268136314,80.4778865814209,31.2856996381605,151.803583780924,0,92.065881729126,130.869888305664,73.6749560038249,94.0223073192359,168.692296346029,23.5923372265824,119.232125854492,15.602236742248,90.3232502937317,123.437198638916,88.9139709472656,56.8886377970378,43.3678386522376,32.9437809186439,139.055328369141,144.724115371704,56.7906835589816,104.660035027398,103.80856342119,7.20248809658897,37.4373912992932,20.9756797027368,142.350972262296,79.6065853260182,131.441769282023,44.2475897738808,58.183797454834,114.440101623535,46.5465655652395,0,88.9957389831543,144.196403503418,62.1401885350545,0,0,0,194.665054321289,0,148.769190470378,0,65.9981068807935,0,55.1609101358378,144.430999755859,0,0,81.3549957275391,74.5197207506965,76.9525596394258,0,169.082313537598,112.524026489258,205.452270507812,170.325781685965,46.4174726221821,66.8816043468562,72.3962388882306,187.793319702148,156.268709818522,0,74.8500962092959,118.32829284668,0,93.3258270263672
105.852135050838,37.672844953537,33.8556408467675,42.9748245416369,135.147741529677,135.139256286621,141.860070763565,114.038957956114,132.421133704749,115.170616807609,126.212560116161,25.0410483994935,159.224490937733,28.713495019022,123.891723687192,136.222583770752,108.272919728206,33.937693113658,28.0172616211474,26.3269297760929,166.320408630371,96.130179957577,85.2439227331252,65.781722895418,123.900964437949,37.4373912992932,13.4410145587588,29.6859019520026,115.424263601592,106.016840491034,96.8140086220344,28.6152654170388,125.167042287191,100.012764180602,60.4040209326091,182.841151646205,104.178762601769,108.10477019579,96.8510851458968,0,0,184.712188720703,190.026885986328,198.774015426636,172.467597961426,197.506065368652,98.2993084036786,0,96.8203294839069,202.925537109375,240.802314758301,144.294187927246,103.659357861775,97.0999840231503,99.1373930446022,0,160.11697101593,130.396468218635,136.081062729294,182.152938693177,86.3728185742107,90.729563254688,94.673806871776,188.158806540749,187.126411914825,170.399647521973,101.964479799624,144.221939086914,206.954978942871,119.56357302731
121.677294644442,25.5487830219755,32.1702232750345,36.636149133723,123.961990038554,98.8177719116211,147.988826560974,102.431984574226,146.888872172038,93.2513849119867,119.173069293682,54.1277482784038,107.485051094217,25.9626245985317,135.602719931078,113.838646081778,29.9089224938999,63.9061414542652,69.6948224060924,64.3206774628434,107.419574737549,72.9031472582045,28.6809239372706,40.594658902126,76.161578641768,20.9756797027368,29.6859019520026,14.0767895384648,85.7831892477018,112.505210866904,101.185134540472,23.1255176625353,135.054325866699,108.666370530059,66.0817199875459,171.837415059408,96.2757506021639,96.7847607103594,78.585071809221,0,0,197.875543212891,165.742168766437,188.03846914118,179.05975539596,189.563869129528,90.6766167138455,202.389190673828,87.3129684318011,182.852311270578,204.276760101318,92.5414621243711,103.307811222644,98.6702433068768,105.164585528596,175.959182739258,146.514846203374,103.830875553069,104.039076012703,140.411436284254,84.7606573104858,94.1621355089206,96.5445427922744,159.037338892619,182.536149831919,164.623605516222,97.6950556109028,0,164.27978515625,118.093020642925
75.9718802088783,102.897013385479,80.1038967228179,62.2891803255268,20.435348239061,116.301936679416,62.8484232469449,28.0324212390623,79.5124627030705,56.9594361838122,31.1237463808277,152.570530610926,50.0833227110064,165.684970092773,90.5112781348324,77.6571814775467,47.1334478555432,107.372363020437,150.893269856771,134.722356796265,27.9337670033621,32.3589879336766,58.511307283087,57.5481252318638,25.7769161717512,142.350972262296,115.424263601592,85.7831892477018,13.7074700400322,83.8387961698173,37.1741041690495,157.300340652466,134.323372977121,64.3495971737927,72.7310812997455,137.00285877901,130.246643066406,159.586132342999,76.4213065816395,108.323955487514,204.237945556641,151.310304448846,129.389951479943,156.283791004528,103.026925808046,154.642447640963,223.281272888184,83.40611743927,216.325307210286,159.671138347966,134.779930114746,116.447149349533,173.3652747018,0,198.297612508138,122.782843496947,127.544062296549,81.7163549611266,143.366458224267,100.718080622335,210.501337687174,169.069195087139,156.116791842277,130.776423529859,149.361693195913,122.437412890086,0,198.885070800781,131.125235195818,154.332497119904
15.0506771598423,118.164164283059,101.415704290898,71.3050240198771,92.4767646324344,18.0515755567224,49.64346435907,48.8972351859757,37.8611589508388,67.7138639725979,84.2050314402465,51.7421991306369,86.2628415669214,62.8439618662784,16.1927527833919,51.1286823518815,100.047344207764,88.8694498985729,80.5517460264009,89.9527901644912,88.0727099887231,47.0408219293297,64.826875664722,68.0436797863468,80.6195244655814,79.6065853260182,106.016840491034,112.505210866904,83.8387961698173,8.30055213318335,24.2848886084116,100.088057028281,8.62186069405013,14.1334149817665,38.2340135661062,156.575518290202,125.514266967773,174.023492177327,87.6429071426392,189.089274088542,0,180.340412139893,147.099817848206,157.081870185004,148.388580322266,172.910704040527,0,97.4979721069336,96.82346534729,180.986489432199,0,127.752001248873,198.726465861003,0,186.823364257812,173.037043253581,130.432732680748,91.9293281555176,164.002700805664,127.212240033033,144.58865737915,160.70355682373,164.025391522576,141.838793034456,165.524832089742,133.347243231696,118.03101348877,0,136.893759155273,179.374255371094
31.9536068143023,102.884008539134,74.7561127764749,58.0957600043072,100.788508278983,137.903071085612,90.4717592638592,21.2531092927244,78.0615199485112,57.1622102039616,65.0812627442993,111.932096682097,102.097439659966,149.427663803101,42.2291397872545,77.1558303833008,70.9134152917301,68.7553818102614,113.128091812134,104.432561450982,112.49585723877,25.6780584171782,53.835316303656,44.9372357866643,69.8103438170906,131.441769282023,96.8140086220344,101.185134540472,37.1741041690495,24.2848886084116,11.865853139264,145.905279636383,116.94817199707,38.870840598357,38.2151758871442,137.819636535645,0,156.256849462336,69.0856871087867,0,0,167.203241984049,129.772172463907,170.8243449818,103.466512044271,147.01997756958,0,146.332122802734,202.860992431641,151.706768580845,0,107.91512853959,160.177608836781,0,173.47666422526,0,116.43256706739,70.0828610828945,125.59519973909,113.742326835237,0,162.695326668876,144.015064924191,123.893154446284,146.96027218854,117.604766451079,0,200.359588623047,159.568542480469,131.677553513471
154.364067077637,69.2721065339588,94.2049514770508,81.2826655994762,0,0,189.082901000977,155.687589009603,141.79620218277,129.677918067345,181.547444661458,28.94313264109,162.788940429688,12.1290888120124,134.913156297472,153.172225952148,0,87.1472671076937,48.1023783964269,57.2355146998303,0,119.355972290039,90.888173421224,121.94875226702,154.921485900879,44.2475897738808,28.6152654170388,23.1255176625353,157.300340652466,100.088057028281,145.905279636383,6.35099633347248,91.0858001708984,129.123421805246,78.1310015721108,0,110.73363494873,137.738952636719,99.1861637115478,0,0,223.37760925293,0,0,157.219997406006,0,93.3734367772153,0,91.0635640220921,194.745483398438,0,0,153.826950073242,102.743175375051,127.61030960083,0,0,0,0,225.208831787109,84.8974363448772,102.125250254081,108.374538315893,0,135.194480895996,0,104.908331604004,0,0,117.436962127686
85.0047808046694,91.7282752990723,167.960866928101,129.406032562256,132.530473073324,9.32634687563746,27.4280830117343,113.92950306768,16.9245437055006,100.63427734375,118.549379370678,60.6636189136308,107.792344495985,64.7399400983538,13.0328423639825,47.7649947079745,0,149.081207275391,82.3650932312012,105.099186706543,123.036075846354,135.901702880859,112.731842041016,159.858364868164,125.427197933197,58.183797454834,125.167042287191,135.054325866699,134.323372977121,8.62186069405013,116.94817199707,91.0858001708984,4.61767126665145,122.519096374512,36.5161448051593,0,0,0,0,187.039321899414,0,0,191.104019165039,0,0,0,0,149.639083862305,86.5973052978516,0,0,0,0,0,0,0,0,0,0,175.633781433105,0,0,0,190.599761962891,0,0,0,0,0,0
32.5406074678743,108.10522618787,104.154126323353,57.0646066665649,81.2334550066692,0,87.3225415599589,62.6838994759066,73.9834224375909,55.1088938894151,74.8012089264857,101.422807481554,88.1003236912969,138.120356750488,45.6820888519287,89.7154482673196,57.2899495486555,80.9823212893504,111.412497626411,100.709596083939,81.0700210508753,53.7197574616567,49.3288324814809,72.6007409413656,64.8909360129938,114.440101623535,100.012764180602,108.666370530059,64.3495971737927,14.1334149817665,38.870840598357,129.123421805246,122.519096374512,7.27142905735202,28.8348899333214,121.233712332589,0,165.275937398275,67.7462245623271,168.669729614258,0,151.842178344727,131.576802934919,146.375413894653,94.928581237793,152.337799072266,0,0,201.309295654297,163.058317820231,0,101.514709023868,0,0,153.749694824219,115.69068145752,114.648699833797,60.8697772979736,118.905805969238,113.965920758929,0,165.698089599609,154.348897432026,127.861626745949,145.479462033226,116.772552251816,0,0,112.312530517578,138.447814941406
69.5349505354719,54.7484418527404,56.488717473871,68.077471184008,89.3177117692663,30.9089998960495,78.4403761003478,81.9317684139093,57.1141539979708,77.5838641291079,86.8960197269119,34.6008426299357,88.3384826319653,54.0004189822219,46.5764537737718,87.9563829104106,73.1311801704201,35.3302561524085,61.0942455470049,45.2136039781659,86.053833904001,41.2700235989198,69.8204619804125,41.3145831923712,77.4413841420954,46.5465655652395,60.4040209326091,66.0817199875459,72.7310812997455,38.2340135661062,38.2151758871442,78.1310015721108,36.5161448051593,28.8348899333214,12.0122582423046,136.339950561523,139.121738433838,117.22419128418,90.463641166687,153.156668345133,0,153.464210510254,148.018688837687,159.232256571452,0,190.17063293457,87.1187973022461,93.0503692626953,115.730112075806,162.983983357747,235.050933837891,109.733787354969,116.322053527832,144.046371459961,127.000297546387,201.63053894043,138.070554879995,91.6881251335144,144.250523885091,130.287110068581,66.4365243911743,120.679811030258,120.340598990064,139.465945029745,161.256443023682,130.408226966858,158.982723236084,0,145.749631245931,151.552848815918
127.991335550944,129.705459594727,159.738751220703,120.571624755859,138.882781982422,0,155.190040588379,142.519213956945,147.480923461914,130.820465087891,158.023023605347,207.824284871419,106.733772277832,149.926712036133,151.303384399414,0,119.691581726074,228.017883300781,0,0,141.101623535156,136.085464477539,81.2613410949707,192.03547668457,121.719679514567,0,182.841151646205,171.837415059408,137.00285877901,156.575518290202,137.819636535645,0,0,121.233712332589,136.339950561523,11.7831398496815,117.313007354736,106.239807247191,67.0199521029437,91.6920443448153,76.0954694747925,80.8668858252074,29.3898943673766,42.5762048564918,70.2419985645222,46.3905544146386,112.024347305298,113.820952415466,145.676259994507,23.0682764807459,83.5286189488002,87.9516083853585,99.4223109076184,126.952717372349,113.90479292542,85.9592571593167,73.4044938975367,75.5226319630941,92.6681289389231,81.4902906609348,163.598754882812,117.905137688629,126.727578947816,84.1883826650516,23.5578169280449,20.7614594935696,142.439605712891,81.43957642586,49.2144360542297,68.1550588071194
0,72.5560340881348,80.8283227103097,66.3105415768094,0,0,167.793869018555,203.716720581055,0,0,0,98.2305068969727,0,106.79314214533,186.997497558594,0,0,93.3181343078613,0,124.436129252116,0,126.70384979248,94.6167602539062,98.4572579520089,138.906028747559,88.9957389831543,104.178762601769,96.2757506021639,130.246643066406,125.514266967773,0,110.73363494873,0,0,139.121738433838,117.313007354736,8.74587635530651,40.807035118021,24.9708505853589,108.439235687256,0,127.120644463433,117.571629610929,140.59076385498,72.82506959308,125.341449737549,52.2026090427321,135.309186299642,48.1546115693937,135.568664550781,101.122985557274,66.8739097819609,51.5185723458567,71.3426837921143,54.8289170876527,151.589447021484,84.2975401878357,20.8153234069229,70.3747114366101,79.3085920835178,21.7167983873462,48.4300131540041,35.1631821150049,102.384383461692,122.459254214638,107.955511960116,74.8435510706018,86.3313369750977,115.503067016602,53.8284660021464
162.627831595285,90.8082735879081,94.8972505098476,58.4037978299864,180.332336425781,0,0,166.940011804754,174.714847564697,0,180.678399222238,141.38013458252,229.709518432617,141.631408691406,175.660667419434,0,111.376737179963,104.721309094816,132.843299865723,118.607087271554,158.561508178711,137.752685546875,101.995419093541,103.653066017645,156.152647101361,144.196403503418,108.10477019579,96.7847607103594,159.586132342999,174.023492177327,156.256849462336,137.738952636719,0,165.275937398275,117.22419128418,106.239807247191,40.807035118021,15.0712292588387,44.4410135677653,139.743979045323,160.471389770508,123.490573384212,90.1066742550858,119.977731649009,103.914324833797,110.69146651116,99.8987807486821,139.386898921086,90.5238400509483,113.738679059347,134.525114059448,64.5768859312706,39.7045806681051,96.7635393778483,56.3556134249021,146.678071242112,64.6241180298545,45.6989387437409,33.7965094311395,96.213194837848,103.351637704032,37.5729499161852,26.5011796022794,87.1109626940192,134.201485543024,88.6630779094383,93.9812051181136,160.269859313965,105.609084389426,58.3205261013231
103.783093261719,74.6093364953995,80.7254898888724,33.1794900655746,70.3872520740216,0,93.0157406019128,79.6868768852448,89.092132940525,19.2392374533641,89.6554800415039,56.5900955200195,83.1321651317455,77.4112118374218,93.1294548511505,53.47802734375,62.1358761257596,111.863413402012,49.4118843078613,93.4828851873224,83.6649131093706,86.7288167230014,39.8797759215037,72.3936081761899,56.3770929184635,62.1401885350545,96.8510851458968,78.585071809221,76.4213065816395,87.6429071426392,69.0856871087867,99.1861637115478,0,67.7462245623271,90.463641166687,67.0199521029437,24.9708505853589,44.4410135677653,21.8068290984658,79.7827366768046,0,82.6517500766488,64.0232729744633,90.599830154545,33.057168734619,83.6097676494334,41.2801727389697,50.7859106980837,53.354953006837,91.814967212677,70.3990225219727,38.4308594650692,68.4392142870747,88.576934011359,72.5352123484892,73.6847438812256,59.4042988798835,32.6368292729369,53.8793428169992,43.3368190035794,33.2225693585509,47.8985531434154,41.8113924652154,61.3086198520109,85.2635670994733,56.7264656603062,65.518049697876,112.583539326986,63.2086142812456,77.4753064080108
0,0,0,145.078598022461,11.9101482539346,0,162.502857208252,153.714848518372,183.466094970703,102.698572976249,153.836596947212,0,52.9082789829799,0,188.567008972168,139.610782623291,0,0,0,0,52.1363384061389,0,137.725021362305,0,129.967287231894,0,0,0,108.323955487514,189.089274088542,0,0,187.039321899414,168.669729614258,153.156668345133,91.6920443448153,108.439235687256,139.743979045323,79.7827366768046,12.7074737573743,129.699211120605,60.7340581363204,55.5159033531152,96.3370641711926,69.6874350318613,25.6028802974932,155.997291870117,29.1615651717172,195.836463928223,112.836726842103,69.19910632647,0,148.38858710395,177.147108598189,173.487320794,13.5876135337397,117.645365397135,58.7283554077148,130.793486855247,18.2476772419614,235.131973266602,176.125200059679,156.68781958686,27.9583328530825,109.982622642517,121.576300811768,204.193069458008,135.725701141357,103.585833231608,110.53289974437
