13.9727393590897,129.828399658203,88.8916848586255,66.5534760611398,80.8328351974487,74.619935652789,46.0679763455696,28.9711953398449,24.3425252242196,64.6646383921305,44.6113039509963,113.771671295166,91.6746481323242,108.37671661377,13.8671155917473,51.359780143289,85.7856979370117,92.8343688789145,140.125361124674,122.003217128997,81.4102907180786,68.8475384199915,56.5859315054757,84.275745939085,71.0643008502562,146.336471557617,110.494521469753,121.118753814697,75.7542960458695,14.3609930558968,30.0254525992181,145.563941955566,78.6856781005859,47.8678739211139,74.7263227149006,121.74535369873,0,159.425333023071,78.7918141682943,136.965789794922,0,0,141.132034301758,149.706848144531,81.1218694051107,163.336715698242,0,0,0,171.195404052734,0,132.003372192383,167.446197509766,0,186.285711669922,0,128.317994435628,125.078521728516,146.472817993164,117.737835636845,0,170.037536621094,170.50856628418,126.322750194653,150.363894144694,147.931773594448,0,0,140.235778808594,122.925827026367
129.828399658203,6.80341226746262,50.5964206231607,16.2886084934481,84.7806879679362,0,171.095825195312,101.135567982992,116.169441223145,71.129999065716,0,61.0069786071777,111.089698791504,50.1249083441657,143.267227172852,98.8199240366618,67.2119412195115,47.7321971222595,80.5118865966797,69.7481229228358,86.7982177734375,117.465923309326,21.0769144570119,72.9204027085077,75.1658499701906,22.4067241855478,53.7224366044345,29.6245594923185,97.4042608087713,115.78389115767,96.4528783162435,72.5428719771536,0,99.2112121582031,63.6256795980163,0,130.775539398193,103.110912746853,112.754328409831,0,0,0,0,0,102.627403259277,0,108.751749038696,0,77.8449708223343,199.893829345703,0,160.970527648926,139.806791305542,153.550094604492,121.073569403754,0,0,87.8733062744141,150.198923746745,155.227108001709,71.2791137695312,106.924602882535,108.840510136873,214.540267944336,0,0,128.193943023682,0,0,0
88.8916848586255,50.5964206231607,14.3883886837502,46.4266211621293,113.014540354411,166.887544904436,124.538154156539,89.1441646987606,115.189113212201,112.054094950358,105.831482017664,92.426717191754,134.8992123074,95.8738890023067,111.923702054811,134.272875150045,68.4709310860469,39.433625184491,97.4744800768401,71.6525914211328,153.534461975098,61.3257938142198,61.207933838303,29.4767317811291,97.6181692040485,78.3508828481038,40.6345638405014,32.8362235507513,80.1775844756496,112.357907506711,77.5753859531357,89.4817189788818,144.058855329241,113.821726238917,60.8609748714226,166.146799723307,127.677945556641,96.5345477548162,98.9453668947573,0,0,187.916351318359,168.103349740165,196.969004313151,170.323288811578,185.37995300293,159.882179260254,0,160.548566182454,178.333122253418,190.852249145508,110.762589485415,105.304863297537,175.210077921549,113.379112812511,199.062759399414,145.326391022781,72.9553439509761,104.480081435381,160.581619493889,128.59916305542,102.508311379405,101.854240700365,157.691833019257,181.375688552856,145.17658996582,0,0,176.521381378174,131.909231262207
66.5534760611398,16.2886084934481,46.4266211621293,34.315335411175,46.2484270279094,106.555316925049,79.0592895381707,61.2743552225392,80.4275747934977,17.2678659961317,83.3768813986527,64.345219714301,58.1107032082298,48.8654266763121,83.0586871233853,60.7216900634766,55.4129174722208,70.8292545888616,62.2484178543091,79.8393958698619,74.3130303382873,64.2984563697199,32.9458857731283,69.1664006710052,38.7189273566921,28.7724538645552,57.6635730847513,39.6275974880844,56.1766389086049,75.9664338170266,54.187636182529,74.783476802281,108.719615936279,56.7149700522423,75.4491107940674,83.2813110351562,86.025536775589,59.692267393137,21.1960112831809,87.9381603240967,0,115.42263655229,80.6154111804384,121.219125747681,25.5001748629979,98.8086612701416,151.216778564453,117.613213221232,92.2861316029618,105.882720402309,127.530281066895,74.2350912094116,81.1920727411906,82.9471340179443,108.857181628545,103.603547668457,74.9320357718119,24.352615292867,84.7893969726562,61.7128314813309,55.4389069630549,97.0719519970464,65.42762240663,76.9525677573356,100.22902731462,79.9697650786369,126.271253313337,0,107.359171867371,85.1710819917567
80.8328351974487,84.7806879679362,113.014540354411,46.2484270279094,9.5266683608554,142.444770812988,62.1296967041798,43.9870795363372,91.6389473791402,43.5851735129145,24.6649199888985,151.141547066825,31.4818090049937,0,98.6614432589698,64.3479226191241,0,145.169242858887,0,162.976547241211,11.6984703391204,110.296300252279,46.7643270297926,123.842425028483,19.006842258443,113.963162740072,152.481120518276,108.343910369873,16.4077516157906,98.0435387004506,85.5819075902303,0,138.211854934692,83.8787487850913,90.4744421952254,157.884208679199,156.246955871582,185.600128173828,84.3977542877197,28.192389302461,210.607330322266,155.822033706976,125.594061820738,168.124822674376,90.2836351782326,138.406153877309,187.640579223633,41.0254618720671,0,182.684751238142,144.588684082031,138.554916381836,0,0,0,40.1891579750542,123.493515014648,127.45509185791,182.224334716797,117.049451747158,0,0,179.263395690918,139.075839852975,162.666025049546,174.072052001953,0,0,226.896911621094,158.911152648926
74.619935652789,0,166.887544904436,106.555316925049,142.444770812988,7.50936921076721,16.8600260680228,115.173268231479,16.3903877741183,75.3098939259847,113.10049655312,57.0874330363142,94.5606555604098,60.5810750325521,26.522769855518,14.9500819479899,0,154.24072265625,88.8883950369699,102.3283106486,109.406010219029,132.817626953125,0,141.260419845581,105.757246164175,73.6995849609375,176.506438119071,128.789652824402,128.373558044434,23.5862207227412,105.424077715193,0,12.2495045095155,100.91202545166,40.0500131838584,0,0,0,0,0,0,0,0,0,173.360000610352,0,0,0,75.7012252807617,0,0,0,0,0,0,0,0,0,0,185.084274291992,0,0,239.95027923584,191.720153808594,0,0,0,0,0,0
46.0679763455696,171.095825195312,124.538154156539,79.0592895381707,62.1296967041798,16.8600260680228,10.4257960892668,57.5525168061799,24.350445644666,40.0915533883231,29.6761755284397,77.1225804749069,22.0967188735743,92.7260657022166,37.9806220087699,12.1875905037409,151.880902608236,131.141946593327,112.089906420027,128.300487753061,42.1025134668776,109.509751099807,75.7846686045329,115.229255203974,61.7920811583959,120.614078521729,141.143258455541,140.949090850487,57.3446370594874,52.7952997545096,93.6304670821789,134.266417609321,35.4526012795486,89.8798932688577,70.6229480025561,141.576782226562,0,195.559611393855,98.3780258178711,150.636897277832,0,170.961852073669,148.095803807993,180.142589569092,115.275213353774,172.819431802501,0,61.8443609873454,0,169.908750534058,183.955596923828,0,214.432926177979,218.716766357422,0,152.912999343872,166.595776875814,117.559684753418,194.760898590088,130.629069833195,0,217.553726196289,192.852377458052,148.545588745117,188.222592163086,154.268768310547,0,0,157.515899658203,214.011268615723
28.9711953398449,101.135567982992,89.1441646987606,61.2743552225392,43.9870795363372,115.173268231479,57.5525168061799,9.74843054329639,50.9207861858329,56.2084162179526,18.857896577879,138.167933799125,47.231638099208,164.149845123291,39.047019013362,76.7758193072151,88.78846472281,99.9690297366363,145.149671173096,136.255619690482,84.4150218230027,59.6020376664631,65.1437151377438,74.3916094231725,54.8534701503727,163.54172261556,120.791454521385,107.197437295704,24.4970642583386,57.4894477801621,20.7722905980236,172.168095906576,119.233985900879,65.5896733630553,83.1312372013674,146.400164677547,172.668395996094,161.663288661412,75.7280153433482,138.546800561853,0,145.516346202177,123.919704302619,161.998188654582,84.1626478278119,142.372087047946,199.956909179688,151.898345947266,187.351623535156,164.04482014974,0,132.052538664445,176.376449584961,221.272994995117,202.348806381226,136.561588287354,129.590446472168,107.007503933377,141.75832024936,112.027353192191,169.029281616211,172.776042265051,170.059189492084,126.126678516662,155.087976799637,130.9759989138,0,214.809387207031,139.943067278181,155.879734039307
24.3425252242196,116.169441223145,115.189113212201,80.4275747934977,91.6389473791402,16.3903877741183,24.350445644666,50.9207861858329,12.0955469122463,80.5936578766913,30.4205456809596,68.4376984777905,67.5674829264775,79.1658398764474,16.3656934299875,38.3243338169496,150.029238019671,121.310873663857,110.653869778502,131.114073585061,89.3005921124238,97.3237835326285,86.6738022582172,107.084611101941,76.9500011720601,146.064665476481,135.998458074583,145.14170266828,79.3338958844167,34.8410376761796,73.4771397768796,144.504424201118,17.0989737762714,77.3163443019247,60.4377380176411,144.307729085286,0,186.364355299208,100.743996620178,152.602560746042,172.056838989258,181.266738891602,158.748652223681,195.535466974432,116.446797987994,173.539772987366,121.712013244629,170.65481821696,175.632827758789,214.524998982747,0,135.408414204915,188.871887207031,134.478073120117,0,170.434471130371,164.441223144531,114.394762674967,181.785794939314,138.197307101163,90.2231826782227,183.35387802124,185.50708692901,152.054315749913,170.217608981662,149.746489132152,0,0,138.354690551758,192.133595784505
64.6646383921305,71.129999065716,112.054094950358,17.2678659961317,43.5851735129145,75.3098939259847,40.0915533883231,56.2084162179526,80.5936578766913,7.11070689456149,73.822163347928,116.397322981325,8.66174849247918,114.428065389395,86.3871175793634,19.7231340338631,124.187192281087,137.638530384411,124.776245117188,119.553217107599,53.6469736417135,78.4296141231761,22.184365339611,98.6667428016663,22.4388622405696,97.6236199507664,114.497093461518,100.480390523464,54.5874453120761,72.3125624244596,59.858567508299,132.190794626872,139.060382843018,59.4168367495482,89.996132850647,110.103622436523,106.413198852539,150.487060546875,34.4125217420084,98.005602200826,0,101.006807327271,94.4477257905183,130.34661992391,38.650078406205,110.570488399929,0,94.7196698869978,147.506413269043,120.357643127441,0,82.8088836669922,153.792343139648,189.26781463623,186.525634765625,89.7790469119423,109.802879333496,66.2655612097846,208.641677856445,70.1027380485367,150.022041320801,181.631720150218,171.68185078014,92.348051905632,103.708469935826,125.10482635498,193.732620239258,0,115.993900299072,148.950424194336
44.6113039509963,0,105.831482017664,83.3768813986527,24.6649199888985,113.10049655312,29.6761755284397,18.857896577879,30.4205456809596,73.822163347928,12.0541911079871,143.053884725655,25.457398200398,152.84919461337,41.2947813056225,80.8491411379405,130.612901687622,128.393156617552,164.175611223493,158.794583456857,18.0282722521739,85.655305653593,107.228972880046,96.2197279061003,62.6712867205199,146.072570800781,136.89015367296,133.723105610281,24.5630957479341,90.0023495473601,67.0288510918617,174.722938537598,120.298576229908,79.673334981731,87.6943731725042,0,170.004989624023,184.005944824219,104.211403910319,131.221671369654,0,172.783030775727,149.722681395862,185.651357754794,105.151116235775,169.805011544909,227.669631958008,91.5448343653075,0,192.647182941437,134.677825927734,130.587982177734,166.762018839518,249.156478881836,211.412750244141,130.908310086119,157.46125793457,140.886613845825,183.46361541748,131.544068422384,208.299736022949,209.326190948486,184.244999852674,154.620101559005,189.051159057617,156.36838277181,0,234.156585693359,159.581886291504,180.621821594238
113.771671295166,61.0069786071777,92.426717191754,64.345219714301,151.141547066825,57.0874330363142,77.1225804749069,138.167933799125,68.4376984777905,116.397322981325,143.053884725655,11.9667567657279,129.109294597919,16.104992468311,66.7760100040767,82.5143029349191,136.248428344727,53.0404840291933,21.6956616271441,28.983092443617,135.779263989679,106.547690746831,86.6886610866578,86.2993946934606,134.200302777972,23.4322742610941,18.8154111421154,57.8364574096296,143.626714615595,51.9602082631437,112.801284493752,29.5645017897602,53.2956740879052,110.833377349071,30.4847236378208,0,144.466556549072,145.209369659424,100.000684738159,0,0,0,187.56388092041,0,180.327415466309,0,89.3557081222534,131.108871459961,77.0066217634413,0,0,0,0,99.7734080227939,116.76219813029,0,0,175.2888768514,0,199.279595947266,70.295451426506,105.82200094811,110.291975917586,203.467174530029,0,197.918304443359,95.6104232788086,0,0,133.051357269287
91.6746481323242,111.089698791504,134.8992123074,58.1107032082298,31.4818090049937,94.5606555604098,22.0967188735743,47.231638099208,67.5674829264775,8.66174849247918,25.457398200398,129.109294597919,10.5215085238272,136.143859100342,97.2306613883587,17.5711560173128,0,154.836131286621,150.650149536133,153.477597917829,15.4418958406711,116.445259094238,54.6050641964643,120.370843251546,25.6529039090355,121.30188369751,170.371449061802,124.203401432481,45.4307535323173,92.7824705676029,94.9375228881836,177.119364420573,114.268636576335,85.9791504542033,87.703568988882,0,174.604591369629,204.358276367188,62.056948928833,104.899206472903,0,54.0913516834218,121.560371398926,131.627899593777,74.7791061954222,103.67869755801,145.54833984375,11.4849620400679,0,146.646245320638,71.4488220214844,154.789947509766,0,141.748062133789,0,22.6925103217793,121.614730834961,96.4419504801432,0,107.539799425337,0,0,166.118222917829,133.309344784967,157.597819010417,0,0,0,0,131.071055094401
108.37671661377,50.1249083441657,95.8738890023067,48.8654266763121,0,60.5810750325521,92.7260657022166,164.149845123291,79.1658398764474,114.428065389395,152.84919461337,16.104992468311,136.143859100342,10.1087781707449,73.2953981052745,147.393719991048,124.365646362305,106.655706678118,48.8642023259943,68.8136844275133,135.481281825474,126.421047210693,86.2170955175641,141.126345825195,126.956882082183,18.7325287721194,17.9698092549049,34.8517095727892,155.415499369303,63.2549406482327,140.663178443909,13.0878802080304,64.6358379787869,0,51.6175894456751,0,115.061185736405,168.501396179199,70.9881776537214,0,0,0,202.143653869629,156.846160888672,139.400913238525,0,77.2786222585042,0,53.7889785739778,148.276138305664,0,0,165.642593383789,93.6031737035635,123.916221618652,0,0,133.943182373047,193.043914794922,203.025314331055,61.5436714539617,97.6847966057914,96.1506304647408,0,117.828277587891,188.528919219971,91.4041333271162,0,0,128.126177978516
13.8671155917473,143.267227172852,111.923702054811,83.0586871233853,98.6614432589698,26.522769855518,37.9806220087699,39.047019013362,16.3656934299875,86.3871175793634,41.2947813056225,66.7760100040767,97.2306613883587,73.2953981052745,7.77366841874873,41.7092163875185,117.013520327481,110.452234772636,108.431285434299,126.211017914634,95.4518595119514,87.7804709266214,72.7028262697417,101.414863094594,90.3267433322661,75.210319519043,127.740166868839,137.178397504589,86.8436735229711,15.6875202113409,42.5449855110141,131.239301045736,18.1107580259526,38.3041493498536,46.6293908713027,169.476019287109,202.376922607422,168.80882136027,100.673780314128,163.913696289062,0,165.886464436849,151.448701913016,188.452995300293,125.134262084961,173.244271850586,0,112.288764953613,145.75700378418,193.216528756278,0,140.934448242188,214.412241617839,212.751220703125,0,134.485378265381,143.990743364607,99.1613578796387,157.513912963867,143.806375986122,0,189.495441436768,180.544417190552,148.828337162099,168.110485301298,142.575236687293,0,0,157.354629516602,155.606441497803
51.359780143289,98.8199240366618,134.272875150045,60.7216900634766,64.3479226191241,14.9500819479899,12.1875905037409,76.7758193072151,38.3243338169496,19.7231340338631,80.8491411379405,82.5143029349191,17.5711560173128,147.393719991048,41.7092163875185,9.25027881801654,0,134.151331814853,0,130.303457260132,56.5136520907005,138.667009353638,64.3082586924235,110.082424926758,44.4536181204967,131.907855351766,142.161409166124,125.181807736316,79.2455587715938,43.3634720065377,85.1138085259332,168.77360534668,34.0915231453745,100.125103541783,77.6027056041517,0,0,183.280960083008,93.530647277832,160.856018066406,0,0,174.735509236654,201.119857788086,80.7328100204468,176.68359375,0,58.5462226867676,0,0,0,0,144.058197021484,0,0,101.12767791748,0,0,0,126.674824714661,0,0,188.954650878906,148.536502075195,184.292198181152,134.660903930664,0,0,0,0
85.7856979370117,67.2119412195115,68.4709310860469,55.4129174722208,0,0,151.880902608236,88.78846472281,150.029238019671,124.187192281087,130.612901687622,136.248428344727,0,124.365646362305,117.013520327481,0,12.970851027646,89.8534256465851,115.479705810547,116.734305161696,111.041152954102,25.530258134527,28.8978580621097,25.0835437156104,22.7628444360261,105.655879974365,102.953825113725,30.1508936310068,38.3545541435002,90.8168021171324,64.8869437477805,133.25951385498,0,58.3426026843843,65.8851730953995,137.214279174805,0,102.214997609456,57.5572440535934,0,0,177.377883911133,138.420359023074,181.796990966797,84.7682723999023,0,213.651382446289,0,157.093605041504,186.901184082031,0,49.8312624536379,139.089569091797,0,159.10658454895,0,110.087541286762,50.6008129119873,94.7797551564233,112.32979713296,165.148483276367,140.929346561432,96.7800928713327,118.678062610798,119.533938271659,105.942895604276,0,0,94.2221501668294,125.724813188825
92.8343688789145,47.7321971222595,39.433625184491,70.8292545888616,145.169242858887,154.24072265625,131.141946593327,99.9690297366363,121.310873663857,137.638530384411,128.393156617552,53.0404840291933,154.836131286621,106.655706678118,110.452234772636,134.151331814853,89.8534256465851,11.0950998612542,59.5816176390484,28.7141394726139,211.810089111328,63.266951407353,81.0290971235795,31.1421258789254,125.335554880639,72.9220812870906,31.9193575474514,62.9662757286239,109.081243252754,92.9150047480861,74.406209268766,85.7043555930809,111.009815216064,84.0537959929435,32.4415802442812,166.726577758789,120.488728841146,104.160573314007,123.736070632935,0,0,0,196.546023282138,220.903205871582,0,0,0,0,164.774505615234,198.340923309326,0,135.420263502333,109.39507001712,153.018582661947,115.896011654693,0,157.53794631958,104.401639484224,144.940812361868,175.837317330497,99.2623977661133,104.753416475535,108.649210725427,179.287110646566,190.697059631348,154.67261505127,163.112075805664,0,150.589965820312,140.959099663628
140.125361124674,80.5118865966797,97.4744800768401,62.2484178543091,0,88.8883950369699,112.089906420027,145.149671173096,110.653869778502,124.776245117188,164.175611223493,21.6956616271441,150.650149536133,48.8642023259943,108.431285434299,0,115.479705810547,59.5816176390484,5.99187186733158,18.7768110639306,161.744110107422,117.569667816162,107.250633239746,97.7108752602025,158.782998657227,41.2551271915436,21.3354535249285,86.3256555253809,140.880235944475,90.4269493920463,122.061757313121,52.5050091309981,83.4792033108798,126.820402962821,57.5249317381918,0,90.8242645263672,155.551137288411,0,0,0,0,0,0,0,0,90.0742174784342,0,82.3765424092611,229.927337646484,0,0,0,101.272058486938,120.491102854411,0,0,0,0,0,75.3991225106376,105.297882995605,115.48057047526,0,0,0,111.932022094727,0,0,0
122.003217128997,69.7481229228358,71.6525914211328,79.8393958698619,162.976547241211,102.3283106486,128.300487753061,136.255619690482,131.114073585061,119.553217107599,158.794583456857,28.983092443617,153.477597917829,68.8136844275133,126.211017914634,130.303457260132,116.734305161696,28.7141394726139,18.7768110639306,13.1638594245886,174.016300201416,102.008250169531,104.262500762939,82.6345916884286,151.394947899712,48.6624620009442,30.7647166450406,67.8188364461714,132.150736933169,103.323295467648,105.823076467533,65.2673466097924,90.1284471594769,105.032320642168,45.6571892834607,213.406784057617,114.235195583767,123.956262715658,153.275436401367,0,0,0,198.253921508789,207.76953125,0,230.162368774414,112.979030609131,0,114.669237348768,0,0,158.058326721191,131.401994977679,113.25966574929,110.288371107313,0,167.482386271159,129.224894932338,183.616038004557,212.892105102539,85.8721714019775,104.051831201957,110.302969682052,187.311962127686,193.7565574646,186.330291748047,120.127259254456,0,0,148.347015380859
81.4102907180786,86.7982177734375,153.534461975098,74.3130303382873,11.6984703391204,109.406010219029,42.1025134668776,84.4150218230027,89.3005921124238,53.6469736417135,18.0282722521739,135.779263989679,15.4418958406711,135.481281825474,95.4518595119514,56.5136520907005,111.041152954102,211.810089111328,161.744110107422,174.016300201416,9.37936198062055,152.128089904785,55.757820892334,166.129699707031,21.0916228618622,104.60954284668,189.046291775174,157.528506687709,30.1745474856785,90.9516973195114,111.55305480957,0,115.02167401995,83.8995196533203,84.6899375915527,182.195693969727,164.31396484375,0,84.3089678729022,45.4018765569807,0,155.782006157769,144.769849362581,182.086849757603,93.2085256089259,156.812794987748,0,12.0688744024797,0,194.335680007935,75.6203231811523,0,0,0,242.516830444336,57.4536902493444,0,148.422073364258,0,123.440336974626,0,0,176.954046630859,146.805875054721,180.852583312988,0,0,232.924942016602,212.712905883789,141.428802490234
68.8475384199915,117.465923309326,61.3257938142198,64.2984563697199,110.296300252279,132.817626953125,109.509751099807,59.6020376664631,97.3237835326285,78.4296141231761,85.655305653593,106.547690746831,116.445259094238,126.421047210693,87.7804709266214,138.667009353638,25.530258134527,63.266951407353,117.569667816162,102.008250169531,152.128089904785,11.383051501429,50.5321164584432,25.7839958032431,35.0099667497603,108.477222442627,98.5788744595877,80.8811914259771,34.563879163634,45.3846715046647,25.5491364428548,138.713336181641,0,48.8224374205952,45.4083266209699,125.509422302246,178.249328613281,140.173196726832,71.3744980832364,0,0,201.927536010742,138.331699689229,157.344802856445,91.3391291300456,159.165992736816,215.391250610352,165.670043945312,0,155.651640574137,0,101.190842121507,154.344223499298,0,160.505752563477,0,121.078556770502,72.7422671271759,118.300820290793,122.67679359436,0,167.749969482422,131.553323217185,128.242375149446,128.776295132107,117.862980080716,189.412048339844,0,117.809689241297,121.76464176178
56.5859315054757,21.0769144570119,61.207933838303,32.9458857731283,46.7643270297926,0,75.7846686045329,65.1437151377438,86.6738022582172,22.184365339611,107.228972880046,86.6886610866578,54.6050641964643,86.2170955175641,72.7028262697417,64.3082586924235,28.8978580621097,81.0290971235795,107.250633239746,104.262500762939,55.757820892334,50.5321164584432,8.14325219990864,49.9770780294135,29.8434597483401,69.9259339378787,93.9929355338768,42.6334593977452,52.0379754681608,58.5421609773741,46.2644445584013,110.739886339973,0,43.8311435593987,47.9828733160141,122.040344238281,0,105.528012911479,41.2648576554798,110.22762298584,0,154.826522827148,114.047458046361,130.472846984863,57.1115892198351,140.495494842529,0,0,113.842104012626,107.733509608677,128.094497680664,52.6019390614827,128.815483940972,0,143.35712146759,158.054168701172,77.9914728879929,34.518314257912,75.4003172825723,73.102402781097,122.249582078722,144.997318983078,111.021113284799,82.7787331889447,89.5197636148204,80.5166776180267,139.974708557129,0,83.2503997802734,85.8170017242432
84.275745939085,72.9204027085077,29.4767317811291,69.1664006710052,123.842425028483,141.260419845581,115.229255203974,74.3916094231725,107.084611101941,98.6667428016663,96.2197279061003,86.2993946934606,120.370843251546,141.126345825195,101.414863094594,110.082424926758,25.0835437156104,31.1421258789254,97.7108752602025,82.6345916884286,166.129699707031,25.7839958032431,49.9770780294135,16.8373606316656,66.2484006842868,78.932735988072,70.0846227360049,44.9381778120301,59.013382752767,71.3730343813458,48.4064136345928,123.062454223633,169.919387817383,69.7059180736542,43.5860678637353,176.202972412109,139.973594665527,105.237103408238,98.4550337219238,0,0,178.125823974609,150.561523330044,196.291364034017,119.78006199428,182.644007364909,0,0,0,180.895921325684,0,64.043193989545,121.772990185282,0,142.234130859375,230.693740844727,102.550226344276,61.154120346911,95.059819865041,127.664727413293,0,141.645384343465,104.179931856744,140.145947493906,140.863603071733,132.8092112908,194.716110229492,0,114.888454437256,134.998258972168
71.0643008502562,75.1658499701906,97.6181692040485,38.7189273566921,19.006842258443,105.757246164175,61.7920811583959,54.8534701503727,76.9500011720601,22.4388622405696,62.6712867205199,134.200302777972,25.6529039090355,126.956882082183,90.3267433322661,44.4536181204967,22.7628444360261,125.335554880639,158.782998657227,151.394947899712,21.0916228618622,35.0099667497603,29.8434597483401,66.2484006842868,11.2092597506751,108.95121374027,128.956050796509,85.7804282144101,20.6143695296301,78.9681382473732,66.3881600257542,146.890261332194,132.411748250326,67.0386848761819,78.5977604580909,133.687534679066,141.627960968018,148.481914096408,57.5937926769257,124.32906508303,0,139.429958899816,113.102897391709,149.627625274658,68.821237682311,134.667675937363,200.012295532227,115.697413365046,168.344128417969,146.907195229567,112.307448069255,98.3464129663283,164.96555480957,199.929573059082,196.890846252441,119.773036168627,114.104173444175,78.9219591805104,121.733317198577,99.1335213740069,185.009836832682,188.302878379822,154.450573547363,113.527256191057,138.141275589283,112.710669740406,191.02433013916,0,121.176563840924,128.731650882297
146.336471557617,22.4067241855478,78.3508828481038,28.7724538645552,113.963162740072,73.6995849609375,120.614078521729,163.54172261556,146.064665476481,97.6236199507664,146.072570800781,23.4322742610941,121.30188369751,18.7325287721194,75.210319519043,131.907855351766,105.655879974365,72.9220812870906,41.2551271915436,48.6624620009442,104.60954284668,108.477222442627,69.9259339378787,78.932735988072,108.95121374027,7.83517284866949,47.2033015576805,17.962050708795,133.334460667201,87.9389751979283,118.003005981445,55.3987597397396,81.2646369934082,120.29358215332,34.5772694666029,0,75.4794540405273,149.027542114258,28.0750123432704,0,0,0,0,0,0,209.526458740234,63.9429940616383,0,50.5396836537581,0,0,0,0,86.0037608676487,85.9922542572021,0,0,123.849980672201,150.493717193604,174.558334350586,40.3239738740654,79.0363116218048,77.6551681081201,180.010803222656,175.379913330078,0,76.7785447610391,0,0,143.854904174805
110.494521469753,53.7224366044345,40.6345638405014,57.6635730847513,152.481120518276,176.506438119071,141.143258455541,120.791454521385,135.998458074583,114.497093461518,136.89015367296,18.8154111421154,170.371449061802,17.9698092549049,127.740166868839,142.161409166124,102.953825113725,31.9193575474514,21.3354535249285,30.7647166450406,189.046291775174,98.5788744595877,93.9929355338768,70.0846227360049,128.956050796509,47.2033015576805,16.3517869357387,38.4569474845161,125.423229283074,114.217219391701,105.079202337665,32.1230351677018,91.7789356007296,112.389022899809,62.0422052763859,206.855903625488,105.317672729492,116.614151237285,101.268857236768,188.710052490234,0,227.03491973877,192.03601212935,229.796157836914,185.412700946514,202.099212646484,105.33635771902,231.216430664062,95.0377806170233,185.406681060791,172.425323486328,149.948531256782,115.024558667783,101.387644585762,107.06248649612,203.331283569336,165.079953511556,129.099376971905,149.165466800813,196.219970703125,75.7625828045901,96.4534493512843,100.43496013276,193.069123701616,183.655333298903,172.790089198521,104.53124305462,0,190.916442871094,135.548560473384
121.118753814697,29.6245594923185,32.8362235507513,39.6275974880844,108.343910369873,128.789652824402,140.949090850487,107.197437295704,145.14170266828,100.480390523464,133.723105610281,57.8364574096296,124.203401432481,34.8517095727892,137.178397504589,125.181807736316,30.1508936310068,62.9662757286239,86.3256555253809,67.8188364461714,157.528506687709,80.8811914259771,42.6334593977452,44.9381778120301,85.7804282144101,17.962050708795,38.4569474845161,17.2420213401521,85.7020399969118,118.561372090161,107.971867753583,32.6910816540623,108.277206965855,114.980197748489,67.2720697730665,181.037607465472,116.398431557376,99.4927772538074,85.0713568743537,181.084144592285,0,197.344241055575,165.717484118892,195.353618076869,167.651736755371,174.166139022164,100.382186824993,0,91.3569084754994,186.735653468541,174.681869506836,93.4211411749481,109.642102087265,105.876156670707,111.541752502823,240.852905273438,146.890104074947,54.6618746298993,101.94257927964,160.789153404956,70.3909744603981,99.1547004889192,99.5725838486104,157.457923148995,190.757973410866,164.69416242327,107.212520367328,0,174.905429077148,132.97987539628
75.7542960458695,97.4042608087713,80.1775844756496,56.1766389086049,16.4077516157906,128.373558044434,57.3446370594874,24.4970642583386,79.3338958844167,54.5874453120761,24.5630957479341,143.626714615595,45.4307535323173,155.415499369303,86.8436735229711,79.2455587715938,38.3545541435002,109.081243252754,140.880235944475,132.150736933169,30.1745474856785,34.563879163634,52.0379754681608,59.013382752767,20.6143695296301,133.334460667201,125.423229283074,85.7020399969118,10.5321985257051,81.4247591269519,37.9109332500473,163.121719360352,130.086443901062,64.7304842651986,71.6030183705576,135.852977079504,167.328365325928,158.872636968439,74.6430305868892,119.485439348221,0,152.424323490688,124.880471585646,164.044852421202,92.4249600404818,152.038754655328,178.66145324707,116.928604498142,0,159.885145554849,142.968021392822,116.053086223498,163.648197937012,0,179.823164367676,109.292953437483,125.945173663024,86.7922007854168,135.085900393399,114.357246351525,163.945922851562,195.779219777961,157.861839114212,126.560431699165,144.775179075963,123.739466922118,0,220.895462036133,124.358067406548,142.627876523941
14.3609930558968,115.78389115767,112.357907506711,75.9664338170266,98.0435387004506,23.5862207227412,52.7952997545096,57.4894477801621,34.8410376761796,72.3125624244596,90.0023495473601,51.9602082631437,92.7824705676029,63.2549406482327,15.6875202113409,43.3634720065377,90.8168021171324,92.9150047480861,90.4269493920463,103.323295467648,90.9516973195114,45.3846715046647,58.5421609773741,71.3730343813458,78.9681382473732,87.9389751979283,114.217219391701,118.561372090161,81.4247591269519,9.35717145827683,25.8320328704514,106.606781387329,14.0129974072802,13.8726095654446,43.0353206349399,160.804598490397,0,201.173653738839,87.2872369827763,158.259368896484,0,171.502435302734,141.874371814728,179.288456636317,116.615872834858,170.818516254425,0,113.088863372803,94.9255599975586,165.326543807983,0,129.024998982747,147.710174560547,0,162.396860758464,163.860525131226,123.94435562626,94.0969652029184,160.184284556996,132.601317564033,75.7741775512695,171.614864894322,175.980712413788,142.56836433217,158.647604806083,132.697877407074,105.327728271484,0,143.090671539307,164.21520614624
30.0254525992181,96.4528783162435,77.5753859531357,54.187636182529,85.5819075902303,105.424077715193,93.6304670821789,20.7722905980236,73.4771397768796,59.858567508299,67.0288510918617,112.801284493752,94.9375228881836,140.663178443909,42.5449855110141,85.1138085259332,64.8869437477805,74.406209268766,122.061757313121,105.823076467533,111.55305480957,25.5491364428548,46.2644445584013,48.4064136345928,66.3881600257542,118.003005981445,105.079202337665,107.971867753583,37.9109332500473,25.8320328704514,10.5071769728124,133.954366048177,104.636932373047,41.1295382366067,40.6991819900049,114.127758026123,153.240585327148,151.828315147987,69.9270199245877,152.731195068359,0,164.029897054036,124.897020374645,158.341441345215,86.2610816955566,175.591776529948,0,179.027618408203,0,148.979875917788,0,109.412177085876,159.094114823775,198.432983398438,180.579015096029,196.248573303223,117.34193031941,69.863199946392,125.110063943518,111.547813202118,208.681274414062,165.157198588053,153.874799891881,118.862045666219,131.898641367428,117.101248660934,0,0,127.579513931274,138.084210115321
145.563941955566,72.5428719771536,89.4817189788818,74.783476802281,0,0,134.266417609321,172.168095906576,144.504424201118,132.190794626872,174.722938537598,29.5645017897602,177.119364420573,13.0878802080304,131.239301045736,168.77360534668,133.25951385498,85.7043555930809,52.5050091309981,65.2673466097924,0,138.713336181641,110.739886339973,123.062454223633,146.890261332194,55.3987597397396,32.1230351677018,32.6910816540623,163.121719360352,106.606781387329,133.954366048177,9.26545049179616,97.9754435221354,137.124717712402,79.8571972404559,0,122.450701904297,161.171005249023,86.7817707061768,0,0,0,186.983001708984,0,230.026351928711,231.528991699219,97.9507488175934,0,90.2629645906122,187.385314941406,0,0,159.421020507812,103.106405431574,130.11418218198,0,224.582321166992,180.949089050293,178.489456176758,193.728530883789,74.9338326131491,106.729474659207,108.246020473904,0,212.770217895508,158.841445922852,104.310124323918,0,0,150.650718688965
78.6856781005859,0,144.058855329241,108.719615936279,138.211854934692,12.2495045095155,35.4526012795486,119.233985900879,17.0989737762714,139.060382843018,120.298576229908,53.2956740879052,114.268636576335,64.6358379787869,18.1107580259526,34.0915231453745,0,111.009815216064,83.4792033108798,90.1284471594769,115.02167401995,0,0,169.919387817383,132.411748250326,81.2646369934082,91.7789356007296,108.277206965855,130.086443901062,14.0129974072802,104.636932373047,97.9754435221354,5.4411830127082,107.741369247437,34.5907778843589,0,0,0,140.764297485352,0,0,0,0,0,0,235.689788818359,0,0,0,0,0,0,0,0,0,0,0,0,0,186.822625296456,0,0,0,194.050357818604,0,0,0,0,0,0
47.8678739211139,99.2112121582031,113.821726238917,56.7149700522423,83.8787487850913,100.91202545166,89.8798932688577,65.5896733630553,77.3163443019247,59.4168367495482,79.673334981731,110.833377349071,85.9791504542033,0,38.3041493498536,100.125103541783,58.3426026843843,84.0537959929435,126.820402962821,105.032320642168,83.8995196533203,48.8224374205952,43.8311435593987,69.7059180736542,67.0386848761819,120.29358215332,112.389022899809,114.980197748489,64.7304842651986,13.8726095654446,41.1295382366067,137.124717712402,107.741369247437,7.68152584218041,40.686632372987,124.003484090169,0,148.982513427734,68.7889788150787,140.989318847656,0,166.403480529785,131.566946716309,170.328145345052,88.1368192036947,157.568226623535,0,184.362823486328,0,160.733779907227,0,102.838343048096,163.049921671549,0,141.110244750977,133.424110412598,110.39303894043,69.3225765228271,127.148087637765,121.3313427469,0,154.380508422852,183.894605636597,122.921558795589,141.474396841867,114.16728560989,0,0,104.077077229818,88.4896011352539
74.7263227149006,63.6256795980163,60.8609748714226,75.4491107940674,90.4744421952254,40.0500131838584,70.6229480025561,83.1312372013674,60.4377380176411,89.996132850647,87.6943731725042,30.4847236378208,87.703568988882,51.6175894456751,46.6293908713027,77.6027056041517,65.8851730953995,32.4415802442812,57.5249317381918,45.6571892834607,84.6899375915527,45.4083266209699,47.9828733160141,43.5860678637353,78.5977604580909,34.5772694666029,62.0422052763859,67.2720697730665,71.6030183705576,43.0353206349399,40.6991819900049,79.8571972404559,34.5907778843589,40.686632372987,11.5311986397935,143.599597930908,159.241575241089,121.520048837813,85.7346288363139,134.952476501465,0,184.065602620443,144.713866339789,189.904273293235,118.031500816345,184.062139892578,91.599552154541,83.1992568969727,76.9312773165496,176.613382339478,0,94.053522164481,130.945565073114,117.665941238403,125.217079162598,97.6102294921875,109.158435211182,64.8683433532715,121.997999191284,133.128670478935,75.4971996756161,120.228560508566,124.928811847039,141.486941594663,155.441248575846,108.274122619629,101.534678141276,0,95.7107238769531,133.139923095703
121.74535369873,0,166.146799723307,83.2813110351562,157.884208679199,0,141.576782226562,146.400164677547,144.307729085286,110.103622436523,0,0,0,0,169.476019287109,0,137.214279174805,166.726577758789,0,213.406784057617,182.195693969727,125.509422302246,122.040344238281,176.202972412109,133.687534679066,0,206.855903625488,181.037607465472,135.852977079504,160.804598490397,114.127758026123,0,0,124.003484090169,143.599597930908,11.9870531111219,129.480145263672,105.843944611287,68.1671752042549,103.287298679352,68.9313182830811,91.6506661794272,33.2078177622132,42.4548185015858,65.4460758633084,52.5062186156185,110.373952646725,115.382638295492,142.348350524902,16.0701403278924,83.9668632507324,74.3033068974813,100.306915622287,132.737243652344,117.109614288213,98.8881206512451,74.2785378322806,72.5138449235396,92.6355147921423,77.8214795367318,156.160720825195,122.734561124145,128.184242092833,81.6177120111592,23.3405727481222,28.7565825512204,161.996718088786,87.498307800293,32.2717740260638,71.4673157953749
0,130.775539398193,127.677945556641,86.025536775589,156.246955871582,0,0,172.668395996094,0,106.413198852539,170.004989624023,144.466556549072,174.604591369629,115.061185736405,202.376922607422,0,0,120.488728841146,90.8242645263672,114.235195583767,164.31396484375,178.249328613281,0,139.973594665527,141.627960968018,75.4794540405273,105.317672729492,116.398431557376,167.328365325928,0,153.240585327148,122.450701904297,0,0,159.241575241089,129.480145263672,7.1364287011381,41.2582012712955,28.2336479762884,118.750578562419,121.58295694987,113.53018951416,122.07099206107,146.17073059082,65.6583161169591,147.695845031738,64.4180322793814,96.7118370749734,51.459936110528,147.454877853394,103.472010780783,63.9023166894913,71.2312501027034,71.5079121309168,65.0137940426262,119.756328582764,87.7326030731201,19.8207817853246,83.9713799612863,76.3345725113456,21.842941284345,57.627006369122,31.5120602623699,103.36814994812,128.553601741791,111.736096572876,70.7752669198172,0,142.686298370361,81.284124814547
159.425333023071,103.110912746853,96.5345477548162,59.692267393137,185.600128173828,0,195.559611393855,161.663288661412,186.364355299208,150.487060546875,184.005944824219,145.209369659424,204.358276367188,168.501396179199,168.80882136027,183.280960083008,102.214997609456,104.160573314007,155.551137288411,123.956262715658,0,140.173196726832,105.528012911479,105.237103408238,148.481914096408,149.027542114258,116.614151237285,99.4927772538074,158.872636968439,201.173653738839,151.828315147987,161.171005249023,0,148.982513427734,121.520048837813,105.843944611287,41.2582012712955,16.1349740431458,47.72590878749,153.290613301595,142.775822957357,124.862301439047,92.4172257403808,126.643101907771,101.913471824244,111.146276262973,141.233759793368,158.779730224609,108.560626075381,118.715040820438,126.924212137858,67.3516083547514,44.1577895841026,107.704443911289,57.4121120032914,138.302755355835,68.5510796241511,46.2892148185322,30.8116977564483,107.75129047193,97.0587844848633,38.5645051960796,31.7416669961609,84.7418470270354,132.522109572093,95.8741329641406,97.4018681844075,179.559121025933,100.902513122559,67.4598502363391
78.7918141682943,112.754328409831,98.9453668947573,21.1960112831809,84.3977542877197,0,98.3780258178711,75.7280153433482,100.743996620178,34.4125217420084,104.211403910319,100.000684738159,62.056948928833,70.9881776537214,100.673780314128,93.530647277832,57.5572440535934,123.736070632935,0,153.275436401367,84.3089678729022,71.3744980832364,41.2648576554798,98.4550337219238,57.5937926769257,28.0750123432704,101.268857236768,85.0713568743537,74.6430305868892,87.2872369827763,69.9270199245877,86.7817707061768,140.764297485352,68.7889788150787,85.7346288363139,68.1671752042549,28.2336479762884,47.72590878749,18.6611169215318,60.4982786714361,108.216343688965,93.9818517896864,60.6659255948841,91.4561732610067,16.5306690469932,84.5671565148138,84.0135919076425,77.9180826459612,55.3892569488594,90.5228720978423,65.9567537988935,41.6289476976556,74.9171548861902,72.4299366474152,82.3636214332243,72.0312255121047,55.57794120608,21.351641171268,67.6237582903806,37.8557260504403,27.1430292989675,55.9013512493235,40.8885950606622,56.8092550474055,75.9980398247041,55.6616813699823,70.5538700648716,131.299091339111,60.7425018478842,76.0683079186608
