12.4961928807617,103.105743408203,103.824676309313,69.9344345541561,75.2047789789015,71.0800266265869,71.6273614522573,24.2761645207706,33.207549474663,67.6096235381232,52.5161595873139,118.055188817885,88.1460792904808,125.765361240932,11.7332255715511,0,82.9861660003662,95.9341477442142,135.050164413452,119.681583115779,92.1638704382855,76.0089022146689,65.456774357387,84.4063884342942,72.7750601797393,146.000503540039,116.097830155317,124.608169374012,69.6725656808141,9.52873974445616,27.182210199656,174.615076700846,76.8905857631138,24.2201160883558,71.9096126917637,137.38200378418,129.247268676758,162.601036071777,114.920616149902,0,0,148.04313659668,140.247027587891,180.999053955078,135.002853393555,160.074394226074,0,0,0,162.371541341146,0,154.646785736084,204.049896240234,0,0,0,152.818552652995,96.5877939860026,163.094314575195,125.928160723518,210.328170776367,0,176.809289785532,132.315884439569,145.573917933873,137.565435409546,0,0,0,148.339964730399
103.105743408203,7.34200341907365,40.4187149238586,9.05382858095621,128.689910888672,131.791595458984,167.343215942383,117.323867797852,143.264837265015,57.8578445116679,0,65.705599487805,87.1880950927734,47.3686191890551,114.195057678223,102.225286695692,62.9184645375898,54.4836780392394,77.2572898864746,63.8749889320051,0,83.3524136543274,25.2490373518889,65.686132137592,61.3252829735183,22.4472952217772,49.1639751954512,22.8857797592878,91.7156349740377,116.102998097738,97.5943316505069,77.0016779899597,0,78.6521911621094,59.1861263660902,234.902038574219,50.9588706970215,60.5470308714275,37.87153673172,0,0,0,142.997842788696,0,115.255280812581,0,92.5498847961426,0,98.0121555328369,0,134.75244140625,129.38889948527,75.4611649899869,98.2312927246094,88.4827671051025,0,141.95393371582,76.4123306274414,85.9220654805501,116.026129041399,90.2114033169217,62.4350867993904,66.2139455980889,155.547116088867,135.612925211589,114.914798736572,0,0,110.679222106934,86.5809690157572
103.824676309313,40.4187149238586,13.557773425752,45.4833315722461,113.407770257247,0,126.636489811228,90.9310864873169,121.66760105157,112.662161963327,98.919863808638,85.035044091893,134.491363123844,82.3482801194159,106.793162487306,146.285400390625,80.0602026581764,33.7535882000348,87.1955297643488,71.2987798133992,179.612096150716,64.6576075201368,43.7285772261218,18.6582270680815,98.1717477278276,95.168399810791,31.3788302240533,34.5135829841487,74.6112715050426,124.736659888065,73.5918051584733,89.5325487310236,165.126396179199,122.935932506214,62.0801869493372,223.893508911133,74.3937086447691,93.298052609239,90.3216063181559,0,0,158.189590454102,144.679624097101,171.114059448242,210.425796508789,167.347869873047,140.012199401855,0,0,159.21896144322,0,112.311452782672,111.299893754252,0,136.544760964134,0,140.298679351807,72.068896996047,101.281059440123,149.035871505737,117.760112762451,112.791340371837,94.7869730169123,147.142760056716,165.934626261393,145.921569824219,190.478698730469,0,0,108.09346278264
69.9344345541561,9.05382858095621,45.4833315722461,20.644261507009,64.3723389445872,120.197168986003,84.6832731068134,56.1943531170508,83.7105768528568,16.1919669307594,76.4406553067659,66.3618880342846,74.8390180147611,40.9489328554647,84.5131585275805,65.7020770481655,44.3095381986804,62.462285238443,71.1328121988397,68.8283197379407,67.4612084092765,57.4014764078126,27.4777588074764,48.9155665965741,39.6804102641687,19.4812339663031,55.0130537784461,35.933326552161,51.9787822831697,75.0177233894879,58.6804014940032,65.3592224121094,121.76395755344,63.8029226575579,68.8829816910956,88.4384347323714,38.2828401636194,59.5063335931123,23.6988326058243,133.410511779785,0,114.756702222322,80.6141419637771,115.817200400613,96.535323677063,123.370509556362,117.304693857829,145.118541717529,76.0212385004217,107.142897987366,0,62.7687398683222,76.724538591173,77.3887405395508,71.7611544799805,115.215877532959,69.8230720457992,40.5310435862768,66.2331691568548,68.0824963100373,35.9232199238796,62.0693321629574,59.9518247060168,76.3581996959644,102.549702924841,71.8479225806941,87.4058990478516,0,80.1495860706676,83.9095870308254
75.2047789789015,128.689910888672,113.407770257247,64.3723389445872,8.78562964286374,80.1570663452148,48.8320421600342,45.1653276790272,68.6357836723328,41.3553289873847,20.522854392954,141.737474060059,19.0961257442186,162.52619934082,94.6030352955133,52.7752347128732,0,135.570068359375,0,156.225214640299,14.0677295705485,0,88.2018089294434,89.2584635416667,19.7436597438032,0,141.699090396657,139.314777374268,9.44814459301563,85.8251074208509,84.104011853536,0,124.619718551636,79.4273458410192,88.8310413084168,147.711563110352,0,0,74.1520488739014,23.5967619589866,0,154.961814880371,139.552631123861,169.227294921875,92.0954548762395,141.937643051147,0,51.2455231501506,0,162.819114685059,139.321606953939,0,0,0,0,12.5370859048912,194.849349975586,133.812637329102,0,93.1407216234905,0,0,0,130.462946725928,179.239959716797,213.829895019531,0,0,0,132.55118560791
71.0800266265869,131.791595458984,0,120.197168986003,80.1570663452148,6.61487045100224,9.74401320004437,104.081336975098,17.668406871784,59.3311574935913,107.42896597726,81.0401111949574,60.877999260312,84.2537892659505,30.6166306498966,15.587537226136,0,161.378463745117,197.742095947266,227.520904541016,136.360397338867,0,0,0,74.8002017974854,0,182.597045898438,170.006324768066,118.169570922852,23.5984941961519,99.7362670898438,0,13.960563318007,120.033630371094,33.5551586151123,0,0,0,0,0,0,0,0,0,0,0,0,0,0,0,0,0,0,0,0,0,0,0,0,0,0,0,0,175.356002807617,0,0,0,0,0,0
71.6273614522573,167.343215942383,126.636489811228,84.6832731068134,48.8320421600342,9.74401320004437,8.36735138920117,51.6837115011193,18.7176173812536,69.7038636839533,26.4057379967639,73.858524191533,23.298277672421,98.9275189024029,31.9917979852049,9.83020951205782,235.561935424805,139.708958602533,121.409062385559,153.569775296931,41.3417684210139,119.300050523546,99.1737968444824,114.472160918803,61.1983900112482,126.115043640137,155.516629219055,146.897281744541,59.7112494975765,23.715380325622,87.9296048108269,167.855438232422,15.4910676205544,86.6368919970041,48.7518881737717,191.988998413086,0,0,121.89942779541,149.00985281808,0,167.617110661098,155.266743221798,175.809829711914,109.588271141052,156.451168314616,222.480392456055,148.312817891439,0,196.809439086914,70.3736038208008,0,0,0,0,142.537130355835,199.845001220703,188.524597167969,176.784854888916,125.6555519104,0,0,204.35383605957,150.094761357163,186.294013283469,189.099040985107,0,0,153.605987548828,187.260247366769
24.2761645207706,117.323867797852,90.9310864873169,56.1943531170508,45.1653276790272,104.081336975098,51.6837115011193,10.4073531903091,56.6345844268799,54.4272699331179,15.8543123615677,148.630955696106,44.2344470509312,148.185744171143,39.8738012394634,79.0391147011205,97.8643897374471,111.322181998209,144.51673634847,139.396202197178,55.8276445388794,60.6098761368964,82.9636973127534,71.6491880878085,55.2902049421354,0,121.596975962321,108.260031700134,18.2036884693503,51.4172960261649,15.892784843113,159.567798961293,115.811694933021,59.1963932647705,77.9037780297321,145.124594688416,0,167.276574707031,109.338227844238,129.187976074219,185.447952270508,145.092173142867,126.207751977639,149.969511342603,106.306760660807,138.949982706706,236.662460327148,131.440939469771,0,155.954718971252,139.723793029785,144.898039245605,190.650873819987,0,0,157.378484344482,152.760282897949,127.06517868042,150.014759904247,106.273541718527,0,168.239875793457,156.598983764648,120.709460614908,156.823222880461,131.574244746455,0,0,157.42431640625,151.930911064148
33.207549474663,143.264837265015,121.66760105157,83.7105768528568,68.6357836723328,17.668406871784,18.7176173812536,56.6345844268799,11.4586032364056,80.8933398821201,27.7484432254818,90.9403982805402,57.6179222691831,118.306824515848,15.1916935740273,24.3113036264402,123.411499023438,125.042773158114,143.277974022759,147.643600836033,78.7120514010439,103.269804255168,95.3678897094726,104.464057392544,82.9191978429243,146.869023640951,140.830843590517,148.080946403637,80.7829651688084,25.4144435449128,73.0922346145388,123.527567545573,16.6907881237434,77.4703998057048,64.230541871987,155.882987976074,153.098159790039,208.910934448242,107.688323974609,156.306049346924,0,172.451158905029,152.442434583391,177.607674338601,133.794570922852,173.483847481864,225.571807861328,161.368506691673,0,175.633564342152,0,0,0,0,0,158.54573059082,168.483688354492,191.133819580078,177.392719268799,131.687095834428,0,0,189.243247138129,148.174562098616,189.578058579389,173.890855153402,0,0,218.484436035156,190.145423440372
67.6096235381232,57.8578445116679,112.662161963327,16.1919669307594,41.3553289873847,59.3311574935913,69.7038636839533,54.4272699331179,80.8933398821201,7.64743024448127,77.1976401589134,131.729463895162,11.4792945367128,102.997515164889,82.6639474771791,22.581196064474,61.0654229384202,118.696514947074,126.173565673828,136.357286306528,38.1368648529053,81.5887328253852,14.4222479183508,88.0241328648159,23.1430627570729,85.4778900450444,122.78611014871,84.9421481068929,49.8834471625346,73.0928233502859,59.6590951326215,120.644508361816,129.30261516571,66.8414194672196,80.3343429289002,161.420964558919,0,0,26.8433471092811,78.5400131225586,0,137.660153475675,118.496361732483,137.04910625111,38.569043003921,116.272959754581,0,67.2910011291504,0,130.659515380859,60.360116281817,88.1098709106445,126.068725585938,0,0,88.4578045436314,0,0,186.343620300293,57.238806574619,167.241638183594,144.787734985352,162.610356140137,109.313735668476,154.794048309326,115.309346008301,0,0,169.280258178711,149.443771362305
52.5161595873139,0,98.919863808638,76.4406553067659,20.522854392954,107.42896597726,26.4057379967639,15.8543123615677,27.7484432254818,77.1976401589134,8.91938369109583,145.802618601966,16.4386315140122,154.009077072144,32.7067826083917,61.3881024678548,120.809322357178,118.141814710456,162.92999420166,143.554048785041,17.1056862542789,81.2914370832772,113.653073479148,83.9294110544912,36.8641006528922,130.940093994141,128.068370124539,132.041263446473,19.7834400002748,79.5471461279649,47.6752161101846,166.452258300781,119.822131202334,74.7480124389776,87.0304910739768,183.319351196289,0,0,106.952292972141,136.184689950252,0,158.282719150666,149.415043610793,181.125165072354,109.193179043857,151.833294963837,0,122.87951441509,0,184.44618733724,124.253719329834,195.18367767334,220.727493286133,0,0,134.279181213379,179.205774943034,171.324249267578,192.852504185268,112.89437653645,0,225.672765096029,175.677726745605,139.261290767478,179.671340942383,168.226139068604,0,0,0,172.852699279785
118.055188817885,65.705599487805,85.035044091893,66.3618880342846,141.737474060059,81.0401111949574,73.858524191533,148.630955696106,90.9403982805402,131.729463895162,145.802618601966,12.1111989002396,151.651075090681,19.9517571684655,85.7039647609039,110.282405853271,126.155066640753,55.102191475578,18.5803508292139,28.7146000190622,140.890901184082,103.876046249547,111.454426158558,87.2724243112513,140.493242571431,32.69947337331,26.1131138017574,61.0448808340957,137.337416813291,62.2097113448527,113.410163055,24.747563628954,69.9114433697292,108.452891031901,25.8929169760263,199.788024902344,132.048680986677,123.18499806722,95.1563917795817,0,0,0,197.207901000977,0,147.69325764974,181.263687133789,80.5437046397816,0,75.2654565532556,222.935241699219,0,149.664176940918,136.284501817491,118.328578404018,129.844919840495,0,192.891448974609,157.978593826294,133.461135864258,180.733781814575,68.4713188171387,104.878988865444,114.937561947763,209.983990987142,168.30989074707,193.103454589844,99.9299742380778,0,0,136.591884613037
88.1460792904808,87.1880950927734,134.491363123844,74.8390180147611,19.0961257442186,60.877999260312,23.298277672421,44.2344470509312,57.6179222691831,11.4792945367128,16.4386315140122,151.651075090681,8.99470936659944,130.816802978516,91.54806549717,13.6889078386029,0,159.810173797607,0,215.712059020996,12.3859159121941,169.575908660889,65.5146929423014,121.603145599365,16.5584749315629,180.75910949707,161.388642628988,126.412524414063,49.7263804896948,92.5486727654934,108.769153086344,0,132.185363320743,87.3640540729869,98.0580758886822,0,0,0,40.5024631500244,43.0824181536833,0,155.870281219482,155.47743170602,176.758514404297,51.2452463067096,129.746989607811,0,10.0338973480128,0,239.448440551758,108.129371643066,0,0,0,0,13.7813330514372,0,0,179.786346435547,87.1438898115016,0,0,169.914413452148,137.23048224816,202.523284912109,0,0,0,0,181.567260742188
125.765361240932,47.3686191890551,82.3482801194159,40.9489328554647,162.52619934082,84.2537892659505,98.9275189024029,148.185744171143,118.306824515848,102.997515164889,154.009077072144,19.9517571684655,130.816802978516,6.08932122029341,108.510617234972,194.734634399414,114.486063276018,83.0469388590231,47.7660308864629,58.57852394678,0,125.649921417236,88.5263257707868,110.132257461548,131.394244560829,15.7873267357541,25.2196573321,17.7118063148461,137.920945988145,77.2347430388133,130.970940683402,7.71358410738672,87.5418461390904,137.704835510254,48.8672503754796,0,96.9666290283203,132.053733825684,92.4630970954895,0,0,0,0,0,141.105759662131,0,62.790268556127,0,61.1413962974548,0,173.353266398112,140.926628112793,129.92566986084,84.8271708281144,95.7817451075504,0,0,122.425121561686,0,149.692771911621,53.9590813183203,85.807890676683,90.5573460749076,0,0,0,87.6580807078968,0,0,108.370972951253
11.7332255715511,114.195057678223,106.793162487306,84.5131585275805,94.6030352955133,30.6166306498966,31.9917979852049,39.8738012394634,15.1916935740273,82.6639474771791,32.7067826083917,85.7039647609039,91.54806549717,108.510617234972,9.30533806993348,39.8638173006894,131.338467407227,110.535148988184,138.128316200386,134.758642588089,92.9648908770966,87.5861318251666,90.4535331726074,91.6479164778128,89.3645843539322,85.0707530975342,130.666777174524,137.329750639357,84.4450305084432,18.2779732781714,43.5003027227754,157.431475552646,19.1626351322541,27.9804353994482,51.1686120005049,152.420528411865,0,193.836688232422,135.849078251765,161.708967208862,0,179.907935587565,154.858511372616,176.720296789099,142.165987650553,187.628009033203,0,147.524726867676,0,176.464477539062,178.892684936523,141.135635375977,200.300750732422,0,0,189.395214080811,137.30029296875,190.891227722168,182.823384094238,142.369282850579,231.923156738281,172.65055847168,177.159288759585,147.572957183678,177.54868044172,146.567360511193,0,0,172.696968078613,171.494124348958
0,102.225286695692,146.285400390625,65.7020770481655,52.7752347128732,15.587537226136,9.83020951205782,79.0391147011205,24.3113036264402,22.581196064474,61.3881024678548,110.282405853271,13.6889078386029,194.734634399414,39.8638173006894,8.94590637459674,0,134.860744129528,173.289505004883,155.892578125,55.3620392819668,0,66.4393649631076,99.180305480957,40.5643967264067,0,138.288524627686,122.525673760308,75.2877200797752,23.7410730576851,75.6403884887695,0,38.4431971888388,95.9886452811105,25.8864926752054,0,0,0,83.4124279022217,0,0,0,145.592834472656,159.804916381836,0,0,0,0,0,0,97.324592590332,0,0,0,0,77.3761749267578,0,0,0,100.996205223931,0,0,0,148.032971191406,0,0,0,0,0,0
82.9861660003662,62.9184645375898,80.0602026581764,44.3095381986804,0,0,235.561935424805,97.8643897374471,123.411499023438,61.0654229384202,120.809322357178,126.155066640753,0,114.486063276018,131.338467407227,0,12.3048250393844,98.9557186283477,141.937202453613,119.075501472719,0,13.7908133963612,35.1713670069866,15.5223827519558,16.8788776010446,0,102.803855071197,25.9706242336982,21.8545546121895,97.6874027252197,69.280839792034,139.567975362142,0,0,87.8258956128901,153.259063720703,0,121.568531494141,54.2987196604411,0,0,0,131.306730906169,146.512016296387,137.817398071289,0,0,0,0,151.510673522949,0,108.481798934937,139.613275909424,0,153.261184692383,0,116.012474423363,65.7287604316833,106.364173801466,137.942278081721,0,162.598121643066,111.306272450615,120.118269814385,157.980983189174,115.08525871508,0,0,0,121.26418031965
95.9341477442142,54.4836780392394,33.7535882000348,62.462285238443,135.570068359375,161.378463745117,139.708958602533,111.322181998209,125.042773158114,118.696514947074,118.141814710456,55.102191475578,159.810173797607,83.0469388590231,110.535148988184,134.860744129528,98.9557186283477,9.22493913610878,64.3818303534325,26.6709424927077,174.503833770752,57.3590068784534,75.8575614929199,21.9301486069197,116.583287850794,71.3711312237908,33.9597919193293,64.5370657086348,108.018548199254,97.6622661162018,78.410622660319,95.420047215053,168.215790557861,86.5529796001958,38.0188815992656,176.841522216797,85.0494504292806,105.056109942812,92.821021270752,0,0,185.516510009766,179.098917643229,197.751260375977,209.249542236328,172.670143127441,134.99089050293,0,167.993769327799,189.33504486084,0,134.262722651164,122.527682606767,174.009956359863,164.473964691162,0,148.008457183838,97.0307779851949,124.599287347479,182.712606430054,143.600032806396,112.890200181441,110.876911109144,174.274054972331,192.309051513672,152.198033650716,144.959983825684,0,0,129.919679260254
135.050164413452,77.2572898864746,87.1955297643488,71.1328121988397,0,197.742095947266,121.409062385559,144.51673634847,143.277974022759,126.173565673828,162.92999420166,18.5803508292139,0,47.7660308864629,138.128316200386,173.289505004883,141.937202453613,64.3818303534325,5.94661157869588,15.469577554472,0,121.094549005682,126.616727828979,98.8970597585042,145.643313598633,45.8398130965708,23.1922420929916,53.0131888157645,152.474296569824,99.4694172143936,123.472408034585,49.3186172119673,115.404838562012,114.61314201355,53.791809905377,0,110.326923370361,147.290615081787,87.6229553222656,0,0,0,0,0,0,0,95.3539145333426,0,92.215263748169,0,0,158.784118652344,135.860237121582,109.584376525879,106.073669433594,0,0,151.128524780273,123.794723510742,0,67.8671159486513,101.565433668054,114.869421081543,0,0,0,118.430678049723,0,0,0
119.681583115779,63.8749889320051,71.2987798133992,68.8283197379407,156.225214640299,227.520904541016,153.569775296931,139.396202197178,147.643600836033,136.357286306528,143.554048785041,28.7146000190622,215.712059020996,58.57852394678,134.758642588089,155.892578125,119.075501472719,26.6709424927077,15.469577554472,9.68400632923448,0,94.3531874687441,106.11080431257,76.9497091765132,141.731408834457,50.2613494374731,27.8933184591607,64.9782191687217,136.954671798214,107.685945205688,111.425700731445,59.6644243787425,156.805456542969,108.551541805267,35.6734171172112,0,114.541200002035,118.575999668666,77.2782233101981,0,0,241.65478515625,0,209.286605834961,144.242420196533,0,116.737564086914,240.528198242188,103.279909133911,0,0,159.252822875977,133.000762477066,111.831614685059,109.068936157227,0,212.714050292969,136.239540100098,152.670125094327,202.417541503906,79.2922262350718,104.299789161013,115.729521923631,226.807800292969,231.965621948242,226.245620727539,122.886349995931,0,0,126.583816977108
92.1638704382855,0,179.612096150716,67.4612084092765,14.0677295705485,136.360397338867,41.3417684210139,55.8276445388794,78.7120514010439,38.1368648529053,17.1056862542789,140.890901184082,12.3859159121941,0,92.9648908770966,55.3620392819668,0,174.503833770752,0,0,9.37696120612375,99.466064453125,0,135.732790629069,25.486871849247,0,187.60410563151,171.429077148438,26.7229887981716,92.9973905212001,136.976165135702,0,120.955078125,86.5783373514811,93.9210181697722,172.78832244873,0,0,69.3634126836603,58.9779105776832,0,154.774086725144,132.410252888997,194.374649047852,81.2333736419678,139.712931224278,0,38.0815075125013,0,182.682520548503,92.9496536254883,166.442306518555,0,0,0,130.891864013672,0,0,0,104.07740004256,0,0,0,132.746908424014,183.334060668945,0,0,235.598373413086,0,183.618213653564
76.0089022146689,83.3524136543274,64.6576075201368,57.4014764078126,0,0,119.300050523546,60.6098761368964,103.269804255168,81.5887328253852,81.2914370832772,103.876046249547,169.575908660889,125.649921417236,87.5861318251666,0,13.7908133963612,57.3590068784534,121.094549005682,94.3531874687441,99.466064453125,8.79642552290179,50.9144509907427,23.1416627413115,21.0670193607444,130.612854003906,108.882133845279,76.766770392545,23.0138377851966,64.8471945582209,23.4143104147706,170.010223388672,140.406532287598,53.5850007257748,43.2979307006619,129.025692866399,0,144.704853057861,81.2110044305975,0,0,173.63883972168,143.611833844866,148.56812286377,102.300903320312,151.493606567383,0,0,0,151.54799593412,0,115.542580512262,142.021174621582,0,177.468955993652,0,118.005226042213,84.6499724388123,120.668503017601,122.755487778608,0,172.826446533203,139.413641513922,122.178695484743,134.561908119603,117.222199921967,0,0,118.944533030192,126.175073351179
65.456774357387,25.2490373518889,43.7285772261218,27.4777588074764,88.2018089294434,0,99.1737968444824,82.9636973127534,95.3678897094726,14.4222479183508,113.653073479148,111.454426158558,65.5146929423014,88.5263257707868,90.4535331726074,66.4393649631076,35.1713670069866,75.8575614929199,126.616727828979,106.11080431257,0,50.9144509907427,7.08911908783631,46.6885975827051,19.7262278113601,64.0478053948818,91.8737985520136,34.3823471571798,51.7471890984095,63.7071770562066,54.0023699848469,108.099714279175,0,57.3211823272705,67.6270468939654,88.2953353881836,86.2598571777344,84.9952852349532,45.8299331665039,124.719566345215,0,176.466400146484,98.3735868835449,162.11792755127,65.6238536834717,88.4071578979492,192.703628540039,0,0,103.531491597493,0,64.3599134732599,95.7831123352051,163.985610961914,186.662536621094,0,68.6547652078331,14.9295706352918,67.0886557664329,81.2837243691469,0,85.5973052978516,62.78526938589,85.6397494993348,91.9211254119873,82.928366797311,0,0,82.2443575177874,87.0441318605004
84.4063884342942,65.686132137592,18.6582270680815,48.9155665965741,89.2584635416667,0,114.472160918803,71.6491880878085,104.464057392544,88.0241328648159,83.9294110544912,87.2724243112513,121.603145599365,110.132257461548,91.6479164778128,99.180305480957,15.5223827519558,21.9301486069197,98.8970597585042,76.9497091765132,135.732790629069,23.1416627413115,46.6885975827051,12.8512744736519,45.4063664935734,90.6167640686035,73.2811968895002,41.8764837462454,42.5059332437436,89.0716459291791,47.868692736891,123.494170052665,158.07622273763,70.9618878255364,44.5822941145647,151.01751030816,114.312032699585,111.275222225466,67.6521780062944,0,0,183.714553833008,151.441239765712,178.94718085395,150.030982971191,162.775604248047,150.896812438965,0,0,176.265419593224,0,105.899395692064,125.274470011393,166.913917541504,167.346841176351,0,118.746399874711,71.2396200239452,104.222989487105,135.198899569577,186.542953491211,144.14478225708,100.457077171413,131.588601186766,158.148350715637,121.25103917936,0,0,149.544612884521,123.580315056197
72.7750601797393,61.3252829735183,98.1717477278276,39.6804102641687,19.7436597438032,74.8002017974854,61.1983900112482,55.2902049421354,82.9191978429243,23.1430627570729,36.8641006528922,140.493242571431,16.5584749315629,131.394244560829,89.3645843539322,40.5643967264067,16.8788776010446,116.583287850794,145.643313598633,141.731408834457,25.486871849247,21.0670193607444,19.7262278113601,45.4063664935734,9.71146204729179,90.5830782935733,119.042618860964,69.2424532387761,14.768653439176,75.291921112435,65.7908391419288,146.771438598633,131.457388877869,67.9807343084536,82.0095978743994,127.542620849609,133.268819173177,147.685063875639,53.9781765417241,103.412396161243,172.877426147461,130.438418027948,116.61667109309,149.116757816739,60.3279949014178,118.213962797973,206.511085510254,96.1244346473528,0,147.381612617279,87.9311855383087,119.140261399119,161.077973105691,197.948303222656,208.19514465332,104.661212594169,119.908375453949,99.8067028257582,130.330356660436,74.3785263998871,127.154418945312,168.097344970703,141.142208925883,108.760728498385,144.311203668582,115.913860578478,220.874740600586,143.390625,121.133495330811,142.644137207891
146.000503540039,22.4472952217772,95.168399810791,19.4812339663031,0,0,126.115043640137,0,146.869023640951,85.4778900450444,130.940093994141,32.69947337331,180.75910949707,15.7873267357541,85.0707530975342,0,0,71.3711312237908,45.8398130965708,50.2613494374731,0,130.612854003906,64.0478053948818,90.6167640686035,90.5830782935733,7.4108908349293,43.1965858509338,17.9169824722752,152.520500183105,89.8458607991536,138.926173400879,47.0380549382682,107.337013244629,99.8111877441406,50.4243272057895,0,76.1723124855443,93.0509440104167,67.1687835057576,0,0,0,145.272132873535,122.484802246094,126.07441245185,0,67.375950088501,0,60.9008741939769,0,0,138.772094726562,95.1314506530762,78.1802218755086,78.5212113307073,166.173583984375,125.838371276855,98.3487725257874,146.60285949707,140.004023234049,44.5339780918921,69.3968559817264,76.6530737977734,0,0,0,84.2513346816554,0,0,91.7178430557251
116.097830155317,49.1639751954512,31.3788302240533,55.0130537784461,141.699090396657,182.597045898438,155.516629219055,121.596975962321,140.830843590517,122.78611014871,128.068370124539,26.1131138017574,161.388642628988,25.2196573321,130.666777174524,138.288524627686,102.803855071197,33.9597919193293,23.1922420929916,27.8933184591607,187.60410563151,108.882133845279,91.8737985520136,73.2811968895002,119.042618860964,43.1965858509338,14.1149468483636,28.2375593282362,119.172785758972,122.359472433726,110.882349506247,23.4872532103251,199.392706298828,139.195643107096,64.3917063099859,179.048563639323,93.1627457717369,98.9559467210682,95.7674827575684,0,0,0,179.842343139648,163.710418701172,164.590302603585,196.369186401367,112.240565444484,0,95.8234779162285,174.672416687012,177.819770812988,148.09543355306,109.225084017863,109.442324186626,106.216286916581,0,162.48176574707,120.253959910075,131.1717718024,178.323310852051,73.5169652938843,92.5280245612649,101.82058424413,193.571947097778,177.638706207275,150.166277567546,107.946899414062,0,218.889709472656,109.951886749268
124.608169374012,22.8857797592878,34.5135829841487,35.933326552161,139.314777374268,170.006324768066,146.897281744541,108.260031700134,148.080946403637,84.9421481068929,132.041263446473,61.0448808340957,126.412524414063,17.7118063148461,137.329750639357,122.525673760308,25.9706242336982,64.5370657086348,53.0131888157645,64.9782191687217,171.429077148438,76.766770392545,34.3823471571798,41.8764837462454,69.2424532387761,17.9169824722752,28.2375593282362,12.5176575625969,77.7701671065787,118.488287081037,111.836992240869,22.4289935347072,150.789992332458,114.342998946922,63.2196527512517,163.261831011091,80.1436445485978,89.4100303388024,77.7549809744192,170.075759887695,0,179.366521661932,151.146412308152,173.290802665379,154.885601361593,179.097254435221,99.0866535731724,164.546442667643,87.0498987169408,179.549336751302,169.701022338867,110.492334227128,102.447657364671,103.885702306574,97.2370063690912,178.511291503906,134.291690572103,79.16764710947,103.390207847177,141.241798980327,60.5928031977485,87.124386378697,90.9940542540798,151.129175148758,168.554617630808,144.364527962425,102.434297225055,0,144.47451210022,103.893474390735
69.6725656808141,91.7156349740377,74.6112715050426,51.9787822831697,9.44814459301563,118.169570922852,59.7112494975765,18.2036884693503,80.7829651688084,49.8834471625346,19.7834400002748,137.337416813291,49.7263804896948,137.920945988145,84.4450305084432,75.2877200797752,21.8545546121895,108.018548199254,152.474296569824,136.954671798214,26.7229887981716,23.0138377851966,51.7471890984095,42.5059332437436,14.768653439176,152.520500183105,119.172785758972,77.7701671065787,10.001222375723,75.1245926072594,33.7110573113856,149.661346980504,129.371712684631,64.3975244466618,67.1248922952464,131.492986902014,120.439113616943,169.853287036602,99.1191357421875,131.645434934701,202.938552856445,146.098999692683,121.18580975234,151.083147635111,106.107718670954,140.311473410968,200.314243861607,128.686247083876,239.847534179688,148.89947436489,145.612358856201,118.87005692634,169.667664747972,0,182.249931335449,134.287231322258,119.691159351055,112.384474780108,132.460123672485,105.897597418891,0,162.260562896729,146.668697277149,118.65016503099,146.090722511257,115.517925350257,0,184.349349975586,124.897272807796,144.487017118014
9.52873974445616,116.102998097738,124.736659888065,75.0177233894879,85.8251074208509,23.5984941961519,23.715380325622,51.4172960261649,25.4144435449128,73.0928233502859,79.5471461279649,62.2097113448527,92.5486727654934,77.2347430388133,18.2779732781714,23.7410730576851,97.6874027252197,97.6622661162018,99.4694172143936,107.685945205688,92.9973905212001,64.8471945582209,63.7071770562066,89.0716459291791,75.291921112435,89.8458607991536,122.359472433726,118.488287081037,75.1245926072594,7.55676303421311,28.4981532043669,118.109176635742,10.6324950083901,11.264441432746,27.4469869992757,153.653429667155,0,160.829620361328,111.944259643555,151.03515625,0,182.234730311802,150.660821578082,181.094775860126,125.831523132324,173.252760145399,220.712585449219,194.837936401367,0,176.130545043945,235.575057983398,128.223651885986,0,0,0,188.424686431885,0,101.548927307129,162.557139587402,137.000708910884,0,133.721176147461,170.900851856578,139.859291372373,155.466226850237,137.01438776652,125.600288391113,0,127.709170750209,167.55399274826
27.182210199656,97.5943316505069,73.5918051584733,58.6804014940032,84.104011853536,99.7362670898438,87.9296048108269,15.892784843113,73.0922346145388,59.6590951326215,47.6752161101846,113.410163055,108.769153086344,130.970940683402,43.5003027227754,75.6403884887695,69.280839792034,78.410622660319,123.472408034585,111.425700731445,136.976165135702,23.4143104147706,54.0023699848469,47.868692736891,65.7908391419288,138.926173400879,110.882349506247,111.836992240869,33.7110573113856,28.4981532043669,10.2461405032792,148.44834206321,120.61217074924,42.9089364745678,42.5216094611957,132.82060892989,141.988952636719,147.221492004395,98.0753821055094,149.652740478516,0,157.808767700195,130.298869995117,158.166502429593,109.381405170147,162.105893452962,205.170833587646,163.340142822266,0,151.582074052196,146.097518920898,120.091413497925,181.557217068142,0,168.183670043945,180.750480651855,120.771434053462,88.0258259092058,134.624404277998,116.447867200968,164.068069458008,179.842991168682,157.407770362267,120.678283884393,144.644586125127,116.457045943649,0,202.833694458008,125.903185227338,135.626813313318
174.615076700846,77.0016779899597,89.5325487310236,65.3592224121094,0,0,167.855438232422,159.567798961293,123.527567545573,120.644508361816,166.452258300781,24.747563628954,0,7.71358410738672,157.431475552646,0,139.567975362142,95.420047215053,49.3186172119673,59.6644243787425,0,170.010223388672,108.099714279175,123.494170052665,146.771438598633,47.0380549382682,23.4872532103251,22.4289935347072,149.661346980504,118.109176635742,148.44834206321,5.88589845929569,125.160125732422,0,74.636930866006,0,0,0,0,0,0,0,0,0,177.682342529297,0,100.875582377116,0,89.9837812535903,144.303161621094,0,173.660797119141,161.007522583008,109.720196533203,97.34521484375,0,0,0,0,0,68.425900777181,106.920743156882,116.539557865688,0,0,0,109.277763366699,0,0,92.7022476196289
76.8905857631138,0,165.126396179199,121.76395755344,124.619718551636,13.960563318007,15.4910676205544,115.811694933021,16.6907881237434,129.30261516571,119.822131202334,69.9114433697292,132.185363320743,87.5418461390904,19.1626351322541,38.4431971888388,0,168.215790557861,115.404838562012,156.805456542969,120.955078125,140.406532287598,0,158.07622273763,131.457388877869,107.337013244629,199.392706298828,150.789992332458,129.371712684631,10.6324950083901,120.61217074924,125.160125732422,4.58704734883273,61.9969418843587,47.7651904651097,0,0,0,0,0,0,210.671493530273,203.635687255859,217.476264953613,223.281982421875,0,0,0,0,208.297500610352,0,0,0,0,0,0,0,0,219.244384765625,176.839864730835,0,0,0,193.252447509766,0,0,0,0,0,0
24.2201160883558,78.6521911621094,122.935932506214,63.8029226575579,79.4273458410192,120.033630371094,86.6368919970041,59.1963932647705,77.4703998057048,66.8414194672196,74.7480124389776,108.452891031901,87.3640540729869,137.704835510254,27.9804353994482,95.9886452811105,0,86.5529796001958,114.61314201355,108.551541805267,86.5783373514811,53.5850007257748,57.3211823272705,70.9618878255364,67.9807343084536,99.8111877441406,139.195643107096,114.342998946922,64.3975244466618,11.264441432746,42.9089364745678,0,61.9969418843587,6.59377186614259,29.8167543592541,139.78662109375,0,187.139366149902,77.5340881347656,0,0,168.85111618042,133.957743131197,160.155612945557,145.564893086751,147.674606323242,0,0,0,160.947967529297,0,118.647243499756,0,0,0,144.874954223633,156.76091003418,0,155.600829124451,123.388866556102,0,0,0,132.353198402806,142.533585230509,110.436845879806,0,0,0,160.836834716797
71.9096126917637,59.1861263660902,62.0801869493372,68.8829816910956,88.8310413084168,33.5551586151123,48.7518881737717,77.9037780297321,64.230541871987,80.3343429289002,87.0304910739768,25.8929169760263,98.0580758886822,48.8672503754796,51.1686120005049,25.8864926752054,87.8258956128901,38.0188815992656,53.791809905377,35.6734171172112,93.9210181697722,43.2979307006619,67.6270468939654,44.5822941145647,82.0095978743994,50.4243272057895,64.3917063099859,63.2196527512517,67.1248922952464,27.4469869992757,42.5216094611957,74.636930866006,47.7651904651097,29.8167543592541,12.9188768361342,157.682182312012,92.9576085408529,116.056037609394,92.4237964336689,165.703952789307,0,171.594749450684,144.611795979161,174.203167841985,153.325174967448,169.42684173584,134.717422485352,189.380996704102,147.094902038574,164.552669949002,189.886581420898,129.422126183143,126.452225112915,126.454223632812,133.810035705566,198.428283691406,126.057327694363,106.067204475403,127.229010605231,134.813980236388,86.0728268093533,117.198048146566,117.273005304104,140.751201371015,156.719480074369,123.06278852983,0,0,119.91735458374,130.140381813049
137.38200378418,234.902038574219,223.893508911133,88.4384347323714,147.711563110352,0,191.988998413086,145.124594688416,155.882987976074,161.420964558919,183.319351196289,199.788024902344,0,0,152.420528411865,0,153.259063720703,176.841522216797,0,0,172.78832244873,129.025692866399,88.2953353881836,151.01751030816,127.542620849609,0,179.048563639323,163.261831011091,131.492986902014,153.653429667155,132.82060892989,0,0,139.78662109375,157.682182312012,11.6502621800652,96.8845990498861,104.067846454558,70.0344879242682,72.4993065728082,91.448543548584,93.8086879127904,27.7502417858971,36.7243948845842,72.0996316054772,56.8853155663078,121.520067040867,74.857045618693,158.654977416992,14.5924872664919,79.0638656616211,84.9321477678087,100.310998985483,134.014558262295,116.069273876543,69.6182620239258,70.7576391210107,71.806310971578,90.6724694779504,67.4451601893019,0,121.762993906059,122.955142449476,75.733029141718,19.6817678218592,27.9443964779183,147.068425496419,0,34.2434658496938,66.019989830143
129.247268676758,50.9588706970215,74.3937086447691,38.2828401636194,0,0,0,0,153.098159790039,0,0,132.048680986677,0,96.9666290283203,0,0,0,85.0494504292806,110.326923370361,114.541200002035,0,0,86.2598571777344,114.312032699585,133.268819173177,76.1723124855443,93.1627457717369,80.1436445485978,120.439113616943,0,141.988952636719,0,0,0,92.9576085408529,96.8845990498861,10.9660577616143,38.0404435594877,14.7812202342981,0,0,0,113.875143868583,116.66206741333,76.29235768848,0,68.4028750674825,111.351170857747,56.522383160861,153.217180887858,131.78020646837,68.2510264060077,55.8253866924959,79.0594275625129,63.0139813613892,170.564910888672,96.2022483825684,26.3391014602295,67.8882362454437,95.0621078223513,28.6155918490809,46.5760248110328,35.4754728960774,105.447901535034,80.7824935913086,99.8120040893555,74.2888953916488,0,159.647033691406,57.7357185004961
162.601036071777,60.5470308714275,93.298052609239,59.5063335931123,0,0,0,167.276574707031,208.910934448242,0,0,123.18499806722,0,132.053733825684,193.836688232422,0,121.568531494141,105.056109942812,147.290615081787,118.575999668666,0,144.704853057861,84.9952852349532,111.275222225466,147.685063875639,93.0509440104167,98.9559467210682,89.4100303388024,169.853287036602,160.829620361328,147.221492004395,0,0,187.139366149902,116.056037609394,104.067846454558,38.0404435594877,11.3540672247738,55.0205456228817,120.693113708496,0,119.103227370825,83.8392855394832,109.968963604574,106.021024703979,110.979768447876,80.3611394943292,140.58914642334,91.1036737060547,104.320458148886,122.573806762695,84.9393463134766,36.9514476615345,83.3965979922902,69.5240342228423,174.936477661133,77.8582278312521,54.983429725017,30.1474074504983,97.5714626659046,112.85649617513,26.4139214488904,26.1156769305031,71.5650417899079,127.92509876598,67.2334034524313,91.2575510928505,158.484298706055,102.511266390483,55.5449032853319
114.920616149902,37.87153673172,90.3216063181559,23.6988326058243,74.1520488739014,0,121.89942779541,109.338227844238,107.688323974609,26.8433471092811,106.952292972141,95.1563917795817,40.5024631500244,92.4630970954895,135.849078251765,83.4124279022217,54.2987196604411,92.821021270752,87.6229553222656,77.2782233101981,69.3634126836603,81.2110044305975,45.8299331665039,67.6521780062944,53.9781765417241,67.1687835057576,95.7674827575684,77.7549809744192,99.1191357421875,111.944259643555,98.0753821055094,0,0,77.5340881347656,92.4237964336689,70.0344879242682,14.7812202342981,55.0205456228817,15.2182083469449,70.9646681891547,111.08723449707,87.3521672680391,62.8940078308363,88.2515431572409,24.9472219239899,86.8483911867495,73.5031887313067,71.7306862455426,54.0126524798443,85.2549002870868,82.6969032287598,46.1704041457211,65.749709185432,84.2297070821126,69.4696503180962,91.1597572673451,59.7584809836545,27.8975256216948,53.3303498560446,40.6106091026137,34.6201020300487,54.9219112094683,43.5718069780068,53.705470272321,80.0114477610464,58.9314658591861,75.323956489563,0,66.6767678983284,70.6986250807871
0,0,0,133.410511779785,23.5967619589866,0,149.00985281808,129.187976074219,156.306049346924,78.5400131225586,136.184689950252,0,43.0824181536833,0,161.708967208862,0,0,0,0,0,58.9779105776832,0,124.719566345215,0,103.412396161243,0,0,170.075759887695,131.645434934701,151.03515625,149.652740478516,0,0,0,165.703952789307,72.4993065728082,0,120.693113708496,70.9646681891547,8.02691104604626,109.405349731445,64.5581895639231,53.2524054432643,87.2803729281706,50.549702002452,13.5035751748337,169.712840488979,12.4185149250281,0,84.9816759473327,71.2464174906413,0,223.452056884766,189.87283706665,0,10.4371442949416,141.302490234375,78.9968605041504,137.816478729248,17.3488512879779,144.589561462402,164.655649820964,157.150003051758,10.7721871293761,97.1862913713617,108.018947601318,0,0,93.9866390228271,93.5035204493013
0,0,0,0,0,0,0,185.447952270508,0,0,0,0,0,0,0,0,0,0,0,0,0,0,0,0,172.877426147461,0,0,0,202.938552856445,0,0,0,0,0,0,91.448543548584,0,0,111.08723449707,109.405349731445,6.96111538529113,10.5085539121228,114.53370836046,16.8007350088071,46.7996989979463,116.069467332628,64.3234788318013,75.983991516961,133.974990844727,29.6203609144307,15.0214631695058,0,174.494491577148,96.6831703186035,0,95.9000600179036,0,88.6814880371094,98.1621795654297,88.8807539098403,122.549209594727,98.170888264974,164.661376953125,109.924409484863,27.1284281601671,0,0,8.91225780080014,0,33.462568395278
