11.5678062227808,132.288272857666,88.3605994098591,64.4276550860444,70.1376862092452,66.1443729400635,49.1312634979469,23.5674634639578,24.6366154679211,64.240473429362,62.3349858062638,123.786339124044,75.483297927039,88.7913284301758,11.2295953158641,38.2179835637411,123.987370808919,93.2808837275351,139.985357448033,118.071967452968,68.9208653296953,68.3917856443496,63.3560504059293,75.0662728568722,64.8735171345526,126.781978607178,119.31630489666,131.284042034727,62.042197756993,9.50487589294149,23.7560941425001,153.878074645996,72.5402539571126,12.8576630083844,68.8713182755458,140.202077865601,141.262191772461,174.864097595215,101.088110490279,97.98863474528,0,152.558334350586,132.348192426893,153.772445678711,77.4725341796875,0,0,0,0,163.314202880859,0,121.704940795898,190.925636291504,181.203475952148,193.586553955078,180.208366394043,140.297836303711,97.9091423882379,135.699355316162,125.829058493337,0,168.366333007812,171.138630586512,127.744506346874,160.050854492188,129.392691476004,0,192.556518554688,136.159820556641,166.779862721761
132.288272857666,7.62120887301434,46.0985864116027,12.205877248631,0,0,110.02165222168,113.512731933594,106.02710723877,49.273083041696,149.250415802002,64.0146677877001,97.7585601806641,49.9994451397597,144.009792327881,79.8802312215169,71.7441903523036,61.1874068213291,80.5710518295701,76.571758956052,0,96.2931247287326,24.1745801304287,80.6541240526282,52.4962903882997,24.3995781725509,54.9403818123403,30.3534853190795,105.964880201552,108.596215820312,108.719031016032,72.3059242762876,84.2571792602539,138.237377166748,76.9937674539131,0,113.572975158691,84.3523169623481,48.7083948308771,0,0,0,0,0,115.791027069092,0,102.650787353516,0,89.6578482055664,0,0,101.492866516113,108.960887908936,118.044227600098,144.741904258728,0,0,95.8628387451172,134.007662455241,122.987192153931,97.4455827566294,102.449094270405,106.982483382078,193.813827514648,0,134.321426391602,103.727710723877,0,0,138.579289754232
88.3605994098591,46.0985864116027,13.1166379877274,42.6382382870864,112.488453408946,93.3101501464844,120.797290701615,86.6677154444218,114.863107307472,107.087219746908,100.118802221198,85.643713145293,124.681443956163,93.0462031644933,90.0694842702163,123.541142272949,86.2541084289551,31.9241389732137,85.7281864260839,70.6638272281751,150.588382720947,67.8451194418482,45.4182068265718,20.6050631430852,94.8364416950881,98.7149391174316,35.1752041728467,26.6639581689777,61.3000666206805,115.099273502125,56.5276130891505,89.5050935487489,124.764175415039,109.181597471237,58.1973140450973,154.509841918945,89.6781669192844,91.2431747053312,81.554609818892,0,0,183.487548828125,139.568721589588,170.59178314209,0,170.023101806641,133.133020189073,0,143.347235107422,158.182860374451,0,107.571732016171,111.8503916891,141.343770980835,131.698184509277,0,135.691473388672,63.0229881166473,95.2700833219861,119.379845619202,0,111.767154499636,94.0311968588567,129.93266589825,174.200981140137,139.430029296875,145.411254882812,0,167.432327270508,118.489475250244
64.4276550860444,12.205877248631,42.6382382870864,56.9867299269227,61.6197263544256,0,88.759010960074,61.5903968811035,82.7246005106315,22.6450928288043,82.1392932602122,75.2151665581597,77.8121086120605,53.1882993570964,77.6245327282669,75.9701350075858,45.9544921998513,61.8335182921913,86.999480565389,73.3137409088274,75.354069603814,50.4070675851974,19.3870698256458,45.582821804696,40.4468281570272,23.6388768806732,52.7694011335613,41.2325513462177,49.7836537813772,68.8388132869449,55.9966305033366,71.5376558303833,118.80334854126,58.1684872122372,67.3259291685829,96.9393394470215,96.4402980804443,99.2968831269637,40.1667735065733,96.1357879638672,0,122.634617198597,87.4312451680501,121.54942668568,43.0380719502767,124.6169921875,126.272096633911,0,82.4108339037214,108.437302907308,0,61.6455457176961,117.890489959717,128.669962310791,103.621100616455,136.172607421875,65.5830989837646,20.899408806202,64.3018930237869,63.8132808082982,58.4254982206557,108.269740377154,80.4012310114284,82.5322138878607,115.613263448079,78.3905301775251,84.9740028381348,236.815155029297,72.7219409942627,88.3285817746763
70.1376862092452,0,112.488453408946,61.6197263544256,7.9527899530309,0,48.5404888413708,22.8318633685509,55.4162269993832,48.3605281865155,20.7259404451257,165.653021240234,13.6955138754618,219.327972412109,79.4935332444998,77.611457824707,0,128.275974273682,0,168.468017578125,12.1847655466539,127.290522257487,0,82.1692152756911,16.0007652568776,0,139.84864976671,114.373212814331,8.80075420516986,73.5210382334391,70.9926033616066,180.051910400391,0,70.1954443454742,78.1621593553193,148.788499832153,0,0,86.8232587178548,8.58068662822585,188.504348754883,157.190950393677,125.245401170519,153.991326141357,101.841104507446,75.4434187035812,0,64.9075406193733,169.980972290039,141.681304931641,165.307861328125,171.994400024414,160.386306762695,0,237.46549987793,13.337750942771,0,157.370634078979,0,95.6999840712184,0,0,156.688545227051,119.296830671379,140.60062789917,182.097229003906,0,0,141.29817199707,136.232109069824
66.1443729400635,0,93.3101501464844,0,0,7.76429919764448,8.98599739235872,120.173324584961,12.483922392823,85.4088676452637,115.306330362956,57.8675609001747,0,0,26.4165782101078,15.7255826261431,0,0,89.5010070800781,73.8274230957031,99.0229899088542,0,0,0,122.317276000977,0,0,144.685427347819,108.010426839193,20.9526018474413,122.725791931152,0,9.23753657756227,0,42.845799072929,0,0,0,136.81526184082,0,0,219.604965209961,201.276596069336,0,0,0,0,0,212.832092285156,0,0,0,0,0,0,0,0,0,0,0,0,0,0,0,0,0,0,0,0,0
49.1312634979469,110.02165222168,120.797290701615,88.759010960074,48.5404888413708,8.98599739235872,8.0825073084789,48.5875550604132,18.1928724549956,67.0720435248481,22.1326077463624,67.4557415319949,18.5515080036881,98.8830190386091,25.1318453941915,10.3595021063967,0,131.280550813022,138.484313964844,153.667863936651,38.3480507436331,103.663319396973,89.0815856456757,105.144632227281,68.1585162604987,87.8455810546875,148.065283298492,133.718968358533,66.6550400337164,19.5280860549915,90.5162411499023,160.657383728027,16.9686290957541,60.4531036990506,37.0933338884998,163.863059149848,0,164.499984741211,116.623494466146,147.640634536743,0,172.667848859515,143.193289715311,179.186799890855,127.050763266427,168.412119547526,0,119.399639129639,131.078308105469,177.587354024251,194.303833007812,0,194.437980651855,0,0,158.942565917969,0,112.566139221191,134.400588989258,135.504786291788,0,0,198.517893473307,145.052909587992,177.232874552409,151.976964314779,145.132690429688,0,160.592720031738,176.924500898881
23.5674634639578,113.512731933594,86.6677154444218,61.5903968811035,22.8318633685509,120.173324584961,48.5875550604132,11.6417602188822,42.5638243050356,47.9530343930908,13.1261315806729,144.704068086585,40.1319701827875,163.669952392578,26.7685503735214,76.4431131362915,127.212874412537,104.718164430724,146.747084877708,136.475656682795,46.6177240714692,66.2999086035303,71.9916641985784,65.0958269244042,37.42226763239,0,126.277763927152,111.527933638909,16.5837552445043,43.4966390052439,14.1135037292597,159.796948750814,132.002291361491,54.2634489889102,72.5570226513458,129.213980712891,0,162.398245917426,73.0903811454773,145.008430480957,0,145.769608890309,120.294970564409,159.135884320294,80.9741894404093,139.885363065279,0,89.9882831573486,0,145.485492706299,129.514801025391,118.224539756775,161.104730224609,0,0,126.095001220703,133.632123311361,119.090223312378,133.565763685438,108.773519620028,0,178.085762023926,160.26972495185,118.512952668896,158.523949759347,145.418442317418,0,0,104.052421569824,148.349204685377
24.6366154679211,106.02710723877,114.863107307472,82.7246005106315,55.4162269993832,12.483922392823,18.1928724549956,42.5638243050356,10.5970847441174,76.886058202604,26.3205824516975,79.1857179227527,33.0469684298428,96.6492409339318,14.744945451029,27.9492296727216,202.341857910156,120.702111288559,139.500765323639,147.404367212664,60.6016265933253,94.4325966835022,88.4377766171017,99.5309166305367,74.5956755047918,225.255386352539,142.868796927797,134.718743133545,75.2235795958389,22.7603620730947,74.9341277750129,158.32277243478,15.3159932168068,59.6642564190321,52.5154999997679,149.403360748291,0,186.530227661133,101.416960580008,168.891511281331,0,165.098069843493,148.978936694917,187.33694519043,123.765916188558,167.813247680664,0,146.233533859253,186.630920410156,173.484541370023,191.097854614258,122.903732299805,181.967926025391,0,221.808807373047,172.796203613281,138.577362060547,112.683120727539,157.819328308105,132.239390829335,0,195.48607635498,177.380588107639,141.371213582357,169.877741336823,153.419797897339,0,0,142.311762128557,167.696784973145
64.240473429362,49.273083041696,107.087219746908,22.6450928288043,48.3605281865155,85.4088676452637,67.0720435248481,47.9530343930908,76.886058202604,7.77576909521941,67.2118338494405,114.255831998937,10.8306668243026,111.590492745333,75.497316175037,14.4465930969017,70.0002746582031,132.99536719689,128.670543416341,136.171998977661,47.3525551093252,85.8634697596232,21.0044158997227,79.4592121525815,21.47270788726,95.0787356675729,123.108199454643,94.3470805621055,48.3460417867189,79.4008636181171,58.9881932827536,129.941938299882,127.151933288574,61.6346272588934,86.0116287514015,116.51046891646,101.122146606445,0,24.2329905748367,109.643184661865,81.5817260742188,119.576502873347,90.5113990537582,128.910669153387,38.68685298255,116.915939331055,0,78.7207483144907,147.557042439779,117.121131170364,57.4663991928101,134.558232625326,147.767665863037,0,150.490859985352,95.3768145243327,109.387430826823,85.2675556856043,95.9793319702148,63.6961384464772,145.309571838379,161.18076578776,153.565945307414,90.2887936301853,124.111781529018,105.267110188802,0,0,112.479656219482,122.267140475186
62.3349858062638,149.250415802002,100.118802221198,82.1392932602122,20.7259404451257,115.306330362956,22.1326077463624,13.1261315806729,26.3205824516975,67.2118338494405,8.92849114519551,140.255171573523,17.2813398374692,158.425140380859,27.2361982076341,61.1471999950623,0,119.082423829196,159.982931518555,144.139530797159,19.7277944692835,95.7020895821708,95.8093447685242,83.4781624264187,37.2408809823632,0,138.34710295304,136.576480102539,20.1519875249888,81.6157414086431,61.6532485144479,188.879567464193,123.711574172974,76.5476285185769,84.3017112496809,159.085757573446,0,181.564788818359,135.186942360618,25.8268015933248,0,159.150287628174,142.470632899891,174.102993011475,129.467881944444,153.232395324707,0,41.1119212237271,0,165.687036895752,168.543380737305,152.490365982056,179.403587341309,0,0,147.90346399943,222.419784545898,139.61826133728,144.975311279297,121.970469432662,0,173.166839599609,182.477184589093,139.581836496601,166.200876409357,160.154074774848,0,0,188.135330200195,160.935421244303
123.786339124044,64.0146677877001,85.643713145293,75.2151665581597,165.653021240234,57.8675609001747,67.4557415319949,144.704068086585,79.1857179227527,114.255831998937,140.255171573523,11.7124589467309,129.165872573853,21.5608302386221,87.9354380077175,80.8538722991943,128.585914611816,53.9529825863491,21.2247621121558,28.9639094382386,119.201843261719,94.727226638794,97.7261997276629,92.6444656038747,128.682230114937,38.5048902506132,27.9822432721844,65.8366914362783,131.654623293409,53.4599999309157,110.192825523583,28.3597776591156,62.3706400570453,97.9466449192592,29.8795310245101,220.207443237305,116.642459106445,131.472868177626,77.0602648699725,0,0,0,196.375778198242,0,163.075744628906,0,103.817145678462,0,87.1077936209884,0,0,0,139.723893059625,110.708988900912,123.006350661769,0,0,143.728378295898,159.151308695475,245.390747070312,67.4663617783698,112.08289937578,111.170073076531,203.690452575684,0,193.686508178711,107.348505753737,0,0,127.288885498047
75.483297927039,97.7585601806641,124.681443956163,77.8121086120605,13.6955138754618,0,18.5515080036881,40.1319701827875,33.0469684298428,10.8306668243026,17.2813398374692,129.165872573853,8.12659757255499,0,78.0278600637349,9.25167297306919,0,166.252334594727,0,162.094487508138,11.7977445554253,124.960800170898,0,104.511545817057,28.0269942547277,0,156.844297027588,130.884895324707,49.8088569881719,86.3772193446304,88.7334694862366,192.015396118164,108.448809814453,83.2616990407308,88.0419045289357,141.962692260742,101.390686035156,0,49.3867454528809,39.063645293073,0,146.81925201416,148.147493634905,140.680625915527,153.906433105469,25.0447452746756,0,8.91791126055086,0,154.791427612305,0,0,0,0,0,15.2787711114927,0,132.364269256592,0,118.341230237806,0,0,0,142.618926610702,186.147537231445,155.267890930176,0,0,0,156.216857910156
88.7913284301758,49.9994451397597,93.0462031644933,53.1882993570964,219.327972412109,0,98.8830190386091,163.669952392578,96.6492409339318,111.590492745333,158.425140380859,21.5608302386221,0,8.26651597738092,102.425048589706,0,147.25288772583,110.661340152516,60.6889324426651,82.1896258494893,0,130.592367553711,92.0946595955894,136.089411735535,118.253618401996,23.6784744202411,34.1213291930087,32.045078839949,150.487123929537,75.6403188069661,142.567812238421,12.9310003463759,91.4433141072591,115.572410583496,62.1029918155973,0,108.846411387126,132.101044791085,47.2258946599524,0,0,0,0,0,145.732723871867,228.714385986328,91.0040578605715,0,53.533640072959,0,0,217.326309204102,163.223762512207,98.0365267666903,123.965878362241,0,0,135.240976810455,198.439430236816,182.46605682373,60.6754420411353,102.426370153622,96.7994116404387,182.783203125,0,199.527618408203,98.8696481878107,0,0,159.029881286621
11.2295953158641,144.009792327881,90.0694842702163,77.6245327282669,79.4935332444998,26.4165782101078,25.1318453941915,26.7685503735214,14.744945451029,75.497316175037,27.2361982076341,87.9354380077175,78.0278600637349,102.425048589706,7.85728659304958,32.0206580410739,133.96411895752,102.509139065402,132.141910753752,131.965583219982,74.6325772391425,96.2586851119995,77.3651737724383,80.293072712372,75.647378695341,108.37007522583,126.188007298802,132.082903814654,68.0892985196849,16.5999710044363,39.6963318999048,155.123381181197,14.0241591668045,23.9814702935249,45.4789417537483,149.224451065063,0,185.529201507568,115.065550804138,139.683465321859,0,169.586117831143,139.970451831818,177.407706705729,110.695764715021,166.703267415365,0,141.159156799316,0,166.255132039388,0,110.057677132743,182.968683878581,0,206.588272094727,141.761756896973,145.557671683175,116.511445363363,140.039894104004,131.447396995908,0,194.050136566162,178.195872913707,141.661049642276,168.670957712027,149.50890629466,0,189.61962890625,153.08783976237,166.149779910133
38.2179835637411,79.8802312215169,123.541142272949,75.9701350075858,77.611457824707,15.7255826261431,10.3595021063967,76.4431131362915,27.9492296727216,14.4465930969017,61.1471999950623,80.8538722991943,9.25167297306919,0,32.0206580410739,8.80736482709405,0,119.711158752441,175.838638305664,153.104830932617,57.482473822201,84.5326652526855,67.6601257324219,93.0942306518555,39.2622864511278,0,146.493846893311,101.992116928101,74.2246254951723,31.8211011259179,85.1749694824219,0,38.4969501495361,34.8299320765904,25.7644778535566,0,0,0,0,155.509796142578,0,0,148.949508666992,0,51.6813882191976,175.652633666992,0,0,0,0,0,0,0,0,0,132.663192749023,0,109.480476379395,0,105.251862843831,0,0,0,133.723200480143,0,0,0,0,0,0
123.987370808919,71.7441903523036,86.2541084289551,45.9544921998513,0,0,0,127.212874412537,202.341857910156,70.0002746582031,0,128.585914611816,0,147.25288772583,133.96411895752,0,11.6494544018064,109.221386443737,142.194546508789,127.310582902696,0,11.036768144155,37.0630703976744,12.298778109966,16.4544130354842,144.63996887207,108.477321677012,26.3139788011893,40.3741265462369,127.862510681152,87.8718015277197,145.931491851807,0,79.467342376709,91.3918974623721,174.198753356934,103.856101989746,115.064653669085,68.1645365397135,0,0,204.009826660156,148.350433349609,0,0,0,0,0,0,0,0,107.771247016059,153.240758260091,0,0,0,114.339241504669,62.9003122391239,101.863894473632,141.818153381348,0,149.826715741839,106.279574346061,131.339153636586,0,117.197053979944,0,0,0,126.966600206163
93.2808837275351,61.1874068213291,31.9241389732137,61.8335182921913,128.275974273682,0,131.280550813022,104.718164430724,120.702111288559,132.99536719689,119.082423829196,53.9529825863491,166.252334594727,110.661340152516,102.509139065402,119.711158752441,109.221386443737,10.2826578834809,65.6652615263655,26.5515501713444,151.655024210612,54.1460838880279,76.3948732273919,21.8558209732798,114.325595248062,100.382571750217,40.4729578355076,64.2375144077606,95.4044149373871,91.8356824663745,72.5187050988048,96.1017785913804,78.5130157470703,79.7607004096709,36.2561675933938,161.88229675293,100.832254344019,103.006054784381,98.2662804702233,0,0,0,150.14604695638,220.694946289062,152.200927734375,0,148.850423812866,0,141.860224405924,185.255737304688,0,143.489999771118,117.095854928153,142.086967468262,126.191815129033,0,148.586186726888,100.449370792934,126.60095142496,196.534652709961,113.987503051758,112.808465842741,109.971826379949,169.447717666626,203.872268676758,170.639798736572,139.003795623779,0,141.152887980143,119.041123572816
139.985357448033,80.5710518295701,85.7281864260839,86.999480565389,0,89.5010070800781,138.484313964844,146.747084877708,139.500765323639,128.670543416341,159.982931518555,21.2247621121558,0,60.6889324426651,132.141910753752,175.838638305664,142.194546508789,65.6652615263655,8.46254758113065,17.867410455683,0,136.91864641975,120.464219229562,110.762000572391,136.33327960968,53.0493913847825,26.2828853388524,68.3069521785884,141.280356750488,102.559659645774,125.279780830305,52.8516198796932,99.5058975219727,106.614772796631,61.6351010540075,0,118.159286499023,139.752415127224,95.503911336263,0,0,0,0,0,0,0,104.9556224823,0,98.0724433095832,0,0,0,145.755395507812,112.0459657752,124.323006947835,0,0,174.893724441528,191.497100830078,0,73.1716557255498,114.535881837209,112.111954669019,0,0,0,108.961110523769,0,0,151.673862457275
118.071967452968,76.571758956052,70.6638272281751,73.3137409088274,168.468017578125,73.8274230957031,153.667863936651,136.475656682795,147.404367212664,136.171998977661,144.139530797159,28.9639094382386,162.094487508138,82.1896258494893,131.965583219982,153.104830932617,127.310582902696,26.5515501713444,17.867410455683,11.7870714250506,0,91.3238962773354,98.9237195677676,66.3114516659021,129.961064103721,53.7430579189881,27.4952955569762,72.508655256911,127.505893162319,105.89863744656,103.841829623749,70.5635838353357,107.261958035556,96.3535893073449,49.1065722172152,0,113.285355091095,126.416815957905,100.785293579102,0,0,0,198.997714996338,0,0,0,125.772613525391,0,120.495908436022,182.553329467773,0,156.40197971889,133.535411134058,121.03511501003,120.761509357112,0,147.864120483398,140.955043568331,138.74810701258,164.842086791992,101.075342077958,113.190990757875,115.1825219775,0,137.296203613281,157.209205627441,119.934756863502,144.12565612793,165.433242797852,139.834777196248
68.9208653296953,0,150.588382720947,75.354069603814,12.1847655466539,99.0229899088542,38.3480507436331,46.6177240714692,60.6016265933253,47.3525551093252,19.7277944692835,119.201843261719,11.7977445554253,0,74.6325772391425,57.482473822201,0,151.655024210612,0,0,9.68496191540602,157.459716796875,113.000905354818,119.841323852539,20.7918254917791,0,174.248989105225,167.297256469727,29.6043479758074,86.4785234680176,97.5215890066964,0,102.998345269097,79.1861131249404,80.880803875213,150.030407714844,0,0,82.2147521972656,13.8981525329993,0,144.962873935699,150.077673339844,168.052125549316,100.301702325994,63.4064520922574,0,8.90103442352938,0,146.447396596273,177.888793945312,138.564998626709,0,0,0,12.6238316308831,0,140.712684631348,130.046096801758,99.6090250301361,0,226.947494506836,181.277923583984,131.363239241235,187.032608032227,133.070465087891,0,0,132.369689941406,162.933343251546
68.3917856443496,96.2931247287326,67.8451194418482,50.4070675851974,127.290522257487,0,103.663319396973,66.2999086035303,94.4325966835022,85.8634697596232,95.7020895821708,94.727226638794,124.960800170898,130.592367553711,96.2586851119995,84.5326652526855,11.036768144155,54.1460838880279,136.91864641975,91.3238962773354,157.459716796875,9.18706548635303,42.920630749154,19.0293265000428,14.6946164536489,120.974807739258,113.341494802219,63.4308647543078,17.4874936971011,47.627320163808,22.0787558191639,137.976676940918,152.915557861328,43.2894992088677,40.8435329933714,125.111885070801,150.885177612305,138.742288069292,71.0061703557553,0,0,0,125.870280795627,153.844029744466,0,0,202.591003417969,0,0,151.39573542277,0,108.582654190063,166.597400665283,203.206184387207,160.198593139648,0,108.504596996859,67.3515746497005,105.366305500343,119.017884118216,202.965972900391,173.047055925642,137.708464558919,118.755988339344,140.819203694661,112.753597244201,195.744781494141,0,110.503972371419,119.88017988205
63.3560504059293,24.1745801304287,45.4182068265718,19.3870698256458,0,0,89.0815856456757,71.9916641985784,88.4377766171017,21.0044158997227,95.8093447685242,97.7261997276629,0,92.0946595955894,77.3651737724383,67.6601257324219,37.0630703976744,76.3948732273919,120.464219229562,98.9237195677676,113.000905354818,42.920630749154,7.27963759264938,46.7845474001318,17.4502786706402,71.8522958466501,93.7713523228963,35.6986640060875,47.4903800130964,67.487409731921,52.2865810670009,109.333761132282,109.344548543294,52.2319353079494,64.3202774794596,88.5590400695801,126.366689046224,86.9965309967866,59.4028160307142,0,0,179.369888305664,123.756961398655,0,0,0,140.187484741211,207.90934753418,111.877348327637,136.622283935547,0,62.2968859561654,120.587245214553,0,136.216320037842,0,81.68323634221,7.94149758379946,72.8198711745405,104.159863948822,99.4540939331055,145.943265597026,76.2625883981293,108.417239158384,136.543876647949,90.3402831845167,0,0,87.3601379394531,97.8807915135434
75.0662728568722,80.6541240526282,20.6050631430852,45.582821804696,82.1692152756911,0,105.144632227281,65.0958269244042,99.5309166305367,79.4592121525815,83.4781624264187,92.6444656038747,104.511545817057,136.089411735535,80.293072712372,93.0942306518555,12.298778109966,21.8558209732798,110.762000572391,66.3114516659021,119.841323852539,19.0293265000428,46.7845474001318,12.9473358494051,39.4559008855761,109.941004435221,92.931816682903,45.1577662149105,30.1029972221049,79.480474338016,43.3322319665881,124.915260314941,131.413925170898,66.571448210747,44.9927352484945,158.113417625427,126.121983846029,100.406716688624,59.6262998446612,0,122.147705078125,0,145.820009231567,0,0,0,165.089981079102,193.378547668457,200.6826171875,154.808673095703,0,104.227118815982,129.79463339543,184.095994949341,167.084818522135,200.206008911133,105.185948392771,64.0900698600559,100.621029644695,122.491088867188,0,146.074307074914,101.522984428797,130.414041294771,111.758842468262,114.857700583376,0,0,142.283220926921,118.79477373759
64.8735171345526,52.4962903882997,94.8364416950881,40.4468281570272,16.0007652568776,122.317276000977,68.1585162604987,37.42226763239,74.5956755047918,21.47270788726,37.2408809823632,128.682230114937,28.0269942547277,118.253618401996,75.647378695341,39.2622864511278,16.4544130354842,114.325595248062,136.33327960968,129.961064103721,20.7918254917791,14.6946164536489,17.4502786706402,39.4559008855761,10.0329131854148,94.6760068620954,117.26186795472,62.3129791182874,15.0592779622247,67.6760850951537,57.5892088375986,148.710357666016,122.257820129395,57.5820147683176,76.9279836133583,124.952965966586,121.310588291713,142.388720078902,69.9200324243115,46.2213842975186,140.764419555664,137.852755001613,113.032943342374,148.972310801915,61.118599023392,124.110417601883,197.034515380859,111.983658905029,164.262269973755,142.167177853884,128.866293334961,111.065134956723,161.954997322776,0,202.948806762695,115.944497744242,110.625919342041,81.4133930402933,116.687041744109,80.7181774021182,146.120012919108,169.904784308539,143.964727932349,107.755512074615,148.376710464705,113.475309795803,0,0,124.625117081862,140.267701129524
126.781978607178,24.3995781725509,98.7149391174316,23.6388768806732,0,0,87.8455810546875,0,225.255386352539,95.0787356675729,0,38.5048902506132,0,23.6784744202411,108.37007522583,0,144.63996887207,100.382571750217,53.0493913847825,53.7430579189881,0,120.974807739258,71.8522958466501,109.941004435221,94.6760068620954,8.46480393628668,48.005473691102,31.2824169804196,137.034467061361,96.2799439430237,125.677206420898,47.8007394488977,93.5709953308105,140.410186767578,66.8624291687012,0,84.1774737040202,126.634422302246,28.6847612796686,0,0,0,0,0,125.988728841146,0,81.6112925880834,0,53.9092736230694,0,0,0,116.632995605469,87.512055310336,101.182195027669,0,0,125.698162078857,201.816802978516,0,33.3321404800415,83.3204440492572,83.6029771731666,0,0,165.542785644531,80.1229386329651,0,0,129.79876273019
119.31630489666,54.9403818123403,35.1752041728467,52.7694011335613,139.84864976671,0,148.065283298492,126.277763927152,142.868796927797,123.108199454643,138.34710295304,27.9822432721844,156.844297027588,34.1213291930087,126.188007298802,146.493846893311,108.477321677012,40.4729578355076,26.2828853388524,27.4952955569762,174.248989105225,113.341494802219,93.7713523228963,92.931816682903,117.26186795472,48.005473691102,13.4731548852297,32.1192351155141,114.987365303563,112.366919901179,108.688723356111,19.1969327894274,103.477411058214,117.926866207483,65.9137072165939,175.417111206055,93.9253891565466,101.583276842461,83.6143408953133,0,0,0,198.159243265788,209.197692871094,205.017532348633,0,119.08481403273,0,107.815536804199,198.896636962891,234.506683349609,153.376842498779,110.830037292085,116.104128698608,110.289934519175,0,164.621519088745,128.940793991089,139.545319767322,184.41593170166,86.4791522658015,102.372568365514,105.026942483609,171.383015719327,153.710795084635,165.441106796265,115.007924079895,141.103866577148,188.308979034424,123.770678661716
131.284042034727,30.3534853190795,26.6639581689777,41.2325513462177,114.373212814331,144.685427347819,133.718968358533,111.527933638909,134.718743133545,94.3470805621055,136.576480102539,65.8366914362783,130.884895324707,32.045078839949,132.082903814654,101.992116928101,26.3139788011893,64.2375144077606,68.3069521785884,72.508655256911,167.297256469727,63.4308647543078,35.6986640060875,45.1577662149105,62.3129791182874,31.2824169804196,32.1192351155141,14.3116519040542,76.9913603441405,106.220824335662,107.781113743782,28.3111549235931,107.099098750523,116.334128199397,70.5833967276992,168.152117411296,99.7527144348737,95.7656585133404,75.4817328097973,0,0,168.187383015951,155.14536968867,167.598385150616,178.51518031529,181.663415527344,121.843414339245,207.554695129395,105.815552353277,166.023715299719,190.596900939941,112.134918512736,112.343657375767,116.889267217545,113.564033550608,198.082885742188,145.909927614274,65.7497775285369,102.006963458414,149.172912999203,79.0465033560088,104.568061313484,100.737652581147,146.141253207592,172.019930752841,151.326858251235,117.114357904093,0,149.74672794342,118.370766725516
62.042197756993,105.964880201552,61.3000666206805,49.7836537813772,8.80075420516986,108.010426839193,66.6550400337164,16.5837552445043,75.2235795958389,48.3460417867189,20.1519875249888,131.654623293409,49.8088569881719,150.487123929537,68.0892985196849,74.2246254951723,40.3741265462369,95.4044149373871,141.280356750488,127.505893162319,29.6043479758074,17.4874936971011,47.4903800130964,30.1029972221049,15.0592779622247,137.034467061361,114.987365303563,76.9913603441405,9.38937473472363,66.1982302896387,25.3404874091142,150.734811895034,121.882879777388,55.1489143809645,64.2330727709041,127.764828510773,186.404296875,146.438769385928,81.9959587164685,64.8085322087038,160.084228515625,143.195406040224,118.705326472691,149.609832065557,96.0259308193041,141.246493669896,218.53923034668,138.631172688802,0,146.806242569633,146.240366109212,104.639956537882,165.285502297538,217.258322143555,188.05935160319,128.627886526925,114.974033665013,72.5305246409803,118.536677023081,102.036905973009,191.590255737305,187.087947845459,152.270683205646,113.642170436763,146.509097254553,115.29931370775,0,0,116.466539655413,135.836342035338
9.50487589294149,108.596215820312,115.099273502125,68.8388132869449,73.5210382334391,20.9526018474413,19.5280860549915,43.4966390052439,22.7603620730947,79.4008636181171,81.6157414086431,53.4599999309157,86.3772193446304,75.6403188069661,16.5999710044363,31.8211011259179,127.862510681152,91.8356824663745,102.559659645774,105.89863744656,86.4785234680176,47.627320163808,67.487409731921,79.480474338016,67.6760850951537,96.2799439430237,112.366919901179,106.220824335662,66.1982302896387,8.03378095332752,21.9683504319087,102.583322252546,9.9808949981516,14.6152113228022,26.9817035169053,153.693335215251,183.649765014648,191.185371398926,91.0203167841985,129.45834197998,0,184.960350036621,148.151386624291,176.993342472957,104.33765411377,169.990029907227,180.701332092285,172.150329589844,144.34001159668,175.560625348772,0,121.454416910807,149.726196289062,146.371078491211,150.072898864746,174.657867431641,138.902435302734,100.107636301141,133.606495943936,139.227030436198,104.495018005371,166.937255859375,147.533389164851,141.327475439144,171.963176727295,135.847426470588,233.532592773438,0,180.340728759766,149.36818001487
23.7560941425001,108.719031016032,56.5276130891505,55.9966305033366,70.9926033616066,122.725791931152,90.5162411499023,14.1135037292597,74.9341277750129,58.9881932827536,61.6532485144479,110.192825523583,88.7334694862366,142.567812238421,39.6963318999048,85.1749694824219,87.8718015277197,72.5187050988048,125.279780830305,103.841829623749,97.5215890066964,22.0787558191639,52.2865810670009,43.3322319665881,57.5892088375986,125.677206420898,108.688723356111,107.781113743782,25.3404874091142,21.9683504319087,10.784098457611,145.632138442993,136.991058349609,31.8765337407036,43.3628551157837,127.544604539871,0,156.300805664062,85.2982294294569,147.56217956543,0,153.937910461426,123.829786040566,157.220651172456,111.704185909695,145.055151803153,202.614013671875,0,218.449905395508,145.82234258819,162.527084350586,107.561087454519,190.597556220161,177.690200805664,190.737152099609,149.253784179688,112.8490293615,70.5554148537772,112.369653115725,117.646566928961,197.77018737793,181.3562596639,150.460374952872,115.126031390173,141.194575402044,116.724119401516,244.961059570312,177.791641235352,114.090223312378,129.939180463274
153.878074645996,72.3059242762876,89.5050935487489,71.5376558303833,180.051910400391,0,160.657383728027,159.796948750814,158.32277243478,129.941938299882,188.879567464193,28.3597776591156,192.015396118164,12.9310003463759,155.123381181197,0,145.931491851807,96.1017785913804,52.8516198796932,70.5635838353357,0,137.976676940918,109.333761132282,124.915260314941,148.710357666016,47.8007394488977,19.1969327894274,28.3111549235931,150.734811895034,102.583322252546,145.632138442993,5.99591538549289,102.704793294271,146.263692220052,75.9589105389209,0,122.802758789062,149.723876953125,75.319214067961,0,0,0,0,0,172.805389404297,0,105.139672931872,0,93.1005655763522,0,0,0,145.938915252686,116.135747070313,130.038657052176,0,0,150.162152099609,201.948852539062,200.482734680176,75.2302444211898,113.823610357336,111.324625793315,0,0,201.738906860352,109.935183438388,0,0,153.80608694894
72.5402539571126,84.2571792602539,124.764175415039,118.80334854126,0,9.23753657756227,16.9686290957541,132.002291361491,15.3159932168068,127.151933288574,123.711574172974,62.3706400570453,108.448809814453,91.4433141072591,14.0241591668045,38.4969501495361,0,78.5130157470703,99.5058975219727,107.261958035556,102.998345269097,152.915557861328,109.344548543294,131.413925170898,122.257820129395,93.5709953308105,103.477411058214,107.099098750523,121.882879777388,9.9808949981516,136.991058349609,102.704793294271,4.84746010898342,117.630204772949,38.1328074733416,0,0,0,131.80305480957,0,0,0,0,0,0,0,0,0,0,206.832275390625,0,0,0,0,0,0,0,140.006439208984,0,162.514488220215,0,0,157.927276611328,185.344696044922,0,0,0,0,0,217.899841308594
12.8576630083844,138.237377166748,109.181597471237,58.1684872122372,70.1954443454742,0,60.4531036990506,54.2634489889102,59.6642564190321,61.6346272588934,76.5476285185769,97.9466449192592,83.2616990407308,115.572410583496,23.9814702935249,34.8299320765904,79.467342376709,79.7607004096709,106.614772796631,96.3535893073449,79.1861131249404,43.2894992088677,52.2319353079494,66.571448210747,57.5820147683176,140.410186767578,117.926866207483,116.334128199397,55.1489143809645,14.6152113228022,31.8765337407036,146.263692220052,117.630204772949,7.83909027322201,31.180121420585,126.981938171387,130.509353637695,152.622535705566,80.7198190689087,142.487747192383,0,147.603805541992,135.174317932129,152.407000223796,81.2165756225586,164.901824951172,0,0,0,150.675849914551,0,96.2498435974121,155.974278767904,0,0,0,108.246682739258,76.94571240743,111.267693655831,126.203776129361,0,147.018493652344,157.890735202365,122.917505900065,150.219303894043,121.461716436571,176.522125244141,0,127.827528381348,114.331434249878
68.8713182755458,76.9937674539131,58.1973140450973,67.3259291685829,78.1621593553193,42.845799072929,37.0933338884998,72.5570226513458,52.5154999997679,86.0116287514015,84.3017112496809,29.8795310245101,88.0419045289357,62.1029918155973,45.4789417537483,25.7644778535566,91.3918974623721,36.2561675933938,61.6351010540075,49.1065722172152,80.880803875213,40.8435329933714,64.3202774794596,44.9927352484945,76.9279836133583,66.8624291687012,65.9137072165939,70.5833967276992,64.2330727709041,26.9817035169053,43.3628551157837,75.9589105389209,38.1328074733416,31.180121420585,11.5405878974474,163.674629798302,113.118414878845,110.739697912465,105.787766265869,134.777543640137,228.997207641602,187.270155334473,146.30694740697,176.503024631076,127.201436360677,162.636299826882,141.800678253174,186.123880004883,122.858325958252,173.063551061294,159.407943725586,126.794136047363,127.934710716134,129.181651362666,126.384943459251,157.624755859375,128.846817016602,97.1281363021496,120.809574506141,136.971632995605,119.527550833566,121.36056964645,121.230364171808,140.236959626403,178.920471191406,133.405741307643,146.096009572347,0,141.582639058431,149.733797073364
140.202077865601,0,154.509841918945,96.9393394470215,148.788499832153,0,163.863059149848,129.213980712891,149.403360748291,116.51046891646,159.085757573446,220.207443237305,141.962692260742,0,149.224451065063,0,174.198753356934,161.88229675293,0,0,150.030407714844,125.111885070801,88.5590400695801,158.113417625427,124.952965966586,0,175.417111206055,168.152117411296,127.764828510773,153.693335215251,127.544604539871,0,0,126.981938171387,163.674629798302,10.4119183866295,112.291744995117,90.6046703649322,69.8661494866396,72.0663565345432,69.575511932373,52.9165127497938,25.1069223544795,26.5024889410081,66.2566251754761,49.0392983264805,129.101560768174,60.9359538429662,144.225416564941,10.0560586728905,35.717045211792,64.1373871534299,104.408285797065,132.656813057747,120.128440889961,53.2533092570484,68.4193070332209,66.1732829195782,85.8174235967942,68.6577943142978,0,122.190468511186,121.534339728993,63.9663359182852,15.3852728877246,27.0349314280244,145.938766479492,81.0410511016846,22.5346348168715,68.0650552644711
141.262191772461,113.572975158691,89.6781669192844,96.4402980804443,0,0,0,0,0,101.122146606445,0,116.642459106445,101.390686035156,108.846411387126,0,0,103.856101989746,100.832254344019,118.159286499023,113.285355091095,0,150.885177612305,126.366689046224,126.121983846029,121.310588291713,84.1774737040202,93.9253891565466,99.7527144348737,186.404296875,183.649765014648,0,122.802758789062,0,130.509353637695,113.118414878845,112.291744995117,8.02342834518033,38.7727453600277,20.9831461906433,0,0,0,114.415734767914,130.14119720459,56.3032626364995,0,79.9671400101458,166.776275634766,53.0856251357704,127.434219360352,128.108505249023,76.1430161304963,57.7256299454196,84.4055459057843,64.4705960907205,0,92.6849391643818,23.8210751598513,67.9029139518738,87.1345951977898,19.5531760079321,50.5223258428337,34.1984943137464,103.008027163419,119.045074462891,101.546964963277,77.4904989045242,0,94.9972518920898,65.7822429783536
174.864097595215,84.3523169623481,91.2431747053312,99.2968831269637,0,0,164.499984741211,162.398245917426,186.530227661133,0,181.564788818359,131.472868177626,0,132.101044791085,185.529201507568,0,115.064653669085,103.006054784381,139.752415127224,126.416815957905,0,138.742288069292,86.9965309967866,100.406716688624,142.388720078902,126.634422302246,101.583276842461,95.7656585133404,146.438769385928,191.185371398926,156.300805664062,149.723876953125,0,152.622535705566,110.739697912465,90.6046703649322,38.7727453600277,12.3088680347605,43.1036870584255,136.859802246094,88.1791305541992,127.132342020671,79.1872658390569,112.276818010884,104.299047470093,106.187321146981,86.7799250607563,134.995817820231,82.0272800021701,96.6571894035065,140.559080505371,83.6179040864456,40.2621353389734,85.9548515906701,77.768561412593,124.33203125,76.6543616959543,44.4188514665793,18.4766612894532,104.582832932472,90.4753646850586,31.0670615958924,21.5688232501616,58.9649959513565,118.439677311824,56.6114301008123,92.5094193168308,91.5229187011719,97.7589732982494,65.0690588678135
101.088110490279,48.7083948308771,81.554609818892,40.1667735065733,86.8232587178548,136.81526184082,116.623494466146,73.0903811454773,101.416960580008,24.2329905748367,135.186942360618,77.0602648699725,49.3867454528809,47.2258946599524,115.065550804138,0,68.1645365397135,98.2662804702233,95.503911336263,100.785293579102,82.2147521972656,71.0061703557553,59.4028160307142,59.6262998446612,69.9200324243115,28.6847612796686,83.6143408953133,75.4817328097973,81.9959587164685,91.0203167841985,85.2982294294569,75.319214067961,131.80305480957,80.7198190689087,105.787766265869,69.8661494866396,20.9831461906433,43.1036870584255,37.1293257149783,60.3241479873657,0,86.5844010533513,61.0379810716254,88.531442954892,24.6955437122322,85.3716496944428,84.834686477463,82.4940873926336,24.0771029414441,83.5075511530826,76.4974557240804,43.6654882576916,57.7922160399027,76.247672792465,66.0203891047725,80.6525462757457,50.5347785180172,22.0487272399086,46.6168298937388,37.4510475243368,17.9055726694819,50.4014249721376,40.8499643209782,51.474005538457,82.3341609666932,59.8199153506725,70.0364891578411,116.859924316406,60.2979792013936,66.8929168761723
97.98863474528,0,0,96.1357879638672,8.58068662822585,0,147.640634536743,145.008430480957,168.891511281331,109.643184661865,25.8268015933248,0,39.063645293073,0,139.683465321859,155.509796142578,0,0,0,0,13.8981525329993,0,0,0,46.2213842975186,0,0,0,64.8085322087038,129.45834197998,147.56217956543,0,0,142.487747192383,134.777543640137,72.0663565345432,0,136.859802246094,60.3241479873657,7.83562492621459,100.703113555908,59.8622729981719,40.1317764954133,82.5203489981407,41.2526935708934,12.813796665005,172.749715169271,11.0518260250165,0,82.2820388859716,73.6067484342135,92.1034866333008,0,0,0,9.87251767709465,0,80.8066317240397,76.8915939331055,14.8671650817102,0,180.934448242188,107.313672846014,12.7040737584479,89.4839359199914,71.9072265625,0,109.955654144287,78.0014855066935,87.0140408558451
