13.4219015915647,0,102.245736102669,87.7724167318905,79.4903479682075,88.8946952819824,84.9571832101556,31.7413253704384,50.494005395145,86.2715058326721,65.3272395643569,124.871242352386,109.298793368869,153.974032592773,19.5765072131433,96.3066088358561,172.781936645508,98.4286401406313,141.872070040022,115.85440284729,98.8194899125533,80.0516714115733,102.770741631003,89.5152748088884,83.8941975423734,0,122.605828977099,133.614823444073,90.4450506782532,22.101285815832,31.5070978332487,153.960021972656,112.595988464355,34.2735266035253,83.7900001197461,0,0,157.027653285435,95.045671081543,0,0,0,127.356548309326,164.48291015625,111.498165130615,158.022415161133,0,0,0,141.633544921875,0,154.182922363281,208.467353820801,0,202.45728302002,180.268417358398,171.565343221029,89.5232604980469,170.355294799805,137.854799906413,0,163.104497273763,173.970264600671,144.017346931226,147.833326339722,157.563993181501,0,0,151.141189575195,190.203735351562
0,8.53122024858729,51.2206997190203,17.206429944194,0,116.282661437988,192.938842773438,169.163436889648,124.90151087443,80.8307911178972,0,75.080197500146,209.202453613281,52.8203147411346,134.754788398743,124.74732763117,73.865469125601,61.3040513577669,75.9991958350466,64.2656352641219,0,79.74609375,29.0943217944102,89.3011776606242,89.6494920365647,21.4642620917591,55.085874429526,31.981382552248,107.520937884295,145.233376502991,113.787257385254,66.4898961385091,105.876594543457,124.304534912109,70.3743830508873,0,103.59997177124,82.9318428039551,50.6306557655334,174.466079711914,0,0,193.779998779297,0,0,188.732498168945,68.3848190307617,0,116.524084908622,178.170471191406,0,124.837140401204,116.719687652588,128.328536987305,110.617845323351,0,0,116.915219116211,152.931346130371,111.937835693359,77.3586578369141,95.8262410597368,99.677593206748,0,223.788635253906,0,123.786636352539,0,0,83.0597534179688
102.245736102669,51.2206997190203,15.5919345250525,59.5828340259599,124.402540445328,77.3961181640625,126.366503283532,98.2733321679762,122.1252852115,119.730911618187,122.390015592543,94.9143350446546,141.396423721313,93.9993746979068,117.316166514959,132.971480814616,95.1247203711307,46.3146482931836,92.7007007158235,73.2587893544311,181.663636949327,66.886742285883,48.8025730880765,33.0724082503215,112.208482055664,163.837036132812,37.750527056271,38.8353094514513,95.6682118605238,130.467044992158,90.8992797628987,95.9218909523704,180.477990722656,118.811696879069,72.1075718737546,169.106311035156,81.653864211395,100.382559529452,93.5617567462686,0,0,202.75010172526,159.665282420623,182.298564686495,152.70469556536,180.657200622559,146.301924387614,179.589813232422,129.953918457031,179.299487936086,187.570861816406,115.377210075473,114.39975561919,162.063449314662,133.09986225764,0,134.392726898193,81.9204365934306,120.235660963161,158.172648915073,144.194805145264,109.839647512326,99.4498790708363,163.109451651573,185.210726928711,155.029876182819,145.182556152344,0,0,119.276267428358
87.7724167318905,17.206429944194,59.5828340259599,22.3428882317445,54.7925004390691,0,87.6531711882609,69.4159313169848,91.6630683613715,40.1186859642815,79.0396496751573,93.8019285604987,85.5366380153558,61.1591395502505,100.011485655615,95.0525779724121,40.2092424917503,76.1428556761334,96.0970430256408,75.1183752233332,73.670643299818,55.531693734063,27.2369618554812,55.9485686024822,45.921919293052,32.9114625120813,64.499443384392,40.9975254977659,57.7830470085676,83.6934378668172,66.8308438393692,78.685428130321,120.483401489258,69.4506335788303,78.092783157749,95.6483955383301,57.0060632324219,69.7019571610439,15.461380083267,50.4486770629883,0,106.450764973958,83.6466013590495,146.11311340332,16.2297879944807,117.619356791178,89.262641482883,112.191253662109,55.6427440955991,117.878402709961,0,72.7990171909332,90.397160742018,95.2438008925494,98.0195705647371,145.764793395996,104.21202138265,18.0591038680812,84.0024280777897,67.2563518162431,24.9147206515801,79.9965517701221,61.619407591187,84.9357191386976,115.929745810372,83.3124995761447,77.5592823028564,0,101.769258880615,85.6642350821659
79.4903479682075,0,124.402540445328,54.7925004390691,8.30218914563649,0,68.1850678948795,60.2633576276826,99.4403935168163,42.837525808205,16.0955791137622,159.63330078125,24.3499316295971,180.78092956543,104.017216298772,56.0032697933823,0,145.372896047739,0,160.031756591797,14.6421914372913,107.432965596517,126.981740315755,118.635996863956,15.7711581200467,0,162.695131089952,143.825636291504,12.5773725914314,97.9201708729244,108.538485717773,174.877029418945,123.838793436686,83.0365390777588,96.7425325354751,163.593948364258,0,154.634841918945,73.7674663149077,21.0762111178449,0,140.87804391649,131.216475168864,156.8730580012,78.1184141224828,137.237698731599,0,19.9472246273015,0,143.333297729492,101.852025349935,136.724380493164,186.892395019531,0,0,19.5774451916094,0,132.020690917969,240.114944458008,93.981429006323,0,239.704864501953,201.657725016276,128.027275779031,152.081323623657,151.763168334961,0,0,0,149.666885375977
88.8946952819824,116.282661437988,77.3961181640625,0,0,7.45786265902779,12.1802975282242,123.951346874237,17.6678274508652,59.7853118233059,123.313351046654,72.166922343861,90.914417440241,97.040095242587,36.343240962309,16.1684515980487,0,202.972183227539,100.882400512695,76.5224761962891,134.893441200256,83.5986938476562,100.023788452148,127.766816946176,92.8791923522949,160.286496480306,169.825709751674,135.071678161621,135.806981404622,27.0900143244495,124.996003287179,0,13.0083273626995,80.4462661743164,41.1714601073154,0,0,0,0,0,0,212.524566650391,185.958923339844,0,0,0,0,0,0,0,0,0,0,0,0,0,0,0,205.880264282227,186.526672363281,0,0,0,163.66040802002,186.376617431641,0,0,0,0,0
84.9571832101556,192.938842773438,126.366503283532,87.6531711882609,68.1850678948795,12.1802975282242,11.0283817675992,63.1064488053724,21.7174088596534,82.5301400039156,36.0980910768492,100.515372126556,30.2157093740182,131.820911831326,50.7371538431864,14.2776489127415,196.739143371582,142.56894078612,156.670009109209,157.421751484726,50.4294550931494,117.000974711582,123.420176267624,116.831641125245,79.6160300644748,111.131309509277,154.131203174591,159.983179819953,67.2730039435746,68.619844984327,81.5947078657287,155.228939056396,22.6393187562073,96.1981788094588,82.4268527145999,179.720157623291,0,190.514127878042,104.80951300727,130.093421427409,0,168.593777595682,144.827155142119,169.172267240637,118.91472669329,161.247493060667,223.443984985352,65.3585053443909,0,180.519753963389,166.391574859619,177.585678100586,205.015651157924,248.388458251953,194.259038289388,146.095051538377,217.952568054199,138.611565223107,195.341181945801,130.476137142066,0,206.107876586914,183.958537382238,152.342685641223,179.867220052083,171.682599581205,208.780532836914,211.332122802734,170.805807495117,182.471333590421
31.7413253704384,169.163436889648,98.2733321679762,69.4159313169848,60.2633576276826,123.951346874237,63.1064488053724,11.9744764466284,59.7267433320447,59.6213405068997,25.2052364192959,150.912625901243,81.0581145201914,163.70739329945,43.8658468000472,83.5006454930161,87.2637424468994,118.904856243273,169.823227246602,141.062516017513,110.374360402425,69.841668613737,92.7565893554687,79.1452101330178,58.9545588824445,147.622575759888,132.928853102405,129.520008776448,30.5497008806876,70.9625380734092,24.0019408676558,172.572579956055,131.992331748785,69.4345649247317,90.6948292874914,141.660455976214,161.468147277832,167.210079956055,83.3891115471868,137.636733055115,0,152.077431612237,130.585129015373,157.895107191436,94.4809995651245,144.956084266076,201.914474487305,148.864000320435,0,163.517131936961,132.027627944946,157.606833024458,189.472688802083,0,196.482174682617,139.347160339355,142.87556330363,108.346561312675,155.315311085094,114.449302039588,0,176.24006652832,169.336276321411,129.559253180899,159.24529339717,137.799256896973,0,0,142.740868655118,158.214636802673
50.494005395145,124.90151087443,122.1252852115,91.6630683613715,99.4403935168163,17.6678274508652,21.7174088596534,59.7267433320447,11.1906072161498,93.5490582654924,37.4696180367637,91.1499829123505,86.0872943605421,111.545037136283,20.5697628455012,33.829985684362,158.820370674133,127.828787341089,137.927833746287,141.500446631894,97.8223288908962,112.522546621469,117.441532707214,116.456561651357,100.344290641168,115.627073499891,142.700265337537,147.152292022258,93.11000982314,51.4976979929667,77.7632917361518,117.368983100442,24.2698983677325,76.2923593426695,67.9782510755023,165.982696533203,126.114151000977,180.133540277896,107.489646324745,121.205909729004,0,178.857058525085,162.345121701558,186.648477783203,123.91431427002,176.899114793347,0,121.695102916044,195.547340393066,188.264213256836,139.004699707031,166.05493927002,208.42719523112,0,242.775146484375,180.876695905413,172.671564737956,123.460132083377,187.213171822684,147.802206981425,177.663864135742,199.740219116211,192.496794509888,156.218107076792,181.207005376401,174.60578918457,0,0,165.477490511808,195.84553527832
86.2715058326721,80.8307911178972,119.730911618187,40.1186859642815,42.837525808205,59.7853118233059,82.5301400039156,59.6213405068997,93.5490582654924,9.40472169589624,80.7797744411892,144.962152197006,19.1575452881741,121.294716567729,96.4420347488466,24.1455556867721,87.0774430411203,134.401405218876,145.381330217634,137.70306590452,51.6717718146568,102.29236831665,23.9838186343454,114.227541082046,23.6549872799824,103.374098204069,132.144456765591,106.776451120889,51.071696003229,84.089553813174,66.6769245823833,138.560193112022,110.710099653764,71.2615766979399,94.5147679559116,95.9289372762044,122.119140625,163.069615083582,31.5997593312324,87.5672266863395,0,127.987222798665,85.4320893859863,147.709335673939,49.8506401412341,105.939427154233,177.945098876953,87.4375,194.466987609863,142.211309051514,66.7819055410532,163.626533508301,186.695025634766,0,193.026011149089,91.2526691754659,149.06906636556,86.4788244247436,173.233510335286,58.7365431032683,100.728240966797,174.947352600098,172.748397827148,105.773215746639,143.106981277466,122.917137145996,177.706741333008,0,147.088043212891,137.389333724976
65.3272395643569,0,122.390015592543,79.0396496751573,16.0955791137622,123.313351046654,36.0980910768492,25.2052364192959,37.4696180367637,80.7797744411892,11.4503229457018,152.791646304883,17.7920954561276,174.644184992864,70.879591783832,87.232610443492,122.235262552897,142.666718018361,192.446414523655,164.467119026184,16.6029086439336,110.505372427042,133.342637714587,106.462856013365,77.9188950581337,167.783251953125,158.297648950057,169.019766982721,30.1142838620509,100.275443048047,68.6996305960196,206.338607788086,138.060767873128,90.8854278115665,97.1984171538813,232.351951599121,0,172.184579849243,99.7285344865587,136.406483375863,0,160.101340052593,146.658007563377,163.338827133179,110.244614707099,158.946295906034,225.109069824219,44.8339408656718,0,194.179027850811,143.563873291016,176.559875488281,209.987670898438,0,205.101776123047,147.534947071435,0,149.30126953125,178.893834431966,116.790767784864,0,208.438163757324,186.773907748136,154.306451993568,191.12146419949,186.22952524821,0,0,185.474077860514,176.598392486572
124.871242352386,75.080197500146,94.9143350446546,93.8019285604987,159.63330078125,72.166922343861,100.515372126556,150.912625901243,91.1499829123505,144.962152197006,152.791646304883,12.1749271056388,140.110891706488,24.9783880092526,82.2644039979536,117.802623510361,124.186289651053,50.57836832966,21.284519934511,28.0323428947518,155.009716033936,101.284449786048,97.911988735199,94.1799854750044,153.020058894503,29.7754034007334,21.7273883871566,69.2858854480109,144.223431484758,85.4858188336836,112.265906385942,29.5065961935076,66.4370469661117,92.938646149217,29.6351708225749,0,106.08094896589,146.083399878608,110.072877883911,186.026321411133,0,0,201.167638778687,237.233947753906,199.846270751953,0,112.141162395477,165.40259552002,86.4723444074114,210.843338012695,0,190.286743164062,144.429612636566,116.432359795821,128.974543057955,0,189.92455291748,134.503083365304,166.365814208984,191.730130513509,66.7078447614397,119.420744498571,115.33149444528,207.285353524344,0,194.736724853516,104.417365646362,0,162.836959838867,147.162925720215
109.298793368869,209.202453613281,141.396423721313,85.5366380153558,24.3499316295971,90.914417440241,30.2157093740182,81.0581145201914,86.0872943605421,19.1575452881741,17.7920954561276,140.110891706488,10.1540459356323,160.938423156738,108.781944395441,15.9011620276241,97.2436752319336,169.60190473284,172.180139814104,172.93738861084,13.6913152647457,100.922802734375,70.5336224238078,130.630102975028,23.4270777888238,161.637488228934,168.839971542358,147.270173611848,49.0317584524247,111.567604197703,143.098593648275,181.280334472656,122.670640415616,97.1272188822428,104.160690044535,0,0,177.224334716797,101.534455617269,38.6906400018809,0,86.1577030590602,137.905393427069,162.735500682484,71.4085221541555,90.7186785305248,0,11.4131914053151,0,156.43713684082,80.6406578063965,167.199111938477,0,0,0,19.8297139458629,0,0,192.66796875,71.9125105049096,0,214.916351318359,190.669514973958,129.04077201054,150.594914754232,188.407318115234,0,0,0,152.572555541992
153.974032592773,52.8203147411346,93.9993746979068,61.1591395502505,180.78092956543,97.040095242587,131.820911831326,163.70739329945,111.545037136283,121.294716567729,174.644184992864,24.9783880092526,160.938423156738,7.78244957872186,105.008987156425,154.404586205116,139.17481918335,104.444411977132,51.1282527947131,69.3327095540365,212.377395629883,135.497731018066,89.0636879338918,111.473818054199,138.252315671425,17.9773676305674,29.2042270161018,33.2034056534698,164.943504616066,108.508774849676,149.987110137939,13.3950486805605,95.332883332905,136.258107503255,65.0130260424986,0,107.769515991211,145.07317521837,60.8632854114879,0,0,0,230.643829345703,224.977523803711,187.859657287598,0,92.0077022459449,0,78.7549117805182,0,0,195.91983795166,148.250611877441,100.828363707571,112.640063105403,0,0,131.643696255154,195.826248168945,162.797231038411,57.6628129205038,101.075512835854,98.9865622660476,184.093597412109,0,0,97.0376709094946,0,188.091232299805,117.813968658447
19.5765072131433,134.754788398743,117.316166514959,100.011485655615,104.017216298772,36.343240962309,50.7371538431864,43.8658468000472,20.5697628455012,96.4420347488466,70.879591783832,82.2644039979536,108.781944395441,105.008987156425,10.5486047607408,62.6736125749411,160.796982505105,115.656838580755,126.086187052931,133.331330160965,110.667109727126,104.048368966708,108.761745789472,109.30026814597,101.423704694112,95.9318987090012,129.434545276401,141.528535548552,103.424028084438,30.6059517912566,62.2261656713281,120.666069595902,17.3205531542826,52.3251694017841,52.8542768124832,182.234705607096,164.993297576904,183.611313476562,107.065916994785,122.935020446777,0,189.013501848493,171.02486438286,202.593790227717,131.025117397308,188.005610746496,0,131.794513100072,203.018203735352,198.897377345873,169.753021240234,150.72372118632,197.292529635959,155.763519287109,203.057884216309,193.270992279053,162.715162277222,114.262405395508,184.389988708496,148.81539002098,119.838104248047,202.404355135831,176.646192913964,161.599172304754,191.32426071167,162.179666900635,0,214.856857299805,188.287084579468,179.164225260417
96.3066088358561,124.74732763117,132.971480814616,95.0525779724121,56.0032697933823,16.1684515980487,14.2776489127415,83.5006454930161,33.829985684362,24.1455556867721,87.232610443492,117.802623510361,15.9011620276241,154.404586205116,62.6736125749411,7.64970024804752,129.137588500977,155.547822740343,190.803829193115,168.221813964844,65.4358196692033,141.701316833496,80.0775726818648,127.475839053883,48.0222839149981,145.654112497965,158.427462929174,136.346118598856,77.8619437356597,91.370398731555,91.0316025127064,0,38.8245296059074,100.565845870972,97.1975294294811,0,0,169.883936564128,104.201072692871,0,0,0,153.422790527344,0,65.5295747121175,174.750839233398,0,64.4590034484863,0,197.507781982422,68.9007720947266,0,0,0,195.845565795898,98.7543156941732,0,0,0,137.766549791609,0,207.050918579102,191.221984863281,166.828603108724,0,0,0,0,0,180.825180053711
172.781936645508,73.865469125601,95.1247203711307,40.2092424917503,0,0,196.739143371582,87.2637424468994,158.820370674133,87.0774430411203,122.235262552897,124.186289651053,97.2436752319336,139.17481918335,160.796982505105,129.137588500977,14.4428360796805,103.786791483561,132.799729087136,126.395289829799,0,19.5632472305273,32.5092598017319,19.9349425524726,32.4569273866771,93.6173410415649,112.230239419376,31.8638079864239,28.3223453731904,146.042531967163,88.2193325291509,0,122.432243347168,96.8304527282715,95.5985732593125,0,108.0419921875,107.353358978921,62.2612997207798,0,0,183.112998962402,170.495919121636,170.2336769104,177.449508666992,180.20002746582,156.885375976562,158.629486083984,158.722503662109,0,0,91.5711434186515,137.134642918905,173.406982421875,177.275823419744,0,121.176685479971,63.6507900829973,107.718498240139,130.344895118891,0,143.257253417969,103.85320644156,136.305540466309,191.735122680664,121.620738153872,0,0,0,128.427736663818
98.4286401406313,61.3040513577669,46.3146482931836,76.1428556761334,145.372896047739,202.972183227539,142.56894078612,118.904856243273,127.828787341089,134.401405218876,142.666718018361,50.57836832966,169.60190473284,104.444411977132,115.656838580755,155.547822740343,103.786791483561,12.0221256975109,60.8415704760318,24.3978836429299,177.161721801758,56.9840413828216,76.4810099062712,33.0792374163959,128.668843950544,94.4852235967463,33.533310790619,72.1658205408785,123.50753257644,102.974442399613,73.4577781642825,91.411504473005,118.281350708008,94.2619805246029,40.1763148060541,192.399276733398,99.6134129478818,112.888176641966,109.136444261339,0,0,221.05451965332,173.582015991211,203.83801487514,150.509873390198,197.318120320638,149.873334884644,0,111.651504516602,187.26725769043,0,149.108755028766,126.993465665787,164.42457707723,131.044610023499,204.919403076172,156.337084579468,106.671079809015,143.107465339429,171.058712706274,95.8622843424479,122.470127524668,114.709394942645,175.659159479914,179.848026820592,180.61247253418,175.003616333008,0,199.009426116943,144.021427154541
141.872070040022,75.9991958350466,92.7007007158235,96.0970430256408,0,100.882400512695,156.670009109209,169.823227246602,137.927833746287,145.381330217634,192.446414523655,21.284519934511,172.180139814104,51.1282527947131,126.086187052931,190.803829193115,132.799729087136,60.8415704760318,11.7624774617659,24.6968800829822,171.651880900065,126.211144503425,119.504412676837,117.633805169,163.827388975355,53.7342590283436,39.154740376906,71.8581113012386,160.576198137723,128.011915850493,129.004378509521,51.0679228970151,100.733194986979,121.019698181152,67.8364339230068,183.417770385742,128.916648517955,151.236041259766,88.4459963117327,0,0,0,222.171737670898,0,207.132171630859,0,117.491881900363,0,107.746807155324,208.90017191569,0,177.943962097168,155.12494023641,127.148671401174,130.005572300331,0,186.428276062012,152.157857259115,168.672317504883,207.267517089844,88.7370606908258,125.768293017433,120.014769671714,0,184.125305175781,194.762624104818,120.861771138509,0,245.652145385742,140.547591436477
115.85440284729,64.2656352641219,73.2587893544311,75.1183752233332,160.031756591797,76.5224761962891,157.421751484726,141.062516017513,141.500446631894,137.70306590452,164.467119026184,28.0323428947518,172.93738861084,69.3327095540365,133.331330160965,168.221813964844,126.395289829799,24.3978836429299,24.6968800829822,12.6394022557975,166.522834777832,89.7191228618577,98.6950259267548,77.0932742078861,145.905501133687,58.6450874279072,36.9592130277125,74.7327793299051,139.634826961713,115.254677866691,96.5577495688259,66.7462051284145,112.348414897919,96.8192302096974,43.5193107424846,0,99.7387229332557,122.551703135173,94.509580785578,0,0,246.347915649414,0,225.650227864583,178.014516194661,185.451578776042,142.07595539093,0,112.754973729451,194.355537414551,0,177.961781819661,128.860516866048,133.669877023408,124.966294447581,0,172.270834786551,127.656689610975,161.021449279785,193.486156810414,103.943274180094,117.275503987212,115.153840286596,195.187923855252,187.286678314209,180.611093521118,140.252789815267,0,206.213577270508,130.418103720925
98.8194899125533,0,181.663636949327,73.670643299818,14.6421914372913,134.893441200256,50.4294550931494,110.374360402425,97.8223288908962,51.6717718146568,16.6029086439336,155.009716033936,13.6913152647457,212.377395629883,110.667109727126,65.4358196692033,0,177.161721801758,171.651880900065,166.522834777832,9.35025101110844,180.570159912109,115.448947906494,160.426544189453,16.3430916752134,182.326675415039,181.916859218052,184.877760145399,30.4935652212248,108.732090436128,128.157147127039,205.981414794922,134.810000369423,81.269587296706,100.604587749843,0,0,168.560745239258,88.059741247268,19.0118256864841,0,154.798308236258,132.323337554932,161.594500454989,97.708061726888,150.355266765013,0,10.3345829040063,235.51286315918,193.114364624023,0,0,0,0,0,31.8310940311505,0,142.778823852539,0,103.017176324311,0,0,187.176551818848,153.10258769989,187.300608317057,0,0,0,0,228.952758789062
80.0516714115733,79.74609375,66.886742285883,55.531693734063,107.432965596517,83.5986938476562,117.000974711582,69.841668613737,112.522546621469,102.29236831665,110.505372427042,101.284449786048,100.922802734375,135.497731018066,104.048368966708,141.701316833496,19.5632472305273,56.9840413828216,126.211144503425,89.7191228618577,180.570159912109,14.6870485404384,57.7831980203785,29.0331772367949,18.0370468611602,133.887565612793,115.366721950165,85.4003316193969,28.6006832704611,68.7286521659614,31.9670255476154,134.846420288086,153.965436935425,52.0699065425409,48.8973611525539,160.721176147461,0,137.978778252235,70.5991921346696,0,0,182.343795776367,162.251868384225,186.607073102679,156.953272501628,177.817944335938,0,0,0,168.326050894601,0,107.890105732152,167.614366631759,0,205.149507795061,0,122.640818840901,73.1782990035477,117.243373426131,127.372594384586,0,170.764562753531,136.935517523699,130.906759345013,160.721537503329,127.449474811554,0,0,150.266771952311,140.971446343188
102.770741631003,29.0943217944102,48.8025730880765,27.2369618554812,126.981740315755,100.023788452148,123.420176267624,92.7565893554687,117.441532707214,23.9838186343454,133.342637714587,97.911988735199,70.5336224238078,89.0636879338918,108.761745789472,80.0775726818648,32.5092598017319,76.4810099062712,119.504412676837,98.6950259267548,115.448947906494,57.7831980203785,8.71808201699491,56.1703103817273,30.434006088015,71.2866435506655,97.0570010261974,45.1620164699574,55.6334592798254,88.6521605014801,64.2705563299311,106.559456507365,155.142017364502,66.537969531435,75.5642463793464,195.693862915039,91.3493713378906,108.591264973516,39.6592072298829,0,0,215.633834838867,141.61114654541,201.079104105632,105.810695648193,152.405031840007,0,0,141.990397135417,180.984935760498,0,76.2577601538764,123.931677246094,165.009979248047,154.207910638106,0,86.9656055995396,29.2143142952407,104.353901517564,125.991864318848,155.658096313477,142.943267822266,115.823513498846,150.843464374542,177.975776672363,152.946995544434,165.893447875977,0,146.563034057617,107.573078700474
89.5152748088884,89.3011776606242,33.0724082503215,55.9485686024822,118.635996863956,127.766816946176,116.831641125245,79.1452101330178,116.456561651357,114.227541082046,106.462856013365,94.1799854750044,130.630102975028,111.473818054199,109.30026814597,127.475839053883,19.9349425524726,33.0792374163959,117.633805169,77.0932742078861,160.426544189453,29.0331772367949,56.1703103817273,16.7707110664709,61.9038915074112,170.061668395996,77.8147769953667,48.053917776519,59.9443655318326,104.785700783016,59.6521721379698,131.701755523682,159.079538822174,80.7540783757749,55.6332524238074,167.768000284831,145.940926551819,108.269756273369,71.509176710271,189.463302612305,0,191.682355244954,162.823800745145,178.610628890991,117.933832986014,175.560541364882,172.51091003418,0,175.940704345703,177.068242797852,213.360656738281,106.03502062042,132.20570099063,165.409805297852,159.349969863892,221.281188964844,134.031333025764,82.2237817857149,111.750791802617,143.31402105383,0,145.509238578178,106.641816182213,152.816943716496,169.733041309175,163.187573407147,0,0,153.231298065186,128.913708681049
83.8941975423734,89.6494920365647,112.208482055664,45.921919293052,15.7711581200467,92.8791923522949,79.6160300644748,58.9545588824445,100.344290641168,23.6549872799824,77.9188950581337,153.020058894503,23.4270777888238,138.252315671425,101.423704694112,48.0222839149981,32.4569273866771,128.668843950544,163.827388975355,145.905501133687,16.3430916752134,18.0370468611602,30.434006088015,61.9038915074112,10.352291541129,116.629609913844,134.54192904674,97.3355124763872,17.3461924346651,85.6824442157309,74.00397724994,150.543464660645,138.719370524089,70.4482487912796,92.9579959961182,133.95597577095,136.444492340088,154.469450588884,62.0135023198758,100.175412930383,0,128.570050731209,117.321195778272,140.633902176567,75.9153077468872,120.967282584544,199.29956817627,109.215838260338,177.146598815918,148.29428497142,113.173582597212,77.2121385521359,166.634974553035,220.488851928711,192.830322265625,112.232949616893,127.633371785482,68.7028964814686,136.314619485434,87.8015456575336,160.283630371094,173.279890441895,156.95624267138,115.931610550917,141.714551460452,124.185593936318,0,195.93221282959,128.633489178073,144.802505158541
0,21.4642620917591,163.837036132812,32.9114625120813,0,160.286496480306,111.131309509277,147.622575759888,115.627073499891,103.374098204069,167.783251953125,29.7754034007334,161.637488228934,17.9773676305674,95.9318987090012,145.654112497965,93.6173410415649,94.4852235967463,53.7342590283436,58.6450874279072,182.326675415039,133.887565612793,71.2866435506655,170.061668395996,116.629609913844,9.2902107635511,51.2842304437635,30.0244349753457,135.534903810735,102.262360945992,140.684412002563,50.2142076866299,89.7140367948092,163.07085723877,69.5271715133909,0,75.7907074148005,101.273498535156,32.3236499007689,0,0,0,0,0,158.163103103638,0,83.6518116760254,0,66.5021496261376,0,0,164.454605102539,121.300752162933,86.9033761926599,91.7835781827886,0,153.16446685791,107.678657531738,145.256004333496,181.031539916992,39.0543565258147,83.7412583487374,76.2082507655995,206.805058797201,0,221.193092346191,84.6178415218989,99.9415969848633,138.305931091309,99.7757821083069
122.605828977099,55.085874429526,37.750527056271,64.499443384392,162.695131089952,169.825709751674,154.131203174591,132.928853102405,142.700265337537,132.144456765591,158.297648950057,21.7273883871566,168.839971542358,29.2042270161018,129.434545276401,158.427462929174,112.230239419376,33.533310790619,39.154740376906,36.9592130277125,181.916859218052,115.366721950165,97.0570010261974,77.8147769953667,134.54192904674,51.2842304437635,17.6137537621506,39.8919284105575,132.878970305844,129.885507375252,120.419864823333,26.6321191561054,103.109689009817,126.246460743439,73.0891043120442,196.652481079102,93.8146428328294,115.89058749816,71.5181819765191,0,0,217.171096801758,197.780022361062,215.776524861654,165.093592749702,205.844892229353,111.13006275105,0,98.8704348397911,216.613119125366,0,156.175005340576,120.559495526691,117.686194465274,114.90655591143,0,175.079021877713,119.562075958252,166.923563215468,180.572018327384,79.3172487280835,106.523491678567,105.025748027627,192.687288920085,174.718167114258,177.834233452292,115.701836703116,157.101211547852,178.487190246582,122.986089031513
133.614823444073,31.981382552248,38.8353094514513,40.9975254977659,143.825636291504,135.071678161621,159.983179819953,129.520008776448,147.152292022258,106.776451120889,169.019766982721,69.2858854480109,147.270173611848,33.2034056534698,141.528535548552,136.346118598856,31.8638079864239,72.1658205408785,71.8581113012386,74.7327793299051,184.877760145399,85.4003316193969,45.1620164699574,48.053917776519,97.3355124763872,30.0244349753457,39.8919284105575,17.4555980128022,82.5683135200764,134.212483205613,122.324707564242,20.8909236802638,115.053169956914,123.094736099243,76.7377198108097,164.368533240424,85.4463566290936,99.0090439394458,67.8228483739889,206.597236633301,0,199.398472086589,163.08980652138,187.031428129777,162.155052185059,173.451721191406,114.735585434993,200.270774841309,96.891881083583,183.178865705218,171.530349731445,116.12642840444,115.038733112289,116.820846168362,117.081762497783,150.898742675781,142.321877543132,76.6380623405391,119.930690844992,157.106818098771,75.1954269756602,106.863058785461,99.0084669852357,165.652965545654,183.524647951126,163.018436470417,118.046860279181,0,189.645514268142,115.528008270264
90.4450506782532,107.520937884295,95.6682118605238,57.7830470085676,12.5773725914314,135.806981404622,67.2730039435746,30.5497008806876,93.11000982314,51.071696003229,30.1142838620509,144.223431484758,49.0317584524247,164.943504616066,103.424028084438,77.8619437356597,28.3223453731904,123.50753257644,160.576198137723,139.634826961713,30.4935652212248,28.6006832704611,55.6334592798254,59.9443655318326,17.3461924346651,135.534903810735,132.878970305844,82.5683135200764,11.4773971341135,90.0053757319675,41.2763534407501,167.222446788441,136.835623307662,68.4426624365721,79.5257177119052,141.939453526547,146.963016163219,155.333558724143,76.6612868041358,89.320814605773,0,145.784773476103,124.366608609286,154.694677654066,91.2677057347399,145.83894728247,204.717132568359,89.7875598600541,0,156.242506681983,136.681581497192,107.609714810277,177.199142456055,207.970011393229,208.78172492981,137.031633817233,129.325739118788,73.9039942813553,139.914457415251,107.767691266851,0,176.492169780116,153.64269642193,122.840224626471,149.446077928475,125.782576666938,0,195.712341308594,128.210224498402,145.670155281856
22.101285815832,145.233376502991,130.467044992158,83.6934378668172,97.9201708729244,27.0900143244495,68.619844984327,70.9625380734092,51.4976979929667,84.089553813174,100.275443048047,85.4858188336836,111.567604197703,108.508774849676,30.6059517912566,91.370398731555,146.042531967163,102.974442399613,128.011915850493,115.254677866691,108.732090436128,68.7286521659614,88.6521605014801,104.785700783016,85.6824442157309,102.262360945992,129.885507375252,134.212483205613,90.0053757319675,13.0357759672467,31.1941610162712,123.656873703003,13.5553710354491,18.5377844787065,41.2069952890743,171.164737701416,150.840667724609,175.352028846741,98.7986206311858,139.823049545288,186.609420776367,179.599337064303,157.749287923177,184.915727887835,116.75961932014,178.777039747972,224.13892364502,127.607543945312,178.063973999023,189.525031456581,109.196014404297,136.167689005534,176.177696228027,198.568893432617,199.553746541341,199.076498849051,159.739460536412,92.4917986430819,176.097381591797,140.608052994369,0,171.817963340066,185.831764221191,148.654994493462,166.158219691685,142.634205766158,0,245.914428710938,156.146496963501,175.954219144933
31.5070978332487,113.787257385254,90.8992797628987,66.8308438393692,108.538485717773,124.996003287179,81.5947078657287,24.0019408676558,77.7632917361518,66.6769245823833,68.6996305960196,112.265906385942,143.098593648275,149.987110137939,62.2261656713281,91.0316025127064,88.2193325291509,73.4577781642825,129.004378509521,96.5577495688259,128.157147127039,31.9670255476154,64.2705563299311,59.6521721379698,74.00397724994,140.684412002563,120.419864823333,122.324707564242,41.2763534407501,31.1941610162712,12.2218860051191,160.002559661865,126.332036664409,35.9803125423739,45.4736297075844,145.073534348432,161.184412002563,155.908663210662,76.6684543537644,0,0,155.280834197998,134.618323326111,174.75388163905,89.6583964665731,170.229245867048,249.004196166992,148.838500976562,0,162.831810243668,0,118.450221499881,179.485877403846,213.068992614746,211.862871442522,201.460708618164,129.249188559396,77.141275854278,139.673947024655,120.214805514996,190.055480957031,189.560163057767,156.708531297956,126.249749899868,153.321237321333,128.484852796683,0,0,134.492456012302,148.634820642606
153.960021972656,66.4898961385091,95.9218909523704,78.685428130321,174.877029418945,0,155.228939056396,172.572579956055,117.368983100442,138.560193112022,206.338607788086,29.5065961935076,181.280334472656,13.3950486805605,120.666069595902,0,0,91.411504473005,51.0679228970151,66.7462051284145,205.981414794922,134.846420288086,106.559456507365,131.701755523682,150.543464660645,50.2142076866299,26.6321191561054,20.8909236802638,167.222446788441,123.656873703003,160.002559661865,5.24035326697768,111.563997268677,0,76.6717286543413,0,124.523315429688,170.611724853516,63.35570199149,0,0,0,0,0,169.622848510742,0,116.321474075317,0,96.6442624142295,0,0,0,142.41773223877,114.391560294411,120.008465693547,0,0,155.323684692383,0,0,75.6732709480054,117.994776125307,107.331369537154,0,152.87516784668,0,112.972651163737,0,0,139.149165562221
112.595988464355,105.876594543457,180.477990722656,120.483401489258,123.838793436686,13.0083273626995,22.6393187562073,131.992331748785,24.2698983677325,110.710099653764,138.060767873128,66.4370469661117,122.670640415616,95.332883332905,17.3205531542826,38.8245296059074,122.432243347168,118.281350708008,100.733194986979,112.348414897919,134.810000369423,153.965436935425,155.142017364502,159.079538822174,138.719370524089,89.7140367948092,103.109689009817,115.053169956914,136.835623307662,13.5553710354491,126.332036664409,111.563997268677,6.08628496807618,74.2400979995728,39.2767695263699,0,166.227462768555,0,132.696983337402,0,0,232.208374023438,195.085833740234,226.948211669922,0,0,123.549270629883,152.350357055664,123.374710083008,212.151962280273,0,0,0,0,180.774322509766,0,0,137.989028930664,0,174.334896850586,0,0,151.373816172282,197.278979492187,0,200.975830078125,0,0,0,0
34.2735266035253,124.304534912109,118.811696879069,69.4506335788303,83.0365390777588,80.4462661743164,96.1981788094588,69.4345649247317,76.2923593426695,71.2615766979399,90.8854278115665,92.938646149217,97.1272188822428,136.258107503255,52.3251694017841,100.565845870972,96.8304527282715,94.2619805246029,121.019698181152,96.8192302096974,81.269587296706,52.0699065425409,66.537969531435,80.7540783757749,70.4482487912796,163.07085723877,126.246460743439,123.094736099243,68.4426624365721,18.5377844787065,35.9803125423739,0,74.2400979995728,7.94811101403612,26.9630956672705,146.96460723877,156.276275634766,178.335665893555,83.8045693856699,0,0,151.986442565918,137.875673421224,166.294656606821,98.1494541168213,182.658248901367,0,0,0,161.626273018973,0,115.999703543527,211.972885131836,0,171.545989990234,162.770973205566,128.041641235352,69.7507732936314,170.612492370605,126.277770718661,0,189.359915161133,162.46659381573,129.333916263304,167.081481933594,128.452127729143,0,0,146.721510314941,161.998222351074
83.7900001197461,70.3743830508873,72.1075718737546,78.092783157749,96.7425325354751,41.1714601073154,82.4268527145999,90.6948292874914,67.9782510755023,94.5147679559116,97.1984171538813,29.6351708225749,104.160690044535,65.0130260424986,52.8542768124832,97.1975294294811,95.5985732593125,40.1763148060541,67.8364339230068,43.5193107424846,100.604587749843,48.8973611525539,75.5642463793464,55.6332524238074,92.9579959961182,69.5271715133909,73.0891043120442,76.7377198108097,79.5257177119052,41.2069952890743,45.4736297075844,76.6717286543413,39.2767695263699,26.9630956672705,12.459490372641,163.505411783854,114.135792072003,121.4570227569,96.608089654342,174.645446777344,0,177.333814620972,157.337029320853,184.112040644107,123.723111979167,186.002720424107,182.198295593262,120.996629568247,132.845403459337,176.283637598941,0,128.282153839761,137.567616710924,160.390216827393,142.134165397057,168.597732543945,152.478372244999,93.6074771238177,132.140424520663,137.407715928321,115.207164764404,128.294864732392,121.699798147641,149.747193590343,173.306332906087,143.165505908784,142.493984222412,224.779556274414,147.800411769322,152.2941823213
0,0,169.106311035156,95.6483955383301,163.593948364258,0,179.720157623291,141.660455976214,165.982696533203,95.9289372762044,232.351951599121,0,0,0,182.234705607096,0,0,192.399276733398,183.417770385742,0,0,160.721176147461,195.693862915039,167.768000284831,133.95597577095,0,196.652481079102,164.368533240424,141.939453526547,171.164737701416,145.073534348432,0,0,146.96460723877,163.505411783854,13.8772265533943,129.562758763631,119.857986596914,81.945320720404,92.7366931621845,0,98.9071444791906,25.6058411444493,64.7888292279419,75.659964087869,63.5579953229409,123.569959958394,99.4398536682129,151.58460744222,17.5890917788361,88.6856676737467,107.180092811584,115.258071309044,132.389279085047,125.663812183198,99.2167240489613,93.2538357821378,93.2381321716309,100.970667931341,78.497448692395,151.092247009277,127.746406669904,137.060109038851,83.4676404227014,17.5670259033271,33.7452642052041,153.531112670898,116.75707244873,38.0879572448084,75.1903710999993
0,103.59997177124,81.653864211395,57.0060632324219,0,0,0,161.468147277832,126.114151000977,122.119140625,0,106.08094896589,0,107.769515991211,164.993297576904,0,108.0419921875,99.6134129478818,128.916648517955,99.7387229332557,0,0,91.3493713378906,145.940926551819,136.444492340088,75.7907074148005,93.8146428328294,85.4463566290936,146.963016163219,150.840667724609,161.184412002563,124.523315429688,166.227462768555,156.276275634766,114.135792072003,129.562758763631,8.63892648495698,43.3157065352039,14.1552255367043,0,95.2137298583984,154.438954671224,121.145375061035,163.619748895819,68.0874694701164,121.108043323864,74.8871562060188,0,56.1681294648544,133.158502705892,106.542335510254,76.0932992299398,57.0461388705822,79.1492736816406,63.9771837712392,0,96.1542970339457,21.3088428264238,85.5736447711324,72.084766861296,19.0445199763462,51.0020248341744,30.0877102649396,137.096013069153,139.928755950928,106.917871977154,73.1599849354137,129.441436767578,113.200971984863,58.3616771542929
157.027653285435,82.9318428039551,100.382559529452,69.7019571610439,154.634841918945,0,190.514127878042,167.210079956055,180.133540277896,163.069615083582,172.184579849243,146.083399878608,177.224334716797,145.07317521837,183.611313476562,169.883936564128,107.353358978921,112.888176641966,151.236041259766,122.551703135173,168.560745239258,137.978778252235,108.591264973516,108.269756273369,154.469450588884,101.273498535156,115.89058749816,99.0090439394458,155.333558724143,175.352028846741,155.908663210662,170.611724853516,0,178.335665893555,121.4570227569,119.857986596914,43.3157065352039,14.4520243579251,45.1489874480063,143.116374969482,0,130.330806593181,90.3146382690777,118.268892844141,106.991521081259,99.5249505345477,100.602518015894,125.796355507591,95.4946396656525,113.360236805079,131.597864786784,83.7691246131798,45.2309417148347,96.643440147499,76.0830055337121,138.973165512085,72.0921991394787,50.3176145393576,33.7099268205261,105.917177969949,103.538173675537,35.985267593626,32.4278508928707,80.7117489246785,133.65849962184,89.2914901020926,101.716250564113,155.282899856567,115.957716878255,74.25695117003
