9.83142207791699,0,107.94654453162,99.5899710655212,97.569226582845,75.5167503356934,89.2745620165116,39.4998845902665,58.6521382061576,80.5479324939204,89.1117408119435,125.307716051737,123.121849060059,184.254241943359,24.9419033881216,0,121.964893341064,101.432857621264,144.66178894043,122.464804607889,96.415537516276,80.9033195195573,121.035171508789,93.415581989551,94.2078366401868,0,119.869006867104,137.781657726734,96.125762976489,22.4792021763001,35.4854336119241,0,98.0529556274414,60.3479852676392,84.1881254110763,185.953079223633,0,168.208587646484,115.054945373535,169.047824859619,0,221.425743103027,141.118082046509,177.53254699707,99.6297988891602,181.621383666992,0,0,0,151.840026855469,0,126.796440124512,0,0,232.184494018555,0,163.132843017578,111.068981170654,231.447820027669,143.646981527639,0,197.502082824707,171.564361572266,152.311797704452,165.149286905924,195.051559448242,0,0,0,0
0,9.02486981555317,60.6643631675027,18.393678140231,0,152.06529045105,167.101264953613,243.535980224609,152.108472188314,80.9672956360711,0,62.741784731547,145.745594024658,49.347980716103,133.667249043783,121.845860290527,60.791232363383,58.7648506751427,80.6399039528587,56.711225520359,149.372421264648,118.989758809408,26.2661448773768,90.4509490331014,87.8451473316487,23.006600567507,52.9510163214639,32.6267302733174,112.028032763251,115.037993621826,139.89342212677,65.069340632512,0,107.863306681315,72.9267919288491,0,57.8174342087337,90.9216457548596,46.2335419654846,160.045639038086,0,0,210.732940673828,226.098892211914,0,0,113.169862747192,0,102.87858505249,136.665992736816,0,152.369262695312,100.335853099823,119.198701646593,108.373378132665,0,150.796318054199,83.4001064300537,108.646573384603,213.509719848633,73.7534523010254,96.9502389695909,88.8809320418561,170.74799601237,151.271987915039,0,121.719467163086,0,0,88.4676170349121
107.94654453162,60.6643631675027,17.7087364580887,73.4002397080098,124.926760718936,162.383427937826,128.722659668691,103.925881781877,126.459743406062,119.674524258345,129.328177127432,91.9128425598145,174.152179718018,104.650374412537,120.440682851549,151.097985211541,100.626953540462,46.1935800634114,90.2647850337287,73.7403361798536,143.722857666016,72.5095853392742,59.2275288178749,36.0109566867241,117.95035413138,128.34889793396,38.0673038576691,41.9835413645046,103.563852578622,139.431765987449,97.7490322374991,96.8507559640067,154.473346710205,119.042322598971,70.6883237897839,180.472072601318,80.3597799622186,99.901310255038,92.2271294012302,179.57373046875,0,201.087825428356,172.78860727946,193.830709075928,156.314803600311,178.878925747342,125.588389078776,197.118011474609,154.261917114258,185.032381693522,176.131820678711,118.414919656421,116.599435099355,145.696056365967,135.315860831219,0,160.405212851132,75.8015976891729,124.379281189764,156.038290256407,135.447547912598,112.842819172403,101.363318960339,169.847372478909,176.705316162109,166.662718923468,203.266052246094,0,144.039047241211,117.070068658567
99.5899710655212,18.393678140231,73.4002397080098,21.7007441776843,64.7737190246582,121.907867431641,80.6540323631051,68.3769669076671,98.1831237149526,36.5416527784334,88.527715494137,64.4650877060429,77.7186976114909,55.6137712308676,103.991031438654,95.97973985672,41.4549607300177,86.1757672765981,86.6502660554031,76.0243780045282,86.2718353271484,65.4232802911617,22.3616627109185,65.3103642226956,46.0142125434886,36.0266109103401,64.4136997351125,41.7607668025054,59.4877945909795,87.5244867743515,64.1583621070499,71.7156740824382,119.210897445679,70.9974589929348,77.3826060984869,81.9589939117432,28.2517785827319,104.111619687548,27.9746982684502,85.5092163085938,0,119.636402893066,87.7024482278263,133.635646820068,10.5784953440596,126.560397338867,122.380803426107,135.755882263184,82.6258862813314,114.317798614502,155.145843505859,90.1928578129521,103.937187194824,0,112.799696445465,185.41242980957,98.8338562011719,69.7904184710595,93.8114121300834,64.0718342607672,31.389502843221,95.226312716802,76.6032079672714,95.7591650160096,107.086388015747,75.2428590138753,100.666819254557,0,0,134.236353193011
97.569226582845,0,124.926760718936,64.7737190246582,11.4062715331213,107.43304901123,71.0637968438012,81.4359415404651,104.829611387184,48.8987422127322,25.0610352559376,164.43674621582,30.822628070858,0,112.887077067633,62.3887811495563,0,145.394868330522,0,186.147177124023,15.5944901331715,117.688896766076,77.1373962402344,124.908969994747,17.362146821284,0,154.036336626325,154.682586669922,19.8632407422283,101.924742421796,96.8339088115286,187.337493896484,141.591271209717,87.9609183311462,101.015854806611,0,0,181.482513427734,71.3318883013982,22.4285403108102,0,146.682374742296,140.665205441988,145.287902600837,78.821414725725,147.586993628952,0,37.5777132853385,0,196.915441659781,107.936038425991,0,0,0,0,27.9797270432163,219.815093994141,0,183.587387084961,104.583469002443,0,0,178.073764801025,109.684928865856,165.192186991374,185.301300048828,0,0,0,176.082000732422
75.5167503356934,152.06529045105,162.383427937826,121.907867431641,107.43304901123,8.17589195737007,13.2647304645294,120.143369992574,19.4489573713956,66.1080542276072,129.376887234775,63.47637349909,99.5323862146448,115.450055440267,54.6265445674231,17.5281483210726,0,186.930725097656,86.4430046081543,184.875816345215,104.656903948103,154.155029296875,113.201071519118,162.347560882568,89.2470656730033,132.433573404948,156.164228820801,153.118341936384,130.658655090332,26.2828920909337,136.239349365234,121.308120727539,13.52113178803,145.442576090495,39.1868581331693,0,0,0,0,0,0,0,166.358474731445,227.791091918945,0,0,0,0,0,0,0,0,0,0,219.667098999023,0,0,0,0,169.061510721842,0,0,0,194.206119537354,0,0,0,0,0,0
89.2745620165116,167.101264953613,128.722659668691,80.6540323631051,71.0637968438012,13.2647304645294,12.4107089573319,65.9920948933595,18.5118171408451,75.5196016224381,42.8642749158746,97.3675979244098,33.1084495417521,130.609754774306,68.918817123147,16.5438354916604,164.629973275321,141.077094084641,163.490068985244,161.416045604033,64.0436728188161,117.168992809221,127.271611213684,120.5645649955,81.9254793639577,148.247513907296,155.473186280992,159.884182260997,69.5950411301047,87.7481720832444,85.3073327621358,133.188027381897,20.9841842662549,101.999990463257,92.3970611173343,205.224376678467,243.387451171875,195.179546580595,107.407557932536,157.388513004079,0,168.190977013629,154.33762105306,171.786948265967,116.226061327704,167.397173267521,0,112.981215943681,0,194.19944099758,183.147654215495,184.837729317801,216.719024658203,0,0,149.679787083676,208.959644317627,177.400726318359,217.331820170085,138.919979927388,0,213.077183314732,192.9916952224,159.38088608839,189.427526658581,183.619253976004,0,0,169.015563964844,184.276460435655
39.4998845902665,243.535980224609,103.925881781877,68.3769669076671,81.4359415404651,120.143369992574,65.9920948933595,13.4704185764142,64.8302108494937,62.9517479653054,31.6682443627857,153.32045396169,118.031289728194,181.18041229248,50.6028112499735,89.0276995990293,99.5399291298606,124.385468697337,169.823836227943,154.572238427082,112.542522361062,74.6821943256818,104.401593526204,85.884517506289,62.962112760182,181.215367635091,144.451415993951,131.314714392026,37.9413802849719,85.0313348356635,27.7162431534866,180.631510416667,134.953056335449,79.6880216697645,94.2714148820565,153.580989837646,216.702346801758,177.607125663757,88.9460869337383,149.185443878174,0,157.114841314463,140.907244328852,161.618915894452,105.08862347073,162.720879981631,206.664207458496,138.030757631574,0,172.82658236144,0,163.107055664062,198.571850367955,0,223.290954589844,157.773155212402,164.253518240792,146.996463775635,178.123127585963,124.111337749628,0,197.275187174479,169.423940162136,140.099237203319,166.258824847993,155.518379067475,0,0,151.790237426758,163.497313412753
58.6521382061576,152.108472188314,126.459743406062,98.1831237149526,104.829611387184,19.4489573713956,18.5118171408451,64.8302108494937,10.70600870919,96.155367291492,43.9661084694422,76.4716022437619,90.5172872205373,101.015911265782,22.1793807496565,41.1489718547419,159.960158665975,127.694366327354,136.580087456336,143.313686568502,102.530234637561,108.316902705601,157.819378662109,115.565664969483,104.814922137999,88.6599240984235,140.564520325532,152.100103912746,102.216614551151,49.4359495721419,76.772732502389,120.552411247702,19.0864744722709,102.318583382501,70.9939009196268,189.03288269043,0,189.617931365967,113.167402414175,158.846015236594,0,175.150315284729,165.807719837536,178.86372756958,133.615866394043,181.292579650879,0,130.408659362793,131.277577718099,205.04776763916,161.258323669434,173.257088797433,217.918948364258,183.714940388997,195.240509033203,182.521514892578,198.415996006557,167.336443120783,199.993870326451,151.752921969734,0,209.794486999512,184.370573425293,169.129074046486,194.205638056216,193.691365859088,0,0,204.004837036133,187.458272298177
80.5479324939204,80.9672956360711,119.674524258345,36.5416527784334,48.8987422127322,66.1080542276072,75.5196016224381,62.9517479653054,96.155367291492,8.07872073872317,79.5869789590369,121.622885764913,21.0539909393068,116.438550444674,100.383681845158,22.6054871202225,89.93818359375,126.047723283955,154.378305223253,135.148454393659,21.7921766005186,96.6564755526456,24.2851466591145,112.910963434569,23.7899344548177,102.838543288152,129.985159241327,106.042647227857,56.5031581700467,88.9990872542063,67.097516869717,135.058970981174,112.857465744019,71.2123610059792,94.557196762085,152.530963897705,108.410749435425,168.843600802951,28.7121742876565,88.6881971474154,0,109.173844557542,121.391041346959,113.439183807373,34.3550847946329,109.767390896815,174.033515930176,86.4430045586128,168.600296020508,146.398937988281,75.2146680196126,108.552346365792,171.374598185221,224.269355773926,199.146759033203,93.8294071870692,159.586232503255,121.751935577393,162.685863071018,71.3257238136954,145.370040893555,177.716809889849,171.480359041238,103.597088602216,151.787851333618,132.629562922886,199.527267456055,0,61.035099029541,173.569402058919
89.1117408119435,0,129.328177127432,88.527715494137,25.0610352559376,129.376887234775,42.8642749158746,31.6682443627857,43.9661084694422,79.5869789590369,17.5778896326039,154.924715130828,26.7365113249394,188.366775512695,89.9518189499231,94.8637517698252,146.907585144043,152.133977369829,185.017329463252,181.651077787755,21.2673212106357,123.683764117105,120.476242514218,116.647302701533,82.8540411258148,162.752822875977,169.704019810126,173.9276612854,43.0775684099924,106.258555210047,103.419545637693,200.122616577148,139.351740503007,102.90041345244,104.69065121925,169.5013671875,0,188.388222830636,97.0087224056846,98.1159876442307,0,168.859126878821,155.208982837734,173.659439682961,98.9874649566858,171.057397873116,226.047470092773,132.415077501307,0,196.800324212937,147.721842193604,190.859518432617,217.468235015869,0,0,163.555690150107,205.946517944336,174.959950764974,212.541994094849,128.204356134001,0,222.987525939941,199.237567138672,161.365189882309,193.366127803408,174.942028808594,0,230.18970489502,170.373672485352,198.955503845215
125.307716051737,62.741784731547,91.9128425598145,64.4650877060429,164.43674621582,63.47637349909,97.3675979244098,153.32045396169,76.4716022437619,121.622885764913,154.924715130828,12.4966493591819,142.337587756875,30.5880401601554,81.9302079951258,155.612935066223,118.408957890102,58.168466369311,20.8546647674481,28.0582626071225,153.006455103556,102.084223467894,89.4253570754807,99.5395211676286,149.279057127057,29.4285525006521,26.9193744543761,60.4694735285906,155.311576639811,72.7791921935106,131.156939506531,37.4497375320337,62.3407715751689,94.885242951222,27.1145167208859,0,127.429947747125,135.972403390067,110.264941533407,0,0,176.264007568359,216.123413085938,237.386428833008,201.534362792969,0,95.4050777269446,143.532928466797,86.1814810579473,209.846644083659,0,0,131.713207244873,106.684484594008,125.315784085181,0,0,122.31957244873,170.789951324463,202.593523108441,69.9430881593286,113.067318544549,104.127440979004,219.426485334124,157.456996917725,0,103.460103815252,0,0,89.3846588134766
123.121849060059,145.745594024658,174.152179718018,77.7186976114909,30.822628070858,99.5323862146448,33.1084495417521,118.031289728194,90.5172872205373,21.0539909393068,26.7365113249394,142.337587756875,11.2389022507612,163.710709791917,110.827045715112,18.2721801510966,0,194.898298899333,169.558928171794,182.073848724365,16.6156631511592,154.233906337193,74.9145288467407,176.047929171858,21.6587810162765,180.846633911133,182.247059631348,174.870917320251,54.25110049067,109.111930206231,153.167155097513,194.465701293945,124.522153345744,115.642447731712,111.379245018959,143.684707641602,0,225.684951782227,92.5063826912328,55.9222167234243,0,74.0526054834915,173.997543334961,120.873670154148,92.0712675797312,72.9252067841824,161.943256378174,15.8684445913908,0,146.854817390442,78.1056753794352,0,0,0,0,23.0161061514243,0,0,0,122.434861943963,0,0,218.548866271973,122.653044028904,126.953808784485,0,0,171.344848632812,0,152.659156799316
184.254241943359,49.347980716103,104.650374412537,55.6137712308676,0,115.450055440267,130.609754774306,181.18041229248,101.015911265782,116.438550444674,188.366775512695,30.5880401601554,163.710709791917,7.49908613527022,111.048985163371,154.096215565999,134.589935302734,107.916831970215,56.1933478912544,77.5385662078857,170.579223632812,151.277099609375,82.6198699084494,157.047187805176,137.462162802405,19.1521695976659,31.0584933557634,35.8052473687467,171.265313720703,108.325537029066,152.112670898438,16.8185144757496,94.7991021963266,146.358867645264,67.5557953970773,0,103.510400038499,135.304702758789,66.4867005348206,0,0,223.141052246094,0,0,174.025238037109,0,94.9228537222918,0,82.9836076831611,161.604598999023,0,0,143.732780456543,103.928357719195,113.338065011161,0,0,118.681022644043,148.190963745117,226.622802734375,67.5078597555355,100.31604411093,93.2221845501132,0,160.426212310791,163.578338623047,102.298555707932,128.744537353516,0,110.318061828613
24.9419033881216,133.667249043783,120.440682851549,103.991031438654,112.887077067633,54.6265445674231,68.918817123147,50.6028112499735,22.1793807496565,100.383681845158,89.9518189499231,81.9302079951258,110.827045715112,111.048985163371,11.7644894765024,87.6667998538298,146.082823533278,118.860026741253,134.214145828079,136.555151066058,113.966284519371,100.781025532449,123.472119499655,111.853853301179,108.380314460989,118.963860405816,136.817183154104,148.40220935245,110.560936819708,36.4426104808093,64.9207142150857,122.106167384556,15.461272746976,69.3543956407154,69.7594912464907,182.139743804932,148.503849029541,189.498050265842,115.720990862165,161.671238369412,0,185.557227394798,172.223774754724,193.311293538411,144.694682227241,189.285919189453,0,137.923645973206,195.226921081543,198.065160650956,194.959849039714,162.66199798584,203.375335693359,243.792694091797,195.658808390299,209.400524139404,175.253398895264,180.856993538993,191.286424763997,158.458271167896,147.917419433594,190.198403494699,185.652389922699,171.719266507572,194.252875976563,184.179678054083,0,233.191589355469,162.914489746094,181.743019104004
0,121.845860290527,151.097985211541,95.97973985672,62.3887811495563,17.5281483210726,16.5438354916604,89.0276995990293,41.1489718547419,22.6054871202225,94.8637517698252,155.612935066223,18.2721801510966,154.096215565999,87.6667998538298,7.82591343757403,119.89199701945,162.760215065696,176.423065185547,166.400897555881,62.6074931768723,134.072711181641,79.5137924080464,133.169514824362,47.1145603516523,142.258629554926,160.532932553973,137.556843851949,84.8533895600517,83.4439451134723,114.153214045933,225.180541992188,42.2029034587315,107.780612598766,109.197633592706,0,179.565200805664,162.558837890625,76.4886417388916,99.0774307250977,0,191.779884338379,174.414596557617,176.041015625,72.6045303344727,156.132942199707,0,83.5807062784831,0,164.510139465332,62.661262512207,0,222.440521240234,0,236.339050292969,104.054962158203,142.387069702148,205.170878092448,0,116.909099578857,0,0,171.79345703125,157.306999206543,0,0,0,0,0,0
121.964893341064,60.791232363383,100.626953540462,41.4549607300177,0,0,164.629973275321,99.5399291298606,159.960158665975,89.93818359375,146.907585144043,118.408957890102,0,134.589935302734,146.082823533278,119.89199701945,13.8296279057033,108.047352405305,147.428337732951,125.216427223355,0,22.1283610766497,30.5732807819263,22.8367681515067,42.4432752695428,112.743793487549,110.377780914307,34.5012027643143,37.8600470920981,115.894009287764,83.9637094966152,0,0,86.5231136745877,89.56694807743,143.187648773193,119.50905418396,112.608794539447,54.6367604122313,0,0,195.926386515299,161.479757226032,183.406225840251,140.008846282959,167.574998474121,0,0,0,167.653366088867,155.986999511719,90.6328625912587,156.707269148393,181.87109375,176.758187033913,0,119.263390401928,56.1143703792184,110.028421048658,117.975551503949,0,165.3223261152,105.767664568299,135.385994969951,176.104431152344,124.984890922171,0,0,128.479160308838,129.253180803571
101.432857621264,58.7648506751427,46.1935800634114,86.1757672765981,145.394868330522,186.930725097656,141.077094084641,124.385468697337,127.694366327354,126.047723283955,152.133977369829,58.168466369311,194.898298899333,107.916831970215,118.860026741253,162.760215065696,108.047352405305,12.5718500166099,56.2100017846349,24.4351946959315,172.779841105143,58.4307446969564,91.2924006683658,40.5367786897414,133.038764240766,94.9044545491536,32.7557114388422,72.6629300151494,124.659113490304,108.188885232677,80.3202289973988,108.446129935128,159.392732892718,97.3344580440198,36.4781990396442,0,93.4991390622895,122.227627538186,114.232413963035,0,0,213.804962158203,199.944915771484,205.646070040189,156.466938442654,197.140014648438,125.900741577148,0,155.891937255859,187.649758911133,0,154.278722229004,131.307384442679,127.753053029378,144.718724352248,0,175.47057723999,101.988201141357,147.372822086986,174.623771811431,128.45015335083,121.680464563291,119.934898108767,182.43723449707,196.513682047526,190.426800537109,0,0,233.197982788086,144.81374007005
144.66178894043,80.6399039528587,90.2647850337287,86.6502660554031,0,86.4430046081543,163.490068985244,169.823836227943,136.580087456336,154.378305223253,185.017329463252,20.8546647674481,169.558928171794,56.1933478912544,134.214145828079,176.423065185547,147.428337732951,56.2100017846349,8.89481461241643,22.3103412610628,179.426391601562,119.967662811279,115.633790475351,113.986281275749,177.157248497009,59.1942990000655,39.5043857303701,74.0321949125469,168.283801028603,116.161623847676,139.652613206343,54.3483078860165,107.989687532992,130.924655066596,66.0687038955688,246.955993652344,107.779002380371,154.422570800781,96.3194229125977,0,0,0,233.079986572266,232.990631103516,198.132232666016,0,115.035718100412,0,107.580748924842,0,0,0,165.118974685669,123.60805872867,137.044997475364,0,172.673522949219,171.750712076823,169.986480712891,239.025691986084,82.9668547085353,126.709347788493,117.240900077072,226.012413024902,0,180.50439453125,120.387231009347,0,0,139.134372711182
122.464804607889,56.711225520359,73.7403361798536,76.0243780045282,186.147177124023,184.875816345215,161.416045604033,154.572238427082,143.313686568502,135.148454393659,181.651077787755,28.0582626071225,182.073848724365,77.5385662078857,136.555151066058,166.400897555881,125.216427223355,24.4351946959315,22.3103412610628,12.4770935370196,184.467681884766,87.2893757865833,98.1293647263076,87.2398808237468,146.664437182842,56.7497440929144,29.255973695268,74.0293555098788,144.454299570244,114.965325509659,105.555321767821,71.0986676897321,111.465342203776,95.3322016862187,39.6257799737425,188.752822875977,95.8103071513929,129.533159414927,100.447977701823,241.718338012695,0,0,226.637145996094,218.052314758301,187.647549438477,221.678207397461,130.906088511149,0,114.853180829216,0,196.487243652344,169.930675506592,134.863246047706,128.501467386882,123.565672319014,0,161.697952270508,123.866578238351,152.290490892198,186.325110626221,71.3647468566895,115.354704555077,113.242693788092,199.354167737459,0,178.41340637207,148.765441894531,0,0,138.986252524636
96.415537516276,149.372421264648,143.722857666016,86.2718353271484,15.5944901331715,104.656903948103,64.0436728188161,112.542522361062,102.530234637561,21.7921766005186,21.2673212106357,153.006455103556,16.6156631511592,170.579223632812,113.966284519371,62.6074931768723,0,172.779841105143,179.426391601562,184.467681884766,8.10022190121489,173.436159769694,76.8953323364258,128.14351771428,16.0901994077487,205.703903198242,184.356455485026,172.448303916238,34.0296538677988,109.352809888823,130.861665271577,0,139.803856589577,99.4486923217773,108.329773672696,200.312194824219,0,0,87.6673071934627,30.1276759963769,0,157.490178108215,168.585158348083,157.758354880593,100.90841454726,164.506271797678,0,13.1142654300984,0,209.103408813477,0,0,0,0,223.567794799805,122.861600766863,0,156.833602905273,0,114.614630338308,0,0,204.297424316406,157.705240757094,184.434383392334,175.769989013672,0,0,0,0
80.9033195195573,118.989758809408,72.5095853392742,65.4232802911617,117.688896766076,154.155029296875,117.168992809221,74.6821943256818,108.316902705601,96.6564755526456,123.683764117105,102.084223467894,154.233906337193,151.277099609375,100.781025532449,134.072711181641,22.1283610766497,58.4307446969564,119.967662811279,87.2893757865833,173.436159769694,14.6043031974742,62.6313875293732,31.647989044686,65.5109309648213,124.441688537598,111.603644607414,87.2906282807722,35.5780794274965,74.3378538260689,31.9300225546559,0,156.679426405165,48.7930006482186,49.7364348578763,134.360870361328,105.203945159912,142.881538152695,84.0616601732042,0,0,183.013900756836,157.467537879944,199.929889678955,124.284369659424,184.243862575955,217.814849853516,225.114334106445,0,184.831836700439,0,118.476174778408,173.203504943848,0,176.514915466309,193.813858032227,131.128085508185,92.0031155034115,131.994859717874,127.623110515315,0,193.141543579102,144.576579623752,141.856157509385,178.421481861788,133.094925962848,0,0,127.417375837054,145.13949726246
121.035171508789,26.2661448773768,59.2275288178749,22.3616627109185,77.1373962402344,113.201071519118,127.271611213684,104.401593526204,157.819378662109,24.2851466591145,120.476242514218,89.4253570754807,74.9145288467407,82.6198699084494,123.472119499655,79.5137924080464,30.5732807819263,91.2924006683658,115.633790475351,98.1293647263076,76.8953323364258,62.6313875293732,8.84515856228681,59.5730096608325,33.5498784893537,71.4305215068138,94.1453314337112,41.8478193153843,64.7486617921595,96.841365814209,68.2280050400765,104.946995735168,0,85.1144747052874,82.2638315434078,177.273376464844,80.6774756113688,88.9607210992609,44.9812211354574,0,0,0,152.372315979004,150.203545888265,0,147.949310302734,149.26905670166,0,122.981377410889,137.159824371338,0,79.6425792421613,115.456803894043,248.012939453125,134.98215230306,0,90.0297935009003,21.0813946286837,99.3634285150572,114.74012014601,131.704859924316,132.700149890988,94.1115452491197,131.995480072804,170.931086222331,124.004974365234,167.808563232422,0,121.612586975098,117.713577270508
93.415581989551,90.4509490331014,36.0109566867241,65.3103642226956,124.908969994747,162.347560882568,120.5645649955,85.884517506289,115.565664969483,112.910963434569,116.647302701533,99.5395211676286,176.047929171858,157.047187805176,111.853853301179,133.169514824362,22.8367681515067,40.5367786897414,113.986281275749,87.2398808237468,128.14351771428,31.647989044686,59.5730096608325,18.4231939472905,88.9651036564897,130.018966674805,79.774614483224,48.1893550128217,63.5816951461427,106.676820444914,62.2889933536696,156.296259562174,171.147809196921,48.3003246271549,57.1504286085488,179.122528076172,134.985237121582,111.106270548834,70.2833650627552,187.298622131348,0,209.764828152127,171.059486095722,188.174323448768,161.739724900987,188.115840102687,177.145959036691,186.622982025146,0,184.509979834923,0,107.375207213278,144.820732302782,191.411880493164,162.864701010964,224.06266784668,137.960182726683,74.7364530694896,118.701348820727,149.438787976151,153.793426513672,147.030496627565,109.176492995061,160.350546405429,185.902351379395,160.760623144725,0,0,170.885880788167,142.579074022247
94.2078366401868,87.8451473316487,117.95035413138,46.0142125434886,17.362146821284,89.2470656730033,81.9254793639577,62.962112760182,104.814922137999,23.7899344548177,82.8540411258148,149.279057127057,21.6587810162765,137.462162802405,108.380314460989,47.1145603516523,42.4432752695428,133.038764240766,177.157248497009,146.664437182842,16.0901994077487,65.5109309648213,33.5498784893537,88.9651036564897,12.1739694193714,119.556370782233,135.583728903816,97.1447415802402,24.2265613346311,95.3076455758997,78.7674674297048,160.915351867676,135.096902211507,79.134855183552,97.4584701261788,143.025626500448,135.377717590332,158.78884484633,62.9553672305999,88.0844472941388,0,132.687736874535,123.106926999773,145.234269538293,69.5703641455676,130.070132178034,206.641619595614,95.6354385127827,0,163.007095142535,114.699243545532,115.056416704061,176.636015050551,196.602325439453,196.005530617454,121.469848706884,132.145018814394,96.7789444263165,145.783109797988,104.477814859725,164.667663574219,177.947599668761,160.497429044228,122.035653281719,150.129578308105,131.904645969805,206.391204833984,183.460372924805,135.233444061279,145.907533812291
0,23.006600567507,128.34889793396,36.0266109103401,0,132.433573404948,148.247513907296,181.215367635091,88.6599240984235,102.838543288152,162.752822875977,29.4285525006521,180.846633911133,19.1521695976659,118.963860405816,142.258629554926,112.743793487549,94.9044545491536,59.1942990000655,56.7497440929144,205.703903198242,124.441688537598,71.4305215068138,130.018966674805,119.556370782233,11.6906481920758,48.1788066467782,29.8767823871108,154.111660639445,104.084016799927,159.6237449646,48.0218134154817,121.227731704712,164.091918945312,67.5916895119541,0,98.7979806753305,128.38697052002,52.0795741399129,0,0,0,0,157.254089355469,0,0,84.1637374476383,0,69.2227606211744,240.640930175781,0,124.969688415527,114.719737052917,88.0452270144508,100.401831234203,229.144348144531,160.588439941406,130.221487426758,153.305225372314,200.344467163086,48.0955333306045,84.077426453815,76.5965157678038,0,162.906757354736,168.359069824219,88.231460525876,121.991432189941,0,88.8695635114397
119.869006867104,52.9510163214639,38.0673038576691,64.4136997351125,154.036336626325,156.164228820801,155.473186280992,144.451415993951,140.564520325532,129.985159241327,169.704019810126,26.9193744543761,182.247059631348,31.0584933557634,136.817183154104,160.532932553973,110.377780914307,32.7557114388422,39.5043857303701,29.255973695268,184.356455485026,111.603644607414,94.1453314337112,79.774614483224,135.583728903816,48.1788066467782,16.7190744304834,35.4756617348956,139.913918189632,114.251375989662,124.954767781792,26.1055824060953,109.375304844068,127.507939374005,60.7312843013859,195.00341796875,87.0822819752298,115.408499789076,78.190315298132,0,0,247.708602905273,197.751541137695,219.580974578857,162.862983703613,212.532159423828,111.747016327291,191.672576904297,98.4267274675326,188.173138786765,187.096885681152,176.882738385882,121.061072343233,115.427348234216,113.537068257034,0,177.144700368245,123.90915888006,161.623782779859,199.546974464699,74.8319397684353,106.237440900761,101.065312660565,195.857793807983,176.878744858962,184.945457907284,115.518180847168,0,228.083938598633,125.77196239603
137.781657726734,32.6267302733174,41.9835413645046,41.7607668025054,154.682586669922,153.118341936384,159.884182260997,131.314714392026,152.100103912746,106.042647227857,173.9276612854,60.4694735285906,174.870917320251,35.8052473687467,148.40220935245,137.556843851949,34.5012027643143,72.6629300151494,74.0321949125469,74.0293555098788,172.448303916238,87.2906282807722,41.8478193153843,48.1893550128217,97.1447415802402,29.8767823871108,35.4756617348956,17.3311965534157,90.0389199918917,136.212578224809,128.178582241111,27.4498889771893,125.409963183933,127.141200951168,74.7834264702935,171.093275705973,77.0560140050361,99.5283727789108,66.5337476583124,178.558416748047,239.885101318359,197.120687484741,177.757529852525,188.455285996657,154.815802528745,184.79659975492,114.930667947192,214.350402832031,98.7939924261424,189.930687720623,190.947387695312,116.360059056347,116.303069897694,120.394670761272,118.839447140178,172.95824432373,156.560083661761,74.4770669655606,121.66016770008,162.787459309896,78.2574480505719,107.766143915507,99.6211634996029,174.709357582479,187.245425348697,166.580089715811,116.166649411759,228.532928466797,169.035317160866,119.277776402198
96.125762976489,112.028032763251,103.563852578622,59.4877945909795,19.8632407422283,130.658655090332,69.5950411301047,37.9413802849719,102.216614551151,56.5031581700467,43.0775684099924,155.311576639811,54.25110049067,171.265313720703,110.560936819708,84.8533895600517,37.8600470920981,124.659113490304,168.283801028603,144.454299570244,34.0296538677988,35.5780794274965,64.7486617921595,63.5816951461427,24.2265613346311,154.111660639445,139.913918189632,90.0389199918917,13.8666332722685,98.3069946341134,46.7242465463024,175.875915527344,147.02353872904,76.8553592621743,78.7800366967934,144.794735499791,151.105686732701,160.934359995524,82.3095037099477,54.8078572460339,0,156.794382066583,133.785875201225,156.564364661089,96.0959022234071,158.545718969888,214.88354695638,89.8713863017681,0,170.107153930664,139.721514565604,121.892869587602,179.359855106899,230.417358398438,205.261176369407,151.248935041756,136.972765500143,105.86421429178,152.93087893755,117.193628792552,193.859298706055,195.204601121985,161.884999152153,135.917264639945,157.616254057203,134.850493530867,0,197.29633585612,140.135108735826,153.548510998751
22.4792021763001,115.037993621826,139.431765987449,87.5244867743515,101.924742421796,26.2828920909337,87.7481720832444,85.0313348356635,49.4359495721419,88.9990872542063,106.258555210047,72.7791921935106,109.111930206231,108.325537029066,36.4426104808093,83.4439451134723,115.894009287764,108.188885232677,116.161623847676,114.965325509659,109.352809888823,74.3378538260689,96.841365814209,106.676820444914,95.3076455758997,104.084016799927,114.251375989662,136.212578224809,98.3069946341134,14.5888518346839,35.3437032986622,104.86481306288,14.9619393169126,22.1070049122067,44.3028832230484,170.479231262207,184.824453735352,194.762921651204,109.582604617607,180.807305526733,0,179.609752655029,162.831495342833,191.153025436401,142.646719614665,195.645439317491,229.408210754395,139.751330982555,0,203.468118395124,0,136.1690621627,210.927928924561,0,202.862281799316,198.529652913411,154.258516260096,191.284530639648,169.545232137044,147.800861038324,112.177337646484,177.49925910102,188.423863274711,156.095150881508,182.605949401855,162.847635988329,0,243.637588500977,152.778794028542,175.146689944797
35.4854336119241,139.89342212677,97.7490322374991,64.1583621070499,96.8339088115286,136.239349365234,85.3073327621358,27.7162431534866,76.772732502389,67.097516869717,103.419545637693,131.156939506531,153.167155097513,152.112670898438,64.9207142150857,114.153214045933,83.9637094966152,80.3202289973988,139.652613206343,105.555321767821,130.861665271577,31.9300225546559,68.2280050400765,62.2889933536696,78.7674674297048,159.6237449646,124.954767781792,128.178582241111,46.7242465463024,35.3437032986622,12.7345481992559,0,126.366574242001,43.0276900297686,45.9265694900016,150.633836534288,193.059097290039,173.032005711606,84.8185490149039,156.372734069824,0,203.009382459852,140.538854267286,166.098139626639,100.417272461785,182.464266690341,213.628662109375,191.521408081055,0,170.128453803785,204.251190185547,118.196006667446,189.385922749837,0,203.421127319336,0,133.608298105736,103.732216491699,141.039959643261,125.096522621486,0,201.742645263672,171.038871083941,136.224607347254,153.058612454322,140.010174955641,0,0,138.117437635149,148.701466307348
0,65.069340632512,96.8507559640067,71.7156740824382,187.337493896484,121.308120727539,133.188027381897,180.631510416667,120.552411247702,135.058970981174,200.122616577148,37.4497375320337,194.465701293945,16.8185144757496,122.106167384556,225.180541992188,0,108.446129935128,54.3483078860165,71.0986676897321,0,0,104.946995735168,156.296259562174,160.915351867676,48.0218134154817,26.1055824060953,27.4498889771893,175.875915527344,104.86481306288,0,6.92802184510697,110.746994972229,0,73.0274593830109,0,154.74821472168,0,59.3347501754761,0,0,0,0,174.884872436523,0,0,110.124801090785,0,97.8017987060547,0,0,0,184.532852172852,118.662885983785,143.580361684163,0,0,165.886299133301,0,232.164321899414,80.0593002582418,113.518048604329,107.761876829378,0,0,0,115.015804806271,0,0,151.279207865397
98.0529556274414,0,154.473346710205,119.210897445679,141.591271209717,13.52113178803,20.9841842662549,134.953056335449,19.0864744722709,112.857465744019,139.351740503007,62.3407715751689,124.522153345744,94.7991021963266,15.461272746976,42.2029034587315,0,159.392732892718,107.989687532992,111.465342203776,139.803856589577,156.679426405165,0,171.147809196921,135.096902211507,121.227731704712,109.375304844068,125.409963183933,147.02353872904,14.9619393169126,126.366574242001,110.746994972229,5.91458013023946,102.644017537435,39.7042438778338,0,0,0,132.357528686523,0,0,0,197.142883300781,0,194.132186889648,0,0,142.552257537842,0,0,0,0,0,0,0,0,0,0,0,184.408102671305,0,0,175.244918823242,198.889369291418,218.287933349609,0,0,0,0,0
60.3479852676392,107.863306681315,119.042322598971,70.9974589929348,87.9609183311462,145.442576090495,101.999990463257,79.6880216697645,102.318583382501,71.2123610059792,102.90041345244,94.885242951222,115.642447731712,146.358867645264,69.3543956407154,107.780612598766,86.5231136745877,97.3344580440198,130.924655066596,95.3322016862187,99.4486923217773,48.7930006482186,85.1144747052874,48.3003246271549,79.134855183552,164.091918945312,127.507939374005,127.141200951168,76.8553592621743,22.1070049122067,43.0276900297686,0,102.644017537435,7.89169239748164,32.2398119216889,146.629981994629,0,162.550064086914,89.5523254394531,135.149318695068,0,173.374794006348,143.816334373073,181.156032215465,118.582237243652,182.359415054321,0,0,0,163.03324508667,0,120.140364074707,0,0,202.089698791504,0,128.584654671805,136.629318237305,164.215881347656,131.43295157828,0,217.930328369141,175.600011189779,143.078918965658,156.118198394775,157.712117671967,0,0,154.06195195516,163.198188781738
84.1881254110763,72.9267919288491,70.6883237897839,77.3826060984869,101.015854806611,39.1868581331693,92.3970611173343,94.2714148820565,70.9939009196268,94.557196762085,104.69065121925,27.1145167208859,111.379245018959,67.5557953970773,69.7594912464907,109.197633592706,89.56694807743,36.4781990396442,66.0687038955688,39.6257799737425,108.329773672696,49.7364348578763,82.2638315434078,57.1504286085488,97.4584701261788,67.5916895119541,60.7312843013859,74.7834264702935,78.7800366967934,44.3028832230484,45.9265694900016,73.0274593830109,39.7042438778338,32.2398119216889,11.8950710246337,205.489547729492,106.293606382428,123.138139123315,93.478484026591,134.607107162476,0,190.188000996908,165.109652983837,189.364936828613,110.658139122857,201.234613591974,118.48796081543,169.758981323242,135.6695183648,200.305450439453,0,124.968485870361,139.352815570253,146.182764053345,142.522800445557,174.43962097168,148.392759817618,105.592689979367,136.151422378865,141.42227625951,112.217236258767,129.570955456428,124.112299802011,155.821608770461,178.945847251199,172.501175471715,112.487731933594,0,189.505020141602,149.779134335725
185.953079223633,0,180.472072601318,81.9589939117432,0,0,205.224376678467,153.580989837646,189.03288269043,152.530963897705,169.5013671875,0,143.684707641602,0,182.139743804932,0,143.187648773193,0,246.955993652344,188.752822875977,200.312194824219,134.360870361328,177.273376464844,179.122528076172,143.025626500448,0,195.00341796875,171.093275705973,144.794735499791,170.479231262207,150.633836534288,0,0,146.629981994629,205.489547729492,15.3107449170657,138.038846697126,124.549970871363,78.4205476064531,104.609613169794,0,106.725591746244,27.9295903085884,76.6484441074723,90.9199335066999,88.3426780597862,117.881946192378,125.679749679565,142.189209832086,32.5290856678393,113.109916687012,131.779455820719,112.056154596991,134.172359890408,129.147178863014,106.320816040039,86.0825492807683,87.6579769275807,104.223619883646,90.7831778844198,112.163780212402,131.681084539657,141.482214400348,93.7492454426986,25.1073551643119,41.1143290869981,154.655115763346,117.786305018834,46.3343579510608,81.8403196115603
0,57.8174342087337,80.3597799622186,28.2517785827319,0,0,243.387451171875,216.702346801758,0,108.410749435425,0,127.429947747125,0,103.510400038499,148.503849029541,179.565200805664,119.50905418396,93.4991390622895,107.779002380371,95.8103071513929,0,105.203945159912,80.6774756113688,134.985237121582,135.377717590332,98.7979806753305,87.0822819752298,77.0560140050361,151.105686732701,184.824453735352,193.059097290039,154.74821472168,0,0,106.293606382428,138.038846697126,8.07525242483294,48.0633767321219,10.9423771965672,0,0,143.651985168457,132.030592698317,156.784545898438,73.5641771658308,135.479133605957,67.6778397878011,132.922389984131,43.815416366496,160.926159908897,118.341742197673,54.5227025747299,59.9149475434814,75.7181875250313,62.265811667984,0,107.191693912853,23.7963807364523,82.1064433782873,73.3433342991837,22.0778170923762,54.6077805293837,29.2747587670052,125.988174840024,128.572966534158,116.015054656238,65.8254480922923,0,92.2473824818929,65.9589014543806
168.208587646484,90.9216457548596,99.901310255038,104.111619687548,181.482513427734,0,195.179546580595,177.607125663757,189.617931365967,168.843600802951,188.388222830636,135.972403390067,225.684951782227,135.304702758789,189.498050265842,162.558837890625,112.608794539447,122.227627538186,154.422570800781,129.533159414927,0,142.881538152695,88.9607210992609,111.106270548834,158.78884484633,128.38697052002,115.408499789076,99.5283727789108,160.934359995524,194.762921651204,173.032005711606,0,0,162.550064086914,123.138139123315,124.549970871363,48.0633767321219,15.1808561723041,50.9558861667949,143.293064117432,182.241185506185,134.043974113464,97.6742713778875,122.412093853315,111.553095644171,110.847346055464,108.447203846721,156.37906369296,89.091360727946,126.611676956031,131.212419191996,90.9564331902398,50.5320246295901,96.6563515877938,77.0535699194128,169.624946594238,79.7282670695071,52.5925475721522,38.3746002431984,116.296964534493,58.9929885864258,37.2357361225933,35.2080955694766,90.7505960876051,148.148554496045,102.702215482111,105.596830514761,195.283838907878,132.041185379028,81.7462798320886
