12.0026802152959,156.959213256836,99.538549155179,109.090225219727,74.818639755249,73.791024017334,53.3225824171755,20.4081829679577,34.0882642535159,65.0984515700229,62.4386721363774,146.432951146906,70.7565473359207,147.560276031494,11.548779423202,44.0973163273024,85.5687607659234,116.146898762564,165.455760955811,143.69206560575,75.0721708444449,57.3329408153003,69.6914098435554,56.3241727571058,71.7717358980247,130.599182128906,120.698108024338,137.251701810467,49.7962703414743,11.7478260408233,18.70967822897,162.038906097412,102.031261444092,26.0585438100303,50.3860422829601,124.376083374023,0,181.668024698893,77.14659034729,157.667195638021,0,0,0,180.566497802734,81.2821655273438,182.154541015625,0,0,0,195.348289489746,0,0,182.123016357422,0,0,0,0,0,0,109.465342595027,0,191.278324127197,186.204518636068,137.865476608276,0,0,0,0,130.736297607422,154.590301513672
156.959213256836,8.00966044708788,47.5999093489213,15.5215520551889,0,0,169.287490844727,117.95287322998,157.010225931803,58.6170603434245,0,81.395233436867,0,55.0810378289992,120.286056518555,0,54.3536941419568,62.9986012107448,77.5937877655029,64.2920447275148,0,74.8550844395414,20.6290181700878,70.9783120676249,74.7170947990795,23.8070613389435,55.7889468917081,28.6941749709031,67.9111677805583,102.746959686279,113.99911418714,84.86123975118,0,0,69.9902696048512,0,45.2469062805176,62.2408821105957,34.716423034668,0,0,0,0,0,83.5846500396729,0,0,0,0,0,0,0,98.9512672424316,151.80290222168,128.527206420898,0,0,53.029598236084,151.247039794922,193.120697021484,91.771915435791,88.5476540785569,80.2253694926223,0,0,0,0,0,0,0
99.538549155179,47.5999093489213,12.2627424721498,46.7196329589092,0,121.29419708252,143.065725506477,88.7851149365793,128.044156795595,137.765029907227,142.32733001709,85.084427950675,106.397087097168,88.7816162109375,110.778733102899,136.45198059082,85.850135456432,26.0173631987088,81.0240592956543,58.2246638622481,0,51.4891161081184,91.1351193927583,20.6895890116327,102.947070586376,92.6913261413574,22.3195681617202,30.9771965547986,72.036970807128,81.2552054904018,71.7691998716261,100.147711320357,161.050277709961,109.622522142198,46.4263172899138,171.474006652832,63.9179239687712,91.6570086262233,57.1303393624046,0,0,0,160.513008117676,152.92626953125,0,0,178.40877532959,0,0,191.566253662109,0,115.5185802601,121.465817345513,149.291435241699,142.511930985884,0,125.794354756673,73.4394593238831,101.789620299439,160.781127929688,0,108.709682285786,94.0839998570001,145.591157801011,0,169.169252668108,0,0,175.829902648926,121.292828279383
109.090225219727,15.5215520551889,46.7196329589092,13.758532304542,71.5358193715413,0,195.977172851562,64.5360158284505,141.609096950955,11.8754100786708,79.4498556036698,64.6356803209354,47.8944163852268,44.0655018301571,0,33.5503897666931,67.2043965299365,63.9065954559728,57.6097075813695,68.7881876826286,0,84.0109916998416,31.8307069549294,61.9122388958931,37.4537437208075,16.4478234954099,56.1619733690382,41.8934225433538,54.4116810003366,141.897968292236,118.407675606864,62.5704480806986,0,77.2606773376465,66.0444143448753,0,78.251335144043,75.0217273546302,14.7994110502046,73.0474090576172,0,0,0,0,25.9202039475534,0,70.9198231288365,0,62.5140616620173,0,40.3887786865234,155.240005493164,99.7262048721313,62.5253788630168,57.0239293897474,0,0,122.395881652832,69.2290863037109,50.093943962684,43.2006475370224,54.4184500974767,65.2999620091251,130.816734313965,0,0,60.6313349405924,0,114.856475830078,89.6488780975342
74.818639755249,0,0,71.5358193715413,8.62247120186556,129.011249542236,73.5964241027832,30.2959429828488,93.5340491930644,67.8446935838269,17.0003528496384,0,17.0947697421594,0,106.623089790344,83.0478096008301,83.9455261230469,0,0,0,9.54572970829275,122.137596130371,89.3250854492187,112.912517547607,15.7034660286263,0,0,141.469528198242,15.6174984311843,75.1162022787427,62.6668504079183,0,0,70.4755587481812,83.5524299393839,0,0,0,89.780345916748,6.19516356324676,0,0,0,0,94.0379180908203,23.5199127197266,0,10.5278110112229,0,0,0,0,0,0,0,12.0473887568615,0,0,0,119.847625732422,0,0,0,150.569938659668,0,0,0,0,0,0
73.791024017334,0,121.29419708252,0,129.011249542236,7.27498829381237,8.8479857475339,107.047226799859,35.2220392569653,106.020478248596,104.865486467388,104.044044494629,87.2773164113363,0,28.1812070777314,13.6346013556386,119.543449401855,96.4453277587891,0,0,113.273620605469,112.360157012939,110.826522827148,97.9531364440918,119.718273707799,0,189.055207252502,109.651412963867,117.554065246582,21.7879825885627,90.7688191731771,0,7.00545613719134,63.2006134033203,22.0562577604133,0,0,0,126.457196553548,0,0,0,0,0,139.3876953125,0,0,0,0,0,0,0,0,0,0,0,0,0,0,205.922309875488,0,0,0,0,0,0,0,0,0,0
53.3225824171755,169.287490844727,143.065725506477,195.977172851562,73.5964241027832,8.8479857475339,8.48101478594014,62.3685300250604,19.0777762046774,64.5954056411493,22.0817472999808,102.756187438965,17.2320715773867,135.397945404053,29.6796508759586,11.7489467935844,109.718414306641,181.845905303955,201.909973144531,190.990625,35.5704947821299,112.853467501127,106.436110379403,101.265466568318,51.2525702327131,0,167.260432712615,150.282075500488,85.9772382958295,32.4154227589293,92.4710037643845,153.800921122233,16.0928577602253,57.5305080879025,37.6144973748493,0,0,0,117.436985778809,0,0,0,0,0,128.482913624157,0,0,0,0,0,0,0,0,0,0,0,157.793365478516,0,0,144.66651058197,0,0,181.646550496419,177.848678588867,0,139.922103881836,0,0,233.68684387207,0
20.4081829679577,117.95287322998,88.7851149365793,64.5360158284505,30.2959429828488,107.047226799859,62.3685300250604,9.94520390811507,51.8319298500671,65.370143810908,13.172908137488,147.39492520419,44.0552567793773,128.449066162109,22.2009645068108,66.6734145028251,70.2106971740723,108.833969751994,0,146.787420654297,48.4696922302246,46.6688212630569,81.0906612078349,44.2395801328426,36.3122362578067,0,114.52063199987,122.542038387722,15.1713436034888,37.2063141118169,15.092195188206,141.666984558105,111.910661969866,50.084780332654,64.0292401441278,169.214080810547,0,152.397811889648,89.333295573359,0,0,0,0,0,85.6636711756388,0,0,0,0,0,0,0,0,0,0,0,0,0,0,122.457719802856,0,154.28636932373,166.296284266881,105.474166870117,0,0,0,0,168.513214111328,203.60514831543
34.0882642535159,157.010225931803,128.044156795595,141.609096950955,93.5340491930644,35.2220392569653,19.0777762046774,51.8319298500671,11.5577617928076,85.8919197621972,21.4700982167231,108.845514231715,19.7523194346238,107.230520460341,14.8254953577794,34.1408177601922,98.515251159668,142.748751609556,164.232907613118,163.810736656189,60.6010487521136,91.7756223678589,97.7034091606825,89.1659686204159,67.9477105123955,166.994043986003,148.406529362996,142.394799343375,82.9899909877777,33.2793392000115,71.4234017402895,141.0234375,18.158385971478,56.5408881081475,46.7631839449091,207.061058044434,0,218.324111938477,105.207398691485,161.528223673503,0,0,0,232.404678344727,113.042547225952,0,239.342895507812,0,0,0,0,0,212.998199462891,0,0,162.74397277832,0,154.239028930664,0,143.753099846117,229.090591430664,209.277809143066,214.526739120483,146.468968200684,0,0,0,0,0,211.002807617188
65.0984515700229,58.6170603434245,137.765029907227,11.8754100786708,67.8446935838269,106.020478248596,64.5954056411493,65.370143810908,85.8919197621972,10.6316613665311,56.1315915584564,143.485443115234,8.97481987552818,121.186912536621,90.8179711006783,14.3971559622185,58.2629451462717,144.384227752686,0,122.41651280721,79.5883804321289,101.82442855835,18.2045278203013,91.3721672058105,24.2287258680303,97.551842233409,128.262290024176,112.607624557783,51.218882919791,76.6963383601262,59.3855960218212,145.294570922852,142.82236735026,65.2372686348709,66.730499279574,0,0,0,33.1573024947068,100.773811340332,0,0,97.1719589233398,167.661315917969,35.6973867037245,109.859298706055,0,50.8449414571126,0,113.34188079834,81.2898254394531,0,0,0,0,87.2782919747489,0,0,0,63.9000990705091,0,0,157.8974609375,92.3024963378906,0,0,0,0,0,131.269376118978
62.4386721363774,0,142.32733001709,79.4498556036698,17.0003528496384,104.865486467388,22.0817472999808,13.172908137488,21.4700982167231,56.1315915584564,9.42994927561883,135.404285854763,14.8324195853861,139.99836730957,39.681565617719,59.5108489717756,90.2926915486654,156.635223388672,0,0,16.899753882516,110.261435614692,99.2262901851109,114.487016296387,40.9771052977769,0,157.955843473736,148.078924051921,16.8694986789515,73.0990080530554,70.7562579402217,0,120.947709779482,73.6919570335975,82.0334421357966,0,0,0,105.869655456543,33.9513127803802,0,0,0,0,108.112524179312,151.556800842285,0,14.389583399598,0,0,0,0,0,0,0,85.6592127482096,0,0,0,137.942832253196,0,0,0,143.206466674805,0,0,0,0,0,0
146.432951146906,81.395233436867,85.084427950675,64.6356803209354,0,104.044044494629,102.756187438965,147.39492520419,108.845514231715,143.485443115234,135.404285854763,10.5507914447346,126.726913452148,26.1683529721482,75.0546867556688,123.343493143717,146.391395568848,57.7321046485755,15.4179442848199,19.9402759625477,0,99.6861704871768,120.31696088924,93.2878250236368,147.89404296875,31.888643980177,24.5251474726553,64.9834883052012,142.203020307753,62.5019088913413,111.520009579866,34.7564364079796,114.718208312988,106.624193827311,30.9612412934782,0,119.922498703003,178.710975646973,140.487651824951,0,0,0,0,0,0,0,75.6977982674876,0,88.7358484808004,0,0,0,167.905349731445,87.3394091074703,105.279453277588,0,0,0,204.068267822266,0,88.4666357676188,95.6210780007499,112.524085175447,209.655166625977,0,0,103.667616471,0,0,144.005359104701
70.7565473359207,0,106.397087097168,47.8944163852268,17.0947697421594,87.2773164113363,17.2320715773867,44.0552567793773,19.7523194346238,8.97481987552818,14.8324195853861,126.726913452148,8.08964815920993,0,76.0005661823131,13.9574463160142,80.6044425964355,158.28874206543,0,0,11.0085245891143,0,128.393438066755,110.651722717285,20.2244839484684,139.226844787598,158.634017944336,149.959869384766,45.9116842362189,86.5506830295595,130.500228881836,0,106.885121154785,78.4855299918882,82.6684790946342,0,0,0,79.4681137932672,39.6386702401297,0,62.5875482559204,0,97.4602177937825,72.428224836077,28.9348784632892,0,7.33652707341641,0,0,0,0,0,0,0,16.9474041439166,0,0,0,90.4627973383123,0,0,0,66.6568145751953,0,0,0,0,0,0
147.560276031494,55.0810378289992,88.7816162109375,44.0655018301571,0,0,135.397945404053,128.449066162109,107.230520460341,121.186912536621,139.99836730957,26.1683529721482,0,10.8724268027271,81.8074373517718,0,0,87.6222972869873,46.7269751596794,50.8376595145778,157.400451660156,96.5431747436523,104.507066454206,102.986934661865,149.806330362956,18.089110843168,36.5348923537466,32.7817919348195,153.34455871582,72.3584022521973,118.605459213257,18.930553631869,0,0,55.6239909980871,0,157.650756835938,0,67.6114158630371,0,0,149.326614379883,0,0,0,0,76.7942808731743,0,22.290294186789,0,0,0,175.432830810547,89.2476620509707,98.8981434504191,0,0,0,0,177.213714599609,82.8466059366862,90.1032816093659,110.38853321519,0,165.625518798828,0,108.645573933919,0,0,116.491781234741
11.548779423202,120.286056518555,110.778733102899,0,106.623089790344,28.1812070777314,29.6796508759586,22.2009645068108,14.8254953577794,90.8179711006783,39.681565617719,75.0546867556688,76.0005661823131,81.8074373517718,8.32303037033429,39.5865617275238,85.0102246602376,125.972738092596,120.158342997233,148.299830845424,101.319224463569,74.0409474526682,90.4372708759611,69.7091567053724,95.0987330450528,92.9128799438477,132.564393134966,142.975216547648,78.1018223315477,15.2196014960975,21.2144673448213,124.705211639404,22.5906805419139,24.6874281320816,31.537965032658,0,0,0,104.062219746908,198.75407409668,0,0,0,0,114.860148111979,177.340393066406,0,0,0,216.569885253906,0,0,0,0,0,0,0,0,0,148.39259162316,0,0,221.532979329427,172.485733032227,0,0,0,0,0,0
44.0973163273024,0,136.45198059082,33.5503897666931,83.0478096008301,13.6346013556386,11.7489467935844,66.6734145028251,34.1408177601922,14.3971559622185,59.5108489717756,123.343493143717,13.9574463160142,0,39.5865617275238,8.44641477479048,0,0,0,0,92.4383214314779,83.1171035766602,80.8985697428385,88.1817076546805,47.8283980272818,0,171.855632781982,106.66591389974,90.8496004740397,39.3589918485252,70.3784103393555,202.233749389648,43.0268539587657,31.1254483064016,27.1253581776338,0,0,0,104.33978729248,0,0,0,0,0,55.6883182525635,0,0,0,0,0,0,0,0,0,0,0,0,0,0,104.821628570557,0,0,0,0,0,0,0,0,0,0
85.5687607659234,54.3536941419568,85.850135456432,67.2043965299365,83.9455261230469,119.543449401855,109.718414306641,70.2106971740723,98.515251159668,58.2629451462717,90.2926915486654,146.391395568848,80.6044425964355,0,85.0102246602376,0,13.6811418082034,114.020026293668,133.009918212891,127.279801177979,0,21.7003556508511,35.5475952748695,16.0270162213706,25.7741302170421,0,122.254835555803,28.4306031481929,33.3407143402597,87.8141871558295,60.9541095869076,138.939666748047,0,60.795085144043,63.4328667584588,0,0,122.644310660984,72.4405573331393,0,0,0,177.985595703125,0,77.263793097602,0,0,0,0,0,0,227.866653442383,211.401229858398,0,0,0,93.9767074584961,90.3988513946533,145.090670267741,107.710715484619,0,164.000405447824,126.946964335891,117.705437796456,0,89.3473358154297,0,0,0,0
116.146898762564,62.9986012107448,26.0173631987088,63.9065954559728,0,96.4453277587891,181.845905303955,108.833969751994,142.748751609556,144.384227752686,156.635223388672,57.7321046485755,158.28874206543,87.6222972869873,125.972738092596,0,114.020026293668,9.14338867030183,60.7523132549819,20.4226216595963,0,58.4396394822831,100.611076242783,16.6938653038066,127.7179128286,71.7829216548375,21.4656685823893,61.9809367468483,114.782774468734,79.347141893118,67.6507110726137,95.4744161408523,197.932434082031,151.066905975342,30.1634752737835,189.105079650879,70.2134373982747,102.878668900375,85.4220241546631,0,0,0,155.710871378581,0,0,0,182.813285827637,0,140.373107910156,0,0,137.917528788249,124.405700234806,0,130.550359725952,0,0,90.6869316101074,108.545277489556,0,118.559776306152,114.247389221191,108.117075209922,168.487648010254,207.894027709961,186.463821411133,122.356674194336,0,0,123.796096801758
165.455760955811,77.5937877655029,81.0240592956543,57.6097075813695,0,0,201.909973144531,0,164.232907613118,0,0,15.4179442848199,0,46.7269751596794,120.158342997233,0,133.009918212891,60.7523132549819,8.14858264671521,13.608982376672,0,110.316843850272,126.877174886068,104.33474413001,157.016403198242,46.445699762415,26.4668579108306,66.8045863683378,145.591576712472,129.477575937907,120.515654669868,61.1239953110183,0,0,49.0432686889503,0,0,137.951461791992,133.299858093262,0,0,0,0,0,0,0,114.295665394176,0,108.188819885254,0,0,0,103.706988016764,107.18222456712,110.60812664032,0,0,0,0,0,96.8500400119358,107.476139741785,120.630491925101,0,0,186.022750854492,113.36474609375,0,0,137.62663269043
143.69206560575,64.2920447275148,58.2246638622481,68.7881876826286,0,0,190.990625,146.787420654297,163.810736656189,122.41651280721,0,19.9402759625477,0,50.8376595145778,148.299830845424,0,127.279801177979,20.4226216595963,13.608982376672,8.31901862909704,0,87.3681618926722,107.420226607212,71.2796148660845,133.329716205597,45.5697451597892,34.8930291863416,64.2681816162084,138.018763128317,109.917298433257,98.2562704106131,69.7504921819931,0,0,35.3876059624024,0,100.456136226654,131.820353507996,83.2824702262878,0,0,0,0,0,0,0,123.321517944336,0,120.433954874674,0,0,162.567764282227,125.713935852051,108.403289794922,115.366207829228,0,0,129.680633544922,171.244033813477,188.015258789062,92.1728456670588,104.966923034269,110.838343714975,198.654418945312,0,186.661994934082,116.394386291504,0,0,153.78707546658
75.0721708444449,0,0,0,9.54572970829275,113.273620605469,35.5704947821299,48.4696922302246,60.6010487521136,79.5883804321289,16.899753882516,0,11.0085245891143,157.400451660156,101.319224463569,92.4383214314779,0,0,0,0,7.61842514460098,0,103.083625793457,120.62272644043,11.9077450888798,0,0,179.747894287109,24.8623093966588,84.6757330141569,96.1253242492676,0,144.283599853516,80.1080646100252,90.0179766045242,0,0,0,143.481903076172,8.18368975781212,0,45.0708885192871,0,0,0,43.0739631652832,0,7.76905086417916,0,0,0,0,0,0,0,5.92676746135314,0,0,0,95.9112033843994,0,0,0,64.4648895263672,191.738220214844,0,0,0,0,0
57.3329408153003,74.8550844395414,51.4891161081184,84.0109916998416,122.137596130371,112.360157012939,112.853467501127,46.6688212630569,91.7756223678589,101.82442855835,110.261435614692,99.6861704871768,0,96.5431747436523,74.0409474526682,83.1171035766602,21.7003556508511,58.4396394822831,110.316843850272,87.3681618926722,0,9.63186278965897,48.1458871600669,17.0814041798326,67.2549585937172,0,98.5823085999592,59.1188335006877,19.5519464115748,50.0124705770741,18.8643428451989,132.676773071289,151.397308349609,62.0389506022135,35.456134230138,118.353214263916,117.323501586914,128.849570210775,72.6004428863525,0,0,0,0,169.231597900391,100.366674423218,0,158.13525390625,0,0,0,0,103.465342203776,0,0,179.574737548828,0,104.505164513221,68.6673258826846,114.345827738444,109.379250266335,0,143.9294921875,132.229668990425,107.753312428792,128.12077331543,99.8910627365112,0,0,115.503578186035,0
69.6914098435554,20.6290181700878,91.1351193927583,31.8307069549294,89.3250854492187,110.826522827148,106.436110379403,81.0906612078349,97.7034091606825,18.2045278203013,99.2262901851109,120.31696088924,128.393438066755,104.507066454206,90.4372708759611,80.8985697428385,35.5475952748695,100.611076242783,126.877174886068,107.420226607212,103.083625793457,48.1458871600669,9.43005547831472,47.7772105529039,26.9364413039093,71.8489270411232,100.311339528451,46.0632916389385,47.473374509065,74.9373460910021,54.7694151524779,121.358542548286,123.804823133681,63.7810219933005,62.3878425077388,85.2836380004883,0,124.689105987549,63.8646994696723,102.975003560384,0,0,0,0,45.7904562785708,0,206.002944946289,0,0,0,0,103.828574180603,0,0,169.814422607422,0,61.9849967956543,30.966605424881,184.876815795898,81.5224120140076,153.187316894531,130.089250564575,146.784199523926,84.1531346638997,0,73.0121459960938,0,0,0,86.575325012207
56.3241727571058,70.9783120676249,20.6895890116327,61.9122388958931,112.912517547607,97.9531364440918,101.265466568318,44.2395801328426,89.1659686204159,91.3721672058105,114.487016296387,93.2878250236368,110.651722717285,102.986934661865,69.7091567053724,88.1817076546805,16.0270162213706,16.6938653038066,104.33474413001,71.2796148660845,120.62272644043,17.0814041798326,47.7772105529039,12.0472354392941,61.7975721562162,111.884869257609,64.8129371455783,46.931508825102,34.9532886596839,50.4572848177173,39.1993460166856,126.339428550319,103.313285827637,74.2323222440832,38.7959705733202,0,0,100.098584191274,62.0111919254452,0,0,0,208.313339233398,0,95.7767944335938,235.165222167969,0,0,0,189.469528198242,0,118.097386837006,146.875930786133,165.104431152344,169.676147460938,0,107.260031563895,75.9203843010797,106.195680936178,130.853325737847,0,143.94191380551,107.096390331868,138.373798915318,0,115.648719787598,0,0,136.888763427734,138.999216715495
71.7717358980247,74.7170947990795,102.947070586376,37.4537437208075,15.7034660286263,119.718273707799,51.2525702327131,36.3122362578067,67.9477105123955,24.2287258680303,40.9771052977769,147.89404296875,20.2244839484684,149.806330362956,95.0987330450528,47.8283980272818,25.7741302170421,127.7179128286,157.016403198242,133.329716205597,11.9077450888798,67.2549585937172,26.9364413039093,61.7975721562162,12.1814628668898,99.2196237315302,132.695895973696,97.3370206242516,22.9083874019335,76.4136483410325,56.3056593672137,169.77653503418,145.038833618164,68.6711207272714,57.5554072921341,132.360153198242,0,160.596534729004,63.1167720304717,73.6801180810463,0,175.005966186523,104.452159881592,161.879364013672,58.9063106948115,110.958873748779,0,44.6197383587177,0,181.258506774902,66.0002670288086,93.1333312988281,0,0,0,91.032400057866,133.309768676758,93.7900466918945,128.971234639486,46.2612442329995,0,182.628677368164,158.503332955497,113.381490363449,156.348773193359,115.058753967285,0,0,123.729520797729,141.705829075405
130.599182128906,23.8070613389435,92.6913261413574,16.4478234954099,0,0,0,0,166.994043986003,97.551842233409,0,31.888643980177,139.226844787598,18.089110843168,92.9128799438477,0,0,71.7829216548375,46.445699762415,45.5697451597892,0,0,71.8489270411232,111.884869257609,99.2196237315302,7.68604212779351,38.3524035850169,18.0275818519535,139.18717956543,67.782133102417,126.079783848354,36.2733142746054,0,0,60.1735359678877,0,118.61052495783,0,71.5925951004028,0,0,0,210.874328613281,0,188.264221191406,0,75.86638714516,0,78.4377953166693,0,0,142.491180419922,90.7535198756627,83.8027931472002,81.6547496839501,0,0,144.597854614258,136.108571370443,156.487945556641,59.4432790697235,74.8832007101503,80.8298121571541,0,0,155.397598266602,84.6170455932617,0,0,120.517524372448
120.698108024338,55.7889468917081,22.3195681617202,56.1619733690382,0,189.055207252502,167.260432712615,114.52063199987,148.406529362996,128.262290024176,157.955843473736,24.5251474726553,158.634017944336,36.5348923537466,132.564393134966,171.855632781982,122.254835555803,21.4656685823893,26.4668579108306,34.8930291863416,0,98.5823085999592,100.311339528451,64.8129371455783,132.695895973696,38.3524035850169,16.2094323583262,40.3674570211589,112.870992161677,105.75061137442,101.171623968524,31.19896083154,199.783435821533,144.415733337402,65.7882020622324,188.043563842773,95.6896858948928,109.848534880385,77.9805453618367,0,0,0,176.476501464844,0,158.037200927734,232.930740356445,105.396398307863,0,111.256550801595,176.739969889323,0,134.548153347439,120.69518758138,104.473026608958,109.165267615483,0,163.213653564453,125.782542364938,127.162595678259,193.246592203776,89.5368694324589,102.093113060534,104.946152887544,186.720949445452,0,168.38589070638,121.742715688852,0,181.989730834961,140.443190256755
137.251701810467,28.6941749709031,30.9771965547986,41.8934225433538,141.469528198242,109.651412963867,150.282075500488,122.542038387722,142.394799343375,112.607624557783,148.078924051921,64.9834883052012,149.959869384766,32.7817919348195,142.975216547648,106.66591389974,28.4306031481929,61.9809367468483,66.8045863683378,64.2681816162084,179.747894287109,59.1188335006877,46.0632916389385,46.931508825102,97.3370206242516,18.0275818519535,40.3674570211589,13.3477149355908,77.5804626692746,116.493708467484,109.817723472278,24.9518069522556,0,78.8271629333496,66.8388696582521,182.006469726562,75.6474861087221,94.8078861143329,60.0250287649766,0,0,207.214065551758,163.363771438599,197.085159301758,141.240316602919,205.021301269531,112.977028952705,0,114.147231840752,196.204991658529,0,122.082252891696,121.274364867768,112.90171234696,107.295236446239,193.142440795898,153.959813944499,79.8157730102539,108.021742823867,155.659150050237,83.4324217465968,98.3060963584038,96.1773266143716,162.005722926213,185.050084431966,168.770262145996,111.864448547363,162.800956726074,0,123.687348855508
49.7962703414743,67.9111677805583,72.036970807128,54.4116810003366,15.6174984311843,117.554065246582,85.9772382958295,15.1713436034888,82.9899909877777,51.218882919791,16.8694986789515,142.203020307753,45.9116842362189,153.34455871582,78.1018223315477,90.8496004740397,33.3407143402597,114.782774468734,145.591576712472,138.018763128317,24.8623093966588,19.5519464115748,47.473374509065,34.9532886596839,22.9083874019335,139.18717956543,112.870992161677,77.5804626692746,10.6198250475021,61.2504612937062,23.7818605279687,152.491681780134,121.941024017334,59.9381478621133,49.697016017244,139.787892958697,0,132.577161407471,61.1049160234856,106.206700134277,0,165.147885131836,134.874059404646,164.826307443472,61.4315493545744,141.42113004412,198.558746337891,70.6229300065474,0,157.728517150879,0,92.9544677734375,180.968485514323,0,181.302200317383,121.143260574341,112.404439653669,68.1026941187241,124.770892673069,91.5482258699378,0,172.139915466309,151.201297442118,117.085058623669,157.265844980876,124.136783599854,0,0,132.588946024577,148.362267971039
11.7478260408233,102.746959686279,81.2552054904018,141.897968292236,75.1162022787427,21.7879825885627,32.4154227589293,37.2063141118169,33.2793392000115,76.6963383601262,73.0990080530554,62.5019088913413,86.5506830295595,72.3584022521973,15.2196014960975,39.3589918485252,87.8141871558295,79.347141893118,129.477575937907,109.917298433257,84.6757330141569,50.0124705770741,74.9373460910021,50.4572848177173,76.4136483410325,67.782133102417,105.75061137442,116.493708467484,61.2504612937062,9.4530558641483,13.7456907543664,126.816421508789,12.2356988772188,14.0527526824209,23.9286637500906,158.133316040039,0,153.869293212891,84.9833925811338,0,0,0,0,191.59635925293,94.5361395336333,161.471862792969,0,0,0,0,0,0,0,0,0,142.838897705078,126.635147094727,0,0,120.946551698627,162.058990478516,154.420988718669,159.927553277267,155.864475597035,0,102.058586120605,0,0,0,160.502151489258
18.70967822897,113.99911418714,71.7691998716261,118.407675606864,62.6668504079183,90.7688191731771,92.4710037643845,15.092195188206,71.4234017402895,59.3855960218212,70.7562579402217,111.520009579866,130.500228881836,118.605459213257,21.2144673448213,70.3784103393555,60.9541095869076,67.6507110726137,120.515654669868,98.2562704106131,96.1253242492676,18.8643428451989,54.7694151524779,39.1993460166856,56.3056593672137,126.079783848354,101.171623968524,109.817723472278,23.7818605279687,13.7456907543664,11.7649551224947,143.040725708008,84.0133438110352,10.9998320574151,35.841347072688,0,133.607154846191,144.725701904297,66.6302038552105,124.214218139648,0,0,0,168.985443115234,74.4692626953125,0,0,127.966209411621,0,0,0,156.289489746094,0,0,0,172.032836914062,112.330370585124,63.5938110351562,105.430583953857,96.4205463115986,0,173.784152984619,163.728840996237,102.939332228441,136.195373535156,0,0,0,142.912698745728,0
162.038906097412,84.86123975118,100.147711320357,62.5704480806986,0,0,153.800921122233,141.666984558105,141.0234375,145.294570922852,0,34.7564364079796,0,18.930553631869,124.705211639404,202.233749389648,138.939666748047,95.4744161408523,61.1239953110183,69.7504921819931,0,132.676773071289,121.358542548286,126.339428550319,169.77653503418,36.2733142746054,31.19896083154,24.9518069522556,152.491681780134,126.816421508789,143.040725708008,7.11668829639343,0,159.004379272461,80.4229279883114,0,121.415060679118,0,116.934564590454,0,202.262924194336,0,233.857879638672,0,176.957809448242,0,94.2337385751669,0,103.704116665587,0,0,0,118.6531346639,103.440552075704,113.575709135636,0,0,168.562286376953,196.334030151367,0,95.6963633128575,106.500360155106,118.318346013878,0,0,0,116.633324940999,0,0,149.559786987305
102.031261444092,0,161.050277709961,0,0,7.00545613719134,16.0928577602253,111.910661969866,18.158385971478,142.82236735026,120.947709779482,114.718208312988,106.885121154785,0,22.5906805419139,43.0268539587657,0,197.932434082031,0,0,144.283599853516,151.397308349609,123.804823133681,103.313285827637,145.038833618164,0,199.783435821533,0,121.941024017334,12.2356988772188,84.0133438110352,0,5.29276859044012,71.4096272786458,32.9612922271093,0,170.218994140625,0,140.545705159505,0,0,0,0,0,0,0,0,0,0,0,0,0,0,0,0,0,0,0,0,0,0,0,0,0,0,0,0,0,0,0
26.0585438100303,0,109.622522142198,77.2606773376465,70.4755587481812,63.2006134033203,57.5305080879025,50.084780332654,56.5408881081475,65.2372686348709,73.6919570335975,106.624193827311,78.4855299918882,0,24.6874281320816,31.1254483064016,60.795085144043,151.066905975342,0,0,80.1080646100252,62.0389506022135,63.7810219933005,74.2323222440832,68.6711207272714,0,144.415733337402,78.8271629333496,59.9381478621133,14.0527526824209,10.9998320574151,159.004379272461,71.4096272786458,7.52269710930341,10.6591112436769,0,0,0,73.158329819188,0,0,202.772125244141,0,0,86.3387513411673,175.084533691406,0,0,0,146.383193969727,0,0,0,0,0,136.480499267578,0,0,0,110.16387125651,0,0,215.404510498047,142.533395767212,0,0,0,0,0,187.006271362305
50.3860422829601,69.9902696048512,46.4263172899138,66.0444143448753,83.5524299393839,22.0562577604133,37.6144973748493,64.0292401441278,46.7631839449091,66.730499279574,82.0334421357966,30.9612412934782,82.6684790946342,55.6239909980871,31.537965032658,27.1253581776338,63.4328667584588,30.1634752737835,49.0432686889503,35.3876059624024,90.0179766045242,35.456134230138,62.3878425077388,38.7959705733202,57.5554072921341,60.1735359678877,65.7882020622324,66.8388696582521,49.697016017244,23.9286637500906,35.841347072688,80.4229279883114,32.9612922271093,10.6591112436769,11.2581344397689,164.280667622884,127.120208740234,108.596987821618,74.8001927290813,144.33873240153,0,0,0,0,83.8741461571227,0,145.779141017369,145.533477783203,143.5315990448,0,0,127.943939971924,126.794034322103,125.689558410645,136.065850394113,162.202774047852,102.219200134277,81.9513182640076,112.168188615279,115.872173994015,106.948577880859,120.442366143932,117.74734308107,138.114791870117,0,115.118461608887,0,0,165.921325683594,141.726532491048
124.376083374023,0,171.474006652832,0,0,0,0,169.214080810547,207.061058044434,0,0,0,0,0,0,0,0,189.105079650879,0,0,0,118.353214263916,85.2836380004883,0,132.360153198242,0,188.043563842773,182.006469726562,139.787892958697,158.133316040039,0,0,0,0,164.280667622884,11.6855641509191,133.33967590332,105.267633507609,76.003545973036,73.5593070983887,59.1901960372925,42.5740777945603,30.8390181181811,27.2711151631717,62.2081039428711,54.2726024763925,141.188611690815,53.0855297159266,0,13.2879624357547,37.843503463559,69.9877002127219,119.159492043153,148.042980303083,126.689016597787,58.8237460052373,84.8757263986688,68.2120224330736,93.019845199585,66.2413541431829,0,124.116766658647,138.718069920173,69.2456488911977,14.1839312471056,18.7620846264072,0,79.6301193237305,22.3763528359242,69.8379656450843
0,45.2469062805176,63.9179239687712,78.251335144043,0,0,0,0,0,0,0,119.922498703003,0,157.650756835938,0,0,0,70.2134373982747,0,100.456136226654,0,117.323501586914,0,0,0,118.61052495783,95.6896858948928,75.6474861087221,0,0,133.607154846191,121.415060679118,170.218994140625,0,127.120208740234,133.33967590332,5.90842775538094,42.4992471026559,20.1819989651064,108.041046142578,0,119.914207458496,0,119.183471679688,51.1881072661456,0,66.3955106878999,0,61.998831214598,124.250617980957,0,62.4362282696892,76.6292987551008,82.9811935424805,74.3031158969827,104.953155517578,83.5310592651367,16.1913078998491,69.9375919765896,85.6407026403091,24.6246292672686,54.1912586606782,34.3158670751345,93.0465476296165,98.355832417806,112.1357421875,76.9401233673096,99.3975772857666,128.027786254883,77.5895208418369
181.668024698893,62.2408821105957,91.6570086262233,75.0217273546302,0,0,0,152.397811889648,218.324111938477,0,0,178.710975646973,0,0,0,0,122.644310660984,102.878668900375,137.951461791992,131.820353507996,0,128.849570210775,124.689105987549,100.098584191274,160.596534729004,0,109.848534880385,94.8078861143329,132.577161407471,153.869293212891,144.725701904297,0,0,0,108.596987821618,105.267633507609,42.4992471026559,12.0379108952375,40.2770469783284,136.617839268276,0,136.648112663856,89.6999312248981,135.816618570467,143.239654541016,116.283721239139,87.7470564524333,135.311065673828,113.978302001953,116.950206881107,0,76.5505349549605,44.6999528527432,94.6520597813493,73.7184155395276,141.930440266927,58.3745400464093,46.8088397039126,19.657749734118,110.918246897616,96.6886494954427,22.0663840413255,31.9677825446687,73.6487414299979,119.598015679253,72.7101755626073,0,100.977653503418,105.897240471594,60.9945898223342
77.14659034729,34.716423034668,57.1303393624046,14.7994110502046,89.780345916748,126.457196553548,117.436985778809,89.333295573359,105.207398691485,33.1573024947068,105.869655456543,140.487651824951,79.4681137932672,67.6114158630371,104.062219746908,104.33978729248,72.4405573331393,85.4220241546631,133.299858093262,83.2824702262878,143.481903076172,72.6004428863525,63.8646994696723,62.0111919254452,63.1167720304717,71.5925951004028,77.9805453618367,60.0250287649766,61.1049160234856,84.9833925811338,66.6302038552105,116.934564590454,140.545705159505,73.158329819188,74.8001927290813,76.003545973036,20.1819989651064,40.2770469783284,33.8731760339639,65.6695654319994,109.127182006836,101.804116500051,77.491921043396,112.892337964929,11.4801978861822,92.9360133084384,37.0805561387137,70.2792803446452,45.202704946333,84.0914758682251,59.1146199703217,49.0570964903628,73.7882047670077,70.8848721822103,79.1813730589101,60.184463237894,50.0487495389619,20.1514896684988,51.7121599841806,28.5657949484231,34.9903446536315,53.6385793593622,38.1370298302923,51.6803781402421,89.922992311675,62.8389052997936,59.4435859680176,113.287687301636,58.8706611764842,74.1957014646286
157.667195638021,0,0,73.0474090576172,6.19516356324676,0,0,0,161.528223673503,100.773811340332,33.9513127803802,0,39.6386702401297,0,198.75407409668,0,0,0,0,0,8.18368975781212,0,102.975003560384,0,73.6801180810463,0,0,0,106.206700134277,0,124.214218139648,0,0,0,144.33873240153,73.5593070983887,108.041046142578,136.617839268276,65.6695654319994,7.16959095649183,119.046412150065,72.6561589491995,54.1777032375336,95.116975402832,48.0917628523591,13.6265320220249,154.497421264648,26.5421968048497,0,92.2613662659653,98.1684551239014,90.1144966125488,221.311492919922,0,0,10.4840392369758,95.0528259277344,86.5310323238373,102.412724494934,15.0226717687685,169.311965942383,165.331327650282,121.35888671875,12.79828344556,86.4632302664377,73.7825900346805,0,153.632202148438,68.2793970629943,82.938937104054
0,0,0,0,0,0,0,0,0,0,0,0,0,0,0,0,0,0,0,0,0,0,0,0,0,0,0,0,0,0,0,202.262924194336,0,0,0,59.1901960372925,0,0,109.127182006836,119.046412150065,6.90191918803081,10.1517236650559,130.334365844727,19.0073703562387,0,107.646914313821,59.6736352492352,113.933202107747,81.4050827026367,25.4801069299778,13.0244546336827,0,0,0,204.747589111328,112.297838846842,0,136.188593546549,96.3151054382324,122.835453796387,106.154134114583,98.7592010498047,127.731853485107,127.558680484169,27.0883656175865,73.5207290649414,0,11.5845808366738,0,35.2928246552089
0,0,0,0,0,0,0,0,0,0,0,0,62.5875482559204,149.326614379883,0,0,0,0,0,0,45.0708885192871,0,0,0,175.005966186523,0,0,207.214065551758,165.147885131836,0,0,0,0,202.772125244141,0,42.5740777945603,119.914207458496,136.648112663856,101.804116500051,72.6561589491995,10.1517236650559,7.79705366054791,71.4780602041013,19.3525892103082,50.9099893342881,20.6591505921279,72.7757142632555,21.3874461859495,80.075200398763,32.3773602636617,14.1422207733316,99.3889385405041,151.688663058811,86.7732439041138,148.802795410156,42.6963886626324,127.615139770508,118.910047849019,124.939547358332,58.3393441341541,82.8358090718587,148.913568567347,152.155712127686,79.8000277047758,33.3680081640507,87.5290256766386,0,20.9955653350108,50.3713912474803,50.2810512268246
0,0,160.513008117676,0,0,0,0,0,0,97.1719589233398,0,0,0,0,0,0,177.985595703125,155.710871378581,0,0,0,0,0,208.313339233398,104.452159881592,210.874328613281,176.476501464844,163.363771438599,134.874059404646,0,0,233.857879638672,0,0,0,30.8390181181811,0,89.6999312248981,77.491921043396,54.1777032375336,130.334365844727,71.4780602041013,9.7915109917306,68.9247700851255,59.0580478906631,15.8686813223545,141.617177009583,63.0471293350746,0,19.0461888445495,77.3942322731018,70.4237829999226,113.061099477915,145.855540068253,127.050598731408,63.1037525705772,75.9586290419102,68.4815057118734,73.6178172575224,54.2109605981168,0,117.274175370357,118.665375914755,20.8180275406445,37.6543103278696,16.8089501186005,0,115.924209594727,50.7657852274037,79.0684416469139
180.566497802734,0,152.92626953125,0,0,0,0,0,232.404678344727,167.661315917969,0,0,97.4602177937825,0,0,0,0,0,0,0,0,169.231597900391,0,0,161.879364013672,0,0,197.085159301758,164.826307443472,191.59635925293,168.985443115234,0,0,0,0,27.2711151631717,119.183471679688,135.816618570467,112.892337964929,95.116975402832,19.0073703562387,19.3525892103082,68.9247700851255,11.6573489611532,65.0032123796868,27.9072379373456,73.8287372073612,43.5605246538641,81.157544222745,16.7691566614748,32.1704522856727,107.317041654845,151.713253216866,105.326936086019,185.42041015625,76.6341583301175,137.244070688883,124.07198152088,116.722760324893,87.8601146386512,99.4530403830788,150.235491997156,160.863216001596,85.0890527969235,33.6228466713984,98.8585238748667,106.518196105957,14.658226584709,77.7098647173713,54.2769364156658
81.2821655273438,83.5846500396729,0,25.9202039475534,94.0379180908203,139.3876953125,128.482913624157,85.6636711756388,113.042547225952,35.6973867037245,108.112524179312,0,72.428224836077,0,114.860148111979,55.6883182525635,77.263793097602,0,0,0,0,100.366674423218,45.7904562785708,95.7767944335938,58.9063106948115,188.264221191406,158.037200927734,141.240316602919,61.4315493545744,94.5361395336333,74.4692626953125,176.957809448242,0,86.3387513411673,83.8741461571227,62.2081039428711,51.1881072661456,143.239654541016,11.4801978861822,48.0917628523591,0,50.9099893342881,59.0580478906631,65.0032123796868,8.82371796399083,65.761415209089,118.356998566658,13.4456780987494,112.178787632992,85.7934114074707,18.5814355609098,42.75954885836,120.232856750488,0,123.066230773926,35.2461578466676,48.9161342821623,12.7242822711395,62.0132826024836,21.3603149660883,94.7384352002825,107.520949893528,92.4820998952359,48.6153576465363,83.1242468460746,49.1877308527629,126.918895721436,150.254610697428,67.3347443800706,75.8945954975329
182.154541015625,0,0,0,23.5199127197266,0,0,0,0,109.859298706055,151.556800842285,0,28.9348784632892,0,177.340393066406,0,0,0,0,0,43.0739631652832,0,0,235.165222167969,110.958873748779,0,232.930740356445,205.021301269531,141.42113004412,161.471862792969,0,0,0,175.084533691406,0,54.2726024763925,0,116.283721239139,92.9360133084384,13.6265320220249,107.646914313821,20.6591505921279,15.8686813223545,27.9072379373456,65.761415209089,10.9380942293812,145.464090520685,20.8656279530251,0,23.4313111707478,65.9159732630223,100.32251221793,135.840687513351,188.031428019206,153.321990966797,23.3747400622839,102.048591105143,99.5368359883626,99.0901038877426,49.0540021359812,0,136.669252502441,124.099164281573,28.9009154144461,78.6632069244953,66.9194593599864,0,128.962477291332,74.5849948641898,90.9194596380675
0,0,178.40877532959,70.9198231288365,0,0,0,0,239.342895507812,0,0,75.6977982674876,0,76.7942808731743,0,0,0,182.813285827637,114.295665394176,123.321517944336,0,158.13525390625,206.002944946289,0,0,75.86638714516,105.396398307863,112.977028952705,198.558746337891,0,0,94.2337385751669,0,0,145.779141017369,141.188611690815,66.3955106878999,87.7470564524333,37.0805561387137,154.497421264648,59.6736352492352,72.7757142632555,141.617177009583,73.8287372073612,118.356998566658,145.464090520685,9.75523911155087,135.395519256592,20.0806578141094,69.9033784147483,78.6754760742188,125.296952565511,59.9292672083928,15.9837559325958,30.5079640879636,154.310646057129,100.650945975564,92.2034326631074,102.515841142521,148.983383872292,30.0980177863347,22.6142258357974,61.5049602660791,141.280742503979,60.0136715394162,114.584037938069,19.0087683245765,60.7232963562012,150.126823425293,29.8901920254562
0,0,0,0,10.5278110112229,0,0,0,0,50.8449414571126,14.389583399598,0,7.33652707341641,0,0,0,0,0,0,0,7.76905086417916,0,0,0,44.6197383587177,0,0,0,70.6229300065474,0,127.966209411621,0,0,0,145.533477783203,53.0855297159266,0,135.311065673828,70.2792803446452,26.5421968048497,113.933202107747,21.3874461859495,63.0471293350746,43.5605246538641,13.4456780987494,20.8656279530251,135.395519256592,9.3903108943853,0,49.1596379517192,9.70890690993617,99.6343180338542,0,0,0,14.8587328289536,0,98.1275757683648,112.027606964111,17.6517336418372,0,142.317616549405,146.108880179269,64.9800219774631,63.8127038670682,113.824225616455,0,123.629160563151,103.027954896291,71.7261233779619
