9.72645671438932,110.139790852865,88.360567841163,61.3811183180764,79.3668601989746,74.4431686401367,39.5247817925044,26.3704457639687,25.8410782611003,60.8545015825544,27.9453277317983,123.649817556705,50.2447975703648,141.808197021484,11.6793160452274,51.8313490923713,73.9843150774638,93.9246967310608,128.717661960869,119.503451214959,76.4563875198364,71.9563660515679,59.8186874751803,85.5018015868541,67.8832317666162,120.583035060338,118.348924372081,115.72351568291,65.4129310018596,13.1784083613016,22.0906821012946,150.614440917969,77.5515842437744,32.9898090308208,59.544891922259,132.15198135376,211.482025146484,145.160616760254,77.1802904510498,0,0,155.821551005046,121.822000350075,147.97855758667,79.1169451460054,141.949619068819,191.558807373047,148.988166809082,0,141.335574247399,136.835647583008,104.897092358819,163.466463724772,0,179.188318888346,147.899861653646,118.501003774007,82.9345060707866,121.284149169922,113.314185900566,159.94652557373,168.52074134956,159.715149773492,118.335112369422,138.38075248144,123.419989876125,0,174.10710144043,129.187778673674,138.753412611941
110.139790852865,6.81033399724585,37.8913960487415,25.9521869528475,133.477310180664,0,177.286697387695,118.752077484131,133.680135091146,72.5681937327503,107.752449035645,60.2304502578009,102.449176243373,55.3132770939877,123.547622680664,106.797852516174,64.636859357357,48.963084094695,85.4954539404975,75.9559628233618,127.902698516846,87.3207985162735,27.2542923131933,58.207962619091,75.9878318681629,29.6320864217622,48.1909922943372,31.5335784725024,104.891279069204,122.812797546387,99.6175262451172,66.7484306707615,0,81.6586369105748,51.0672033374049,126.590675354004,81.7235832214355,87.3840581720526,61.0078773498535,0,0,0,0,161.003005981445,138.209732055664,172.767669677734,114.568721226283,0,107.83635635376,96.9423828125,0,123.600383758545,106.938181559245,146.826942443848,91.9708353678385,0,0,110.524875640869,104.433928489685,128.033670213487,53.7325604178689,100.202498128095,94.0235863836188,86.2239513397217,0,104.49292755127,125.693576812744,0,0,136.971471786499
88.360567841163,37.8913960487415,10.0982443683156,44.4572775212063,103.814062935965,0,122.707647252966,87.4630313841568,112.648410377922,86.9442631703503,111.529633920404,68.4665150020434,120.89545510032,104.984949111938,103.729738151502,116.72561899821,79.022383758,31.680139929894,77.1212959289551,65.4568434525865,158.868209838867,64.2006602540033,48.3839078920077,26.3324186195708,93.2038404625582,73.791005452474,28.321657318001,24.1939816557987,65.4466101142762,96.6852363414979,70.9890531791158,91.4234559631348,92.2528686523438,102.89321975708,56.495606569038,166.982526779175,81.129124045372,89.1833693639329,62.2190372599891,0,221.725067138672,194.633544921875,149.936699186053,178.482563018799,128.597683497838,170.988614169034,138.849082946777,183.674697875977,139.205154418945,185.574859619141,0,126.286781712582,99.7376778110577,143.085637773786,128.022873703314,206.123954772949,118.143613179525,63.2312287105603,107.156070588674,148.639971610827,155.216651916504,104.460850409814,88.7902723168774,150.671016956198,178.757809448242,128.539109271506,152.148719787598,0,130.886686325073,105.363437920286
61.3811183180764,25.9521869528475,44.4572775212063,39.0683962106705,60.6910148033729,103.795281410217,83.8257236480713,65.9664272198214,77.8500944497785,18.5027672938715,87.4252824580416,89.080758637073,47.3130890341366,65.6847996992223,72.4573748097205,62.531337841137,41.0458445427943,57.061736972075,93.9345555305481,74.0068767193666,81.6887662978399,50.9014932636456,32.391362835017,49.9744510680719,37.9676919274452,37.5134182150904,48.2514148810463,40.9894608124107,51.2444896735943,64.7630252005958,59.3518865300628,85.51141182152,100.926393432617,55.9486841157425,66.2727325369367,84.4603112538656,94.8658211781428,72.4439739625147,28.932575497576,73.678827558245,0,107.137279510498,101.262352056671,118.234337234497,35.8873844435721,103.471639112993,102.739952380841,79.7293871099299,91.2537707090378,114.51101437737,55.9375877380371,58.924049307447,100.996658081704,141.402397155762,99.9811085595025,95.1501655578613,69.8249864263849,20.6101987035044,65.2133320328457,54.9511670847886,62.9973515272141,83.7023687700853,70.3114377244228,76.0630490991134,90.1585756142934,77.7116704720717,80.1246649424235,0,79.8034952799479,91.0010157875393
79.3668601989746,133.477310180664,103.814062935965,60.6910148033729,8.51336063355264,0,38.9372737215594,58.1696582763426,87.4265548855651,42.0226849842464,21.8427530979997,0,21.4542166704817,0,99.8442624929,57.9177284240723,166.472991943359,0,0,0,12.1187627335863,0,81.8794661301833,114.127981185913,17.1215627330551,0,148.636361122131,136.280311584473,16.7442000150609,95.0695072874731,88.0840581258138,0,133.739456176758,74.3006306698448,91.5680066888983,132.300080871582,139.733352661133,167.949081420898,84.8897143277255,18.4089914164997,0,144.831198441355,126.042638969421,144.550066861239,93.4682706197103,133.311058794751,0,49.101000610739,0,140.883890969413,0,129.931610107422,0,0,0,12.5696991088316,185.464385986328,125.439998626709,0,100.065169479536,0,200.235443115234,175.831558227539,119.281902597754,152.181720440204,128.874801635742,0,0,151.587024688721,144.831814575195
74.4431686401367,0,0,103.795281410217,0,5.87837255378066,18.2847250040771,115.606605529785,17.2675171813107,107.364605712891,104.38895149231,53.7892829150688,77.1881739298503,66.6848773956299,28.7694061720641,12.5564088816037,95.0896530151367,178.417327880859,0,119.655253092448,119.707347869873,0,106.558364868164,81.4991226196289,121.481580257416,0,87.3589248657227,104.580736160278,111.248295920236,17.8213582702382,130.159881591797,0,9.17438905870574,95.4209289550781,31.8946222391996,0,0,0,104.454132080078,0,0,0,169.815048217773,0,114.609382629395,0,0,0,0,168.906631469727,0,147.988075256348,0,0,0,0,143.095260620117,154.138031005859,143.948837280273,147.268295288086,0,225.610427856445,0,158.990905761719,221.133346557617,167.063865661621,0,0,0,166.900151570638
39.5247817925044,177.286697387695,122.707647252966,83.8257236480713,38.9372737215594,18.2847250040771,7.99656558283458,41.8738190293754,16.014902589795,51.1307807226439,23.2426938008387,73.6248976967552,10.6722202514889,126.018454233805,29.3549399053018,12.1332509600687,78.4736328125,126.178460785837,140.212851437655,143.7291431427,27.5819529209411,106.80138821072,93.7371594111125,117.60311126709,52.3717473192153,0,147.298650953505,139.575405252391,63.7567107693043,30.886086858661,83.5116551373456,106.919395446777,33.0727857745516,80.7760180234909,69.2542199680314,151.280306134905,0,178.192683628627,106.694659985994,148.889305114746,0,158.751420338949,144.194440421412,161.894216466833,107.624489503748,157.418410430083,0,163.143005371094,0,163.312936481677,142.650680541992,153.600664774577,203.535675048828,0,0,151.559428821911,147.455281575521,112.30214621804,183.138284683228,124.066994764367,0,212.529568481445,181.578567504883,138.757283995752,166.302142333984,151.891106414795,0,0,157.574190775553,170.293393816267
26.3704457639687,118.752077484131,87.4630313841568,65.9664272198214,58.1696582763426,115.606605529785,41.8738190293754,10.1290912885704,55.5671187609224,56.1625674386061,13.2327053720994,135.864374934016,41.7497825539268,157.688743591309,25.3668196359545,72.7707880710034,94.7991052515366,94.7721437403286,138.457204461098,126.515627662172,46.5316937186501,72.3984721163486,70.3156060361443,75.9139125167286,51.57611641397,140.890026092529,118.202870133414,109.077454417092,22.6073588701851,55.4907458561104,15.1353011360977,147.254952324761,118.668568929036,54.2723297561792,71.1442154034215,131.355138077695,157.361737060547,150.727584523603,78.4290978148743,123.307052095058,179.345500946045,144.395013566451,116.469223429145,139.081143722282,81.5998324292172,128.986844461315,184.359466552734,155.042686663176,0,137.283380421725,136.963456895616,113.190259205211,174.546787759532,183.569488525391,197.010612487793,141.256612517617,128.883314999667,91.5625468167392,141.998384640541,100.676537734512,191.912467956543,175.425849134905,157.29880907819,114.744759960188,143.203774883129,123.652976466588,208.993545532227,173.73891557966,138.085901950268,144.339435890073
25.8410782611003,133.680135091146,112.648410377922,77.8500944497785,87.4265548855651,17.2675171813107,16.014902589795,55.5671187609224,9.79679028336128,72.6303050623531,21.4090028369941,74.5839816451351,28.4798122995182,117.806454022725,16.9094942914304,19.4677429704912,76.2856335110135,119.379175755366,145.22967933886,139.839285477348,83.0645779200963,101.450588589623,81.0564138081448,110.947978820801,75.7770305208363,124.15938873291,140.556120339087,133.601771366449,77.3881672389868,25.4491776913589,77.2095747083147,158.415033976237,21.4144512914857,72.1260374069214,56.7579463103293,149.304351931713,129.348419189453,166.674205911571,95.1606153710488,143.829909324646,197.313865661621,157.396604877629,134.274981390394,154.177349395172,98.7491528028511,145.901354080591,111.019424438477,160.333673265245,225.47737121582,153.619999190508,161.046417236328,121.969028925492,197.689854548528,248.871032714844,215.047958374023,155.869426229726,141.818711217244,105.268521168193,145.901279449463,119.357054219293,149.982070922852,196.507050690828,176.87207069397,131.753824528141,156.672900899251,141.588937021891,0,196.800098419189,144.907775006975,155.716229724277
60.8545015825544,72.5681937327503,86.9442631703503,18.5027672938715,42.0226849842464,107.364605712891,51.1307807226439,56.1625674386061,72.6303050623531,7.85511287786287,64.008713631008,130.858602752686,14.9337012613973,121.347395670783,74.4447951787455,23.1036360183707,90.5326042175293,122.054437720257,144.248654174805,131.577673435211,33.0708745274567,83.1706614060835,28.0244877656078,95.8527858440693,19.7388594687258,102.430389247796,122.08153666925,104.844714121575,43.5016550085932,68.669860134954,59.1134227123377,132.227544256981,110.582432556152,62.7919410409279,84.6064059448242,107.353891906738,170.867595672607,172.359565734863,60.3370574315389,90.8721858215332,0,109.897912193747,84.9187335968018,122.003948938279,46.4572466298154,103.171654496874,0,94.1937090555827,155.486080771998,117.213933944702,0,91.3306550246019,153.111478169759,182.246276855469,216.479766845703,101.216053624307,113.09534072876,93.982914851262,114.701803940993,67.0896401276459,136.467810058594,181.197741473163,160.10097138778,90.3012721495195,115.023327418736,93.453162935045,174.295799255371,0,121.630138942174,128.587645874023
27.9453277317983,107.752449035645,111.529633920404,87.4252824580416,21.8427530979997,104.38895149231,23.2426938008387,13.2327053720994,21.4090028369941,64.008713631008,8.62314208292521,133.376369476318,15.2606249802541,144.941660563151,39.4558058542986,56.4513484354552,124.123184204102,125.159160448157,160.464850531684,152.75884291705,14.658374970323,107.940648005559,105.289284446023,103.109415009964,56.2839978753965,0,141.598935839156,143.355548049464,20.1801571418596,80.1418859319999,67.49165474529,0,104.010120119367,75.179438502778,84.6036572933834,150.473159377639,165.169403076172,183.243813650949,101.873274772398,134.169582020153,0,149.22376092275,131.55115283163,153.61859068152,104.503590371874,143.899861112554,0,147.441524505615,0,155.23792119773,132.702505111694,133.29757232666,194.043688964844,0,0,94.5751594789326,160.491025652204,127.661711952903,184.462997436523,115.27507117209,0,205.022090911865,188.019098455256,130.175545819981,159.800127430966,143.313683436467,0,185.71704864502,159.11784362793,159.168513706752
123.649817556705,60.2304502578009,68.4665150020434,89.080758637073,0,53.7892829150688,73.6248976967552,135.864374934016,74.5839816451351,130.858602752686,133.376369476318,11.435024057016,146.325273513794,17.5655377910176,63.6597129948934,74.6779221927418,118.37394618988,44.6997961788934,18.6595451922231,24.3353430613905,135.766174316406,81.957202911377,96.785967863523,78.110250120163,136.866701126099,37.7052564497439,32.6196640055462,62.4864936495985,128.466239929199,47.5002140576481,99.4486879488317,44.4925629357337,51.5155014825422,85.8182726259585,22.5027282491743,210.189651489258,88.1567794398258,108.593955993652,78.7408887227376,0,0,0,173.150126139323,209.800491333008,145.567611694336,0,73.8548698908166,0,67.099546535595,220.886566162109,0,171.743255615234,137.052635192871,89.5494507380894,105.576007298061,0,207.833114624023,149.002494812012,173.592254638672,178.545321146647,50.4064954284929,90.281773013532,88.7469599881618,192.648897171021,198.480941772461,176.350682576497,86.7612882650123,0,189.752960205078,117.364333016532
50.2447975703648,102.449176243373,120.89545510032,47.3130890341366,21.4542166704817,77.1881739298503,10.6722202514889,41.7497825539268,28.4798122995182,14.9337012613973,15.2606249802541,146.325273513794,8.03648435520884,162.959907531738,75.5641950650979,13.7266245284469,100.903648376465,124.642135620117,0,147.878295898438,13.6146140730846,112.32776260376,69.3156630572151,99.3760002983941,24.8248238937721,145.84489440918,158.098059517997,139.324868096246,42.7197474597656,92.0862213197302,88.5619502597385,166.209564208984,100.82625579834,85.0371002923875,94.3405225791183,134.326187133789,0,188.493240356445,91.1931610107422,96.045351895419,0,60.7764112684462,130.595678056989,152.167899068197,93.387854470147,113.43860234441,0,9.17396962896943,0,146.216510227748,0,120.176605224609,0,0,0,15.7307917281032,0,0,169.486038208008,100.627046896861,0,0,159.627182006836,125.968216497248,148.414810180664,118.306644439697,0,0,152.490158081055,136.369183858236
141.808197021484,55.3132770939877,104.984949111938,65.6847996992223,0,66.6848773956299,126.018454233805,157.688743591309,117.806454022725,121.347395670783,144.941660563151,17.5655377910176,162.959907531738,9.40110006769142,96.3140437239308,154.192558288574,124.305024539723,97.8528742980957,47.1240547196981,67.3963104170196,158.66104888916,145.702512741089,89.8276675635693,135.890001798931,121.563064884495,24.7833849675077,32.2575553488074,29.7015788454827,157.813572970304,76.8436129154303,131.86597997492,18.741496855273,81.1980419158936,142.055686950684,57.741496534429,167.072647094727,77.8998270131121,126.225700378418,68.4958063761393,0,0,189.763076782227,181.730094909668,0,135.342159873561,0,71.3885965259797,0,64.043798293143,170.615295410156,0,0,140.207014083862,93.1218186920764,111.316282942488,0,153.580017089844,143.334377288818,167.408821105957,149.337644788954,45.9724113148536,87.5744495833459,83.0818821546285,161.823291778564,159.04776763916,177.276526557075,80.8596361909318,0,0,122.764316358064
11.6793160452274,123.547622680664,103.729738151502,72.4573748097205,99.8442624929,28.7694061720641,29.3549399053018,25.3668196359545,16.9094942914304,74.4447951787455,39.4558058542986,63.6597129948934,75.5641950650979,96.3140437239308,7.90330287022871,26.5817700212187,85.1014430706318,109.217387657835,118.797879382817,126.173527599366,90.4909229114138,87.215451018451,70.3176767898038,99.4629023923712,82.6478436955392,123.405228751046,130.077024626641,125.480766362729,77.1915045994584,19.2792453971305,52.5020534237831,115.473170073136,18.461821800874,31.3671233353106,38.3094343526066,139.390025806427,163.943834940592,154.077399418272,94.2092293372521,184.744293212891,209.806884765625,159.143357086182,133.732890931387,157.682291974078,92.8283729996792,155.588978160511,173.518608093262,205.343561808268,109.686683654785,155.212866986384,168.869079589844,113.412306773512,170.677429199219,214.93807220459,188.381248474121,153.4211970738,134.442716710708,94.5679695187634,128.668068006201,124.315001166849,167.96523030599,180.875119231468,176.412037725034,130.360732256356,151.699000852894,133.371147722811,0,199.386589050293,140.879638502333,150.51181980349
51.8313490923713,106.797852516174,116.72561899821,62.531337841137,57.9177284240723,12.5564088816037,12.1332509600687,72.7707880710034,19.4677429704912,23.1036360183707,56.4513484354552,74.6779221927418,13.7266245284469,154.192558288574,26.5817700212187,7.65909446589,94.5680694580078,111.39794921875,155.428482055664,124.097549438477,58.3060933403347,0,67.656873366412,125.8274269104,34.477489176414,149.573928833008,153.546879855069,123.359111183568,60.636346952183,27.7325197464853,91.4069881439209,113.807029724121,43.4401719257085,42.6626004305753,35.556293830443,162.407897949219,0,179.186935424805,131.243713378906,81.1055574417114,0,145.262895584106,132.378011067708,209.35383605957,71.9958374023438,110.885771179199,0,68.3718490600586,0,171.180996365017,0,156.579088846842,0,0,0,124.617782592773,0,110.69352722168,133.024101257324,92.1208822830864,0,186.94248453776,0,133.306211324839,164.325455559625,140.544329325358,0,0,144.481231689453,152.508883666992
73.9843150774638,64.636859357357,79.022383758,41.0458445427943,166.472991943359,95.0896530151367,78.4736328125,94.7991052515366,76.2856335110135,90.5326042175293,124.123184204102,118.37394618988,100.903648376465,124.305024539723,85.1014430706318,94.5680694580078,12.1052007664188,97.4905551486545,145.303126743862,123.059414672852,0,15.0318353701569,29.6147564875498,14.0546987973359,26.4287510448751,97.0449028015137,94.2465554506351,35.8453310879743,38.3110372380408,72.2750441551209,60.1673737010737,114.042984906365,0,54.8246883816189,86.2592243637357,0,90.2147636413574,104.977051619645,67.4299617343479,0,0,0,142.90087890625,175.525970458984,0,159.900810241699,0,0,180.214252471924,0,0,98.9031473795573,137.551906161838,0,144.509613037109,0,108.561785611239,54.1287738800049,95.3618969255024,80.6022109985352,154.640289306641,137.368903061439,118.466897053762,112.116846084595,0,118.067418416341,167.479125976562,0,0,115.780714035034
93.9246967310608,48.963084094695,31.680139929894,57.061736972075,0,178.417327880859,126.178460785837,94.7721437403286,119.379175755366,122.054437720257,125.159160448157,44.6997961788934,124.642135620117,97.8528742980957,109.217387657835,111.39794921875,97.4905551486545,9.76899964430607,50.9231058621237,24.5615371822494,133.490768432617,53.1310442604458,82.7003807322184,19.5497706576454,120.946700767235,50.7211616179522,31.5783388823054,61.6713681715438,104.864302422236,86.7817943913596,73.6295181016619,75.3161050765241,110.993459065755,78.9203319549561,31.9646669018341,194.162322998047,98.0696296691895,103.016696232121,75.8989991687593,0,0,0,173.128106689453,215.658147176107,114.339958190918,173.147201538086,141.500700814383,0,128.389302870807,147.767395019531,0,140.759984697614,109.22742232384,124.691207885742,115.355828888562,227.752029418945,170.972630092076,112.265058224018,123.251054503701,175.528806898329,98.1425727844238,100.701358949851,99.1826139461359,163.007740565709,151.409923553467,150.624155381147,129.22922668457,0,165.18537902832,115.914356306487
128.717661960869,85.4954539404975,77.1212959289551,93.9345555305481,0,0,140.212851437655,138.457204461098,145.22967933886,144.248654174805,160.464850531684,18.6595451922231,0,47.1240547196981,118.797879382817,155.428482055664,145.303126743862,50.9231058621237,7.15657089325732,14.9614415690722,0,108.170101630978,117.567921287135,93.7827232160066,152.120994567871,53.0409397439858,25.0301060112,60.2012094558525,138.330070018768,110.435911729601,115.995920210439,46.2072672619916,87.7830004010882,103.627222282942,54.3212197698661,0,107.15726852417,140.759195963542,154.908164978027,0,0,0,0,0,0,0,108.749169158936,0,89.4679931265409,0,0,0,125.907933044434,100.993699466481,114.008149464925,0,0,139.64968363444,175.000095367432,204.836322784424,66.0037811597188,100.294835191024,95.4498034485983,204.991073608398,0,196.024345397949,107.333932240804,0,0,115.375817435128
119.503451214959,75.9559628233618,65.4568434525865,74.0068767193666,0,119.655253092448,143.7291431427,126.515627662172,139.839285477348,131.577673435211,152.75884291705,24.3353430613905,147.878295898438,67.3963104170196,126.173527599366,124.097549438477,123.059414672852,24.5615371822494,14.9614415690722,7.68464751874016,164.900695800781,90.6018471490769,108.965110354953,78.1168237237369,142.592154502869,48.8473651360492,25.66705629008,63.5757599726236,123.89407933012,102.771852934077,101.704136189167,59.5632685877342,81.1575055440267,93.1696115840565,42.4266587477006,195.813652038574,128.364265441895,127.234360736349,111.579926082066,0,0,0,0,0,157.513175964355,0,100.44222869873,217.344680786133,102.143993897872,236.826446533203,0,0,121.496733983358,106.146462660569,103.415002644857,0,145.112567901611,164.164932250977,155.889990488688,190.630360921224,76.6164089838664,99.9696412283993,100.394318755885,203.965782165527,216.639682769775,165.803890228271,112.114631652832,0,206.4609375,123.713441848755
76.4563875198364,127.902698516846,158.868209838867,81.6887662978399,12.1187627335863,119.707347869873,27.5819529209411,46.5316937186501,83.0645779200963,33.0708745274567,14.658374970323,135.766174316406,13.6146140730846,158.66104888916,90.4909229114138,58.3060933403347,0,133.490768432617,0,164.900695800781,10.9038904309273,154.248336791992,107.102421569824,159.79945119222,28.8872675616997,0,148.020553588867,156.644292195638,28.3707331156137,92.2044752626594,81.2814610799154,185.25212097168,124.260551452637,83.7403433828643,92.527624998575,155.357685089111,0,172.152389526367,95.5783222743443,101.592302280924,0,147.424069213867,140.910429000854,162.342790686566,111.829626464844,147.709867046725,203.880828857422,155.838380177816,0,164.872239854601,166.02897644043,149.679107666016,0,0,0,28.6625483588045,226.397552490234,152.229511260986,208.635185241699,113.880786002347,0,0,0,136.013203846325,164.058590975675,147.563522338867,0,0,165.992828369141,164.033958435059
71.9563660515679,87.3207985162735,64.2006602540033,50.9014932636456,0,0,106.80138821072,72.3984721163486,101.450588589623,83.1706614060835,107.940648005559,81.957202911377,112.32776260376,145.702512741089,87.215451018451,0,15.0318353701569,53.1310442604458,108.170101630978,90.6018471490769,154.248336791992,9.84220077840931,47.8232451632777,24.0657161967743,14.3314885042047,121.585049220494,100.145693623163,68.0018270998336,19.9227965295571,46.5443326334383,26.721899728646,120.396135965983,100.050071716309,47.7684548590794,40.6275057111164,113.642953139085,104.97025604248,110.974520972712,70.0034692244096,143.10969543457,0,141.544792175293,151.410450675271,0,108.503594398499,156.933335876465,0,0,0,144.406983057658,0,106.474578054328,137.07294346736,181.870491027832,173.51983833313,0,106.82362716917,67.5165707484428,106.173605949496,113.157279014587,0,149.102064888432,114.789399405087,104.557783944266,113.61082574093,104.607358520508,0,0,116.252667302671,111.994741187905
59.8186874751803,27.2542923131933,48.3839078920077,32.391362835017,81.8794661301833,106.558364868164,93.7371594111125,70.3156060361443,81.0564138081448,28.0244877656078,105.289284446023,96.785967863523,69.3156630572151,89.8276675635693,70.3176767898038,67.656873366412,29.6147564875498,82.7003807322184,117.567921287135,108.965110354953,107.102421569824,47.8232451632777,8.3736123952859,46.0704143391916,28.4142348896483,69.3482206872672,86.2083001585819,39.3150157999312,53.3923209514327,60.3048215040827,53.7481907401422,99.4851140022278,98.0080646168102,46.0361257842543,60.8020531833172,109.765296936035,132.133560180664,79.838977995373,39.7002195535704,124.593154907227,0,147.858240763346,104.002920574612,164.981550216675,91.6144573688507,132.283068847656,141.490966796875,165.097244262695,131.099327468872,113.575291061401,0,65.8741376206682,118.049625743519,158.651420593262,156.08701133728,137.09659491645,74.5237680053711,8.01363373207692,71.3671190224442,95.7990131378174,109.153375244141,130.327132396209,86.6099681655566,90.3802922946304,93.8907447228065,85.5459994265908,157.051040649414,136.110794067383,99.5736236572266,100.062237946883
85.5018015868541,58.207962619091,26.3324186195708,49.9744510680719,114.127981185913,81.4991226196289,117.60311126709,75.9139125167286,110.947978820801,95.8527858440693,103.109415009964,78.110250120163,99.3760002983941,135.890001798931,99.4629023923712,125.8274269104,14.0546987973359,19.5497706576454,93.7827232160066,78.1168237237369,159.79945119222,24.0657161967743,46.0704143391916,12.095668817615,53.9735592630623,92.9342282035134,67.431684201854,41.5904586132334,39.3026067668894,18.4813322669094,47.9039443769213,120.803097588675,124.185139973958,64.7492665236558,45.7213222222399,153.263897487095,105.278800201416,95.7079776446935,70.0520018900721,114.261924743652,0,180.930219650269,150.610051245916,180.662840470024,116.484127044678,160.036252421717,0,0,159.930601755778,159.408897204277,0,104.491494129866,112.312334323752,237.140518188477,142.368290863037,126.73681640625,112.800818651572,62.2881178006259,100.355430438047,127.524112035358,159.724700927734,124.697155336652,96.2606734738698,137.378026074126,139.046118600028,119.916039176609,183.24089050293,0,138.644902547201,110.980190256916
67.8832317666162,75.9878318681629,93.2038404625582,37.9676919274452,17.1215627330551,121.481580257416,52.3717473192153,51.57611641397,75.7770305208363,19.7388594687258,56.2839978753965,136.866701126099,24.8248238937721,121.563064884495,82.6478436955392,34.477489176414,26.4287510448751,120.946700767235,152.120994567871,142.592154502869,28.8872675616997,14.3314885042047,28.4142348896483,53.9735592630623,9.59526391237442,102.56071472168,126.848811858623,79.3954709762499,15.132345101936,76.3339915182597,68.4658743120589,133.737278620402,122.210053651229,67.402695898774,83.1861810397385,121.06604752244,139.320046016148,147.611683153126,64.1635527575803,42.3462311766402,160.480461120605,125.278778688155,105.950441745417,130.023905611586,65.9714731285252,114.040683187021,198.577587127686,110.769711146279,171.946195329939,130.405579645922,132.445682750029,94.9857036290544,165.10004901886,224.680374145508,187.253700256348,68.4753142535327,114.202053705851,79.3554786553904,134.236714828846,79.9379537030003,160.220153808594,172.78112745285,153.030980536278,102.88196274091,133.167209435301,113.68873753755,190.381332397461,163.278652191162,122.639121650247,131.985398006439
120.583035060338,29.6320864217622,73.791005452474,37.5134182150904,0,0,0,140.890026092529,124.15938873291,102.430389247796,0,37.7052564497439,145.84489440918,24.7833849675077,123.405228751046,149.573928833008,97.0449028015137,50.7211616179522,53.0409397439858,48.8473651360492,0,121.585049220494,69.3482206872672,92.9342282035134,102.56071472168,10.5769526665463,43.3099755445232,28.6477042434604,134.777812004089,98.458199893727,104.886709514417,43.62098823153,85.9382553100586,104.574138641357,61.6413397678109,0,66.5776258267854,98.9456329345703,62.5897019126199,0,0,0,116.636054992676,0,119.483142852783,0,69.3626832047554,0,59.6971185583817,0,0,159.749130249023,103.99696459089,81.3838938960323,88.8337551997258,0,145.125366210938,141.029846191406,122.464324951172,124.968658447266,29.8925824369703,75.0123207804921,69.3907822155562,0,0,134.13655090332,73.6030013402303,0,0,103.165278986881
118.348924372081,48.1909922943372,28.321657318001,48.2514148810463,148.636361122131,87.3589248657227,147.298650953505,118.202870133414,140.556120339087,122.08153666925,141.598935839156,32.6196640055462,158.098059517997,32.2575553488074,130.077024626641,153.546879855069,94.2465554506351,31.5783388823054,25.0301060112,25.66705629008,148.020553588867,100.145693623163,86.2083001585819,67.431684201854,126.848811858623,43.3099755445232,14.533196251048,32.7321946476612,100.936308962823,107.934107529844,105.217378775879,23.7609609894079,103.516556575381,105.789802514765,57.3499262362432,201.249926249186,92.9153471928017,100.402024068606,74.4797654215495,227.625122070312,0,212.771644592285,180.036594259328,200.46342976888,177.078819274902,199.056506817157,102.924367168162,0,90.3842113794065,206.504623413086,199.482971191406,141.154793990286,102.193623601708,102.418195724487,102.796351684774,0,135.159505844116,122.358562142508,117.93310892989,183.200450166743,69.8082349023154,92.0862466451043,90.914065352336,190.067274856567,166.828669956752,148.046585930718,103.140786791605,0,199.653253173828,112.582108132881
115.72351568291,31.5335784725024,24.1939816557987,40.9894608124107,136.280311584473,104.580736160278,139.575405252391,109.077454417092,133.601771366449,104.844714121575,143.355548049464,62.4864936495985,139.324868096246,29.7015788454827,125.480766362729,123.359111183568,35.8453310879743,61.6713681715438,60.2012094558525,63.5757599726236,156.644292195638,68.0018270998336,39.3150157999312,41.5904586132334,79.3954709762499,28.6477042434604,32.7321946476612,13.4413949496691,72.9586369870353,110.957268072358,104.259823713101,23.1466542844567,99.1082817077637,112.457953567505,64.3630218611052,158.93236541748,86.2119752883911,89.378537470009,59.6226343656841,197.571418762207,0,0,150.604847774327,178.760532545007,140.528475080218,165.912445068359,107.066294352214,175.045181274414,95.272603279856,171.224274375222,215.544036865234,120.876814591257,103.44618936959,109.666851461369,108.961510245864,158.626487731934,115.730352838355,53.6107168768409,107.341464859593,156.41963097988,71.7619132102533,96.3240201677329,91.8985791576749,150.14906190571,165.001916182669,141.059647521973,110.599377538117,0,153.066078186035,112.260293825077
65.4129310018596,104.891279069204,65.4466101142762,51.2444896735943,16.7442000150609,111.248295920236,63.7567107693043,22.6073588701851,77.3881672389868,43.5016550085932,20.1801571418596,128.466239929199,42.7197474597656,157.813572970304,77.1915045994584,60.636346952183,38.3110372380408,104.864302422236,138.330070018768,123.89407933012,28.3707331156137,19.9227965295571,53.3923209514327,39.3026067668894,15.132345101936,134.777812004089,100.936308962823,72.9586369870353,8.97213197759026,71.7601198258196,37.8038795366548,138.91505279541,118.097699598833,59.5145393036314,71.5496790318279,119.805230894045,139.519804382324,129.938374099731,71.0997566439752,119.512545792453,166.563541412354,129.197802417683,108.125592586499,131.290059800582,73.2115318417964,126.117833085669,192.827377319336,137.069223106454,219.337051391602,131.187712344045,133.345137652229,92.4546810052334,152.718539567427,0,180.762115478516,131.050503995875,104.59583962482,73.5436724254063,120.391699842505,93.9201752377443,187.789138793945,161.842222701672,133.624186499194,106.62985744099,131.868919628579,108.62193701312,0,161.294443766276,120.918630739538,131.153718479344
13.1784083613016,122.812797546387,96.6852363414979,64.7630252005958,95.0695072874731,17.8213582702382,30.886086858661,55.4907458561104,25.4491776913589,68.669860134954,80.1418859319999,47.5002140576481,92.0862213197302,76.8436129154303,19.2792453971305,27.7325197464853,72.2750441551209,86.7817943913596,110.435911729601,102.771852934077,92.2044752626594,46.5443326334383,60.3048215040827,18.4813322669094,76.3339915182597,98.458199893727,107.934107529844,110.957268072358,71.7601198258196,7.73179151191528,21.5799682657369,105.293066101074,8.76114574654302,12.3348123280071,25.0064389142414,144.44634951078,0,128.788312276204,91.4636628685928,176.985637664795,170.48210144043,164.682357788086,138.919701198362,169.113049825033,98.1675689074458,166.135852520282,0,175.969848632812,91.947021484375,151.50400837985,0,114.951274934362,167.090740458171,0,181.251035417829,145.457977294922,119.505881079312,84.5458859092311,116.239536096554,132.132132040488,202.160263061523,162.000886737176,146.193168227737,132.578644242029,146.564412858751,130.135081604449,185.829956054688,0,123.10435889749,138.387493299401
22.0906821012946,99.6175262451172,70.9890531791158,59.3518865300628,88.0840581258138,130.159881591797,83.5116551373456,15.1353011360977,77.2095747083147,59.1134227123377,67.49165474529,99.4486879488317,88.5619502597385,131.86597997492,52.5020534237831,91.4069881439209,60.1673737010737,73.6295181016619,115.995920210439,101.704136189167,81.2814610799154,26.721899728646,53.7481907401422,47.9039443769213,68.4658743120589,104.886709514417,105.217378775879,104.259823713101,37.8038795366548,21.5799682657369,9.59774979198204,136.162520559211,120.398816426595,29.0481938572079,41.1397847298663,116.553340014289,130.664834976196,130.351660996854,80.4422170751235,159.562286376953,0,164.935934448242,121.852359525619,163.51186536706,78.6193276087443,149.409322402057,194.951301574707,0,185.438079833984,139.244130359996,0,102.341286040189,154.438319025813,0,175.343301626352,157.142817179362,112.681964477539,74.8477624405262,109.228775811964,114.43695036833,157.479316711426,157.360651463638,143.026438616324,109.557340507628,125.223726070628,111.024867958122,0,163.713333129883,115.233121236165,127.371499908104
150.614440917969,66.7484306707615,91.4234559631348,85.51141182152,0,0,106.919395446777,147.254952324761,158.415033976237,132.227544256981,0,44.4925629357337,166.209564208984,18.741496855273,115.473170073136,113.807029724121,114.042984906365,75.3161050765241,46.2072672619916,59.5632685877342,185.25212097168,120.396135965983,99.4851140022278,120.803097588675,133.737278620402,43.62098823153,23.7609609894079,23.1466542844567,138.91505279541,105.293066101074,136.162520559211,6.2172971440748,91.3978741963704,125.015760803223,74.4790449621471,0,101.913357784874,171.348449707031,93.8941579546247,0,0,0,0,0,183.678466796875,0,93.0179317262438,0,86.3373111495772,0,0,0,141.762243906657,101.664096998132,118.520681883159,0,0,160.065212249756,219.338325500488,177.527725219727,68.7068400562258,97.3094868306094,94.8324045984242,208.376693725586,0,202.826293945312,98.7111974219753,0,178.564758300781,133.691633496966
77.5515842437744,0,92.2528686523438,100.926393432617,133.739456176758,9.17438905870574,33.0727857745516,118.668568929036,21.4144512914857,110.582432556152,104.010120119367,51.5155014825422,100.82625579834,81.1980419158936,18.461821800874,43.4401719257085,0,110.993459065755,87.7830004010882,81.1575055440267,124.260551452637,100.050071716309,98.0080646168102,124.185139973958,122.210053651229,85.9382553100586,103.516556575381,99.1082817077637,118.097699598833,8.76114574654302,120.398816426595,91.3978741963704,4.96591300192452,68.0419006347656,35.7239907199474,176.227322896322,0,223.394180297852,137.090849558512,0,0,217.090751647949,165.730527131454,193.788495381673,131.647696358817,182.166137695312,83.4734878540039,0,0,194.978888617622,0,142.0234375,0,0,206.779541015625,220.586761474609,165.086463928223,119.993057250977,0,163.553641001383,0,0,0,167.07262878418,192.132654825846,161.470853303608,0,0,203.9873046875,182.736613464355
32.9898090308208,81.6586369105748,102.89321975708,55.9486841157425,74.3006306698448,95.4209289550781,80.7760180234909,54.2723297561792,72.1260374069214,62.7919410409279,75.179438502778,85.8182726259585,85.0371002923875,142.055686950684,31.3671233353106,42.6626004305753,54.8246883816189,78.9203319549561,103.627222282942,93.1696115840565,83.7403433828643,47.7684548590794,46.0361257842543,64.7492665236558,67.402695898774,104.574138641357,105.789802514765,112.457953567505,59.5145393036314,12.3348123280071,29.0481938572079,125.015760803223,68.0419006347656,6.3102671232329,24.7774741888215,137.854205322266,0,122.335177285331,95.5559104283651,133.590225219727,0,160.268753051758,132.06889184316,148.835209369659,76.6883125305176,150.683508555094,0,199.780685424805,163.657165527344,160.336132049561,0,115.753738735033,129.873219807943,0,0,152.489128112793,104.531099402386,74.8581529700238,101.194186646261,117.596691003006,0,149.382580301036,144.472116947174,126.45462370572,133.301864624023,106.370408226462,0,0,119.100912729899,125.146159580776
59.544891922259,51.0672033374049,56.495606569038,66.2727325369367,91.5680066888983,31.8946222391996,69.2542199680314,71.1442154034215,56.7579463103293,84.6064059448242,84.6036572933834,22.5027282491743,94.3405225791183,57.741496534429,38.3094343526066,35.556293830443,86.2592243637357,31.9646669018341,54.3212197698661,42.4266587477006,92.527624998575,40.6275057111164,60.8020531833172,45.7213222222399,83.1861810397385,61.6413397678109,57.3499262362432,64.3630218611052,71.5496790318279,25.0064389142414,41.1397847298663,74.4790449621471,35.7239907199474,24.7774741888215,10.2892056545159,153.027943004261,117.446067810059,104.162894774019,87.2291251781375,204.704452514648,0,173.246054077148,154.382112989239,171.631991179093,99.5376286506653,158.210736592611,105.399072265625,0,107.334724627043,165.519575613516,0,124.836208841075,111.753909398639,110.579569498698,125.746412913005,173.257380167643,131.228529959014,90.618872572736,119.364580931487,131.351573460539,93.3207393993031,114.377867587777,105.951818759625,143.721390965473,156.024784851074,134.476459863051,143.269756317139,0,156.148698286577,134.956542737556
132.15198135376,126.590675354004,166.982526779175,84.4603112538656,132.300080871582,0,151.280306134905,131.355138077695,149.304351931713,107.353891906738,150.473159377639,210.189651489258,134.326187133789,167.072647094727,139.390025806427,162.407897949219,0,194.162322998047,0,195.813652038574,155.357685089111,113.642953139085,109.765296936035,153.263897487095,121.06604752244,0,201.249926249186,158.93236541748,119.805230894045,144.44634951078,116.553340014289,0,176.227322896322,137.854205322266,153.027943004261,10.0477451220106,97.6332503098708,93.3848042280778,59.9515223959218,75.8517928745436,63.0044682820638,39.3517986536026,28.153610978651,24.591936525961,62.9410453351956,54.2797473327094,108.760397518382,75.2999109056261,127.075705308181,10.9217075827926,35.87419458536,59.3335526784261,91.4509114928165,119.140239542181,111.161803768323,74.1384417082134,68.0234553193393,55.7420253938842,88.4071637506354,64.3701176208125,143.806221008301,111.917855994791,113.693544734608,60.3532461678712,11.0859546877587,22.7596600808409,140.721211751302,68.3385848999023,22.8874140873551,48.5454144460249
211.482025146484,81.7235832214355,81.129124045372,94.8658211781428,139.733352661133,0,0,157.361737060547,129.348419189453,170.867595672607,165.169403076172,88.1567794398258,0,77.8998270131121,163.943834940592,0,90.2147636413574,98.0696296691895,107.15726852417,128.364265441895,0,104.97025604248,132.133560180664,105.278800201416,139.320046016148,66.5776258267854,92.9153471928017,86.2119752883911,139.519804382324,0,130.664834976196,101.913357784874,0,0,117.446067810059,97.6332503098708,5.19958965554422,37.7568270021731,34.1813832778557,0,109.537508646647,0,110.801032571232,125.117247687446,55.483933981458,126.478413391113,54.2483178856838,228.381698608398,49.2017685392766,108.225179672241,95.6783828735352,80.1525694529216,51.9057858909413,70.6163639068604,60.3161217825753,126.515701293945,80.0760627746582,26.6803441589142,65.4445608579195,64.3211216143708,19.548651132363,44.0500862082255,28.8727894933457,98.0942908695766,94.4275097094084,87.9918649694422,63.310270854405,89.0219383239746,77.1431172019557,66.3895557369806
145.160616760254,87.3840581720526,89.1833693639329,72.4439739625147,167.949081420898,0,178.192683628627,150.727584523603,166.674205911571,172.359565734863,183.243813650949,108.593955993652,188.493240356445,126.225700378418,154.077399418272,179.186935424805,104.977051619645,103.016696232121,140.759195963542,127.234360736349,172.152389526367,110.974520972712,79.838977995373,95.7079776446935,147.611683153126,98.9456329345703,100.402024068606,89.378537470009,129.938374099731,128.788312276204,130.351660996854,171.348449707031,223.394180297852,122.335177285331,104.162894774019,93.3848042280778,37.7568270021731,10.6770235415752,38.2261659113947,0,150.812149047852,117.155866042427,78.1401960551146,112.611241816336,87.4567317962646,97.3180600195816,95.2218944004604,112.091893735139,93.8978042602539,102.509640807406,129.374460220337,65.7095336547265,34.4987871564579,95.3064629690988,76.6012378614776,142.801813761393,56.6461908209179,41.2458268530358,21.44939065582,96.9420479419185,68.7429218292236,27.9834573344458,22.5091320644586,57.957060376381,127.300058538263,48.0594375867648,95.4191207885742,0,113.92073544589,66.2448325546799
