12.8025426821818,127.878326416016,92.6398380157795,75.2712684472402,94.1428703894982,65.4195861816406,62.246160859647,29.2527717824685,34.4093214372455,67.5444573402405,69.1687969878046,147.598836517334,105.460269927979,159.375967025757,15.1696375778438,64.610767364502,0,94.5364203437116,123.646436055501,113.758271196153,89.4289623758067,66.3492222226899,84.5959715162005,78.0654187366342,85.7894345938441,0,115.700339884698,123.914963262544,78.4634433720736,16.7988051395966,29.3791735630354,166.013824462891,66.6186347007751,36.8431769395486,96.8365849358695,123.181228637695,153.840835571289,159.630367279053,88.8549783229828,123.197662353516,0,153.908055623372,128.300891876221,146.642738342285,84.8305813925607,124.08812713623,0,158.046539306641,192.493927001953,152.855097452799,0,0,184.208740234375,0,190.966094970703,164.948440551758,148.784492492676,83.3025360107422,167.140914916992,121.374448922964,0,171.916620427912,169.413352735115,130.339416503906,153.426974487305,135.447365897042,0,0,0,172.003646850586
127.878326416016,8.29311757981598,48.2693298884801,18.2964463393083,105.64820098877,0,0,124.642069498698,120.516774495443,65.0065426775642,131.757141113281,69.2802841265996,109.940120273166,49.935435758991,154.601631164551,104.751977103097,68.594952583313,55.6952228624959,68.3339920043945,61.0400409292667,82.0522486368815,102.881877051459,27.2138323980679,86.7338610967,81.8723426118565,25.4220613127059,45.6928241505342,30.1013200665621,113.807708740234,111.71614074707,106.076011451515,64.5904148101807,83.7765426635742,102.800988769531,62.7652608235677,153.422286987305,75.4719914027623,103.272061398155,44.897667239694,0,0,0,182.932525634766,0,112.807563781738,154.224655151367,97.6557184855143,0,80.4239487531708,0,0,162.553161621094,91.8940196567112,110.244171142578,98.5898332338075,139.522018432617,91.8003234863281,110.980387878418,120.644340515137,124.767219543457,78.0758724212646,84.001627710765,89.5432798420941,230.092834472656,136.372787475586,139.760971069336,112.008087158203,0,0,89.0107777913411
92.6398380157795,48.2693298884801,13.7832206919312,46.3991494891713,136.842007107205,172.869529724121,133.70019692315,98.0313667873846,119.663311311934,122.584667499249,115.365909363343,91.3691032375146,128.547919718424,93.6985801634241,113.9956803389,126.556622823079,90.1811273362901,40.1651872069363,104.087307929993,78.9024427273129,159.310766601563,68.6729118607261,46.4723340606689,26.3992782655957,106.952429931288,92.7048123677572,31.822307347708,29.310579884848,88.4792006044331,117.023189345303,87.0631541667446,91.4293112405917,189.799499511719,102.127535705566,57.9827790324488,170.145433213976,66.2671878390842,91.0564378831564,65.2161162716525,0,0,193.271628243583,165.074820828725,192.963539123535,140.374889373779,171.856797067743,140.725689358181,0,134.663505554199,180.666533620734,0,118.911665562221,105.667155950972,137.472061157227,124.593769815233,156.738677978516,112.975569291548,72.794980741802,100.32214943482,155.344638335399,122.257961273193,106.965779058395,90.6266125424505,165.487865679192,179.714401245117,141.447156654214,164.681599934896,0,188.196380615234,111.160255334316
75.2712684472402,18.2964463393083,46.3991494891713,19.6280602370991,64.670637512207,106.290321350098,78.2539325596131,66.620209312439,80.0361208664743,21.3797758220451,77.5952193361854,88.0510430472238,74.8676936030388,54.2359806445607,90.6694420056465,83.3596006120954,41.8010032314045,61.0792992155431,59.9024829864502,58.5064620027448,68.000704560961,53.4792706757913,18.2211335797709,52.6636737964595,43.0598515996442,26.4880664815332,50.0123186896436,35.7576901702187,56.9109246435482,72.4804142367455,54.6568598257451,67.015947946688,99.2362823486328,56.7175346314907,60.915597866065,138.13720703125,72.531636873881,84.1722423274343,33.9148959227971,80.0859756469727,0,167.403747558594,93.0024375915527,150.118398030599,41.5107816505432,137.036493937174,86.1343460083008,0,77.3024329917375,178.770830790202,39.9280548095703,68.0915509585677,121.089328317081,104.178858947754,86.7582177248868,0,84.5750007629395,48.816467444102,95.3412703311805,62.3231286341601,61.6210341155529,91.0376988190871,83.3756669362386,98.1988565849535,71.6014404296875,89.2533367701939,120.751444498698,0,141.346176147461,122.360367366246
94.1428703894982,105.64820098877,136.842007107205,64.670637512207,8.22174867359619,125.222518412272,62.7365984637508,35.9373471933253,94.7254424506638,52.5920151670774,26.7879353183867,189.985987345378,36.2297804448813,183.594551086426,101.082713677631,69.5818500735543,93.0634918212891,0,0,0,10.9892470309148,151.9484375,58.1545520782471,119.293875558036,23.2735166459713,0,157.152450561523,134.504158655802,16.4910780173819,94.1483180517003,85.6142995925177,0,0,85.6063078100031,92.2068451472691,0,176.884536743164,176.865264892578,87.5541701065867,8.40029247886166,0,147.738555908203,134.121447881063,170.052932739258,83.4742042541504,109.44819427939,0,56.3250270298549,0,165.792897542318,0,0,0,0,0,13.0521378676522,166.370208740234,0,0,101.438405107771,0,0,201.575500488281,84.3039999586163,149.956006368001,196.582229614258,0,0,135.122100830078,162.009506225586
65.4195861816406,0,172.869529724121,106.290321350098,125.222518412272,6.33608734461358,11.054326031395,108.186585617065,22.800357455568,115.370934077672,108.977426951168,68.7473626748109,92.005668517082,73.2642979621887,34.0493327402461,13.0840693577049,0,161.41444905599,0,140.226522445679,116.120166397095,159.465240478516,97.5676040649414,155.259909493583,114.856125241234,75.3082529703776,151.613396644592,140.812628428141,121.693669377541,23.1542153871769,108.076642071759,0,10.9701862710999,0,30.8496570754469,0,0,0,118.928533935547,172.632797241211,0,0,186.069110870361,197.84294128418,119.705635070801,173.908416748047,0,0,92.5755157470703,203.644180297852,0,0,0,0,0,0,0,0,0,168.059387207031,0,225.707504272461,144.284820556641,168.560998535156,210.706207275391,169.094657897949,0,0,0,0
62.246160859647,0,133.70019692315,78.2539325596131,62.7365984637508,11.054326031395,10.0429042275649,53.8282125674612,24.2260368712853,75.3510262072086,30.6177718333087,132.057482850318,25.0579784960542,163.770191860199,35.444137641026,13.1117783950746,221.660003662109,145.913827045147,148.142736162458,168.227598190308,45.5769805089154,106.046424502418,96.1981879340278,123.730381705544,76.7414639809635,188.074478149414,154.127569705625,149.984844378571,69.7846862441901,35.5927899715189,98.7961016644488,195.30653889974,15.2107226904188,84.1794237337614,54.5035865821838,157.849478721619,0,187.733595414595,88.4478008451916,114.856280008952,0,140.86103105545,137.053013537304,171.775935779918,84.9257304851825,156.537720138962,0,104.979253428323,0,167.613482157389,146.744606018066,0,192.876312255859,0,234.08959197998,142.580406188965,168.307998657227,0,181.668194580078,123.704485051082,0,0,193.344432830811,139.531258594559,166.010928505345,147.724966430664,0,0,0,158.82999420166
29.2527717824685,124.642069498698,98.0313667873846,66.620209312439,35.9373471933253,108.186585617065,53.8282125674612,10.3735259353465,53.8116645046335,56.997357462937,16.3496334774702,163.884376692946,52.0424576389972,165.589257447616,32.4486896051153,72.018089455618,115.664895629883,112.794527309888,137.630171457926,139.949047088623,50.7456127471924,63.6552439262779,86.792586406072,80.7722685873705,58.4165124993708,171.627697753906,127.721024856903,117.81161914961,29.2878511193439,69.7937045053362,18.3178592710778,168.908902424138,108.914589621804,64.2883275283708,86.4529623089263,135.338609059652,130.323759460449,162.073926361514,75.7756352424622,95.5712982524525,0,136.968003359708,125.495249938965,157.022194862366,77.868740923993,143.401476796468,0,118.046156841776,215.437901814779,160.543299357096,158.313858032227,132.194424099392,173.613180977958,0,213.399291992188,130.531453450521,152.174813406808,115.016135582557,159.907897949219,100.783422137678,220.365524291992,185.920198139391,159.838529522499,127.357548863897,150.504985207006,139.58767758883,224.926849365234,0,132.655841827393,149.358493381076
34.4093214372455,120.516774495443,119.663311311934,80.0361208664743,94.7254424506638,22.800357455568,24.2260368712853,53.8116645046335,12.8965068741621,74.2889953704926,30.7113523923309,142.152121634232,66.8423214854149,145.622288480718,17.840952860379,28.0136296746644,171.468729654948,122.704689518098,119.934182484945,143.752606566523,83.9575340183302,94.4582659648015,106.886146053191,107.44034692565,88.3847775926777,66.4027786254883,137.730896826713,141.675331423742,85.6662362237297,33.044266482785,74.900439325115,164.76231918335,12.9519960297104,75.5454215397911,67.4331216894347,145.952868143717,181.560302734375,177.90942864669,92.1882603784122,136.432435212312,0,153.738355407715,140.47858274101,167.525385343111,87.9530775976963,157.156227411008,0,126.39741398738,229.751698811849,164.739516122001,144.539861043294,187.966506958008,191.839510236468,0,199.713584899902,140.958857218424,162.791681289673,148.884143066406,182.642898995536,123.342573691448,196.644897460938,204.071403503418,182.708048203412,137.476695351451,163.768062282253,149.05530841534,0,207.51921081543,163.201919555664,152.981721357866
67.5444573402405,65.0065426775642,122.584667499249,21.3797758220451,52.5920151670774,115.370934077672,75.3510262072086,56.997357462937,74.2889953704926,9.09119766699453,70.7137940724691,133.130406764516,9.51115737922691,127.61550501369,78.3734034774895,19.1633481153801,63.6659933725993,130.104927960564,134.924549102783,138.757691519601,23.8895984677036,70.04445104599,27.6749508177993,105.712489835678,26.4880384961696,109.744138563642,128.302740688982,113.697210238817,51.1400448986783,73.9982322204155,60.1605841658498,143.91454853731,123.528401692708,60.8703787194358,94.0170414348443,157.390060424805,171.187438964844,155.89302332261,23.0684074189733,118.023825073242,0,127.65603129069,111.869693946838,119.530773162842,40.2593067706316,116.146184648786,190.527140299479,70.1037279764811,156.192019535945,117.517250061035,54.2845878601074,103.33368174235,168.236976623535,0,205.704391479492,103.035977172852,120.941331863403,78.7338600158691,154.460947036743,70.1311031892338,153.227584838867,191.600704738072,172.849967384338,106.492979739575,138.201978410993,111.172929763794,198.3391456604,0,176.912536621094,0
69.1687969878046,131.757141113281,115.365909363343,77.5952193361854,26.7879353183867,108.977426951168,30.6177718333087,16.3496334774702,30.7113523923309,70.7137940724691,10.3166808368165,172.100695800781,28.9770573522527,176.607054118869,53.2568988055783,71.9901457180942,106.670700073242,142.280077303373,117.574768066406,146.214851379395,17.3879394641362,91.8465181899397,106.883417276236,103.889866239044,59.4001139515864,0,141.087559882631,131.56466876384,29.8965982720454,85.063667972546,83.1883720196552,181.63693745931,120.962415483263,77.8727944432473,87.3659513085289,192.342063903809,0,180.00514348348,86.4852283311927,35.053320080085,0,153.3813652216,141.736786130875,174.348777770996,90.2437614889706,156.320950182178,0,128.695777395497,239.14176940918,184.133039686415,141.454319000244,157.6588003976,179.802223205566,0,0,134.107140572866,143.606297810872,151.99388558524,167.437108910602,114.980260285464,0,192.464166641235,177.469384706937,149.111827199052,175.609136882581,139.951150894165,211.014053344727,212.754379272461,161.005996704102,177.664354596819
147.598836517334,69.2802841265996,91.3691032375146,88.0510430472238,189.985987345378,68.7473626748109,132.057482850318,163.884376692946,142.152121634232,133.130406764516,172.100695800781,14.1060311756205,142.661578708225,22.1778176856692,142.005626289212,111.094512939453,146.250172932943,46.9940710425495,23.5892249269625,23.4340161632623,188.533630371094,100.328502931457,106.904740127863,88.832092827191,159.361359750071,27.0855683231681,26.0664941407079,62.4150710114694,158.466948019492,74.7097044057779,111.093773993893,38.453964547489,56.83225440979,96.3017558345088,35.547804257781,193.958740234375,84.4245440165202,135.064643351237,102.455078798182,0,0,240.225036621094,204.156631469727,0,172.082927703857,0,104.402171664768,0,75.9939477209951,0,0,203.967414855957,145.940139076926,101.021117470481,132.42298307873,0,176.322260538737,115.732837677002,160.453405761719,170.436212158203,66.9542266300746,106.149864377355,109.407867255578,241.621154785156,0,199.925399780273,92.9131649158619,0,0,137.254625956217
105.460269927979,109.940120273166,128.547919718424,74.8676936030388,36.2297804448813,92.005668517082,25.0579784960542,52.0424576389972,66.8423214854149,9.51115737922691,28.9770573522527,142.661578708225,10.9496226115998,163.803010940552,85.3051543190076,14.0817301199856,0,174.128531561957,181.99772644043,192.389984130859,17.4939855613099,116.910568237305,55.8737219296969,121.240440368652,22.0961130524129,0,159.613327319805,131.739912509918,45.8775228096025,82.8196563647904,110.528090300383,191.104843139648,105.16628434923,78.7351541933806,82.2245349884033,155.789404296875,180.506614685059,0,78.6335568283543,46.0393936997753,0,130.676965077718,137.597118671124,175.863409423828,60.57255853189,144.005972027779,0,10.0232274609704,0,93.0051498413086,58.9317982991536,113.861427307129,0,0,0,9.47387583582025,152.237724304199,106.903274536133,0,103.442684148153,0,174.129852294922,170.656717300415,140.165097236633,166.896553039551,0,0,0,150.85400390625,161.910842895508
159.375967025757,49.935435758991,93.6985801634241,54.2359806445607,183.594551086426,73.2642979621887,163.770191860199,165.589257447616,145.622288480718,127.61550501369,176.607054118869,22.1778176856692,163.803010940552,8.83815725501965,153.525285482407,115.800121307373,132.812672673439,90.5017775203405,47.1576332178983,64.3351847424227,155.544441223145,144.76158396403,96.3925733439128,114.208775030118,150.155939403333,13.6168963487317,34.8371395245336,34.9981796192376,159.593742974371,83.3993251085281,144.302016350531,16.5545053747651,64.8933486938477,155.15266418457,52.8532988215067,222.415313720703,96.7066289116354,143.338768698952,93.3278899559608,244.810134887695,0,0,212.509041922433,205.501281738281,165.325605392456,0,76.0374198913574,0,62.228827301526,0,0,190.138439178467,145.2439258282,106.33029460907,116.701329095023,197.212463378906,181.789321899414,115.04655456543,172.681004842122,187.593981424967,54.227581688852,108.808778365453,104.06762184126,190.61767578125,161.710968017578,177.360809326172,87.568332002874,0,0,107.833550453186
15.1696375778438,154.601631164551,113.9956803389,90.6694420056465,101.082713677631,34.0493327402461,35.444137641026,32.4486896051153,17.840952860379,78.3734034774895,53.2568988055783,142.005626289212,85.3051543190076,153.525285482407,8.92040355385433,39.8902168538835,148.347023010254,113.809091826046,146.165718078613,126.698525278192,95.5933705687523,83.9990131281599,90.5214249395555,100.854483985105,92.8769672645463,145.367050170898,135.237178370158,135.102173021735,88.4609823789891,18.8162036771217,53.4411576201095,173.516890785911,14.3627954416783,60.7716590981734,69.4344184432231,158.598765781948,0,181.521244190357,99.3993951172388,127.238378671499,0,158.586658477783,142.223148299987,171.858532992276,99.0128825261043,164.58327653673,0,137.643684387207,232.933135986328,162.751658121745,0,136.174743652344,183.63151550293,0,180.127807617188,162.550704956055,177.190563201904,143.373699733189,172.062770843506,130.888538678487,0,182.918030682732,176.702187930836,143.257804234823,167.523418426514,141.878165749943,229.398208618164,0,167.620782034738,167.850183486938
64.610767364502,104.751977103097,126.556622823079,83.3596006120954,69.5818500735543,13.0840693577049,13.1117783950746,72.018089455618,28.0136296746644,19.1633481153801,71.9901457180942,111.094512939453,14.0817301199856,115.800121307373,39.8902168538835,7.46012708244613,0,153.167673110962,0,0,63.7443455892896,95.1600889726119,73.4928401311239,111.389779663086,45.5401242493983,159.901153564453,145.160210829515,136.114462280273,67.0654581380008,32.7838000142297,89.8339088439941,0,32.51449929008,81.9847640991211,42.8691352914881,0,0,0,102.104537963867,0,0,0,146.491434733073,0,63.88263575236,208.922988891602,0,81.4228229522705,172.465881347656,0,0,140.867568969727,0,0,0,0,151.812850952148,181.184326171875,0,138.904473304749,0,0,199.117111206055,135.092861175537,0,0,0,0,0,169.258407592773
0,68.594952583313,90.1811273362901,41.8010032314045,93.0634918212891,0,221.660003662109,115.664895629883,171.468729654948,63.6659933725993,106.670700073242,146.250172932943,0,132.812672673439,148.347023010254,0,16.2642525959272,108.3650390625,0,139.687194824219,0,24.5833062956595,31.6732104535645,20.3566543330501,32.9160321075946,105.949469430106,111.934406439463,31.0916228496281,43.7035548423957,94.5857026841905,73.6867374108762,130.869374847412,0,68.1473831763634,80.8148846735149,122.312892913818,73.3746871948242,123.161555773591,56.561425341181,176.208786010742,0,155.627174377441,128.592300415039,0,100.256164550781,161.457580566406,204.50732421875,0,171.347610473633,133.572967529297,0,91.3797694667992,137.994878133138,0,178.102160644531,0,107.165029747898,63.0369110185592,97.1335829874984,100.579628547926,134.680541992188,159.281819763184,108.477215712818,116.541563561622,134.6306346013,110.796986464913,189.764862060547,0,104.228005981445,109.630605220795
94.5364203437116,55.6952228624959,40.1651872069363,61.0792992155431,0,161.41444905599,145.913827045147,112.794527309888,122.704689518098,130.104927960564,142.280077303373,46.9940710425495,174.128531561957,90.5017775203405,113.809091826046,153.167673110962,108.3650390625,9.8261971722667,49.6586977709895,22.340188512368,0,43.0337379164923,84.0262061885146,21.2967525285942,130.904840229977,68.5072797139486,29.7435424917108,62.2706963860689,124.784935966181,100.729219325839,72.1930111869454,84.2758335386004,0,85.2601996582824,31.5227843254482,163.046340942383,78.6575989834098,99.1492869831122,70.5594348271688,175.949310302734,0,202.661392211914,169.765512906588,193.387199401855,148.177616664342,185.051834106445,127.010915120443,0,125.612904612223,191.326583862305,0,139.900428161621,110.139935167101,133.965336608887,113.388216619622,0,143.440570606905,107.29782670544,119.232627517509,164.977019931959,94.1810042063395,99.1203174920921,101.406068072752,179.067333766392,192.041898727417,154.433003425598,148.520886012486,234.55891418457,0,116.968009210402
123.646436055501,68.3339920043945,104.087307929993,59.9024829864502,0,0,148.142736162458,137.630171457926,119.934182484945,134.924549102783,117.574768066406,23.5892249269625,181.99772644043,47.1576332178983,146.165718078613,0,0,49.6586977709895,6.82243838235169,9.07084702550103,0,99.6721912730824,166.04434967041,93.1490161501128,160.481216430664,39.1731332891128,15.8019665350019,61.0945221806916,151.246768951416,106.263021469116,111.258725436229,50.6145820154084,0,187.562408447266,59.6659318940615,0,129.311770121257,122.50951385498,123.549583435059,0,0,0,221.212966918945,236.381591796875,0,0,96.4407548904419,0,80.8621589115688,0,0,127.37727355957,137.704109191895,103.042017850009,130.770096588135,0,0,0,151.739151000977,0,66.5953125423855,98.2241863012314,99.8137606828572,242.268264770508,132.995452880859,0,96.0229314168294,0,0,111.620463562012
113.758271196153,61.0400409292667,78.9024427273129,58.5064620027448,0,140.226522445679,168.227598190308,139.949047088623,143.752606566523,138.757691519601,146.214851379395,23.4340161632623,192.389984130859,64.3351847424227,126.698525278192,0,139.687194824219,22.340188512368,9.07084702550103,8.08624079901947,0,77.6970321486668,106.885635375977,57.3815265732471,156.167606506348,44.433504550488,18.6498870589565,64.0746384360391,148.489580731059,114.647626945938,91.1397432634386,54.8589154685416,182.886688232422,90.7538496653239,41.8381402490611,187.743125915527,88.3979367707905,107.435966128395,73.3089963127585,0,0,0,186.930979410807,176.711547851562,180.737380981445,0,93.8590332378041,0,86.6633792114258,226.796257019043,0,147.022941589355,112.678984398935,100.112830618153,104.910221226168,223.211685180664,201.759544372559,111.248542785645,136.096699305943,180.150369262695,68.3744013015538,93.7820887619631,96.8422663802274,198.721115112305,156.483123779297,166.288076400757,98.2646215612238,0,0,121.394551312482
89.4289623758067,82.0522486368815,159.310766601563,68.000704560961,10.9892470309148,116.120166397095,45.5769805089154,50.7456127471924,83.9575340183302,23.8895984677036,17.3879394641362,188.533630371094,17.4939855613099,155.544441223145,95.5933705687523,63.7443455892896,0,0,0,0,7.63485159775297,138.431259155273,59.1670168708352,163.831966400146,25.7685702978847,130.45873260498,203.750747680664,140.582942485809,30.0925984852899,91.4907656384122,128.748601740057,0,123.307193756104,87.6216468811035,89.9796654251981,159.38639831543,0,243.992080688477,90.7869210243225,10.7976487700631,0,175.048370361328,146.915948347612,142.632141113281,91.3794407564051,154.102633884975,0,11.026231444122,0,188.012756347656,0,146.547718048096,0,0,0,11.6657370812184,0,104.449195861816,164.61506652832,123.825714782044,0,0,200.035713195801,143.885830434163,158.969858805339,0,0,0,0,0
66.3492222226899,102.881877051459,68.6729118607261,53.4792706757913,151.9484375,159.465240478516,106.046424502418,63.6552439262779,94.4582659648015,70.04445104599,91.8465181899397,100.328502931457,116.910568237305,144.76158396403,83.9990131281599,95.1600889726119,24.5833062956595,43.0337379164923,99.6721912730824,77.6970321486668,138.431259155273,11.303444103959,51.4451104005178,28.645337192924,22.7396978765726,0,103.310574386526,69.6584453276698,23.2478701802686,75.1558551212285,27.5023811411844,149.672849655151,0,48.035523286421,41.5907480740563,127.638044504019,129.097579956055,138.391831117518,66.0288477452596,122.632944742839,0,154.856707255046,120.28725766464,141.546495056152,89.4103775024414,155.655930655343,174.721088409424,151.699981689453,0,154.961422511509,119.646987915039,98.6951918520059,153.578662578876,166.385711669922,162.217703385787,0,111.840270072535,74.9594493901954,116.625855309623,99.0579376526695,0,155.20856552124,131.826894718365,112.993445859777,120.664086618731,109.703640436109,210.357727050781,155.499969482422,114.917779922485,131.078501614657
84.5959715162005,27.2138323980679,46.4723340606689,18.2211335797709,58.1545520782471,97.5676040649414,96.1981879340278,86.792586406072,106.886146053191,27.6749508177993,106.883417276236,106.904740127863,55.8737219296969,96.3925733439128,90.5214249395555,73.4928401311239,31.6732104535645,84.0262061885146,166.04434967041,106.885635375977,59.1670168708352,51.4451104005178,7.70946164383046,51.8952421620773,30.341404401056,78.313111441476,92.7300145937049,39.1774309972622,53.7579686080167,71.487627945547,51.4000223429633,103.747148850385,0,47.2743151693633,60.7146073203338,85.6669006347656,96.233877658844,105.368358514248,13.8694789618561,153.677291870117,0,149.578899383545,116.942477998279,0,85.9402720133464,124.205696105957,114.521530151367,0,132.762620192308,123.152319590251,0,69.4884521107615,134.955633799235,0,127.63807220459,0,83.0259632208409,45.7189055804549,85.798410067351,93.1796203189426,110.020748138428,145.735241360135,100.174644880517,97.4625074680035,95.8689098358154,94.5554278237479,143.13716506958,0,0,106.334799872504
78.0654187366342,86.7338610967,26.3992782655957,52.6636737964595,119.293875558036,155.259909493583,123.730381705544,80.7722685873705,107.44034692565,105.712489835678,103.889866239044,88.832092827191,121.240440368652,114.208775030118,100.854483985105,111.389779663086,20.3566543330501,21.2967525285942,93.1490161501128,57.3815265732471,163.831966400146,28.645337192924,51.8952421620773,15.497202450658,69.0683666082139,115.911341667175,65.8844516237994,43.2451482694212,58.8608813829758,88.3790361744234,50.1812466547072,118.025721958705,0,63.651187701103,47.1428613456398,147.230639987522,82.0923456134218,98.3447372719749,64.5463819367266,0,0,170.893951416016,155.24374273549,187.393994140625,143.441051483154,187.220692561223,155.826139177595,149.623832702637,153.897055489676,172.910113334656,0,96.6945305592105,122.276549788546,138.186462402344,147.492605168769,208.484130859375,111.658285000515,70.0137850641277,103.799130114532,133.429210057752,128.929244995117,134.874429321289,97.1112057194005,140.072875075675,146.983753476824,126.595243167033,185.162666320801,0,142.092885971069,119.464384727871
85.7894345938441,81.8723426118565,106.952429931288,43.0598515996442,23.2735166459713,114.856125241234,76.7414639809635,58.4165124993708,88.3847775926777,26.4880384961696,59.4001139515864,159.361359750071,22.0961130524129,150.155939403333,92.8769672645463,45.5401242493983,32.9160321075946,130.904840229977,160.481216430664,156.167606506348,25.7685702978847,22.7396978765726,30.341404401056,69.0683666082139,14.0388213721121,127.541677530529,128.023488436344,96.6103908109719,21.8876015893663,83.825061837965,72.8907871024656,156.743537405263,125.38587697347,69.6742822681231,84.6606142048731,130.460994720459,138.798075358073,151.093241112255,56.6283405313616,110.24101969775,183.496673583984,127.435961376537,114.127503579927,141.87715618427,60.9380421524413,134.135219777425,157.027244567871,103.578651787253,188.834436416626,147.386590469715,104.190481503805,97.6764968595197,178.137391771589,0,188.791098854759,117.054020937751,111.620146002651,67.8633227529405,138.455223182579,95.0143891664042,179.579447428385,188.880918970648,157.941843179556,111.858595401278,131.662224032355,110.733231477959,233.611048380534,185.495422363281,123.23191746303,146.103475174814
0,25.4220613127059,92.7048123677572,26.4880664815332,0,75.3082529703776,188.074478149414,171.627697753906,66.4027786254883,109.744138563642,0,27.0855683231681,0,13.6168963487317,145.367050170898,159.901153564453,105.949469430106,68.5072797139486,39.1731332891128,44.433504550488,130.45873260498,0,78.313111441476,115.911341667175,127.541677530529,9.7683824662066,42.7040551437099,28.1173660224005,143.044626676119,76.2781095197124,130.352361043294,43.8126293953429,59.7924830118815,96.9639358520508,58.2355961956329,0,65.7882002724542,109.85439491272,50.6986712445034,0,0,0,200.886706542969,0,141.197871815075,0,70.0769171167592,0,51.3971864272137,195.183799743652,0,0,102.230809020996,84.033637046814,93.0794121135365,0,0,94.362850189209,174.676597595215,158.12456258138,39.8725856391269,78.4303584893544,75.9103342726799,208.797470092773,178.279210408529,154.827835083008,71.1464611605594,0,0,106.637639363607
115.700339884698,45.6928241505342,31.822307347708,50.0123186896436,157.152450561523,151.613396644592,154.127569705625,127.721024856903,137.730896826713,128.302740688982,141.087559882631,26.0664941407079,159.613327319805,34.8371395245336,135.237178370158,145.160210829515,111.934406439463,29.7435424917108,15.8019665350019,18.6498870589565,203.750747680664,103.310574386526,92.7300145937049,65.8844516237994,128.023488436344,42.7040551437099,12.6156523996523,29.8610858539334,127.00633435843,120.187094914793,103.618479405105,16.6215825311278,115.820203781128,103.309793522928,59.6386302411669,175.169711642795,84.4401792620049,95.6451865983845,69.9652025757766,178.886825561523,0,203.377685546875,180.344757520236,199.517658580433,164.405188878377,188.583839416504,98.0404392787388,204.150085449219,86.7270170916361,190.9680424443,0,136.089828078811,102.708351624451,99.4017689252141,100.955420957343,230.859329223633,147.293964809842,122.1047976017,124.561841956012,174.526401580326,72.1832020192207,91.0520512864945,93.0278560762142,191.835295024671,163.494315176299,156.011015173507,98.0582359549926,224.231880187988,161.484608968099,111.993146888883
123.914963262544,30.1013200665621,29.310579884848,35.7576901702187,134.504158655802,140.812628428141,149.984844378571,117.81161914961,141.675331423742,113.697210238817,131.56466876384,62.4150710114694,131.739912509918,34.9981796192376,135.102173021735,136.114462280273,31.0916228496281,62.2706963860689,61.0945221806916,64.0746384360391,140.582942485809,69.6584453276698,39.1774309972622,43.2451482694212,96.6103908109719,28.1173660224005,29.8610858539334,14.3970257993428,76.4807381780542,129.055559554903,106.632134731646,22.6232785411992,133.015277862549,110.034763569735,66.1337232304501,176.225813293457,67.6265090251791,87.372987757951,59.7675345037303,197.188095092773,156.817571004232,182.805528259277,164.359401173835,184.282930162218,153.706168611171,177.91368328157,102.974586432321,187.422154744466,84.2402167210688,176.340122396296,181.063639322917,98.9267731871199,102.956904565914,107.606422388995,108.979977726936,191.498184204102,119.33996144208,67.8550375089303,100.956591573731,156.115495281455,71.9517177012509,94.1477308884335,90.2432307174674,153.113887519993,172.023007264008,145.305623979711,103.342450973835,214.549965994699,157.197468844327,110.326566302856
78.4634433720736,113.807708740234,88.4792006044331,56.9109246435482,16.4910780173819,121.693669377541,69.7846862441901,29.2878511193439,85.6662362237297,51.1400448986783,29.8965982720454,158.466948019492,45.8775228096025,159.593742974371,88.4609823789891,67.0654581380008,43.7035548423957,124.784935966181,151.246768951416,148.489580731059,30.0925984852899,23.2478701802686,53.7579686080167,58.8608813829758,21.8876015893663,143.044626676119,127.00633435843,76.4807381780542,11.0062378020405,80.9657257079243,37.6945998677527,160.035902808694,134.119264041676,64.1610485305552,64.1500799735261,124.344943523407,167.139526367188,153.794615053663,67.3666217009909,53.4572848784838,155.309692382812,138.251924078149,116.157461787205,146.35298701695,75.3794920295849,140.328015479816,208.643683297294,111.094685823489,193.527516682943,145.088131944672,112.034290660511,109.073819597191,165.831330798921,201.865036010742,206.517511367798,125.939957162608,120.450084821552,75.0162651284227,140.0898494328,99.0280060100655,180.531270345052,190.016962687174,152.17524001772,117.635226866052,134.656812780044,113.251938875056,0,0,130.213717651367,135.968566542405
16.7988051395966,111.71614074707,117.023189345303,72.4804142367455,94.1483180517003,23.1542153871769,35.5927899715189,69.7937045053362,33.044266482785,73.9982322204155,85.063667972546,74.7097044057779,82.8196563647904,83.3993251085281,18.8162036771217,32.7838000142297,94.5857026841905,100.729219325839,106.263021469116,114.647626945938,91.4907656384122,75.1558551212285,71.487627945547,88.3790361744234,83.825061837965,76.2781095197124,120.187094914793,129.055559554903,80.9657257079243,11.0941547017428,28.326844163832,122.500998602973,9.75384520371425,14.0549250289166,37.0286858610102,144.10561021169,190.760391235352,176.127481875212,85.5278120982794,124.549433390299,0,165.943607012431,136.001506279839,153.741633365029,93.8205083635118,162.876287551153,207.278663635254,135.237432861328,212.299407958984,171.169163671033,114.867057800293,116.390044784546,171.30938551161,163.178115844727,179.5089908176,156.051235492413,135.987556033664,82.3306397332086,159.929880523682,123.094422951412,120.931007385254,167.375964467118,177.989078740964,133.77131972202,152.26256362915,128.60347873562,189.865386962891,0,142.39706993103,149.152281799316
29.3791735630354,106.076011451515,87.0631541667446,54.6568598257451,85.6142995925177,108.076642071759,98.7961016644488,18.3178592710778,74.900439325115,60.1605841658498,83.1883720196552,111.093773993893,110.528090300383,144.302016350531,53.4411576201095,89.8339088439941,73.6867374108762,72.1930111869454,111.258725436229,91.1397432634386,128.748601740057,27.5023811411844,51.4000223429633,50.1812466547072,72.8907871024656,130.352361043294,103.618479405105,106.632134731646,37.6945998677527,28.326844163832,12.075504058197,142.297827584403,105.749174935477,26.8447889536453,37.1520437292345,121.890281383808,117.853891645159,149.838232842045,69.2660352752477,148.775540161133,146.587371826172,137.160759665749,118.776664082129,154.521699367425,79.4209930937169,146.677945454915,176.635309855143,150.839907836914,172.082321166992,145.450543267386,129.443405151367,97.6796645589813,160.946454456874,164.039657592773,170.801613302792,145.209014892578,109.892019822047,69.4613172779913,125.088677621657,103.889284258574,179.947077433268,151.738728927354,149.505515831104,115.927314384665,131.556878112083,110.717493836309,166.118576049805,210.964569091797,124.276147460937,131.527321464137
166.013824462891,64.5904148101807,91.4293112405917,67.015947946688,0,0,195.30653889974,168.908902424138,164.76231918335,143.91454853731,181.63693745931,38.453964547489,191.104843139648,16.5545053747651,173.516890785911,0,130.869374847412,84.2758335386004,50.6145820154084,54.8589154685416,0,149.672849655151,103.747148850385,118.025721958705,156.743537405263,43.8126293953429,16.6215825311278,22.6232785411992,160.035902808694,122.500998602973,142.297827584403,7.12992453319264,89.8240966796875,120.417432785034,73.8620613968521,0,101.649765014648,140.429910447862,92.5056321885851,0,0,0,206.291976928711,0,178.030323028564,0,100.573039179263,0,80.2839132753137,0,0,157.065200805664,143.539930555556,103.388262781604,127.495773647142,0,165.610855102539,127.219615936279,160.68782043457,184.571556091309,71.4936710404761,107.784243137716,107.296946033679,204.22428894043,0,0,100.226237692484,0,0,108.182311164008
66.6186347007751,83.7765426635742,189.799499511719,99.2362823486328,0,10.9701862710999,15.2107226904188,108.914589621804,12.9519960297104,123.528401692708,120.962415483263,56.83225440979,105.16628434923,64.8933486938477,14.3627954416783,32.51449929008,0,0,0,182.886688232422,123.307193756104,0,0,0,125.38587697347,59.7924830118815,115.820203781128,133.015277862549,134.119264041676,9.75384520371425,105.749174935477,89.8240966796875,4.76908734672418,0,32.315333366394,0,0,0,114.984283447266,0,0,0,170.148452758789,0,0,0,0,0,0,232.928802490234,0,0,0,0,0,0,0,0,0,180.123291015625,0,0,122.751914978027,167.761306762695,0,0,0,0,0,0
36.8431769395486,102.800988769531,102.127535705566,56.7175346314907,85.6063078100031,0,84.1794237337614,64.2883275283708,75.5454215397911,60.8703787194358,77.8727944432473,96.3017558345088,78.7351541933806,155.15266418457,60.7716590981734,81.9847640991211,68.1473831763634,85.2601996582824,187.562408447266,90.7538496653239,87.6216468811035,48.035523286421,47.2743151693633,63.651187701103,69.6742822681231,96.9639358520508,103.309793522928,110.034763569735,64.1610485305552,14.0549250289166,26.8447889536453,120.417432785034,0,7.87133165705214,16.3234403120761,114.869132995605,0,147.441236707899,68.9663915513437,131.75656191508,0,141.659883771624,117.345006306966,152.991254170736,83.9753528594971,145.740167954389,0,122.161883036296,204.893371582031,151.569157918294,112.569053649902,88.3078779493059,148.249008178711,0,164.325373331706,142.01360648019,109.797755241394,58.829793214798,137.97940826416,109.179416614574,0,160.196867624919,152.769939769398,116.10599425987,139.304474240258,111.554437425401,0,0,104.415561676025,141.306771414621
96.8365849358695,62.7652608235677,57.9827790324488,60.915597866065,92.2068451472691,30.8496570754469,54.5035865821838,86.4529623089263,67.4331216894347,94.0170414348443,87.3659513085289,35.547804257781,82.2245349884033,52.8532988215067,69.4344184432231,42.8691352914881,80.8148846735149,31.5227843254482,59.6659318940615,41.8381402490611,89.9796654251981,41.5907480740563,60.7146073203338,47.1428613456398,84.6606142048731,58.2355961956329,59.6386302411669,66.1337232304501,64.1500799735261,37.0286858610102,37.1520437292345,73.8620613968521,32.315333366394,16.3234403120761,10.2838716417427,140.098038991292,89.8256799909804,101.188156331768,81.747609436967,144.731844388522,0,161.199798583984,140.701469237546,177.283994402204,109.776113510132,156.81629889352,138.81554751926,114.350247701009,118.657052357992,175.491051355998,98.2639770507812,100.837641332567,115.76233067232,132.866508483887,126.212042111069,157.163582938058,119.986250559489,85.3478454889036,111.419489860535,117.259362154229,96.1019308725993,113.418751811499,108.695743160074,124.881403155031,148.941792170207,124.536240521599,134.182220458984,0,118.463312149048,136.151663084288
123.181228637695,153.422286987305,170.145433213976,138.13720703125,0,0,157.849478721619,135.338609059652,145.952868143717,157.390060424805,192.342063903809,193.958740234375,155.789404296875,222.415313720703,158.598765781948,0,122.312892913818,163.046340942383,0,187.743125915527,159.38639831543,127.638044504019,85.6669006347656,147.230639987522,130.460994720459,0,175.169711642795,176.225813293457,124.344943523407,144.10561021169,121.890281383808,0,0,114.869132995605,140.098038991292,11.5430986175491,134.41840431907,121.483838719907,63.6423761396844,92.3357543945312,99.1122512817383,37.9881304296954,38.4724409205203,25.0331001782167,68.7904410660267,59.5721463746224,132.072052191268,70.1925536564418,152.375159989542,24.9736726580396,18.563121989622,83.4849011456525,111.260090819928,129.72516401424,122.24922030694,93.7174556438739,75.7002350860441,95.3310029166085,100.225029088274,78.4431120752405,148.943640136719,128.128985298006,134.022244840055,85.9161935474562,17.8511791913401,26.4795150426153,149.66985648019,105.857052971335,29.9477007772864,54.8323366830801
153.840835571289,75.4719914027623,66.2671878390842,72.531636873881,176.884536743164,0,0,130.323759460449,181.560302734375,171.187438964844,0,84.4245440165202,180.506614685059,96.7066289116354,0,0,73.3746871948242,78.6575989834098,129.311770121257,88.3979367707905,0,129.097579956055,96.233877658844,82.0923456134218,138.798075358073,65.7882002724542,84.4401792620049,67.6265090251791,167.139526367188,190.760391235352,117.853891645159,101.649765014648,0,0,89.8256799909804,134.41840431907,6.59471933238268,40.0895998356706,15.6038095971217,96.9397354125977,0,163.014015197754,128.108339456411,140.249663543701,67.9756891960716,125.91509437561,68.7195891522347,0,46.2294931212742,136.874436629446,100.186602783203,63.6210580713609,54.7423804531013,73.8630424499512,57.6011049855295,0,81.3924231529236,16.9939518694145,65.687714270183,75.859670790759,19.4386311797514,41.3799745423637,28.0655928695436,123.189459664481,129.204299926758,109.018392944336,69.1046895345052,75.6061248779297,0,63.9689889717102
159.630367279053,103.272061398155,91.0564378831564,84.1722423274343,176.865264892578,0,187.733595414595,162.073926361514,177.90942864669,155.89302332261,180.00514348348,135.064643351237,0,143.338768698952,181.521244190357,0,123.161555773591,99.1492869831122,122.50951385498,107.435966128395,243.992080688477,138.391831117518,105.368358514248,98.3447372719749,151.093241112255,109.85439491272,95.6451865983845,87.372987757951,153.794615053663,176.127481875212,149.838232842045,140.429910447862,0,147.441236707899,101.188156331768,121.483838719907,40.0895998356706,13.5310042262012,44.8070746056828,125.386360168457,162.892715454102,131.546059951566,105.437821148623,127.655420991918,97.1143759833442,116.881336035878,116.736693162184,145.521664546086,104.166900946169,128.590912940419,142.305132293701,85.4843275149663,42.8107497125435,103.94851214091,76.3468746903766,151.78705851237,71.5749173798692,45.2940451387336,34.727343031794,101.287183999213,95.4668183326721,27.6404240057125,31.0246796996782,98.4870853244134,139.848006673606,97.5235315894308,86.4647302173433,173.7425365448,110.428502953571,70.3032793447461
