10.8397869919509,121.797772725423,89.3192653715179,89.7582911615786,88.3381118774414,87.6048901875814,73.7253711700439,27.8263505827906,23.5258312334264,68.325739118788,48.6055583765011,143.799145834787,80.7576522827148,146.925479888916,9.05133116794938,71.3468376159668,154.555725097656,96.1516587489231,142.787690904405,118.653096398642,76.9071299235026,66.7248541859392,67.5857742854527,82.7598281778315,87.0236253738403,0,116.861731396875,126.982350138875,52.4836092401723,9.61289453560701,23.3645448250951,153.332450866699,0,16.9715380173141,75.4702690555203,0,0,159.700408935547,94.1071300506592,0,0,167.455749511719,136.110458374023,156.049947102865,94.2604598999023,0,222.640975952148,0,0,0,0,144.222396850586,181.756902058919,0,211.688415527344,78.3764266967773,137.522644042969,185.030075073242,175.278427124023,128.934429168701,0,0,164.325614081489,133.859909330096,180.501930236816,125.813743591309,0,199.629348754883,142.54651260376,159.543942260742
121.797772725423,6.80138561472042,39.0872281635299,11.8978412298917,75.9187774658203,176.131011962891,137.005670547485,121.062835693359,126.407035262496,62.1983102714427,135.392035484314,73.2907025473458,88.7106119791667,48.5178939047314,130.424229431152,93.2636337280273,71.9266252337762,54.6104687890341,83.4020828833947,58.9139301946254,106.295036315918,82.7153652736119,20.3491295427261,56.1036248501436,80.968017085906,12.8287954547123,46.2221870640595,27.2135695068697,101.694229275573,107.046178991144,96.6631203787667,69.2055621147156,0,102.137936401367,57.3400194903165,97.6042556762695,42.7569042841593,60.6183670043945,19.5775651931763,0,0,142.708068847656,119.07448832194,144.229721069336,118.078936258952,0,112.537956237793,121.227624893188,101.437159220378,132.346923828125,0,75.8296127319336,77.7307659952264,0,108.153471374512,190.258804321289,96.72092628479,96.6969299316406,86.96423605214,121.340329488118,77.5377039909363,75.8406209945679,64.115438117981,160.791636149089,103.357986450195,231.28050994873,0,0,0,67.4336094326443
89.3192653715179,39.0872281635299,12.3253983032369,42.6107977925746,119.826747131348,181.21516418457,124.110724815956,83.3076471656477,114.028705575181,99.0524012756348,96.4546985313541,86.7941963662907,122.350028514862,77.7346105185583,104.638809798502,128.243920898437,78.8576020254216,41.7534080436163,81.9445647852761,66.5106455895208,116.10967036656,56.059094916489,50.0039084027795,21.8964397118185,96.701801562528,76.2692222595215,28.7469863154076,32.2745476026367,68.3158388143404,87.1576506804686,64.6684144991138,81.7288536886567,179.649345397949,98.3585741996765,67.7873010691277,185.698135375977,92.8450664520264,90.4889766263861,76.6894597072227,0,0,203.784915500217,149.164398574829,185.414947509766,133.094161987305,0,140.934593200684,0,128.790679931641,169.540945265028,0,114.531339240797,102.82089661629,0,121.328160762787,0,122.837982177734,92.8261417295875,102.369360913287,150.748243219712,130.963748931885,106.069881011029,91.933595252949,147.852675588507,168.474225997925,127.352951049805,150.949798583984,0,145.198135375977,111.94364253954
89.7582911615786,11.8978412298917,42.6107977925746,19.6717574460166,42.5227617213601,80.4986953735352,78.7387912750244,59.1701848680323,101.572308246906,13.4115707517874,73.0502459904919,63.9753320572224,52.2990530753622,38.1293844335219,93.2692195044623,37.6493029594421,42.4108434440498,57.7646027523662,76.0839151654925,61.0551292641649,50.454656904394,55.5704958444405,20.1948501558865,51.5254731886112,36.9742328078721,19.4604463272457,46.2547731761478,38.320066978542,53.1631767118038,79.5789380250154,62.4948522081562,72.1762161254883,176.216613769531,65.1077825344675,61.7078434144608,102.338729858398,31.1556902246655,53.5889260078389,12.6725427820569,108.298737335205,0,131.604733276367,110.113693646022,139.408940401944,98.3949413299561,131.230455671038,86.422188949585,0,68.5321862147405,125.82453473409,0,57.5746348003546,63.0883426219723,93.2322463989258,79.5543517271678,93.8292694091797,59.5558445065521,12.173847760269,62.804564844448,79.2666001626111,45.5803101764006,63.334760792208,53.2703499407252,86.4744738145308,92.5557806491852,66.6277806466086,98.7035942077637,0,59.2810950646034,71.5209070725874
88.3381118774414,75.9187774658203,119.826747131348,42.5227617213601,6.33132767745649,0,52.2812373914217,37.5001822673913,86.2241670820448,35.650955311303,13.8140162140297,0,18.5495602058509,195.053497314453,87.4638006422255,55.3713798522949,0,0,0,0,9.98162435985211,0,45.3402743339539,119.414817810059,9.04101955006151,0,0,114.817127227783,11.8224220530761,83.8725461092862,0,0,0,70.6338176112021,88.1645734786987,0,0,0,0,6.93360099586651,0,88.591633605957,0,121.029521942139,176.583572387695,24.7326377001676,151.040786743164,11.6579972364008,0,127.676532745361,0,0,0,0,0,10.5520581995865,0,0,0,97.5390520597759,0,0,0,82.5138342539469,90.5454711914062,0,0,0,116.587787628174,102.72381439209
87.6048901875814,176.131011962891,181.21516418457,80.4986953735352,0,7.01350564717623,6.7711135217476,116.811217753092,13.985994734999,76.0934244791667,110.443667376483,54.1409895896912,61.7428906758626,78.1389923095703,28.7830290912402,12.8100618218282,0,0,90.4225463867188,214.727645874023,125.966598510742,86.9040679931641,0,156.886135101318,105.655927022298,0,160.202908107213,201.652943929036,118.526596069336,19.2071784463923,0,0,9.30665520800017,0,34.456253566099,0,0,0,0,0,0,0,183.228576660156,0,0,0,0,0,0,0,0,0,0,0,0,0,0,0,0,230.163360595703,0,0,0,0,0,0,0,0,0,0
73.7253711700439,137.005670547485,124.110724815956,78.7387912750244,52.2812373914217,6.7711135217476,8.83683191421437,47.945951133051,19.9785169799006,85.5008219014043,26.0097342299919,71.7045222195712,14.6158482297026,122.849115371704,25.7587259692966,11.1214782184434,124.709060668945,155.608378534732,160.378772735596,152.92124303182,33.1706643100403,96.9109139693411,98.2697505950928,117.015320022385,77.5626404171898,91.5110092163086,162.339464524213,150.831522623698,50.5557190961899,31.5930682525266,81.3546048944647,0,15.1165317292845,88.5056725093297,55.080010057227,0,0,0,149.927658081055,68.0804619422326,0,165.041450500488,0,170.693534851074,127.77318572998,0,0,35.0211939811707,0,149.444305419922,0,0,0,0,0,56.1219303424542,0,114.937370300293,183.826080322266,150.304745169247,0,0,184.428232828776,153.069797608911,164.7041015625,0,0,0,0,196.262481689453
27.8263505827906,121.062835693359,83.3076471656477,59.1701848680323,37.5001822673913,116.811217753092,47.945951133051,9.80292477563605,53.2352008214457,52.8986698689104,11.9026587949909,160.13383585612,39.8828128955037,149.157755384258,34.5072072582754,71.5705036750207,79.7221195615571,128.683274005322,178.482757568359,143.509445699056,28.0870523216701,62.9604062289811,69.6141898756082,75.4963347141336,45.81095716383,159.528884887695,128.648150217784,110.051683091883,20.6830578573877,48.892709603838,16.3899747426258,160.714608625932,122.482138315837,54.8952900670641,72.6453135906901,148.91410369873,165.296249389648,163.076084483754,78.7832566397531,123.710091428937,0,156.659063551161,129.44801134382,159.169414404667,104.321455383301,140.975069681803,0,94.7418823242188,0,165.869632403056,148.498428344727,142.29364994594,189.716192626953,0,0,158.743544145064,161.123068237305,137.390444946289,148.913912963867,116.667242934885,223.099746704102,189.660003662109,147.52319761423,126.248612444716,141.921553747995,134.980754852295,0,197.266265869141,136.537730534871,137.227405956813
23.5258312334264,126.407035262496,114.028705575181,101.572308246906,86.2241670820448,13.985994734999,19.9785169799006,53.2352008214457,11.020730382107,88.9892228235964,24.5355333693986,71.8023431951349,36.2770424495425,143.691056790559,12.412800191375,26.9233034280991,145.725378036499,126.07716429861,154.022915794736,145.960124354209,87.1759718779091,96.5154984101005,106.098404884338,103.96146190897,95.5397966219031,176.053527832031,139.93330793999,140.940344238281,73.781549505131,24.276358685516,67.2728155636736,179.231870651245,15.1262569481002,78.5620832655165,50.7290185234537,158.55517578125,0,183.011524963379,118.201220194499,143.189608573914,0,153.775156656901,152.005739065317,175.849185180664,0,165.681442260742,0,0,0,180.640808105469,0,0,205.452827453613,0,0,120.500982496474,224.460235595703,0,192.153124357525,151.499196944698,0,213.974456787109,183.190241132464,157.734435066344,190.649711608887,139.578887939453,0,0,194.343719482422,184.138021850586
68.325739118788,62.1983102714427,99.0524012756348,13.4115707517874,35.650955311303,76.0934244791667,85.5008219014043,52.8986698689104,88.9892228235964,7.80793038295944,71.4109861395332,134.399906158447,10.2017048030627,114.137593356046,74.7810752868652,17.0545091133307,73.1594607830048,119.761786965763,0,131.407831192017,43.8363352857317,81.2924402781895,23.6906881913543,85.681828465955,23.1837671975144,86.3178250021186,111.400549455123,95.7736961497048,46.9219637972272,63.4066075907125,54.3170655539672,132.0218636649,0,57.2012912490605,71.7655111086571,95.4522132873535,0,93.6786880493164,32.4029838562012,89.902161916097,0,133.653551737467,87.4174271560297,113.825819015503,57.9866445981539,129.206565856934,0,63.2043635050456,132.842163085938,119.113775253296,0,174.568145751953,164.253143310547,0,0,83.5552757263184,127.675811767578,82.8555694580078,116.387533399794,75.5449425890038,0,190.89094543457,115.272388682646,85.1231099410023,100.053372701009,76.7030959129333,0,0,132.503401184082,97.787127494812
48.6055583765011,135.392035484314,96.4546985313541,73.0502459904919,13.8140162140297,110.443667376483,26.0097342299919,11.9026587949909,24.5355333693986,71.4109861395332,8.70194163368448,153.759368048774,24.383583817023,158.261999947684,24.8539489247213,62.7219923251384,97.3656260172526,131.38809412176,167.349868774414,142.768138885498,15.9602989063669,87.9350226159189,91.2912397766113,88.7078124237061,60.5245256350402,159.902618408203,135.292825373208,125.074823040829,15.5696896344391,67.1275268065956,51.3890165495641,166.761866251628,110.908207308862,60.311434559968,78.2003195330288,159.579971313477,0,184.222526550293,130.520098368327,22.0988995852886,0,209.63459777832,142.234404563904,162.143549601237,101.681513468424,143.580177307129,0,57.0959859575544,0,165.322559356689,0,0,156.270156860352,0,0,29.3907098421236,140.542457580566,113.463836669922,165.974397447374,128.742145792643,0,0,154.509770711263,141.725092703836,178.900146484375,139.566665649414,0,0,160.769256591797,145.779870169503
143.799145834787,73.2907025473458,86.7941963662907,63.9753320572224,0,54.1409895896912,71.7045222195712,160.13383585612,71.8023431951349,134.399906158447,153.759368048774,12.4096606604059,0,19.8188935785846,82.0874556979618,103.590209960938,119.643402862549,46.3917743601918,22.3286800064686,22.519847019254,0,94.443861927305,108.20627413298,83.3325353528632,159.184441566467,25.1763860454459,27.4247824569646,62.9232065997836,145.343296397816,45.5436432746149,110.777673176357,35.8026151694552,57.1877182269918,97.1524169746487,28.4817124471677,0,99.4062423706055,162.188003540039,61.0148544311523,0,0,0,211.300765991211,0,194.678756713867,0,116.030044555664,0,94.6844520568848,0,0,0,145.0726691352,0,0,0,188.029281616211,0,162.628970554897,210.64363861084,75.6643681526184,118.452838897705,125.629996526809,0,0,170.687408447266,0,0,0,143.297715759277
80.7576522827148,88.7106119791667,122.350028514862,52.2990530753622,18.5495602058509,61.7428906758626,14.6158482297026,39.8828128955037,36.2770424495425,10.2017048030627,24.383583817023,0,6.97568943794226,0,82.1034080461524,11.9947637960023,0,187.195617675781,0,137.733413696289,11.0384830565208,0,55.6852947034334,134.449855041504,16.8996792196585,113.111335754395,170.886741638184,136.757178497314,38.1711543417437,89.1658954620361,99.5994918823242,200.850128173828,119.168579101562,83.3506548745292,95.1414161920547,0,0,0,86.0103759765625,28.9164116702679,0,56.4051840181704,0,108.469597498576,61.4365323600123,34.2645935369092,0,11.2826752520242,0,110.044018881662,70.0895500183105,0,206.190582275391,0,199.881332397461,14.7851679877607,186.521469116211,0,138.390640258789,67.5361844744001,0,0,169.808708190918,106.127072369611,109.050829751151,0,0,144.586616516113,0,109.423568248749
146.925479888916,48.5178939047314,77.7346105185583,38.1293844335219,195.053497314453,78.1389923095703,122.849115371704,149.157755384258,143.691056790559,114.137593356046,158.261999947684,19.8188935785846,0,6.2881598833533,137.927257113987,155.062835693359,109.445999145508,87.051208677746,44.9464602268103,64.6065068874719,150.918609619141,138.913761683873,89.685474787003,97.3655205965042,154.715578842163,10.3908317947279,29.1734532038487,25.6709351437632,143.135923182711,81.6180282461232,139.309004720052,10.1640706341344,79.153994473544,147.597306993273,49.9883102361118,0,99.2614002227783,129.550765991211,54.9952535982485,190.364395141602,0,0,0,0,149.335311889648,0,108.806762695312,0,65.9384297955761,238.051712036133,0,203.734756469727,0,0,107.540523529053,0,0,133.019613265991,165.459594726562,217.40478515625,54.2341525074867,97.279972905698,93.0043227657195,214.540237426758,0,0,103.067183358329,0,0,164.192626953125
9.05133116794938,130.424229431152,104.638809798502,93.2692195044623,87.4638006422255,28.7830290912402,25.7587259692966,34.5072072582754,12.412800191375,74.7810752868652,24.8539489247213,82.0874556979618,82.1034080461524,137.927257113987,6.1070415636081,30.645268343672,143.9061571757,110.232325036541,148.183213806152,132.320719267193,82.6071130341175,78.014981158368,102.51747747568,94.7727098853611,84.4322098771187,144.553436279297,132.047868371647,137.119090537854,69.1827924801753,13.4771294318355,42.5119400765132,177.8411189488,12.043591496245,17.9556409134262,32.6925829191309,171.255798339844,130.456832885742,168.532638549805,156.187103271484,123.446039835612,0,171.306831359863,152.300280057467,156.392852783203,105.752363586426,149.134658813477,0,158.84912109375,0,180.338613891602,0,0,0,0,0,88.899403889974,0,0,165.74728902181,144.031810506185,0,199.592010498047,181.237564086914,151.513281388716,174.426470075335,146.051445007324,0,0,151.765899658203,166.453486124674
71.3468376159668,93.2636337280273,128.243920898437,37.6493029594421,55.3713798522949,12.8100618218282,11.1214782184434,71.5705036750207,26.9233034280991,17.0545091133307,62.7219923251384,103.590209960938,11.9947637960023,155.062835693359,30.645268343672,7.63429321752432,0,0,0,0,58.3815095084054,0,67.6095862388611,97.0687942504883,46.9972768710677,0,150.290762583415,134.930033365885,67.5998598079092,42.5553032068106,88.1433067321777,224.224243164062,34.2647358287464,93.8329048156738,39.0421464284261,0,0,0,0,0,0,59.5584411621094,0,0,79.0539703369141,0,0,61.8616409301758,0,0,0,0,191.254577636719,0,0,105.274028778076,0,0,0,98.9430109659831,0,0,0,145.039558410645,0,0,0,0,0,0
154.555725097656,71.9266252337762,78.8576020254216,42.4108434440498,0,0,124.709060668945,79.7221195615571,145.725378036499,73.1594607830048,97.3656260172526,119.643402862549,0,109.445999145508,143.9061571757,0,12.5180986666907,101.894815459506,141.432308197021,129.204428195953,210.875793457031,19.7450975634572,28.2445548053866,21.3173422899554,27.5506138012036,132.439361572266,107.865832546301,24.9408036792754,39.1932061373408,131.582213592529,55.7449544958166,128.157061767578,0,90.8558731079102,77.8855241663316,121.714244842529,105.14315032959,127.712768554688,52.8532445445564,130.33821105957,0,180.171310424805,145.291447957357,187.490493774414,0,0,0,0,0,0,0,101.389665647995,133.951097106934,0,150.398895263672,0,102.364977749911,55.764479466847,98.1336705009892,119.53700886602,0,162.302963256836,105.671937859577,121.456386341768,127.295397440592,104.285034179688,0,0,105.427509307861,132.85417175293
96.1516587489231,54.6104687890341,41.7534080436163,57.7646027523662,0,0,155.608378534732,128.683274005322,126.07716429861,119.761786965763,131.38809412176,46.3917743601918,187.195617675781,87.051208677746,110.232325036541,0,101.894815459506,8.95672186265739,70.6597007695776,16.9867062219224,0,43.246147899554,78.8820108349404,19.5790831097245,120.411110948396,61.301207224528,30.5574714938626,66.9780976439593,119.529267534297,84.7207619797291,68.7357551652609,99.5566840035575,125.10139465332,82.5787908600037,36.554538000578,163.82405090332,100.023188454764,108.719643685126,90.2541228074294,0,0,206.335052490234,153.997817993164,185.244873046875,161.951858520508,0,144.295181274414,245.098739624023,151.924091339111,178.684417724609,0,127.975186398155,118.6496928447,169.664215087891,137.636989593506,0,144.085469476108,129.363132900662,124.921085397402,166.465192159017,105.868930053711,114.859297450585,110.756717592478,168.281328328451,193.138834635417,152.99176384421,156.770645141602,0,0,123.918670096049
142.787690904405,83.4020828833947,81.9445647852761,76.0839151654925,0,90.4225463867188,160.378772735596,178.482757568359,154.022915794736,0,167.349868774414,22.3286800064686,0,44.9464602268103,148.183213806152,0,141.432308197021,70.6597007695776,7.26145369975432,13.1116917598958,0,110.781194559733,85.271598815918,95.6944768351893,177.937362670898,46.6808827718099,27.6061868758451,72.7551294937134,159.650631713867,107.651456620958,127.742623392741,50.9673466649549,94.4116668701172,125.980075073242,62.3553676627481,0,130.400779724121,130.990921020508,131.397384643555,0,0,0,0,0,0,0,0,0,95.4135309855143,0,0,0,0,0,0,0,0,163.692642211914,168.476894378662,0,75.2125101089478,113.943732261658,122.358468055725,0,0,0,126.31099319458,0,0,176.47282409668
118.653096398642,58.9139301946254,66.5106455895208,61.0551292641649,0,214.727645874023,152.92124303182,143.509445699056,145.960124354209,131.407831192017,142.768138885498,22.519847019254,137.733413696289,64.6065068874719,132.320719267193,0,129.204428195953,16.9867062219224,13.1116917598958,10.0243983717797,144.750503540039,75.3612889647484,94.2536810302734,54.8377979287533,143.891285896301,43.9729416933927,21.778400435449,65.4064027842981,144.078372661884,101.099717532887,93.7126040304861,66.0402393341064,105.244148254395,98.7110164348896,41.3864445233399,0,105.111061096191,122.277826944987,147.486278533936,0,0,0,196.346176147461,0,0,0,141.376037597656,0,117.94367980957,0,0,0,119.671068631686,0,111.641946411133,0,172.379020690918,0,147.389320373535,0,91.43125,105.273933757435,112.224850532704,198.361394246419,0,0,124.349761962891,0,0,120.491214328342
76.9071299235026,106.295036315918,116.10967036656,50.454656904394,9.98162435985211,125.966598510742,33.1706643100403,28.0870523216701,87.1759718779091,43.8363352857317,15.9602989063669,0,11.0384830565208,150.918609619141,82.6071130341175,58.3815095084054,210.875793457031,0,0,144.750503540039,6.83064356583837,93.7203330993652,64.1566660404205,98.1927108764648,15.3191403399629,0,145.781059265137,141.049531936646,20.6723383583836,85.4542275316575,83.5621681213379,168.19596862793,0,76.7898021791039,90.8612243228489,0,0,0,180.605880737305,15.5620238308377,0,74.207016392758,135.51185353597,111.923258463542,73.8645311991374,34.6171167190761,0,15.1725806775701,0,122.69818572998,0,0,0,0,0,14.3488198105234,0,160.721908569336,0,80.4715492552605,0,0,171.857925415039,98.0956313304412,125.128006744385,0,0,0,0,110.562197875977
66.7248541859392,82.7153652736119,56.059094916489,55.5704958444405,0,86.9040679931641,96.9109139693411,62.9604062289811,96.5154984101005,81.2924402781895,87.9350226159189,94.443861927305,0,138.913761683873,78.014981158368,0,19.7450975634572,43.246147899554,110.781194559733,75.3612889647484,93.7203330993652,9.77014141691359,46.3138722178544,21.3052065973342,37.6381904221267,0,99.9300355074699,73.3353809948575,24.9814621290414,24.6587114368419,24.246053609061,134.457057952881,89.2041320800781,26.7832770311195,38.4140614286809,123.100455544212,110.886054992676,123.289603339301,76.2661788246848,136.013946533203,0,156.048385620117,130.988362630208,181.546964372907,111.34935760498,129.568374633789,0,0,0,146.244186401367,0,105.753718711234,147.526519081809,0,211.673477172852,0,109.684867266312,63.0783376266707,109.249230353598,113.933642481414,186.693389892578,186.94026184082,123.553088309548,116.519112547567,122.299663543701,110.122797601234,0,0,104.053883143834,130.234788513184
67.5857742854527,20.3491295427261,50.0039084027795,20.1948501558865,45.3402743339539,0,98.2697505950928,69.6141898756082,106.098404884338,23.6906881913543,91.2912397766113,108.20627413298,55.6852947034334,89.685474787003,102.51747747568,67.6095862388611,28.2445548053866,78.8820108349404,85.271598815918,94.2536810302734,64.1566660404205,46.3138722178544,8.06075855759779,46.723972006937,29.1015694661724,53.9992997342064,88.0414111064031,34.5112649466804,49.1928013059482,67.3202956517537,44.8444314397176,103.597741560502,0,68.9703692267923,62.0208856824418,85.635101045881,87.6256046295166,57.5801743992039,9.73290309100084,97.1393814086914,0,141.402824401855,101.238681411743,112.998886744181,82.3859361012777,107.945495605469,108.563654581706,94.306765238444,113.031898498535,125.022485733032,0,55.726900356919,94.6423350742885,0,125.498751831055,0,67.0150744010662,9.46527413806724,59.5275274989581,70.4935339222784,82.5173492431641,99.6813583374023,49.105595555632,80.7343201037274,101.359763908386,70.6939204754216,141.589401245117,0,82.4990488688151,81.9280415703269
82.7598281778315,56.1036248501436,21.8964397118185,51.5254731886112,119.414817810059,156.886135101318,117.015320022385,75.4963347141336,103.96146190897,85.681828465955,88.7078124237061,83.3325353528632,134.449855041504,97.3655205965042,94.7727098853611,97.0687942504883,21.3173422899554,19.5790831097245,95.6944768351893,54.8377979287533,98.1927108764648,21.3052065973342,46.723972006937,13.6058205905768,67.4537999211131,0,65.7294143171083,41.2729629621462,47.4131787479483,77.2818189260425,44.392987137221,109.926869773865,143.435102844238,70.9772892968129,44.5126939449712,151.99057660784,117.811686002291,101.217240129198,60.4130139780045,166.974239349365,0,184.918899536133,156.223650040165,173.995138688521,121.527698516846,188.914596557617,164.016082763672,0,138.576599121094,166.668323223407,0,101.685926674948,127.230136782624,163.020492553711,149.760429382324,0,108.570459660796,67.6360358326705,100.404806359583,127.926935940254,0,136.349241828918,96.7005625052193,136.278106629142,136.833787357106,110.981857456573,0,232.433944702148,105.939453125,122.9444833266
87.0236253738403,80.968017085906,96.701801562528,36.9742328078721,9.04101955006151,105.655927022298,77.5626404171898,45.81095716383,95.5397966219031,23.1837671975144,60.5245256350402,159.184441566467,16.8996792196585,154.715578842163,84.4322098771187,46.9972768710677,27.5506138012036,120.411110948396,177.937362670898,143.891285896301,15.3191403399629,37.6381904221267,29.1015694661724,67.4537999211131,9.2387447338962,106.878332349989,128.094513742547,70.0671732391342,16.1552513786398,76.2640631468936,65.10666222905,143.413333892822,113.576572418213,63.5020675299303,82.3688894919629,129.454751902613,0,157.251065340909,74.5567514118395,115.383157789093,195.098861694336,140.05964257982,118.999284724997,145.40631631156,85.4880953079615,127.236763000488,178.158233642578,84.1808622996012,0,149.364806984955,133.997787475586,121.009559631348,163.643270874023,0,0,129.535524902344,127.252729492187,87.2013588838799,136.349763946533,103.909213831574,0,221.525085449219,148.669209847083,115.055632189308,143.270007877559,123.011934380782,0,198.099609375,125.666006127182,129.75396570059
0,12.8287954547123,76.2692222595215,19.4604463272457,0,0,91.5110092163086,159.528884887695,176.053527832031,86.3178250021186,159.902618408203,25.1763860454459,113.111335754395,10.3908317947279,144.553436279297,0,132.439361572266,61.301207224528,46.6808827718099,43.9729416933927,0,0,53.9992997342064,0,106.878332349989,7.39472112260293,35.4811083074202,15.1084788481069,132.262832641602,41.3395729064941,126.211624145508,41.9606021758049,76.7461013793945,0,56.422603526014,0,82.1414765982792,126.793113708496,32.0154740080541,0,0,0,0,0,120.65269724528,0,72.6222292582194,0,48.2295273914596,0,0,0,109.942181905111,73.3011245727539,74.1775684356689,0,142.055511474609,97.0124179295131,0,0,30.6902894009091,64.7447701487048,66.4189052023699,0,0,0,77.8787514536004,0,0,109.107183074951
116.861731396875,46.2221870640595,28.7469863154076,46.2547731761478,0,160.202908107213,162.339464524213,128.648150217784,139.93330793999,111.400549455123,135.292825373208,27.4247824569646,170.886741638184,29.1734532038487,132.047868371647,150.290762583415,107.865832546301,30.5574714938626,27.6061868758451,21.778400435449,145.781059265137,99.9300355074699,88.0414111064031,65.7294143171083,128.094513742547,35.4811083074202,10.1395014059691,32.9205189343647,125.616176868307,108.460295969467,100.436096582981,16.1570297194235,144.098678588867,111.997742255529,62.5853950262531,201.338157653809,88.6508552196414,108.245071787893,88.5908098528462,204.974327087402,0,0,201.843439737956,176.019966125488,155.76432800293,0,121.829788208008,151.546188354492,91.7918002881502,0,0,153.482907613118,114.23397731781,118.482421875,98.2271509585173,0,142.438386705187,135.87323474884,133.557849003718,181.817812238421,72.7391504847017,91.9205562256644,97.1019273341814,185.78311920166,158.696853637695,148.787976582845,117.788841247559,0,160.469360351562,115.468519962195
126.982350138875,27.2135695068697,32.2745476026367,38.320066978542,114.817127227783,201.652943929036,150.831522623698,110.051683091883,140.940344238281,95.7736961497048,125.074823040829,62.9232065997836,136.757178497314,25.6709351437632,137.119090537854,134.930033365885,24.9408036792754,66.9780976439593,72.7551294937134,65.4064027842981,141.049531936646,73.3353809948575,34.5112649466804,41.2729629621462,70.0671732391342,15.1084788481069,32.9205189343647,11.4971730411415,76.3596288469298,118.695734024048,106.721987333842,14.5038755949607,110.093873160226,118.613510673815,68.8049683669377,158.215384589301,94.2568857982905,93.353308227827,69.6861953281221,187.452239990234,0,178.657653808594,151.713536482591,174.480623033312,171.98295879364,158.651397705078,117.301951008458,138.45622253418,88.6451254748794,173.935274870499,0,101.197216167785,105.500371376967,117.737421035767,111.306518455604,0,117.945356051127,71.5980326678302,97.5265298105176,145.421833232298,67.8498293458237,97.2369680519564,91.8255382791062,143.433484739011,181.65688273112,139.631630268503,115.123837280273,0,137.97045135498,117.068456806549
52.4836092401723,101.694229275573,68.3158388143404,53.1631767118038,11.8224220530761,118.526596069336,50.5557190961899,20.6830578573877,73.781549505131,46.9219637972272,15.5696896344391,145.343296397816,38.1711543417437,143.135923182711,69.1827924801753,67.5998598079092,39.1932061373408,119.529267534297,159.650631713867,144.078372661884,20.6723383583836,24.9814621290414,49.1928013059482,47.4131787479483,16.1552513786398,132.262832641602,125.616176868307,76.3596288469298,10.2227727537496,71.3320354288751,26.68574876319,152.061214923859,124.901048278809,59.1303957722926,68.3395468993054,124.664122790825,138.31901550293,166.005210182884,89.1103910770056,46.326148494275,0,144.355127892127,120.338383848562,148.747404275481,94.6420729319255,135.54901099205,209.251693725586,91.4206485748291,0,145.072802516392,0,119.534712873186,170.314879099528,0,219.740287780762,53.0232940153642,122.699793815613,96.2920136769613,132.974909018355,108.913364183635,0,172.697924296061,138.186437651867,117.848231989196,135.218226469764,116.925092441829,0,0,130.526281169817,132.949252851082
9.61289453560701,107.046178991144,87.1576506804686,79.5789380250154,83.8725461092862,19.2071784463923,31.5930682525266,48.892709603838,24.276358685516,63.4066075907125,67.1275268065956,45.5436432746149,89.1658954620361,81.6180282461232,13.4771294318355,42.5553032068106,131.582213592529,84.7207619797291,107.651456620958,101.099717532887,85.4542275316575,24.6587114368419,67.3202956517537,77.2818189260425,76.2640631468936,41.3395729064941,108.460295969467,118.695734024048,71.3320354288751,6.25400525629538,14.5191160753226,117.629258589311,9.9206707470852,10.1576445139013,26.2073089761004,158.654065450033,172.836547851562,168.992421468099,72.2610034942627,126.328500227495,0,180.270660400391,138.961112340291,174.134410313198,134.785480499268,0,0,0,0,169.095057169596,0,212.948287963867,176.277038574219,0,0,96.8256166246202,139.964014689128,122.20608774821,166.51786510761,138.65405360797,0,160.398788452148,158.475293053521,143.94154103597,167.282109578451,157.455829620361,0,0,135.040510177612,154.755117628309
23.3645448250951,96.6631203787667,64.6684144991138,62.4948522081562,0,0,81.3546048944647,16.3899747426258,67.2728155636736,54.3170655539672,51.3890165495641,110.777673176357,99.5994918823242,139.309004720052,42.5119400765132,88.1433067321777,55.7449544958166,68.7357551652609,127.742623392741,93.7126040304861,83.5621681213379,24.246053609061,44.8444314397176,44.392987137221,65.10666222905,126.211624145508,100.436096582981,106.721987333842,26.68574876319,14.5191160753226,9.09346753078593,143.860374450684,0,25.0117284425988,32.1794535651589,123.015317644392,92.8594436645508,147.470379548914,81.1491387196076,139.000202941895,0,153.645673116048,125.918612782548,152.938855339499,108.99027633667,137.649640401204,0,0,0,143.416159196333,0,108.330709967815,153.012406485421,0,196.980575561523,142.279444885254,110.794045580234,69.7127188824593,117.825730401116,111.534586142734,0,157.835510253906,144.292976223693,115.240086456701,123.934265971184,106.711798794751,0,0,112.448490011281,123.9538965861
153.332450866699,69.2055621147156,81.7288536886567,72.1762161254883,0,0,0,160.714608625932,179.231870651245,132.0218636649,166.761866251628,35.8026151694552,200.850128173828,10.1640706341344,177.8411189488,224.224243164062,128.157061767578,99.5566840035575,50.9673466649549,66.0402393341064,168.19596862793,134.457057952881,103.597741560502,109.926869773865,143.413333892822,41.9606021758049,16.1570297194235,14.5038755949607,152.061214923859,117.629258589311,143.860374450684,6.02069749994961,99.1180152893066,146.272987365723,72.7635853224534,0,109.674583435059,142.336380004883,56.923775990804,0,0,0,0,0,0,0,107.985946655273,0,83.4355038960775,0,0,0,133.986801147461,0,88.1159973144531,0,0,156.481684366862,150.204917907715,0,73.7680437857645,104.6467091487,107.236132902258,0,0,0,99.6932907104492,0,0,0
0,0,179.649345397949,176.216613769531,0,9.30665520800017,15.1165317292845,122.482138315837,15.1262569481002,0,110.908207308862,57.1877182269918,119.168579101562,79.153994473544,12.043591496245,34.2647358287464,0,125.10139465332,94.4116668701172,105.244148254395,0,89.2041320800781,0,143.435102844238,113.576572418213,76.7461013793945,144.098678588867,110.093873160226,124.901048278809,9.9206707470852,0,99.1180152893066,5.43671841801481,92.7435035705566,37.0517362976074,0,0,0,0,0,0,0,0,0,0,0,0,0,0,0,0,0,0,0,0,0,0,0,0,194.076812744141,0,0,0,0,0,0,0,0,0,192.688247680664
16.9715380173141,102.137936401367,98.3585741996765,65.1077825344675,70.6338176112021,0,88.5056725093297,54.8952900670641,78.5620832655165,57.2012912490605,60.311434559968,97.1524169746487,83.3506548745292,147.597306993273,17.9556409134262,93.8329048156738,90.8558731079102,82.5787908600037,125.980075073242,98.7110164348896,76.7898021791039,26.7832770311195,68.9703692267923,70.9772892968129,63.5020675299303,0,111.997742255529,118.613510673815,59.1303957722926,10.1576445139013,25.0117284425988,146.272987365723,92.7435035705566,6.7321282722035,32.860496570197,136.706890106201,0,149.267028808594,114.904130935669,128.490298931415,0,183.739074707031,131.566288206312,167.468915072354,94.2481842041016,157.45263671875,0,0,0,162.216544518104,0,185.31224822998,0,0,185.41227722168,83.470957438151,96.2575607299805,86.0218315124512,169.604362487793,122.036404324561,0,0,184.475679016113,127.889910394253,143.730803595649,114.969299316406,0,0,149.484449114118,145.900138310024
75.4702690555203,57.3400194903165,67.7873010691277,61.7078434144608,88.1645734786987,34.456253566099,55.080010057227,72.6453135906901,50.7290185234537,71.7655111086571,78.2003195330288,28.4817124471677,95.1414161920547,49.9883102361118,32.6925829191309,39.0421464284261,77.8855241663316,36.554538000578,62.3553676627481,41.3864445233399,90.8612243228489,38.4140614286809,62.0208856824418,44.5126939449712,82.3688894919629,56.422603526014,62.5853950262531,68.8049683669377,68.3395468993054,26.2073089761004,32.1794535651589,72.7635853224534,37.0517362976074,32.860496570197,11.977237225045,146.394985198975,109.460483551025,108.668086834808,88.2109257091175,126.87347624037,0,174.425708770752,139.715778057392,174.217298005757,113.341729300363,198.37580871582,124.269245147705,180.098564147949,121.975289916992,169.08775799091,0,126.685505867004,120.533037511314,168.602722167969,152.743873596191,99.5583212716239,133.568812202005,95.8933971629423,121.477089131132,136.109347896681,120.537357330322,127.576789073455,112.058874164107,142.769528805631,173.056405719958,125.395016596867,0,0,153.510069274902,140.628453290021
0,97.6042556762695,185.698135375977,102.338729858398,0,0,0,148.91410369873,158.55517578125,95.4522132873535,159.579971313477,0,0,0,171.255798339844,0,121.714244842529,163.82405090332,0,0,0,123.100455544212,85.635101045881,151.99057660784,129.454751902613,0,201.338157653809,158.215384589301,124.664122790825,158.654065450033,123.015317644392,0,0,136.706890106201,146.394985198975,10.058926377121,121.097326006208,96.4199858347575,65.518049304405,85.4429144178118,74.012154897054,64.1791066063775,18.4215220320733,28.5375564211653,66.8455935120583,66.4902583023597,128.400705904574,78.199551264445,146.856656392415,12.78934334787,46.6336921691895,79.5927619934082,97.7821323000151,130.095206366645,121.01927690103,85.9547413912686,76.7638109533826,63.1018877727229,92.2445494863722,67.0756769572219,147.678062438965,121.087994355422,122.46602256852,69.1968398108497,20.6628860606279,23.7512664450788,156.519995553153,80.711571931839,42.1081261137738,61.6833818380989
0,42.7569042841593,92.8450664520264,31.1556902246655,0,0,0,165.296249389648,0,0,0,99.4062423706055,0,99.2614002227783,130.456832885742,0,105.14315032959,100.023188454764,130.400779724121,105.111061096191,0,110.886054992676,87.6256046295166,117.811686002291,0,82.1414765982792,88.6508552196414,94.2568857982905,138.31901550293,172.836547851562,92.8594436645508,109.674583435059,0,0,109.460483551025,121.097326006208,8.36978937984336,40.9275349435352,15.6576478141191,110.047428131104,0,136.842810058594,111.840999734813,136.449908863414,65.6125824729165,119.75997467041,72.0622544539602,120.092025756836,56.0289488893176,128.992302389706,105.24063873291,63.8683304033781,51.2432656302729,61.4242668151855,60.1371263590726,99.0976638793945,82.3634335835775,23.6435937992809,56.1733672136818,90.0701587074681,21.7551345840178,50.9068977559634,31.9418363998349,109.572080577504,128.036177635193,99.131581892047,73.0304354792056,0,129.077931213379,55.7846297303291
159.700408935547,60.6183670043945,90.4889766263861,53.5889260078389,0,0,0,163.076084483754,183.011524963379,93.6786880493164,184.222526550293,162.188003540039,0,129.550765991211,168.532638549805,0,127.712768554688,108.719643685126,130.990921020508,122.277826944987,0,123.289603339301,57.5801743992039,101.217240129198,157.251065340909,126.793113708496,108.245071787893,93.353308227827,166.005210182884,168.992421468099,147.470379548914,142.336380004883,0,149.267028808594,108.668086834808,96.4199858347575,40.9275349435352,12.8824751937304,47.843191334899,120.033505526456,174.300964355469,124.504057206606,92.1407189489818,116.334679929945,105.096170927349,107.868361723588,92.3344055281745,122.215526580811,99.5280247441045,108.528924134401,149.634625752767,73.268564860026,35.8504400167549,84.0202322006226,69.9410869091171,152.852852561257,64.3275235092431,53.001278998283,28.7454138294922,95.8579415648523,77.3580795288086,32.1508040912667,22.23555976797,81.5655852401507,122.779006112215,69.515041032478,103.652185776654,176.542028808594,118.085579958829,63.5573055677864
94.1071300506592,19.5775651931763,76.6894597072227,12.6725427820569,0,0,149.927658081055,78.7832566397531,118.201220194499,32.4029838562012,130.520098368327,61.0148544311523,86.0103759765625,54.9952535982485,156.187103271484,0,52.8532445445564,90.2541228074294,131.397384643555,147.486278533936,180.605880737305,76.2661788246848,9.73290309100084,60.4130139780045,74.5567514118395,32.0154740080541,88.5908098528462,69.6861953281221,89.1103910770056,72.2610034942627,81.1491387196076,56.923775990804,0,114.904130935669,88.2109257091175,65.518049304405,15.6576478141191,47.843191334899,13.2437339209547,55.723630787171,126.062665303548,92.0854305759553,59.6851077451544,88.5232980759417,33.4235276120175,79.3350667953491,71.6355777284992,66.6116464402941,46.4024101568379,81.9765647362019,67.8894896507263,39.2242161853254,57.2773192414783,89.5722625732422,62.2351991007151,72.7155468247154,78.0713541276993,30.555809562517,58.475303924932,39.594734972047,23.1786478175344,50.76389295774,43.4366809119151,53.9816878572539,77.7150844244788,63.1820659815708,65.2016631126404,88.7436447143555,64.3432168822358,64.0264022804442
0,0,0,108.298737335205,6.93360099586651,0,68.0804619422326,123.710091428937,143.189608573914,89.902161916097,22.0988995852886,0,28.9164116702679,190.364395141602,123.446039835612,0,130.33821105957,0,0,0,15.5620238308377,136.013946533203,97.1393814086914,166.974239349365,115.383157789093,0,204.974327087402,187.452239990234,46.326148494275,126.328500227495,139.000202941895,0,0,128.490298931415,126.87347624037,85.4429144178118,110.047428131104,120.033505526456,55.723630787171,6.74759205942293,110.925437927246,63.8997376737381,64.4502476482857,96.028065757146,47.1559999622468,13.6489274549724,151.939056396484,25.5407897413593,149.985260009766,100.201286655841,75.9393125998007,57.3756863520696,139.362336008172,0,217.845764160156,10.6115256865477,94.7638168334961,65.5482313537598,97.9304700909239,14.7735179350675,154.06879679362,138.238191604614,107.500586076216,14.0027871166153,95.0935758181981,88.5774125491872,0,132.794038772583,89.4734018961588,94.5934443155924
0,0,0,0,0,0,0,0,0,0,0,0,0,0,0,0,0,0,0,0,0,0,0,0,195.098861694336,0,0,0,0,0,0,0,0,0,0,74.012154897054,0,174.300964355469,126.062665303548,110.925437927246,7.27152249085174,10.2680348024136,111.670551300049,18.0925375248448,53.762056350708,107.974818142978,56.7984152707187,62.407841152615,0,39.1483852016039,15.6213497837888,0,133.595420837402,0,0,122.669642130534,0,87.9673690795898,92.3402404785156,94.9434029715402,0,199.113047281901,90.748649597168,124.415376663208,22.9263467659238,132.429355621338,0,11.3480917333506,0,34.3114967720181
167.455749511719,142.708068847656,203.784915500217,131.604733276367,88.591633605957,0,165.041450500488,156.659063551161,153.775156656901,133.653551737467,209.63459777832,0,56.4051840181704,0,171.306831359863,59.5584411621094,180.171310424805,206.335052490234,0,0,74.207016392758,156.048385620117,141.402824401855,184.918899536133,140.05964257982,0,0,178.657653808594,144.355127892127,180.270660400391,153.645673116048,0,0,183.739074707031,174.425708770752,64.1791066063775,136.842810058594,124.504057206606,92.0854305759553,63.8997376737381,10.2680348024136,8.96317781402549,59.4261643048685,17.0984124505921,39.7545494539984,29.593806536249,76.8491112183188,24.3824537112621,114.660733540853,38.9107451694501,12.5497094969189,0,139.710729464679,0,156.452755198759,47.4701166346662,113.286828994751,110.693588256836,117.496699661174,51.1209772278476,0,151.952582145224,136.035383633205,58.7980798854176,43.8632069565061,85.4004531436496,171.064276559012,17.1510887706981,97.6025876131925,78.0154249040704
