8.32323297696786,112.83989906311,85.6843966510976,79.7734945678711,74.6934146881104,69.5389180864607,36.5098301991601,27.0465814306234,18.9789667649416,65.3666605456122,40.7665793567962,141.306869195432,69.8032472198074,149.016474405924,9.20407155549463,34.5795630455017,80.458716583252,100.216524285006,143.30667553526,122.488434713395,70.7356804211934,48.9897186256454,57.7097112482244,68.9689669164509,74.6816023441783,0,121.293913739641,119.61320341001,44.436951567487,7.84726073574074,17.6798036632214,151.603729248047,79.2193737030029,11.0129215647193,79.8177863625919,179.332275390625,0,174.15837097168,83.9978434244792,0,0,0,137.275274276733,164.27108001709,78.6985604422433,0,0,0,0,159.182922363281,0,0,168.875358581543,0,0,0,216.071975708008,91.7585863385882,163.689910888672,125.32611989975,0,187.495948791504,164.360155232747,131.013497314453,157.462463378906,133.858642578125,0,0,132.166442871094,130.904525756836
112.83989906311,7.04543902870514,40.5422199650232,14.6234313723026,0,0,146.86986541748,104.863645172119,134.714995066325,65.5108545158483,119.589552307129,68.2960811249197,78.7015609741211,48.9618228233612,133.936185201009,149.878505706787,65.9320313170716,56.9387889773534,81.2022725514003,60.7361255804698,0,85.8454490661621,24.7409192322746,63.3675690471823,80.8728580077489,17.7061507828526,52.4243974870035,29.8184785509987,99.1730667505509,107.677342501554,105.763933563232,61.3618567051032,0,110.749249776204,65.6424479387244,197.784072875977,49.8628913760185,75.9902651045058,22.1150987943013,0,0,0,0,213.715454101562,106.998863220215,0,163.263122558594,0,95.081901550293,0,0,92.5023536682129,78.6912321202895,0,91.1669952392578,0,130.735488891602,76.563850402832,95.0476228623163,122.30237865448,45.9093869527181,84.229863954627,79.2419384783647,105.574556986491,0,138.289004007975,0,0,0,88.6269483566284
85.6843966510976,40.5422199650232,11.0942004323043,42.3091929797717,108.904396057129,0,123.142756749713,87.3008171336085,110.010593000991,94.8315048217773,90.8294593018371,83.1691488149215,122.543618338449,89.3995529810588,93.3784533701125,108.598372868129,87.112281116087,39.3571704600929,77.0647085023963,60.4313974043181,0,59.5705646023606,51.0425879816855,19.9114083217323,95.865458462965,109.831352233887,33.2709002007962,31.259166087552,70.384433814339,70.784008104584,57.9206512642531,83.110339050293,144.11040242513,101.151756812786,57.6885576622827,171.093307495117,98.0556733873155,94.1139402071635,74.3290768607718,177.939407348633,0,202.613067626953,154.776045663016,184.23245493571,139.625625610352,166.628341674805,140.366285324097,176.692276000977,133.464687347412,162.346005249023,0,118.905945332845,106.604831191241,135.195821762085,121.275283530906,0,116.648520036177,95.5561581364384,99.4139553090763,158.02706044515,121.177543640137,102.814808648208,94.1607835490998,142.931743714868,148.234349568685,123.921494620187,0,0,166.942794799805,105.60696298568
79.7734945678711,14.6234313723026,42.3091929797717,8.41561961734996,49.4193332378681,122.350120544434,90.1614846123589,57.4973533049874,87.726557970047,11.1601724065241,78.1191060384115,81.7339049674369,24.319671358381,60.1366544355426,94.3791376749675,66.3314717610677,44.0412403401233,61.2993497686871,88.9779850352894,62.3191157254306,60.4143867492676,48.2634227860142,14.1598596904501,46.0284155261132,37.0498972336626,13.2942094919395,49.676581142036,41.1978468796283,46.9664916454546,73.6629196802775,53.9056091878399,80.0256947969136,125.230209350586,57.6214259221004,59.0336573985086,70.6415888468425,58.232421875,58.3844046159224,16.3858798894015,0,0,114.83971786499,107.05244869656,84.0544967651367,36.7163072313581,0,77.7835559844971,0,48.0080807759212,114.948539733887,0,58.3519216264997,73.0726557837592,53.7829580307007,87.3419747786088,0,57.8033725657362,22.1637338924408,60.0530097549026,65.8764638398823,26.3646354389191,65.0883063102255,58.0936405069085,71.813256552053,118.372894287109,56.6583072874281,67.8884629143609,0,84.7790603637695,81.6788864135742
74.6934146881104,0,108.904396057129,49.4193332378681,6.2998755569824,0,39.2801959407222,30.8698734891587,78.7397362845285,43.6897106999936,10.2155481854867,0,17.3838169517035,0,83.5438613891602,78.7311983108521,0,129.454381306966,0,0,9.10935873161412,0,57.0285339355469,69.2205505371094,8.90841853892852,0,0,110.537750244141,10.5178896095382,82.7812736098831,0,0,0,74.8216112454732,80.4613893508911,0,0,0,76.4443725585938,7.2173404727933,0,46.6477882385254,130.065292358398,121.252056121826,0,15.4666960019592,0,11.5299848030705,0,105.69518661499,0,0,0,0,0,9.83336781844115,0,77.7772903442383,0,16.6738597967408,0,0,0,18.3777018202112,0,0,0,0,0,105.787117004395
69.5389180864607,0,0,122.350120544434,0,7.78524050162715,8.66610486317708,102.526003057306,17.16285820153,0,95.5435657501221,62.6270108430282,129.947608947754,85.5506490071615,29.9362324280238,13.288181875756,0,157.071075439453,100.021812438965,0,137.51244354248,94.8500328063965,0,127.469680786133,106.480186462402,0,132.209136962891,116.143210274833,113.504486931695,23.7930681317352,0,0,10.880053244469,84.3411407470703,38.2796194076538,185.290634155273,0,0,130.735641479492,0,0,0,0,0,142.271133422852,0,0,0,0,0,0,0,0,0,0,0,0,0,189.793838500977,171.514587402344,0,0,0,164.739212036133,0,0,0,0,0,0
36.5098301991601,146.86986541748,123.142756749713,90.1614846123589,39.2801959407222,8.66610486317708,7.49303020128049,45.0342228100159,15.2972056647537,39.3614326318105,17.8397950862076,75.2891704725183,11.8866749448279,109.380469730922,21.2430739145852,11.0313929795722,138.568901062012,139.166562761579,115.35386505127,133.110984802246,24.6667060384348,84.0607194900513,97.7143218994141,105.336023477408,73.622640726043,0,147.228888784136,139.47292877907,42.3292503880146,29.5284921792006,75.7830900894968,0,22.0784879433492,61.4177040551838,43.1047323513031,0,0,185.261901855469,144.954336166382,31.454735438029,0,0,162.392333984375,0,103.698585510254,153.280868530273,0,42.9863878250122,0,0,0,0,180.166473388672,0,0,0,0,115.526161193848,0,151.386678059896,0,0,212.014671325684,167.42503792899,0,0,0,0,169.561614990234,0
27.0465814306234,104.863645172119,87.3008171336085,57.4973533049874,30.8698734891587,102.526003057306,45.0342228100159,8.51056401826963,46.3565348744559,50.5755654508844,11.2608854789593,153.807704069177,38.713403337142,153.564274379185,38.6697837009683,61.9469936282136,59.5593585014343,122.242157958275,147.14514541626,136.627397537231,38.7946933033955,51.3896414257231,59.8804163251604,60.6118454933167,37.1388867206206,0,122.108468391782,95.2930364630588,16.3988933791093,33.5175273187102,10.8328667681312,139.095550537109,115.994795905219,48.524746378596,63.0919533423282,132.189965384347,0,158.591361999512,79.1109034926803,95.7947858174642,207.331787109375,144.441529591878,123.68828795677,151.562389373779,84.3033027648926,155.374121348063,205.124618530273,114.235841751099,0,145.383528622714,0,142.4781363351,176.800891876221,209.792343139648,183.937187194824,0,131.021385192871,78.890625726609,142.349717407227,104.754793879074,0,183.412349155971,155.118638038635,117.834371775389,144.960160391671,123.120340619768,240.166519165039,0,143.372699737549,141.80392074585
18.9789667649416,134.714995066325,110.010593000991,87.726557970047,78.7397362845285,17.16285820153,15.2972056647537,46.3565348744559,9.54836659379148,78.6458418104384,21.6171884177069,80.0844162940979,26.9095495962146,107.198468971252,12.8536648503201,28.7843087003384,85.8214851379394,128.236225415302,135.374648460975,132.190748850505,42.377071995889,63.3930838211723,109.064430236816,88.8609431374398,74.0520852990107,107.252232869466,140.24586835046,133.559800647554,64.6624531674741,23.1444628950491,56.6388780126032,135.015266418457,18.0812506485306,39.5571305677035,42.8460562719058,167.359115600586,0,201.673156738281,114.880192756653,0,0,189.712375640869,178.220571517944,207.178531646729,117.489824930827,0,0,50.7622451782227,0,168.835693359375,0,0,193.872764587402,0,0,0,209.30534362793,99.5941772460938,180.301793416341,149.10771887643,0,190.017509460449,181.673847198486,151.224672379032,161.061096191406,158.078552246094,0,0,171.956230163574,150.437840779622
65.3666605456122,65.5108545158483,94.8315048217773,11.1601724065241,43.6897106999936,0,39.3614326318105,50.5755654508844,78.6458418104384,7.32335885619031,81.0021040174696,123.334327152797,6.35045846866625,119.368496486119,79.1221785912147,12.6295758933798,72.1242419651577,116.373603820801,0,127.968795776367,40.1714807237898,73.4952774047852,18.0808605636714,97.348745172674,17.4557601706368,91.7339732104009,121.968047477104,108.262497673154,39.4387254396108,68.2068666219711,49.4704679575833,124.44362894694,0,52.8514580562197,62.8027334690094,0,0,171.557151794434,68.6222457885742,0,0,0,125.996139526367,155.051990509033,52.6993806627062,85.4592971801758,0,75.2071762084961,0,155.989440917969,0,0,0,0,0,0,0,119.588696797689,0,62.850306983133,0,0,169.155473709106,106.719710640285,144.659912109375,95.7797698974609,0,0,90.6068572998047,0
40.7665793567962,119.589552307129,90.8294593018371,78.1191060384115,10.2155481854867,95.5435657501221,17.8397950862076,11.2608854789593,21.6171884177069,81.0021040174696,8.14171411954576,155.206833362579,19.0999125931966,135.581283569336,19.8418328477386,58.1364570862469,117.477245330811,117.137237217115,184.349456787109,144.132862091064,14.2957016372396,50.7879297784034,80.87823339609,69.205096680441,50.5390234999516,0,122.973297209967,108.895137640146,14.321834431887,39.0491283384959,34.2330432936203,139.496139526367,106.074305658755,54.4847210973549,67.8782580135433,151.291946411133,0,149.340438842773,85.5845909118652,19.9372770165744,0,0,0,162.786336263021,129.590744018555,149.234321594238,0,25.5245219744169,0,126.524604797363,0,0,0,0,187.886032104492,0,177.76432800293,125.466171264648,170.736694335938,109.077469719781,0,211.695907592773,188.921236673991,148.981146494548,0,0,0,0,0,0
141.306869195432,68.2960811249197,83.1691488149215,81.7339049674369,0,62.6270108430282,75.2891704725183,153.807704069177,80.0844162940979,123.334327152797,155.206833362579,13.5989350675017,0,28.5022311780103,69.9058992711509,83.2859344482422,136.882568904332,54.110764251623,21.852332434461,21.5256029101221,0,93.0754026559683,106.873215838176,85.90771329225,148.30695585771,32.8050246086402,29.0480432118067,66.5931818691474,144.586416708457,52.5481312219314,99.431050379136,26.0020109344684,62.4166904873318,109.032499918124,36.1070961851443,0,129.863941192627,187.479446411133,106.717224121094,0,0,0,175.793533325195,0,186.174423217773,232.38362121582,108.298362731934,0,87.8245419093541,0,0,0,155.912786865234,115.123906453451,116.502586364746,0,0,209.026901245117,140.666995457241,194.412063598633,95.1092666625977,112.379721341068,115.834015036529,190.810646057129,0,178.611343383789,115.571894509452,0,0,162.91362508138
69.8032472198074,78.7015609741211,122.543618338449,24.319671358381,17.3838169517035,129.947608947754,11.8866749448279,38.713403337142,26.9095495962146,6.35045846866625,19.0999125931966,0,6.50931144301388,0,71.85898571224,8.69019022867575,0,0,0,185.422180175781,10.9139184661771,98.906623840332,80.1860046386719,117.373134613037,16.9459358284987,0,139.238731384277,133.194755554199,34.5245262464498,84.674113411739,76.3292961120605,0,135.918110656738,84.790347698123,92.5007659557254,0,0,0,48.4814376831055,15.8968936496681,0,43.525947470414,54.9648704528809,88.4137344360352,55.9477586746216,22.5118377228414,0,8.685650391246,0,114.139793395996,0,0,0,0,0,17.3797241619655,0,0,0,64.5524502667514,0,0,152.128616333008,121.930045536586,0,0,0,0,0,0
149.016474405924,48.9618228233612,89.3995529810588,60.1366544355426,0,85.5506490071615,109.380469730922,153.564274379185,107.198468971252,119.368496486119,135.581283569336,28.5022311780103,0,7.66557132934732,86.3565542047674,84.5954666137695,130.588333129883,111.15647277832,53.7601178884506,72.1472833421495,0,0,91.1580692521678,109.839578901018,139.743115234375,14.8159078940293,32.5941094327007,26.2613567065863,154.092262268066,68.9396328926086,0,9.28414434408838,84.8479889763726,146.435919189453,56.1224262740975,0,115.671459197998,0,123.126916249593,0,0,0,0,0,166.417144775391,0,81.4052025931222,0,73.1005545324209,0,0,0,128.341471354167,124.814092000326,109.650957743327,0,0,120.695011138916,185.187339782715,0,82.6306468739229,99.793504213032,98.5522610461377,195.373092651367,0,0,95.9261999511719,0,235.071640014648,153.656804402669
9.20407155549463,133.936185201009,93.3784533701125,94.3791376749675,83.5438613891602,29.9362324280238,21.2430739145852,38.6697837009683,12.8536648503201,79.1221785912147,19.8418328477386,69.9058992711509,71.85898571224,86.3565542047674,6.13688422696635,23.3902372402444,65.0300903320312,116.296186426184,119.123834089799,124.902630615234,77.600316605478,50.3982099533081,82.1046854654948,69.2234166651596,78.2087750198818,92.5534896850586,126.841974176288,119.321735790798,54.3905550617061,12.9276687297064,32.4591498394508,125.498982020787,12.504829216368,27.1756551951049,33.4233002035831,165.242558797201,0,0,112.513111114502,0,0,190.288421630859,144.340801239014,183.627604166667,114.821192423503,135.903564453125,0,0,0,163.434842427572,0,0,204.143341064453,0,0,0,0,106.701372782389,172.263458251953,138.262172953288,0,217.46949005127,174.850041707357,138.177380073361,176.305149078369,0,0,0,140.325531005859,169.323574066162
34.5795630455017,149.878505706787,108.598372868129,66.3314717610677,78.7311983108521,13.288181875756,11.0313929795722,61.9469936282136,28.7843087003384,12.6295758933798,58.1364570862469,83.2859344482422,8.69019022867575,84.5954666137695,23.3902372402444,7.86452557972376,0,126.612133789062,152.367980957031,0,52.6163021967961,86.5604019165039,54.0547294616699,88.5960083007812,38.4263352424868,0,145.255612055461,126.207204818726,68.6387358611485,32.8114818930626,107.208597183228,181.324104309082,36.5369468281287,26.321199638899,33.9639282742062,0,0,0,0,40.8253631591797,0,0,146.540321350098,166.755004882812,99.6067390441895,0,0,0,0,240.240051269531,0,0,0,0,0,0,0,82.2409362792969,0,119.344017028809,0,0,0,143.718870798747,202.050567626953,0,0,0,0,0
80.458716583252,65.9320313170716,87.112281116087,44.0412403401233,0,0,138.568901062012,59.5593585014343,85.8214851379394,72.1242419651577,117.477245330811,136.882568904332,0,130.588333129883,65.0300903320312,0,11.4688209530515,107.075401306152,135.010990142822,114.791626485189,0,11.480760665362,32.8022201436775,12.6565365654825,26.5394407205511,127.940937042236,101.287886664981,25.2761305742318,30.6101539316516,107.632408936818,42.3956056972882,125.014724731445,0,58.0554635184152,74.9491818031568,130.108661651611,110.483009338379,131.309203011649,66.6562232971191,0,0,0,0,0,73.5848236083984,0,0,0,0,0,0,96.0128880550987,149.511825561523,0,152.912376403809,0,107.34065580368,57.5548365385636,96.2014393682065,128.764143371582,0,141.489984512329,118.814239803113,104.312265283921,113.84790802002,106.542597198486,0,0,0,141.607285635812
100.216524285006,56.9387889773534,39.3571704600929,61.2993497686871,129.454381306966,157.071075439453,139.166562761579,122.242157958275,128.236225415302,116.373603820801,117.137237217115,54.110764251623,0,111.15647277832,116.296186426184,126.612133789062,107.075401306152,8.66687039845221,62.8132611050632,13.5320541159702,0,41.2585013031488,91.4756536960602,19.10461163442,119.606825870538,96.2295900980632,25.6646766015095,63.9831295112755,115.020850941286,80.5114561382093,66.7842484803793,91.6652456011091,205.945922851562,82.9890440614432,38.32845397827,172.306392669678,103.120085144043,106.455149255618,72.591579914093,0,0,0,162.242612202962,186.180152893066,119.34447479248,0,146.256507873535,190.187057495117,0,0,0,134.610984802246,116.44103012798,180.200241088867,134.180234781901,0,142.598059336344,106.671179362706,120.275516584808,169.223739624023,0,119.289964966855,111.588602714539,166.519635518392,218.356567382812,150.831345621745,0,0,189.332504272461,114.082175224058
143.30667553526,81.2022725514003,77.0647085023963,88.9779850352894,0,100.021812438965,115.35386505127,147.14514541626,135.374648460975,0,184.349456787109,21.852332434461,0,53.7601178884506,119.123834089799,152.367980957031,135.010990142822,62.8132611050632,6.18454889331553,14.3073257003196,0,104.518598219928,119.061917304993,106.00919000726,155.826321411133,43.0931487633632,25.8869514892874,73.1195095377668,149.381069728306,100.059194037255,109.073552524342,55.7861467249253,101.059616088867,116.808176676432,64.1488442133504,0,157.222076416016,144.916035970052,127.812327575684,0,0,0,0,0,0,0,113.958731079102,0,104.692836067893,0,0,142.669250488281,135.539898681641,105.066240946452,108.473011779785,0,0,0,162.825317382812,0,73.6482060750325,106.039230028788,114.702312411684,0,0,0,119.626824951172,0,0,167.840713500977
122.488434713395,60.7361255804698,60.4313974043181,62.3191157254306,0,0,133.110984802246,136.627397537231,132.190748850505,127.968795776367,144.132862091064,21.5256029101221,185.422180175781,72.1472833421495,124.902630615234,0,114.791626485189,13.5320541159702,14.3073257003196,7.33048301540455,0,80.0149174565854,105.496010413537,53.3522753999723,138.766134134928,62.2906571796962,27.7789421655961,63.8871664783111,121.136631965637,95.5231791827696,87.3631886108012,67.0036536625453,0,96.4414252565618,43.1775476828003,0,0,131.389712863498,75.2579849243164,0,0,0,160.924896240234,0,0,0,165.988075256348,0,106.064540863037,0,0,0,127.497324090255,135.126905441284,115.646458943685,0,147.583969116211,111.751609802246,128.419733047485,0,85.8809585571289,110.300629078258,114.654137620648,201.849044799805,0,142.128890991211,111.857284545898,0,0,128.154944101969
70.7356804211934,0,0,60.4143867492676,9.10935873161412,137.51244354248,24.6667060384348,38.7946933033955,42.377071995889,40.1714807237898,14.2957016372396,0,10.9139184661771,0,77.600316605478,52.6163021967961,0,0,0,0,7.52989935744682,73.0535354614258,107.406852722168,0,8.52152956639101,0,0,0,21.6854126803224,80.4888219753233,0,0,140.126800537109,77.4316562546624,79.4105960566823,0,0,0,0,9.48103703102565,0,0,0,0,0,0,0,9.50579160922199,0,0,0,0,0,0,0,19.7138576507568,0,0,0,135.917770385742,0,0,0,131.077484130859,0,0,0,0,0,0
48.9897186256454,85.8454490661621,59.5705646023606,48.2634227860142,0,94.8500328063965,84.0607194900513,51.3896414257231,63.3930838211723,73.4952774047852,50.7879297784034,93.0754026559683,98.906623840332,0,50.3982099533081,86.5604019165039,11.480760665362,41.2585013031488,104.518598219928,80.0149174565854,73.0535354614258,7.73375197882736,38.5820567599798,17.4707017957317,20.5136449107381,113.384483337402,99.3642936033361,73.838555366194,17.6683289102021,7.74485477674959,17.9302489899046,170.819091796875,112.671760559082,23.1023826166107,34.1565399551083,123.191816476675,88.4842987060547,123.455260536887,63.7071687062581,0,0,134.03865814209,117.656372375488,141.949627467564,94.5173025131226,142.908203125,0,0,0,132.239263534546,0,87.7505429354581,147.734981536865,200.698211669922,0,0,103.456530621177,63.8825935724924,104.948842722575,111.207154846191,0,175.123034159342,130.106634091108,104.131511394794,115.13319505964,104.011412329708,0,0,105.591305901023,115.212410245623
57.7097112482244,24.7409192322746,51.0425879816855,14.1598596904501,57.0285339355469,0,97.7143218994141,59.8804163251604,109.064430236816,18.0808605636714,80.87823339609,106.873215838176,80.1860046386719,91.1580692521678,82.1046854654948,54.0547294616699,32.8022201436775,91.4756536960602,119.061917304993,105.496010413537,107.406852722168,38.5820567599798,6.8673888844217,42.1993174656249,23.0925447996028,62.0265027164074,97.3644169060759,34.2462909071627,39.5684031950203,58.7424296736717,40.3042275787481,105.374474419488,93.0305480957031,49.8173417611556,62.3609685164231,94.2266159057617,0,93.0385770797729,24.0324342918396,95.4471054077148,0,133.957539876302,84.4123180934361,103.484008789062,18.7522448753488,118.059982299805,0,0,175.447715759277,101.474161588229,0,52.043353789892,145.283554077148,139.858215332031,166.065673828125,0,62.8951332368046,18.7425305540882,67.3682866337323,68.9477260112762,0,141.157847086589,56.8977253372605,70.2118171691895,94.9788316999163,65.1010063171387,0,0,80.5704246520996,81.743875088899
68.9689669164509,63.3675690471823,19.9114083217323,46.0284155261132,69.2205505371094,127.469680786133,105.336023477408,60.6118454933167,88.8609431374398,97.348745172674,69.205096680441,85.90771329225,117.373134613037,109.839578901018,69.2234166651596,88.5960083007812,12.6565365654825,19.10461163442,106.00919000726,53.3522753999723,0,17.4707017957317,42.1993174656249,12.2884797503896,26.7109615737968,143.980941772461,73.8151182296815,40.4807218878976,28.9753423767987,60.7427787261755,44.7477232397719,111.489734649658,119.436599731445,69.3978227227926,42.5027117752106,132.578610738118,127.664435250419,101.005650917689,56.7871702731013,0,0,144.517631530762,134.999090443487,180.617780049642,97.0459613800049,177.897467041016,177.874626159668,188.72737121582,0,173.189598083496,0,96.8089838108095,128.046118288624,0,139.435635884603,0,101.730140473122,61.4435559956714,95.6849814149593,116.249620108769,0,142.318884440831,96.2676303767357,116.151968771951,132.335815429688,102.539361112258,0,0,100.552247619629,112.255410355129
74.6816023441783,80.8728580077489,95.865458462965,37.0498972336626,8.90841853892852,106.480186462402,73.622640726043,37.1388867206206,74.0520852990107,17.4557601706368,50.5390234999516,148.30695585771,16.9459358284987,139.743115234375,78.2087750198818,38.4263352424868,26.5394407205511,119.606825870538,155.826321411133,138.766134134928,8.52152956639101,20.5136449107381,23.0925447996028,26.7109615737968,8.8108003859227,106.963944026402,119.903773108194,65.3303021516055,12.9489491168692,73.559719133677,53.9994398796756,147.529910617405,116.628099441528,60.2530360400358,75.3809708499238,125.124581954058,122.607360839844,168.938886006673,66.890789974437,11.0728496747858,0,149.228062797995,117.445167181627,146.39537273998,64.0459074292864,130.781198501587,0,109.422101593018,0,137.251934860692,151.47624206543,114.278255081177,155.071523666382,0,159.301177978516,0,112.727281269274,61.5620855356192,124.103397000221,50.9394525086347,0,194.481793212891,149.632325066461,109.590283886341,135.075846220318,119.602082570394,0,0,126.464213930327,136.10466003418
0,17.7061507828526,109.831352233887,13.2942094919395,0,0,0,0,107.252232869466,91.7339732104009,0,32.8050246086402,0,14.8159078940293,92.5534896850586,0,127.940937042236,96.2295900980632,43.0931487633632,62.2906571796962,0,113.384483337402,62.0265027164074,143.980941772461,106.963944026402,7.45181155229568,42.1614367455457,21.631412957485,132.72799428304,79.6683832804362,139.505218505859,40.7908740517981,73.9623260498047,150.460388183594,69.3528571923574,0,109.899988810221,134.525314331055,56.9295245579311,0,0,0,0,0,143.62181854248,0,70.7685261776573,152.226654052734,50.1415882110596,0,0,0,0,60.7214438120524,75.9576396942139,0,91.8721008300781,112.911173502604,187.2294921875,138.508555094401,32.3216084979829,64.3395150239803,66.1422600362062,0,0,0,70.2141872672148,0,0,96.7857983907064
121.293913739641,52.4243974870035,33.2709002007962,49.676581142036,0,132.209136962891,147.228888784136,122.108468391782,140.24586835046,121.968047477104,122.973297209967,29.0480432118067,139.238731384277,32.5941094327007,126.841974176288,145.255612055461,101.287886664981,25.6646766015095,25.8869514892874,27.7789421655961,0,99.3642936033361,97.3644169060759,73.8151182296815,119.903773108194,42.1614367455457,10.5737154461673,34.6197385413679,114.36941329823,105.624322975521,95.9207679946701,15.2317477344441,116.26554107666,111.54299557864,65.4616146331286,223.921813964844,98.8513068389893,103.827985717029,76.9154120021396,0,0,0,194.822868347168,210.179977416992,172.509829711914,0,110.271194599293,0,99.2094371911251,0,0,155.545689900716,108.428036900193,104.385830378128,102.191866430906,0,156.752378191267,140.502890777588,123.826777539934,196.344505310059,86.0098050539611,95.0402298282515,99.6113747623359,175.984437730577,189.212478637695,155.740119086372,109.503661592128,0,0,110.712925109863
119.61320341001,29.8184785509987,31.259166087552,41.1978468796283,110.537750244141,116.143210274833,139.47292877907,95.2930364630588,133.559800647554,108.262497673154,108.895137640146,66.5931818691474,133.194755554199,26.2613567065863,119.321735790798,126.207204818726,25.2761305742318,63.9831295112755,73.1195095377668,63.8871664783111,0,73.838555366194,34.2462909071627,40.4807218878976,65.3303021516055,21.631412957485,34.6197385413679,11.8749546110752,70.1627244464771,108.048769761264,98.6750168613881,16.3734350760916,112.927567481995,118.52056425268,69.7887366012763,150.428864796956,92.3247386837794,97.056683365005,80.5311359058727,0,0,205.224899291992,150.56974029541,174.829564412435,155.183113574982,172.123840332031,115.812073353971,0,98.9261838461607,180.710101318359,0,100.277396045154,107.547566279982,107.854164123535,107.624190810037,0,116.239882332938,77.2381892204285,95.8135250356246,146.611931334151,88.8103618909366,98.081471022038,97.5931259152201,136.82219171524,177.59228515625,147.669183975611,112.065125645818,0,105.705963134766,115.967130536231
44.436951567487,99.1730667505509,70.384433814339,46.9664916454546,10.5178896095382,113.504486931695,42.3292503880146,16.3988933791093,64.6624531674741,39.4387254396108,14.321834431887,144.586416708457,34.5245262464498,154.092262268066,54.3905550617061,68.6387358611485,30.6101539316516,115.020850941286,149.381069728306,121.136631965637,21.6854126803224,17.6683289102021,39.5684031950203,28.9753423767987,12.9489491168692,132.72799428304,114.36941329823,70.1627244464771,7.99727671844332,65.0758871366811,28.4933923603103,152.064575195312,118.671152932303,50.2955435042082,52.4353149624123,119.973385912307,0,154.535994938442,64.8739124276784,37.4698247591654,0,138.400064416834,115.844527969817,146.09566561381,61.1715939044952,132.671574062771,175.804756164551,53.596228811476,0,136.371944665909,162.39151763916,92.7390110560826,163.320486886161,0,0,0,106.645314025879,60.7258077768179,119.503083607507,98.8621692306117,0,190.571698869978,149.292268406261,106.146764227986,133.777570648193,109.394238490684,0,0,123.182901735659,129.016945387188
7.84726073574074,107.677342501554,70.784008104584,73.6629196802775,82.7812736098831,23.7930681317352,29.5284921792006,33.5175273187102,23.1444628950491,68.2068666219711,39.0491283384959,52.5481312219314,84.674113411739,68.9396328926086,12.9276687297064,32.8114818930626,107.632408936818,80.5114561382093,100.059194037255,95.5231791827696,80.4888219753233,7.74485477674959,58.7424296736717,60.7427787261755,73.559719133677,79.6683832804362,105.624322975521,108.048769761264,65.0758871366811,6.37966840103231,8.72063385989754,99.4763046264648,8.93757464177424,11.0268623213228,29.1170055359957,149.977217356364,0,132.986772537231,89.5542240142822,159.29061126709,0,159.767780303955,138.217242558797,174.801443481445,88.4401748657227,150.88752746582,0,164.441970825195,0,162.630850219727,155.970626831055,106.075665791829,165.288218180339,0,0,0,0,90.9725040435791,129.125005086263,125.707670266288,173.312721252441,167.598034667969,154.475399925595,132.055963085544,156.428283691406,143.780963897705,0,0,165.46692276001,150.613084411621
17.6798036632214,105.763933563232,57.9206512642531,53.9056091878399,0,0,75.7830900894968,10.8328667681312,56.6388780126032,49.4704679575833,34.2330432936203,99.431050379136,76.3292961120605,0,32.4591498394508,107.208597183228,42.3956056972882,66.7842484803793,109.073552524342,87.3631886108012,0,17.9302489899046,40.3042275787481,44.7477232397719,53.9994398796756,139.505218505859,95.9207679946701,98.6750168613881,28.4933923603103,8.72063385989754,8.27376181602488,140.220491409302,118.54027557373,22.8880761767003,31.017979900125,122.286291599274,126.619987487793,138.210929870605,67.6072884384467,0,0,148.681533813477,116.478424508231,165.967810890891,74.6235809326172,119.898910522461,0,0,0,150.46351146698,147.771926879883,94.7570120917426,171.362106323242,0,0,0,107.437371653895,66.1969689310596,108.262404846191,110.500401100416,0,187.434619903564,138.755599430629,108.33324025472,121.551413642036,107.373250175925,0,0,113.86224982852,124.802531003952
151.603729248047,61.3618567051032,83.110339050293,80.0256947969136,0,0,0,139.095550537109,135.015266418457,124.44362894694,139.496139526367,26.0020109344684,0,9.28414434408838,125.498982020787,181.324104309082,125.014724731445,91.6652456011091,55.7861467249253,67.0036536625453,0,170.819091796875,105.374474419488,111.489734649658,147.529910617405,40.7908740517981,15.2317477344441,16.3734350760916,152.064575195312,99.4763046264648,140.220491409302,4.78825552372936,0,0,80.0726703338623,0,180.567657470703,0,131.485576629639,0,0,0,0,0,206.843124389648,0,139.577072143555,0,91.9232042273697,192.457077026367,0,0,148.358779907227,105.700625101725,131.359532674154,0,0,190.981063842773,200.217010498047,0,102.196108500163,105.258886575699,108.285457542964,0,0,206.456726074219,103.079906887478,0,0,0
79.2193737030029,0,144.11040242513,125.230209350586,0,10.880053244469,22.0784879433492,115.994795905219,18.0812506485306,0,106.074305658755,62.4166904873318,135.918110656738,84.8479889763726,12.504829216368,36.5369468281287,0,205.945922851562,101.059616088867,0,140.126800537109,112.671760559082,93.0305480957031,119.436599731445,116.628099441528,73.9623260498047,116.26554107666,112.927567481995,118.671152932303,8.93757464177424,118.54027557373,0,5.46239746497224,70.3529739379883,39.4616150992257,0,0,0,133.42121887207,0,0,0,165.320816040039,0,124.540954589844,0,0,0,0,0,0,0,0,0,0,0,0,0,0,155.955325317383,0,0,0,174.013516235352,0,0,0,0,198.563720703125,204.028198242188
11.0129215647193,110.749249776204,101.151756812786,57.6214259221004,74.8216112454732,84.3411407470703,61.4177040551838,48.524746378596,39.5571305677035,52.8514580562197,54.4847210973549,109.032499918124,84.790347698123,146.435919189453,27.1756551951049,26.321199638899,58.0554635184152,82.9890440614432,116.808176676432,96.4414252565618,77.4316562546624,23.1023826166107,49.8173417611556,69.3978227227926,60.2530360400358,150.460388183594,111.54299557864,118.52056425268,50.2955435042082,11.0268623213228,22.8880761767003,0,70.3529739379883,7.18918970693282,38.0705901388091,122.798080444336,0,240.230972290039,71.4318920633067,127.566680908203,0,151.068340301514,125.366164434524,149.267748151507,77.1585699717204,168.808937072754,0,116.642959594727,0,151.46475897895,181.137329101562,77.5345611572266,175.47492980957,0,178.531707763672,0,85.0613708496094,72.8624373541938,144.353873116629,114.672458325402,0,194.95588684082,169.699068705241,119.323542834866,155.791035652161,126.961990356445,185.849563598633,0,144.685766601563,133.821466064453
79.8177863625919,65.6424479387244,57.6885576622827,59.0336573985086,80.4613893508911,38.2796194076538,43.1047323513031,63.0919533423282,42.8460562719058,62.8027334690094,67.8782580135433,36.1070961851443,92.5007659557254,56.1224262740975,33.4233002035831,33.9639282742062,74.9491818031568,38.32845397827,64.1488442133504,43.1775476828003,79.4105960566823,34.1565399551083,62.3609685164231,42.5027117752106,75.3809708499238,69.3528571923574,65.4616146331286,69.7887366012763,52.4353149624123,29.1170055359957,31.017979900125,80.0726703338623,39.4616150992257,38.0705901388091,13.1222494068869,139.133874893188,125.806924819946,108.750372144911,83.0524510322733,123.978332519531,0,156.347290039062,128.980009169806,176.218181186252,76.2544799804687,153.352241516113,140.358651733398,0,129.10604095459,172.763214804909,0,117.368992699517,120.304037628174,133.956344604492,147.442244896522,0,106.062862650553,78.5244497216266,112.280052895639,116.612556293447,116.094106401716,127.595492455267,115.675303548739,122.24928564528,172.248555501302,131.596159667969,135.373250325521,0,125.235485076904,137.121685151131
179.332275390625,197.784072875977,171.093307495117,70.6415888468425,0,185.290634155273,0,132.189965384347,167.359115600586,0,151.291946411133,0,0,0,165.242558797201,0,130.108661651611,172.306392669678,0,0,0,123.191816476675,94.2266159057617,132.578610738118,125.124581954058,0,223.921813964844,150.428864796956,119.973385912307,149.977217356364,122.286291599274,0,0,122.798080444336,139.133874893188,9.71603988920866,131.522473653158,97.1865289678019,69.5922604824634,69.9947179493151,69.6171970367432,35.3855392648933,17.4894071064434,23.1930690373235,58.5620062172818,46.8211813288659,125.47042582112,76.4898687998454,137.454315185547,12.0258238978793,35.3198070964594,49.0753586888313,100.384707916465,136.368438720703,122.756787206086,81.3631301879883,78.3942444673769,58.0260576637842,96.0917321344849,60.3245340235093,129.12385559082,122.876893774256,124.69793008875,63.3424121457245,12.6075114465532,15.7239855454967,150.29907989502,76.1483216966901,26.5112989279125,57.6538557490364
0,49.8628913760185,98.0556733873155,58.232421875,0,0,0,0,0,0,0,129.863941192627,0,115.671459197998,0,0,110.483009338379,103.120085144043,157.222076416016,0,0,88.4842987060547,0,127.664435250419,122.607360839844,109.899988810221,98.8513068389893,92.3247386837794,0,0,126.619987487793,180.567657470703,0,0,125.806924819946,131.522473653158,6.83881033670175,43.4894506543982,15.2069420295236,119.711311340332,0,154.69864654541,117.468325614929,137.872721862793,65.9030456894554,168.669704437256,74.1581171671549,0,60.6226772019843,126.720671081543,0,52.1877916124132,52.7606368480507,87.5433508555094,62.8647357914723,0,84.5090341007008,22.3917664063156,55.5263744027607,69.2939412916029,25.5718869625084,51.2010149002075,32.8476378070943,98.792134475708,110.001192728678,91.9474214496035,76.9156017303467,0,0,57.4289516762989
174.15837097168,75.9902651045058,94.1139402071635,58.3844046159224,0,0,185.261901855469,158.591361999512,201.673156738281,171.557151794434,149.340438842773,187.479446411133,0,0,0,0,131.309203011649,106.455149255618,144.916035970052,131.389712863498,0,123.455260536887,93.0385770797729,101.005650917689,168.938886006673,134.525314331055,103.827985717029,97.056683365005,154.535994938442,132.986772537231,138.210929870605,0,0,240.230972290039,108.750372144911,97.1865289678019,43.4894506543982,13.1987812148123,45.7705949870818,133.14493560791,0,128.437424596151,91.9211500590877,122.171450543404,105.887417263455,110.610629072813,86.4118607076009,115.820226396833,91.2046856350369,113.956428938646,131.057393391927,74.6700742812384,35.457719656786,82.0664033328786,68.089123916626,0,65.9627674883062,56.3805542983018,26.3329035160698,95.0381192207336,89.0253467559814,31.3073830219352,24.6986801260121,70.8103111698911,116.17023950942,56.0823353946161,110.359745025635,182.965799967448,122.520293896015,64.181579327339
83.9978434244792,22.1150987943013,74.3290768607718,16.3858798894015,76.4443725585938,130.735641479492,144.954336166382,79.1109034926803,114.880192756653,68.6222457885742,85.5845909118652,106.717224121094,48.4814376831055,123.126916249593,112.513111114502,0,66.6562232971191,72.591579914093,127.812327575684,75.2579849243164,0,63.7071687062581,24.0324342918396,56.7871702731013,66.890789974437,56.9295245579311,76.9154120021396,80.5311359058727,64.8739124276784,89.5542240142822,67.6072884384467,131.485576629639,133.42121887207,71.4318920633067,83.0524510322733,69.5922604824634,15.2069420295236,45.7705949870818,12.5215268266218,54.9571141329679,0,87.8015057838569,66.4096790348879,85.8723394086284,19.2995996917587,75.8081327279409,74.1519817981905,59.6870630052355,49.5547851198751,75.3896607264576,101.785110473633,38.2130008973536,58.1171277802566,82.7667626090672,66.5586097717285,0,49.3822320662005,28.6480608035943,47.9110328226163,29.7948436848786,19.9975022645558,54.5711812012608,40.8783662846142,47.1400713159609,72.2724139006241,58.3694076863433,70.1341494998416,132.399648666382,59.0875349162537,65.9800915397131
0,0,177.939407348633,0,7.2173404727933,0,31.454735438029,95.7947858174642,0,0,19.9372770165744,0,15.8968936496681,0,0,40.8253631591797,0,0,0,0,9.48103703102565,0,95.4471054077148,0,11.0728496747858,0,0,0,37.4698247591654,159.29061126709,0,0,0,127.566680908203,123.978332519531,69.9947179493151,119.711311340332,133.14493560791,54.9571141329679,7.19381655063168,0,49.7631165220563,45.0267542521159,83.9194594184951,50.0888603161543,10.8398334871398,147.898384094238,15.4827218914287,0,87.2330051863275,73.7141508879485,62.5128073692322,137.9293384552,0,0,10.4107907287666,66.1241683959961,81.5827805655343,91.1819137573242,10.3190000661732,176.893844604492,0,122.131104605539,9.62333653558606,88.217122563776,85.5193015204536,0,133.051305135091,81.1559278314764,91.2941827025089
0,0,0,0,0,0,0,207.331787109375,0,0,0,0,0,0,0,0,0,0,0,0,0,0,0,0,0,0,0,0,0,0,0,0,0,0,0,69.6171970367432,0,0,0,0,6.20678557704596,8.89012032580037,106.078712463379,13.4586895353997,0,104.210408528646,65.2305951799665,0,0,24.7424538041923,12.1093476752597,0,0,0,0,0,114.9208984375,0,118.357284545898,89.0440194871691,0,187.934005737305,0,125.088260105678,25.700864216638,0,0,8.26587003554861,154.013458251953,34.6732633863177
0,0,202.613067626953,114.83971786499,46.6477882385254,0,0,144.441529591878,189.712375640869,0,0,0,43.525947470414,0,190.288421630859,0,0,0,0,0,0,134.03865814209,133.957539876302,144.517631530762,149.228062797995,0,0,205.224899291992,138.400064416834,159.767780303955,148.681533813477,0,0,151.068340301514,156.347290039062,35.3855392648933,154.69864654541,128.437424596151,87.8015057838569,49.7631165220563,8.89012032580037,7.70514448155101,51.3290606788442,13.9485725379714,63.4369322728303,22.7017306759131,71.0099043205603,25.047504163374,102.226867675781,27.8231784900389,9.79731835326315,97.13731731068,149.189345426338,104.745071411133,182.324289957682,32.1364134595556,100.984467246316,89.3030926386515,128.345530361599,37.0294756909906,78.6888885498047,147.965647610751,132.750969046977,55.3764842275323,29.4729885716256,83.0931936502457,0,18.7708324593269,91.3778153657913,64.9308851645874
137.275274276733,0,154.776045663016,107.05244869656,130.065292358398,0,162.392333984375,123.68828795677,178.220571517944,125.996139526367,0,175.793533325195,54.9648704528809,0,144.340801239014,146.540321350098,0,162.242612202962,0,160.924896240234,0,117.656372375488,84.4123180934361,134.999090443487,117.445167181627,0,194.822868347168,150.56974029541,115.844527969817,138.217242558797,116.478424508231,0,165.320816040039,125.366164434524,128.980009169806,17.4894071064434,117.468325614929,91.9211500590877,66.4096790348879,45.0267542521159,106.078712463379,51.3290606788442,9.65989828943259,46.3272213457683,55.7421967751639,13.8577125639575,126.578627144418,47.743387054611,136.448748270671,29.1734415277026,59.2952823013556,58.6002582550049,95.0164210619937,129.986661764292,121.997502413663,55.6473974227905,70.2211794878985,57.2748902060769,84.1818403603458,42.6217153682644,0,118.349872909846,110.320242570794,19.2386559419613,38.7058840209337,12.8762081529906,144.891502380371,110.405751800537,58.3190904315883,69.6825923439282
164.27108001709,213.715454101562,184.23245493571,84.0544967651367,121.252056121826,0,0,151.562389373779,207.178531646729,155.051990509033,162.786336263021,0,88.4137344360352,0,183.627604166667,166.755004882812,0,186.180152893066,0,0,0,141.949627467564,103.484008789062,180.617780049642,146.39537273998,0,210.179977416992,174.829564412435,146.09566561381,174.801443481445,165.967810890891,0,0,149.267748151507,176.218181186252,23.1930690373235,137.872721862793,122.171450543404,85.8723394086284,83.9194594184951,13.4586895353997,13.9485725379714,46.3272213457683,8.43495987200971,68.3055439773871,29.7489866595093,66.9142025430404,78.1522648590433,76.5780650723365,14.878993797754,22.2798285331916,78.7087007338001,139.763826035361,119.764294306437,142.858799298604,81.9869996318667,96.6020278930664,87.2797179312076,117.905922105577,62.1907462402523,117.822120666504,139.796325720098,133.152467405641,66.7530117661118,20.9473284997373,75.5082566397531,100.702462768555,10.7495408811436,90.705815633138,43.5743908844888
