12.3264762849883,137.577958424886,86.9137861543431,73.9989780934652,64.6213249206543,0,79.2801675098698,27.6333733874715,21.8194270372511,66.6211665760387,49.8867895021877,131.333099722862,80.1314659118652,145.646155617454,13.3108808750816,73.8647338867188,108.655349731445,89.5939060513764,132.065094989279,119.412541222951,81.2710266113281,71.0088865021129,78.1893275334285,71.8405601871921,79.0922127046447,170.925003051758,108.673496426476,111.337997472854,46.4936642419025,10.7212139070479,31.5582921503093,149.831827799479,90.7282775878906,31.9338489012285,79.4918981454311,142.321039199829,138.473225402832,152.266617484715,93.0570140637849,0,0,153.359725952148,134.47094779179,166.712185668945,156.647496541341,163.463076782227,0,0,0,171.881025695801,0,0,161.160050964355,0,0,0,133.846633911133,127.034826006208,157.280307545381,119.761451933119,0,167.279406379251,154.300769805908,126.942876962515,144.273166111537,128.58640882704,0,0,137.369499206543,153.788052368164
137.577958424886,7.24711295131607,38.2328821082059,33.0213380023145,0,0,104.381984710693,119.878949483236,165.037368774414,60.9580508837079,0,52.8155773236201,0,46.69555051228,142.340261459351,0,64.3099905649821,54.1070861369371,70.9358844050655,56.3219249513414,0,117.980178833008,21.1788805195486,56.6933379429643,73.8769581768964,26.2437244947406,46.7516192429357,29.0077677532913,102.561020224435,115.891501956516,108.146302359445,65.8945718007545,0,121.649570465088,68.2732153183375,0,69.0592018127441,77.8226725020499,70.0090364047459,0,0,0,183.194854736328,165.363380432129,134.197291056315,173.810958862305,118.986576080322,0,78.2438728014628,170.420862833659,0,0,103.414049312047,110.385063171387,132.854933420817,0,153.455505371094,23.184907913208,97.3290833865895,117.317600250244,66.5047931671143,99.9182576751709,82.0236235376614,116.004989624023,0,0,105.0322265625,0,0,81.2028741836548
86.9137861543431,38.2328821082059,11.6341172209777,40.2710212318556,0,0,140.551470895831,93.4336340781604,122.731165784471,100.505515234811,98.7603499307587,77.5615459545239,151.642547607422,82.0212817974945,112.104231402038,0,73.4010443914504,37.7713186563365,83.1881326715997,69.3662649713475,105.86421585083,76.9100717427779,42.5636077372233,27.1089274521578,97.2628040642574,101.768127441406,26.0631201203541,23.7445846875236,67.7532512891979,109.535546743113,72.4936958059258,86.7683663898044,0,117.319488193678,55.210163231202,160.500879727877,76.6243632783826,87.4563920107529,60.5755201067243,205.595565795898,0,183.832695007324,149.316580916896,176.87678527832,147.158369064331,173.210094745343,120.750112056732,0,149.906745910645,180.246939317235,216.738922119141,107.581264750163,99.3184040100427,128.549812316895,120.076084289551,172.042190551758,124.265280805315,65.0213625828425,95.9036906804794,150.574797930036,110.253153483073,95.3019430520651,87.9426710406367,140.969401710912,184.684699680494,133.138598523821,140.803283691406,239.972480773926,165.924830118815,105.917116209518
73.9989780934652,33.0213380023145,40.2710212318556,35.1528804046441,51.440092086792,96.0401318868001,82.4529777753471,55.1042760049776,81.5203244902871,20.6475356165101,61.3000246758335,63.8331979342869,68.7823344639369,57.5935009306875,78.8742668725163,69.5193568468094,44.0447966024793,54.7284944476744,61.1436978809869,54.2997773961374,51.9605918574978,49.526704781347,16.5190981412969,49.2039238381822,37.1189599966741,29.4142807641795,42.5557588475782,36.2963719148201,46.4382794432437,64.2757445344373,52.1882641295221,67.9772793696477,107.152208116319,58.5534051789178,59.9576399614523,92.237869644165,65.583737570664,65.6596306843363,11.5005247432794,100.264759063721,0,148.513522677951,90.5714349088998,132.824536027579,29.1523943449322,105.714144388835,72.3537497520447,88.7842025756836,74.9643568485341,113.98934278817,0,57.6821524496297,81.9726667718573,84.041805267334,73.2876192059433,129.785148620605,63.6807141542435,18.6426848504278,66.5452653678067,67.5820288709415,64.8245664679486,72.7627395374353,49.0257880122675,81.2620773085629,101.65699005127,76.5037768015604,81.3050079345703,0,89.0387091636658,77.5306512583857
64.6213249206543,0,0,51.440092086792,8.22747032904602,132.077911376953,53.019323004053,71.4800446828206,93.2143024262928,34.6236966855264,16.1494198973974,0,29.7402477669582,0,97.6794891357422,52.4892417289115,0,0,0,0,12.7935060183408,0,70.5358581542969,119.891830444336,18.6480994981396,0,0,0,15.8200933430944,85.183101524741,62.4235134124756,0,0,84.1946536793428,98.3384717305501,163.245089213053,0,0,68.0440915425618,41.1529998330988,0,142.300754785538,112.290997591886,143.14780660776,74.7344350814819,133.663746021412,0,97.6318548520406,0,162.735537719727,0,0,0,0,0,129.106389363607,0,126.364891052246,174.854522705078,95.3349807926866,0,0,160.339447021484,128.79095425076,149.96996307373,0,0,0,136.646438598633,173.20725402832
0,0,0,96.0401318868001,132.077911376953,6.47714778166699,9.5451878835717,119.926406860352,21.3901142651563,56.7394777933756,109.12608939723,53.0288495002909,74.4062436421712,79.5775883992513,29.6719954152979,16.9407498458696,0,0,82.4645135062081,125.447537740072,134.304382324219,0,93.9531173706055,104.950820922852,99.169688298152,0,104.199830191476,99.2248901367188,116.377711825901,27.5458123048147,154.170936584473,98.3787002563477,11.173036468755,0,33.9260046550206,184.369293212891,0,0,0,0,0,198.93537902832,184.163177490234,203.59245300293,0,0,0,0,0,0,0,0,0,0,0,0,0,0,0,149.137054443359,0,123.098876953125,0,168.808174133301,214.604949951172,145.834136962891,0,0,0,0
79.2801675098698,104.381984710693,140.551470895831,82.4529777753471,53.019323004053,9.5451878835717,9.22011325299363,55.4239255162128,19.8495510634167,78.4663556935836,26.8134610810676,56.6036959975513,19.3019556105819,97.3881623404367,25.5906876985645,12.039615489645,0,155.849329223633,92.4095543755425,136.708943049113,36.1432587971014,118.998935699463,89.6178321838379,121.924222206583,79.3343446711971,0,150.549530771044,133.915952162309,66.9921968168371,55.5304080880311,105.661541290283,92.315408706665,18.6355221622526,95.9351713302288,47.0143569323071,173.762626647949,0,203.795399983724,98.5640082108347,154.052207946777,0,157.355856126355,139.635678794167,179.364584604899,145.491086959839,150.799434814453,0,108.097643852234,0,180.204438527425,0,207.497367858887,0,0,0,144.040786743164,0,149.385765075684,188.237170410156,130.964111988361,0,178.266109466553,186.461029052734,141.713279228706,170.679468154907,166.856478009905,0,0,176.235649108887,180.612942165799
27.6333733874715,119.878949483236,93.4336340781604,55.1042760049776,71.4800446828206,119.926406860352,55.4239255162128,11.2014022895865,54.9156835098027,53.9025863569255,13.5850596955276,147.069451071999,38.3358706480228,153.881771850586,49.9337601289173,72.5475268288264,80.5133953094482,119.429642631894,159.077760696411,143.577619397962,56.8786183525534,67.4702613233084,76.1418868170844,69.9248869815217,53.4160898727121,142.491500854492,121.107131130595,91.3627613694876,22.6772178866572,61.3532913532548,15.7295982804108,158.138877868652,121.82322716713,64.5383773571303,80.6840050813915,128.815860133017,163.718078613281,159.166052246094,74.1422300229127,132.884447224935,179.863174438477,137.770351453759,114.637402766893,154.81308457224,96.3842829295567,133.488065890608,205.806350708008,138.923393249512,0,147.385301282329,0,130.97042955671,184.190485904091,0,0,156.564947128296,154.088236127581,120.275311470032,147.535076253554,104.688058628918,0,172.816493281612,163.035364123358,114.316853418658,140.37351262458,123.263352786793,0,185.383247375488,135.556364695231,141.187971886168
21.8194270372511,165.037368774414,122.731165784471,81.5203244902871,93.2143024262928,21.3901142651563,19.8495510634167,54.9156835098027,10.5576439189884,82.2598066949225,27.506203277285,70.0832279503591,63.8352502544275,116.616483688354,16.2888476060028,28.9533647530395,133.068717956543,123.62524297456,119.503164702771,132.734579819899,85.5419130486957,101.108759562174,110.140989552373,102.38555032876,83.8666305354307,92.0747273763021,134.158123764868,132.402746127762,75.3383458977315,28.1404670889638,73.693184760309,134.537023271833,12.5322155440656,96.3265236748589,45.0629592401391,160.54900487264,177.851783752441,175.230383555094,85.8725596512898,145.334131513323,173.83642578125,148.524861080546,139.710159637362,165.229762077332,123.765203857422,145.850356322068,0,142.931848526001,0,173.117190595986,0,133.270673116048,197.915654500326,144.237564086914,237.66682434082,139.718322753906,202.318130493164,166.733985900879,184.759612083435,128.317585951127,0,194.982703469016,179.26857135914,136.533445477132,169.545466975162,155.54366320233,0,168.001129150391,163.58616956075,160.867351955838
66.6211665760387,60.9580508837079,100.505515234811,20.6475356165101,34.6236966855264,56.7394777933756,78.4663556935836,53.9025863569255,82.2598066949225,9.23971121069167,63.7021052950904,133.025901794434,8.33069378798194,116.21086576147,77.9095235439976,20.398788732789,60.9593313535055,114.545842306955,130.625086975098,132.276494979858,27.9381052027927,96.6828290939331,29.4680624568578,90.929973914975,22.2169467900876,102.442270445592,121.310192846483,104.994057622897,41.6138012127166,64.5300419367504,53.9661715183575,127.964070638021,110.107382456462,63.2638813430714,64.2097197638618,102.306539535522,0,175.696792602539,20.6248817513971,58.3783664703369,0,110.078350067139,95.4503720210149,134.703899383545,33.1257186302772,114.713491439819,0,0,139.414390087128,139.375730242048,0,114.529579162598,212.273818969727,0,0,158.652328491211,128.417404174805,104.464851379395,108.510464986165,72.8924153191703,123.520445251465,173.511316935221,160.548106384277,101.934584114768,123.952576377175,109.094104766846,0,0,113.889376163483,113.159692382812
49.8867895021877,0,98.7603499307587,61.3000246758335,16.1494198973974,109.12608939723,26.8134610810676,13.5850596955276,27.506203277285,63.7021052950904,8.76826670895638,141.455759048462,19.8178704615998,145.185279846191,40.8264068101267,65.5465129827032,63.3629417419434,124.274173115575,149.497650146484,153.133291625977,16.2525416942098,70.8826373752795,115.605484771729,77.7585742688053,61.4835107819373,0,120.603292264436,108.063039355808,20.726997857341,78.1156182498345,54.618402579396,178.644687652588,113.56961871208,71.3924564254464,78.5303527850939,134.720389556885,146.531768798828,167.602352142334,77.1293364849287,32.0780960767697,0,142.458529895042,128.298217886745,158.439015840229,90.3328800561293,140.793133973746,0,33.1523158617109,185.579940795898,165.008375059884,161.238739013672,137.413990444607,169.294036865234,0,0,135.197156432579,156.142669677734,139.741081237793,153.940690782335,104.98443705297,0,0,184.111763000488,128.029114435304,159.394249549279,143.518462371826,0,187.079681396484,160.520176280629,160.292339428051
131.333099722862,52.8155773236201,77.5615459545239,63.8331979342869,0,53.0288495002909,56.6036959975513,147.069451071999,70.0832279503591,133.025901794434,141.455759048462,10.0965966868537,0,20.0068375020853,94.3017272949219,76.8344116210938,105.74386705671,46.3956654918166,20.0003799183244,14.1451104259698,0,86.8688142299652,96.6134401404339,85.0929547189509,124.046897888184,29.9732464147769,24.0675102510236,58.9278687780554,116.921112407338,64.8237743107905,93.4167789855561,36.8014391677004,52.2722805639542,89.8394295828683,21.4322465760002,0,97.0330341884068,135.960500717163,71.9086109343029,0,0,0,211.46391805013,230.849502563477,170.635276794434,0,84.0659401633523,0,72.3929890441894,0,0,122.473365783691,121.586242675781,93.1679301906276,94.7264140959709,0,156.076644897461,83.091381072998,133.140687942505,156.120422363281,61.7057886016503,89.2214025085718,93.5567090776232,185.527389526367,0,155.492056274414,101.037061146327,0,0,126.575073242188
80.1314659118652,0,151.642547607422,68.7823344639369,29.7402477669582,74.4062436421712,19.3019556105819,38.3358706480228,63.8352502544275,8.33069378798194,19.8178704615998,0,8.35345557918391,0,89.0857440204155,14.4826991604175,0,0,0,0,12.671864304668,0,87.0759410858154,158.523818969727,15.0760818236658,0,0,133.803115844727,39.5231357090605,84.8658162419668,81.6071701049805,0,130.11767578125,82.5097338358561,85.9743866338962,0,0,0,77.5913398265839,6.79432892365889,0,59.8773720481179,149.948204040527,94.583139692034,89.0040893554688,40.2492696642876,0,11.7985399580314,0,108.346641540527,58.2968266805013,0,0,0,0,12.2210453943066,0,0,0,105.285536986131,0,0,0,140.073368835449,115.70930480957,0,0,0,0,84.8691253662109
145.646155617454,46.69555051228,82.0212817974945,57.5935009306875,0,79.5775883992513,97.3881623404367,153.881771850586,116.616483688354,116.21086576147,145.185279846191,20.0068375020853,0,8.75223323789972,158.4290902274,167.773300170898,0,90.0868434906006,54.7671026827684,63.1374102274577,0,105.455322265625,91.460487201296,107.904032230377,131.362123171488,22.2915334245886,32.4825604785248,32.6947053387052,138.887640380859,102.02333245454,137.148285865784,14.7746957425329,80.6769104003906,179.327697753906,44.9563569155606,0,84.2466393346372,132.182180404663,46.5254916140908,0,0,0,0,0,148.405520847866,0,68.9043514779273,0,55.8313042813202,0,0,0,143.493877410889,81.4329630925105,88.8005526860555,0,0,111.661958133473,0,161.684677124023,42.1843246766283,80.7754737587385,79.3078906192173,0,186.360397338867,163.666290283203,82.5975793357787,0,0,100.317120869954
13.3108808750816,142.340261459351,112.104231402038,78.8742668725163,97.6794891357422,29.6719954152979,25.5906876985645,49.9337601289173,16.2888476060028,77.9095235439976,40.8264068101267,94.3017272949219,89.0857440204155,158.4290902274,8.28533083195805,47.667545888331,0,108.061239682711,133.463808233088,132.017581635102,92.5329297175173,83.6788391363425,84.9385604858398,89.6920184840687,84.2063417849333,122.720567703247,127.292546403622,127.516807433756,72.4525785086855,15.5722691395212,46.3222330684175,158.806442260742,14.912770902769,57.4626090246088,50.2099513679187,158.022024790446,0,180.405471801758,93.1113331492354,130.136660257975,0,158.74197042556,140.193476626748,166.463186997634,125.209326171875,151.057247508656,227.061721801758,134.445007324219,0,168.712979952494,145.103363037109,126.302261352539,176.026409573025,230.675582885742,0,135.726013183594,120.999156951904,137.31282043457,164.487674419697,127.281841916588,0,185.7600701072,169.942546960079,135.454008086389,159.841716607412,148.581245422363,0,223.443618774414,159.305450439453,154.057463212447
73.8647338867188,0,0,69.5193568468094,52.4892417289115,16.9407498458696,12.039615489645,72.5475268288264,28.9533647530395,20.398788732789,65.5465129827032,76.8344116210938,14.4826991604175,167.773300170898,47.667545888331,8.34310948029398,0,147.524307250977,0,0,46.6246580169314,0,71.6452327455793,105.135841369629,41.9525601919307,0,168.248237609863,131.265977859497,72.0068768468396,59.831202507019,96.9116859436035,0,35.8499871927724,101.948496818542,56.437583517521,0,0,0,0,176.427963256836,0,0,140.941293080648,0,0,151.340260096959,0,0,0,0,0,0,0,0,0,0,0,0,196.009216308594,120.172725253635,0,184.945892333984,234.070785522461,148.799694061279,132.611968994141,123.516040802002,0,0,0,0
108.655349731445,64.3099905649821,73.4010443914504,44.0447966024793,0,0,0,80.5133953094482,133.068717956543,60.9593313535055,63.3629417419434,105.74386705671,0,0,0,0,13.2152987029124,84.6822514460637,0,108.496777670724,0,23.9793910852443,28.7052630657983,21.3443992785589,26.8563703218438,0,97.0256431981137,24.5978990648814,41.2423784678691,96.7655303955078,72.8456764817238,131.600494384766,0,70.2635307312012,73.1887267635715,138.241943359375,156.525840759277,112.261684492523,60.0147151708603,0,0,155.763534545898,135.761703491211,160.065280914307,91.958366394043,167.037897745768,0,0,0,213.575546264648,0,94.4210417487404,128.102807181222,0,142.136377970378,0,109.366740108315,57.5709985611756,96.5138073870184,128.712106068929,115.755981445312,131.072222391764,98.1609410904467,125.497386007598,132.755432128906,111.451714204487,0,0,150.098480224609,114.788350273581
89.5939060513764,54.1070861369371,37.7713186563365,54.7284944476744,0,0,155.849329223633,119.429642631894,123.62524297456,114.545842306955,124.274173115575,46.3956654918166,0,90.0868434906006,108.061239682711,147.524307250977,84.6822514460637,8.23613850724341,58.3366302976421,21.9792298115649,0,39.1070971559223,68.4621904962431,20.5231334403499,113.927275085449,66.8296496073405,25.6066589133008,58.9111808623466,99.3847178780572,80.170242323204,62.7394353112617,95.5730688912528,154.890979766846,88.7156004519076,28.8272774776538,169.304163614909,83.8089735507965,94.6501219863192,72.7233230802748,209.723876953125,0,186.464157104492,167.449709135911,190.378488641036,144.716009521484,186.029608154297,119.643446786063,0,134.165193557739,192.450885772705,0,127.933641873873,106.412889427114,136.286626543318,115.061390926963,0,131.605487823486,91.771664252648,119.023185205824,159.154096126556,226.94758605957,100.197387428827,98.3103489470166,160.310542636447,197.726361955915,152.382455536813,139.825256347656,0,156.86296081543,111.165049743652
132.065094989279,70.9358844050655,83.1881326715997,61.1436978809869,0,82.4645135062081,92.4095543755425,159.077760696411,119.503164702771,130.625086975098,149.497650146484,20.0003799183244,0,54.7671026827684,133.463808233088,0,0,58.3366302976421,8.8943579865007,9.02059059809867,0,108.203106150908,107.363017689098,100.581642561692,178.483474731445,45.6313596743982,20.9675182803206,59.5498273977962,137.070702292702,98.2329095942633,110.132186797728,57.1873155286757,81.7477168379159,109.34264755249,56.9750961651392,0,121.620667139689,126.944675445557,65.9305389949254,0,0,0,0,0,198.387756347656,0,93.8656029701233,0,82.0667164586171,221.419708251953,0,0,118.754508972168,98.3020478050308,101.550267807981,0,0,0,0,212.390635172526,70.3540954589844,95.3932764424906,98.2130320090191,0,0,161.836738586426,102.065586436879,0,0,157.333160400391
119.412541222951,56.3219249513414,69.3662649713475,54.2997773961374,0,125.447537740072,136.708943049113,143.577619397962,132.734579819899,132.276494979858,153.133291625977,14.1451104259698,0,63.1374102274577,132.017581635102,0,108.496777670724,21.9792298115649,9.02059059809867,8.73844033296132,0,86.5159632364909,96.7223836198638,59.6229119021065,141.405821366744,43.6088930130005,20.3123202894934,59.9130047526068,128.926766788258,97.1761669483667,91.875179632524,62.024470733384,80.2810719807943,94.9769707263356,37.3341328961751,192.681759643555,86.0227427482605,109.380230390109,71.4550717671712,0,0,0,164.504608154297,227.206466674805,151.771789550781,0,89.8637283139113,0,93.9335428125718,221.31941986084,0,192.588684082031,113.073246695779,99.7099246809968,97.5439496169219,0,0,0,145.992083829992,195.543879191081,77.5153008336606,93.7946000907853,98.1421491710711,165.183069864909,0,166.777702331543,106.150433063507,0,0,108.570695665148
81.2710266113281,0,105.86421585083,51.9605918574978,12.7935060183408,134.304382324219,36.1432587971014,56.8786183525534,85.5419130486957,27.9381052027927,16.2525416942098,0,12.671864304668,0,92.5329297175173,46.6246580169314,0,0,0,0,8.8834491657439,0,0,0,11.4045622411068,0,128.801116943359,0,27.0096974226482,91.2430702292401,0,0,0,86.3073310852051,89.8582355950468,0,0,0,70.7097706514246,14.7858267370611,0,109.612189685597,150.743907504612,160.954528045654,83.4958348274231,115.938064098358,0,14.1777768983985,0,153.712622070313,0,0,0,0,0,35.6291150076915,0,0,0,97.5165231538856,0,0,197.473770141602,135.237193552653,145.180683135986,0,0,171.973297119141,123.357460021973,167.648681640625
71.0088865021129,117.980178833008,76.9100717427779,49.526704781347,0,0,118.998935699463,67.4702613233084,101.108759562174,96.6828290939331,70.8826373752795,86.8688142299652,0,105.455322265625,83.6788391363425,0,23.9793910852443,39.1070971559223,108.203106150908,86.5159632364909,0,10.124920964721,48.9677705758677,26.5716112823422,55.2942789575737,77.3151321411133,112.290322658628,67.4811043365994,22.7228609837867,36.9337246255956,20.0183188068642,113.349937438965,0,21.5464343695613,40.6171381121124,143.1585420881,199.666259765625,122.93184192364,66.9916930340706,0,0,182.225891113281,141.105390712193,168.823996910682,136.953137207031,164.248783656529,166.608662196568,0,0,154.032549540202,0,102.085747015476,146.228946098915,0,177.693710327148,0,107.024294081188,70.70757390431,104.875467454371,118.367749097871,167.706680297852,160.668058486212,123.443990834554,108.275296743293,141.675129925763,106.151225416946,0,0,115.286957263947,117.655488100919
78.1893275334285,21.1788805195486,42.5636077372233,16.5190981412969,70.5358581542969,93.9531173706055,89.6178321838379,76.1418868170844,110.140989552373,29.4680624568578,115.605484771729,96.6134401404339,87.0759410858154,91.460487201296,84.9385604858398,71.6452327455793,28.7052630657983,68.4621904962431,107.363017689098,96.7223836198638,0,48.9677705758677,7.77301748054207,45.6657153149011,24.5772499803861,77.9261655426025,80.3783622983902,41.357085059261,45.5309420830196,60.8172145936547,49.7207261040999,100.51789188385,102.723625183105,56.5154031636764,62.3039728719977,108.152799987793,78.9510231018066,89.0278353597604,31.5343196392059,107.584789276123,0,164.415849304199,108.247769263483,145.658949010512,80.1236946105957,129.651505103478,114.863774108887,0,123.085985071519,132.450005086263,0,61.2169733380938,112.65677230835,133.589472452799,140.000737762451,113.35117594401,74.1829610497061,17.3926291368265,72.4079435334537,88.807414202623,106.227421283722,113.788764190674,45.0840806067578,91.7061755589076,124.917551907626,81.2384290819044,134.529167175293,0,107.358475579156,95.069334095922
71.8405601871921,56.6933379429643,27.1089274521578,49.2039238381822,119.891830444336,104.950820922852,121.924222206583,69.9248869815217,102.38555032876,90.929973914975,77.7585742688053,85.0929547189509,158.523818969727,107.904032230377,89.6920184840687,105.135841369629,21.3443992785589,20.5231334403499,100.581642561692,59.6229119021065,0,26.5716112823422,45.6657153149011,14.7247812385501,65.1470687349564,123.503612518311,58.9822501371521,44.4317525647711,30.8544582473731,72.4341202677372,39.2382720716289,106.433573913574,141.551610310872,64.6774379099448,40.8109684802141,162.860126972198,102.719992244945,98.9885916214955,62.0375869365961,0,0,179.893190383911,143.299288151182,181.027388808307,140.543360392253,156.994440747546,142.524102020264,174.443778991699,151.826477050781,177.333151412337,0,95.4886743846693,114.557245760548,171.160306930542,142.23998484892,179.743309020996,107.289804026706,64.8824945408925,99.9529485430142,139.55621241664,118.507614135742,122.980728577594,97.7433473903548,126.302178680489,177.897062910364,109.175910324347,0,0,151.792707443237,113.669581732499
79.0922127046447,73.8769581768964,97.2628040642574,37.1189599966741,18.6480994981396,99.169688298152,79.3343446711971,53.4160898727121,83.8666305354307,22.2169467900876,61.4835107819373,124.046897888184,15.0760818236658,131.362123171488,84.2063417849333,41.9525601919307,26.8563703218438,113.927275085449,178.483474731445,141.405821366744,11.4045622411068,55.2942789575737,24.5772499803861,65.1470687349564,11.2653706152532,123.653333028158,123.113249313,70.7023759139212,19.9359243184935,74.6319859578529,66.4112297442979,124.31046295166,126.590531569261,68.5154191027758,74.1560834039672,126.341647956945,134.648861694336,154.323492630668,55.2413649833639,101.718094921112,178.480946858724,121.773264950269,106.282651863498,137.278177828402,64.5187041478999,116.468063521908,200.22233581543,109.109823373648,162.377212524414,143.507609565477,0,95.2677529471261,174.683106558663,245.815719604492,191.88410949707,114.886846654555,117.282298238654,99.6423405062768,129.458169322903,84.951887493933,0,176.483383178711,149.454002380371,103.448130369409,131.594134550828,113.126286906581,0,175.716011047363,122.482056397658,127.168377998548
170.925003051758,26.2437244947406,101.768127441406,29.4142807641795,0,0,0,142.491500854492,92.0747273763021,102.442270445592,0,29.9732464147769,0,22.2915334245886,122.720567703247,0,0,66.8296496073405,45.6313596743982,43.6088930130005,0,77.3151321411133,77.9261655426025,123.503612518311,123.653333028158,10.0045526182984,36.3864792092001,20.7363760373414,146.809524536133,94.6315784454346,124.524040222168,45.4209648589516,0,0,59.4378648573352,0,87.0900734492711,0,32.6256121322513,0,0,0,0,0,164.637812296549,0,67.0340059280395,0,50.5979201584352,0,0,0,0,73.7243440801447,73.3303050994873,0,0,92.9393717447917,0,0,31.9913203234964,68.1419899576212,65.4003291640963,0,0,0,71.1823817982393,0,0,113.322418212891
108.673496426476,46.7516192429357,26.0631201203541,42.5557588475782,0,104.199830191476,150.549530771044,121.107131130595,134.158123764868,121.310192846483,120.603292264436,24.0675102510236,0,32.4825604785248,127.292546403622,168.248237609863,97.0256431981137,25.6066589133008,20.9675182803206,20.3123202894934,128.801116943359,112.290322658628,80.3783622983902,58.9822501371521,123.113249313,36.3864792092001,12.9440749354887,32.1728551738487,99.5092926165637,104.686565801132,91.3824368968154,17.2814834947476,97.3523654937744,111.940559387207,57.0324335808088,183.789551544189,81.0391699293969,90.1727153855684,61.6163764726247,0,0,189.438182830811,167.212911838438,194.042799207899,168.853288438585,199.057591756185,89.5721278306915,0,83.357988722428,187.560274658203,189.87914276123,130.151880645752,97.5156557859897,95.3439804772166,92.5303694202054,0,148.304963684082,107.08947769165,126.408821600455,170.100856781006,63.2259668976822,86.656537240623,90.3465556784442,159.475071411133,162.376067074862,150.35182562934,100.742578477126,119.546104431152,166.564178466797,109.171900424761
111.337997472854,29.0077677532913,23.7445846875236,36.2963719148201,0,99.2248901367188,133.915952162309,91.3627613694876,132.402746127762,104.994057622897,108.063039355808,58.9278687780554,133.803115844727,32.6947053387052,127.516807433756,131.265977859497,24.5978990648814,58.9111808623466,59.5498273977962,59.9130047526068,0,67.4811043365994,41.357085059261,44.4317525647711,70.7023759139212,20.7363760373414,32.1728551738487,13.9568472787265,63.196451893434,108.670588364095,100.999296106965,17.4734097891344,98.7212918599447,110.528473353622,60.7630220052104,168.925676116943,81.5351346071643,89.3816228464525,59.8168659902145,0,0,188.513050079346,149.759551389374,183.451639150644,152.795005289714,171.52338878925,92.1964204739302,0,80.3469408041833,180.429845328283,0,96.9418530464172,101.164564004367,96.2744132147895,96.523407785516,169.37971496582,115.078248941673,60.4566989550933,97.9140032723939,138.731334882913,62.624316221873,90.4131440660541,89.6001155468671,138.405907694499,176.657243902033,142.182042618244,97.1385743112275,218.002182006836,169.085995483398,108.373385747274
46.4936642419025,102.561020224435,67.7532512891979,46.4382794432437,15.8200933430944,116.377711825901,66.9921968168371,22.6772178866572,75.3383458977315,41.6138012127166,20.726997857341,116.921112407338,39.5231357090605,138.887640380859,72.4525785086855,72.0068768468396,41.2423784678691,99.3847178780572,137.070702292702,128.926766788258,27.0096974226482,22.7228609837867,45.5309420830196,30.8544582473731,19.9359243184935,146.809524536133,99.5092926165637,63.196451893434,11.2701626975481,65.2867268875627,32.128024342914,148.329173694957,116.683592834473,59.7370146313498,60.8308588030004,119.007279542776,124.831954956055,143.023110032082,62.4997459494549,31.9261526525837,177.438980102539,130.50702470541,105.526802941719,140.991522573827,85.7668289676789,127.48759489793,159.678718566895,125.433403438992,193.183476765951,139.212719542818,144.772769927979,99.883119554662,156.385872111601,188.411026000977,165.4254019601,128.471633970737,108.606563179953,91.5675844080308,123.854209761689,93.3802334043587,0,172.527168273926,141.624227197131,105.114241244363,129.480246042468,107.309850617127,0,183.500901655717,119.709344554592,129.555540486386
10.7212139070479,115.891501956516,109.535546743113,64.2757445344373,85.183101524741,27.5458123048147,55.5304080880311,61.3532913532548,28.1404670889638,64.5300419367504,78.1156182498345,64.8237743107905,84.8658162419668,102.02333245454,15.5722691395212,59.831202507019,96.7655303955078,80.170242323204,98.2329095942633,97.1761669483667,91.2430702292401,36.9337246255956,60.8172145936547,72.4341202677372,74.6319859578529,94.6315784454346,104.686565801132,108.670588364095,65.2867268875627,8.17066426320173,14.3161540981114,112.606221748121,12.9075649286479,13.6972206796183,32.8170722742345,139.740500296316,0,164.332370155736,85.9912933411637,156.131273269653,0,170.030456542969,133.697253801965,162.057934219773,108.606031951904,163.468239947063,128.029828389486,0,134.740786234538,161.1403099823,140.773880004883,145.60107421875,173.197174072266,149.371900558472,145.877159118652,186.030523681641,133.414320809501,120.185075239702,147.401698463841,122.87207036752,91.2265853881836,160.788843583088,156.680856371683,128.091816851482,152.502533042824,127.574689951251,129.141906738281,205.720260620117,142.225311438243,153.716177038244
31.5582921503093,108.146302359445,72.4936958059258,52.1882641295221,62.4235134124756,154.170936584473,105.661541290283,15.7295982804108,73.693184760309,53.9661715183575,54.618402579396,93.4167789855561,81.6071701049805,137.148285865784,46.3222330684175,96.9116859436035,72.8456764817238,62.7394353112617,110.132186797728,91.875179632524,0,20.0183188068642,49.7207261040999,39.2382720716289,66.4112297442979,124.524040222168,91.3824368968154,100.999296106965,32.128024342914,14.3161540981114,10.0433339797509,129.674736976624,128.13370513916,45.5348604075114,33.6041403488604,128.126521391027,159.968861897786,132.260647365025,68.7407221025036,0,0,150.291902669271,115.79341416269,145.373378647698,93.4624951680501,138.57642587026,154.836688995361,0,0,145.262075805664,0,95.9664321019099,152.148607042101,171.475296020508,167.630143229167,0,104.392506506385,89.7542363947088,113.258589808146,106.699213209345,0,142.162008877458,142.533930354648,105.690515510002,131.659669205949,106.191732416448,0,192.207397460938,120.440477178338,118.665573967828
149.831827799479,65.8945718007545,86.7683663898044,67.9772793696477,0,98.3787002563477,92.315408706665,158.138877868652,134.537023271833,127.964070638021,178.644687652588,36.8014391677004,0,14.7746957425329,158.806442260742,0,131.600494384766,95.5730688912528,57.1873155286757,62.024470733384,0,113.349937438965,100.51789188385,106.433573913574,124.31046295166,45.4209648589516,17.2814834947476,17.4734097891344,148.329173694957,112.606221748121,129.674736976624,6.22897499920103,100.976705278669,148.601165771484,67.1627845598304,0,113.586445490519,161.090881347656,68.6390329088483,0,0,0,0,0,167.376953125,0,91.5418887329102,0,79.6086205423097,0,0,0,147.259048461914,97.6362305665627,106.827152070545,0,0,155.077571868896,0,181.570007324219,64.5031908072677,95.4371479431428,95.1510287287303,0,0,0,98.8936321952126,0,0,105.826438903809
90.7282775878906,0,0,107.152208116319,0,11.173036468755,18.6355221622526,121.82322716713,12.5322155440656,110.107382456462,113.56961871208,52.2722805639542,130.11767578125,80.6769104003906,14.912770902769,35.8499871927724,0,154.890979766846,81.7477168379159,80.2810719807943,0,0,102.723625183105,141.551610310872,126.590531569261,0,97.3523654937744,98.7212918599447,116.683592834473,12.9075649286479,128.13370513916,100.976705278669,4.71851044711017,161.685958862305,31.2570322852713,187.82682800293,0,0,152.043586730957,0,0,213.766036987305,170.831226348877,196.781890869141,0,232.459259033203,0,0,0,220.406169891357,0,0,0,186.312774658203,0,0,0,0,0,169.189126586914,0,0,0,178.448468017578,201.787002563477,174.238006591797,0,0,0,220.062271118164
31.9338489012285,121.649570465088,117.319488193678,58.5534051789178,84.1946536793428,0,95.9351713302288,64.5383773571303,96.3265236748589,63.2638813430714,71.3924564254464,89.8394295828683,82.5097338358561,179.327697753906,57.4626090246088,101.948496818542,70.2635307312012,88.7156004519076,109.34264755249,94.9769707263356,86.3073310852051,21.5464343695613,56.5154031636764,64.6774379099448,68.5154191027758,0,111.940559387207,110.528473353622,59.7370146313498,13.6972206796183,45.5348604075114,148.601165771484,161.685958862305,8.56273912362662,21.5760947229655,135.270852279663,180.686752319336,194.115814208984,77.1731519699097,145.355514526367,0,147.409205118815,122.463004455566,154.765745239258,97.9928383460412,153.2659639631,0,172.694427490234,0,155.746558584818,169.302124023438,119.162522210015,149.286712646484,0,0,0,101.25085067749,131.389553070068,132.641794204712,111.110872437682,202.313247680664,176.544698079427,172.835889180501,115.380552342063,137.171404012044,116.707401788057,0,205.91975402832,138.836907958984,133.158638000488
79.4918981454311,68.2732153183375,55.210163231202,59.9576399614523,98.3384717305501,33.9260046550206,47.0143569323071,80.6840050813915,45.0629592401391,64.2097197638618,78.5303527850939,21.4322465760002,85.9743866338962,44.9563569155606,50.2099513679187,56.437583517521,73.1887267635715,28.8272774776538,56.9750961651392,37.3341328961751,89.8582355950468,40.6171381121124,62.3039728719977,40.8109684802141,74.1560834039672,59.4378648573352,57.0324335808088,60.7630220052104,60.8308588030004,32.8170722742345,33.6041403488604,67.1627845598304,31.2570322852713,21.5760947229655,9.91510699277382,141.120396205357,81.0683758384303,101.523748155074,83.6279349053043,155.574935913086,235.86393737793,158.422259244052,130.478178560459,164.610990524292,131.173469543457,171.91215297154,126.913876669747,0,119.530610220773,167.317696240483,0,101.199648539225,116.800331214806,116.191249529521,118.079432854286,0,113.66468241517,77.8339589160422,110.606132849332,118.166518027738,95.5342958890475,110.119816875078,107.201633892321,125.177105342116,143.730731252897,119.143610904091,119.782098134359,204.070182800293,141.479791711878,123.897118548958
142.321039199829,0,160.500879727877,92.237869644165,163.245089213053,184.369293212891,173.762626647949,128.815860133017,160.54900487264,102.306539535522,134.720389556885,0,0,0,158.022024790446,0,138.241943359375,169.304163614909,0,192.681759643555,0,143.1585420881,108.152799987793,162.860126972198,126.341647956945,0,183.789551544189,168.925676116943,119.007279542776,139.740500296316,128.126521391027,0,187.82682800293,135.270852279663,141.120396205357,9.73842553358884,125.787674847771,110.08243607186,70.188187115009,85.4348770944696,84.8663974761963,73.8257329552262,29.6255434483637,29.5891183155888,65.601329671224,58.3844843342619,122.302497697913,102.349877357483,152.465042114258,12.4105896511607,82.1148025512695,75.484924134754,107.085259941443,136.670062345617,122.79749075124,84.304173301248,80.6671478873805,87.018514666641,94.1937300628086,71.3833902467865,128.494192335341,120.878243934276,131.142851952279,72.1227538227619,18.0895135064148,21.0091183662184,189.624084472656,80.5067674546015,37.6792488132698,69.7453976597433
138.473225402832,69.0592018127441,76.6243632783826,65.583737570664,0,0,0,163.718078613281,177.851783752441,0,146.531768798828,97.0330341884068,0,84.2466393346372,0,0,156.525840759277,83.8089735507965,121.620667139689,86.0227427482605,0,199.666259765625,78.9510231018066,102.719992244945,134.648861694336,87.0900734492711,81.0391699293969,81.5351346071643,124.831954956055,0,159.968861897786,113.586445490519,0,180.686752319336,81.0683758384303,125.787674847771,8.79956144074353,37.2119549672841,21.745712142953,146.782974243164,0,152.526332310268,112.64232911004,135.255023662861,72.4351978224151,125.138173883612,59.7296404191005,96.0721664428711,45.5372288672479,133.642911275228,103.123300552368,57.6785617385592,51.7431412458867,68.2487490971883,57.4531145175966,0,79.1071338653564,17.2065976339935,60.8136840175382,68.6249407749218,16.2161672845466,44.9721337742345,30.9031745917863,101.33116878782,125.277842486346,103.719721238692,68.0734558953179,0,117.385824584961,60.728083189796
152.266617484715,77.8226725020499,87.4563920107529,65.6596306843363,0,0,203.795399983724,159.166052246094,175.230383555094,175.696792602539,167.602352142334,135.960500717163,0,132.182180404663,180.405471801758,0,112.261684492523,94.6501219863192,126.944675445557,109.380230390109,0,122.93184192364,89.0278353597604,98.9885916214955,154.323492630668,0,90.1727153855684,89.3816228464525,143.023110032082,164.332370155736,132.260647365025,161.090881347656,0,194.115814208984,101.523748155074,110.08243607186,37.2119549672841,12.3986343969615,37.4797851369272,113.213043212891,176.342961629232,125.625056273185,91.9098559157818,117.549648525334,128.788259618423,111.784803194065,83.4432257100156,155.581832885742,81.166095131322,118.918946133954,0,93.2012082054501,38.7703521286038,83.3218282063802,74.4964429706546,111.116630554199,68.0845560791469,46.6129196492417,22.1187323074906,137.937360491071,89.4081201553345,26.7853988774496,29.9432345960028,73.6539157991343,129.340354270123,70.576263084337,83.7696237564087,167.333389282227,129.480810165405,60.4442315848906
93.0570140637849,70.0090364047459,60.5755201067243,11.5005247432794,68.0440915425618,0,98.5640082108347,74.1422300229127,85.8725596512898,20.6248817513971,77.1293364849287,71.9086109343029,77.5913398265839,46.5254916140908,93.1113331492354,0,60.0147151708603,72.7233230802748,65.9305389949254,71.4550717671712,70.7097706514246,66.9916930340706,31.5343196392059,62.0375869365961,55.2413649833639,32.6256121322513,61.6163764726247,59.8168659902145,62.4997459494549,85.9912933411637,68.7407221025036,68.6390329088483,152.043586730957,77.1731519699097,83.6279349053043,70.188187115009,21.745712142953,37.4797851369272,15.6958535258465,63.3234331040155,110.832916259766,89.1626168489456,53.3645388667291,87.7360337652811,23.1855438586611,83.9499997157677,67.0573236083984,103.419978618622,32.2512095701815,87.8398685766545,79.7629766464233,36.7756808265334,52.9648682403564,61.1433784166972,51.182697284536,85.6962925593058,49.2470741365667,20.5123960856734,45.6815983359378,34.1665763999377,23.2415892204392,41.3882219256525,37.4248868926754,49.6004847281976,77.3250261882988,58.4178716980043,55.7396125793457,134.090597788493,71.1896512302352,64.5444099586327
0,0,205.595565795898,100.264759063721,41.1529998330988,0,154.052207946777,132.884447224935,145.334131513323,58.3783664703369,32.0780960767697,0,6.79432892365889,0,130.136660257975,176.427963256836,0,209.723876953125,0,0,14.7858267370611,0,107.584789276123,0,101.718094921112,0,0,0,31.9261526525837,156.131273269653,0,0,0,145.355514526367,155.574935913086,85.4348770944696,146.782974243164,113.213043212891,63.3234331040155,7.79375138656951,0,61.9243137522261,71.5124943256378,97.4076653731497,29.0106665966658,13.1882605292322,0,18.6948644289285,0,100.667149613543,41.8851181088072,61.5720008850098,0,0,0,12.5781935645574,102.015357971191,81.1118324279785,98.527027130127,15.927700551635,0,173.424377441406,128.872942447662,19.767990153953,93.9742263725826,88.5488948822021,0,137.535266876221,86.2734898461236,93.3835539566843
0,0,0,0,0,0,0,179.863174438477,173.83642578125,0,0,0,0,0,0,0,0,0,0,0,0,0,0,0,178.480946858724,0,0,0,177.438980102539,0,0,0,0,0,235.86393737793,84.8663974761963,0,176.342961629232,110.832916259766,0,6.27586107516069,10.3538478212543,119.431675720215,17.8693703052526,120.928293863932,116.157911103347,55.2338130950928,109.780056762695,0,37.4067805941616,13.8225648050501,0,180.974884033203,83.7482452392578,0,114.35851711697,143.898284912109,0,141.148358662923,123.133784750234,0,179.111434300741,184.634765625,123.596474647522,27.4985882833563,0,0,11.5714590998573,56.1988372802734,37.5789139727329
