13.4145974271525,127.646713256836,87.1323599901857,75.6450099683788,76.3744125366211,74.0771130648526,76.7493197653029,27.1155505021507,22.2176198594337,63.8100855543807,55.7747411991351,120.146337915639,84.3327860832214,146.814565658569,14.5413180613883,83.7614068984985,113.847442626953,97.7736662846788,135.364973262865,121.506162046037,72.5925941467285,69.7577396851999,93.2213311195374,73.0148235366151,74.7780056996132,226.8515625,107.415450798507,112.681557078938,58.2713743261389,11.0193109292664,27.3892910933313,153.604360580444,77.444060643514,32.1004732295648,57.5312642460376,164.91357421875,0,154.075769597834,90.9603256225586,0,0,114.373413085938,126.525266011556,157.090518188477,84.7711804707845,100.837577819824,215.543762207031,0,0,155.73779296875,0,128.749706268311,170.472137451172,0,200.203247070312,0,235.150680541992,100.65221786499,161.096522739955,113.06845331192,0,187.708719889323,161.875806725543,123.613063118675,156.362266540527,131.136527167426,0,0,0,147.340815544128
127.646713256836,7.46665958056902,42.2865255661593,14.583041643389,0,0,0,101.495849609375,133.40682220459,58.6795854438632,135.120035807292,61.1895301273891,98.4050140380859,44.7221822322615,0,0,66.0174969264439,56.6976486991434,69.504636492048,60.2523018477799,0,120.437665939331,22.6452935807282,75.7769176776593,67.2978978157043,19.7413788432243,47.2193732591877,26.627476713318,84.9739829472133,103.245427812849,110.399334377713,67.7648138046265,0,105.432757059733,64.4415196485298,0,54.8918371200562,75.8709685007731,42.3800099690755,0,0,0,198.07682800293,171.09364827474,0,0,87.9479344685872,0,82.9537909371512,0,0,86.6764678955078,82.7522107078915,105.095966339111,96.5358399285211,0,117.307968139648,0,101.779292636447,131.653826395671,51.2758674621582,80.9577325412205,80.4433571077743,0,152.269660949707,83.6846694946289,114.021581013997,0,0,111.027035713196
87.1323599901857,42.2865255661593,12.4801763480828,41.4087146847747,116.950323486328,151.960672651018,139.469461123149,93.715044952879,124.013776570606,112.596467971802,108.469988726187,80.4116378221355,123.996574401855,79.1857491076832,115.417643365842,148.350430806478,83.3299117883046,43.6442589621271,82.6700159056574,72.4874767340147,176.785320281982,83.1430806073275,44.0290204026412,30.160977016002,101.845050280607,83.3989105224609,36.9978547762582,26.7054962411343,65.8162345178902,101.447157273233,74.5965808367081,84.6295777030613,131.328014918736,103.543652852376,64.5367985351515,159.006666183472,76.6760516889168,86.9123015872503,71.8812800320712,0,0,197.854351043701,148.110441869619,172.167599736428,129.114791870117,160.310944990678,140.035595575968,0,160.330581665039,171.892325401306,0,109.086452892848,99.6871381460452,133.369236537388,119.796927249793,0,108.459245906157,75.4322073283948,96.002125957441,151.582680150082,104.602279663086,100.369925463914,88.2378026458409,135.471023127718,171.547579084124,124.817392122948,146.315521240234,0,168.830703735352,106.099442618234
75.6450099683788,14.583041643389,41.4087146847747,26.3772647886565,48.2055264442198,110.514931201935,79.1957188467694,56.3271895125736,82.8747994559152,22.6696291425074,65.1632474155749,76.018638409101,73.1141184638528,45.6480713981894,83.2741241977639,66.6362578074137,40.261626713818,65.33673125342,78.7012839236502,69.3212907858062,70.3375922263937,49.4292564452282,22.7502649510742,47.2101936838914,37.757909112876,25.565743508664,47.729207152101,35.7440697482355,44.6103856134415,63.9329983291497,54.5226127826309,77.2457331393627,112.518023404208,57.2554516814896,62.4219769414036,104.521793619792,45.7098675018702,56.9958269467918,26.5504570632305,88.04443359375,0,102.501625061035,78.8082311803644,129.415162222726,29.8822239985069,90.0879491170247,72.1768006896973,0,78.7793733933393,124.53825378418,71.4178924560547,51.4549112068979,68.174923102061,90.441027323405,63.2157434648083,86.5396347045898,66.0886174982244,21.3655003378357,61.3818323139822,58.0537832283679,49.2734670285825,62.0033516592535,53.8380843451161,80.3376319461399,125.09563093919,82.2317886719337,77.0800628662109,0,76.5152516365051,75.2252735250136
76.3744125366211,0,116.950323486328,48.2055264442198,8.05325091174239,137.780563354492,51.3444230378564,72.1911865234375,96.7711224158605,32.8694211712071,13.6553632625277,160.237777709961,26.2517338703666,0,100.350357437134,47.0477966225666,0,142.026748657227,0,0,10.77148875498,0,66.6874364217122,0,14.5315754560649,0,170.243530273438,97.633243560791,14.0110616535846,88.8951761072332,79.6852951049805,0,126.167182922363,78.6332136789958,92.4779070073908,0,0,0,59.9290127001311,6.76024963793281,0,136.265427271525,112.633001327515,155.591953822545,64.5274968354598,127.564308547974,0,24.7708837544477,0,169.640670776367,0,0,0,0,0,21.6579725614616,0,0,0,85.7898408779923,0,0,0,113.42052798801,137.047027587891,0,0,0,145.172225952148,145.776611328125
74.0771130648526,0,151.960672651018,110.514931201935,137.780563354492,6.75889563422406,8.08128127434495,116.099978129069,21.4680426148932,122.813562393188,109.133916945685,49.6309551924802,103.234996250698,83.1204299926758,40.2782983882453,13.8286771900179,0,122.440780639648,88.1870625813802,80.704111735026,132.480632781982,102.787689208984,117.319320678711,110.443612416585,129.23386517693,0,123.64983215332,110.016309637772,112.293610965504,19.3566463005975,125.030616760254,99.5786590576172,9.2698250371698,58.0171585083008,34.8484552229516,180.293579101562,0,0,127.46031443278,0,0,0,168.265617370605,194.064918518066,120.802734375,200.669586181641,0,0,0,0,0,0,0,0,0,0,0,118.6064453125,0,165.45036315918,0,0,0,150.689086914062,170.288711547852,143.348281860352,0,0,0,220.650726318359
76.7493197653029,0,139.469461123149,79.1957188467694,51.3444230378564,8.08128127434495,8.95993075576938,51.0344948197227,18.7540344706378,76.9746917645137,24.5587230006222,61.7874187045627,18.4552749514488,126.207344055176,28.7630883932479,10.7262656379613,0,155.826098632812,154.703236897786,144.648565673828,42.4809429850252,116.64146232605,96.5515785217285,126.549505491514,80.4813907659671,77.8419647216797,159.721257686615,138.700456497517,69.9930402611188,43.7452929801499,96.9874645326196,93.0384521484375,12.9337147614595,101.563288403796,62.6934998301342,167.946228027344,0,0,96.0130986814146,0,226.542770385742,165.957367897034,132.378995848865,162.971830095564,110.627092997233,141.782517653245,228.622482299805,122.972225189209,0,166.341639025458,0,132.726287841797,202.58610534668,0,0,158.189172363281,0,156.465972900391,184.277336120605,118.778078224227,0,191.708801269531,200.733548482259,135.487045288086,171.99094321511,205.547073364258,0,0,154.934487479074,159.159725686778
27.1155505021507,101.495849609375,93.715044952879,56.3271895125736,72.1911865234375,116.099978129069,51.0344948197227,10.2417266713719,61.3551157815761,53.6372288100574,11.2463984080094,145.092017143003,40.7117735238656,143.639571295844,52.7926591119371,66.6587079963428,103.36937713623,124.233326996265,154.750562032064,140.88347847231,86.9821878705706,70.3418329274543,91.2050233517053,72.7937130003747,52.3678234605809,0,123.320391755515,97.9881916504364,21.8848975675536,57.8194354427384,15.9146037336147,157.417062759399,117.643523097038,59.2508357391983,79.6376196726935,138.437504238553,139.541543960571,159.171970073993,69.8657395911939,133.893371582031,180.727315266927,143.778015136719,107.576281975056,145.875767764882,87.8003498475943,128.072263553443,0,132.62032699585,0,143.568319815176,154.959266662598,138.056191580636,183.247692871094,0,218.554962158203,133.370093125563,169.638793945312,106.489842096965,144.523380894815,95.0505879823642,0,177.682457733154,158.659601338704,112.090227561422,142.863040142749,123.793212890625,0,187.91748046875,131.326021830241,143.197407809171
22.2176198594337,133.40682220459,124.013776570606,82.8747994559152,96.7711224158605,21.4680426148932,18.7540344706378,61.3551157815761,11.3845932463809,83.7400090233151,26.9984053851468,66.6596039466789,67.3825543666391,127.559152354365,17.0693658604687,29.3451777373864,116.629647827148,129.767643011889,139.039950213855,145.167475887921,93.0229189063634,99.0219855386703,97.9489903551467,105.40817072517,86.0024616412518,84.4733543395996,139.147876340167,130.14030699438,79.5110791603499,25.5354108618008,74.3349134888447,140.885168075562,13.3779755868823,79.9360405938667,48.0566377561191,161.190795050727,0,184.304674036363,98.883348048817,159.969273885091,172.215881347656,152.916274176704,138.693720279596,167.877271389743,119.673458947076,140.584074506573,241.746994018555,118.696624755859,130.381942749023,173.919493935325,0,138.764461517334,197.017785644531,0,202.474456787109,152.581540788923,182.717716217041,116.352386474609,185.232476552327,119.548573116781,0,179.931489424272,182.655735778809,140.928373046875,172.226180119301,157.649898952908,0,244.539108276367,166.237220255534,160.488039786356
63.8100855543807,58.6795854438632,112.596467971802,22.6696291425074,32.8694211712071,122.813562393188,76.9746917645137,53.6372288100574,83.7400090233151,9.55706787434074,72.8299496060326,128.127960898659,8.42450730248526,111.108119480645,84.1168517282564,18.2430803073414,78.6949554443359,119.851831384607,132.940555095673,133.485371112823,27.0257449316978,88.8678414194207,21.350660745037,88.3397362616754,20.7595569435311,94.1412447684152,116.274529481545,93.5608422950124,38.4443305039791,59.4894335179102,54.8007716694816,137.676439073351,112.488661589446,58.858412020242,72.1056028289795,120.6470703125,0,146.939137776693,32.8054654646893,87.3157997131348,0,119.126005554199,89.3512915883746,140.239922263406,21.4156845803663,103.002546691895,0,66.669545854841,135.460113525391,111.905830383301,70.3871612548828,121.2287012736,156.55989074707,0,130.882064819336,87.160884475708,0,82.334538269043,210.660903930664,57.2476396533186,122.529233296712,136.234785079956,160.501819263805,96.9614074848316,143.545075156472,90.4147663116455,0,0,97.6738754272461,133.274932861328
55.7747411991351,135.120035807292,108.469988726187,65.1632474155749,13.6553632625277,109.133916945685,24.5587230006222,11.2463984080094,26.9984053851468,72.8299496060326,8.37775027968859,134.945804414295,17.1572144340456,180.782592773438,42.4136925035675,58.7699391801479,121.474754333496,138.62828773676,160.562463378906,156.183363481001,14.6339143565849,70.0560007095337,98.8216876983643,97.3557066483931,61.3141142103407,166.505493164062,127.590208959098,114.589029985316,17.6417338687087,74.1966689235032,78.3002374172211,172.116082763672,113.124780019124,64.2116528787921,73.6332915346213,159.078202565511,168.733428955078,169.812049865723,77.7609141705984,95.1815395355225,192.562423706055,144.64381865029,119.984503682454,153.887668404528,100.684545552955,130.101849154768,217.854446411133,90.8985368829024,0,164.085171867819,132.499725341797,142.542766571045,177.599349975586,0,239.724243164062,143.509865875244,221.506530761719,104.728889465332,159.336685180664,99.7897083147437,0,173.223937988281,166.525918143136,121.806974481653,157.7115255657,164.434415544782,0,0,139.50163269043,147.472776470762
120.146337915639,61.1895301273891,80.4116378221355,76.018638409101,160.237777709961,49.6309551924802,61.7874187045627,145.092017143003,66.6596039466789,128.127960898659,134.945804414295,11.9890753010756,92.711368560791,21.8204777451156,80.383945789999,73.5799439748128,125.449018859863,50.5060382732624,21.9287408235009,26.9239029020122,0,94.3107452673071,94.8029234512993,82.9159320436675,139.937436930339,35.2254026720601,28.2847621132055,62.3729027789902,118.803893002597,54.6555811145947,91.0720588684082,34.894665650062,48.2139543548111,89.5955457549164,22.4256391229727,230.62060546875,116.675581932068,117.983241271973,91.8084291570327,0,0,0,178.897893269857,123.33332824707,181.360382080078,0,76.4077372500771,0,69.8631104707002,0,0,0,137.998088582357,96.8814002445766,93.1755768271054,0,152.978474934896,123.65656958686,131.667866298131,176.719370524089,61.006453997129,93.2699897665726,92.2638089106633,179.384399414062,0,156.594036865234,92.2928127909816,0,0,125.265420532227
84.3327860832214,98.4050140380859,123.996574401855,73.1141184638528,26.2517338703666,103.234996250698,18.4552749514488,40.7117735238656,67.3825543666391,8.42450730248526,17.1572144340456,92.711368560791,7.91853681357777,0,95.1163949526273,13.3153952997362,0,200.281875610352,0,131.501998901367,12.5009061566896,0,57.9167371289483,171.406107584635,18.485520610735,0,144.503959655762,143.833953857422,36.2069256672492,89.9090411278509,78.8710525512695,0,122.423913319906,83.7819521977351,85.7974195397419,0,0,0,80.1027111477322,36.1953845977783,0,143.770300292969,137.506177266439,151.348518371582,58.213978767395,127.0946114484,0,8.5243854668578,0,138.088241577148,0,0,0,0,0,11.2247527863668,0,107.605087280273,0,97.9592394828796,0,0,0,142.862935747419,0,153.730728149414,0,0,0,161.55883026123
146.814565658569,44.7221822322615,79.1857491076832,45.6480713981894,0,83.1204299926758,126.207344055176,143.639571295844,127.559152354365,111.108119480645,180.782592773438,21.8204777451156,0,7.32095085273122,121.685884094238,160.94150797526,118.114593505859,93.7719037797716,47.2372977808586,65.2714849162746,0,123.526438031878,87.62221480618,112.232094413356,120.308113098145,17.4428210470396,32.5539296507985,27.5163363594488,140.125879461115,99.0247845199873,121.571125454373,11.0815592290726,89.0483675003052,109.146865844727,60.7607610451914,180.381958007812,82.3352443431986,114.752384185791,49.3572921587073,0,0,0,0,0,147.248671468099,0,61.0480473771387,0,58.3474853403644,0,0,0,101.903566360474,82.0219740434126,94.352670017677,0,0,125.386871083577,152.601001739502,148.116203943888,45.0703225213128,79.6366138550992,77.9238501503029,0,149.463956197103,147.15608215332,80.2553738185338,0,0,95.9822280590351
14.5413180613883,0,115.417643365842,83.2741241977639,100.350357437134,40.2782983882453,28.7630883932479,52.7926591119371,17.0693658604687,84.1168517282564,42.4136925035675,80.383945789999,95.1163949526273,121.685884094238,7.89882512804285,59.1016441692005,185.267837524414,119.17014032159,146.374576955602,138.954148186578,101.628101005756,89.8999997919256,92.9190249723547,96.4883497812585,91.0085897278367,0,131.98756122425,131.511687648043,77.8808795254671,17.0024873901403,30.3240708321214,140.290995511142,17.2961818000289,29.1531391626802,42.5574591433924,165.765112982856,202.711761474609,174.085125393338,100.409152984619,0,0,166.997905186244,137.947291268243,176.066032409668,104.983070373535,170.607001168387,0,120.256851196289,155.65230178833,170.923458408665,178.856231689453,103.358773803711,0,0,211.202819824219,166.956405639648,203.867919921875,84.6956125895182,167.269970703125,133.128931999207,0,183.742378234863,181.574600219727,147.555278250842,171.553187847137,149.212332831489,0,0,156.227382313121,165.806065063477
83.7614068984985,0,148.350430806478,66.6362578074137,47.0477966225666,13.8286771900179,10.7262656379613,66.6587079963428,29.3451777373864,18.2430803073414,58.7699391801479,73.5799439748128,13.3153952997362,160.94150797526,59.1016441692005,7.51172564860753,0,156.777322769165,0,0,52.2988650824434,103.326028823853,61.1224378826974,118.437746047974,36.5788395059018,0,187.767630004883,132.228302001953,58.7007147903842,58.8802717072623,82.567816734314,194.324127197266,33.7751277287801,90.2114361849698,53.3833520412445,0,0,0,40.3229541778564,0,0,0,120.717208862305,195.396102905273,55.0467758178711,147.517731802804,0,82.5659980773926,0,152.61100769043,0,0,0,0,0,80.9047107696533,0,0,121.964469909668,77.3954151698521,0,0,0,130.514775085449,0,0,0,0,146.649475097656,148.219970703125
113.847442626953,66.0174969264439,83.3299117883046,40.261626713818,0,0,0,103.36937713623,116.629647827148,78.6949554443359,121.474754333496,125.449018859863,0,118.114593505859,185.267837524414,0,15.6005939096175,95.7688097423977,128.81494140625,120.373696760698,0,18.0057133056147,32.1681653866529,16.3166728873722,32.065591293701,0,104.152992017341,24.2203275794272,37.5693256724152,81.8641182581584,57.3230620225271,123.894444783529,0,75.1127705574036,73.7926767310318,130.057968139648,0,110.127591183311,63.793244193582,0,0,0,131.871821594238,172.014684041341,115.330066680908,148.244190216064,154.646453857422,0,0,0,0,93.8011558532715,133.691762924194,0,0,0,101.382396697998,72.8156887236096,97.6951473948019,131.063886006673,0,137.650185721261,97.2075902709961,119.989086824305,176.679763793945,104.057601479923,0,0,144.006530761719,111.064011021664
97.7736662846788,56.6976486991434,43.6442589621271,65.33673125342,142.026748657227,122.440780639648,155.826098632812,124.233326996265,129.767643011889,119.851831384607,138.62828773676,50.5060382732624,200.281875610352,93.7719037797716,119.17014032159,156.777322769165,95.7688097423977,10.4107709970605,65.3752859772229,31.180572669227,180.203926086426,48.2600571840628,74.4191434490147,30.5854578146036,118.754124409444,62.4821968078613,36.1651127265795,66.2349447398746,105.846311155608,87.3281969339018,70.4608167613377,113.493624005999,125.795574951172,85.2111241540243,36.0631274565957,176.737006293403,96.4004986572266,99.4769143876328,97.6399902930627,0,0,0,164.178129497327,192.010591125488,134.228702545166,183.587089538574,136.473167419434,0,150.187154134115,190.578281402588,0,123.967436654227,110.993176382339,136.404708862305,122.490584903293,0,138.102639047723,113.550946807861,126.285586252934,164.380992889404,117.743189493815,104.564571074623,102.786370806219,159.888994693756,176.316553751628,143.064683123333,132.919937133789,0,0,125.370420418534
135.364973262865,69.504636492048,82.6700159056574,78.7012839236502,0,88.1870625813802,154.703236897786,154.750562032064,139.039950213855,132.940555095673,160.562463378906,21.9287408235009,0,47.2372977808586,146.374576955602,0,128.81494140625,65.3752859772229,9.19768533697279,18.2054186923793,0,127.217703360098,105.183888154871,95.8549616846545,158.686019897461,44.8337397756456,33.3877093286524,62.4125203744953,134.204271669741,106.061384346174,112.920857020787,55.6471429691193,84.8074039277576,120.797149181366,67.4169548429292,186.827545166016,112.109053293864,129.722839355469,82.439323425293,0,0,0,186.177886962891,0,136.134536743164,0,90.2241516113281,0,87.9225796903117,0,0,184.420013427734,133.721595128377,97.8089204676011,103.312323266333,0,170.916961669922,138.859242757161,149.182369232178,194.197441101074,73.9250392539828,97.9112417809317,100.593368576889,179.808547973633,235.229598999023,173.885513305664,101.306376457214,0,0,119.17865447998
121.506162046037,60.2523018477799,72.4874767340147,69.3212907858062,0,80.704111735026,144.648565673828,140.88347847231,145.167475887921,133.485371112823,156.183363481001,26.9239029020122,131.501998901367,65.2714849162746,138.954148186578,0,120.373696760698,31.180572669227,18.2054186923793,12.0215407462485,0,89.8540114982455,94.0657883735552,76.0545908007796,144.01995157641,49.3189952604232,32.5211714143244,67.2679022745046,125.383952059988,101.676861454182,92.5665537752297,67.0251719757211,87.3882788419724,98.714573153743,42.3309394839594,0,97.1912882668631,117.111931906806,97.2428296407064,0,0,0,163.569305419922,185.269973754883,158.506950378418,0,111.348078409831,0,104.945030212402,211.196166992188,0,128.764678955078,116.507112325033,109.50661277771,101.638904363459,0,153.366753714425,118.152301243373,145.901026611328,0,82.1817580136386,101.642596902715,106.532649809433,185.315368652344,164.854248046875,154.995941707066,123.788040161133,0,0,135.429990053177
72.5925941467285,0,176.785320281982,70.3375922263937,10.77148875498,132.480632781982,42.4809429850252,86.9821878705706,93.0229189063634,27.0257449316978,14.6339143565849,0,12.5009061566896,0,101.628101005756,52.2988650824434,0,180.203926086426,0,0,9.87754534648544,144.033264160156,73.7201833724976,177.781839370728,12.9223457004479,0,146.246459960938,0,22.2233337890163,93.6026161354225,126.442167282104,0,132.424589269301,85.2035430726551,89.832756925884,0,0,0,65.5475981296637,9.10393313863384,0,152.140195846558,147.09848107232,152.424144199916,71.5730763673782,133.56543947521,0,15.1913298476826,0,173.296440124512,0,140.500579833984,0,0,0,17.2867127422974,0,0,181.089767456055,96.2729949267534,0,0,178.642593383789,140.039102968962,171.816445486886,158.196701049805,0,0,0,171.210182189941
69.7577396851999,120.437665939331,83.1430806073275,49.4292564452282,0,102.787689208984,116.64146232605,70.3418329274543,99.0219855386703,88.8678414194207,70.0560007095337,94.3107452673071,0,123.526438031878,89.8999997919256,103.326028823853,18.0057133056147,48.2600571840628,127.217703360098,89.8540114982455,144.033264160156,10.9386855265133,45.8083834593245,25.2798901778283,47.1735412254333,136.110000610352,114.240899222238,69.166682784832,22.9407694916388,51.2632472904566,22.4214020886158,130.889873504639,133.945558547974,41.524976386289,41.956769609496,130.082793712616,0,137.672198295593,63.2891848987301,0,0,0,127.903721809387,158.416637420654,128.664042154948,124.637939453125,0,0,0,141.350687467135,0,99.8845364770224,162.640755789621,0,185.813674926758,0,103.860846572035,65.6421966927951,104.662326793575,111.216516113281,0,152.455043368869,131.475603591564,109.174724826565,126.633215531059,101.461139795021,0,0,109.673307630751,110.551665344238
93.2213311195374,22.6452935807282,44.0290204026412,22.7502649510742,66.6874364217122,117.319320678711,96.5515785217285,91.2050233517053,97.9489903551467,21.350660745037,98.8216876983643,94.8029234512993,57.9167371289483,87.62221480618,92.9190249723547,61.1224378826974,32.1681653866529,74.4191434490147,105.183888154871,94.0657883735552,73.7201833724976,45.8083834593245,7.43704027245291,46.0156049047373,18.3480963949037,68.9866590068568,87.8319821734761,35.984299478435,44.1414201805052,57.7417366519296,48.5278700384685,97.914665222168,0,49.8002930170373,54.9901993679801,112.229940241033,94.9894269307454,89.7756701227444,38.2884863383734,95.1770706176758,0,124.108438110352,94.4484472101385,131.337773409757,63.7895365953445,97.7734924316406,147.974349975586,0,121.746528625488,141.403036117554,0,61.2090553221155,113.409960746765,177.435791015625,117.44292640686,0,75.2767578760783,29.4880440146835,62.7919575945391,90.8003247168756,110.153088378906,113.551468564753,63.4354967289725,79.6410753250122,94.8839550018311,83.2421416245498,140.017074584961,0,92.6442044576009,90.2584496755449
73.0148235366151,75.7769176776593,30.160977016002,47.2101936838914,0,110.443612416585,126.549505491514,72.7937130003747,105.40817072517,88.3397362616754,97.3557066483931,82.9159320436675,171.406107584635,112.232094413356,96.4883497812585,118.437746047974,16.3166728873722,30.5854578146036,95.8549616846545,76.0545908007796,177.781839370728,25.2798901778283,46.0156049047373,16.0375764309924,61.5489146961188,224.16064453125,57.9266993758654,43.5660563315207,36.6206212949534,70.1050703602453,40.0109137476758,104.871778048002,121.184148788452,61.5777538761948,42.6628955762711,156.07328898112,100.549267959595,96.1068367780265,73.8050177870997,0,0,173.569323730469,139.674838966047,170.330941742542,109.550067265828,151.449928998947,147.951783861433,0,0,180.590767415365,0,96.5361252435363,121.653214176144,162.066551208496,147.183537801107,0,105.37684973615,72.6792009804995,97.2873565351028,137.560532294379,0,129.929206326477,97.71385708881,123.362127206431,155.6603810237,108.210881173472,0,125.45467376709,135.714758652907,111.733200126347
74.7780056996132,67.2978978157043,101.845050280607,37.757909112876,14.5315754560649,129.23386517693,80.4813907659671,52.3678234605809,86.0024616412518,20.7595569435311,61.3141142103407,139.937436930339,18.485520610735,120.308113098145,91.0085897278367,36.5788395059018,32.065591293701,118.754124409444,158.686019897461,144.01995157641,12.9223457004479,47.1735412254333,18.3480963949037,61.5489146961188,9.76735249229547,103.942182752821,127.623230531044,67.9175055208262,15.4500289110706,67.4169941893103,67.2096063585302,142.302322387695,128.270621236165,66.2191984944476,79.6520003214456,127.04019829079,0,147.571728793058,50.8441286533767,36.5434625821236,170.903558349609,127.833275900947,100.367807496007,137.052136442087,57.7640937814173,111.895344993283,154.99006652832,99.2552083333333,0,135.38276774489,123.309852600098,86.0481334141323,174.239337158203,0,162.506881713867,113.918578061191,113.899803855202,67.294959093395,129.752458381653,75.7029604591752,0,153.974702101487,133.81105855306,102.349629592324,130.176650602426,110.091730029766,0,179.379333496094,120.049134897631,126.45215448652
226.8515625,19.7413788432243,83.3989105224609,25.565743508664,0,0,77.8419647216797,0,84.4733543395996,94.1412447684152,166.505493164062,35.2254026720601,0,17.4428210470396,0,0,0,62.4821968078613,44.8337397756456,49.3189952604232,0,136.110000610352,68.9866590068568,224.16064453125,103.942182752821,6.24013461845284,40.1992158260442,10.426875038911,124.691118876139,103.804680633545,0,46.116911315918,86.6704254150391,0,64.647066116333,0,68.1399328058416,84.7684326171875,34.4130160432113,0,0,0,161.959320068359,0,148.537504577637,0,54.9998806544713,0,52.2280524354232,0,0,0,84.7839889526367,68.5911384582519,71.4555123511781,0,0,108.888374328613,0,123.211804199219,31.1537453903746,62.4279903358137,63.6582277494696,0,0,0,69.9072822942966,0,0,85.0856217604417
107.415450798507,47.2193732591877,36.9978547762582,47.729207152101,170.243530273438,123.64983215332,159.721257686615,123.320391755515,139.147876340167,116.274529481545,127.590208959098,28.2847621132055,144.503959655762,32.5539296507985,131.98756122425,187.767630004883,104.152992017341,36.1651127265795,33.3877093286524,32.5211714143244,146.246459960938,114.240899222238,87.8319821734761,57.9266993758654,127.623230531044,40.1992158260442,18.3817549682746,40.4181279328702,102.245213117327,109.487544945568,98.1160037207225,31.8121279906865,116.482566268356,115.442242838542,67.2376083555576,170.028137207031,80.8391641616821,93.9735301866793,79.6064521633849,0,0,205.682535807292,174.580274200439,189.994440078735,159.358331298828,227.116714477539,94.2218717909951,0,89.3664923275218,190.430998368697,0,134.633813476562,99.0591000779071,103.241074927059,93.5234911929477,0,145.294832330001,132.729616880417,125.608315672193,164.875241793119,70.1149238153552,89.1083683242922,90.4385268953394,151.395182800293,165.406537373861,141.379020006229,104.57321472168,0,178.194061279297,108.709573116302
112.681557078938,26.627476713318,26.7054962411343,35.7440697482355,97.633243560791,110.016309637772,138.700456497517,97.9881916504364,130.14030699438,93.5608422950124,114.589029985316,62.3729027789902,143.833953857422,27.5163363594488,131.511687648043,132.228302001953,24.2203275794272,66.2349447398746,62.4125203744953,67.2679022745046,0,69.166682784832,35.984299478435,43.5660563315207,67.9175055208262,10.426875038911,40.4181279328702,14.6256575044613,66.665806192332,104.727945680761,103.702344082524,31.9004308465117,100.388596706703,108.327941096913,68.3157198124007,170.37114301409,83.3587202216094,89.1675305882016,64.8509553480839,0,0,205.21997833252,145.769866392785,175.750802523848,151.82350285848,161.605597409335,95.3422949596118,0,89.7141834536925,175.48250579834,127.284652709961,107.383439000448,100.849073647681,96.4162572011226,95.3986868495526,0,114.306653703962,93.6187922427529,96.8278059804002,146.752880620021,66.3247121973423,90.3230147736355,88.2679575500609,139.880229520126,169.859765940699,132.882216360055,100.879263860529,0,152.050736745199,108.095111734217
58.2713743261389,84.9739829472133,65.8162345178902,44.6103856134415,14.0110616535846,112.293610965504,69.9930402611188,21.8848975675536,79.5110791603499,38.4443305039791,17.6417338687087,118.803893002597,36.2069256672492,140.125879461115,77.8808795254671,58.7007147903842,37.5693256724152,105.846311155608,134.204271669741,125.383952059988,22.2233337890163,22.9407694916388,44.1414201805052,36.6206212949534,15.4500289110706,124.691118876139,102.245213117327,66.665806192332,9.64457089123288,59.5780075385572,35.0220337486877,141.611959330241,116.203880310059,54.4923355949469,58.6343942704661,117.937882089373,125.55837059021,136.620003045774,58.0609872117753,26.0880402902539,174.851626586914,131.274292226938,98.2014824759881,134.954478236029,64.8568216390647,114.323075517159,178.077612304688,120.642000470843,0,133.766656001409,108.223149108887,84.7054739802717,157.574914993778,0,189.201150512695,124.286452238225,100.382995778864,59.5363322523774,116.207553008507,82.3984257652974,0,162.815243256398,140.38054396231,98.2269436195971,124.774118445385,99.3925275423476,0,167.037731170654,115.501184006812,115.924723707978
11.0193109292664,103.245427812849,101.447157273233,63.9329983291497,88.8951761072332,19.3566463005975,43.7452929801499,57.8194354427384,25.5354108618008,59.4894335179102,74.1966689235032,54.6555811145947,89.9090411278509,99.0247845199873,17.0024873901403,58.8802717072623,81.8641182581584,87.3281969339018,106.061384346174,101.676861454182,93.6026161354225,51.2632472904566,57.7417366519296,70.1050703602453,67.4169941893103,103.804680633545,109.487544945568,104.727945680761,59.5780075385572,8.07664352464087,18.6124624585012,104.462170249537,14.5010789211318,14.686606822677,31.1173010352639,129.203440436001,182.392395019531,148.737449645996,84.9176759516939,112.238433837891,167.720642089844,166.298582378187,121.852882752595,159.282248963701,82.2781741468212,142.616283994732,161.376483917236,110.048530578613,152.845223999023,158.911250305176,176.072677612305,97.8419840886043,201.021380615234,174.327072143555,152.440168380737,175.01389058431,131.374444007874,76.2725381397066,161.159629821777,121.735550188337,119.044639587402,144.158871412277,141.697481456556,122.480736395029,151.328146727189,115.353458306728,0,0,135.342042922974,140.579994387743
27.3892910933313,110.399334377713,74.5965808367081,54.5226127826309,79.6852951049805,125.030616760254,96.9874645326196,15.9146037336147,74.3349134888447,54.8007716694816,78.3002374172211,91.0720588684082,78.8710525512695,121.571125454373,30.3240708321214,82.567816734314,57.3230620225271,70.4608167613377,112.920857020787,92.5665537752297,126.442167282104,22.4214020886158,48.5278700384685,40.0109137476758,67.2096063585302,0,98.1160037207225,103.702344082524,35.0220337486877,18.6124624585012,10.1207851138211,135.817400614421,115.594402313232,40.3974036933682,34.4748132773164,126.61877822876,0,132.139453342983,67.1801108932495,0,0,140.973866462708,111.5401152347,148.083999345887,71.6684523294138,141.272864846622,166.701736450195,0,0,139.566289006447,0,92.0563510937637,152.587222012607,207.958526611328,136.901473999023,174.215881347656,103.894437776195,63.7990528639927,117.311992938702,107.561352623834,0,160.250411224365,137.70719859911,105.0606038004,122.679520289103,104.526185395983,0,0,114.468800163269,113.294214863422
153.604360580444,67.7648138046265,84.6295777030613,77.2457331393627,0,99.5786590576172,93.0384521484375,157.417062759399,140.885168075562,137.676439073351,172.116082763672,34.894665650062,0,11.0815592290726,140.290995511142,194.324127197266,123.894444783529,113.493624005999,55.6471429691193,67.0251719757211,0,130.889873504639,97.914665222168,104.871778048002,142.302322387695,46.116911315918,31.8121279906865,31.9004308465117,141.611959330241,104.462170249537,135.817400614421,5.72303686606004,97.4892828805106,121.744665145874,80.9265714846783,0,92.9319793701172,146.304889678955,78.6283543904622,0,0,0,0,0,0,0,92.0701867966425,0,85.4300243098561,0,0,0,148.720573425293,100.828439539129,104.368195072297,0,0,150.157806396484,150.388236999512,155.204818725586,68.8539955502465,102.463794252147,99.3390396037287,0,161.746231079102,231.749038696289,104.30177711038,0,0,113.643242730035
77.444060643514,0,131.328014918736,112.518023404208,126.167182922363,9.2698250371698,12.9337147614595,117.643523097038,13.3779755868823,112.488661589446,113.124780019124,48.2139543548111,122.423913319906,89.0483675003052,17.2961818000289,33.7751277287801,0,125.795574951172,84.8074039277576,87.3882788419724,132.424589269301,133.945558547974,0,121.184148788452,128.270621236165,86.6704254150391,116.482566268356,100.388596706703,116.203880310059,14.5010789211318,115.594402313232,97.4892828805106,4.13789731448275,86.0944242477417,34.4507950277528,210.938873291016,0,0,132.835397720337,0,0,0,165.140607198079,204.717994689941,141.052597045898,176.658020019531,0,0,0,0,0,0,0,0,150.244247436523,0,0,0,0,144.077962239583,0,159.174304962158,0,170.00798034668,200.942169189453,171.349807739258,0,0,171.670928955078,0
32.1004732295648,105.432757059733,103.543652852376,57.2554516814896,78.6332136789958,58.0171585083008,101.563288403796,59.2508357391983,79.9360405938667,58.858412020242,64.2116528787921,89.5955457549164,83.7819521977351,109.146865844727,29.1531391626802,90.2114361849698,75.1127705574036,85.2111241540243,120.797149181366,98.714573153743,85.2035430726551,41.524976386289,49.8002930170373,61.5777538761948,66.2191984944476,0,115.442242838542,108.327941096913,54.4923355949469,14.686606822677,40.3974036933682,121.744665145874,86.0944242477417,8.66557333631357,21.9613238022219,127.439433670044,0,213.02555847168,75.1325887044271,197.333297729492,0,162.076719495985,114.339763641357,149.47964630127,81.0384128434317,154.883020401001,232.916564941406,153.46826171875,0,145.591692606608,160.630599975586,94.8111721038818,143.79264831543,0,131.655151367188,174.028686523438,102.410609852184,68.0216086705526,125.549060058594,110.851764410314,0,169.08443874783,170.025418599447,111.581380689466,136.188572154326,109.82555958141,0,0,116.476113001506,124.836268498347
57.5312642460376,64.4415196485298,64.5367985351515,62.4219769414036,92.4779070073908,34.8484552229516,62.6934998301342,79.6376196726935,48.0566377561191,72.1056028289795,73.6332915346213,22.4256391229727,85.7974195397419,60.7607610451914,42.5574591433924,53.3833520412445,73.7926767310318,36.0631274565957,67.4169548429292,42.3309394839594,89.832756925884,41.956769609496,54.9901993679801,42.6628955762711,79.6520003214456,64.647066116333,67.2376083555576,68.3157198124007,58.6343942704661,31.1173010352639,34.4748132773164,80.9265714846783,34.4507950277528,21.9613238022219,11.6395708144118,140.753053416377,106.774770948622,112.531976609003,80.4070745494268,195.47038269043,0,165.540292358398,128.452648925781,163.67267010663,96.7532781299792,159.666448059082,103.81174621582,143.490844726562,96.6230163574219,164.8593588935,0,101.532746950785,120.272209821429,124.121007919312,120.122606658936,229.298568725586,109.262332997424,78.5014877319336,111.681735751865,123.431049610006,106.600129127502,116.572897782966,112.924905514187,127.196720668248,160.36062335968,108.063929114011,231.949844360352,0,125.542050361633,137.988521970552
164.91357421875,0,159.006666183472,104.521793619792,0,180.293579101562,167.946228027344,138.437504238553,161.190795050727,120.6470703125,159.078202565511,230.62060546875,0,180.381958007812,165.765112982856,0,130.057968139648,176.737006293403,186.827545166016,0,0,130.082793712616,112.229940241033,156.07328898112,127.04019829079,0,170.028137207031,170.37114301409,117.937882089373,129.203440436001,126.61877822876,0,210.938873291016,127.439433670044,140.753053416377,9.25133506694419,125.408251953125,107.460033619043,68.613372267579,82.7733415876116,86.5733451843262,59.2753510688668,20.1854263388635,18.6165639487058,63.0050292273825,51.7668698722586,123.238204739311,82.5789934794108,150.484664916992,9.67311357608891,71.1886803309123,64.6152200878791,105.464524780832,132.962870367642,119.160494869702,84.0604479863093,77.605104458407,72.1267872185543,93.6972910906817,66.059860633987,137.191833496094,117.787809392546,126.691211756264,64.5420141178927,14.3877237555306,17.6248284314919,167.482635498047,75.7535839080811,26.843537293806,71.1022971035105
0,54.8918371200562,76.6760516889168,45.7098675018702,0,0,0,139.541543960571,0,0,168.733428955078,116.675581932068,0,82.3352443431986,202.711761474609,0,0,96.4004986572266,112.109053293864,97.1912882668631,0,0,94.9894269307454,100.549267959595,0,68.1399328058416,80.8391641616821,83.3587202216094,125.55837059021,182.392395019531,0,92.9319793701172,0,0,106.774770948622,125.408251953125,8.29290294251984,36.9498093585579,10.5634391386532,0,0,0,106.756623404367,126.47151184082,67.4004488537032,117.330578613281,53.2745337109233,0,48.5979372747017,124.050843489797,0,53.6080673535665,52.4700353240967,67.8880603245326,52.0213103513837,0,82.7107864906048,30.6879063819037,55.6577110469621,65.1698612170031,21.9984622264117,48.8722905332498,29.8331817839653,94.0992570960003,142.816198560927,93.1158908843994,69.5893400143354,0,0,58.2976911870016
154.075769597834,75.8709685007731,86.9123015872503,56.9958269467918,0,0,0,159.171970073993,184.304674036363,146.939137776693,169.812049865723,117.983241271973,0,114.752384185791,174.085125393338,0,110.127591183311,99.4769143876328,129.722839355469,117.111931906806,0,137.672198295593,89.7756701227444,96.1068367780265,147.571728793058,84.7684326171875,93.9735301866793,89.1675305882016,136.620003045774,148.737449645996,132.139453342983,146.304889678955,0,213.02555847168,112.531976609003,107.460033619043,36.9498093585579,11.4179146065168,37.3734757584524,0,114.912214279175,124.958804673415,84.159152401272,109.7970731763,108.901180614125,95.2230910966981,67.1871595646136,134.951095581055,81.926628112793,112.451734660584,111.072766621908,84.5300632715225,39.4599277497005,83.2396085739136,68.3147239003863,0,58.5474843583869,45.7612355749703,19.5144999363014,130.637728009905,134.575973510742,25.1672807561204,25.087850854574,54.7646746172224,124.680957168829,60.4672464272072,86.3106358846029,80.0508728027344,114.772944450378,56.2426304167524
90.9603256225586,42.3800099690755,71.8812800320712,26.5504570632305,59.9290127001311,127.46031443278,96.0130986814146,69.8657395911939,98.883348048817,32.8054654646893,77.7609141705984,91.8084291570327,80.1027111477322,49.3572921587073,100.409152984619,40.3229541778564,63.793244193582,97.6399902930627,82.439323425293,97.2428296407064,65.5475981296637,63.2891848987301,38.2884863383734,73.8050177870997,50.8441286533767,34.4130160432113,79.6064521633849,64.8509553480839,58.0609872117753,84.9176759516939,67.1801108932495,78.6283543904622,132.835397720337,75.1325887044271,80.4070745494268,68.613372267579,10.5634391386532,37.3734757584524,14.2402393964621,85.3552368164062,128.970909118652,79.2744761669275,46.5325286092898,83.1680493701104,14.9364515572836,67.8081947884909,34.5454727211255,93.2195491790771,31.5270206161167,78.6266160238357,78.7759208679199,34.2890057011701,55.8170515363867,73.3486763347279,56.1425451190266,102.013810051812,42.9477492719493,21.5313533819639,45.4410854474187,33.6240051155278,17.735896280799,47.1780518962571,37.2361587117429,43.3188831899744,72.0408657185279,50.9075255347325,56.8813073775348,120.25399017334,62.4040130540436,61.2655326493368
0,0,0,88.04443359375,6.76024963793281,0,0,133.893371582031,159.969273885091,87.3157997131348,95.1815395355225,0,36.1953845977783,0,0,0,0,0,0,0,9.10393313863384,0,95.1770706176758,0,36.5434625821236,0,0,0,26.0880402902539,112.238433837891,0,0,0,197.333297729492,195.47038269043,82.7733415876116,0,0,85.3552368164062,7.11863798142638,0,58.1409396898179,75.0272263288498,91.9419121375451,34.9040072674447,11.6651716292762,0,14.7776216350385,0,90.1863074669471,63.230583190918,89.5231170654297,0,0,0,10.8732168058008,0,45.4003982543945,122.930653889974,19.5190267097385,0,0,0,17.8388947511261,91.4250940704346,62.2088737487793,0,0,94.8846629749645,87.8998646327427
0,0,0,0,0,0,226.542770385742,180.727315266927,172.215881347656,0,192.562423706055,0,0,0,0,0,0,0,0,0,0,0,0,0,170.903558349609,0,0,0,174.851626586914,167.720642089844,0,0,0,0,0,86.5733451843262,0,114.912214279175,128.970909118652,0,6.47446263091093,11.6972173251592,110.245235824585,18.0098217695439,118.83304901123,99.35018658638,55.8973420461019,127.394892374674,0,33.3242100141801,13.1591706678579,0,195.324188232422,109.152236938477,97.9765243530273,122.819100189209,108.499092102051,121.081069946289,137.191714816623,118.578008924212,0,161.43762588501,91.1788940429688,123.119876098633,28.2925613249012,0,93.4942092895508,10.2095836691806,0,36.248064783555
