10.8950026407086,112.736845970154,97.1766685747918,74.9137817767027,88.5484353507437,112.047116088867,86.7744913221915,33.1468533930554,58.3192872089061,70.9455980905672,81.603998281089,123.095210912037,109.94062627748,130.122386169434,19.6967216365429,92.3288855779739,130.976242701213,94.6627778101234,122.997509547642,117.358500419779,89.4079305208646,73.6205646048347,95.2042099634806,81.6271557485128,83.2278738808034,127.857002258301,115.947472166872,122.078712652537,85.8470596263099,20.9438866163816,36.6429273159913,136.952527999878,97.5688245946711,44.9539882024129,76.1072277694783,152.140794641831,165.139444986979,165.317194158381,86.1695704989963,158.610852813721,0,180.692420005798,147.331539154053,165.480888019909,106.77569932204,178.00335015191,0,183.852144513811,184.086547851562,163.669745866642,0,151.692578125,174.955745697021,215.374618530273,173.807647705078,0,148.809600830078,115.989023844401,180.031790733337,124.034576885517,157.357528686523,175.645855296742,163.791164207459,131.990830009752,153.107739210129,143.956495574026,0,0,139.456745910645,139.655355013334
112.736845970154,6.13564533343644,43.9972737052224,20.3877771201712,129.376792907715,133.325561523438,144.455789838518,138.841059207916,132.45018196106,67.893778141692,133.240314483643,70.0295355111961,136.728666305542,57.1320195884035,124.480921630859,102.265485525131,58.0744249071394,59.4112856003546,79.8642109462193,63.1337888163905,124.40389251709,95.8762551509973,27.1972411228439,70.7669849148044,74.4844904471252,23.8885444569172,45.3811731849186,30.1871404537686,103.065080388387,114.088021249482,108.081677605124,66.3916260613336,126.436099243164,122.279457092285,70.3331211327159,0,26.9348971843719,92.4198396856135,68.3341084798177,0,0,0,153.182848612467,0,0,201.484527587891,93.7175410877575,223.329467773438,90.3668652584678,145.407429286412,0,148.532188415527,105.166733423869,129.478484153748,115.890601021903,0,143.467525482178,77.563710530599,138.28318132673,141.625823974609,84.3006525675456,99.7161643218994,91.3144687284906,149.536930084229,180.946304321289,202.369827270508,142.329299926758,190.465682983398,0,129.35374886649
97.1766685747918,43.9972737052224,13.6050258174825,46.592082338901,136.590265546526,160.041630045573,128.892989489907,95.8803268172401,114.949447042925,120.218843539556,112.780238429168,102.863583503231,173.021157741547,101.015118789673,106.81575732257,151.129090881348,100.087264891594,44.4198464636903,114.643269130162,73.8959745776512,143.813177108765,67.7616271806479,86.6411628221211,35.1237624881601,110.33948483759,163.498731613159,29.06956710187,35.4429457894847,89.281625523629,134.251889734224,91.0921877384186,96.7487258911133,164.236561506222,111.424065374559,66.3218667353546,160.451033158736,86.3944630342371,94.6256864583841,82.6057366870699,204.195114135742,224.720756530762,193.813797723679,162.735826185771,182.498110106497,148.532974243164,187.01778596023,141.931932889498,0,130.318082173665,175.763454055786,0,123.982833607992,105.183761500913,155.920944213867,126.140465710614,198.092254638672,146.098728257783,86.0074417591095,114.775017715082,168.310265743371,88.4426956176758,101.699637599776,90.9249498183469,171.24693235417,171.232070196243,139.797648159963,0,236.388641357422,230.26244354248,111.994383302453
74.9137817767027,20.3877771201712,46.592082338901,18.8394089299145,56.3335676046518,110.153752644857,87.0486087537792,70.2574989582465,88.5180876888446,19.8694306972861,71.5926697956767,75.2821779758372,82.9210670259264,59.3017495678317,98.6346863625266,67.8121366500854,61.7539578665674,63.9854724101531,71.2352724848567,60.9607596317661,62.0168314915077,71.3877244829298,34.8361672644736,61.7846348301057,44.842747796556,25.3939376684557,46.9853507275851,34.6092317904386,59.8335153161638,84.2287084383307,63.5588102061963,67.8896627223238,126.417197091239,60.1550199304308,68.0687713222904,100.781090823087,20.9206722880167,74.6836286718195,30.5211875655434,86.2190059661865,0,118.456233978271,98.8569368971992,113.155782911513,33.1545575232733,103.015325032748,93.7626913510836,138.135613759359,82.7648407618205,116.006595020563,181.807464599609,77.1105369567871,83.6738025584119,111.392842610677,92.78251321966,94.8612289428711,79.0946716607786,89.5049567589393,90.231013570513,66.4137746769449,87.9919017791748,86.2710900550341,62.684141242685,87.7550059645923,99.8600639237298,91.1267302376883,122.674045562744,0,60.7714233398438,92.6967979158674
88.5484353507437,129.376792907715,136.590265546526,56.3335676046518,10.9902331472885,123.360656738281,76.7789335863931,62.5190201927634,100.438786994754,43.8535625553131,29.9380012549001,168.30192565918,27.0809266626757,172.29581451416,107.067455949454,60.3845684254064,78.6175302777972,160.124880277194,0,151.282313028971,16.2672233670904,89.5381298065186,74.7410937415229,134.271673349234,20.0053778011087,183.870208740234,167.977498372396,120.386473253038,19.9950069071697,101.048639209454,91.235910483769,193.296783447266,140.086559295654,82.0263049103493,87.4811051686605,140.311905860901,0,0,70.1527898311615,23.752373982373,0,138.893423643269,128.88683337257,152.874638343925,83.8788596677109,125.396997236738,0,37.6947494842789,0,175.519363666403,89.993151473999,131.617120742798,0,0,215.214904785156,19.684482166844,0,134.839639027913,170.236142839704,97.4107055569405,201.181205749512,190.528869628906,175.893438720703,83.0324768718843,152.47139712247,123.220481872559,0,0,103.10164642334,137.815558115641
112.047116088867,133.325561523438,160.041630045573,110.153752644857,123.360656738281,9.03173869470169,17.7229156078559,119.594984599522,23.9029203903516,102.752935600281,120.116789372762,62.3072006919167,94.3595366976154,77.4278527214414,29.1894578001965,15.8038390276469,0,165.626146589007,85.7899780273438,123.572225570679,112.310506184896,163.857391357422,137.988739013672,136.708912319607,128.827046990395,73.6034526824951,133.697901044573,122.686803644354,133.101664951869,20.6624191403389,111.084941864014,95.5054629399226,11.4398697022539,145.292251586914,35.2853016497484,175.289367675781,0,0,133.242225646973,0,0,209.361831665039,199.329732259115,211.960586547852,0,211.158706665039,0,136.880508422852,0,212.809101104736,0,0,0,0,0,0,0,178.218587239583,0,164.858665466309,0,242.207733154297,174.400543212891,181.839358859592,210.318542480469,195.129615783691,0,0,162.236526489258,203.320419311523
86.7744913221915,144.455789838518,128.892989489907,87.0486087537792,76.7789335863931,17.7229156078559,11.3107512560561,70.8878400547784,21.4294905725271,79.3950814114939,36.4312186701625,106.221621144815,27.8584693381394,107.655377887544,42.5760409944127,15.5975989187347,114.752229054769,147.52347741378,144.360641479492,155.426145962306,50.1743255510722,116.923645481919,117.95419610065,123.728840287909,84.0190924004505,104.400661044651,144.311897693226,143.834608480233,79.1855000381253,50.3080639341004,116.532707023621,135.966813307542,25.1923818983119,92.3002880641392,75.212580499944,160.666115866767,0,178.432450034402,103.289735545283,149.302090326945,212.35746383667,161.226935310598,151.629394288619,163.543551787787,125.134658103765,160.504555550833,229.221889919705,129.791358629862,148.897846221924,172.551615369189,177.134181976318,169.643816266741,204.307647705078,194.426686604818,220.933482578823,151.720166360178,166.339233398438,168.343189239502,188.091419219971,133.36962744184,133.600570678711,209.911164227654,180.560309115323,152.050625507907,171.618100354271,167.0703125,195.94157409668,200.148342132568,148.430612836565,170.367511633671
33.1468533930554,138.841059207916,95.8803268172401,70.2574989582465,62.5190201927634,119.594984599522,70.8878400547784,13.1407984833758,63.3897495616566,62.9374746447615,27.807711115638,152.691072135136,87.2679506029401,163.036053612119,44.8472051937863,83.7473235331791,110.635421447754,112.756552643892,121.677700042725,141.549116298131,82.7432651190922,68.5732133653955,86.1298933823903,80.717325194078,67.7387956855454,179.259773254395,124.083271979407,110.595220665579,41.965686127874,74.9986955453802,28.8528099032652,173.860347624748,129.405739706071,78.1312279052734,90.3117838878076,143.471886931873,149.941589355469,158.532008550863,90.1782615336966,141.695320129395,195.265594482422,151.001207718482,143.28800201416,156.515933716696,98.9609816002123,151.007473776917,219.95352935791,148.464704366831,215.049062093099,163.519349443152,123.845741271973,148.504232597351,179.220039121566,220.256362915039,205.212863922119,150.242401123047,139.206269670241,126.8080701828,163.696628707776,120.067155074061,194.521476745605,186.22586602105,158.970331619035,132.514470817819,147.267284453861,134.787470722198,0,176.922294616699,135.115749065693,139.480045902028
58.3192872089061,132.45018196106,114.949447042925,88.5180876888446,100.438786994754,23.9029203903516,21.4294905725271,63.3897495616566,13.5912493559516,83.0187238984102,42.2355300219379,115.466907835954,78.7767990151463,105.16048087061,20.4949517413904,38.6008481510075,144.842049231896,129.940184505223,127.382918015966,146.928295972871,88.3385972605998,98.2926944828432,113.788756207722,105.624003094889,92.0830695587501,103.126107729398,133.527970616537,133.483899092241,92.8285035797679,45.6093482042404,80.9409527019457,133.894079208374,24.6038525783959,109.607310158866,70.8620721874319,162.668272740633,176.176231384277,176.204420136242,109.692338867188,151.944541083442,209.312026977539,164.232101222447,153.894816674745,169.177015460419,122.511218823885,170.056700445285,223.109674453735,160.223430432771,162.013750076294,173.484384773421,174.730702718099,183.463376726423,200.849681430393,182.817199707031,210.843849182129,182.270335388184,180.693960119177,158.151717631022,183.941575327227,134.582104582813,225.200668334961,200.722524007161,177.775475774046,148.50363268171,166.461230721061,162.329338984703,0,199.38427734375,150.451597016433,161.625280351781
70.9455980905672,67.893778141692,120.218843539556,19.8694306972861,43.8535625553131,102.752935600281,79.3950814114939,62.9374746447615,83.0187238984102,8.83568649689884,66.6927695344476,142.640534524357,18.98569367867,129.384440485076,90.4081275953713,21.8982750924592,70.4905152431754,121.958378746396,143.515889848982,134.676732602327,46.0929555344371,96.1754165649414,32.1750223003288,111.878377474271,22.6145276847995,100.194279429677,127.133538881938,99.2840950415991,55.8464461789374,82.1328141054661,65.0912007833922,142.422229258219,120.193881511688,64.9136115942108,69.4443398051792,106.06999947043,132.074183146159,153.863552856445,67.607001709938,91.933233204678,0,114.636938846473,103.763362845195,129.629262781855,56.889774775101,111.388430855491,187.986702813043,97.5579945599591,160.166801452637,127.071123846646,80.785481262207,96.1547366055575,177.308128356934,178.02294921875,188.809636433919,90.8228281656901,117.580328482169,103.003262837728,148.497351426345,82.3409113416485,143.609985351562,178.696812220982,159.266802885094,104.429725021612,130.358335556522,115.851695570835,199.041748046875,164.783950805664,107.855258396694,118.203839831882
81.603998281089,133.240314483643,112.780238429168,71.5926697956767,29.9380012549001,120.116789372762,36.4312186701625,27.807711115638,42.2355300219379,66.6927695344476,16.6913214411523,159.809935342698,33.9694162964524,167.067654291789,47.0796413771069,77.8970346154634,108.504313542293,153.535284462215,190.031966145833,175.500356234037,23.688870708391,85.6548474385188,107.233628206475,99.4180233548669,67.1303786728874,159.176611328125,140.698692696993,130.422744918656,39.8181777890803,96.0614238101923,97.0085886912063,179.404908970424,128.019847792022,85.9268695988606,91.3400583321986,159.376386495737,159.23002243042,173.500710487366,84.9915529228302,133.526777546308,0,152.62157177103,147.378922454404,159.016234612382,102.996139873158,152.364495225108,218.400260925293,149.360492944717,225.025329589844,178.085840182834,144.327298300607,160.464144620028,194.43196105957,199.76936340332,236.009819030762,147.808312988281,165.777246648615,151.967442512512,174.867553338772,121.550035812421,187.871948242188,207.390800984701,174.30504544576,147.558199533373,173.152118206024,166.507767310509,0,208.199083328247,146.816060892741,163.646445033062
123.095210912037,70.0295355111961,102.863583503231,75.2821779758372,168.30192565918,62.3072006919167,106.221621144815,152.691072135136,115.466907835954,142.640534524357,159.809935342698,11.8876568880195,141.705502733772,18.1997171663698,94.1949555942951,133.729134877523,130.878559112549,45.7467434683575,21.4002469319255,22.577600865034,160.819029721347,103.198584984089,104.450545120239,93.2916447496073,154.540162238522,33.9338885054869,30.3728302968492,63.4727501436597,160.369843891689,68.4433808251418,100.74730926408,44.9875628319878,64.7503514731803,104.98957980409,30.5542108634979,0,107.589832850865,138.446089895148,65.2125690084108,0,0,216.576736450195,204.76001739502,227.193756103516,174.073844909668,231.788040161133,85.1896336317062,0,68.51742355725,216.961541312081,0,177.115692138672,144.187718073527,99.8007452223036,119.344570325769,0,211.976986694336,152.390968322754,184.475230625698,179.560772982511,64.686241665402,101.741103802408,97.0469817365153,196.448583984375,191.220272827148,184.716900634766,89.2287250463513,0,0,130.210538976333
109.94062627748,136.728666305542,173.021157741547,82.9210670259264,27.0809266626757,94.3595366976154,27.8584693381394,87.2679506029401,78.7767990151463,18.98569367867,33.9694162964524,141.705502733772,12.3111745722253,152.956941431219,96.3943211343675,21.3575739043258,0,197.991754150391,152.563778686523,153.466121673584,17.5474563729671,215.85627746582,93.9240684509277,168.379355430603,22.5325440772957,142.471192099831,161.171324786018,153.975325248611,51.108596514025,96.5567535241895,130.21835063054,167.859344959259,108.819219339305,101.191201019287,91.3578491210938,189.126760482788,0,208.642402648926,78.4886112213135,89.0289274912614,0,132.782339859009,137.472199249268,157.109285321152,89.3669538336285,144.429254000304,0,17.1745530829651,0,174.971238509468,85.8194838814113,0,0,0,0,68.6547989932769,159.327702840169,152.704582214355,195.81462097168,113.09485839395,0,0,203.739741007487,136.525296305562,169.485869169235,145.185180664062,0,0,129.359283447266,153.649422454834
130.122386169434,57.1320195884035,101.015118789673,59.3017495678317,172.29581451416,77.4278527214414,107.655377887544,163.036053612119,105.16048087061,129.384440485076,167.067654291789,18.1997171663698,152.956941431219,9.72596419226353,90.8530671101696,152.677429199219,119.65865020752,105.455000114441,49.9488676632152,74.4696144403196,168.424118041992,150.292860666911,96.1040547901616,152.545431137085,147.348047202993,21.6757186374732,52.125022285005,32.2550722198169,168.28859601702,71.7376280364457,141.724096818404,22.2939738942301,73.980353073335,0,48.3462966568391,191.043472290039,98.3158493041992,151.570411682129,40.0608174470219,0,0,0,187.228384399414,187.75373840332,171.407373281626,240.619659423828,61.0943912929959,0,57.5598962692909,160.925650702582,0,180.800064086914,143.324554443359,96.1596250261579,117.945295854048,0,0,118.544173770481,163.508388519287,189.356589181083,51.247274931087,98.8414447075498,87.3956196768242,221.46538289388,158.260986328125,187.130222320557,80.7857393814346,86.8945846557617,0,102.116204914294
19.6967216365429,124.480921630859,106.81575732257,98.6346863625266,107.067455949454,29.1894578001965,42.5760409944127,44.8472051937863,20.4949517413904,90.4081275953713,47.0796413771069,94.1949555942951,96.3943211343675,90.8530671101696,11.5417056415804,73.3646835365681,148.977560424805,120.748554087383,121.696385974726,136.849194763669,106.203893761886,93.2870770964171,117.127072143555,96.2068522394951,102.946818893866,94.9989953151969,127.436857640884,132.037989250967,101.107105643254,20.4181789871187,64.1613285311315,108.483054663918,20.1257997038979,76.7528564012968,57.0240225300193,169.982610115638,178.96142578125,170.640577804211,119.606939110389,169.409565113209,0,181.868561426798,169.179562568665,189.198337162767,124.057892163595,189.996483889493,181.382787068685,172.166654314314,192.874961853027,189.101693133919,195.649604797363,169.661032284007,190.916780520708,204.665328979492,202.968809339735,243.052719116211,155.037132444836,146.319456000077,184.159288718484,144.84230009115,131.319211324056,191.665457266348,175.162668947904,153.870664007013,167.478343606853,159.425381456103,0,224.546775817871,152.436719454252,166.699731140137
92.3288855779739,102.265485525131,151.129090881348,67.8121366500854,60.3845684254064,15.8038390276469,15.5975989187347,83.7473235331791,38.6008481510075,21.8982750924592,77.8970346154634,133.729134877523,21.3575739043258,152.677429199219,73.3646835365681,8.09343282683849,235.583618164062,150.32149887085,167.957782745361,168.338404337565,50.0705184405363,91.1476974487305,75.5652735196627,139.534866333008,41.2472375285742,141.592389787946,151.688308080037,129.975932346301,81.2366165195345,42.2100187796702,108.689868164063,150.657836914062,39.6341674012958,99.3454714688388,96.7307807330427,153.526206970215,0,161.997802734375,106.344139099121,107.864782333374,96.6088256835938,170.718730926514,171.606043497721,192.332608032227,64.1143747965495,131.321299101177,0,86.158716583252,0,157.445831298828,92.6688995361328,0,0,0,0,105.81275177002,150.465362548828,0,0,126.036392847697,0,227.990371704102,0,127.905394554138,144.950649261475,0,0,0,0,0
130.976242701213,58.0744249071394,100.087264891594,61.7539578665674,78.6175302777972,0,114.752229054769,110.635421447754,144.842049231896,70.4905152431754,108.504313542293,130.878559112549,0,119.65865020752,148.977560424805,235.583618164062,11.4483096468085,113.669460662424,0,125.528516329252,85.4520416259766,24.8305951966559,27.5935980709338,18.8050252004174,29.937102105803,94.9527538844517,114.16800159519,27.7373086123615,43.6105447579814,124.87225151062,85.9016032929116,139.263717651367,0,93.7876377105713,86.1238371732548,167.465344238281,126.414098103841,120.040760965058,62.730430668798,134.10034942627,0,0,160.684751852965,185.80103628976,128.18391418457,190.316436767578,186.265045166016,0,0,183.842092895508,0,99.4495076433418,142.421124776204,0,165.470668792725,0,114.965044943492,70.8092337975135,106.467567455156,117.099287913396,0,143.026710510254,109.177467701406,127.601096846841,174.676137288411,124.809236666051,0,0,130.550903320312,128.969092659328
94.6627778101234,59.4112856003546,44.4198464636903,63.9854724101531,160.124880277194,165.626146589007,147.52347741378,112.756552643892,129.940184505223,121.958378746396,153.535284462215,45.7467434683575,197.991754150391,105.455000114441,120.748554087383,150.32149887085,113.669460662424,11.7214574553677,48.5126517729601,27.0293772942784,184.810466766357,62.2903226950412,99.8719725737701,25.9612381299616,129.476383326604,64.9002059410358,38.7461293393078,68.4259199318738,120.472134556752,112.337165359379,76.6601133328064,90.3127698898315,168.304401622099,97.346245765686,38.6030961997598,165.431052071708,79.2714633476443,111.325680364129,81.3026696638627,0,221.617538452148,189.567477416992,183.824564232017,201.061632560961,163.24369430542,211.08404976981,140.448524475098,0,109.927040100098,192.381501515706,0,148.38951587677,118.980170513721,126.131447403519,118.818015200593,242.793640136719,163.563979254829,121.707979055551,144.737157618746,178.392447183299,87.6459990607368,105.572792418291,104.168273611355,178.841279313371,178.47481067364,154.598111629486,145.003391265869,246.440216064453,144.396240234375,126.989751864702
122.997509547642,79.8642109462193,114.643269130162,71.2352724848567,0,85.7899780273438,144.360641479492,121.677700042725,127.382918015966,143.515889848982,190.031966145833,21.4002469319255,152.563778686523,49.9488676632152,121.696385974726,167.957782745361,0,48.5126517729601,6.41466491186357,10.3315484362779,187.662773132324,106.853623163132,121.217499542236,102.01868276127,163.374882698059,48.8615918281751,24.4311745491603,62.6142503212888,168.596941496197,91.3628479482882,109.730771276686,52.33465370379,94.9334213256836,118.746158599854,57.7797373539984,0,90.6859461466471,167.480812072754,77.6346918741862,0,0,0,0,0,197.794502258301,0,98.1442466148963,0,77.9289662604238,231.986633300781,0,175.379058837891,154.180114746094,102.212252864131,111.937648664202,0,0,0,0,197.729113260905,73.3056456621955,98.3905354981781,100.022283382986,0,0,156.159127807617,97.8899195053998,0,0,143.451364690607
117.358500419779,63.1337888163905,73.8959745776512,60.9607596317661,151.282313028971,123.572225570679,155.426145962306,141.549116298131,146.928295972871,134.676732602327,175.500356234037,22.577600865034,153.466121673584,74.4696144403196,136.849194763669,168.338404337565,125.528516329252,27.0293772942784,10.3315484362779,10.2400079825666,168.746097564697,98.4957889017433,104.929899316085,76.8891669073025,150.678106973338,46.9363094064378,32.1676250303211,62.3520243431115,151.863045001852,113.64948976254,98.0498946251807,65.3504158226219,157.514064243862,101.652950180901,52.3900402194729,193.28678894043,94.4537520775428,129.428280591965,61.3665046022649,0,0,0,198.175179617746,196.788360595703,192.066884358724,245.614608764648,101.796521534639,239.721710205078,85.4832667148474,191.627274946733,0,186.47380065918,138.201337133135,104.856029363779,108.759054733045,0,185.752127511161,164.740112304688,158.591781616211,204.893474033901,74.881457135977,98.757682710359,98.0543590774468,202.089900970459,173.257718404134,159.47880084698,102.65119443621,0,149.206298828125,122.152863889127
89.4079305208646,124.40389251709,143.813177108765,62.0168314915077,16.2672233670904,112.310506184896,50.1743255510722,82.7432651190922,88.3385972605998,46.0929555344371,23.688870708391,160.819029721347,17.5474563729671,168.424118041992,106.203893761886,50.0705184405363,85.4520416259766,184.810466766357,187.662773132324,168.746097564697,10.3147485143252,149.931995391846,76.1263287862142,142.369865926107,23.3380140111468,222.475280761719,168.267215547108,157.149102733981,33.8714034436976,101.590257606078,118.412292882016,186.379619598389,130.61400604248,92.8519484576057,90.8813894835996,164.81375579834,0,0,73.2439805489999,38.4024818586718,196.36777750651,138.022870172773,132.136026865028,148.858089819187,87.5690205830794,136.400637408365,216.593292236328,71.1446905436006,0,176.315545706913,115.207635879517,0,0,0,220.089340209961,48.1011305874469,0,129.803031921387,0,102.745828057966,0,221.718999226888,187.488967895508,122.806162645558,161.433723640442,189.015146891276,0,0,134.467700958252,162.921698136763
73.6205646048347,95.8762551509973,67.7616271806479,71.3877244829298,89.5381298065186,163.857391357422,116.923645481919,68.5732133653955,98.2926944828432,96.1754165649414,85.6548474385188,103.198584984089,215.85627746582,150.292860666911,93.2870770964171,91.1476974487305,24.8305951966559,62.2903226950412,106.853623163132,98.4957889017433,149.931995391846,15.5411054665973,57.9933610353827,36.2355958299681,44.3475932138597,116.177888870239,111.45334791733,91.9974291274912,32.9480509185406,79.8502455340321,32.3588733626884,156.825681050618,133.24937915802,71.4875155280618,47.0040009506221,158.070780944824,145.229736328125,138.549304024118,78.9143364850213,133.553245544434,0,0,160.824757839771,198.812760489328,133.541179656982,192.276206970215,178.850677490234,193.429931640625,0,196.276714549345,0,113.73919294646,160.635938291196,176.370635986328,176.639709472656,0,119.079927244025,79.7997898208761,123.137357089887,121.240834798355,0,154.179644266764,133.293455091016,128.091705927035,156.510599772135,122.56150644879,0,0,120.590240478516,133.036178588867
95.2042099634806,27.1972411228439,86.6411628221211,34.8361672644736,74.7410937415229,137.988739013672,117.95419610065,86.1298933823903,113.788756207722,32.1750223003288,107.233628206475,104.450545120239,93.9240684509277,96.1040547901616,117.127072143555,75.5652735196627,27.5935980709338,99.8719725737701,121.217499542236,104.929899316085,76.1263287862142,57.9933610353827,10.8611025723614,58.1155551187124,33.5109216579173,69.133175055186,97.1800260363885,39.690759728628,60.0174767717402,91.1019372866135,68.060939708432,107.767516192268,142.839874267578,77.0437738467486,74.0931601202373,158.948186238607,104.734602928162,101.819865471976,72.9798256446575,156.838317871094,0,120.81364440918,152.292422612508,176.708440144857,0,181.290928649902,138.124465355506,0,119.926374875582,168.75417804718,128.425003051758,72.9611875270975,130.843067169189,155.766571044922,148.531761169434,0,89.6555869061014,29.890114965893,84.1295136696051,103.321095581055,118.638446807861,132.576592499355,92.4275916689918,114.766095719247,149.293391834606,118.366017695836,175.045486450195,0,87.9526481628418,121.56897517613
81.6271557485128,70.7669849148044,35.1237624881601,61.7846348301057,134.271673349234,136.708912319607,123.728840287909,80.717325194078,105.624003094889,111.878377474271,99.4180233548669,93.2916447496073,168.379355430603,152.545431137085,96.2068522394951,139.534866333008,18.8050252004174,25.9612381299616,102.01868276127,76.8891669073025,142.369865926107,36.2355958299681,58.1155551187124,19.1381345689725,71.3017785579927,135.35131917681,69.2989494439061,52.5565466357574,61.0216061338188,101.038607434449,59.7648058351847,124.228464238784,146.789380965694,91.0484033533045,55.4068757592206,159.636564957468,118.361717224121,106.670121896775,86.6333546373579,190.622268676758,0,178.928047180176,165.432647787115,191.04559879303,153.898004972018,175.668025716146,184.907357788086,211.913803100586,171.763076782227,186.523761133994,206.01921081543,107.024917560454,124.798443097747,165.107869466146,148.485956246512,197.053924560547,130.178936599899,77.9540224101303,114.705631127901,148.333391231961,148.726446151733,126.565009171519,102.994486844805,150.845949544203,176.249256134033,144.685808447636,0,211.743103027344,187.919189453125,127.144317626953
83.2278738808034,74.4844904471252,110.33948483759,44.842747796556,20.0053778011087,128.827046990395,84.0190924004505,67.7387956855454,92.0830695587501,22.6145276847995,67.1303786728874,154.540162238522,22.5325440772957,147.348047202993,102.946818893866,41.2472375285742,29.937102105803,129.476383326604,163.374882698059,150.678106973338,23.3380140111468,44.3475932138597,33.5109216579173,71.3017785579927,10.5149891664276,111.978698651815,125.290711113189,85.9049487467272,22.5208964690327,91.2741689818161,78.0552750897864,162.310154102467,141.343420225998,75.1471912479061,86.6453536240951,127.269734825278,137.492241753472,155.717482962259,71.0205430178575,109.786087515547,162.92839050293,127.963152974447,125.10920560768,141.263397670796,74.3392040194667,125.415344467737,202.729086134169,123.563528145309,191.409873268821,146.494965198463,119.325777689616,108.814476668233,163.005136311849,198.86071395874,194.004322306315,116.016391415066,115.102097635215,100.186321859285,135.107791431447,102.189066500277,183.419326782227,177.44682605931,151.330365565435,115.15154929586,132.365844227257,120.485514241565,198.295959472656,180.861964416504,116.57718553935,125.199249068303
127.857002258301,23.8885444569172,163.498731613159,25.3939376684557,183.870208740234,73.6034526824951,104.400661044651,179.259773254395,103.126107729398,100.194279429677,159.176611328125,33.9338885054869,142.471192099831,21.6757186374732,94.9989953151969,141.592389787946,94.9527538844517,64.9002059410358,48.8615918281751,46.9363094064378,222.475280761719,116.177888870239,69.133175055186,135.35131917681,111.978698651815,8.31084511354004,36.6531335128124,28.6593136948227,160.533081054688,70.611621227461,130.653301239014,40.5802355811709,79.6181587491717,0,58.0474744780451,0,84.2294673919678,139.94947052002,47.7932261450816,0,0,0,0,0,147.054043579102,0,62.0577833297405,0,58.9670227987026,158.940670013428,0,0,120.399948120117,85.975577545166,92.2682088216146,0,176.322509765625,110.961046854655,150.86701965332,0,53.9995374270848,89.1632852890912,84.0106003632417,215.368267059326,162.746891021729,0,72.4459509849548,0,0,97.7186864217122
115.947472166872,45.3811731849186,29.06956710187,46.9853507275851,167.977498372396,133.697901044573,144.311897693226,124.083271979407,133.527970616537,127.133538881938,140.698692696993,30.3728302968492,161.171324786018,52.125022285005,127.436857640884,151.688308080037,114.16800159519,38.7461293393078,24.4311745491603,32.1676250303211,168.267215547108,111.45334791733,97.1800260363885,69.2989494439061,125.290711113189,36.6531335128124,14.7976681622585,33.4251991822155,128.213532371907,108.412697223414,111.637746560702,25.2379236599756,112.213117258172,116.183841047616,63.1936714807476,162.022004147793,79.4295486394506,104.957386398963,56.6709899366435,189.814463297526,0,202.889217376709,183.544538460526,196.898789839311,172.662866821289,214.741310119629,98.4005309895495,232.48551940918,78.7215456578404,185.662335124237,199.99543762207,153.570436330942,107.747837013059,97.5622221314081,99.781693182074,222.802551269531,147.768054235549,126.455064349704,138.682090395973,175.18738077922,66.9311602242985,91.4028734262887,89.8203917059822,189.571307265968,157.509410109475,145.625207385878,98.8578010559082,0,146.318081537882,115.872127231799
122.078712652537,30.1871404537686,35.4429457894847,34.6092317904386,120.386473253038,122.686803644354,143.834608480233,110.595220665579,133.483899092241,99.2840950415991,130.422744918656,63.4727501436597,153.975325248611,32.2550722198169,132.037989250967,129.975932346301,27.7373086123615,68.4259199318738,62.6142503212888,62.3520243431115,157.149102733981,91.9974291274912,39.690759728628,52.5565466357574,85.9049487467272,28.6593136948227,33.4251991822155,14.7190730270276,90.1080025181626,119.789104606227,109.54932126006,28.5915581876195,124.258150492629,118.6962487357,69.4283778543865,157.782085973566,79.0951362343722,96.1138635254976,53.9149961909946,201.331607055664,0,191.879134605671,164.00411567688,183.142850869018,167.977856260357,190.284388752727,98.865525328873,219.012924194336,79.5267354593294,178.180145039278,198.45406850179,111.997893725123,107.2357622413,102.071508248397,104.45102350294,201.634892781576,143.148696899414,77.6467072043088,112.141976419914,164.058400037812,68.5991836924784,94.3599092630361,90.1912750182367,163.807679431273,161.349365749242,144.177360140044,98.193625566436,157.187097167969,157.997508655895,114.928096407567
85.8470596263099,103.065080388387,89.281625523629,59.8335153161638,19.9950069071697,133.101664951869,79.1855000381253,41.965686127874,92.8285035797679,55.8464461789374,39.8181777890803,160.369843891689,51.108596514025,168.28859601702,101.107105643254,81.2366165195345,43.6105447579814,120.472134556752,168.596941496197,151.863045001852,33.8714034436976,32.9480509185406,60.0174767717402,61.0216061338188,22.5208964690327,160.533081054688,128.213532371907,90.1080025181626,14.8750747962656,95.2104068134642,55.5386098913416,173.555138629416,142.334435424805,74.7745086296237,73.0586544862237,137.362603836408,153.967414855957,154.005097938306,87.5181743903238,121.272134780884,206.844146728516,151.200498115128,137.723444983077,156.966463910148,95.8099905695234,149.52219780858,213.411386489868,154.333934783936,207.313720703125,157.032666281767,138.752787017822,114.07628168766,168.344700544308,0,204.822212219238,140.910618209839,120.242818960646,103.294606199719,142.532635000755,112.873589292066,206.796813964844,182.892754988237,151.37539653035,126.304643319494,142.821240287959,125.76425734747,216.913019816081,197.791519165039,124.066235821064,133.374583110908
20.9438866163816,114.088021249482,134.251889734224,84.2287084383307,101.048639209454,20.6624191403389,50.3080639341004,74.9986955453802,45.6093482042404,82.1328141054661,96.0614238101923,68.4433808251418,96.5567535241895,71.7376280364457,20.4181789871187,42.2100187796702,124.87225151062,112.337165359379,91.3628479482882,113.64948976254,101.590257606078,79.8502455340321,91.1019372866135,101.038607434449,91.2741689818161,70.611621227461,108.412697223414,119.789104606227,95.2104068134642,12.2644742973684,33.7966204376832,84.1274480660756,14.8110747544257,15.6651118347915,31.9653631194402,156.022371614896,185.232098388672,186.201951880204,110.067208037979,166.368888092041,209.044998168945,178.034285666726,158.525349968358,179.635177242395,118.919763452867,182.683071415599,186.479850769043,177.732337188721,107.487837049696,178.899982975978,180.328076680501,134.88812082464,195.430823830997,154.650988260905,159.121561050415,172.638573782785,140.46213722229,135.381606158088,177.663834327875,137.672771459735,123.23778406779,162.055413588038,165.299562909962,146.081911445386,167.065014328275,151.223229281874,0,236.02254486084,153.980965109432,154.827755207918
36.6429273159913,108.081677605124,91.0921877384186,63.5588102061963,91.235910483769,111.084941864014,116.532707023621,28.8528099032652,80.9409527019457,65.0912007833922,97.0085886912063,100.74730926408,130.21835063054,141.724096818404,64.1613285311315,108.689868164063,85.9016032929116,76.6601133328064,109.730771276686,98.0498946251807,118.412292882016,32.3588733626884,68.060939708432,59.7648058351847,78.0552750897864,130.653301239014,111.637746560702,109.54932126006,55.5386098913416,33.7966204376832,12.1685460719898,160.325109481812,142.572835055265,29.8063263371184,38.4686635790684,142.686406860352,189.942581176758,159.356705188751,92.7003692936253,143.30233328683,191.230354309082,183.863408406576,144.189860974328,168.466547444661,95.760652118259,174.452185911291,203.933024088542,175.709531148275,0,166.535554841507,0,116.873262582823,170.033338928223,217.266090393066,168.460863113403,145.641971588135,125.973592832491,107.692935069402,135.611664731278,120.763055701772,128.710136413574,163.475623931885,151.988554890951,129.40419770295,145.813325377323,129.415257049121,0,210.570856730143,128.359035491943,131.662645877936
136.952527999878,66.3916260613336,96.7487258911133,67.8896627223238,193.296783447266,95.5054629399226,135.966813307542,173.860347624748,133.894079208374,142.422229258219,179.404908970424,44.9875628319878,167.859344959259,22.2939738942301,108.483054663918,150.657836914062,139.263717651367,90.3127698898315,52.33465370379,65.3504158226219,186.379619598389,156.825681050618,107.767516192268,124.228464238784,162.310154102467,40.5802355811709,25.2379236599756,28.5915581876195,173.555138629416,84.1274480660756,160.325109481812,6.93497886176121,95.5933394596494,138.966995239258,69.3423599525734,0,109.756614685059,141.097702026367,64.8708064232344,242.728591918945,0,0,0,225.536987304688,179.622985839844,0,85.6464891755179,0,76.6789732737521,231.91813659668,202.111831665039,160.160354614258,156.319366455078,102.221574725527,117.027125271884,0,0,135.324136734009,211.973937988281,211.026313781738,67.214300849221,103.639969518629,98.14148982056,214.575454711914,184.931655883789,201.044189453125,94.7642564039964,0,0,117.226358686175
97.5688245946711,126.436099243164,164.236561506222,126.417197091239,140.086559295654,11.4398697022539,25.1923818983119,129.405739706071,24.6038525783959,120.193881511688,128.019847792022,64.7503514731803,108.819219339305,73.980353073335,20.1257997038979,39.6341674012958,0,168.304401622099,94.9334213256836,157.514064243862,130.61400604248,133.24937915802,142.839874267578,146.789380965694,141.343420225998,79.6181587491717,112.213117258172,124.258150492629,142.334435424805,14.8110747544257,142.572835055265,95.5933394596494,6.02640556620012,137.92840385437,37.2350959688537,199.003608703613,0,203.16724395752,139.362899780273,0,0,204.150131225586,198.350017293294,218.919273376465,155.241249084473,0,0,0,103.571431477865,217.969163513184,194.354461669922,0,0,0,0,246.631820678711,0,0,241.010681152344,174.440874735514,0,182.87180480957,170.425241088867,193.234751981847,207.459316253662,195.112842559814,0,0,210.490997314453,0
44.9539882024129,122.279457092285,111.424065374559,60.1550199304308,82.0263049103493,145.292251586914,92.3002880641392,78.1312279052734,109.607310158866,64.9136115942108,85.9268695988606,104.98957980409,101.191201019287,0,76.7528564012968,99.3454714688388,93.7876377105713,97.346245765686,118.746158599854,101.652950180901,92.8519484576057,71.4875155280618,77.0437738467486,91.0484033533045,75.1471912479061,0,116.183841047616,118.6962487357,74.7745086296237,15.6651118347915,29.8063263371184,138.966995239258,137.92840385437,8.14501251326667,21.4595204258502,147.656636777131,147.532440185547,163.306079864502,105.289196601281,165.056299845378,0,159.631699782151,141.054344356761,159.251178010981,96.6263929094587,167.913651057652,0,154.223983764648,160.321807861328,161.217557733709,222.285995483398,111.743751525879,155.653273010254,174.91357421875,0,162.192001342773,121.805348626499,92.7290706634521,159.243841383192,118.085226071426,0,166.1985912323,176.370385306222,127.756216359693,145.326862011926,130.76251722637,0,0,132.38064066569,126.584090169271
76.1072277694783,70.3331211327159,66.3218667353546,68.0687713222904,87.4811051686605,35.2853016497484,75.212580499944,90.3117838878076,70.8620721874319,69.4443398051792,91.3400583321986,30.5542108634979,91.3578491210938,48.3462966568391,57.0240225300193,96.7307807330427,86.1238371732548,38.6030961997598,57.7797373539984,52.3900402194729,90.8813894835996,47.0040009506221,74.0931601202373,55.4068757592206,86.6453536240951,58.0474744780451,63.1936714807476,69.4283778543865,73.0586544862237,31.9653631194402,38.4686635790684,69.3423599525734,37.2350959688537,21.4595204258502,11.5746278987801,148.221247055951,110.661323406078,116.205689071515,82.1149271361682,156.957732460716,186.184371948242,177.705325478002,145.445384924752,172.541533045022,98.4644940024928,175.873309936523,116.000232514881,150.06273651123,110.504891934602,170.866356489393,0,121.575544331868,118.92481962301,123.625560913086,125.473440583769,186.444036865234,126.726592356364,95.0895805358887,125.710605834175,119.991441284401,87.6792587704129,113.624968133091,110.431656268987,128.418553341799,147.594220329733,132.052195502716,115.158709843953,142.916854858398,144.352494557699,132.06266450882
152.140794641831,0,160.451033158736,100.781090823087,140.311905860901,175.289367675781,160.666115866767,143.471886931873,162.668272740633,106.06999947043,159.376386495737,0,189.126760482788,191.043472290039,169.982610115638,153.526206970215,167.465344238281,165.431052071708,0,193.28678894043,164.81375579834,158.070780944824,158.948186238607,159.636564957468,127.269734825278,0,162.022004147793,157.782085973566,137.362603836408,156.022371614896,142.686406860352,0,199.003608703613,147.656636777131,148.221247055951,13.4580906090849,115.620398872777,99.982756954406,73.8635295012902,90.2773073122099,91.2613766988118,102.385164297195,28.1825963025393,59.8024626515847,69.6415794088233,87.3604027312913,126.348525731704,110.606842637062,134.375968650535,19.6562983722454,102.381369018555,106.905819193522,104.841562093933,129.514252575961,116.848654366873,84.5911716792894,78.0005197201745,88.3051438215302,91.8402343628898,78.7077291928805,126.935575358073,111.349251244355,120.436863726417,82.0151506460272,21.5875065808279,38.752439614947,143.695594386051,114.98609161377,33.0859629715545,62.0134640723467
