11.5528536408275,115.831474304199,88.5268641312917,58.5686562856038,98.3018478393555,82.4875475565592,64.2323444337773,21.2456376480695,30.0694973169671,72.6755212148031,50.0102832803448,135.436408252251,84.0438318252563,163.421680450439,15.9604071685457,61.2854964733124,103.750150044759,100.146189697004,140.467834472656,122.453815604838,94.0457056949013,73.260397963383,77.509994430542,77.3913334535578,79.4522077374988,0,117.003048357706,124.009844164386,67.1072740256164,13.2485857650714,21.4381425254497,160.057779947917,91.6063011169434,42.5465941031774,95.3647514922278,160.387023925781,0,160.479096548898,81.3106216430664,0,0,187.542472839355,152.965361785889,175.512908935547,106.260299173991,190.435165405273,0,194.705505371094,0,189.234329223633,0,116.902473449707,192.912475585938,0,227.924774169922,0,0,100.938475608826,160.993842181037,122.821233700483,0,190.122187296549,174.388233439128,139.682727880645,172.17332288954,138.512435595194,0,223.96891784668,137.662292480469,149.56770324707
115.831474304199,7.92766809655212,45.6447737844367,16.8373754967091,108.691436767578,137.637161254883,141.260739135742,130.819576556866,139.647027492523,63.1172333692027,160.537605285645,63.2394708164951,136.716217041016,47.001062889158,142.147172194261,107.467994689941,71.9028680589464,53.4055182139079,69.683763085342,53.0029802781375,84.5869623819987,114.059053148542,25.8732828888358,75.8183805025541,73.4676434030158,30.9229276203514,57.058585649961,31.1062373562906,118.313286319856,110.118070220947,112.199482566432,67.0614368037174,105.84331258138,127.877534484863,62.9251140324415,0,51.7795865912186,82.2001865756127,62.802938302358,165.978693644206,0,0,140.692001342773,158.398696899414,133.669845581055,192.730060577393,105.033261980329,0,107.269476845151,0,193.474899291992,100.792175292969,103.585276603699,106.091408729553,100.558038838704,144.012645721436,0,109.223743014865,121.430647850037,146.427867542614,68.7039114832878,85.6882717426007,82.952257561513,154.263369750977,0,156.440770467122,114.264048258464,0,0,119.156644548689
88.5268641312917,45.6447737844367,13.464749160428,120.928771972656,196.276458740234,160.686055501302,130.768340689237,92.2087245807477,121.83881344126,121.93536491394,119.822071580326,101.125403520538,133.656617736816,134.468914031982,114.126232635814,131.381436983744,94.5546086175101,40.7437351379785,101.615713525991,76.5962935767186,181.836402893066,63.0543285851455,67.9150397393011,29.6330352633041,124.808440961336,0,32.8198770232176,28.640995869696,91.3418233637224,105.423246287981,73.4749200743021,165.517913818359,178.765907287598,102.646978505452,64.0392679550487,171.006761823382,76.5113679885864,100.786117562593,107.854947328568,0,0,195.966467285156,157.263502120972,191.905009969076,109.930819511414,183.782867431641,192.792144775391,0,171.415496826172,186.24949476454,0,118.682820227838,121.404309000288,159.786529541016,144.210124015808,0,141.408610639901,77.4598091321114,109.264822955723,151.793650175396,159.343551635742,133.328336973448,101.725805090935,151.249431553172,176.369271414621,155.162052775538,0,0,152.029149373372,124.095321192886
58.5686562856038,16.8373754967091,120.928771972656,8.10235481101926,66.691153390067,73.8223342895508,88.0060072636259,66.6534263305664,92.1992700164382,14.7096272552637,78.3465870647896,61.4519559968778,72.2105910778046,49.6987030836788,88.5859423550692,51.8482806796119,90.2835159301758,80.2181278410412,77.9857732984755,74.4678349928422,78.0428094863892,81.1662750244141,55.7643754509058,140.627296447754,42.7009701646383,20.1879941317397,64.2273620268258,37.799480612349,57.7967864756465,84.1442054357284,81.7561289469401,80.239757206129,121.85235526345,75.554053068161,88.4242206666528,100.982009887695,64.5014839172363,118.319066524506,40.8727296829224,117.689535140991,121.714050292969,100.287772042411,85.5085382963482,113.815168592665,10.4153948861199,120.106616550022,111.26602602005,116.59700012207,77.6720847196357,116.141714913504,72.1746673583984,0,118.181579589844,83.8932609558105,99.1969884236654,116.00192006429,156.564666748047,0,172.578094482422,69.2275866520258,43.0913628935814,91.7138134570832,86.5331942588091,102.199405924479,148.884658813477,93.5524597167969,106.564263153076,0,0,112.409673213959
98.3018478393555,108.691436767578,196.276458740234,66.691153390067,8.93582418538237,116.262977600098,61.7348269780477,87.354392603824,94.3373521670961,49.2682718524226,15.1705638252441,144.228235880534,21.5059662147713,0,99.4745712280273,80.0879730224609,0,241.878555297852,0,0,15.183212191335,163.254486083984,63.3831284840902,0,16.3475675670874,0,199.77477722168,177.355265299479,15.0961966111264,96.0388449859619,126.750076293945,0,133.249075456099,77.4429672642758,99.7353702121311,0,0,0,79.2154191335042,7.7538042153696,0,142.044589572483,133.03671836853,154.961588541667,92.5751059395926,131.002138445454,214.365112304688,17.8546891848246,0,158.271919250488,0,0,0,0,0,11.7584495544434,0,153.150497436523,0,107.146101701827,0,0,173.323699951172,130.237060255163,167.871307373047,0,0,0,0,196.326568603516
82.4875475565592,137.637161254883,160.686055501302,73.8223342895508,116.262977600098,8.19414576902308,12.1823945021393,115.798604218856,28.2630572902913,81.0437326933208,108.52368750939,65.7005509421939,107.758202047909,77.0137410845075,24.6509477925588,13.5269863270158,180.823013305664,181.564532470703,96.9969730377197,186.636438369751,118.373238881429,99.5222434997559,109.720167160034,137.91040802002,113.343768611099,67.1263961791992,165.471965026855,131.824405670166,126.622667459341,24.1361620688657,116.232158915202,111.478790283203,11.9603069782879,52.247371673584,36.320548410001,0,0,189.215179443359,0,0,0,177.997985839844,180.675913492839,0,172.466674804688,0,0,0,0,244.285522460938,0,0,0,0,0,113.846527099609,198.867713928223,236.160369873047,0,160.832498338487,0,0,0,173.477002657377,0,174.759745279948,0,0,179.180389404297,207.564907836914
64.2323444337773,141.260739135742,130.768340689237,88.0060072636259,61.7348269780477,12.1823945021393,10.9559501694384,59.0370295535873,23.8057779362561,91.0581806389389,28.6851395486187,91.3784174163956,19.0836045712883,112.340635980879,31.0724104862433,16.8968422899224,136.027375221252,149.120077537768,165.447781066895,167.044549325796,47.9795921146422,108.055756819876,112.720234964408,122.286396410641,77.8973072496601,107.2150293986,161.158219274584,152.964026445113,74.8036882807428,44.3920229915026,107.294434038181,135.685525894165,26.8079445728304,49.9887713412849,64.0900264601958,177.85038618608,214.961120605469,203.410234239366,107.644651258314,154.181560770671,0,174.512587590004,162.790705611066,196.94350374662,112.451903191166,175.824760668205,0,122.648669242859,0,201.989201207315,0,203.145576477051,237.623825073242,0,224.206573486328,139.525462423052,172.293568929036,141.416570663452,203.317889743381,145.539018554687,0,195.466094970703,203.385692820829,159.219590930939,187.999535637933,174.712177417896,195.102737426758,230.919845581055,187.598581487482,183.349561418806
21.2456376480695,130.819576556866,92.2087245807477,66.6534263305664,87.354392603824,115.798604218856,59.0370295535873,9.55095361402161,59.052927105121,65.3151122619059,14.453614574206,160.971428409699,47.922314776545,168.836245536804,26.9288891284205,76.0633709119714,96.2237571267521,114.369077846856,158.281029292515,143.847040699647,99.8704206943512,63.4242404218697,74.5890880695824,72.5787265264272,68.1455195185768,156.085968017578,131.895610840403,114.018924556795,24.0210437398958,47.0516347850991,18.3744077155758,0,127.083297007793,54.0949786918264,83.719349958099,158.173894708807,167.497736612956,177.001884058902,81.7518967254252,130.126509926536,0,152.098038822772,137.236869124679,172.048747343176,89.2251970902929,153.618231481435,227.991058349609,145.132312774658,217.13648223877,172.845042353091,155.549761962891,148.720831478343,227.612375895182,224.084320068359,231.767013549805,161.780172348022,143.9627866745,101.791307519983,158.667396105253,116.791887568004,0,202.481976318359,177.876860647491,130.739480968543,162.430656433105,148.511685797509,0,211.524154663086,154.993740428578,168.549466087705
30.0694973169671,139.647027492523,121.83881344126,92.1992700164382,94.3373521670961,28.2630572902913,23.8057779362561,59.052927105121,14.5936943077102,92.2173757665828,30.6585154912006,91.9772863189655,88.9672064234617,114.027733013194,15.2407796256036,37.8129882552857,135.101577758789,129.154941203623,150.541199171474,146.380176422259,93.5262969902146,101.904516809442,96.3062820180257,106.257832695982,97.0040055527018,90.4219131469727,148.792390519736,149.48093187172,87.5978747388742,30.7877175259848,88.2057990698348,155.053588867188,33.77625381416,67.7067670822144,69.9344644091605,171.170867919922,158.861004638672,187.89454298753,117.86725272595,151.019288380941,0,171.277264377527,158.673832317511,191.905694076695,117.778360632694,176.673216536238,233.102844238281,159.618569113991,208.023910522461,194.497082010905,165.151504516602,152.02668762207,216.587121582031,233.469253540039,236.168395996094,176.63063176473,171.567756652832,121.082553747929,198.599394798279,143.62842148182,0,204.950786243786,204.585482642764,155.119852429345,188.76323059082,162.103825598052,0,235.618339538574,174.228849622938,189.00127545525
72.6755212148031,63.1172333692027,121.93536491394,14.7096272552637,49.2682718524226,81.0437326933208,91.0581806389389,65.3151122619059,92.2173757665828,11.5110220745265,84.5047333780925,125.44162415485,11.7878900175885,116.828577704011,88.2695715787599,22.8892365264506,65.3420079549154,134.014431293194,147.748922075544,158.158177512033,35.9466258049011,73.5604926548647,28.7737270227655,100.683295426545,28.175840909028,99.9863569073729,151.568975348222,105.001008342216,56.015327262269,74.5226360311941,60.8219413024328,133.665062244122,129.419744454178,59.8589299875539,85.2087786906474,116.834910801479,247.287078857422,177.845769246419,40.4355798514493,109.756391698664,107.376388549805,127.254874061136,105.361540872543,147.664411332872,59.3315943009926,114.83966353844,190.331300735474,73.7492748260498,165.908201920359,152.277753194173,78.6382070688101,167.093251546224,0,185.8544921875,173.138931274414,101.37086065192,126.216156005859,122.252261570522,141.479793548584,77.7923067890824,144.901028559758,193.198269314236,177.862172196551,116.004652644313,132.188547636333,110.146652684067,179.441523234049,0,147.925877888997,152.841949462891
50.0102832803448,160.537605285645,119.822071580326,78.3465870647896,15.1705638252441,108.52368750939,28.6851395486187,14.453614574206,30.6585154912006,84.5047333780925,9.1982114306696,148.516851806641,25.6217560293262,176.831765068902,34.6134404887236,63.7919254928339,116.246008736747,150.436934916178,186.723625183105,176.776493273283,16.722361536411,96.1164330192234,109.535054483721,107.159353727453,52.9274613394476,168.134429931641,159.609478086937,137.029056902285,23.7590981218085,84.6698468723565,102.516684809818,185.64372253418,119.858741240068,73.3216090323356,87.7874819929882,157.296493530273,189.429779052734,188.994522094727,86.3993053113,56.4434728703256,217.135818481445,158.174473667145,146.598234696822,193.078247070312,104.380186641918,152.191592567845,0,71.7913477204063,0,194.396847407023,148.896270751953,145.758666992188,208.371246337891,0,0,115.66897060253,180.06742477417,163.207883834839,189.1750831604,122.06048023157,0,0,202.537049865723,145.537308034317,182.804637079654,185.066012573242,0,0,152.731781005859,185.853144327799
135.436408252251,63.2394708164951,101.125403520538,61.4519559968778,144.228235880534,65.7005509421939,91.3784174163956,160.971428409699,91.9772863189655,125.44162415485,148.516851806641,16.0922733247192,142.860268985524,19.3890456212205,92.8728045193864,94.853341738383,135.83180363973,55.4569160219223,27.6660568159733,28.9101902817345,143.301695054577,100.510214552095,106.046763591885,91.6819827481636,144.720042813209,36.4964584187723,38.3845328135129,77.7408308283834,156.719537937895,64.9573623300836,100.17938119902,27.1935083429019,63.1486817482497,93.5552944001697,33.7643124316767,217.973068237305,111.630262247721,148.191113398625,99.1592199802399,0,0,231.422012329102,199.575600760324,247.296356201172,172.268507385254,0,92.6759008608366,0,84.8945310027511,214.644866943359,0,199.716662597656,164.312844412667,102.05233042949,119.649531715795,0,200.68376159668,149.224462509155,177.744112650553,200.184139476103,67.929204305013,110.796474290931,112.677319748415,205.254130045573,211.275478363037,196.283044815063,99.2683125664206,0,183.826080322266,128.485800061907
84.0438318252563,136.716217041016,133.656617736816,72.2105910778046,21.5059662147713,107.758202047909,19.0836045712883,47.922314776545,88.9672064234617,11.7878900175885,25.6217560293262,142.860268985524,10.914490228572,175.026168823242,103.420602141308,18.978792224458,111.402486165365,186.544189453125,0,202.06223042806,16.2988808761274,124.726746877035,81.2900403340658,154.05806350708,26.2331558702498,142.016445159912,163.512326789625,161.652068001883,44.7031540719993,93.3987755581615,121.290540313721,0,122.643900437789,92.3056307705966,92.7448217066323,205.448104858398,0,0,77.6172473907471,25.0012638060252,0,103.360363769531,149.189169076773,126.692903791155,107.845355987549,75.1311748168048,156.677841186523,12.779742521687,0,226.52251180013,68.9520874023438,0,0,0,0,14.7376283216476,0,0,0,119.464887095433,0,0,0,155.339838218689,164.422175089518,187.119354248047,0,0,0,156.340672810872
163.421680450439,47.001062889158,134.468914031982,49.6987030836788,0,77.0137410845075,112.340635980879,168.836245536804,114.027733013194,116.828577704011,176.831765068902,19.3890456212205,175.026168823242,9.20392849212363,112.304199866529,159.92191619873,148.248596191406,118.489814758301,61.2029954497166,83.6748801469803,160.109029134115,129.298445129395,91.7225488294072,157.489279747009,133.791674071092,18.8915531288535,28.3857725241028,32.699915714275,166.293677435981,89.5301654555581,153.788105613307,13.4021420088405,83.4095147566362,160.017910957336,70.1832037477304,210.295440673828,102.962053316134,171.878413807262,77.0705892539319,228.521057128906,0,232.207946777344,224.584576416016,228.472305297852,163.273126445833,0,82.5767671399945,0,69.1946878026737,180.272705078125,221.292083740234,0,158.554621124268,94.0529858749525,116.654792041313,0,230.799087524414,144.918233822554,191.776028442383,179.829335705987,55.7646323662444,102.540361613612,99.0410465489167,219.280334472656,129.418746948242,181.462020874023,94.9934232247308,0,0,102.680670208401
15.9604071685457,142.147172194261,114.126232635814,88.5859423550692,99.4745712280273,24.6509477925588,31.0724104862433,26.9288891284205,15.2407796256036,88.2695715787599,34.6134404887236,92.8728045193864,103.420602141308,112.304199866529,9.15495975365114,32.7127914501234,118.017492120916,118.843032201473,145.061035780473,138.547091200732,98.7403818277212,94.4088296299032,89.0509084395176,102.089990651993,95.3252351766513,87.4330501556396,140.021249608707,146.98258478062,87.623806665219,20.3685804122919,62.2728938967994,192.494979858398,17.3683309544565,46.7933946589313,73.5521832365666,158.979526774089,163.984893798828,195.501822838416,118.885238878655,176.20142691476,233.608383178711,182.288588562012,159.816790936941,198.612154642741,113.519917591509,181.25713082247,223.787109375,153.437889099121,217.682815551758,191.083972224483,205.109527587891,133.993185679118,224.686229705811,194.932601928711,220.244018554688,190.278528849284,160.674383708409,114.177990666142,179.386477334159,142.216830312795,173.368255615234,199.267768859863,202.918995695294,153.350261393535,172.476612778961,155.39186616846,0,0,170.108913220857,183.532487182617
61.2854964733124,107.467994689941,131.381436983744,51.8482806796119,80.0879730224609,13.5269863270158,16.8968422899224,76.0633709119714,37.8129882552857,22.8892365264506,63.7919254928339,94.853341738383,18.978792224458,159.92191619873,32.7127914501234,7.42378464740668,168.724853515625,156.071469116211,0,186.87606048584,66.8447147960394,114.546936035156,76.2235717773438,127.185961209811,52.5535046693687,136.000663757324,162.397067634427,150.748281478882,81.9392880385484,25.4612226900847,91.8531260172526,0,45.1070352253161,61.1684327125549,43.2670008830535,0,0,0,64.3668568929036,105.004554748535,0,172.891942342122,162.734796142578,193.557144165039,120.327004241943,188.061945234026,0,0,0,185.603813171387,0,0,0,0,0,129.606536865234,0,107.506332397461,0,138.735016064766,0,0,0,152.194710818204,164.205200195312,150.397705078125,0,0,193.424026489258,166.456878662109
103.750150044759,71.9028680589464,94.5546086175101,90.2835159301758,0,180.823013305664,136.027375221252,96.2237571267521,135.101577758789,65.3420079549154,116.246008736747,135.83180363973,111.402486165365,148.248596191406,118.017492120916,168.724853515625,17.4592013866034,107.789732981536,156.207349777222,124.295288085938,141.670547485352,24.7269921577014,29.8322954718074,20.6510390455177,32.7147180904448,0,124.342078314887,29.8135508753032,54.0263596958193,94.7153026356417,78.8698239848562,170.19123840332,128.058071136475,72.6030422846476,77.630692003111,143.048828125,119.833077324761,124.004759096632,70.8167368355444,140.136825561523,0,204.786514282227,149.273041248322,179.882598876953,84.7297821044922,162.904235839844,206.098922729492,0,192.18684387207,149.623132069906,174.923889160156,100.810645735584,139.921367009481,0,154.118453979492,0,116.607784564678,57.2608658705087,104.843416198446,87.1646257589261,0,171.193869018555,116.140263663398,124.945740447647,148.061763218471,123.472277928066,0,0,124.791351318359,132.454129900251
100.146189697004,53.4055182139079,40.7437351379785,80.2181278410412,241.878555297852,181.564532470703,149.120077537768,114.369077846856,129.154941203623,134.014431293194,150.436934916178,55.4569160219223,186.544189453125,118.489814758301,118.843032201473,156.071469116211,107.789732981536,9.94304791626218,59.92111318147,29.464826407684,208.748245239258,60.7704249994518,105.75069325765,21.7542369503229,135.201733935963,77.5785204569499,46.7058231398727,70.5670681120403,129.209095296341,97.4792139388733,79.5927518461643,126.21970803397,159.595459938049,86.3701918650482,35.9766121754514,203.740341186523,88.6669451395671,116.337607277764,122.673443476359,0,0,227.753524780273,197.445411682129,217.831985473633,160.976270675659,206.111320495605,184.005856323242,0,179.935470581055,215.398142496745,0,151.914454868862,127.934417500215,0,158.864811947471,0,166.386174519857,119.145813465118,146.69708783439,181.176421165466,95.8997116088867,127.295168863932,120.954054976436,181.339572906494,188.949966430664,196.898636817932,144.912372589111,0,162.958351135254,154.932502053001
140.467834472656,69.683763085342,101.615713525991,77.9857732984755,0,96.9969730377197,165.447781066895,158.281029292515,150.541199171474,147.748922075544,186.723625183105,27.6660568159733,0,61.2029954497166,145.061035780473,0,156.207349777222,59.92111318147,11.0373754663487,22.924358755295,169.050140380859,116.039808761242,117.472795659846,104.945984368185,166.901242574056,51.4211075023069,34.8541612991892,86.1900358073814,166.949976994441,117.709924099713,117.48770367549,66.676860888799,99.2904144287109,107.629514386577,63.157173612377,181.535247802734,124.637733459473,155.009516034807,114.793746948242,0,0,0,222.05137125651,229.002883911133,154.257385253906,0,134.404092788696,0,106.138063845427,0,0,217.554092407227,146.377090454102,116.860497247605,125.815754283558,0,0,178.443960571289,174.50309753418,224.205001831055,83.3263529184702,118.220356011243,124.007615699928,230.678581237793,0,0,114.266196209451,0,0,128.122961680094
122.453815604838,53.0029802781375,76.5962935767186,74.4678349928422,0,186.636438369751,167.044549325796,143.847040699647,146.380176422259,158.158177512033,176.776493273283,28.9101902817345,202.06223042806,83.6748801469803,138.547091200732,186.87606048584,124.295288085938,29.464826407684,22.924358755295,12.8670971500664,228.266777038574,102.218069867036,118.294532255693,77.4616492212666,151.790780131022,54.8588168217586,34.0879664095333,81.969844899279,151.650473216223,113.152120556981,100.82265217195,92.7738511221749,164.451993306478,97.5739519621197,40.6129279663257,230.998779296875,106.760846358079,133.700789066783,108.014475080702,0,0,231.722297668457,193.037063598633,206.867156982422,188.436096191406,0,129.305863952637,0,149.877659724309,225.630716959635,0,162.387906392415,153.124264643742,128.160154454848,120.641160147531,0,181.042605082194,155.342173440116,169.466660426213,202.273110525949,93.9488260605756,117.769331396582,123.125754220145,213.938217163086,203.632942199707,199.107620239258,143.653626578195,0,0,137.554452896118
94.0457056949013,84.5869623819987,181.836402893066,78.0428094863892,15.183212191335,118.373238881429,47.9795921146422,99.8704206943512,93.5262969902146,35.9466258049011,16.722361536411,143.301695054577,16.2988808761274,160.109029134115,98.7403818277212,66.8447147960394,141.670547485352,208.748245239258,169.050140380859,228.266777038574,12.916673885711,150.083923339844,65.9039535522461,0,18.1866415466242,0,184.398687189276,184.188195546468,28.8474240175602,91.3979145043785,135.006726433249,0,126.93181174142,81.1170075245393,89.5582235859286,0,165.719741821289,0,99.2029876708984,17.1689996209919,0,161.997363408407,184.530430385045,202.680236816406,135.664128984724,160.493225097656,0,15.2582972562018,0,0,0,187.810211181641,0,0,0,17.2234507619518,162.272735595703,189.379653930664,220.572555541992,131.651642726018,0,216.031021118164,227.871376037598,161.7459848192,175.363037109375,212.529022216797,0,0,0,213.167961120605
73.260397963383,114.059053148542,63.0543285851455,81.1662750244141,163.254486083984,99.5222434997559,108.055756819876,63.4242404218697,101.904516809442,73.5604926548647,96.1164330192234,100.510214552095,124.726746877035,129.298445129395,94.4088296299032,114.546936035156,24.7269921577014,60.7704249994518,116.039808761242,102.218069867036,150.083923339844,14.6871721819871,50.8397362054322,28.2960916009031,44.4842036320613,106.23380279541,112.177839835485,81.3933707123897,22.3296937309266,47.9516887568744,27.8832238603258,145.73288269043,148.632943153381,43.273028525534,44.6207250122796,142.393642890744,139.169610977173,154.958954226586,66.9065300685908,149.626419067383,196.763801574707,185.275100708008,130.576484342592,159.206147330148,91.8350529526219,192.823534284319,203.692504882812,0,0,156.582543997929,0,106.101253999983,163.004950481912,204.606928507487,183.817727661133,0,119.479041637225,80.385018294151,120.525893766116,107.37102593447,155.169414520264,197.49145711263,147.959560984657,121.532270390549,140.308716385453,120.15388974466,0,206.084167480469,119.507853074507,128.729984938496
77.509994430542,25.8732828888358,67.9150397393011,55.7643754509058,63.3831284840902,109.720167160034,112.720234964408,74.5890880695824,96.3062820180257,28.7737270227655,109.535054483721,106.046763591885,81.2900403340658,91.7225488294072,89.0509084395176,76.2235717773438,29.8322954718074,105.75069325765,117.472795659846,118.294532255693,65.9039535522461,50.8397362054322,9.1929474922251,53.3257487235282,32.3281401770823,77.3605798163065,109.943290188199,47.4928227222945,58.7024613579662,65.9224261247575,55.8944364399241,108.973563602992,134.213050842285,52.0677637978206,77.3596959002141,105.828658447266,117.150336129325,129.766631126404,60.7248181631399,139.626508076986,0,164.822551727295,105.712585017366,147.73775100708,73.129596824646,151.756273651123,146.141082763672,115.960977554321,145.031452379729,121.604535844591,102.207443237305,70.8829382363852,162.886996269226,0,156.875204903739,133.395174893466,96.1431715735074,41.4808651155041,96.0344894550465,85.1963460540772,124.376148223877,151.670919145857,133.65236304023,101.213270026194,113.164714486258,88.6797921878775,162.031814575195,210.234405517578,103.57243270874,105.782023111979
77.3913334535578,75.8183805025541,29.6330352633041,140.627296447754,0,137.91040802002,122.286396410641,72.5787265264272,106.257832695982,100.683295426545,107.159353727453,91.6819827481636,154.05806350708,157.489279747009,102.089990651993,127.185961209811,20.6510390455177,21.7542369503229,104.945984368185,77.4616492212666,0,28.2960916009031,53.3257487235282,15.7202833068693,76.9267508226954,198.034683227539,75.9169820671577,61.1600626509153,60.7461365695031,49.9123134687299,56.1195720918843,127.927923838298,152.542510183234,66.2849871687187,47.2558231847742,173.790374755859,120.599896150477,105.712700762463,77.7727424448187,208.809326171875,0,180.221727371216,154.078544128418,186.719118754069,108.946769169399,186.597556220161,152.012296040853,0,0,173.57374705439,210.176498413086,105.567229047234,142.039811491966,188.575008392334,166.962163543701,0,121.974456471296,67.3762184826296,108.345409526546,127.34590516267,0,148.681853103638,108.642911175118,140.61947984455,161.145254347059,131.15230398103,0,242.02751159668,166.159402029855,133.296919920007
79.4522077374988,73.4676434030158,124.808440961336,42.7009701646383,16.3475675670874,113.343768611099,77.8973072496601,68.1455195185768,97.0040055527018,28.175840909028,52.9274613394476,144.720042813209,26.2331558702498,133.791674071092,95.3252351766513,52.5535046693687,32.7147180904448,135.201733935963,166.901242574056,151.790780131022,18.1866415466242,44.4842036320613,32.3281401770823,76.9267508226954,12.2238557591445,115.60758998705,146.568611883348,93.3598544733463,23.4122191475872,83.9711661170783,66.4553511516032,152.257478237152,136.310980694111,66.2572788102286,94.227806104328,128.517153990896,143.186787923177,154.183630570121,63.3999058675662,74.3520164894608,183.845565795898,140.528164179638,118.35135667514,155.907051173123,71.0052057258513,137.67604067815,200.954273768834,127.480973406536,179.078032357352,157.224010114628,109.011510512408,111.030294581822,179.318713596889,222.209060668945,219.037002563477,135.417682497125,123.657653445289,81.9134559522356,138.727150303977,100.797184294485,199.749029976981,201.245646885463,160.968957241226,118.420536598445,144.22828623241,115.202833352845,191.074445088704,197.413063049316,135.882829991783,146.262075164101
0,30.9229276203514,0,20.1879941317397,0,67.1263961791992,107.2150293986,156.085968017578,90.4219131469727,99.9863569073729,168.134429931641,36.4964584187723,142.016445159912,18.8915531288535,87.4330501556396,136.000663757324,0,77.5785204569499,51.4211075023069,54.8588168217586,0,106.23380279541,77.3605798163065,198.034683227539,115.60758998705,9.11351350277209,52.5050142588478,20.192314731825,159.628757476807,87.7306834411621,159.244129180908,58.9351626948306,74.27026954064,125.245213826497,65.9457937978929,186.489295959473,89.0678668775057,122.936948140462,79.6631031036377,0,0,0,244.873092651367,0,151.240214029948,188.654891967773,66.102622491342,169.597442626953,57.2055531670065,0,0,187.586441040039,129.607009887695,83.4599006970723,88.5782787616436,0,0,119.153691768646,0,158.434835161482,27.3690936055757,77.4722091104383,74.2648264089301,202.108947753906,90.8026657104492,159.470352172852,77.1722381425941,0,0,118.126974487305
117.003048357706,57.058585649961,32.8198770232176,64.2273620268258,199.77477722168,165.471965026855,161.158219274584,131.895610840403,148.792390519736,151.568975348222,159.609478086937,38.3845328135129,163.512326789625,28.3857725241028,140.021249608707,162.397067634427,124.342078314887,46.7058231398727,34.8541612991892,34.0879664095333,184.398687189276,112.177839835485,109.943290188199,75.9169820671577,146.568611883348,52.5050142588478,21.2218845884079,50.9022681498867,134.049608335103,125.922512247356,114.113565525721,31.904424789038,135.594891040356,131.40486907959,74.7648232692971,204.155422973633,87.9455077996929,111.482948602415,113.144754219055,0,0,213.667654037476,191.092017540565,212.190232340495,182.182675065665,212.852452596029,112.20104388257,0,106.071811257201,207.019839742909,0,159.960783681562,123.59837992986,117.202714765394,116.531852098128,0,196.195286051432,153.452347029501,152.857269554807,174.884339887042,81.6977007616134,110.095027119961,112.384275855788,184.562562730577,201.024854486639,194.907450866699,120.813464759177,156.879173278809,199.48030090332,129.597058247712
124.009844164386,31.1062373562906,28.640995869696,37.799480612349,177.355265299479,131.824405670166,152.964026445113,114.018924556795,149.48093187172,105.001008342216,137.029056902285,77.7408308283834,161.652068001883,32.699915714275,146.98258478062,150.748281478882,29.8135508753032,70.5670681120403,86.1900358073814,81.969844899279,184.188195546468,81.3933707123897,47.4928227222945,61.1600626509153,93.3598544733463,20.192314731825,50.9022681498867,17.8591333563666,90.3784374896236,129.258747814041,109.981707587935,36.6598172858322,143.533473040607,109.641268617967,75.660735868148,179.213979187012,79.4836528363691,102.445907473198,80.2067874233897,173.367614746094,0,200.616980980183,163.685132184819,197.073682103838,166.532532283238,190.559687647326,124.973339782571,175.791493733724,112.632157951655,193.574574788411,191.935111999512,116.086650803053,119.268927629155,123.282988803291,119.489624185431,209.782997131348,142.110567547026,74.2032309983762,112.220286441152,142.901621240484,83.8189726142244,111.235248364698,104.047615294776,157.646487565068,192.080318277532,162.611597668041,122.058257230528,196.523536682129,164.223898494945,126.090847416479
67.1072740256164,118.313286319856,91.3418233637224,57.7967864756465,15.0961966111264,126.622667459341,74.8036882807428,24.0210437398958,87.5978747388742,56.015327262269,23.7590981218085,156.719537937895,44.7031540719993,166.293677435981,87.623806665219,81.9392880385484,54.0263596958193,129.209095296341,166.949976994441,151.650473216223,28.8474240175602,22.3296937309266,58.7024613579662,60.7461365695031,23.4122191475872,159.628757476807,134.049608335103,90.3784374896236,11.8214563447654,68.9330171950911,47.3349498685159,166.254765828451,134.843240155114,57.841847548254,75.1516802874137,140.611159854465,141.560063171387,166.547126558092,77.5367653710502,32.0274647945187,199.193155924479,143.675242225446,125.264265560096,159.453405643695,83.0114993583865,144.791496492939,220.497058868408,125.967922386756,226.851821899414,162.426121500741,137.374606323242,125.415109073415,187.075371704102,226.759857177734,211.907279968262,132.971191057792,137.878103758159,97.6114052727109,150.890498287463,105.486618815997,210.373641967773,198.510158061981,167.802438278829,125.680104788648,153.30418841317,127.979930134381,233.320449829102,203.701694488525,136.024061063441,155.114299405006
13.2485857650714,110.118070220947,105.423246287981,84.1442054357284,96.0388449859619,24.1361620688657,44.3920229915026,47.0516347850991,30.7877175259848,74.5226360311941,84.6698468723565,64.9573623300836,93.3987755581615,89.5301654555581,20.3685804122919,25.4612226900847,94.7153026356417,97.4792139388733,117.709924099713,113.152120556981,91.3979145043785,47.9516887568744,65.9224261247575,49.9123134687299,83.9711661170783,87.7306834411621,125.922512247356,129.258747814041,68.9330171950911,8.92248139708025,23.2091936212344,101.551601591564,12.0060032348447,16.1337996339326,41.9547690969407,149.00062713623,171.056495666504,183.924102783203,104.917006119438,154.14432864719,224.584945678711,172.127569198608,149.866492301795,190.632084350586,100.421058711721,180.297884427584,179.661544799805,177.412661743164,202.670257568359,170.929065010764,196.017364501953,127.553394176342,174.868587493896,0,185.490894317627,177.175962175642,130.381614373655,92.0020460541715,158.375879075792,131.006818656103,84.1345367431641,196.005712191264,180.315593528748,142.518427665127,160.367564314503,129.978669045188,115.378639221191,0,139.590248556698,160.612853731428
21.4381425254497,112.199482566432,73.4749200743021,81.7561289469401,126.750076293945,116.232158915202,107.294434038181,18.3744077155758,88.2057990698348,60.8219413024328,102.516684809818,100.17938119902,121.290540313721,153.788105613307,62.2728938967994,91.8531260172526,78.8698239848562,79.5927518461643,117.48770367549,100.82265217195,135.006726433249,27.8832238603258,55.8944364399241,56.1195720918843,66.4553511516032,159.244129180908,114.113565525721,109.981707587935,47.3349498685159,23.2091936212344,11.0514790581905,128.715802873884,123.695115566254,29.1708216126868,40.5842999387195,138.040310777937,155.637992858887,166.875781919898,71.4289497157506,147.914154052734,198.414451599121,156.327204103823,129.578272090936,164.738516736386,79.6756158163381,188.14563369751,183.78971862793,154.920684814453,215.394081115723,160.14559333269,156.025400797526,105.418685354035,169.473267499138,219.679931640625,202.115999009874,187.820526123047,123.594185648975,82.8371012422227,129.412328060978,112.639315900065,0,186.071397261186,164.103170278121,120.569002768055,144.816501953441,122.615259225844,0,201.624397277832,124.459949381211,140.510472337739
160.057779947917,67.0614368037174,165.517913818359,80.239757206129,0,111.478790283203,135.685525894165,0,155.053588867188,133.665062244122,185.64372253418,27.1935083429019,0,13.4021420088405,192.494979858398,0,170.19123840332,126.21970803397,66.676860888799,92.7738511221749,0,145.73288269043,108.973563602992,127.927923838298,152.257478237152,58.9351626948306,31.904424789038,36.6598172858322,166.254765828451,101.551601591564,128.715802873884,8.63679211274457,105.593684387207,0,86.6717022149138,0,125.103168063694,166.507331848145,122.725260053362,0,0,222.535308837891,0,0,192.486587524414,0,108.129288531364,0,98.8762804916482,0,0,190.181770324707,162.570467631022,113.764300346375,117.83538382394,0,0,165.107814243862,0,186.738774617513,81.4522758830677,115.42938875095,118.135347521944,236.196792602539,190.330978393555,202.923156738281,113.020659371708,0,222.610260009766,124.495635477702
91.6063011169434,105.84331258138,178.765907287598,121.85235526345,133.249075456099,11.9603069782879,26.8079445728304,127.083297007793,33.77625381416,129.419744454178,119.858741240068,63.1486817482497,122.643900437789,83.4095147566362,17.3683309544565,45.1070352253161,128.058071136475,159.595459938049,99.2904144287109,164.451993306478,126.93181174142,148.632943153381,134.213050842285,152.542510183234,136.310980694111,74.27026954064,135.594891040356,143.533473040607,134.843240155114,12.0060032348447,123.695115566254,105.593684387207,7.01097863843829,74.1570434570312,40.6081908007463,196.875534057617,0,0,153.121053695679,0,0,210.0337890625,188.023112487793,214.452644348145,145.201097869873,211.93010559082,0,0,153.861801147461,222.58928527832,0,170.733749389648,236.307281494141,0,241.064666748047,0,0,146.261363983154,0,175.597369756454,0,194.754035949707,183.589075724284,181.950662092729,192.273622785296,189.66477302883,133.601440429688,0,189.646209716797,160.660591125488
42.5465941031774,127.877534484863,102.646978505452,75.554053068161,77.4429672642758,52.247371673584,49.9887713412849,54.0949786918264,67.7067670822144,59.8589299875539,73.3216090323356,93.5552944001697,92.3056307705966,160.017910957336,46.7933946589313,61.1684327125549,72.6030422846476,86.3701918650482,107.629514386577,97.5739519621197,81.1170075245393,43.273028525534,52.0677637978206,66.2849871687187,66.2572788102286,125.245213826497,131.40486907959,109.641268617967,57.841847548254,16.1337996339326,29.1708216126868,0,74.1570434570312,8.76300718174211,22.4060204021029,138.643491363525,162.016647338867,153.921844482422,82.7896287706163,110.54655456543,0,168.693929036458,138.052907789076,159.54602355957,88.825001001358,160.611829121908,0,135.746017456055,199.133270263672,170.533555167062,0,94.999474174098,169.502723693848,0,194.972549438477,180.597442626953,106.141099838983,76.5876893543062,130.558849334717,118.325647656671,0,203.398495144314,180.938650131226,130.491874549502,151.126363542345,117.212871337205,0,0,124.262844085693,120.382654462542
95.3647514922278,62.9251140324415,64.0392679550487,88.4242206666528,99.7353702121311,36.320548410001,64.0900264601958,83.719349958099,69.9344644091605,85.2087786906474,87.7874819929882,33.7643124316767,92.7448217066323,70.1832037477304,73.5521832365666,43.2670008830535,77.630692003111,35.9766121754514,63.157173612377,40.6129279663257,89.5582235859286,44.6207250122796,77.3596959002141,47.2558231847742,94.227806104328,65.9457937978929,74.7648232692971,75.660735868148,75.1516802874137,41.9547690969407,40.5842999387195,86.6717022149138,40.6081908007463,22.4060204021029,12.0289541041457,170.247648239136,107.885424114409,133.37060991923,91.1253634861537,110.878520202637,0,177.026227510892,159.250352260045,198.445979725231,117.610916137695,187.039171854655,142.089286804199,194.640609741211,145.377398173014,177.417275746663,168.12646484375,114.326474938026,154.204219818115,136.714659298168,128.752463491339,189.998199462891,128.255429371294,95.6038739368169,122.233891255928,136.166006592498,118.705837543194,132.483635542128,129.522454899725,149.360760787438,176.291085494192,137.160952925682,145.054755210876,0,172.488185882568,148.619220060461
160.387023925781,0,171.006761823382,100.982009887695,0,0,177.85038618608,158.173894708807,171.170867919922,116.834910801479,157.296493530273,217.973068237305,205.448104858398,210.295440673828,158.979526774089,0,143.048828125,203.740341186523,181.535247802734,230.998779296875,0,142.393642890744,105.828658447266,173.790374755859,128.517153990896,186.489295959473,204.155422973633,179.213979187012,140.611159854465,149.00062713623,138.040310777937,0,196.875534057617,138.643491363525,170.247648239136,13.7798629243238,151.475273132324,124.369863256708,81.6251204354422,96.6000137329102,100.932999861868,91.5478368646958,33.6731780976184,52.865840785367,72.3816862884833,67.2286580057427,136.739805597747,133.486743927002,140.309445307805,20.9562902309001,151.900947570801,100.598488277859,112.865496088834,137.307797709309,122.958987535432,108.785717789008,78.5012063862365,74.284890405063,104.302514009697,83.6976357593871,149.127830505371,137.541585578658,140.857756695624,88.3765201129572,21.5323135426907,23.7665948109736,159.786914643787,105.869574383992,63.8643417035119,81.7602612108122
0,51.7795865912186,76.5113679885864,64.5014839172363,0,0,214.961120605469,167.497736612956,158.861004638672,247.287078857422,189.429779052734,111.630262247721,0,102.962053316134,163.984893798828,0,119.833077324761,88.6669451395671,124.637733459473,106.760846358079,165.719741821289,139.169610977173,117.150336129325,120.599896150477,143.186787923177,89.0678668775057,87.9455077996929,79.4836528363691,141.560063171387,171.056495666504,155.637992858887,125.103168063694,0,162.016647338867,107.885424114409,151.475273132324,8.23027467891579,69.5652882712228,14.925697084487,0,0,149.885055541992,149.817710876465,164.42996106829,75.9257771691611,162.024467468262,66.1818354624622,116.063636779785,57.0036521327739,167.828507232666,106.272576071999,64.4454344983371,61.427632359096,71.9212098693848,69.6356960389672,0,109.439732551575,34.1128554537203,85.8994923153439,73.9526492639915,21.7379880847794,60.6905493595645,37.9931308000249,121.435817718506,142.169486575656,123.772330357478,73.8700190151439,91.5602722167969,0,73.9576463222504
