8.87440787058174,113.118724060059,72.5019818052617,63.631906734543,54.2000612878874,78.9861596555126,33.8486877504213,22.9419684250937,20.2188579560122,59.7797380938204,37.4958092125534,134.444046020508,40.1031438674171,144.090408325195,11.7355368029598,29.5082661932614,72.5198993682861,102.522743225098,138.469505310059,132.253660987405,48.6154827969171,72.3038485983144,63.0314215799243,61.7236388503321,53.7517572353819,0,114.655511206323,117.642248254073,55.4642468556125,13.500746967132,31.1085266149694,0,78.2534385827871,29.2221427215509,54.8355527693225,136.221499633789,0,145.081835428874,74.6455343439338,94.4447441101074,174.638946533203,154.617279052734,124.114445433325,157.765601916191,87.1441487206353,145.873599712665,0,144.219487508138,0,157.13157043457,142.737297058105,124.516616821289,0,0,0,147.450525919596,0,83.4980862935384,129.418253580729,119.144147210372,0,0,158.046371459961,122.556872999812,157.298734876845,132.683636665344,0,180.768676757812,139.710039138794,153.527009261282
113.118724060059,5.91622086704677,32.7753577846112,7.86601565585867,0,0,0,103.730285644531,0,58.2163605761172,0,65.795567204402,0,55.3999336644223,0,0,58.7351796206306,51.6065582214719,77.3209338188171,62.1618246130041,0,80.151988289573,26.7067893124189,58.9605978362414,59.1952205657959,16.6302597868058,42.3763847250511,25.7176489415905,83.2037200927734,167.992660522461,82.5739074283176,59.7405792654377,0,0,61.4026661437491,114.539016723633,21.6083035204146,52.7104041940473,20.7211370997959,0,0,0,103.193405151367,0,92.5530548095703,0,103.537567138672,0,0,0,0,90.1369881263146,75.2986216911903,111.373416900635,90.7506659371512,0,93.5987919398716,106.312115987142,80.0380261739095,106.150279998779,78.5073623657227,66.7117599175901,55.4707910262026,96.0560417175293,0,81.2503347396851,0,0,0,68.1461912790934
72.5019818052617,32.7753577846112,11.1035280241409,33.4972252295889,0,0,0,80.8019833564758,99.4170684814453,67.4776965550014,0,76.865827717067,0,78.0835342407227,86.1670227050781,0,61.8552312850952,41.6731502723617,76.8975684250457,64.1360145909897,0,48.45883934197,34.2265922940535,19.9609896394592,98.5567443847656,73.0386581420898,22.7284829169004,30.9455897312278,46.3834770386975,67.6487320930727,48.8679977107833,105.815256391253,85.3289031982422,74.168083190918,42.0320332836639,143.488701956613,70.9304270493357,80.6853785349615,55.2413589926327,0,0,0,140.85507436899,175.504760742188,170.363357543945,0,124.24010685512,127.882621765137,127.836929321289,168.976058959961,0,111.821820006079,97.71558749717,133.536370849609,111.083761908791,0,105.745051278008,88.7635407167323,90.8118796663236,131.543113708496,134.140022277832,91.0920071452856,83.7570187733731,117.773448458585,100.689193725586,111.083614518907,0,0,0,96.3008028113324
63.631906734543,7.86601565585867,33.4972252295889,48.3235362602186,78.0747371766625,110.655380249023,93.1760073952053,52.3518307551918,92.2961048762004,13.0034877849122,81.6682324939304,73.0283620357513,57.7888952184606,51.9563626289368,81.5373764590941,44.3109029134115,40.9908509491885,52.1880734819093,85.1006927490234,57.6028784915229,78.1723876432939,48.8629411607479,36.8831523798157,46.7780485684423,42.8627433738188,11.0290715029311,41.7637312217131,32.7204378357959,48.0949787459609,69.1835894504611,48.051534105074,52.8995860706676,108.794292449951,56.6474766067312,55.700161193028,75.1285629272461,79.4981155395508,55.4214289378535,19.2676074995217,0,0,108.213495254517,84.994941329956,115.818689982096,14.037956468175,111.464475359235,84.4116439819336,102.160949707031,0,111.560880661011,0,65.5372206370036,79.5171121450571,0,110.557481129964,138.065181732178,67.4036612077193,13.2582456375423,61.9338670458112,78.1999556937914,0,75.8718628976859,63.897234930119,61.5772830042346,103.425321578979,80.5391251136517,0,0,66.455054473877,68.2102196734885
54.2000612878874,0,0,78.0747371766625,10.8538569196736,113.061274210612,59.2873601852241,48.2953949864047,65.0040658180466,66.0099063200109,29.2284334277529,0,29.8020211034487,0,80.8986905611478,74.3877269603588,0,153.348411560059,0,0,14.1436406328452,101.65355682373,92.061585744222,0,24.239383661333,0,0,117.361919403076,13.9553765100133,84.8082923181096,84.5695349953391,0,127.59125328064,75.6133407713875,87.9270384415336,80.4343457903181,0,0,95.8152351379395,11.9024685413434,0,62.4706233342489,121.411353519985,98.9627375602722,102.710535430908,51.8288031305586,0,18.1921557814388,0,95.3540975130521,95.5297050476074,106.767189025879,0,0,0,11.6625203847567,0,0,0,45.0436726747415,0,176.756271362305,0,29.2677662953809,91.2066129796645,104.119651794434,0,128.705429077148,86.4017105102539,88.4986686706543
78.9861596555126,0,0,110.655380249023,113.061274210612,7.73740541510807,14.8563294247623,101.688565063477,19.9830070279452,81.1530303955078,112.389029184977,64.9397554899517,107.493174235026,75.1563362121582,29.2110507699974,13.2053988439321,0,0,0,85.1483840942383,115.388530186244,105.408732096354,104.564894936301,117.270957946777,111.703248977661,82.338903427124,102.574264526367,110.926795959473,119.499760835067,24.8808696192244,0,102.770545959473,9.12189474641279,56.9073379516602,35.6604415026578,0,0,0,0,0,0,192.281066894531,0,0,93.2293701171875,0,119.373657226562,0,97.8875579833984,0,0,0,0,0,0,0,0,0,0,0,0,0,0,0,0,0,0,0,0,0
33.8486877504213,0,0,93.1760073952053,59.2873601852241,14.8563294247623,8.35883742876876,48.5126846243245,16.0915793774264,52.9738914765507,17.3807783684597,65.3727817902198,16.8295087379517,72.3314781188965,25.2288581828892,15.2385439644689,123.800877888997,119.824981689453,0,78.3955001831055,39.8359883167342,96.5719604492188,96.7231189303928,114.784428914388,59.0465286374092,75.9712356567383,94.0949926376343,101.065347035726,77.825616637991,27.2922439180953,79.8363821847098,96.4392425537109,16.851318787737,50.3919617592751,36.4955423419932,174.864242553711,0,0,109.913922991071,61.729242960612,0,0,164.404083251953,0,142.358310699463,0,0,76.8488489786784,0,229.544418334961,0,0,218.229736328125,0,0,0,0,0,0,146.394090440538,0,0,0,164.113084411621,0,0,0,0,0,0
22.9419684250937,103.730285644531,80.8019833564758,52.3518307551918,48.2953949864047,101.688565063477,48.5126846243245,10.6903979978048,45.6915969623651,50.5183340805333,14.7763413915799,136.416275024414,41.9457939814007,0,12.9652337988816,47.9135824014212,97.9899724324544,82.6317329406738,0,0,44.9371846450929,83.9762165546417,63.2731094673032,76.9319999694824,45.1179950639458,0,123.086298624674,108.011203342014,21.0624418517037,28.2772550592538,18.3164823333612,0,91.5595718383789,40.5700484236362,51.8299993004597,138.82614440918,0,137.397323608398,67.1379203422397,107.384612321854,153.434692382812,146.552601405552,116.476618818803,151.123401532854,82.4783226013184,133.414763471815,0,138.49375970023,0,153.836552670127,137.87334950765,148.796785354614,0,0,0,155.169498697917,164.161285400391,68.6520805358887,181.38215637207,107.715056657791,0,202.953842163086,0,120.24026210012,147.611208135431,127.287072181702,0,178.785995483398,135.80883026123,147.317804972331
20.2188579560122,0,99.4170684814453,92.2961048762004,65.0040658180466,19.9830070279452,16.0915793774264,45.6915969623651,10.4745419910044,69.3397323744638,24.4915450682825,71.0687630112107,34.8161471442948,78.9812918901443,14.8901721005538,26.2559038933287,110.310173034668,80.2596206665039,92.8985252380371,151.831192016602,46.007169185921,103.750332641602,89.6742784269563,102.192030770438,66.8989366132591,75.8357162475586,103.37689336141,115.115357971191,84.6564483490396,26.3412566025757,69.7272398033921,109.479068756104,13.5774224969252,43.4578120780714,38.3110251235395,153.817138671875,0,0,97.1727453867594,106.807189941406,0,185.481094360352,159.726987838745,188.308532714844,104.732260386149,170.00693359375,0,158.402740478516,0,176.859976632254,0,152.320510864258,0,0,0,0,0,122.106994628906,145.151306152344,137.77214050293,0,0,0,151.961680603027,170.138036092122,148.107223510742,0,0,0,161.247718811035
59.7797380938204,58.2163605761172,67.4776965550014,13.0034877849122,66.0099063200109,81.1530303955078,52.9738914765507,50.5183340805333,69.3397323744638,8.28067919695071,71.8622701186542,111.058418273926,11.6602272865643,114.640686035156,81.3090709686279,18.5223015945171,54.700835943222,0,0,104.290115356445,59.5002029682028,72.6671465555827,19.155899702266,68.5963706970215,20.6771544656635,83.1639427185059,115.855413818359,96.0947440862656,48.030271246841,74.5692861647833,47.1074311335882,119.524978637695,110.983421325684,68.121639251709,61.2132681110237,0,0,0,56.913062776838,91.5297718048096,0,134.106536865234,97.0717046637284,150.009002685547,53.562635242939,115.310031010554,0,116.95698928833,0,157.648160298665,114.275009155273,0,0,0,0,162.660026550293,0,60.6640815734863,0,71.2517615089301,0,212.910858154297,133.505172729492,90.3894382599861,143.8996925354,178.512588500977,0,0,0,140.629821777344
37.4958092125534,0,0,81.6682324939304,29.2284334277529,112.389029184977,17.3807783684597,14.7763413915799,24.4915450682825,71.8622701186542,10.0994524090161,133.682434082031,26.6626628208019,0,36.7909364069727,53.7226081368519,123.794342041016,0,0,0,23.265007286241,129.481029510498,97.346675491333,122.10856628418,47.2285204086304,0,147.007751464844,0,21.7296137304843,85.5334807392136,64.9479591145235,0,111.148427963257,69.6393893965139,82.9463829585484,0,0,0,95.7925758361816,57.9486574285171,0,0,129.216074625651,191.421051025391,80.9021701812744,161.387783813477,0,116.884315490723,0,148.903366088867,0,0,0,0,0,166.330459594727,0,0,0,129.513541564941,0,0,0,152.288069588797,164.26969909668,0,0,0,0,0
134.444046020508,65.795567204402,76.865827717067,73.0283620357513,0,64.9397554899517,65.3727817902198,136.416275024414,71.0687630112107,111.058418273926,133.682434082031,11.3330978093016,128.955959320068,21.3466416530389,69.776099567682,81.2200088500977,125.371063232422,48.4338304670826,15.6790714893674,21.4503621867626,0,105.993054950048,105.070720085731,93.7709131729908,137.920373916626,28.7904039112828,23.9240701384489,61.2445180779261,126.792582103184,51.9671579054844,104.232017165865,36.9913650202762,58.8762251201429,139.458587646484,37.5678937672925,236.262481689453,115.280524117606,132.278681755066,96.5104084014893,0,113.906227111816,110.763698577881,0,121.981414794922,0,0,69.3393039733501,0,65.1267845207918,134.954322814941,0,0,134.360485076904,92.3965974171956,101.779925755092,0,176.523696899414,125.341495513916,149.20499420166,0,76.6153672536214,90.8621725260918,103.861603642853,179.24967956543,99.4072036743164,174.379535675049,89.0144268035889,95.6029891967773,0,105.702047011432
40.1031438674171,0,0,57.7888952184606,29.8020211034487,107.493174235026,16.8295087379517,41.9457939814007,34.8161471442948,11.6602272865643,26.6626628208019,128.955959320068,8.67945745363603,0,48.1838899527595,17.7440936579484,145.293075561523,0,0,0,15.5555060284564,134.862808227539,107.335075759888,195.320510864258,29.746721801996,0,0,0,52.6367609393489,79.1649619831758,69.2517738342285,0,104.728062022816,68.5593027185511,81.9793688456217,0,0,0,93.8718479701451,43.0004613630233,0,31.5696679069882,117.240979512533,103.64680480957,59.6034762064616,32.2758594374583,220.636566162109,15.4905497200867,0,137.480422973633,53.0964584350586,0,0,0,0,14.346258726361,0,0,0,81.1453293510105,0,0,0,97.7673950195312,142.025737762451,102.451026916504,0,0,97.458812713623,97.4143600463867
144.090408325195,55.3999336644223,78.0835342407227,51.9563626289368,0,75.1563362121582,72.3314781188965,0,78.9812918901443,114.640686035156,0,21.3466416530389,0,7.49081241724169,89.1548007618297,0,99.2884140014648,59.8305536905924,58.2167426745097,64.4959499359131,0,137.173947652181,100.680304677863,105.833267211914,0,18.5529131617298,26.531358262767,24.9895601105212,146.129892985026,64.4231468439102,113.923946380615,13.1015116147931,74.9561360099099,0,49.2463570060618,0,117.551250457764,120.887278238932,34.9066314697266,0,110.995918273926,118.749084472656,0,124.527342902289,0,0,65.4871591948302,0,58.1794553242926,110.790563583374,0,0,119.405250549316,86.7885437011719,87.2635078430176,0,156.081192016602,111.300013950893,142.947570800781,0,56.2714004516602,92.4244467417399,108.507270149563,0,103.930700302124,0,91.6735956699033,130.804290771484,0,90.9800608017865
11.7355368029598,0,86.1670227050781,81.5373764590941,80.8986905611478,29.2110507699974,25.2288581828892,12.9652337988816,14.8901721005538,81.3090709686279,36.7909364069727,69.776099567682,48.1838899527595,89.1548007618297,7.96108970611155,26.5724442993722,87.4323822021484,0,93.3972686767578,118.665603637695,67.5406361098003,95.9019921620687,84.428031570033,95.2636914934431,73.9742396747659,77.8998603820801,117.548792521159,117.312943776449,89.7653898681913,15.7414812036822,35.5628357457392,102.159473419189,12.6263318451318,23.488663323376,36.5573083647531,0,0,0,101.256634105336,122.567649841309,0,193.365071614583,168.07980855306,179.682683308919,105.267822265625,161.331878662109,0,0,0,157.867767333984,0,172.900444030762,0,0,0,0,139.645248413086,88.276725769043,0,133.802225494385,0,0,173.080154418945,146.921107610067,164.530433654785,153.544616699219,0,0,154.206970214844,0
29.5082661932614,0,0,44.3109029134115,74.3877269603588,13.2053988439321,15.2385439644689,47.9135824014212,26.2559038933287,18.5223015945171,53.7226081368519,81.2200088500977,17.7440936579484,0,26.5724442993722,6.86824870153043,0,136.423004150391,0,0,64.793918568155,0,84.7707020441691,0,46.2877098514188,0,0,0,76.9112070295546,32.2620392875804,56.354193687439,0,28.569941534123,28.6051270961761,31.037964112418,0,0,0,87.4363327026367,94.2533645629883,0,0,0,0,65.482858022054,159.935211181641,0,0,0,0,0,0,0,0,0,0,0,0,0,83.7467355728149,0,0,0,0,0,0,0,0,0,0
72.5198993682861,58.7351796206306,61.8552312850952,40.9908509491885,0,0,123.800877888997,97.9899724324544,110.310173034668,54.700835943222,123.794342041016,125.371063232422,145.293075561523,99.2884140014648,87.4323822021484,0,11.1324238787927,91.665042695545,0,131.638769967215,126.85383605957,13.6571855088398,32.1255354187453,15.094738219484,21.9769296914699,95.8885975887901,105.623403549194,26.4659400695517,26.6318985234343,66.0797404536494,55.1610593599547,125.450691223145,0,61.1848764038086,61.4309464461512,0,0,98.1464299740999,67.848295099595,0,0,0,130.317642211914,166.114807128906,0,0,0,0,0,124.17113494873,0,100.042319789077,138.709075927734,0,172.052322387695,0,105.847742716471,59.1325917695698,88.3354608670547,126.595591227214,0,140.94416809082,107.898143474872,101.799402872721,0,100.978721618652,0,0,0,109.080251994886
102.522743225098,51.6065582214719,41.6731502723617,52.1880734819093,153.348411560059,0,119.824981689453,82.6317329406738,80.2596206665039,0,0,48.4338304670826,0,59.8305536905924,0,136.423004150391,91.665042695545,8.12784664774641,57.9577719271183,21.09184524474,0,48.8844453520393,65.4657177691693,13.6369297905241,120.926330566406,68.3137108939035,25.5667395183845,57.2059979406848,106.886763466729,86.6921136038644,67.5182869599244,93.498556137085,85.6343688964844,121.421401977539,30.9438155301198,195.820556640625,89.6549131459203,97.7739896559177,84.9289125714983,0,196.829177856445,0,171.757558186849,169.035598754883,0,0,129.923046112061,0,176.131973266602,168.440093994141,0,144.479820251465,113.355754166198,132.767099380493,112.209314770169,0,135.634141921997,119.02886505127,115.182783353127,165.736089070638,125.922757466634,99.3909736585518,99.0574512323008,145.340934276581,142.300857543945,143.63510686701,0,0,0,115.050556945801
138.469505310059,77.3209338188171,76.8975684250457,85.1006927490234,0,0,0,0,92.8985252380371,0,0,15.6790714893674,0,58.2167426745097,93.3972686767578,0,0,57.9577719271183,6.21607319172255,13.4717377071123,0,115.721925735474,116.114544677734,104.42873234219,0,41.3551180362701,20.0196596811219,56.710721236695,139.201866149902,87.3974990844727,116.305406397039,46.1122801272354,96.3573104858398,0,58.3190934715849,0,142.137585957845,183.762130737305,130.733723449707,0,0,0,0,0,185.737640380859,0,87.3618158612933,0,88.5629191398621,130.199951171875,0,0,139.264137268066,100.230071476528,103.055016004122,0,210.344604492188,0,0,0,97.8575372695923,95.2662320615634,106.709749327766,187.549911499023,0,0,97.7308132648468,0,0,137.858361138238
132.253660987405,62.1618246130041,64.1360145909897,57.6028784915229,0,85.1483840942383,78.3955001831055,0,151.831192016602,104.290115356445,0,21.4503621867626,0,64.4959499359131,118.665603637695,0,131.638769967215,21.09184524474,13.4717377071123,8.88806869855154,0,90.9595440190013,100.109222813656,51.1188420104265,159.358535766602,47.1650395579152,24.5850367920205,59.502950280743,131.675639088949,107.65620880127,99.6504716275498,61.4115765889486,79.0434951782227,0,44.2180451250512,0,115.667286682129,118.809429789698,112.133563995361,0,0,0,0,0,181.691253662109,0,92.403074202999,0,96.8372441609701,0,0,165.627292633057,116.245535897737,102.595555915207,105.066317799327,0,177.006004333496,176.966148376465,140.612461090088,162.921920776367,102.449494448575,96.7559614045667,100.970974323755,163.47583770752,0,170.439685821533,98.7046669006348,0,0,121.178436415536
48.6154827969171,0,0,78.1723876432939,14.1436406328452,115.388530186244,39.8359883167342,44.9371846450929,46.007169185921,59.5002029682028,23.265007286241,0,15.5555060284564,0,67.5406361098003,64.793918568155,126.85383605957,0,0,0,13.6631831869715,0,101.205376625061,137.865219116211,20.0703961028769,0,0,0,26.7820458463888,82.8824238615911,74.6007712227958,0,128.825500488281,70.9224510192871,79.0463363647461,0,0,0,98.2162551879883,17.2804966635174,0,142.261993408203,0,0,89.4671783447266,0,0,4.45041828217178,0,0,0,0,0,0,0,0,0,0,0,126.269467671712,0,0,0,148.699638366699,169.562637329102,120.885864257812,0,0,0,0
72.3038485983144,80.151988289573,48.45883934197,48.8629411607479,101.65355682373,105.408732096354,96.5719604492188,83.9762165546417,103.750332641602,72.6671465555827,129.481029510498,105.993054950048,134.862808227539,137.173947652181,95.9019921620687,0,13.6571855088398,48.8844453520393,115.721925735474,90.9595440190013,0,9.6054904301782,41.8475842342006,18.4113736786357,14.5209870722387,116.480842590332,91.0437982626978,42.9220202394045,18.6421536234314,76.2782056941543,21.6458768179156,154.164123535156,113.545024871826,60.3681822003059,40.6251201207845,113.255414326986,0,125.848633807638,55.4230150906545,157.265106201172,0,0,108.811948776245,147.872505187988,128.633293151855,148.364505222866,0,158.931747436523,0,131.316604614258,0,110.135820949779,142.000672340393,0,197.627578735352,150.459396362305,104.803186243231,57.6737371341203,95.8246381179146,111.7505469689,193.353561401367,153.525394984654,140.834591184344,104.87252869898,112.672889709473,100.255716807807,0,0,106.790200805664,106.18098112253
63.0314215799243,26.7067893124189,34.2265922940535,36.8831523798157,92.061585744222,104.564894936301,96.7231189303928,63.2731094673032,89.6742784269563,19.155899702266,97.346675491333,105.070720085731,107.335075759888,100.680304677863,84.428031570033,84.7707020441691,32.1255354187453,65.4657177691693,116.114544677734,100.109222813656,101.205376625061,41.8475842342006,9.52989857180946,40.4270839768101,20.9087844620472,69.0601213565771,99.2469058287771,32.2221883748296,49.578156069205,66.6991639226563,49.7715522317547,103.929572550456,113.327764511108,56.6472225189209,52.9954668108686,86.0137977600098,0,87.906042296311,13.0977224552113,125.695159912109,0,131.535934448242,86.3041859676963,100.083123343331,9.34660239319701,138.99917755127,0,71.1843109130859,0,115.536929321289,0,66.7159520199424,125.846874237061,152.602920532227,0,0,73.5505021413167,11.2542155302804,68.1394784346871,80.5244200196985,159.109252929688,125.92947769165,93.0942647833573,73.5522879742561,109.035283406576,64.3753128051758,0,0,72.3316583633423,82.0133765725528
61.7236388503321,58.9605978362414,19.9609896394592,46.7780485684423,0,117.270957946777,114.784428914388,76.9319999694824,102.192030770438,68.5963706970215,122.10856628418,93.7709131729908,195.320510864258,105.833267211914,95.2636914934431,0,15.094738219484,13.6369297905241,104.42873234219,51.1188420104265,137.865219116211,18.4113736786357,40.4270839768101,10.4717380497385,25.0698341670102,109.787110464914,72.7492687932907,33.7523420259174,29.788470968216,77.7613419294357,42.5208443648943,127.401563371931,154.437606811523,70.6569382951066,36.2670122803383,124.09782409668,104.3996925354,95.9632561570507,62.4740779059274,0,0,0,122.273685455322,179.275817871094,107.546447753906,150.693099975586,0,0,0,132.853870391846,0,95.1531105041504,127.457331180573,165.56010945638,139.655669472434,0,97.2565428945753,55.4227880022743,87.9207504809802,121.750772476196,0,121.604853363037,97.3308696937561,112.427077520461,180.828681945801,100.287460072835,0,0,95.826774597168,103.607098921989
53.7517572353819,59.1952205657959,98.5567443847656,42.8627433738188,24.239383661333,111.703248977661,59.0465286374092,45.1179950639458,66.8989366132591,20.6771544656635,47.2285204086304,137.920373916626,29.746721801996,0,73.9742396747659,46.2877098514188,21.9769296914699,120.926330566406,0,159.358535766602,20.0703961028769,14.5209870722387,20.9087844620472,25.0698341670102,10.5255253392003,111.53483581543,127.295749664307,68.2437590010026,18.9051675636558,74.5018749624784,51.5708575439453,0,108.003732161088,63.2617197218974,62.6494670793848,137.710292053223,0,160.838012695312,64.9957904409855,78.4362310886383,0,145.55579439799,113.086555739581,155.553686443128,70.7464396005654,134.017495406301,0,79.8954057991505,0,163.342670093883,136.246376037598,128.104501724243,174.091033935547,136.272521972656,0,138.974139820446,0,60.1928394317627,147.757999420166,86.2374964493691,0,0,165.179458618164,116.677238191877,162.072675531561,105.180838267008,0,0,138.129723548889,141.733720779419
0,16.6302597868058,73.0386581420898,11.0290715029311,0,82.338903427124,75.9712356567383,0,75.8357162475586,83.1639427185059,0,28.7904039112828,0,18.5529131617298,77.8998603820801,0,95.8885975887901,68.3137108939035,41.3551180362701,47.1650395579152,0,116.480842590332,69.0601213565771,109.787110464914,111.53483581543,5.76946674089936,29.9133759015816,20.5505688322915,0,67.2829758780343,148.810390472412,32.5744088292595,75.3251253763835,0,61.7614613642091,0,97.2898578643799,95.6271881103516,57.9880932701959,0,0,0,0,94.0620994567871,140.551116943359,0,62.4116675376892,0,54.0110838678148,119.201431274414,0,0,82.4594159807478,73.3012232626638,64.9505819391321,0,0,0,131.315738677979,154.785354614258,83.969002859933,66.9316196640332,64.1055763761203,0,82.8572807312012,126.809928894043,75.5700934914982,74.2211608886719,0,81.504893711635
114.655511206323,42.3763847250511,22.7284829169004,41.7637312217131,0,102.574264526367,94.0949926376343,123.086298624674,103.37689336141,115.855413818359,147.007751464844,23.9240701384489,0,26.531358262767,117.548792521159,0,105.623403549194,25.5667395183845,20.0196596811219,24.5850367920205,0,91.0437982626978,99.2469058287771,72.7492687932907,127.295749664307,29.9133759015816,11.1644967188522,23.6558306421545,80.198930727955,111.71774820181,89.2260945498671,17.897850096408,92.9104332557091,129.283209228516,54.8627750111058,180.046440124512,100.427188336849,93.1675477883755,99.8409432411194,0,0,0,154.248294067383,168.036010742188,0,0,80.953035382257,0,87.7296296370657,146.589039393834,0,135.765818277995,100.653807374691,93.7033044544384,94.3237851812901,0,135.226154872349,142.27241897583,105.850748519897,146.512260437012,103.944298603496,85.8389830503705,89.4137469761777,148.552855751731,153.660766601562,155.578592439977,94.0135624369637,127.215881347656,0,111.14253043013
117.642248254073,25.7176489415905,30.9455897312278,32.7204378357959,117.361919403076,110.926795959473,101.065347035726,108.011203342014,115.115357971191,96.0947440862656,0,61.2445180779261,0,24.9895601105212,117.312943776449,0,26.4659400695517,57.2059979406848,56.710721236695,59.502950280743,0,42.9220202394045,32.2221883748296,33.7523420259174,68.2437590010026,20.5505688322915,23.6558306421545,11.2291564221439,68.8218370029357,107.803531328837,99.5089307759432,10.5146438645844,108.487820761544,73.8606431143624,63.3871480062164,147.75764465332,83.3664957368097,83.1799973333486,64.1664968752394,0,0,162.119583129883,149.049548936927,236.880065917969,0,139.901947021484,89.1930325691807,190.537551879883,88.8005522940923,137.220626831055,220.108337402344,111.522983786501,99.609575283663,93.2265609720422,93.4594355976514,0,120.861331367493,98.2378615899519,91.4506437745253,135.459150314331,102.49171257019,84.8603164597516,85.9849144936113,126.904608610634,138.251698303223,125.381527725531,97.4561292208158,0,170.671264648438,104.448799918275
55.4642468556125,83.2037200927734,46.3834770386975,48.0949787459609,13.9553765100133,119.499760835067,77.825616637991,21.0624418517037,84.6564483490396,48.030271246841,21.7296137304843,126.792582103184,52.6367609393489,146.129892985026,89.7653898681913,76.9112070295546,26.6318985234343,106.886763466729,139.201866149902,131.675639088949,26.7820458463888,18.6421536234314,49.578156069205,29.788470968216,18.9051675636558,0,80.198930727955,68.8218370029357,10.277465130641,68.9922923353242,29.4774632387888,158.391220092773,111.005308787028,49.7628987016944,41.7453424347417,125.021406748938,137.366485595703,124.815973087233,63.7509052763952,104.030820403099,148.781509399414,143.924908394037,111.558609063091,146.70376537868,77.6440025355278,128.645280706687,191.923334757487,129.079656484176,0,143.744513114997,130.10783663663,98.37058017872,160.353390163845,0,179.446209716797,147.320598983765,102.486455917358,59.7160067655602,118.498648961385,99.692690781273,0,158.204030890214,135.534949166434,111.704514377271,143.615220664204,108.865368967471,223.047698974609,166.547622680664,122.447366403979,129.415098623796
13.500746967132,167.992660522461,67.6487320930727,69.1835894504611,84.8082923181096,24.8808696192244,27.2922439180953,28.2772550592538,26.3412566025757,74.5692861647833,85.5334807392136,51.9671579054844,79.1649619831758,64.4231468439102,15.7414812036822,32.2620392875804,66.0797404536494,86.6921136038644,87.3974990844727,107.65620880127,82.8824238615911,76.2782056941543,66.6991639226563,77.7613419294357,74.5018749624784,67.2829758780343,111.71774820181,107.803531328837,68.9922923353242,9.28835682064617,21.0477619401926,82.3447418212891,13.3284092074193,15.9434037282243,23.9913099401876,142.658806800842,0,0,82.4955459516876,104.185542515346,188.02619934082,161.755813598633,132.262785491943,165.921001672745,94.0662857935979,155.826237182617,94.7785873413086,172.023139953613,0,151.491827184504,164.589637756348,113.773578643799,0,132.681304931641,0,171.022180175781,129.27384185791,73.7275943756104,132.59428914388,125.971603813521,0,0,157.569324493408,124.017948642854,156.92880821228,131.195379257202,0,0,138.560592651367,134.810501901727
31.1085266149694,82.5739074283176,48.8679977107833,48.051534105074,84.5695349953391,0,79.8363821847098,18.3164823333612,69.7272398033921,47.1074311335882,64.9479591145235,104.232017165865,69.2517738342285,113.923946380615,35.5628357457392,56.354193687439,55.1610593599547,67.5182869599244,116.305406397039,99.6504716275498,74.6007712227958,21.6458768179156,49.7715522317547,42.5208443648943,51.5708575439453,148.810390472412,89.2260945498671,99.5089307759432,29.4774632387888,21.0477619401926,10.6947942749937,126.325575256348,90.0291061401367,33.3798357764667,35.4971050269148,113.460397720337,125.04389444987,118.866800217401,62.2700124104818,181.781931559245,0,154.229454888238,112.939616394043,138.408333587646,68.9498566218785,135.853114657932,197.044311523438,135.778978347778,0,143.398095350999,149.093643188477,105.286158970424,160.728380203247,0,164.550557454427,134.866081237793,107.665094895796,64.4669035874404,103.048819455233,106.59576572516,0,159.85546875,136.858540773392,101.74888865153,133.392767842611,110.234564583257,0,0,113.250162336561,116.996468892912
0,59.7405792654377,105.815256391253,52.8995860706676,0,102.770545959473,96.4392425537109,0,109.479068756104,119.524978637695,0,36.9913650202762,0,13.1015116147931,102.159473419189,0,125.450691223145,93.498556137085,46.1122801272354,61.4115765889486,0,154.164123535156,103.929572550456,127.401563371931,0,32.5744088292595,17.897850096408,10.5146438645844,158.391220092773,82.3447418212891,126.325575256348,6.36438456075516,95.6047938420222,0,68.0936322637967,0,125.792711257935,0,134.319152832031,0,0,0,173.284759521484,144.920761108398,0,0,83.0274304693395,0,85.7921475816047,133.158096313477,0,0,137.241394042969,92.5360322609926,102.782043457031,0,175.2666015625,0,0,0,93.0604049682617,90.3888952732086,104.090429039001,0,0,142.432800292969,98.8480861300514,119.700080871582,0,110.821972438267
78.2534385827871,0,85.3289031982422,108.794292449951,127.59125328064,9.12189474641279,16.851318787737,91.5595718383789,13.5774224969252,110.983421325684,111.148427963257,58.8762251201429,104.728062022816,74.9561360099099,12.6263318451318,28.569941534123,0,85.6343688964844,96.3573104858398,79.0434951782227,128.825500488281,113.545024871826,113.327764511108,154.437606811523,108.003732161088,75.3251253763835,92.9104332557091,108.487820761544,111.005308787028,13.3284092074193,90.0291061401367,95.6047938420222,4.55874376954776,58.8695653279622,32.9197174529458,0,0,212.5234375,0,0,0,0,0,0,0,0,0,0,0,0,0,0,0,0,0,0,0,0,0,172.048698425293,0,0,0,0,0,0,0,0,0,0
29.2221427215509,0,74.168083190918,56.6474766067312,75.6133407713875,56.9073379516602,50.3919617592751,40.5700484236362,43.4578120780714,68.121639251709,69.6393893965139,139.458587646484,68.5593027185511,0,23.488663323376,28.6051270961761,61.1848764038086,121.421401977539,0,0,70.9224510192871,60.3681822003059,56.6472225189209,70.6569382951066,63.2617197218974,0,129.283209228516,73.8606431143624,49.7628987016944,15.9434037282243,33.3798357764667,0,58.8695653279622,7.71777955185352,10.8090239888574,134.221939086914,0,105.794914245605,73.6667486248594,137.423585891724,0,158.095769246419,113.927909851074,148.806397755941,78.0126800537109,146.766488647461,194.851135253906,184.711975097656,0,156.258428955078,142.959243774414,105.895719909668,0,0,0,159.745529174805,0,93.8277671813965,101.111322021484,111.107223510742,0,0,166.934562683105,111.300621331907,158.891157150269,107.509810814491,0,0,128.334528605143,130.260845184326
54.8355527693225,61.4026661437491,42.0320332836639,55.700161193028,87.9270384415336,35.6604415026578,36.4955423419932,51.8299993004597,38.3110251235395,61.2132681110237,82.9463829585484,37.5678937672925,81.9793688456217,49.2463570060618,36.5573083647531,31.037964112418,61.4309464461512,30.9438155301198,58.3190934715849,44.2180451250512,79.0463363647461,40.6251201207845,52.9954668108686,36.2670122803383,62.6494670793848,61.7614613642091,54.8627750111058,63.3871480062164,41.7453424347417,23.9913099401876,35.4971050269148,68.0936322637967,32.9197174529458,10.8090239888574,12.3568466403821,109.136753082275,86.8594540187291,99.9549198728619,75.2026904562245,0,0,157.595077514648,125.235565185547,161.68265914917,131.771972020467,133.367584228516,110.343640820733,0,100.418412017822,149.540837605794,0,119.691622683876,121.860757010324,126.853445920077,122.599673074389,0,121.180990952712,61.5482154353972,107.592752867107,118.099872242321,110.387311299642,112.45660324784,113.080987767411,113.180203313413,167.707168579102,113.503391592843,124.473468356662,0,107.267606735229,124.44437789917
136.221499633789,114.539016723633,143.488701956613,75.1285629272461,80.4343457903181,0,174.864242553711,138.82614440918,153.817138671875,0,0,236.262481689453,0,0,0,0,0,195.820556640625,0,0,0,113.255414326986,86.0137977600098,124.09782409668,137.710292053223,0,180.046440124512,147.75764465332,125.021406748938,142.658806800842,113.460397720337,0,0,134.221939086914,109.136753082275,10.9727903151794,132.566940307617,78.9115093510325,67.1715710346515,72.4573430925886,51.9744693211147,44.7824578135686,25.3507767112082,23.5264366689135,64.3639298285638,60.1336996561186,122.658679696017,71.7908235356428,0,9.91457670581541,52.0426138418692,70.3531608418522,111.106635022519,134.178977203369,117.46715782684,73.9321692585945,75.282848711367,63.6224966297979,73.8780538458573,62.8055238833373,125.829704284668,113.598415958765,120.438856760661,60.1531958540868,12.3318402215511,18.9127316950362,146.462203979492,74.0953903198242,18.3304322774205,48.2968141694635
0,21.6083035204146,70.9304270493357,79.4981155395508,0,0,0,0,0,0,0,115.280524117606,0,117.551250457764,0,0,0,89.6549131459203,142.137585957845,115.667286682129,0,0,0,104.3996925354,0,97.2898578643799,100.427188336849,83.3664957368097,137.366485595703,0,125.04389444987,125.792711257935,0,0,86.8594540187291,132.566940307617,9.37389451442379,35.8588258846212,40.5500964025656,0,148.885757446289,113.868873596191,117.056638808477,128.667554219564,55.3432067235311,131.912948608398,75.0995311486094,0,61.4638078394443,116.793295860291,0,65.5250306333814,54.8126979013866,79.1674099731445,61.9296716359945,0,70.2069240369295,11.918031257903,55.4389500469485,78.9603228135542,26.2203494723542,46.3476387613879,32.6606909645091,82.92583508925,123.625284830729,100.371728395161,70.0622667471568,119.015280587333,0,66.0057578659058
145.081835428874,52.7104041940473,80.6853785349615,55.4214289378535,0,0,0,137.397323608398,0,0,0,132.278681755066,0,120.887278238932,0,0,98.1464299740999,97.7739896559177,183.762130737305,118.809429789698,0,125.848633807638,87.906042296311,95.9632561570507,160.838012695312,95.6271881103516,93.1675477883755,83.1799973333486,124.815973087233,0,118.866800217401,0,212.5234375,105.794914245605,99.9549198728619,78.9115093510325,35.8588258846212,9.41950588767143,37.2264586960397,0,0,129.033815002441,64.7342561475274,120.45658493042,0,106.912635803223,74.3406368654166,110.674102783203,106.181133270264,101.085624694824,0,54.8307879427646,39.9740991662882,70.5477635043484,52.8852747468387,0,46.9581936255269,40.1377207573424,19.5708686903884,79.8367991129557,77.4716389973958,18.9949285433636,22.8253711793952,57.8237269839133,82.5900304158529,39.9876424138068,182.806625366211,0,77.9063629150391,50.9985885262936
74.6455343439338,20.7211370997959,55.2413589926327,19.2676074995217,95.8152351379395,0,109.913922991071,67.1379203422397,97.1727453867594,56.913062776838,95.7925758361816,96.5104084014893,93.8718479701451,34.9066314697266,101.256634105336,87.4363327026367,67.848295099595,84.9289125714983,130.733723449707,112.133563995361,98.2162551879883,55.4230150906545,13.0977224552113,62.4740779059274,64.9957904409855,57.9880932701959,99.8409432411194,64.1664968752394,63.7509052763952,82.4955459516876,62.2700124104818,134.319152832031,0,73.6667486248594,75.2026904562245,67.1715710346515,40.5500964025656,37.2264586960397,45.4643424446621,68.112078682321,96.3567695617676,83.1379746278127,56.5277929047114,80.8902732833193,11.3078297154297,68.7689813650845,38.3791028020388,73.2987164046413,32.4703985998186,82.0450821047924,73.2516332202487,47.9381088527891,56.3911349338247,57.210924272057,57.9293294424034,76.5426764550147,59.2324897533155,25.7260018188319,44.927748616715,37.2858016915179,26.0950423946056,43.2354714479797,38.1531854890985,50.4215200708778,81.2684551095063,57.3614232911536,49.0983714744693,94.3477679661342,57.4143014550209,63.0061152776082
94.4447441101074,0,0,0,11.9024685413434,0,61.729242960612,107.384612321854,106.807189941406,91.5297718048096,57.9486574285171,0,43.0004613630233,0,122.567649841309,94.2533645629883,0,0,0,0,17.2804966635174,157.265106201172,125.695159912109,0,78.4362310886383,0,0,0,104.030820403099,104.185542515346,181.781931559245,0,0,137.423585891724,0,72.4573430925886,0,0,68.112078682321,8.67828264668101,119.50724919637,63.154621115478,89.2439281691366,85.15742870233,36.9516872618649,16.428993402598,156.263439941406,20.44480123966,200.999298095703,87.2554093463604,85.4670984696369,127.546333312988,167.547821044922,0,0,12.4074068469382,0,131.877881368001,0,14.0874800092868,0,185.358612060547,207.687088012695,12.0901702716626,85.5656541368739,75.0855405707108,0,125.54598236084,76.5481852618131,81.2667743682861
174.638946533203,0,0,0,0,0,0,153.434692382812,0,0,0,113.906227111816,0,110.995918273926,0,0,0,196.829177856445,0,0,0,0,0,0,0,0,0,0,148.781509399414,188.02619934082,0,0,0,0,0,51.9744693211147,148.885757446289,0,96.3567695617676,119.50724919637,7.82395722104747,9.41680791741085,87.3636148240831,13.2376715729256,115.226827348982,107.447079552544,62.9052925049695,94.5349788665771,77.0584764982525,29.3543004156529,13.0105622194649,116.383476257324,0,95.8591622246636,101.104736328125,122.851435343424,0,135.763623324308,92.7336082458496,111.853343539768,83.5212211608887,94.7877559661865,105.296816253662,114.402960690585,26.2038234413217,111.643573760986,100.740262349447,15.7175380631303,85.2790794372559,35.7460988473523
154.617279052734,0,0,108.213495254517,62.4706233342489,192.281066894531,0,146.552601405552,185.481094360352,134.106536865234,0,110.763698577881,31.5696679069882,118.749084472656,193.365071614583,0,0,0,0,0,142.261993408203,0,131.535934448242,0,145.55579439799,0,0,162.119583129883,143.924908394037,161.755813598633,154.229454888238,0,0,158.095769246419,157.595077514648,44.7824578135686,113.868873596191,129.033815002441,83.1379746278127,63.154621115478,9.41680791741085,8.51903222086579,49.9518118552918,16.764742549733,72.0154167979597,19.4273005796011,69.8815581240897,19.1307035910215,80.7549523247613,27.0662929364371,21.0136291467549,102.640104675293,154.280746459961,112.716711680094,113.158143615723,36.3724548365906,0,107.071711915912,107.342805715708,62.9695296251229,76.849536895752,136.485424550374,136.880544535319,61.2534263026707,28.6985503519388,85.0863373353309,94.7759666442871,17.3194642192144,82.6053516108815,50.6769743488055
124.114445433325,103.193405151367,140.85507436899,84.994941329956,121.411353519985,0,164.404083251953,116.476618818803,159.726987838745,97.0717046637284,129.216074625651,0,117.240979512533,0,168.07980855306,0,130.317642211914,171.757558186849,0,0,0,108.811948776245,86.3041859676963,122.273685455322,113.086555739581,0,154.248294067383,149.049548936927,111.558609063091,132.262785491943,112.939616394043,173.284759521484,0,113.927909851074,125.235565185547,25.3507767112082,117.056638808477,64.7342561475274,56.5277929047114,89.2439281691366,87.3636148240831,49.9518118552918,12.3435065048331,44.0427661041495,50.3277266296009,20.1842108169104,120.916381589828,44.5674483112086,133.506896972656,29.8628047627951,51.1155982615386,71.5479922637939,99.9359490302816,125.892038751418,109.398377668046,80.0647896309576,43.9269839955025,65.8279177213363,50.6543648101372,49.9157480143996,150.096272786458,100.559435086423,102.934789633751,19.5434626007936,43.1525860480873,16.4305340741335,151.79182434082,107.253029886882,50.8455613219056,62.5425847497317
157.765601916191,0,175.504760742188,115.818689982096,98.9627375602722,0,0,151.123401532854,188.308532714844,150.009002685547,191.421051025391,121.981414794922,103.64680480957,124.527342902289,179.682683308919,0,166.114807128906,169.035598754883,0,0,0,147.872505187988,100.083123343331,179.275817871094,155.553686443128,94.0620994567871,168.036010742188,236.880065917969,146.70376537868,165.921001672745,138.408333587646,144.920761108398,0,148.806397755941,161.68265914917,23.5264366689135,128.667554219564,120.45658493042,80.8902732833193,85.15742870233,13.2376715729256,16.764742549733,44.0427661041495,9.20370556658463,79.4489582812639,27.1033126136653,71.6467643986682,47.3556892472412,84.6620633602142,18.9837594838036,26.8287386311244,100.484188698434,150.845715522766,122.68426361084,128.612092269094,85.0987109199899,102.592502593994,108.018915263089,105.293533761161,74.7201765627402,88.4304364522298,131.958790579508,125.351832899936,73.3733466957022,28.0891473584222,76.4316285214526,105.028616163466,12.1123063012057,73.8120147118202,43.4207499003646
