11.9642812262547,117.9792137146,89.1300817734296,71.6574016122257,77.3039039884295,75.5004839579264,42.8425022907746,31.6862919220429,27.4500256423534,63.914235502809,40.5065184380445,132.243483952114,76.6194915771484,129.745316215183,14.4507830585142,36.9343609339754,98.3158289591471,95.835785538403,145.147736289284,125.603185516557,79.7578668179719,60.6334059627046,78.2169481913249,73.411849229186,76.7968593050343,148.517700195312,114.919702884692,128.825675360362,68.4407551401163,14.1518178774653,32.016297445245,147.606628417969,74.5231894765581,49.1833506655949,85.6793274253306,135.424015391957,180.719463348389,154.749231182161,97.5698820260855,120.575654602051,0,149.257866492638,131.574022196107,164.010432023268,69.605847676595,140.853012285734,234.660079956055,135.542555067274,0,154.45388507843,122.646980285645,121.64119720459,183.30290222168,0,0,159.005167643229,177.447296142578,0,162.315519205729,117.500314158778,0,181.736521402995,156.380563204406,133.266631173615,151.334318741508,140.499434731223,0,0,133.430279541016,155.056117534637
117.9792137146,5.85147721166663,39.5151472494636,11.115512143534,81.4785758124457,0,158.072036743164,103.219623565674,128.115335317758,70.9153723532324,128.436582565308,67.2412966933905,101.199923924037,50.8152672503628,131.595386505127,99.0457754135132,50.4413539662081,52.8109804395958,90.0831548902724,65.8680638938115,180.707885742188,83.6620238454718,32.6274983391254,63.2435514113482,76.331485539946,18.2756253374408,46.0299628610769,25.9022436162178,90.3534333533847,126.199375152588,101.270936838786,63.8910598754883,0,91.986438206264,57.7406068601106,0,30.4044842038836,68.1194604643693,44.3569187190798,132.883483886719,0,147.792533874512,147.676250457764,166.380615234375,112.703048706055,154.137924194336,75.8620387486049,114.910911560059,86.6590259552002,0,0,85.3400535583496,87.3553400039673,104.917289733887,118.183403015137,0,200.062408447266,89.5676714579264,97.3090591430664,121.043391927083,130.477058410645,91.4475127083915,66.639179284756,149.963983917236,0,90.9924621582031,103.05137125651,0,0,84.5172495160784
89.1300817734296,39.5151472494636,12.9721621874418,44.4867881390314,129.631979370117,147.976921081543,128.492404937744,95.4708531565891,118.748899857443,123.950525283813,115.349953519381,86.0798302435106,125.171853065491,102.566992673007,112.041404695968,120.34415435791,94.0758840626684,40.5515216486499,92.5023105471742,72.932349395752,189.685791015625,65.122388617074,46.3942233629463,29.7413641987772,112.955075341302,138.008575439453,25.5003299140378,33.854746252146,72.2719717634485,83.7846109147768,75.4500262080759,87.5237816258481,165.598373413086,104.082189532294,49.8815744147291,212.301864624023,71.8479475608239,90.7865000077955,71.3234133074361,223.315864562988,0,176.818674723307,156.331255811326,172.18072945731,165.064840316772,186.631454467773,130.094818115234,0,147.682601928711,176.618633015951,0,98.8244278729972,102.599519282805,149.565364074707,116.410216861301,0,116.45724272728,79.7979632786342,97.3707940277321,149.339859008789,140.778755187988,101.824152231676,92.7508072975936,137.12270224435,184.013636271159,133.291857719421,175.143768310547,0,114.987899780273,102.188915113969
71.6574016122257,11.115512143534,44.4867881390314,34.4371994631631,65.0700818613956,107.735618591309,84.6847340477837,68.7858154096978,85.4837621275362,16.0250580368163,90.2019161576984,75.0116483587968,71.1979716686492,53.4986393872429,83.1626818356098,63.0193815645964,37.3348833758127,59.3969560825464,57.2794989224138,65.5430008330435,106.771095275879,48.6571677759738,17.2746621883667,47.3024548784753,44.163869175297,24.7719116872357,50.062291368799,35.5975578008432,54.4054585978265,66.31955914884,53.5238331234509,45.7865274602717,122.129867553711,60.0758891032292,63.7441213359571,88.6900792803083,68.3972379244291,70.604054145813,16.322757835675,91.8324375152588,0,113.957438035445,96.4303870567909,118.601391718938,31.2873605455671,116.778301092295,58.4026784896851,95.8693364461263,54.8511856964656,114.546378888582,98.6778106689453,58.7666277299848,90.5727767944336,66.7899208068848,82.886275990804,92.9352889060974,62.648680067554,10.9795060544401,68.5835479967522,57.7984020427122,45.5891029167175,53.9902868731758,55.4419489628316,71.558979851859,100.174601610969,71.7311263223296,58.9698919816451,0,89.1273632049561,91.9314348375475
77.3039039884295,81.4785758124457,129.631979370117,65.0700818613956,8.75044931273344,106.760398864746,70.8771419525146,51.5892140552251,92.2496999682802,22.8022328649248,21.0012580697827,157.310287475586,22.1146478711742,0,96.7242122272869,49.5926158428192,0,0,0,198.141990661621,12.4999097985808,0,69.2893773859197,113.972640991211,21.0320489139461,176.288558959961,157.27587890625,119.512728881836,13.8213215703008,92.633882925544,121.093490600586,177.280639648438,129.710293240017,85.6209142530287,89.702554040485,162.938888549805,0,185.304130554199,83.7269294045188,10.2360556177802,0,142.17541055512,142.05970343228,170.539610726493,84.9675222124372,144.014710288378,0,22.2658578845088,0,166.85484568278,145.383239746094,0,0,0,0,19.681327451446,0,125.061706542969,186.739593505859,102.782223547244,0,213.376358032227,192.683197021484,133.276608545423,173.249711608887,0,0,0,148.155316162109,176.676031494141
75.5004839579264,0,147.976921081543,107.735618591309,106.760398864746,7.83882117948524,11.2574779193211,117.240641276042,15.7816356940412,85.835018157959,110.692511045016,70.1220451990763,102.643925984701,81.8870718214247,25.1809511617287,11.866071869176,0,143.314900716146,101.853023529053,76.3984680175781,123.143976484026,0,0,113.508750915527,121.386785234724,0,132.454335212708,125.340868631999,124.1962688991,25.2228808531121,105.901128133138,100.223434448242,10.2368936117396,84.8355547587077,32.3073228876641,0,0,0,0,0,0,0,0,208.517669677734,0,216.337829589844,0,0,0,0,0,0,0,0,0,0,0,0,0,0,0,0,0,154.438018798828,0,0,0,0,0,0
42.8425022907746,158.072036743164,128.492404937744,84.6847340477837,70.8771419525146,11.2574779193211,7.61000251698327,59.6283920823179,16.1707871695759,58.4575018286705,26.6305814984366,74.8490915846551,13.6471289012056,89.0697323061385,27.6676306490321,10.604634552263,119.67000579834,137.174986158099,98.9532186334783,147.103123256138,43.9678988888883,103.830220031738,109.669057672674,109.085602704216,71.1070696003529,77.4667663574219,142.040995417414,134.042882399126,65.3788221285539,27.0633737180817,83.3248679928663,109.453608703613,17.4514544045571,60.1307207316887,41.8630256749652,163.765930175781,0,168.43091583252,117.062496730259,167.498038291931,0,171.685987472534,155.121473263472,190.390722910563,102.049892425537,167.197439731696,0,154.666060311454,0,173.29217300415,168.785385131836,0,205.502883911133,142.017242431641,0,164.368976048061,0,86.5117416381836,157.548843383789,145.376521060341,0,0,196.933663504464,150.719695656987,172.717681884766,170.698545455933,0,0,152.062545776367,164.140162876674
31.6862919220429,103.219623565674,95.4708531565891,68.7858154096978,51.5892140552251,117.240641276042,59.6283920823179,9.92660989825004,53.1882775232412,59.3294251971775,17.0111378207297,156.898721240816,45.0443083700566,161.627398536319,35.3049864823767,60.6410544066303,81.9776047297886,125.678154149549,170.39462852478,157.478271484375,36.8042113587097,60.2705935422112,84.0607527435803,71.5561116755222,46.1426991302501,0,123.456497394575,117.709983575166,23.1879002347854,49.3134320477193,15.7874522804168,172.854415893555,111.918778812184,58.8527918741626,71.0828341710925,135.172612970526,127.566871643066,164.122551388211,80.7472228297481,139.372993762677,0,141.729020786285,126.874095916748,161.895424313015,83.8957165082296,138.207338951374,0,124.407875272963,0,149.14413469488,147.278897094727,137.198135375977,180.921061706543,0,220.24006652832,135.817499705723,113.517944335938,114.633615112305,161.505572001139,109.319152555317,0,184.556975144606,167.834275211196,129.239841769604,149.978716051256,139.031218679328,0,0,132.147015162877,169.708477444119
27.4500256423534,128.115335317758,118.748899857443,85.4837621275362,92.2496999682802,15.7816356940412,16.1707871695759,53.1882775232412,11.6001129152588,82.4186350563976,25.1857110897811,95.4878104859335,35.2713241161302,101.547239512613,15.4659608576731,26.5636984151438,122.262406667074,124.13847619134,128.056806136151,143.979759659878,86.1614425427986,92.8884502557608,110.723874975134,100.225270822603,90.6046999652569,92.2913311549595,137.281200938071,143.317272679946,87.2467566957537,28.0694697219803,75.2072399052377,120.310347663032,16.1508488718827,57.7412909072215,58.2165466305691,162.177158355713,0,188.873774846395,104.971810451774,133.908690134684,0,167.692881403743,153.969934808203,178.162237055161,115.171712239583,163.994311823989,0,159.834811909993,0,174.348907720847,156.158554077148,208.866149902344,213.748237609863,0,201.648910522461,161.949598185221,0,155.592376708984,183.571745130751,137.674275919596,0,208.075327555339,191.761984365958,149.363262196486,176.054385681152,154.881224822998,0,0,155.028601510184,170.349770069122
63.914235502809,70.9153723532324,123.950525283813,16.0250580368163,22.8022328649248,85.835018157959,58.4575018286705,59.3294251971775,82.4186350563976,8.06208160574666,80.0053753939542,133.491614893863,16.4451834949631,122.416985540107,87.1673883355182,18.1640922640469,60.4440685908,119.910270080566,136.288497924805,132.356522696359,80.6599444434756,77.6078681945801,22.3786918558652,96.1192083358765,24.7443260328185,96.4045954565307,121.265653920728,97.4643570528192,50.5353594451904,68.8210268777514,52.6421634592908,124.796960830688,121.448399135045,68.2139552019645,77.0350837472044,94.3771438598633,0,173.258155822754,36.7119882630139,97.7470626831055,0,112.824396653609,96.1714248657227,119.098098209926,40.3002622660469,103.799822679206,162.655685424805,73.4399976730347,152.60129292806,124.95321890024,60.2109260559082,133.487457275391,202.86784362793,0,0,93.9479958029354,0,92.9562377929688,171.10831451416,63.7825089200493,0,166.944686889648,166.977509634835,98.0192797287651,138.429934910366,103.709878921509,0,174.451217651367,126.863487243652,116.460203988211
40.5065184380445,128.436582565308,115.349953519381,90.2019161576984,21.0012580697827,110.692511045016,26.6305814984366,17.0111378207297,25.1857110897811,80.0053753939542,10.1762013638622,137.637494054334,29.4811409738812,155.08177947998,39.9839841889365,61.7381335496902,91.639892578125,151.13767835829,175.466281890869,188.262130737305,19.1797653728179,102.898323774338,115.412776947021,97.0615965066497,56.5371156863783,163.9287109375,150.214241354806,147.63589569618,27.0263616411288,86.8266512259219,80.0341060926329,192.673587799072,112.230660344513,77.6522250427707,84.1105272418769,161.673178536551,201.124938964844,179.575380325317,98.7905485218969,109.799817346036,201.132141113281,159.600788359946,146.851255782528,172.594461968605,98.4332609696822,157.677587448742,231.861694335938,132.564795549251,0,172.597823551723,149.832831246512,0,174.273681640625,0,0,145.882803248376,0,0,151.092926025391,125.73463994174,0,0,191.396247276893,147.132250987501,183.02395579854,182.941963195801,0,0,163.993125915527,174.93172291347
132.243483952114,67.2412966933905,86.0798302435106,75.0116483587968,157.310287475586,70.1220451990763,74.8490915846551,156.898721240816,95.4878104859335,133.491614893863,137.637494054334,12.2235471559375,141.220842214731,24.5767302042664,82.749137002717,86.8555094401042,116.707202911377,54.6146874352529,25.3802715277483,27.9384685606925,150.558873494466,96.4215418728915,105.330106796757,84.7179718017578,148.392583100692,34.3320793055058,33.2117654018638,62.5033269641313,144.823617140452,67.5578395318096,111.334287911131,41.0057872579291,66.3839365414211,107.006034011141,35.197994311049,0,116.02262963189,142.409629440308,118.301631047175,0,0,0,201.326313018799,184.572883605957,172.648111979167,228.682640075684,81.4070446193218,0,67.803888357887,212.897552490234,0,182.584368896484,137.440901947021,101.815709527933,111.238001300443,0,218.458320617676,145.576420593262,144.504858834403,189.336441040039,79.8441754854642,99.9880962289257,107.990158997129,184.486724853516,0,176.53586324056,97.2058017185756,0,0,130.267321619494
76.6194915771484,101.199923924037,125.171853065491,71.1979716686492,22.1146478711742,102.643925984701,13.6471289012056,45.0443083700566,35.2713241161302,16.4451834949631,29.4811409738812,141.220842214731,9.68903004895702,167.670113563538,84.1677365635717,10.2070020392292,0,148.897112528483,0,136.785491943359,14.4946655032875,93.9285380045573,108.377862930298,106.401929855347,26.4894132012077,159.858337402344,158.525091552734,145.657209396362,47.111489681196,90.5672828149444,97.4242156982422,183.915023803711,111.723025083542,87.9760948816935,86.1806697025094,148.19977722168,0,226.401000976562,100.914852142334,44.0686740519396,0,102.388602271913,142.626213788986,169.803860982259,111.114517211914,115.174963026336,0,27.2011670729297,0,173.868643760681,101.824798583984,0,0,0,0,25.8200492787361,0,0,231.016662597656,125.20801643089,0,209.73072052002,206.014308929443,144.097930764252,151.481317901611,198.678894042969,0,0,180.755699157715,161.060055541992
129.745316215183,50.8152672503628,102.566992673007,53.4986393872429,0,81.8870718214247,89.0697323061385,161.627398536319,101.547239512613,122.416985540107,155.08177947998,24.5767302042664,167.670113563538,7.51462856375864,86.5033772615778,96.5078887939453,112.331855773926,101.678860505422,44.1060175267301,77.6922400919596,164.809645432692,140.092041015625,96.2660681107465,112.651617322649,137.152530415853,15.6236384044242,35.9485665872449,27.1597610915413,153.343432108561,74.1248536414288,138.419700622559,16.8303553003079,81.259064319087,109.597655160086,57.0623981140921,0,110.505241394043,161.948801676432,85.343989780971,0,0,0,222.907241821289,207.094116210938,167.15364074707,0,68.2861372541252,0,44.860827966099,176.12404523577,0,0,0,93.8972524007161,122.128438949585,0,181.821258544922,125.667515841397,199.118347167969,226.068984985352,66.2876126982949,94.1856357977257,96.232153963965,0,0,0,89.0978464886425,0,0,93.4007632515647
14.4507830585142,131.595386505127,112.041404695968,83.1626818356098,96.7242122272869,25.1809511617287,27.6676306490321,35.3049864823767,15.4659608576731,87.1673883355182,39.9839841889365,82.749137002717,84.1677365635717,86.5033772615778,8.05922240896817,47.3336236701821,145.323661804199,116.317467094268,113.889395602914,119.567783658467,95.1294310694685,84.5713460710314,111.820838234641,96.0167058032492,92.2150919934828,84.21802296358,124.830810364603,126.888760597475,88.9352769156759,19.0142677396874,22.8364088623895,107.844970909325,11.6305104701483,31.4616159866223,43.0568133514618,161.92381117079,145.681564331055,189.568895339966,97.4580071189187,150.670324325562,0,176.11828274197,147.659256436932,174.067744731903,96.7571006774902,180.549843924386,0,142.062419891357,0,174.224391795971,169.930252075195,144.161844889323,231.535263061523,0,196.230278015137,184.471439361572,141.591735839844,195.980850219727,194.558662414551,140.458134514945,0,176.295310974121,187.757132636176,153.61380809742,170.165241017061,152.388247299194,198.954177856445,0,142.171102523804,179.876220703125
36.9343609339754,99.0457754135132,120.34415435791,63.0193815645964,49.5926158428192,11.866071869176,10.604634552263,60.6410544066303,26.5636984151438,18.1640922640469,61.7381335496902,86.8555094401042,10.2070020392292,96.5078887939453,47.3336236701821,7.73218418338421,70.1916351318359,152.784061431885,0,0,63.7328690015353,86.7794494628906,60.4060662587484,94.5951215955946,51.3124601008219,118.283393859863,142.726503372192,129.408039093018,71.5055911089923,43.1831401343485,74.8643042246501,0,33.551210901954,54.7375983428955,29.9291613896688,0,0,0,95.2767143249512,0,0,174.82763671875,135.570339202881,0,85.1568145751953,161.010274251302,0,0,0,152.851486206055,0,0,0,0,0,148.433586120605,0,115.831367492676,0,112.522422790527,0,0,0,124.098190307617,0,116.450660705566,0,0,0,161.59635925293
98.3158289591471,50.4413539662081,94.0758840626684,37.3348833758127,0,0,119.67000579834,81.9776047297886,122.262406667074,60.4440685908,91.639892578125,116.707202911377,0,112.331855773926,145.323661804199,70.1916351318359,10.8978890604162,98.3470271595737,0,124.22200571696,122.034660339355,17.3825041392663,23.4765034596154,16.5911288552826,17.9748942991638,78.8555603027344,105.641015370687,22.7724209480266,33.8463754492513,81.1623844146729,66.4938608896818,0,0,66.8543219359025,74.3077296104984,120.023326873779,82.1305389404297,124.378988153794,56.0493401477211,0,0,168.929829915365,119.086720784505,196.763862609863,142.83277130127,163.138374328613,0,0,0,161.719009399414,0,90.0595931142043,168.853307088216,0,182.86372756958,149.931327819824,98.7783118017314,51.9841814339161,95.3897550454549,112.780666351318,207.765563964844,162.610321892632,115.424437023344,112.710805784981,110.771936035156,108.876550234281,0,0,0,105.932998657227
95.835785538403,52.8109804395958,40.5515216486499,59.3969560825464,0,143.314900716146,137.174986158099,125.678154149549,124.13847619134,119.910270080566,151.13767835829,54.6146874352529,148.897112528483,101.678860505422,116.317467094268,152.784061431885,98.3470271595737,8.41837218107412,56.4986609404428,21.8884788018611,182.239166259766,45.3001715842878,70.4929023238848,16.0901514653515,124.97046952837,77.5268963900479,39.1950360253715,63.6983639263282,113.795763901302,81.4576283932785,64.6711766669091,94.2544288635254,139.037878990173,82.5104713235947,43.5671948140001,0,81.1038874750552,103.376002283951,82.4619134085519,0,0,211.161254882812,163.770352877103,196.815086364746,154.166180928548,215.449474334717,154.734344482422,0,170.046249389648,198.418453216553,0,123.74851955067,112.020834737749,129.725949605306,124.451285613211,0,134.897943670099,90.1949602762858,115.191472036188,162.785563542293,140.879871368408,106.675831963034,104.54639465008,168.750276926402,181.642603556315,152.666356173429,0,0,168.600135803223,113.668189180814
145.147736289284,90.0831548902724,92.5023105471742,57.2794989224138,0,101.853023529053,98.9532186334783,170.39462852478,128.056806136151,136.288497924805,175.466281890869,25.3802715277483,0,44.1060175267301,113.889395602914,0,0,56.4986609404428,6.09214540990506,16.6095206738185,177.017807006836,116.605502210345,117.153341505263,92.6849994124653,172.655609130859,42.7347561196436,22.2812526166526,58.7376823701105,161.081019810268,90.472511560489,116.390688246575,41.6785297080385,85.6815223693848,118.587946150038,62.3601187100068,0,119.644302368164,149.023345947266,132.647041320801,0,0,0,209.209548950195,0,213.580093383789,0,102.453986467634,0,93.9181856155396,242.345962524414,0,156.985046386719,139.635911794809,102.865723625062,107.818380582131,0,155.267486572266,160.878295898438,161.334479014079,0,101.079171694242,99.4725758662233,104.937927136431,236.345764160156,190.991088867188,177.933296203613,102.775773525238,0,0,138.55294453014
125.603185516557,65.8680638938115,72.932349395752,65.5430008330435,198.141990661621,76.3984680175781,147.103123256138,157.478271484375,143.979759659878,132.356522696359,188.262130737305,27.9384685606925,136.785491943359,77.6922400919596,119.567783658467,0,124.22200571696,21.8884788018611,16.6095206738185,9.2262869501208,157.085105895996,81.5588449822648,96.7603466327374,74.8548555166415,152.555756845782,55.1131216684977,28.4741351609734,64.754269261019,140.127018398709,97.7416473177478,93.7182584747555,63.4588540958453,100.173069545201,103.331267285703,46.9922177043055,183.087158203125,108.069404602051,119.414723037125,110.278105559172,0,0,0,203.071500778198,219.686157226562,174.852981567383,198.224426269531,121.65422668457,0,127.004308260404,208.75080871582,0,153.269271850586,118.587899750354,111.980463845389,110.471579496888,0,164.407886505127,138.472717285156,143.626362767713,190.035013834635,95.8955421447754,102.485098524622,107.901871005844,198.402998182509,185.11213684082,175.918210347493,109.836956370961,0,0,122.255932976218
79.7578668179719,180.707885742188,189.685791015625,106.771095275879,12.4999097985808,123.143976484026,43.9678988888883,36.8042113587097,86.1614425427986,80.6599444434756,19.1797653728179,150.558873494466,14.4946655032875,164.809645432692,95.1294310694685,63.7328690015353,122.034660339355,182.239166259766,177.017807006836,157.085105895996,9.76227261733927,152.093872070312,96.3080520629883,124.045099258423,20.3877425059075,0,176.260746002197,193.94596862793,30.8990211540059,89.8572279313533,122.609491136339,184.664520263672,122.513233729771,91.710825238909,86.9838516391054,153.510925292969,0,176.099655151367,103.593021392822,19.8168190937231,0,147.033685014055,154.757414425121,168.417897905622,100.004285812378,153.657811991374,0,22.9892215480941,0,187.645919799805,0,0,0,0,0,22.6407899469943,0,0,0,123.875101204576,0,215.003372192383,0,149.383946699255,184.719184181907,170.644607543945,0,0,154.506927490234,184.771429443359
60.6334059627046,83.6620238454718,65.122388617074,48.6571677759738,0,0,103.830220031738,60.2705935422112,92.8884502557608,77.6078681945801,102.898323774338,96.4215418728915,93.9285380045573,140.092041015625,84.5713460710314,86.7794494628906,17.3825041392663,45.3001715842878,116.605502210345,81.5588449822648,152.093872070312,9.98639327659447,47.3034700482203,20.4330958094727,28.208219858632,139.206016540527,98.1343216824172,64.9695080205014,19.8262314140876,59.4108602164303,22.8209723956114,130.480503082275,99.9237937927246,55.6563637908478,37.402377949527,117.873056411743,84.698127746582,135.595758878268,60.7851935345194,0,0,153.648384094238,130.659235174006,158.413179670061,0,188.397750854492,213.225708007812,0,0,136.295467029918,127.657218933105,105.089052267954,149.643182754517,0,165.930560302734,0,109.031544907452,62.4590223518906,108.747518373283,105.126410025137,0,161.66862487793,133.435853481293,104.812998482351,120.965524461534,108.794909795125,0,0,102.922412872314,122.159718955435
78.2169481913249,32.6274983391254,46.3942233629463,17.2746621883667,69.2893773859197,0,109.669057672674,84.0607527435803,110.723874975134,22.3786918558652,115.412776947021,105.330106796757,108.377862930298,96.2660681107465,111.820838234641,60.4060662587484,23.4765034596154,70.4929023238848,117.153341505263,96.7603466327374,96.3080520629883,47.3034700482203,7.62243039222413,45.5121983618807,24.6787165940578,70.0015314837408,97.5359650406183,32.4429188579593,55.9200277341106,83.2332913582785,55.9348179852521,106.294526672363,0,58.8125589582655,66.2604866399998,107.198530578613,0,94.8817581407952,30.1304053962231,149.199096679688,0,112.929683261447,109.076378413609,138.273296702992,14.8142809134263,133.028519312541,158.429987589518,83.5920867919922,133.11509513855,121.099116734096,123.536514282227,58.4976352968843,105.617869567871,200.712509155273,158.539962768555,151.859802246094,76.5546506245931,26.7106893782346,72.7579016429384,83.922311742255,155.386505126953,137.960056304932,96.87610528734,88.8093656539917,109.828813552856,103.649374694824,158.3759765625,0,85.2611999511719,97.2300511528464
73.411849229186,63.2435514113482,29.7413641987772,47.3024548784753,113.972640991211,113.508750915527,109.085602704216,71.5561116755222,100.225270822603,96.1192083358765,97.0615965066497,84.7179718017578,106.401929855347,112.651617322649,96.0167058032492,94.5951215955946,16.5911288552826,16.0901514653515,92.6849994124653,74.8548555166415,124.045099258423,20.4330958094727,45.5121983618807,13.9822968350235,56.4296766283784,112.787055969238,74.4417588731589,41.9415260504186,39.3306351007828,54.2912502158316,44.6136256246475,105.876168387277,126.485176086426,66.8220273371426,44.5305960375438,157.895919799805,91.6724468231201,102.723873038914,66.1444196412058,0,0,190.115409851074,146.956922855017,161.061566162109,101.106731414795,189.10698445638,178.341011047363,0,176.580551147461,153.393517684937,0,94.3383791438079,118.532830004422,184.701316833496,146.215269235464,229.632995605469,102.122864294052,59.767889709765,97.8537039155557,114.631621939237,0,135.425309244792,99.9354550193441,120.045827511605,141.792893886566,118.231208868194,187.742309570312,0,111.98343149821,113.018706455026
76.7968593050343,76.331485539946,112.955075341302,44.163869175297,21.0320489139461,121.386785234724,71.1070696003529,46.1426991302501,90.6046999652569,24.7443260328185,56.5371156863783,148.392583100692,26.4894132012077,137.152530415853,92.2150919934828,51.3124601008219,17.9748942991638,124.97046952837,172.655609130859,152.555756845782,20.3877425059075,28.208219858632,24.6787165940578,56.4296766283784,10.5287699901493,105.591445807255,130.619488525391,79.4988909164831,16.0532880314317,82.4185098172738,66.6013252582956,151.645219167074,118.568686398593,70.0824558873882,79.3477435920812,128.111481947057,173.212272644043,150.35176453767,58.0070355715673,114.771382605588,0,135.067097898389,117.943778190613,146.774506488089,66.0023804957571,127.803026009469,0,115.115609657474,0,141.892564323511,123.81186653586,117.841263543992,173.873127330433,234.731246948242,192.545547485352,118.07100014986,114.6777928001,83.6246520996094,125.737508327403,91.1574388137049,0,183.370391845703,162.087225777762,114.536380937004,139.993996608404,119.823683987145,0,0,128.907777739734,137.506050051624
148.517700195312,18.2756253374408,138.008575439453,24.7719116872357,176.288558959961,0,77.4667663574219,0,92.2913311549595,96.4045954565307,163.9287109375,34.3320793055058,159.858337402344,15.6236384044242,84.21802296358,118.283393859863,78.8555603027344,77.5268963900479,42.7347561196436,55.1131216684977,0,139.206016540527,70.0015314837408,112.787055969238,105.591445807255,7.49564169973501,34.5428813465124,17.2571509503756,131.887310028076,77.1967040470668,104.295331319173,35.2360818924442,77.5393476486206,118.305500030518,59.8996225604574,167.731094360352,97.6160454383263,152.285741170247,81.9925334236839,0,0,0,219.681594848633,107.198463439941,156.926826477051,0,68.9521793932528,140.8056640625,64.2399493390181,0,0,136.718341827393,93.1493523915609,76.9440552731778,74.0045574349417,189.638137817383,0,122.86337852478,148.413493156433,175.899673461914,70.2609073775155,68.1433372589701,72.1488146250528,0,104.059158325195,126.365608215332,77.3792835086971,0,0,100.210984802246
114.919702884692,46.0299628610769,25.5003299140378,50.062291368799,157.27587890625,132.454335212708,142.040995417414,123.456497394575,137.281200938071,121.265653920728,150.214241354806,33.2117654018638,158.525091552734,35.9485665872449,124.830810364603,142.726503372192,105.641015370687,39.1950360253715,22.2812526166526,28.4741351609734,176.260746002197,98.1343216824172,97.5359650406183,74.4417588731589,130.619488525391,34.5428813465124,12.9827784343079,31.5513374711368,115.590892923289,98.0090138098437,96.0550073803852,16.6486562119325,115.191919962565,107.452506249411,60.8061939132499,182.446903991699,101.277069265192,102.174040913321,87.631446254146,0,0,203.928565979004,179.669558438388,198.259704589844,176.758977254232,204.613609313965,95.6481913479892,0,95.0371190453791,199.310346603394,0,142.086896749643,105.653307785859,100.159652574528,99.8628941507202,0,152.008313315255,135.699512188251,124.067899348818,161.874363369412,99.497447543674,91.7775139827566,95.1654691845959,163.71276361802,187.255542755127,158.047541920732,97.3358859481098,0,169.272079467773,116.144400155034
128.825675360362,25.9022436162178,33.854746252146,35.5975578008432,119.512728881836,125.340868631999,134.042882399126,117.709983575166,143.317272679946,97.4643570528192,147.63589569618,62.5033269641313,145.657209396362,27.1597610915413,126.888760597475,129.408039093018,22.7724209480266,63.6983639263282,58.7376823701105,64.754269261019,193.94596862793,64.9695080205014,32.4429188579593,41.9415260504186,79.4988909164831,17.2571509503756,31.5513374711368,12.442574559662,82.2264199192067,106.379075265296,111.455165885654,10.8778295783823,115.920077853733,122.988659932063,68.3565038328393,183.560011022231,74.4836302974768,93.5916860062207,67.3249977054308,165.457077026367,0,198.840920081505,163.10604418879,209.335217793783,175.475485801697,188.62043677436,99.516960144043,192.649551391602,94.5628699829329,185.547633315578,0,93.8244045475224,104.44687694888,101.934243221207,101.562225539245,223.646713256836,123.373530929153,74.3630008075548,96.2008995568908,150.971438239602,93.7817730702145,92.9610100511118,92.8866784536653,144.638000743658,184.918017917209,147.593516314471,100.169035727148,174.074963378906,145.870166778564,111.737688218248
68.4407551401163,90.3534333533847,72.2719717634485,54.4054585978265,13.8213215703008,124.1962688991,65.3788221285539,23.1879002347854,87.2467566957537,50.5353594451904,27.0263616411288,144.823617140452,47.111489681196,153.343432108561,88.9352769156759,71.5055911089923,33.8463754492513,113.795763901302,161.081019810268,140.127018398709,30.8990211540059,19.8262314140876,55.9200277341106,39.3306351007828,16.0532880314317,131.887310028076,115.590892923289,82.2264199192067,10.4031996153927,75.9647047643047,33.5886887651097,163.028656005859,121.38351241402,61.545171064431,61.4653835232164,126.55091678395,146.93254699707,159.091237900105,69.7096151303844,88.1884245286222,0,142.243918945142,121.056704990813,152.294896385222,80.1752765123234,139.205595927377,190.257904052734,123.032299175858,215.956855773926,147.014917710248,128.033955891927,118.406409534056,165.61607830341,0,207.731123352051,138.782673971994,128.723219064566,94.8633401770341,130.794106766984,105.364386833519,0,185.013938903809,156.150502971574,120.312881256974,141.351102916765,118.278963970882,0,194.876182556152,124.143943786621,144.414963580192
14.1518178774653,126.199375152588,83.7846109147768,66.31955914884,92.633882925544,25.2228808531121,27.0633737180817,49.3134320477193,28.0694697219803,68.8210268777514,86.8266512259219,67.5578395318096,90.5672828149444,74.1248536414288,19.0142677396874,43.1831401343485,81.1623844146729,81.4576283932785,90.472511560489,97.7416473177478,89.8572279313533,59.4108602164303,83.2332913582785,54.2912502158316,82.4185098172738,77.1967040470668,98.0090138098437,106.379075265296,75.9647047643047,8.36515146885657,17.0662235583252,87.3339226691277,11.3990564699475,15.484472503703,29.2866363473158,148.354608323839,0,168.549746061626,87.1097538206312,143.930292765299,0,174.267098860307,138.608593280499,159.902085113525,101.177987905649,168.095656685207,218.110198974609,0,118.431172180176,160.34234828949,0,188.249671936035,176.381660461426,182.026138305664,164.253793334961,191.013916015625,114.694686889648,0,159.843399047852,127.416460238005,191.886276245117,170.485143025716,160.768135724749,129.921582425025,152.69290897764,130.587363299202,176.106628417969,0,130.976428985596,155.173270184061
32.016297445245,101.270936838786,75.4500262080759,53.5238331234509,121.093490600586,105.901128133138,83.3248679928663,15.7874522804168,75.2072399052377,52.6421634592908,80.0341060926329,111.334287911131,97.4242156982422,138.419700622559,22.8364088623895,74.8643042246501,66.4938608896818,64.6711766669091,116.390688246575,93.7182584747555,122.609491136339,22.8209723956114,55.9348179852521,44.6136256246475,66.6013252582956,104.295331319173,96.0550073803852,111.455165885654,33.5886887651097,17.0662235583252,9.12925436199865,154.899887084961,129.412663141886,44.2692755885989,39.7488282743577,134.881642045646,127.879432678223,148.365993372599,71.1108533190442,0,0,154.954579671224,120.281598861129,157.189464569092,80.0604717254639,144.249109745026,0,177.150085449219,0,145.032131618924,0,120.37406026906,158.664596557617,0,180.707144165039,0,115.398645343203,83.5595054626465,133.012890600389,104.358267190573,0,169.777069438588,151.29048831221,112.164101016614,132.298878173828,114.736127692962,199.67790222168,0,113.500144042969,136.758465706034
147.606628417969,63.8910598754883,87.5237816258481,45.7865274602717,177.280639648438,100.223434448242,109.453608703613,172.854415893555,120.310347663032,124.796960830688,192.673587799072,41.0057872579291,183.915023803711,16.8303553003079,107.844970909325,0,0,94.2544288635254,41.6785297080385,63.4588540958453,184.664520263672,130.480503082275,106.294526672363,105.876168387277,151.645219167074,35.2360818924442,16.6486562119325,10.8778295783823,163.028656005859,87.3339226691277,154.899887084961,6.37411411010869,104.556346130371,111.625495910645,72.5312024728576,0,123.447606404622,0,154.991744995117,0,0,169.84814453125,224.095397949219,172.167808532715,173.009590148926,0,90.7274800814115,0,93.1125374241879,147.569290161133,0,0,151.01643371582,97.4454250335693,106.608834308127,0,135.501098632812,150.030174255371,0,198.977645874023,87.4624145507812,94.3590515701859,103.230063352792,218.217544555664,139.626937866211,166.430877685547,99.348463965244,0,0,108.597898210798
74.5231894765581,0,165.598373413086,122.129867553711,129.710293240017,10.2368936117396,17.4514544045571,111.918778812184,16.1508488718827,121.448399135045,112.230660344513,66.3839365414211,111.723025083542,81.259064319087,11.6305104701483,33.551210901954,0,139.037878990173,85.6815223693848,100.173069545201,122.513233729771,99.9237937927246,0,126.485176086426,118.568686398593,77.5393476486206,115.191919962565,115.920077853733,121.38351241402,11.3990564699475,129.412663141886,104.556346130371,4.73004755150172,77.3751438365263,34.3986919572201,0,0,0,116.655548095703,135.051635742188,0,0,195.240798950195,0,0,188.954177856445,0,0,0,218.009422302246,0,0,0,0,188.55281829834,0,0,0,0,194.804351806641,0,0,165.680236816406,182.807589213053,198.30339050293,243.149139404297,0,0,0,0
49.1833506655949,91.986438206264,104.082189532294,60.0758891032292,85.6209142530287,84.8355547587077,60.1307207316887,58.8527918741626,57.7412909072215,68.2139552019645,77.6522250427707,107.006034011141,87.9760948816935,109.597655160086,31.4616159866223,54.7375983428955,66.8543219359025,82.5104713235947,118.587946150038,103.331267285703,91.710825238909,55.6563637908478,58.8125589582655,66.8220273371426,70.0824558873882,118.305500030518,107.452506249411,122.988659932063,61.545171064431,15.484472503703,44.2692755885989,111.625495910645,77.3751438365263,9.16157135145773,33.4815282232865,132.991439819336,0,157.260014851888,69.6009635925293,141.430931091309,0,119.747161865234,139.573614369268,149.296432495117,90.2138188680013,150.000522613525,0,138.884628295898,0,141.245732234075,160.611175537109,102.567565917969,0,0,0,134.187831878662,0,54.0002288818359,136.764616532759,119.770273117792,0,166.687232971191,159.173175266811,115.9270862644,150.778739929199,115.427409832294,0,0,0,155.763177871704
85.6793274253306,57.7406068601106,49.8815744147291,63.7441213359571,89.702554040485,32.3073228876641,41.8630256749652,71.0828341710925,58.2165466305691,77.0350837472044,84.1105272418769,35.197994311049,86.1806697025094,57.0623981140921,43.0568133514618,29.9291613896688,74.3077296104984,43.5671948140001,62.3601187100068,46.9922177043055,86.9838516391054,37.402377949527,66.2604866399998,44.5305960375438,79.3477435920812,59.8996225604574,60.8061939132499,68.3565038328393,61.4653835232164,29.2866363473158,39.7488282743577,72.5312024728576,34.3986919572201,33.4815282232865,10.5061347349816,135.356214141846,96.0046090346116,107.83984975179,86.8245205512414,200.042434692383,0,165.250427246094,143.120208892822,181.519274624911,163.933792114258,179.864811823918,141.160697937012,174.229731241862,109.245226287842,179.351133558485,0,116.509081347235,124.582611083984,138.631301879883,124.295729531182,174.828280639648,107.105143547058,93.4015693664551,118.767841520764,141.927260765663,170.12865447998,121.897040063685,118.518591827221,140.159242483286,149.232145309448,126.560658772786,128.396952819824,0,139.616218566895,140.482683928117
135.424015391957,0,212.301864624023,88.6900792803083,162.938888549805,0,163.765930175781,135.172612970526,162.177158355713,94.3771438598633,161.673178536551,0,148.19977722168,0,161.92381117079,0,120.023326873779,0,0,183.087158203125,153.510925292969,117.873056411743,107.198530578613,157.895919799805,128.111481947057,167.731094360352,182.446903991699,183.560011022231,126.55091678395,148.354608323839,134.881642045646,0,0,132.991439819336,135.356214141846,13.9750265616669,127.354986190796,109.31380253842,64.2416577772661,80.7435617266961,60.1893692016602,82.2089608838481,27.6364525640744,35.4786584050824,62.7535585764292,76.0399717520842,120.845740608547,77.489497916643,200.270202636719,11.8197252130604,56.0797437032064,85.9717421758743,102.783178501301,134.663926230537,119.739168023787,78.4354506598578,78.6264005437628,74.789911710299,94.6145216843178,63.3501673628644,124.038795471191,111.933098303501,129.004578929836,73.2365049378841,15.660922871788,20.2243112308825,172.666748046875,68.5394086837769,25.0758807897568,80.5435399784384
180.719463348389,30.4044842038836,71.8479475608239,68.3972379244291,0,0,0,127.566871643066,0,0,201.124938964844,116.02262963189,0,110.505241394043,145.681564331055,0,82.1305389404297,81.1038874750552,119.644302368164,108.069404602051,0,84.698127746582,0,91.6724468231201,173.212272644043,97.6160454383263,101.277069265192,74.4836302974768,146.93254699707,0,127.879432678223,123.447606404622,0,0,96.0046090346116,127.354986190796,7.38810697404402,43.0449684954506,12.7737086089283,0,0,161.152641296387,125.658620394193,146.537141418457,71.8468717474687,145.700597127279,65.4746922700301,93.9499130249023,58.7972731959539,150.470296859741,117.312442779541,58.4627898406982,55.4844442375245,77.9960901472304,61.729200961742,0,90.7674188613892,16.758876835512,60.4312608280284,77.5963024812586,22.6382705463882,48.3042631408118,33.3975958524515,116.716538844964,121.001243591309,117.515707749587,70.0606398582458,134.496379852295,128.686370849609,64.9720439910889
154.749231182161,68.1194604643693,90.7865000077955,70.604054145813,185.304130554199,0,168.43091583252,164.122551388211,188.873774846395,173.258155822754,179.575380325317,142.409629440308,226.401000976562,161.948801676432,189.568895339966,0,124.378988153794,103.376002283951,149.023345947266,119.414723037125,176.099655151367,135.595758878268,94.8817581407952,102.723873038914,150.35176453767,152.285741170247,102.174040913321,93.5916860062207,159.091237900105,168.549746061626,148.365993372599,0,0,157.260014851888,107.83984975179,109.31380253842,43.0449684954506,12.5402472036231,44.6435966667608,135.261313004927,0,134.959901587168,90.2010407122026,129.149373738359,101.036957877023,123.130349227573,85.9738233517378,134.851204463414,105.564117431641,116.157992031412,127.754971504211,75.2568407303248,48.7658362181618,81.8737960026182,62.5221759112638,156.205688476562,60.5021123120983,49.2006185804095,27.0929064659956,107.218418678541,98.0518010457357,30.3300933399644,28.1242096211318,70.1867907281828,134.929150031892,60.9100896333759,104.543893814087,91.7903213500977,120.109505017598,57.5516024405443
97.5698820260855,44.3569187190798,71.3234133074361,16.322757835675,83.7269294045188,0,117.062496730259,80.7472228297481,104.971810451774,36.7119882630139,98.7905485218969,118.301631047175,100.914852142334,85.343989780971,97.4580071189187,95.2767143249512,56.0493401477211,82.4619134085519,132.647041320801,110.278105559172,103.593021392822,60.7851935345194,30.1304053962231,66.1444196412058,58.0070355715673,81.9925334236839,87.631446254146,67.3249977054308,69.7096151303844,87.1097538206312,71.1108533190442,154.991744995117,116.655548095703,69.6009635925293,86.8245205512414,64.2416577772661,12.7737086089283,44.6435966667608,52.2885171329534,78.3636380004883,0,80.6257675667486,60.4059456904645,88.4416332951298,13.8659447000116,78.7009687039442,61.1289441320631,63.8776157658275,34.8954234022205,81.5473378429674,71.379189491272,42.4525349284327,57.6427640509673,84.7643204739219,61.0511170458438,85.448939868382,53.3638674744936,20.4473858634,51.5452362054434,34.7850645548839,16.1026490972156,49.306229368537,38.9185521670117,51.8560999986193,78.1349965165926,58.6447022747098,67.1027971465012,99.4022394816081,58.074828855453,64.5788237816465
