8.77108616341098,124.789978027344,96.4495660982079,62.3696409372183,79.2431834084647,68.7168807983398,87.0530061267671,32.0705331382351,66.6814561256996,65.1050357818604,61.0012351386567,129.866690063477,113.444896274143,214.755249023438,13.5417035024366,0,92.4620448521205,99.9041549636932,151.819107349102,127.934869093702,103.526029733511,78.428890200427,73.5730009078979,90.560248999625,77.0598629510891,0,119.353482185051,131.369093918219,68.9770472049713,14.5740924001622,33.5479441689932,167.776351928711,107.323982620239,32.9691199312116,80.2035237989277,142.910385131836,0,175.264678955078,78.6641527811686,0,0,0,137.027707417806,171.181009928385,94.1283645629883,163.983512878418,0,100.974548339844,0,0,0,121.295921325684,169.020696004232,0,0,135.36678314209,135.557159423828,128.768178667341,167.484909057617,121.669238878333,0,186.879262288411,179.835514068604,133.130543877097,149.846817016602,146.383371988932,0,0,133.594685872396,222.619064331055
124.789978027344,6.96267812068646,42.8591278791428,14.2523908506064,0,0,0,128.005079269409,0,71.8871242311671,0,56.1502187093099,106.430366516113,42.5628699522752,149.286428070068,0,57.5124477994615,52.8426298261522,98.7245779037476,73.6922581412575,0,91.5960521697998,23.0448354355602,60.07216968871,86.8922145693208,20.1446753822137,65.0486696355483,26.9725462456631,100.942333221436,138.209239959717,111.609685262044,65.3716389582707,0,95.7650299072266,53.6307207107544,146.641876220703,64.3961318969727,95.2546019554138,56.9549522399902,0,0,0,0,0,112.668281555176,196.362319946289,83.7628707885742,145.322448730469,103.976184082031,0,0,125.770328521729,111.973016738892,120.547930399577,102.834676742554,180.716331481934,0,48.1721858978271,144.96321105957,128.603564580282,75.5172754923503,84.9763796670096,88.9175891070299,190.524719238281,228.668869018555,0,0,0,0,0
96.4495660982079,42.8591278791428,13.0306122359682,55.5126075621574,127.071857452393,176.40784072876,151.026396258124,96.8041804410475,124.160303780718,110.672168530916,109.959343773978,100.467397901747,141.512226649693,148.444218953451,116.151499328353,150.500583103725,87.5070241800944,41.6323318487593,101.151662114841,83.2956922362451,174.284393310547,68.886101959445,48.1493182357069,32.4959645446897,106.723609514134,192.321563720703,37.9405369740667,36.8322877005244,79.4392978437352,136.095356859852,79.0718036067006,95.2636566162109,182.681604766846,105.540824625227,72.9432051043462,173.908157348633,102.64895413373,97.6952677009901,103.953599657331,0,0,198.825383504232,167.090252780914,190.126081466675,170.71379699707,179.502448187934,155.105224609375,0,163.724960327148,185.783040516412,0,112.252110799154,113.407298557575,161.457147216797,133.817357063293,0,132.196454789903,58.9850275923566,106.699473417258,174.342989603678,113.273151397705,114.295253955024,100.421707865525,163.366347292636,199.788386027018,154.82885496078,155.294727325439,0,163.06697845459,118.382365892518
62.3696409372183,14.2523908506064,55.5126075621574,35.714443060511,66.2536791633157,139.778448104858,113.256631313226,69.9205771805997,86.8592857519786,44.9274408249283,82.8519003126356,59.5628307845241,85.0096158981323,43.653620839119,88.8727091363136,95.0130577087402,47.2507611929096,77.48620180751,85.5706771850586,86.1222435845269,82.6090235710144,56.772888240804,29.519538079768,57.5654030320567,48.28871391967,17.6338894487762,67.1655707307484,36.4263676573158,58.7783224827447,76.4469209100208,57.2187685723115,74.1090629840719,133.372742207845,58.7062611096756,79.1736928884265,102.775880601671,46.8634250164032,87.6425630950928,33.5875631728262,126.497230529785,0,194.629913330078,80.7704818539503,100.885386875698,71.4502239960891,142.732207558372,68.8705800374349,87.575673421224,68.6492457389832,105.488324782428,0,74.8008934167715,99.5649264105435,74.6518201828003,101.427180396186,107.068927383423,74.0027413856326,26.8718991155748,82.9448058757376,73.3071157715537,39.7223267178786,79.1084241572115,73.9425123596191,87.8475352961843,96.9918589872472,77.9398943917793,92.2077975273132,0,83.8592098236084,107.837041967055
79.2431834084647,0,127.071857452393,66.2536791633157,7.99159399274848,133.737533569336,63.6409921292905,72.2980541229248,103.570389117835,50.7844811964405,17.3709231620488,155.052426147461,22.160406970742,0,109.359270593394,63.0586742988,0,204.51865234375,0,0,14.799894910744,102.980285644531,89.3555043538411,125.233692169189,20.3667121982195,127.676094055176,140.286832809448,148.039295959473,15.9296323169473,102.626374311225,131.708052062988,0,147.723072306315,81.2375769085354,99.7086243227304,152.882019042969,0,186.265716552734,81.8191235628995,25.6534232445971,230.674346923828,161.496647789365,146.463082162957,156.056726206904,87.7578709752936,146.668652123096,0,49.5952583729233,0,182.696192423503,93.9409828186035,161.243827819824,0,0,0,60.5384992890031,201.956848144531,0,181.547805786133,103.123377587694,0,0,214.708084106445,73.3822730544984,182.442471313477,0,0,0,172.998741149902,0
68.7168807983398,0,176.40784072876,139.778448104858,133.737533569336,7.17838650339978,12.095728168361,118.502440214157,28.9625336906805,52.9989635467529,106.711311479048,66.9932683308919,86.9434534917112,99.8420372009277,27.1220627968771,16.3041279208985,0,180.398920232599,97.1195882161458,154.416793823242,132.584604263306,152.10924391313,0,145.934392293294,94.9667897905622,0,200.339102608817,166.98989783393,126.184564787766,25.2870775936241,147.833408355713,0,9.67652842341451,110.186952590942,44.0090234544542,0,0,0,0,0,0,0,0,0,125.131523132324,0,0,0,0,0,0,0,0,0,0,0,0,0,0,181.548098246257,0,0,137.074615478516,185.435150146484,0,0,0,0,0,0
87.0530061267671,0,151.026396258124,113.256631313226,63.6409921292905,12.095728168361,10.6287617173654,59.8786213616551,21.3796985709624,66.8280585895885,33.3693751505133,87.5507050514221,20.7899645663756,97.9594271733211,35.2659021886324,15.274134595651,173.319869995117,165.934257303874,142.528754234314,178.491882324219,53.1787936771125,131.468667307208,130.311721801758,136.930205065795,84.126463598954,125.59792582194,173.689899186443,158.893373152789,50.6371859389052,46.2080097839786,125.345354318619,169.157745361328,31.3979159772696,93.9833915710449,83.7392644455184,195.813201904297,0,222.98641204834,107.651776631673,166.773023605347,0,163.733340454102,155.461303710938,180.525667975931,109.831399536133,169.197304135277,0,56.4398677008493,0,156.153121948242,127.802467346191,0,0,0,0,141.223432046396,176.814376831055,0,210.698641967773,136.337757031123,0,0,221.161022949219,167.368808019729,194.02396697998,184.148128509521,0,0,0,184.735214233398
32.0705331382351,128.005079269409,96.8041804410475,69.9205771805997,72.2980541229248,118.502440214157,59.8786213616551,10.0504639360469,64.9598993374045,62.5534380086263,13.0161429787837,141.997192637126,56.9239935071281,0,47.6055878414881,70.1567408587482,96.5559765497843,114.396248704709,161.076294793023,145.827889605266,137.356557046213,70.8008101966405,83.6252645987051,80.7019354239018,63.380493028911,186.650352478027,128.416548037698,111.483789014059,29.9652852127557,67.9778569803268,22.6693403992159,0,131.39297317877,60.491681439689,83.8041717231028,145.999754333496,0,175.872607000943,81.3913578928253,140.342351640974,0,157.475992642916,129.230547489264,155.557955932617,107.903882789612,140.927432516347,0,0,0,169.266603015718,115.619621276855,133.675344384235,194.841091918945,0,0,129.771686553955,136.567696465386,113.250454642556,158.959823176546,114.812122057069,0,191.391977483576,170.104234822591,129.30018501118,143.757610818614,132.058376752413,0,172.008987426758,133.290198008219,167.771593430463
66.6814561256996,0,124.160303780718,86.8592857519786,103.570389117835,28.9625336906805,21.3796985709624,64.9598993374045,11.7141517774408,81.2951275733209,31.6372482733837,91.287918150425,65.335859109632,118.343318757557,18.9178767172944,40.0283694372216,183.560806274414,135.533729611951,159.314664686048,157.728144076387,101.005545131496,104.612755228805,116.884414107711,114.766068989178,95.0671423342101,118.115299987793,145.724931975559,158.69668845292,86.4538681473765,52.0081816012303,84.5560688678334,120.317150115967,29.4854324315045,98.1799092754241,75.7123810308557,163.879449462891,165.087066650391,190.44063873291,104.682692983876,171.718350923978,0,179.419099595812,150.838141396781,167.836276564487,110.8039894104,168.426908422399,139.750534057617,131.01530231129,122.11149597168,187.70716725225,225.915237426758,195.329238891602,207.671951293945,0,193.437026977539,155.240628842954,172.331497192383,147.652372572157,192.028205871582,140.619240429384,0,209.276106698172,196.738829990603,152.610539810248,178.90580191979,170.139511871338,0,0,160.004623413086,179.041707356771
65.1050357818604,71.8871242311671,110.672168530916,44.9274408249283,50.7844811964405,52.9989635467529,66.8280585895885,62.5534380086263,81.2951275733209,7.09544216754136,78.978967996744,123.221319264379,9.89773277785834,116.917089950207,89.0535223432582,20.0511156531209,63.6665363311768,126.574013137817,159.841857910156,139.959364318848,43.9394118465594,48.2806186676025,28.9628460662374,117.791228799259,24.3564227847046,95.9721114206131,130.338184055529,97.2682795295636,54.6700901821578,81.1199239817533,56.3651727650264,136.515384674072,133.418486458915,65.2465231498463,81.2227951830084,118.11025428772,192.020797729492,174.968536376953,38.9297205318104,80.5384866966392,182.238708496094,108.871719360352,103.836839463976,116.088766098022,41.9481154110121,109.820029625526,0,64.1591696868072,167.441017150879,144.455726623535,57.751475016276,0,210.409805297852,0,188.199630737305,85.3164543151856,0,128.906293869019,162.66108194987,60.0944144777257,146.897094726562,176.068569407744,173.925746570934,97.280373174494,118.675252278646,90.5080159505208,0,161.637023925781,141.702295939128,134.719701494489
61.0012351386567,0,109.959343773978,82.8519003126356,17.3709231620488,106.711311479048,33.3693751505133,13.0161429787837,31.6372482733837,78.978967996744,9.11627924607821,145.717864505828,33.6400412693229,165.889874776204,41.7340642743351,62.0438984206437,112.192182540894,142.852737604186,170.317886352539,170.351089795431,18.3701559491452,84.8301287318123,93.408675260322,97.9474047773975,55.7435050887111,150.130381266276,142.562184538436,121.773252295615,20.2759250808121,91.5333468709185,76.2706175256283,0,126.535335218549,73.6788848796523,92.5090338982476,151.055374145508,0,182.927730984158,94.3548902893066,117.696034793196,0,169.150356687348,151.766187733617,162.90172153049,101.286813070608,161.165821018504,0,64.6356832176257,0,183.690775553385,136.13265838623,154.147395663791,0,0,0,127.892814282378,183.302459716797,129.364945547921,170.322180747986,118.990560844397,0,195.597854614258,181.071577148438,146.832707023621,180.722309875488,162.025810935281,0,0,157.141609191895,173.659683227539
129.866690063477,56.1502187093099,100.467397901747,59.5628307845241,155.052426147461,66.9932683308919,87.5507050514221,141.997192637126,91.287918150425,123.221319264379,145.717864505828,13.1032870892597,152.750270462036,25.9588762073856,75.5079972371371,62.8273849487305,109.954330444336,49.7239499862955,25.7665564529591,24.6685718310006,146.910866115404,100.874106398416,98.5611205328078,94.3287521260579,149.854101883738,31.1781568214125,19.6706866386057,59.6495846933322,137.695495466752,65.0590915742468,102.619260665474,21.7449016045293,66.0625151547519,95.4622270942915,26.192843428543,0,0,146.340420722961,71.5016555786133,0,0,0,210.6435546875,0,164.262733459473,220.508377075195,83.6955514130769,214.711853027344,84.9189799033989,0,0,133.669219970703,163.271850585938,98.4056977771577,119.629646846226,212.526733398438,0,134.149743652344,203.221984863281,203.848406110491,83.55341393607,109.719634608219,107.788226182294,211.93564453125,0,195.739990234375,103.619199117025,0,0,135.975912475586
113.444896274143,106.430366516113,141.512226649693,85.0096158981323,22.160406970742,86.9434534917112,20.7899645663756,56.9239935071281,65.335859109632,9.89773277785834,33.6400412693229,152.750270462036,10.4357318737487,166.36457824707,111.880069874389,12.5964234283055,186.887756347656,184.23695034451,0,182.55753326416,15.4229051407776,113.142476008489,87.0597095489502,143.703783671061,22.1662746805292,0,180.778889247349,144.410525778066,44.4514126430085,105.687622673427,134.567431858608,0,135.790035568665,97.24607026577,104.514550191052,0,0,0,89.4287033081055,50.304654010411,0,59.2253336191177,126.142306009928,124.196737501356,83.7650865408091,54.4259131881926,0,14.6568509298419,0,129.989395760201,81.628514289856,179.579124450684,0,185.002906799316,0,18.8673437750929,199.558151245117,0,194.221408843994,105.212196903844,0,241.902359008789,210.307815551758,139.300843238831,136.715060424805,0,0,183.455337524414,0,126.26518758138
214.755249023438,42.5628699522752,148.444218953451,43.653620839119,0,99.8420372009277,97.9594271733211,0,118.343318757557,116.917089950207,165.889874776204,25.9588762073856,166.36457824707,7.29309963718642,90.8640096725956,0,130.209457397461,133.590150197347,49.927925344457,69.0092414220174,161.630798339844,0,85.7060150146484,148.207907782661,133.275863451835,16.8571324532068,24.2677591624947,29.0582323021181,160.318199157715,88.8664801461356,138.734024047852,10.1292445441207,87.1565533127896,0,55.8058662513207,0,96.4930534362793,170.141169230143,57.2579118829024,0,0,0,0,0,167.717769622803,0,73.1317449002653,0,73.9251749142391,163.418792724609,0,0,183.164393107096,83.7024943975755,95.7719683439835,0,0,137.152913774763,0,183.091926574707,60.387850921933,86.4990047836304,91.0931802262931,226.979095458984,208.830146789551,0,83.8907838282378,0,0,93.1045276641846
13.5417035024366,149.286428070068,116.151499328353,88.8727091363136,109.359270593394,27.1220627968771,35.2659021886324,47.6055878414881,18.9178767172944,89.0535223432582,41.7340642743351,75.5079972371371,111.880069874389,90.8640096725956,10.0324047863552,58.4853757132947,122.485718318394,121.650541883976,143.282078973178,143.038785802401,106.926064376676,102.51498468981,101.78413016336,108.913450635301,97.5667637081672,102.859213692801,138.790342823646,151.7084525914,89.3699926663563,15.4735961209345,67.3501845222119,136.330535888672,16.6654441691344,48.8199927340383,55.7945418321028,161.279823303223,0,184.363776467063,100.966204129733,192.381932576497,0,186.947374343872,158.271466233995,190.46470896403,122.844069671631,184.383594767253,0,132.781702041626,199.585601806641,190.381703096278,0,170.981541224888,200.456363677979,0,202.07022857666,143.786434173584,160.876253763835,149.21562610973,190.732000350952,154.481679497696,191.691558837891,196.741635774311,193.104005484745,157.366077451778,175.758481642779,156.463749476842,0,0,157.962140863592,193.03964468149
0,0,150.500583103725,95.0130577087402,63.0586742988,16.3041279208985,15.274134595651,70.1567408587482,40.0283694372216,20.0511156531209,62.0438984206437,62.8273849487305,12.5964234283055,0,58.4853757132947,8.58364462444909,0,0,167.173553466797,0,44.0232052896537,128.484397888184,105.270917256673,133.63520304362,40.5759910230535,139.321807861328,154.663648332868,154.716192626953,78.068876557431,60.6903416951497,86.9122797648112,0,46.6270420337545,86.4860763549805,93.9287868075901,0,0,0,0,123.332087198893,0,176.102531433105,168.019027709961,0,48.6490497589111,159.774688720703,0,61.1134996414185,0,0,0,0,0,0,0,93.5140329996745,0,150.045822143555,0,96.2796157836914,0,0,0,151.047523498535,0,0,0,0,0,224.906433105469
92.4620448521205,57.5124477994615,87.5070241800944,47.2507611929096,0,0,173.319869995117,96.5559765497843,183.560806274414,63.6665363311768,112.192182540894,109.954330444336,186.887756347656,130.209457397461,122.485718318394,0,13.695642999134,113.103778098946,138.810003662109,139.264344024658,99.2324981689453,25.3036423701066,35.4784479413336,23.7780542928334,22.1042286301833,102.28881072998,132.733682225962,40.3660370354714,36.721984944935,102.033559163411,75.7350756724675,0,147.012008666992,77.0916512902103,88.4665112984486,137.955586751302,96.8713264465332,117.199083726183,104.089876676861,0,0,168.516487121582,158.985011291504,178.630872453962,153.430404663086,184.344778442383,0,0,0,167.795875549316,0,106.0058597541,134.659243774414,0,150.043731689453,0,128.466035738858,62.3448970265015,110.23427713008,137.338083902995,0,170.686332009055,115.27200670835,143.372471202504,126.674411773682,124.785564240955,0,0,0,148.901597159249
99.9041549636932,52.8426298261522,41.6323318487593,77.48620180751,204.51865234375,180.398920232599,165.934257303874,114.396248704709,135.533729611951,126.574013137817,142.852737604186,49.7239499862955,184.23695034451,133.590150197347,121.650541883976,0,113.103778098946,10.5227753519753,66.5872238253054,25.0616632374663,172.149391174316,65.2201857848834,85.6194793850768,27.34220009702,138.498451899556,78.299674987793,31.1020239289252,69.7229906457259,114.991094072959,109.387264100099,77.437351663651,117.185272761754,171.538135681152,87.5048871896206,40.5114253714994,211.557510375977,92.2865634494358,119.093413673153,112.576795477616,201.666534423828,0,195.600219726562,199.850299835205,207.760265350342,178.531684875488,210.681213378906,176.916839599609,228.81623840332,195.65510559082,194.831380208333,0,150.941446940104,128.40463104248,122.653709411621,137.706356593541,0,176.643188476562,112.796771022252,147.487822099165,179.888086954753,100.938018798828,118.286992168427,120.458861790346,180.718850029839,148.404510498047,192.607580566406,0,0,184.142547607422,136.992459615072
151.819107349102,98.7245779037476,101.151662114841,85.5706771850586,0,97.1195882161458,142.528754234314,161.076294793023,159.314664686048,159.841857910156,170.317886352539,25.7665564529591,0,49.927925344457,143.282078973178,167.173553466797,138.810003662109,66.5872238253054,7.38266137873078,19.3499267577203,207.60546875,121.323648340562,116.42175579071,110.939438996492,170.986123221261,44.3447851816813,33.7112451217466,67.952385265603,159.721368677476,132.580923451673,122.405940464565,55.2467135355144,107.880766126845,121.982996368408,63.6662002924802,0,146.144454956055,154.482309977214,97.4520843505859,0,0,0,0,0,202.648391723633,0,86.1494068145752,0,94.173951285226,0,0,187.67350769043,160.130827903748,108.351642533845,117.239098288796,0,0,156.94514465332,198.158348083496,242.788696289062,82.4751697408742,109.117157315745,115.801711322052,0,0,0,101.529377937317,0,0,121.727311876085
127.934869093702,73.6922581412575,83.2956922362451,86.1222435845269,0,154.416793823242,178.491882324219,145.827889605266,157.728144076387,139.959364318848,170.351089795431,24.6685718310006,182.55753326416,69.0092414220174,143.038785802401,0,139.264344024658,25.0616632374663,19.3499267577203,11.2936425442664,169.822158813477,101.237646561466,110.41457601694,83.7005540126708,166.675632476807,46.4584066217596,35.2037142614896,75.775733535822,138.048101625944,122.138844393194,103.054410198177,79.053384576525,109.105841573079,102.218097384014,46.0056444291364,202.606628417969,122.670715332031,139.895606669974,132.31239827474,0,0,0,0,219.718236287435,201.101127624512,0,112.806346893311,0,104.189797537667,220.964233398438,0,203.577285766602,133.691164652507,104.383173806327,119.817142589672,0,144.588195800781,141.465385783802,177.696426391602,210.645988464355,86.8272763466348,112.320959723367,121.597687100255,227.861289978027,189.598098754883,192.924560546875,99.5570373535156,0,0,141.463279088338
103.526029733511,0,174.284393310547,82.6090235710144,14.799894910744,132.584604263306,53.1787936771125,137.356557046213,101.005545131496,43.9394118465594,18.3701559491452,146.910866115404,15.4229051407776,161.630798339844,106.926064376676,44.0232052896537,99.2324981689453,172.149391174316,207.60546875,169.822158813477,12.5441904403727,147.635813395182,112.914943695068,183.342138290405,26.2081083505752,0,206.623458862305,146.500381469727,29.9799312382248,103.474510340775,145.886984507243,0,141.962347801695,102.181277626439,98.4068245371436,0,0,0,88.2378153483073,30.9368526498303,0,149.835757700602,163.562349955241,186.013087879528,94.3643505389874,152.0953326634,0,30.3627749184767,0,184.460830688477,102.102563222249,152.386840820312,0,0,0,52.2953437731701,0,0,0,119.164781962803,0,0,0,139.943377195086,205.54167175293,247.822570800781,0,0,0,164.983459472656
78.428890200427,91.5960521697998,68.886101959445,56.772888240804,102.980285644531,152.10924391313,131.468667307208,70.8008101966405,104.612755228805,48.2806186676025,84.8301287318123,100.874106398416,113.142476008489,0,102.51498468981,128.484397888184,25.3036423701066,65.2201857848834,121.323648340562,101.237646561466,147.635813395182,12.546741533728,60.8327833842009,27.870409808517,62.0315965872975,117.689666748047,105.483792584352,64.732540103019,28.3362532674663,82.7550077293125,27.4279203632348,144.846811930339,163.728009541829,57.4964150006258,46.8732396185271,163.842658996582,207.416320800781,142.029378981817,82.8257726033529,0,0,0,171.741065216064,155.174362182617,149.656173706055,235.598968505859,0,0,0,146.566683632987,0,123.576720532076,151.276163373675,0,180.080749511719,215.056457519531,129.420740409519,82.5439460152074,128.266342118075,139.570751074589,0,179.191693115234,147.123341636936,137.364525464116,142.122718811035,132.150636815313,0,0,154.150900522868,169.138172912598
73.5730009078979,23.0448354355602,48.1493182357069,29.519538079768,89.3555043538411,0,130.311721801758,83.6252645987051,116.884414107711,28.9628460662374,93.408675260322,98.5611205328078,87.0597095489502,85.7060150146484,101.78413016336,105.270917256673,35.4784479413336,85.6194793850768,116.42175579071,110.41457601694,112.914943695068,60.8327833842009,9.39813906506366,55.2781016926275,37.1282130253473,63.0006359672994,94.5452410169869,36.0430408173806,62.4376268084087,68.221533526545,55.2012824342343,106.486655235291,181.618026733398,53.3791589901365,75.2885234057903,0,132.268748474121,76.8114622400162,106.361315507155,144.258071899414,0,0,147.700625610352,160.356190490723,91.3825362069266,155.291801452637,0,0,164.450584411621,178.88436126709,0,60.4385350758597,135.057362420218,145.626708984375,164.052856445312,123.093618392944,79.7311925888062,17.8861465569175,72.1176845339227,105.78051794143,140.290267944336,129.785309424767,81.2999471280441,123.037048008131,179.94856262207,107.759290059408,167.606369018555,0,148.841583251953,100.642798105876
90.560248999625,60.07216968871,32.4959645446897,57.5654030320567,125.233692169189,145.934392293294,136.930205065795,80.7019354239018,114.766068989178,117.791228799259,97.9474047773975,94.3287521260579,143.703783671061,148.207907782661,108.913450635301,133.63520304362,23.7780542928334,27.34220009702,110.939438996492,83.7005540126708,183.342138290405,27.870409808517,55.2781016926275,15.8805692055128,73.7343156459839,96.8960749308268,71.302971652659,49.4483371265534,58.2319255306009,103.625183204859,55.6445962670963,138.067228317261,144.75559091568,81.3559087473771,53.2008084021893,178.613006591797,117.443434715271,106.013018935897,127.715350151062,0,0,182.931838989258,169.360220718384,186.703137046412,179.915626525879,179.111001265676,145.31591796875,0,0,187.377463340759,229.527084350586,106.798126867262,126.377455109531,0,176.740600585938,0,132.017186576937,69.9902886461763,112.27809144576,160.090528488159,0,145.597733354146,111.177994927179,157.301387786865,165.14612197876,144.164104755108,0,0,175.652191162109,129.453043383221
77.0598629510891,86.8922145693208,106.723609514134,48.28871391967,20.3667121982195,94.9667897905622,84.126463598954,63.380493028911,95.0671423342101,24.3564227847046,55.7435050887111,149.854101883738,22.1662746805292,133.275863451835,97.5667637081672,40.5759910230535,22.1042286301833,138.498451899556,170.986123221261,166.675632476807,26.2081083505752,62.0315965872975,37.1282130253473,73.7343156459839,10.6782840645316,112.404706648594,149.148877871239,95.5267573868983,20.147020648666,86.6941044512636,73.2499378788992,157.792821248372,138.717479783662,69.0520073315716,83.0245039730537,137.860364990234,0,160.03375076921,63.8313987886649,113.681421739405,0,138.374989841074,120.502353296984,141.343309100148,70.1635668165466,129.967679634037,218.994451904297,105.763147409411,0,160.966475906906,98.2171745300293,123.302634255928,192.895044500178,210.484382629395,209.433723449707,109.869862745693,141.893948246883,96.9040453726785,143.548236959785,92.6750431586778,180.954681396484,188.132289886475,164.113344270039,120.541875218743,153.730381200343,133.628069416458,217.271713256836,185.346164703369,130.958529578315,149.22215602083
0,20.1446753822137,192.321563720703,17.6338894487762,127.676094055176,0,125.59792582194,186.650352478027,118.115299987793,95.9721114206131,150.130381266276,31.1781568214125,0,16.8571324532068,102.859213692801,139.321807861328,102.28881072998,78.299674987793,44.3447851816813,46.4584066217596,0,117.689666748047,63.0006359672994,96.8960749308268,112.404706648594,6.78893912710275,47.8041703701019,15.4130151677506,128.230225563049,74.5588363647461,0,46.7164042663574,84.1582069396973,0,47.7733538521661,0,63.873225318061,0,30.4827234549601,188.629826863607,0,0,0,0,151.422318594796,221.266067504883,65.9999033370108,0,58.7381386031275,173.961318969727,148.615097045898,0,126.838008880615,72.2406283603625,74.3446140289307,169.246719360352,0,108.184467951457,181.089614868164,167.001264572144,37.697153327441,70.6281993649412,73.2357145825272,0,156.627578735352,158.896911621094,77.881468636649,0,0,88.1556454826804
119.353482185051,65.0486696355483,37.9405369740667,67.1655707307484,140.286832809448,200.339102608817,173.689899186443,128.416548037698,145.724931975559,130.338184055529,142.562184538436,19.6706866386057,180.778889247349,24.2677591624947,138.790342823646,154.663648332868,132.733682225962,31.1020239289252,33.7112451217466,35.2037142614896,206.623458862305,105.483792584352,94.5452410169869,71.302971652659,149.148877871239,47.8041703701019,19.495901188757,47.2146291024506,128.053896728263,143.151280152798,110.337387065792,27.1914342604679,145.077376832353,128.331060863677,72.2640886617597,206.450472513835,90.9322282432905,113.876937416667,91.1595275565369,0,0,241.041656494141,194.736335060813,221.722370147705,189.887630939484,185.944064331055,91.2550964355469,233.333984375,100.21677688532,208.505511197177,0,166.087162218596,120.565722708867,107.06789944623,106.700304383213,199.85871887207,175.398253496955,133.662246503328,162.050095113118,186.547819992592,78.8376124676009,100.249503090002,105.657557965551,199.113529968262,181.456340244838,177.543171222393,113.429910857102,0,160.15559387207,108.0503543468
131.369093918219,26.9725462456631,36.8322877005244,36.4263676573158,148.039295959473,166.98989783393,158.893373152789,111.483789014059,158.69668845292,97.2682795295636,121.773252295615,59.6495846933322,144.410525778066,29.0582323021181,151.7084525914,154.716192626953,40.3660370354714,69.7229906457259,67.952385265603,75.775733535822,146.500381469727,64.732540103019,36.0430408173806,49.4483371265534,95.5267573868983,15.4130151677506,47.2146291024506,15.7149102636076,78.9362573596736,137.388189224556,114.651995193453,27.6421042521194,146.212821960449,119.415679727646,73.8308287094976,180.08506665911,91.5717965269241,101.445213529906,81.5721150398254,177.664556715224,0,201.198237101237,176.490070027151,193.917271058951,177.703999637218,183.614060867664,85.5231409790695,211.404636383057,91.6344263121139,196.369530359904,175.373463948568,109.157920331586,115.845122176433,100.948949190286,107.1109542744,174.812455829821,139.242785578189,57.3400900807705,110.673720938719,163.553659135645,73.9810792430755,98.7004688680512,100.636815657002,166.434211522883,195.880839824677,172.129864807129,108.843471441054,0,162.989008903503,115.550074380343
68.9770472049713,100.942333221436,79.4392978437352,58.7783224827447,15.9296323169473,126.184564787766,50.6371859389052,29.9652852127557,86.4538681473765,54.6700901821578,20.2759250808121,137.695495466752,44.4514126430085,160.318199157715,89.3699926663563,78.068876557431,36.721984944935,114.991094072959,159.721368677476,138.048101625944,29.9799312382248,28.3362532674663,62.4376268084087,58.2319255306009,20.147020648666,128.230225563049,128.053896728263,78.9362573596736,10.1644067870207,84.9264195720776,36.1325598043353,152.315170288086,136.309895987463,63.8565917420068,71.2639093654896,137.407068575346,173.402481079102,152.011489963531,76.1705304867147,134.115878423055,0,148.934104185838,122.996434163491,150.549567427591,98.2662525037779,145.154998841157,203.363864135742,107.100252106076,0,154.721084640412,125.232879638672,121.756699918496,175.987648963928,0,198.615488688151,126.989036291213,139.843772468986,104.11495104703,142.821444124789,109.153241831668,0,189.375722784745,156.317805639382,126.399263247033,147.09438587211,128.254678185565,0,209.070327758789,128.275989151001,149.242467941776
14.5740924001622,138.209239959717,136.095356859852,76.4469209100208,102.626374311225,25.2870775936241,46.2080097839786,67.9778569803268,52.0081816012303,81.1199239817533,91.5333468709185,65.0590915742468,105.687622673427,88.8664801461356,15.4735961209345,60.6903416951497,102.033559163411,109.387264100099,132.580923451673,122.138844393194,103.474510340775,82.7550077293125,68.221533526545,103.625183204859,86.6941044512636,74.5588363647461,143.151280152798,137.388189224556,84.9264195720776,10.9536881974072,37.8183415968483,98.4371765136719,14.22296639636,16.6199742315637,40.1484239366091,149.663652208116,0,171.476445515951,93.9208066021955,159.582210540771,0,181.817425814542,149.793997531467,183.686234973726,124.962190628052,166.054190158844,232.380477905273,115.511455335115,0,179.950079525218,0,129.477965672811,195.845932006836,0,0,161.799327248021,142.162479031471,206.364379882812,173.833842976888,143.06755418307,0,186.900904178619,188.32622551918,145.460314002955,156.245029225069,140.890344407823,0,0,155.377573649089,169.233902379086
33.5479441689932,111.609685262044,79.0718036067006,57.2187685723115,131.708052062988,147.833408355713,125.345354318619,22.6693403992159,84.5560688678334,56.3651727650264,76.2706175256283,102.619260665474,134.567431858608,138.734024047852,67.3501845222119,86.9122797648112,75.7350756724675,77.437351663651,122.405940464565,103.054410198177,145.886984507243,27.4279203632348,55.2012824342343,55.6445962670963,73.2499378788992,0,110.337387065792,114.651995193453,36.1325598043353,37.8183415968483,10.3336720892915,131.9033203125,129.095812988281,39.9103666517729,39.7676657645425,130.985549621582,0,153.057012176514,73.170802234468,147.49333190918,0,169.390280151367,126.006677472914,170.014953613281,119.51495997111,158.625292460124,203.014549255371,149.670227050781,0,151.371892081367,0,111.718715243869,167.546742757161,0,191.682495117188,178.623931884766,128.481982116699,94.8291976928711,150.255299925804,125.709480171773,0,179.767125982987,159.031530107771,123.963507568952,137.375405858775,125.437810961104,0,0,127.821195373535,144.679893493652
167.776351928711,65.3716389582707,95.2636566162109,74.1090629840719,0,0,169.157745361328,0,120.317150115967,136.515384674072,0,21.7449016045293,0,10.1292445441207,136.330535888672,0,0,117.185272761754,55.2467135355144,79.053384576525,0,144.846811930339,106.486655235291,138.067228317261,157.792821248372,46.7164042663574,27.1914342604679,27.6421042521194,152.315170288086,98.4371765136719,131.9033203125,4.95585032121222,106.496611277262,0,77.7505552796112,0,139.699249267578,134.806091308594,62.5680313110352,0,0,0,0,0,176.721145629883,0,91.9267752965291,0,92.5573531674667,152.462448120117,0,0,0,107.882159689198,126.410179773966,0,0,153.203826904297,0,0,81.8129813058036,106.332737542887,111.052909943552,0,0,0,105.522478866577,0,0,110.31075668335
107.323982620239,0,182.681604766846,133.372742207845,147.723072306315,9.67652842341451,31.3979159772696,131.39297317877,29.4854324315045,133.418486458915,126.535335218549,66.0625151547519,135.790035568665,87.1565533127896,16.6654441691344,46.6270420337545,147.012008666992,171.538135681152,107.880766126845,109.105841573079,141.962347801695,163.728009541829,181.618026733398,144.75559091568,138.717479783662,84.1582069396973,145.077376832353,146.212821960449,136.309895987463,14.22296639636,129.095812988281,106.496611277262,5.32864521601032,88.1609654146082,43.5809073147811,0,0,235.306503295898,141.462056477865,0,0,0,205.772684733073,209.86442565918,137.181922912598,188.421585083008,0,150.32568359375,0,0,0,0,0,0,0,149.940460205078,0,0,0,187.575770060221,0,0,141.003692626953,191.078716571514,225.425765991211,192.42087097168,0,0,0,0
32.9691199312116,95.7650299072266,105.540824625227,58.7062611096756,81.2375769085354,110.186952590942,93.9833915710449,60.491681439689,98.1799092754241,65.2465231498463,73.6788848796523,95.4622270942915,97.24607026577,0,48.8199927340383,86.4860763549805,77.0916512902103,87.5048871896206,121.982996368408,102.218097384014,102.181277626439,57.4964150006258,53.3791589901365,81.3559087473771,69.0520073315716,0,128.331060863677,119.415679727646,63.8565917420068,16.6199742315637,39.9103666517729,0,88.1609654146082,6.94084101096073,43.3076597733343,128.251719156901,0,154.811185201009,83.4518357276916,157.807097117106,0,175.280099051339,134.228354380681,144.302398681641,125.740805625916,156.409353855678,0,154.436686197917,0,158.543540106879,0,125.659854343959,197.831398010254,0,0,137.457754225958,119.619035993304,121.255359649658,147.905754089355,120.661240821661,160.133666992188,171.032592773438,177.537931002103,133.289730232303,170.161496639252,123.066594292136,0,0,125.281117757161,143.835717773437
80.2035237989277,53.6307207107544,72.9432051043462,79.1736928884265,99.7086243227304,44.0090234544542,83.7392644455184,83.8041717231028,75.7123810308557,81.2227951830084,92.5090338982476,26.192843428543,104.514550191052,55.8058662513207,55.7945418321028,93.9287868075901,88.4665112984486,40.5114253714994,63.6662002924802,46.0056444291364,98.4068245371436,46.8732396185271,75.2885234057903,53.2008084021893,83.0245039730537,47.7733538521661,72.2640886617597,73.8308287094976,71.2639093654896,40.1484239366091,39.7676657645425,77.7505552796112,43.5809073147811,43.3076597733343,13.5348203880796,146.483879089355,109.140870094299,123.666060956319,93.953098042806,159.980201721191,0,164.816245185004,147.982569037543,172.175474984305,128.306282043457,170.381245332606,111.989147186279,134.371549224854,115.503672281901,169.744463752298,0,123.670939551459,127.073123442821,119.54141998291,152.793173653739,153.393605804443,141.509838451039,93.7198080839934,137.513446900903,135.216730098134,136.853126525879,129.05156025742,125.784479581393,153.118102058532,151.986460208893,152.594154052734,100.994194030762,0,141.515335083008,156.907983259721
142.910385131836,146.641876220703,173.908157348633,102.775880601671,152.882019042969,0,195.813201904297,145.999754333496,163.879449462891,118.11025428772,151.055374145508,0,0,0,161.279823303223,0,137.955586751302,211.557510375977,0,202.606628417969,0,163.842658996582,0,178.613006591797,137.860364990234,0,206.450472513835,180.08506665911,137.407068575346,149.663652208116,130.985549621582,0,0,128.251719156901,146.483879089355,13.1530797130793,132.245050430298,117.735842788429,67.4550972799969,87.2026740587675,114.469383239746,95.1535209449562,21.9413893266158,77.5859217093541,65.3680247352237,75.0287758563198,123.430565081145,99.653491973877,134.272708892822,14.4310937966392,104.413444519043,88.5269925859239,109.82243165018,139.983729383681,130.880364939653,81.2511825561523,93.1175825379112,73.2551443410474,104.320738739763,73.8996426611488,0,131.601648370703,142.220563095228,78.2672127449867,14.6408672322671,19.587897556675,156.879992675781,88.4331307411194,44.5198850198226,80.9477148090212
0,64.3961318969727,102.64895413373,46.8634250164032,0,0,0,0,165.087066650391,192.020797729492,0,0,0,96.4930534362793,0,0,96.8713264465332,92.2865634494358,146.144454956055,122.670715332031,0,207.416320800781,132.268748474121,117.443434715271,0,63.873225318061,90.9322282432905,91.5717965269241,173.402481079102,0,0,139.699249267578,0,0,109.140870094299,132.245050430298,6.79925053797633,43.7213942076031,17.9739372744017,0,121.769386291504,0,137.394417762756,175.597259521484,74.8301401197985,112.15064239502,61.1622351752387,198.274024963379,61.569051044088,174.932778676351,137.404655456543,71.863114533601,65.8173455153361,84.6229670206706,71.7419477350572,152.992034912109,106.874664306641,27.444578232661,86.4167138735453,76.579905532741,24.6465424743306,58.1359805872566,34.0749771670698,111.234478343617,161.122762680054,132.103351593018,86.0784704420302,0,125.48592376709,70.9703609466553
175.264678955078,95.2546019554138,97.6952677009901,87.6425630950928,186.265716552734,0,222.98641204834,175.872607000943,190.44063873291,174.968536376953,182.927730984158,146.340420722961,0,170.141169230143,184.363776467063,0,117.199083726183,119.093413673153,154.482309977214,139.895606669974,0,142.029378981817,76.8114622400162,106.013018935897,160.03375076921,0,113.876937416667,101.445213529906,152.011489963531,171.476445515951,153.057012176514,134.806091308594,235.306503295898,154.811185201009,123.666060956319,117.735842788429,43.7213942076031,13.5227931000273,73.2088234288906,138.228101094564,197.73063659668,141.197410915209,102.09029723451,122.386435664596,121.569427728653,113.608704941265,159.252349853516,165.126538412912,96.6249618530273,123.773913880957,147.658485412598,92.8095413843791,43.0198498819139,102.197818476979,81.7393660322528,177.150257110596,66.2413370945336,46.563887848954,35.1901645868449,117.998654131619,115.755125045776,35.4927534663666,31.6301196259641,91.8689710937873,143.622982382774,95.8323283900876,102.824407477128,191.715456875888,122.757228748218,75.4045348496273
78.6641527811686,56.9549522399902,103.953599657331,33.5875631728262,81.8191235628995,0,107.651776631673,81.3913578928253,104.682692983876,38.9297205318104,94.3548902893066,71.5016555786133,89.4287033081055,57.2579118829024,100.966204129733,0,104.089876676861,112.576795477616,97.4520843505859,132.31239827474,88.2378153483073,82.8257726033529,106.361315507155,127.715350151062,63.8313987886649,30.4827234549601,91.1595275565369,81.5721150398254,76.1705304867147,93.9208066021955,73.170802234468,62.5680313110352,141.462056477865,83.4518357276916,93.953098042806,67.4550972799969,17.9739372744017,73.2088234288906,14.5736060260741,71.1257432431591,0,81.7142073754037,55.5640853025907,79.7909504672337,30.7254405747634,83.6337829107352,75.4320563361758,66.9814486238692,34.2089793995037,83.3299149483927,88.7600806386847,43.1154691658537,83.456297218455,73.6256099277072,72.1560627414334,62.3295097351074,56.8595705082655,36.8203747519651,68.8629880933201,40.8034502824015,16.4966012189478,55.8133864486427,45.6907390961104,56.1644218107711,74.7287693782286,56.56795237734,67.357771451356,133.165251922607,54.7535206316046,72.5380686753548
0,0,0,126.497230529785,25.6534232445971,0,166.773023605347,140.342351640974,171.718350923978,80.5384866966392,117.696034793196,0,50.304654010411,0,192.381932576497,123.332087198893,0,201.666534423828,0,0,30.9368526498303,0,144.258071899414,0,113.681421739405,188.629826863607,0,177.664556715224,134.115878423055,159.582210540771,147.49333190918,0,0,157.807097117106,159.980201721191,87.2026740587675,0,138.228101094564,71.1257432431591,8.94520213218897,132.054260253906,62.1685076961367,81.8252687698755,109.072028187872,49.543099750172,18.0089627967193,174.550282796224,18.8211940961096,0,118.328296264648,60.4244297429135,104.881546020508,177.794651031494,183.212097167969,0,13.9124804435038,116.028436933245,169.59602355957,133.590859731038,20.6344179959509,0,176.426986694336,139.703348977225,15.8556695272078,110.451114085683,133.237702051798,0,147.471630096436,108.079762935638,111.691084488578
