10.0606807540799,0,106.722833113813,66.65333728467,74.8205478892607,66.7266159057617,57.8721986371417,32.1644364632761,16.1669428841479,68.4537083943685,53.5127818801186,122.784419666637,75.2603029321741,136.442729949951,12.7878055280925,40.1989199320475,155.167663574219,104.123476897376,146.982182820638,129.777613283983,71.526856912149,79.6737294897333,77.0861696879069,96.2551923529234,74.8515443321612,0,120.128883059432,131.716517028809,67.9315078187844,11.8159410062945,38.8367198497161,0,68.9128845214844,38.9243507180895,76.3408732201372,139.928451538086,0,183.000439114041,90.9014994303385,0,0,0,149.249472618103,149.444527762277,131.431915283203,0,230.222610473633,0,0,157.150263468424,164.337265014648,124.524478912354,183.521102905273,246.242263793945,177.400375366211,152.170104980469,135.426516215007,118.873697280884,173.339561462402,126.850303084762,0,211.223356246948,171.380459953757,133.702837927867,170.080316162109,132.518900090998,0,0,153.967895507812,183.336524963379
0,8.75941223361167,51.6511872031472,8.08824436338539,0,0,0,0,174.954795837402,69.4603301048279,0,59.7880389313949,0,55.5929325643173,141.779220581055,92.6397323608398,57.2263986687911,77.3679470735438,86.7866073608398,74.4239074244644,0,91.17138671875,26.4277978472466,84.3605749947684,74.1020125237064,32.0325973836051,65.4631964943626,39.3356539467307,115.510681152344,139.744341532389,143.975677490234,70.205281330989,0,0,68.6923879322253,0,11.7030172451683,72.7371249728733,34.3075899839401,0,0,0,0,0,0,0,111.149920145671,0,103.109122576032,200.082275390625,0,66.753002166748,108.272922515869,137.949466705322,121.913261413574,0,0,74.5426597595215,132.283126831055,155.638703918457,84.9910942526425,113.380149509596,94.4486654670677,186.602783203125,0,0,122.06096572876,0,0,146.681064605713
106.722833113813,51.6511872031472,12.4050135545799,60.1089726464223,115.269639587402,175.218605041504,136.183475088566,90.1258516093462,119.365345045321,134.352747136896,98.7163478815667,82.2663853732022,144.695696512858,93.888623046875,112.551017882884,131.238135655721,99.3462005028358,40.0943792211201,99.9792685257761,76.5810673713684,0,72.2093568348384,77.0515178923911,30.8415717705237,106.539248895208,108.783489227295,38.080443291209,25.5150866281097,68.8120429297377,115.156693587569,95.0990658884463,100.139516830444,190.127548217773,105.489791621333,58.9702998848228,168.158469063895,75.846241792043,92.210206592083,79.105918450789,0,0,0,166.029933929443,182.723140043371,131.209033966064,163.524542914497,142.159926096598,0,134.244720458984,179.933577219645,0,111.406139992379,107.610036358391,158.113522120884,129.103099459694,0,125.37576675415,67.6495354501825,99.6082780975656,149.285163477847,0,108.291734396445,96.7536553007899,150.999660981007,158.998050265842,138.974107222124,141.173690795898,0,188.90852355957,110.947858101981
66.65333728467,8.08824436338539,60.1089726464223,18.4874513792188,59.0787285168966,105.442710113525,97.9313744817461,56.8137932680966,87.0761254368996,26.3956057968661,83.1632974923375,62.3978470238772,82.7079111735026,48.6477484281371,85.8560956266737,69.9491391181946,41.4938281395735,77.2790482223675,88.3770403180804,83.4494360755472,103.407563781738,56.079668120747,18.130021171914,53.2488162791143,40.6954183733534,20.3665497108742,66.6272385504938,38.957724565816,52.9905579947301,70.0101256561279,55.5051682655628,69.8939448337929,119.166108703613,53.7089504690731,72.8357323075537,79.904211807251,14.4130017386542,71.6419978763746,17.4504904232437,88.3053665161133,0,109.663703918457,93.0230304265426,112.885583212209,25.9144905480472,102.211096445719,119.801348599521,130.186134338379,86.8226016998291,114.782380715395,102.601852416992,51.2796961301333,99.6244177682059,97.0600744883219,103.246449061802,117.56111907959,66.5004159678584,10.3720714423629,68.0303551458543,62.3416703101988,42.5902789872268,89.2814298902239,73.2740769628394,70.9035361666198,94.6459170948375,70.3533009564435,92.909636815389,135.520843505859,81.432099709144,85.1913501194545
74.8205478892607,0,115.269639587402,59.0787285168966,8.82709865921216,139.01545715332,40.3831309212579,67.6036971899179,70.4969683208981,50.0641588310286,15.6081781977992,160.673686981201,22.9751440017506,0,96.7513710228173,70.0301869710286,0,151.434595743815,0,0,12.4608585621949,96.8309555053711,63.9988479614258,147.537333170573,15.276611572252,0,151.059119330512,123.783034188407,15.5437318502653,82.4897761524172,84.572003364563,0,140.339218139648,70.8680499342621,83.382547347272,0,0,157.146282196045,82.4376590251923,8.30973121104949,0,144.87702664462,128.189493656158,133.567281450544,80.0729335438121,52.0737897144664,166.101547241211,23.1990206445733,0,139.653294881185,0,0,0,0,0,14.204185195756,127.226448059082,108.59351348877,0,78.5613123114391,167.462310791016,0,194.835705566406,64.9309932971269,155.848283555773,145.192962646484,0,0,139.013137817383,162.601974487305
66.7266159057617,0,175.218605041504,105.442710113525,139.01545715332,6.29066617808505,8.70774230847951,117.981675284249,11.0917605456374,116.408473968506,125.590245564779,61.5972885555691,0,71.8941307067871,30.0600622713176,10.5153319183476,0,0,0,0,133.25715637207,0,0,0,119.621037651511,0,213.44157409668,196.280746459961,130.047006988525,24.2965256153269,0,0,10.9986551219082,0,35.4157535552979,0,0,0,0,0,0,0,213.826751708984,0,0,0,0,0,0,0,0,0,0,0,0,0,0,0,0,173.092102050781,0,0,0,173.550651550293,0,189.328796386719,0,0,0,196.494506835938
57.8721986371417,0,136.183475088566,97.9313744817461,40.3831309212579,8.70774230847951,8.50497439050823,73.073480056379,17.9097057770303,96.3888849530901,20.403639941992,70.0474466022692,15.4369986628468,108.681393214634,31.5661638629301,12.3045580565413,0,154.637657614315,104.663909912109,167.708198547363,29.3916060487429,133.12105255127,106.740757412381,136.447163660386,71.8004873713156,0,151.752237047468,158.831200339577,49.5535692603392,31.668268782251,117.393146656178,148.273727416992,17.1351804609339,93.1839492434547,59.6294156026032,197.980010986328,0,208.093765258789,117.147722625732,178.146575927734,0,0,161.714378356934,196.768520355225,141.538756052653,174.703620323768,0,34.2016905546188,0,179.819284057617,132.621704101562,159.889465332031,194.084838867188,0,0,155.27628326416,192.09700012207,139.195259094238,167.459106445312,155.12413912806,0,0,211.26237487793,161.759226883992,185.234487915039,178.454266866048,0,0,183.777923583984,160.44130452474
32.1644364632761,0,90.1258516093462,56.8137932680966,67.6036971899179,117.981675284249,73.073480056379,7.70587548860097,46.1171539820172,53.8716389587307,11.7953909938602,136.695521036784,41.5345472608294,0,34.8411106435097,78.1909454133775,82.6980529785156,109.077254223929,0,154.195593697684,110.59610265096,70.0956018696661,63.903347623521,77.8785134170015,50.389644120756,0,130.027823744149,103.301150896216,22.6213213081037,57.9471004920217,12.1083744594297,0,120.037741161528,56.4469351976277,75.2349098844678,142.974049568176,165.446876525879,156.802350870768,84.9226241921479,126.989649963379,168.274124145508,161.176549911499,126.949931520404,159.437707369445,89.8345300674439,142.681511313228,219.007705688477,142.520357404436,0,167.036274303089,146.324829101562,109.779524666922,196.904907226562,231.570831298828,218.082290649414,139.294967651367,148.96971766154,100.216714364511,158.132675377098,113.540294473529,0,205.707504272461,161.101500171726,120.543156681375,156.389930400443,137.515099732772,0,184.16926574707,142.443526418586,150.164817810059
16.1669428841479,174.954795837402,119.365345045321,87.0761254368996,70.4969683208981,11.0917605456374,17.9097057770303,46.1171539820172,10.7969743492903,87.7923666893402,19.9330281846959,65.4529349523432,32.3158987473658,108.276593933105,12.3944978328159,30.9165611646608,138.56810760498,127.550055988018,87.3551139831543,151.701821463449,81.7018512426502,112.58779629794,92.6538707899011,113.524643560762,80.2557897728952,106.212814331055,143.949454480548,140.667812426885,67.5763185250679,30.9446420899947,74.497784614563,130.804431915283,19.3053366071903,82.1633096608249,54.2871983810027,179.525024414062,0,174.797058105469,112.517788260324,145.147071838379,0,170.599247741699,162.171824178388,192.331692934036,104.683457808061,167.794245692662,0,105.808085123698,127.982810974121,201.817007882254,0,162.838015238444,192.834815979004,0,0,153.883164978027,182.719543457031,125.398436326247,166.741213117327,143.5138048172,0,0,192.535123443604,150.188442594088,179.670232919546,168.526250692514,0,0,168.458864000109,177.978314399719
68.4537083943685,69.4603301048279,134.352747136896,26.3956057968661,50.0641588310286,116.408473968506,96.3888849530901,53.8716389587307,87.7923666893402,7.75609378627721,68.8105257773886,117.743626227746,13.229758304342,118.723686730684,87.6378269722449,16.0710958805429,110.516519165039,130.9274633071,137.759624481201,140.533685754847,52.3041080606395,108.349086761475,23.5373359660234,121.857803051288,20.1631727007412,104.287012127703,124.458824842404,110.753779152479,51.609889003402,81.749899011574,68.7124354454779,135.974916906918,112.843084716797,67.1159827492454,100.308829033211,84.5812301635742,149.205062866211,167.282168579102,41.614296234571,95.5431147984096,0,122.597932434082,91.0305335635231,146.69797668457,26.2578731587059,102.284053039551,203.548490251814,88.5283799171448,157.885266113281,162.834740956624,59.0334377288818,0,171.721796671549,0,173.655151367188,99.3613408406575,0,100.315856933594,148.080879211426,65.9956730799888,143.224424634661,185.277442084418,169.186135575578,92.2261447906494,117.843705919054,98.561642964681,196.631332397461,0,97.1523666381836,102.431746482849
53.5127818801186,0,98.7163478815667,83.1632974923375,15.6081781977992,125.590245564779,20.403639941992,11.7953909938602,19.9330281846959,68.8105257773886,9.42801407054348,127.851682222806,21.5474851451931,184.20485941569,52.1301343581837,60.1566836833954,0,112.158666292826,177.838150024414,160.875645955404,17.8339420232774,136.221366246541,97.2881770133972,90.2480624237953,39.465873385971,0,138.972512094598,132.225316440358,18.0176062230875,90.1329713748345,45.6279688715935,180.392272949219,125.509155010355,75.3324786696323,92.5692977625467,141.090545654297,0,134.595901489258,90.2447933620877,154.535824651303,0,155.518922932943,138.164766856602,160.814910888672,93.8525057340923,156.843541235673,0,41.2722346038215,0,194.002707345145,109.594381332397,0,207.700836181641,0,0,151.715116327459,161.162109375,122.591722106934,164.481119791667,122.800666142436,0,218.217224121094,203.11599222819,145.218579175996,182.370231628418,175.825885772705,0,0,168.163696289062,189.170491536458
122.784419666637,59.7880389313949,82.2663853732022,62.3978470238772,160.673686981201,61.5972885555691,70.0474466022692,136.695521036784,65.4529349523432,117.743626227746,127.851682222806,9.17247959115329,108.980197906494,18.7101478511191,65.6343313625881,0,131.75150604248,49.2043730357221,15.6465958150582,18.6552911485819,146.711029052734,96.4693394364982,90.4082486359969,93.0675068094273,147.857040710449,32.4875474647181,21.3107196084433,54.8378907520812,132.137037913005,46.031491891775,93.706584257238,36.429289603509,57.1609946902436,91.3009231567383,26.4999199093002,0,120.383972167969,175.594257354736,88.8662149429321,0,0,0,191.661987304688,0,216.250648498535,0,96.7199478149414,0,76.6938897391051,205.507659912109,0,0,131.843973795573,109.732392501831,121.527699279785,0,0,102.176452636719,204.29411315918,196.134056091309,65.7212885981021,102.118732028537,108.33407329246,186.604431152344,223.710662841797,0,100.494505783607,0,0,182.028625488281
75.2603029321741,0,144.695696512858,82.7079111735026,22.9751440017506,0,15.4369986628468,41.5345472608294,32.3158987473658,13.229758304342,21.5474851451931,108.980197906494,7.92711734448846,0,97.3532807717475,10.3143234559022,0,88.513786315918,0,0,13.6309064125799,0,73.4682523939345,146.962814331055,16.2616306357221,0,142.301210403442,123.218970665565,41.189837487597,106.103731953014,0,172.107086181641,133.799104309082,91.1075681050618,100.654674463105,0,0,0,110.180063883464,45.5019877938663,0,111.420804977417,152.996284484863,185.866165161133,97.844716389974,147.619181887309,0,12.1735678914721,0,0,46.4186325073242,0,0,0,0,10.018355908197,0,154.996307373047,0,108.086452454329,0,0,182.199178059896,113.747082623568,0,0,0,0,0,0
136.442729949951,55.5929325643173,93.888623046875,48.6477484281371,0,71.8941307067871,108.681393214634,0,108.276593933105,118.723686730684,184.20485941569,18.7101478511191,0,8.59598599725818,88.1707824258243,147.417897542318,140.93890953064,106.566953512338,53.2324147522449,71.3006199229847,193.370803833008,0,85.946945165333,125.161735534668,129.822892901541,23.2553872023199,22.7775215458368,40.320503018711,163.618831634521,79.7185087618621,0,12.8778738691784,85.2093332926432,166.529434204102,67.6284761121196,0,137.667671203613,188.357116699219,53.9736229713927,0,0,0,0,164.657485961914,151.890335083008,0,90.9464347559378,0,64.7459007605624,0,0,0,144.094014485677,108.049879012569,112.243237304687,219.059188842773,209.636085510254,160.125717163086,0,207.299275716146,57.8446223231014,104.215318844642,100.308168884773,228.382843017578,0,218.255233764648,94.8008765454562,0,0,136.728271484375
12.7878055280925,141.779220581055,112.551017882884,85.8560956266737,96.7513710228173,30.0600622713176,31.5661638629301,34.8411106435097,12.3944978328159,87.6378269722449,52.1301343581837,65.6343313625881,97.3532807717475,88.1707824258243,7.78921355553185,27.9708384938885,139.416114807129,114.472432977231,111.714828491211,141.565425498813,94.6418806257702,92.6728827033947,90.6765575179135,104.090709542273,94.4470525148794,92.0283164978027,131.383215114049,141.152336145785,81.8971485360395,16.2517957663221,47.4009937307146,114.548759460449,10.6349319859516,34.9513157810295,53.1875497229824,155.407577514648,0,169.432357788086,118.905810096047,182.288307189941,0,190.18234034947,166.328685049283,192.475336347307,143.510843658447,172.408490720003,222.74934387207,107.363620758057,0,203.507890065511,0,148.733452860514,194.396499633789,0,196.162857055664,164.824920654297,159.441946411133,116.599828383502,186.186953457919,148.658977149045,0,193.325012207031,181.596064090729,153.359083613834,183.036232842339,155.557301548549,0,0,167.643829345703,173.51863580001
40.1989199320475,92.6397323608398,131.238135655721,69.9491391181946,70.0301869710286,10.5153319183476,12.3045580565413,78.1909454133775,30.9165611646608,16.0710958805429,60.1566836833954,0,10.3143234559022,147.417897542318,27.9708384938885,6.96436025813827,0,150.263880411784,0,168.663909912109,59.1818733612696,63.0774116516113,77.3573981391059,125.698944091797,33.6010300598234,144.822483062744,157.735850016276,122.325690774357,75.199868846584,47.7957242459667,87.6945063273112,0,41.9672945340474,0,47.7711015701294,0,0,0,111.711029052734,0,0,0,0,0,0,0,0,62.9617290496826,0,191.128143310547,0,123.991355895996,0,0,0,0,0,0,162.770858764648,122.548434257507,179.687164306641,0,0,155.14637298584,235.468231201172,182.698822021484,0,0,0,169.518188476562
155.167663574219,57.2263986687911,99.3462005028358,41.4938281395735,0,0,0,82.6980529785156,138.56810760498,110.516519165039,0,131.75150604248,0,140.93890953064,139.416114807129,0,13.2925942091175,105.808732230708,158.428741455078,124.454407374064,0,22.2289983679368,31.1499059876399,18.5810256432399,22.3183205029432,124.353858947754,108.526589403654,26.8728144592921,40.1248905507824,93.4963278336958,81.2854347229004,122.396327972412,0,79.0915489196777,86.0557857990265,168.722576141357,131.802978515625,111.661062473204,51.2203999510208,0,0,0,152.688475036621,236.717781066895,0,185.171901702881,152.082397460938,0,0,0,0,39.167201174688,141.526866912842,0,169.145278930664,0,110.833793439363,55.3378505675156,104.172334126347,142.075593130929,0,139.364266829057,108.804098931226,125.23070526123,183.277153015137,125.351761265805,159.505920410156,0,102.528900146484,139.851739065988
104.123476897376,77.3679470735438,40.0943792211201,77.2790482223675,151.434595743815,0,154.637657614315,109.077254223929,127.550055988018,130.9274633071,112.158666292826,49.2043730357221,88.513786315918,106.566953512338,114.472432977231,150.263880411784,105.808732230708,9.81162546393911,48.0298200146905,20.9055038749643,0,73.9554850042683,92.4333800233867,25.23039432281,125.781195576986,115.552182674408,37.2157599443878,69.0696219953454,102.732690355855,98.2512012692317,85.8581034724613,85.0153951142964,180.146255493164,90.6002561824838,34.1634360263882,189.283843994141,101.369067764282,105.94244447473,93.7676713943481,0,0,207.794479370117,154.632553100586,206.065633138021,179.662826538086,202.314476013184,147.102449689593,0,121.544355392456,176.371246337891,0,138.54775068495,116.147226011598,153.059465680804,122.591823686872,0,181.822402954102,123.095474691952,132.377980860268,183.439950561523,77.7647018432617,110.246435444529,108.669485299894,190.154956817627,197.941856384277,171.895039876302,153.676905314128,0,0,112.229928334554
146.982182820638,86.7866073608398,99.9792685257761,88.3770403180804,0,0,104.663909912109,0,87.3551139831543,137.759624481201,177.838150024414,15.6465958150582,0,53.2324147522449,111.714828491211,0,158.428741455078,48.0298200146905,6.45253753408499,9.12412748410982,0,136.016174316406,106.646333312988,109.306069510324,0,53.1189604539138,27.315102134385,63.1447023927891,165.935684204102,81.5451489616843,129.504187011719,52.5950667748084,83.1180305480957,0,62.4363366531323,0,0,0,0,0,0,0,0,0,0,0,96.2897142263559,0,83.1094122919543,239.504257202148,0,0,129.806274414062,115.946069570688,120.964015197754,0,195.01448059082,0,171.551879882812,0,70.30403881073,107.88370280112,108.107825469971,0,0,0,102.967862668245,0,0,0
129.777613283983,74.4239074244644,76.5810673713684,83.4494360755472,0,0,167.708198547363,154.195593697684,151.701821463449,140.533685754847,160.875645955404,18.6552911485819,0,71.3006199229847,141.565425498813,168.663909912109,124.454407374064,20.9055038749643,9.12412748410982,8.20021039406114,0,94.5307688031878,101.827375623915,83.773115833056,144.366889073299,52.9855613708496,27.3801083989894,61.9327437858221,148.851974487305,111.046186267628,108.124402785143,57.7145572555399,88.4204772949219,98.3232195536296,52.7321991386947,206.262222290039,173.481775919596,139.059383573986,98.3943435668945,0,0,0,183.973167419434,0,0,0,102.984239751642,0,89.0715760926943,0,0,0,126.887632890181,116.662758721246,122.855416361491,0,186.082855224609,175.559783935547,167.702907562256,187.861022949219,76.8986003058297,106.110850978542,109.232740886471,180.743537902832,0,0,112.757690429688,0,0,111.048892211914
71.526856912149,0,0,103.407563781738,12.4608585621949,133.25715637207,29.3916060487429,110.59610265096,81.7018512426502,52.3041080606395,17.8339420232774,146.711029052734,13.6309064125799,193.370803833008,94.6418806257702,59.1818733612696,0,0,0,0,13.5329606677349,143.736724853516,84.5554237365723,174.719680786133,20.8914343924799,0,0,142.806549072266,31.931756381164,96.1607764626847,136.775619506836,0,127.399324035645,85.5576444353376,91.895276906539,0,0,0,73.945915222168,151.795341491699,0,145.62380472819,153.998741149902,171.385879516602,86.7103942871094,151.595474243164,0,17.5387575685416,0,190.838584899902,0,0,237.897537231445,0,233.872482299805,153.372927347819,0,0,0,117.566462936401,0,0,192.747367858887,146.379239064343,203.590393066406,0,0,0,0,211.216567993164
79.6737294897333,91.17138671875,72.2093568348384,56.079668120747,96.8309555053711,0,133.12105255127,70.0956018696661,112.58779629794,108.349086761475,136.221366246541,96.4693394364982,0,0,92.6728827033947,63.0774116516113,22.2289983679368,73.9554850042683,136.016174316406,94.5307688031878,143.736724853516,10.7775682925047,48.3841287308052,23.0676427553452,20.4260923730693,192.872817993164,116.330975990596,67.2739228345763,19.6735269119387,61.6283007453788,22.2440911515076,0,135.847961425781,46.8729073212993,44.9073621663312,149.506851196289,0,143.596266373344,82.622280286706,0,0,235.265625,158.414312362671,163.608762741089,144.079967498779,141.192611694336,165.283996582031,0,0,168.159571329753,0,107.966206919538,157.062019054706,0,190.355079650879,0,118.34198068952,69.1861977666696,117.935197006037,122.623026507834,0,165.564651489258,137.734358151754,120.199447807224,135.25927897862,120.190262074851,0,0,120.807032775879,135.995296362675
77.0861696879069,26.4277978472466,77.0515178923911,18.130021171914,63.9988479614258,0,106.740757412381,63.903347623521,92.6538707899011,23.5373359660234,97.2881770133972,90.4082486359969,73.4682523939345,85.946945165333,90.6765575179135,77.3573981391059,31.1499059876399,92.4333800233867,106.646333312988,101.827375623915,84.5554237365723,48.3841287308052,8.77239007030844,50.5557369342066,23.5161188596853,72.2997432786303,92.3646009900243,41.8429909685384,52.7888743798464,65.745085382054,49.6738615003012,99.120846218533,0,36.2100289486073,76.3030958453428,122.655586242676,91.1435285714956,93.1547406819052,35.2369864767632,155.745483398438,0,131.972930908203,116.035165405273,169.647020975749,48.4855664571126,137.752718607585,158.043106079102,0,135.512375513713,159.75267791748,0,55.5938076606164,120.156907161077,171.20192565918,154.409660339355,0,79.7659656100803,9.7865068958801,66.0921461349143,92.6274421597705,115.734889984131,135.431197063739,85.1672561747839,93.9575886303865,123.504307217068,92.9549010781681,177.372955322266,0,86.3804672241211,106.397819757462
96.2551923529234,84.3605749947684,30.8415717705237,53.2488162791143,147.537333170573,0,136.447163660386,77.8785134170015,113.524643560762,121.857803051288,90.2480624237953,93.0675068094273,146.962814331055,125.161735534668,104.090709542273,125.698944091797,18.5810256432399,25.23039432281,109.306069510324,83.773115833056,174.719680786133,23.0676427553452,50.5557369342066,16.3520033380573,68.393844111286,0,74.0077716241449,53.6443586297479,51.0443176638279,89.7758121656861,51.3369107428398,112.152221679688,148.239906311035,74.4362576731135,49.2325812749148,147.26605796814,97.9445273081462,101.068701884167,62.2021192127513,0,0,184.136800130208,152.393991120008,183.328345589016,104.676047007243,183.168574015299,173.027807235718,0,0,185.738565781537,0,77.9543684832474,140.510353337164,178.626926422119,150.224515279134,0,116.202232209463,63.9554426959067,106.576369969695,134.350880346566,0,143.718135179792,102.132118318736,140.592200559728,154.343334621853,120.63478862064,0,0,187.215385437012,133.473268472923
74.8515443321612,74.1020125237064,106.539248895208,40.6954183733534,15.276611572252,119.621037651511,71.8004873713156,50.389644120756,80.2557897728952,20.1631727007412,39.465873385971,147.857040710449,16.2616306357221,129.822892901541,94.4470525148794,33.6010300598234,22.3183205029432,125.781195576986,0,144.366889073299,20.8914343924799,20.4260923730693,23.5161188596853,68.393844111286,9.39614947068752,114.426871902641,127.80604738429,85.8501777892464,19.913969722227,79.8137503236396,66.9304265743977,152.803842544556,129.825412092538,64.7616772560646,83.2327199287904,136.66524972721,139.805721282959,146.650262069702,63.490390623236,121.808693871131,0,137.433068343571,121.132932132913,147.589272897455,65.453298235273,124.404224710031,218.53528213501,73.0933949095862,179.608633422852,162.280001515928,99.0185775756836,110.445539093018,169.599865504674,211.64234161377,187.139602661133,122.256029233828,120.174299161728,83.6522620026494,130.743483999501,76.965945549717,133.123817443848,181.289874737079,154.759308224633,112.42502214829,143.637434475664,123.30617365023,197.217178344727,188.589599609375,129.136333104726,139.061989140704
0,32.0325973836051,108.783489227295,20.3665497108742,0,0,0,0,106.212814331055,104.287012127703,0,32.4875474647181,0,23.2553872023199,92.0283164978027,144.822483062744,124.353858947754,115.552182674408,53.1189604539138,52.9855613708496,0,192.872817993164,72.2997432786303,0,114.426871902641,9.79492009877876,45.2685300140381,26.9600692963643,151.080871582031,105.082373301188,0,46.5528308083029,86.5495071411133,0,63.3011288642883,0,101.714057922363,139.503646850586,45.6297654847841,0,0,0,0,229.625335693359,0,0,77.4030605662953,0,59.2272905605942,0,0,0,129.224919128418,96.8009535471598,110.385615878635,0,0,124.606498718262,0,164.851566314697,40.0874873947923,85.0088659207496,79.777916631391,207.163177490234,0,0,80.9397120898283,0,0,159.29923248291
120.128883059432,65.4631964943626,38.080443291209,66.6272385504938,151.059119330512,213.44157409668,151.752237047468,130.027823744149,143.949454480548,124.458824842404,138.972512094598,21.3107196084433,142.301210403442,22.7775215458368,131.383215114049,157.735850016276,108.526589403654,37.2157599443878,27.315102134385,27.3801083989894,0,116.330975990596,92.3646009900243,74.0077716241449,127.80604738429,45.2685300140381,13.0503243862748,37.3334519657939,123.631375031722,108.760767308248,108.558313452679,17.1782914243227,89.7986132303874,112.998467141009,59.4770639308481,196.621192932129,88.9906505733341,117.972460260454,69.2379220233244,0,0,0,185.392834472656,0,162.733720567491,203.007175445557,99.9154785463474,0,85.262244738433,191.00921194894,0,137.080373128255,110.306626543903,108.948458827822,109.101024386249,0,181.331478881836,129.980196082074,142.960227489471,169.867218971252,65.6412155206453,98.2218806399164,99.447576749465,192.754597981771,178.651123046875,164.282457766326,100.257493851033,0,0,119.831582387288
131.716517028809,39.3356539467307,25.5150866281097,38.957724565816,123.783034188407,196.280746459961,158.831200339577,103.301150896216,140.667812426885,110.753779152479,132.225316440358,54.8378907520812,123.218970665565,40.320503018711,141.152336145785,122.325690774357,26.8728144592921,69.0696219953454,63.1447023927891,61.9327437858221,142.806549072266,67.2739228345763,41.8429909685384,53.6443586297479,85.8501777892464,26.9600692963643,37.3334519657939,17.1314119090295,77.6382738695922,124.05968812711,114.058735379034,24.1772050241909,130.117223103841,110.09275248694,65.9690701054712,169.21872897678,78.8048315740581,93.7293523204798,56.3809184654783,218.152488708496,200.261323928833,198.626667567662,165.059592039689,186.338901265462,167.228991917201,175.033394495646,115.79846884075,203.65383605957,93.7744162405691,187.007412719727,0,97.6904321768849,110.049210213326,121.938899332307,118.231336777786,191.161399841309,132.149073416727,62.8592848242462,99.6858864339193,151.605444069368,73.2030458151256,105.105123395601,96.849134888942,152.041722628339,165.479761804853,149.116513548226,112.529829360343,0,133.897870381673,116.592171198527
67.9315078187844,115.510681152344,68.8120429297377,52.9905579947301,15.5437318502653,130.047006988525,49.5535692603392,22.6213213081037,67.5763185250679,51.609889003402,18.0176062230875,132.137037913005,41.189837487597,163.618831634521,81.8971485360395,75.199868846584,40.1248905507824,102.732690355855,165.935684204102,148.851974487305,31.931756381164,19.6735269119387,52.7888743798464,51.0443176638279,19.913969722227,151.080871582031,123.631375031722,77.6382738695922,10.1799043562011,72.9799307912612,25.9469659810664,148.731704711914,127.537973642349,59.1988596087439,65.9653283137846,132.588335037231,167.635780334473,146.410001997514,79.1441919427169,142.531749431904,0,155.139678553531,129.425825073451,157.480885565281,91.5128886839923,147.430275648467,210.548455810547,45.0877398827776,0,163.892097106934,123.756876627604,110.773131239648,169.584126522667,205.624557495117,186.422770182292,148.285778339093,123.473234257228,82.911725503427,136.374927662037,112.129367307795,176.847106933594,173.526741875543,147.069674893745,121.502188920509,143.917398279363,121.3616677528,0,183.791748046875,130.309111161665,141.939917130904
11.8159410062945,139.744341532389,115.156693587569,70.0101256561279,82.4897761524172,24.2965256153269,31.668268782251,57.9471004920217,30.9446420899947,81.749899011574,90.1329713748345,46.031491891775,106.103731953014,79.7185087618621,16.2517957663221,47.7957242459667,93.4963278336958,98.2512012692317,81.5451489616843,111.046186267628,96.1607764626847,61.6283007453788,65.745085382054,89.7758121656861,79.8137503236396,105.082373301188,108.760767308248,124.05968812711,72.9799307912612,8.78581749783122,26.5381736126143,92.2587778727214,9.62070831298387,11.7571308484223,33.6708471725115,175.531593322754,0,149.162737066096,98.7300015963041,0,0,204.92274983724,158.376258247777,196.138920177113,115.066694641113,173.139163425991,157.875995635986,113.109268188477,179.317497253418,190.140915814568,0,119.409529209137,177.894565582275,0,200.427124023438,196.429138183594,121.588405955922,100.371554007897,137.95770433214,143.140309467852,147.472709655762,184.99499206543,173.265283004097,144.432278696696,176.924789428711,139.895330869235,0,245.062530517578,147.696268463135,158.606998443604
38.8367198497161,143.975677490234,95.0990658884463,55.5051682655628,84.572003364563,0,117.393146656178,12.1083744594297,74.497784614563,68.7124354454779,45.6279688715935,93.706584257238,0,0,47.4009937307146,87.6945063273112,81.2854347229004,85.8581034724613,129.504187011719,108.124402785143,136.775619506836,22.2440911515076,49.6738615003012,51.3369107428398,66.9304265743977,0,108.558313452679,114.058735379034,25.9469659810664,26.5381736126143,10.4037894349454,167.956680297852,160.360565185547,38.087170780895,36.9096265065426,124.46448059082,132.930725097656,149.769916534424,88.1429853439331,0,0,173.898635864258,134.15092606978,175.05605061849,148.340621948242,0,227.907249450684,0,0,164.273642800071,159.507431030273,105.257619539897,152.791572570801,0,186.183418273926,0,113.267629172585,73.6595041693711,123.420327236778,122.686910201092,0,168.915142483181,164.185864518328,119.916060205408,139.760572433472,112.122033370169,0,198.788848876953,128.277081080845,134.582999165853
0,70.205281330989,100.139516830444,69.8939448337929,0,0,148.273727416992,0,130.804431915283,135.974916906918,180.392272949219,36.429289603509,172.107086181641,12.8778738691784,114.548759460449,0,122.396327972412,85.0153951142964,52.5950667748084,57.7145572555399,0,0,99.120846218533,112.152221679688,152.803842544556,46.5528308083029,17.1782914243227,24.1772050241909,148.731704711914,92.2587778727214,167.956680297852,7.17946509180134,89.6435966491699,0,75.454663174493,0,104.489440917969,124.765190124512,83.4651824951172,0,0,0,0,213.810272216797,0,0,105.348960409359,0,87.7860076365046,0,0,0,149.49989827474,109.997361755371,121.791289011637,0,0,0,0,0,72.8838983396204,107.093482431739,107.337615744273,245.912338256836,0,0,105.503655933198,0,0,153.495403289795
68.9128845214844,0,190.127548217773,119.166108703613,140.339218139648,10.9986551219082,17.1351804609339,120.037741161528,19.3053366071903,112.843084716797,125.509155010355,57.1609946902436,133.799104309082,85.2093332926432,10.6349319859516,41.9672945340474,0,180.146255493164,83.1180305480957,88.4204772949219,127.399324035645,135.847961425781,0,148.239906311035,129.825412092538,86.5495071411133,89.7986132303874,130.117223103841,127.537973642349,9.62070831298387,160.360565185547,89.6435966491699,4.51151093233809,94.2334159851074,31.9723775470879,0,0,0,0,0,0,0,185.1337890625,0,0,0,0,0,0,0,0,0,0,0,0,0,0,0,0,178.373459759881,0,0,231.047027587891,177.602816772461,0,199.921875,0,0,196.611923217773,230.188903808594
38.9243507180895,0,105.489791621333,53.7089504690731,70.8680499342621,0,93.1839492434547,56.4469351976277,82.1633096608249,67.1159827492454,75.3324786696323,91.3009231567383,91.1075681050618,166.529434204102,34.9513157810295,0,79.0915489196777,90.6002561824838,0,98.3232195536296,85.5576444353376,46.8729073212993,36.2100289486073,74.4362576731135,64.7616772560646,0,112.998467141009,110.09275248694,59.1988596087439,11.7571308484223,38.087170780895,0,94.2334159851074,6.76147692985979,27.9795852888387,123.265556335449,0,160.319291687012,69.2863451639811,0,0,157.852157592773,129.20791053772,168.533843994141,85.3137817382812,138.839588165283,0,130.515151977539,0,175.041772024972,0,97.4836262294224,179.548975626628,0,158.217651367188,0,109.191896711077,70.4336000170026,112.66016960144,122.202239128851,0,140.172012329102,158.294055938721,121.615710894267,125.869110107422,117.50899110017,0,0,112.437255859375,152.232191467285
76.3408732201372,68.6923879322253,58.9702998848228,72.8357323075537,83.382547347272,35.4157535552979,59.6294156026032,75.2349098844678,54.2871983810027,100.308829033211,92.5692977625467,26.4999199093002,100.654674463105,67.6284761121196,53.1875497229824,47.7711015701294,86.0557857990265,34.1634360263882,62.4363366531323,52.7321991386947,91.895276906539,44.9073621663312,76.3030958453428,49.2325812749148,83.2327199287904,63.3011288642883,59.4770639308481,65.9690701054712,65.9653283137846,33.6708471725115,36.9096265065426,75.454663174493,31.9723775470879,27.9795852888387,11.4767937036568,161.828979492188,90.6763763427734,105.896048954555,81.1390039270574,169.641799926758,0,178.136562347412,158.294041257916,191.181360880534,130.625685119629,184.386993408203,145.80620880127,120.578536987305,119.853199550084,191.918007405599,0,109.931260089485,122.477585773079,143.140266418457,132.720353519215,0,120.967180464003,86.4187538964408,119.611290680119,138.026328906678,106.9549853007,118.7075629978,112.773953660469,144.490406865659,164.729602520282,143.561165594286,140.127353668213,0,173.893747965495,131.194306300237
139.928451538086,0,168.158469063895,79.904211807251,0,0,197.980010986328,142.974049568176,179.525024414062,84.5812301635742,141.090545654297,0,0,0,155.407577514648,0,168.722576141357,189.283843994141,0,206.262222290039,0,149.506851196289,122.655586242676,147.26605796814,136.66524972721,0,196.621192932129,169.21872897678,132.588335037231,175.531593322754,124.46448059082,0,0,123.265556335449,161.828979492188,12.8499527913169,136.679595947266,121.794016226744,74.1803668514713,93.7905451456706,88.563845316569,89.4254147564923,33.3303954295914,25.4308272690703,66.1487568616867,62.1706967247857,131.564380234094,106.213347880046,144.445149739583,17.4668801199197,28.2448062896729,80.8746662139893,107.527677112155,144.820488867822,130.60401740441,0,79.0044213389302,69.8145340342581,95.2544393023929,80.7773929821905,107.22802734375,134.044929194571,132.247106317121,72.3060796546023,16.4564343681244,31.5797865379195,155.556369145711,86.4186002557928,52.9334567559732,80.402268866843
0,11.7030172451683,75.846241792043,14.4130017386542,0,0,0,165.446876525879,0,149.205062866211,0,120.383972167969,0,137.667671203613,0,0,131.802978515625,101.369067764282,0,173.481775919596,0,0,91.1435285714956,97.9445273081462,139.805721282959,101.714057922363,88.9906505733341,78.8048315740581,167.635780334473,0,132.930725097656,104.489440917969,0,0,90.6763763427734,136.679595947266,8.21960376029361,55.9670786176409,13.4888752783444,0,0,138.493408203125,130.891206741333,141.617797851562,69.4460919499397,183.911415100098,73.5907739208591,104.269711303711,55.2257948739188,123.62656656901,107.329160054525,53.9877552986145,50.9337963627834,82.7609961660285,58.3057230742081,0,106.347286987305,30.1718324413435,86.6218721601698,71.794463223544,20.1664378828767,55.5203267114605,29.1949018399576,118.635944548107,138.163486480713,110.178505307152,65.4916598345782,0,131.402587890625,63.0763465881348
183.000439114041,72.7371249728733,92.210206592083,71.6419978763746,157.146282196045,0,208.093765258789,156.802350870768,174.797058105469,167.282168579102,134.595901489258,175.594257354736,0,188.357116699219,169.432357788086,0,111.661062473204,105.94244447473,0,139.059383573986,0,143.596266373344,93.1547406819052,101.068701884167,146.650262069702,139.503646850586,117.972460260454,93.7293523204798,146.410001997514,149.162737066096,149.769916534424,124.765190124512,0,160.319291687012,105.896048954555,121.794016226744,55.9670786176409,16.1404068626701,42.1237336031366,151.545532226562,188.216812133789,141.406657958299,101.487961997307,129.026419249035,118.106575012207,109.39279389217,96.3183605068333,191.833424377441,95.151356865378,135.36012160778,154.746103922526,84.9542043349322,37.0713416884608,93.6520392255085,66.0250970765207,147.61375617981,72.9899139048258,45.1277689629413,30.7353635067984,105.662916203981,195.548309326172,41.4142156677134,31.7706459849523,81.538397867899,136.984472074007,78.5718967364385,91.5679317273592,171.118443806966,124.857229232788,72.1608838099186
90.9014994303385,34.3075899839401,79.105918450789,17.4504904232437,82.4376590251923,0,117.147722625732,84.9226241921479,112.517788260324,41.614296234571,90.2447933620877,88.8662149429321,110.180063883464,53.9736229713927,118.905810096047,111.711029052734,51.2203999510208,93.7676713943481,0,98.3943435668945,73.945915222168,82.622280286706,35.2369864767632,62.2021192127513,63.490390623236,45.6297654847841,69.2379220233244,56.3809184654783,79.1441919427169,98.7300015963041,88.1429853439331,83.4651824951172,0,69.2863451639811,81.1390039270574,74.1803668514713,13.4888752783444,42.1237336031366,17.368811004238,59.8718369427849,113.833625793457,90.8144934869582,64.4391915776179,93.4325056255988,13.6911174973151,87.0249816139976,74.3371136618442,62.6122908592224,39.848088373789,101.825380092714,77.3081087384905,37.2612093267811,66.8114651271275,94.2416858673096,67.7072403494236,82.780507405599,60.6287691752116,29.4891549919537,49.9308228340055,38.4463986167957,24.7316710528496,59.6190321409523,38.6602405834244,52.6374588428795,80.0723005043444,61.6609977811112,77.1299773624965,130.292569478353,67.0028758825258,72.2168602662928
0,0,0,88.3053665161133,8.30973121104949,0,178.146575927734,126.989649963379,145.147071838379,95.5431147984096,154.535824651303,0,45.5019877938663,0,182.288307189941,0,0,0,0,0,151.795341491699,0,155.745483398438,0,121.808693871131,0,0,218.152488708496,142.531749431904,0,0,0,0,0,169.641799926758,93.7905451456706,0,151.545532226562,59.8718369427849,8.27293231361271,0,58.6653554472205,65.1751894269671,109.403442382812,54.4794238499233,19.3128094819333,153.764770507812,27.4761101698045,0,121.197580898509,70.7197802861532,0,0,0,0,11.9338442583788,111.897308349609,84.9320157368978,163.134651184082,15.8451960975317,0,160.108551025391,175.98225402832,14.3323986874625,112.65455191476,139.606948852539,0,138.120452880859,96.2491207122803,104.05552037557
0,0,0,0,0,0,0,168.274124145508,0,0,0,0,0,0,0,0,0,0,0,0,0,0,0,0,0,0,0,200.261323928833,0,0,0,0,0,0,0,88.563845316569,0,188.216812133789,113.833625793457,0,6.64670423816048,8.74805166274597,118.964977264404,16.4893251868463,123.374389648438,119.19029935201,58.8570947647095,0,80.0529015858968,32.9483707139582,14.3493377879955,0,116.526348114014,81.6869537353516,0,0,103.750610351562,90.9203033447266,150.829513549805,126.407185872396,0,184.534698486328,130.518501281738,112.079173564911,23.2312832423619,86.9845657348633,0,13.4177880755875,0,35.4792434317725
0,0,0,109.663703918457,144.87702664462,0,0,161.176549911499,170.599247741699,122.597932434082,155.518922932943,0,111.420804977417,0,190.18234034947,0,0,207.794479370117,0,0,145.62380472819,235.265625,131.972930908203,184.136800130208,137.433068343571,0,0,198.626667567662,155.139678553531,204.92274983724,173.898635864258,0,0,157.852157592773,178.136562347412,89.4254147564923,138.493408203125,141.406657958299,90.8144934869582,58.6653554472205,8.74805166274597,9.07329473609214,62.13259535445,16.3115955424239,54.5466582820101,36.4828127686356,86.2903287695088,15.9822789920621,101.999062538147,46.2006418875462,10.8394123069419,131.025238037109,161.296450042725,164.300313949585,183.205759684245,37.7588091353575,128.372553507487,114.658361646864,139.490180969238,49.9017290664792,120.933692932129,174.775401073953,166.270873729999,58.7346996245007,56.915179780145,124.338421445904,194.59211730957,16.8219833575598,112.543573107038,72.5287975545199
