11144,8,240,91,9,2,77,3747,485,41,384,38,25,1,7873,11,4,1046,2,140,24,430,39,600,148,0,254,195,773,12478,8330,1,14,104,194,6,0,19,23,0,0,0,15,4,10,1,0,0,0,5,0,6,3,0,4,0,4,9,11,34,0,17,26,80,14,12,0,0,1,5
8,2405,198,274,0,0,1,22,23,579,4,55,0,580,13,27,9,615,5,141,0,28,1875,137,354,1776,884,5785,40,37,45,12,2,1,366,0,2,22,14,0,0,0,1,0,2,5,2,0,28,2,1,0,18,3,24,4,2,4,5,44,24,55,84,8,1,1,6,0,0,5
240,198,25445,1383,2,3,122,2951,1098,12,435,56,14,30,882,4,22,2906,5,168,2,536,94,10425,104,4,11295,9063,2067,185,1711,7,10,13,1196,11,57,2219,165,1,1,18,65,38,9,9,8,0,3,24,1,39,769,2,71,0,79,137,717,11,1,766,1811,73,9,66,0,2,2,345
91,274,1383,166,23,1,85,564,547,317,208,108,18,439,353,21,6790,1428,4,327,19,2366,456,6861,4414,409,2042,11857,3069,326,1888,8,10,127,1325,5,7,244,179,5,0,8,37,7,16,3,9,0,43,7,0,81,132,7,31,6,96,49,335,108,38,236,570,70,11,71,3,0,6,57
9,0,2,23,12724,0,153,14,91,130,4030,0,5610,0,62,36,0,0,0,0,28241,1,0,1,3750,0,1,2,11166,154,1,0,5,25,55,1,0,1,5,4232,0,24,12,9,57,213,0,426,0,10,2,0,1,0,1,2096,1,0,0,831,0,1,2,226,16,1,0,1,1,9
2,0,3,1,0,5783,1635,10,4601,5,20,31,35,4,368,1713,0,3,3,8,17,2,2,2,11,0,13,16,24,297,3,0,7838,0,139,0,0,1,0,0,0,0,1,1,2,0,0,1,0,2,0,0,1,0,0,0,0,1,0,4,0,2,0,4,0,0,0,0,0,1
77,1,122,85,153,1635,55810,756,41457,114,6744,80,9005,7,4261,5970,1,55,1,18,690,5,12,20,288,0,48,46,1143,1307,42,0,6372,19,463,5,0,3,16,3,1,15,25,21,46,35,0,28,0,17,1,2,2,0,1,2,0,1,2,209,0,3,6,123,20,11,0,1,7,13
3747,22,2951,564,14,10,756,58940,3475,651,10550,39,97,24,6841,52,11,489,1,32,18,516,132,913,981,0,607,370,25091,2619,11048,4,41,518,513,32,1,82,106,4,2,52,163,121,332,101,1,2,2,143,4,19,27,0,2,16,16,25,87,955,0,29,87,661,117,58,0,7,36,86
485,23,1098,547,91,4601,41457,3475,97393,797,11410,403,1299,36,29164,2676,7,746,16,129,491,112,80,377,1566,2,574,414,3611,6367,813,3,12791,43,1434,45,0,66,112,12,1,83,199,150,187,156,0,29,0,165,8,16,11,2,4,7,10,19,24,1261,1,28,65,709,156,51,0,4,38,95
41,579,12,317,130,5,114,651,797,5568,344,14,805,372,422,1179,2,59,1,8,59,12,1489,24,15268,316,85,668,2041,362,343,2,9,122,102,1,0,5,16,8,0,6,12,7,45,15,2,1,13,20,3,1,4,0,1,29,0,1,1,261,13,12,19,54,7,4,1,0,2,5
384,4,435,208,4030,20,6744,10550,11410,344,63617,39,7441,6,5036,200,2,30,0,11,13159,35,33,54,944,1,147,69,17522,2525,55,4,77,148,758,13,0,11,40,63,0,51,74,44,80,216,1,114,0,28,0,2,8,0,0,59,2,5,7,1237,0,7,16,307,40,13,0,1,8,23
38,55,56,108,0,31,80,39,403,14,39,88238,31,19725,105,4,15,866,11658,6657,5,144,17,158,13,450,14772,2322,70,516,103,1998,149,25,9062,0,5,21,12,0,0,0,5,0,2,0,31,0,121,3,0,4,20,44,93,0,4,8,8,5,67,201,354,7,1,2,13,0,1,14
25,0,14,18,5610,35,9005,97,1299,805,7441,31,68710,3,640,1757,0,1,0,4,29200,0,2,0,1490,0,7,14,2226,838,2,0,109,12,292,0,0,0,2,29,0,8,4,5,6,36,0,5205,0,2,1,0,0,0,0,1110,0,0,0,122,0,1,0,23,1,1,0,0,0,0
1,580,30,439,0,4,7,24,36,372,6,19725,3,29597,10,14,1,35,1066,340,1,1,155,9,64,3987,3742,4345,29,22,9,2748,13,1,321,0,33,8,111,0,0,1,2,0,4,3,147,0,1597,0,0,0,9,120,124,4,0,13,1,50,848,373,1037,2,0,2,96,0,0,24
7873,13,882,353,62,368,4261,6841,29164,422,5036,105,640,10,68813,446,9,1126,1,127,443,185,82,517,693,4,442,329,2489,20234,1888,2,7255,76,586,24,1,37,70,0,2,30,90,58,97,36,0,20,0,64,1,12,20,0,6,6,8,11,20,414,0,30,36,305,59,32,0,3,15,48
11,27,4,21,36,1713,5970,52,2676,1179,200,4,1757,14,446,11468,1,11,0,1,39,2,45,2,1388,6,13,51,225,147,7,0,127,16,35,1,0,1,0,0,0,0,4,1,7,2,0,1,1,2,1,0,1,0,0,4,0,1,0,18,1,4,0,12,2,0,0,0,0,0
4,9,22,6790,0,0,1,11,7,2,2,15,0,1,9,1,12226,87,0,30,0,3051,3374,5842,2144,1,51,5190,1758,17,301,1,0,7,195,1,0,62,32,0,0,1,9,0,0,0,0,0,0,3,0,113,14,0,1,0,165,257,333,7,0,10,101,59,4,85,0,0,4,25
1046,615,2906,1428,0,3,55,489,746,59,30,866,1,35,1126,11,87,33139,52,9987,2,1345,145,7408,173,46,9042,8981,450,1137,3069,19,21,82,4392,8,51,859,85,0,0,5,39,13,9,3,18,0,11,17,1,18,648,6,225,0,47,48,243,16,8,1217,1284,55,8,65,2,1,4,239
2,5,5,4,0,3,1,1,16,1,0,11658,0,1066,1,0,0,52,9403,6855,0,9,4,6,2,193,6046,755,2,16,9,311,4,1,217,0,3,1,12,0,0,0,1,0,1,0,18,0,43,0,0,0,4,24,58,0,2,2,0,0,18,113,224,1,0,0,8,0,0,5
140,141,168,327,0,8,18,32,129,8,11,6657,4,340,127,1,30,9987,6855,33918,0,289,25,451,31,171,12052,4512,86,389,441,226,36,33,5741,1,16,80,30,0,0,2,11,1,2,1,35,0,55,3,0,3,170,36,392,1,7,6,29,3,29,1028,1158,8,5,16,8,0,1,63
24,0,2,19,28241,17,690,18,491,59,13159,5,29200,1,443,39,0,2,0,0,19527,1,1,1,2188,0,3,2,6618,597,0,0,32,14,229,1,0,0,3,1294,0,5,4,1,16,31,0,1563,0,4,0,0,0,0,0,54,0,0,0,206,0,0,0,37,5,0,0,0,0,3
430,28,536,2366,1,2,5,516,112,12,35,144,0,1,185,2,3051,1345,9,289,1,56937,470,31022,535,1,164,1477,6293,917,14672,0,3,315,10609,19,5,132,32,0,0,1,68,7,7,4,5,0,0,17,1,357,47,0,17,0,623,422,473,55,0,35,116,292,18,652,0,0,16,116
39,1875,94,456,0,2,12,132,80,1489,33,17,2,155,82,45,3374,145,4,25,1,470,8765,2393,11484,157,123,5512,1703,157,1103,6,3,93,433,3,2,68,103,0,0,8,22,6,16,4,1,0,3,12,1,33,24,0,4,1,35,62,212,72,3,30,203,61,8,50,0,0,3,23
600,137,10425,6861,1,2,20,913,377,24,54,158,0,9,517,2,5842,7408,6,451,1,31022,2393,55137,226,2,923,14428,4819,505,6870,1,8,98,9144,12,14,2239,193,0,2,3,62,7,10,2,7,1,1,17,0,737,239,0,40,0,1038,997,6618,37,1,106,2972,297,14,269,1,0,11,344
148,354,104,4414,3750,11,288,981,1566,15268,944,13,1490,64,693,1388,2144,173,2,31,2188,535,11484,226,73259,90,243,2358,23119,1351,1243,8,27,629,454,65,3,53,557,73,2,167,364,240,781,314,5,12,4,286,10,89,37,0,4,69,59,144,45,2719,2,39,72,1607,249,186,0,7,78,181
0,1776,4,409,0,0,0,0,2,316,1,450,0,3987,4,6,1,46,193,171,0,1,157,2,90,12588,520,5619,8,10,3,48,3,1,68,0,25,3,166,1,0,0,0,2,9,5,157,0,817,0,0,0,11,143,215,2,0,10,0,31,508,698,1676,1,2,1,83,0,0,20
254,884,11295,2042,1,13,48,607,574,85,147,14772,7,3742,442,13,51,9042,6046,12052,3,164,123,923,243,520,135661,37048,561,391,610,3355,31,25,2935,9,88,772,165,1,0,6,54,15,13,7,153,0,199,27,0,17,1617,142,1515,0,28,49,146,16,142,5449,5376,28,14,52,32,1,5,554
195,5785,9063,11857,2,16,46,370,414,668,69,2322,14,4345,329,51,5190,8981,755,4512,2,1477,5512,14428,2358,5619,37048,118777,4325,573,659,1085,66,46,9361,12,173,3625,501,3,0,19,100,45,18,26,173,1,311,55,1,151,1731,183,1399,7,207,401,2249,132,281,5156,8855,157,19,121,37,0,5,823
773,40,2067,3069,11166,24,1143,25091,3611,2041,17522,70,2226,29,2489,225,1758,450,2,86,6618,6293,1703,4819,23119,8,561,4325,94771,5706,15404,5,74,2507,4415,146,5,162,678,437,3,227,1009,324,626,557,8,38,1,386,10,242,62,0,17,132,174,255,312,4395,0,50,229,2902,378,760,0,3,133,276
12478,37,185,326,154,297,1307,2619,6367,362,2525,516,838,22,20234,147,17,1137,16,389,597,917,157,505,1351,10,391,573,5706,81378,4493,7,3707,5200,2074,9,3,30,83,8,1,26,121,43,74,38,1,28,1,56,1,22,22,4,13,5,11,18,19,342,2,47,54,351,48,90,0,0,10,40
8330,45,1711,1888,1,3,42,11048,813,343,55,103,2,9,1888,7,301,3069,9,441,0,14672,1103,6870,1243,3,610,659,15404,4493,61301,3,17,355,3871,62,3,102,482,0,1,6,300,31,236,10,3,0,1,98,0,281,47,0,14,0,287,235,126,425,0,66,92,1283,153,707,0,1,84,164
1,12,7,8,0,0,0,4,3,2,4,1998,0,2748,2,0,1,19,311,226,0,0,6,1,8,48,3355,1085,5,7,3,551,3,0,70,0,0,2,6,0,0,0,1,0,0,0,7,0,35,0,0,1,7,25,31,0,0,0,2,0,18,81,151,0,0,0,3,0,0,6
14,2,10,10,5,7838,6372,41,12791,9,77,149,109,13,7255,127,0,21,4,36,32,3,3,8,27,3,31,66,74,3707,17,3,24394,4,588,0,1,0,2,0,0,1,1,1,9,1,0,1,0,1,0,1,1,0,1,0,0,1,0,15,0,3,4,6,3,1,0,0,0,0
104,1,13,127,25,0,19,518,43,122,148,25,12,1,76,16,7,82,1,33,14,315,93,98,629,1,25,46,2507,5200,355,0,4,7210,937,10,0,3,40,1,0,6,33,11,22,12,1,0,0,13,1,16,2,0,0,1,6,8,8,97,0,3,3,122,17,38,0,0,7,13
194,366,1196,1325,55,139,463,513,1434,102,758,9062,292,321,586,35,195,4392,217,5741,229,10609,433,9144,454,68,2935,9361,4415,2074,3871,70,588,937,36374,15,34,790,66,0,0,11,83,19,27,12,6,9,15,32,1,68,342,3,130,1,115,91,715,104,12,655,1099,170,22,143,1,1,13,154
6,0,11,5,1,0,5,32,45,1,13,0,0,0,24,1,1,8,0,1,1,19,3,12,65,0,9,12,146,9,62,0,0,10,15,11017,11,248,102,35,7,203,9435,1073,182,779,105,22,1,12431,120,41,341,5,256,74,158,97,148,812,1,580,160,1233,15831,4717,0,18,129,493
0,2,57,7,0,0,0,1,0,0,0,5,0,33,1,0,0,51,3,16,0,5,2,14,3,25,88,173,5,3,3,0,1,0,34,11,2492,706,373,0,0,9,31,17,235,4,216,2,408,23,3,23,1007,16,205,0,61,2498,407,74,2156,1200,10597,24,15,61,10,1,2,561
19,22,2219,244,1,1,3,82,66,5,11,21,0,8,37,1,62,859,1,80,0,132,68,2239,53,3,772,3625,162,30,102,2,0,3,790,248,706,28410,1299,8,10,591,3196,1247,45,666,46,1,22,931,20,130,3822,4,247,7,1839,1488,12899,141,5,15398,12000,3754,179,594,8,19,21,829
23,14,165,179,5,0,16,106,112,16,40,12,2,111,70,0,32,85,12,30,3,32,103,193,557,166,165,501,678,83,482,6,2,40,66,102,373,1299,110,10,1,149,636,178,876,264,134,2,181,191,9,880,1157,6,382,7,338,751,1447,2230,391,2054,6486,1387,216,575,11,1,65,611
0,0,1,5,4232,0,3,4,12,8,63,0,29,0,0,0,0,0,0,0,1294,0,0,0,73,1,1,3,437,8,0,0,0,1,0,35,0,8,10,15044,1,415,19,91,29,8748,0,2326,0,169,5,1,0,0,1,24475,0,2,1,5964,0,6,3,8203,241,4,0,0,19,128
0,0,1,0,0,0,1,2,1,0,0,0,0,0,2,0,0,0,0,0,0,0,0,2,2,0,0,0,3,1,1,0,0,0,0,7,0,10,1,1,10059,4858,39,7411,5,48,50,16,7,1650,2104,0,3,0,5,6,4,0,2,14,0,17,1,26,572,2,1,4082,2,325
0,0,18,8,24,0,15,52,83,6,51,0,8,1,30,0,1,5,0,2,5,1,8,3,167,0,6,19,227,26,6,0,1,6,11,203,9,591,149,415,4858,120852,1563,40359,165,26831,79,9475,11,5298,5482,5,74,3,23,670,31,11,38,961,0,385,57,3670,1485,46,3,2329,39,514
15,1,65,37,12,1,25,163,199,12,74,5,4,2,90,4,9,39,1,11,4,68,22,62,364,0,54,100,1009,121,300,1,1,33,83,9435,31,3196,636,19,39,1563,129098,5393,1141,10146,167,16,4,11865,63,165,1547,7,481,22,994,395,1193,2846,3,1492,464,19596,3879,21433,2,37,270,1241
4,0,38,7,9,1,21,121,150,7,44,0,5,0,58,1,0,13,0,1,1,7,6,7,240,2,15,45,324,43,31,0,1,11,19,1073,17,1247,178,91,7411,40359,5393,62554,237,7462,216,272,38,34263,2962,6,239,4,91,203,78,33,147,865,2,1026,118,2021,4122,222,3,9716,28,981
10,2,9,16,57,2,46,332,187,45,80,2,6,4,97,7,0,9,1,2,16,7,16,10,781,9,13,18,626,74,236,0,9,22,27,182,235,45,876,29,5,165,1141,237,6367,163,23,1248,29,388,1982,78,58,1,20,179,30,350,41,9781,80,44,645,1838,378,544,0,6,119,250
1,5,9,3,213,0,35,101,156,15,216,0,36,3,36,2,0,3,0,1,31,4,4,2,314,5,7,26,557,38,10,0,1,12,12,779,4,666,264,8748,48,26831,10146,7462,163,127752,26,11465,1,5208,155,5,41,2,24,16020,58,19,68,3621,1,214,65,17883,1946,120,1,58,105,848
0,2,8,9,0,0,0,1,0,2,1,31,0,147,0,0,0,18,18,35,0,5,1,7,5,157,153,173,8,1,3,7,0,1,6,105,216,46,134,0,50,79,167,216,23,26,76449,4,14592,386,9,22,499,12425,4810,2,144,94,308,18,1570,13035,1830,80,402,508,2453,176,31,10589
0,0,0,0,426,1,28,2,29,1,114,0,5205,0,20,1,0,0,0,0,1563,0,0,1,12,0,0,1,38,28,0,0,1,0,9,22,2,1,2,2326,16,9475,16,272,1248,11465,4,83547,0,156,4599,0,0,0,1,24057,0,1,1,1725,0,2,4,537,110,1,0,19,3,55
0,28,3,43,0,0,0,2,0,13,0,121,0,1597,0,1,0,11,43,55,0,0,3,1,4,817,199,311,1,1,1,35,0,0,15,1,408,22,181,0,7,11,4,38,29,1,14592,0,32019,36,2,2,14,773,289,0,1,130,4,6,7202,2695,6633,2,34,6,1495,14,0,931
5,2,24,7,10,2,17,143,165,20,28,3,2,0,64,2,3,17,0,3,4,17,12,17,286,0,27,55,386,56,98,0,1,13,32,12431,23,931,191,169,1650,5298,11865,34263,388,5208,386,156,36,106017,750,32,489,15,272,262,133,76,128,1260,4,1364,229,2086,18755,1135,8,7629,126,2124
0,1,1,0,2,0,1,4,8,3,0,0,1,0,1,1,0,1,0,0,0,1,1,0,10,0,0,1,10,1,0,0,0,1,1,120,3,20,9,5,2104,5482,63,2962,1982,155,9,4599,2,750,14648,0,4,0,1,50,4,2,2,619,2,26,6,109,87,4,0,86,3,70
6,0,39,81,0,0,2,19,16,1,2,4,0,0,12,0,113,18,0,3,0,357,33,737,89,0,17,151,242,22,281,1,1,16,68,41,23,130,880,1,0,5,165,6,78,5,22,0,2,32,0,19111,216,0,47,1,2272,9232,3218,673,0,45,4981,1500,78,1828,0,0,59,435
3,18,769,132,1,1,2,27,11,4,8,20,0,9,20,1,14,648,4,170,0,47,24,239,37,11,1617,1731,62,22,47,7,1,2,342,341,1007,3822,1157,0,3,74,1547,239,58,41,499,0,14,489,4,216,31861,13,11304,1,2134,506,16942,159,27,5576,8130,714,333,3788,1,5,49,6500
0,3,2,7,0,0,0,0,2,0,0,44,0,120,0,0,0,6,24,36,0,0,0,0,0,143,142,183,0,4,0,25,0,0,3,5,16,4,6,0,0,3,7,4,1,2,12425,0,773,15,0,0,13,19533,5535,0,5,5,5,0,247,7868,484,5,15,10,310,5,1,424
4,24,71,31,1,0,1,2,4,1,0,93,0,124,6,0,1,225,58,392,0,17,4,40,4,215,1515,1399,17,13,14,31,1,0,130,256,205,247,382,1,5,23,481,91,20,24,4810,1,289,272,1,47,11304,5535,41176,1,369,109,1034,39,473,18724,3564,156,269,1290,130,6,46,4969
0,4,0,6,2096,0,2,16,7,29,59,0,1110,4,6,4,0,0,0,1,54,0,1,0,69,2,0,7,132,5,0,0,0,1,1,74,0,7,7,24475,6,670,22,203,179,16020,2,24057,0,262,50,1,1,0,1,20175,1,2,0,2818,0,3,0,2436,264,7,0,8,11,135
4,2,79,96,1,0,0,16,10,0,2,4,0,0,8,0,165,47,2,7,0,623,35,1038,59,0,28,207,174,11,287,0,0,6,115,158,61,1839,338,0,4,31,994,78,30,58,144,0,1,133,4,2272,2134,5,369,1,69012,3829,28937,167,4,188,2218,9805,408,28924,0,2,162,7197
9,4,137,49,0,1,1,25,19,1,5,8,0,13,11,1,257,48,2,6,0,422,62,997,144,10,49,401,255,18,235,0,1,8,91,97,2498,1488,751,2,0,11,395,33,350,19,94,1,130,76,2,9232,506,5,109,2,3829,11363,6634,5200,389,156,8121,1287,164,2912,1,2,117,743
11,5,717,335,0,0,2,87,24,1,7,8,0,1,20,0,333,243,0,29,0,473,212,6618,45,0,146,2249,312,19,126,2,0,8,715,148,407,12899,1447,1,2,38,1193,147,41,68,308,1,4,128,2,3218,16942,5,1034,0,28937,6634,59284,419,8,1353,11328,5440,192,8879,0,3,70,5524
34,44,11,108,831,4,209,955,1261,261,1237,5,122,50,414,18,7,16,0,3,206,55,72,37,2719,31,16,132,4395,342,425,0,15,97,104,812,74,141,2230,5964,14,961,2846,865,9781,3621,18,1725,6,1260,619,673,159,0,39,2818,167,5200,419,59702,5,89,1056,21814,2243,1913,0,6,714,1221
0,24,1,38,0,0,0,0,1,13,0,67,0,848,0,1,0,8,18,29,0,0,3,1,2,508,142,281,0,2,0,18,0,0,12,1,2156,5,391,0,0,0,3,2,80,1,1570,0,7202,4,2,0,27,247,473,0,4,389,8,5,9447,1037,8884,3,4,10,49,1,0,174
17,55,766,236,1,2,3,29,28,12,7,201,1,373,30,4,10,1217,113,1028,0,35,30,106,39,698,5449,5156,50,47,66,81,3,3,655,580,1200,15398,2054,6,17,385,1492,1026,44,214,13035,2,2695,1364,26,45,5576,7868,18724,3,188,156,1353,89,1037,103265,18029,441,478,1042,1335,16,61,2644
26,84,1811,570,2,0,6,87,65,19,16,354,0,1037,36,0,101,1284,224,1158,0,116,203,2972,72,1676,5376,8855,229,54,92,151,4,3,1099,160,10597,12000,6486,3,1,57,464,118,645,65,1830,4,6633,229,6,4981,8130,484,3564,0,2218,8121,11328,1056,8884,18029,117322,1735,180,1003,651,10,54,5615
80,8,73,70,226,4,123,661,709,54,307,7,23,2,305,12,59,55,1,8,37,292,61,297,1607,1,28,157,2902,351,1283,0,6,122,170,1233,24,3754,1387,8203,26,3670,19596,2021,1838,17883,80,537,2,2086,109,1500,714,5,156,2436,9805,1287,5440,21814,3,441,1735,127958,4286,13643,0,26,2208,5765
14,1,9,11,16,0,20,117,156,7,40,1,1,0,59,2,4,8,0,5,5,18,8,14,249,2,14,19,378,48,153,0,3,17,22,15831,15,179,216,241,572,1485,3879,4122,378,1946,402,110,34,18755,87,78,333,15,269,264,408,164,192,2243,4,478,180,4286,128898,6527,5,4760,6870,3231
12,1,66,71,1,0,11,58,51,4,13,2,1,2,32,0,85,65,0,16,0,652,50,269,186,1,52,121,760,90,707,0,1,38,143,4717,61,594,575,4,2,46,21433,222,544,120,508,1,6,1135,4,1828,3788,10,1290,7,28924,2912,8879,1913,10,1042,1003,13643,6527,86372,2,3,846,7056
0,6,0,3,0,0,0,0,0,1,0,13,0,96,0,0,0,2,8,8,0,0,0,1,0,83,32,37,0,0,0,3,0,0,1,0,10,8,11,0,1,3,2,3,0,1,2453,0,1495,8,0,0,1,310,130,0,0,1,0,0,49,1335,651,0,5,2,444,1,0,175
0,0,2,0,1,0,1,7,4,0,1,0,0,0,3,0,0,1,0,0,0,0,0,0,7,0,1,0,3,0,1,0,0,0,1,18,1,19,1,0,4082,2329,37,9716,6,58,176,19,14,7629,86,0,5,5,6,8,2,2,3,6,1,16,10,26,4760,3,1,8970,2,502
1,0,2,6,1,0,7,36,38,2,8,1,0,0,15,0,4,4,0,1,0,16,3,11,78,0,5,5,133,10,84,0,0,7,13,129,2,21,65,19,2,39,270,28,119,105,31,3,0,126,3,59,49,1,46,11,162,117,70,714,0,61,54,2208,6870,846,0,2,1544,886
5,5,345,57,9,1,13,86,95,5,23,14,0,24,48,0,25,239,5,63,3,116,23,344,181,20,554,823,276,40,164,6,0,13,154,493,561,829,611,128,325,514,1241,981,250,848,10589,55,931,2124,70,435,6500,424,4969,135,7197,743,5524,1221,174,2644,5615,5765,3231,7056,175,502,886,43546
