8.99538708837103,130.853631973267,91.5661731243134,78.9541827610561,83.9628753662109,82.5679531097412,72.037138455874,27.0794040628647,46.6132857607812,59.7631572630347,47.4082151378194,119.656506990132,88.8976191711426,141.522171020508,17.057732305517,62.9982400373979,112.860363006592,93.8354549444428,149.06876373291,118.262869099208,74.426564057668,71.8364132104918,65.2505836486816,80.0098844591777,70.6854842160199,0,110.013741590845,125.942766629733,61.423451506305,12.5868801966675,27.6834206311499,146.090393066406,79.9639587402344,23.9109481114608,76.0526448082678,134.20361328125,0,148.900087858501,72.2403450012207,0,0,0,122.12427520752,149.206846237183,77.3060832977295,141.938812255859,0,0,0,145.387716674805,0,114.036996205648,185.691329956055,0,188.124660491943,0,109.834697723389,115.137702094184,156.361499439586,106.757169835708,0,174.856358247645,171.914863292988,115.117803668976,144.835761478969,116.860198974609,0,0,147.013259887695,141.344750976562
130.853631973267,8.18150892396479,46.2045833606913,23.6903907469589,0,0,221.455474853516,113.350262035023,128.998498336129,69.1541813338153,152.263328552246,70.7079682783647,0,44.147825458132,146.336483295147,126.382753725405,76.9001873864068,52.0225101377906,85.3830718994141,62.1712272319388,0,94.084878376552,21.5095189282735,58.062106167313,81.0660939512953,22.4028379392248,44.7215801180758,27.3039394628002,99.920991897583,103.976082672944,96.2641227722168,85.5960127512614,80.1224746704102,120.22777557373,58.3253664944341,0,96.1072769165039,102.560706572099,52.3089229038783,0,0,0,148.190368652344,0,118.809337615967,151.746194458008,64.3626136779785,0,70.7118216923305,156.127265930176,117.381774902344,0,107.868176778158,84.371826171875,102.862586657206,143.014949798584,116.042587280273,69.1887636184692,110.662426757812,124.470342462713,59.4814390341441,95.6823116649281,87.0791278566633,154.881649017334,161.656005859375,102.02424621582,91.4206148783366,0,0,116.618465423584
91.5661731243134,46.2045833606913,13.7674590830673,42.8537391350912,109.904556274414,152.825429280599,139.050770869021,90.8149787982978,117.733201525468,108.791153589884,106.724235710056,86.4968133653913,151.066431862967,97.1782516479492,108.937211207522,146.809558868408,85.2807058854537,43.7068389126619,74.4559501647949,82.6019523030236,197.519065856934,55.157497377538,66.508711936626,25.9827853316941,96.5668417490446,118.79981803894,23.9874981702456,29.2684674616301,70.4591515277628,120.023940792599,62.3418328024922,83.7227379935128,170.763441467285,97.3025225125826,54.7966407900271,167.579539905895,85.5482442755448,82.3029827927619,63.7173350131873,191.324264526367,152.307678222656,196.105588277181,154.639454064002,186.744827672055,134.939998202854,176.404098510742,118.806022644043,0,134.113276163737,181.028836568197,193.853866577148,122.442680945763,96.0762542307919,131.671009063721,126.506934689804,0,111.009047013295,76.5278688973754,95.0634977002856,148.295197226784,154.826278686523,97.2062936987018,85.3566282136476,141.783133310814,173.183471679688,129.236911426891,0,238.300964355469,128.489402770996,100.895228289176
78.9541827610561,23.6903907469589,42.8537391350912,60.0950943806085,55.3847485417905,113.143310546875,91.6299445208381,62.4328790150636,81.815523053436,36.0802704693767,72.1620912001683,79.6347352133857,97.8539422353109,57.0857617067585,87.4827065508359,84.8908700488863,37.5539213549933,58.3319850902931,136.637956619263,70.2275894585006,78.3608225772255,50.5303569682453,38.8071123570727,45.7183125836042,43.7412330474473,33.6324052437593,46.8348119382643,36.5602678767624,51.9911347976839,71.5432122236381,52.2117486616312,81.3124122619629,117.272654724121,55.0625109184445,55.6424055005919,129.971842956543,87.8918854849679,66.4254551246518,17.854398423733,83.6397010803223,0,114.619765281677,117.194542549752,138.975297110421,71.4002206325531,114.397839864095,83.4438663058811,0,66.1372009987055,132.435180664062,0,59.2902338004407,81.8539902658174,118.7698298863,90.8309952520555,55.5354461669922,73.4552527268728,55.7398024286543,67.0609642256552,61.7658658734074,41.6884097802012,73.6443605422974,64.694099744161,87.7807283673968,100.569445870139,77.9008674621582,63.2970136006673,0,103.794974644979,90.0026098552503
83.9628753662109,0,109.904556274414,55.3847485417905,8.70250635623407,0,57.8729749941358,85.5647047587803,100.129190423986,38.8926360277029,16.9995017304906,0,25.4408939939557,0,104.68516220585,69.0241038004557,0,0,0,0,10.3149420886906,149.658218383789,0,130.799057006836,16.4219547871272,0,133.192642211914,158.270168304443,15.2714370180368,95.1425125815652,158.449172973633,0,142.21789855957,80.4658514404297,95.159400731867,93.765022277832,0,127.806304931641,79.0689674377441,9.35504324139855,0,93.8417908350627,119.635408401489,131.740098741319,72.4346352962025,66.8841486827868,0,14.7623343506889,0,118.119123077393,128.116634368896,0,141.401214599609,0,188.545501708984,12.7633731817926,173.392379760742,0,0,71.9482063271652,0,159.132080078125,210.133438110352,54.1481352063407,108.986297607422,152.554565429688,0,148.644561767578,103.792343139648,109.680569118924
82.5679531097412,0,152.825429280599,113.143310546875,0,6.30486540008577,17.6405587951707,122.486914825439,11.7517145906576,108.022686004639,119.898943328857,58.2843368284164,110.30069089617,65.6382207870483,31.2448026071424,10.2261997016633,0,138.548100789388,94.2133076985677,89.0221929550171,131.705819522633,139.356220245361,147.772094726562,109.778999328613,120.402614246715,0,125.134756821852,118.731366157532,121.444974899292,28.2822738287826,118.879620869954,0,9.75687992971264,0,37.6941976204193,0,0,137.628387451172,0,0,0,0,162.716003417969,181.588531494141,122.040866851807,0,0,132.197555541992,0,195.660011291504,0,0,211.091995239258,0,0,0,0,197.086822509766,0,143.632352828979,0,145.446113586426,0,188.831634521484,0,0,0,0,0,189.917785644531
72.037138455874,221.455474853516,139.050770869021,91.6299445208381,57.8729749941358,17.6405587951707,11.5401891611144,56.9325675888667,17.783463360268,85.0007402353119,31.4400516831861,82.8392987728119,29.3119028031594,128.070359366281,30.9355162067946,11.8576848653892,110.868705749512,151.073856561834,93.5563812255859,112.117955525716,58.5335168050683,122.243013000488,104.128194173177,135.339571380615,79.0344229340553,0,152.515382607778,156.439639713453,65.0333324709381,54.2701212314585,102.44051197597,0,15.3170893838102,91.2349261233681,61.300597578094,170.123175048828,0,185.484853108724,104.378089427948,47.4817759195964,199.505142211914,160.082843017578,151.50015411377,166.839242117746,104.633552385413,145.541578892299,0,67.7917831965855,0,175.783594468061,149.91357421875,170.390487670898,182.003227233887,0,181.346755981445,115.301120758057,0,133.282867431641,191.555709838867,114.344893314051,0,219.469090779622,189.561836242676,140.132619966336,164.475197601318,171.541416515004,0,207.67887878418,165.565798078265,171.050308227539
27.0794040628647,113.350262035023,90.8149787982978,62.4328790150636,85.5647047587803,122.486914825439,56.9325675888667,8.08014841768189,55.8567721211825,51.9183571166523,14.9502145699641,153.309401878944,62.7590133037764,160.227721532186,38.951237228352,81.227364393381,104.457260825417,93.875845029554,182.610610961914,134.269949197769,98.0238314734565,69.159098776736,72.6006286794489,74.4733513688989,59.6646726610221,0,120.833750855196,109.540189196612,27.010288408557,57.0612592895598,22.3952072045019,165.818477630615,118.610317695432,60.1283981514713,81.1114537125675,130.775007963181,155.584869384766,143.774963192823,74.7265205383301,126.605152130127,186.761650085449,136.56104527987,113.883182736262,136.817901611328,67.1765599882746,118.260812589438,172.715972900391,103.590991973877,211.180717468262,137.417765797435,153.392189025879,105.971923828125,170.857445045754,0,220.769119262695,110.37309885025,158.366152763367,104.716024169922,144.947708129883,88.5253291105101,0,177.097917227909,154.9454483383,111.063031148983,135.999435163971,124.154293060303,0,178.259990147182,123.913239796956,144.481790586959
46.6132857607812,128.998498336129,117.733201525468,81.815523053436,100.129190423986,11.7517145906576,17.783463360268,55.8567721211825,12.2953143331516,73.4011945162095,30.3996365220791,73.5369235244637,73.2052335339018,103.256805525886,14.2490249650335,27.4957007050336,113.295342581613,123.132057082557,105.664605617523,128.153151105541,92.7576496489422,106.880633899144,92.6619980335236,105.037489913819,78.4449047488119,97.8638534545898,137.230989967904,137.759189679427,74.6536961784986,25.9016175048026,73.4687775896924,140.341003417969,12.7004415237562,88.4734858135844,49.1480088004507,155.702440897624,0,175.259873476895,90.0571910653796,138.390966415405,210.606781005859,153.086580850992,131.470807291155,155.760890604655,93.4436917636484,132.759324000432,0,108.340051322148,0,158.988018105247,150.288251876831,134.881913661957,175.254859924316,210.776664733887,226.105430603027,121.543175833566,163.425762939453,129.237329583419,168.198623657227,106.776569006464,181.3349609375,183.529556274414,170.3749610314,129.53074204804,155.381681002103,152.522339465571,0,205.2692527771,148.688368144788,160.135142597399
59.7631572630347,69.1541813338153,108.791153589884,36.0802704693767,38.8926360277029,108.022686004639,85.0007402353119,51.9183571166523,73.4011945162095,10.3514716565695,62.2772854317066,133.372592926025,12.6299512013145,119.739449285692,77.1548189461514,32.8094151305182,66.7369747161865,118.407504582809,179.905364990234,132.047179222107,44.4748250347073,101.979350090027,23.8407687618878,111.297695477804,23.1542943842379,107.449791461607,118.68122253418,91.9274975611064,45.2405491034112,70.3502699920486,56.999781583558,126.636268615723,123.864386664497,64.0256279179307,97.2823000515208,59.3375282287598,0,152.331253051758,54.3220389187336,83.1812715530396,0,109.330638885498,102.635231018066,123.892985752651,49.9357149336073,98.4048533121745,171.108345031738,42.378547668457,158.068488487831,120.967892456055,43.5122820536296,95.3709869384766,167.951648712158,0,229.788497924805,69.6231167234223,0,164.3583984375,123.69758605957,50.4249831597924,135.295348534217,167.378279368083,161.45552785773,103.061749705562,121.394815717425,125.640800476074,147.561889648438,0,139.266368865967,118.659965515137
47.4082151378194,152.263328552246,106.724235710056,72.1620912001683,16.9995017304906,119.898943328857,31.4400516831861,14.9502145699641,30.3996365220791,62.2772854317066,9.83721468678262,144.79165219038,26.8162044379487,172.045771280924,34.9869565970847,74.7787232494354,141.835742950439,148.328876241048,0,175.78227372603,14.7663768855387,92.1857705252511,86.2169269214977,101.091298350581,56.5518533496533,186.777282714844,135.886676191473,134.687693609708,19.6111687067477,79.4259263150055,82.4159747037021,172.134223937988,121.222712430087,73.4125066190153,89.3807474805686,136.133485060472,0,168.941073330966,84.5443470001221,74.3105256670997,0,140.587925181669,127.362532022837,142.538465673273,89.9276869297028,128.070835996557,208.280685424805,34.4514724329898,0,152.834221976144,0,157.036632537842,187.654794692993,0,0,117.743001065012,141.178684234619,102.924681091309,155.124204363142,96.0655498273351,0,195.03761945452,163.385451316833,120.441125180123,141.34254360199,128.949020385742,0,193.78205871582,132.040610313416,162.557031050972
119.656506990132,70.7079682783647,86.4968133653913,79.6347352133857,0,58.2843368284164,82.8392987728119,153.309401878944,73.5369235244637,133.372592926025,144.79165219038,14.0776702913516,131.034589705929,21.3895700356806,84.233997526623,74.0569143295288,128.61279703776,46.3732159022096,24.8878547883725,24.3928582355642,145.996310424805,96.9544498920441,97.3410927267636,85.2304574990574,150.332337599534,35.0043371348911,23.7015373443899,51.9679950567076,137.135460444859,56.327705627264,104.998022949811,20.5120264587698,54.5695849169021,101.321241149902,22.2285377637252,0,101.625509643555,130.440661839076,69.5225133895874,0,0,0,208.112887573242,0,164.961833953857,0,86.7193175285093,0,82.4401183325397,229.599838256836,0,147.831029891968,126.082262802124,92.6215173547918,97.8438484438004,0,140.556146621704,129.65784740448,132.821309089661,174.922903442383,62.8532232597693,97.2306950887044,97.6848219747597,192.369781494141,209.237640380859,183.608978271484,93.841670696552,0,209.640899658203,127.731901986258
88.8976191711426,0,151.066431862967,97.8539422353109,25.4408939939557,110.30069089617,29.3119028031594,62.7590133037764,73.2052335339018,12.6299512013145,26.8162044379487,131.034589705929,10.5782249598641,147.190149943034,92.7943627655506,17.7368713337112,0,171.685836791992,0,146.848598480225,15.6636634384851,0,151.198547363281,0,19.8458163808656,0,169.236637660435,146.339927128383,42.0400476022979,91.1121626924501,142.25333404541,0,106.104656079494,108.331396102905,95.9372810729562,0,0,0,97.3263778686523,44.3919323888318,0,67.8183970451355,125.935874938965,157.803063964844,101.195788701375,65.0342270798153,0,9.63510353947694,0,159.429046630859,70.4245529174805,0,0,0,0,8.44237799021575,0,0,0,106.879344502433,0,215.316482543945,0,131.51163897307,91.2192001342773,138.698638916016,0,0,0,0
141.522171020508,44.147825458132,97.1782516479492,57.0857617067585,0,65.6382207870483,128.070359366281,160.227721532186,103.256805525886,119.739449285692,172.045771280924,21.3895700356806,147.190149943034,7.8533380881038,106.786186218262,168.964369092669,126.316093444824,89.8781465802874,47.1509370213378,56.5082996256211,172.864410400391,169.858825683594,87.8815608362998,123.451313442654,133.76349234581,20.6535957293131,25.1729120404755,27.4566472194549,162.029280563881,93.9515899311412,143.884932623969,7.08832937591808,72.3681244483361,173.759735107422,59.2954635560698,0,87.9886026093454,141.91903591156,47.970511548154,0,0,204.422012329102,183.368537902832,0,142.145332336426,203.621251424154,80.1868326355811,0,47.7839680213665,0,0,0,129.615743849013,90.8337937672933,93.6968348103185,192.709278106689,0,128.132879990798,160.221694946289,170.087085571289,51.2938392499708,89.1720435216663,86.6907766667718,193.006050109863,0,199.889205932617,86.9159700870514,0,0,113.221891880035
17.057732305517,146.336483295147,108.937211207522,87.4827065508359,104.68516220585,31.2448026071424,30.9355162067946,38.951237228352,14.2490249650335,77.1548189461514,34.9869565970847,84.233997526623,92.7943627655506,106.786186218262,8.65725062820036,32.6222153436977,109.696262783474,116.329598658885,186.861557006836,139.672417948565,99.9512810028972,98.7005293356406,95.0002591668106,99.5616067926934,86.2464865592307,130.293397903442,130.771787255058,140.578947049869,81.5911583921525,16.8939691791542,63.035220267409,171.58553314209,11.9167581473771,49.4723713272496,53.7677823496353,153.952383677165,114.310356140137,169.371508624103,100.720315987723,0,205.787384033203,154.62740834554,139.005343967014,162.541034830028,92.3250066619558,136.240694681803,0,111.222006607056,0,166.454769849777,197.304550170898,124.984476089478,196.147756195068,0,205.467119852702,132.024753570557,126.766543388367,125.803608287464,172.128678131104,111.996247996455,0,200.744347127279,179.155940797594,134.852228433578,156.149743419583,140.355372667313,0,204.561248779297,149.540597025553,172.93238846461
62.9982400373979,126.382753725405,146.809558868408,84.8908700488863,69.0241038004557,10.2261997016633,11.8576848653892,81.227364393381,27.4957007050336,32.8094151305182,74.7787232494354,74.0569143295288,17.7368713337112,168.964369092669,32.6222153436977,8.41089235933807,121.638343811035,134.591979286887,0,136.144378662109,75.3844741919102,148.994819641113,81.1369295756022,114.667617797852,43.8183312168726,167.53350575765,160.264491154597,145.583496692134,80.0495043945313,58.8362232908911,78.7561024257115,0,58.6072652170977,96.1151437759399,66.3974313463484,162.485565185547,0,190.358154296875,0,0,0,0,136.200160980225,220.507308959961,71.7987910679409,170.512481689453,0,25.4180183410645,205.796096801758,168.666000366211,47.6461715698242,0,177.688735961914,0,0,74.9479875564575,0,117.085380554199,0,98.3637655046251,197.515853881836,170.376327514648,0,132.548847834269,160.119773864746,0,0,0,0,0
112.860363006592,76.9001873864068,85.2807058854537,37.5539213549933,0,0,110.868705749512,104.457260825417,113.295342581613,66.7369747161865,141.835742950439,128.61279703776,0,126.316093444824,109.696262783474,121.638343811035,12.8757679570858,103.78579939919,0,124.419986724854,0,20.5263605150618,28.0197692180288,15.1252101133719,28.8881103547651,193.653137207031,108.083875917921,28.231124557971,34.8082387804036,96.2647844202378,68.911283448685,151.326538085938,0,62.8193168640137,74.8819089644994,108.735656738281,0,98.6659269640523,67.2525372505188,0,0,153.943618774414,116.820997450087,0,0,0,0,0,0,139.166905721029,0,91.1483048295553,139.471467699323,0,155.137939453125,0,103.980742622144,57.6143970786366,92.2616728247107,105.248621804374,0,154.548231506348,100.207688284392,107.639008214918,116.295011520386,103.957584650376,0,0,103.082382202148,112.126441955566
93.8354549444428,52.0225101377906,43.7068389126619,58.3319850902931,0,138.548100789388,151.073856561834,93.875845029554,123.132057082557,118.407504582809,148.328876241048,46.3732159022096,171.685836791992,89.8781465802874,116.329598658885,134.591979286887,103.78579939919,8.28550630344011,67.0749776546772,23.7466030983138,171.368553161621,63.0220806915964,84.776040544181,21.9133802376221,126.522418292272,60.7496711482172,26.3613566636143,62.8162063719262,111.223869552612,99.0084824574654,69.0618556847049,85.8831546181127,134.847550891695,85.930080925546,36.4671125865808,197.617218017578,94.2253076141956,98.8206166366204,86.6753653133617,0,0,214.448846435547,175.379560030424,206.363451444186,145.756299336751,193.666920979818,124.381273057726,0,137.759153192694,188.203878963695,222.014083862305,135.345998128255,106.536187678208,122.537497202555,114.797911343045,0,139.622364774663,104.971444686254,113.657778892988,160.385832309723,113.008766174316,99.9373442462554,99.7023372768984,159.877881275524,173.703958511353,150.163688542293,133.398971557617,157.267868041992,157.762475967407,111.23479640434
149.06876373291,85.3830718994141,74.4559501647949,136.637956619263,0,94.2133076985677,93.5563812255859,182.610610961914,105.664605617523,179.905364990234,0,24.8878547883725,0,47.1509370213378,186.861557006836,0,0,67.0749776546772,6.01917589546251,8.60023799690341,0,137.829230414497,117.934993743896,94.7421506245931,155.076698303223,47.6033153237456,22.1152867470756,57.5112243399715,146.494491577148,89.3241763114929,118.385578579373,52.4603378688407,84.5168991088867,121.100563049316,60.3427181683378,0,109.363121032715,132.055603027344,75.7846330006917,0,0,0,209.656524658203,0,182.162689208984,0,95.5891571044922,0,95.8039925153865,0,0,0,139.589462280273,103.096217473348,100.366334191684,0,197.201400756836,150.808639526367,0,0,78.8793072170681,99.0370704853429,101.201965842928,237.222946166992,0,0,98.5800943374634,0,0,121.445976257324
118.262869099208,62.1712272319388,82.6019523030236,70.2275894585006,0,89.0221929550171,112.117955525716,134.269949197769,128.153151105541,132.047179222107,175.78227372603,24.3928582355642,146.848598480225,56.5082996256211,139.672417948565,136.144378662109,124.419986724854,23.7466030983138,8.60023799690341,11.8882718359892,0,95.2118179822876,104.960884399414,67.6700045465101,156.291500706826,50.994772682413,27.1926805155838,64.8127642595176,126.61120587726,96.1053040707939,99.4144001915341,55.2064859845997,89.5132205751207,102.684327443441,39.3401682731935,200.699111938477,112.941865921021,123.097118186951,105.233768208822,0,0,227.116691589355,186.034378051758,234.540832519531,178.234718322754,219.820236206055,105.403371102469,0,108.728073536266,196.732493082682,0,163.989613850911,111.730600244859,105.199319839478,104.927316685112,169.021011352539,176.721928187779,148.799616495768,144.996690158186,188.400299072266,88.6005417396282,98.8190126085096,102.400681266719,206.517999649048,199.04508972168,176.515148162842,113.860112190247,0,212.842590332031,125.171126956031
74.426564057668,0,197.519065856934,78.3608225772255,10.3149420886906,131.705819522633,58.5335168050683,98.0238314734565,92.7576496489422,44.4748250347073,14.7663768855387,145.996310424805,15.6636634384851,172.864410400391,99.9512810028972,75.3844741919102,0,171.368553161621,0,0,7.86135124449613,183.237548828125,88.0315933227539,140.319244384766,14.0076398303565,0,186.064575195312,187.931144714355,18.5055737374376,99.4002736984585,0,0,131.612201213837,87.4431446620396,102.349357071922,145.274795532227,0,0,70.8830655415853,8.71274942426814,0,140.58508605957,124.902429580688,167.103652954102,86.2476615905762,129.750794072305,0,10.1147293631114,0,163.156593322754,0,0,0,0,0,39.0579564129865,0,0,0,97.4924094746414,0,0,0,129.817375080006,170.179138183594,0,0,0,0,132.312047322591
71.8364132104918,94.084878376552,55.157497377538,50.5303569682453,149.658218383789,139.356220245361,122.243013000488,69.159098776736,106.880633899144,101.979350090027,92.1857705252511,96.9544498920441,0,169.858825683594,98.7005293356406,148.994819641113,20.5263605150618,63.0220806915964,137.829230414497,95.2118179822876,183.237548828125,11.6046572709956,54.58468871421,24.3628701540328,24.0833087484413,101.654853820801,104.899704816865,64.2052153946987,24.5250282218645,44.7085045491596,26.7529254921813,0,163.35205078125,35.4279564501747,41.0095380929517,124.51012179726,158.367556762695,120.909554105816,82.1362489461899,0,0,170.92399597168,116.904002133538,162.033122471401,116.46573638916,180.944625854492,177.568566894531,0,0,137.783699035645,114.58048248291,94.763800922896,142.641816808822,0,169.491012573242,0,103.368172745069,65.4050431093333,105.641839025389,111.071878953414,0,155.986060442243,123.769948038562,108.495333945914,117.333415137397,103.879619083522,0,0,109.657518863678,115.874417337878
65.2505836486816,21.5095189282735,66.508711936626,38.8071123570727,0,147.772094726562,104.128194173177,72.6006286794489,92.6619980335236,23.8407687618878,86.2169269214977,97.3410927267636,151.198547363281,87.8815608362998,95.0002591668106,81.1369295756022,28.0197692180288,84.776040544181,117.934993743896,104.960884399414,88.0315933227539,54.58468871421,7.67100247751966,50.6765872749682,31.6528876970886,74.9981606355898,83.5102231405615,35.1096953327926,48.3737791047961,65.1028230630668,47.441463157467,105.290625254313,136.534210205078,43.6615520190167,55.5192015121495,96.9394175211589,116.647838592529,76.8864897559671,15.9318129206167,0,0,128.132834434509,110.447250539606,151.946544647217,68.7974971830845,107.494243621826,166.487548828125,0,113.803675333659,145.714878718058,87.0794143676758,46.8793743595932,114.74574247996,0,134.657752990723,87.4540557861328,75.4420828683036,17.8016688977518,64.1691178915636,79.8791048261854,85.3701044718425,115.736952972412,64.9075572948738,85.4757131983022,124.241674423218,71.5239733886719,0,0,56.766305287679,97.1458274177883
80.0098844591777,58.062106167313,25.9827853316941,45.7183125836042,130.799057006836,109.778999328613,135.339571380615,74.4733513688989,105.037489913819,111.297695477804,101.091298350581,85.2304574990574,0,123.451313442654,99.5616067926934,114.667617797852,15.1252101133719,21.9133802376221,94.7421506245931,67.6700045465101,140.319244384766,24.3628701540328,50.6765872749682,13.6385911674203,61.333264707464,113.570922851562,67.2645868237331,39.0492097465391,43.1071303151509,82.4980904154258,41.387874462719,116.034278869629,148.962788581848,59.8151961735317,42.1035535354314,158.590775171916,116.127128056117,89.8504457938027,64.6644020080566,0,186.948249816895,180.967096964518,144.167215654927,175.089776175363,131.755170440674,187.12678527832,138.793741498675,222.482879638672,187.240798950195,175.368835000431,0,90.1820566961529,112.368894473279,0,150.668424034119,0,104.90804980945,62.681282739821,92.9369244424192,128.578099018819,205.274230957031,127.178519698809,92.8346331430797,128.969515431208,153.154057094029,111.968599510902,163.770355224609,0,126.165982333097,110.326609766761
70.6854842160199,81.0660939512953,96.5668417490446,43.7412330474473,16.4219547871272,120.402614246715,79.0344229340553,59.6646726610221,78.4449047488119,23.1542943842379,56.5518533496533,150.332337599534,19.8458163808656,133.76349234581,86.2464865592307,43.8183312168726,28.8881103547651,126.522418292272,155.076698303223,156.291500706826,14.0076398303565,24.0833087484413,31.6528876970886,61.333264707464,11.0455342216677,115.325347137451,120.63838041957,83.9303245690033,17.542792857593,69.4480488139731,61.2064107847329,161.417879104614,130.960261592159,65.9535965851267,83.7381597174422,120.981914578951,135.017311096191,148.976008721118,54.0096294293498,60.2459097986352,158.940635681152,122.413602360708,108.091151310847,126.314021778107,56.9839317917671,102.606401212656,186.989602661133,60.0998983383179,189.052478790283,130.745891811131,132.422560119629,83.9970700553294,155.696562071104,0,179.259815216064,85.1954493868178,98.7793974795584,62.516345500946,126.448239644368,73.9082125186394,191.298965454102,167.605405171712,144.788586934408,100.037948898002,123.895235329747,107.715312424526,0,178.541830880301,114.667150644156,126.224216693014
0,22.4028379392248,118.79981803894,33.6324052437593,0,0,0,0,97.8638534545898,107.449791461607,186.777282714844,35.0043371348911,0,20.6535957293131,130.293397903442,167.53350575765,193.653137207031,60.7496711482172,47.6033153237456,50.994772682413,0,101.654853820801,74.9981606355898,113.570922851562,115.325347137451,9.96391626333562,40.9724417576423,20.3818613248992,139.103332519531,78.435962677002,134.709528605143,50.1330351432165,95.4805246988932,111.970275878906,62.2294633528766,0,80.1530575561523,153.984570821126,27.9955881044089,207.342849731445,0,0,0,202.438133239746,134.149934556749,190.333654785156,61.742011671613,0,56.6559855252176,0,0,0,102.042521390048,71.6296532370827,69.4808665253395,175.892974853516,0,109.635758209229,0,158.749817878969,42.2052321415248,64.7198825879903,65.985875483629,153.459426879883,188.01237487793,157.109405517578,71.4254868748676,0,0,80.1066501617432
110.013741590845,44.7215801180758,23.9874981702456,46.8348119382643,133.192642211914,125.134756821852,152.515382607778,120.833750855196,137.230989967904,118.68122253418,135.886676191473,23.7015373443899,169.236637660435,25.1729120404755,130.771787255058,160.264491154597,108.083875917921,26.3613566636143,22.1152867470756,27.1926805155838,186.064575195312,104.899704816865,83.5102231405615,67.2645868237331,120.63838041957,40.9724417576423,13.1269718595815,28.3836933475312,114.441573981083,110.296278580375,98.1948058206527,14.5240580800393,109.993016889018,113.867575073242,61.4758148739244,182.988745795356,98.8036512895064,98.1029346742778,86.3247434905081,225.668640136719,0,195.717325846354,177.785511016846,202.43412882487,178.886314978966,188.176561628069,97.7329412472793,0,99.8995718261105,197.390749896014,0,150.384839226218,97.8977799967033,97.3554817522076,95.0570469620204,0,150.594239371163,131.356569251236,116.827768717727,173.163162708282,76.6924494353818,87.305103743748,89.2233211703244,172.960581643241,194.372208731515,155.968244405893,108.787710428238,128.267425537109,164.645776367187,106.0516634917
125.942766629733,27.3039394628002,29.2684674616301,36.5602678767624,158.270168304443,118.731366157532,156.439639713453,109.540189196612,137.759189679427,91.9274975611064,134.687693609708,51.9679950567076,146.339927128383,27.4566472194549,140.578947049869,145.583496692134,28.231124557971,62.8162063719262,57.5112243399715,64.8127642595176,187.931144714355,64.2052153946987,35.1096953327926,39.0492097465391,83.9303245690033,20.3818613248992,28.3836933475312,14.3156867340077,63.54035745742,109.978762708201,102.863639437917,23.8443214581309,100.407091198546,112.753121251645,66.2050597681193,182.113460540771,96.2559450403114,84.1858062986177,59.3785747748887,175.677373250326,0,204.645109477796,159.203444519043,186.822784084744,149.085446251763,177.232587374174,96.7485952652948,224.888442993164,91.2866637423108,186.170889559659,207.672698974609,105.725216897118,96.745963102679,99.5880638914682,99.2418741113037,146.363512311663,111.309813568558,69.6337381443775,93.0093268449172,144.263682509914,69.2115375002932,90.367311714415,88.0901683977537,146.049164984636,164.906889664499,146.552566023898,104.091222196012,0,176.087197875977,102.317950989177
61.423451506305,99.920991897583,70.4591515277628,51.9911347976839,15.2714370180368,121.444974899292,65.0333324709381,27.010288408557,74.6536961784986,45.2405491034112,19.6111687067477,137.135460444859,42.0400476022979,162.029280563881,81.5911583921525,80.0495043945313,34.8082387804036,111.223869552612,146.494491577148,126.61120587726,18.5055737374376,24.5250282218645,48.3737791047961,43.1071303151509,17.542792857593,139.103332519531,114.441573981083,63.54035745742,10.5566498509771,65.8647431996342,33.6047963249748,168.38486328125,126.226620957658,58.4002921892249,58.8858787394056,118.79287646568,157.415551757812,128.41649547624,58.711655386078,31.0360169519822,168.545547485352,131.751556766191,107.299695736117,130.81559440236,65.7425279464965,116.649219738945,183.950716018677,65.4357232545552,196.600341796875,133.88092649786,124.454761123657,89.576084294595,155.970438680341,0,177.529586791992,109.783868645177,109.274111254462,72.7493152394014,117.426290389819,85.8537998637784,0,168.797007598877,130.156507500394,104.270283460453,127.87940579369,103.707978534698,0,182.123402913411,113.430010860128,128.809203244638
12.5868801966675,103.976082672944,120.023940792599,71.5432122236381,95.1425125815652,28.2822738287826,54.2701212314585,57.0612592895598,25.9016175048026,70.3502699920486,79.4259263150055,56.327705627264,91.1121626924501,93.9515899311412,16.8939691791542,58.8362232908911,96.2647844202378,99.0084824574654,89.3241763114929,96.1053040707939,99.4002736984585,44.7085045491596,65.1028230630668,82.4980904154258,69.4480488139731,78.435962677002,110.296278580375,109.978762708201,65.8647431996342,8.53324151037073,34.7096095791432,128.178066798619,10.4747202449775,10.006766500794,28.9420230309322,146.96617380778,139.023406982422,157.015716044108,80.5410784066442,157.691445350647,215.649780273438,161.468622941237,125.299027939473,162.344514713731,86.7672429986902,150.23786725496,206.778274536133,108.97669001988,138.154907226562,158.854636873518,171.389846801758,105.07621938532,148.880485881459,151.969699859619,148.450009272649,143.353004455566,109.572687322443,72.9052001105414,157.32834785863,112.151890537195,84.130054473877,151.480160652323,144.100572374132,120.962543780987,143.4022564888,112.457613203261,0,0,127.907236480713,155.567790603638
27.6834206311499,96.2641227722168,62.3418328024922,52.2117486616312,158.449172973633,118.879620869954,102.44051197597,22.3952072045019,73.4687775896924,56.999781583558,82.4159747037021,104.998022949811,142.25333404541,143.884932623969,63.035220267409,78.7561024257115,68.911283448685,69.0618556847049,118.385578579373,99.4144001915341,0,26.7529254921813,47.441463157467,41.387874462719,61.2064107847329,134.709528605143,98.1948058206527,102.863639437917,33.6047963249748,34.7096095791432,11.4098523762352,148.995005289714,119.34980504653,41.7151626586914,29.3613562941767,120.461526932255,201.011367797852,127.88396655812,61.281655299713,0,209.212356567383,140.627388000488,106.938284022013,150.899925724153,70.5268083669371,137.404228210449,177.575505574544,0,198.371948242188,133.073982083068,0,89.223484270089,147.458874966236,0,174.648684910366,0,103.325339393749,69.2463293521962,125.036670200408,96.1345429274615,0,153.383120218913,144.025217885556,103.901064188148,122.192333794887,102.510527960145,0,197.945281982422,107.197996956961,117.655282834681
146.090393066406,85.5960127512614,83.7227379935128,81.3124122619629,0,0,0,165.818477630615,140.341003417969,126.636268615723,172.134223937988,20.5120264587698,0,7.08832937591808,171.58553314209,0,151.326538085938,85.8831546181127,52.4603378688407,55.2064859845997,0,0,105.290625254313,116.034278869629,161.417879104614,50.1330351432165,14.5240580800393,23.8443214581309,168.38486328125,128.178066798619,148.995005289714,6.15783424083204,97.7884140014648,0,76.5131404876709,0,0,135.187126159668,98.7593301137288,0,0,0,194.295028686523,0,0,0,86.9164908272879,0,98.2647190638951,0,0,174.236099243164,131.724564688546,102.062935791016,100.677887209,0,0,0,137.580646514893,0,73.6556080712213,96.8140772124867,100.505057682265,0,0,0,102.999445597331,0,0,114.342309315999
79.9639587402344,80.1224746704102,170.763441467285,117.272654724121,142.21789855957,9.75687992971264,15.3170893838102,118.610317695432,12.7004415237562,123.864386664497,121.222712430087,54.5695849169021,106.104656079494,72.3681244483361,11.9167581473771,58.6072652170977,0,134.847550891695,84.5168991088867,89.5132205751207,131.612201213837,163.35205078125,136.534210205078,148.962788581848,130.960261592159,95.4805246988932,109.993016889018,100.407091198546,126.226620957658,10.4747202449775,119.34980504653,97.7884140014648,5.0145971779844,118.321548461914,34.9800369366497,0,185.058364868164,0,140.889343261719,0,0,222.205764770508,174.210067749023,168.222076416016,138.315524631076,174.299118041992,0,142.33056640625,0,181.895614624023,0,184.573837280273,169.847671508789,0,149.443298339844,0,0,209.419143676758,0,168.454021199544,0,180.351826985677,136.831436157227,174.167180379232,184.726247151693,225.88427734375,0,0,0,0
23.9109481114608,120.22777557373,97.3025225125826,55.0625109184445,80.4658514404297,0,91.2349261233681,60.1283981514713,88.4734858135844,64.0256279179307,73.4125066190153,101.321241149902,108.331396102905,173.759735107422,49.4723713272496,96.1151437759399,62.8193168640137,85.930080925546,121.100563049316,102.684327443441,87.4431446620396,35.4279564501747,43.6615520190167,59.8151961735317,65.9535965851267,111.970275878906,113.867575073242,112.753121251645,58.4002921892249,10.006766500794,41.7151626586914,0,118.321548461914,6.32375922738762,20.0806263757744,119.56194152832,0,160.049575805664,62.906831741333,91.5376510620117,0,163.370404561361,117.152673663515,146.395783857866,74.0826376134699,132.649972915649,205.564804077148,0,0,137.088920593262,102.040107727051,79.7435219287872,140.474319458008,0,0,155.141708374023,89.9848149617513,54.7565569877625,135.594035148621,97.0461622808397,0,154.714640299479,157.603686014811,105.498286262887,126.866006290211,103.72388859799,0,0,125.450945172991,140.604235135592
76.0526448082678,58.3253664944341,54.7966407900271,55.6424055005919,95.159400731867,37.6941976204193,61.300597578094,81.1114537125675,49.1480088004507,97.2823000515208,89.3807474805686,22.2285377637252,95.9372810729562,59.2954635560698,53.7677823496353,66.3974313463484,74.8819089644994,36.4671125865808,60.3427181683378,39.3401682731935,102.349357071922,41.0095380929517,55.5192015121495,42.1035535354314,83.7381597174422,62.2294633528766,61.4758148739244,66.2050597681193,58.8858787394056,28.9420230309322,29.3613562941767,76.5131404876709,34.9800369366497,20.0806263757744,10.694033436426,168.070778401693,99.0363584406236,94.3757262990445,78.0941699056914,0,0,179.848961570046,131.083234488246,177.238447088944,94.2001142148618,174.619227091471,143.918226877848,109.035945468479,129.903194173177,162.911984920502,203.978134155273,98.9410793641034,110.708663048103,154.390149434408,124.644922637939,153.023834228516,113.318238100798,79.1717074467586,102.610681771232,123.077826720018,100.24898815155,108.810452701481,101.106149779329,119.809425555958,161.083895943382,114.146750870285,132.523254394531,199.907180786133,124.997065030611,114.581355305461
134.20361328125,0,167.579539905895,129.971842956543,93.765022277832,0,170.123175048828,130.775007963181,155.702440897624,59.3375282287598,136.133485060472,0,0,0,153.952383677165,162.485565185547,108.735656738281,197.617218017578,0,200.699111938477,145.274795532227,124.51012179726,96.9394175211589,158.590775171916,120.981914578951,0,182.988745795356,182.113460540771,118.79287646568,146.96617380778,120.461526932255,0,0,119.56194152832,168.070778401693,9.47093478822011,129.458535627885,107.156220328423,75.4591060339236,85.3279460362026,82.3493570600237,48.2550934429826,31.4309844347808,28.0873264022109,59.9040942978073,59.6931338108244,118.766761634463,78.1787173531272,93.0231628417969,13.3348299411918,21.2213118553162,69.6559637116223,105.532229694803,145.627926635742,128.775191754103,74.9331188717404,82.2387310704098,66.8020697131599,96.4057991182482,64.5731201077917,118.714805603027,118.457085747554,129.152964735031,73.6701762361055,14.1808672686083,25.381628817867,0,85.0610226525201,40.2849123792131,66.8543418300079
0,96.1072769165039,85.5482442755448,87.8918854849679,0,0,0,155.584869384766,0,0,0,101.625509643555,0,87.9886026093454,114.310356140137,0,0,94.2253076141956,109.363121032715,112.941865921021,0,158.367556762695,116.647838592529,116.127128056117,135.017311096191,80.1530575561523,98.8036512895064,96.2559450403114,157.415551757812,139.023406982422,201.011367797852,0,185.058364868164,0,99.0363584406236,129.458535627885,9.09757488908584,37.9799043990397,22.0401741799976,0,0,155.681640625,117.767771320958,139.909705218147,68.7230048808646,134.832456588745,63.3332531717088,120.590724945068,51.4714339106691,140.120758056641,139.485496520996,81.2835056470788,51.1463776543929,84.9091022014618,61.9044500025307,0,71.3771623079894,26.4364505274187,55.4598425038031,65.4942091349009,24.3141864768207,43.5080770556132,32.374595562107,118.661906560262,126.67345123291,98.0389652564877,78.0306568145752,75.7213287353516,94.2761535644531,55.1673421468752
148.900087858501,102.560706572099,82.3029827927619,66.4254551246518,127.806304931641,137.628387451172,185.484853108724,143.774963192823,175.259873476895,152.331253051758,168.941073330966,130.440661839076,0,141.91903591156,169.371508624103,190.358154296875,98.6659269640523,98.8206166366204,132.055603027344,123.097118186951,0,120.909554105816,76.8864897559671,89.8504457938027,148.976008721118,153.984570821126,98.1029346742778,84.1858062986177,128.41649547624,157.015716044108,127.88396655812,135.187126159668,0,160.049575805664,94.3757262990445,107.156220328423,37.9799043990397,9.90863323742888,37.7555909667041,132.80521774292,167.469131469727,125.855285592894,89.0771327430525,118.950310487602,94.0480191548665,106.325688794568,88.063060760498,122.244956970215,89.1466740694913,117.836542164345,137.006488037109,75.641906620906,31.5786819250904,81.2209606170654,73.2177950901541,166.037275041853,51.9318928881921,40.4197223583857,23.9896875660644,99.3000915202689,88.7151031494141,21.3400123976534,25.1310020612081,69.4920406067187,129.182260907562,65.3535014451152,106.45702457428,168.585828279194,112.610642569406,63.880346348835
72.2403450012207,52.3089229038783,63.7173350131873,17.854398423733,79.0689674377441,0,104.378089427948,74.7265205383301,90.0571910653796,54.3220389187336,84.5443470001221,69.5225133895874,97.3263778686523,47.970511548154,100.720315987723,0,67.2525372505188,86.6753653133617,75.7846330006917,105.233768208822,70.8830655415853,82.1362489461899,15.9318129206167,64.6644020080566,54.0096294293498,27.9955881044089,86.3247434905081,59.3785747748887,58.711655386078,80.5410784066442,61.281655299713,98.7593301137288,140.889343261719,62.906831741333,78.0941699056914,75.4591060339236,22.0401741799976,37.7555909667041,23.3991548993371,80.9596508026123,166.10026550293,80.764284581946,60.7509913924355,87.0805446110415,8.00860969334433,61.7254399241823,55.8691306754724,38.5533580780029,43.1887013661927,91.3476441867689,66.3282911512587,36.8621335322207,53.6217496042738,66.4970334370931,62.2792579491101,89.7060426984515,57.025238894852,21.1312012850206,48.3322142750622,27.3618950743312,20.7632663298751,43.6373404147214,35.2286140961372,49.4210234946627,78.0586895059656,62.2128489884086,68.8994667746804,138.210815429688,67.7022987952599,57.968266157784
