10.0034066960224,106.051971435547,96.1676446699852,54.8248443603516,68.1993771721335,99.339241027832,67.1130583716221,24.696537545342,43.4648026401886,56.3365036157461,48.7471308443281,110.444113279644,90.6722844441732,140.456326802572,10.9457499659261,75.9356307983398,145.912574768066,98.3254604218112,129.211085849338,123.320741954603,100.951879882813,67.5299597565766,90.7152139663696,81.1478317138996,64.4287380763463,116.186612447103,113.699900883181,117.087810876951,60.423614327766,9.71197930504032,29.2111848820017,163.194351196289,82.5728155771891,38.8458213011424,69.8102993598351,126.475115458171,0,154.321543375651,79.8648443511038,0,186.432067871094,158.612253461565,120.934196744646,149.860674424605,76.6966114044189,141.011528015137,189.837997436523,202.143966674805,0,145.418208934643,0,132.74794599745,188.298011779785,0,195.130355834961,177.981399536133,124.313437721946,100.010885238647,148.780648080926,111.916647574481,0,235.766860961914,162.408965615665,120.275051396068,135.850766372681,124.107844145402,0,0,118.619150161743,159.303006490072
106.051971435547,6.27221852375401,56.5572042737688,14.305968056089,118.27996635437,0,155.588653564453,127.135780334473,127.334545135498,74.6992711649313,145.278436279297,68.7063396840856,103.818726675851,51.0557688031878,135.680845533099,104.971388244629,66.65181016922,50.0710189008065,74.66676902771,61.6865720748901,90.6985206604004,83.1444380623954,22.4143112910131,76.2703494262695,77.7707466262955,18.5196608714299,48.8531206617643,24.9708646294034,110.750703699449,93.2302534315321,119.734983171735,66.9451236724854,0,97.3763256072998,54.097269821167,131.352569580078,64.8588027954102,68.3194696903229,16.6931470462254,0,0,0,179.536430358887,136.031539916992,123.991971969604,179.100143432617,97.9432716369629,0,115.599086761475,143.703753880092,0,81.6584606170654,77.7396822197493,0,95.7119283040365,0,113.818992614746,65.3006186485291,96.1729452610016,138.027257156372,82.6348991394043,85.3854078762773,61.1067011322455,147.963438415527,0,160.773422241211,0,0,0,73.8677445925199
96.1676446699852,56.5572042737688,13.0543268060642,58.5461737892844,129.117028713226,179.291946411133,129.929915428162,100.949547613951,117.411118622563,107.605232783726,117.719042748761,83.8576078855074,139.385460747613,83.6896054249889,116.81664166028,141.969845363072,90.9226789153024,38.738619269045,95.1211322784424,74.714309010481,150.065027872721,66.2674742944226,43.4769676653407,29.409499151717,108.274638740689,96.8336982727051,25.8160748488589,31.776727157726,89.4709612318956,103.496141052246,84.0545711174403,89.4073992277446,179.009762573242,127.292874654134,64.684466806858,152.245806376139,99.3882417678833,93.2868427997303,91.9933492487127,0,0,190.936920166016,156.663613529529,190.342000579834,137.732801437378,168.498675028483,128.405197143555,233.75798034668,115.397657221014,163.194511659684,0,111.520311279297,107.54617684985,172.571640014648,131.554271392822,0,126.867371131634,98.0429385792125,103.080381668328,154.080064198327,89.7814494541713,110.717357785831,89.8800034086193,151.510516116494,190.656428019206,149.552441067166,0,145.507843017578,133.325164794922,103.483221754736
54.8248443603516,14.305968056089,58.5461737892844,13.4811815632307,67.1759662293551,120.921122233073,83.5866698321174,63.5257712608857,72.0583600958353,13.8422377770305,77.381665415234,75.7336296548649,58.020569229126,57.7780452503878,80.8668561996593,82.4910449981689,36.8759336294573,68.0489164538088,78.7360503456809,63.8629362729761,46.6786308288574,48.9104144179355,21.4710188576317,52.4618418010042,37.9090920667984,26.5345073325031,53.687568948624,33.5764091710313,51.1018992386855,70.9401941172282,55.3150278224116,82.592524210612,113.542422485352,56.9281348060159,59.3726377548446,81.6773937059485,65.5697393417358,83.9771202405294,23.9398990280327,102.067687988281,127.327472686768,117.379273986816,70.836062904418,92.2911204848179,34.5502859283896,112.204124755859,97.1961380640666,111.599571228027,72.3313530513218,91.3698059175073,128.824131011963,60.0759507015612,97.986930847168,78.6040229797363,84.7723608016968,85.0422325134277,81.1804564339774,50.8198156907008,77.6908647652828,61.8851326874324,40.6950396810259,81.8175733114026,56.0017418191788,75.6321490088174,100.90566821431,80.396903182521,92.9698238372803,138.067222595215,92.3635542127821,84.4032759348551
68.1993771721335,118.27996635437,129.117028713226,67.1759662293551,7.08210031845814,118.07878112793,78.0972876626937,49.61909149433,85.507450285412,52.3664731150088,14.4165931703542,163.967397054036,13.6342064348139,183.300231933594,98.3595932376,55.0917175412178,0,154.10665512085,184.706939697266,181.597691853841,10.7010211260717,104.205304463704,94.0998825073242,122.482531738281,16.6992288783514,0,153.11224006204,148.569327312967,10.3850880270137,86.7071325064804,95.3609491431195,0,139.807444254557,82.419319152832,94.16275361005,0,0,0,74.3403499000951,7.97316120247799,122.679306030273,150.826718393962,122.629941914876,144.563173055649,73.8227248888337,102.616978493948,218.705093383789,59.0666139431489,0,157.274876064724,89.6525268554688,160.000005086263,0,0,0,40.8261500408775,0,101.408546447754,182.021138509115,94.7824748156421,0,0,180.182876586914,109.292858687314,165.801357269287,152.064205714634,0,0,0,142.522015889486
99.339241027832,0,179.291946411133,120.921122233073,118.07878112793,7.45514615776069,23.0351421071227,101.140165201823,16.7968703935357,88.3518976484026,100.329941936742,59.608658397899,87.0473637667569,130.655645370483,23.8976544454661,18.7788397636975,0,58.7514839172363,88.2902614048549,83.3858455311168,102.215354614258,153.972455342611,0,119.785110473633,112.628371810913,0,148.43110874721,127.575520833333,113.411527421739,28.8161155956895,107.743564605713,0,12.832067715695,137.077640533447,32.4561999999371,0,0,0,144.119369506836,0,0,0,179.603492736816,0,0,0,0,101.29744720459,0,0,0,0,0,0,0,0,0,0,0,169.197574191623,0,0,172.349945068359,173.199569702148,0,188.150291442871,0,0,0,0
67.1130583716221,155.588653564453,129.929915428162,83.5866698321174,78.0972876626937,23.0351421071227,10.0859575342851,52.0611296202936,19.5646884962412,58.2046543594695,24.7577313945183,109.427730707022,24.4544014187703,124.783401489258,39.8404223351507,16.3846299992288,0,143.407447460086,137.417805480957,127.344829368591,42.2192234858361,121.118475341797,137.390630722046,118.82406510698,70.2057057655021,121.730834960938,149.102490139991,138.504135429085,56.4705431354087,55.8386808705884,80.0445724214826,139.847499847412,24.2678632244042,84.3629375639416,77.4087116201441,149.511922200521,0,191.513549804688,108.022366841634,148.112022399902,93.8862457275391,160.768888774671,135.981612812389,160.093606428667,100.985061645508,153.883569023826,215.22412109375,94.3813931314569,0,169.519303755327,0,151.615501403809,208.411056518555,188.984430948893,213.224182128906,146.303649902344,0,0,193.05668258667,124.893632217829,0,178.988042195638,191.347791290283,139.057583548806,171.085887363979,156.054838700728,156.192024230957,0,154.229953765869,161.636929321289
24.696537545342,127.135780334473,100.949547613951,63.5257712608857,49.61909149433,101.140165201823,52.0611296202936,8.83647439495824,48.6755030275428,60.5427475310209,13.1884027285383,146.160493309818,42.6959470489715,161.937754313151,34.5286510976699,71.6106928311861,81.5020680427551,121.926851710048,160.201446533203,152.594970045419,67.0363199814506,63.5660828592124,97.1336989266532,81.9146942918159,57.101933371696,142.918815612793,128.458258058802,123.052284682514,27.1577324414241,59.133481915335,16.1731276445032,165.888946533203,114.385521570841,66.4875336701649,77.5316786909632,131.191033426921,0,174.026963264711,86.6075529267516,139.076552140085,180.362930297852,144.524372764256,122.370537063702,144.36966301784,86.1895631707233,139.742646936785,204.289543151855,138.845909845261,163.706756591797,147.79957600129,152.816182454427,135.254027647131,185.643913269043,213.265747070312,209.69980875651,148.94415113661,142.815499572754,130.08315386091,158.421954018729,110.428214045803,175.545196533203,200.848321533203,165.283488512039,121.965670978645,147.263704857459,130.693765622094,0,0,129.005749511719,149.702493409853
43.4648026401886,127.334545135498,117.411118622563,72.0583600958353,85.507450285412,16.7968703935357,19.5646884962412,48.6755030275428,11.6140457433657,76.2772832938603,32.9423036216325,90.5534303800907,78.8055996430122,103.625475474766,17.1598657633271,19.5536916694112,189.076389312744,122.054805895077,113.578325046329,114.499007119515,85.637519125211,92.7280919253826,96.3169370580603,104.276895278838,76.6216742231247,106.596267127991,130.4239060622,133.605379577376,76.5731073979648,36.4077133975995,66.0965800501041,118.83124424861,25.3734942547923,57.7318317011783,65.2894984974581,148.480344645182,0,177.662928989955,90.1878463943283,145.979108537946,0,163.371713841215,138.620764974255,155.999019153302,95.2066242911599,146.244694003811,194.063641866048,166.534207270696,169.473203023275,158.552268329849,148.021096801758,130.217200335334,189.183288574219,162.95397644043,193.768870762416,166.483334011502,147.985612869263,128.721311569214,174.556937273811,124.948564419076,126.072483062744,170.646554698115,172.546073913574,135.25828398339,167.114521535238,141.328356061663,191.927932739258,207.429077148438,152.555213030647,164.374279946992
56.3365036157461,74.6992711649313,107.605232783726,13.8422377770305,52.3664731150088,88.3518976484026,58.2046543594695,60.5427475310209,76.2772832938603,7.781311730363,71.7788110620835,128.394714525011,8.80386512919043,115.222405867143,78.8437715749272,13.2853564482006,56.1416518347604,114.999821879069,147.530809020996,136.490807766385,34.5108924724438,57.0345701020339,17.4801992258163,93.735715769105,21.2351772745353,97.0129364751085,120.097475006467,96.1521345974117,47.3483811388583,68.5422453284264,53.4025096443262,138.556869506836,130.607208251953,56.2924583252162,67.1812122313313,108.198704310826,0,172.678009033203,39.0221431459699,100.417761060927,116.468521118164,96.7390031814575,88.4130199902678,103.30719392196,37.3828184346119,103.289768512432,143.011871337891,71.2693550803445,159.179443359375,105.709873962402,63.6189481947157,141.49820098877,164.134506225586,0,167.73166402181,102.592319742839,119.975529261998,81.6665649414062,166.623565673828,66.006499117071,141.624084472656,161.133544921875,166.752291592685,92.4507359313965,127.354609807332,112.224536895752,0,0,102.894746780396,105.315913200378
48.7471308443281,145.278436279297,117.719042748761,77.381665415234,14.4165931703542,100.329941936742,24.7577313945183,13.1884027285383,32.9423036216325,71.7788110620835,9.72894563649938,146.42341792409,22.6806450659759,157.274412367079,49.4874565543346,70.3758021036784,117.744575500488,137.455682234331,168.744407422615,157.744627816337,17.6054740427309,88.8489746481685,107.630986785889,101.685886281331,51.2639452049188,166.967278374566,141.8597785102,146.941350466245,17.1374901514896,79.5482056451413,62.029791708672,170.470731462751,115.738193870249,73.3176882526662,88.7695772512422,164.17134475708,0,164.424865722656,94.0104637803703,146.745657239641,0,153.699721827652,133.883175210392,154.50543112125,97.0041649050829,144.686482516202,0,135.954997178985,235.498077392578,162.542152687355,111.334666442871,130.360382080078,0,0,213.339813232422,150.90049235026,158.372489929199,151.011159261068,178.451595730252,116.229673557763,0,221.619883219401,197.484297575774,133.492742579618,161.475030517578,143.019307772319,0,0,168.991269429525,165.312482357025
110.444113279644,68.7063396840856,83.8576078855074,75.7336296548649,163.967397054036,59.608658397899,109.427730707022,146.160493309818,90.5534303800907,128.394714525011,146.42341792409,10.382609843528,149.851794275744,22.1304399029948,80.3474578618363,74.1185480753581,134.574222217907,57.6582325672943,15.1620062901035,22.7172331336597,151.068974812826,99.4947983936597,100.888897012781,100.734416686164,150.359886169434,30.9277956195796,18.3267728419858,47.8057169903145,150.797713012695,72.5652385154467,114.799082494665,23.9614754262569,66.7628871122021,99.4278261184692,30.3257918502577,0,114.18572974205,144.581978431115,99.3202393054962,0,0,124.74683380127,192.276572487571,197.565581101638,187.010711669922,219.559544881185,72.6729261688373,229.198150634766,81.4179414256772,199.87048121861,0,168.363758087158,132.162565160681,92.6254585884713,97.7463699173141,223.22688293457,168.758043289185,143.897422790527,168.923243713379,198.788865831163,70.3879548802095,93.9944584886754,96.212370851661,203.392094930013,187.956751505534,184.814020792643,91.1285726613012,0,0,98.7090312556217
90.6722844441732,103.818726675851,139.385460747613,58.020569229126,13.6342064348139,87.0473637667569,24.4544014187703,42.6959470489715,78.8055996430122,8.80386512919043,22.6806450659759,149.851794275744,10.5838620176852,144.537950788225,102.78940262091,18.5054800892411,0,155.91032409668,170.34796778361,162.846565833459,13.1396909892085,162.632038116455,92.3174616495768,137.6665614735,19.6368831306679,140.097170148577,165.937690734863,149.490287780762,38.7625327231427,96.6594951180851,88.3021274142795,193.440963745117,105.131596413388,96.483512878418,106.854118968165,0,0,0,62.2322873335618,126.346899414063,0,186.02614847819,130.805014801025,155.982084274292,61.3576822916667,132.906498248761,0,24.3955335276467,0,126.230537414551,72.5553207397461,0,189.005599975586,0,0,135.726119147407,0,0,0,90.4282316589355,0,0,200.169561767578,136.046725082397,210.070892333984,130.836730957031,0,0,154.328918457031,218.727294921875
140.456326802572,51.0557688031878,83.6896054249889,57.7780452503878,183.300231933594,130.655645370483,124.783401489258,161.937754313151,103.625475474766,115.222405867143,157.274412367079,22.1304399029948,144.537950788225,8.1772588106514,99.0860388744837,60.6924819946289,131.752812194824,81.8310045762496,43.163744052402,54.0894012761815,163.671071370443,120.054601033529,82.2781496488131,115.858353296916,138.732369740804,20.284004758973,22.7666897599161,18.6528889081359,149.256818559435,93.6675888587689,143.218209919177,11.1303403315324,84.6138740539551,0,55.8224814907535,162.846237182617,111.343831888835,136.933433532715,94.3279547691345,0,0,131.901489257812,0,128.437249755859,178.104782104492,0,67.8211781296885,0,73.2182793119934,136.090023040771,0,170.340001424154,138.63452190823,87.0227161083581,89.8497458237868,0,194.714131673177,148.46119594574,0,185.143268585205,66.5962025137509,82.6882331080778,86.1238350834165,221.409561157227,161.034576416016,173.716934204102,85.0793027010831,147.066467285156,0,92.2972095094878
10.9457499659261,135.680845533099,116.81664166028,80.8668561996593,98.3595932376,23.8976544454661,39.8404223351507,34.5286510976699,17.1598657633271,78.8437715749272,49.4874565543346,80.3474578618363,102.78940262091,99.0860388744837,8.78934167788397,35.7775140786023,166.103323364258,116.117615264317,106.808038749695,96.9909053373672,102.826978170461,85.7973692660862,126.170969302838,102.873654191468,88.1645878053923,98.7306319016677,126.328606271216,126.517344783123,85.5646543073618,17.3508770198407,42.8190523151754,107.497849146525,16.8294317469831,29.768314088692,48.5598524542098,155.169729868571,175.136932373047,177.281018183782,98.1666468302409,195.116065979004,196.174690246582,177.850775326,144.649697107985,168.472424507141,116.156982421875,155.181190143932,162.941115243094,146.300216674805,172.962795257568,167.542702243753,0,146.535781860352,207.741516113281,156.869164784749,172.734089122099,164.723185221354,148.64418557974,129.734493255615,161.367592573166,137.164787756039,168.95209197998,161.006793254131,161.628904050535,140.079512405396,159.91909705268,145.067252327414,158.906661987305,0,149.707013056828,176.976061652688
75.9356307983398,104.971388244629,141.969845363072,82.4910449981689,55.0917175412178,18.7788397636975,16.3846299992288,71.6106928311861,19.5536916694112,13.2853564482006,70.3758021036784,74.1185480753581,18.5054800892411,60.6924819946289,35.7775140786023,7.83663007902118,0,157.753168741862,158.556365966797,0,57.8424609791149,0,69.9137083689372,149.395721435547,35.9845942017737,133.637115478516,155.808270772298,132.154771866337,66.1730389696486,34.2333287941782,86.8259637015206,0,38.4479794698219,94.7083053588867,55.0267077128092,0,0,0,35.9713134765625,0,0,0,146.707455952962,121.527935028076,56.8515701293945,130.000826517741,0,177.613525390625,0,0,0,0,0,0,0,0,0,0,184.527252197266,89.3935192653111,0,0,0,132.925771077474,153.950820922852,0,0,0,0,0
145.912574768066,66.65181016922,90.9226789153024,36.8759336294573,0,0,0,81.5020680427551,189.076389312744,56.1416518347604,117.744575500488,134.574222217907,0,131.752812194824,166.103323364258,0,11.2654253439974,106.542174971731,0,122.68901755593,0,16.5736485928812,19.9715659519311,16.1097602959662,21.8062710339698,88.2256120954241,114.267978829397,29.6909692222214,27.068555113627,103.414750576019,74.5025750424,149.453414916992,0,57.1758829752604,71.389425285309,88.7673950195312,123.418418884277,118.748896808159,54.9829908399021,0,0,0,146.695690155029,157.768369674683,58.6648445129395,142.422172546387,170.024452209473,0,0,141.775148391724,0,97.3519830782988,137.249611748589,0,168.239921569824,0,108.413543963651,66.5219956230872,96.9707429024377,105.450621961881,0,152.969222798067,104.934997818418,108.869461576144,123.953504085541,107.32535945559,0,0,114.4259830051,112.282689021184
98.3254604218112,50.0710189008065,38.738619269045,68.0489164538088,154.10665512085,58.7514839172363,143.407447460086,121.926851710048,122.054805895077,114.999821879069,137.455682234331,57.6582325672943,155.91032409668,81.8310045762496,116.117615264317,157.753168741862,106.542174971731,8.92534317810207,62.64130897279,19.4009075943894,167.18270111084,55.7103946132563,72.1922264719397,21.4751776786551,124.622899222295,65.5708227157593,40.4929623494767,65.8291784211884,119.426338573982,88.525248057448,78.2277590543526,88.2741346359253,138.772189670139,80.818667755127,43.9241036646616,172.487312316895,106.433782075581,111.430244848673,93.6087393327193,0,0,203.545379638672,177.693860140714,193.062484741211,159.046264648438,0,148.503368377686,0,152.14616394043,189.628098707933,0,137.939376052545,116.118776377746,146.687139511108,126.457991166548,0,155.857069396973,115.92758342198,129.717685149084,163.554279327393,117.791381835938,116.411426841922,104.722755348341,174.92747592926,161.024499893188,158.593619210379,0,0,0,117.415659145433
129.211085849338,74.66676902771,95.1211322784424,78.7360503456809,184.706939697266,88.2902614048549,137.417805480957,160.201446533203,113.578325046329,147.530809020996,168.744407422615,15.1620062901035,170.34796778361,43.163744052402,106.808038749695,158.556365966797,0,62.64130897279,6.43077955725909,16.2509120522002,172.648992919922,110.494963328044,115.46508026123,110.319582158869,168.691192626953,45.2918484628815,22.0750321582897,56.5322255786374,178.433407592773,98.4157439168294,131.438228934152,49.8356602626291,94.2209747068344,116.610647583008,57.7187954807281,0,126.266075827859,160.114023844401,127.180785042899,0,175.687881469727,0,232.405944824219,154.325744628906,192.014155069987,204.044700622559,92.4066435677665,0,94.9920918724754,197.594429016113,167.917633056641,172.418235778809,148.365552629743,102.162354266057,109.563270277649,0,157.307708740234,154.009803771973,169.909754435221,217.695409138997,76.5036106904348,102.748998926974,101.61133725419,234.941218058268,185.365646362305,175.228927612305,106.032055854797,0,0,118.839977809361
123.320741954603,61.6865720748901,74.714309010481,63.8629362729761,181.597691853841,83.3858455311168,127.344829368591,152.594970045419,114.499007119515,136.490807766385,157.744627816337,22.7172331336597,162.846565833459,54.0894012761815,96.9909053373672,0,122.68901755593,19.4009075943894,16.2509120522002,9.09764755781655,170.739375064248,93.4899258637548,98.7239324024745,75.0975275459424,150.312446081338,47.661550548607,24.8931278306591,65.4578370571963,143.223787790321,88.6476540320476,105.704423041398,59.0196174953295,84.2848145089498,104.299188701923,39.2954539904999,190.445040893555,107.492522861647,133.530888339929,114.412400905903,0,0,233.863967895508,204.275685119629,164.909744262695,192.241149902344,218.412027994792,107.546042851039,221.941444396973,113.945825877943,202.333165949041,200.710510253906,170.496703147888,123.015755617529,111.106259880996,112.588985299551,0,169.002850341797,140.78651562859,158.382472888843,198.708219191607,81.0670561954893,106.401814381957,103.57534613938,183.999569702148,176.720652580261,168.283324270537,111.176440188759,0,0,118.370842381528
100.951879882813,90.6985206604004,150.065027872721,46.6786308288574,10.7010211260717,102.215354614258,42.2192234858361,67.0363199814506,85.637519125211,34.5108924724438,17.6054740427309,151.068974812826,13.1396909892085,163.671071370443,102.826978170461,57.8424609791149,0,167.18270111084,172.648992919922,170.739375064248,9.65323770803598,146.052474975586,46.7198346455892,134.932373046875,19.4639501037317,119.625999450684,172.88996887207,153.032995336196,19.6180546554817,97.6576855182648,96.2186654408773,0,120.749281012494,0,101.990520770733,0,0,0,78.9733568827311,153.266473770142,0,177.937385559082,142.235908909848,140.187054443359,90.7270272827148,146.080383300781,0,42.0574424218158,0,194.396235148112,102.188970947266,157.631973266602,0,238.187942504883,0,141.963075002035,0,0,0,114.991735357987,0,0,168.976470947266,141.944674083165,181.172470092773,0,0,0,0,219.891723632812
67.5299597565766,83.1444380623954,66.2674742944226,48.9104144179355,104.205304463704,153.972455342611,121.118475341797,63.5660828592124,92.7280919253826,57.0345701020339,88.8489746481685,99.4947983936597,162.632038116455,120.054601033529,85.7973692660862,0,16.5736485928812,55.7103946132563,110.494963328044,93.4899258637548,146.052474975586,10.0580287559147,48.9676486344771,25.2122540175549,17.9700919049044,97.8372421264648,97.2922517952799,65.8196458934266,21.6860621423493,35.7711805176353,25.0179935004326,142.33154296875,123.42822265625,47.5335637805531,40.953383562312,118.598759015401,175.965354919434,138.129062741302,63.534832562203,0,173.109436035156,170.586151123047,131.329368082682,147.67209370931,127.29560307094,142.328929020808,168.115219116211,202.049903869629,0,136.0353125939,157.825561523438,105.466694156144,145.519546747208,177.878227233887,166.612643432617,166.050735473633,111.173944954066,78.3774403575882,110.008807234662,108.083031660458,121.270698547363,169.831038920085,132.840021655818,111.635778593229,123.2797762427,108.809758417657,219.62281036377,0,107.351859872991,118.767154823355
90.7152139663696,22.4143112910131,43.4769676653407,21.4710188576317,94.0998825073242,0,137.390630722046,97.1336989266532,96.3169370580603,17.4801992258163,107.630986785889,100.888897012781,92.3174616495768,82.2781496488131,126.170969302838,69.9137083689372,19.9715659519311,72.1922264719397,115.46508026123,98.7239324024745,46.7198346455892,48.9676486344771,8.61186490250421,48.7861031351365,19.2864571250305,61.3876142474661,89.5642388329577,29.4598534391154,57.9102076839756,83.9419701695442,62.3700359607565,107.681715011597,0,62.4888507298061,55.9381801364296,113.989786148071,62.0024843215942,78.2789955796867,40.1163274865401,0,0,168.639907836914,112.000862121582,125.905113220215,76.7671661376953,142.384643554688,0,0,141.302851359049,138.979819161551,0,62.3269872382935,110.851435441237,0,131.506719801161,0,84.9065670240794,50.8325091089521,72.0638272848881,95.2386749267578,127.701606750488,127.215686392277,64.3922795438407,96.5869987194355,104.961252848307,92.0663134256999,0,0,100.093048095703,82.8484845757484
81.1478317138996,76.2703494262695,29.409499151717,52.4618418010042,122.482531738281,119.785110473633,118.82406510698,81.9146942918159,104.276895278838,93.735715769105,101.685886281331,100.734416686164,137.6665614735,115.858353296916,102.873654191468,149.395721435547,16.1097602959662,21.4751776786551,110.319582158869,75.0975275459424,134.932373046875,25.2122540175549,48.7861031351365,14.5921423673531,51.5112435245716,102.005695343018,62.2347357434742,47.9007587321143,53.5416988845612,63.6041227538335,57.2320264676964,106.503465652466,146.693784441267,67.5011858082504,50.6903490976468,124.563449859619,145.544404983521,106.434904349778,68.5923114796584,0,179.553924560547,215.486633300781,153.847104472499,178.038660386029,152.335876464844,179.579833984375,201.767333984375,0,177.123224258423,174.488179888044,0,101.766075259974,135.879292683429,165.143203735352,158.964099884033,0,114.901959586482,88.076965282057,102.805150509622,122.113328222019,146.012697855632,136.082177677861,101.513359729189,130.407397787912,138.019619574914,120.350302046918,0,0,111.294336954753,110.887262939453
64.4287380763463,77.7707466262955,108.274638740689,37.9090920667984,16.6992288783514,112.628371810913,70.2057057655021,57.101933371696,76.6216742231247,21.2351772745353,51.2639452049188,150.359886169434,19.6368831306679,138.732369740804,88.1645878053923,35.9845942017737,21.8062710339698,124.622899222295,168.691192626953,150.312446081338,19.4639501037317,17.9700919049044,19.2864571250305,51.5112435245716,9.98161431592924,109.58751053951,126.024153096142,85.9895047970711,16.7385957532995,70.2919782623693,60.1700398748226,176.793902079264,131.909207238091,64.1480026245117,75.8894017461971,120.210912202534,160.006683349609,162.925656811944,61.0596513489343,118.621081306821,162.433894566127,130.190307080221,107.270216768731,128.259741818666,62.3186691963781,120.196011448451,192.153099060059,110.444223959469,201.500172932943,129.810004869433,92.2579788743404,109.301538410977,170.326454856179,225.596734619141,206.324077061244,122.474894704045,119.793428433016,84.0763985876944,128.200917720795,89.3150693862066,228.293228149414,179.742705154419,150.647830283288,105.874041324277,131.583345657098,112.224921603733,0,188.126200358073,119.038008459683,140.753086364072
116.186612447103,18.5196608714299,96.8336982727051,26.5345073325031,0,0,121.730834960938,142.918815612793,106.596267127991,97.0129364751085,166.967278374566,30.9277956195796,140.097170148577,20.284004758973,98.7306319016677,133.637115478516,88.2256120954241,65.5708227157593,45.2918484628815,47.661550548607,119.625999450684,97.8372421264648,61.3876142474661,102.005695343018,109.58751053951,8.0789315265203,40.3402540376692,17.9148656577295,165.504421234131,98.691753133138,142.300022125244,43.8337425050281,82.8184695773654,106.128395080566,51.7833489660007,143.470397949219,95.2979168611414,0,63.7828365961711,0,0,94.1992950439453,161.078649902344,0,156.200019836426,0,54.4231708545496,0,55.6082482722498,129.921417236328,0,0,89.8719680309296,74.7498089568784,78.284677877934,213.911666870117,0,121.344013214111,124.414393107096,168.005094909668,44.4852406261037,69.851719956938,66.315687152944,0,152.704494476318,146.103120803833,67.6294975280762,0,0,85.4571004867554
113.699900883181,48.8531206617643,25.8160748488589,53.687568948624,153.11224006204,148.43110874721,149.102490139991,128.458258058802,130.4239060622,120.097475006467,141.8597785102,18.3267728419858,165.937690734863,22.7666897599161,126.328606271216,155.808270772298,114.267978829397,40.4929623494767,22.0750321582897,24.8931278306591,172.88996887207,97.2922517952799,89.5642388329577,62.2347357434742,126.024153096142,40.3402540376692,13.0445633904216,33.6283050297324,121.756345224744,109.393932772354,104.480771292112,23.8605036109003,105.295361569053,113.101783752441,65.0297334259632,184.824569702148,95.4714461553664,109.643890411015,97.2622694535689,0,0,206.659612019857,178.854397657441,197.592960902623,162.619306945801,198.295436314174,95.6423199084378,191.753311157227,98.5407171727822,184.537564654683,203.49641418457,144.116626056872,109.559551424193,103.362711494033,106.02123740202,219.390411376953,157.330451329549,130.591535737243,132.703488243951,172.765969867948,81.8358285462328,100.567474379532,95.4551441716766,179.31177520752,167.858248392741,157.617504119873,102.206715943383,153.616622924805,148.241195678711,109.264206919003
117.087810876951,24.9708646294034,31.776727157726,33.5764091710313,148.569327312967,127.575520833333,138.504135429085,123.052284682514,133.605379577376,96.1521345974117,146.941350466245,47.8057169903145,149.490287780762,18.6528889081359,126.517344783123,132.154771866337,29.6909692222214,65.8291784211884,56.5322255786374,65.4578370571963,153.032995336196,65.8196458934266,29.4598534391154,47.9007587321143,85.9895047970711,17.9148656577295,33.6283050297324,11.524007343543,78.9938985835495,111.252536995897,108.389355814157,13.6449771349909,111.073609113693,111.884344325346,63.6337199074082,160.122690249712,90.1120300656273,93.0667305139755,79.3190828438014,211.777893066406,184.19645690918,208.856157302856,157.491732504201,182.358806286828,153.138847087992,183.241657680935,98.3713443951729,172.922665405273,95.068793887741,167.97313741813,186.956554412842,96.8747370246388,103.873585870615,101.783749788802,101.191016074003,0,124.87815148961,98.1931924117239,97.8862479488533,147.847712373422,73.595806523084,96.2836520797086,86.0375756766394,146.898984801903,166.818254644221,144.838244235877,93.812527327104,132.840835571289,128.689329528809,101.327561208253
60.423614327766,110.750703699449,89.4709612318956,51.1018992386855,10.3850880270137,113.411527421739,56.4705431354087,27.1577324414241,76.5731073979648,47.3483811388583,17.1374901514896,150.797713012695,38.7625327231427,149.256818559435,85.5646543073618,66.1730389696486,27.068555113627,119.426338573982,178.433407592773,143.223787790321,19.6180546554817,21.6860621423493,57.9102076839756,53.5416988845612,16.7385957532995,165.504421234131,121.756345224744,78.9938985835495,10.9188090886326,71.9565534809544,27.03085344525,159.006726074219,127.394981101707,59.5217178222049,61.5212409209149,120.839453957298,0,147.467616489955,70.6277041031142,132.585504283076,176.308932495117,140.223780054955,115.17266839701,136.871360481076,79.6942582214088,132.20830339303,206.317259355025,130.081021747892,0,135.939027383294,150.13486328125,112.263532992609,168.882952238384,197.345458984375,202.58536529541,140.087677183605,123.557769935169,95.1188541909923,131.547724533081,102.367657508994,168.567520141602,185.823622512817,146.863155730783,112.824787872074,134.09324612019,114.969741895361,0,0,126.928550036985,138.541287778898
9.71197930504032,93.2302534315321,103.496141052246,70.9401941172282,86.7071325064804,28.8161155956895,55.8386808705884,59.133481915335,36.4077133975995,68.5422453284264,79.5482056451413,72.5652385154467,96.6594951180851,93.6675888587689,17.3508770198407,34.2333287941782,103.414750576019,88.525248057448,98.4157439168294,88.6476540320476,97.6576855182648,35.7711805176353,83.9419701695442,63.6041227538335,70.2919782623693,98.691753133138,109.393932772354,111.252536995897,71.9565534809544,8.24325887685571,17.1018826333944,95.4291839599609,12.0088879865742,17.3860889996876,28.4142158869424,132.171501853249,143.777282714844,156.683662414551,81.8187287648519,123.721806844076,140.498672485352,170.487202114529,134.668821761187,156.937473543229,88.6684469335219,154.522053222656,198.415008544922,138.200996398926,170.031410217285,156.912080679367,0,121.935729531681,172.380666097005,0,175.844213485718,137.278480529785,123.743888453433,116.900457859039,142.262890723444,118.315787910756,98.994499206543,152.501635889853,151.333153057098,126.642512758746,137.259400409201,126.317687072754,161.73828125,0,134.437138366699,147.133766610282
29.2111848820017,119.734983171735,84.0545711174403,55.3150278224116,95.3609491431195,107.743564605713,80.0445724214826,16.1731276445032,66.0965800501041,53.4025096443262,62.029791708672,114.799082494665,88.3021274142795,143.218209919177,42.8190523151754,86.8259637015206,74.5025750424,78.2277590543526,131.438228934152,105.704423041398,96.2186654408773,25.0179935004326,62.3700359607565,57.2320264676964,60.1700398748226,142.300022125244,104.480771292112,108.389355814157,27.03085344525,17.1018826333944,9.39259655339084,151.291534423828,117.431227874756,42.7932118698299,36.6244130838011,124.063903203086,153.159469604492,147.557096360605,70.5057743179215,157.142951965332,163.753082275391,151.860024911386,122.134998279382,146.968315532189,90.9438368988037,143.532248892435,206.704411824544,130.820541381836,0,137.266455583794,137.648941040039,110.651549572711,158.667529766376,204.596794128418,188.288334239613,143.266754150391,116.455776071548,81.6021104125977,122.843639781377,108.540721651321,144.627731323242,166.563036266126,150.115772144215,112.544234285752,129.841096049607,113.054707272572,0,181.264236450195,113.148334703947,126.344204883702
163.194351196289,66.9451236724854,89.4073992277446,82.592524210612,0,0,139.847499847412,165.888946533203,118.83124424861,138.556869506836,170.470731462751,23.9614754262569,193.440963745117,11.1303403315324,107.497849146525,0,149.453414916992,88.2741346359253,49.8356602626291,59.0196174953295,0,142.33154296875,107.681715011597,106.503465652466,176.793902079264,43.8337425050281,23.8605036109003,13.6449771349909,159.006726074219,95.4291839599609,151.291534423828,6.96474451249646,106.013074239095,0,73.8580148870295,0,111.675961812337,141.159942626953,42.7783508300781,0,0,0,0,0,217.519729614258,0,85.2955795634877,0,90.8967365537371,199.878005981445,0,0,139.256141662598,99.3006662767987,99.12481542734,0,0,0,130.515808105469,0,86.8242013719347,96.4672951905624,104.541737140425,0,185.476547241211,194.82763671875,98.6263580322266,0,0,124.342005411784
82.5728155771891,0,179.009762573242,113.542422485352,139.807444254557,12.832067715695,24.2678632244042,114.385521570841,25.3734942547923,130.607208251953,115.738193870249,66.7628871122021,105.131596413388,84.6138740539551,16.8294317469831,38.4479794698219,0,138.772189670139,94.2209747068344,84.2848145089498,120.749281012494,123.42822265625,0,146.693784441267,131.909207238091,82.8184695773654,105.295361569053,111.073609113693,127.394981101707,12.0088879865742,117.431227874756,106.013074239095,6.31054258717825,58.5683326721191,37.2672736862531,0,0,0,153.103805541992,0,0,210.136744181315,176.928045654297,204.654014587402,151.577331542969,0,0,0,127.791969299316,198.822204589844,0,0,170.721450805664,138.086898803711,142.957740783691,0,0,0,0,173.412498922909,148.07698059082,150.625350952148,153.977550029755,174.677681816949,223.225143432617,194.007926940918,0,0,194.424392700195,239.623092651367
38.8458213011424,97.3763256072998,127.292874654134,56.9281348060159,82.419319152832,137.077640533447,84.3629375639416,66.4875336701649,57.7318317011783,56.2924583252162,73.3176882526662,99.4278261184692,96.483512878418,0,29.768314088692,94.7083053588867,57.1758829752604,80.818667755127,116.610647583008,104.299188701923,0,47.5335637805531,62.4888507298061,67.5011858082504,64.1480026245117,106.128395080566,113.101783752441,111.884344325346,59.5217178222049,17.3860889996876,42.7932118698299,0,58.5683326721191,7.81750397692791,22.7398584228274,124.845118204753,0,131.372329711914,73.6368843881707,185.520645141602,0,149.641067504883,125.651912566154,143.895133972168,93.1752502441406,160.499622344971,185.619491577148,0,188.959518432617,138.132135893169,0,104.790245056152,171.126004536947,242.137939453125,161.400390625,0,110.146238767184,70.4894729614258,121.445287704468,111.883186340332,0,144.203212738037,149.374860127767,119.541140689126,140.63869823109,115.988429779702,0,0,128.18094090053,140.518061637878
69.8102993598351,54.097269821167,64.684466806858,59.3726377548446,94.16275361005,32.4561999999371,77.4087116201441,77.5316786909632,65.2894984974581,67.1812122313313,88.7695772512422,30.3257918502577,106.854118968165,55.8224814907535,48.5598524542098,55.0267077128092,71.389425285309,43.9241036646616,57.7187954807281,39.2954539904999,101.990520770733,40.953383562312,55.9381801364296,50.6903490976468,75.8894017461971,51.7833489660007,65.0297334259632,63.6337199074082,61.5212409209149,28.4142158869424,36.6244130838011,73.8580148870295,37.2672736862531,22.7398584228274,11.9798008577657,140.462757712916,107.668912367387,109.081981390295,85.9200250898089,0,200.497253417969,165.52131652832,143.063615824382,156.916465997696,122.987373352051,185.354603160511,126.054758344378,183.031745910645,106.743292672294,161.62169789159,0,115.400426747848,120.726237487793,108.371005630493,123.777204640706,0,116.820163026148,92.425778119992,109.870853671321,124.968523936906,104.622767384847,114.149938450303,105.111277807772,131.6478003184,155.686377868652,120.903413984511,133.711561203003,0,143.453380584717,120.060326191916
126.475115458171,131.352569580078,152.245806376139,81.6773937059485,0,0,149.511922200521,131.191033426921,148.480344645182,108.198704310826,164.17134475708,0,0,162.846237182617,155.169729868571,0,88.7673950195312,172.487312316895,0,190.445040893555,0,118.598759015401,113.989786148071,124.563449859619,120.210912202534,143.470397949219,184.824569702148,160.122690249712,120.839453957298,132.171501853249,124.063903203086,0,0,124.845118204753,140.462757712916,9.83386231671478,169.484916687012,103.277867635091,63.2071189244588,77.8523763656616,85.5207797459194,67.9124880177634,27.2414890069365,44.2057539672248,64.6472302885617,54.8861861692082,115.570799236056,76.9099038080736,0,15.5395431548287,81.5053921805488,74.985503884249,103.049971675014,131.89298411778,116.542584765399,79.6315371990204,82.0888348241006,66.4936201307509,96.5794305801392,69.1559346955398,129.461940765381,119.006132483482,127.218708310808,66.9055026564935,14.7892869332148,21.2161620216576,155.349475860596,73.6417961120605,25.770227340881,64.3998723116788
0,64.8588027954102,99.3882417678833,65.5697393417358,0,0,0,0,0,0,0,114.18572974205,0,111.343831888835,175.136932373047,0,123.418418884277,106.433782075581,126.266075827859,107.492522861647,0,175.965354919434,62.0024843215942,145.544404983521,160.006683349609,95.2979168611414,95.4714461553664,90.1120300656273,0,143.777282714844,153.159469604492,111.675961812337,0,0,107.668912367387,169.484916687012,8.24517917897275,50.9651356521918,20.628185881052,0,0,194.067108154297,130.12289276123,186.142105102539,76.2060638652128,0,68.9924108010751,121.741142272949,63.207217340251,136.877916124132,115.952662997776,68.091949761632,56.5257399185844,77.6755546331406,66.3840560010199,0,95.1303730010986,33.8189682380942,73.8213405609131,73.8015001688338,25.2774089299038,54.3210578514408,31.5347474883423,111.252925872803,116.969750976562,110.180252075195,67.5969540522649,0,0,60.0333045766323
154.321543375651,68.3194696903229,93.2868427997303,83.9771202405294,0,0,191.513549804688,174.026963264711,177.662928989955,172.678009033203,164.424865722656,144.581978431115,0,136.933433532715,177.281018183782,0,118.748896808159,111.430244848673,160.114023844401,133.530888339929,0,138.129062741302,78.2789955796867,106.434904349778,162.925656811944,0,109.643890411015,93.0667305139755,147.467616489955,156.683662414551,147.557096360605,141.159942626953,0,131.372329711914,109.081981390295,103.277867635091,50.9651356521918,9.92202134210505,63.4474243978852,149.608362833659,155.435098648071,134.366701610053,92.6230463663737,116.040766315576,106.846628189087,110.671059805249,103.268460167779,153.587829589844,109.745651245117,108.770706820589,137.778586069743,84.999120173247,28.4426602872466,94.9879288673401,62.5208178549698,153.053985595703,71.9926058779058,59.7682828237844,23.8161884370278,97.6005925048481,91.7261555989583,26.7357463135882,30.8780772615782,81.9338113842092,134.76862970988,82.4163957323347,99.5011189778646,0,151.601569039481,65.0481171872881
