6.25842888843252,0,76.903454117153,59.5737002182007,62.1310022626604,60.7907120631291,37.3043964662973,20.7961082100526,21.1554823076301,55.3330866675495,42.3802488439935,110.403928120931,45.5745141283214,0,9.75330825453951,29.1301217770758,53.0208890387352,78.5602824401855,0,131.194960530599,68.9253255104532,42.4826257228851,55.0391183837726,61.5820864949908,47.2806121464534,164.77018737793,110.612905387419,109.53131539481,37.4740162624381,7.63571122628795,25.0069510499551,0,76.5713417053223,13.2052864832253,52.9858185043909,122.872588157654,140.452163696289,145.600128173828,70.2549388522194,0,0,143.148193359375,118.988148442021,160.228452894423,105.954967498779,128.213239034017,207.142272949219,169.539199829102,0,130.168055216471,0,128.360702514648,0,0,0,171.24479675293,113.633318424225,85.0280319213867,113.743627694937,116.823743547712,0,193.398895263672,135.457637786865,116.472271088631,133.870606558663,114.505112049191,0,0,0,126.727015408603
0,5.76965067154024,34.6508016409949,14.2381837722474,0,0,0,0,0,0,0,61.7193592104137,0,57.9993374751164,0,0,73.0159184932709,47.1878321504215,78.1102619171143,67.321418008139,0,88.2778182983398,17.7184953775887,58.9832359625369,84.0776662826538,25.6833237430065,40.919662083027,31.3596140712167,87.5166492462158,128.562454223633,108.879224337064,66.6529188791911,0,118.426795959473,49.7388683710343,170.993118286133,118.614921569824,69.6801665169852,67.9290555318197,0,0,0,174.985382080078,0,0,0,121.862045288086,0,108.006442599826,0,0,83.0914459228516,77.3665696924383,124.201001848493,113.032888111315,0,0,91.6052322387695,114.198120117188,0,87.7035657097312,104.935195781566,68.5056021909536,140.165466308594,0,182.519866943359,0,0,0,113.849599398099
76.903454117153,34.6508016409949,10.759926001575,34.7155477259836,0,0,111.344856262207,86.9580726623535,97.9276748657227,85.7024917602539,87.6457366943359,67.342289118477,0,91.5493011474609,86.3882211538462,112.952812194824,63.3944785668983,26.1393073597154,78.3917718614851,66.6733734507978,0,50.4205158522843,36.2295353838869,18.6894838933881,71.5692982628232,87.7092793782552,18.8153862109395,20.9547359273732,52.1502887652097,74.8477046149118,63.6321329467455,106.917346954346,0,62.9327548100398,33.868690115823,130.70967760953,75.7494091033936,81.286985975004,68.0046762759869,0,0,0,134.20838206155,145.132011413574,104.487022399902,0,126.41955272968,0,143.253921508789,150.819161987305,126.697170257568,111.828046526228,89.0346348932703,130.561822255452,103.163716988222,0,107.391362358542,56.2567829694904,87.4734578574398,138.762566884359,116.220146179199,92.1595145642401,75.9896295640261,129.553967067174,115.590751647949,119.522861395942,144.300598144531,0,0,95.4533249944703
59.5737002182007,14.2381837722474,34.7155477259836,34.8680147823534,76.153076171875,106.051689147949,87.8129248270174,53.625305256945,79.7639992020347,10.5786670239245,77.90568244748,51.8396369934082,52.8493230607775,45.9073387933156,72.9061393737793,68.0598901748657,42.5866674306216,50.9165035636431,61.5786150614421,55.4659329436895,80.0981871287028,42.2868292594208,46.8825278335384,40.479378914266,34.8374989866599,23.061035303119,40.5747482058322,35.3131658526124,35.878808491385,63.0003487702572,49.3854802920851,50.9273895513816,105.895065307617,63.9806635720389,48.5844360170062,68.2163032005573,49.360583782196,55.3333705635958,22.9961937044708,105.401840209961,0,96.3131936391195,66.7830954392751,87.0452270507812,30.2592495863254,85.1886496910682,121.174803993919,94.5225664774577,103.304853166853,83.0152844020298,64.2487129211426,62.9201433999198,70.9735057830811,102.244006070224,112.442087896939,94.8867645263672,61.1868061792283,60.8446504152738,56.9647159648939,51.5103346916937,85.2403891190239,93.9120811379474,59.2056175711376,67.210137953452,81.4007008870443,66.8005355786366,103.546971638997,0,78.9060440063477,75.9367346892486
62.1310022626604,0,0,76.153076171875,6.85409426735539,101.970894813538,45.3726516879335,49.5339668273926,38.5281405400748,43.2543518490262,17.3282381372217,0,14.4237429216323,0,75.1080809373122,54.3223899718254,0,0,0,0,8.38505296054817,0,0,104.753852844238,12.8533971161214,0,0,0,8.96552034280353,66.3831809773165,82.0578498840332,0,90.1003265380859,73.9605085372925,81.172121221369,136.007858276367,0,0,0,6.37780776346363,0,0,131.351091384888,162.644325256348,110.52806854248,161.565307617188,0,151.877685546875,0,147.666961669922,0,0,0,0,0,0,0,0,0,126.203824361165,0,0,0,140.01091003418,0,0,0,0,145.348907470703,146.958038330078
60.7907120631291,0,0,106.051689147949,101.970894813538,6.56555806368658,13.0831754102224,97.1712274551392,17.466999175305,91.1688904535203,96.6180446022435,60.4202198982239,88.7547217210134,0,24.890532718987,13.6399408749504,101.644458770752,149.490921020508,109.394798278809,119.925107955933,113.987271822416,104.333501815796,109.187154134115,101.467098236084,88.7774729942208,75.2993240356445,0,114.437316894531,99.8408329554967,23.138086484646,99.7637042999268,0,10.376250655263,50.7891235351562,34.0799241866868,167.961013793945,0,0,106.70043182373,0,0,0,161.651840209961,181.639442443848,0,202.101943969727,0,0,0,193.984405517578,0,0,0,0,0,0,0,0,168.791885375977,141.215881347656,0,0,162.2119140625,162.278683980306,160.717025756836,162.797035217285,0,0,205.530822753906,163.119766235352
37.3043964662973,0,111.344856262207,87.8129248270174,45.3726516879335,13.0831754102224,6.83925897836616,54.588948668374,15.9392051635494,77.1804738478227,15.0079768611261,68.012558221817,22.0211992428592,78.9479751586914,27.4493216880632,12.8239225950298,81.0265350341797,0,95.8385365804036,169.708694458008,40.1200420069103,79.8794816335042,83.5511148626154,103.63373819987,49.9332809984503,72.7537269592285,157.479179382324,113.13392384847,49.4376855748992,36.1826350066386,78.4007155727333,0,13.7892982073987,56.611783557468,35.9729941596646,165.796407063802,0,161.241302490234,98.6924623761858,0,0,149.986015319824,142.179007530212,208.130065917969,126.822608947754,146.42350769043,217.239379882812,0,0,173.842346191406,0,0,0,0,0,0,144.733985900879,0,112.093925476074,144.646766662598,0,0,171.294395446777,145.347535506539,169.557779947917,143.965603298611,0,0,165.543716430664,166.997772216797
20.7961082100526,0,86.9580726623535,53.625305256945,49.5339668273926,97.1712274551392,54.588948668374,8.51679102965854,42.3273911553923,50.7909191180678,17.0477302191695,127.682975769043,47.1671862736554,0,19.6920214985593,56.7192641707028,51.5254967429421,0,181.099472045898,160.025482177734,44.9140110405124,37.9422316184411,60.7569551467896,82.1094299316406,43.0838012795149,0,123.98058795929,113.571855545044,17.4920947553548,34.3181717097923,17.272324470929,0,106.54669019911,55.2490022072425,54.8693799643681,121.452523149763,0,174.820404052734,76.4286911010742,148.441833496094,0,140.828479948498,112.433969935146,137.226340988935,89.803247552169,135.285805861155,188.15673828125,145.617641448975,0,130.418743426983,124.887229919434,0,0,0,185.424324035645,141.142763410296,120.105931599935,120.491924285889,121.860518137614,111.743136212109,0,0,132.360168457031,115.990451736754,140.754416832557,117.980240802376,0,175.656139373779,125.889228820801,129.944345362046
21.1554823076301,0,97.9276748657227,79.7639992020347,38.5281405400748,17.466999175305,15.9392051635494,42.3273911553923,10.5962083453472,65.0418939059352,21.78196124743,69.4976754911018,27.607580675542,101.282493591309,13.4061917309518,23.010687640672,93.4930305480957,0,88.5745916366577,117.345016479492,43.5884840581324,78.9599943894606,79.9645662434896,81.9962746302287,50.4816880918498,0,150.928591047015,130.950637817383,50.695366859436,27.9795849974963,55.85347122507,0,16.0806735526211,45.97122370246,37.4624618697712,139.996545679429,0,0,91.2993772352064,160.642395019531,0,160.654174804688,127.73556379288,154.292029380798,92.8394603729248,153.132800102234,0,154.469318389893,0,147.062748209635,159.413288116455,131.993408203125,0,0,190.651306152344,0,138.07521711077,107.11367225647,118.624521891276,127.130746249495,0,0,147.639795939128,128.907781160795,144.505774064498,131.00082728068,0,204.151100158691,156.949234008789,157.614924294608
55.3330866675495,0,85.7024917602539,10.5786670239245,43.2543518490262,91.1688904535203,77.1804738478227,50.7909191180678,65.0418939059352,6.51320209528732,62.735528227914,130.777305603027,10.6961899221027,153.210884094238,67.973900635318,13.2819576853009,36.1548249746106,96.813892364502,129.982469177246,126.34308052063,55.87394939363,38.1180795804419,11.6627183959015,82.4451606750488,21.0030055150161,126.887463887533,110.498307149918,103.0302273837,35.7353296969717,58.5704140799386,50.9868947010587,0,102.588878631592,60.4721397882394,53.3310179290473,74.7527156156652,87.7268524169922,118.555589675903,46.9861640930176,107.698991394043,118.138107299805,90.381400680542,62.6783630010244,86.8291375967172,41.8132226745044,86.2846023086953,153.87654876709,83.2955677509308,0,88.2177217271593,66.4242610931396,71.2268371582031,108.199481964111,158.676124572754,144.081268310547,88.6439014010959,87.2787422180176,74.5612653096517,93.6725901090182,58.0853658691654,121.945597330729,143.263241577148,125.220520019531,64.396655957204,103.570444742839,76.6617288589478,0,0,89.8031590779622,103.031738069322
42.3802488439935,0,87.6457366943359,77.90568244748,17.3282381372217,96.6180446022435,15.0079768611261,17.0477302191695,21.78196124743,62.735528227914,9.17316943186095,126.196617126465,19.1323318266335,0,27.1669049989218,57.602030238966,124.595581054688,110.542163848877,177.870834350586,221.512771606445,20.0194452020314,73.8966903686523,83.6472062610445,103.097915649414,30.247853981536,0,150.568445841471,136.484521865845,15.3958465751007,58.7684186456755,57.8978195745295,0,109.072910467784,63.8278923726851,76.659567851894,131.574688651345,0,169.617279052734,99.874087439643,182.563430786133,0,154.498796463013,129.281283210306,154.285222189767,116.351697748358,153.429705971166,226.634689331055,144.346013387044,0,147.299070184881,0,0,167.745407104492,0,0,176.880485534668,131.54034614563,125.142520904541,136.983327229818,128.27448431051,0,0,116.899848937988,133.189829991869,155.27755519322,131.067378168521,0,0,148.268951416016,152.899485270182
110.403928120931,61.7193592104137,67.342289118477,51.8396369934082,0,60.4202198982239,68.012558221817,127.682975769043,69.4976754911018,130.777305603027,126.196617126465,8.1273313693183,0,14.1026624650413,63.8167628479004,66.196398417155,110.898463948568,49.4942368959126,14.3121715998034,20.4184985906561,126.809547424316,96.2006246126615,90.217240189061,89.5913628686832,116.869551086426,28.4573501578375,11.88397542377,42.2389273425868,114.4491155524,48.2998553035098,117.015217867765,18.7998399186893,65.8250783463599,143.450454711914,27.0674874930666,182.515396118164,103.92261505127,134.090309143066,38.6263995028958,0,0,0,182.217704772949,0,217.226119995117,0,71.8702657821331,0,66.9940439637355,0,0,0,129.824911117554,88.4855344884536,100.352272949219,180.552810668945,186.602912902832,153.137756347656,134.259198506673,0,51.5360781311358,88.3470687529372,92.7727413722447,0,103.178661346436,163.461456298828,84.8780022204762,0,0,106.34959587684
45.5745141283214,0,0,52.8493230607775,14.4237429216323,88.7547217210134,22.0211992428592,47.1671862736554,27.607580675542,10.6961899221027,19.1323318266335,0,8.03980746539198,0,45.3588410152937,14.3145051765609,0,150.041931152344,0,0,13.786039526828,59.9572982788086,95.1957950592041,100.688385009766,25.7934292042806,0,108.694564819336,0,37.2857527732849,74.4701169013977,70.8172576509673,0,98.861270904541,69.3664576472068,73.0087109988498,145.892138671875,0,0,93.6107406616211,0,0,161.480852603912,141.942545572917,155.161076863607,71.3681275049845,162.515617370605,0,5.18956247047639,0,147.450169881185,0,0,0,0,0,7.72695077382601,142.181854248047,212.068969726562,0,92.3019007632607,0,0,0,131.190743186257,144.273956298828,166.901672363281,0,0,0,156.919841766357
0,57.9993374751164,91.5493011474609,45.9073387933156,0,0,78.9479751586914,0,101.282493591309,153.210884094238,0,14.1026624650413,0,7.61979746849701,93.3172607421875,0,109.828277587891,82.9823557535807,49.2462188536862,49.6645191056388,0,0,89.0770056864937,133.482299804688,118.803520202637,24.9626849851956,17.9327793624509,23.7598807301192,0,75.5511658986409,123.403434753418,12.5145060305615,82.0972290039062,0,67.1251710544933,0,0,0,46.071970872053,0,0,0,213.266235351562,0,0,0,80.6221920572917,0,74.8301617572585,0,0,0,152.559616088867,94.0693539593671,107.801503720491,0,0,0,153.856862386068,0,59.1108902894534,95.7878921669974,95.0985566598398,0,0,166.510635375977,91.7051450941298,0,0,121.575919469198
9.75330825453951,0,86.3882211538462,72.9061393737793,75.1080809373122,24.890532718987,27.4493216880632,19.6920214985593,13.4061917309518,67.973900635318,27.1669049989218,63.8167628479004,45.3588410152937,93.3172607421875,6.66279794114048,28.5177865614626,82.9198526654925,93.0273920694987,102.496485028948,145.691625595093,79.7765246171218,49.7249100126069,75.0360747443305,71.0219533920288,57.7228280134551,87.1601257324219,121.871570587158,109.462028503418,49.2830835137,12.4107402108678,30.171540206064,0,12.7941322564611,33.3699761211363,29.2054957247974,147.819575309753,0,0,87.7834756374359,0,0,167.511328125,125.122908756651,147.410517374674,103.877388000488,163.158142089844,171.192428588867,0,0,150.194122314453,0,0,166.175537109375,0,0,0,125.446812947591,115.642234802246,129.336730957031,132.248500061035,89.1852111816406,0,0,129.338527852839,146.797729492188,132.188414114493,0,0,139.417604446411,138.837033081055
29.1301217770758,0,112.952812194824,68.0598901748657,54.3223899718254,13.6399408749504,12.8239225950298,56.7192641707028,23.010687640672,13.2819576853009,57.602030238966,66.196398417155,14.3145051765609,0,28.5177865614626,6.84698347778381,66.9370956420898,0,0,146.164520263672,63.1124832745895,65.405158996582,85.0166234970093,88.4267150878906,42.0222036054918,0,0,91.2046203613281,65.7442793897403,32.8503549749201,68.7132381863064,0,49.3910219241411,37.7562191826957,30.4606157672343,0,0,0,90.2149219512939,0,0,0,140.191612243652,0,39.754940032959,0,0,0,0,0,0,0,0,0,0,0,141.465469360352,0,124.665958404541,60.5574582417806,0,0,0,130.23587290446,144.850311279297,160.770029703776,0,0,0,0
53.0208890387352,73.0159184932709,63.3944785668983,42.5866674306216,0,101.644458770752,81.0265350341797,51.5254967429421,93.4930305480957,36.1548249746106,124.595581054688,110.898463948568,0,109.828277587891,82.9198526654925,66.9370956420898,11.0056861015433,92.4212157113212,123.700993855794,116.95006942749,0,13.0845269309793,32.4204873356766,12.7961514815966,14.6673006947158,112.615118026733,86.7983725625583,32.9227449819323,25.9697926021166,61.5902403161881,48.0329302960046,119.211469650269,120.908664703369,54.3820898636528,58.852774279998,115.143127441406,0,120.313071755802,59.1371090207781,0,0,0,104.779466629028,122.13468170166,0,191.875503540039,151.604080200195,132.199203491211,0,136.187515258789,0,120.411366271973,127.703467686971,163.117431640625,145.413862128007,0,99.446379036739,55.8658339364188,92.2796536790139,124.222618103027,168.288078308105,145.696429491043,120.698917101788,93.8570367431641,126.721927642822,98.5540125297778,213.452789306641,0,110.993690490723,107.372117784288
78.5602824401855,47.1878321504215,26.1393073597154,50.9165035636431,0,149.490921020508,0,0,0,96.813892364502,110.542163848877,49.4942368959126,150.041931152344,82.9823557535807,93.0273920694987,0,92.4212157113212,8.80845644388947,52.8549666404724,23.8582540562435,0,43.1099165625398,76.1934556641647,15.9186743921044,113.147467549642,68.9886016845703,21.1937773362269,46.6743718455369,55.0365153312683,83.8822846185593,66.6633676572542,96.7941741943359,0,105.443623860677,28.7504466396704,177.961293538411,88.9903395970662,87.5290108112374,68.124688762508,0,0,0,151.133581542969,0,168.862869262695,0,122.769014086042,0,138.974927266439,0,0,134.2229347229,101.052420670131,134.78586398854,106.923210263252,0,129.347366333008,119.594132163308,108.494812386935,180.254623413086,83.3752924601237,99.2783141058844,87.8381366473372,161.83067212786,0,133.347100874957,130.449678421021,0,0,107.188671466002
0,78.1102619171143,78.3917718614851,61.5786150614421,0,109.394798278809,95.8385365804036,181.099472045898,88.5745916366577,129.982469177246,177.870834350586,14.3121715998034,0,49.2462188536862,102.496485028948,0,123.700993855794,52.8549666404724,6.17021825778798,10.3504254213513,0,124.981234232585,115.83890914917,109.800090471903,129.458333333333,42.986581748791,19.4061308959605,65.8880091416208,118.686402638753,75.1780482700893,121.073399353027,52.6223440624419,106.84359588623,0,65.3049411815973,0,86.7304000854492,0,54.4468460083008,0,0,0,0,0,0,0,88.3301089816623,0,81.9414797061827,0,0,0,131.575347900391,99.232330558836,107.032679271698,0,0,0,154.121337890625,0,65.8642505668324,96.2990801234445,98.2345918191446,0,0,181.53044128418,95.1278538559422,0,0,117.948551601834
131.194960530599,67.321418008139,66.6733734507978,55.4659329436895,0,119.925107955933,169.708694458008,160.025482177734,117.345016479492,126.34308052063,221.512771606445,20.4184985906561,0,49.6645191056388,145.691625595093,146.164520263672,116.95006942749,23.8582540562435,10.3504254213513,11.1755547133626,0,95.4227442119433,104.807417756768,69.038847887803,129.458202997843,43.2294329602294,17.7299270709475,58.5921245692375,111.478450775146,119.00265455246,105.042718570944,61.9269069548576,0,128.184809875488,48.498619441164,174.989393446181,86.3572466108534,132.215666634696,80.2157769636674,0,0,0,168.933113098145,0,0,205.466567993164,100.29139368789,0,86.4607111612956,0,0,170.47952524821,119.59043190696,108.040741212906,111.129075047712,0,179.525527954102,155.802129109701,141.346465301514,197.09309387207,68.1187732659497,101.675816835021,99.8084886236624,190.066268920898,164.716196695964,158.53107296979,103.644681534677,0,0,118.989418522004
68.9253255104532,0,0,80.0981871287028,8.38505296054817,113.987271822416,40.1200420069103,44.9140110405124,43.5884840581324,55.87394939363,20.0194452020314,126.809547424316,13.786039526828,0,79.7765246171218,63.1124832745895,0,0,0,0,8.130397307841,0,105.546314239502,110.17981338501,21.2390719613562,0,121.548194885254,176.350479125977,19.9968969407015,80.854872803461,82.8105108199581,0,122.85322154652,79.2480404828046,90.5032349904378,151.581985473633,0,0,97.4223213195801,15.4357454902247,0,174.707611083984,149.203047434489,162.535694122314,89.1759948730469,197.388854980469,0,0,0,176.975413004557,159.945198059082,0,0,0,0,0,0,0,0,141.838261195592,0,0,0,153.417547338149,0,159.068134307861,0,0,156.402984619141,165.320167541504
42.4826257228851,88.2778182983398,50.4205158522843,42.2868292594208,0,104.333501815796,79.8794816335042,37.9422316184411,78.9599943894606,38.1180795804419,73.8966903686523,96.2006246126615,59.9572982788086,0,49.7249100126069,65.405158996582,13.0845269309793,43.1099165625398,124.981234232585,95.4227442119433,0,7.22049322480099,41.7714182987391,16.6250266711141,38.7246044528555,135.687553405762,96.8088539766978,54.9205286707903,14.5975748133828,18.4030802234119,18.7316207071893,131.561508178711,97.1103172302246,51.3473322732108,34.6202470541125,108.171281814575,0,114.048911785257,56.8014897798237,148.356735229492,0,0,114.030908584595,136.228088378906,129.848880767822,0,201.998985290527,128.051345825195,0,0,0,99.7221123831613,126.254565556844,185.546920776367,166.271016438802,219.926788330078,100.050761339141,59.6876542626358,95.3506638429346,105.2613797869,125.066513061523,143.813334994846,114.468894734102,109.961730957031,130.557998657227,97.6604106526979,0,0,110.163097381592,103.817149672397
55.0391183837726,17.7184953775887,36.2295353838869,46.8825278335384,0,109.187154134115,83.5511148626154,60.7569551467896,79.9645662434896,11.6627183959015,83.6472062610445,90.217240189061,95.1957950592041,89.0770056864937,75.0360747443305,85.0166234970093,32.4204873356766,76.1934556641647,115.83890914917,104.807417756768,105.546314239502,41.7714182987391,7.19767886069464,38.0821207003998,16.350764457129,71.3209318770576,81.980115553126,32.7426329111333,27.5757044910891,52.1746515437535,46.789834392253,94.7535239325629,115.201728820801,51.7790773678449,49.3315074058504,101.079349199931,90.4591178894043,86.4418973922729,13.9888690540736,0,0,0,96.0787559509277,116.794273376465,49.821944512819,100.906631469727,125.88072052002,0,136.380323410034,121.730302810669,0,59.1546293640137,105.614283594592,157.864311218262,150.134116036551,0,64.5482810049346,10.8301293303676,63.0575385874715,75.208416718703,121.450112342834,138.20350560275,95.0088413357735,69.320819735527,75.4888916015625,69.631331013095,167.156898498535,111.240669250488,68.7447891235352,84.3488156795502
61.5820864949908,58.9832359625369,18.6894838933881,40.479378914266,104.753852844238,101.467098236084,103.63373819987,82.1094299316406,81.9962746302287,82.4451606750488,103.097915649414,89.5913628686832,100.688385009766,133.482299804688,71.0219533920288,88.4267150878906,12.7961514815966,15.9186743921044,109.800090471903,69.038847887803,110.17981338501,16.6250266711141,38.0821207003998,11.8060432199039,51.6131117441883,114.763311386108,79.5444220610588,30.8925025876766,19.899779078568,68.7186581293742,38.029877719482,117.669392903646,108.532020568848,62.9788233439128,33.0859206747395,126.71220942906,102.299507141113,93.2736185482859,79.7577448244448,0,0,0,126.383926391602,178.312856038411,86.7485329554631,166.737106323242,145.508371988932,0,158.186559041341,136.484624226888,0,100.076194233365,100.375276761321,168.975820922852,133.936334328573,163.67253112793,99.3032920774349,52.0558748466681,87.5312838239984,124.70450592041,119.668975136497,112.111977637569,89.2756567850834,126.54792838261,123.337502479553,102.260736898214,158.809471130371,0,81.183967590332,102.777406561865
47.2806121464534,84.0776662826538,71.5692982628232,34.8374989866599,12.8533971161214,88.7774729942208,49.9332809984503,43.0838012795149,50.4816880918498,21.0030055150161,30.247853981536,116.869551086426,25.7934292042806,118.803520202637,57.7228280134551,42.0222036054918,14.6673006947158,113.147467549642,129.458333333333,129.458202997843,21.2390719613562,38.7246044528555,16.350764457129,51.6131117441883,8.70046624441093,116.105183919271,112.163836689738,75.1237811155763,12.4080816327517,50.7496312917399,44.4817803543305,0,96.8275334542258,50.0510934309526,52.8094858586309,111.382157965021,122.148681640625,118.743809170193,60.3036620185489,128.322802225749,174.201873779297,133.130428314209,98.837608498871,126.109415227717,63.7554889052661,122.00975599865,178.579605102539,110.334540230887,0,123.110960430569,103.854014805385,156.781845092773,184.242904663086,0,0,127.284165518624,104.819512293889,95.2982161385672,111.594924926758,87.2992820906911,161.818008422852,169.587942504883,139.160100301107,99.8654286453001,126.823818822061,103.793515324593,212.819320678711,155.050064086914,122.816144943237,121.579458909876
164.77018737793,25.6833237430065,87.7092793782552,23.061035303119,0,75.2993240356445,72.7537269592285,0,0,126.887463887533,0,28.4573501578375,0,24.9626849851956,87.1601257324219,0,112.615118026733,68.9886016845703,42.986581748791,43.2294329602294,0,135.687553405762,71.3209318770576,114.763311386108,116.105183919271,9.50131840710222,34.3783165553436,28.628324775623,130.200799306234,76.7805290222168,126.303184509277,41.9307801186501,0,0,61.5513888126662,193.657135009766,131.438781738281,121.749794006348,49.7982199668884,0,0,0,0,0,0,0,88.2132802581787,0,77.1612999111998,0,0,0,115.053504943848,95.7667412894113,98.3342810986089,0,0,54.6262741088867,115.637975056966,0,51.8069686589279,89.3886209190439,80.0852677296784,0,0,151.617739868164,98.7329951695034,0,0,110.119367811415
110.612905387419,40.919662083027,18.8153862109395,40.5747482058322,0,0,157.479179382324,123.98058795929,150.928591047015,110.498307149918,150.568445841471,11.88397542377,108.694564819336,17.9327793624509,121.871570587158,0,86.7983725625583,21.1937773362269,19.4061308959605,17.7299270709475,121.548194885254,96.8088539766978,81.980115553126,79.5444220610588,112.163836689738,34.3783165553436,9.45263416277002,18.0523196050056,80.2262673272027,111.438618695294,97.6231677068918,9.74025893085017,161.986763000488,118.275355868869,50.3419097143506,154.397896551317,72.8330753201344,98.0739053959469,57.1185599361037,0,0,0,161.381268232297,174.954734802246,124.735406494141,182.842239379883,96.3549346493275,0,86.5281648411997,181.164855957031,0,143.836796153675,96.0898358119017,100.796357386432,96.9845472449189,0,139.036534881592,113.535565866006,115.804562495305,157.539562988281,57.8386178106632,90.1068774178196,82.1602470814384,163.519158999125,144.686220342463,139.566731301712,98.2946269795046,0,201.941253662109,103.880456624133
109.53131539481,31.3596140712167,20.9547359273732,35.3131658526124,0,114.437316894531,113.13392384847,113.571855545044,130.950637817383,103.0302273837,136.484521865845,42.2389273425868,0,23.7598807301192,109.462028503418,91.2046203613281,32.9227449819323,46.6743718455369,65.8880091416208,58.5921245692375,176.350479125977,54.9205286707903,32.7426329111333,30.8925025876766,75.1237811155763,28.628324775623,18.0523196050056,10.9653060827787,51.1664266554462,103.371904674329,96.2897865045266,15.0333613463023,120.886596679688,96.6684775101511,49.8468924090277,136.291034516834,79.8927175487791,82.1131240432636,54.8174648987483,0,0,144.576477050781,134.456434952585,145.400588989258,101.214054652623,164.361694335938,100.388548932268,0,90.8765869660811,171.733001708984,0,116.500069229691,92.3392685319329,105.407168968688,99.9995357248935,0,122.716562174134,46.5155383658364,86.3782466625257,162.899176703559,59.1306808736017,91.5967642447395,80.7713313661197,135.713407574278,143.299187796456,134.320788053366,107.635898124881,121.020973205566,103.654315948486,102.315902163681
37.4740162624381,87.5166492462158,52.1502887652097,35.878808491385,8.96552034280353,99.8408329554967,49.4376855748992,17.4920947553548,50.695366859436,35.7353296969717,15.3958465751007,114.4491155524,37.2857527732849,0,49.2830835137,65.7442793897403,25.9697926021166,55.0365153312683,118.686402638753,111.478450775146,19.9968969407015,14.5975748133828,27.5757044910891,19.899779078568,12.4080816327517,130.200799306234,80.2262673272027,51.1664266554462,9.76531892757645,43.5732378563624,22.2476247840309,0,106.044469742548,53.8174560334947,34.1770627175646,106.105507714408,175.403427124023,113.533090318952,48.7161409990663,147.526081431996,148.489707946777,131.612441810402,100.087011040582,128.06973368781,78.9989050431685,122.85898284423,185.548856099447,124.045625724044,199.929046630859,126.392498779297,124.713331222534,99.0842971801758,128.76292737325,208.663452148438,170.979434967041,132.153249792151,91.0918691324633,64.4058612424936,90.6524931936553,97.4356432407963,161.194061279297,156.868794250488,131.446767510308,100.618023234515,122.464595501239,92.3677341907055,0,155.336925930447,124.462593460083,109.60375213623
7.63571122628795,128.562454223633,74.8477046149118,63.0003487702572,66.3831809773165,23.138086484646,36.1826350066386,34.3181717097923,27.9795849974963,58.5704140799386,58.7684186456755,48.2998553035098,74.4701169013977,75.5511658986409,12.4107402108678,32.8503549749201,61.5902403161881,83.8822846185593,75.1780482700893,119.00265455246,80.854872803461,18.4030802234119,52.1746515437535,68.7186581293742,50.7496312917399,76.7805290222168,111.438618695294,103.371904674329,43.5732378563624,6.45239794260127,19.1869004856677,0,9.01794490398662,11.6489930426163,22.3271780613205,128.749265562813,0,129.384312947591,68.5905770583892,166.337203979492,174.927352905273,152.584749984741,123.391198749191,152.437431618019,111.624825991117,149.038931805155,189.523468017578,153.554700215658,128.097457885742,145.269026513193,177.44620513916,130.329092843192,127.627685546875,0,190.162017822266,155.778789520264,116.630415709122,99.5069561004639,113.981623614276,130.014750671387,110.448257446289,167.51537322998,137.638402938843,123.812990049436,142.198482428657,119.318060162424,0,174.015804290771,125.742889404297,139.229315863715
25.0069510499551,108.879224337064,63.6321329467455,49.3854802920851,82.0578498840332,99.7637042999268,78.4007155727333,17.272324470929,55.85347122507,50.9868947010587,57.8978195745295,117.015217867765,70.8172576509673,123.403434753418,30.171540206064,68.7132381863064,48.0329302960046,66.6633676572542,121.073399353027,105.042718570944,82.8105108199581,18.7316207071893,46.789834392253,38.029877719482,44.4817803543305,126.303184509277,97.6231677068918,96.2897865045266,22.2476247840309,19.1869004856677,9.59577706375565,133.053833007812,110.898262023926,29.3448261305583,35.7837321359251,115.228806068157,122.355293273926,115.001011149089,61.5741588168674,138.766296386719,0,142.444297790527,112.52123225819,139.295719570584,108.973502022879,152.267109680176,177.10417175293,161.012710571289,0,128.664949289958,0,104.719347502056,134.399991353353,0,163.033200073242,0,101.340564575195,62.7459400617159,97.6164929463983,117.473993755522,149.676399230957,150.756406784058,136.112806146795,107.606099121553,122.663114194517,101.220786881273,0,0,112.351099014282,113.360668008978
0,66.6529188791911,106.917346954346,50.9273895513816,0,0,0,0,0,0,0,18.7998399186893,0,12.5145060305615,0,0,119.211469650269,96.7941741943359,52.6223440624419,61.9269069548576,0,131.561508178711,94.7535239325629,117.669392903646,0,41.9307801186501,9.74025893085017,15.0333613463023,0,0,133.053833007812,5.38987080729953,0,0,84.9411971569061,0,115.934059143066,0,64.2178120613098,0,0,0,0,0,0,0,97.1334731490524,0,87.3120351791382,0,0,0,0,102.784912109375,108.752948284149,0,0,0,0,0,65.8468187266383,99.7399231405819,101.319101900668,0,0,0,104.794669411399,0,0,0
76.5713417053223,0,0,105.895065307617,90.1003265380859,10.376250655263,13.7892982073987,106.54669019911,16.0806735526211,102.588878631592,109.072910467784,65.8250783463599,98.861270904541,82.0972290039062,12.7941322564611,49.3910219241411,120.908664703369,0,106.84359588623,0,122.85322154652,97.1103172302246,115.201728820801,108.532020568848,96.8275334542258,0,161.986763000488,120.886596679688,106.044469742548,9.01794490398662,110.898262023926,0,6.0479082778615,55.787729535784,38.9691795788911,0,0,0,112.353034973145,0,0,0,156.207992553711,202.633346557617,137.720600128174,0,123.035461425781,0,0,173.465690612793,199.822204589844,0,0,126.808525085449,0,0,165.281295776367,0,145.022789001465,0,105.630470275879,0,180.179702758789,154.35230255127,180.912384033203,154.099380493164,150.41242980957,0,0,234.540740966797
13.2052864832253,118.426795959473,62.9327548100398,63.9806635720389,73.9605085372925,50.7891235351562,56.611783557468,55.2490022072425,45.97122370246,60.4721397882394,63.8278923726851,143.450454711914,69.3664576472068,0,33.3699761211363,37.7562191826957,54.3820898636528,105.443623860677,0,128.184809875488,79.2480404828046,51.3473322732108,51.7790773678449,62.9788233439128,50.0510934309526,0,118.275355868869,96.6684775101511,53.8174560334947,11.6489930426163,29.3448261305583,0,55.787729535784,6.70422755832556,10.0826545928848,134.285206881436,0,108.735858917236,67.1125225226084,164.99604288737,171.551528930664,145.544673919678,127.367826929632,155.959938049316,151.150337219238,148.964030456543,203.327682495117,144.853958129883,213.142715454102,145.981514453888,0,131.143440246582,131.757929484049,0,0,169.977920532227,117.439494206355,69.1384696960449,114.390951303335,130.665351019965,0,168.546127319336,93.0185801188151,123.284982085228,139.822776207557,116.581089587922,0,158.39599609375,152.449859619141,131.71831258138
52.9858185043909,49.7388683710343,33.868690115823,48.5844360170062,81.172121221369,34.0799241866868,35.9729941596646,54.8693799643681,37.4624618697712,53.3310179290473,76.659567851894,27.0674874930666,73.0087109988498,67.1251710544933,29.2054957247974,30.4606157672343,58.852774279998,28.7504466396704,65.3049411815973,48.498619441164,90.5032349904378,34.6202470541125,49.3315074058504,33.0859206747395,52.8094858586309,61.5513888126662,50.3419097143506,49.8468924090277,34.1770627175646,22.3271780613205,35.7837321359251,84.9411971569061,38.9691795788911,10.0826545928848,10.5891789033658,126.45522986518,87.8536232842339,94.5640108525918,63.2308484500216,214.879150390625,141.734817504883,159.973253038194,122.613197153265,144.557223129272,99.9728892933239,152.442357063293,116.64931346752,148.507675170898,94.6013712632029,140.96432240804,140.052856445312,105.635700391686,99.6732437884221,124.87539395419,111.294192115466,151.564437866211,103.825444343763,67.9500572874739,97.1814881692201,119.676618085589,80.3360281444731,101.760386341837,89.8333453901166,114.371350676925,122.26144236903,105.714671478271,118.839955329895,165.269638061523,149.648666381836,110.282487403689
122.872588157654,170.993118286133,130.70967760953,68.2163032005573,136.007858276367,167.961013793945,165.796407063802,121.452523149763,139.996545679429,74.7527156156652,131.574688651345,182.515396118164,145.892138671875,0,147.819575309753,0,115.143127441406,177.961293538411,0,174.989393446181,151.581985473633,108.171281814575,101.079349199931,126.71220942906,111.382157965021,193.657135009766,154.397896551317,136.291034516834,106.105507714408,128.749265562813,115.228806068157,0,0,134.285206881436,126.45522986518,6.38249307758801,108.639691034953,79.0691078849461,55.7126231808816,64.1903614717371,58.5291423797607,38.8834415736951,29.464149364671,18.738900089228,51.9304188434343,32.2529385537992,115.053939266481,61.0033840671662,126.848373201158,13.247939223776,25.4062506741491,59.0114804077148,87.8523716829261,125.69138783422,109.997656099465,55.1277467897623,55.5563464391799,54.0194923885285,57.4979822731018,55.490037958023,111.348725318909,105.013316718647,109.940397898356,48.7089460279225,8.07499387136014,11.7407411464363,136.84543355306,59.8632909138997,18.7757336299553,40.1829333944419
140.452163696289,118.614921569824,75.7494091033936,49.360583782196,0,0,0,0,0,87.7268524169922,0,103.92261505127,0,0,0,0,0,88.9903395970662,86.7304000854492,86.3572466108534,0,0,90.4591178894043,102.299507141113,122.148681640625,131.438781738281,72.8330753201344,79.8927175487791,175.403427124023,0,122.355293273926,115.934059143066,0,0,87.8536232842339,108.639691034953,5.98870053981531,37.4822793077227,10.3501112185143,0,0,0,94.1974274484735,85.3296775817871,54.6846516927083,0,76.6057613597197,0,69.6684167044503,99.0819053649902,0,66.8733152964759,50.7844470300982,76.4591935475667,53.9827475509644,0,78.0407117207845,13.0814235112747,55.7378153609048,68.1732592582703,15.2115455393185,48.8623045706513,22.1625026460279,95.5558319091797,109.476860046387,94.0736472056462,74.7551364898682,73.572395324707,0,52.5811282992363
145.600128173828,69.6801665169852,81.286985975004,55.3333705635958,0,0,161.241302490234,174.820404052734,0,118.555589675903,169.617279052734,134.090309143066,0,0,0,0,120.313071755802,87.5290108112374,0,132.215666634696,0,114.048911785257,86.4418973922729,93.2736185482859,118.743809170193,121.749794006348,98.0739053959469,82.1131240432636,113.533090318952,129.384312947591,115.001011149089,0,0,108.735858917236,94.5640108525918,79.0691078849461,37.4822793077227,9.9297574396066,40.8289654472679,0,0,117.146769205729,71.1415651459848,108.34303314209,94.3118705749512,110.796611022949,80.6052425091083,149.93628692627,79.2975101470947,102.623599370321,116.446510314941,78.8338987827301,37.4124393408611,86.707240447998,56.3113818196203,0,60.924694970802,42.8587241681636,16.9677630356134,105.352275594076,82.2813930511475,17.4239850330411,23.7819569904197,55.9271023983987,87.6248161315918,64.4905917495489,88.4399642944336,0,101.427223205566,44.5254586424146
70.2549388522194,67.9290555318197,68.0046762759869,22.9961937044708,0,106.70043182373,98.6924623761858,76.4286911010742,91.2993772352064,46.9861640930176,99.874087439643,38.6263995028958,93.6107406616211,46.071970872053,87.7834756374359,90.2149219512939,59.1371090207781,68.124688762508,54.4468460083008,80.2157769636674,97.4223213195801,56.8014897798237,13.9888690540736,79.7577448244448,60.3036620185489,49.7982199668884,57.1185599361037,54.8174648987483,48.7161409990663,68.5905770583892,61.5741588168674,64.2178120613098,112.353034973145,67.1125225226084,63.2308484500216,55.7126231808816,10.3501112185143,40.8289654472679,26.1037892279802,102.068202972412,101.933219909668,78.4977027538211,47.0641217135281,74.3755120791717,17.0587580223223,74.4169219037612,41.8620457189337,72.9804627345159,25.4636740656624,69.4638952444031,57.6124119531541,57.6562639699576,48.6122917058866,72.4358675062042,53.0045501377139,75.8130587623233,50.4610801330984,30.8615977937525,44.9110844188692,42.4501433871865,9.7864596576833,47.9689072350047,29.9705740436333,45.6006581292284,67.8789548647912,53.1819437006967,70.465707045335,101.415817260742,64.8135757446289,55.7863290815642
0,0,0,105.401840209961,6.37780776346363,0,0,148.441833496094,160.642395019531,107.698991394043,182.563430786133,0,0,0,0,0,0,0,0,0,15.4357454902247,148.356735229492,0,0,128.322802225749,0,0,0,147.526081431996,166.337203979492,138.766296386719,0,0,164.99604288737,214.879150390625,64.1903614717371,0,0,102.068202972412,6.59365596143263,125.535598754883,48.7368906369933,58.9744475329364,80.1529593034224,57.2829290231069,17.2706584420434,163.935691833496,20.8091480675526,0,79.8148768742879,70.1475904252794,120.410362243652,0,0,0,7.95089348504975,0,121.767719268799,127.193585713704,14.7312395095141,0,0,0,10.9289634117462,84.3435862826318,78.8150081634521,0,118.705804998224,79.3438982693654,83.5316890685026
0,0,0,0,0,0,0,0,0,118.138107299805,0,0,0,0,0,0,0,0,0,0,0,0,0,0,174.201873779297,0,0,0,148.489707946777,174.927352905273,0,0,0,171.551528930664,141.734817504883,58.5291423797607,0,0,101.933219909668,125.535598754883,5.01171634122506,7.2325066318253,92.1425430991433,9.77080267254328,50.9048433303833,91.6190989950429,66.4573530050424,103.067781829834,93.2641487121582,22.5614593146387,12.2852348984648,0,0,0,93.507453918457,112.239550018311,0,114.963424682617,81.998908996582,89.2565370642621,0,0,196.820663452148,108.43322284405,22.3636117121753,122.60680770874,95.9396286010742,8.89521623877255,0,32.0676209833715
143.148193359375,0,0,96.3131936391195,0,0,149.986015319824,140.828479948498,160.654174804688,90.381400680542,154.498796463013,0,161.480852603912,0,167.511328125,0,0,0,0,0,174.707611083984,0,0,0,133.130428314209,0,0,144.576477050781,131.612441810402,152.584749984741,142.444297790527,0,0,145.544673919678,159.973253038194,38.8834415736951,0,117.146769205729,78.4977027538211,48.7368906369933,7.2325066318253,7.6753385614728,54.6267932512523,19.1965587448552,68.1948549732658,15.6781241381111,82.285394976216,17.3952176724819,89.4624404907227,31.1526267760274,14.6057867617286,0,0,0,92.3938846588135,32.376171890868,96.1368891398112,82.9084590911865,98.0041898091634,43.5773251160886,0,139.07424621582,125.012630038791,64.0867077202966,30.224147843374,70.6170364107404,0,19.1854980069154,64.8975039112325,52.4583208362708
