10.6264363043511,131.565166473389,120.45944741794,73.734723064387,92.260343170166,0,110.206129732999,37.523238452609,50.6070818010803,77.8874032974243,82.9030292721118,116.043404747458,126.633749280657,138.376958211263,23.423061489986,100.358177185059,158.9329964774,106.805599087672,156.214080810547,129.450399936774,116.534280776978,92.6462041094003,107.121604707506,93.2037289485107,91.7941988796658,164.656494140625,144.629328896018,142.865924622202,91.5507440886429,23.0869627187692,34.3474067115272,0,97.6303329467773,42.7766893655826,73.9919320014586,162.334266662598,0,0,150.844696044922,0,223.702941894531,0,169.448593139648,0,0,211.521011352539,0,238.241104125977,0,191.054632568359,0,0,0,0,0,0,0,122.258232116699,147.557495117188,140.925968594021,0,207.392608642578,176.022079467773,151.929904644306,189.407746748491,0,0,0,148.325561523438,150.841344197591
131.565166473389,10.0364272119625,49.0373559727788,17.2691851613133,92.4907207489014,164.3505859375,150.547620137533,140.349212010702,139.532339731852,75.2278852368612,131.537806193034,71.868705002303,92.071177482605,51.9825771108705,148.915217081706,115.881887118022,69.7880614728344,58.8213792557962,84.2056354025136,73.9652090224009,92.9495643615723,114.443454197475,23.5240475800828,81.6829820360456,88.1323285980225,31.2383668667306,57.4240599283358,39.3414047004537,112.327840566635,147.947336469378,119.883027267456,73.3429387410482,113.056648254395,125.984239196777,77.7865782815057,0,52.5642115275065,93.2580389976501,84.4422225952148,0,0,0,147.895938873291,201.908508300781,50.343578338623,0,0,0,100.583834330241,0,0,155.537796020508,119.718026161194,135.195465087891,166.833862304688,0,170.90852355957,11.7301753825612,121.329256057739,149.993606567383,83.2100187029157,125.471153497696,78.2274949690875,189.703811645508,0,0,0,0,0,164.841438293457
120.45944741794,49.0373559727788,16.8136630267201,54.4227408749042,144.837019413076,196.077004326714,142.7402441986,109.728897316355,132.540252039044,121.488525093376,130.93097931544,98.8396943096623,175.161911704324,124.542586803436,136.830196244144,149.697461067362,110.505242567796,53.3729739499216,111.648387572345,76.256088727523,174.095491027832,76.8887293142061,56.1192480858336,39.1361982116039,118.512442738669,93.059561593192,41.5182692816073,38.3974405331266,106.089931168625,141.323841243533,104.000445655715,104.754516177707,194.449534540591,125.875006731819,77.4265283877946,182.35375213623,76.1355640704815,104.68923674311,117.843236105783,236.233245849609,0,137.271224975586,177.603114408605,193.069320678711,0,189.624599456787,133.630439758301,0,151.52075958252,193.736321585519,0,116.133726700493,117.879672373374,163.974136352539,127.908782265403,223.341217041016,145.177210489909,84.2622390603119,115.747992306394,184.658184051514,113.381349563599,117.824890459088,105.958509422024,181.551615715027,186.424949645996,164.912214491102,0,0,161.29362487793,117.294454040527
73.734723064387,17.2691851613133,54.4227408749042,9.77176672269901,46.3421690893955,116.36792755127,94.9406695229667,69.8982588931134,93.3249808081699,18.0634512722371,93.1835514960161,89.3576444738052,71.103714318111,70.3918510606084,98.5551592461149,69.759652224454,35.4393699693237,65.5532806627043,101.89416440328,74.8678423786721,36.8302028876584,72.603679216825,22.7613122888489,60.4905908567864,40.8317581513554,56.1015694190944,57.8802980662971,50.9603866605683,64.5540193937334,91.4185838063558,68.7804430779957,102.405612945557,130.340139389038,74.4878536004287,81.6374940757292,104.199129971591,40.0544315973918,95.2584378859576,26.5897207762066,90.3585018157959,0,122.767779630773,84.2380735223944,122.137117334314,37.5690144173642,108.254529840806,104.827940368652,0,83.3413105010986,119.541006851196,90.8574256896973,49.9746421789512,80.7468570910002,145.024761199951,91.8473843165806,0,78.0910857064383,16.993607543962,83.2345593261719,62.850799796751,66.7578260633681,68.0178077808325,66.5473205303324,80.125594662685,113.323412665005,98.1693921089172,86.823371887207,0,97.390981401716,112.227773164448
92.260343170166,92.4907207489014,144.837019413076,46.3421690893955,12.6698402307458,118.89663611518,70.8897052031003,76.3181105126275,109.616059341946,39.8666417853888,31.3672990711218,168.041770935059,35.7064297652741,170.469173431396,123.122544886702,77.562251404793,94.5544611612956,166.711149427626,193.682182312012,193.141323852539,17.4699253269314,114.38111114502,59.9915355813914,158.237981160482,25.2786087579599,129.767742156982,178.096290588379,137.03884284879,22.0286108477742,120.055619407039,108.847602150657,207.347173055013,142.688950789602,93.1422541691707,115.962436142788,162.294296264648,0,0,88.3903572980095,27.585609656385,0,149.92601283904,149.280125935872,184.639462471008,100.824712416705,79.1484651801027,0,70.3952286129906,0,158.418787638346,126.226537704468,0,0,0,0,21.3159543744155,0,74.9261150360107,187.965301513672,120.35783528836,0,240.105606079102,187.785690307617,148.276177355038,186.140412224664,240.604553222656,0,163.618377685547,174.736404418945,175.719142913818
0,164.3505859375,196.077004326714,116.36792755127,118.89663611518,7.1902357818172,12.621878838291,133.003384516789,14.8989947180723,55.0361407259677,123.561733446623,68.3011736376532,73.0285035940317,79.6278088887533,32.190857431163,17.170995119899,0,189.514806111654,0,0,103.430599559437,161.493850708008,104.861704145159,186.076930999756,87.6817306196186,187.398803710938,174.169830322266,176.766890525818,133.938122558594,34.2688627307479,0,0,12.1593143568847,0,43.1978849264292,0,0,0,0,0,0,0,0,0,0,0,0,0,0,0,0,0,0,0,0,0,0,0,0,167.376556396484,0,0,0,0,174.759689331055,0,0,0,0,0
110.206129732999,150.547620137533,142.7402441986,94.9406695229667,70.8897052031003,12.621878838291,13.1707191766706,77.2568509784582,19.8179692890681,79.1701654025486,41.884956422972,103.061157469193,29.9616675315546,119.980385153634,47.1512212196804,17.5345206726466,153.270666758219,151.82589483746,143.614943610297,161.282693862915,61.095547243265,124.155415005154,141.808820452009,128.364414328067,86.4925263279168,115.914051055908,172.939482879639,162.906512539561,81.3344455927828,53.9490684815395,110.147043815026,148.00999886649,20.1724551752551,114.169371661018,90.1305016145011,197.559335327148,0,200.579020182292,117.802570887974,179.29778503418,0,190.513333407315,168.321500778198,198.787249247233,142.274149213518,186.653705778576,0,167.91867980957,0,198.061074998644,0,193.780283610026,0,0,0,144.61710357666,237.858779907227,166.63468170166,219.204195295061,149.592047926959,0,0,198.738458421495,170.083037475586,200.059493324973,210.77311706543,198.780426025391,0,191.974675496419,191.987480163574
37.523238452609,140.349212010702,109.728897316355,69.8982588931134,76.3181105126275,133.003384516789,77.2568509784582,16.4392678183674,68.5852386309994,64.0495719794998,31.5711253323421,159.071323490944,114.389588386782,188.500287569486,49.5896230320865,92.3274102210999,105.220218829894,136.904379846682,184.233438279894,167.621881394159,89.6026498237542,80.4824053220971,103.275581880049,92.5826366017144,62.2000162409748,178.672368367513,150.077905154199,121.81352985654,38.9586559499645,88.3078822365405,34.9638075653156,191.652600969587,137.825113343029,78.4923124168125,93.4938317493618,162.194207763672,183.694569905599,193.605236053467,99.8145657493955,154.646797906785,0,169.003600176643,144.538945841235,179.545323689779,126.499500274658,159.120734521898,235.995162963867,141.666351318359,0,181.954883374666,0,155.341804504395,232.41576058524,0,228.88395690918,200.056266784668,165.929591369629,122.04138424522,165.747685299644,126.845808043097,0,200.552581787109,178.678558735908,143.440336241977,172.338753055882,173.061964035034,0,203.628982543945,165.386829921177,180.227891593144
50.6070818010803,139.532339731852,132.540252039044,93.3249808081699,109.616059341946,14.8989947180723,19.8179692890681,68.5852386309994,12.5813513501061,95.6006638252572,42.1563902602699,87.8971697667677,92.1311418427955,113.277945934198,21.4193395176291,40.7103893346847,152.90584564209,133.283745899982,121.779577255249,153.579150338775,97.5963412317736,112.751198273163,124.365946360997,115.046415113751,102.793390196674,103.648085276286,156.602435181387,152.841399989772,104.268298437959,38.787398121806,79.737416523999,143.249059041341,22.3114778773311,98.2328165135485,79.3815048477067,192.58219909668,0,194.594192504883,141.197822570801,178.742363823785,0,192.445796966553,180.07258571278,201.124257087708,127.591537475586,178.954879760742,0,0,0,215.275738802823,128.868957519531,186.65625,213.725624084473,0,0,0,196.635233561198,146.204527537028,194.837684631348,160.03254216695,0,227.89022064209,192.616516113281,170.422567274964,191.932179892935,199.795219421387,0,0,183.120829264323,197.189115397135
77.8874032974243,75.2278852368612,121.488525093376,18.0634512722371,39.8666417853888,55.0361407259677,79.1701654025486,64.0495719794998,95.6006638252572,8.0208660602232,73.9274213237147,150.296938323975,15.0785501940884,127.877994993198,105.377239990234,19.9843588154137,55.5422312545776,139.236878077189,150.62013648538,141.110935326779,26.9624713349876,139.54189772833,26.3352132529634,138.123775694105,23.2270671543194,111.11403101279,134.442937922928,114.284173700291,63.3418310542165,94.7065545532601,80.7641128172357,147.362311444964,89.642446729872,77.1923442277752,113.535414080466,0,76.8362579345703,0,110.993913269043,104.592497030894,0,156.713284301758,128.260219573975,155.228337097168,56.8216221420853,120.784782155355,0,104.544277191162,220.312698364258,162.672666549683,67.4772338867188,71.4637732505798,237.837997436523,0,0,99.4232406616211,78.9610824584961,27.3161606124685,0,80.0778416853685,0,202.172012329102,173.298559188843,108.715994591806,155.8393409729,98.8374328613281,0,0,121.998481750488,136.871547698975
82.9030292721118,131.537806193034,130.93097931544,93.1835514960161,31.3672990711218,123.561733446623,41.884956422972,31.5711253323421,42.1563902602699,73.9274213237147,18.1935543123325,158.567254016274,30.7170445997563,175.478344086678,77.8058352603611,79.7375491967362,137.544502258301,163.052901415758,178.930468604678,176.307829555077,18.9561355384742,109.340722554525,117.873944796049,119.638486381365,60.5968039644276,162.00444539388,168.476834727787,145.147802286215,34.6798599741541,100.32999436493,101.464021183028,196.164091110229,129.74286211308,92.7842883679691,100.961010817717,189.464579264323,197.233322143555,187.481638590495,103.045408314672,165.167109861212,0,187.527374267578,156.9328027842,180.237721337212,118.508743112737,174.714846894941,0,169.136193593343,0,194.935404901919,164.239789326986,159.573364257812,182.753265380859,0,0,162.046460469564,182.607940673828,161.681357247489,189.19321332659,131.282594689417,0,0,194.060120391846,164.956419562727,198.776219582071,160.548622131348,0,0,182.99683380127,195.445941631611
116.043404747458,71.868705002303,98.8396943096623,89.3576444738052,168.041770935059,68.3011736376532,103.061157469193,159.071323490944,87.8971697667677,150.296938323975,158.567254016274,12.3132422081842,150.508328190556,27.9465889213845,82.5475888344641,117.297439126407,125.742741394043,63.6607461016754,26.4269157737691,27.3418850315731,154.890408385034,141.875104427338,101.382802744381,123.719534575939,171.185603091591,32.8579177075187,33.4198076966358,63.8696960697066,173.614373865262,69.9295590209242,140.718245802255,46.0040658019542,68.8454247874325,101.393722025553,31.9113865827382,0,106.739063262939,149.201792399089,64.7331100463867,0,0,0,218.631454467773,0,177.789764404297,239.668838500977,87.861826578776,0,92.6202907562256,235.066612243652,0,0,141.404541015625,113.538467407227,108.656827290853,0,0,0,0,226.57421875,73.9534591226017,117.261059630151,114.175228428196,224.637245178223,248.320877075195,0,115.113208770752,0,0,163.534591674805
126.633749280657,92.071177482605,175.161911704324,71.103714318111,35.7064297652741,73.0285035940317,29.9616675315546,114.389588386782,92.1311418427955,15.0785501940884,30.7170445997563,150.508328190556,13.2911230898388,171.186924743652,107.427885756533,18.7666181766356,65.9851188659668,196.882170783149,175.083415730794,176.756087239583,16.2751910600646,176.208002726237,65.3523025512695,182.773228406906,25.54502391317,201.191028594971,184.480129100658,164.276099151036,52.9936577890265,111.965089201927,175.583498128255,185.853425598145,123.890680273096,113.791599273682,110.511702762776,0,0,0,43.9733009338379,153.358804876154,0,209.583267211914,180.150421142578,203.167892456055,138.08371887207,173.053827412923,0,131.733990139431,0,182.068267822266,0,0,0,0,0,140.545867919922,0,118.86905670166,0,123.341693878174,0,234.039764404297,0,162.076779807486,204.646128336589,0,0,0,230.064804077148,0
138.376958211263,51.9825771108705,124.542586803436,70.3918510606084,170.469173431396,79.6278088887533,119.980385153634,188.500287569486,113.277945934198,127.877994993198,175.478344086678,27.9465889213845,171.186924743652,10.743716214142,102.979258209467,147.104399108887,129.960873921712,102.029168149258,59.8960978945316,74.9116501097983,162.445271418645,161.612106323242,89.8379780323762,166.09782333374,152.578346176903,14.8251169910648,58.2280219448827,34.3931476748323,201.744440714518,94.1552166284299,124.482757568359,28.5881084560217,97.5178841983571,165.325174967448,64.7441618664921,0,136.80256652832,116.924339294434,41.241962492466,232.506271362305,0,0,0,0,0,0,84.632820224762,0,39.3661963180148,0,0,0,186.09977722168,95.0607005528041,131.420946393694,0,0,128.471496582031,178.87483215332,0,57.4083037803913,108.39749047064,99.020871907723,0,105.567512512207,224.086502075195,96.4352468675183,0,0,121.418046569824
23.423061489986,148.915217081706,136.830196244144,98.5551592461149,123.122544886702,32.190857431163,47.1512212196804,49.5896230320865,21.4193395176291,105.377239990234,77.8058352603611,82.5475888344641,107.427885756533,102.979258209467,11.2373564077787,44.023002562412,143.128012437087,127.153282375965,114.594203773988,140.349668793331,111.254118783133,111.554568169635,127.46243540446,112.722317549303,113.866970352505,110.115318843297,148.515872902826,154.59271012476,115.951097547124,33.8993134624272,69.1219196538192,123.959341404802,19.0154954996069,63.5892218159091,61.6375374765763,221.665256500244,0,203.864213943481,115.370269775391,191.338919067383,0,210.759391784668,185.950575608474,213.860559082031,151.121086120605,214.20093536377,0,0,161.097358703613,210.539785766602,208.046051025391,195.832534790039,233.161758422852,0,0,0,145.792593002319,148.569996425084,188.925813947405,173.919773364889,0,201.256581624349,209.724756876628,183.903310939244,209.390963905736,197.232660929362,162.457534790039,0,203.153869628906,189.17501940046
100.358177185059,115.881887118022,149.697461067362,69.759652224454,77.562251404793,17.170995119899,17.5345206726466,92.3274102210999,40.7103893346847,19.9843588154137,79.7375491967362,117.297439126407,18.7666181766356,147.104399108887,44.023002562412,8.49309868688076,133.487350463867,162.216308330667,109.594306945801,170.887324015299,62.9891740922575,141.359235127767,86.874720863674,133.044050886824,52.3225551596883,141.227973937988,157.169881820679,151.457906549627,94.9115585025988,78.9873669877344,119.310813903809,157.060150146484,44.7411657011128,31.443868637085,96.5954402185256,0,0,0,0,163.551208496094,0,206.594299316406,159.34090423584,0,74.2893028259277,158.729548136393,0,136.723101298014,0,0,82.2698211669922,0,0,0,0,131.729675292969,0,146.629104614258,0,138.447399775187,0,0,0,160.104804992676,188.333633422852,0,0,0,171.85856628418,207.36986541748
158.9329964774,69.7880614728344,110.505242567796,35.4393699693237,94.5544611612956,0,153.270666758219,105.220218829894,152.90584564209,55.5422312545776,137.544502258301,125.742741394043,65.9851188659668,129.960873921712,143.128012437087,133.487350463867,11.6706250907561,110.413566894531,0,130.291836009306,73.2149028778076,24.6427193588635,28.9249728297206,26.3189592622289,42.8207487165246,111.488233184814,128.058183368884,36.644266545058,37.959111258135,132.213380564814,79.5559113418,163.267401123047,218.985397338867,115.31721572876,90.1417297363281,0,0,120.427198682513,0,0,0,0,155.849031448364,210.945266723633,149.647872924805,205.100646972656,0,0,0,0,0,94.96241218813,149.180526733398,0,0,0,129.967814975315,51.5437994564281,106.686848552287,146.134279424494,0,125.950424194336,107.023596222868,147.378217176958,158.772659301758,170.538330078125,0,0,0,119.91316986084
106.805599087672,58.8213792557962,53.3729739499216,65.5532806627043,166.711149427626,189.514806111654,151.82589483746,136.904379846682,133.283745899982,139.236878077189,163.052901415758,63.6607461016754,196.882170783149,102.029168149258,127.153282375965,162.216308330667,110.413566894531,13.8459619201708,68.4080663013458,26.3391555281154,182.141666759144,83.8382369087128,85.3660643399895,44.8909698178613,141.420398169586,86.9010418653488,34.1411206350041,71.3809004188819,137.644409000172,112.32651799093,90.6976584365832,98.3686660766602,187.26818152035,98.0120207186467,44.1505519536054,0,74.8997714996338,116.857616848416,83.034128279913,0,0,0,195.109707641602,227.104359944661,200.527923583984,0,119.975936889648,0,150.667678833008,216.630970001221,0,150.960745675223,123.662638444167,146.125701904297,125.103694643293,0,188.721173095703,96.5707831749549,146.283598950035,192.406054905483,99.3774537306566,114.119187884861,116.775922467632,201.155311584473,210.998086111886,176.670196533203,160.713050842285,0,181.55339050293,119.134966233197
156.214080810547,84.2056354025136,111.648387572345,101.89416440328,193.682182312012,0,143.614943610297,184.233438279894,121.779577255249,150.62013648538,178.930468604678,26.4269157737691,175.083415730794,59.8960978945316,114.594203773988,109.594306945801,0,68.4080663013458,7.97742390157692,19.8180286412736,180.918657938639,169.845653533936,115.560895284017,145.709874960092,176.551325480143,52.7394454956055,34.9806096210714,72.3131504293899,194.974346923828,109.846330931692,151.426164627075,59.7315569502584,103.078263346354,139.943691253662,63.2818388326884,0,0,137.789916992188,0,0,0,0,0,0,0,0,90.6690368652344,0,105.403345108032,0,0,0,0,107.962576293945,159.795450846354,0,0,0,0,0,76.2844284057617,117.783923149109,110.121168839304,0,0,0,121.815065383911,0,0,0
129.450399936774,73.9652090224009,76.256088727523,74.8678423786721,193.141323852539,0,161.282693862915,167.621881394159,153.579150338775,141.110935326779,176.307829555077,27.3418850315731,176.756087239583,74.9116501097983,140.349668793331,170.887324015299,130.291836009306,26.3391555281154,19.8180286412736,13.3714457054228,181.865846633911,115.809013599658,107.438388515163,90.222742760346,163.512043724375,55.1134672363599,34.2121276836349,73.3711951702607,159.314732300608,128.121208165085,121.427311234555,69.4373861278187,106.203219095866,124.588849164438,53.0199406917237,0,96.9005978902181,136.863772710164,87.8262786865234,0,0,217.396194458008,206.631607055664,229.659019470215,0,235.58024597168,106.403494093153,0,118.613878885905,216.879465738932,231.613510131836,197.164154052734,139.656811850412,127.654311011819,126.902741114299,0,159.61833190918,130.908138275146,175.148131052653,221.816502888997,89.6677875029735,111.349781540205,114.083146914794,0,212.108694458008,212.615127563477,130.346159362793,0,0,133.117704772949
116.534280776978,92.9495643615723,174.095491027832,36.8302028876584,17.4699253269314,103.430599559437,61.095547243265,89.6026498237542,97.5963412317736,26.9624713349876,18.9561355384742,154.890408385034,16.2751910600646,162.445271418645,111.254118783133,62.9891740922575,73.2149028778076,182.141666759144,180.918657938639,181.865846633911,10.5623331988627,188.001441955566,55.145589541545,199.031115577334,17.1517585378396,133.49512759122,170.571041107178,135.102327539286,34.0167713955522,108.341544364263,140.426725050982,176.020004272461,133.648655284535,96.4381091778095,106.044260342916,0,0,153.559494018555,61.549441019694,154.311439251078,0,183.998965176669,134.345425605774,172.847447713216,98.3793706893921,171.110822041829,0,188.087448120117,0,158.659866333008,0,0,0,0,0,163.085905075073,0,0,0,122.505021910737,0,0,199.933822631836,153.718516630285,156.24161529541,0,0,0,136.205352783203,162.312255859375
92.6462041094003,114.443454197475,76.8887293142061,72.603679216825,114.38111114502,161.493850708008,124.155415005154,80.4824053220971,112.751198273163,139.54189772833,109.340722554525,141.875104427338,176.208002726237,161.612106323242,111.554568169635,141.359235127767,24.6427193588635,83.8382369087128,169.845653533936,115.809013599658,188.001441955566,15.633741757678,60.7141833769737,39.6924308534216,61.6986893132387,144.164459228516,136.95218076204,82.4260656000084,42.1701509886996,88.8672312713424,36.5172084693474,0,110.86450958252,70.4098604294562,59.7359163713447,0,0,154.764803205218,0,0,0,178.232467651367,208.030883789062,172.695083618164,81.7657229105632,0,0,0,0,225.681304931641,0,125.445745680067,176.4462890625,0,240.411956787109,0,139.816773550851,84.8220570212916,146.546333782489,152.546676635742,0,172.058654785156,152.334123672978,145.557393709819,212.45238494873,229.137603759766,0,0,0,0
107.121604707506,23.5240475800828,56.1192480858336,22.7613122888489,59.9915355813914,104.861704145159,141.808820452009,103.275581880049,124.365946360997,26.3352132529634,117.873944796049,101.382802744381,65.3523025512695,89.8379780323762,127.46243540446,86.874720863674,28.9249728297206,85.3660643399895,115.560895284017,107.438388515163,55.145589541545,60.7141833769737,8.72840974898552,56.6387206897916,38.3892129555653,74.8206332142093,97.3843140602112,46.3250281124207,67.4893675556889,125.512708028158,80.7585072598215,109.369803129737,173.252708435059,106.539230092367,79.824042526717,95.4012298583984,69.6276798248291,122.804747819901,48.8003670828683,0,0,0,135.811899820964,136.834648132324,33.7027760065055,166.125045776367,0,0,127.085151672363,179.461288452148,202.373260498047,46.3781608524607,124.898904800415,157.546249389648,134.658744812012,0,84.1044017791748,11.6762249278408,82.9368735925475,56.5146022861587,111.610423694957,144.688385009766,91.6954757092046,83.2587107404878,142.266899108887,111.118704477946,241.571014404297,166.807601928711,84.7162526448568,108.545065879822
93.2037289485107,81.6829820360456,39.1361982116039,60.4905908567864,158.237981160482,186.076930999756,128.364414328067,92.5826366017144,115.046415113751,138.123775694105,119.638486381365,123.719534575939,182.773228406906,166.09782333374,112.722317549303,133.044050886824,26.3189592622289,44.8909698178613,145.709874960092,90.222742760346,199.031115577334,39.6924308534216,56.6387206897916,21.0582152980899,82.4629604387372,108.393270492554,79.1348420303884,54.1792774511651,69.4296622381681,104.358098809079,65.9175704830477,147.917117118835,177.45827960968,90.758538471271,56.2975139753392,197.626592000326,131.301239013672,111.043960089822,149.232231140137,0,0,192.68896484375,169.734340010018,207.978147234235,125.259155273438,187.413360595703,198.185729980469,0,221.437408447266,200.722564697266,0,107.739461024389,148.543339362511,183.466148376465,182.087109883626,0,148.507303338302,71.3515569787276,117.065058440076,160.598271639842,134.719779968262,157.21511147239,113.208661217372,164.959208679199,205.868660666726,159.757955932617,0,0,0,138.320285524641
91.7941988796658,88.1323285980225,118.512442738669,40.8317581513554,25.2786087579599,87.6817306196186,86.4925263279168,62.2000162409748,102.793390196674,23.2270671543194,60.5968039644276,171.185603091591,25.54502391317,152.578346176903,113.866970352505,52.3225551596883,42.8207487165246,141.420398169586,176.551325480143,163.512043724375,17.1517585378396,61.6986893132387,38.3892129555653,82.4629604387372,13.0389497861739,128.766798392586,145.092105472034,103.382274953325,30.3674203021163,101.030972420213,84.2890997365162,165.434791828024,146.954761981964,83.0295326811442,98.8779725144298,146.85367220924,0,181.299095500599,63.7684560150936,125.050129303565,237.356185913086,151.071904627482,127.147733656459,156.711808473161,76.711318899084,137.126690709837,226.90983581543,136.233355448796,183.194061279297,163.670894852604,97.6746185302734,125.863851647628,209.271181379046,242.801956176758,191.880844116211,133.75281791687,142.079660606384,83.9187344120395,162.348635141473,101.440201966437,198.070610046387,205.447573210064,175.040275635258,123.924591095615,156.325486281822,149.743414339812,0,204.726751708984,145.145774321123,149.586160321608
164.656494140625,31.2383668667306,93.059561593192,56.1015694190944,129.767742156982,187.398803710938,115.914051055908,178.672368367513,103.648085276286,111.11403101279,162.00444539388,32.8579177075187,201.191028594971,14.8251169910648,110.115318843297,141.227973937988,111.488233184814,86.9010418653488,52.7394454956055,55.1134672363599,133.49512759122,144.164459228516,74.8206332142093,108.393270492554,128.766798392586,8.52587949655571,48.1139066951481,28.4704399727425,159.008903503418,104.166130320231,118.421577453613,50.6773406828151,81.5709500994001,0,62.1309468443965,0,53.270149230957,0,31.7880557378133,0,0,0,233.789901733398,0,0,0,77.3833783467611,0,58.8774390917146,202.957672119141,0,0,139.004135131836,95.4214744567871,150.754661560059,0,0,141.10986328125,0,0,43.7496188212249,100.586175282796,95.339115445576,0,0,0,85.9491551717122,0,0,102.85213470459
144.629328896018,57.4240599283358,41.5182692816073,57.8802980662971,178.096290588379,174.169830322266,172.939482879639,150.077905154199,156.602435181387,134.442937922928,168.476834727787,33.4198076966358,184.480129100658,58.2280219448827,148.515872902826,157.169881820679,128.058183368884,34.1411206350041,34.9806096210714,34.2121276836349,170.571041107178,136.95218076204,97.3843140602112,79.1348420303884,145.092105472034,48.1139066951481,16.6589423031483,43.3162928055978,152.014286066356,137.3444750758,131.253397962172,26.1440990214977,133.263183779833,145.051973747485,70.7991203574329,220.693328857422,80.7893390655518,126.08328461647,64.5948883339211,0,0,0,201.879717508952,210.895475599501,157.504211425781,0,115.440461658296,0,98.1684170773155,205.898551940918,0,168.149932861328,112.090550527265,111.57379099528,114.281103263781,0,186.031712849935,122.470764160156,153.836212005615,197.621142219095,80.0645568601547,102.694889348732,103.205225287904,200.067308698382,182.821356455485,170.026447296143,114.836351720298,0,0,124.196514697785
142.865924622202,39.3414047004537,38.3974405331266,50.9603866605683,137.03884284879,176.766890525818,162.906512539561,121.81352985654,152.841399989772,114.284173700291,145.147802286215,63.8696960697066,164.276099151036,34.3931476748323,154.59271012476,151.457906549627,36.644266545058,71.3809004188819,72.3131504293899,73.3711951702607,135.102327539286,82.4260656000084,46.3250281124207,54.1792774511651,103.382274953325,28.4704399727425,43.3162928055978,20.0373126444666,93.09657330513,147.356814130511,120.318320846183,28.2019588486932,155.347516573392,131.015678965251,77.6024630410799,192.704517618815,82.8536510944366,104.904711224255,69.6407763937245,212.760314941406,0,216.994379679362,170.039129746266,203.021184167197,166.321852684021,198.345495605469,108.887629017685,0,96.1591886408189,195.72363319397,247.426788330078,105.11035209032,119.679037681322,123.533083504493,124.468266805013,213.106536865234,141.951184380915,58.1995222783027,113.504536923133,168.468239393391,82.797472150455,110.944271028564,104.580788311742,165.873418283463,194.703595283704,168.437035285102,116.829110697696,0,192.618976593018,130.083397847743
91.5507440886429,112.327840566635,106.089931168625,64.5540193937334,22.0286108477742,133.938122558594,81.3344455927828,38.9586559499645,104.268298437959,63.3418310542165,34.6798599741541,173.614373865262,52.9936577890265,201.744440714518,115.951097547124,94.9115585025988,37.959111258135,137.644409000172,194.974346923828,159.314732300608,34.0167713955522,42.1701509886996,67.4893675556889,69.4296622381681,30.3674203021163,159.008903503418,152.014286066356,93.09657330513,16.1158365204978,104.313607392411,45.6374566435053,207.826596069336,156.705663793227,79.5010654835051,84.146371303252,160.969203783118,154.234069824219,192.451847076416,89.8412218093872,160.604844729106,0,177.686577569871,146.690953996446,177.511631530008,112.692441395351,167.153365045531,229.661693572998,153.109909481472,0,176.696501511794,134.748094558716,138.437586167279,215.224131266276,219.136276245117,0,161.883178710938,132.347017728365,106.911806583405,159.809562562004,124.899220516089,0,209.348574320475,169.840876492587,145.459870239138,168.877375171803,159.877399868435,0,0,154.440922207303,164.260327703303
23.0869627187692,147.947336469378,141.323841243533,91.4185838063558,120.055619407039,34.2688627307479,53.9490684815395,88.3078822365405,38.787398121806,94.7065545532601,100.32999436493,69.9295590209242,111.965089201927,94.1552166284299,33.8993134624272,78.9873669877344,132.213380564814,112.32651799093,109.846330931692,128.121208165085,108.341544364263,88.8672312713424,125.512708028158,104.358098809079,101.030972420213,104.166130320231,137.3444750758,147.356814130511,104.313607392411,13.2862580403011,38.3875643472631,123.638656616211,14.2400916862068,20.0307452019184,49.9934966231128,175.24615914481,142.444442749023,182.941223144531,124.065071105957,212.902359008789,0,233.590423583984,173.479562123617,199.836613972982,0,207.56414974437,0,189.442230224609,0,194.024266860064,230.25830078125,177.839630126953,207.003346761068,221.396697998047,233.719284057617,218.79453531901,0,156.199142456055,199.129547119141,155.675421888178,143.456321716309,166.031253269741,196.256895212027,169.693504034304,190.445869652001,174.62650680542,0,0,192.167221069336,181.918656198602
34.3474067115272,119.883027267456,104.000445655715,68.7804430779957,108.847602150657,0,110.147043815026,34.9638075653156,79.737416523999,80.7641128172357,101.464021183028,140.718245802255,175.583498128255,124.482757568359,69.1219196538192,119.310813903809,79.5559113418,90.6976584365832,151.426164627075,121.427311234555,140.426725050982,36.5172084693474,80.7585072598215,65.9175704830477,84.2890997365162,118.421577453613,131.253397962172,120.318320846183,45.6374566435053,38.3875643472631,15.0147987161319,183.965783691406,146.159131830389,43.1311928882241,43.4617924778173,160.83709526062,0,172.006330762591,117.435076395671,0,0,0,159.570536295573,192.813926696777,160.229598999023,203.148731231689,0,0,0,174.926404680525,0,144.059538705008,212.44465637207,0,0,0,132.596092917702,104.43076171875,166.61804107666,136.124554684288,150.841827392578,188.323234558105,163.339946631229,141.421195983887,171.710037994385,139.10538482666,0,0,162.107208251953,161.672508641293
0,73.3429387410482,104.754516177707,102.405612945557,207.347173055013,0,148.00999886649,191.652600969587,143.249059041341,147.362311444964,196.164091110229,46.0040658019542,185.853425598145,28.5881084560217,123.959341404802,157.060150146484,163.267401123047,98.3686660766602,59.7315569502584,69.4373861278187,176.020004272461,0,109.369803129737,147.917117118835,165.434791828024,50.6773406828151,26.1440990214977,28.2019588486932,207.826596069336,123.638656616211,183.965783691406,8.0065552389118,112.363213009304,0,76.7567267352588,0,112.298217773438,153.836547851562,62.6252072652181,0,0,0,0,0,0,0,94.156010945638,0,92.0600669352214,0,0,0,167.387630462646,118.231994628906,165.838809967041,0,0,0,181.297103881836,234.960403442383,79.8278722909781,120.033831977844,115.592735896035,0,0,0,115.65389806574,0,0,0
97.6303329467773,113.056648254395,194.449534540591,130.340139389038,142.688950789602,12.1593143568847,20.1724551752551,137.825113343029,22.3114778773311,89.642446729872,129.74286211308,68.8454247874325,123.890680273096,97.5178841983571,19.0154954996069,44.7411657011128,218.985397338867,187.26818152035,103.078263346354,106.203219095866,133.648655284535,110.86450958252,173.252708435059,177.45827960968,146.954761981964,81.5709500994001,133.263183779833,155.347516573392,156.705663793227,14.2400916862068,146.159131830389,112.363213009304,5.39172004301204,194.768493652344,47.9709038184731,0,0,0,0,0,0,0,222.747329711914,0,0,0,0,0,0,0,0,0,0,0,0,0,0,0,0,209.011566162109,0,0,0,224.26237487793,236.063461303711,229.129943847656,0,0,0,0
42.7766893655826,125.984239196777,125.875006731819,74.4878536004287,93.1422541691707,0,114.169371661018,78.4923124168125,98.2328165135485,77.1923442277752,92.7842883679691,101.393722025553,113.791599273682,165.325174967448,63.5892218159091,31.443868637085,115.31721572876,98.0120207186467,139.943691253662,124.588849164438,96.4381091778095,70.4098604294562,106.539230092367,90.758538471271,83.0295326811442,0,145.051973747485,131.015678965251,79.5010654835051,20.0307452019184,43.1311928882241,0,194.768493652344,8.04445195536478,36.7619642196378,149.450225830078,0,0,92.2882041931152,174.042388916016,0,0,144.942455291748,188.845565795898,135.381210327148,170.047354125977,0,0,0,192.808979034424,0,145.736114501953,0,0,0,0,0,145.792617797852,179.006126403809,138.900757574266,0,174.112716674805,175.966854858398,150.069037846157,170.943583561824,155.165479024251,0,0,168.271499633789,176.55309677124
73.9919320014586,77.7865782815057,77.4265283877946,81.6374940757292,115.962436142788,43.1978849264292,90.1305016145011,93.4938317493618,79.3815048477067,113.535414080466,100.961010817717,31.9113865827382,110.511702762776,64.7441618664921,61.6375374765763,96.5954402185256,90.1417297363281,44.1505519536054,63.2818388326884,53.0199406917237,106.044260342916,59.7359163713447,79.824042526717,56.2975139753392,98.8779725144298,62.1309468443965,70.7991203574329,77.6024630410799,84.146371303252,49.9934966231128,43.4617924778173,76.7567267352588,47.9709038184731,36.7619642196378,12.374761326075,210.042991638184,105.944389343262,128.095937961485,88.0761821746826,192.391520182292,0,202.727928161621,171.682484096951,200.841091700963,156.108798217773,190.398603959517,153.404830932617,0,118.139568328857,200.941893144087,184.497482299805,139.015795389811,141.880903977614,154.028736114502,132.337921836159,201.10774230957,187.21875,98.7842196588931,130.810362635432,149.86575495402,108.160675048828,121.398584448773,123.715309411437,171.347109514124,200.692054748535,151.047982788086,128.76033782959,0,169.123222351074,159.441155569894
162.334266662598,0,182.35375213623,104.199129971591,162.294296264648,0,197.559335327148,162.194207763672,192.58219909668,0,189.464579264323,0,0,0,221.665256500244,0,0,0,0,0,0,0,95.4012298583984,197.626592000326,146.85367220924,0,220.693328857422,192.704517618815,160.969203783118,175.24615914481,160.83709526062,0,0,149.450225830078,210.042991638184,14.2328097045862,123.417073567708,125.562095996396,92.1917141239818,110.216595785958,77.8394622802734,105.100506252713,29.8763827637327,72.8238536039427,92.844819245515,90.2015736293057,129.623972825601,127.379007085164,136.248291015625,32.0038017356079,84.635954284668,120.074201311384,114.27491860497,137.219123840332,129.849463427508,122.783298492432,89.1323229021731,113.778709411621,107.727747576577,96.1927791804223,153.889724731445,126.50961957659,145.317738802537,97.1845315138499,29.4309877132028,31.931877782503,156.218678792318,106.588272441517,43.8800820822126,84.4727103950781
0,52.5642115275065,76.1355640704815,40.0544315973918,0,0,0,183.694569905599,0,76.8362579345703,197.233322143555,106.739063262939,0,136.80256652832,0,0,0,74.8997714996338,0,96.9005978902181,0,0,69.6276798248291,131.301239013672,0,53.270149230957,80.7893390655518,82.8536510944366,154.234069824219,142.444442749023,0,112.298217773438,0,0,105.944389343262,123.417073567708,6.75350604489029,58.2585827793394,30.8578480012955,88.0276794433594,0,147.435531616211,137.694218855638,173.925328572591,85.3703790623108,147.168441772461,65.6179187123368,174.218660990397,44.8055425849094,156.966321563721,126.113595145089,74.5302564267759,59.9477371488299,71.161925603473,65.5128397002934,158.399444580078,110.866857740614,27.88354066328,78.7854419014671,93.4970155397454,19.8419447855687,52.8333805674891,25.2706196559849,116.792063654686,133.780130800994,117.018374356357,74.4431987089269,101.892379760742,128.124426269531,68.9690718358877
0,93.2580389976501,104.68923674311,95.2584378859576,0,0,200.579020182292,193.605236053467,194.594192504883,0,187.481638590495,149.201792399089,0,116.924339294434,203.864213943481,0,120.427198682513,116.857616848416,137.789916992188,136.863772710164,153.559494018555,154.764803205218,122.804747819901,111.043960089822,181.299095500599,0,126.08328461647,104.904711224255,192.451847076416,182.941223144531,172.006330762591,153.836547851562,0,0,128.095937961485,125.562095996396,58.2585827793394,19.4104357038241,56.1701537966728,157.687224615188,187.298370361328,143.737075676717,102.343076379663,130.751806025904,129.118099677853,128.096390859326,108.5233465271,191.417876180013,105.245600947627,125.865215210995,157.632847179066,96.1147348064266,60.0905175871635,104.782666349411,88.5711736718323,166.312657674154,73.7261242232571,53.1602646324986,35.1487643005866,127.94425834269,84.3438673628138,48.0221795956034,41.1526076219853,102.229488711602,148.452973500351,99.0922483692145,104.135418955485,191.36656528049,135.27484503025,86.1734765866688
150.844696044922,84.4422225952148,117.843236105783,26.5897207762066,88.3903572980095,0,117.802570887974,99.8145657493955,141.197822570801,110.993913269043,103.045408314672,64.7331100463867,43.9733009338379,41.241962492466,115.370269775391,0,0,83.034128279913,0,87.8262786865234,61.549441019694,0,48.8003670828683,149.232231140137,63.7684560150936,31.7880557378133,64.5948883339211,69.6407763937245,89.8412218093872,124.065071105957,117.435076395671,62.6252072652181,0,92.2882041931152,88.0761821746826,92.1917141239818,30.8578480012955,56.1701537966728,11.9327076742019,80.778044390988,184.362373352051,107.644546932644,69.5571560003819,106.710169572097,12.0918694646412,94.3388182796649,98.079433674715,108.66724618276,41.5337946917362,112.765106809312,49.052613735199,90.7177720246492,59.8458355631908,86.6520599053831,75.1608250141144,96.1715965270996,115.323029142438,49.9045599232549,89.738419185175,41.4551009860073,17.1955368358627,56.9896326893774,45.6184263012336,67.0289564941264,99.1619388600613,88.9950088204689,71.7836753845215,110.206063270569,93.4332955678304,80.7302037670626
0,0,236.233245849609,90.3585018157959,27.585609656385,0,179.29778503418,154.646797906785,178.742363823785,104.592497030894,165.167109861212,0,153.358804876154,232.506271362305,191.338919067383,163.551208496094,0,0,0,0,154.311439251078,0,0,0,125.050129303565,0,0,212.760314941406,160.604844729106,212.902359008789,0,0,0,174.042388916016,192.391520182292,110.216595785958,88.0276794433594,157.687224615188,80.778044390988,16.5042120467522,123.090352376302,74.3705599629797,92.9154852353609,101.003924555339,46.8132515612228,43.6566573977949,172.102435025302,37.4387505204545,200.276736450195,124.077939392584,80.8761678146104,130.579788208008,195.849840436663,190.327331542969,197.411094665527,17.7891953356456,115.371082305908,116.931697845459,154.495010757446,27.4539717077933,175.115397135417,194.490966796875,158.851135819047,29.7881791196555,121.213367569399,147.571705211293,228.312469482422,157.001758030483,116.785999298096,121.024092298035
223.702941894531,0,0,0,0,0,0,0,0,0,0,0,0,0,0,0,0,0,0,0,0,0,0,0,237.356185913086,0,0,0,0,0,0,0,0,0,0,77.8394622802734,0,187.298370361328,184.362373352051,123.090352376302,7.15556407925684,10.9300950893667,142.984253883362,13.0241303958038,50.5765433060496,124.170713697161,72.0319604873657,90.5115588261531,98.6917572021484,39.0945966647843,15.9987326924685,0,186.543365478516,86.6771812438965,0,122.377125549316,0,0,176.9615347726,82.2385020785862,0,208.514795939128,143.98331451416,139.284912109375,28.1105170812149,110.598731994629,109.991188049316,11.5927836472241,0,35.9463236808777
