10.8011155684832,124.972108694223,123.856385325934,106.449301793025,96.3758915492466,119.674443054199,104.286102410519,33.2390876942359,58.8430069321985,93.8703425816127,41.5210878597455,135.753083705902,142.737013244629,0,24.163897820772,126.007316589355,111.554159981864,112.061476606004,139.72218976702,130.666137695312,89.6889343261719,90.5130266145218,107.247856330872,106.698483710819,98.7357811878637,150.511901855469,135.848431128582,141.825632121112,94.3264752372367,22.9681362838883,32.6600529247731,180.568145751953,87.0278692245483,51.3377115543072,88.8092877197266,163.01522064209,0,181.84797668457,109.668932914734,169.274993896484,0,181.487869262695,163.66202545166,186.08198038737,117.842225211007,187.209655761719,0,0,0,198.346130371094,190.003631591797,131.446332295736,196.499893188477,0,198.56079864502,158.186904907227,159.885543823242,134.085220336914,191.911611938477,147.993533240424,170.078155517578,190.150817871094,180.546256570255,158.301998753701,195.306596235795,170.227828979492,0,0,0,194.841252644857
124.972108694223,8.18632793009542,49.3853979288591,19.5579507493068,152.339126586914,134.808349609375,150.95260925293,132.404807840075,146.877468926566,76.9998481430693,138.388606843494,73.9480901941076,136.714328765869,50.117140041533,142.726665169852,130.929074904498,55.1623195434784,58.9443110530339,77.4870932358962,65.8661155899711,0,92.0585570158782,21.1778274437117,69.7097322123391,89.9802535453707,19.2221457450557,50.656784186734,35.583531848389,113.657850155885,123.688181752744,117.628201652976,73.9242771052513,124.469791412354,111.624542236328,65.0473633575439,120.302604675293,56.2184308369954,97.7336250587746,50.4139318996006,0,0,0,157.764869689941,0,0,172.476440429688,141.454069773356,0,105.707853044782,136.672958374023,0,110.142189025879,111.362580405341,148.924062093099,130.208396148682,0,0,210.556884765625,111.834823977563,155.945434570312,0,119.543132527669,100.836446501992,0,139.118423461914,211.823669433594,116.508785247803,0,240.091293334961,112.523388453892
123.856385325934,49.3853979288591,16.770456608336,55.3714689598944,142.345773368046,181.373774210612,155.752515185638,114.342597947344,141.889514200556,123.180893841912,131.392246816485,88.097489379996,157.218135288783,94.7210813669058,141.501795888061,160.299010140555,97.9275626066689,51.6499661265119,86.0884706821847,73.7145196078295,153.186108059353,77.9234579820707,55.5195763052142,41.7064967484937,119.284586754492,101.59029452006,34.8081511657229,40.7236463784585,106.323154465464,139.982525636936,110.25566266367,91.1751299934208,176.862153625488,127.868845672607,76.2992432757557,188.087090628488,115.764401753743,102.842808829917,64.089243406408,181.961898803711,0,194.300224304199,184.118493652344,196.133422851562,178.226463317871,203.85751620206,158.348673502604,156.086853027344,157.955365498861,187.346117655436,219.649810791016,119.765518824259,126.651391710554,161.087982177734,145.23085420028,0,134.850888252258,94.8801026693205,118.967976716398,167.972906979648,142.034370422363,123.445538510558,107.288816955817,185.808155134612,200.407300313314,166.356048583984,178.106452941895,0,155.226135253906,126.698067237591
106.449301793025,19.5579507493068,55.3714689598944,13.3306134933905,68.1786081816021,129.334446430206,101.11772802141,79.0936194169311,103.659765945738,30.2285569220131,95.1818902508106,74.1859244616042,119.826284885406,56.9736056821566,111.555188866381,90.6095894478463,40.9612097430944,63.6799840174223,77.2487452999576,67.9366320519007,103.769805908203,73.4697649214003,31.9327948057381,60.9638138216071,45.8743107627955,39.9782541493423,55.0677372310132,46.542195298979,68.1810717976069,101.406374898898,80.5859084948045,79.3929126573646,135.113241577148,81.3953969057869,71.8543689278623,104.254737036569,80.6275952657064,78.2604647760806,17.259272358292,114.211421012878,0,128.092748260498,97.1623179927753,126.953576542781,20.5260082367928,114.122744352921,115.612631734212,139.402172088623,103.864456939697,126.783177085545,122.797673225403,61.8577794619969,87.379020690918,139.96309037642,85.0674120221819,87.2099075317383,81.6997273934854,23.4545340876425,79.2729068578676,76.3252817363274,129.51475016276,82.5427340814623,68.2196774229859,95.1107175121569,114.31552176382,97.1850247968707,148.120620727539,0,91.8039001464844,100.893776437511
96.3758915492466,152.339126586914,142.345773368046,68.1786081816021,11.9293009254077,97.767727244984,85.5656014797734,58.4474527782183,102.154843057905,51.4913867319134,28.4042491155925,181.662564086914,38.086342953345,185.003143310547,106.53540737725,74.4996454893653,92.6826292673747,172.108503977458,174.052947998047,182.758023071289,15.9564601063351,157.463575744629,81.4275600726788,134.087968537302,28.213869344906,0,165.170127868652,143.182647914103,22.2870088344578,101.618005091349,127.902964274089,0,147.216061909993,87.3270146687826,116.012387122637,214.085189819336,0,225.910217285156,80.0881512778146,86.6576092476348,0,156.520379086758,152.550394781705,172.290482064952,91.4497597793053,157.171243983544,0,66.463572586284,0,183.730990818569,112.277405693418,0,215.923080444336,0,0,86.1595810436812,145.05583190918,0,191.571411132812,120.271996621732,225.801162719727,0,194.355728149414,151.21475309266,189.715043204171,0,0,0,158.06298828125,169.289764404297
119.674443054199,134.808349609375,181.373774210612,129.334446430206,97.767727244984,7.52000959847183,10.7472033211296,121.591975529989,37.1822734373522,61.2631090658682,124.288687590127,68.437427662037,89.8437655905019,100.657826350285,39.9466196589583,16.7123502799746,0,189.024698893229,91.4263114929199,137.900211334229,129.71021270752,221.449951171875,119.085814158122,152.394080025809,95.9906756083171,158.475803375244,145.66991297404,184.416167039138,135.700683288574,27.4364755312312,142.411888122559,102.848889668783,11.6136269778892,191.212814331055,32.8770624270542,0,0,0,0,0,0,216.259033203125,0,0,90.5275497436523,225.403396606445,0,0,0,0,0,196.493438720703,0,0,0,0,0,0,0,211.935009002686,0,0,0,216.333160400391,0,0,0,0,0,0
104.286102410519,150.95260925293,155.752515185638,101.11772802141,85.5656014797734,10.7472033211296,12.9284149338493,71.7979867623815,26.2574329028617,77.9601778065799,41.4249001027034,109.44111312308,28.9705437261258,126.128670912523,37.4203897433496,17.5859027750826,151.777639600966,172.875645136429,123.564586639404,176.305718365838,65.8021355987689,150.242655667392,129.667805207081,151.550231202008,84.1527626976514,147.21081324986,179.813283357166,168.908012423453,90.0222346536551,34.6976668390528,129.001130537553,163.001496315002,18.4885767431808,124.934600103469,66.9448324347571,179.532358805339,157.252944946289,223.396703546697,99.3161172133226,177.051716363252,0,182.857490213508,165.0602906545,191.557068961007,112.865505912087,177.799129486084,179.530181884766,179.590785827637,178.349594116211,207.301795111762,201.967821756999,186.864395141602,226.979034423828,0,0,169.122567749023,234.33918762207,163.413457234701,222.422247750419,149.888857912661,0,0,212.510784442608,174.719695994059,203.994978438976,206.593414306641,0,0,199.110168457031,209.824668884277
33.2390876942359,132.404807840075,114.342597947344,79.0936194169311,58.4474527782183,121.591975529989,71.7979867623815,16.2101205618198,63.4597447673662,64.6395861102689,36.3347391753918,164.123793395434,81.0696261583176,173.28856072059,63.5920112387943,87.8827601913857,104.433566659184,123.434891129177,171.815237791642,144.927161633669,86.1684689377293,83.8606823702587,100.569183134421,98.5058790628504,60.9583385165329,168.129077148437,141.04295124866,133.28958903263,37.1199024077045,72.1682700428957,34.8035180700709,181.491772625897,132.835932752821,86.5895668904301,106.192746043638,168.676888716848,141.141616821289,178.744595571665,91.5659143762681,156.307896019047,0,165.667833033616,149.396224528987,175.02514944894,89.9234771728516,159.865098578031,218.354187011719,164.59824180603,238.038665771484,186.561245413388,138.569313049316,160.312457929339,207.830658594767,0,224.216857910156,165.847493098332,169.238864474826,130.652658799115,182.230816515186,134.446902894885,0,213.728359446806,181.003612420498,152.413579991977,176.609925666742,173.948863438198,247.210968017578,210.178665161133,162.121555328369,186.919661148735
58.8430069321985,146.877468926566,141.889514200556,103.659765945738,102.154843057905,37.1822734373522,26.2574329028617,63.4597447673662,14.0419484685558,97.3379914613989,47.5861673666499,108.461765814148,87.2532547061183,106.513211759802,24.6610959500974,43.9338258308863,145.970322650412,144.050082895331,131.445973544651,159.844365011126,94.4759831105467,124.691763905918,130.191170839163,126.959805365005,100.132527570431,112.990291118622,158.781147625711,158.485404387654,98.9391273329643,40.7671659356369,77.6123156636675,159.169618225098,18.7349732261435,108.048875579834,67.8130509998347,188.301641191755,182.50740814209,204.113629659017,118.529667478619,185.414035943838,165.824905395508,192.471468174711,170.911548789031,201.840263003395,118.510537954477,187.208700561523,0,192.829222735237,139.332971572876,211.558028110238,166.045227050781,181.482045953924,218.506282806396,0,0,199.285391235352,173.829783121745,149.121852874756,206.6544000726,159.781465071119,184.988143920898,205.86676940918,197.192940633805,176.743022121417,203.560425758362,186.884206136068,0,245.135848999023,186.80498046875,197.293932988093
93.8703425816127,76.9998481430693,123.180893841912,30.2285569220131,51.4913867319134,61.2631090658682,77.9601778065799,64.6395861102689,97.3379914613989,10.4274092139446,75.1515067143575,140.495035049763,18.0887375151008,125.752119138468,108.359127842428,24.1568109871205,76.5504482269287,130.648223138625,158.175033569336,140.699796461022,44.3279772845939,114.603697368077,29.9618512881925,125.278069879255,25.5773774330139,106.909342413363,131.491812674322,119.791277832995,62.6293914187981,102.609721859006,89.8828805001934,148.433369758802,109.998365211487,89.6267156954165,130.208102643048,114.994251251221,0,183.089419555664,41.0493479494779,111.863320244683,0,115.725751815304,101.109715270996,135.378970384598,47.5303878360324,117.281636238098,198.930572509766,96.2221139606677,170.050392150879,151.875433603923,82.8725289238824,120.658004760742,202.15325012207,0,232.561614990234,102.135137704703,0,71.6476726531982,173.083801269531,89.9614167521077,162.081993103027,183.35016784668,163.858804975237,112.23025645042,150.482925863827,161.127587890625,0,207.576553344727,0,180.152313232422
41.5210878597455,138.388606843494,131.392246816485,95.1818902508106,28.4042491155925,124.288687590127,41.4249001027034,36.3347391753918,47.5861673666499,75.1515067143575,19.8068581763337,167.471820151159,27.6891447493205,187.547257741292,79.2805821199127,81.6679730161407,131.259251730783,143.878581130265,183.797372436523,162.284707483256,18.1232603872997,116.699724171956,116.829884006131,118.330564432457,72.8689641340603,175.377737192007,157.949923811755,149.99723830155,48.0260986048363,101.824638464231,76.0439262665367,201.117547988892,128.850602498869,93.0080215305958,108.809073654156,181.280646006266,165.643310546875,195.940745634191,93.2860818968879,167.434405713468,185.67741394043,177.007228276086,162.631242828369,184.530859564993,106.890837207917,172.010706496961,0,163.284854704334,0,205.120703420331,155.789591608821,173.613681793213,207.821899414062,0,230.650985717773,167.953547358513,196.490972900391,160.641381483812,192.108895801363,140.8563859866,247.493057250977,220.401105608259,188.539259823886,168.701185193503,201.937482679212,180.788844299316,0,232.689437866211,196.82967376709,204.337064615885
135.753083705902,73.9480901941076,88.097489379996,74.1859244616042,181.662564086914,68.437427662037,109.44111312308,164.123793395434,108.461765814148,140.495035049763,167.471820151159,13.8185769932355,155.468848092215,31.4694810247275,102.436329142253,161.514558110918,132.158823916787,57.3679579172827,24.316149785144,31.1175852012307,170.897530449761,102.400787671407,107.712339686596,90.2420493700228,162.617134872748,36.9514100904698,36.7708195500726,70.4178684795795,169.811622272838,72.9846578425475,120.693895681079,54.9211827715051,66.6199767410114,103.232647269113,31.731946170682,0,121.545177883572,152.175549461728,66.5736983617147,0,0,152.801345825195,213.457024710519,224.503524780273,193.284851074219,246.85334777832,92.5846198925074,0,87.2272031907911,175.980017089844,222.739715576172,0,155.971047120936,111.869690789117,123.0381002755,0,232.763732910156,149.905064900716,181.826938335712,208.076059341431,82.7125002953314,113.86996873122,112.133468397147,218.027740478516,217.443426132202,0,102.866755306131,125.20071665446,0,133.62958674277
142.737013244629,136.714328765869,157.218135288783,119.826284885406,38.086342953345,89.8437655905019,28.9705437261258,81.0696261583176,87.2532547061183,18.0887375151008,27.6891447493205,155.468848092215,12.7536523414017,165.191083272298,103.288120244173,17.8069653509462,152.732383728027,167.554487864176,178.124923706055,184.077392578125,17.2772025657488,147.542984008789,101.067296028137,163.787825448172,27.0803601394754,156.576095581055,175.743304570516,158.741107225418,52.7684373311894,109.052708907697,148.838498796735,185.023123168945,119.420949536701,137.413959503174,107.464281065274,193.939086914062,0,215.960388183594,88.7350193023682,163.400458075783,0,178.054617200579,162.66121497521,180.245123969184,86.6582883199056,168.027800401052,0,62.8839366877521,0,189.336975097656,100.896412242543,0,0,0,0,145.412368774414,0,0,0,132.178403195468,0,0,0,167.336589140051,184.059143066406,197.591201782227,0,0,0,193.419174194336
0,50.117140041533,94.7210813669058,56.9736056821566,185.003143310547,100.657826350285,126.128670912523,173.28856072059,106.513211759802,125.752119138468,187.547257741292,31.4694810247275,165.191083272298,9.22941589607466,102.252989993376,164.360708448622,135.888490949358,99.2014152039873,54.1770574662828,76.2794038244041,178.005218505859,153.769158363342,92.2287971320688,129.340480592516,140.665149402618,20.1015267187046,43.3636572835168,34.5656915854322,178.513084411621,81.2641028012985,145.308820996966,20.3243392125988,85.8942104578018,148.284698486328,54.3486628616762,171.340797424316,111.734855175018,165.809071858724,48.988772099561,0,0,204.455924987793,177.102661132812,152.23548634847,175.709096272786,202.64079284668,83.4233902923821,0,77.2243320428954,170.865725708008,0,0,151.54599237442,100.242646638338,107.156889343262,0,193.999137878418,121.794906616211,185.838325500488,216.628366088867,63.9093999529218,101.334153571496,97.0996780822925,221.354965209961,146.894158935547,201.719268798828,93.6841375255052,140.415149688721,225.985702514648,123.291696721857
24.163897820772,142.726665169852,141.501795888061,111.555188866381,106.53540737725,39.9466196589583,37.4203897433496,63.5920112387943,24.6610959500974,108.359127842428,79.2805821199127,102.436329142253,103.288120244173,102.252989993376,12.7416326000112,73.7216307669878,130.852596664429,135.943428970189,126.261261873467,149.020088517264,110.451106225877,119.786040434966,125.848156223636,125.959124595423,109.267568597535,109.276449203491,152.837420560659,156.682792579404,106.786846289301,29.0854500186165,69.0206951602275,146.537252153669,16.8182624372786,58.7524728638785,63.4635162234836,195.202116532759,242.790573120117,197.51476579146,122.338277776191,197.66464299741,0,202.23340920841,182.70979602955,209.76208835178,131.621742248535,198.142789916992,158.879191080729,183.113227844238,144.047103881836,212.964437979239,199.004589080811,181.565031571822,218.1029296875,0,216.758373260498,197.113578796387,194.735820770264,145.324937438965,208.053187942505,166.529257202148,0,202.470684051514,198.467303356492,180.346442080092,208.834481216058,188.867108380353,152.98220316569,231.129608154297,179.576866149902,202.196567311006
126.007316589355,130.929074904498,160.299010140555,90.6095894478463,74.4996454893653,16.7123502799746,17.5859027750826,87.8827601913857,43.9338258308863,24.1568109871205,81.6679730161407,161.514558110918,17.8069653509462,164.360708448622,73.7216307669878,8.98389756225588,87.6625366210938,159.722345596705,161.408671569824,179.141308124249,59.7475002462214,126.154922485352,79.1960264078776,168.8470097592,47.6709184535344,147.939373094208,168.244263616102,156.656149217299,90.5016448859012,76.8322228941806,148.90597187389,197.41938273112,36.9391537337468,111.731591796875,124.956909179688,188.453170776367,0,0,76.6488304138184,152.768493652344,0,0,188.248756408691,217.180419921875,67.7056541442871,165.474934895833,0,73.6710205078125,0,0,73.1293754577637,0,0,0,0,0,0,0,0,152.539247131348,0,193.624649047852,0,177.766958236694,210.524948120117,0,0,0,0,0
111.554159981864,55.1623195434784,97.9275626066689,40.9612097430944,92.6826292673747,0,151.777639600966,104.433566659184,145.970322650412,76.5504482269287,131.259251730783,132.158823916787,152.732383728027,135.888490949358,130.852596664429,87.6625366210938,14.1325362258077,109.511298425419,156.284683227539,123.896941445091,87.5950660705566,24.7665962649185,32.3147153097802,25.2906271014378,37.3623040848731,117.48188273112,129.436097388174,35.5863462947615,40.0620987604931,116.196025730408,78.0713566913095,122.692759195964,0,83.4171435038249,87.6237535845509,143.462730407715,132.342544555664,141.257014973958,0,233.2373046875,0,226.916905721029,155.581969766056,178.540121714274,148.206592559814,189.669104003906,0,0,173.903594970703,164.143881835937,0,100.83132785245,160.88596534729,0,168.796544392904,0,120.352087695782,57.944059132102,109.292324981159,139.809502584892,165.584732055664,156.921241760254,110.931316702706,136.572875917875,146.228053501674,142.720944213867,0,0,143.097290039062,138.489729447798
112.061476606004,58.9443110530339,51.6499661265119,63.6799840174223,172.108503977458,189.024698893229,172.875645136429,123.434891129177,144.050082895331,130.648223138625,143.878581130265,57.3679579172827,167.554487864176,99.2014152039873,135.943428970189,159.722345596705,109.511298425419,10.3600898692073,59.7211588272361,21.3875274574102,179.517318725586,62.1486149676211,85.9121024819545,31.7173885995768,136.034047427385,81.5585843748966,39.4024918688186,75.7669414299488,124.76832136517,110.462336553481,86.9448786940612,100.104927142461,187.678961181641,113.73015710863,36.8879393301079,204.860984802246,121.079830714634,118.495358579902,79.446935227338,208.947265625,0,0,201.429808044434,230.124454498291,199.29443359375,202.517659505208,163.949559211731,0,136.657416025798,209.884421454536,0,135.833003452846,132.533063033531,160.172239939372,141.726018159286,0,172.993875732422,130.89758845738,140.981584789684,196.585102247155,122.583033243815,128.521188745547,121.329775558181,205.099329981311,201.871807522244,182.404022216797,132.955951145717,0,168.086364746094,138.769713846842
139.72218976702,77.4870932358962,86.0884706821847,77.2487452999576,174.052947998047,91.4263114929199,123.564586639404,171.815237791642,131.445973544651,158.175033569336,183.797372436523,24.316149785144,178.124923706055,54.1770574662828,126.261261873467,161.408671569824,156.284683227539,59.7211588272361,8.3058442570531,18.5329003202682,228.627639770508,116.586261749268,118.870283126831,96.1997103227888,163.066145324707,47.5283697387319,25.9519945246283,66.6445623749941,179.490586224724,98.4509473843045,130.622355670464,57.0974486934094,88.1451290355009,113.257615661621,61.6957429444889,0,125.94195098877,159.605935668945,74.3583360928208,0,0,0,0,176.223031180246,0,0,104.820556257413,0,98.9193714488636,181.333511352539,241.338134765625,0,154.402387891497,111.762679724046,117.401923533236,0,166.570678710938,196.397338867188,193.435291290283,211.285802205404,91.3597569619456,111.772676355699,110.186805209823,222.419776916504,201.268892923991,0,107.646879091368,128.972038269043,0,134.493003845215
130.666137695312,65.8661155899711,73.7145196078295,67.9366320519007,182.758023071289,137.900211334229,176.305718365838,144.927161633669,159.844365011126,140.699796461022,162.284707483256,31.1175852012307,184.077392578125,76.2794038244041,149.020088517264,179.141308124249,123.896941445091,21.3875274574102,18.5329003202682,12.1238247637871,185.302764892578,89.4869272101159,103.783556382735,68.1760521307978,155.213180075566,54.7727095207072,36.5167728414732,74.5007328221467,148.413890406416,120.37542297591,108.219293018557,71.2354378450834,91.7308438618978,114.801810760498,46.8205690196565,201.324508666992,119.984752655029,129.899766015225,83.8813689591049,0,0,0,208.797822316488,213.093955993652,191.795817057292,234.302169799805,119.508270263672,0,117.453416551862,207.328659057617,0,188.935000610352,136.402476186971,118.857720094569,122.709614864012,0,172.774810791016,159.566545758929,156.259426860066,211.646806989397,81.1845583234515,118.552687964451,120.233182386315,210.99033203125,189.255168914795,187.399023873465,126.107285181681,0,0,137.297113990784
89.6889343261719,0,153.186108059353,103.769805908203,15.9564601063351,129.71021270752,65.8021355987689,86.1684689377293,94.4759831105467,44.3279772845939,18.1232603872997,170.897530449761,17.2772025657488,178.005218505859,110.451106225877,59.7475002462214,87.5950660705566,179.517318725586,228.627639770508,185.302764892578,11.5686390562724,158.805191040039,110.461784362793,174.756819407145,19.0389896213934,150.772827148438,180.97146097819,179.372721862793,33.618895608991,110.979467055377,152.879285176595,192.250778198242,124.975907897949,102.403955459595,109.484836794295,223.694641113281,0,0,86.9505335489909,128.357353334842,0,163.872354295519,153.939239501953,186.754909261068,102.067415410822,167.961676573142,0,34.0977862775326,0,211.265621185303,100.346472167969,0,0,0,0,25.8578301668167,0,0,0,129.453909017272,0,0,0,165.602499694824,194.688907623291,0,0,233.632751464844,0,0
90.5130266145218,92.0585570158782,77.9234579820707,73.4697649214003,157.463575744629,221.449951171875,150.242655667392,83.8606823702587,124.691763905918,114.603697368077,116.699724171956,102.400787671407,147.542984008789,153.769158363342,119.786040434966,126.154922485352,24.7665962649185,62.1486149676211,116.586261749268,89.4869272101159,158.805191040039,14.6511436317333,65.7284563709067,37.3439194948607,67.6283272073148,109.871952819824,108.318550855594,93.4964796878416,41.5596312369159,66.8820409991707,34.4868860342067,141.017850875854,162.836807250977,66.6122601003299,49.6890079353952,159.938187448602,184.188087463379,145.952311897278,114.983702850342,0,0,0,159.565461222331,182.990617879232,131.822527567546,197.969520568848,0,0,206.25129699707,175.704974873861,234.390121459961,119.278225874289,190.686426798503,196.626351928711,198.576546805246,210.820587158203,131.623797825405,81.0876832008362,141.614430619737,138.353472512866,0,186.240707397461,142.376971381051,140.142071004294,158.588673215924,145.930072155628,0,231.256721496582,144.594409518772,157.370150346022
107.247856330872,21.1778274437117,55.5195763052142,31.9327948057381,81.4275600726788,119.085814158122,129.667805207081,100.569183134421,130.191170839163,29.9618512881925,116.829884006131,107.712339686596,101.067296028137,92.2287971320688,125.848156223636,79.1960264078776,32.3147153097802,85.9121024819545,118.870283126831,103.783556382735,110.461784362793,65.7284563709067,9.94760171356303,57.7203657469437,40.346800117491,67.1950365923838,98.4316714056607,45.4969411424018,67.7573607000222,109.494000363604,76.2257965111807,113.265356196914,0,81.83490592555,80.2586957176963,157.935562133789,142.971343994141,115.966826531195,47.034049987793,176.845146179199,0,224.091537475586,146.625418186188,183.197761535645,35.5729767084122,144.546138000488,0,0,118.242851257324,163.340475602583,0,59.9053624883875,155.250197855632,172.099102020264,163.838775634766,0,78.3447200405982,15.6670486827691,83.2237153543008,113.914565222604,0,147.493762207031,104.672670234754,114.209357640515,120.892468539151,99.5497675356658,171.652526855469,0,129.159022013346,103.182964324951
106.698483710819,69.7097322123391,41.7064967484937,60.9638138216071,134.087968537302,152.394080025809,151.550231202008,98.5058790628504,126.959805365005,125.278069879255,118.330564432457,90.2420493700228,163.787825448172,129.340480592516,125.959124595423,168.8470097592,25.2906271014378,31.7173885995768,96.1997103227888,68.1760521307978,174.756819407145,37.3439194948607,57.7203657469437,19.7576338860897,88.2829501058954,104.460615248907,72.2255895817757,52.9393589284825,67.7536201908188,87.7430364938414,64.9603165118287,122.575497143889,132.717771530151,99.4891322317299,50.6064894818193,175.131401062012,137.89939710829,124.056453495809,92.9246476067437,226.039850870768,0,206.114903767904,182.140565127418,191.981488037109,125.307940891811,193.37758844549,168.368141174316,180.704650878906,185.657374064128,193.020913485823,0,109.363887163268,148.937946899414,180.305650983538,169.729362996419,0,138.595572708245,76.1055543970734,122.036627058255,159.291198074177,0,164.943598309685,114.450655279962,165.026416482731,180.011066922274,154.48515625,173.356399536133,0,159.724773406982,147.303824722126
98.7357811878637,89.9802535453707,119.284586754492,45.8743107627955,28.213869344906,95.9906756083171,84.1527626976514,60.9583385165329,100.132527570431,25.5773774330139,72.8689641340603,162.617134872748,27.0803601394754,140.665149402618,109.267568597535,47.6709184535344,37.3623040848731,136.034047427385,163.066145324707,155.213180075566,19.0389896213934,67.6283272073148,40.346800117491,88.2829501058954,13.9535435009213,117.23673492286,138.452704674375,106.927408543978,27.0067289608525,98.4728249733743,85.0488997076312,160.802214800301,141.026487731934,81.8084368501807,110.763596068729,145.355129204174,176.192255655924,172.902957550467,64.4458851390824,130.984701631626,154.222206115723,147.001328847294,135.22569585831,159.001864363508,74.5843104560776,139.982724787955,214.661659240723,128.034894423051,200.376979827881,169.974834685022,91.6841566666313,119.88312877995,183.499745088465,233.436954498291,213.289190673828,148.473581875072,136.946228824445,77.6889781336631,159.38521206256,114.251211907302,0,199.328344008502,166.340282177103,128.811749764952,156.922545527069,145.175666600629,217.076354980469,207.068632125854,139.017937978109,161.147815039398
150.511901855469,19.2221457450557,101.59029452006,39.9782541493423,0,158.475803375244,147.21081324986,168.129077148437,112.990291118622,106.909342413363,175.377737192007,36.9514100904698,156.576095581055,20.1015267187046,109.276449203491,147.939373094208,117.48188273112,81.5585843748966,47.5283697387319,54.7727095207072,150.772827148438,109.871952819824,67.1950365923838,104.460615248907,117.23673492286,8.9931308433102,46.0263308535634,28.9331635335726,151.636675415039,96.8222351074219,138.621515591939,49.4070752654049,84.2518564860026,121.219820658366,60.3379940062153,0,110.255626678467,142.708576202393,42.881523686786,0,0,0,177.716903686523,131.551773071289,0,219.863792419434,76.9636019953975,204.091018676758,69.3232160784164,129.64778137207,0,0,131.080798149109,87.0717784166336,111.40066419329,0,0,93.506103515625,0,224.60302734375,61.448059797287,92.9911181640625,87.5702006892154,214.707183837891,196.30200958252,0,86.8971690553607,0,0,107.409915924072
135.848431128582,50.656784186734,34.8081511657229,55.0677372310132,165.170127868652,145.66991297404,179.813283357166,141.04295124866,158.781147625711,131.491812674322,157.949923811755,36.7708195500726,175.743304570516,43.3636572835168,152.837420560659,168.244263616102,129.436097388174,39.4024918688186,25.9519945246283,36.5167728414732,180.97146097819,108.318550855594,98.4316714056607,72.2255895817757,138.452704674375,46.0263308535634,18.798886461294,43.4540727476776,143.421649306033,130.645077689905,124.121717784326,40.9065907487183,128.836846091531,133.493262028349,66.0213122243822,196.383476257324,118.150420045853,115.817409801483,66.7482072798932,0,0,221.600697835286,198.645003917605,211.049131266276,200.168974656325,214.990406036377,106.101525002732,220.065528869629,103.478558919516,203.552371554905,216.429920196533,177.715280151367,117.521516436622,111.194713375694,115.100149045879,0,171.036626180013,159.214100764348,150.274319184132,189.167411295573,91.8520569356283,108.144547055749,107.800811420005,204.93252328726,175.68088092226,177.460497317107,113.248214454651,163.719811757406,162.531364440918,122.870162032033
141.825632121112,35.583531848389,40.7236463784585,46.542195298979,143.182647914103,184.416167039138,168.908012423453,133.28958903263,158.485404387654,119.791277832995,149.99723830155,70.4178684795795,158.741107225418,34.5656915854322,156.682792579404,156.656149217299,35.5863462947615,75.7669414299488,66.6445623749941,74.5007328221467,179.372721862793,93.4964796878416,45.4969411424018,52.9393589284825,106.927408543978,28.9331635335726,43.4540727476776,18.9625620815632,105.060125190545,137.527248756244,125.576355142125,31.3990867847282,135.659590198148,128.848230115105,78.6976879371443,187.430307724897,119.263743502422,108.688268996495,69.8401911592106,220.896860758464,0,194.198072814941,179.131631154863,194.808142246344,176.271982404921,187.511290073395,112.006668755947,0,107.22316215487,186.38317849901,221.862930297852,111.290001190815,125.182373232958,114.797933008253,120.747723119072,0,141.846548183544,88.1897930492054,117.033434228929,166.369818071947,93.9238785087288,112.991932796666,107.340981626805,176.035769571087,181.252819510067,163.969960840737,117.173316994294,188.129450480143,200.170299530029,124.505177353368
94.3264752372367,113.657850155885,106.323154465464,68.1810717976069,22.2870088344578,135.700683288574,90.0222346536551,37.1199024077045,98.9391273329643,62.6293914187981,48.0260986048363,169.811622272838,52.7684373311894,178.513084411621,106.786846289301,90.5016448859012,40.0620987604931,124.76832136517,179.490586224724,148.413890406416,33.618895608991,41.5596312369159,67.7573607000222,67.7536201908188,27.0067289608525,151.636675415039,143.421649306033,105.060125190545,15.0960298424576,94.8234011679525,53.7805510669398,176.397799537295,149.195243835449,74.743992715206,84.3828670475401,150.360421170893,195.50729675293,178.059665407453,79.4632553060849,156.855345467541,189.902740478516,169.560134212987,144.299635498173,175.064020205061,92.1205805923,163.32612073482,232.276710510254,148.688027595987,228.82926940918,176.687489978338,134.911970350477,122.827598130407,203.837902977353,210.63264465332,222.355997085571,162.797113878974,138.926617103287,87.2796794560951,166.503079188352,126.702254724789,0,203.333744472928,172.480613760397,138.81436310712,163.409063749676,147.641069444127,0,209.97435760498,147.370022058487,165.237928979191
22.9681362838883,123.688181752744,139.982525636936,101.406374898898,101.618005091349,27.4364755312312,34.6976668390528,72.1682700428957,40.7671659356369,102.609721859006,101.824638464231,72.9846578425475,109.052708907697,81.2641028012985,29.0854500186165,76.8322228941806,116.196025730408,110.462336553481,98.4509473843045,120.37542297591,110.979467055377,66.8820409991707,109.494000363604,87.7430364938414,98.4728249733743,96.8222351074219,130.645077689905,137.527248756244,94.8234011679525,13.1946252415039,32.7089692686061,105.792996997676,16.4971950086307,17.4750821808425,39.7844438080713,184.865456557855,211.678855895996,182.811007908412,121.992390091355,179.833435352032,0,195.165207544963,174.992682849174,203.003851196289,122.781432151794,193.524722484832,136.494844563802,190.417622157506,127.9753074646,206.678711489023,194.874323527018,154.407297134399,187.983085995629,162.722885131836,195.98441696167,185.898015340169,172.525653614717,130.52679003202,190.571544783456,156.446458592337,132.000427246094,176.373070211972,183.326986904802,169.214000443168,195.916119831364,172.707012176514,141.544525146484,0,176.945000542535,196.897225613064
32.6600529247731,117.628201652976,110.25566266367,80.5859084948045,127.902964274089,142.411888122559,129.001130537553,34.8035180700709,77.6123156636675,89.8828805001934,76.0439262665367,120.693895681079,148.838498796735,145.308820996966,69.0206951602275,148.90597187389,78.0713566913095,86.9448786940612,130.622355670464,108.219293018557,152.879285176595,34.4868860342067,76.2257965111807,64.9603165118287,85.0488997076312,138.621515591939,124.121717784326,125.576355142125,53.7805510669398,32.7089692686061,16.0286714629335,161.729142995981,123.313558959961,39.0346744409603,47.7427398784,158.742826334635,171.896087646484,166.931770688012,113.088757129426,195.936233520508,0,205.375555038452,161.973646051743,202.034669763902,99.8281633930822,181.797542317708,188.982162475586,207.194671630859,194.875068664551,189.990172958374,218.181915283203,125.419015169144,196.838873386383,0,193.294928656684,0,149.056005331186,89.9174735628325,169.906473064423,139.333491961161,0,182.168463273482,166.236472079628,143.587501638312,167.754492441813,152.528614238157,226.946937561035,218.469329833984,155.121192932129,171.741027832031
180.568145751953,73.9242771052513,91.1751299934208,79.3929126573646,0,102.848889668783,163.001496315002,181.491772625897,159.169618225098,148.433369758802,201.117547988892,54.9211827715051,185.023123168945,20.3243392125988,146.537252153669,197.41938273112,122.692759195964,100.104927142461,57.0974486934094,71.2354378450834,192.250778198242,141.017850875854,113.265356196914,122.575497143889,160.802214800301,49.4070752654049,40.9065907487183,31.3990867847282,176.397799537295,105.792996997676,161.729142995981,9.16443338132255,107.774415588379,150.926208496094,80.4410228437094,0,134.35217666626,170.152114868164,65.4198604822159,0,0,247.602966308594,0,0,0,0,104.275040968409,0,99.6994400024414,199.240168253581,0,0,145.603518168132,116.311595153809,129.400500370906,0,141.522155761719,159.41316986084,163.858479817708,207.838623046875,101.583456328421,114.28687817484,115.424449364614,238.231430053711,169.858360290527,0,112.736161899567,171.883204142253,0,136.920159403483
87.0278692245483,124.469791412354,176.862153625488,135.113241577148,147.216061909993,11.6136269778892,18.4885767431808,132.835932752821,18.7349732261435,109.998365211487,128.850602498869,66.6199767410114,119.420949536701,85.8942104578018,16.8182624372786,36.9391537337468,0,187.678961181641,88.1451290355009,91.7308438618978,124.975907897949,162.836807250977,0,132.717771530151,141.026487731934,84.2518564860026,128.836846091531,135.659590198148,149.195243835449,16.4971950086307,123.313558959961,107.774415588379,5.7764965270027,70.0406341552734,37.160793850157,245.453918457031,0,0,0,218.736114501953,0,0,238.109573364258,245.204864501953,0,223.859382629395,0,0,142.43244934082,247.001068115234,0,0,0,149.041687011719,0,0,0,0,0,201.842600504557,0,166.787658691406,199.343879699707,215.102937970843,232.393051147461,224.716751098633,0,0,0,0
51.3377115543072,111.624542236328,127.868845672607,81.3953969057869,87.3270146687826,191.212814331055,124.934600103469,86.5895668904301,108.048875579834,89.6267156954165,93.0080215305958,103.232647269113,137.413959503174,148.284698486328,58.7524728638785,111.731591796875,83.4171435038249,113.73015710863,113.257615661621,114.801810760498,102.403955459595,66.6122601003299,81.83490592555,99.4891322317299,81.8084368501807,121.219820658366,133.493262028349,128.848230115105,74.743992715206,17.4750821808425,39.0346744409603,150.926208496094,70.0406341552734,8.00975357828181,27.2461910543219,160.643242972238,0,198.041172027588,205.590850830078,188.473937988281,0,183.394348144531,163.081299918038,194.514532089233,93.1024703979492,181.731529929421,0,0,0,183.137819290161,0,110.189903259277,173.505169677734,0,228.488677978516,0,120.250384521484,98.0329086303711,180.32807413737,140.184476983057,0,171.514961242676,177.215950705788,152.096530653026,177.169163703918,153.599675105168,0,0,181.375676472982,171.704397201538
88.8092877197266,65.0473633575439,76.2992432757557,71.8543689278623,116.012387122637,32.8770624270542,66.9448324347571,106.192746043638,67.8130509998347,130.208102643048,108.809073654156,31.731946170682,107.464281065274,54.3486628616762,63.4635162234836,124.956909179688,87.6237535845509,36.8879393301079,61.6957429444889,46.8205690196565,109.484836794295,49.6890079353952,80.2586957176963,50.6064894818193,110.763596068729,60.3379940062153,66.0213122243822,78.6976879371443,84.3828670475401,39.7844438080713,47.7427398784,80.4410228437094,37.160793850157,27.2461910543219,11.6679457340683,189.416557312012,120.434750874837,122.541695105511,88.5463948804279,186.159656524658,0,201.254247029622,177.633051985401,202.409316253662,146.282922744751,200.43495464325,124.290722846985,212.809616088867,102.746393966675,193.152496337891,0,133.028062184652,141.813656997681,127.074842224121,137.091460741483,197.436904907227,154.688423488451,102.622235749897,143.184570686949,161.52750592354,119.4166935512,127.336310872271,124.835358992867,169.625987731304,194.925364567683,168.69592490563,122.737955729167,0,205.609568277995,150.293134740881
163.01522064209,120.302604675293,188.087090628488,104.254737036569,214.085189819336,0,179.532358805339,168.676888716848,188.301641191755,114.994251251221,181.280646006266,0,193.939086914062,171.340797424316,195.202116532759,188.453170776367,143.462730407715,204.860984802246,0,201.324508666992,223.694641113281,159.938187448602,157.935562133789,175.131401062012,145.355129204174,0,196.383476257324,187.430307724897,150.360421170893,184.865456557855,158.742826334635,0,245.453918457031,160.643242972238,189.416557312012,9.39330837867076,119.239454939559,130.755720081896,98.1774993472629,103.207363278258,0,109.258630846368,27.206903185273,69.0059205223532,82.1362566649914,84.4163002798743,131.207130758171,116.495792388916,144.805788421631,24.2249846682726,137.332420349121,94.7561677755769,109.101891804517,125.87902910956,123.106155301318,107.02516078949,83.0537006608371,89.3032453400748,97.1785994280105,91.1792909072827,143.390597025553,135.880507236057,133.981761383394,93.9781992639916,23.1824938672974,44.1857205262376,154.740689849854,98.2735487285413,32.0597926978917,74.0082598902962
0,56.2184308369954,115.764401753743,80.6275952657064,0,0,157.252944946289,141.141616821289,182.50740814209,0,165.643310546875,121.545177883572,0,111.734855175018,242.790573120117,0,132.342544555664,121.079830714634,125.94195098877,119.984752655029,0,184.188087463379,142.971343994141,137.89939710829,176.192255655924,110.255626678467,118.150420045853,119.263743502422,195.50729675293,211.678855895996,171.896087646484,134.35217666626,0,0,120.434750874837,119.239454939559,8.17536994919018,48.6703832548593,19.1755780292945,122.695405439897,133.940475463867,142.594930648804,129.203386684547,152.964981442406,71.6460815974644,154.044299590282,78.448017207059,124.363581339518,59.6522340121335,138.593068481445,114.63523605022,57.8164362015263,61.6744401783733,84.3212608083089,70.0226854897376,148.640396118164,95.8782937677057,24.8213708906626,71.0105109214783,84.0018641097707,23.1026942375299,58.5396883830727,33.5202374290219,136.75831942351,127.606565282979,114.392370549644,75.7401683220497,0,109.761742811937,70.5057270573635
