11.0175711870587,130.912315368652,124.401596286286,105.386566162109,95.5873748779297,92.7702451433454,93.0991209781531,28.0448198522578,56.8226490048,88.227896799568,43.9773934760823,137.9730124638,103.426867167155,163.388464355469,21.3095431657569,137.279185703823,121.398105367025,110.472468578032,150.52153968811,126.62334979022,105.085613250732,92.2672646970165,104.866034173346,105.309365514363,98.0146920453463,139.772537231445,133.207528504458,141.103876706933,87.735968131851,21.7801548119046,29.9839248435831,164.438641357422,89.4332400730678,39.0049366950989,84.0412227848033,153.673278808594,0,181.718265533447,127.528285217285,0,0,195.63737487793,200.496292114258,194.057852608817,125.621018981934,191.682464599609,0,0,0,203.420562744141,0,0,203.549011230469,0,229.396545410156,180.823013305664,129.501861572266,90.1646118164062,190.179769342596,154.684260686239,0,214.287968953451,181.077696663993,161.352289472307,185.833240709807,170.694356282552,0,0,191.776611328125,0
130.912315368652,8.23401193934734,48.6068965539165,13.322349160957,120.168781280518,0,182.557555254768,128.447172748799,151.574723520587,78.6992268304898,146.765340870824,68.8716353717235,127.418203565809,52.0276194194268,153.099262661404,117.799317060198,66.4221975896266,61.2093762275227,73.4941616501919,65.1714220365394,136.568730672201,90.946114894322,25.3465525076338,67.3274227693119,89.11940493791,27.0586001977475,49.5101592650664,37.2194925130239,125.715220507453,135.914428930488,118.571875352126,73.7634700314029,0,126.476860523224,66.6387923903479,0,0,106.755143599077,80.0320030559193,0,0,0,152.937362670898,191.138885498047,112.540145874023,188.765075683594,116.557009379069,0,105.566158294678,0,0,132.824264526367,121.125032424927,138.626434326172,132.757868448893,0,108.39966583252,0,135.225588117327,170.347579956055,94.2672373453776,116.027500697545,117.060474819607,216.392837524414,215.238800048828,0,143.513298034668,0,0,129.770492553711
124.401596286286,48.6068965539165,16.1743051419642,47.45327784688,139.389828225841,200.759468078613,150.806752743928,114.446606132535,141.646485086365,135.631730356524,133.084290859204,92.0263242147055,159.117038302951,94.3077037368996,143.772248949323,147.991125488281,94.7290497552781,47.3116786189413,88.6134059143066,73.4065504458024,177.082100608132,78.081411214114,57.884422537802,40.7938971640772,115.87520484822,84.8165330069406,30.649007691728,42.2575943660817,99.4870105891014,139.661955162701,108.469988298666,97.8923508727435,189.63730430603,117.899467773437,77.2488386272329,153.838973999023,103.844192504883,98.6303030231042,69.5767450928688,208.543584187826,0,228.075988769531,167.016384548611,182.51195526123,181.201861572266,181.19468053182,172.548614501953,0,136.144775390625,175.520530700684,0,120.148237961989,123.373202372405,175.172431945801,149.029140178974,203.149322509766,137.566139221191,124.670435428619,117.40045521008,158.589029165415,108.489669799805,113.892160400864,102.721878846036,168.64886716517,203.630651473999,166.449802398682,164.567626953125,0,0,126.280947004046
105.386566162109,13.322349160957,47.45327784688,11.9037402494587,76.3354449064835,148.607120513916,104.51611599977,91.1409096234087,107.301978743704,48.1299495924725,107.869889849183,62.3519497740783,82.9725346883138,45.2738132476807,121.213084956992,92.8626037265943,40.7057082251328,63.3067589643397,66.7024118570181,64.0300360426735,106.709049987793,75.1493706173367,28.4916073850683,58.1653566537229,56.0441285095424,26.5270281637883,49.4064479744526,42.7163081910454,76.6358564359332,112.035004939803,99.5004860574355,65.8213000706264,123.505615234375,94.6288262071281,70.1564010063807,115.455218228427,63.1832618713379,62.5024700164795,15.7676589992684,88.1774546305339,0,92.8911421639579,95.5473251342773,119.879851807939,13.9482488201973,111.374748535156,83.575758153742,100.878478050232,91.5996610005697,121.135549192075,134.775421142578,60.0266466825202,100.755322964986,126.744850158691,91.3604950375027,78.9711380004883,96.1265270091869,19.2813095501491,72.6558502637423,64.0078255814504,47.9992834726969,81.1901374288125,73.4617124816682,87.1808236992877,110.16736763402,99.8097492853801,120.138000488281,0,90.3530578613281,102.057206072126
95.5873748779297,120.168781280518,139.389828225841,76.3354449064835,12.9130773337625,158.249450683594,80.5812180952592,56.8852528721453,99.2144446134567,52.386231419175,26.6906796482905,179.660972595215,34.1189113280894,176.897872924805,111.222917477656,69.1991004382863,92.5322697957357,190.556056976318,242.677963256836,168.584129333496,15.6772080378223,142.360461425781,82.4215766213157,155.198969523112,28.1885337286539,176.423141479492,167.758178710938,151.766101964315,19.7267535736527,106.393678665161,108.203785366482,0,151.183319091797,99.1547314036976,108.358517145706,117.028442382812,0,176.537727355957,81.1251417795817,28.2183117212964,0,145.509821028936,140.932392756144,155.325070051713,92.6550646561843,107.308956313919,0,43.081800809613,0,159.762060082477,113.190872192383,0,0,0,0,14.3414726107209,0,95.7312355041504,226.359375,114.685856901925,0,230.426162719727,217.623874664307,122.154760179385,134.107190218839,204.398468017578,0,0,0,164.759663173131
92.7702451433454,0,200.759468078613,148.607120513916,158.249450683594,7.58323567278822,9.59452403278066,127.800048828125,36.7554857972915,82.1949640356976,128.105754292806,63.8651362609863,113.440376536051,84.3573282415217,43.269537056817,15.6069006047255,0,217.665084838867,97.543340410505,103.116856384277,119.187715530396,0,142.195285797119,154.722085952759,128.880160759235,76.424191792806,119.537743159703,121.604893366496,141.39636811756,24.4544497473601,113.383397420247,103.910446166992,9.52072607323317,69.8930206298828,31.2476397570442,0,0,0,0,232.804626464844,0,236.529293060303,226.520401000977,0,0,0,0,0,0,244.726379394531,0,0,0,0,0,0,0,0,0,205.957651774089,0,0,0,239.119064331055,239.787261962891,0,0,0,0,0
93.0991209781531,182.557555254768,150.806752743928,104.51611599977,80.5812180952592,9.59452403278066,11.2910624503056,66.2444626904237,25.6057099141647,85.363283070953,37.3185630643343,80.4354594285321,23.2127090874179,107.717518997192,34.6349384171763,15.291040243968,140.386215209961,180.225678370549,112.924937438965,155.312543567858,51.0609262052007,148.085830688477,126.000416417276,153.196600529186,85.1898398684505,151.964541965061,168.941247455144,163.67828000825,84.495700062617,26.3627017634849,125.124206806051,133.519894917806,21.2074438565472,89.3838928107059,55.2720456836909,182.811731974284,0,215.909915924072,131.896920637651,175.11011836108,0,183.440723057211,167.761073152784,193.409397022144,121.913373708725,178.641795295981,0,162.759551539566,0,204.851566637977,141.077062606812,0,0,0,164.243423461914,174.636213414809,208.178436279297,163.790463765462,212.859532674154,151.827544482786,194.04866027832,220.692377726237,212.249211629232,174.014435813541,201.635734285627,196.538912963867,0,245.161849975586,197.684494018555,187.476061139788
28.0448198522578,128.447172748799,114.446606132535,91.1409096234087,56.8852528721453,127.800048828125,66.2444626904237,12.6792772715079,61.1716626329477,67.3106260012274,27.4929319980343,167.680926350714,74.2813711929321,177.429097668878,50.4404605934174,84.8119559438605,105.736305385441,122.112946357727,169.579674664666,145.076327219497,62.1910741112449,84.1711387349375,97.4193413298009,96.796355666417,59.5631879762162,160.903639051649,136.271523770419,130.071929122883,35.6947403833006,68.6052823633989,28.8719659937732,183.722913614909,137.887451171875,85.9100660508679,104.295605756799,173.02367401123,190.213684082031,181.341985768285,115.495839287253,153.779887655507,0,160.314504586014,150.005779467131,172.672462200296,100.349202315013,159.74214218602,0,159.365260654026,0,179.83788394928,150.550270080566,174.890177408854,212.346714782715,245.266098022461,0,145.886266072591,189.776593017578,139.501894378662,181.126588609484,131.075629933675,0,205.768198649089,175.791497507403,154.579203706629,182.875390052795,166.87147064209,0,225.260391235352,154.190953572591,179.588043823242
56.8226490048,151.574723520587,141.646485086365,107.301978743704,99.2144446134567,36.7554857972915,25.6057099141647,61.1716626329477,11.9345205524464,99.4424664658162,37.2151590800591,95.2180805481397,82.1492038492384,126.046523989164,20.705959860991,36.7004691683074,157.265374501546,144.495235452007,132.905441066197,156.037047150314,91.4757626589895,121.424794540793,127.198534178502,129.30444519043,97.400336751044,159.569552830287,153.973161878084,158.13745824788,95.2097612385259,33.6309128382131,77.9313090333891,161.678332402156,18.1063050165637,97.315409095199,70.1963634147094,189.989779385653,243.866577148438,202.187056477865,138.898083496094,186.434997362968,0,188.625201338429,175.251696292485,201.85070042104,126.020736889961,189.363205769857,220.55322265625,173.663747151693,170.932688903809,204.145357259115,173.928848266602,195.243011474609,229.50146484375,0,221.503051757812,181.679962158203,199.323024749756,146.521459479081,205.742644570091,159.608393621065,152.194547017415,230.862218221029,207.263549296061,178.417250681732,203.3217240673,193.26942552839,0,0,184.063168334961,199.660247166952
88.227896799568,78.6992268304898,135.631730356524,48.1299495924725,52.386231419175,82.1949640356976,85.363283070953,67.3106260012274,99.4424664658162,10.0883311068961,79.7847980859041,143.706019434436,23.8717512582621,129.415180515599,109.711651826516,24.0413011647417,72.9236032586349,131.641591638551,157.508012390137,146.139996807392,59.4775078987163,103.461504618327,26.566485053096,132.842735558225,23.4615958130843,113.541429980048,131.546399302866,123.862275052233,60.8981007382983,99.0391941011989,76.9986857689752,147.494182314192,135.881791687012,82.5948357943831,109.15282452962,136.34733581543,94.9541778564453,169.125773620605,30.4891503440009,119.761590067546,0,126.01460484096,122.877692328559,153.43488554521,33.8029104485569,117.019860458374,201.118011474609,74.8755574544271,174.47745513916,133.692238330841,66.2691179911296,0,206.267288208008,0,207.516128540039,141.850135803223,0,82.5976367950439,152.460192362467,75.4427994319371,158.416839599609,194.901817321777,159.985119628906,100.309139046618,120.134559631348,116.612834583629,0,0,88.5276565551758,114.374195098877
43.9773934760823,146.765340870824,133.084290859204,107.869889849183,26.6906796482905,128.105754292806,37.3185630643343,27.4929319980343,37.2151590800591,79.7847980859041,16.6921353381576,174.249012858073,30.5779007713245,189.984136793349,59.5725420699109,78.0969682122669,122.802468193902,145.206869645552,187.917193821498,171.272813568115,21.085327577622,117.179639922248,113.352434623532,121.071664258053,70.416339973097,185.434507890181,152.543182354968,146.853712042081,42.3848916208467,107.237982483974,74.8181844153423,198.767911638532,135.539175888588,101.183352703518,115.090579348663,182.310985020229,0,198.0357032189,106.949699401855,165.25795779595,238.195271809896,176.548172225666,163.817102349323,189.068214416504,110.619740498861,173.603991543052,0,151.374155654121,0,197.586107278172,136.49649483817,246.210800170898,216.062194824219,0,0,161.323747306034,197.764274597168,135.036817550659,200.154594784691,136.712875504927,225.635162353516,203.424555460612,196.978601455688,168.374777903322,201.251449754503,190.840576171875,0,0,206.866556803385,196.497564315796
137.9730124638,68.8716353717235,92.0263242147055,62.3519497740783,179.660972595215,63.8651362609863,80.4354594285321,167.680926350714,95.2180805481397,143.706019434436,174.249012858073,13.4188932782181,158.444274902344,27.8117599566875,89.3320175630355,150.765116691589,136.478224436442,62.5198447979502,24.1427803258591,32.4731861838052,166.804021199544,106.468687795375,107.934096387152,97.1873746102926,161.11652225559,32.2259695094997,36.6315856781015,68.8332135214183,167.768394172966,73.1500449449496,128.44204913768,47.8394151913285,64.3719248060363,117.487988176017,32.3294028780468,203.442771911621,110.303510030111,166.860677719116,97.0902686648899,0,0,209.736480712891,229.173477172852,0,152.257390340169,0,90.6446185532012,0,81.0589567499423,207.451709747314,0,181.791259765625,152.703563690186,112.938945134481,119.086322784424,0,183.216354370117,148.328590393066,199.579879760742,217.227374267578,62.1418498656329,111.242654156041,109.018132436652,212.348403930664,161.791707356771,0,102.416062361357,131.785015106201,0,136.777999074836
103.426867167155,127.418203565809,159.117038302951,82.9725346883138,34.1189113280894,113.440376536051,23.2127090874179,74.2813711929321,82.1492038492384,23.8717512582621,30.5779007713245,158.444274902344,11.7703735504686,184.646923065186,104.349429940665,17.2508326948436,160.579299926758,193.812451680501,0,168.185737609863,15.2875715922304,0,96.107352302188,213.759979248047,23.7726143722422,149.44580078125,162.39719136556,177.108318010966,50.2146619257058,112.224927744471,182.060768127441,0,116.105734605056,123.388775634766,116.408812354593,0,205.464813232422,0,76.1060803731283,79.0377071792004,219.590438842773,165.954990386963,163.09164755685,186.666503143311,98.4035949707031,119.741035409876,0,15.9758566699734,0,199.687189737956,80.7829132080078,0,234.903869628906,0,0,12.3811213149399,0,185.265129089355,204.417678833008,110.905662143041,0,224.77180480957,237.692337036133,148.934621725509,211.270182291667,0,0,0,0,0
163.388464355469,52.0276194194268,94.3077037368996,45.2738132476807,176.897872924805,84.3573282415217,107.717518997192,177.429097668878,126.046523989164,129.415180515599,189.984136793349,27.8117599566875,184.646923065186,8.55096871570556,113.214641885196,164.7939453125,135.305105845133,94.8297965640113,56.0418658623329,73.2458044846287,0,138.017416954041,94.390193420986,115.51886177063,142.943146038772,16.0252681355672,51.2196063883319,39.6031368648305,174.04261050017,101.693817226703,153.766405923026,21.549075094593,83.3937011387037,149.103917694092,57.8195394172264,0,94.6037440299988,0,67.9442800634048,0,112.430587768555,0,0,110.508773803711,144.255798339844,0,76.687754928796,188.448760986328,69.8751893424576,106.555191040039,0,0,159.820077896118,102.104692805897,132.394361495972,0,0,106.229076385498,0,184.48817952474,55.4706509803323,105.881404876709,96.6084321031293,227.076278686523,150.874629974365,0,93.3337783813477,147.935775756836,0,101.018901021857
21.3095431657569,153.099262661404,143.772248949323,121.213084956992,111.222917477656,43.269537056817,34.6349384171763,50.4404605934174,20.705959860991,109.711651826516,59.5725420699109,89.3320175630355,104.349429940665,113.214641885196,13.2581162612629,108.055347298676,140.649184391416,135.656640344085,115.193707105849,145.69530694782,111.898736792875,115.841871617003,122.357212222642,126.87636831457,110.148354057845,126.742669514247,148.276551122789,158.805319968589,105.617941813122,26.1661386221283,63.2285189250962,135.003422441154,17.5038055242006,40.5738149908091,65.8495511410154,194.931078459087,178.648681640625,199.040570831299,138.086070010537,199.020645141602,0,200.798163749076,190.460035536024,213.581781175401,138.651199817657,205.103238105774,156.133244832357,208.391165839301,181.508934020996,212.070342307867,237.546981811523,179.508692423503,225.662212371826,0,235.55500793457,192.320053100586,197.691218784877,142.715937965795,207.657343864441,170.254951314723,184.09156036377,191.72532043457,203.541540258071,182.461293467769,207.432545205821,188.895106633504,0,0,190.486899239676,194.878860473633
137.279185703823,117.799317060198,147.991125488281,92.8626037265943,69.1991004382863,15.6069006047255,15.291040243968,84.8119559438605,36.7004691683074,24.0413011647417,78.0969682122669,150.765116691589,17.2508326948436,164.7939453125,108.055347298676,8.83275526044953,0,159.295235697428,173.656372070312,172.390984853109,52.5079664761507,169.133898925781,74.0173451157867,140.605452401297,43.019415154568,151.531138828823,160.812415081522,154.331197796446,83.3768946412322,84.6020889487318,105.878751277924,170.63410949707,39.204509982815,112.497343444824,54.8959257566012,0,0,0,152.597839355469,125.683368682861,0,115.773236592611,158.313232421875,191.304679870605,118.687728881836,172.067333221436,0,143.591371536255,0,0,93.889045715332,0,0,0,0,0,0,0,0,118.993563842773,0,0,190.987594604492,143.110236167908,239.529296875,0,0,0,0,190.189300537109
121.398105367025,66.4221975896266,94.7290497552781,40.7057082251328,92.5322697957357,0,140.386215209961,105.736305385441,157.265374501546,72.9236032586349,122.802468193902,136.478224436442,160.579299926758,135.305105845133,140.649184391416,0,13.7362326867005,112.626644015312,164.271987915039,127.736457547274,0,25.3441908658471,31.0381423625267,25.0766114886004,34.5880879797216,116.190006602894,112.607141514828,34.4195569996699,38.4341935001824,120.387528246099,84.2743417951796,134.70482635498,144.81266784668,90.1954236030579,84.8222605542439,0,0,125.876528930664,54.424233226033,0,0,157.165870666504,158.110521952311,212.756828308105,78.6106567382812,196.505317687988,0,0,0,170.206288655599,0,104.483970201084,155.000517038199,0,0,0,127.626027061826,61.5447774560828,112.889703297379,146.923633757092,0,159.782552719116,116.642075637291,129.49122245639,151.725661141532,145.378472761674,0,232.701126098633,147.071116638184,133.227753448486
110.472468578032,61.2093762275227,47.3116786189413,63.3067589643397,190.556056976318,217.665084838867,180.225678370549,122.112946357727,144.495235452007,131.641591638551,145.206869645552,62.5198447979502,193.812451680501,94.8297965640113,135.656640344085,159.295235697428,112.626644015312,10.6747266885019,64.0229011618573,20.9584021699645,199.949670410156,61.2122167562827,84.8478148626324,29.6632001328658,136.705333753971,80.1527906347204,43.631565578702,75.5682072803382,127.484304471059,111.806847929144,87.2469788981419,93.7777743153758,156.44248453776,103.531854695287,39.4587634694257,193.999964396159,117.365145365397,119.886780524976,75.8382555643717,211.830551147461,0,227.629745483398,205.817043304443,212.413454328265,219.59481048584,203.771138509115,162.52087020874,0,133.304931640625,204.76123046875,0,156.480096435547,132.72952406747,158.324806213379,139.179089137486,0,160.366265869141,152.773655361599,145.344397904037,203.328414916992,127.862686157227,122.027764996912,123.674527191919,199.931673177083,210.383499145508,175.664695739746,149.620427449544,0,0,144.303254347581
150.52153968811,73.4941616501919,88.6134059143066,66.7024118570181,242.677963256836,97.543340410505,112.924937438965,169.579674664666,132.905441066197,157.508012390137,187.917193821498,24.1427803258591,0,56.0418658623329,115.193707105849,173.656372070312,164.271987915039,64.0229011618573,8.32926643132699,17.9060860341372,0,107.736043930054,111.550825699516,101.683576006408,165.595670427595,49.6328688117222,26.618167167892,66.5077038720503,185.421979464017,103.161334885491,126.387690771194,58.6812023188733,92.761476956881,112.665691375732,59.3857289824783,0,133.760248819987,159.222579956055,92.8043544475849,0,0,0,0,0,0,0,109.875422493356,0,95.501683983436,189.14720916748,0,0,159.884668986003,111.987682454726,115.12589198985,0,0,154.542533874512,193.954330444336,204.157760620117,79.3372394855206,109.364730665419,111.564205275642,0,165.442886352539,0,112.265167377613,0,0,127.475926850971
126.62334979022,65.1714220365394,73.4065504458024,64.0300360426735,168.584129333496,103.116856384277,155.312543567858,145.076327219497,156.037047150314,146.139996807392,171.272813568115,32.4731861838052,168.185737609863,73.2458044846287,145.69530694782,172.390984853109,127.736457547274,20.9584021699645,17.9060860341372,11.9770041898526,191.324264526367,90.3413402480861,100.658833534487,67.9311062673088,152.452594121297,56.6462549524515,36.6537907134103,73.3348418764014,149.50721282959,120.631354824727,111.48271457274,67.9710136541204,110.677583867853,107.178757476807,48.1368175720134,0,138.398970603943,128.411259086765,81.6645851135254,0,0,211.267364501953,214.469202677409,212.322731018066,0,188.199546813965,125.606668325571,0,122.605000474718,218.920021057129,0,0,137.593283127765,118.591048199198,120.054814078591,0,175.88271077474,157.203030395508,165.952498062797,227.375106811523,92.9309836796352,115.724542738516,116.682471409478,208.935038975307,182.92712184361,181.546591186523,126.79563591697,191.055053710938,0,135.30718051686
105.085613250732,136.568730672201,177.082100608132,106.709049987793,15.6772080378223,119.187715530396,51.0609262052007,62.1910741112449,91.4757626589895,59.4775078987163,21.085327577622,166.804021199544,15.2875715922304,0,111.898736792875,52.5079664761507,0,199.949670410156,0,191.324264526367,11.8706579718645,182.404624938965,118.299873352051,170.485080718994,21.5864168997568,203.715606689453,215.775749206543,192.567245483398,31.8809586286767,115.318984625474,120.560211181641,0,139.602416992188,93.1720237731934,113.715996944543,174.493270874023,0,0,86.3780517578125,76.5679455443517,0,172.327770433928,156.678868611654,180.804703485398,100.066811271336,166.465706203295,0,28.1684427091054,0,196.352776421441,117.802225494385,0,0,0,0,16.736017982165,0,136.65544128418,0,120.809420504469,0,232.52897644043,217.558715820312,150.322552490234,194.698842366536,187.97770690918,0,0,195.139358520508,198.356015014648
92.2672646970165,90.946114894322,78.081411214114,75.1493706173367,142.360461425781,0,148.085830688477,84.1711387349375,121.424794540793,103.461504618327,117.179639922248,106.468687795375,0,138.017416954041,115.841871617003,169.133898925781,25.3441908658471,61.2122167562827,107.736043930054,90.3413402480861,182.404624938965,13.6531412363195,69.1965766623,35.9030323303799,55.0091778727866,127.924076080322,102.99188808788,85.4822626847487,43.1587090348924,77.4830177162072,30.2346267539136,148.388384305514,163.381484985352,56.9072901451785,45.1688157905203,152.817947387695,163.251289367676,148.81934634122,90.7820805443658,0,0,0,172.366878255208,181.483291625977,79.6038866043091,167.590942382812,243.407150268555,0,0,175.36153717041,0,121.659262695313,180.748892466227,158.513656616211,190.209907531738,0,130.327632904053,72.3430767690899,136.643051534204,145.174909973145,0,182.723042297363,136.964610932365,137.061964317604,152.049391129438,145.005591430664,0,0,138.00348009382,140.280507601224
104.866034173346,25.3465525076338,57.884422537802,28.4916073850683,82.4215766213157,142.195285797119,126.000416417276,97.4193413298009,127.198534178502,26.566485053096,113.352434623532,107.934096387152,96.107352302188,94.390193420986,122.357212222642,74.0173451157867,31.0381423625267,84.8478148626324,111.550825699516,100.658833534487,118.299873352051,69.1965766623,8.80495221944565,58.8734712778989,37.1869144773009,73.4174004279578,95.2662157831965,40.7263868405574,65.0216783098201,110.109909797109,79.635407595901,108.89506649971,153.531253814697,84.6304541367751,76.8467786142172,149.664024353027,74.0547370910645,89.132977610049,11.8093883897744,0,0,196.304534912109,125.400258917558,140.894017028809,12.506481590434,142.732165018717,176.949638366699,0,138.503562927246,138.097124099731,0,58.4495557546616,128.167592366536,160.57884979248,172.704971313477,0,82.8510432972627,11.4633570615796,74.2220994796753,95.884109556675,106.827857971191,147.160189208984,79.0521006213569,97.1715489049112,110.569591911472,101.757806848597,180.289093017578,237.957366943359,84.6751238505046,108.101135635376
105.309365514363,67.3274227693119,40.7938971640772,58.1653566537229,155.198969523112,154.722085952759,153.196600529186,96.796355666417,129.30444519043,132.842735558225,121.071664258053,97.1873746102926,213.759979248047,115.51886177063,126.87636831457,140.605452401297,25.0766114886004,29.6632001328658,101.683576006408,67.9311062673088,170.485080718994,35.9030323303799,58.8734712778989,18.7666479912315,86.3835368565003,120.129559326172,68.4524019608997,49.4698883939093,60.2205328111567,91.0970031390665,64.173823345254,119.58254537777,148.134200202094,90.6504433949788,46.7699731153069,182.605969746908,144.21390914917,118.557616833673,72.8266257414054,205.717168172201,0,207.339084972035,177.091206194407,197.867217254639,173.931074523926,190.781096564399,0,0,147.061828613281,190.823368835449,0,110.238677961711,149.141311495912,179.647022247314,166.981903076172,0,140.008406554761,74.7920977769992,121.167312961735,162.044787176724,0,147.03130742555,114.334323480779,160.072326404136,193.626464150169,163.756553454277,0,239.156829833984,169.498756408691,145.37033916655
98.0146920453463,89.11940493791,115.87520484822,56.0441285095424,28.1885337286539,128.880160759235,85.1898398684505,59.5631879762162,97.400336751044,23.4615958130843,70.416339973097,161.11652225559,23.7726143722422,142.943146038772,110.148354057845,43.019415154568,34.5880879797216,136.705333753971,165.595670427595,152.452594121297,21.5864168997568,55.0091778727866,37.1869144773009,86.3835368565003,14.6860418629178,120.178488537548,138.17067542294,97.8718289187697,27.2258627013012,99.2822171961869,86.711848966872,163.801072554155,149.161138197955,82.8516432623119,105.789632916451,144.565031807378,177.32590230306,157.432837947722,77.6423623959223,125.478658888075,0,143.364017461961,129.59417108546,156.177743003152,71.1942802278122,139.648754104044,0,104.928383486612,0,162.599107598056,82.5757686908428,137.925175114682,190.271287918091,191.378036499023,214.947330474854,132.598672485352,146.684839349044,81.8548768615723,158.644452275457,109.491118565202,0,193.229735374451,160.963679649716,127.23823921939,155.010914324501,138.806795843716,0,202.238772922092,139.444518641422,146.952472148222
139.772537231445,27.0586001977475,84.8165330069406,26.5270281637883,176.423141479492,76.424191792806,151.964541965061,160.903639051649,159.569552830287,113.541429980048,185.434507890181,32.2259695094997,149.44580078125,16.0252681355672,126.742669514247,151.531138828823,116.190006602894,80.1527906347204,49.6328688117222,56.6462549524515,203.715606689453,127.924076080322,73.4174004279578,120.129559326172,120.178488537548,8.87095218407115,42.9343774387075,32.5147575204034,157.291677328256,103.523822614882,149.224696159363,38.1960123785433,105.254353841146,162.545166015625,60.908963096587,0,68.1768608093262,0,65.6255597410531,0,0,0,149.666152954102,0,0,0,67.7360843189976,0,59.2051609574209,0,0,0,104.046010335286,89.6735281808036,86.3759059906006,0,0,121.193338012695,151.954025268555,176.540168762207,37.2244264165735,84.6579182087874,82.3748560219168,172.806999206543,103.631759643555,156.241638183594,77.8244677524941,0,0,91.8922684987386
133.207528504458,49.5101592650664,30.649007691728,49.4064479744526,167.758178710938,119.537743159703,168.941247455144,136.271523770419,153.973161878084,131.546399302866,152.543182354968,36.6315856781015,162.39719136556,51.2196063883319,148.276551122789,160.812415081522,112.607141514828,43.631565578702,26.618167167892,36.6537907134103,215.775749206543,102.99188808788,95.2662157831965,68.4524019608997,138.17067542294,42.9343774387075,16.9036184212418,43.1988333137884,130.201645008887,131.364823410895,121.705651515312,33.4690141603496,116.020660400391,121.479251098633,62.6477507088572,166.581016540527,112.966161925217,115.269040146919,69.2017272592288,0,0,130.109817504883,184.094263712565,210.731170654297,177.346803665161,226.436538696289,104.736491797751,0,100.869230091329,194.825336710612,231.386642456055,169.295974731445,120.867000984935,111.131671323121,112.701955569189,0,183.02927992079,147.949182891846,147.427971950797,206.874367850167,77.3537110817142,104.943037691429,106.262724610202,202.199482310902,171.990794881185,159.344059944153,111.363885997254,0,0,119.125845213194
141.103876706933,37.2194925130239,42.2575943660817,42.7163081910454,151.766101964315,121.604893366496,163.67828000825,130.071929122883,158.13745824788,123.862275052233,146.853712042081,68.8332135214183,177.108318010966,39.6031368648305,158.805319968589,154.331197796446,34.4195569996699,75.5682072803382,66.5077038720503,73.3348418764014,192.567245483398,85.4822626847487,40.7263868405574,49.4698883939093,97.8718289187697,32.5147575204034,43.1988333137884,16.9329182743552,95.3051812465493,143.325383244176,123.360968445821,30.8027972772399,137.773632685343,127.375733592523,76.2220871115058,166.795602321625,123.031628144093,106.863124676817,66.6093083826328,194.175379435221,139.862670898438,220.243411593967,172.616909101898,194.462691130462,172.417545318604,196.561896187919,110.188425387555,0,107.240844616523,181.508789316813,222.131088256836,111.900871912638,125.546382426088,115.262103920211,119.543213118746,238.674713134766,145.229338182722,88.2571408501987,119.16539696904,164.86144712078,80.6513775416783,112.126008712478,107.8875766198,171.056287682575,194.794940724092,162.705757141113,119.387179187893,0,206.379776000977,131.028548000621
87.735968131851,125.715220507453,99.4870105891014,76.6358564359332,19.7267535736527,141.39636811756,84.495700062617,35.6947403833006,95.2097612385259,60.8981007382983,42.3848916208467,167.768394172966,50.2146619257058,174.04261050017,105.617941813122,83.3768946412322,38.4341935001824,127.484304471059,185.421979464017,149.50721282959,31.8809586286767,43.1587090348924,65.0216783098201,60.2205328111567,27.2258627013012,157.291677328256,130.201645008887,95.3051812465493,14.0552105202957,95.8006929614168,51.8529007835937,184.357738719267,151.734474908738,75.1084316289774,82.4391115543022,150.756474456787,0,175.633910080482,90.6233375255878,156.571831536671,176.858657836914,161.248917991732,149.956968622622,173.518760769866,87.1766878004691,163.669010718264,0,139.605995733088,0,173.621982550165,129.455615772921,133.794228198482,200.653021561472,203.499176025391,212.067645263672,149.697085212259,142.239168728099,78.8531098895603,158.451125846004,123.182068189375,194.067052205404,196.367399088542,167.162533376409,144.520655130085,162.199587672949,147.466421329274,233.962844848633,211.523239135742,147.6985303243,154.305454799107
21.7801548119046,135.914428930488,139.661955162701,112.035004939803,106.393678665161,24.4544497473601,26.3627017634849,68.6052823633989,33.6309128382131,99.0391941011989,107.237982483974,73.1500449449496,112.224927744471,101.693817226703,26.1661386221283,84.6020889487318,120.387528246099,111.806847929144,103.161334885491,120.631354824727,115.318984625474,77.4830177162072,110.109909797109,91.0970031390665,99.2822171961869,103.523822614882,131.364823410895,143.325383244176,95.8006929614168,13.2132810575338,31.1136298955598,118.937789356007,13.866603167598,17.2440627190619,45.4386402324687,184.234788747934,0,188.282966876852,121.730657515987,208.573839040903,0,199.806789182267,181.44832611084,206.887984080981,118.181969698738,196.002858173416,167.281188964844,189.789491271973,166.498918533325,203.105553817749,196.417236328125,163.287908935547,205.67378616333,163.963272094727,199.243877410889,186.487854003906,172.292507518422,120.597812529533,191.245133033166,159.853850685506,106.508589744568,162.304111827504,180.99100279808,176.125063208235,193.305932926226,179.702874631298,168.260093688965,236.74169921875,182.035025278727,185.919398162325
29.9839248435831,118.571875352126,108.469988298666,99.5004860574355,108.203785366482,113.383397420247,125.124206806051,28.8719659937732,77.9313090333891,76.9986857689752,74.8181844153423,128.44204913768,182.060768127441,153.766405923026,63.2285189250962,105.878751277924,84.2743417951796,87.2469788981419,126.387690771194,111.48271457274,120.560211181641,30.2346267539136,79.635407595901,64.173823345254,86.711848966872,149.224696159363,121.705651515312,123.360968445821,51.8529007835937,31.1136298955598,13.7076105678518,158.450039386749,117.996109008789,35.5383577046775,43.6588528725621,160.100406646729,0,167.087751464844,133.268291820179,171.848373413086,0,206.92817179362,171.947186921772,188.243606567383,92.5915551534513,219.192047119141,187.85440826416,230.452545166016,203.715614318848,176.403442382812,0,132.632978439331,186.460069444444,0,215.008733113607,204.025268554688,143.178688049316,83.654463334517,164.842105441623,146.846359638253,0,173.860910415649,156.873126373291,148.091074121409,166.106094829853,147.11908271096,0,225.094009399414,152.953893661499,165.668623685837
164.438641357422,73.7634700314029,97.8923508727435,65.8213000706264,0,103.910446166992,133.519894917806,183.722913614909,161.678332402156,147.494182314192,198.767911638532,47.8394151913285,0,21.549075094593,135.003422441154,170.63410949707,134.70482635498,93.7777743153758,58.6812023188733,67.9710136541204,0,148.388384305514,108.89506649971,119.58254537777,163.801072554155,38.1960123785433,33.4690141603496,30.8027972772399,184.357738719267,118.937789356007,158.450039386749,7.32592075141726,137.504559834798,145.807367960612,76.120179562629,0,136.197841644287,0,92.7366490364075,0,0,0,0,0,216.481353759766,0,108.050469372724,0,96.3324311678527,0,0,0,152.937829589844,114.812795833666,121.251424222379,0,0,179.366271972656,210.046966552734,0,77.0608643540391,116.168335908035,109.998550926287,0,0,0,114.783118230646,145.873794555664,0,126.960354731633
89.4332400730678,0,189.63730430603,123.505615234375,151.183319091797,9.52072607323317,21.2074438565472,137.887451171875,18.1063050165637,135.881791687012,135.539175888588,64.3719248060363,116.105734605056,83.3937011387037,17.5038055242006,39.204509982815,144.81266784668,156.44248453776,92.761476956881,110.677583867853,139.602416992188,163.381484985352,153.531253814697,148.134200202094,149.161138197955,105.254353841146,116.020660400391,137.773632685343,151.734474908738,13.866603167598,117.996109008789,137.504559834798,5.80015493035573,86.0917987823486,36.8264207260385,0,0,0,0,0,0,236.89013671875,212.189468383789,0,160.078277587891,0,0,0,0,0,0,0,0,0,0,0,0,0,0,202.919931030273,0,0,165.350723266602,235.828498840332,0,0,0,0,0,0
39.0049366950989,126.476860523224,117.899467773437,94.6288262071281,99.1547314036976,69.8930206298828,89.3838928107059,85.9100660508679,97.315409095199,82.5948357943831,101.183352703518,117.487988176017,123.388775634766,149.103917694092,40.5738149908091,112.497343444824,90.1954236030579,103.531854695287,112.665691375732,107.178757476807,93.1720237731934,56.9072901451785,84.6304541367751,90.6504433949788,82.8516432623119,162.545166015625,121.479251098633,127.375733592523,75.1084316289774,17.2440627190619,35.5383577046775,145.807367960612,86.0917987823486,7.66462687149644,29.0860574094023,160.234133402507,0,162.253774007161,146.985251108805,185.233510335286,0,172.195332845052,164.31157430013,190.987895965576,92.3920135498047,169.304496765137,0,139.920120239258,0,185.938963317871,0,153.301078796387,191.250839233398,0,0,171.488327026367,138.778774261475,96.008597056071,231.006225585938,144.107778995595,0,215.362609863281,159.149307250977,151.83098326789,177.442285952361,156.929087320964,0,0,160.398048400879,168.551879882812
84.0412227848033,66.6387923903479,77.2488386272329,70.1564010063807,108.358517145706,31.2476397570442,55.2720456836909,104.295605756799,70.1963634147094,109.15282452962,115.090579348663,32.3294028780468,116.408812354593,57.8195394172264,65.8495511410154,54.8959257566012,84.8222605542439,39.4587634694257,59.3857289824783,48.1368175720134,113.715996944543,45.1688157905203,76.8467786142172,46.7699731153069,105.789632916451,60.908963096587,62.6477507088572,76.2220871115058,82.4391115543022,45.4386402324687,43.6588528725621,76.120179562629,36.8264207260385,29.0860574094023,10.9854847860952,173.337997436523,117.108088684082,126.794173758371,87.7397791544596,197.50417175293,0,211.028935023717,181.169944218227,201.933729553223,108.146874371697,202.877260335286,130.055572146461,172.422747802734,121.160483656258,201.120916578505,0,125.875139465332,139.647049880609,117.552594866071,125.314718882243,208.87190246582,150.255779959939,92.856743812561,134.251861630064,157.707286236333,92.6689009666443,129.950044957603,123.540204025629,170.591700283986,189.890101921268,174.64928476434,130.500001271566,0,177.954592023577,159.361408811627
153.673278808594,0,153.838973999023,115.455218228427,117.028442382812,0,182.811731974284,173.02367401123,189.989779385653,136.34733581543,182.310985020229,203.442771911621,0,0,194.931078459087,0,0,193.999964396159,0,0,174.493270874023,152.817947387695,149.664024353027,182.605969746908,144.565031807378,0,166.581016540527,166.795602321625,150.756474456787,184.234788747934,160.100406646729,0,0,160.234133402507,173.337997436523,9.86761685455032,118.928907914595,125.136603728585,107.520624106271,96.2725347900391,121.486724853516,104.725743865967,34.6177075874953,57.0270870478466,82.2874364976759,73.4361844907204,124.80013885498,103.072949000767,174.258525848389,19.5195484136054,114.153705596924,105.848151524862,105.840586909541,128.877792358398,121.294117590394,73.5633980887277,81.0605198852998,88.6396597453526,99.0522338583114,89.1590923766295,125.677806854248,125.987181750211,130.566888894245,90.8456731239955,22.3493330835009,42.8302355452251,168.98422895159,87.5786828994751,33.7546410222207,72.6589832305908
0,0,103.844192504883,63.1832618713379,0,0,0,190.213684082031,243.866577148438,94.9541778564453,0,110.303510030111,205.464813232422,94.6037440299988,178.648681640625,0,0,117.365145365397,133.760248819987,138.398970603943,0,163.251289367676,74.0547370910645,144.21390914917,177.32590230306,68.1768608093262,112.966161925217,123.031628144093,0,0,0,136.197841644287,0,0,117.108088684082,118.928907914595,7.85933672719112,45.9299589972726,13.7917998503158,139.663361549377,0,152.109141540527,122.485813265941,146.747360229492,70.7730107916331,152.837815856934,72.4560065375434,113.23131052653,55.6886943039621,139.580334854126,117.592125956217,53.3514991941906,60.7001250538234,79.6090654424719,66.136987419914,0,103.866457471661,22.665775859906,72.3068258697283,86.7935637191871,18.383242954731,54.4475462082075,31.0951426972765,125.238239961512,128.853235906484,113.129922631669,76.3161996321245,206.129028320312,95.9062759399414,68.1553103855678
181.718265533447,106.755143599077,98.6303030231042,62.5024700164795,176.537727355957,0,215.909915924072,181.341985768285,202.187056477865,169.125773620605,198.0357032189,166.860677719116,0,0,199.040570831299,0,125.876528930664,119.886780524976,159.222579956055,128.411259086765,0,148.81934634122,89.132977610049,118.557616833673,157.432837947722,0,115.269040146919,106.863124676817,175.633910080482,188.282966876852,167.087751464844,0,0,162.253774007161,126.794173758371,125.136603728585,45.9299589972726,11.9182037538448,48.7421817943162,138.684396898424,203.14623260498,145.06142379646,107.853442135201,133.24848739656,115.285048752688,121.443421479009,93.0018003947699,157.166161219279,94.2073644002279,128.476830072379,146.480346679688,85.1693865954876,53.1513516081261,94.0049035208566,74.4446900396182,160.645230611165,78.5710735061247,66.2497633188842,38.9172097998691,105.361848671949,73.0793485641479,34.1624260291226,35.2015793116749,99.1018582381755,138.526331676136,116.762179682574,93.0895880063375,176.507343292236,121.649119906955,77.6881500498953
127.528285217285,80.0320030559193,69.5767450928688,15.7676589992684,81.1251417795817,0,131.896920637651,115.495839287253,138.898083496094,30.4891503440009,106.949699401855,97.0902686648899,76.1060803731283,67.9442800634048,138.086070010537,152.597839355469,54.424233226033,75.8382555643717,92.8043544475849,81.6645851135254,86.3780517578125,90.7820805443658,11.8093883897744,72.8266257414054,77.6423623959223,65.6255597410531,69.2017272592288,66.6093083826328,90.6233375255878,121.730657515987,133.268291820179,92.7366490364075,0,146.985251108805,87.7397791544596,107.520624106271,13.7917998503158,48.7421817943162,20.4615323976563,82.421101833212,146.490849812826,106.605709314346,101.711663111201,115.969552378175,31.5109012554123,110.410170266795,69.3251063804316,49.501175838968,60.2054233934587,121.584417085747,69.0241569172252,47.0163555583735,64.0680893700189,70.7111683686574,63.3050061605622,116.996286392212,95.8302703433567,31.6594639525888,67.2301482075393,49.5576868546953,28.4400080878001,56.7953357736043,46.0216952801033,86.7663258511087,107.347540468454,104.28486897083,78.2921656370163,121.732711791992,91.4547058741252,74.4435333194155
