10.8586095095231,134.876108954935,100.988239831888,74.5410920359606,85.4993525913784,77.6583232879639,84.0149613293734,33.215625426448,32.2062914740625,71.4727130854895,79.4676641588053,122.000538882694,101.256416931152,157.212609291077,17.7724674280121,112.777003696987,155.174047990279,107.611195757998,151.199793451483,130.005548886777,98.0602806091309,83.269482184771,88.9108834896447,96.1349580614399,83.0551550593072,0,132.055864453316,136.408863113221,90.8731574553985,21.7066952913446,32.9242765270305,189.428199768066,93.9085733240301,48.1788824428212,77.883140555587,155.220418294271,0,157.074722290039,85.5758870442708,0,0,163.006586710612,143.637135314941,196.356699625651,0,178.846870422363,0,171.544254302979,0,174.817179361979,139.81298828125,149.774597167969,175.988235473633,0,209.983535766602,0,158.940582275391,139.845719337463,173.226091721479,130.626577250163,0,218.815724690755,168.505741119385,140.072069055894,160.206802368164,153.206636701311,0,0,154.352851867676,142.240872701009
134.876108954935,9.06624698968831,46.9620675585204,16.1042352067638,102.355209350586,150.999694824219,172.928375244141,128.883753608255,154.73171661377,88.1884021720345,181.073233032227,75.1188575426738,128.523609924316,56.4572260135378,152.159833761362,129.34608001709,57.9992705006753,54.736776037636,80.6885038573166,60.2397554284929,85.5812683105469,98.9490268707275,27.1350148246251,73.6422184057403,90.6541637316012,29.0649118508849,51.8314632987828,34.1865178812236,114.28118577437,134.009685516357,113.188958122617,74.6109939983913,107.898742675781,111.870094299316,64.0391629132358,0,0,102.779607137044,73.2271697044373,0,0,179.936569213867,190.271011352539,198.960266113281,161.304829915365,242.497360229492,202.77099609375,0,117.120510394757,0,0,85.6972122192383,99.6437362670898,143.756195068359,98.6382627487183,174.839279174805,147.785110473633,88.6878390312195,110.021739959717,167.571413675944,112.689781188965,103.515017485007,101.997679642269,162.077340443929,224.728652954102,0,128.827997207642,0,0,158.866577148438
100.988239831888,46.9620675585204,13.8285955757485,53.1498608708981,117.724007606506,163.535543823242,137.697342983323,96.0602363861885,124.539895585303,128.650979299394,125.311806439633,109.695594803105,169.428805541992,132.175259516789,117.694748862385,150.875528244745,85.1577847946522,43.4125983861681,91.511567704221,71.3066179608542,198.210922241211,63.7921990987633,52.8810729838658,29.3652553376499,124.700409243805,107.091912163628,35.1829278743005,38.0500861399165,80.7985601189696,144.582143555902,81.6630940348407,108.521393966675,186.487268924713,143.507144504123,77.6893632122094,164.565162658691,110.659485287137,90.6915804027456,68.2816300588111,0,0,186.076080322266,159.030680084229,179.503253173828,143.97301940918,216.912643432617,137.246557235718,0,186.02131652832,189.276235351562,0,118.300279265469,114.510771691382,127.760284423828,132.04418997929,0,138.450218726849,74.5403958720546,108.137732947433,149.93792579914,145.061063130697,109.115887383103,94.5690005357098,150.537210284539,200.566683682528,164.038694109235,164.816777547201,152.051956176758,0,113.84759162454
74.5410920359606,16.1042352067638,53.1498608708981,8.41917419038534,61.8731941400572,120.483662923177,84.4145547919077,63.3566105028556,75.3953537629029,49.8348629933889,76.087269594503,72.9667789698326,79.4520410107028,55.043413654827,85.2825417144389,88.0684188842773,41.729662797762,62.8654202309801,84.4400640447089,65.8530373805907,74.9276087443034,58.9142816513777,20.4217438047465,63.6806542748573,39.4557980740664,28.5394376026556,55.8280381805453,43.8318684520384,55.0691033113487,76.8018921443394,55.5154914556059,78.27211561203,125.149025226461,57.4085557357125,69.1130938975456,94.5613021850586,33.4619378135318,70.9316003289021,16.3428586230559,107.354612731934,158.29231262207,101.301459884644,80.3528879605807,105.637217173857,54.9941502032073,109.276913986206,156.816371154785,94.460563659668,82.9906025841123,111.567459344864,96.616250038147,57.1299178760904,93.235654703776,126.925331115723,131.409980773926,123.474260965983,80.3449935913086,8.13117697322741,62.1966206936006,61.5593514995299,57.230879511152,94.2307158576118,62.7369187078168,79.7252569520072,108.950448287161,87.7351203269147,91.830379486084,159.052463531494,80.9624064518855,106.410906704989
85.4993525913784,102.355209350586,117.724007606506,61.8731941400572,7.90325634152973,0,60.5778781433809,51.7746154290658,90.7794421623493,44.3603615692358,20.2862869763593,147.511829376221,26.1933310008255,0,99.9310346330915,67.9655002145206,148.283218383789,147.119651794434,0,201.652053833008,12.3762182775541,80.7938079833984,69.3466720581055,140.637393951416,16.5004628471629,0,144.922430038452,146.975329312411,16.6593340673676,100.076256176657,101.428999582926,0,139.128428141276,83.6384019851685,104.316121321458,130.009387969971,0,0,121.781937917074,22.4082710055092,0,140.374636764526,151.558792994573,137.702695888943,81.5540934192891,77.9662976472274,201.981460571289,44.8815027762872,0,156.994894239638,96.5150426228841,0,0,0,195.436599731445,31.3725335621834,140.786499023438,0,156.830787658691,106.761175537109,172.622085571289,172.802612304688,205.615158081055,75.0597273244137,163.069159074263,0,0,165.242721557617,143.25354309082,166.43814239502
77.6583232879639,150.999694824219,163.535543823242,120.483662923177,0,5.65603591656352,10.1359882759778,134.090071868896,31.6628085654459,123.863039016724,116.516575967112,56.1714776080588,104.639966852525,136.341110229492,40.0198415120443,12.1041936224819,0,172.369476318359,93.4039688110352,229.893157958984,137.531297302246,0,0,157.142303466797,131.914924621582,0,218.245803833008,0,130.460943433974,28.3613992661469,121.726051330566,0,13.0014774475876,173.188629150391,31.7503927465071,0,0,0,0,229.138702392578,0,0,0,227.640838623047,143.727767944336,214.953659057617,0,0,0,0,0,0,0,0,0,0,0,0,0,0,0,0,0,0,0,0,0,0,0,0
84.0149613293734,172.928375244141,137.697342983323,84.4145547919077,60.5778781433809,10.1359882759778,10.8930457344223,65.2488432307086,20.6915471336495,78.3187930017415,33.775635293077,104.005956475224,32.9223279474226,116.726383209229,43.9401513720342,14.8253569841607,131.649097442627,159.742764994303,160.872230529785,178.140283567096,59.2340043214347,127.33111622459,134.27801574707,135.420990979712,81.9633103089647,105.784193856376,171.165728502256,168.315216658545,65.5692789495079,46.0251581274556,102.631193442094,171.783744812012,20.9939760031467,97.464749479947,74.5500040567601,170.325274997287,0,176.575185139974,119.195379638672,154.124064854213,0,163.252188984145,155.622901916504,164.013203809216,111.092241433951,159.313212271149,208.000854492188,121.210041252964,118.269805908203,189.330885080191,163.758185492622,172.277900695801,217.785316467285,233.247512817383,232.954528808594,161.646726644264,0,168.217356681824,186.331757354736,134.082773794339,0,213.72607421875,183.540993652344,149.210044163167,187.777825855073,188.628070831299,0,217.392690022786,165.524445088704,172.658278329032
33.215625426448,128.883753608255,96.0602363861885,63.3566105028556,51.7746154290658,134.090071868896,65.2488432307086,13.040954270664,64.3698321245282,60.4783366817898,17.7833049982432,147.954456813444,68.23619060785,164.487882614136,46.8379144611289,85.4046820519676,107.444644234397,116.404755299886,166.245273486988,152.621225088614,91.2286646582863,72.3083789327688,86.0321130116781,82.4596165145633,56.6966966638158,177.813471476237,138.812551453618,116.165252923965,25.7251054055715,74.2846431447811,19.5695528127521,187.032526652018,134.434807618459,73.5894803891952,91.5982381122069,139.442264556885,153.224594116211,156.927851359049,98.8501544952393,143.233654022217,203.22184753418,143.270436686854,132.651080540248,154.446986239889,119.389375141689,145.725433204288,206.541638183594,147.404312133789,0,168.677359008789,0,150.78920135498,211.589183807373,0,184.508636474609,141.873075697157,154.725751876831,115.482342113148,159.172550363744,117.016239680601,0,209.867431640625,160.739198075964,127.292290442101,158.654985827069,161.124154034783,0,193.049583435059,139.673185076032,149.150175367083
32.2062914740625,154.73171661377,124.539895585303,75.3953537629029,90.7794421623493,31.6628085654459,20.6915471336495,64.3698321245282,11.8491562770391,76.3019130219629,30.6642489926088,96.653567873816,90.9412024433662,125.920340220133,17.2625171805361,33.039253951593,153.578409194946,141.966519018114,148.710297752829,158.736822011519,93.8780046282194,111.085698114315,125.202612304688,118.983961765121,85.8290818463494,133.611229451497,156.116142681439,156.637479673927,83.2632483202576,41.8662214551998,77.1010133184104,160.310052599226,26.6810567894621,91.4085284013015,71.1056624272073,171.861530848912,0,181.883575439453,131.425764338175,154.964612722397,197.046661376953,159.506040479316,151.473955742667,164.355913707188,117.501568113055,157.022174428562,217.13007245745,164.748657662528,0,182.801405508307,161.819348653158,187.52272644043,198.960656738281,226.454833984375,0,159.12947669396,153.597145080566,162.387604183621,194.492294311523,134.869578057947,94.594841003418,210.502326965332,184.983867067279,145.585752991913,180.94601220025,176.209775390625,239.683013916016,211.317510604858,160.63735109217,173.914894662252
71.4727130854895,88.1884021720345,128.650979299394,49.8348629933889,44.3603615692358,123.863039016724,78.3187930017415,60.4783366817898,76.3019130219629,8.30445860301708,75.5606151850878,143.225358052687,17.2532653210593,131.75605961224,83.6122983262894,20.5741624609934,115.770453232985,127.21797373845,158.391884697808,135.818676924505,28.7962665101921,107.475730048286,29.3382705254322,133.634008158808,19.4964556534641,115.188247823358,133.673132079453,127.352356009194,52.9584061649241,80.5122159525961,59.4613173958305,146.345742878161,133.285800227412,65.4154949500913,108.178898739743,160.628189086914,0,128.057270050049,58.8551674418979,95.8104580149931,0,107.607872772217,110.569506558505,114.077639443534,46.990970310412,104.721819842303,196.048533121745,96.4686250686646,180.354200744629,134.71898566352,73.0509821573893,193.770401000977,0,225.739776611328,203.749176025391,105.7053662618,118.351305007935,0,142.665563964844,69.1785050989166,156.659149169922,189.532920250526,176.24178996839,93.4713097859204,113.507438659668,102.002640533447,204.240383911133,0,106.103492736816,113.585708618164
79.4676641588053,181.073233032227,125.311806439633,76.087269594503,20.2862869763593,116.516575967112,33.775635293077,17.7833049982432,30.6642489926088,75.5606151850878,10.9820507192127,144.074902996091,23.6307464467871,165.303443908691,74.8178034536006,78.3738522529602,116.220269775391,173.071994018555,173.164668207583,176.588817087809,14.9405153915923,103.702207438151,113.879792254904,119.872947074272,63.400225248271,155.10334777832,170.783990388758,153.263901620541,27.4544450697293,102.271810364589,102.64485653964,199.982086181641,134.724607909254,94.3224771005136,103.458178257271,140.679087320964,0,176.037353515625,152.147153414213,153.070064752752,191.253005981445,155.716711690735,148.16057817326,162.72873381813,104.07141387157,154.122849240023,232.673239135742,76.5427548184114,210.267379760742,186.463670262751,147.710439682007,177.338236490885,217.049339294434,0,0,148.222228531365,170.12561340332,138.449276515416,179.926401238692,125.82127512069,0,233.763046264648,195.625517746498,143.86969671491,179.168519283863,154.543241327459,0,225.654752731323,155.892381032308,181.541863181374
122.000538882694,75.1188575426738,109.695594803105,72.9667789698326,147.511829376221,56.1714776080588,104.005956475224,147.954456813444,96.653567873816,143.225358052687,144.074902996091,13.0943112582204,142.344405370814,22.14855550531,93.5472083266382,94.3889122009277,133.456334388862,66.7078669981523,22.8863673242427,32.6729484874774,150.354009840224,104.062001905134,110.550061327346,102.571155807057,156.633758117413,34.4254180304858,24.27571804078,68.054378471447,157.968454062533,77.4396334089471,126.79104701678,30.393241193587,66.3826424144563,107.419715203179,30.5898591343727,0,0,158.824468612671,78.6932627901118,0,0,0,207.05978902181,231.160502115885,197.451759338379,235.243408203125,123.027359008789,150.200706481934,85.7827691298265,232.120277404785,0,0,171.501593453544,113.193610668182,134.117352076939,0,212.018142700195,149.386308458116,175.65145438058,195.91138458252,77.5741736094157,117.049461601316,121.928425625638,207.703218078613,237.122528076172,195.488357543945,112.546561531399,0,0,185.965744018555
101.256416931152,128.523609924316,169.428805541992,79.4520410107028,26.1933310008255,104.639966852525,32.9223279474226,68.23619060785,90.9412024433662,17.2532653210593,23.6307464467871,142.344405370814,9.92568743744933,151.907173156738,106.308741251628,14.7138507695773,123.783546447754,187.731300354004,171.206939697266,171.363618850708,13.361296336901,160.686762491862,99.5651912689209,123.685368855794,26.7127243761448,150.69573059082,184.58168888092,168.293012920179,48.1231273202768,113.983811090159,124.746639251709,184.947036743164,128.022266690693,101.101331075033,115.554473423313,173.129699707031,0,0,51.6490859985352,55.7992516890816,0,142.094960442905,139.057003566197,138.986462312586,58.1902968997047,87.9175076697283,149.177398681641,13.9171254674693,161.828094482422,135.360237121582,99.181526184082,0,0,0,0,19.7229537605768,0,0,127.567764282227,90.8845421400937,0,0,184.893661499023,91.4480046001049,129.860920299183,192.824287414551,0,142.644386291504,150.131038665771,115.71703338623
157.212609291077,56.4572260135378,132.175259516789,55.043413654827,0,136.341110229492,116.726383209229,164.487882614136,125.920340220133,131.75605961224,165.303443908691,22.14855550531,151.907173156738,10.7599180414602,110.484657378424,168.302607945033,126.449734687805,127.746162082838,58.1273203476616,87.2057124744762,163.710375976562,148.525550842285,95.0795815766401,145.291560453527,146.505313286415,22.0789914720766,16.6085468128096,41.579715412252,171.791639758695,98.2928850991385,158.018622398376,15.7113693835137,90.3047548491379,0,63.0149383132076,0,106.166116078695,154.34888458252,47.9652979399029,0,0,0,219.282470703125,0,158.835149129232,218.183303833008,92.785517441599,237.089508056641,78.2676301750659,198.75276184082,231.816879272461,0,154.015590667725,106.282372792562,123.451570951022,0,188.582397460938,147.12410736084,0,193.336233139038,65.2250526928511,101.840653378031,104.304369902963,231.442687988281,233.963020324707,208.332824707031,100.266355595119,0,0,159.079210917155
17.7724674280121,152.159833761362,117.694748862385,85.2825417144389,99.9310346330915,40.0198415120443,43.9401513720342,46.8379144611289,17.2625171805361,83.6122983262894,74.8178034536006,93.5472083266382,106.308741251628,110.484657378424,9.46600856267176,52.0364267400333,158.722455342611,129.395837336155,146.973326623967,149.633543884754,105.643384178213,100.58611010532,115.032089727065,110.143608149511,94.480490554998,97.5408791436089,147.76084834984,152.394742697812,95.7908949170794,30.7770667477539,60.9373338535887,161.050951789407,17.5007254001443,63.542794254091,66.0920536479665,154.122436523438,0,186.580126594095,118.871971717248,168.586018153599,0,173.389605204264,155.587538516883,174.046935240428,136.24160639445,168.753023562224,195.001373291016,147.627799442836,0,182.931004333496,220.79460144043,185.819058227539,209.118278503418,0,225.719192504883,161.160676744249,172.410427093506,136.242021120512,187.078474121094,144.53972366753,0,209.142958207564,180.405375430458,154.445388186294,174.016771316528,183.339036421342,0,208.788024902344,144.894384384155,200.430783589681
112.777003696987,129.34608001709,150.875528244745,88.0684188842773,67.9655002145206,12.1041936224819,14.8253569841607,85.4046820519676,33.039253951593,20.5741624609934,78.3738522529602,94.3889122009277,14.7138507695773,168.302607945033,52.0364267400333,7.99747278833526,0,173.705484390259,0,164.650921630859,60.1380951768261,129.160598754883,84.0836563110352,124.376568720891,36.8676541264991,161.700981987847,178.187077045441,161.001359650583,78.712412516276,50.0467847872384,96.6200474330357,186.273483276367,37.022978847974,104.88050031662,81.0906236609634,154.194412231445,0,205.406173706055,0,133.922431945801,0,134.183399200439,145.772033691406,0,64.5610542297363,134.329600016276,0,75.1073859078544,0,0,0,0,0,0,0,150.987981796265,0,0,175.550811767578,136.757891337077,0,0,158.130813598633,136.4450711337,0,0,0,0,0,0
155.174047990279,57.9992705006753,85.1577847946522,41.729662797762,148.283218383789,0,131.649097442627,107.444644234397,153.578409194946,115.770453232985,116.220269775391,133.456334388862,123.783546447754,126.449734687805,158.722455342611,0,13.4229457032182,105.673628285246,138.605330247145,124.132374396691,0,25.5834729245982,32.5693821466319,22.287357399314,25.4017252717256,97.0876946700247,118.556712269783,37.0371813544813,42.9755777583295,116.90718981425,78.2149327054937,136.135918753488,0,78.1611755371094,89.6366875079251,235.897735595703,85.6536750793457,104.35436787681,53.0061137703028,0,141.257568359375,0,152.250365517356,151.437805175781,205.380584716797,148.493728637695,175.94075012207,0,217.320037841797,146.201705932617,0,100.221132640503,135.099717861269,199.163772583008,167.264821370443,0,107.471289673367,48.372194861466,99.8732136340951,110.635575866699,0,158.885129089355,104.552409080282,124.874269087236,137.717780303955,115.156737794267,0,0,106.580940246582,124.460212953629
107.611195757998,54.736776037636,43.4125983861681,62.8654202309801,147.119651794434,172.369476318359,159.742764994303,116.404755299886,141.966519018114,127.21797373845,173.071994018555,66.7078669981523,187.731300354004,127.746162082838,129.395837336155,173.705484390259,105.673628285246,11.4989834817683,53.5886912385035,23.6882684319549,198.480480957031,62.6003246663887,85.2124809063479,31.8028905192814,134.178478133648,81.3290861531308,40.1739828198434,72.535886835866,116.568252543504,113.930234848077,85.8888878359355,105.090774536133,183.520568466187,91.8683714866638,41.6806461431737,0,101.404377656824,116.534583935635,78.0054844304135,233.731887817383,0,209.889099121094,209.499084472656,214.983982631138,0,188.432891845703,149.017707824707,195.85466003418,149.560127258301,208.127911376953,197.978713989258,149.832581058625,130.73239802107,131.024399651421,130.478412254184,0,167.259079933167,102.825420379639,138.602259478992,178.495270340531,156.571891784668,117.962978026446,116.325169530041,182.472358457504,209.98974609375,167.184089660645,148.24037361145,0,188.122863769531,131.587372843424
151.199793451483,80.6885038573166,91.511567704221,84.4400640447089,0,93.4039688110352,160.872230529785,166.245273486988,148.710297752829,158.391884697808,173.164668207583,22.8863673242427,171.206939697266,58.1273203476616,146.973326623967,0,138.605330247145,53.5886912385035,10.544032302171,19.8637971351139,166.917835235596,125.465365409851,124.087322235107,108.498712115818,175.655657151166,53.5698947233312,34.4006524672713,75.8155149348075,170.314338684082,133.638451043662,133.109579140799,57.4231817256769,113.233327692205,122.0391256159,67.5097364849514,0,0,169.564517974854,91.1170474461147,0,0,0,0,0,0,0,115.675888061523,0,106.283500671387,213.071464538574,0,0,149.6824315389,131.316074916295,165.819351196289,0,0,113.343837738037,199.317005157471,210.131561279297,77.4318399429321,121.340848286947,123.93388231224,224.572967529297,0,0,127.243649800618,0,216.742904663086,0
130.005548886777,60.2397554284929,71.3066179608542,65.8530373805907,201.652053833008,229.893157958984,178.140283567096,152.621225088614,158.736822011519,135.818676924505,176.588817087809,32.6729484874774,171.363618850708,87.2057124744762,149.633543884754,164.650921630859,124.132374396691,23.6882684319549,19.8637971351139,11.5511704932719,178.5451171875,95.1887481800024,98.6456777460435,75.7195674719876,149.988805544126,60.0648370232693,34.4926345624794,74.7842417011592,148.602260220435,125.606041534772,112.390423770067,73.825247974719,148.853694915771,105.596521681634,43.197799901353,174.263542175293,125.949513117472,147.543728419713,76.3133905029297,0,0,236.769828796387,217.35969543457,235.251428222656,0,0,130.103571573893,0,122.923332214355,204.348213195801,240.620132446289,168.83814566476,126.711431687878,140.996323529412,125.667607774921,224.322616577148,186.037521362305,136.847205422141,166.47599193028,198.260929870605,97.3841987609863,109.859777310999,118.157730659036,195.731285095215,218.923156738281,188.16206741333,137.01636505127,0,0,144.732995253343
98.0602806091309,85.5812683105469,198.210922241211,74.9276087443034,12.3762182775541,137.531297302246,59.2340043214347,91.2286646582863,93.8780046282194,28.7962665101921,14.9405153915923,150.354009840224,13.361296336901,163.710375976562,105.643384178213,60.1380951768261,0,198.480480957031,166.917835235596,178.5451171875,9.117922726946,177.854103088379,101.211017608643,190.226737976074,20.7811122257589,0,196.570946433327,177.597605228424,31.8768606887037,112.277769732401,127.891185124715,0,140.112761526397,101.241849626814,111.066681735487,0,0,0,177.477569580078,41.4887646759881,0,153.218178956405,151.155115944999,153.804161249205,93.1940225254406,149.026054418312,0,16.4065290063202,189.28889465332,169.072979397244,151.850802103678,0,218.235366821289,0,0,57.9041596684376,0,0,0,114.679355826333,0,0,215.842519124349,133.811861029768,165.002581596375,150.057716369629,0,0,0,165.949953715007
83.269482184771,98.9490268707275,63.7921990987633,58.9142816513777,80.7938079833984,0,127.33111622459,72.3083789327688,111.085698114315,107.475730048286,103.702207438151,104.062001905134,160.686762491862,148.525550842285,100.58611010532,129.160598754883,25.5834729245982,62.6003246663887,125.465365409851,95.1887481800024,177.854103088379,11.8071916699161,53.2465812189577,27.0896096556513,57.8784886952022,140.773834228516,119.488772151155,73.6206225804278,29.3007632498485,65.2965865026596,25.3159263303573,156.024307250977,136.867309570312,33.7407844995326,46.0454703184397,133.978003607856,212.644195556641,138.417016046697,65.4534812214773,0,0,177.992797851562,152.662655998679,167.913387522978,135.586449940999,170.095924377441,196.415046691895,0,215.807083129883,174.021323067801,0,107.840626186795,152.903827455309,206.331832885742,179.311094804244,0,112.664691929321,77.4671894744202,114.09858404977,113.186211718935,0,161.675933837891,134.44689827777,117.254945433283,136.114768255325,114.972985649988,0,0,123.628829532199,130.775427776834
88.9108834896447,27.1350148246251,52.8810729838658,20.4217438047465,69.3466720581055,0,134.27801574707,86.0321130116781,125.202612304688,29.3382705254322,113.879792254904,110.550061327346,99.5651912689209,95.0795815766401,115.032089727065,84.0836563110352,32.5693821466319,85.2124809063479,124.087322235107,98.6456777460435,101.211017608643,53.2465812189577,9.61178889394914,51.266143711817,31.7070875122004,76.1952118191369,98.9563039299901,61.6370337206814,61.2949647180658,85.279098071474,57.4705024254031,108.059255565297,164.482816696167,59.3822734287807,72.8829440506954,93.0136260986328,107.433610439301,78.4751946212899,20.2706754697221,131.576995849609,123.498870849609,151.724056243896,121.032406997681,150.623210483127,116.550361633301,144.467918395996,209.173873901367,146.535400390625,148.656963695179,128.234321594238,0,60.3823158754121,112.361270075259,146.821784973145,144.999316692352,147.486297607422,69.7117488144787,22.288133225449,70.126626091049,76.2837120056152,111.998382568359,142.938051452637,82.5140947031816,91.566136229272,121.289337851784,76.5555761621354,202.010879516602,0,71.7534294128418,102.277084023612
96.1349580614399,73.6422184057403,29.3652553376499,63.6806542748573,140.637393951416,157.142303466797,135.420990979712,82.4596165145633,118.983961765121,133.634008158808,119.872947074272,102.571155807057,123.685368855794,145.291560453527,110.143608149511,124.376568720891,22.287357399314,31.8028905192814,108.498712115818,75.7195674719876,190.226737976074,27.0896096556513,51.266143711817,17.075707061662,70.8613798349313,131.224240620931,74.8127581430204,48.6609572643506,57.4967165713066,103.883566444355,57.828645877107,133.414169311523,152.826332092285,73.6714604267707,52.9889053825301,160.750442504883,121.221168518066,102.430481743813,62.1425998654953,0,0,164.156280517578,158.011864585438,189.048596700033,143.709079742432,179.056659698486,137.904594421387,0,0,186.674927520752,0,104.840871251245,138.700156799734,199.800224304199,162.027749584567,0,116.955501699553,66.2738779058477,105.726916842059,128.354047841039,150.050643920898,153.447857275242,103.59386463573,138.509135837242,160.686148681641,126.079618974165,226.746269226074,0,144.210054016113,131.220777715294
83.0551550593072,90.6541637316012,124.700409243805,39.4557980740664,16.5004628471629,131.914924621582,81.9633103089647,56.6966966638158,85.8290818463494,19.4964556534641,63.400225248271,156.633758117413,26.7127243761448,146.505313286415,94.480490554998,36.8676541264991,25.4017252717256,134.178478133648,175.655657151166,149.988805544126,20.7811122257589,57.8784886952022,31.7070875122004,70.8613798349313,11.2803625077485,123.091798035025,146.81567364861,105.283477731635,22.6950677734996,84.2780276378842,71.6224063611763,157.798713870165,143.255252000762,73.219710565211,95.5706575833834,125.761282920837,166.934036254883,148.198392121688,68.745055340706,114.424557162869,186.792518615723,129.284854888916,120.42913883073,137.111093567639,60.246286210213,118.233485575556,202.874563363882,115.811812689911,183.227834065755,154.774051206898,99.6565256985751,120.947042717991,191.571473015679,216.868408203125,213.148219299316,114.241153898693,119.008166610554,91.0386819960196,137.765142966443,93.6481155103939,0,187.739965933341,158.97750571922,109.496394394511,146.610747821995,121.967412401282,220.956939697266,192.648539049872,127.397811208452,142.65628872826
0,29.0649118508849,107.091912163628,28.5394376026556,0,0,105.784193856376,177.813471476237,133.611229451497,115.188247823358,155.10334777832,34.4254180304858,150.69573059082,22.0789914720766,97.5408791436089,161.700981987847,97.0876946700247,81.3290861531308,53.5698947233312,60.0648370232693,0,140.773834228516,76.1952118191369,131.224240620931,123.091798035025,9.99538837291968,53.6102238456802,28.2249215800312,148.184319051107,130.907440185547,152.831136703491,53.4206240482819,107.273985862732,141.092529296875,75.6830931149996,0,85.8471832275391,136.306610107422,39.9512631461734,0,0,206.030883789062,0,0,150.53491973877,0,89.0578125544957,229.640502929688,70.8591390794323,123.926574707031,0,0,137.240953445435,99.5541703073602,107.289999961853,0,0,114.076602935791,125.721644083659,171.103401184082,49.6086565116783,83.8711652013356,87.3621140630622,202.370732625326,0,0,87.5128334507798,0,0,139.132795715332
132.055864453316,51.8314632987828,35.1829278743005,55.8280381805453,144.922430038452,218.245803833008,171.165728502256,138.812551453618,156.116142681439,133.673132079453,170.783990388758,24.27571804078,184.58168888092,16.6085468128096,147.76084834984,178.187077045441,118.556712269783,40.1739828198434,34.4006524672713,34.4926345624794,196.570946433327,119.488772151155,98.9563039299901,74.8127581430204,146.81567364861,53.6102238456802,17.7365999158745,44.8972125053154,138.510195494126,146.122395792562,123.576570254239,23.1655383288357,176.161696392557,129.479357038225,70.1267308137091,219.139640808105,120.384413037981,120.937807856379,69.2453981044489,0,0,0,197.874675205776,199.33608453924,188.107125418527,226.650126139323,119.069144753849,214.540012359619,105.485567907144,204.407691955566,0,161.767376061642,117.63419810102,115.047543372637,113.093505670529,0,191.174516677856,126.394164615207,151.465707567003,183.074302368164,85.7636718009282,104.545626473652,109.564384805937,204.498666268808,191.259160359701,193.788601466588,118.520004272461,201.159194946289,0,133.0749539462
136.408863113221,34.1865178812236,38.0500861399165,43.8318684520384,146.975329312411,0,168.315216658545,116.165252923965,156.637479673927,127.352356009194,153.263901620541,68.054378471447,168.293012920179,41.579715412252,152.394742697812,161.001359650583,37.0371813544813,72.535886835866,75.8155149348075,74.7842417011592,177.597605228424,73.6206225804278,61.6370337206814,48.6609572643506,105.283477731635,28.2249215800312,44.8972125053154,21.4570701284078,84.6718516205801,143.444564554951,121.630660427941,33.1840891905243,149.571720470082,123.8765718712,76.2463234704634,175.979967753092,103.642193394323,93.9691711666142,70.2749282420243,227.386993408203,0,222.169145584106,163.022628219039,186.274913494404,162.247438192368,195.264127458845,120.137293957126,240.989242553711,100.067912007496,182.760852013105,205.855656215123,111.725942328992,122.261026335544,116.228489018939,123.048297679888,200.074089050293,138.709636476305,65.6070663283232,106.333750769016,150.940149092136,82.6090141807506,108.692054722651,100.178504376167,154.480039423162,197.192378382529,170.38959008676,115.771679708891,0,138.390321350098,125.766322888826
90.8731574553985,114.28118577437,80.7985601189696,55.0691033113487,16.6593340673676,130.460943433974,65.5692789495079,25.7251054055715,83.2632483202576,52.9584061649241,27.4544450697293,157.968454062533,48.1231273202768,171.791639758695,95.7908949170794,78.712412516276,42.9755777583295,116.568252543504,170.314338684082,148.602260220435,31.8768606887037,29.3007632498485,61.2949647180658,57.4967165713066,22.6950677734996,148.184319051107,138.510195494126,84.6718516205801,13.2377511175064,86.8302362228602,40.8848967341008,167.388061523438,144.986057670749,69.0687255859375,76.5309466912651,126.640442921565,140.040265401204,144.510913356658,85.4285994156547,146.825330659455,0,146.753383636475,132.024266237468,149.507927606976,92.2224113341959,143.915150938712,196.826751708984,127.654812111574,199.321095784505,160.198651307381,142.513467962092,128.645037639572,178.475972083307,220.153238932292,205.195560031467,143.40381824269,119.500458949754,104.608391617284,137.960169303931,110.307491871027,196.057487487793,179.067995511569,152.918375435522,128.65286518615,154.242260623288,125.732776641846,0,194.037959507533,133.677624192349,151.237331671464
21.7066952913446,134.009685516357,144.582143555902,76.8018921443394,100.076256176657,28.3613992661469,46.0251581274556,74.2846431447811,41.8662214551998,80.5122159525961,102.271810364589,77.4396334089471,113.983811090159,98.2928850991385,30.7770667477539,50.0467847872384,116.90718981425,113.930234848077,133.638451043662,125.606041534772,112.277769732401,65.2965865026596,85.279098071474,103.883566444355,84.2780276378842,130.907440185547,146.122395792562,143.444564554951,86.8302362228602,14.2835412212675,29.7338100963338,140.260898590088,19.788402809159,14.5543583880071,41.1153282325524,165.752368382045,0,197.70647277832,83.2348808288574,185.000340779622,0,182.07058207194,157.887809753418,189.191017368862,95.6132907867432,176.256217479706,0,154.332336425781,185.76256052653,177.444618571888,160.205978393555,183.908608330621,166.838760375977,231.335662841797,0,191.071685791016,128.868602752686,132.538561820984,158.488698323568,133.534975269863,0,187.420110702515,181.747447013855,141.131921757878,166.748822620937,129.882323871959,0,221.929901123047,147.990372551812,161.844087982178
32.9242765270305,113.188958122617,81.6630940348407,55.5154914556059,101.428999582926,121.726051330566,102.631193442094,19.5695528127521,77.1010133184104,59.4613173958305,102.64485653964,126.79104701678,124.746639251709,158.018622398376,60.9373338535887,96.6200474330357,78.2149327054937,85.8888878359355,133.109579140799,112.390423770067,127.891185124715,25.3159263303573,57.4705024254031,57.828645877107,71.6224063611763,152.831136703491,123.576570254239,121.630660427941,40.8848967341008,29.7338100963338,11.1573328616719,198.291046142578,129.250363069422,34.1266402908823,38.8789979671018,128.039637565613,0,141.157429885864,69.410445697972,159.767395019531,0,172.627512613932,132.984713309152,178.201232910156,119.38173085993,207.489434814453,180.269683837891,194.540863037109,0,162.59793648353,186.883644104004,112.261273430389,166.914526367188,0,181.366691589355,0,115.50402800833,100.697411234786,132.559110541093,111.78368213666,239.189025878906,195.667749578303,160.713672565964,116.130871564492,142.414847296637,118.355708264929,0,191.422164916992,128.842635305304,140.372436841329
189.428199768066,74.6109939983913,108.521393966675,78.27211561203,0,0,171.783744812012,187.032526652018,160.310052599226,146.345742878161,199.982086181641,30.393241193587,184.947036743164,15.7113693835137,161.050951789407,186.273483276367,136.135918753488,105.090774536133,57.4231817256769,73.825247974719,0,156.024307250977,108.059255565297,133.414169311523,157.798713870165,53.4206240482819,23.1655383288357,33.1840891905243,167.388061523438,140.260898590088,198.291046142578,9.47403574254326,0,170.581115722656,86.9533441954968,0,128.25096321106,188.307479858398,82.0731707981655,0,0,0,0,238.275588989258,0,0,115.873184790978,0,94.3841653582694,201.584815979004,0,230.709396362305,148.513519287109,109.251483917236,138.366504669189,0,0,0,0,0,86.9420731680734,111.527196854811,110.477715969086,0,0,0,109.106838595483,0,0,182.987457275391
93.9085733240301,107.898742675781,186.487268924713,125.149025226461,139.128428141276,13.0014774475876,20.9939760031467,134.434807618459,26.6810567894621,133.285800227412,134.724607909254,66.3826424144563,128.022266690693,90.3047548491379,17.5007254001443,37.022978847974,0,183.520568466187,113.233327692205,148.853694915771,140.112761526397,136.867309570312,164.482816696167,152.826332092285,143.255252000762,107.273985862732,176.161696392557,149.571720470082,144.986057670749,19.788402809159,129.250363069422,0,6.90133332900569,96.3814171685113,34.4652665683201,0,0,0,136.362213134766,0,0,220.353073120117,203.46272277832,215.117874145508,199.627227783203,221.913172403971,0,148.471740722656,0,219.732162475586,0,0,0,0,0,0,0,0,0,185.248937606812,0,177.311080932617,177.843158721924,204.766132899693,0,194.130477905273,0,0,213.804595947266,221.767013549805
48.1788824428212,111.870094299316,143.507144504123,57.4085557357125,83.6384019851685,173.188629150391,97.464749479947,73.5894803891952,91.4085284013015,65.4154949500913,94.3224771005136,107.419715203179,101.101331075033,0,63.542794254091,104.88050031662,78.1611755371094,91.8683714866638,122.0391256159,105.596521681634,101.241849626814,33.7407844995326,59.3822734287807,73.6714604267707,73.219710565211,141.092529296875,129.479357038225,123.8765718712,69.0687255859375,14.5543583880071,34.1266402908823,170.581115722656,96.3814171685113,7.75937038158524,18.4685412448141,137.278884887695,0,0,67.1611366271973,0,0,0,160.803576469421,169.318743896484,87.0489273071289,155.807029724121,0,184.851249694824,0,180.144322713216,151.013885498047,108.953285217285,0,0,173.883735656738,0,102.861389160156,57.7881355285645,117.270476023356,113.689746856689,0,171.512870788574,165.313152313232,122.83915692284,148.577667236328,109.308800379435,0,0,121.241235351562,165.206787109375
77.883140555587,64.0391629132358,77.6893632122094,69.1130938975456,104.316121321458,31.7503927465071,74.5500040567601,91.5982381122069,71.1056624272073,108.178898739743,103.458178257271,30.5898591343727,115.554473423313,63.0149383132076,66.0920536479665,81.0906236609634,89.6366875079251,41.6806461431737,67.5097364849514,43.197799901353,111.066681735487,46.0454703184397,72.8829440506954,52.9889053825301,95.5706575833834,75.6830931149996,70.1267308137091,76.2463234704634,76.5309466912651,41.1153282325524,38.8789979671018,86.9533441954968,34.4652665683201,18.4685412448141,13.6150111754128,145.928970336914,114.397747993469,106.674308483417,80.0381007904702,216.643310546875,0,192.601147969564,174.639245284231,183.447345899499,139.140956115723,186.777087402344,177.127450731066,154.300447463989,131.390540440877,198.242597791884,0,120.545533778304,131.731314015943,130.080371856689,127.938899012974,203.112697601318,118.823035250889,80.755524572925,122.301497590756,133.67539204084,117.205085754395,123.741247400061,116.959877266789,147.049309181956,161.692071533203,140.219889534844,158.051881154378,0,109.88213857015,140.597787221273
155.220418294271,0,164.565162658691,94.5613021850586,130.009387969971,0,170.325274997287,139.442264556885,171.861530848912,160.628189086914,140.679087320964,0,173.129699707031,0,154.122436523438,154.194412231445,235.897735595703,0,0,174.263542175293,0,133.978003607856,93.0136260986328,160.750442504883,125.761282920837,0,219.139640808105,175.979967753092,126.640442921565,165.752368382045,128.039637565613,0,0,137.278884887695,145.928970336914,11.3340413443103,129.11475499471,127.191781097988,69.2910753118581,81.3919405255999,70.9702110290527,93.4504898295683,28.4701563371371,61.9906862948063,69.9715499196734,77.6792165451691,123.525680541992,111.117391967773,155.287994384766,20.9514210239384,103.630503336589,143.035376866659,109.86767454808,140.624378474679,127.154490844063,96.9285407747541,81.9328712724213,100.433875441551,101.995522224297,84.5356235797589,157.398691177368,129.703739102106,140.564288009832,81.9595464906409,25.0441703309641,38.0861494522815,150.042473602295,97.8191865187425,39.2156289465287,76.4613258165183
0,0,110.659485287137,33.4619378135318,0,0,0,153.224594116211,0,0,0,0,0,106.166116078695,0,0,85.6536750793457,101.404377656824,0,125.949513117472,0,212.644195556641,107.433610439301,121.221168518066,166.934036254883,85.8471832275391,120.384413037981,103.642193394323,140.040265401204,0,0,128.25096321106,0,0,114.397747993469,129.11475499471,8.45088429453886,53.3503091965599,27.8597980599712,93.1891479492188,154.057861328125,147.229736328125,124.288886515299,150.51265335083,69.2460089180555,234.375045776367,75.5309320214676,120.739418029785,59.6183654809492,150.280591837565,120.509068113385,83.1828052566712,62.6319923043698,81.8142897865989,60.5538332715948,0,103.274573692909,26.0274421956434,94.7277898054857,78.211441561662,22.954958185244,54.4550752749388,36.653233668905,116.411948150059,134.736196435016,105.694333469166,77.5300509465205,141.401384989421,113.104956054688,83.5047968084162
157.074722290039,102.779607137044,90.6915804027456,70.9316003289021,0,0,176.575185139974,156.927851359049,181.883575439453,128.057270050049,176.037353515625,158.824468612671,0,154.34888458252,186.580126594095,205.406173706055,104.35436787681,116.534583935635,169.564517974854,147.543728419713,0,138.417016046697,78.4751946212899,102.430481743813,148.198392121688,136.306610107422,120.937807856379,93.9691711666142,144.510913356658,197.70647277832,141.157429885864,188.307479858398,0,0,106.674308483417,127.191781097988,53.3503091965599,13.460102549427,57.0805927388397,118.014720916748,172.420706176758,143.342860452752,97.2827181388774,129.978646998092,117.928553673529,119.728218273406,104.174081185285,138.694835238987,101.478139162064,132.804167952274,139.870875431941,84.0616697349296,47.052402865392,99.2745987026171,69.1970385896292,179.183203125,70.6287786414635,55.3402389171077,35.6563140168782,111.503746735422,109.568319702148,39.1815509103682,35.222835871781,90.5099788037742,155.667724801713,102.401339967609,101.210924668746,191.432618392141,120.955878864635,88.3067034442911
