10.6160224116956,101.466583251953,92.7643966913223,60.3214569091797,78.5692839189009,67.7595726013184,65.2904325543028,30.8117828281919,41.4277541293146,57.3197676135648,69.3775234049017,111.835268227451,85.9686318503486,170.705184936523,15.4227154836125,47.3717727661133,94.387134552002,100.088787265179,132.255241394043,117.481746179594,66.3500595092773,72.3805176842021,69.5927385602679,85.0429470299534,71.9330640520368,0,132.705620454487,126.159052576338,75.8073717548001,17.8048347817551,27.4772111922903,0,83.6015612284342,43.2466278963311,70.3344677103546,139.631141662598,121.193614959717,145.564097086589,68.5439733179604,0,0,142.738705952962,117.621040980021,132.12718963623,148.82026163737,176.920404434204,0,0,0,141.561323642731,0,139.746391296387,0,0,195.281585693359,0,119.355352401733,151.701736450195,114.330754597982,108.075866533362,174.089981079102,175.417162577311,159.856203613281,113.351100483879,145.923245747884,117.330417156219,0,175.401351928711,0,133.151153564453
101.466583251953,8.2566735541189,46.448926615715,20.9684024562641,0,0,121.305641174316,108.204106648763,161.615336608887,76.7999414404233,129.901641845703,60.9715135665167,0,52.8086619056486,137.186345418294,112.375358581543,51.0611711803235,48.0620317002803,87.360355922154,62.7179875903659,0,92.2648296356201,25.5223327365066,74.8545714347593,87.8276387913021,29.3602130080138,57.6554614120971,35.6472693426953,113.794703801473,91.0515351976667,91.0420125325521,68.4112692746249,124.73855082194,0,57.4477552896018,0,56.4924613952637,71.062082909249,40.9433517027437,0,0,165.856536865234,127.392644246419,147.387741088867,116.66316986084,144.754264831543,116.984796524048,243.75537109375,98.4234326270319,168.013796488444,0,123.46575818743,82.0561486521075,120.085536956787,88.1058694499813,0,91.6745529174805,73.2026884896415,104.71725209554,135.628243764242,65.3561825752258,81.6136182069778,75.0489003961737,147.744009971619,159.45915222168,162.27554473877,108.751944986979,0,0,95.6445465087891
92.7643966913223,46.448926615715,12.3746512155132,47.4088931300423,104.992156982422,172.852905273438,122.1427472703,93.892037562884,114.39397433876,104.071717905444,130.236663818359,88.3608386857169,135.072910944621,94.8151206970215,108.711608681903,119.470200856527,95.9885560085899,40.2730505482108,84.6983320959683,57.4486448836622,0,67.407608834671,50.7071800579426,27.2491209545082,103.402564936671,99.3698120117188,44.276367446251,33.6520315596944,66.067889546413,114.454807848544,78.4063123696342,102.653624725342,140.601653651187,98.0574722290039,61.9453783337499,143.035579681396,70.4372470051947,89.0022341119961,59.9947490837738,0,0,185.781071980794,158.566558159722,169.437245295598,133.539779968262,177.017408370972,156.779309590658,0,145.605466570173,172.116728562575,0,111.994745714911,102.174670814449,131.603846623347,119.728437722447,0,133.236713262705,73.5924559030883,107.72608875296,147.182139158249,0,102.403067559346,90.2162231812938,149.521226015958,150.532386779785,142.032841401942,133.875053405762,0,173.723453521729,111.36494120985
60.3214569091797,20.9684024562641,47.4088931300423,23.1593406499164,52.7355208637045,121.359313117133,80.30381267721,59.6522895923183,76.3585915669908,33.9733242090434,73.5961774249409,77.777630423202,80.5674050997381,59.3556589445563,79.839334969143,75.444843639027,39.5247506950966,59.6370142862468,100.67131243254,82.3854507037571,61.5390181387624,52.5000282163451,27.1729235590331,51.3445461538317,36.0696455251975,25.1432757480255,58.935108103177,41.3258866477949,54.0326749187543,70.2387715284375,54.7129247912862,62.3674971397887,117.301086997986,57.3441621531611,60.7812705773574,144.08268737793,60.3892234501086,77.8556658092298,26.2185902876012,77.430490175883,0,110.369943237305,115.479761123657,118.069754860618,28.6663279533386,92.4285972383287,115.658961902965,60.736976487296,104.024980333116,118.913935941808,104.792526245117,75.3487085195688,101.76162815094,107.806091308594,102.962213823872,67.5648889541626,68.0155203798984,37.118450106644,81.9502016550087,59.4302509778166,45.7808847427368,104.040449666042,77.0360044208733,89.2817602834394,100.988977285532,70.6700889269511,108.525030953544,155.508651733398,0,97.868200414321
78.5692839189009,0,104.992156982422,52.7355208637045,9.55824801523154,119.336904525757,57.8536160360247,40.5954910077547,81.4496800393769,34.1002847395211,20.5462399123069,153.713554382324,21.4483177032566,0,93.1732687516646,55.3048500497001,79.506622950236,139.852958679199,0,183.762313842773,11.5398710691705,88.1467730204264,56.091281236921,113.93492380778,19.3020092173803,0,169.602851867676,117.517883300781,14.0601017457683,87.3666591801919,101.674835791955,0,89.6675567626953,75.000356886122,77.4688477289109,104.367983500163,144.792907714844,164.015060424805,88.721654510498,19.2206400797634,0,115.460373612701,122.137903793998,131.606036674686,77.4253681584408,78.9422108486871,0,43.2131147840314,0,140.969024658203,85.257682800293,0,172.261825561523,0,0,23.4765233546878,0,0,0,85.5520126453221,0,191.211166381836,172.48540242513,109.82770013471,122.919358253479,126.12025197347,0,0,125.279251098633,144.104397365025
67.7595726013184,0,172.852905273438,121.359313117133,119.336904525757,7.61724894855155,13.1263356002566,114.45813206264,18.0502924352452,93.1562967300415,112.453151409443,58.1444362924119,92.919087273734,91.0905354817708,35.2694945602417,15.4544660245639,0,124.053446960449,92.7083002726237,85.4119033813477,122.481727600098,134.637896219889,97.2661628723145,143.307576179504,116.902147531509,0,100.087651694693,107.436933729384,116.576812157264,21.4364929316234,108.853707207574,95.0856094360352,10.6247461921861,52.9360084533691,32.5303455642507,0,0,0,109.205673217773,0,0,0,167.554931640625,0,0,0,100.714248657227,0,0,0,0,0,0,0,0,0,0,0,0,144.049293518066,0,0,139.352043151855,167.177886962891,0,133.576705932617,116.330116271973,0,0,0
65.2904325543028,121.305641174316,122.1427472703,80.30381267721,57.8536160360247,13.1263356002566,8.5669785639819,58.4004225034736,19.9428945165381,69.1504132616651,29.726808524318,77.137972108523,25.9901635376153,86.0071038140191,47.6888353177628,12.2753408799682,131.246255057199,138.750679384429,103.906591816952,134.512451088219,37.106486011133,100.498364052577,89.4196698805865,113.254279930912,76.6096410791753,0,139.972892263661,134.283925536676,63.3015692036623,56.3244278065964,90.8789234334772,99.202392578125,22.8514531731262,94.4655614453693,59.301057332227,0,159.798492431641,175.393188476562,104.757508294057,135.682803853353,206.879302978516,140.964951674143,134.859304633507,154.23666921476,114.419858296712,146.023711820619,233.290603637695,121.569919754477,154.152336120605,168.970281873431,141.675788879395,190.498107910156,218.889795939128,151.440017700195,222.502616882324,133.327698447488,179.114772796631,0,177.777819824219,113.481953121619,0,196.007707977295,186.496262943043,136.280648601087,163.584706624349,159.198864936829,127.96008682251,208.883285522461,124.233345031738,181.181332588196
30.8117828281919,108.204106648763,93.892037562884,59.6522895923183,40.5954910077547,114.45813206264,58.4004225034736,10.997716377439,52.772318659547,60.0734729525409,16.9899119578682,141.945219716718,47.6924086725353,160.996681213379,39.7247107985077,75.5053695170085,88.414200531809,116.870155656558,154.882861417883,140.327730051676,57.5209204729866,70.6532527657155,70.8196842372417,83.1313332678235,59.7229982644624,0,138.314505587999,104.608038634651,28.6307851762403,68.7992159678319,20.653265202199,158.546229044596,120.063459189541,63.8864885179228,72.9559881775003,123.537889753069,137.611282348633,158.528028048002,74.4290641415504,124.14120342857,0,134.737740915718,113.259034595562,136.187939467475,99.5915922081989,132.013863991047,189.440208435059,124.365202198858,0,145.056080010101,178.359868367513,123.203826904297,180.704979896545,212.154678344727,191.866439819336,126.661886948806,139.720275878906,124.010709028978,144.513480315337,98.2122143531144,0,191.502483714711,164.594120134626,116.970247450118,149.708171844482,121.279174226703,199.622406005859,169.199089050293,136.701316139915,149.271167804668
41.4277541293146,161.615336608887,114.39397433876,76.3585915669908,81.4496800393769,18.0502924352452,19.9428945165381,52.772318659547,11.3341988010848,75.1325106553628,26.8252742279573,79.975770837686,70.850819613694,94.837895711263,16.1470976363799,30.3180426885528,127.59808807373,127.181934864771,110.379810440206,134.527387413951,82.7354125976562,95.0289194510216,89.4391533510528,106.87451509963,86.1019310026221,111.775373458862,138.491665952856,131.301017935345,82.0043293963087,29.2936311140942,73.519096797018,107.305802663167,16.1398849042731,84.4530678855048,59.3061497772334,157.680885314941,165.839248657227,181.20926574707,92.4514877352364,131.398717880249,0,147.750271252223,131.831869531056,151.954367648854,120.103994750977,145.050350693037,205.372189331055,135.298488235474,124.60034942627,161.364707253196,242.174087524414,157.849548339844,184.740214954723,215.944320678711,196.323366165161,153.586859385173,155.384856541952,159.980445861816,167.410481770833,116.834181499481,124.28048324585,191.251087188721,176.904516179511,133.064240699779,176.516681301978,141.351860724555,179.781135559082,191.305825369699,143.486791610718,158.894964479933
57.3197676135648,76.7999414404233,104.071717905444,33.9733242090434,34.1002847395211,93.1562967300415,69.1504132616651,60.0734729525409,75.1325106553628,5.91441360994336,64.4543663712799,123.170829227992,10.9893525971735,120.19618831458,72.7072757162699,18.6100521302266,94.7836119333903,113.333290608724,176.802373250326,134.873225285457,22.0003559207188,69.0477468490601,19.673246494607,96.1695499420166,16.3942613058781,106.136712870021,118.541575754289,111.932242785832,53.1444906246162,81.473937179103,56.5919927762249,131.370534261068,121.684385299683,55.5469022897574,103.99179986807,0,109.248580932617,121.68656539917,78.0874480724335,72.2426593178197,0,62.462589263916,111.527193069458,135.478375752767,34.5349354062762,89.8535341535296,156.791696166992,54.3750639438629,158.226881239149,110.835502624512,38.8978033065796,0,144.500579833984,199.588470458984,164.476984659831,73.7201693058014,0,150.864635467529,124.567315673828,46.6261319569179,152.765745798747,188.758043729342,159.407644608442,84.9943004476613,0,105.250093078613,175.642303466797,0,0,0
69.3775234049017,129.901641845703,130.236663818359,73.5961774249409,20.5462399123069,112.453151409443,29.726808524318,16.9899119578682,26.8252742279573,64.4543663712799,10.883992717462,145.34826190655,25.9561544278484,167.128768920898,67.0366428471192,75.8160808657812,79.4902114868164,161.839986122261,172.148560587565,167.914385318756,18.8296314649421,97.3656580536454,93.442116386012,125.161545217854,46.5445453781981,0,168.883667839898,138.671841076442,24.9100106736344,87.5794743025598,108.834063869783,0,117.681254660436,77.8444769027385,79.4817356672443,146.678872426351,160.70295715332,179.765296936035,102.42260345459,129.827034690163,167.239181518555,138.494591299093,129.558320738671,145.776375157873,90.864995320638,141.826523354848,192.132176717122,114.92519623562,203.632133483887,159.867844263713,101.187142508371,140.041776021322,201.380004882812,194.529235839844,228.058036804199,130.996747074571,159.567324320475,119.405192057292,182.995162963867,101.876073165584,0,203.293502807617,169.254795074463,134.579500846492,176.934278276232,156.839851379395,0,206.047225952148,168.500625610352,164.037187364366
111.835268227451,60.9715135665167,88.3608386857169,77.777630423202,153.713554382324,58.1444362924119,77.137972108523,141.945219716718,79.975770837686,123.170829227992,145.34826190655,12.8206963536633,138.00891898019,14.5665889349415,82.2241665558206,98.4355773925781,117.876613963734,54.9954794857953,24.44977350725,27.4736045328228,145.283767700195,102.857442252656,97.5877056545681,87.8459588494794,133.27583321658,28.2252253747755,26.5769608232663,48.4286757170753,150.652974264962,67.9737724971956,109.643149264447,18.6904142670488,59.6322364827884,92.3127133218866,30.4762461778138,0,108.134485418146,130.577370383523,66.0259965570961,0,0,0,197.071786499023,191.14995320638,161.141337076823,173.766418457031,81.2975208645775,0,67.3489517538555,180.758933173286,0,0,132.971656799316,87.7636100194787,128.426912390667,0,212.966506958008,155.975994110107,210.268653869629,180.555493672689,60.2304184383816,99.3270947531368,101.285631035928,186.607332356771,127.777492523193,177.07261912028,87.5265670127057,0,222.105590820312,126.877414279514
85.9686318503486,0,135.072910944621,80.5674050997381,21.4483177032566,92.919087273734,25.9901635376153,47.6924086725353,70.850819613694,10.9893525971735,25.9561544278484,138.00891898019,8.5227385220223,145.425415039062,96.2340845766321,10.6249825912275,152.57160949707,188.263533274333,161.16446685791,178.057317733765,12.9781576539769,96.5536231994629,88.851207224528,131.432697296143,16.6503181067312,151.105819702148,174.075139646177,145.597950206083,44.74348406975,98.2821034815207,130.48487218221,0,116.511658114056,94.8765964508057,94.8062000184263,83.3434906005859,0,150.397399902344,106.559574127197,33.3679803665618,0,55.5194579181583,129.628118154165,115.193941086989,80.6859981830303,41.0097708289875,156.358406066895,11.6483056362602,0,111.582097553072,93.1043857227672,172.227981567383,172.922348022461,0,0,26.4695967176183,150.656066894531,159.651214599609,163.170950317383,93.7243866305881,0,0,157.749069213867,89.3879108260907,109.688916745393,177.948733520508,0,165.449550628662,116.758846282959,104.488783918108
170.705184936523,52.8086619056486,94.8151206970215,59.3556589445563,0,91.0905354817708,86.0071038140191,160.996681213379,94.837895711263,120.19618831458,167.128768920898,14.5665889349415,145.425415039062,10.6896662566789,104.004587173462,160.484898885091,0,120.100025177002,50.501730410258,69.843088220667,0,0,90.4673864930291,118.452175140381,124.359696282281,21.676856214056,26.1526713346312,33.7535887788146,165.416854858398,75.0596575055804,0,15.5467553498518,75.8088677724202,0,73.1776307942916,0,105.984332158015,172.104217529297,44.0030425127815,190.162643432617,0,0,0,0,147.657333374023,202.038009643555,76.194162548713,162.535263061523,63.4343661072623,129.904571533203,0,179.222671508789,169.405967712402,90.5372568386704,120.463079724993,0,0,174.119845072428,193.747131347656,183.743389892578,56.4817964097728,95.8237992169564,95.8019119466393,211.271011352539,0,0,84.2977332614717,0,0,121.536458587646
15.4227154836125,137.186345418294,108.711608681903,79.839334969143,93.1732687516646,35.2694945602417,47.6888353177628,39.7247107985077,16.1470976363799,72.7072757162699,67.0366428471192,82.2241665558206,96.2340845766321,104.004587173462,8.89914099706069,46.2869175318125,118.525806971959,119.440583303023,116.661566331651,132.558161973668,99.2881546020508,91.9630253531716,87.6405310873258,100.501568459098,88.91335159514,71.8837890625,136.752540012334,128.729170981959,86.8675401388928,22.4851218275525,53.1164232390184,136.257069057888,15.5582067030235,39.3996984006721,51.8063159904991,146.263479614258,168.009173075358,169.099936541389,92.3270581881205,113.074287414551,0,137.625891758845,129.528613980611,145.44560286578,124.952286720276,137.898200080508,181.842681884766,135.494122823079,160.36742401123,158.804439363025,0,124.794357299805,167.005681355794,159.747711181641,206.338032313756,120.746711730957,163.549027182839,150.66567438299,164.668921152751,111.633921970465,144.357360839844,192.832380930583,171.460712365937,133.625335693359,165.172710673014,139.889409872202,146.349975585938,195.644561767578,148.058944702148,157.258523864746
47.3717727661133,112.375358581543,119.470200856527,75.444843639027,55.3048500497001,15.4544660245639,12.2753408799682,75.5053695170085,30.3180426885528,18.6100521302266,75.8160808657812,98.4355773925781,10.6249825912275,160.484898885091,46.2869175318125,6.90057953593749,105.669570922852,137.975831838755,0,168.369148254395,43.8624190896901,95.2306048075358,70.6082534790039,115.577571868896,35.7774783851687,134.535837809245,151.013086591448,131.927189900325,79.3637948824665,55.0414423788747,95.1435591379801,0,35.7521933111952,98.5520286560059,64.0099293037697,0,142.275833129883,0,87.987117767334,86.5817260742188,0,195.709548950195,208.036651611328,0,68.9827213287354,132.212303161621,0,65.2339731852214,0,165.212501525879,57.2879390716553,168.965209960938,181.18376159668,0,0,0,0,135.038940429688,165.340957641602,72.7921155293783,0,213.728302001953,174.339569091797,137.772657394409,0,0,186.536056518555,0,0,0
94.387134552002,51.0611711803235,95.9885560085899,39.5247506950966,79.506622950236,0,131.246255057199,88.414200531809,127.59808807373,94.7836119333903,79.4902114868164,117.876613963734,152.57160949707,0,118.525806971959,105.669570922852,14.9584605913368,97.6894618938496,120.08317565918,119.12274660383,0,20.6437525703651,32.3804608878374,20.8634311285623,26.604035022273,0,108.53528965844,36.6342804349901,48.7881940612152,99.8757449558803,73.017019927817,0,129.274200439453,73.4236484874379,74.7703279127558,0,90.7697575887044,100.497462956592,49.2322911186845,0,0,162.312652587891,147.951555692233,167.365676879883,146.80078125,169.702438354492,155.205047607422,0,0,0,0,76.3676153582496,128.553646850586,164.482383728027,155.4541943868,0,107.211702597262,56.6070289415472,95.973652165251,113.562781700721,0,148.232588507912,107.224730614388,125.95373956481,87.6559371948242,110.885940054189,195.046600341797,0,136.470474243164,111.748384558636
100.088787265179,48.0620317002803,40.2730505482108,59.6370142862468,139.852958679199,124.053446960449,138.750679384429,116.870155656558,127.181934864771,113.333290608724,161.839986122261,54.9954794857953,188.263533274333,120.100025177002,119.440583303023,137.975831838755,97.6894618938496,10.9709891545913,52.232194350541,28.9400231197668,189.003002929688,78.5253831375851,75.6010681134307,30.2964330213675,118.411779648218,78.5085609436035,36.159426342564,63.7940383728251,110.162010733219,102.28806151309,81.2017079226199,97.3775383444393,150.380741320158,84.867482731108,38.0507145460892,173.298651123047,79.6906048994798,98.7819880631866,78.7906098236909,196.157257080078,0,217.085098266602,181.192783203125,216.161842346191,146.239865112305,185.705261230469,131.462555476597,239.622856140137,131.923177337646,200.430197975852,0,129.306551126333,107.514397601692,128.393802784107,112.581229448318,0,150.045801798503,106.772742618214,133.290066333527,162.636073267737,131.661710103353,103.450161490329,100.778455614007,175.332370027583,157.892108154297,163.995731172108,129.064517021179,0,241.242980957031,119.770438011656
132.255241394043,87.360355922154,84.6983320959683,100.67131243254,0,92.7083002726237,103.906591816952,154.882861417883,110.379810440206,176.802373250326,172.148560587565,24.44977350725,161.16446685791,50.501730410258,116.661566331651,0,120.08317565918,52.232194350541,9.31715580420315,17.1976659463592,178.254867553711,124.072979320179,121.552948584923,94.452145592641,158.486166817801,45.1466581171209,32.5147898192667,74.1095729106181,153.172362009684,100.530189847321,123.21132944398,52.7155344175256,90.2265535334951,113.271927897135,62.4111572528919,173.198501586914,102.324742635091,139.665904453823,121.447186470032,0,0,0,210.587882995605,192.398178100586,0,0,101.918316523234,0,86.2691059941831,0,0,0,145.591255187988,100.131558158181,114.72004699707,0,0,106.41471862793,217.55126953125,215.998962402344,76.2303766523089,102.461421990545,109.203664679276,211.78719329834,0,178.382395426432,104.204935836792,0,0,135.674109025435
117.481746179594,62.7179875903659,57.4486448836622,82.3854507037571,183.762313842773,85.4119033813477,134.512451088219,140.327730051676,134.527387413951,134.873225285457,167.914385318756,27.4736045328228,178.057317733765,69.843088220667,132.558161973668,168.369148254395,119.12274660383,28.9400231197668,17.1976659463592,11.5770434604178,153.874313354492,108.014272554325,94.2108923211155,77.0558760645759,146.433155684038,58.8528633880615,33.4494494315546,69.7981329371628,128.176185671488,108.441865163219,108.526337214024,66.7782420405635,96.9633881780836,101.637873903327,46.4870942459702,193.062664794922,90.7002533734855,115.914093457736,93.1781798182307,209.832000732422,0,244.0400390625,191.143788146973,180.13650894165,157.058995564779,0,120.295821762085,0,108.021967424665,174.208004542759,0,158.39208984375,120.228482831988,114.571473215141,112.41638336848,0,170.69633992513,132.7283244133,167.374403733474,181.086959838867,83.4675553928722,103.380250350929,106.346376160495,194.802048903245,195.165120442708,163.57247467041,118.037314414978,161.209167480469,143.658889770508,132.497747479063
66.3500595092773,0,0,61.5390181387624,11.5398710691705,122.481727600098,37.106486011133,57.5209204729866,82.7354125976562,22.0003559207188,18.8296314649421,145.283767700195,12.9781576539769,0,99.2881546020508,43.8624190896901,0,189.003002929688,178.254867553711,153.874313354492,8.99238420877373,100.4765625,0,123.855381011963,11.0446137385602,0,169.549083709717,172.782371520996,25.0848835918649,99.27018157472,128.909423828125,200.719772338867,125.659284591675,83.6055465698242,90.1972047960436,0,0,0,143.039651870728,27.2520907116339,0,128.628201675415,119.983173717152,161.099708557129,74.7690552112668,128.664581057392,0,42.0447341002555,0,177.424026489258,86.5266405741374,0,0,0,0,56.6317212912771,0,0,0,93.5359443200601,0,0,0,125.981510862519,0,0,0,0,0,0
72.3805176842021,92.2648296356201,67.407608834671,52.5000282163451,88.1467730204264,134.637896219889,100.498364052577,70.6532527657155,95.0289194510216,69.0477468490601,97.3656580536454,102.857442252656,96.5536231994629,0,91.9630253531716,95.2306048075358,20.6437525703651,78.5253831375851,124.072979320179,108.014272554325,100.4765625,11.4258120259504,50.7747742154183,28.1630401829049,29.8220835303623,166.361663818359,123.582823241498,57.5298498012009,25.3552930429048,56.1428336725154,27.6582877570647,0,121.011463838465,42.5486714314192,42.1216201006863,113.009754180908,0,124.011746542794,66.6228458875373,0,0,177.066482543945,129.582967049735,158.732701619466,121.229351806641,165.134106953939,199.271202087402,222.520149230957,196.72785949707,144.011163150563,0,100.799027534767,159.86475499471,204.985122680664,172.953784179687,0,108.2030301475,63.7606882915319,109.776415245973,107.466696953051,0,164.401050676618,131.488338074127,109.94411437066,133.09033427519,109.258067531862,224.492568969727,168.313980102539,127.24910736084,126.727383029076
69.5927385602679,25.5223327365066,50.7071800579426,27.1729235590331,56.091281236921,97.2661628723145,89.4196698805865,70.8196842372417,89.4391533510528,19.673246494607,93.442116386012,97.5877056545681,88.851207224528,90.4673864930291,87.6405310873258,70.6082534790039,32.3804608878374,75.6010681134307,121.552948584923,94.2108923211155,0,50.7747742154183,8.59088131615014,49.9107848691336,23.8569358448026,72.1711210533007,83.8306175604494,52.7894388594346,54.4147414741716,75.7498307325402,54.2896749722611,98.6288361459408,109.379602432251,48.8142252422514,66.7938533992302,0,65.0562820787783,68.4150363185189,35.9634126704125,0,0,120.682234191895,130.439664840698,145.98283663663,107.132040659587,153.994953502308,126.646397272746,166.098461151123,125.381144046783,131.103835296631,0,68.532298123395,92.3672391151895,148.293424224854,123.575944423676,0,80.8106803894043,26.7337000607475,78.7734197842873,96.6638652256557,125.595469792684,120.560754640641,73.1010862784748,89.2279317119334,112.860970391168,94.6701335200557,142.837624686105,147.054107666016,66.5180511474609,112.270178574782
85.0429470299534,74.8545714347593,27.2491209545082,51.3445461538317,113.93492380778,143.307576179504,113.254279930912,83.1313332678235,106.87451509963,96.1695499420166,125.161545217854,87.8459588494794,131.432697296143,118.452175140381,100.501568459098,115.577571868896,20.8634311285623,30.2964330213675,94.452145592641,77.0558760645759,123.855381011963,28.1630401829049,49.9107848691336,15.5894113419145,90.2512161561421,95.9570159912109,92.5456421409001,47.0357126901495,53.0156798904123,88.0202933014416,49.2089812077596,113.762968063354,144.705709838867,70.5679128452883,48.5148393596542,157.257986886161,81.526891188188,93.9568468125745,60.4178944323436,197.383026123047,0,186.241189575195,152.859374561529,176.036912397905,131.992820739746,169.447018577939,171.924522399902,0,202.288513183594,156.877413894191,0,98.0423989631324,120.075403913667,155.578053792318,136.370663052513,0,114.581354858398,64.816296663718,101.167169934178,128.981600036621,0,123.068376516367,94.2897227199211,136.298335161332,148.92238963734,125.3354737854,160.185852050781,0,152.820234026228,122.196831189669
71.9330640520368,87.8276387913021,103.402564936671,36.0696455251975,19.3020092173803,116.902147531509,76.6096410791753,59.7229982644624,86.1019310026221,16.3942613058781,46.5445453781981,133.27583321658,16.6503181067312,124.359696282281,88.91335159514,35.7774783851687,26.604035022273,118.411779648218,158.486166817801,146.433155684038,11.0446137385602,29.8220835303623,23.8569358448026,90.2512161561421,11.7216486636137,111.015977707584,130.197020405095,90.1614396550022,24.5266234044502,84.6170963396576,68.9265318870544,126.315905761719,123.849707641602,68.6813568702111,81.8809097707751,119.376068516781,120.431602478027,133.536173184713,55.4286385093416,90.3804612758356,161.554649353027,109.061467903366,101.942818771847,121.925580550624,64.1723505130484,103.414539355968,177.370620727539,83.1134884137634,154.765602111816,132.539529364726,89.7848247181285,99.6973516146342,166.601640319824,210.730456542969,197.071531931559,89.3967876050296,112.944014948065,88.2768428943775,124.358199379661,72.6908376734784,216.259521484375,166.039611669687,143.826523742676,99.8204154549064,138.01675946525,106.041307756978,171.129082815988,157.720863342285,116.790202400901,129.938769646411
0,29.3602130080138,99.3698120117188,25.1432757480255,0,0,0,0,111.775373458862,106.136712870021,0,28.2252253747755,151.105819702148,21.676856214056,71.8837890625,134.535837809245,0,78.5085609436035,45.1466581171209,58.8528633880615,0,166.361663818359,72.1711210533007,95.9570159912109,111.015977707584,8.66795783738668,42.9014616125212,31.2452897598922,119.312644958496,66.1088798522949,143.345268249512,44.2096934975264,75.7060241699219,0,64.5135300247757,0,65.2984135945638,160.675277709961,46.0239304935231,0,158.500854492188,0,0,237.99365234375,189.541976928711,0,76.0688680347643,0,54.965030423638,118.868041992188,0,0,0,77.0795457073461,100.927535317161,0,0,103.611198425293,0,0,41.7232038974762,77.9311397904935,80.355115508261,0,123.666305541992,0,77.3121691045073,0,0,119.915255459872
132.705620454487,57.6554614120971,44.276367446251,58.935108103177,169.602851867676,100.087651694693,139.972892263661,138.314505587999,138.491665952856,118.541575754289,168.883667839898,26.5769608232663,174.075139646177,26.1526713346312,136.752540012334,151.013086591448,108.53528965844,36.159426342564,32.5147898192667,33.4494494315546,169.549083709717,123.582823241498,83.8306175604494,92.5456421409001,130.197020405095,42.9014616125212,15.4732691679819,39.1379737016678,126.312294522171,111.251972278731,126.874999087579,17.7520261569837,99.9708283130939,123.558386993408,63.2249418414919,167.872581481934,82.4650772899839,112.855990557603,70.4050555818536,0,0,215.589981079102,188.217116292318,199.071323394775,151.081848462423,235.60912322998,102.560968100306,210.958984375,85.1763368825443,182.646010378574,171.579010009766,158.654123159555,109.977282785346,102.767771966679,105.203935362241,247.224563598633,165.368821334839,116.140580919054,154.4846728781,170.626908042214,70.0567493849534,97.0547300665459,98.9183976810871,199.853466718625,179.555134492762,170.410013275146,101.372723806472,129.157196044922,170.988235473633,124.169582653597
126.159052576338,35.6472693426953,33.6520315596944,41.3258866477949,117.517883300781,107.436933729384,134.283925536676,104.608038634651,131.301017935345,111.932242785832,138.671841076442,48.4286757170753,145.597950206083,33.7535887788146,128.729170981959,131.927189900325,36.6342804349901,63.7940383728251,74.1095729106181,69.7981329371628,172.782371520996,57.5298498012009,52.7894388594346,47.0357126901495,90.1614396550022,31.2452897598922,39.1379737016678,18.4403824244746,73.6126704770465,112.0494253976,102.503873327778,20.5862877584534,107.30966150193,110.193033239815,65.3039604592466,168.468115234375,76.2166370330152,90.5750748343725,57.5337040857522,168.968940734863,136.484130859375,189.503821690877,163.106757027762,171.933668028634,152.896386909485,173.714513142904,113.212817844592,154.606187820435,88.5744104604612,172.212454646467,208.678916931152,101.824360201436,105.574938363027,107.41315939767,109.94555737979,203.649871826172,132.453390021073,67.809276753539,100.900111474828,146.481492420984,71.1126475622411,99.5467264543085,94.1291706342164,153.645202636719,167.22364127636,159.897572471982,107.943322727981,170.169204711914,185.955446243286,121.937732294554
75.8073717548001,113.794703801473,66.067889546413,54.0326749187543,14.0601017457683,116.576812157264,63.3015692036623,28.6307851762403,82.0043293963087,53.1444906246162,24.9100106736344,150.652974264962,44.74348406975,165.416854858398,86.8675401388928,79.3637948824665,48.7881940612152,110.162010733219,153.172362009684,128.176185671488,25.0848835918649,25.3552930429048,54.4147414741716,53.0156798904123,24.5266234044502,119.312644958496,126.312294522171,73.6126704770465,11.6811049544201,82.8271378716916,33.4958553114126,154.015808105469,131.925683702741,65.7347729577393,73.8717859572259,118.494045257568,138.021140289307,140.60518716764,70.6582613162857,126.165238406207,166.139694213867,133.346575164795,113.143113005789,137.927700165121,88.8668424987793,135.673895701974,185.159075927734,113.204994505822,197.682106018066,141.443090526336,119.761953353882,119.882724140966,172.192610931396,200.643903096517,190.126763237847,124.510044309828,120.465185423155,102.645869789124,132.51039759318,97.8284803792971,0,173.842745525081,145.524534319548,115.835043241861,142.641810924976,112.512836131972,204.904607137044,187.076358032227,125.978992067534,139.468151203637
17.8048347817551,91.0515351976667,114.454807848544,70.2387715284375,87.3666591801919,21.4364929316234,56.3244278065964,68.7992159678319,29.2936311140942,81.473937179103,87.5794743025598,67.9737724971956,98.2821034815207,75.0596575055804,22.4851218275525,55.0414423788747,99.8757449558803,102.28806151309,100.530189847321,108.441865163219,99.27018157472,56.1428336725154,75.7498307325402,88.0202933014416,84.6170963396576,66.1088798522949,111.251972278731,112.0494253976,82.8271378716916,11.5487082354923,33.8659795898533,97.635649617513,9.11893761685426,15.197011496099,34.1816352192208,150.329922993978,114.095039367676,156.977130126953,86.6103596952226,147.310272216797,0,186.809295654297,145.97069342477,165.725691477458,128.616165854714,192.897005948153,0,155.589862823486,93.6368293762207,153.153357228925,0,118.284987709739,189.884307861328,132.118336995443,189.983296394348,158.888442993164,136.339101409912,121.69018642719,139.779330444336,127.90419839629,134.677169799805,162.317519621416,160.723527938601,133.932284009629,161.329995727539,131.706983217051,190.304573059082,182.960388183594,148.049900054932,152.242482802447
27.4772111922903,91.0420125325521,78.4063123696342,54.7129247912862,101.674835791955,108.853707207574,90.8789234334772,20.653265202199,73.519096797018,56.5919927762249,108.834063869783,109.643149264447,130.48487218221,0,53.1164232390184,95.1435591379801,73.017019927817,81.2017079226199,123.21132944398,108.526337214024,128.909423828125,27.6582877570647,54.2896749722611,49.2089812077596,68.9265318870544,143.345268249512,126.874999087579,102.503873327778,33.4958553114126,33.8659795898533,11.9824311935353,153.280370076497,111.422186019573,40.5738834767643,43.4098771533737,128.249925231934,165.373809814453,137.71704120636,70.201568017523,125.83992767334,0,168.161140441895,115.898597788588,137.221664428711,89.0155673027039,165.024237060547,184.546325683594,0,213.566040039062,142.938578702966,0,98.1568870544434,161.163249424526,231.416641235352,198.703726632254,0,110.834200071252,72.2708118293859,116.859367370605,105.360810085316,142.860748291016,174.48693453881,152.938335765492,110.502426193887,141.470266515558,109.006740197203,198.541595458984,178.97541809082,116.501717249552,131.731549909038
0,68.4112692746249,102.653624725342,62.3674971397887,0,95.0856094360352,99.202392578125,158.546229044596,107.305802663167,131.370534261068,0,18.6904142670488,0,15.5467553498518,136.257069057888,0,0,97.3775383444393,52.7155344175256,66.7782420405635,200.719772338867,0,98.6288361459408,113.762968063354,126.315905761719,44.2096934975264,17.7520261569837,20.5862877584534,154.015808105469,97.635649617513,153.280370076497,7.23671761687219,99.7837743759155,0,78.5583041736058,0,127.580746459961,150.559219360352,72.6849601452167,0,0,0,0,0,185.152626037598,0,88.9205387115478,0,77.7201091567905,137.059131622314,0,0,0,99.4404186672635,119.679255052046,0,0,137.276206970215,205.475830078125,0,68.2764036927042,103.365782037245,104.168246637691,237.341323852539,193.000968933105,196.358917236328,99.9350058185168,0,0,135.888010297503
83.6015612284342,124.73855082194,140.601653651187,117.301086997986,89.6675567626953,10.6247461921861,22.8514531731262,120.063459189541,16.1398849042731,121.684385299683,117.681254660436,59.6322364827884,116.511658114056,75.8088677724202,15.5582067030235,35.7521933111952,129.274200439453,150.380741320158,90.2265535334951,96.9633881780836,125.659284591675,121.011463838465,109.379602432251,144.705709838867,123.849707641602,75.7060241699219,99.9708283130939,107.30966150193,131.925683702741,9.11893761685426,111.422186019573,99.7837743759155,5.695479036153,112.030234018962,31.188342113909,0,0,185.727691650391,122.533579312838,0,0,201.175987243652,179.380546569824,205.438955688477,0,183.403762817383,130.011032104492,0,87.3727722167969,217.196426391602,0,0,0,0,156.152145385742,0,0,0,0,162.509724934896,99.989429473877,175.472821044922,155.756260099865,171.453956240699,189.325958251953,179.622203826904,126.714564005534,0,0,189.866176605225
43.2466278963311,0,98.0574722290039,57.3441621531611,75.000356886122,52.9360084533691,94.4655614453693,63.8864885179228,84.4530678855048,55.5469022897574,77.8444769027385,92.3127133218866,94.8765964508057,0,39.3996984006721,98.5520286560059,73.4236484874379,84.867482731108,113.271927897135,101.637873903327,83.6055465698242,42.5486714314192,48.8142252422514,70.5679128452883,68.6813568702111,0,123.558386993408,110.193033239815,65.7347729577393,15.197011496099,40.5738834767643,0,112.030234018962,8.7501995884564,26.9336321672781,0,136.235900878906,128.882606506348,74.5652735233307,0,0,128.741516113281,119.252071634928,134.73210144043,109.129581451416,171.590560913086,0,0,0,121.586245218913,0,92.1086454391479,0,0,141.196853637695,0,104.738611602783,76.5694279670715,146.671706063407,109.260796382509,0,165.642248153687,150.17427964644,117.581060448471,148.728618621826,112.261719553094,0,0,147.653828938802,150.393804550171
70.3344677103546,57.4477552896018,61.9453783337499,60.7812705773574,77.4688477289109,32.5303455642507,59.301057332227,72.9559881775003,59.3061497772334,103.99179986807,79.4817356672443,30.4762461778138,94.8062000184263,73.1776307942916,51.8063159904991,64.0099293037697,74.7703279127558,38.0507145460892,62.4111572528919,46.4870942459702,90.1972047960436,42.1216201006863,66.7938533992302,48.5148393596542,81.8809097707751,64.5135300247757,63.2249418414919,65.3039604592466,73.8717859572259,34.1816352192208,43.4098771533737,78.5583041736058,31.188342113909,26.9336321672781,11.05707620759,162.196965535482,94.0273292295394,104.742448537942,79.6848675487487,151.779093424479,0,194.149864196777,152.152550591363,167.073269738091,122.459622701009,166.734410095215,160.481616973877,154.77837562561,127.003774854872,168.491921858354,0,114.588440461592,116.670384652274,126.429952181303,125.761138584303,204.155822753906,114.015925156443,79.1871586967917,120.261980943277,130.180031738281,103.431781475361,117.263602407355,111.542061730151,133.526849650651,155.876770973206,127.907628432564,130.699031405979,189.30842590332,109.023206075033,128.360712553325
139.631141662598,0,143.035579681396,144.08268737793,104.367983500163,0,0,123.537889753069,157.680885314941,0,146.678872426351,0,83.3434906005859,0,146.263479614258,0,0,173.298651123047,173.198501586914,193.062664794922,0,113.009754180908,0,157.257986886161,119.376068516781,0,167.872581481934,168.468115234375,118.494045257568,150.329922993978,128.249925231934,0,0,0,162.196965535482,11.4112654922709,99.4208068847656,109.903902441505,67.0033948953869,71.8786952678974,71.5017325083415,48.9742689177255,25.2486227206819,49.1696523615838,66.619789946313,56.1185982956577,117.713315375946,87.9312970759505,134.571001493014,17.7415489082038,17.5718163181754,90.2723167419434,104.752516493967,127.240923633314,118.717115184126,77.5318088015995,81.528731584549,81.9468389987946,105.255662722465,64.0798839024135,108.534858703613,123.797001051983,125.550393074437,82.2783029537636,17.8065486120426,26.8367641911624,140.068461947971,96.6734739303589,47.7888357115955,68.412356188803
121.193614959717,56.4924613952637,70.4372470051947,60.3892234501086,144.792907714844,0,159.798492431641,137.611282348633,165.839248657227,109.248580932617,160.70295715332,108.134485418146,0,105.984332158015,168.009173075358,142.275833129883,90.7697575887044,79.6906048994798,102.324742635091,90.7002533734855,0,0,65.0562820787783,81.526891188188,120.431602478027,65.2984135945638,82.4650772899839,76.2166370330152,138.021140289307,114.095039367676,165.373809814453,127.580746459961,0,136.235900878906,94.0273292295394,99.4208068847656,6.94708251710397,38.0265155318221,12.7446882654639,0,116.928840637207,133.241230010986,121.124042053223,151.891442435128,59.7225436734078,128.536410013835,62.3487386201557,114.580474853516,39.6644808834215,123.583107503255,95.5599670410156,71.6967684427897,52.3020822158968,78.1126292302058,62.0195746421814,0,82.9737794058664,22.1828064615582,64.8757776163392,68.1921451490753,18.1913882750926,52.1421808592478,25.3556663582618,121.034054946899,130.152400716146,108.519337245396,62.8295558293661,99.5965881347656,165.389007568359,63.3674615335743
145.564097086589,71.062082909249,89.0022341119961,77.8556658092298,164.015060424805,0,175.393188476562,158.528028048002,181.20926574707,121.68656539917,179.765296936035,130.577370383523,150.397399902344,172.104217529297,169.099936541389,0,100.497462956592,98.7819880631866,139.665904453823,115.914093457736,0,124.011746542794,68.4150363185189,93.9568468125745,133.536173184713,160.675277709961,112.855990557603,90.5750748343725,140.60518716764,156.977130126953,137.71704120636,150.559219360352,185.727691650391,128.882606506348,104.742448537942,109.903902441505,38.0265155318221,13.875791000768,43.310778180077,123.159380594889,167.111610412598,123.241011177225,87.5793611401069,111.973727125618,104.103689320882,97.534722661972,109.04151132757,162.537349155971,105.435589260525,112.072206262354,139.795684814453,74.4756846877764,37.7814482645544,87.718479185838,58.1238437637458,168.351776123047,62.08552607117,42.4261317793941,28.8327624841797,112.697261899017,96.1130676269531,33.7110539400977,34.4007056963652,68.4566763017355,126.72319957572,60.8989573996626,90.4315819991262,167.464839511447,113.123655192057,69.0572887278932
