7.1402869014001,0,71.1738273620605,53.6466079072324,65.5135758441427,90.2555338541667,30.0453927432392,30.1889450818724,24.5266631440247,54.6247740180244,49.5563525267004,134.635528564453,54.8352189395517,141.321853637695,11.3844500069554,33.0143868499332,47.8569725507935,98.5315899848938,0,127.394786834717,60.4070468275514,64.9960629498517,49.4046255208678,76.0045872468215,48.4892993524867,0,97.4566070556641,93.8374524797712,36.9921883951123,7.86921807113775,18.4585502421597,0,0,17.9050747461555,48.6702636173793,127.936990102132,0,0,71.3222983604254,82.7650985717773,0,138.686168670654,113.750743684315,135.060853004456,74.5769874572754,129.96491355896,0,86.8258870442708,0,137.423089599609,149.094337463379,120.585357666016,0,0,0,133.985122680664,0,102.021591186523,97.3244018554688,103.351256221174,0,0,126.57593536377,111.481711544208,0,0,0,0,124.000419616699,135.105360848563
0,6.48495698541604,28.3233137168999,9.51078603331426,0,0,0,0,0,75.195344543457,0,64.5945268534928,78.1359252929688,51.2240075249957,0,0,58.2750796477,40.2829158162712,71.4706945419312,55.3487683121039,0,75.7319686196067,12.6002001972591,45.6127671434835,48.3557434082031,20.4882995867862,31.6883666259902,26.3217025662552,75.0192693074544,97.6866683959961,100.086275602642,63.1031286875407,0,166.253784179688,45.8927716021012,140.759086608887,50.1309798104422,75.8560786247253,61.3383026123047,0,0,0,0,0,87.8599243164062,0,97.614900970459,0,95.401254442003,183.184494018555,0,0,76.2992660708544,99.6490592956543,77.8779278681828,0,0,44.228702545166,0,0,80.6384925842285,74.1501151576187,83.0527608962286,84.026969909668,189.469680786133,117.266591389974,109.591567993164,175.834442138672,0,88.1723815917969
71.1738273620605,28.3233137168999,9.58552750838007,30.0547913209087,0,0,0,0,0,80.0734252929688,0,69.2911993736444,0,89.3067512512207,0,113.807922363281,66.5665510077226,27.6969054251376,76.5102101533309,56.1591350748875,0,52.870555719715,32.4511635788088,16.5401457905519,88.9750442504883,76.4749844290993,14.8367485584863,23.3208862727663,41.3594760462994,64.5648026099572,51.7404652450817,95.2010276100852,0,67.5879461115057,39.7517028608977,137.111099243164,68.5934770003609,77.3368430683198,42.9908742359706,0,0,0,150.944046020508,158.395215352376,0,0,119.942476908366,0,131.607312520345,152.426567077637,0,106.117630004883,86.7374529911922,127.274524143764,111.926558234475,0,112.075888315837,46.8901202490716,90.9439628601074,110.178844451904,95.4207630157471,88.2067376939874,75.6216049495655,105.214784475473,0,102.501594543457,0,0,0,87.2522437151741
53.6466079072324,9.51078603331426,30.0547913209087,22.9947964141728,56.5697450637817,95.3626556396484,76.8136157989502,43.4406257534518,72.3208431667752,10.9670437871285,64.9820823186561,68.513112009788,46.4261476875532,48.1479160622375,69.0067454411433,44.4354057827511,37.7768322887705,44.2075617256856,76.1340855031774,55.9337843988398,58.7221124172211,43.3212908641295,11.7624695713283,40.1415863739935,28.233092579359,11.0496113697688,34.3765761177646,33.099653721639,34.301734096467,45.2355683064651,42.4972095450892,59.9428678240095,0,45.9320765842091,49.3636975865455,89.9409103393555,53.3394857134138,47.6788289797056,28.3364164372708,0,0,124.851127624512,132.122756958008,133.705541610718,28.0520168814329,87.4561576843262,102.780998923562,36.5842930475871,85.0611557006836,119.767192077637,37.0814196268717,96.563395690918,64.3736531759046,85.8347907066345,74.6481322001636,61.8266544342041,83.3984247843425,44.1756523572482,77.782515335083,32.9474659820101,18.8571283159585,59.8111152685676,53.4536189199145,65.9041574478149,105.665000915527,112.061212812151,81.7860107421875,0,0,68.2911088466644
65.5135758441427,0,0,56.5697450637817,8.42572045084402,0,61.6456046431032,38.025965108558,51.6679360903226,48.1119600744808,16.0961844570511,0,22.2579494617798,0,77.1276586532593,66.6880296325684,66.0966644287109,0,0,0,8.90018972428266,0,72.3658576965332,0,22.1630810028839,0,0,0,12.017481048558,64.5980366090033,53.2240130615234,0,132.702865600586,72.7486053011311,74.3573026657104,0,0,0,74.1892344156901,4.89060964441175,0,0,0,136.699920654297,87.8054724799262,139.494522094727,0,41.1669998168945,0,0,0,0,0,0,0,14.074606072071,0,0,0,99.3786039913402,0,0,0,123.733493804932,0,0,0,0,0,0
90.2555338541667,0,0,95.3626556396484,0,5.90217527787043,11.9103671965167,107.15834197998,8.60805442945174,0,112.177619934082,61.0950813293457,72.2988586425781,0,25.8979133592848,11.9752403433021,96.6480102539062,0,89.7137184143066,0,104.205291748047,0,95.2433090209961,0,84.5628509521484,86.3761825561523,84.108325958252,0,0,22.724868610845,109.363410949707,0,8.83382445367234,77.173038482666,28.8163591238169,0,0,0,0,0,0,0,0,0,0,0,0,0,0,0,0,0,0,0,0,0,0,0,0,128.89794921875,0,0,0,0,0,0,0,0,0,0
30.0453927432392,0,0,76.8136157989502,61.6456046431032,11.9103671965167,6.41090992066444,54.6185669461713,12.1307240044135,61.1581194477697,14.9355792011955,54.7644427727009,17.658753190327,75.5060577392578,22.4251298735595,12.7028201243068,72.5975144704183,0,70.4602432250977,73.9986190795898,36.6859633105142,92.5079528808594,69.593760172526,82.8919185638428,41.473624819018,71.4789581298828,78.7052841186523,0,56.8540734283063,19.5251666289635,59.6295863560268,0,20.8034509290254,40.3220702185147,21.9993454282288,208.002471923828,0,0,94.765772819519,0,0,136.294738769531,142.122848510742,152.390902709961,69.1106338500977,174.565439860026,0,40.8234578912908,0,176.240305582682,0,0,0,0,0,0,0,0,0,121.911714172363,0,0,0,136.021327427455,0,0,0,0,0,0
30.1889450818724,0,0,43.4406257534518,38.025965108558,107.15834197998,54.6185669461713,8.6208558734658,45.2150280689998,47.3919816053184,17.8084758551938,0,40.4844471594212,0,20.3177564221213,52.4348834029189,66.1992625100272,0,0,0,33.5416654358837,99.8319571358817,65.9438897046176,82.6972032026811,36.0255516560082,0,0,0,11.4384747231516,39.149977243487,16.3706450508639,0,117.615074157715,49.8917287899898,38.3592168088919,122.77924489975,0,143.181396484375,59.5094903146355,58.4431244986398,0,129.738381576538,96.4161642025679,127.38424987793,63.7085559695375,114.184162139893,182.597015380859,93.4315509796143,0,131.264100138346,108.028408050537,93.8328533172607,0,0,0,113.236662576365,0,0,133.52518081665,84.3041766374064,0,0,133.116760253906,100.431159525673,133.709632873535,0,0,0,136.36373647054,124.187088706277
24.5266631440247,0,0,72.3208431667752,51.6679360903226,8.60805442945174,12.1307240044135,45.2150280689998,8.39609347821864,65.186424358471,19.6431641751383,64.5549172295464,20.0340439042202,0,13.7941843928133,29.3843917315681,76.3657215221508,0,99.0165939331055,0,33.4335309001291,90.6611760457357,75.1867913942079,91.506630637429,34.4882008537298,0,88.9783668518066,117.452449798584,49.4975751676643,21.4903915491988,58.0532891345474,0,11.5680107791724,47.3378076645934,34.7867482597979,131.214492797852,0,0,86.3594066913311,77.8207807540894,0,146.614196777344,119.27916208903,153.691226196289,84.8206461126154,144.008417765299,0,44.2596112590725,0,0,0,0,0,0,0,156.953051249186,0,94.0653381347656,0,114.828824361165,0,0,0,130.179932912191,176.11589050293,0,0,0,161.943878173828,0
54.6247740180244,75.195344543457,80.0734252929688,10.9670437871285,48.1119600744808,0,61.1581194477697,47.3919816053184,65.186424358471,8.36563246887149,60.3854020725597,0,9.17031526129604,0,59.4500303268433,21.530034282961,33.9748813901629,0,0,0,39.8972517987515,45.1836412869967,14.0895680851407,44.061487197876,20.7972199777321,0,113.958679199219,73.5269610087077,31.4572224737633,51.2422117599713,44.3676650680114,0,0,56.4347670674324,45.4128631864275,0,0,108.413223266602,29.0143977333518,96.7946624755859,0,0,0,0,25.690913212605,99.4663753509521,0,39.4042371114095,0,0,0,0,0,0,0,83.8850631713867,0,0,0,46.9219836631379,0,0,0,119.755798339844,0,0,0,0,0,129.193054199219
49.5563525267004,0,0,64.9820823186561,16.0961844570511,112.177619934082,14.9355792011955,17.8084758551938,19.6431641751383,60.3854020725597,8.5876261211912,0,21.6208671215142,0,37.1888593686254,44.1241447793113,84.9143634796143,0,0,0,18.4847595975664,100.081089019775,86.3742060661316,102.726919809977,35.8122929677731,0,0,99.0604248046875,18.3255524190952,54.725840558372,52.4561474962932,0,0,63.6285629705949,61.2245272177237,0,0,0,75.5831558227539,27.6076940224823,0,188.461074829102,112.689554214478,133.454271316528,75.5549068450928,122.228660583496,0,35.6100713916631,0,0,0,121.20987701416,0,0,0,12.5646028972807,0,0,0,104.623123774453,0,0,245.831085205078,118.75043608013,151.393646240234,103.778564453125,0,0,0,0
134.635528564453,64.5945268534928,69.2911993736444,68.513112009788,0,61.0950813293457,54.7644427727009,0,64.5549172295464,0,0,12.0793838756879,0,18.2957381052978,56.2000007629395,0,116.624060630798,47.9852027638753,17.720574008939,30.9156011303947,0,104.014567155104,94.9038670649294,81.0681834387872,0,31.6385358268854,27.6928577113543,66.2878719159027,107.956893227317,49.8159110387166,98.4743850516073,39.2913851713974,59.7892393632369,114.560863494873,31.9494492966061,176.933547973633,102.863682883126,106.161643981934,115.700846862793,0,171.487442016602,0,0,0,0,0,75.9722339790184,0,74.9932598910489,147.990478515625,0,145.618072509766,123.920329623752,86.4736899834175,109.66195454317,0,153.32039642334,120.680445861816,180.402715047201,0,82.8212306184589,91.0040312443536,100.464740186467,0,0,140.781230926514,85.6568051955279,0,0,91.1588770548503
54.8352189395517,78.1359252929688,0,46.4261476875532,22.2579494617798,72.2988586425781,17.658753190327,40.4844471594212,20.0340439042202,9.17031526129604,21.6208671215142,0,6.66040047996494,0,42.3427868541918,10.4553428473347,61.4270535060338,0,0,0,12.6749936381533,61.8407001495361,48.1511930268386,101.503461201986,16.4078505682551,0,122.877540588379,149.563430786133,35.3554227728593,54.8387677159475,58.4051641806578,0,86.4713973999023,42.3211299602802,71.7150025618704,0,0,0,53.3908786773682,17.7538376516766,0,39.1684374809265,130.685649871826,164.17121887207,84.908275604248,76.7622547149658,0,6.33644352689293,0,0,0,0,0,0,223.486282348633,10.2882583491942,0,0,0,91.1979657341452,0,0,0,115.195037841797,152.986602783203,0,0,0,0,0
141.321853637695,51.2240075249957,89.3067512512207,48.1479160622375,0,0,75.5060577392578,0,0,0,0,18.2957381052978,0,8.27653648356859,73.1440811157227,0,0,76.3446487850613,46.7361901684811,58.9728975296021,0,105.031497955322,88.8085618972778,92.9472921159532,0,20.1821616596686,38.202349083928,11.1728065049577,116.281929016113,47.0589179992676,111.70785849435,14.6531788798301,64.9295501708984,0,47.9087215510094,0,93.454697227478,155.65266418457,127.063737135667,0,0,0,0,157.417114257812,134.24528503418,0,70.5676607365622,0,58.8276755756146,167.566075642904,0,0,104.149738311768,80.1322823391166,94.3643371119644,0,0,126.568683277477,124.04419708252,0,67.3534427767708,81.9367796450245,92.2523805954877,183.857131958008,101.69979095459,165.447246551514,79.564204191125,0,0,110.365799847771
11.3844500069554,0,0,69.0067454411433,77.1276586532593,25.8979133592848,22.4251298735595,20.3177564221213,13.7941843928133,59.4500303268433,37.1888593686254,56.2000007629395,42.3427868541918,73.1440811157227,6.32435087089587,27.3126912528071,68.9104629799172,0,121.29850769043,0,72.2044080969406,81.566884358724,65.4078680674235,86.3540077209473,53.6012029888249,0,84.838020324707,98.0380783081055,50.0212107250411,12.4666687893936,21.4239392953918,0,10.4020196184603,34.1963031381593,31.4790606835137,139.49857711792,0,0,78.1504898071289,0,0,144.46764755249,134.675247192383,141.398890177409,78.9674504597982,134.523081461589,0,102.461029052734,0,198.069931030273,0,0,0,0,0,0,115.660270690918,0,0,111.195876598358,0,0,0,128.718384552002,140.009460449219,0,0,0,0,145.063484191895
33.0143868499332,0,113.807922363281,44.4354057827511,66.6880296325684,11.9752403433021,12.7028201243068,52.4348834029189,29.3843917315681,21.530034282961,44.1241447793113,0,10.4553428473347,0,27.3126912528071,6.27762820014029,64.3040418624878,97.0939025878906,0,0,58.2928646697998,76.1600341796875,58.3132350921631,95.9708511352539,36.8974930039691,0,0,0,58.5049322524873,27.906986203061,57.4627751743092,0,39.7123778206961,29.7481108535955,23.9656944626256,0,0,0,58.1044273376465,0,0,171.809112548828,0,0,62.4688542683919,139.139526367188,0,36.3254522596087,0,0,0,0,0,0,0,0,0,0,0,81.7589439978966,0,0,0,131.942890712193,0,0,0,0,0,0
47.8569725507935,58.2750796477,66.5665510077226,37.7768322887705,66.0966644287109,96.6480102539062,72.5975144704183,66.1992625100272,76.3657215221508,33.9748813901629,84.9143634796143,116.624060630798,61.4270535060338,0,68.9104629799172,64.3040418624878,13.4202064209821,89.1648899575938,129.001856122698,117.004279242622,79.1768047332764,19.0978252247679,35.0298734705493,16.9451815021174,26.7428585036403,111.168594360352,104.888563202649,26.3732130977266,23.956042811552,37.123345350454,35.0136170500714,149.499946594238,0,42.9465452401379,46.7085684065674,0,0,104.158290863037,47.4359521865845,0,0,0,97.6610641479492,0,57.785940806071,0,0,138.97925567627,0,0,0,134.157531738281,178.775909423828,0,150.425659179688,107.944122314453,0,56.14040184021,133.210205078125,88.2185309483455,0,152.044387817383,103.128852844238,89.7711172103882,0,0,0,0,0,0
98.5315899848938,40.2829158162712,27.6969054251376,44.2075617256856,0,0,0,0,0,0,0,47.9852027638753,0,76.3446487850613,0,97.0939025878906,89.1648899575938,8.08582899086268,51.1475504136855,20.0868709499487,0,45.9131549980949,77.5967623058118,16.6354853670189,116.389493942261,66.1746305985884,15.0006087358814,48.1196155781216,73.2765256665738,90.5594727889351,78.1819436273472,81.297796037462,0,77.9954633712769,32.4779683341843,151.456832885742,87.4123611450195,92.7175176970813,76.8733183208265,0,0,0,0,200.778823852539,0,0,118.261709213257,0,133.617265065511,168.141983032227,0,131.515407562256,97.0410042557062,119.051443947686,104.65788303722,0,120.812543233236,84.9050601323446,118.095552544845,152.155858357747,92.2061706542969,94.1739288614757,92.4631794161646,149.943450927734,0,147.146000453404,115.528366088867,138.775573730469,0,105.295841591031
0,71.4706945419312,76.5102101533309,76.1340855031774,0,89.7137184143066,70.4602432250977,0,99.0165939331055,0,0,17.720574008939,0,46.7361901684811,121.29850769043,0,129.001856122698,51.1475504136855,7.52120481549214,14.5693013027796,0,112.950952075777,105.607366289411,97.8908929878107,0,43.4196942712843,20.7575768817461,67.9525106531441,114.480308532715,96.4623845418294,110.365071309408,51.3513021030645,0,119.039932250977,58.9023525442043,0,120.337419128418,135.391597747803,147.349837166922,0,0,0,0,0,0,0,96.2002581428079,0,89.0477272987366,153.926132202148,0,0,138.838031005859,97.1182600479552,110.873568092904,0,169.896926879883,138.442776997884,0,0,89.0656565752896,97.824000261832,104.030353514875,0,0,164.135520935059,98.2869900790128,0,0,115.263426836799
127.394786834717,55.3487683121039,56.1591350748875,55.9337843988398,0,0,73.9986190795898,0,0,0,0,30.9156011303947,0,58.9728975296021,0,0,117.004279242622,20.0868709499487,14.5693013027796,9.81316494605246,0,88.8003527473001,97.1472758513231,70.9025822713256,0,47.7514889308384,15.1140133908443,61.8025131525888,93.3037317593892,97.9063491821289,98.3340391217645,59.1790958625683,0,111.73214503697,45.7768970657569,151.315872192383,94.1999011569553,103.632484436035,100.07457447052,0,0,0,178.221298217773,0,0,0,107.877667401288,0,105.58075596736,0,0,155.048233032227,111.852482144795,107.058219511118,108.202117046678,0,143.729675292969,146.975889205933,127.187671954815,162.879867553711,79.1784986443476,97.6181141216521,104.494026508048,181.618431091309,0,170.08469543457,121.953117370605,0,0,125.285537414551
60.4070468275514,0,0,58.7221124172211,8.90018972428266,104.205291748047,36.6859633105142,33.5416654358837,33.4335309001291,39.8972517987515,18.4847595975664,0,12.6749936381533,0,72.2044080969406,58.2928646697998,79.1768047332764,0,0,0,8.38210076535567,93.0538787841797,70.1505737304688,102.939666748047,19.0021151672955,0,0,147.242828369141,18.9227632055348,60.2016346451997,50.2629070628773,0,0,66.4428705614667,70.401317762292,0,0,0,76.796630859375,5.7416804741679,0,135.704071044922,111.122253417969,0,77.5463224138532,74.22310034434,0,11.1969080981363,0,0,0,0,0,0,0,5.76161245775945,0,0,0,75.3183148562908,0,0,0,96.5523010253906,0,0,0,0,0,154.082565307617
64.9960629498517,75.7319686196067,52.870555719715,43.3212908641295,0,0,92.5079528808594,99.8319571358817,90.6611760457357,45.1836412869967,100.081089019775,104.014567155104,61.8407001495361,105.031497955322,81.566884358724,76.1600341796875,19.0978252247679,45.9131549980949,112.950952075777,88.8003527473001,93.0538787841797,8.0945712380648,37.793523549785,16.0813738753413,14.6576640772721,93.8260943094889,94.2908398310343,42.1426199483507,11.7128912599472,53.6866913168771,16.9037057287151,94.4044189453125,0,56.1714327675956,36.6833143033422,107.558692932129,0,0,105.863748550415,0,0,0,0,119.150505065918,0,163.88623046875,185.002899169922,0,0,121.799217224121,0,143.226928710938,0,0,0,0,0,124.876174926758,0,83.3927398681641,0,165.265099843343,0,103.21380506243,0,0,0,0,0,120.206283569336
49.4046255208678,12.6002001972591,32.4511635788088,11.7624695713283,72.3658576965332,95.2433090209961,69.593760172526,65.9438897046176,75.1867913942079,14.0895680851407,86.3742060661316,94.9038670649294,48.1511930268386,88.8085618972778,65.4078680674235,58.3132350921631,35.0298734705493,77.5967623058118,105.607366289411,97.1472758513231,70.1505737304688,37.793523549785,6.97543782611417,33.8628614073556,9.49656171095068,67.3992095830786,81.218128897927,29.4659809392025,31.7502470129853,36.396264202092,32.0175612159281,100.638068459251,0,36.5974546432495,47.2086752686797,91.0355682373047,68.059814453125,51.2656177623852,51.170109835538,0,0,118.984992980957,78.8004341125488,0,44.7048047383626,62.8914947509766,130.375705718994,0,0,0,0,77.3469123840332,85.110466003418,142.620712280273,120.032733917236,91.504264831543,70.7126846313477,16.9935589134693,58.1115174793062,61.2120109065886,0,83.1858673095703,51.1669106637278,89.9177449544271,0,119.278137207031,134.105239868164,0,0,75.3816970825195
76.0045872468215,45.6127671434835,16.5401457905519,40.1415863739935,0,0,82.8919185638428,82.6972032026811,91.506630637429,44.061487197876,102.726919809977,81.0681834387872,101.503461201986,92.9472921159532,86.3540077209473,95.9708511352539,16.9451815021174,16.6354853670189,97.8908929878107,70.9025822713256,102.939666748047,16.0813738753413,33.8628614073556,11.2039975684992,37.1596845961236,85.8033240880722,53.0667778498381,32.2770309468786,19.3241458124248,56.0970118540638,30.0170965019007,111.296834945679,0,59.285858286982,36.5919640959444,0,73.4396881103516,87.5306464534103,54.5717890603202,0,0,133.090545654297,138.587799072266,142.053480148315,71.2313423156738,137.870014190674,130.904861450195,0,0,160.663940429688,0,112.787990570068,105.431836022271,133.353560129801,138.673837723271,0,116.172388076782,55.9477209308804,100.368890466824,84.4469650268555,134.805336952209,126.009927448473,87.6230967712402,109.186407906669,0,131.861198425293,0,0,0,109.556963602702
48.4892993524867,48.3557434082031,88.9750442504883,28.233092579359,22.1630810028839,84.5628509521484,41.473624819018,36.0255516560082,34.4882008537298,20.7972199777321,35.8122929677731,0,16.4078505682551,0,53.6012029888249,36.8974930039691,26.7428585036403,116.389493942261,0,0,19.0021151672955,14.6576640772721,9.49656171095068,37.1596845961236,9.22753951163588,0,0,61.2463674419805,15.5907871499242,50.1497772772383,43.4670203515213,0,0,44.2636777567746,49.3789741164404,119.571431477865,0,107.397064208984,56.0200416680538,80.6062573024205,0,111.340835571289,99.5831474891076,128.482438659668,51.5161564122492,102.445788942534,0,63.1779279708862,0,112.122817993164,75.9554180569119,0,0,0,0,86.5208363966508,0,0,0,66.8660410140332,0,0,0,94.9135220356477,0,0,0,0,167.281280517578,136.251083374023
0,20.4882995867862,76.4749844290993,11.0496113697688,0,86.3761825561523,71.4789581298828,0,0,0,0,31.6385358268854,0,20.1821616596686,0,0,111.168594360352,66.1746305985884,43.4196942712843,47.7514889308384,0,93.8260943094889,67.3992095830786,85.8033240880722,0,9.64958102097351,34.3944637324226,22.619880410349,121.514537811279,106.554756164551,112.656890282264,40.2664888266361,0,123.850700378418,53.4454167793537,0,88.3694868087769,129.912117004395,66.0897509256999,0,0,0,175.494689941406,0,0,0,65.6765848068964,0,60.9729278180852,114.853004455566,0,0,92.6651962280273,70.6153269390727,79.9779008434665,0,0,98.8672294616699,159.963368733724,0,62.2310603748668,68.2661179240888,70.5577755632072,0,0,106.613166809082,70.3692736906164,0,0,96.9778490066528
97.4566070556641,31.6883666259902,14.8367485584863,34.3765761177646,0,84.108325958252,78.7052841186523,0,88.9783668518066,113.958679199219,0,27.6928577113543,122.877540588379,38.202349083928,84.838020324707,0,104.888563202649,15.0006087358814,20.7575768817461,15.1140133908443,0,94.2908398310343,81.218128897927,53.0667778498381,0,34.3944637324226,8.80589826703006,22.9780592887066,69.8936529459444,94.8410473991843,89.5890855716385,16.8821190597379,0,112.975512186686,53.9328530374477,164.88967191256,79.5389227255797,96.8251857503255,78.3403263092041,0,0,127.86164855957,160.463012695312,186.400329589844,0,172.307586669922,95.6252220799683,0,93.3943845837615,152.923530578613,0,143.906762440999,92.0451490982719,94.5823936056584,93.7684333882146,0,132.221984863281,101.66088329662,120.430806344016,160.412490844727,67.8159520454501,84.0677418805166,88.6806753855914,137.652402605329,167.576243082682,142.13470023019,94.7053533590065,0,150.058629353841,101.200138860279
93.8374524797712,26.3217025662552,23.3208862727663,33.099653721639,0,0,0,0,117.452449798584,73.5269610087077,99.0604248046875,66.2878719159027,149.563430786133,11.1728065049577,98.0380783081055,0,26.3732130977266,48.1196155781216,67.9525106531441,61.8025131525888,147.242828369141,42.1426199483507,29.4659809392025,32.2770309468786,61.2463674419805,22.619880410349,22.9780592887066,10.8983659067297,51.6390780001554,76.3568448667173,78.9022696751307,21.1266934781478,93.108154296875,76.0129144287109,55.6704754207827,168.352774483817,90.1670065579349,81.7698033364228,65.2327180416026,0,0,170.286796569824,154.79686609904,161.172280883789,0,179.58723449707,101.578586013229,130.13948059082,99.5874757675898,145.556758880615,0,138.034152439662,97.9960657660641,98.6703141726513,100.687717907802,0,126.604110209147,58.4511279941346,102.608000286555,156.521453857422,68.906540315314,88.6009387117364,91.9245797179927,113.995537926169,151.410497665405,131.464700927734,107.407403400966,182.391250610352,124.943855285645,106.583098671653
36.9921883951123,75.0192693074544,41.3594760462994,34.301734096467,12.017481048558,0,56.8540734283063,11.4384747231516,49.4975751676643,31.4572224737633,18.3255524190952,107.956893227317,35.3554227728593,116.281929016113,50.0212107250411,58.5049322524873,23.956042811552,73.2765256665738,114.480308532715,93.3037317593892,18.9227632055348,11.7128912599472,31.7502470129853,19.3241458124248,15.5907871499242,121.514537811279,69.8936529459444,51.6390780001554,8.82800444951384,37.2037197538125,18.5074713252374,119.285293579102,98.1028213500977,49.0813572927305,32.6669103120271,117.370016659007,0,124.282222747803,52.4975062018459,49.1262616522518,0,117.708514857937,91.1896072778946,113.893475502416,62.1493354688372,107.012670629165,178.962280273438,75.9946714083354,0,118.886254446847,90.6250756581624,104.685928344727,135.086222330729,0,157.49186706543,104.914954566956,122.525871276855,77.8783747355143,125.163012695313,78.0328618184733,160.143768310547,137.563506126404,133.98307800293,93.9202823452287,111.56270904541,68.4302139282227,0,0,111.164909362793,124.09578371048
7.86921807113775,97.6866683959961,64.5648026099572,45.2355683064651,64.5980366090033,22.724868610845,19.5251666289635,39.149977243487,21.4903915491988,51.2422117599713,54.725840558372,49.8159110387166,54.8387677159475,47.0589179992676,12.4666687893936,27.906986203061,37.123345350454,90.5594727889351,96.4623845418294,97.9063491821289,60.2016346451997,53.6866913168771,36.396264202092,56.0970118540638,50.1497772772383,106.554756164551,94.8410473991843,76.3568448667173,37.2037197538125,8.59602458324506,11.8194151019423,0,7.10779789255458,14.2000612954778,22.4888926849321,120.862428283691,0,0,66.4906298773629,77.6636701311384,0,130.071296691895,112.892745494843,128.57222707648,70.7709531784058,120.298199017843,0,92.7950328480114,0,130.194918314616,0,117.638593037923,0,104.734130859375,0,133.014879499163,98.3388214111328,81.6699867248535,124.177383422852,97.3940643310547,0,154.007080078125,153.647430419922,105.43433380127,123.285446166992,110.688865661621,0,0,0,131.786103820801
18.4585502421597,100.086275602642,51.7404652450817,42.4972095450892,53.2240130615234,109.363410949707,59.6295863560268,16.3706450508639,58.0532891345474,44.3676650680114,52.4561474962932,98.4743850516073,58.4051641806578,111.70785849435,21.4239392953918,57.4627751743092,35.0136170500714,78.1819436273472,110.365071309408,98.3340391217645,50.2629070628773,16.9037057287151,32.0175612159281,30.0170965019007,43.4670203515213,112.656890282264,89.5890855716385,78.9022696751307,18.5074713252374,11.8194151019423,8.72055191048335,125.463280814035,0,40.7491394582421,36.4675199589231,110.55871963501,0,126.363414764404,52.4763122558594,0,0,0,119.836799621582,121.764183044434,69.3443894386292,119.105880737305,167.208473205566,190.868240356445,0,118.857955932617,0,108.465629577637,137.983963012695,165.404048919678,172.785314559937,118.532081604004,0,66.0880222320557,0,92.665746307373,166.843317667643,150.565287780762,154.629627227783,98.1466845344095,0,220.299255371094,211.960083007812,0,0,141.823600769043
0,63.1031286875407,95.2010276100852,59.9428678240095,0,0,0,0,0,0,0,39.2913851713974,0,14.6531788798301,0,0,149.499946594238,81.297796037462,51.3513021030645,59.1790958625683,0,94.4044189453125,100.638068459251,111.296834945679,0,40.2664888266361,16.8821190597379,21.1266934781478,119.285293579102,0,125.463280814035,5.28097102180307,0,120.929916381836,75.1392045947089,0,128.291923522949,126.044624328613,146.559614562988,0,0,0,0,0,0,0,88.4003311157227,0,87.8686947178196,0,0,0,139.890827941895,94.7123134183568,106.983569469267,0,0,144.735033671061,186.90193939209,0,89.7377307697878,92.5904515912456,103.595334345937,196.116912841797,145.089462280273,170.975494384766,98.5792208389497,0,0,109.842363834381
0,0,0,0,132.702865600586,8.83382445367234,20.8034509290254,117.615074157715,11.5680107791724,0,0,59.7892393632369,86.4713973999023,64.9295501708984,10.4020196184603,39.7123778206961,0,0,0,0,0,0,0,0,0,0,0,93.108154296875,98.1028213500977,7.10779789255458,0,0,5.24638822775548,0,31.1444637165513,0,0,0,0,0,0,0,0,0,0,0,0,0,0,0,0,0,0,0,0,0,0,0,0,0,0,0,0,0,0,0,0,0,0,0
17.9050747461555,166.253784179688,67.5879461115057,45.9320765842091,72.7486053011311,77.173038482666,40.3220702185147,49.8917287899898,47.3378076645934,56.4347670674324,63.6285629705949,114.560863494873,42.3211299602802,0,34.1963031381593,29.7481108535955,42.9465452401379,77.9954633712769,119.039932250977,111.73214503697,66.4428705614667,56.1714327675956,36.5974546432495,59.285858286982,44.2636777567746,123.850700378418,112.975512186686,76.0129144287109,49.0813572927305,14.2000612954778,40.7491394582421,120.929916381836,0,6.30507941847971,9.96926209120483,0,0,0,76.6109844554554,100.62585067749,0,163.473419189453,87.7453002929688,168.915916442871,39.0647583007812,126.241516113281,0,0,0,0,0,0,0,0,0,130.111541748047,0,57.5623550415039,0,102.347461993878,0,0,100.487945556641,110.996543884277,0,0,0,0,0,137.078735351562
48.6702636173793,45.8927716021012,39.7517028608977,49.3636975865455,74.3573026657104,28.8163591238169,21.9993454282288,38.3592168088919,34.7867482597979,45.4128631864275,61.2245272177237,31.9494492966061,71.7150025618704,47.9087215510094,31.4790606835137,23.9656944626256,46.7085684065674,32.4779683341843,58.9023525442043,45.7768970657569,70.401317762292,36.6833143033422,47.2086752686797,36.5919640959444,49.3789741164404,53.4454167793537,53.9328530374477,55.6704754207827,32.6669103120271,22.4888926849321,36.4675199589231,75.1392045947089,31.1444637165513,9.96926209120483,11.6857513105123,150.402709960938,101.095125198364,92.1967150948264,76.265272028306,0,0,134.371978759766,142.000213623047,157.932546615601,85.7433042526245,151.100250244141,106.524973297119,0,130.039257929875,127.993461608887,0,0,95.9635133743286,125.660520350679,109.831967671712,96.4610061645508,113.487937927246,68.6248013973236,113.410323460897,101.695747375488,87.0608190648696,100.229483373417,100.482876804459,109.795440673828,0,136.486428833008,98.8354197910854,0,163.68115234375,120.30309193929
127.936990102132,140.759086608887,137.111099243164,89.9409103393555,0,0,208.002471923828,122.77924489975,131.214492797852,0,0,176.933547973633,0,0,139.49857711792,0,0,151.456832885742,0,151.315872192383,0,107.558692932129,91.0355682373047,0,119.571431477865,0,164.88967191256,168.352774483817,117.370016659007,120.862428283691,110.55871963501,0,0,0,150.402709960938,11.6851954452191,107.03191502889,80.4671174422554,60.9763046095106,70.4030703291108,57.2893686294556,37.1833511983476,30.0653948392788,20.1046232583704,57.7330507390639,48.965286054942,114.167560797471,52.7297216892242,140.050534142388,13.3613296492584,25.8409684334678,45.0012188651345,93.6510883967082,126.669587990672,115.136979700307,61.9557313579816,68.5956629723618,51.0426341692607,77.9313067267923,56.3838530905703,126.713922627767,109.620745665836,108.501216198536,57.1288651666886,9.58404599862569,17.7155428966596,0,66.664865221296,17.1618639493543,37.333714946741
0,50.1309798104422,68.5934770003609,53.3394857134138,0,0,0,0,0,0,0,102.863682883126,0,93.454697227478,0,0,0,87.4123611450195,120.337419128418,94.1999011569553,0,0,68.059814453125,73.4396881103516,0,88.3694868087769,79.5389227255797,90.1670065579349,0,0,0,128.291923522949,0,0,101.095125198364,107.03191502889,7.10432505866226,30.2010362498519,9.22898863763012,122.260307312012,0,122.307561238607,103.05925951506,121.186771392822,73.027557849884,109.403310394287,61.0548570238311,0,49.772184604385,113.34587097168,0,65.5770758267107,50.9959111252769,75.0866931768564,60.8147233760718,0,76.1858609722507,13.8404664797956,61.4980815997623,81.3065129060012,15.215951678657,40.4398577019155,28.9272802640497,76.6090484619141,121.321580251058,95.8530236350165,69.36305809021,74.9932975769043,131.280391693115,56.8962936702924
0,75.8560786247253,77.3368430683198,47.6788289797056,0,0,0,143.181396484375,0,108.413223266602,0,106.161643981934,0,155.65266418457,0,0,104.158290863037,92.7175176970813,135.391597747803,103.632484436035,0,0,51.2656177623852,87.5306464534103,107.397064208984,129.912117004395,96.8251857503255,81.7698033364228,124.282222747803,0,126.363414764404,126.044624328613,0,0,92.1967150948264,80.4671174422554,30.2010362498519,9.17899273644804,35.5373909763147,144.479446411133,125.80493927002,103.263326009115,85.6798203958047,99.6592800932111,0,80.8985699069115,75.1518710435495,117.550628662109,77.9926413127354,97.7146017968238,94.468314244197,67.9723536887865,38.3609458741925,78.1080981824525,57.2912719904721,127.114784240723,50.9510145970245,34.0289810454823,21.4685947880441,103.195314025879,86.8834870282341,25.5423692617313,21.1633943782306,47.295084906755,90.1929166240077,41.6106610383524,61.9994583129883,65.109504699707,86.7275681495667,49.4093298233545
71.3222983604254,61.3383026123047,42.9908742359706,28.3364164372708,74.1892344156901,0,94.765772819519,59.5094903146355,86.3594066913311,29.0143977333518,75.5831558227539,115.700846862793,53.3908786773682,127.063737135667,78.1504898071289,58.1044273376465,47.4359521865845,76.8733183208265,147.349837166922,100.07457447052,76.796630859375,105.863748550415,51.170109835538,54.5717890603202,56.0200416680538,66.0897509256999,78.3403263092041,65.2327180416026,52.4975062018459,66.4906298773629,52.4763122558594,146.559614562988,0,76.6109844554554,76.265272028306,60.9763046095106,9.22898863763012,35.5373909763147,43.1149402040196,31.4589630514383,0,71.9423609672509,48.1846735640006,70.1040032606858,14.0674195569137,61.2582795443951,68.9354743492313,39.6067404186024,62.8867554601455,76.1492658068786,49.3125427708481,37.8129140206103,49.0086501171062,70.8327014093814,55.682085664376,67.7805551267138,48.9225919723511,22.0255978058671,39.9614257739561,26.9716893890679,24.2028851733333,39.5997997378385,33.5335275745392,39.6916248425895,78.3053228822473,53.2518033143819,68.7031917572021,72.8388214111328,54.320250584529,59.026812325254
82.7650985717773,0,0,0,4.89060964441175,0,0,58.4431244986398,77.8207807540894,96.7946624755859,27.6076940224823,0,17.7538376516766,0,0,0,0,0,0,0,5.7416804741679,0,0,0,80.6062573024205,0,0,0,49.1262616522518,77.6636701311384,0,0,0,100.62585067749,0,70.4030703291108,122.260307312012,144.479446411133,31.4589630514383,8.42932057837456,0,48.5561779122604,43.3807274331438,78.384848349435,29.7519616263253,15.7307282660472,126.915267944336,16.613875542358,0,89.3272699724164,89.3350553512573,73.3793563842773,0,0,146.583114624023,9.7964879859643,110.662994384766,90.3098189036051,113.138206481934,12.4502147857485,0,191.456146240234,160.967094421387,9.47016528053796,83.2382805897639,94.7020301818848,0,0,75.2405035836356,81.6839813297078
0,0,0,0,0,0,0,0,0,0,0,171.487442016602,0,0,0,0,0,0,0,0,0,0,0,0,0,0,0,0,0,0,0,0,0,0,0,57.2893686294556,0,125.80493927002,0,0,7.25119990421112,9.09740378416944,99.8256708780925,9.33187523496912,0,96.0827217102051,55.7817821502686,0,57.3310928344727,25.7546051231163,12.1805376491,93.1025047302246,0,89.1284561157227,74.5966529846191,105.333198547363,99.8431091308594,84.761100769043,99.1494598388672,88.7878036499023,0,78.8035888671875,90.4474411010742,99.5916080474854,22.1918577093527,0,0,11.3156494443947,42.6792907714844,33.0505666996234
138.686168670654,0,0,124.851127624512,0,0,136.294738769531,129.738381576538,146.614196777344,0,188.461074829102,0,39.1684374809265,0,144.46764755249,171.809112548828,0,0,0,0,135.704071044922,0,118.984992980957,133.090545654297,111.340835571289,0,127.86164855957,170.286796569824,117.708514857937,130.071296691895,0,0,0,163.473419189453,134.371978759766,37.1833511983476,122.307561238607,103.263326009115,71.9423609672509,48.5561779122604,9.09740378416944,8.07889129297994,53.8134076068079,14.8941475481289,67.8925652566709,21.2690476895814,60.680072148641,20.7658256739545,136.48966217041,27.3699414423994,11.4819919181857,73.0244643953111,131.785182952881,107.158020655314,123.142274475098,29.0305574248942,100.641863505046,72.6726134532207,92.2452063424247,48.7010981360736,0,130.587438155194,109.830788506402,55.4860498193687,23.014042119897,72.9440496278846,94.2540588378906,12.7680175420553,71.6934859466553,45.6221263480397
113.750743684315,0,150.944046020508,132.122756958008,0,0,142.122848510742,96.4161642025679,119.27916208903,0,112.689554214478,0,130.685649871826,0,134.675247192383,0,97.6610641479492,0,0,178.221298217773,111.122253417969,0,78.8004341125488,138.587799072266,99.5831474891076,175.494689941406,160.463012695312,154.79686609904,91.1896072778946,112.892745494843,119.836799621582,0,0,87.7453002929688,142.000213623047,30.0653948392788,103.05925951506,85.6798203958047,48.1846735640006,43.3807274331438,99.8256708780925,53.8134076068079,9.59806804089797,50.9404088167958,51.8758753908878,19.9359638637076,126.033759435018,38.9233386606202,157.685552978516,28.6515176739208,62.7443747171542,50.5849376405988,92.007141559682,132.890206718445,120.502657572428,38.6923201349046,56.0522977604586,57.098456027461,51.0747674306234,28.9582703579137,118.504664829799,116.974191225492,83.5466106512608,19.8742895599709,41.6003489485083,15.4346310744935,0,109.144040788923,48.9302973367636,62.761774652528
135.060853004456,0,158.395215352376,133.705541610718,136.699920654297,0,152.390902709961,127.38424987793,153.691226196289,0,133.454271316528,0,164.17121887207,157.417114257812,141.398890177409,0,0,200.778823852539,0,0,0,119.150505065918,0,142.053480148315,128.482438659668,0,186.400329589844,161.172280883789,113.893475502416,128.57222707648,121.764183044434,0,0,168.915916442871,157.932546615601,20.1046232583704,121.186771392822,99.6592800932111,70.1040032606858,78.384848349435,9.33187523496912,14.8941475481289,50.9404088167958,9.42979508257024,69.3684688006645,24.710705631708,64.4611050065878,35.6040541365759,98.5695919036865,16.9699400490077,24.9617547957959,66.8323729647649,122.876091751398,106.641852686955,129.112965781734,57.236449632285,94.3285530353415,69.5858495494731,88.2064980738666,64.5909551147904,139.936522165934,128.064546014718,109.220346010648,62.3229379734146,22.8077811404684,62.7177861314295,96.3913711547852,10.8296318475548,64.3060852686564,38.3109361938572
74.5769874572754,87.8599243164062,0,28.0520168814329,87.8054724799262,0,69.1106338500977,63.7085559695375,84.8206461126154,25.690913212605,75.5549068450928,0,84.908275604248,134.24528503418,78.9674504597982,62.4688542683919,57.785940806071,0,0,0,77.5463224138532,0,44.7048047383626,71.2313423156738,51.5161564122492,0,0,0,62.1493354688372,70.7709531784058,69.3443894386292,0,0,39.0647583007812,85.7433042526245,57.7330507390639,73.027557849884,0,14.0674195569137,29.7519616263253,0,67.8925652566709,51.8758753908878,69.3684688006645,6.35729407527929,62.6362230068928,130.126901626587,13.926383535672,116.457860310872,73.5708674458624,10.067912006353,38.2345699830489,186.909317016602,149.566345214844,0,45.4222964800321,53.0474430847168,12.1541940227468,50.4310828499172,15.2014662909147,0,158.753496805827,103.140485491071,40.224137121868,79.0186729431152,54.3751325787238,0,121.36572265625,56.1088280397303,71.9308107164171
129.96491355896,0,0,87.4561576843262,139.494522094727,0,174.565439860026,114.184162139893,144.008417765299,99.4663753509521,122.228660583496,0,76.7622547149658,0,134.523081461589,139.139526367188,0,0,0,0,74.22310034434,163.88623046875,62.8914947509766,137.870014190674,102.445788942534,0,172.307586669922,179.58723449707,107.012670629165,120.298199017843,119.105880737305,0,0,126.241516113281,151.100250244141,48.965286054942,109.403310394287,80.8985699069115,61.2582795443951,15.7307282660472,96.0827217102051,21.2690476895814,19.9359638637076,24.710705631708,62.6362230068928,9.67420573259635,135.937162225897,19.2093079825096,175.793182373047,40.6469681627392,49.0903023596309,81.2958088466099,123.198594134787,149.472874641418,135.904097239176,16.8430949738152,83.9145666758219,71.4935036722819,74.7946076370741,27.0507062410077,115.101654052734,113.154246457711,94.4386241232702,21.8538737684955,70.8492927662323,50.1391702993417,0,118.045997619629,65.9166485538799,74.7049760511859
0,97.614900970459,119.942476908366,102.780998923562,0,0,0,182.597015380859,0,0,0,75.9722339790184,0,70.5676607365622,0,0,0,118.261709213257,96.2002581428079,107.877667401288,0,185.002899169922,130.375705718994,130.904861450195,0,65.6765848068964,95.6252220799683,101.578586013229,178.962280273438,0,167.208473205566,88.4003311157227,0,0,106.524973297119,114.167560797471,61.0548570238311,75.1518710435495,68.9354743492313,126.915267944336,55.7817821502686,60.680072148641,126.033759435018,64.4611050065878,130.126901626587,135.937162225897,9.8628958265825,126.304267883301,10.2548355101044,64.5296855783718,64.4643627513539,109.602784998277,49.6095007697621,19.6861220440921,26.7346062764066,129.666518075126,79.8706138721411,91.2232733154297,81.8724503592839,127.840563456217,25.9842868710831,28.6231433511379,57.4631064817867,110.790900213068,50.311860720033,92.345943468034,15.8308070817775,51.9157398651386,107.157450358073,26.5718870969737
