8.67250224972983,109.506062825521,97.8146411754467,67.2845903919861,75.2285089038667,62.9480539209702,42.82296818306,21.5548024490511,20.4059681226532,64.1262437320723,36.9746739049168,128.415535776239,63.8175562690286,131.305793762207,11.0866308405693,41.7337282271612,97.1522029529918,99.7775167382282,141.621743520101,123.86586110076,62.0307868823671,64.2143437934644,64.4945458003453,88.6719336876502,59.4118132649541,129.663987552418,127.169772785466,128.542490027933,48.8490937001421,10.048263907597,21.0431225783353,164.452606201172,73.3883750552223,32.0764563764845,49.8772331107376,0,0,159.134628295898,0,0,0,0,119.523872375488,163.46053314209,76.356204693134,123.963053385417,0,98.4615249633789,0,144.182634353638,0,192.003692626953,0,0,172.523422241211,115.609352111816,0,123.395309448242,148.018547058105,99.5181598085346,0,0,163.48097076416,116.687488979763,182.596252441406,0,0,0,0,0
109.506062825521,7.96463670846134,34.808944317179,10.7138633489609,0,0,0,104.906976699829,0,95.8132171630859,0,56.1233062744141,0,42.640051347238,131.323318481445,0,61.0536558151245,47.5508088249449,64.4980884898793,46.0600098509538,0,79.2086351328883,20.414674779265,71.2412542578292,90.6180982087788,16.2758318362353,36.2799021412837,25.3677781427459,88.554897626241,105.682162651649,99.1133093582956,78.5189018249512,0,106.088806152344,51.1632266893779,203.984130859375,62.1505228678385,63.1314454078674,43.3022613525391,0,0,0,0,0,0,0,0,0,81.9051818847656,0,0,108.924797058105,74.4245794387091,0,80.9087224687849,0,0,63.3548622131348,79.9796257019043,0,62.3656387329102,68.3099792155814,64.7635538681694,117.342973327637,0,101.259554545085,0,0,0,73.1237201690674
97.8146411754467,34.808944317179,9.78402584277389,37.1325643341467,0,0,131.955047607422,84.0237429183342,0,80.2932374742296,91.0984359741211,82.2734506296557,0,78.6777783562155,116.898880004883,0,69.7859531070875,33.3864806838364,78.9313404980828,60.3693933513955,0,55.5831876827904,37.2577037730459,20.430555751038,88.1934653110192,71.1925580766466,21.6502307444851,27.6537953663216,51.4246389698594,101.148975499471,68.1795525732337,88.6133885383606,0,95.094227382115,49.7126348442006,156.810616629464,56.2045803070068,72.9755174862878,75.9484266553606,166.631683349609,0,181.669525146484,126.723819591381,172.090124511719,85.6778602600098,148.121237860786,158.547859191895,192.804092407227,144.30549621582,0,0,93.7530047098796,84.7069653370341,0,111.236208234515,0,96.7123853243314,51.8656193819913,83.7483360453433,138.553276062012,95.7086563110352,96.5660438537598,76.9644601216735,122.573334682135,182.607172648112,108.872840372721,0,0,123.93363571167,94.6224042044745
67.2845903919861,10.7138633489609,37.1325643341467,18.8986995077845,76.7906345568205,114.959154211957,82.0378530053798,42.0860802120812,76.9920153369793,21.0137762464684,52.7725346720117,36.4265161784349,74.0298784044054,30.329968195283,82.8673037503061,91.8125805101897,41.9450856788173,54.7358812852339,47.444846506472,49.6429747664221,78.1459254794651,48.3696134270562,21.9789707982298,39.2316837164145,32.4243068750622,18.0125003503021,40.184363583219,33.381379674753,42.2502490321853,75.5560835835661,65.5569216663619,44.2936088562012,123.389736938477,59.1035937903062,64.3906168486288,95.1169191996257,37.2007048470633,50.23901720047,22.729904267695,0,0,0,119.344842910767,127.526809692383,23.2546059555478,184.587532043457,41.4039022127787,41.0284805297852,38.9274916146931,150.084945678711,0,74.4136456383599,57.7353494225479,0,56.2978646249482,0,66.0206505911691,27.3389535042846,58.6784172553521,44.1569382609153,33.8230702205258,56.2406751931119,49.5044094217235,91.265817006429,169.663391113281,87.1170466105143,98.1335544586182,142.051727294922,0,54.4476041379182
75.2285089038667,0,0,76.7906345568205,8.46809987980766,111.870109558105,66.9902432181618,24.5681292113272,73.1524165083722,45.8328111320734,18.5543121761845,0,37.7421796832022,0,88.0584398665518,54.2500823974609,0,0,0,0,15.1935593363711,0,84.0737915039062,0,21.3478535321014,0,0,0,11.4513569885905,94.8803546303197,0,0,130.132171630859,0,94.7060109014096,0,0,0,0,7.72789036391074,0,110.317802429199,0,0,76.7267432579627,61.7775047620138,0,83.3533935546875,0,129.59342956543,76.7769393920898,0,0,0,0,15.8837874065074,0,0,0,81.3496384340174,0,0,0,19.1132280609824,157.593444824219,0,0,0,0,0
62.9480539209702,0,0,114.959154211957,111.870109558105,5.55214812185453,9.22039191845839,91.662013053894,16.8219310604712,108.946212768555,104.398595755441,58.5509963989258,95.4648316701253,0,32.4318644925718,13.7823844422798,0,138.541351318359,0,0,106.126100158691,88.641242980957,101.93690999349,114.358657836914,112.413549423218,0,0,0,109.699527316623,20.9494940089315,0,0,8.3370885272786,0,25.7571090239066,0,0,0,0,0,0,0,0,0,125.801963806152,0,0,0,0,0,0,0,0,0,0,0,0,0,0,148.605026245117,0,0,0,0,0,0,0,0,0,0
42.82296818306,0,131.955047607422,82.0378530053798,66.9902432181618,9.22039191845839,7.77071841269219,57.517743649865,16.7854917886948,80.2442890145313,19.6092719011732,51.9492881774902,22.8033162177845,0,28.3261976911174,10.3386113957412,0,0,0,119.453441619873,42.9200328973282,0,93.7925491333008,134.661893208822,47.5887268698006,0,171.772941589355,0,73.8677244816186,20.6510226528956,0,0,16.1525515013594,42.0410003662109,32.4128307005402,156.686813354492,0,0,75.6090393066406,129.281509399414,0,185.624572753906,0,178.559168497721,101.990625554865,127.406707763672,0,164.736480712891,0,168.552894592285,188.772094726562,0,0,0,0,160.778633117676,0,0,160.948623657227,100.454006091968,0,0,0,131.967772293091,154.53596496582,0,0,0,0,0
21.5548024490511,104.906976699829,84.0237429183342,42.0860802120812,24.5681292113272,91.662013053894,57.517743649865,7.96293614557887,44.0492324333143,43.1015364004089,11.3734584853328,112.628759878653,34.6324556231836,124.910733540853,28.862108817937,63.3496306663336,85.7267913818359,80.3300211322841,127.782585144043,100.509171273973,19.2079878004291,47.2532948310222,63.8693005855267,67.4264407570906,18.4434871701172,116.319525400798,111.221189924649,109.46417432785,18.4973850562662,36.583787014863,8.82472471772878,149.494194030762,97.217845916748,34.4213784221928,54.5912342007742,121.93533706665,0,138.809706370036,78.4052985055106,0,0,148.532424926758,96.2425168355306,123.598535325792,60.2415716359904,103.685153358861,0,80.2247594197591,0,132.768756866455,115.726055145264,114.453136444092,124.325286865234,0,0,120.285358428955,0,94.0504302978516,136.508265177409,66.3246523154735,0,152.526392618815,149.481763666326,90.5444061279297,149.436297607422,0,0,0,141.042579650879,138.742771148682
20.4059681226532,0,0,76.9920153369793,73.1524165083722,16.8219310604712,16.7854917886948,44.0492324333143,8.93991452564205,79.2546248825044,16.724088274416,65.6032121446398,33.7612083015022,63.4200286865234,12.7136155821195,25.2369198982776,132.529434204102,130.106414794922,0,143.200948079427,70.3557685701471,96.2431716918945,100.698051452637,104.703506469727,59.7613067207513,174.17399597168,154.381293556907,137.191660954402,66.5972428449563,18.172326355473,71.9784691674369,0,12.1008432275829,86.5293579101562,39.6429870132112,162.319595336914,0,0,87.0402526855469,116.681739807129,0,0,120.682165527344,152.871632575989,104.049900935246,147.332524617513,0,0,0,174.420004272461,0,0,188.810043334961,0,0,145.692878723145,0,151.344131469727,0,94.3332411065159,0,0,155.554733276367,123.427434481107,163.589401245117,0,0,0,0,177.506591796875
64.1262437320723,95.8132171630859,80.2932374742296,21.0137762464684,45.8328111320734,108.946212768555,80.2442890145313,43.1015364004089,79.2546248825044,7.31192900201085,54.2610847173112,0,8.94272113022743,0,78.3864735068913,20.1300174449472,60.9726781092192,110.03762588501,193.641082763672,136.161773681641,44.1802564946617,99.830203465053,16.3234026880596,80.4779707301747,15.6106777541127,0,123.845222473145,89.6108365572416,35.6608530493986,67.1493334910174,58.8237364342872,0,124.72948044997,56.9352045253831,75.0893073703932,135.688262939453,0,0,87.9933776855469,0,0,164.243499755859,153.613998413086,76.6971130371094,54.7956145604452,0,0,0,0,0,59.7589225769043,0,154.959381103516,0,0,0,0,88.5075950622559,0,57.01049192024,0,0,177.115844726562,152.809234619141,0,0,0,0,0,0
36.9746739049168,0,91.0984359741211,52.7725346720117,18.5543121761845,104.398595755441,19.6092719011732,11.3734584853328,16.724088274416,54.2610847173112,7.19630282490305,0,22.301563726732,0,29.16041127791,54.7201381119309,128.469169616699,149.928151448568,0,189.111633300781,11.6019706260875,95.1012713114421,96.6369162665473,98.632566011869,32.9649451003058,0,147.948472595215,129.520811080933,12.4316597080291,65.6030586053585,61.0276305675507,0,110.353864229642,59.3098878860474,67.9643625439444,137.965135574341,0,0,71.7505900065104,0,0,139.75704574585,99.9913689749581,134.841538565499,73.6957830190659,106.711434500558,0,83.8093948364258,0,150.449214390346,96.9227638244629,0,0,0,0,94.0485038757324,0,0,0,78.5550720510175,0,0,0,98.8959162095014,155.259178161621,0,0,0,0,169.960582733154
128.415535776239,56.1233062744141,82.2734506296557,36.4265161784349,0,58.5509963989258,51.9492881774902,112.628759878653,65.6032121446398,0,0,9.99702999067073,0,13.6307038530305,96.4988179888044,0,112.874008178711,61.9998657576704,16.3506238380714,12.3815426603928,0,88.517855267192,89.7651799519857,85.3956635086625,155.706298828125,26.1713234058673,18.3402380599473,57.8247042206416,104.874823785597,106.486275935173,103.652800200415,16.6217548108813,56.4584541320801,95.6282094319661,21.0357694806156,0,72.0009994506836,159.479232788086,49.5654785849831,0,0,0,0,0,0,0,58.6902787950304,0,60.8532269795736,0,0,0,0,0,100.95890045166,0,0,120.648248672485,0,0,57.5164861679077,87.6940434773763,113.2802465879,0,0,0,0,0,0,77.6743011474609
63.8175562690286,0,0,74.0298784044054,37.7421796832022,95.4648316701253,22.8033162177845,34.6324556231836,33.7612083015022,8.94272113022743,22.301563726732,0,8.59037640003934,0,71.0201955935656,13.3713646401623,102.198432922363,0,0,0,14.7572958100372,0,86.6977005004883,0,15.1641368829521,0,0,123.464866638184,33.8798030452227,80.1983404590238,0,0,104.477294540405,59.301944732666,76.4284470644864,141.951187133789,0,0,101.653411865234,33.4151334762573,0,38.7304604008513,0,94.068578338623,66.7245146433512,30.2533656319419,0,8.91013045957104,0,117.042594909668,0,0,0,0,0,14.5276514640962,0,0,0,84.6313008425529,0,0,0,69.0401968522505,0,0,0,0,0,0
131.305793762207,42.640051347238,78.6777783562155,30.329968195283,0,0,0,124.910733540853,63.4200286865234,0,0,13.6307038530305,0,6.0148975904691,154.566490866921,0,100.997295379639,74.8028620910645,34.9996154350256,34.1719034988914,0,99.4940042495728,85.2902083122867,93.8906964033078,139.811630249023,22.1892631710173,15.7586796015031,19.3822029091187,115.672363944676,127.642028045654,120.461309509277,8.07784710768571,0,0,42.7431055324418,0,55.3810241699219,174.833282470703,34.0363553365072,0,0,0,0,0,0,0,58.1527302390651,0,56.0622547268867,0,0,0,0,88.1158065795898,67.9614628383091,0,0,0,144.348297119141,0,46.871044842702,86.2119948443245,90.6649276271011,0,0,0,96.6306686401367,0,0,58.1943689982096
11.0866308405693,131.323318481445,116.898880004883,82.8673037503061,88.0584398665518,32.4318644925718,28.3261976911174,28.862108817937,12.7136155821195,78.3864735068913,29.16041127791,96.4988179888044,71.0201955935656,154.566490866921,6.88391198648814,34.7611088752747,92.244953918457,119.308886770475,159.687507629395,134.445138997045,77.5937655939304,85.3356063479469,72.7027873569065,107.499283821352,71.1865449822866,149.851425170898,140.387316385905,139.731357325678,66.1379048896558,12.3446416179728,32.3227241940226,0,11.7962874275986,50.8529441833496,29.4359407266388,147.986663818359,0,0,92.0754826863607,0,0,171.322555541992,125.538257598877,150.402412414551,93.1302922566732,144.539085388184,0,0,0,172.045137405396,0,157.603500366211,0,0,0,124.068313598633,0,121.1474609375,0,113.367350482301,0,0,197.735956827799,124.594577534993,186.508407592773,116.185272216797,0,0,0,0
41.7337282271612,0,0,91.8125805101897,54.2500823974609,13.7823844422798,10.3386113957412,63.3496306663336,25.2369198982776,20.1300174449472,54.7201381119309,0,13.3713646401623,0,34.7611088752747,7.30118803566809,0,0,0,0,52.2598748325316,0,57.2281227111816,79.8242301940918,34.3885491902592,0,0,0,60.2175695146833,24.5085791171282,0,0,36.4670855943547,0,27.6403875619593,0,0,0,0,0,0,0,0,0,54.8959808349609,0,0,0,0,0,0,0,0,0,0,0,0,0,0,99.3362966264997,0,0,0,0,159.490814208984,0,0,0,0,0
97.1522029529918,61.0536558151245,69.7859531070875,41.9450856788173,0,0,0,85.7267913818359,132.529434204102,60.9726781092192,128.469169616699,112.874008178711,102.198432922363,100.997295379639,92.244953918457,0,13.2744909983465,91.8989996733489,102.569343566895,111.306963602702,122.634185791016,11.2701723678396,31.8819904970319,10.0962492781654,35.2765234803145,88.6579055786133,93.3674377829342,21.4089457174562,32.2910064938946,69.7391413973089,51.2073767256839,0,0,54.2104489008586,63.4363807269505,0,0,103.963821742846,48.7751661028181,0,0,0,160.219375610352,152.680847167969,64.5685501098633,0,0,0,0,156.86491394043,0,108.103304545085,129.342880249023,0,0,0,90.7839330037435,52.8249454690952,97.6100409658332,146.089908599854,0,0,103.386575469971,149.06623840332,121.105209350586,135.718276977539,0,0,0,87.6389751434326
99.7775167382282,47.5508088249449,33.3864806838364,54.7358812852339,0,138.541351318359,0,80.3300211322841,130.106414794922,110.03762588501,149.928151448568,61.9998657576704,0,74.8028620910645,119.308886770475,0,91.8989996733489,9.03870699204715,65.9699662633303,18.9181541852128,0,38.5504814804743,67.9303825779965,18.1988377307541,117.845901321579,62.8167543293517,39.7066857615344,61.6884765058206,80.1885325143504,90.2712415947284,61.2784908564137,77.1872809273856,0,74.4913516574436,28.5081885479398,187.450729370117,94.2293853759766,92.3053782145182,71.8255129496256,0,0,223.237365722656,153.021469116211,0,0,163.875370025635,129.67232131958,0,112.42530632019,170.820724487305,0,118.241786003113,107.416289329529,0,112.679595947266,0,140.58639272054,83.0463164544875,112.626622626122,0,126.100051879883,98.8117041693793,96.4668089690605,141.124991825649,0,142.832788085937,0,0,0,113.812283235438
141.621743520101,64.4980884898793,78.9313404980828,47.444846506472,0,0,0,127.782585144043,0,193.641082763672,0,16.3506238380714,0,34.9996154350256,159.687507629395,0,102.569343566895,65.9699662633303,6.857790267723,10.1656006192907,0,111.446800231934,100.946324157715,92.5116309341119,139.740921020508,36.7804539998372,17.6583494485731,56.7189146523947,122.279178801037,139.197517796567,115.688648930302,49.1041530516089,0,123.976081848145,61.4232031317318,0,63.4171371459961,0,0,0,0,0,0,0,0,0,75.0008602142334,0,82.2486972808838,0,0,0,0,0,102.696375528971,0,0,149.918212890625,0,0,71.3446853160858,99.7738741361178,111.223522610135,0,0,0,0,0,0,78.1940383911133
123.86586110076,46.0600098509538,60.3693933513955,49.6429747664221,0,0,119.453441619873,100.509171273973,143.200948079427,136.161773681641,189.111633300781,12.3815426603928,0,34.1719034988914,134.445138997045,0,111.306963602702,18.9181541852128,10.1656006192907,8.80137708338692,0,80.4183895300466,88.6721655695062,67.5981681611803,140.574256203391,37.1639337927142,18.2012822598903,60.1416501652575,98.0190044801627,110.533444248773,92.2918345559857,53.8057115282331,65.5473785400391,96.5970165252686,34.3763152635528,0,75.3203125,104.427892108296,76.1554231643677,0,0,0,183.683097839355,0,0,169.266967773438,73.8719263076782,0,91.8831041124132,0,0,128.853973388672,106.529020385742,0,92.15456199646,0,135.088005065918,95.2558415730794,138.897812843323,175.30696105957,80.8353610568576,95.7287546597994,100.878152617326,134.758079528809,0,133.303604125977,127.713195800781,0,0,133.912820180257
62.0307868823671,0,0,78.1459254794651,15.1935593363711,106.126100158691,42.9200328973282,19.2079878004291,70.3557685701471,44.1802564946617,11.6019706260875,0,14.7572958100372,0,77.5937655939304,52.2598748325316,122.634185791016,0,0,0,7.36861008905035,0,114.06982421875,131.127197265625,17.4666923034637,0,179.184799194336,0,16.3660401789875,86.5899430274963,0,0,113.761723327637,0,83.0604364782348,0,0,0,0,0,0,0,0,99.4465560913086,65.7494275569916,121.760276794434,0,0,0,187.775604248047,71.9994964599609,0,0,0,0,105.193740844727,0,0,0,78.5264375543082,0,0,0,0,0,0,0,0,0,0
64.2143437934644,79.2086351328883,55.5831876827904,48.3696134270562,0,88.641242980957,0,47.2532948310222,96.2431716918945,99.830203465053,95.1012713114421,88.517855267192,0,99.4940042495728,85.3356063479469,0,11.2701723678396,38.5504814804743,111.446800231934,80.4183895300466,0,7.46281190559057,33.8912230748683,17.4335880340327,7.1480805802904,93.8102020263672,82.9590894838259,76.0389902741267,11.4163976345661,51.8961439775422,21.0037759124909,0,0,43.4336438392525,31.1031075949833,0,0,105.191525509483,61.9141448525821,0,0,0,110.264083862305,0,63.5791564941406,0,175.911376953125,0,0,0,0,95.6083831787109,133.586135864258,0,146.436141967773,0,116.042208353678,55.4790947929261,92.7956112452916,88.7129325866699,0,123.458851623535,110.720106506348,110.430355072021,0,96.0724792480469,0,0,0,135.381581624349
64.4945458003453,20.414674779265,37.2577037730459,21.9789707982298,84.0737915039062,101.93690999349,93.7925491333008,63.8693005855267,100.698051452637,16.3234026880596,96.6369162665473,89.7651799519857,86.6977005004883,85.2902083122867,72.7027873569065,57.2281227111816,31.8819904970319,67.9303825779965,100.946324157715,88.6721655695062,114.06982421875,33.8912230748683,7.01779445522777,34.4734368314977,27.9644462826044,65.3338857593841,75.4530961127697,28.7125171487936,34.675162612687,53.1725221664187,40.4018197435031,98.7385457356771,111.989692687988,38.512083867017,53.8665533239191,96.5373992919922,82.2901407877604,71.1126685248481,36.4691245555878,0,0,0,61.4064833323161,127.357760111491,43.0498877934047,93.2891998291016,75.1406478881836,0,101.49929300944,115.684032864041,0,69.4344163374467,95.0216420491536,0,140.682495117188,61.8650321960449,76.3719851175944,24.2294448520623,64.6908009570578,50.4091130849477,104.14688873291,98.4792856488909,79.2677454948425,72.6954546476665,79.2563514709473,73.0917110443115,0,0,89.4817657470703,90.4624007088797
88.6719336876502,71.2412542578292,20.430555751038,39.2316837164145,0,114.358657836914,134.661893208822,67.4264407570906,104.703506469727,80.4779707301747,98.632566011869,85.3956635086625,0,93.8906964033078,107.499283821352,79.8242301940918,10.0962492781654,18.1988377307541,92.5116309341119,67.5981681611803,131.127197265625,17.4335880340327,34.4734368314977,11.9598236775428,41.4092432933414,86.9747907320658,63.6023529082402,31.3918570142162,21.8155229760937,77.1257508711381,38.9140478264561,121.68208530971,0,60.2095375061035,38.2847206713747,118.491137186686,79.6118937901088,89.2737746988252,51.6367448010022,0,0,171.14533996582,143.455462137858,174.700057983398,69.2145113263811,182.657825469971,160.395797729492,0,126.891525268555,0,0,97.1114899166047,111.292276910011,0,117.494298299154,0,99.2613699459335,49.0719992611619,85.8941867806319,124.997746554288,0,124.345836932843,93.6623205553021,124.459003345386,125.482940673828,115.972697257996,0,0,120.954521179199,98.6436274392264
59.4118132649541,90.6180982087788,88.1934653110192,32.4243068750622,21.3478535321014,112.413549423218,47.5887268698006,18.4434871701172,59.7613067207513,15.6106777541127,32.9649451003058,155.706298828125,15.1641368829521,139.811630249023,71.1865449822866,34.3885491902592,35.2765234803145,117.845901321579,139.740921020508,140.574256203391,17.4666923034637,7.1480805802904,27.9644462826044,41.4092432933414,9.34566517270927,125.918187921697,120.309314221407,69.3726957833589,10.3577868441585,58.6916840049524,60.2646337592083,0,117.979001998901,55.5953735683275,74.5493245215932,121.880037307739,0,130.222514881807,65.3930308024089,0,0,93.3051452636719,80.5529581705729,114.816989898682,49.978914440542,100.128582545689,0,57.1329154968262,0,120.798140207926,0,0,145.157684326172,0,0,86.1223888397217,161.233871459961,83.9691431045532,141.453866141183,54.2712836711418,0,163.454223632812,141.936703545707,118.614625369801,104.774826049805,188.56453704834,0,0,130.894790649414,149.473932902018
129.663987552418,16.2758318362353,71.1925580766466,18.0125003503021,0,0,0,116.319525400798,174.17399597168,0,0,26.1713234058673,0,22.1892631710173,149.851425170898,0,88.6579055786133,62.8167543293517,36.7804539998372,37.1639337927142,0,93.8102020263672,65.3338857593841,86.9747907320658,125.918187921697,10.683332340439,27.8371173974758,26.6998330809109,99.7595083383413,111.351922815496,113.803704303244,27.8568051060041,0,0,47.702678455056,0,45.4420816725579,126.603179931641,33.3073278109233,0,0,0,0,0,0,0,50.5174927597954,0,49.4694362350957,0,0,0,69.7683572769165,80.8135013580322,67.3503502437047,0,0,84.2501234436035,105.156127929688,0,42.9892925848123,67.1649061549794,72.1584327289597,157.938995361328,0,121.475517272949,95.1814477103097,0,0,52.0748202006022
127.169772785466,36.2799021412837,21.6502307444851,40.184363583219,0,0,171.772941589355,111.221189924649,154.381293556907,123.845222473145,147.948472595215,18.3402380599473,0,15.7586796015031,140.387316385905,0,93.3674377829342,39.7066857615344,17.6583494485731,18.2012822598903,179.184799194336,82.9590894838259,75.4530961127697,63.6023529082402,120.309314221407,27.8371173974758,11.444124618654,24.9538220997085,90.9737618289777,119.404051500208,99.0255038012629,15.8548647251367,78.5910339355469,111.842699197622,52.4926808673671,168.644292195638,74.2791463491079,82.4481294818391,55.6443546757554,0,0,0,165.831371307373,184.732055664062,0,162.739242553711,78.4266908433702,0,79.5259081799051,157.231725056966,0,118.630688985189,84.8539811759159,109.012641906738,89.5738945894463,0,113.113055637905,96.909228515625,108.17868458141,145.405787150065,69.9724909292685,83.4960363120621,83.2533520838258,143.317175388336,0,122.128068811753,131.662954330444,0,138.342895507812,96.6467947006226
128.542490027933,25.3677781427459,27.6537953663216,33.381379674753,0,0,0,109.46417432785,137.191660954402,89.6108365572416,129.520811080933,57.8247042206416,123.464866638184,19.3822029091187,139.731357325678,0,21.4089457174562,61.6884765058206,56.7189146523947,60.1416501652575,0,76.0389902741267,28.7125171487936,31.3918570142162,69.3726957833589,26.6998330809109,24.9538220997085,10.5581810327752,71.6247144765568,119.433053001029,100.660851196628,10.6553376918992,0,103.382425007067,60.9710347179881,201.776779174805,77.0015480558751,81.1539001837989,52.1237951139124,0,0,168.879740397135,142.015921057724,157.052467346191,161.307525634766,160.867265400134,113.791535271539,0,95.3410242625645,185.181628757053,0,100.795521672567,89.2495028177897,0,95.0893579101563,0,100.19708705294,54.5430315457858,93.416228715159,140.708419799805,74.3405004783913,85.7401037553004,82.5434797179499,130.68026799741,186.239419555664,117.425686613042,100.287714640299,0,0,96.5423680058232
48.8490937001421,88.554897626241,51.4246389698594,42.2502490321853,11.4513569885905,109.699527316623,73.8677244816186,18.4973850562662,66.5972428449563,35.6608530493986,12.4316597080291,104.874823785597,33.8798030452227,115.672363944676,66.1379048896558,60.2175695146833,32.2910064938946,80.1885325143504,122.279178801037,98.0190044801627,16.3660401789875,11.4163976345661,34.675162612687,21.8155229760937,10.3577868441585,99.7595083383413,90.9737618289777,71.6247144765568,8.02356772211171,45.1290540408162,27.8590633617158,133.293832397461,116.355693272182,22.8246768213775,36.1706154739939,111.394834245954,91.9989395141602,116.922320458197,59.1260467676016,110.778274536133,0,0,102.110735806552,119.09694480896,53.7861986876476,104.101464165582,0,80.1471538543701,0,128.855005536761,85.0221672058105,130.324070930481,149.085722923279,0,131.151683807373,88.9181232452393,132.105898539225,60.3108345119432,113.338196099973,66.8983747170291,0,138.51372718811,124.844933509827,89.3895291415128,120.122971534729,141.935119628906,0,0,0,148.266593933105
10.048263907597,105.682162651649,101.148975499471,75.5560835835661,94.8803546303197,20.9494940089315,20.6510226528956,36.583787014863,18.172326355473,67.1493334910174,65.6030586053585,106.486275935173,80.1983404590238,127.642028045654,12.3446416179728,24.5085791171282,69.7391413973089,90.2712415947284,139.197517796567,110.533444248773,86.5899430274963,51.8961439775422,53.1725221664187,77.1257508711381,58.6916840049524,111.351922815496,119.404051500208,119.433053001029,45.1290540408162,7.31812590379658,20.5903954231602,120.86905670166,7.35796689134132,12.0042981003466,30.3521088789328,147.954895019531,0,145.030715942383,73.0858968098958,135.778182983398,0,0,132.377410888672,168.496279907227,73.0566925298972,142.650939941406,0,117.748474121094,0,167.930688858032,0,159.160827636719,139.474151611328,0,147.520416259766,113.348804473877,0,66.4724159240723,125.680118560791,112.393037339915,171.867691040039,145.080493164062,160.849952697754,117.193207576357,165.695465087891,0,0,0,0,164.558339436849
21.0431225783353,99.1133093582956,68.1795525732337,65.5569216663619,0,0,0,8.82472471772878,71.9784691674369,58.8237364342872,61.0276305675507,103.652800200415,0,120.461309509277,32.3227241940226,0,51.2073767256839,61.2784908564137,115.688648930302,92.2918345559857,0,21.0037759124909,40.4018197435031,38.9140478264561,60.2646337592083,113.803704303244,99.0255038012629,100.660851196628,27.8590633617158,20.5903954231602,9.07333188629457,130.701831817627,113.249015808105,20.954331362309,33.2240292790417,0,0,129.238131803625,61.0668144226074,0,0,0,130.897274017334,0,66.5818225315639,0,194.203475952148,0,181.597152709961,0,0,118.209003448486,124.013335091727,0,0,0,0,70.6571284702846,135.722552708217,83.4961719512939,116.630035400391,144.173596954346,135.834606378729,86.5088539123535,125.858860015869,0,0,0,0,208.384750366211
164.452606201172,78.5189018249512,88.6133885383606,44.2936088562012,0,0,0,149.494194030762,0,0,0,16.6217548108813,0,8.07784710768571,0,0,0,77.1872809273856,49.1041530516089,53.8057115282331,0,0,98.7385457356771,121.68208530971,0,27.8568051060041,15.8548647251367,10.6553376918992,133.293832397461,120.86905670166,130.701831817627,4.37875127880615,0,0,72.0147092001779,0,0,0,0,0,0,0,0,0,0,0,0,0,99.8820037841797,0,0,0,0,0,96.0196685791016,0,0,0,0,0,82.1935321262905,97.2879238128662,105.420188903809,195.765533447266,0,0,0,0,0,0
73.3883750552223,0,0,123.389736938477,130.132171630859,8.3370885272786,16.1525515013594,97.217845916748,12.1008432275829,124.72948044997,110.353864229642,56.4584541320801,104.477294540405,0,11.7962874275986,36.4670855943547,0,0,0,65.5473785400391,113.761723327637,0,111.989692687988,0,117.979001998901,0,78.5910339355469,0,116.355693272182,7.35796689134132,113.249015808105,0,4.39500087603927,0,32.5124734819244,0,0,0,0,0,0,0,0,0,0,0,0,0,0,227.233619689941,0,0,0,0,0,0,0,0,0,146.449859619141,0,0,0,193.374526977539,0,0,0,0,0,0
32.0764563764845,106.088806152344,95.094227382115,59.1035937903062,0,0,42.0410003662109,34.4213784221928,86.5293579101562,56.9352045253831,59.3098878860474,95.6282094319661,59.301944732666,0,50.8529441833496,0,54.2104489008586,74.4913516574436,123.976081848145,96.5970165252686,0,43.4336438392525,38.512083867017,60.2095375061035,55.5953735683275,0,111.842699197622,103.382425007067,22.8246768213775,12.0042981003466,20.954331362309,0,0,5.2447959190711,16.3769458619931,97.3675689697266,0,106.269332885742,53.7646312713623,0,0,0,92.3258895874023,0,55.1643120901925,0,0,0,0,0,0,136.755493164062,132.279510498047,0,0,0,0,59.8250794844194,0,89.7592430114746,0,146.997100830078,146.890655517578,102.083662414551,0,0,0,0,0,0
49.8772331107376,51.1632266893779,49.7126348442006,64.3906168486288,94.7060109014096,25.7571090239066,32.4128307005402,54.5912342007742,39.6429870132112,75.0893073703932,67.9643625439444,21.0357694806156,76.4284470644864,42.7431055324418,29.4359407266388,27.6403875619593,63.4363807269505,28.5081885479398,61.4232031317318,34.3763152635528,83.0604364782348,31.1031075949833,53.8665533239191,38.2847206713747,74.5493245215932,47.702678455056,52.4926808673671,60.9710347179881,36.1706154739939,30.3521088789328,33.2240292790417,72.0147092001779,32.5124734819244,16.3769458619931,10.7390756144638,150.003356933594,101.261895751953,93.956420311561,63.9408404032389,0,0,192.670150756836,126.43448638916,143.504180908203,74.572180381188,164.347904205322,0,105.560391743978,122.466108703613,174.41869354248,0,110.423812866211,99.6948899489183,117.950317382812,112.522389003209,96.1321487426758,118.191295623779,62.378308884641,110.162661296565,116.191218475797,99.0483932495117,104.788240432739,99.5087309108944,138.770617167155,195.468983968099,130.65198059082,0,0,0,114.139569369229
0,203.984130859375,156.810616629464,95.1169191996257,0,0,156.686813354492,121.93533706665,162.319595336914,135.688262939453,137.965135574341,0,141.951187133789,0,147.986663818359,0,0,187.450729370117,0,0,0,0,96.5373992919922,118.491137186686,121.880037307739,0,168.644292195638,201.776779174805,111.394834245954,147.954895019531,0,0,0,97.3675689697266,150.003356933594,9.32757760473401,106.364972432454,109.007290544181,64.3864479064941,68.8677477725716,0,44.0339005764266,20.092653893596,44.2820409527531,60.7292926046583,54.9777378891454,141.478200472318,65.3129583146837,149.566680382038,10.319679577315,10.8375746409098,52.8551822898044,98.8071706367261,148.373157501221,120.627428167007,55.1486363933034,65.6558647675948,56.6251442295731,87.9141768022017,56.8368562262529,144.501289367676,127.841220938641,120.326030112602,58.6544190269874,12.286928241514,22.123311827249,155.672778320312,63.9224370320638,19.1249461767612,40.0548640902738
0,62.1505228678385,56.2045803070068,37.2007048470633,0,0,0,0,0,0,0,72.0009994506836,0,55.3810241699219,0,0,0,94.2293853759766,63.4171371459961,75.3203125,0,0,82.2901407877604,79.6118937901088,0,45.4420816725579,74.2791463491079,77.0015480558751,91.9989395141602,0,0,0,0,0,101.261895751953,106.364972432454,9.02698581177451,36.7141520182292,12.1946989767168,0,0,0,98.9979293823242,158.637756347656,48.7641944885254,124.639155069987,50.8579089800517,0,47.5334859524803,117.571226119995,0,66.2511702827785,46.2609840234121,63.8002605438232,44.5164147879331,0,72.1203227996826,23.9284814164463,65.3868851881761,72.48069190979,27.5907989343875,40.4280217534812,25.5784457845789,96.5920720100403,0,84.1867126796557,75.5102333068848,0,110.053382873535,45.0201538906822
159.134628295898,63.1314454078674,72.9755174862878,50.23901720047,0,0,0,138.809706370036,0,0,0,159.479232788086,0,174.833282470703,0,0,103.963821742846,92.3053782145182,0,104.427892108296,0,105.191525509483,71.1126685248481,89.2737746988252,130.222514881807,126.603179931641,82.4481294818391,81.1539001837989,116.922320458197,145.030715942383,129.238131803625,0,0,106.269332885742,93.956420311561,109.007290544181,36.7141520182292,9.39907634336053,33.4846872545186,0,0,126.146253585815,81.0802456572816,112.46957244873,85.3304309844971,99.1963875953187,83.4959746727577,130.529907226562,84.860244030719,122.095426459061,0,61.9429954919289,29.0539042305897,81.2418301322243,63.1180474827733,0,48.7729189616468,31.8887247581871,16.6440380046005,84.5814169939827,71.2520907084147,20.7095115927278,24.5674896737256,65.9968617848232,120.323179016113,64.5005139683398,89.8811889061561,0,93.5028381347656,51.7828916303951
0,43.3022613525391,75.9484266553606,22.729904267695,0,0,75.6090393066406,78.4052985055106,87.0402526855469,87.9933776855469,71.7505900065104,49.5654785849831,101.653411865234,34.0363553365072,92.0754826863607,0,48.7751661028181,71.8255129496256,0,76.1554231643677,0,61.9141448525821,36.4691245555878,51.6367448010022,65.3930308024089,33.3073278109233,55.6443546757554,52.1237951139124,59.1260467676016,73.0858968098958,61.0668144226074,0,0,53.7646312713623,63.9408404032389,64.3864479064941,12.1946989767168,33.4846872545186,16.4822913872731,53.4085006713867,125.532974243164,74.593034362793,48.8053747812907,74.2772823426782,8.54129410097808,63.236611340497,30.0235897163292,30.0801377547415,27.9573181253224,74.7678048014641,31.4900377094746,30.2074395669286,53.4082214883033,58.1242013411088,45.2508954366048,74.4157614707947,41.088948862585,13.760720677267,32.2267934901359,18.2351110843975,19.0351334048536,45.9590438600919,31.3809093959854,39.5434949650647,73.8222023357045,34.4911255230435,55.4101665019989,0,75.4467112223307,54.1638232440483
0,0,166.631683349609,0,7.72789036391074,0,129.281509399414,0,116.681739807129,0,0,0,33.4151334762573,0,0,0,0,0,0,0,0,0,0,0,0,0,0,0,110.778274536133,135.778182983398,0,0,0,0,0,68.8677477725716,0,0,53.4085006713867,8.92247272670273,134.175186157227,52.6795034813158,59.1002604564031,65.9498313843735,43.1819998833441,11.1510796179941,0,18.0291067080183,0,84.1511468558476,69.5342924935477,67.7772064208984,140.865707397461,0,0,11.8504823695721,143.799880981445,58.0477676391602,144.671175638835,22.4625128751716,0,0,0,10.5755041966448,86.1115891686801,104.328979492188,0,144.424362182617,81.2566733727088,85.0642796642375
0,0,0,0,0,0,0,0,0,0,0,0,0,0,0,0,0,0,0,0,0,0,0,0,0,0,0,0,0,0,0,0,0,0,0,0,0,0,125.532974243164,134.175186157227,4.96310913635289,8.3611989803336,107.072898864746,10.5305111904796,40.5331069946289,125.223426818848,0,74.5569483439128,0,27.1166126711385,11.8683389587656,0,0,0,95.3688430786133,146.387954711914,0,0,131.410961151123,105.279914855957,0,0,0,0,18.9557943277477,0,0,9.45841710385107,0,35.0131098895992
0,0,181.669525146484,0,110.317802429199,0,185.624572753906,148.532424926758,0,164.243499755859,139.75704574585,0,38.7304604008513,0,171.322555541992,0,0,223.237365722656,0,0,0,0,0,171.14533996582,93.3051452636719,0,0,168.879740397135,0,0,0,0,0,0,192.670150756836,44.0339005764266,0,126.146253585815,74.593034362793,52.6795034813158,8.3611989803336,7.05492216762277,51.1304278705055,13.9346680312848,47.7445659860969,24.8423235178197,0,16.3962115160499,187.778480529785,24.3256066824167,11.2936191078972,97.6970960176908,141.644736153739,0,162.718822479248,32.2691078654543,136.068542480469,119.534800211589,125.467020670573,52.3939048527146,0,163.405637853286,149.815420532227,53.0669721073575,18.5829154892922,104.71647644043,0,12.4727971510328,93.9208034939236,24.1267070097547
119.523872375488,0,126.723819591381,119.344842910767,0,0,0,96.2425168355306,120.682165527344,153.613998413086,99.9913689749581,0,0,0,125.538257598877,0,160.219375610352,153.021469116211,0,183.683097839355,0,110.264083862305,61.4064833323161,143.455462137858,80.5529581705729,0,165.831371307373,142.015921057724,102.110735806552,132.377410888672,130.897274017334,0,0,92.3258895874023,126.43448638916,20.092653893596,98.9979293823242,81.0802456572816,48.8053747812907,59.1002604564031,107.072898864746,51.1304278705055,8.07905333362041,40.4610072542639,43.0534752742736,14.8236032171108,132.506864335802,38.2240244746208,136.799927962454,13.3201568448128,53.8357153672438,43.9115486701027,85.5956314934625,130.917837778727,112.991723902085,55.0283324718475,53.5556499715383,52.1037207938529,70.0133429027739,39.8937495712593,118.089195251465,112.791778622106,102.479199512188,21.1206507488613,37.200620013492,13.1436896279236,147.610697129193,97.5630035400391,46.599651827131,49.7943633261424
163.46053314209,0,172.090124511719,127.526809692383,0,0,178.559168497721,123.598535325792,152.871632575989,76.6971130371094,134.841538565499,0,94.068578338623,0,150.402412414551,0,152.680847167969,0,0,0,99.4465560913086,0,127.357760111491,174.700057983398,114.816989898682,0,184.732055664062,157.052467346191,119.09694480896,168.496279907227,0,0,0,0,143.504180908203,44.2820409527531,158.637756347656,112.46957244873,74.2772823426782,65.9498313843735,10.5305111904796,13.9346680312848,40.4610072542639,7.80171346813875,65.6984642028809,36.4989136090855,93.5193276405334,39.0719851149922,164.410690307617,14.4413626587379,23.1239023797523,86.8594816702384,122.532755312712,83.3692398071289,145.769568443298,60.7171127063848,125.3560962677,89.1572987692697,106.102503356934,61.0245199018845,157.836563110352,143.57433794807,142.535481308446,61.084196572842,19.1317187175948,88.7546178181966,143.415840148926,10.6707403398818,74.8458740234375,38.1601045834892
76.356204693134,0,85.6778602600098,23.2546059555478,76.7267432579627,125.801963806152,101.990625554865,60.2415716359904,104.049900935246,54.7956145604452,73.6957830190659,0,66.7245146433512,0,93.1302922566732,54.8959808349609,64.5685501098633,0,0,0,65.7494275569916,63.5791564941406,43.0498877934047,69.2145113263811,49.978914440542,0,0,161.307525634766,53.7861986876476,73.0566925298972,66.5818225315639,0,0,55.1643120901925,74.572180381188,60.7292926046583,48.7641944885254,85.3304309844971,8.54129410097808,43.1819998833441,40.5331069946289,47.7445659860969,43.0534752742736,65.6984642028809,6.89110122808174,45.6405907781178,0,7.21981933802435,0,72.1836136748634,14.3769110692209,24.521273938621,109.965107727051,0,0,33.4966446056701,57.7971045970917,9.36822914004036,59.9407250045182,14.5218965278132,0,129.698746999105,133.342330932617,37.8627217894759,69.5879220281329,54.4258809972692,0,128.231018066406,68.3474430671105,77.626461500003
123.963053385417,0,148.121237860786,184.587532043457,61.7775047620138,0,127.406707763672,103.685153358861,147.332524617513,0,106.711434500558,0,30.2533656319419,0,144.539085388184,0,0,163.875370025635,0,169.266967773438,121.760276794434,0,93.2891998291016,182.657825469971,100.128582545689,0,162.739242553711,160.867265400134,104.101464165582,142.650939941406,0,0,0,0,164.347904205322,54.9777378891454,124.639155069987,99.1963875953187,63.236611340497,11.1510796179941,125.223426818848,24.8423235178197,14.8236032171108,36.4989136090855,45.6405907781178,9.05000338702092,158.971806844076,19.2219888207536,151.487168410729,15.1380008304595,57.2545228398832,66.6389049183239,112.749816131592,149.705108642578,138.515846888224,13.2448801698539,109.597836812337,83.6290325751671,99.6791298939632,30.0749392380097,145.633214314779,134.520952615982,122.855039752898,19.8123970059453,75.6859370471062,86.3627813127306,187.71662902832,122.579554748535,72.8891712637509,80.0951259586361
0,0,158.547859191895,41.4039022127787,0,0,0,0,0,0,0,58.6902787950304,0,58.1527302390651,0,0,0,129.67232131958,75.0008602142334,73.8719263076782,0,175.911376953125,75.1406478881836,160.395797729492,0,50.5174927597954,78.4266908433702,113.791535271539,0,0,194.203475952148,0,0,0,0,141.478200472318,50.8579089800517,83.4959746727577,30.0235897163292,0,0,0,132.506864335802,93.5193276405334,0,158.971806844076,9.59124368714351,0,12.5054842120746,120.924542236328,184.939346313477,118.257924397786,62.4848151290626,18.8167221887352,18.2635596358228,0,111.160108293806,84.4693069458008,89.0226629074306,126.607559204102,20.8521288249526,22.4734414718389,50.7378840283577,109.895817910471,78.0681148875843,103.644760247433,12.9548292575113,60.4066848754883,0,20.0670456683739
98.4615249633789,0,192.804092407227,41.0284805297852,83.3533935546875,0,164.736480712891,80.2247594197591,0,0,83.8093948364258,0,8.91013045957104,0,0,0,0,0,0,0,0,0,0,0,57.1329154968262,0,0,0,80.1471538543701,117.748474121094,0,0,0,0,105.560391743978,65.3129583146837,0,130.529907226562,30.0801377547415,18.0291067080183,74.5569483439128,16.3962115160499,38.2240244746208,39.0719851149922,7.21981933802435,19.2219888207536,0,8.38306706448451,191.544586181641,60.0486138576931,9.85973822293179,90.2930488586426,125.79679107666,0,0,12.4725300077663,97.9286041259766,56.0386009216309,123.091663360596,27.9910214911116,0,147.647277832031,148.21858215332,38.7898461256708,81.3254528045654,0,0,104.466377258301,75.9103899002075,76.1106717586517
