10.4307167238779,123.680374145508,126.63252532959,71.9841365913035,104.250350379944,0,115.686065673828,35.7823684295725,57.8884436685972,70.4628755496098,85.0850985150005,122.005084089799,119.580614263361,148.378311157227,19.5764506791555,113.534477233887,114.339492797852,112.021711628089,148.335556030273,131.052022461497,108.180563790458,83.6529697019662,88.6500747680664,103.315153107388,84.6447029957729,0,138.032497048378,138.780787919697,90.8577778329326,25.210834185095,35.6435831120231,151.334102630615,102.369341169085,56.8736421585083,86.6550461395927,141.773078918457,0,173.763544718424,112.210725957697,0,0,164.000148773193,143.708615909923,169.824055671692,110.394203186035,150.888252258301,0,103.996238708496,238.796905517578,166.730380058289,0,156.920509338379,173.93098449707,0,0,0,183.638305664062,136.987422943115,170.097408294678,132.263391634313,0,197.794784545898,201.781672159831,139.924798676462,163.211053975423,139.618435450963,0,0,155.312235514323,161.862148708767
123.680374145508,7.66535065526061,50.315662517104,14.8329611967688,101.878326416016,0,179.268147786458,130.637233734131,117.904590606689,78.4836079508988,116.671630859375,61.2040452079539,0,51.9668027323423,149.421516418457,100.291551378038,64.6792549668697,53.4718179024413,100.226379394531,74.0380644056532,0,88.7732486724854,31.0620118349562,66.6635659824718,91.240322524426,29.331165833274,62.1993308991425,39.33691129651,115.962859630585,117.541263580322,110.633054097493,75.8503259023031,0,0,61.8984229665407,0,97.0780391693115,91.5302073160807,97.340353012085,0,0,0,170.295715332031,246.850692749023,138.872955322266,0,125.826927185059,0,100.325286388397,197.565979003906,0,0,113.614827156067,0,116.46731821696,0,162.171600341797,97.9429340362549,79.9356155395508,134.484844207764,73.3190064681204,110.51427314395,111.833457146162,185.044311523438,0,0,0,0,0,0
126.63252532959,50.315662517104,12.572839247487,70.9215938539216,151.440827433268,189.742416381836,135.508945007324,105.46538074946,128.205665669007,122.321371078491,121.458017366426,91.5251701629914,122.655731201172,117.448988850911,128.193383843558,155.530914306641,101.14416885376,43.8766451319661,97.1776360648019,86.6836318702965,0,75.9557069164433,78.959361507468,29.3109668457313,125.227674677131,110.511095319475,34.8199452861204,38.6981363776758,100.904523313002,147.333889447726,94.3875107963445,96.1715885884053,191.403285980225,122.752913951874,74.8816816812891,176.503784179688,89.9877553193465,100.025514411266,78.2043176015218,207.116775512695,0,215.956214904785,177.509384881882,190.035522460938,154.490280151367,188.250443776449,143.87880061223,186.242393493652,147.394430541992,216.427783542209,0,129.396994719634,116.753201668723,173.852427891323,135.039098951552,0,160.568730672201,104.169608402252,135.689328956604,172.106643058158,150.855682373047,112.954130803938,106.794244264152,185.938085382635,185.55931769477,172.63676876492,156.00542195638,207.882614135742,155.104263305664,125.366443210178
71.9841365913035,14.8329611967688,70.9215938539216,26.6042854923468,67.1165237426758,111.790115356445,96.6430297169259,68.9144736653966,92.0909153387799,48.1623614171723,90.7324325795076,72.9220110846729,95.8207941055298,46.846899172796,91.1129079436069,81.2050059000651,42.5191422340936,93.0266631250796,116.539892832438,100.226293351915,91.8864372997749,61.149027833052,21.2728491638178,58.9138619181409,47.7163600476715,23.7974931192783,66.9304793431209,42.9551093901809,64.4639191302117,84.1625411657914,65.736507963426,84.3149309465962,140.071345011393,63.5086781690075,79.8449258477347,85.6933605427645,90.2914199829102,95.4343413543701,16.4885959427197,98.5441955566406,0,110.503781636556,79.2308009635151,116.389456176758,18.7278737193201,110.977551221848,143.617858886719,129.310440063477,58.7855087856077,107.015938882267,89.9681803385417,63.4976625714983,113.170881362188,124.435670216878,154.360916985406,126.814416885376,84.2994132147895,56.3755765583204,82.3651532826933,64.3843751021379,40.7613594973529,118.971798949771,98.8310376638199,85.6207259170011,103.093021152526,87.1215265108192,120.316802978516,0,89.9659490966797,111.708529353142
104.250350379944,101.878326416016,151.440827433268,67.1165237426758,10.1902564815313,124.312339782715,69.2441793526877,87.7432435916949,111.060694228771,51.4822349165594,32.1382636476915,168.357395172119,30.3873392601925,0,119.286698887114,78.3306908678653,98.1879974365234,168.59167098999,194.961990356445,206.024383544922,12.4665016538422,101.054931640625,93.0185339791434,180.770538330078,23.3519194159733,141.09895324707,191.359368896484,147.109848716042,16.6119210073749,112.775681982235,160.809592352973,0,139.50061580113,90.2541791475736,115.412637810958,167.413906860352,0,0,86.0283165704636,100.350069664075,0,170.051355025348,152.927054559617,181.762870788574,107.113353113974,166.436174036186,0,26.2827930152834,0,206.572612217494,140.53147653433,153.697875976562,0,0,0,31.8266264444261,0,0,208.180725097656,129.790526366956,0,0,240.745681762695,158.085090501271,175.696579524449,223.5498046875,0,203.268348693848,175.532629013062,190.153471628825
0,0,189.742416381836,111.790115356445,124.312339782715,7.36992677490965,11.3014745840187,127.016033787881,18.3210743681222,63.3186536268754,119.267738342285,61.3366856104891,85.8564291609095,88.2081777132475,31.4859607024626,14.3376930055603,119.979070027669,165.757344563802,96.6205190022786,141.955352783203,109.800388081868,153.261268615723,109.256679534912,165.678990681966,96.3304369696255,78.9397430419922,113.557540893555,135.13254292806,123.014845530192,23.84928314979,159.165484110514,108.553709030151,9.44050146201502,0,41.3493066575792,0,0,0,0,208.489196777344,0,0,192.765705108643,0,96.9894828796387,240.878875732422,0,116.349872589111,0,209.738128662109,0,0,0,0,0,158.109786987305,205.952377319336,0,0,172.878153483073,0,0,0,189.587567138672,225.709030151367,0,0,0,244.31396484375,0
115.686065673828,179.268147786458,135.508945007324,96.6430297169259,69.2441793526877,11.3014745840187,13.2315200169731,69.7044944379726,28.7428219258063,73.696217108746,37.8672126928337,81.7965168308567,25.952801579215,113.379474163055,67.1309720241508,16.0958093001059,150.220929827009,149.252223381629,117.121932983398,155.184886829273,51.1674616978166,129.142881435818,112.19259929657,137.49265297172,89.1917411170712,198.046178181966,155.885696005314,161.99619752815,69.4061178292024,81.4752929088772,128.032504347504,141.698663075765,31.7024185878343,117.68290129162,77.8188374725207,167.641401018415,0,200.428100585938,110.789895121257,177.345791952951,0,194.350328233507,159.691036546087,179.467100143433,132.201354980469,177.629903581407,0,70.030063557175,121.022956848145,179.390845743815,169.08667755127,0,216.307281494141,0,0,153.337988535563,180.417587280273,173.774346923828,172.382944742839,144.935745124817,0,0,210.76641191755,166.052911546495,183.328157761518,162.207066127232,0,0,179.393920898438,181.91584777832
35.7823684295725,130.637233734131,105.46538074946,68.9144736653966,87.7432435916949,127.016033787881,69.7044944379726,13.5019733003904,68.1790944767067,66.2773760676548,29.9238520154324,151.889439654607,65.648705818035,179.328326416016,52.3957314602706,93.6213746406663,111.09761326856,118.512383530454,172.24318586077,155.884914535131,108.50291679019,76.8562348833224,101.93582212925,97.520679798943,70.6272746264824,163.422424316406,147.940205217505,124.646595490284,38.3742898312338,85.058766869496,24.9970168579125,193.096529279436,132.779423053448,72.9668773785233,99.0548872318457,147.028403062087,0,174.533563262051,102.022966604966,161.557847803289,0,164.60744720459,140.345552579624,168.73214803117,117.223870554278,156.85247194969,0,163.056549072266,229.369216918945,171.96708948472,153.718032836914,168.047383462229,183.578564325968,246.047119140625,210.364122390747,157.97160750169,170.275073242187,141.57500490935,176.833143846044,125.483820828525,0,194.278577582781,183.065701640244,142.623810306348,159.68564555956,148.204905609586,0,207.482413155692,157.379628372192,164.279440699397
57.8884436685972,117.904590606689,128.205665669007,92.0909153387799,111.060694228771,18.3210743681222,28.7428219258063,68.1790944767067,13.2498257230478,91.5954077661374,48.733943496829,90.6520815117415,95.9449594796895,110.657949048419,24.1062471808233,40.7546416496744,161.271579518038,131.734051619513,132.68073571897,152.258144168577,101.716540018717,109.495586154335,121.560048784528,121.944116634844,100.416924962086,109.83917427063,152.337524009963,156.857847587547,99.7541115970935,40.0529262874775,82.5131454339871,122.841833932059,17.3420835455147,100.728469074636,84.8774377642345,169.081186539088,0,181.545013876522,123.473424434662,192.214408874512,0,181.618041992188,160.773746367424,192.6609748102,132.371006435818,174.346898737642,0,122.067216873169,0,184.855425008138,178.468788146973,195.336967468262,208.220604790582,0,232.981582641602,166.516931915283,164.408575439453,155.220569610596,206.881373087565,149.267691249892,189.994384765625,203.477676391602,191.204033170428,165.488103579168,182.74821032275,174.495897505018,0,0,170.312856292725,187.346592150236
70.4628755496098,78.4836079508988,122.321371078491,48.1623614171723,51.4822349165594,63.3186536268754,73.696217108746,66.2773760676548,91.5954077661374,8.74478637366336,86.6469537302934,127.00257101348,11.1679843909275,119.4934796998,93.1923727120085,22.4757885416015,84.7683204330561,126.054495239258,145.840443929036,141.619421386719,30.1017584922986,123.505060468401,32.8268318399175,124.755023091634,25.7785680922856,99.0190643978715,129.15134815334,105.697017856374,61.255188482362,87.4911864538613,72.511113451488,143.422437879774,138.067283630371,72.1555965153251,102.518488266889,123.735155741374,0,174.799769083659,49.9397459030151,105.463158620915,0,124.645984104701,98.052899281913,132.370124206543,44.6882409266572,119.619476089478,0,92.3747251461714,161.960610283746,134.171724637349,74.8596063093706,121.06175994873,194.501129150391,201.37183380127,0,104.992807030678,0,0,207.739361572266,78.385461199883,164.713147735596,177.181278922341,185.49458732605,109.819924506821,138.388200575306,122.126080104283,0,0,177.861860656738,143.015284538269
85.0850985150005,116.671630859375,121.458017366426,90.7324325795076,32.1382636476915,119.267738342285,37.8672126928337,29.9238520154324,48.733943496829,86.6469537302934,19.1929664456127,154.751795836169,33.0531087478835,182.778944227431,69.685970253909,83.1689220703754,132.83401743571,148.858288839962,188.247253417969,177.501250675746,15.1605930547806,98.2127426995172,120.81980242048,117.406778802562,69.5299456923755,0,165.125868493384,163.134518139983,34.8532473051868,100.066182854217,120.615770792224,191.289182874891,131.217919495729,102.211139996847,103.385871520475,155.446936471122,0,192.397454579671,97.1670181554392,171.501921001234,0,169.302524636009,159.074178573188,185.585435396082,115.332458897641,174.171844511993,0,45.6833199770724,0,190.394341430664,134.345641242133,177.226795196533,210.370429992676,0,0,127.227442838708,162.114677429199,146.70002746582,209.930004882813,138.587008915755,238.402267456055,181.913513183594,204.262106190557,164.566044277615,187.483829872281,170.49303012424,0,236.541137695312,175.426357562725,183.733234223865
122.005084089799,61.2040452079539,91.5251701629914,72.9220110846729,168.357395172119,61.3366856104891,81.7965168308567,151.889439654607,90.6520815117415,127.00257101348,154.751795836169,11.1670696678754,149.102303529397,21.839600125656,83.6489527074302,70.7950528462728,112.713979167323,57.2861358719546,23.229296639357,24.096477223844,153.603665542603,100.453085476015,89.8908544841566,92.5216778136423,147.326963324296,28.8375988623013,28.867695547728,59.2112079392429,154.08461315227,66.9181764143135,112.35183852827,32.6465407387378,65.3231736524073,96.7288497924805,24.8478178716185,224.530548095703,125.386726379395,161.126131439209,63.663117653983,0,0,226.462600708008,220.313268025716,234.595199584961,0,227.172737121582,108.043193817139,0,75.1214539689016,0,0,150.0751953125,182.200337727865,131.60602242606,136.504348754883,0,193.804748535156,0,238.646987915039,214.484279632568,69.1867929282763,133.438071594238,116.369513285,196.702997843424,185.657211303711,0,106.912612915039,0,0,214.15202331543
119.580614263361,0,122.655731201172,95.8207941055298,30.3873392601925,85.8564291609095,25.952801579215,65.648705818035,95.9449594796895,11.1679843909275,33.0531087478835,149.102303529397,10.9071193730506,167.546434402466,112.471392672771,18.3065296064119,97.4521236419678,176.230520884196,167.612228393555,197.895707872179,15.681091616402,130.980633544922,98.6227893829346,174.481219482422,25.2763306942656,120.260238647461,184.217342670147,160.174731445312,54.1034736150428,111.858372405239,137.758827209473,185.112982177734,121.386440392696,107.477340698242,111.194499969482,136.403732299805,0,0,82.0615673065186,124.259352664948,0,158.811317062378,149.539097770316,166.040758132935,79.3778872716994,132.161387415493,0,18.6670951908529,0,200.032325744629,97.6291476162997,0,0,0,0,62.395373476557,0,0,192.387252807617,113.840504693769,0,235.445434570312,0,143.399881922556,169.533185686384,168.26538848877,0,0,181.679539998372,189.292668660482
148.378311157227,51.9668027323423,117.448988850911,46.846899172796,0,88.2081777132475,113.379474163055,179.328326416016,110.657949048419,119.4934796998,182.778944227431,21.839600125656,167.546434402466,8.77812041106015,101.514221252934,0,120.67910194397,98.1301406411564,48.2842852259032,61.1394437394052,0,164.33452351888,83.6577801923642,152.605171203613,138.833630704332,23.6264956037914,24.8681263786158,33.6661104927796,176.300426483154,87.4068777611915,179.251544189453,14.6466153562682,88.67902247111,184.230072021484,55.9577794335663,0,96.6353149414062,157.675750732422,44.7636825524124,0,0,0,216.217468261719,0,157.287786865234,0,83.5004385375977,0,69.3589694281684,0,0,0,177.302200317383,112.659635755751,107.956657409668,0,0,123.091807556152,0,0,55.2840418072584,109.196838032116,98.4937539515835,223.953720092773,0,0,85.6324319278493,0,0,109.694068908691
19.5764506791555,149.421516418457,128.193383843558,91.1129079436069,119.286698887114,31.4859607024626,67.1309720241508,52.3957314602706,24.1062471808233,93.1923727120085,69.685970253909,83.6489527074302,112.471392672771,101.514221252934,12.650067836294,71.2048786083857,131.403859306784,122.066417718062,112.597261568395,137.740284742672,112.481242899122,101.267909709672,125.050898075104,115.418021662785,103.206739645565,106.014142608643,138.76503870425,150.110746528267,107.032767198727,29.7547888690685,68.3696923650367,116.687315405869,22.7934186741198,78.5835475707322,66.3177101985568,174.088026682536,0,188.839186928489,118.712472025553,0,0,201.278114767636,165.535322908495,193.076896251332,144.333847999573,184.674771990095,216.738418579102,120.335404968262,125.413047790527,188.478898790148,0,201.964859008789,195.207614135742,0,206.418762207031,156.409377204047,164.894989013672,190.33930460612,185.13883972168,154.140823364258,193.394668579102,212.041038513184,193.07686631223,168.231477195834,178.196006452534,164.876630342924,0,222.98233795166,163.541297015022,175.164733462863
113.534477233887,100.291551378038,155.530914306641,81.2050059000651,78.3306908678653,14.3376930055603,16.0958093001059,93.6213746406663,40.7546416496744,22.4757885416015,83.1689220703754,70.7950528462728,18.3065296064119,0,71.2048786083857,8.8000205689877,95.443754196167,150.315442085266,0,193.911003112793,69.9809731074742,200.986221313477,84.4342615763346,143.139645576477,50.7930022550352,153.333114624023,149.447613716125,126.768277509497,85.331242520385,78.3402989331414,110.898078918457,0,32.643755876101,113.273373413086,64.0528078715006,184.704330444336,0,204.377182006836,148.299667358398,115.931282043457,240.466247558594,169.773157755534,124.237745920817,0,68.7420104980469,163.832379427823,0,69.0832228660583,0,0,94.5839508056641,0,0,0,0,138.646240234375,0,0,0,109.828090152225,0,215.664276123047,163.836486816406,140.850804443359,147.448196411133,145.854583740234,0,0,0,183.543502807617
114.339492797852,64.6792549668697,101.14416885376,42.5191422340936,98.1879974365234,119.979070027669,150.220929827009,111.09761326856,161.271579518038,84.7683204330561,132.83401743571,112.713979167323,97.4521236419678,120.67910194397,131.403859306784,95.443754196167,13.8667133344089,107.531593746609,147.287887573242,128.139929326375,0,21.4543867320578,27.9910607806153,26.2281305338627,40.8763501924929,107.525793248957,121.184303499618,31.5383252885754,43.6925540346447,110.922718560518,82.0612830432493,124.889598846436,0,85.3471755094306,79.2405706861484,168.347009277344,144.657531738281,105.200199101364,66.3911195379315,0,0,0,167.398186610295,188.36855951945,91.3660202026367,197.803241729736,172.169082641602,0,0,156.93977355957,0,106.374095405416,133.964236950052,0,149.582327270508,0,126.846029663086,59.4938910910332,113.413897374864,123.225779983233,0,138.71531507704,112.342950762235,134.220170348655,154.812029520671,132.426963643825,0,216.847808837891,119.206633249919,136.234456462245
112.021711628089,53.4718179024413,43.8766451319661,93.0266631250796,168.59167098999,165.757344563802,149.252223381629,118.512383530454,131.734051619513,126.054495239258,148.858288839962,57.2861358719546,176.230520884196,98.1301406411564,122.066417718062,150.315442085266,107.531593746609,11.1330794324273,75.5016389808907,27.4992737212143,168.8229637146,78.3139125214704,86.5042415103397,40.0917925411927,139.064751960371,68.6826645346249,37.1423741373989,71.2192862902542,124.681519501815,116.701807489762,94.6688039063872,90.7931652069092,171.037558419364,98.3892151867902,41.4081044273127,0,88.0313856336806,123.430906668477,110.110308668349,0,0,0,213.187326049805,226.178215026855,209.534579467773,219.066513061523,189.866091410319,231.277877807617,143.641906738281,208.437728881836,0,157.370478312174,138.542814562398,0,144.762929280599,0,182.72428894043,124.643528302511,168.322917090522,176.456960550944,183.321022033691,123.12882076326,127.316419254968,191.131278038025,198.647900899251,186.14037322998,0,0,220.353378295898,141.299577985491
148.335556030273,100.226379394531,97.1776360648019,116.539892832438,194.961990356445,96.6205190022786,117.121932983398,172.24318586077,132.68073571897,145.840443929036,188.247253417969,23.229296639357,167.612228393555,48.2842852259032,112.597261568395,0,147.287887573242,75.5016389808907,7.35252088509029,12.7878322511408,176.293828328451,130.659478187561,105.415996551514,118.75382370419,184.255603027344,48.4835232233597,30.4767202637189,69.6447199708098,183.731679916382,103.201853817456,146.606313643917,53.2359152371583,98.2113069387583,141.086869812012,59.9166411652987,0,126.249336242676,154.132995605469,96.0041904449463,0,0,0,0,0,0,0,103.320503234863,0,102.410852341425,0,0,0,146.880836486816,110.888622283936,140.306182861328,0,0,0,0,0,85.132996029324,134.111255811608,121.766202545166,0,0,0,126.037780761719,0,0,0
131.052022461497,74.0380644056532,86.6836318702965,100.226293351915,206.024383544922,141.955352783203,155.184886829273,155.884914535131,152.258144168577,141.619421386719,177.501250675746,24.096477223844,197.895707872179,61.1394437394052,137.740284742672,193.911003112793,128.139929326375,27.4992737212143,12.7878322511408,10.8274822195186,183.846104939779,114.705567983756,109.685885474795,88.7952856730849,167.274190650796,51.1186518669128,28.303098317804,77.5715350899871,154.585545461686,124.829123627413,120.356870703264,61.4502728484398,104.926594382838,114.131232216245,46.1152008551985,0,100.108210245768,152.728967666626,131.377637227376,0,0,0,228.205535888672,0,184.759994506836,0,138.499708175659,0,115.882289886475,0,0,162.120083618164,172.262941533869,129.869000244141,137.823111724854,0,0,150.757478713989,186.80507405599,207.490016937256,93.8674213409424,126.713982340495,123.444724321365,231.164176940918,192.483459472656,185.383331298828,163.452247619629,0,176.517944335938,168.662357330322
108.180563790458,0,0,91.8864372997749,12.4665016538422,109.800388081868,51.1674616978166,108.50291679019,101.716540018717,30.1017584922986,15.1605930547806,153.603665542603,15.681091616402,0,112.481242899122,69.9809731074742,0,168.8229637146,176.293828328451,183.846104939779,8.3232608909664,166.953837076823,87.6586143493652,156.17787806193,16.2239220901508,0,194.257527669271,129.954331715902,34.3029667024607,109.394231031948,145.281332651774,0,125.66899068732,115.539459228516,107.082609499418,173.892250061035,0,0,90.9942607879639,40.8477192223072,0,161.218926111857,151.655132170646,146.511743333605,117.85207421439,161.521091018898,0,17.1521103148261,0,128.105401357015,130.240674591064,0,0,0,213.166717529297,15.9460827233018,0,0,0,132.347389353493,0,0,229.651412963867,160.474353665211,140.122370038714,0,0,131.956909179688,175.063323974609,147.682903289795
83.6529697019662,88.7732486724854,75.9557069164433,61.149027833052,101.054931640625,153.261268615723,129.142881435818,76.8562348833224,109.495586154335,123.505060468401,98.2127426995172,100.453085476015,130.980633544922,164.33452351888,101.267909709672,200.986221313477,21.4543867320578,78.3139125214704,130.659478187561,114.705567983756,166.953837076823,14.0986615455455,64.7785961069959,33.468213576847,69.8993137561869,168.070190429688,127.64831158904,94.3428726749678,41.9061839483555,60.0116745361871,30.1115452161411,152.589370727539,121.710932050432,57.5157565771532,52.0626390657216,139.551216125488,0,139.697163801927,73.9956186369988,0,0,214.864379882812,159.501057434082,184.637181599935,127.070981343587,192.978363037109,0,0,0,157.932354736328,0,122.259461132448,153.141642252604,0,237.38249206543,0,131.226052856445,98.6995994166324,132.107514159848,128.035100028628,0,167.321416219076,154.119620718607,138.379372435189,166.081806437174,133.964819590251,0,0,144.992946624756,145.70450592041
88.6500747680664,31.0620118349562,78.959361507468,21.2728491638178,93.0185339791434,109.256679534912,112.19259929657,101.93582212925,121.560048784528,32.8268318399175,120.81980242048,89.8908544841566,98.6227893829346,83.6577801923642,125.050898075104,84.4342615763346,27.9910607806153,86.5042415103397,105.415996551514,109.685885474795,87.6586143493652,64.7785961069959,9.08364856781248,55.3396071148476,37.5253180943911,66.8670561438787,102.328485944794,53.5423634720924,58.955778182672,94.6488469930796,73.7106682490377,105.223413882048,163.423980712891,76.1796526025843,81.5115698321112,0,85.4547500610352,94.3159754469588,37.7928242938859,139.493179321289,0,176.671676635742,147.636467673562,233.852554321289,182.931846618652,171.138107299805,159.482106018066,0,123.542788455361,192.348485310872,0,61.5146728515625,115.909257888794,142.348648071289,126.961711883545,0,97.5027313232422,33.7018603748745,71.0806500426436,129.957925584581,117.823159959581,131.539073944092,115.445874741737,115.933628490993,152.328607559204,138.328191757202,171.206695556641,0,236.073089599609,129.018832615444
103.315153107388,66.6635659824718,29.3109668457313,58.9138619181409,180.770538330078,165.678990681966,137.49265297172,97.520679798943,121.944116634844,124.755023091634,117.406778802562,92.5216778136423,174.481219482422,152.605171203613,115.418021662785,143.139645576477,26.2281305338627,40.0917925411927,118.75382370419,88.7952856730849,156.17787806193,33.468213576847,55.3396071148476,19.7419238392781,74.6517436808231,120.707260131836,88.3519570104077,40.2330285477867,73.7295137063448,79.9587315207188,65.0188861011765,125.475487558465,142.042800358364,83.366560528095,56.6681602665356,184.221574147542,92.5543567112514,113.139910777649,73.5628607225312,0,0,203.256650924683,176.805170590116,198.089504394531,156.740763577548,191.300850762261,172.220686692458,231.994506835938,199.388290405273,190.140986251831,0,113.247294684653,133.53581014221,172.298545837402,153.52312374115,0,133.539214457362,75.5833772960046,121.431668073466,149.104958029354,167.113367716471,134.501496926332,116.351891736439,159.058373685743,200.807431793213,160.032470703125,0,0,165.504792646928,146.0561636183
84.6447029957729,91.240322524426,125.227674677131,47.7163600476715,23.3519194159733,96.3304369696255,89.1917411170712,70.6272746264824,100.416924962086,25.7785680922856,69.5299456923755,147.326963324296,25.2763306942656,138.833630704332,103.206739645565,50.7930022550352,40.8763501924929,139.064751960371,184.255603027344,167.274190650796,16.2239220901508,69.8993137561869,37.5253180943911,74.6517436808231,11.8661864447237,120.485196082601,150.362768932055,100.084991688143,24.9937822645331,96.7181100710836,86.3499603694296,162.754614693778,138.419485364641,77.8580705889534,95.6016924229423,141.973359976242,178.717687988281,157.634346701882,64.6612177874361,127.650411710634,0,149.97904586792,127.693471134369,156.693366249009,85.4436915783172,139.227133691091,220.914825439453,113.812295575008,208.152119954427,156.89645366011,106.348377990723,138.497278054555,178.861859773335,0,208.802391052246,118.520461214506,136.084621489994,113.450026119457,153.447450680203,104.580045627339,157.421513875326,187.970466791197,170.105541526849,128.203939515299,151.835399398804,134.313442573346,0,192.568414306641,135.63477912316,148.216001070463
0,29.331165833274,110.511095319475,23.7974931192783,141.09895324707,78.9397430419922,198.046178181966,163.422424316406,109.83917427063,99.0190643978715,0,28.8375988623013,120.260238647461,23.6264956037914,106.014142608643,153.333114624023,107.525793248957,68.6826645346249,48.4835232233597,51.1186518669128,0,168.070190429688,66.8670561438787,120.707260131836,120.485196082601,9.718275779457,50.4962725192452,29.3410641503229,146.791998291016,105.688973353459,133.620409647624,55.9344416194492,86.9470203944615,144.838634490967,63.1335161282466,0,78.2064580917358,133.066017150879,30.0856413680516,0,0,0,0,0,150.415870666504,0,82.2004592895508,0,58.4110153546954,0,0,0,175.768280029297,90.7377860329368,95.2824401855469,0,0,147.933639526367,198.58903503418,233.976959228516,43.0584725593926,90.5196598295181,81.7845974226837,0,0,0,88.2558826446533,0,0,120.762118021647
138.032497048378,62.1993308991425,34.8199452861204,66.9304793431209,191.359368896484,113.557540893555,155.885696005314,147.940205217505,152.337524009963,129.15134815334,165.125868493384,28.867695547728,184.217342670147,24.8681263786158,138.76503870425,149.447613716125,121.184303499618,37.1423741373989,30.4767202637189,28.303098317804,194.257527669271,127.64831158904,102.328485944794,88.3519570104077,150.362768932055,50.4962725192452,15.3930959642362,36.1019171676188,150.9268963172,122.219676834585,131.183168358062,20.2092113177625,108.331135480832,130.594859429126,67.0156026101497,201.983711242676,88.1661639989808,131.365282910935,102.337491512299,0,0,0,205.034920828683,239.912551879883,203.657287597656,0,126.210901113657,0,94.464278247475,217.317319234212,0,159.966765955875,131.315900387971,123.822335561117,118.448041996486,0,187.49582862854,153.081403823126,163.00519832488,205.495631917318,79.6623190156706,109.529907341704,109.158972610052,219.490823109945,198.616088867188,194.134166717529,125.375917434692,123.511322021484,0,137.08966285304
138.780787919697,39.33691129651,38.6981363776758,42.9551093901809,147.109848716042,135.13254292806,161.99619752815,124.646595490284,156.857847587547,105.697017856374,163.134518139983,59.2112079392429,160.174731445312,33.6661104927796,150.110746528267,126.768277509497,31.5383252885754,71.2192862902542,69.6447199708098,77.5715350899871,129.954331715902,94.3428726749678,53.5423634720924,40.2330285477867,100.084991688143,29.3410641503229,36.1019171676188,17.3452437047447,95.6135207654147,141.259904469763,128.363983661832,26.9090639451988,117.457708607549,129.646834509713,76.4640399855797,180.762094834272,90.9273200893003,101.420460653576,70.1690092128897,132.057266235352,0,203.210549672445,177.580207771355,196.450549007802,181.979498056265,192.294974273106,133.618597822923,0,98.954484645557,190.209330683169,184.011459350586,117.667860619816,118.594707197788,132.73166354131,128.493134322325,0,166.048202182936,88.3257680257161,124.012946386551,171.296966502541,79.073974423035,111.407898252535,107.463509107548,186.151607266433,194.974536132812,181.566317181255,129.533353309109,164.554046630859,202.981399536133,134.826181693997
90.8577778329326,115.962859630585,100.904523313002,64.4639191302117,16.6119210073749,123.014845530192,69.4061178292024,38.3742898312338,99.7541115970935,61.255188482362,34.8532473051868,154.08461315227,54.1034736150428,176.300426483154,107.032767198727,85.331242520385,43.6925540346447,124.681519501815,183.731679916382,154.585545461686,34.3029667024607,41.9061839483555,58.955778182672,73.7295137063448,24.9937822645331,146.791998291016,150.9268963172,95.6135207654147,15.0923387682998,98.492912084103,43.99907154906,196.906703948975,141.526579397696,71.8991696557586,83.8055906564582,148.091497851956,153.404773712158,169.538358995991,89.0886622627,160.744250584076,152.308029174805,166.800180946908,139.793807537886,170.697852646432,107.689184889501,162.596421464082,214.014439900716,96.4946943025331,226.44645690918,168.49709009369,135.43647857666,138.96747141871,191.340586462686,0,213.732791900635,142.20319217902,142.107576642718,118.557629620587,158.665919772061,125.222902404901,225.497314453125,189.583603229929,173.267466921923,144.917873006604,159.254383714641,139.534443566559,0,200.042429242815,147.414243548849,157.947109392494
25.210834185095,117.541263580322,147.333889447726,84.1625411657914,112.775681982235,23.84928314979,81.4752929088772,85.058766869496,40.0529262874775,87.4911864538613,100.066182854217,66.9181764143135,111.858372405239,87.4068777611915,29.7547888690685,78.3402989331414,110.922718560518,116.701807489762,103.201853817456,124.829123627413,109.394231031948,60.0116745361871,94.6488469930796,79.9587315207188,96.7181100710836,105.688973353459,122.219676834585,141.259904469763,98.492912084103,13.4845318711166,40.0631241485259,100.81661970719,10.5883420231362,23.6350208925331,45.1250419049684,159.340029907227,0,207.27780456543,122.594109468682,201.9466683524,0,202.052118301392,162.182854983969,192.605043377793,120.837648179796,183.134406594669,235.260459899902,139.93755865097,0,188.848896757085,183.36962890625,176.461938858032,218.919876098633,0,236.486434936523,172.080543518066,150.067738619718,160.084278106689,184.564679314108,147.334030084832,152.17144203186,212.804260253906,205.64187113444,159.439589115611,173.619215977045,163.13646613227,0,216.836090087891,170.096862792969,178.875666300456
35.6435831120231,110.633054097493,94.3875107963445,65.736507963426,160.809592352973,159.165484110514,128.032504347504,24.9970168579125,82.5131454339871,72.511113451488,120.615770792224,112.35183852827,137.758827209473,179.251544189453,68.3696923650367,110.898078918457,82.0612830432493,94.6688039063872,146.606313643917,120.356870703264,145.281332651774,30.1115452161411,73.7106682490377,65.0188861011765,86.3499603694296,133.620409647624,131.183168358062,128.363983661832,43.99907154906,40.0631241485259,13.8111023831338,175.449989318848,137.880683898926,43.4008138596441,51.2358850980778,161.355119832357,0,160.773406179328,80.4019444783529,191.427978515625,0,193.773657226563,147.029273748398,172.038907792833,103.095171148127,170.403213500977,0,0,0,165.094051615397,239.525833129883,127.228806755759,179.156350708008,216.636474609375,189.709911346436,0,139.878250642256,135.785530090332,168.202777001166,126.807352950892,0,180.075715498491,176.052014277532,137.869172578699,157.336224555969,139.056537220779,0,187.026634216309,139.665942192078,151.988093482123
151.334102630615,75.8503259023031,96.1715885884053,84.3149309465962,0,108.553709030151,141.698663075765,193.096529279436,122.841833932059,143.422437879774,191.289182874891,32.6465407387378,185.112982177734,14.6466153562682,116.687315405869,0,124.889598846436,90.7931652069092,53.2359152371583,61.4502728484398,0,152.589370727539,105.223413882048,125.475487558465,162.754614693778,55.9344416194492,20.2092113177625,26.9090639451988,196.906703948975,100.81661970719,175.449989318848,6.43870115775656,111.368544578552,0,71.3662803469325,0,132.536163330078,0,74.4356261805484,0,0,0,0,0,0,0,146.431989034017,0,91.4561889195206,0,0,0,201.893264770508,146.689680099487,129.376781463623,0,0,0,0,0,79.4074790553043,124.198149504485,121.512230184804,0,0,227.131393432617,116.204275512695,0,0,179.180938720703
102.369341169085,0,191.403285980225,140.071345011393,139.50061580113,9.44050146201502,31.7024185878343,132.779423053448,17.3420835455147,138.067283630371,131.217919495729,65.3231736524073,121.386440392696,88.67902247111,22.7934186741198,32.643755876101,0,171.037558419364,98.2113069387583,104.926594382838,125.66899068732,121.710932050432,163.423980712891,142.042800358364,138.419485364641,86.9470203944615,108.331135480832,117.457708607549,141.526579397696,10.5883420231362,137.880683898926,111.368544578552,5.24484827499217,88.7509651184082,46.4240722218019,0,0,0,98.1708755493164,0,0,0,219.679138183594,222.78630065918,0,0,0,0,172.208679199219,226.797119140625,0,0,0,0,0,0,0,0,0,191.537887573242,156.344772338867,0,148.692733764648,190.553195953369,224.129852294922,195.356643676758,0,0,216.099136352539,0
56.8736421585083,0,122.752913951874,63.5086781690075,90.2541791475736,0,117.68290129162,72.9668773785233,100.728469074636,72.1555965153251,102.211139996847,96.7288497924805,107.477340698242,184.230072021484,78.5835475707322,113.273373413086,85.3471755094306,98.3892151867902,141.086869812012,114.131232216245,115.539459228516,57.5157565771532,76.1796526025843,83.366560528095,77.8580705889534,144.838634490967,130.594859429126,129.646834509713,71.8991696557586,23.6350208925331,43.4008138596441,0,88.7509651184082,8.45674043230438,34.5571973483254,137.036916097005,0,177.590087890625,71.8435374668666,0,0,181.025756835938,145.151208496094,176.309758504232,106.386234283447,175.280527750651,0,0,0,174.846769060407,0,137.011093139648,0,0,0,198.273536682129,135.147404063832,131.032318115234,142.598514556885,126.546233484301,0,205.985702514648,197.838404337565,134.790532695713,145.470576477051,138.284009094238,0,0,140.688787187849,135.289980570475
86.6550461395927,61.8984229665407,74.8816816812891,79.8449258477347,115.412637810958,41.3493066575792,77.8188374725207,99.0548872318457,84.8774377642345,102.518488266889,103.385871520475,24.8478178716185,111.194499969482,55.9577794335663,66.3177101985568,64.0528078715006,79.2405706861484,41.4081044273127,59.9166411652987,46.1152008551985,107.082609499418,52.0626390657216,81.5115698321112,56.6681602665356,95.6016924229423,63.1335161282466,67.0156026101497,76.4640399855797,83.8055906564582,45.1250419049684,51.2358850980778,71.3662803469325,46.4240722218019,34.5571973483254,12.4664927394891,172.199511441317,123.304363250732,132.600390298026,95.6442818060154,115.036033630371,0,208.625540161133,160.53499804045,191.510479927063,112.143548818735,186.270684814453,144.122146606445,128.846621922084,164.438603719076,186.152297973633,141.402755737305,132.69445526123,144.257752669485,190.66460164388,137.860576629639,98.555908203125,136.107368469238,115.098156800141,139.242677861994,153.181769281371,122.748849868774,144.563812040947,130.177703116281,153.649316297259,182.277432203293,150.969106500799,186.454956054688,0,143.531472342355,167.00699028602
141.773078918457,0,176.503784179688,85.6933605427645,167.413906860352,0,167.641401018415,147.028403062087,169.081186539088,123.735155741374,155.446936471122,224.530548095703,136.403732299805,0,174.088026682536,184.704330444336,168.347009277344,0,0,0,173.892250061035,139.551216125488,0,184.221574147542,141.973359976242,0,201.983711242676,180.762094834272,148.091497851956,159.340029907227,161.355119832357,0,0,137.036916097005,172.199511441317,11.1152614802343,144.755186462402,124.05704111735,74.2674890281328,91.8704197532252,72.1209335327148,100.986143215283,36.9454967338134,45.2633683444363,75.4598897438682,78.9730913311432,130.409796060468,106.44552944868,162.747800939223,17.5799632521742,103.371036969698,133.710008833143,122.381558649748,149.946823931755,138.574509543662,93.4647619970914,84.1236929949592,96.4966236114502,111.101812565127,81.7680856838148,160.316421508789,136.078741860897,141.13669371674,88.6515298242727,25.3879105851631,34.0963642724957,162.100395202637,84.7082757216234,58.408531337656,79.6379719125739
0,97.0780391693115,89.9877553193465,90.2914199829102,0,0,0,0,0,0,0,125.386726379395,0,96.6353149414062,0,0,144.657531738281,88.0313856336806,126.249336242676,100.108210245768,0,0,85.4547500610352,92.5543567112514,178.717687988281,78.2064580917358,88.1661639989808,90.9273200893003,153.404773712158,0,0,132.536163330078,0,0,123.304363250732,144.755186462402,8.23886908672497,51.5882550875346,23.5635677413026,0,0,149.352798461914,134.762162344796,177.63501739502,77.4697071900109,149.128395080566,69.1727415014196,0,53.5891180453093,164.120505196708,119.846500230872,78.1783145781486,54.7762095857375,81.3287037936124,73.0838558430574,0,101.026051112584,19.8394210496851,99.1365096799789,86.5829546307205,18.9254864467527,58.0444276645712,27.7031855061586,114.801990826925,117.983615330287,116.087284781716,70.1960150400798,0,108.304267883301,60.7441461252612
173.763544718424,91.5302073160807,100.025514411266,95.4343413543701,0,0,200.428100585938,174.533563262051,181.545013876522,174.799769083659,192.397454579671,161.126131439209,0,157.675750732422,188.839186928489,204.377182006836,105.200199101364,123.430906668477,154.132995605469,152.728967666626,0,139.697163801927,94.3159754469588,113.139910777649,157.634346701882,133.066017150879,131.365282910935,101.420460653576,169.538358995991,207.27780456543,160.773406179328,0,0,177.590087890625,132.600390298026,124.05704111735,51.5882550875346,12.4126843545053,52.9363775839171,163.741122436523,159.864402770996,133.350114115169,99.1337364989301,130.918369571603,109.266981448767,110.826656779103,98.1065991090076,182.170841217041,102.485750834147,124.207765033254,141.909643554688,65.3807510135527,53.1206654777932,100.725194341486,87.1462468594921,185.253753662109,72.691565434402,46.2658385266198,38.9472391236795,106.754471258684,86.3649266560872,30.7614055753612,32.1305250440564,87.5411196011538,140.253243118525,115.226024998559,108.98789705549,177.04668535505,126.998767089844,78.0029491920256
112.210725957697,97.340353012085,78.2043176015218,16.4885959427197,86.0283165704636,0,110.789895121257,102.022966604966,123.473424434662,49.9397459030151,97.1670181554392,63.663117653983,82.0615673065186,44.7636825524124,118.712472025553,148.299667358398,66.3911195379315,110.110308668349,96.0041904449463,131.377637227376,90.9942607879639,73.9956186369988,37.7928242938859,73.5628607225312,64.6612177874361,30.0856413680516,102.337491512299,70.1690092128897,89.0886622627,122.594109468682,80.4019444783529,74.4356261805484,98.1708755493164,71.8435374668666,95.6442818060154,74.2674890281328,23.5635677413026,52.9363775839171,17.4230569671657,70.4509148406982,0,99.8296600032497,65.819095734777,96.3251212308723,29.0959509722689,92.6777242430558,87.1427569486657,101.531505720956,41.298168850821,93.0666501752068,77.3611228466034,45.7519241963854,77.8741197524927,115.701297528816,96.27324249398,99.4738501089591,60.1474741159701,32.8851166366825,60.399484821156,46.1118936921591,24.6081739193074,64.1947797976768,43.0200098413039,62.6277991659334,82.4969418686753,65.509642026854,98.9913417271205,125.504267556327,69.2419578486758,76.8443519379795
