9.89224858826973,169.925117492676,106.651630883613,83.6634281299732,107.731960296631,80.106071472168,74.8395034245082,24.7273558109259,36.0620112510368,78.301697310581,70.7340522218258,146.295812719008,92.3137512207031,0,18.7392914172365,89.0771675109863,137.240526835124,112.742245515864,159.75168355306,134.460913633689,97.6200707175515,88.756220797275,107.682206922962,97.9388677522085,79.6133222362222,0,135.872867798537,135.849127239651,69.3514769957616,17.4374755667352,21.1450060808723,179.969924926758,91.4790757497152,28.2812497820173,85.6495220608181,0,0,183.183578491211,116.149208068848,142.719375610352,0,224.659057617188,0,0,0,140.597732543945,222.478942871094,0,0,0,0,0,0,0,0,0,0,121.594682693481,173.474615478516,127.102466159397,0,213.393661499023,157.372436523438,151.91739654541,246.58903503418,0,0,0,0,0
169.925117492676,7.57512984401546,54.0285953511161,39.4102632461056,178.496948242188,179.216613769531,0,138.017803865321,155.028809287331,102.407085855499,150.300262451172,64.4415399018709,162.686218261719,48.841313387,143.622723715646,143.544624328613,97.4965951919556,56.5043658078493,67.1070616917057,58.4361730736422,0,101.528157851275,71.4171933855329,85.3919377407785,102.938593183245,21.6045630168652,51.1007379410419,33.0371145087536,140.412773768107,132.749087407039,114.269576708476,74.7535493784937,188.689058939616,197.468292236328,66.7153277364718,0,27.1031958779623,105.09444732666,23.0546083450317,0,0,0,169.011474609375,0,150.423858642578,0,76.5320828755697,0,73.8616271018982,0,0,143.257049560547,90.6379689436693,130.96321105957,81.2101560592651,0,134.74690246582,147.263778686523,135.346822912043,0,64.3914635398171,74.097356730494,78.2764979867374,0,0,110.865196228027,90.6371002197266,0,0,101.473853302002
106.651630883613,54.0285953511161,11.8214604884495,143.69610824585,172.673002243042,185.907773699079,152.781884473913,95.955833210448,135.457323119461,126.941319252128,130.541346740723,85.4809622966068,204.209823608398,92.747504681957,136.677234225803,176.878842163086,82.2738189581669,33.756820899657,87.1252802858258,68.7076179301265,204.986012776693,71.4997413158417,43.8503566466968,34.7669519502681,122.211109315195,84.1539456685384,30.5248978012211,40.7074902214805,75.1419146689283,131.616069452355,93.2166714405853,100.145771386488,182.692690531413,122.3980691298,75.7247547695779,0,67.7871939815692,96.4364977857277,192.355712890625,237.719161987305,0,0,174.931529998779,206.918950398763,0,185.322341918945,141.341627756755,0,0,206.001780192057,0,119.308465576172,116.754687451669,152.569923400879,134.872467041016,0,123.476254914936,53.7676538614126,114.337849028567,171.482508341471,162.566505432129,120.132707130252,108.991041036753,166.561605013334,212.017705281576,137.876243591309,173.155303955078,0,0,117.879800938848
83.6634281299732,39.4102632461056,143.69610824585,12.270165348053,60.6594343012029,145.120681762695,89.1324680227982,60.6483275447331,89.7255737192491,26.5129392487662,73.6822168303699,58.76424853007,81.6339753094841,38.0040685754073,109.403093428839,72.0030247370402,94.3105578104655,160.224731445312,51.1871729764071,97.2189693450928,83.574425407078,109.50682220459,64.3063941597939,119.392915787235,34.176447334512,11.4990045393744,72.3223744053994,55.4302970196338,59.2174921884587,98.0576864130357,80.3068058537502,0,146.303682963053,89.4474279714185,100.952823003133,0,37.4896404266357,0,11.4027837812901,75.7594337463379,0,98.6369918823242,106.84678141276,112.03341293335,21.0670398712158,91.1715545654297,51.5052668253581,75.8603909810384,60.4587631225586,117.846044540405,0,0,198.627517700195,0,0,86.4602088928223,223.353164672852,86.0653317769368,142.318995157878,42.9951415784431,22.8648496866226,54.6840765211317,74.5696012323553,82.4740912119548,107.850323677063,95.4394760131836,0,0,97.4128150939941,119.516620635986
107.731960296631,178.496948242188,172.673002243042,60.6594343012029,13.0999192318296,159.04167175293,68.0603322509333,60.5056323245563,99.226296884945,52.1661834106445,32.508631210689,0,33.5021248836536,0,117.812279177384,85.5141303118537,73.9273242950439,208.453643798828,0,211.028121948242,24.141058389103,118.275352478027,71.8647851210374,190.67603302002,24.3514975161109,155.745056152344,177.080879211426,151.845303853353,21.904161543264,108.096456768869,83.6343994140625,0,152.078663219105,89.6383838653564,108.235142315135,0,0,0,78.5551560141823,25.5473131309237,0,159.477533167059,160.106304931641,176.405178833008,97.9395910898844,153.32338051174,0,90.351341952218,0,182.687723795573,126.362292480469,0,0,0,0,106.366503028309,0,98.7234268188477,0,103.028875965717,0,0,0,143.030784086748,211.239818572998,0,0,0,0,0
80.106071472168,179.216613769531,185.907773699079,145.120681762695,159.04167175293,7.63585220433278,9.8130742695806,125.659633212619,20.5269641385323,74.112219946725,120.019948858964,65.8907683979381,97.594000680106,88.1721572875977,33.183963100881,12.2190710437599,0,133.329530715942,79.7817916870117,150.879056930542,131.134561391977,0,112.293871561686,180.82715733846,131.000890395221,0,126.346047973633,149.086951622596,144.123029882258,29.0384849199215,120.85274810791,0,11.1862635797684,84.3269500732422,36.1828345188582,0,0,0,0,218.526351928711,0,233.856018066406,0,0,0,0,0,0,0,0,0,0,0,0,0,0,0,0,0,170.038513183594,127.009132385254,0,0,173.937187194824,222.123474121094,0,0,0,0,0
74.8395034245082,0,152.781884473913,89.1324680227982,68.0603322509333,9.8130742695806,10.0441415413732,62.4531641128215,16.7563055640934,98.9656282179426,28.7258792917918,81.0556512648059,22.4703400274602,116.734044075012,34.0956849386276,13.8771800010913,157.120768229167,168.760856628418,97.9925003051758,153.559115818569,44.2356441684877,138.818916066488,137.496588389079,142.135137921288,73.2333071857779,202.542831420898,170.750466549035,158.249325752258,74.1105353325023,33.9262268537675,117.24929692195,156.766868591309,16.1125505826984,104.8984375,64.5248255522355,174.912556966146,0,207.519256591797,101.24282989502,148.089878650422,147.222854614258,190.592573242188,161.845343271891,194.51957820012,119.15356392696,170.503455218147,0,133.253013134003,0,209.697162628174,154.963795979818,0,0,0,0,160.58310139974,0,159.710884094238,246.802658081055,121.248462426401,0,0,201.247187296549,159.130172879088,190.975133722479,0,0,241.728225708008,0,213.620964050293
24.7273558109259,138.017803865321,95.955833210448,60.6483275447331,60.5056323245563,125.659633212619,62.4531641128215,11.6621674613013,58.6299694140943,61.8550564870412,20.8218683111546,154.26336924235,74.0235300553151,173.277267456055,40.8673100401411,82.306221301739,105.908226617953,106.35849772594,164.334662543403,130.698117145739,93.7477666940262,73.5804333681132,91.1345516637041,81.7312601431276,53.4156865481925,150.918067932129,131.114346104539,115.581645548722,28.2597212975697,65.4840798980541,15.9204603460145,191.880634307861,127.834484654614,83.4382798469673,99.4190402566109,156.543960571289,139.459503173828,164.309104919434,71.5428588334904,131.419781062914,0,158.374531555176,119.409757232666,180.917721557617,85.9927042643229,143.414688958062,0,147.358507792155,0,177.151989528111,104.809692382812,132.456462860107,198.702159881592,0,228.828643798828,140.941682988947,184.226951599121,111.565042114258,163.536386913723,96.4359839780487,0,224.237518310547,173.690748214722,137.537029647827,173.501180795523,175.642234802246,0,0,157.335876464844,178.752605091442
36.0620112510368,155.028809287331,135.457323119461,89.7255737192491,99.226296884945,20.5269641385323,16.7563055640934,58.6299694140943,9.70936502463947,98.9468295523461,34.5357015809217,96.277436000279,70.0664964169746,141.335585021973,20.5178264813391,28.5758417767056,149.251104036967,144.669794334762,155.140631039937,158.315823789503,83.5286703843337,121.17219750189,135.859652910076,125.926243225438,79.1873403394545,179.353733825684,159.374448470648,158.183272092846,81.4555922188383,40.764908768903,82.45825082187,173.026049100436,25.7608009131714,99.6448726654053,69.1702101000157,0,189.572052001953,176.895487467448,107.269332554029,156.819005134778,0,175.366024441189,156.50564956665,198.916515531994,119.920727729797,173.008334919558,0,178.763128197711,0,210.917469024658,145.870539347331,192.277826944987,220.572091238839,0,227.072250366211,159.057955060686,0,160.933654785156,204.365774972098,126.20132311444,0,142.792465209961,185.608360290527,164.704186575753,189.306900024414,188.65739440918,0,0,178.824081420898,193.652852376302
78.301697310581,102.407085855499,126.941319252128,26.5129392487662,52.1661834106445,74.112219946725,98.9656282179426,61.8550564870412,98.9468295523461,9.51229938708968,75.2060984358003,156.355541959722,21.9854682917907,144.299368849078,108.604385319041,32.0854042128595,69.4766928073579,140.371265843971,160.212852114723,148.555161424862,26.8413080423457,100.212737897547,31.5248052690221,102.298532264177,23.3798364792232,125.011040260779,140.335644661112,94.7394958951429,51.4055906613148,90.0663631589031,68.9107508390614,163.93661063058,148.212235394646,74.8598341878255,103.789023742676,124.490707397461,103.286128997803,130.124420166016,22.3712053140004,92.5164740777785,0,117.182993853534,71.8467199537489,129.877091301812,42.0106320867733,102.194741532609,189.703323364258,91.5839708768404,0,155.68940226237,80.5620472247784,0,171.168899536133,188.14973449707,168.476236979167,90.1944283984956,0,93.6310262680054,177.070444742839,47.3939451585736,166.749990844727,0,173.84867997603,97.6369596553754,127.727661132812,0,0,0,0,121.762086486816
70.7340522218258,150.300262451172,130.541346740723,73.6822168303699,32.508631210689,120.019948858964,28.7258792917918,20.8218683111546,34.5357015809217,75.2060984358003,12.959743428913,170.035696847098,26.2125754484824,181.645065307617,82.477854918383,66.1152800089096,97.5814575195313,163.358795166016,168.358963012695,175.376046498617,19.0679579002887,102.693002065023,114.518168313163,139.213890945702,51.1408561006228,0,178.263986587524,140.063800296268,33.5886378625521,102.711815583767,129.34208577474,0,131.45365437974,89.6476780284535,106.177300393867,177.633224487305,0,0,81.9325627644857,60.0300569674137,0,168.916004998343,141.411629358927,191.857903757403,100.744304710711,153.788602124925,241.418716430664,140.783753395081,0,180.475452423096,117.340785980225,154.123672485352,0,0,0,124.354992319898,0,155.10063680013,181.58959197998,110.003327784331,0,0,224.190170288086,148.843894958496,189.693556976318,217.875091552734,0,0,167.519233703613,189.025410243443
146.295812719008,64.4415399018709,85.4809622966068,58.76424853007,0,65.8907683979381,81.0556512648059,154.26336924235,96.277436000279,156.355541959722,170.035696847098,13.9226196598428,0,19.3793162302584,92.1905825825061,186.662139892578,135.500624368357,56.4756935435893,20.5572556754327,25.8717132825146,145.884587097168,121.456988743373,120.470138282107,94.3139105246101,158.452813791674,32.3203798371463,28.8880161262299,66.269857981039,142.299970354353,84.1162966169962,125.476642407869,35.0693485696982,65.3148137222637,113.490373426868,27.9555892932329,0,100.846641540527,154.616212844849,71.695280456543,0,0,0,217.131927490234,153.823669433594,224.238250732422,209.532165527344,109.620472247784,0,110.469321250916,163.185157775879,0,0,147.697704315186,119.043276273287,116.540938744178,0,151.227058410645,103.578289031982,175.058032226562,182.165481567383,70.4481304713658,111.135333347987,105.752604590522,212.453140258789,0,184.443969726562,109.885320027669,0,0,129.102596282959
92.3137512207031,162.686218261719,204.209823608398,81.6339753094841,33.5021248836536,97.594000680106,22.4703400274602,74.0235300553151,70.0664964169746,21.9854682917907,26.2125754484824,0,11.7176654075592,181.762435913086,102.953048126042,12.609942644859,134.242462158203,158.654098510742,0,174.245109558105,18.0256433183956,0,64.088716506958,157.073515319824,24.9430209386228,146.3662109375,196.430068969727,128.8602253307,56.5409336218421,106.962414137814,72.1803569793701,177.894027709961,121.384630901058,82.3653984069824,103.967287905076,0,0,0,57.4178104400635,86.1721532895015,95.6474075317383,74.9461652163802,115.461512247721,120.997231074742,72.2764281136649,59.4212222798665,0,14.6684220401832,0,118.99667930603,81.4295196533203,0,0,0,206.766616821289,31.5103154613617,0,0,224.160293579102,91.6317660387825,0,0,0,116.199843528054,156.194707234701,0,0,0,122.584953308105,143.033361816406
0,48.841313387,92.747504681957,38.0040685754073,0,88.1721572875977,116.734044075012,173.277267456055,141.335585021973,144.299368849078,181.645065307617,19.3793162302584,181.762435913086,7.25682660780048,111.072997257627,184.045028686523,121.661514282227,91.5811267428928,57.3600408971942,71.3688930605831,183.993209838867,148.311267852783,106.549976893834,126.812070922852,136.712404077703,21.8056148454777,29.4771531615773,29.1559821740218,178.819946289062,118.706406813401,166.633463541667,13.5578124474038,83.2021953037807,146.528701782227,57.3977636620805,0,80.7927427852855,0,46.3391051292419,0,0,0,0,0,164.065734863281,0,86.0338701520647,0,79.952812576294,0,0,0,127.137020111084,97.9469273885091,105.824453180487,0,0,0,0,172.119216918945,54.4575622172295,104.650056610107,96.4954994385501,0,0,0,81.4597290039062,0,0,101.787803649902
18.7392914172365,143.622723715646,136.677234225803,109.403093428839,117.812279177384,33.183963100881,34.0956849386276,40.8673100401411,20.5178264813391,108.604385319041,82.477854918383,92.1905825825061,102.953048126042,111.072997257627,9.17081766332523,65.8916645812988,148.635696757923,140.778435195553,136.828633880615,154.32665205655,104.786714327085,115.977959294828,135.975651188901,125.49162572132,104.696243211639,148.546636793349,155.272130226111,160.0112641935,98.3330489857026,27.6917991483043,75.9500080136419,220.301651000977,20.9487358279287,47.3839914439476,53.5545475117773,199.670166015625,164.427764892578,174.412910461426,123.037482791477,162.246764183044,0,210.088356018066,192.506665039063,212.37463760376,137.084844801161,201.197056361607,0,225.570999145508,0,223.206777954102,158.509735107422,189.525914510091,0,0,219.229965209961,180.071712070041,0,156.286322021484,206.234902121804,150.266767932523,0,198.583531697591,206.699894496373,188.402293701172,203.93044535319,211.701950073242,0,0,0,226.703778076172
89.0771675109863,143.544624328613,176.878842163086,72.0030247370402,85.5141303118537,12.2190710437599,13.8771800010913,82.306221301739,28.5758417767056,32.0854042128595,66.1152800089096,186.662139892578,12.609942644859,184.045028686523,65.8916645812988,8.75408543459426,132.058837890625,183.605322943793,190.272548675537,192.728813758263,65.0611750172303,107.770660400391,91.2804106007452,157.042181015015,58.9078488008341,175.529160719651,171.10991414388,146.788264249278,85.8957896762424,58.3438108617609,130.261001586914,181.044387817383,32.6723689175724,111.060493469238,58.4165404705291,0,163.923942565918,175.880836486816,66.4176864624023,114.184396743774,0,128.351837158203,91.6084671020508,194.411005655924,72.4101359049479,126.469066488332,0,114.453865814209,0,0,95.3204154968262,0,0,0,210.340805053711,112.78897190094,0,0,0,85.8576749165853,0,192.053451538086,0,113.368336486816,173.036499023438,0,0,0,145.575820922852,150.016784667969
137.240526835124,97.4965951919556,82.2738189581669,94.3105578104655,73.9273242950439,0,157.120768229167,105.908226617953,149.251104036967,69.4766928073579,97.5814575195313,135.500624368357,134.242462158203,121.661514282227,148.635696757923,132.058837890625,14.1105240979889,103.725735002917,135.480814615885,119.213892854963,193.516883850098,27.8544837090915,36.3656625674992,22.0090426756817,39.0716936836243,119.808868408203,111.487927128426,29.4439628534552,35.3017923016146,114.406507000481,70.7941720294952,139.784538269043,0,100.593366622925,92.6551094611254,0,110.259454727173,114.596596581595,107.04515838623,0,0,0,158.857810974121,176.086380004883,60.4036342075893,0,168.021697998047,0,0,169.461580276489,0,71.3162377386382,142.564413182876,0,157.964223225911,162.085311889648,101.728224182129,59.2155005839648,96.2902806524694,108.721423515907,0,142.961426628961,92.5810266685486,115.453175511853,0,137.808212280273,0,0,0,136.339656405979
112.742245515864,56.5043658078493,33.756820899657,160.224731445312,208.453643798828,133.329530715942,168.760856628418,106.35849772594,144.669794334762,140.371265843971,163.358795166016,56.4756935435893,158.654098510742,91.5811267428928,140.778435195553,183.605322943793,103.725735002917,10.3270659846141,55.9153518731253,19.3154374269012,223.29328918457,60.0232746649308,80.2887874550754,23.7452242337324,138.827055466914,82.327897644043,29.1753372485847,68.5463030177121,102.34139051602,113.09376508044,80.9177868700027,88.9437386885933,169.534691174825,103.72772643763,44.2917176607294,229.826538085938,71.9238985324728,116.021006758495,83.5061235427856,0,0,0,184.881908840603,211.124425252279,199.468238830566,235.648139953613,154.722871398926,0,170.147651672363,191.525329589844,0,147.378721383902,127.564984784807,147.923567199707,134.111348851522,0,157.525720596313,90.5348604375666,133.452126442118,174.792528424944,97.7428817749023,120.256489088555,119.642527469369,190.170120239258,225.092304229736,178.616162981306,132.592971801758,0,0,128.565906047821
159.75168355306,67.1070616917057,87.1252802858258,51.1871729764071,0,79.7817916870117,97.9925003051758,164.334662543403,155.140631039937,160.212852114723,168.358963012695,20.5572556754327,0,57.3600408971942,136.828633880615,190.272548675537,135.480814615885,55.9153518731253,9.38207730037544,16.9268456202695,0,119.771095699734,122.228931045532,104.457622990464,169.85776570638,53.5170494128971,34.1048442251932,73.1449686513806,144.637707710266,137.52973769883,130.137631893158,60.1967307617946,100.459356134588,147.828008015951,60.9857443936103,0,104.24710886102,151.152047729492,62.3041191101074,0,0,0,0,0,0,0,106.360822789809,237.804611206055,106.174074172974,176.602844238281,0,0,152.870891864483,116.796481662326,122.448808618494,0,185.460479736328,153.597663879395,187.756552559989,0,81.9782910932574,112.590742654358,109.253515778395,0,169.761474609375,0,127.946800231934,0,0,145.019715309143
134.460913633689,58.4361730736422,68.7076179301265,97.2189693450928,211.028121948242,150.879056930542,153.559115818569,130.698117145739,158.315823789503,148.555161424862,175.376046498617,25.8717132825146,174.245109558105,71.3688930605831,154.32665205655,192.728813758263,119.213892854963,19.3154374269012,16.9268456202695,9.85054517800561,0,85.3823234952729,99.4416765238904,58.3596126279649,151.338845316569,53.8742300739604,31.1623949843704,72.2709570164974,121.685407220361,122.44263758452,100.43149248759,70.6521620582132,96.1216654284247,104.638243791534,46.2049067740619,0,85.7536628280861,126.007732754662,72.3423187255859,0,0,0,201.363586425781,0,201.045639038086,0,115.917902946472,0,112.864562988281,192.893493652344,0,188.219024658203,129.007547855377,132.060726165771,118.883091756742,0,157.874954223633,117.369267272949,148.436035988548,0,84.2342147015511,109.961369574358,110.024493025787,203.025360107422,161.652313232422,166.515487670898,119.862762451172,0,0,126.411780532526
97.6200707175515,0,204.986012776693,83.574425407078,24.141058389103,131.134561391977,44.2356441684877,93.7477666940262,83.5286703843337,26.8413080423457,19.0679579002887,145.884587097168,18.0256433183956,183.993209838867,104.786714327085,65.0611750172303,193.516883850098,223.29328918457,0,0,13.6487251935215,154.59005355835,120.573329925537,193.679538726807,23.5087990270041,176.469665527344,203.900188446045,197.023207092285,34.3154645174525,106.560839094469,154.235251426697,0,134.732612973168,88.2949709211077,106.340976587931,0,0,0,99.9270544052124,51.3730027537261,0,163.857654864971,133.975022452218,188.783954620361,94.8632017953055,141.312146412243,0,31.9800400269496,0,180.863505045573,106.165634155273,0,0,0,0,74.0642129258907,0,0,0,99.8780206418505,0,0,0,136.61430008347,233.94164276123,0,0,247.656951904297,170.562072753906,163.24348449707
88.756220797275,101.528157851275,71.4997413158417,109.50682220459,118.275352478027,0,138.818916066488,73.5804333681132,121.17219750189,100.212737897547,102.693002065023,121.456988743373,0,148.311267852783,115.977959294828,107.770660400391,27.8544837090915,60.0232746649308,119.771095699734,85.3823234952729,154.59005355835,11.0900659270609,54.2903715781882,26.6574389499321,28.1709586641742,125.44255065918,111.344676347212,76.2109242066642,22.1648477284967,67.1209944517281,26.6581260595073,149.965408325195,161.568767123752,58.9344667075337,46.7912001571203,0,179.878616333008,126.242386500041,0,0,0,0,147.40368270874,0,54.8441696166992,0,212.095367431641,0,0,189.443832397461,0,107.347455705915,153.529497782389,0,207.80152130127,0,115.714752197266,72.4723128116492,121.792576917013,144.327767508371,0,165.194940567017,124.661178784493,138.87870300293,162.781895955404,128.134745597839,0,0,183.977600097656,143.400074005127
107.682206922962,71.4171933855329,43.8503566466968,64.3063941597939,71.8647851210374,112.293871561686,137.496588389079,91.1345516637041,135.859652910076,31.5248052690221,114.518168313163,120.470138282107,64.088716506958,106.549976893834,135.975651188901,91.2804106007452,36.3656625674992,80.2887874550754,122.228931045532,99.4416765238904,120.573329925537,54.2903715781882,9.09114513345374,51.9832664122698,29.1315119833097,87.3326630240992,101.538533365083,37.8484039423012,52.6985983962242,100.4252672639,56.6634990770564,139.861862182617,204.4775390625,66.6496670738099,76.9484533268343,0,99.9582341512044,67.4027098889621,106.644113540649,177.066192626953,0,0,139.3210105896,149.572998046875,17.6367111206055,181.642417907715,152.644500732422,0,192.78076171875,145.913459777832,0,50.0100987106562,117.928139005389,214.568695068359,150.997123718262,0,85.1795939490909,15.2055624653857,68.3525874519931,99.8583297729492,119.826772054036,140.751787458147,74.8394408592811,84.1173957188924,177.064387003581,88.1219803946359,0,0,0,90.7523474693298
97.9388677522085,85.3919377407785,34.7669519502681,119.392915787235,190.67603302002,180.82715733846,142.135137921288,81.7312601431276,125.926243225438,102.298532264177,139.213890945702,94.3139105246101,157.073515319824,126.812070922852,125.49162572132,157.042181015015,22.0090426756817,23.7452242337324,104.457622990464,58.3596126279649,193.679538726807,26.6574389499321,51.9832664122698,16.8818125495091,76.9276079083717,133.008944702148,84.456662819723,49.342114690403,47.9972778136588,98.3394962713047,57.6217648088709,132.181610955132,174.241879081726,81.37794791247,54.9857778439155,169.23258972168,101.727607868336,113.084738709873,125.958460998535,0,0,205.533650716146,169.63446866549,183.477620442708,60.54616355896,164.65478515625,150.859024047852,0,0,209.173896789551,0,100.984600508602,141.659894076261,169.724082946777,151.860750345083,185.778900146484,132.586811903046,66.0219262646091,115.231476706394,162.517753601074,124.27220916748,145.63130745521,114.219238814994,142.783712611479,183.305720011393,142.105786132813,0,217.491653442383,235.990829467773,135.023597399394
79.6133222362222,102.938593183245,122.211109315195,34.176447334512,24.3514975161109,131.000890395221,73.2333071857779,53.4156865481925,79.1873403394545,23.3798364792232,51.1408561006228,158.452813791674,24.9430209386228,136.712404077703,104.696243211639,58.9078488008341,39.0716936836243,138.827055466914,169.85776570638,151.338845316569,23.5087990270041,28.1709586641742,29.1315119833097,76.9276079083717,12.6329986163309,113.054967792218,141.083888467588,86.5307527522959,19.7194083093854,89.51666957196,71.5045420690604,168.755532836914,143.262265272543,78.3777554806411,98.5816001637494,164.4323185512,123.096112569173,146.554767261852,55.0776264096095,95.3224841150744,0,125.173011779785,104.755414326986,151.917011074904,55.6146310659555,112.079848850475,0,111.656078737174,178.11759185791,164.350800494758,104.056475067139,152.695096333822,176.243528366089,0,194.612022399902,105.443428675334,135.180903116862,80.6145969190096,148.561519519703,64.4105007317087,172.363571166992,191.55485534668,152.162189737956,107.218391620752,156.832037074592,127.142028808594,0,0,152.675134277344,154.014707418589
0,21.6045630168652,84.1539456685384,11.4990045393744,155.745056152344,0,202.542831420898,150.918067932129,179.353733825684,125.011040260779,0,32.3203798371463,146.3662109375,21.8056148454777,148.546636793349,175.529160719651,119.808868408203,82.327897644043,53.5170494128971,53.8742300739604,176.469665527344,125.44255065918,87.3326630240992,133.008944702148,113.054967792218,9.60142410197621,45.1456513113684,25.9984173560623,135.099670410156,121.350431268865,169.012471516927,48.0605353386171,95.8478546142578,0,62.2895994024762,0,57.7765737771988,153.780914306641,31.2159845290645,0,0,0,154.022476196289,0,152.684796142578,0,65.9134489206167,0,56.7376092563976,134.096786499023,190.055160522461,0,103.617871602376,73.5699135916574,97.6561528256065,0,0,106.601382446289,179.032081604004,126.911308288574,35.6159899821047,69.6975061448954,64.1827278303788,0,0,0,73.2808174133301,0,0,89.1342264811198
135.872867798537,51.1007379410419,30.5248978012211,72.3223744053994,177.080879211426,126.346047973633,170.750466549035,131.114346104539,159.374448470648,140.335644661112,178.263986587524,28.8880161262299,196.430068969727,29.4771531615773,155.272130226111,171.10991414388,111.487927128426,29.1753372485847,34.1048442251932,31.1623949843704,203.900188446045,111.344676347212,101.538533365083,84.456662819723,141.083888467588,45.1456513113684,13.2292769489397,37.7476005710054,129.074226167467,136.433738414519,119.932191848755,28.1160377578346,111.376402813455,126.186939602806,65.2346787175682,203.566009521484,71.1659121213259,127.97376759847,75.1426050012762,0,0,223.447395324707,194.536966959635,197.983345031738,172.100301106771,198.672515869141,114.454143673766,0,104.809649876186,204.818640136719,0,145.872303962708,122.067231685557,115.799921247694,114.107627786616,0,156.700454711914,125.725242614746,150.960905783517,225.688003540039,73.3918491104274,101.912018694529,104.385629900904,202.287658691406,0,163.941062927246,109.118124643962,0,169.472229003906,119.489293212891
135.849127239651,33.0371145087536,40.7074902214805,55.4302970196338,151.845303853353,149.086951622596,158.249325752258,115.581645548722,158.183272092846,94.7394958951429,140.063800296268,66.269857981039,128.8602253307,29.1559821740218,160.0112641935,146.788264249278,29.4439628534552,68.5463030177121,73.1449686513806,72.2709570164974,197.023207092285,76.2109242066642,37.8484039423012,49.342114690403,86.5307527522959,25.9984173560623,37.7476005710054,16.2297695505726,82.6309719586933,140.451751131,117.520648124841,19.9437124878806,140.977335490878,127.840617579799,77.3897285412247,168.919006347656,77.5196689395813,98.9513492782498,93.9711979952725,219.878173828125,176.097442626953,208.227691650391,169.255084228516,203.528675079346,176.672389984131,164.861264038086,110.910298760258,0,102.656911849976,190.508356730143,0,110.949405922609,117.934444480228,114.030681065151,119.345254388474,216.956802368164,131.122326507568,61.0312926584504,111.34288404504,151.78178523137,69.8421554031906,108.671284461021,105.200842949045,160.999198426592,227.797073364258,145.790134429932,150.16455078125,0,0,123.274126314137
69.3514769957616,140.412773768107,75.1419146689283,59.2174921884587,21.904161543264,144.123029882258,74.1105353325023,28.2597212975697,81.4555922188383,51.4055906613148,33.5886378625521,142.299970354353,56.5409336218421,178.819946289062,98.3330489857026,85.8957896762424,35.3017923016146,102.34139051602,144.637707710266,121.685407220361,34.3154645174525,22.1648477284967,52.6985983962242,47.9972778136588,19.7194083093854,135.099670410156,129.074226167467,82.6309719586933,11.1923000442122,86.6548327714699,45.0184855910254,206.145614624023,143.188454209713,66.2521474889004,76.768148730638,158.649241129557,137.642820994059,151.949177696591,74.5934231498025,41.2288505926983,0,167.368264389038,143.081556122879,177.246714697944,83.8890365176731,151.085204775971,213.645446777344,150.494196210589,0,175.2957490066,123.708731333415,123.704768371582,184.694978986468,0,173.131454467773,90.4942010508643,119.048542976379,68.8762870844263,147.87051479633,103.731292704479,0,200.717529296875,150.006268819173,130.311649821816,166.201839848569,127.882797934792,0,0,161.136829082782,168.720999308995
17.4374755667352,132.749087407039,131.616069452355,98.0576864130357,108.096456768869,29.0384849199215,33.9262268537675,65.4840798980541,40.764908768903,90.0663631589031,102.711815583767,84.1162966169962,106.962414137814,118.706406813401,27.6917991483043,58.3438108617609,114.406507000481,113.09376508044,137.52973769883,122.44263758452,106.560839094469,67.1209944517281,100.4252672639,98.3394962713047,89.51666957196,121.350431268865,136.433738414519,140.451751131,86.6548327714699,11.4748256532095,33.6730924156248,132.826535542806,14.3129390550675,15.8803121812368,42.6298619398759,203.134033203125,168.377477010091,197.727031360973,104.451739591711,170.068766457694,0,187.319791793823,144.054163614909,210.457109451294,127.632748772116,192.262290367713,203.094528198242,172.702150617327,200.820114135742,208.953252156576,0,119.987674713135,204.124838256836,0,192.105270385742,189.880235290527,164.686737060547,116.575127192906,182.182895884794,143.271048409598,161.792793273926,174.591309980913,178.406102230674,166.550019218808,209.844042326275,158.620371500651,0,0,154.29483795166,202.881072998047
21.1450060808723,114.269576708476,93.2166714405853,80.3068058537502,83.6343994140625,120.85274810791,117.24929692195,15.9204603460145,82.45825082187,68.9107508390614,129.34208577474,125.476642407869,72.1803569793701,166.633463541667,75.9500080136419,130.261001586914,70.7941720294952,80.9177868700027,130.137631893158,100.43149248759,154.235251426697,26.6581260595073,56.6634990770564,57.6217648088709,71.5045420690604,169.012471516927,119.932191848755,117.520648124841,45.0184855910254,33.6730924156248,10.5733423522215,162.533320109049,127.14967918396,47.7930246723015,44.7583254332791,0,140.888660430908,160.987585214468,95.6169464111328,168.41438293457,0,0,175.727882385254,0,111.256543477376,0,0,0,0,229.989959716797,179.965637207031,128.206373214722,174.207958984375,0,189.597808837891,159.371887207031,140.372665405273,79.7391387939453,157.272543334961,119.82870894212,0,183.19893222385,172.810980660575,120.883628463745,166.158285522461,130.101062011719,0,0,0,180.02019292658
179.969924926758,74.7535493784937,100.145771386488,0,0,0,156.766868591309,191.880634307861,173.026049100436,163.93661063058,0,35.0693485696982,177.894027709961,13.5578124474038,220.301651000977,181.044387817383,139.784538269043,88.9437386885933,60.1967307617946,70.6521620582132,0,149.965408325195,139.861862182617,132.181610955132,168.755532836914,48.0605353386171,28.1160377578346,19.9437124878806,206.145614624023,132.826535542806,162.533320109049,7.21205206674851,147.638813018799,0,72.2596642066692,0,126.367495218913,0,73.0877475738525,0,0,0,237.588928222656,0,0,0,0,0,80.1408843994141,0,0,0,0,0,146.242563883464,0,0,0,199.655431111654,0,81.322455666282,105.432400512695,113.394597487016,0,0,0,183.361709594727,0,0,0
91.4790757497152,188.689058939616,182.692690531413,146.303682963053,152.078663219105,11.1862635797684,16.1125505826984,127.834484654614,25.7608009131714,148.212235394646,131.45365437974,65.3148137222637,121.384630901058,83.2021953037807,20.9487358279287,32.6723689175724,0,169.534691174825,100.459356134588,96.1216654284247,134.732612973168,161.568767123752,204.4775390625,174.241879081726,143.262265272543,95.8478546142578,111.376402813455,140.977335490878,143.188454209713,14.3129390550675,127.14967918396,147.638813018799,5.99907365850661,73.0152304513114,33.7991466966278,0,134.806259155273,0,179.213073730469,247.769607543945,0,0,216.309387207031,217.670288085938,169.373321533203,217.324681599935,0,0,0,0,0,0,0,0,0,213.949101765951,0,0,237.611679077148,185.163558959961,0,0,146.770156860352,193.319869995117,0,0,0,0,0,0
28.2812497820173,197.468292236328,122.3980691298,89.4474279714185,89.6383838653564,84.3269500732422,104.8984375,83.4382798469673,99.6448726654053,74.8598341878255,89.6476780284535,113.490373426868,82.3653984069824,146.528701782227,47.3839914439476,111.060493469238,100.593366622925,103.72772643763,147.828008015951,104.638243791534,88.2949709211077,58.9344667075337,66.6496670738099,81.37794791247,78.3777554806411,0,126.186939602806,127.840617579799,66.2521474889004,15.8803121812368,47.7930246723015,0,73.0152304513114,9.17015500677855,32.372210491957,0,0,185.742401123047,108.707321166992,0,0,182.488739013672,166.692581176758,191.005172729492,89.3957748413086,0,0,0,0,215.818069458008,0,135.522464752197,171.243774414062,0,0,0,106.472312927246,93.7512054443359,183.80447769165,123.194632212321,0,161.704833984375,182.423970540365,115.774253845215,204.189666748047,106.521118164062,0,0,0,171.395935058594
85.6495220608181,66.7153277364718,75.7247547695779,100.952823003133,108.235142315135,36.1828345188582,64.5248255522355,99.4190402566109,69.1702101000157,103.789023742676,106.177300393867,27.9555892932329,103.967287905076,57.3977636620805,53.5545475117773,58.4165404705291,92.6551094611254,44.2917176607294,60.9857443936103,46.2049067740619,106.340976587931,46.7912001571203,76.9484533268343,54.9857778439155,98.5816001637494,62.2895994024762,65.2346787175682,77.3897285412247,76.768148730638,42.6298619398759,44.7583254332791,72.2596642066692,33.7991466966278,32.372210491957,12.3471599632136,0,92.5568919590541,121.497664981418,107.541440327962,171.416291373117,0,195.450126647949,173.670629882813,216.540588378906,120.283700561523,193.952095031738,133.951708013361,211.626673380534,129.548123168945,205.521456037249,0,129.274604210487,132.458217183097,129.17467880249,132.590040370396,184.605083465576,144.483814663357,107.578798061464,136.00731730911,147.835196561592,92.5290378570557,123.926976538324,117.786595906053,166.932336730957,207.700666809082,172.84447152274,151.598286946615,0,210.777180989583,139.34485168457
0,0,0,0,0,0,174.912556966146,156.543960571289,0,124.490707397461,177.633224487305,0,0,0,199.670166015625,0,0,229.826538085938,0,0,0,0,0,169.23258972168,164.4323185512,0,203.566009521484,168.919006347656,158.649241129557,203.134033203125,0,0,0,0,0,10.3132899467588,155.704988098145,128.133916219076,96.4044834634532,104.597163064139,88.7945664723714,85.372648532574,20.818192548823,46.0312607501625,87.6924319612807,78.0238456954499,120.245470220392,109.503798348563,0,18.1724573169849,31.0883617401123,88.6255266289962,127.317794661088,141.459045410156,137.347270235102,105.126470392401,92.7568195260686,106.318223232693,111.67399408121,88.8012586962275,113.003471374512,138.425667444865,149.896432976974,89.8914229420937,22.5271139593012,20.8781191917511,0,91.4127343495687,50.3597558638629,78.4343797306152
0,27.1031958779623,67.7871939815692,37.4896404266357,0,0,0,139.459503173828,189.572052001953,103.286128997803,0,100.846641540527,0,80.7927427852855,164.427764892578,163.923942565918,110.259454727173,71.9238985324728,104.24710886102,85.7536628280861,0,179.878616333008,99.9582341512044,101.727607868336,123.096112569173,57.7765737771988,71.1659121213259,77.5196689395813,137.642820994059,168.377477010091,140.888660430908,126.367495218913,134.806259155273,0,92.5568919590541,155.704988098145,10.6097305570698,47.0482180698498,30.3258418325168,0,0,168.56014251709,133.413141618695,168.927834033966,95.0186592379483,167.477633158366,67.8712581754564,136.888652801514,57.8400773838214,141.95412208294,138.533560011122,71.3182401438706,59.0042959760194,74.0920056165275,63.3325344490427,0,90.716708993012,51.6713915250159,66.8116616872152,92.2666679996772,23.9637977711773,53.5230394922528,34.2939462565651,130.704838256836,145.842631835938,110.697829506614,72.3879565768772,111.72826385498,125.139930725098,62.303196700938
183.183578491211,105.09444732666,96.4364977857277,0,0,0,207.519256591797,164.309104919434,176.895487467448,130.124420166016,0,154.616212844849,0,0,174.412910461426,175.880836486816,114.596596581595,116.021006758495,151.152047729492,126.007732754662,0,126.242386500041,67.4027098889621,113.084738709873,146.554767261852,153.780914306641,127.97376759847,98.9513492782498,151.949177696591,197.727031360973,160.987585214468,0,0,185.742401123047,121.497664981418,128.133916219076,47.0482180698498,12.7216910149586,110.359583536784,151.138030529022,196.364326477051,146.966062273298,96.6753759790099,142.599494700869,118.950119018555,114.218832324051,95.6519618401161,202.233560180664,86.7983890109592,142.841070392788,148.942106807933,78.4392454865273,33.1525113118835,88.1011033169059,70.0526027802498,179.911277770996,70.2724451246208,48.4164766246437,34.4641841992755,104.846022170024,95.3006158126028,33.2132721670553,40.3227155956109,82.1858687676638,151.968809911183,95.8496159648443,113.698980331421,0,126.117519632975,82.2241447899458
116.149208068848,23.0546083450317,192.355712890625,11.4027837812901,78.5551560141823,0,101.24282989502,71.5428588334904,107.269332554029,22.3712053140004,81.9325627644857,71.695280456543,57.4178104400635,46.3391051292419,123.037482791477,66.4176864624023,107.04515838623,83.5061235427856,62.3041191101074,72.3423187255859,99.9270544052124,0,106.644113540649,125.958460998535,55.0776264096095,31.2159845290645,75.1426050012762,93.9711979952725,74.5934231498025,104.451739591711,95.6169464111328,73.0877475738525,179.213073730469,108.707321166992,107.541440327962,96.4044834634532,30.3258418325168,110.359583536784,25.3001884772227,61.3940151069738,154.564559936523,90.6185453983775,65.6255444241109,102.289536320886,9.63617835763901,70.5980707282451,62.0492394311087,76.043009361854,40.2038507461548,108.584332588391,70.5329389572144,73.7908573150635,70.8108344444862,57.1931540171305,57.9545470462756,67.2841973691373,92.5627990722656,64.1982147216797,99.9916696548462,24.5012199240039,26.932164427862,52.7838059504827,54.7210074316525,58.6389651641347,101.946380601755,93.1074299445519,131.422866821289,0,85.0038646574943,94.7738328602003
142.719375610352,0,237.719161987305,75.7594337463379,25.5473131309237,218.526351928711,148.089878650422,131.419781062914,156.819005134778,92.5164740777785,60.0300569674137,0,86.1721532895015,0,162.246764183044,114.184396743774,0,0,0,0,51.3730027537261,0,177.066192626953,0,95.3224841150744,0,0,219.878173828125,41.2288505926983,170.068766457694,168.41438293457,0,247.769607543945,0,171.416291373117,104.597163064139,0,151.138030529022,61.3940151069738,10.6414848317527,131.43418375651,74.760490140523,65.9661180367742,102.785216279226,39.7871945835052,31.3302137815353,146.086692810059,33.485505360411,166.904235839844,116.877769229919,73.9631019125179,34.9612941741943,145.059415181478,185.465042114258,169.611999511719,17.0296645912567,110.698282241821,48.9615788459778,115.648598670959,19.6427961258235,0,167.637841796875,144.98134543679,26.4295627894124,115.148784833077,125.769117355347,0,143.559867858887,103.992795308431,121.527905520271
0,0,0,0,0,0,147.222854614258,0,0,0,0,0,95.6474075317383,0,0,0,0,0,0,0,0,0,0,0,0,0,0,176.097442626953,0,0,0,0,0,0,0,88.7945664723714,0,196.364326477051,154.564559936523,131.43418375651,6.3728647578526,11.0899796329472,118.607251061334,14.8319599367215,56.3161223655523,113.055625632957,68.3317938645681,113.934856653214,89.178837246365,39.4393897351254,14.7728255145796,121.682998657227,135.382984161377,93.9080458747016,98.516828918457,129.776682535807,234.237350463867,119.215957641602,139.701405334473,82.7636811183049,166.207323710124,100.834228183912,146.09870300293,147.705358065092,27.6726207172169,102.342735290527,105.0364112854,11.0795714528127,58.9344584147135,36.4298581783588
