11.5138785817723,131.199598693848,105.783292341698,83.1138877868652,77.9773187076344,139.802200317383,78.332410550585,32.1668229038413,45.8812617024238,83.4604735741248,41.2106875692095,130.707609029917,100.427492777507,135.252203369141,22.834934048932,90.0359388987223,120.838847972729,116.042394509095,161.316175188337,147.963490973579,115.838240189986,92.2458068701872,108.269993373326,98.4891934613569,87.4679913785723,0,135.299314698177,135.293002107218,77.8686095289216,21.95865554088,32.4459589990429,158.828450520833,94.4513189527724,48.7498805999756,98.0794178077153,0,0,154.85474395752,87.748363494873,0,0,201.799072265625,0,0,227.389007568359,0,0,0,0,203.896881103516,0,160.478233337402,247.909469604492,237.276000976562,0,0,0,149.332778930664,180.412261962891,132.406295776367,0,192.867350260417,164.881534576416,0,180.262237548828,0,0,0,164.790786743164,201.091377258301
131.199598693848,6.73009497426689,50.3578398633947,65.481460943222,186.936375935872,0,167.503963470459,138.115992736816,157.164379392351,96.6868701208205,167.2021484375,71.8558932295242,124.349089622498,51.3563561467077,152.469415838068,132.130387878418,60.7986339314779,56.3425336303711,76.5699591424055,61.0124243122258,171.424116516113,127.604916687012,62.4809358171422,81.4771908905547,112.213497715867,24.0126792206918,54.8041526252455,35.2477782922815,131.503898816231,130.826435554318,127.629199323983,70.4096281433105,137.348472595215,122.725072224935,65.34787793986,180.751724243164,47.5608084018414,75.2500997270857,12.1777038574219,0,0,0,150.202926635742,128.253158569336,0,0,116.049537658691,0,83.118900844029,0,0,120.204856872559,69.6642924499512,98.3811721801758,78.6873009999593,0,0,109.092491149902,143.275445302327,0,80.5926933288574,77.9766444644413,77.773047497398,164.787006378174,154.272811889648,0,99.3765716552734,0,0,89.8016666836209
105.783292341698,50.3578398633947,15.0944099271744,102.930429731097,213.054847717285,183.303524017334,153.09798045098,101.241925705598,138.516864877096,130.076334272112,134.694212722778,96.7451485612176,186.353966849191,105.11036795157,131.524436279441,159.535650773482,87.7824970439628,39.7682003438921,86.9186669820572,70.6299259772485,194.908103942871,77.5183079562775,49.4924554592226,36.77103596968,128.947604806083,87.2584533691406,42.5029545125594,45.6263185855425,92.4948130648858,124.543063851503,95.7802288628028,102.449943805563,182.529945960412,113.990855916341,88.1086214062519,243.18977355957,101.589501698812,95.5474922499175,109.471252441406,0,0,0,174.408071245466,192.417892456055,151.560882568359,179.100433349609,156.005340576172,174.521362304688,144.341298421224,202.697021484375,174.096298217773,121.416964604304,120.395192232999,163.989598592122,142.144437936636,0,119.219985689436,79.3056308201381,117.423517509743,167.055801391602,117.382726033529,124.923139018397,104.671045574389,157.744748433431,221.998474121094,146.356964111328,155.11466217041,0,0,107.264087551243
83.1138877868652,65.481460943222,102.930429731097,7.5790408201385,80.3939056396484,64.1869678497314,93.9060243118641,64.5449548116544,99.3539550087669,11.5594808973731,80.8942283630371,60.0764715938825,37.0287089628332,55.9325069717214,107.229411015745,41.9323787689209,68.1530230045319,76.2771715436663,60.685864231374,56.211271704697,75.3367110661098,117.275595092773,38.1723973799725,118.464484572411,35.2285397303956,33.7894354360709,51.8875564072878,47.4245846184192,62.8861437367869,97.2493178804042,88.8157598972321,71.4662605632435,143.929262161255,81.676155090332,69.4365159211335,155.519760131836,22.7057327064308,154.885955810547,10.3350798634922,74.2601369969985,0,84.6942138671875,126.269580841064,124.173956298828,21.1891274452209,86.5813565254211,72.3856512216421,94.2951698303223,67.9167246137347,149.895011901855,0,70.1586837768555,64.4607071443038,76.504093170166,67.0281507519708,77.4062671661377,171.148361206055,93.8512763977051,105.580486297607,37.8824581277782,19.2820546165589,60.0855996193142,56.522497709807,87.6928536097209,115.159564971924,0,67.823112487793,150.367034912109,100.200340270996,74.3607546488444
77.9773187076344,186.936375935872,213.054847717285,80.3939056396484,11.2751699209338,130.955305916922,70.3407797698815,51.1024012618302,100.599033761882,52.6239024070001,37.0175689399588,172.175111209645,32.8100817114201,185.710000610352,103.925197140328,79.4675048192342,110.725347609747,175.013896942139,194.625910441081,158.781127929688,21.1210298765617,124.813992818197,68.9387546886097,144.659942626953,22.0972795669389,171.650787353516,187.184774225408,149.768221173968,17.4132827123459,104.030504131567,100.98961019516,196.014923095703,144.360454831805,75.8000036168982,117.554836492429,158.417521158854,0,0,74.2359022412981,40.0943921547168,0,160.655362374442,138.282682630751,181.868802388509,80.1598116556803,87.5389051967197,0,85.5010667998215,0,192.092396327427,153.333065032959,0,0,243.735992431641,0,37.6961621517359,0,142.743957519531,143.300109863281,101.44329121092,0,228.466659545898,0,120.809277860742,182.725557599749,0,0,0,0,182.42533493042
139.802200317383,0,183.303524017334,64.1869678497314,130.955305916922,6.95969681258693,8.9446179506932,127.575000416149,17.5037779179503,83.3754534403483,129.354268587553,76.4586921691894,80.9498448371887,98.5049314498901,37.5600047879749,15.0509275073047,116.398559570312,191.811780657087,128.942565917969,135.644554138184,131.906012943813,200.237411499023,114.490362548828,169.136032104492,102.513885934012,213.095932006836,132.518409729004,142.480548095703,149.628491328313,29.610905490056,122.495893625113,102.528798421224,10.6822820482518,0,39.3789215910024,0,0,0,0,0,0,0,0,0,75.4402389526367,0,0,0,0,243.191467285156,0,0,0,0,0,0,0,0,0,152.650362650553,0,0,144.180465698242,0,0,0,0,0,0,0
78.332410550585,167.503963470459,153.09798045098,93.9060243118641,70.3407797698815,8.9446179506932,12.0731844908395,68.2862253557317,23.8755523001209,89.9359979669419,32.6986851344957,96.4773422143398,23.6007272512657,140.484880547774,32.6696863637373,13.0580017845163,134.512177149455,178.806900024414,124.802214622498,164.945604424728,46.9284788194625,146.083096822103,142.45851789202,148.077044141162,89.2684093327545,174.67591603597,160.543994978362,163.106792710044,77.5161447383889,46.0918911469721,120.259111309052,146.282634735107,17.1121051703304,93.0503463745117,77.6629060917213,200.564666748047,0,0,110.605554933901,152.492555979136,0,186.781470298767,156.728189321665,193.027905273438,108.831497192383,161.570551378974,0,82.1396390011436,0,200.543029785156,184.095123291016,0,0,0,0,163.633601597377,0,129.200325012207,230.293762207031,128.364060617,0,198.786911010742,201.970394134521,170.981327533722,201.762966156006,0,0,0,0,245.237228393555
32.1668229038413,138.115992736816,101.241925705598,64.5449548116544,51.1024012618302,127.575000416149,68.2862253557317,12.1799454588866,66.6599936934679,66.0272530329397,23.577659120979,158.999973773956,73.9484504518055,169.589761098226,48.2593297521026,85.9049823807507,94.0117991638184,117.522887766105,173.431237030029,144.968435939354,74.8541451380803,79.3307529523177,85.8361943789891,88.2641628909838,59.0422601761023,178.972477504185,144.400128324267,116.237247718308,32.9554447868098,62.2499932938714,22.0207759529023,185.020357767741,133.844368815422,84.9213500282981,103.106444284102,161.12036895752,0,180.891996383667,76.8379367379581,137.47782598223,0,159.73908911811,136.151458740234,172.391318511963,85.8459627251876,143.853248842301,0,141.760925292969,230.976760864258,184.787734985352,0,144.954207738241,0,0,0,140.86389626397,162.028330485026,105.231357955933,175.101280721029,108.650825475141,222.26872253418,203.609461466471,176.310110092163,136.90138944861,176.417744389287,144.871948242188,0,0,166.539423624674,168.07682800293
45.8812617024238,157.164379392351,138.516864877096,99.3539550087669,100.599033761882,17.5037779179503,23.8755523001209,66.6599936934679,12.4900756353437,99.2246528711212,39.1782729640222,94.9084783521749,66.4825012997137,101.736928782332,24.7862687435193,40.0605829057814,138.08420074064,148.643903379962,152.892618648341,157.903334221232,87.0122067623072,129.547376236826,124.622351573064,132.325941105753,94.8939400330645,129.181998076262,149.641821183499,155.987366033287,88.1954666619011,49.2374394160631,86.9740173016707,128.831940923418,28.0063759375684,98.8360183022239,76.4396119117737,189.421811785017,0,196.807169596354,114.113222092849,155.164882194705,0,185.709518432617,163.797668457031,208.472840309143,133.041255950928,172.832248981182,158.023445129395,171.172693040636,0,213.16081237793,0,199.814566040039,218.819122314453,163.556869506836,185.120918273926,173.212158203125,190.168345133464,143.170234680176,201.154731348941,135.703321992961,162.208648681641,190.014684041341,181.697321573893,167.172163666272,203.401149495443,193.524955749512,198.591720581055,0,180.154251098633,200.495780944824
83.4604735741248,96.6868701208205,130.076334272112,11.5594808973731,52.6239024070001,83.3754534403483,89.9359979669419,66.0272530329397,99.2246528711212,9.91776541246114,75.2720072776589,156.832662367283,16.1376825458125,143.713714576698,106.451694329069,28.3053225231526,43.4045818300329,142.014557774862,162.708899778478,151.424708149221,49.6469624996185,94.2919492340088,24.0613460570383,121.70557938499,25.8728765442092,123.826361495066,153.607218650535,92.1483392416848,59.1918013402137,87.5460155711454,71.3804655775512,156.867675272624,144.841047668457,72.4297105236166,121.687108334628,178.182151794434,157.849594116211,195.8330078125,37.6940707695193,99.2762380032926,0,119.815927358774,87.4030927022298,145.60816192627,42.2605908802577,107.187394515328,209.849266052246,103.069940090179,181.159004211426,155.401014539931,0,72.7052026228471,169.202059936523,0,218.999084472656,101.148391723633,111.824462890625,53.2187795639038,164.911892700195,67.7594741036959,0,183.449267069499,162.482613699777,92.6961422372372,134.437605424361,123.961126708984,0,0,113.734886169434,134.564455668132
41.2106875692095,167.2021484375,134.694212722778,80.8942283630371,37.0175689399588,129.354268587553,32.6986851344957,23.577659120979,39.1782729640222,75.2720072776589,16.5560309204284,155.357209382234,28.2897677836556,173.108056386312,52.6675020801625,81.297197781579,119.446441226535,184.726447695778,185.722764756944,170.522940063477,23.5477828280713,154.284543991089,126.008215162489,129.005031088124,64.0539525428515,192.723670959473,174.701534873561,164.35206375999,36.4509342377707,102.839571795621,114.34773671627,201.894595675998,135.110640401426,98.735717527328,111.40793773828,0,0,222.52821858724,94.6245036125183,130.893566753246,0,164.989291851337,141.368914104643,186.517482121785,106.244998168945,155.564991633097,0,71.1429945305933,0,195.113254547119,122.272109985352,0,241.594299316406,0,0,141.712292744563,200.222808837891,161.766342163086,221.778035481771,110.171679898056,0,222.171635945638,193.856282552083,146.615525599888,196.13452911377,208.197311401367,0,0,0,191.019541422526
130.707609029917,71.8558932295242,96.7451485612176,60.0764715938825,172.175111209645,76.4586921691894,96.4773422143398,158.999973773956,94.9084783521749,156.832662367283,155.357209382234,14.2287569466976,151.422749554669,31.949282148017,86.9484401876531,183.79144499037,133.678081417084,63.3077524000599,21.9603682792897,32.6849878473754,154.489396413167,127.42444679141,128.762266159058,111.78374910043,171.386835796077,42.8933179204663,32.4633344929693,72.8977939248407,157.702711666332,86.7721972307156,127.854212878502,44.9034958507181,75.2713586327864,137.256889343262,33.7455664868438,0,109.072634015765,164.395761762347,67.7384786298198,0,0,0,212.145955403646,205.370895385742,194.663293021066,0,97.7661713444909,0,78.8969442118769,165.3411996024,208.184341430664,163.802555084229,135.012974594579,111.944777887518,117.022788257134,0,191.565673828125,125.294536590576,161.638293584188,208.797304153442,69.9265983492829,106.299810936942,108.098670547073,222.889028930664,155.845260620117,177.911880493164,103.53980255127,150.552932739258,0,131.207935810089
100.427492777507,124.349089622498,186.353966849191,37.0287089628332,32.8100817114201,80.9498448371887,23.6007272512657,73.9484504518055,66.4825012997137,16.1376825458125,28.2897677836556,151.422749554669,12.6272582727496,176.522596359253,106.541649913788,19.8255227396146,82.8502144813538,174.184214274089,182.592279052734,172.128339494978,18.086630626955,177.975234985352,70.662401676178,117.083618164062,24.4528490447047,159.505198887416,179.622467041016,144.008808196537,57.0592542658328,108.993318839695,134.2243309021,208.825561523438,126.656848090036,114.782688140869,112.597564697266,0,0,0,68.252622127533,110.478400259307,0,69.3475449162145,112.960076649984,127.159944661458,62.4145320892334,36.8370363079772,0,13.8698998948695,0,0,70.3445730209351,0,0,239.776382446289,0,17.1730639776375,0,0,0,88.65679029056,0,201.075927734375,188.988166809082,119.153026471819,203.877502441406,0,0,0,189.927017211914,216.526344299316
135.252203369141,51.3563561467077,105.11036795157,55.9325069717214,185.710000610352,98.5049314498901,140.484880547774,169.589761098226,101.736928782332,143.713714576698,173.108056386312,31.949282148017,176.522596359253,10.1893440256523,96.1635559974833,178.866558695948,107.281551268043,107.134136534574,69.5591541872186,89.4993504115513,162.644195556641,150.05368347168,114.49534879412,145.468377920297,156.894486349982,23.0390952675914,40.6052124614405,37.9895923878016,176.492327270508,110.686504798599,151.871106465658,23.0607323144073,89.3506486199119,200.729843139648,55.756705810042,158.954132080078,96.8053325017293,188.664695739746,63.2819808156867,0,0,182.65502166748,0,127.601451873779,159.723480224609,215.170669555664,66.7076208077225,0,60.6595244594126,129.819549560547,0,0,120.910077412923,95.1804475050706,125.266245061701,0,181.709396362305,116.374429702759,219.153274536133,194.527872721354,59.9262362553523,94.1977892788974,97.8119493357341,0,0,237.11882019043,86.0089921028383,0,0,113.88803655451
22.834934048932,152.469415838068,131.524436279441,107.229411015745,103.925197140328,37.5600047879749,32.6696863637373,48.2593297521026,24.7862687435193,106.451694329069,52.6675020801625,86.9484401876531,106.541649913788,96.1635559974833,10.7680483976112,69.6519767104602,139.282225135865,140.423429914742,133.898966942304,149.425233106355,100.257725563916,114.400066043725,124.652072841838,121.609036259784,103.465189219191,99.4757558186849,139.308601163588,148.934585353306,94.1543180019453,36.8218315677278,69.446598107304,116.442719576652,22.0851572718969,51.931157722946,61.0285693151787,193.036422729492,0,197.442638621611,120.053562164307,180.896482086182,0,215.871664428711,190.64009475708,213.33231777615,122.831243515015,191.833833312988,145.026222229004,169.780799865723,175.593231201172,227.063955688477,181.253768920898,195.007848103841,219.677490234375,179.020858764648,176.062368774414,182.858707427979,191.818020629883,139.232405980428,208.736472129822,154.209680651055,0,167.169540970414,184.956122262137,176.922980364631,213.395404815674,204.13720703125,0,0,233.898208618164,206.387300491333
90.0359388987223,132.130387878418,159.535650773482,41.9323787689209,79.4675048192342,15.0509275073047,13.0580017845163,85.9049823807507,40.0605829057814,28.3053225231526,81.297197781579,183.79144499037,19.8255227396146,178.866558695948,69.6519767104602,8.29718052600333,89.7506417168511,168.855812920464,203.849453735352,182.477346801758,60.3666441599528,143.737205505371,73.9616235407387,158.859316144671,62.8340699286688,157.942515528479,180.348941167196,135.394155861675,86.7397175192387,89.1763504280532,103.880238342285,194.02864074707,34.968355255127,109.761010742187,113.532120023455,0,0,0,65.2770535395696,101.204826778836,0,151.96343866984,172.95085144043,166.980895996094,57.8063154220581,138.265112559001,245.082305908203,135.379932403564,0,165.207313537598,0,0,0,0,0,117.217979431152,159.2841796875,148.15954208374,155.402130126953,87.0924690509665,122.126655578613,220.034301757812,193.887842814128,128.155899683634,0,0,0,0,0,0
120.838847972729,60.7986339314779,87.7824970439628,68.1530230045319,110.725347609747,116.398559570312,134.512177149455,94.0117991638184,138.08420074064,43.4045818300329,119.446441226535,133.678081417084,82.8502144813538,107.281551268043,139.282225135865,89.7506417168511,16.2938320128062,106.604224319333,126.049957275391,121.755350900733,165.678807576497,32.0002026314405,22.8101709625822,27.7680086951066,41.5022576169233,81.0142686066804,116.624831894697,35.0197988505634,45.1884580051357,98.5914278876852,80.8960371285898,128.991220746722,175.122392926897,78.2942115007821,88.9624789391364,159.624447631836,85.8139550345285,110.004904103834,77.2475860595703,197.055084228516,0,0,143.833799882369,181.989116123744,77.1727071762085,166.202081298828,159.138023376465,0,139.500961303711,165.500330607096,0,90.8143141733406,154.06623840332,218.588775634766,148.964897155762,0,116.435969790897,56.531497594111,108.307064856252,114.316800940527,0,156.216567993164,99.8411388938735,124.974158586775,163.94505075308,131.209124071845,0,0,157.371210734049,141.358720302582
116.042394509095,56.3425336303711,39.7682003438921,76.2771715436663,175.013896942139,191.811780657087,178.806900024414,117.522887766105,148.643903379962,142.014557774862,184.726447695778,63.3077524000599,174.184214274089,107.134136534574,140.423429914742,168.855812920464,106.604224319333,14.6602153420118,61.5773936125398,22.7147826843648,208.226107788086,75.9069031090333,90.7565759277344,32.5386240748195,140.169635732691,81.1823141915458,36.5764970150087,72.3555704729249,109.8808262058,116.521286919963,84.059918313463,101.113490513393,179.48804249483,107.896743237133,53.22319795344,0,85.9548898176713,120.883013994266,101.223934173584,0,0,0,203.143695831299,241.119659423828,223.151336669922,0,149.600178188748,0,137.358098347982,0,0,153.669628688267,123.813580123631,142.178301493327,126.677844800447,0,166.485450744629,106.567623138428,144.036776412161,183.580485534668,135.16015625,121.551799046716,119.256713669021,184.031744820731,214.564860026042,192.897608947754,0,0,0,137.372173806895
161.316175188337,76.5699591424055,86.9186669820572,60.685864231374,194.625910441081,128.942565917969,124.802214622498,173.431237030029,152.892618648341,162.708899778478,185.722764756944,21.9603682792897,182.592279052734,69.5591541872186,133.898966942304,203.849453735352,126.049957275391,61.5773936125398,10.1259962847016,23.4629450222508,175.764297485352,134.080981556962,141.091296948885,118.401224790698,174.348508692499,52.9708868066015,40.9883829538375,74.9740478694684,171.637498804041,131.576563089836,129.990083785284,60.6525154419294,104.919197669396,124.679760524205,63.0316487621617,192.194046020508,117.617467013272,159.264419555664,64.4800272854892,0,0,0,219.172805786133,190.059814453125,192.733421325684,226.556022644043,110.658572540283,0,112.856236457825,172.922123302113,0,170.882339477539,141.697596232096,116.556758057837,118.79092188399,0,185.533912658691,143.111993408203,187.656358718872,190.452217102051,75.2624592120831,110.76565677375,112.214738361487,0,137.881278991699,199.744873046875,111.515737745497,194.395065307617,0,130.030804295694
147.963490973579,61.0124243122258,70.6299259772485,56.211271704697,158.781127929688,135.644554138184,164.945604424728,144.968435939354,157.903334221232,151.424708149221,170.522940063477,32.6849878473754,172.128339494978,89.4993504115513,149.425233106355,182.477346801758,121.755350900733,22.7147826843648,23.4629450222508,11.4213361256601,191.588165283203,105.770034790039,113.218216323853,73.7087147638831,155.446905487212,56.1091701488204,38.7614523914761,74.1168357232855,130.219096868178,126.876469909168,103.156686494188,78.8704242596047,116.697845010196,131.331683044434,49.024076907446,190.26318359375,94.2345946983055,129.341841561454,79.0836420059204,0,0,0,220.8258228302,178.892181396484,161.282302856445,0,122.166030190208,0,119.954087630562,192.870492553711,0,170.227502996271,121.736022469047,127.781496781569,118.708637454104,0,190.128112792969,119.095469156901,152.967621023005,179.714767456055,78.8074981935563,110.632903074916,114.164763781489,205.4811466762,159.796417236328,186.851425170898,124.824727376302,180.989196777344,0,129.785458172069
115.838240189986,171.424116516113,194.908103942871,75.3367110661098,21.1210298765617,131.906012943813,46.9284788194625,74.8541451380803,87.0122067623072,49.6469624996185,23.5477828280713,154.489396413167,18.086630626955,162.644195556641,100.257725563916,60.3666441599528,165.678807576497,208.226107788086,175.764297485352,191.588165283203,12.0858726909258,188.028961181641,139.036014556885,232.616020202637,17.6153481155706,160.25771077474,178.210610022912,186.990024791044,31.9826760474841,102.115896514484,136.823436737061,163.798316955566,134.745373570642,87.2169380187988,107.415759616428,0,0,0,88.9275529649523,16.2028435752672,0,166.99668375651,143.706048148019,180.11811319987,76.006357828776,136.040002081129,0,16.4229949834212,0,0,0,0,0,0,239.997207641602,22.4985634021703,0,143.472869873047,0,95.7793160867,0,213.046173095703,228.557312011719,75.0319816271464,190.112586975098,0,0,248.009475708008,0,0
92.2458068701872,127.604916687012,77.5183079562775,117.275595092773,124.813992818197,200.237411499023,146.083096822103,79.3307529523177,129.547376236826,94.2919492340088,154.284543991089,127.42444679141,177.975234985352,150.05368347168,114.400066043725,143.737205505371,32.0002026314405,75.9069031090333,134.080981556962,105.770034790039,188.028961181641,14.9671147761704,57.6607298402791,34.3060196851536,52.2666950695283,133.827639579773,127.535614663904,81.7844607600674,35.995348081646,56.9337516892438,34.2602590837056,148.613034929548,150.735476175944,60.8160508137483,49.2515558613341,152.263031005859,159.413223266602,148.98818558913,145.744892120361,0,0,0,167.575919015067,181.105262756348,66.4221139635358,0,0,0,0,181.444072178432,243.911071777344,116.590670089722,180.929690043132,210.831130981445,182.400451660156,0,124.574228891512,69.4629106752334,132.586110399034,128.881634696585,173.512870788574,196.790204134854,131.172063849954,120.42066282975,157.860622829861,130.385243359734,207.351959228516,0,145.21614074707,152.077917098999
108.269993373326,62.4809358171422,49.4924554592226,38.1723973799725,68.9387546886097,114.490362548828,142.45851789202,85.8361943789891,124.622351573064,24.0613460570383,126.008215162489,128.762266159058,70.662401676178,114.49534879412,124.652072841838,73.9616235407387,22.8101709625822,90.7565759277344,141.091296948885,113.218216323853,139.036014556885,57.6607298402791,6.64623676852319,58.6288082427356,21.0127559347832,94.4363426367442,122.454093933105,42.5999875929956,57.1561708219324,86.4381399422048,67.6321483103434,137.758977023038,167.027236938477,64.9030691937702,76.5508941779157,100.11873626709,94.5280062357585,84.834566116333,54.3000183105469,0,222.229431152344,0,145.917695617676,201.884284973145,43.8001545800103,127.621192932129,0,0,130.944383621216,130.175689697266,108.587921142578,27.792933626584,136.424057006836,0,158.230656941732,0,71.8113806406657,9.26143369288512,64.8236680861136,72.0745170788887,89.4045715332031,144.447693961007,66.9352493882179,89.7031957081386,144.274864196777,97.7515239715576,0,0,0,95.431161063058
98.4891934613569,81.4771908905547,36.77103596968,118.464484572411,144.659942626953,169.136032104492,148.077044141162,88.2641628909838,132.325941105753,121.70557938499,129.005031088124,111.78374910043,117.083618164062,145.468377920297,121.609036259784,158.859316144671,27.7680086951066,32.5386240748195,118.401224790698,73.7087147638831,232.616020202637,34.3060196851536,58.6288082427356,20.0695925464532,66.4322078847748,136.705820257013,94.2559389477017,57.4640367905928,57.6100266858828,91.1338083231537,60.7716679978445,135.857119666206,174.126225062779,87.6249630588225,54.9829864160847,188.906366984049,136.656034851074,117.334350558395,143.883867899577,0,0,0,172.984071384777,0,156.737705230713,194.948724746704,180.642740885417,0,194.993804931641,0,0,102.879299952921,146.756457370994,217.139022827148,173.145794677734,0,132.574691166151,67.2855493700182,120.305215736072,152.78140838623,0,166.757741519383,110.760168851293,152.617613127737,197.385498046875,145.183961629868,0,211.260345458984,162.844287109375,134.597579887321
87.4679913785723,112.213497715867,128.947604806083,35.2285397303956,22.0972795669389,102.513885934012,89.2684093327545,59.0422601761023,94.8939400330645,25.8728765442092,64.0539525428515,171.386835796077,24.4528490447047,156.894486349982,103.465189219191,62.8340699286688,41.5022576169233,140.169635732691,174.348508692499,155.446905487212,17.6153481155706,52.2666950695283,21.0127559347832,66.4322078847748,12.8098209436338,136.504829438527,154.397558655686,93.658186113034,19.5851570118453,87.4253094585574,78.4262865108844,176.017777336968,150.849524064498,77.7513038821337,105.689510003576,142.201846391727,181.922355651855,161.280190967378,58.9025485089204,110.37227174214,179.34765625,147.432462786684,124.338905334473,159.413598547449,64.7140711089711,127.884596497473,205.514678955078,105.585934787326,206.409339904785,171.840870625264,109.689067840576,113.334068988232,186.375484759991,223.910095214844,205.068071637835,115.012307795083,148.252251551701,77.7406887431721,154.786835432053,89.067191942866,163.326663970947,205.188629150391,169.729393005371,117.602723253184,155.786026985415,138.16224319458,0,0,141.516876220703,162.252948045731
0,24.0126792206918,87.2584533691406,33.7894354360709,171.650787353516,213.095932006836,174.67591603597,178.972477504185,129.181998076262,123.826361495066,192.723670959473,42.8933179204663,159.505198887416,23.0390952675914,99.4757558186849,157.942515528479,81.0142686066804,81.1823141915458,52.9708868066015,56.1091701488204,160.25771077474,133.827639579773,94.4363426367442,136.705820257013,136.504829438527,9.91553009241156,45.9270276690085,31.3770584708039,157.583165849958,124.166655949184,138.092402648926,45.6198063736442,95.2445475260417,167.432468414307,62.84645507136,0,68.7759674919976,0,41.707357710058,0,0,0,0,0,148.65817006429,0,77.2089004516602,0,65.5927126654263,0,0,0,88.1273880004883,78.42112159729,94.1637325286865,223.569259643555,0,93.6609471638997,0,158.500518798828,29.4612148284912,73.5875417809737,76.2184207815873,0,0,0,84.3159112930298,0,0,100.418182373047
135.299314698177,54.8041526252455,42.5029545125594,51.8875564072878,187.184774225408,132.518409729004,160.543994978362,144.400128324267,149.641821183499,153.607218650535,174.701534873561,32.4633344929693,179.622467041016,40.6052124614405,139.308601163588,180.348941167196,116.624831894697,36.5764970150087,40.9883829538375,38.7614523914761,178.210610022912,127.535614663904,122.454093933105,94.2559389477017,154.397558655686,45.9270276690085,18.6059838812597,44.3819286730037,148.75320276331,129.898649339845,128.568693821247,28.8505106790809,115.461415171623,132.976020466198,67.418992124564,202.498952229818,97.0235770896629,135.61675567627,64.8718245188395,238.169692993164,194.15348815918,187.274113972982,186.269424438477,171.394660949707,175.656419372559,0,105.144152354045,0,94.0753151146141,169.16120027241,0,175.126570383708,119.216112694373,110.053220181852,112.848034289456,0,164.803568522135,165.763357543945,157.736957359314,195.402625189887,72.1278273331492,104.161922967403,104.808443801815,206.944768269857,172.024261474609,198.052700805664,107.284769270155,0,167.000396728516,124.441970825195
135.293002107218,35.2477782922815,45.6263185855425,47.4245846184192,149.768221173968,142.480548095703,163.106792710044,116.237247718308,155.987366033287,92.1483392416848,164.35206375999,72.8977939248407,144.008808196537,37.9895923878016,148.934585353306,135.394155861675,35.0197988505634,72.3555704729249,74.9740478694684,74.1168357232855,186.990024791044,81.7844607600674,42.5999875929956,57.4640367905928,93.658186113034,31.3770584708039,44.3819286730037,20.3799350585176,85.0478419279743,134.699360169593,120.756488105352,30.8636830816704,130.716188619425,124.849214233398,78.771101894488,196.285968780518,91.7759378454187,103.210098266602,75.7922918913794,189.795227050781,0,209.525095621745,170.307019109311,195.990813191732,165.04303894043,186.85608128139,110.162814985003,161.171806335449,97.6344392439898,187.148827689035,0,100.979757879053,123.63827520578,113.125030945395,115.348369355472,196.284515380859,130.197736126444,68.4369822678408,116.485687616067,151.084276706358,71.0221166480077,107.665820752006,104.658770610889,154.838724984063,191.748101976183,159.645872708025,100.649191463695,0,0,118.378890309254
77.8686095289216,131.503898816231,92.4948130648858,62.8861437367869,17.4132827123459,149.628491328313,77.5161447383889,32.9554447868098,88.1954666619011,59.1918013402137,36.4509342377707,157.702711666332,57.0592542658328,176.492327270508,94.1543180019453,86.7397175192387,45.1884580051357,109.8808262058,171.637498804041,130.219096868178,31.9826760474841,35.995348081646,57.1561708219324,57.6100266858828,19.5851570118453,157.583165849958,148.75320276331,85.0478419279743,11.5634668167332,83.3689750705191,44.5614471952944,201.543916182085,147.072834981283,69.976651074935,71.7200568363005,148.075384521484,188.972862243652,172.841976165771,74.2323558755117,70.2057797059481,0,160.868563758002,133.455590844154,176.144698248969,71.5535387003197,149.060038884481,196.205627441406,136.820259659379,0,172.494567871094,0,119.056922912598,184.770261128743,225.033935546875,203.547668457031,141.264629364014,123.189408333071,73.8925501808288,153.26766303917,109.46674520277,185.25407409668,212.903835296631,157.681073570251,122.668502768791,158.684947695051,129.169983794724,0,0,145.443492571513,166.15695403343
21.95865554088,130.826435554318,124.543063851503,97.2493178804042,104.030504131567,29.610905490056,46.0918911469721,62.2499932938714,49.2374394160631,87.5460155711454,102.839571795621,86.7721972307156,108.993318839695,110.686504798599,36.8218315677278,89.1763504280532,98.5914278876852,116.521286919963,131.576563089836,126.876469909168,102.115896514484,56.9337516892438,86.4381399422048,91.1338083231537,87.4253094585574,124.166655949184,129.898649339845,134.699360169593,83.3689750705191,13.3202336033535,31.1432621859717,123.974275461833,17.5319113631569,21.8410596896789,37.6059037556586,185.510458374023,149.437779744466,181.096313476562,108.885177965517,174.766177368164,0,209.054885864258,172.369185360995,209.717607385972,97.9221844673157,187.694759792752,0,143.000376383464,136.486553955078,187.849081675212,0,121.108368873596,191.102133178711,134.015215555827,165.736994934082,183.821714128767,155.507591247559,105.209198661472,179.19776891893,137.94647497501,106.866214752197,173.217833683409,165.163104149603,154.236024373372,186.759139166938,164.917974472046,0,0,168.593536376953,179.659015231662
32.4459589990429,127.629199323983,95.7802288628028,88.8157598972321,100.98961019516,122.495893625113,120.259111309052,22.0207759529023,86.9740173016707,71.3804655775512,114.34773671627,127.854212878502,134.2243309021,151.871106465658,69.446598107304,103.880238342285,80.8960371285898,84.059918313463,129.990083785284,103.156686494188,136.823436737061,34.2602590837056,67.6321483103434,60.7716679978445,78.4262865108844,138.092402648926,128.568693821247,120.756488105352,44.5614471952944,31.1432621859717,12.5095724890718,168.214245135968,131.538279124669,46.5383610770529,37.3821086591296,182.915618896484,0,157.014782176298,91.3641370137533,151.588653564453,0,0,141.371034622192,189.188408987863,97.2101898193359,0,172.905090332031,137.846435546875,0,193.228607177734,0,133.375540924072,186.949704488118,199.620910644531,197.40554300944,0,132.428497314453,81.4884607066279,166.664626381614,128.475610460554,0,182.983011245728,164.47137594223,134.422571321813,171.031550480769,142.339230007595,0,0,161.241134643555,182.611376953125
158.828450520833,70.4096281433105,102.449943805563,71.4662605632435,196.014923095703,102.528798421224,146.282634735107,185.020357767741,128.831940923418,156.867675272624,201.894595675998,44.9034958507181,208.825561523438,23.0607323144073,116.442719576652,194.02864074707,128.991220746722,101.113490513393,60.6525154419294,78.8704242596047,163.798316955566,148.613034929548,137.758977023038,135.857119666206,176.017777336968,45.6198063736442,28.8505106790809,30.8636830816704,201.543916182085,123.974275461833,168.214245135968,7.83323337657185,109.48173939098,0,76.5239530413338,0,101.308631896973,153.873733520508,79.3423805236816,0,0,0,0,0,193.026596069336,0,102.668898773193,0,91.2930736541748,0,0,0,153.406857808431,102.775883992513,129.205813598633,0,0,131.852813720703,0,189.057510375977,76.1166246475712,102.629911620041,107.371114624871,0,0,0,97.3778294154576,0,0,132.809260050456
94.4513189527724,137.348472595215,182.529945960412,143.929262161255,144.360454831805,10.6822820482518,17.1121051703304,133.844368815422,28.0063759375684,144.841047668457,135.110640401426,75.2713586327864,126.656848090036,89.3506486199119,22.0851572718969,34.968355255127,175.122392926897,179.48804249483,104.919197669396,116.697845010196,134.745373570642,150.735476175944,167.027236938477,174.126225062779,150.849524064498,95.2445475260417,115.461415171623,130.716188619425,147.072834981283,17.5319113631569,131.538279124669,109.48173939098,6.09669951589163,98.7630353655134,38.1922298395654,217.821746826172,0,0,155.804313659668,0,0,0,0,0,188.832885742188,229.725555419922,0,0,0,0,227.272872924805,213.952606201172,0,152.778121948242,148.057235717773,0,0,0,194.224212646484,189.664465586344,0,145.424743652344,163.140145874023,248.6083984375,0,0,0,0,0,0
48.7498805999756,122.725072224935,113.990855916341,81.676155090332,75.8000036168982,0,93.0503463745117,84.9213500282981,98.8360183022239,72.4297105236166,98.735717527328,137.256889343262,114.782688140869,200.729843139648,51.931157722946,109.761010742187,78.2942115007821,107.896743237133,124.679760524205,131.331683044434,87.2169380187988,60.8160508137483,64.9030691937702,87.6249630588225,77.7513038821337,167.432468414307,132.976020466198,124.849214233398,69.976651074935,21.8410596896789,46.5383610770529,0,98.7630353655134,9.45851452688345,25.1692277751499,161.851937866211,0,182.830032348633,88.4708459036691,174.39469909668,0,0,170.26537322998,188.623611450195,85.7268768310547,0,0,0,0,0,0,106.444073994954,179.202484130859,0,0,0,123.94705581665,75.705709695816,124.818528747559,129.428382308395,0,147.17170715332,143.493307113647,133.846368936392,173.464246309721,147.299201965332,0,0,168.194427490234,186.108406066895
98.0794178077153,65.34787793986,88.1086214062519,69.4365159211335,117.554836492429,39.3789215910024,77.6629060917213,103.106444284102,76.4396119117737,121.687108334628,111.40793773828,33.7455664868438,112.597564697266,55.756705810042,61.0285693151787,113.532120023455,88.9624789391364,53.22319795344,63.0316487621617,49.024076907446,107.415759616428,49.2515558613341,76.5508941779157,54.9829864160847,105.689510003576,62.84645507136,67.418992124564,78.771101894488,71.7200568363005,37.6059037556586,37.3821086591296,76.5239530413338,38.1922298395654,25.1692277751499,12.6934196170876,194.916351318359,115.377736018254,116.691063967618,94.9160039689806,0,0,207.700866699219,183.073664347331,214.782051086426,144.684407234192,206.702087402344,133.542943191528,146.578201293945,104.852687072754,200.222499302455,0,130.806249459585,131.471831604675,130.19211324056,129.671518511477,198.500717163086,133.490550449916,85.9799340793065,138.75929069519,151.941126788104,94.1272967656453,120.453489355139,121.263229015262,148.091761435232,192.757637717507,151.117863972982,133.807553972517,118.789604187012,159.231221516927,143.813706689951
0,180.751724243164,243.18977355957,155.519760131836,158.417521158854,0,200.564666748047,161.12036895752,189.421811785017,178.182151794434,0,0,0,158.954132080078,193.036422729492,0,159.624447631836,0,192.194046020508,190.26318359375,0,152.263031005859,100.11873626709,188.906366984049,142.201846391727,0,202.498952229818,196.285968780518,148.075384521484,185.510458374023,182.915618896484,0,217.821746826172,161.851937866211,194.916351318359,10.0282910322754,134.70306523641,128.146532488299,82.7552718249234,104.880324935913,102.048973083496,85.2964000164623,34.7515695148851,44.5905291316671,84.6026449363325,82.3489428672238,120.283265103115,114.004571767954,165.029767990112,16.680163511206,117.097250366211,101.341154758747,124.999524926627,138.942588806152,134.389609352487,108.009098434448,86.7242786477252,76.9256939888,108.45007831682,87.0545108113068,148.272491455078,138.034187002928,151.185476615604,85.3035181659436,23.2033032947053,27.9255892236996,190.738441467285,86.567146664574,31.1215244227158,77.4920658982008
0,47.5608084018414,101.589501698812,22.7057327064308,0,0,0,0,0,157.849594116211,0,109.072634015765,0,96.8053325017293,0,0,85.8139550345285,85.9548898176713,117.617467013272,94.2345946983055,0,159.413223266602,94.5280062357585,136.656034851074,181.922355651855,68.7759674919976,97.0235770896629,91.7759378454187,188.972862243652,149.437779744466,0,101.308631896973,0,0,115.377736018254,134.70306523641,9.41141113867656,48.2953545283122,20.2888247737885,156.930587768555,146.542495727539,168.968399047852,140.138637148101,163.444465930645,85.0781435481089,177.634683227539,77.8441739901148,135.651006698608,61.9990700159562,152.963992607303,134.359365463257,60.9619284735786,58.6474143012542,76.6136554294162,65.6426100132356,172.701629638672,101.242415291922,16.081359248039,66.4581973216573,88.453888623363,28.4993901319961,57.3220557673665,39.1793148706652,140.778692904386,139.09123717414,115.321743904276,64.3918822407722,157.415435791016,116.351501464844,63.9750935834153
154.85474395752,75.2500997270857,95.5474922499175,154.885955810547,0,0,0,180.891996383667,196.807169596354,195.8330078125,222.52821858724,164.395761762347,0,188.664695739746,197.442638621611,0,110.004904103834,120.883013994266,159.264419555664,129.341841561454,0,148.98818558913,84.834566116333,117.334350558395,161.280190967378,0,135.61675567627,103.210098266602,172.841976165771,181.096313476562,157.014782176298,153.873733520508,0,182.830032348633,116.691063967618,128.146532488299,48.2953545283122,15.4308796064153,117.987504785711,137.064642533012,191.638397216797,153.293357035319,106.02355812343,143.987001011514,112.840343162662,122.758331054035,105.685613570675,152.137943812779,110.236617194282,141.355320700284,151.362315586635,85.0505546228573,45.893528886527,100.823574066162,70.2964874776521,151.095176696777,81.6780221419783,61.0611153712503,38.0065531246653,111.286005783699,88.9243850708008,33.4493995995852,42.2429597697353,95.1127494579756,148.25936070195,109.744440502591,125.567459106445,171.865180969238,132.064168489896,93.9061236585307
87.748363494873,12.1777038574219,109.471252441406,10.3350798634922,74.2359022412981,0,110.605554933901,76.8379367379581,114.113222092849,37.6940707695193,94.6245036125183,67.7384786298198,68.252622127533,63.2819808156867,120.053562164307,65.2770535395696,77.2475860595703,101.223934173584,64.4800272854892,79.0836420059204,88.9275529649523,145.744892120361,54.3000183105469,143.883867899577,58.9025485089204,41.707357710058,64.8718245188395,75.7922918913794,74.2323558755117,108.885177965517,91.3641370137533,79.3423805236816,155.804313659668,88.4708459036691,94.9160039689806,82.7552718249234,20.2888247737885,117.987504785711,8.35353637928337,54.6057328920107,145.207402547201,92.8549103238689,66.6603295121874,103.141546947855,11.8531746851385,80.0870690724206,71.1007595873894,72.8414412498474,54.7107815212674,104.363283955459,79.6450042724609,59.0506165822347,91.8322159297883,77.8036565278706,69.5564550616077,121.494873046875,139.646268208822,47.1753885161202,120.658863576253,30.0481937672565,31.2534516100335,60.524321381251,48.3695426455566,60.4360880970625,98.3987959434544,89.7603810898801,92.6591183589055,213.886795043945,85.7691133287218,103.385448548102
