10.2068718555022,138.457138061523,108.42041695731,70.0255476869183,84.4402279709325,75.3024875095912,73.0018137454987,27.0607336911277,41.3236987674598,66.3011316346728,70.4822995618943,127.421047579858,98.02947324865,178.33521270752,16.1062336811008,75.3072662353516,145.444615681966,105.870829085229,146.20283996582,130.099537652114,91.9370803833008,77.077266811651,128.676626417372,97.0056322035447,77.8918851110227,178.12784576416,130.514717614091,134.399586293492,83.9265351901922,19.9368440909217,29.1737332935477,169.32453918457,79.7191883433949,58.1803545681935,85.3785446722116,135.230430603027,201.972213745117,183.093298339844,103.192716810438,137.629802703857,0,155.937897818429,132.960006126991,153.249901219418,95.2882860357111,171.830679999457,0,235.007186889648,0,162.38934495714,0,159.503448486328,193.924112955729,0,198.632652282715,200.442115783691,131.78816986084,120.905770874023,177.346625434028,121.096379948759,0,205.622024536133,184.316896137438,130.41960410352,153.144688197545,137.405369567871,0,0,136.428254445394,148.433110918318
138.457138061523,9.54495538177646,57.0200737618111,21.2531753597625,108.395793914795,140.318786621094,0,142.027926127116,165.080996704102,86.7030101809488,163.950714111328,62.4731783025405,123.651161193848,55.3586262375561,167.331336975098,109.499157714844,55.3722701072693,58.8396132723308,79.3083764939081,66.0239486875988,0,105.681280771891,32.7226941939355,107.314081365412,84.7892102868838,22.1835821863663,49.9748788578191,29.7565183306217,103.794193540301,144.913831922743,119.827857208252,66.3838092803955,199.075698852539,159.473739624023,63.1323757942277,0,81.3649520874023,110.723258074592,63.8853771209717,0,0,0,0,0,0,0,171.953834533691,0,147.394231160482,0,0,85.9809875488281,116.963446044922,151.910194396973,140.176514761788,0,0,58.5191396077474,137.836427052816,203.704864501953,45.2772254943848,109.326542205811,103.010864088807,155.480565388997,0,0,158.186164855957,0,0,99.8203887939453
108.42041695731,57.0200737618111,13.571093654341,53.5159185579581,132.264701843262,170.841566606001,144.041175873682,106.009668400314,121.769703056315,117.934411262979,118.995823554582,97.8096248474121,177.494677999745,97.0760659658781,116.269917903319,133.770781777122,80.3035479021502,50.0146999919039,99.0822737920852,82.3239508588809,148.788503473455,66.8217462363054,62.5970405540844,31.6930942916542,108.857779989129,95.6768802642822,44.4450702557564,33.7680318649203,95.855483988057,128.253174643883,85.7162483724697,102.361706361932,174.47925652398,112.093111165365,66.3048099456678,180.107138061523,93.782299041748,96.5986645219664,74.6873311514806,184.024139404297,0,179.245193481445,166.505133734809,194.029812282986,146.336335076226,190.573063777043,160.086056518555,180.552134195964,207.735931396484,184.147801717122,182.464706420898,115.052555175055,127.729294877303,154.496822357178,140.712561914476,0,140.332801971436,70.671625853963,105.027637832901,157.125580569348,0,128.156169400896,96.3687954831686,161.037416111339,180.950488499233,160.391735370343,139.48983001709,0,0,118.899515979695
70.0255476869183,21.2531753597625,53.5159185579581,28.8536182994428,58.1668160136153,110.666648864746,80.1466061744464,65.0577369733455,87.5033033131943,36.2359253662975,78.4884651796317,66.1584380865097,81.5677897644043,51.2559135959534,92.7692416608334,72.1955949783325,37.3696154644387,67.0921991406065,84.8229994092669,71.045049767089,76.594072746508,64.1817927741737,38.5003754624299,55.2080697185555,40.9211308721516,33.4809611921971,55.6980268614633,41.8122802331286,60.5142970028,87.1399217272562,60.3906576312404,87.7726841679326,117.121732271635,66.986315476267,67.8383953696803,103.385009765625,52.8098382949829,95.9179718017578,25.4807196207214,93.3417322635651,161.410949707031,101.882231670877,85.672231886122,120.96425263778,63.5756013989449,104.310263602964,118.568078177316,109.466078622001,82.1702795762282,122.520788737706,0,70.9670657107705,84.2375608020359,112.34280090332,100.485671081543,110.407366943359,87.8113022679868,37.6233601411184,77.4470415479354,70.4378646384669,50.5153453350067,83.4808689785987,72.1832700127346,93.9094734693828,105.812319225735,112.202460697719,90.3962593078613,0,170.483444213867,108.468909944807
84.4402279709325,108.395793914795,132.264701843262,58.1668160136153,10.0486573815982,125.277676900228,67.6469027639285,67.4432780158441,102.721703524203,51.2514523668674,23.9115351666859,175.146942138672,26.0454410080722,0,111.989864135956,73.533481711772,106.494387817383,168.507260131836,0,182.054622650146,13.7679965464554,114.09150989239,69.5731986652721,126.217057228088,19.6200922192014,0,157.848712158203,135.594772577286,22.5850073191235,103.414468548085,88.1450135367257,0,151.800982666016,81.7449740802541,96.4716903013342,190.828709920247,160.507659912109,0,87.2547900987708,19.8115766493671,0,150.184358801161,144.041496076082,158.028435389201,85.388142824173,114.042479451497,0,20.0312305184306,0,158.875293731689,127.244642893473,0,0,193.573257446289,0,34.7549536003786,0,155.941787719727,182.24227142334,115.387050643334,0,0,0,136.088969798403,125.435717582703,155.095020839146,0,0,169.181617736816,110.990274429321
75.3024875095912,140.318786621094,170.841566606001,110.666648864746,125.277676900228,9.30557949296719,11.8639876621949,116.653724492982,22.8320391840983,89.3360360668552,118.319716168265,68.4871555603657,111.769661566224,97.1378848736103,29.8898778635106,18.9736764558138,0,168.705429974724,113.608525085449,180.968404134115,125.89635848999,108.866313934326,0,153.455998507413,117.036024169922,111.118520100911,142.210335951585,174.399722706188,127.320754080108,27.0276651201178,110.955782318115,114.256488800049,13.5827231103648,86.633279800415,37.9325313972215,0,0,0,122.696922302246,232.204895019531,0,195.068981170654,161.42008972168,199.425994873047,156.440226236979,0,0,120.914573669434,0,227.168212890625,0,0,0,0,0,0,0,0,239.298721313477,185.329933166504,0,0,0,186.957600184849,0,0,0,0,0,0
73.0018137454987,0,144.041175873682,80.1466061744464,67.6469027639285,11.8639876621949,13.7934715116532,59.8497825026742,29.873096742677,68.5782621276654,35.2447446120445,104.75350233346,30.5100304674259,117.214516583611,46.4392133862166,16.3116700314017,149.061617533366,166.148564338684,148.344680786133,175.393791707357,43.8108630641487,137.992408420729,133.119743347168,146.77003880137,78.1099898580645,155.07244682312,165.483517273613,168.447828218534,68.9460445385738,59.47428814888,110.290192351049,133.636737823486,22.2001253909712,97.0726504045374,81.7839560665435,162.851311819894,0,198.079747517904,97.5702613136985,157.265989690587,0,162.08319337576,143.303549318897,165.037918819743,115.626981735229,161.903702330082,0,100.08863927647,0,176.650706083878,169.613648550851,197.052947998047,214.276565551758,0,0,159.267827647073,164.463562011719,170.992095947266,196.754877726237,131.76086216955,0,0,226.633287217882,155.545008329066,181.254013061523,173.538720024957,0,217.48445892334,184.947357177734,164.253147125244
27.0607336911277,142.027926127116,106.009668400314,65.0577369733455,67.4432780158441,116.653724492982,59.8497825026742,11.1647321647906,59.429316389455,59.6907933673343,25.3092094942161,151.21919296727,73.3121346081004,176.400927456942,42.0761857771394,86.8475506875367,114.947461891174,125.665929624426,177.401758829753,154.010821510764,74.7338152878157,77.9358801225203,94.2757499129684,91.2124190264929,63.3310482070055,171.550470987956,135.115068158533,126.300603263845,37.6881077071459,73.34350000244,26.294515446669,199.618532816569,129.475512164572,65.0045423658112,82.9386851353507,137.41444683075,169.673400878906,177.851127987816,83.0400455907448,142.585306354597,0,147.355844262528,128.462228884642,151.131064637692,92.4729199765333,151.970909332062,0,144.17307553226,0,154.382233937581,180.123134613037,154.651776363975,196.720055898031,0,0,142.232644301194,149.566406698788,129.887068612235,175.471396621393,117.467833238907,0,205.581631469727,182.697933741978,133.934113175044,164.162940847463,139.997894550192,0,192.198455810547,159.683274078369,164.429292466905
41.3236987674598,165.080996704102,121.769703056315,87.5033033131943,102.721703524203,22.8320391840983,29.873096742677,59.429316389455,12.6624315428369,80.2913066353768,38.9214446783192,91.0467721242753,94.3646882305309,124.260851669312,17.3263896508357,38.0628277941229,154.600809006464,132.767584582559,161.362790970575,157.203591195131,95.2356059505912,109.367054237114,126.348539792574,118.36409461396,95.8270512537303,182.628257751465,145.390504104556,150.134353180277,96.6617294417146,32.1783298099331,82.7770245465365,154.0237159729,22.910356197598,91.7541733270959,71.6627329676604,173.177586146763,0,189.30363411739,110.138169232537,157.572395563126,0,161.930150525323,151.422896653079,166.531407647384,117.088379355038,163.510408847486,219.984916687012,136.176905632019,0,170.271250329836,156.976689656576,161.747776455349,223.573529924665,231.6005859375,227.293823242188,162.013519859314,175.271060180664,162.795650482178,191.960742623465,140.012504896227,0,228.458360944475,194.531765231838,153.441039815175,178.554891515661,155.66804107666,0,214.470108032227,154.555816650391,176.391181582496
66.3011316346728,86.7030101809488,117.934411262979,36.2359253662975,51.2514523668674,89.3360360668552,68.5782621276654,59.6907933673343,80.2913066353768,8.54308874610085,76.7531478941557,127.948176664465,19.6756560440909,122.605706500343,83.6422585294393,19.4196686594717,85.4849405030946,126.770384756075,152.041544596354,137.658192870437,66.7696477136304,89.8464697883243,28.8473767249855,109.315039513816,21.1762210383728,107.278350195085,124.449229979783,109.249998904655,58.0919141209679,84.4459693828382,61.7969708417981,153.807846069336,123.673432448815,68.7641681324352,86.9893657867921,102.985427856445,0,168.01273727417,55.6149078282443,103.572134017944,0,124.794609069824,99.130646944046,130.405910838734,27.1113852587613,124.647610437302,140.241134643555,103.454491751535,165.379146575928,117.886675321139,62.1724866231283,147.065368652344,0,208.307769775391,219.022967529297,131.441468920026,142.593104044596,102.454564412435,161.382493972778,80.756137737008,179.257843017578,187.91549428304,175.467388725281,117.547419926477,148.452625910441,121.17773600987,0,0,102.023078918457,154.685098648071
70.4822995618943,163.950714111328,118.995823554582,78.4884651796317,23.9115351666859,118.319716168265,35.2447446120445,25.3092094942161,38.9214446783192,76.7531478941557,14.1984277592127,156.277240545099,22.7896924468274,179.260408574885,52.4427552290512,82.2864742898322,134.494230651855,144.039097728817,181.706076049805,160.66504266527,17.6581805497462,94.9436649765287,116.219866943359,105.223856034198,70.453845044618,162.619140625,145.615269599527,142.062432448069,33.9677479389603,96.4239822393029,66.6319234791924,192.860046386719,131.99855497734,83.2320356332757,95.9189431976942,182.916216763583,0,203.147685241699,94.7590834355987,108.149773633108,0,166.867944607205,150.114318929254,169.796553134918,111.46555856558,169.503872667948,225.055015563965,127.985484365317,0,174.29788654034,156.841934204102,188.159019470215,223.781112670898,0,0,160.736094440597,157.683975219727,149.266961669922,188.397250220889,130.919246217124,0,207.930191040039,193.291403634208,158.112799187924,188.817942937215,156.559921264648,0,224.748882293701,181.939782278878,188.144117082868
127.421047579858,62.4731783025405,97.8096248474121,66.1584380865097,175.146942138672,68.4871555603657,104.75350233346,151.21919296727,91.0467721242753,127.948176664465,156.277240545099,13.0120060941322,150.333875128563,23.2639725760388,83.0789493041513,81.2103474934896,113.474987983704,56.4610185083353,21.8052504733911,22.874818220933,136.861151559012,106.5521342357,94.0243959841521,96.1212058738426,137.054488499959,36.359725936895,30.3944447068307,57.7330971307683,149.697363833164,65.4018888632253,109.025618647186,33.8468006521319,61.0678334572376,106.374536687678,26.2526762423751,0,97.6332130432129,188.808410644531,79.3773371378581,0,0,0,212.437389373779,213.157272338867,167.137718200684,0,100.615535389293,0,102.690035039728,237.880950927734,0,147.706390380859,166.189768473307,107.174160676844,118.266286737779,0,158.987380981445,156.941204071045,182.013659667969,198.744790649414,76.0189265498409,108.057439934124,105.872484777575,193.894929885864,208.479487101237,172.367034912109,108.308989891639,0,0,150.405851745605
98.02947324865,123.651161193848,177.494677999745,81.5677897644043,26.0454410080722,111.769661566224,30.5100304674259,73.3121346081004,94.3646882305309,19.6756560440909,22.7896924468274,150.333875128563,10.7338627104351,153.832834879557,110.107767678349,17.414776576504,118.781723022461,205.314010620117,176.603968302409,182.887350463867,13.2408145348912,0,95.8860168457031,174.555404663086,27.7727239835957,141.021743774414,183.971232822963,162.829292990945,53.7853142254305,110.073398615587,134.044541495187,211.56755065918,132.696454162598,112.927005767822,104.688968730878,188.113014221191,0,0,95.0620632171631,40.3705641099776,0,66.3653076372648,152.50395822525,103.219135284424,77.1782366434733,87.7925189692399,134.638122558594,15.01988781084,0,106.422713279724,58.5208880106608,0,0,0,158.044845581055,23.912917660031,226.407302856445,0,0,106.004239273071,0,234.403182983398,193.280227661133,125.625318236973,114.779521942139,0,0,137.797622680664,0,102.275562979958
178.33521270752,55.3586262375561,97.0760659658781,51.2559135959534,0,97.1378848736103,117.214516583611,176.400927456942,124.260851669312,122.605706500343,179.260408574885,23.2639725760388,153.832834879557,8.38406473575597,105.931858356182,145.049445519081,131.358421325684,109.156963835371,49.4481539928408,73.8100529765035,0,159.740773882185,88.6502695207472,130.195220545719,127.778032276728,18.1933381185823,28.6775828738138,33.7125436089237,179.290838241577,82.7001237349077,179.024899800618,11.3430653849604,87.486808530746,0,67.509306842778,0,98.9092871348063,149.350727626256,59.3436173831715,0,0,230.857345581055,0,241.64491780599,197.175407409668,0,91.3718566894531,0,34.5503358377994,219.184768676758,0,0,152.37425994873,102.572243291681,113.344579230414,0,195.962448120117,127.939468383789,182.831995646159,0,65.0667805560799,103.855109662721,98.9151089437161,223.325881958008,0,0,99.2270237731934,0,0,113.870148398659
16.1062336811008,167.331336975098,116.269917903319,92.7692416608334,111.989864135956,29.8898778635106,46.4392133862166,42.0761857771394,17.3263896508357,83.6422585294393,52.4427552290512,83.0789493041513,110.107767678349,105.931858356182,9.50901240234833,51.0063154233382,152.565756661551,120.198405638634,155.549654503391,146.200745428176,108.040781817279,96.5215235369944,119.309207329383,107.75388570407,94.8093317755337,127.477258046468,141.247307108216,145.03538624397,100.434984366354,27.5055780463065,60.6380466469846,160.301634788513,17.9354501590188,65.3562595738774,61.9841273556894,156.021063232422,0,185.040325076081,107.472010668586,141.738347189767,0,161.9733283303,149.433892584466,172.471546670665,116.379612207413,165.808951568604,0,148.680507659912,0,167.592999776204,183.500915527344,163.297132364909,214.268954467773,0,232.452946980794,167.022373962402,176.179044723511,152.735617319743,181.78148324149,141.268842119159,0,213.294084989108,194.026364300702,152.897267236908,184.750319047408,162.999301203975,0,218.273788452148,154.32160949707,163.308827718099
75.3072662353516,109.499157714844,133.770781777122,72.1955949783325,73.533481711772,18.9736764558138,16.3116700314017,86.8475506875367,38.0628277941229,19.4196686594717,82.2864742898322,81.2103474934896,17.414776576504,145.049445519081,51.0063154233382,8.90442785541051,105.306976318359,158.753078036838,148.755920410156,179.509609222412,67.9588399452738,159.161003112793,81.1674547000807,137.743044535319,44.2499438229026,141.853575053968,168.17084030878,143.958086855777,82.1298472382302,51.6251176504919,91.7931071690151,0,34.3635447704009,83.4398773594907,65.1444902420044,0,0,0,90.7181167602539,129.232960700989,0,169.527267456055,147.870231628418,163.805435180664,73.028359413147,162.276033673968,0,57.4273091043745,0,164.244211832682,65.9957326253255,0,0,0,0,173.469881057739,184.510803222656,90.0556488037109,0,135.982583479448,0,0,204.314922332764,167.153820037842,224.869232177734,0,0,0,0,0
145.444615681966,55.3722701072693,80.3035479021502,37.3696154644387,106.494387817383,0,149.061617533366,114.947461891174,154.600809006464,85.4849405030946,134.494230651855,113.474987983704,118.781723022461,131.358421325684,152.565756661551,105.306976318359,13.076879249833,100.940299510956,139.485860188802,123.105580589988,108.14852142334,27.2532974610034,27.3909991490424,25.456506550995,31.3790387680648,98.4207000732422,111.61526593295,30.0182691148708,48.7536067354645,127.365615081787,83.1514801202818,144.893890380859,153.916023254395,100.543328718706,80.183494818838,132.5025390625,0,119.203164619312,55.2420107013118,0,0,149.032236735026,147.364996083577,162.506552559989,112.088326772054,153.899331526323,0,0,175.91512298584,153.894499642508,0,96.0021099836467,156.913488214666,0,166.056008475167,110.30419921875,114.588710609747,59.2226592265731,106.820591399047,108.746968098603,0,161.033496311733,108.886755319289,121.002774519886,150.151075189764,108.472439857378,0,0,117.603296279907,119.749068995884
105.870829085229,58.8396132723308,50.0146999919039,67.0921991406065,168.507260131836,168.705429974724,166.148564338684,125.665929624426,132.767584582559,126.770384756075,144.039097728817,56.4610185083353,205.314010620117,109.156963835371,120.198405638634,158.753078036838,100.940299510956,11.6112371774826,65.2575920725486,28.986746266331,190.579928080241,61.3346786395081,88.1037450922598,33.563252901788,133.108355388236,80.6378693898519,33.2062096148418,71.0961570837353,123.802091049821,108.928629694131,82.6540897256272,117.671795238148,160.609891157884,92.176508306982,40.1412241909571,202.093846638997,105.934578635476,114.880209722879,88.5932587414253,0,0,207.554336547852,187.583126613072,206.47887802124,159.81364440918,191.027359008789,157.327690124512,223.644897460938,154.960654122489,198.436093648275,0,140.460967092803,124.568956877056,157.552162619198,126.52350153548,241.901763916016,151.770887851715,102.258792615917,137.815779642342,173.616795131138,117.085278320312,115.486652975297,113.807417642244,183.568665755423,188.235084533691,171.052523295085,158.594882202148,0,0,130.448889512282
146.20283996582,79.3083764939081,99.0822737920852,84.8229994092669,0,113.608525085449,148.344680786133,177.401758829753,161.362790970575,152.041544596354,181.706076049805,21.8052504733911,176.603968302409,49.4481539928408,155.549654503391,148.755920410156,139.485860188802,65.2575920725486,8.27270778965819,16.0805654487386,0,135.088690076556,114.194092970628,105.663966434103,172.024673461914,50.3165431340535,29.0885213044642,75.8483235317235,191.811283111572,128.111331625083,126.280040394176,59.0018855531012,99.4509958120493,130.110931873322,62.6555242623856,0,132.250492858887,145.050224304199,103.124897548131,0,0,0,222.934265136719,0,0,0,112.533804151747,0,104.911226272583,0,0,151.834487915039,136.739985148112,109.908656727184,120.137338729132,0,176.507614135742,143.566246032715,180.293045043945,198.88395690918,77.7037334442139,112.367815544269,109.964780428162,0,0,0,118.748540777909,0,0,147.880241394043
130.099537652114,66.0239486875988,82.3239508588809,71.045049767089,182.054622650146,180.968404134115,175.393791707357,154.010821510764,157.203591195131,137.658192870437,160.66504266527,22.874818220933,182.887350463867,73.8100529765035,146.200745428176,179.509609222412,123.105580589988,28.986746266331,16.0805654487386,10.9839687756205,178.339477539062,105.73594226156,96.1188153041882,83.9191523975367,149.329077794002,55.6834267362764,30.8304066354045,75.9268177308194,146.224998101956,130.147428952323,106.921170810209,61.5238059517387,112.723646471577,110.424763341104,42.6425853747309,189.370307922363,113.74932161967,129.54354136699,90.9740809226523,191.466339111328,0,0,208.412647247314,221.99180094401,219.818206787109,0,129.014998062797,0,124.597552272252,210.602190290179,0,166.676832719283,130.430300723805,126.163760662079,116.441318951231,0,171.019165039062,133.779997825623,160.114025517514,182.97235361735,97.5340680209073,110.306992956933,110.839500959143,200.974336412218,203.520655314128,186.486404418945,140.213140106201,0,0,140.260022163391
91.9370803833008,0,148.788503473455,76.594072746508,13.7679965464554,125.89635848999,43.8108630641487,74.7338152878157,95.2356059505912,66.7696477136304,17.6581805497462,136.861151559012,13.2408145348912,0,108.040781817279,67.9588399452738,108.14852142334,190.579928080241,0,178.339477539062,8.37351719768913,174.042205810547,0,132.655744934082,30.0452061392772,0,181.875520185991,179.856374104818,38.9986329512787,105.342630242864,131.540267096625,0,135.303666114807,94.9562065487816,101.20833325499,0,0,0,95.5728744506836,19.2956521334808,0,154.88573551178,153.567949676514,192.918249276968,100.818341064453,173.890230403227,0,15.088376203144,0,175.107053120931,126.30039469401,0,0,0,0,47.553047186949,0,0,0,128.768395658399,0,0,0,156.995604357673,184.728396606445,213.760345458984,0,0,0,206.59056854248
77.077266811651,105.681280771891,66.8217462363054,64.1817927741737,114.09150989239,108.866313934326,137.992408420729,77.9358801225203,109.367054237114,89.8464697883243,94.9436649765287,106.5521342357,0,159.740773882185,96.5215235369944,159.161003112793,27.2532974610034,61.3346786395081,135.088690076556,105.73594226156,174.042205810547,13.7227730851674,58.9799674262264,33.8567424931097,32.3889915148417,157.039949035645,105.827314099236,80.4783626325979,29.9654196747666,65.3676107511288,28.9280378131517,191.457290649414,145.758477783203,56.5267387992457,48.5586031816561,141.893309808546,0,158.982126409357,71.8095862347147,219.769912719727,0,193.87628525954,148.290803636823,171.968350001744,102.727909288908,186.452750311957,180.138999938965,182.08642578125,0,153.159175199621,0,110.083173545545,174.760865275065,228.846801757812,181.904026031494,0,123.25639917734,85.0122006631667,132.750536014802,115.438150024414,0,176.749752807617,150.782838244771,127.039423231913,149.371449661255,118.124284959737,0,0,137.24892578125,133.055287679036
128.676626417372,32.7226941939355,62.5970405540844,38.5003754624299,69.5731986652721,0,133.119743347168,94.2757499129684,126.348539792574,28.8473767249855,116.219866943359,94.0243959841521,95.8860168457031,88.6502695207472,119.309207329383,81.1674547000807,27.3909991490424,88.1037450922598,114.194092970628,96.1188153041882,0,58.9799674262264,8.38249785296798,57.3890178621807,25.8146469286421,72.8568915546243,85.6479401221642,48.1456377656426,60.6956322170147,111.769525330642,67.4717946545831,104.113200596401,166.769577026367,83.5442766462054,79.5170074952852,134.809186299642,131.299739837646,110.885591400994,45.2404516855876,0,0,172.090835571289,129.574792226156,150.067514692034,89.3106981913249,146.340576171875,172.245590209961,0,150.337364196777,153.375654220581,112.895431518555,62.6007164273943,138.069820057262,179.91039276123,128.549481709798,153.849761962891,88.4926313053478,24.5678562011445,83.3393274034773,82.6698439192064,0,145.051705678304,101.173022519625,95.9450070390077,124.511167907715,81.5582998687146,186.169540405273,0,130.867095947266,120.343608093262
97.0056322035447,107.314081365412,31.6930942916542,55.2080697185555,126.217057228088,153.455998507413,146.77003880137,91.2124190264929,118.36409461396,109.315039513816,105.223856034198,96.1212058738426,174.555404663086,130.195220545719,107.75388570407,137.743044535319,25.456506550995,33.563252901788,105.663966434103,83.9191523975367,132.655744934082,33.8567424931097,57.3890178621807,17.223343199738,82.6481742973615,108.560938517253,66.4380727798853,50.8507892237316,60.303598662209,98.006372637452,63.2259494503689,137.81143951416,158.673894246419,89.5842025935301,54.2770759155355,169.178035191127,111.165283203125,113.233494299725,66.8793588177911,239.385612487793,0,200.976013183594,168.440378525678,189.756905449761,142.997630119324,177.562324523926,148.815862019857,186.439529418945,0,200.232608570772,0,106.464081416054,151.821216826743,173.862762451172,159.678721291678,0,122.056718974974,69.645730325486,113.493690462593,140.085070618197,0,166.248452425003,109.469633579633,148.168694605399,180.341989746094,130.590554856162,0,233.706756591797,161.657522583008,135.000443000298
77.8918851110227,84.7892102868838,108.857779989129,40.9211308721516,19.6200922192014,117.036024169922,78.1099898580645,63.3310482070055,95.8270512537303,21.1762210383728,70.453845044618,137.054488499959,27.7727239835957,127.778032276728,94.8093317755337,44.2499438229026,31.3790387680648,133.108355388236,172.024673461914,149.329077794002,30.0452061392772,32.3889915148417,25.8146469286421,82.6481742973615,12.7820511462738,104.727642075025,133.405564528245,95.6185727027746,30.3403877699172,84.903773761758,70.5966162308101,155.858062744141,132.41012318929,68.9821041387858,83.6675325434014,127.721126623321,120.838989257812,160.005989822687,64.3439203262329,117.451197231517,176.220523834229,132.2820727677,113.208312043926,137.541016124932,69.4284298319212,128.457859326715,205.200065612793,107.05416560795,0,140.912200709752,119.035672187805,109.102721778714,175.788032531738,236.841972351074,207.462376912435,120.481762693479,128.143097081135,87.086590051651,145.707149251302,100.326389561052,0,202.018888033353,154.074426504282,112.784656872163,140.483469516416,115.783998907569,239.860687255859,162.090690612793,123.145285213695,135.247438988319
178.12784576416,22.1835821863663,95.6768802642822,33.4809611921971,0,111.118520100911,155.07244682312,171.550470987956,182.628257751465,107.278350195085,162.619140625,36.359725936895,141.021743774414,18.1933381185823,127.477258046468,141.853575053968,98.4207000732422,80.6378693898519,50.3165431340535,55.6834267362764,0,157.039949035645,72.8568915546243,108.560938517253,104.727642075025,9.22642837267138,48.6424924649789,28.8491282901498,152.472970962524,135.776642799377,155.381295776367,54.4949788769472,89.9430046081543,132.451499938965,67.3119248858953,192.735412597656,79.048124676659,129.20294380188,33.3565192884869,200.803894042969,0,0,0,0,149.083544049944,0,80.3764177251745,0,67.5285234648606,161.343414306641,0,0,120.667283710681,80.2473892389342,97.4157449130354,0,196.875045776367,77.6808790479388,219.830337524414,174.864125569661,33.24733729031,80.2530494640076,70.3989335478892,214.630218505859,144.207061767578,0,81.7193899845731,0,0,94.0727322896322
130.514717614091,49.9748788578191,44.4450702557564,55.6980268614633,157.848712158203,142.210335951585,165.483517273613,135.115068158533,145.390504104556,124.449229979783,145.615269599527,30.3944447068307,183.971232822963,28.6775828738138,141.247307108216,168.17084030878,111.61526593295,33.2062096148418,29.0885213044642,30.8304066354045,181.875520185991,105.827314099236,85.6479401221642,66.4380727798853,133.405564528245,48.6424924649789,17.1132798090109,37.5513300014745,142.825932917025,138.190281861907,118.291488962849,23.2496044876854,121.290842507102,124.053552627563,69.2576145232131,181.420594648881,106.987632699209,102.927736994046,74.6103300146154,247.284393310547,0,221.039169311523,193.975620117188,206.766508102417,193.032169048603,187.067230224609,119.492794119793,0,114.922410116146,192.215689919212,0,148.749585603413,112.847086118959,115.49964833814,111.716309679752,203.848739624023,167.762858581543,122.890563429448,142.634252307484,179.135338416466,84.4108796370657,100.202666176398,99.068134731074,187.428608613856,214.219946725028,186.149383544922,118.025415001846,0,204.43342590332,118.697594545325
134.399586293492,29.7565183306217,33.7680318649203,41.8122802331286,135.594772577286,174.399722706188,168.447828218534,126.300603263845,150.134353180277,109.249998904655,142.062432448069,57.7330971307683,162.829292990945,33.7125436089237,145.03538624397,143.958086855777,30.0182691148708,71.0961570837353,75.8483235317235,75.9268177308194,179.856374104818,80.4783626325979,48.1456377656426,50.8507892237316,95.6185727027746,28.8491282901498,37.5513300014745,16.9867617697005,90.1887726970472,141.510255376825,116.967324551349,20.8045646688321,152.06149708141,131.996342468262,70.6090424617491,177.040068562826,104.389455586264,99.5376366436778,68.9067997269901,185.212448120117,0,201.472278594971,166.251040603175,198.218042072497,154.283360072545,183.313130917756,117.912117965578,193.076377868652,113.205353155801,192.096662779112,200.381828308105,99.8490835984152,119.689890497186,119.438527914194,120.799783017002,205.020439147949,130.648735725716,63.1801978300244,107.970823192851,147.579277740128,80.7339211094882,107.014626220959,100.031732718837,156.264400347144,181.14287689209,155.896687220013,117.124051791518,0,148.196733093262,122.455633163452
83.9265351901922,103.794193540301,95.855483988057,60.5142970028,22.5850073191235,127.320754080108,68.9460445385738,37.6881077071459,96.6617294417146,58.0919141209679,33.9677479389603,149.697363833164,53.7853142254305,179.290838241577,100.434984366354,82.1298472382302,48.7536067354645,123.802091049821,191.811283111572,146.224998101956,38.9986329512787,29.9654196747666,60.6956322170147,60.303598662209,30.3403877699172,152.472970962524,142.825932917025,90.1887726970472,15.3778605828257,91.2353916729949,42.0541465435213,149.564407348633,138.030894939716,70.7323604938715,70.5869020905387,130.865373300952,131.351806640625,170.082727750142,82.7009845153527,108.521724125959,212.749816894531,152.909042234006,126.7618074927,153.953339038818,92.1245965404787,156.257454072586,202.096706390381,120.752376188715,0,151.57634456574,148.166792370024,117.413880395889,186.686422532605,201.409306844076,194.478749201848,147.262276791304,129.461769630169,96.5673865041425,156.171475001744,112.732450758796,0,198.824736458915,165.027325802162,126.025156533773,148.8604655748,122.329746953339,0,203.696527481079,129.485213797433,149.005545762869
19.9368440909217,144.913831922743,128.253174643883,87.1399217272562,103.414468548085,27.0276651201178,59.47428814888,73.34350000244,32.1783298099331,84.4459693828382,96.4239822393029,65.4018888632253,110.073398615587,82.7001237349077,27.5055780463065,51.6251176504919,127.365615081787,108.928629694131,128.111331625083,130.147428952323,105.342630242864,65.3676107511288,111.769525330642,98.006372637452,84.903773761758,135.776642799377,138.190281861907,141.510255376825,91.2353916729949,11.6206153745603,33.1250107508299,99.4261079268022,14.5510091413899,17.6613086521203,45.5955468071846,149.478141403198,182.541473388672,181.237946359735,103.828509306296,139.155064549939,0,172.637167794364,150.416635874155,170.170278727214,98.3533970759465,171.813565430818,233.431594848633,148.662066459656,176.960876464844,164.154930305481,0,142.758441162109,191.966050889757,0,209.170804704939,176.492243025038,144.539019448417,166.161595431241,182.445065002441,137.662559434234,0,186.472813415527,185.064439992436,143.848741722107,155.903013167843,133.37096118927,0,196.054473876953,153.520776228471,162.429070027669
29.1737332935477,119.827857208252,85.7162483724697,60.3906576312404,88.1450135367257,110.955782318115,110.290192351049,26.294515446669,82.7770245465365,61.7969708417981,66.6319234791924,109.025618647186,134.044541495187,179.024899800618,60.6380466469846,91.7931071690151,83.1514801202818,82.6540897256272,126.280040394176,106.921170810209,131.540267096625,28.9280378131517,67.4717946545831,63.2259494503689,70.5966162308101,155.381295776367,118.291488962849,116.967324551349,42.0541465435213,33.1250107508299,12.2739763184967,179.901666259766,123.369795437517,46.3474488939558,41.7969851688527,135.702792739868,0,169.813037109375,90.1731138501848,143.80545425415,0,160.165565066867,127.514132851049,152.203432144657,93.1244216797844,149.781986035799,168.810249328613,0,0,144.794671711169,0,105.951989591122,183.671567131491,228.184371948242,197.953197479248,182.965744018555,122.659919387416,94.7993112352159,147.814529161775,111.988867132097,0,179.120449066162,151.318402269151,118.653031524716,140.168492146027,115.548479638918,0,0,127.857450631949,136.385526784261
169.32453918457,66.3838092803955,102.361706361932,87.7726841679326,0,114.256488800049,133.636737823486,199.618532816569,154.0237159729,153.807846069336,192.860046386719,33.8468006521319,211.56755065918,11.3430653849604,160.301634788513,0,144.893890380859,117.671795238148,59.0018855531012,61.5238059517387,0,191.457290649414,104.113200596401,137.81143951416,155.858062744141,54.4949788769472,23.2496044876854,20.8045646688321,149.564407348633,99.4261079268022,179.901666259766,9.50919010272611,117.789781050249,138.418197631836,81.0875612323204,0,100.596033732096,144.501983642578,84.3726381574358,0,0,0,206.949645996094,0,0,0,118.208104814802,0,103.434655842028,0,0,0,157.685778299967,119.079119205475,119.800244394938,0,0,157.780960083008,193.684188842773,0,77.2941303253174,112.0550749037,110.679928624353,0,0,0,114.968962449294,0,0,121.559074401855
79.7191883433949,199.075698852539,174.47925652398,117.121732271635,151.800982666016,13.5827231103648,22.2001253909712,129.475512164572,22.910356197598,123.673432448815,131.99855497734,61.0678334572376,132.696454162598,87.486808530746,17.9354501590188,34.3635447704009,153.916023254395,160.609891157884,99.4509958120493,112.723646471577,135.303666114807,145.758477783203,166.769577026367,158.673894246419,132.41012318929,89.9430046081543,121.290842507102,152.06149708141,138.030894939716,14.5510091413899,123.369795437517,117.789781050249,6.08204099332246,128.68798828125,31.5096494771927,190.258071899414,0,0,155.101089477539,0,0,0,203.571329752604,206.095718383789,169.499099731445,206.937870025635,0,119.882419586182,0,214.884429931641,0,218.111267089844,0,0,0,232.782531738281,234.381225585938,155.088317871094,240.903030395508,180.369150797526,0,189.542304992676,179.053489685059,183.262303670247,0,192.047332763672,0,0,0,0
58.1803545681935,159.473739624023,112.093111165365,66.986315476267,81.7449740802541,86.633279800415,97.0726504045374,65.0045423658112,91.7541733270959,68.7641681324352,83.2320356332757,106.374536687678,112.927005767822,0,65.3562595738774,83.4398773594907,100.543328718706,92.176508306982,130.110931873322,110.424763341104,94.9562065487816,56.5267387992457,83.5442766462054,89.5842025935301,68.9821041387858,132.451499938965,124.053552627563,131.996342468262,70.7323604938715,17.6613086521203,46.3474488939558,138.418197631836,128.68798828125,8.19472006145261,28.6705044709495,107.119346618652,0,164.364440917969,85.841916402181,149.318703787667,0,146.773599897112,136.801427568708,140.243027877808,95.5181999206543,156.198500366211,0,150.545033772786,0,164.310529436384,180.765548706055,151.255696614583,184.958343505859,0,0,0,124.914157104492,137.081119537354,165.432627360026,120.1219461986,0,152.78678894043,161.435640970866,120.819135501061,150.312607659234,135.658855438232,0,0,166.753147125244,165.062877655029
85.3785446722116,63.1323757942277,66.3048099456678,67.8383953696803,96.4716903013342,37.9325313972215,81.7839560665435,82.9386851353507,71.6627329676604,86.9893657867921,95.9189431976942,26.2526762423751,104.688968730878,67.509306842778,61.9841273556894,65.1444902420044,80.183494818838,40.1412241909571,62.6555242623856,42.6425853747309,101.20833325499,48.5586031816561,79.5170074952852,54.2770759155355,83.6675325434014,67.3119248858953,69.2576145232131,70.6090424617491,70.5869020905387,45.5955468071846,41.7969851688527,81.0875612323204,31.5096494771927,28.6705044709495,11.3173633501582,151.805587768555,93.455924987793,107.227290941321,81.2830700214093,148.312418424166,0,166.285420735677,146.168916785199,176.135547002157,128.373148698073,166.467007405049,0,155.01575012207,125.138010025024,174.691233634949,200.737325032552,117.65287694931,145.104010305097,129.538061141968,134.275832766578,153.332211303711,132.323912484305,85.0642028299967,123.007218774343,135.235608728921,97.4656448364258,121.858740657209,113.415950575288,143.747310703084,168.746507124467,140.025120074932,150.765693664551,0,209.631698608398,136.144336499666
135.230430603027,0,180.107138061523,103.385009765625,190.828709920247,0,162.851311819894,137.41444683075,173.177586146763,102.985427856445,182.916216763583,0,188.113014221191,0,156.021063232422,0,132.5025390625,202.093846638997,0,189.370307922363,0,141.893309808546,134.809186299642,169.178035191127,127.721126623321,192.735412597656,181.420594648881,177.040068562826,130.865373300952,149.478141403198,135.702792739868,0,190.258071899414,107.119346618652,151.805587768555,9.40824914995545,116.508557637533,116.791585038348,73.8488780195995,94.6824028666426,96.1935145060221,76.9107145421645,29.0774627486555,41.6438604037896,72.6867676444676,67.53443420964,132.719372348509,89.1403930828135,155.113442993164,14.4659794268968,88.8972942352295,91.0825700759888,112.334982567865,140.146938841222,127.245902108032,91.7407941960577,88.3259708780638,77.0877345158504,105.070466854993,78.5878583196562,109.37703704834,131.895791615155,141.811718307623,80.526713727237,20.8359324384791,26.246924719155,172.094858169556,78.9080006281535,31.4969464381782,74.1713404664539
201.972213745117,81.3649520874023,93.782299041748,52.8098382949829,160.507659912109,0,0,169.673400878906,0,0,0,97.6332130432129,0,98.9092871348063,0,0,0,105.934578635476,132.250492858887,113.74932161967,0,0,131.299739837646,111.165283203125,120.838989257812,79.048124676659,106.987632699209,104.389455586264,131.351806640625,182.541473388672,0,100.596033732096,0,0,93.455924987793,116.508557637533,7.69886847197681,44.124013264974,10.972950463154,0,165.29035949707,125.629707336426,125.998245239258,133.459096272786,72.1402162114779,128.515151977539,74.9996103228945,116.473320007324,53.6406829071045,135.250409444173,108.741491953532,73.1037216186523,64.2144406470555,94.1347449166434,71.5626987457275,0,94.6739654541016,24.8650689513595,72.9101651319817,69.9659200683842,21.4170746112138,62.5317793174608,33.4018697287515,103.279564751519,129.227382659912,125.587314605713,79.6687453298858,0,141.233154296875,67.1652096339634
183.093298339844,110.723258074592,96.5986645219664,95.9179718017578,0,0,198.079747517904,177.851127987816,189.30363411739,168.01273727417,203.147685241699,188.808410644531,0,149.350727626256,185.040325076081,0,119.203164619312,114.880209722879,145.050224304199,129.54354136699,0,158.982126409357,110.885591400994,113.233494299725,160.005989822687,129.20294380188,102.927736994046,99.5376366436778,170.082727750142,181.237946359735,169.813037109375,144.501983642578,0,164.364440917969,107.227290941321,116.791585038348,44.124013264974,14.9457120840652,50.163264608309,129.039862738715,0,133.112586352958,100.806686851186,125.444206275284,104.07609194242,111.872445516923,98.7941139463394,172.734107971191,94.7890126930093,116.293637954427,146.497489293416,79.943071346283,42.2441482966631,98.0067788904364,70.8575885857606,160.946891784668,70.6956941121779,60.3081847356881,36.984158029118,110.614843928486,67.2442169189453,33.1929502142163,40.485356449198,94.8180659672664,143.018929215165,107.21674073184,102.288489379883,195.503590175084,121.466461181641,73.2255838028108
