7840,2,350,81,33,14,120,3921,825,121,436,31,34,2,12515,3,3,994,25,232,30,354,9,765,239,2,149,221,401,9967,4253,1,44,53,268,2,1,5,9,2,0,7,13,19,11,9,0,1,0,9,0,2,3,0,2,2,7,5,9,87,0,1,19,106,14,5,0,0,6,7
2,5398,111,679,2,1,0,3,10,343,2,68,2,335,5,15,44,349,21,210,0,6,1469,22,263,3943,799,10515,28,9,10,10,1,1,99,0,1,17,10,0,0,0,0,0,0,0,2,0,3,0,0,1,15,2,7,0,0,6,3,1,1,50,158,3,0,0,2,0,0,1
350,111,29603,516,48,11,243,3541,2553,98,1395,125,23,93,2430,11,111,7554,105,929,22,2797,101,19179,253,20,15000,16872,1840,650,689,59,18,45,1123,10,8,1165,99,2,0,2,36,18,9,13,5,3,1,18,1,84,152,8,59,0,50,173,706,83,0,140,2204,88,7,13,2,0,0,53
81,679,516,230,82,3,169,526,391,595,324,208,25,1336,256,20,5287,660,28,306,33,713,560,2166,4217,1603,1036,7552,1502,315,453,27,13,76,342,8,4,60,114,16,1,23,45,23,16,31,7,7,13,14,0,95,36,10,25,10,46,90,131,131,16,97,339,152,18,21,4,0,1,14
33,2,48,82,24350,6,421,151,185,446,7236,4,6974,0,143,134,5,10,0,4,24970,13,22,24,4859,0,25,32,8724,404,28,0,15,68,170,3,1,0,23,1494,0,56,38,24,32,210,0,1342,0,12,6,0,0,1,0,340,0,1,2,195,0,0,0,257,16,7,0,0,2,4
14,1,11,3,6,5489,8713,43,3435,31,117,97,99,13,871,3413,0,17,5,6,14,2,0,11,25,3,13,11,33,947,10,2,6292,2,236,0,0,0,1,1,0,4,1,2,3,0,0,4,0,1,0,0,0,0,0,0,0,0,1,2,0,0,0,7,0,0,0,0,0,0
120,0,243,169,421,8713,73240,3118,22310,303,19330,121,10713,17,3013,9544,3,88,2,15,941,23,5,97,488,4,92,77,1458,1800,49,2,5023,34,426,7,0,3,55,138,0,149,147,157,24,376,0,167,0,46,7,1,1,0,0,112,2,5,6,369,0,0,9,410,29,9,0,2,1,8
3921,3,3541,526,151,43,3118,49035,7216,740,17234,33,170,11,13073,113,40,494,12,68,131,1222,27,3054,1529,3,585,731,21227,3885,7800,6,115,634,1516,16,1,21,97,102,0,146,174,167,67,286,0,73,0,72,4,19,12,0,0,78,17,21,49,538,0,5,70,731,58,29,0,1,10,27
825,10,2553,391,185,3435,22310,7216,80290,628,15162,315,1868,40,30412,956,21,2142,42,390,526,364,26,1515,985,2,1052,884,1553,5256,880,10,4911,79,847,14,0,29,68,48,0,116,178,190,34,201,2,64,0,99,3,9,7,1,7,40,15,16,35,455,0,7,77,443,54,25,0,1,7,21
121,343,98,595,446,31,303,740,628,7950,511,119,699,431,341,1860,37,147,18,93,124,42,1521,71,12885,805,356,2107,1789,475,386,14,29,132,187,1,0,6,22,28,0,17,32,22,44,42,1,14,4,13,3,1,0,1,5,14,6,3,8,172,3,6,40,126,12,14,0,0,1,4
436,2,1395,324,7236,117,19330,17234,15162,511,125392,55,9268,11,5951,308,5,217,5,36,10924,224,5,647,1023,1,295,240,7903,4291,340,1,199,263,1517,11,0,10,113,512,0,225,187,160,78,600,2,260,0,65,15,2,2,0,0,251,2,5,21,702,0,3,21,752,48,2,0,4,7,14
31,68,125,208,4,97,121,33,315,119,55,65811,47,7976,382,6,8,530,10968,5558,7,96,46,135,36,719,10568,2281,47,781,71,1443,624,33,9459,0,4,2,9,0,0,0,4,4,2,0,22,0,55,2,0,2,9,34,34,0,1,4,5,5,27,176,428,8,3,1,26,0,0,5
34,2,23,25,6974,99,10713,170,1868,699,9268,47,57854,3,732,3467,2,16,3,5,18918,0,8,8,1253,4,14,22,1722,748,7,1,125,8,316,2,0,0,8,348,0,95,16,49,21,116,1,5538,0,24,15,0,0,0,1,787,1,0,0,85,0,1,1,92,26,0,0,3,0,22
2,335,93,1336,0,13,17,11,40,431,11,7976,3,32862,39,13,3,47,401,182,0,7,308,19,73,7307,3269,9303,8,55,6,3201,62,0,294,0,12,7,34,0,0,1,0,3,2,0,55,0,309,2,0,0,13,55,45,0,1,2,3,0,86,264,718,2,0,0,50,0,0,11
12515,5,2430,256,143,871,3013,13073,30412,341,5951,382,732,39,77502,149,14,3310,73,630,333,684,26,2570,725,6,885,981,1246,14269,3522,8,8078,113,1340,15,0,43,34,14,0,33,77,92,32,50,0,10,0,45,2,15,5,0,3,10,8,12,21,264,0,13,74,337,22,27,0,1,3,9
3,15,11,20,134,3413,9544,113,956,1860,308,6,3467,13,149,12237,1,18,2,8,101,2,49,9,957,19,21,111,387,197,14,0,1096,19,42,0,0,0,1,8,0,3,2,3,4,7,0,28,0,3,3,0,0,0,0,4,1,1,0,11,0,0,4,12,1,0,0,0,0,0
3,44,111,5287,5,0,3,40,21,37,5,8,2,3,14,1,22401,160,3,44,1,5624,5488,14225,3012,2,55,6738,2094,35,129,2,2,11,304,5,0,57,685,0,0,3,30,7,6,11,0,0,2,7,0,895,11,0,7,1,392,619,1110,229,0,7,324,278,11,146,0,0,4,35
994,349,7554,660,10,17,88,494,2142,147,217,530,16,47,3310,18,160,29157,541,13899,6,2202,202,10206,235,30,15328,10943,438,2876,2327,22,39,251,4867,3,11,291,41,0,0,2,14,4,3,2,2,1,7,6,0,33,114,17,89,1,16,73,153,35,5,311,1053,38,2,15,5,0,0,26
25,21,105,28,0,5,2,12,42,18,5,10968,3,401,73,2,3,541,9287,8699,0,14,13,71,3,150,8531,841,4,97,44,199,13,16,670,0,5,6,7,0,0,0,1,0,0,0,9,0,28,0,0,1,3,33,42,0,1,5,3,2,18,163,357,0,0,0,19,0,0,2
232,210,929,306,4,6,15,68,390,93,36,5558,5,182,630,8,44,13899,8699,34527,2,336,89,741,52,158,16173,4787,82,720,459,143,31,93,4409,2,12,74,49,1,0,0,4,3,2,0,23,0,35,7,0,11,85,32,165,0,7,16,38,6,11,564,1377,9,3,10,20,0,0,24
30,0,22,33,24970,14,941,131,526,124,10924,7,18918,0,333,101,1,6,0,2,10514,1,0,15,956,0,11,6,2779,545,9,0,40,21,211,0,0,0,20,1312,0,20,20,13,25,68,0,927,0,6,6,0,0,0,0,176,0,0,0,122,0,0,0,103,5,1,0,0,0,2
354,6,2797,713,13,2,23,1222,364,42,224,96,0,7,684,2,5624,2202,14,336,1,81497,673,39204,1323,5,213,1490,9966,1476,19969,3,5,380,11784,31,0,22,368,1,0,13,42,28,19,9,4,2,0,34,0,601,15,3,12,0,757,372,421,575,0,10,86,777,40,478,0,0,5,45
9,1469,101,560,22,0,5,27,26,1521,5,46,8,308,26,49,5488,202,13,89,0,673,10164,781,8763,985,247,6430,622,29,58,7,4,7,109,3,2,36,30,0,0,3,6,7,3,1,1,0,2,8,1,70,11,2,3,2,44,209,98,101,0,18,130,107,5,51,1,0,1,5
765,22,19179,2166,24,11,97,3054,1515,71,647,135,8,19,2570,9,14225,10206,71,741,15,39204,781,105161,665,3,1913,20703,7071,1591,5115,5,18,171,8582,7,1,239,870,2,0,2,51,27,16,16,3,1,0,17,0,1386,47,1,14,0,449,923,2441,234,0,32,1259,323,25,131,0,1,5,77
239,263,253,4217,4859,25,488,1529,985,12885,1023,36,1253,73,725,957,3012,235,3,52,956,1323,8763,665,58533,243,182,2704,13404,1313,1098,1,27,598,662,57,1,51,260,136,4,177,307,351,213,292,4,115,0,175,8,98,14,2,3,104,97,80,105,1567,0,13,78,1943,158,187,1,2,17,65
2,3943,20,1603,0,3,4,3,2,805,1,719,4,7307,6,19,2,30,150,158,0,5,985,3,243,13667,1017,9484,12,4,5,103,2,2,59,1,21,8,108,1,0,0,0,0,7,0,54,0,145,1,0,0,19,43,58,0,2,14,1,3,187,306,1084,2,1,0,69,0,0,6
149,799,15000,1036,25,13,92,585,1052,356,295,10568,14,3269,885,21,55,15328,8531,16173,11,213,247,1913,182,1017,116187,27137,343,471,254,3224,55,28,1462,11,73,536,185,1,0,4,25,16,13,9,92,0,191,11,0,19,482,215,836,1,10,57,103,26,171,2908,7256,17,7,19,123,0,3,98
221,10515,16872,7552,32,11,77,731,884,2107,240,2281,22,9303,981,111,6738,10943,841,4787,6,1490,6430,20703,2704,9484,27137,134062,2375,607,434,2860,22,90,4647,15,73,1811,511,1,0,8,99,38,35,23,127,2,215,37,5,802,712,182,708,2,146,1302,2627,174,261,2624,10180,226,25,63,134,0,5,212
401,28,1840,1502,8724,33,1458,21227,1553,1789,7903,47,1722,8,1246,387,2094,438,4,82,2779,9966,622,7071,13404,12,343,2375,69382,2988,9192,1,65,1483,3859,129,1,48,217,345,1,184,505,367,276,495,4,249,0,252,21,160,31,3,13,195,232,124,196,2503,0,14,122,2809,267,491,0,8,35,104
9967,9,650,315,404,947,1800,3885,5256,475,4291,781,748,55,14269,197,35,2876,97,720,545,1476,29,1591,1313,4,471,607,2988,90757,8889,11,5388,7050,3659,20,1,19,39,29,0,35,74,75,26,54,1,24,2,40,0,15,9,0,7,18,14,11,25,305,0,10,61,440,31,32,0,1,11,15
4253,10,689,453,28,10,49,7800,880,386,340,71,7,6,3522,14,129,2327,44,459,9,19969,58,5115,1098,5,254,434,9192,8889,56772,5,29,707,4580,40,0,15,70,4,0,18,95,93,63,19,2,0,0,57,0,128,17,1,8,2,152,45,89,661,0,4,45,1054,78,198,0,0,13,30
1,10,59,27,0,2,2,6,10,14,1,1443,1,3201,8,0,2,22,199,143,0,3,7,5,1,103,3224,2860,1,11,5,839,11,1,89,0,6,2,7,0,0,0,1,0,0,0,14,0,19,0,0,0,6,16,30,0,0,3,1,0,18,72,215,0,0,0,13,0,0,1
44,1,18,13,15,6292,5023,115,4911,29,199,624,125,62,8078,1096,2,39,13,31,40,5,4,18,27,2,55,22,65,5388,29,11,12363,1,1118,1,0,0,3,0,0,0,6,6,2,4,0,2,0,2,0,1,0,0,0,1,1,2,1,15,0,2,2,18,0,1,0,0,0,0
53,1,45,76,68,2,34,634,79,132,263,33,8,0,113,19,11,251,16,93,21,380,7,171,598,2,28,90,1483,7050,707,1,1,6454,1473,1,0,1,9,7,0,7,21,20,6,25,0,3,0,7,1,3,2,0,0,0,5,2,6,56,0,1,6,81,9,14,0,0,4,2
268,99,1123,342,170,236,426,1516,847,187,1517,9459,316,294,1340,42,304,4867,670,4409,211,11784,109,8582,662,59,1462,4647,3859,3659,4580,89,1118,1473,39938,4,5,115,65,13,0,24,46,24,13,37,0,10,4,16,3,80,31,4,21,5,35,75,173,123,3,83,439,177,11,39,2,0,1,19
2,0,10,8,3,0,7,16,14,1,11,0,2,0,15,0,5,3,0,2,0,31,3,7,57,1,11,15,129,20,40,0,1,1,4,19904,3,287,93,82,3,153,7323,1026,115,1226,138,93,5,19142,10,16,740,118,471,134,284,26,544,638,1,423,238,1787,18662,6722,8,24,323,525
1,1,8,4,1,0,0,1,0,0,0,4,0,12,0,0,0,11,5,12,0,0,2,1,1,21,73,73,1,1,0,6,0,0,5,3,3449,168,1082,0,1,4,9,3,384,1,33,3,475,6,18,16,383,35,190,0,7,1755,67,246,2670,338,6400,9,4,10,33,0,1,56
5,17,1165,60,0,0,3,21,29,6,10,2,0,7,43,0,57,291,6,74,0,22,36,239,51,8,536,1811,48,19,15,2,0,1,115,287,168,22956,643,9,0,233,2612,1628,130,962,63,10,53,1769,12,200,8427,132,1303,4,1272,247,16038,218,2,15251,11342,1625,333,216,25,7,19,495
9,10,99,114,23,1,55,97,68,22,113,9,8,34,34,1,685,41,7,49,20,368,30,870,260,108,185,511,217,39,70,7,3,9,65,93,1082,643,265,75,1,182,529,395,420,494,46,74,794,257,10,3525,531,40,277,60,800,1252,2265,3549,1749,536,6804,1048,172,183,28,3,22,207
2,0,2,16,1494,1,138,102,48,28,512,0,348,0,14,8,0,0,0,1,1312,1,0,2,136,1,1,1,345,29,4,0,0,7,13,82,0,9,75,26542,4,1030,155,289,229,10541,1,7247,0,184,167,4,7,0,2,27465,4,16,18,5075,0,4,25,8406,455,13,0,2,32,134
0,0,0,1,0,0,0,0,0,0,0,0,0,0,0,0,0,0,0,0,0,0,0,0,4,0,0,0,1,0,0,0,0,0,0,3,1,0,1,4,5304,7953,13,6152,13,28,16,26,1,226,2174,0,0,0,0,8,0,2,1,12,0,1,0,17,810,2,0,5032,1,42
7,0,2,23,56,4,149,146,116,17,225,0,95,1,33,3,3,2,0,0,20,13,3,2,177,0,4,8,184,35,18,0,0,7,24,153,4,233,182,1030,7953,80086,1867,36095,446,19546,40,7763,3,2102,11863,4,78,4,26,1223,11,17,84,974,2,133,66,3139,1863,27,3,1558,46,388
13,0,36,45,38,1,147,174,178,32,187,4,16,0,77,2,30,14,1,4,20,42,6,51,307,0,25,99,505,74,95,1,6,21,46,7323,9,2612,529,155,13,1867,62752,6010,431,20541,98,228,14,18672,77,59,2599,149,922,111,1402,85,4914,1526,0,1210,711,22778,2845,9038,8,49,341,1403
19,0,18,23,24,2,157,167,190,22,160,4,49,3,92,3,7,4,0,3,13,28,7,27,351,0,16,38,367,75,93,0,6,20,24,1026,3,1628,395,289,6152,36095,6010,78809,351,14610,369,1666,29,30501,1313,30,815,57,359,577,186,64,763,1591,1,1194,286,3477,5812,452,14,6141,51,1080
11,0,9,16,32,3,24,67,34,44,78,2,21,2,32,4,6,3,0,2,25,19,3,16,213,7,13,35,276,26,63,0,2,6,13,115,384,130,420,229,13,446,431,351,7258,446,10,2947,44,213,1272,62,170,9,67,203,32,1727,143,13631,133,114,1686,1683,259,190,3,2,37,122
9,0,13,31,210,0,376,286,201,42,600,0,116,0,50,7,11,2,0,0,68,9,1,16,292,0,9,23,495,54,19,0,4,25,37,1226,1,962,494,10541,28,19546,20541,14610,446,100346,55,14159,1,6840,418,24,258,19,110,15322,108,22,660,1845,0,417,143,14956,5173,203,4,97,273,1763
0,2,5,7,0,0,0,0,2,1,2,22,1,55,0,0,0,2,9,23,0,4,1,3,4,54,92,127,4,1,2,14,0,0,0,138,33,63,46,1,16,40,98,369,10,55,54849,28,5570,385,6,16,374,9052,2982,18,200,34,245,27,298,8209,1661,77,725,241,3018,222,7,10393
1,0,3,7,1342,4,167,73,64,14,260,0,5538,0,10,28,0,1,0,0,927,2,0,1,115,0,0,2,249,24,0,0,2,3,10,93,3,10,74,7247,26,7763,228,1666,2947,14159,28,66915,2,889,3575,6,15,1,2,29215,4,16,4,6634,1,12,25,4408,1018,13,0,54,33,469
0,3,1,13,0,0,0,0,0,4,0,55,0,309,0,0,2,7,28,35,0,0,2,0,0,145,191,215,0,2,0,19,0,0,4,5,475,53,794,0,1,3,14,29,44,1,5570,2,28939,28,4,5,30,248,179,0,11,459,20,15,3760,1220,9367,8,23,19,4027,2,1,201
9,0,18,14,12,1,46,72,99,13,65,2,24,2,45,3,7,6,0,7,6,34,8,17,175,1,11,37,252,40,57,0,2,7,16,19142,6,1769,257,184,226,2102,18672,30501,213,6840,385,889,28,81154,140,44,1689,149,771,470,370,58,1481,1234,2,1436,472,3132,14384,2095,22,2466,346,1657
0,0,1,0,6,0,7,4,3,3,15,0,15,0,2,3,0,0,0,0,6,0,1,0,8,0,0,5,21,0,0,0,0,1,3,10,18,12,10,167,2174,11863,77,1313,1272,418,6,3575,4,140,11822,7,14,1,4,277,1,55,13,1035,6,7,142,377,93,3,1,87,10,44
2,1,84,95,0,0,1,19,9,1,2,2,0,0,15,0,895,33,1,11,0,601,70,1386,98,0,19,802,160,15,128,0,1,3,80,16,16,200,3525,4,0,4,59,30,62,24,16,6,5,44,7,20251,238,11,100,1,6307,7173,9927,2620,2,120,5013,2089,61,450,2,0,31,341
3,15,152,36,0,0,1,12,7,0,2,9,0,13,5,0,11,114,3,85,0,15,11,47,14,19,482,712,31,9,17,6,0,2,31,740,383,8427,531,7,0,78,2599,815,170,258,374,15,30,1689,14,238,20011,556,13105,4,1404,555,12485,323,10,5907,10799,1187,472,1991,32,11,46,3597
0,2,8,10,1,0,0,0,1,1,0,34,0,55,0,0,0,17,33,32,0,3,2,1,2,43,215,182,3,0,1,16,0,0,4,118,35,132,40,0,0,4,149,57,9,19,9052,1,248,149,1,11,556,14841,8643,2,103,29,175,18,242,14774,1760,54,89,188,531,4,6,1078
2,7,59,25,0,0,0,0,7,5,0,34,1,45,3,0,7,89,42,165,0,12,3,14,3,58,836,708,13,7,8,30,0,0,21,471,190,1303,277,2,0,26,922,359,67,110,2982,2,179,771,4,100,13105,8643,40444,1,576,205,1726,115,167,21810,9606,394,416,1004,209,6,22,4691
2,0,0,10,340,0,112,78,40,14,251,0,787,0,10,4,1,1,0,0,176,0,2,0,104,0,1,2,195,18,2,0,1,0,5,134,0,4,60,27465,8,1223,111,577,203,15322,18,29215,0,470,277,1,4,2,1,11786,3,1,5,3259,0,10,5,5488,828,14,1,19,26,349
7,0,50,46,0,0,2,17,15,6,2,1,1,1,8,1,392,16,1,7,0,757,44,449,97,2,10,146,232,14,152,0,1,5,35,284,7,1272,800,4,0,11,1402,186,32,108,200,4,11,370,1,6307,1404,103,576,3,74581,2227,33804,899,0,232,1410,7844,444,26055,6,0,594,8594
5,6,173,90,1,0,5,21,16,3,5,4,0,2,12,1,619,73,5,16,0,372,209,923,80,14,57,1302,124,11,45,3,2,2,75,26,1755,247,1252,16,2,17,85,64,1727,22,34,16,459,58,55,7173,555,29,205,1,2227,9981,2577,5537,587,305,7671,830,66,524,14,0,27,256
9,3,706,131,2,1,6,49,35,8,21,5,0,3,21,0,1110,153,3,38,0,421,98,2441,105,1,103,2627,196,25,89,1,1,6,173,544,67,16038,2265,18,1,84,4914,763,143,660,245,4,20,1481,13,9927,12485,175,1726,5,33804,2577,98179,676,2,2247,16547,7366,724,7983,7,3,297,5990
87,1,83,131,195,2,369,538,455,172,702,5,85,0,264,11,229,35,2,6,122,575,101,234,1567,3,26,174,2503,305,661,0,15,56,123,638,246,218,3549,5075,12,974,1526,1591,13631,1845,27,6634,15,1234,1035,2620,323,18,115,3259,899,5537,676,59781,35,179,2192,15674,1542,1232,4,21,313,651
0,1,0,16,0,0,0,0,0,3,0,27,0,86,0,0,0,5,18,11,0,0,0,0,0,187,171,261,0,0,0,18,0,0,3,1,2670,2,1749,0,0,2,0,1,133,0,298,1,3760,2,6,2,10,242,167,0,0,587,2,35,9957,384,6006,0,2,2,112,0,0,34
1,50,140,97,0,0,0,5,7,6,3,176,1,264,13,0,7,311,163,564,0,10,18,32,13,306,2908,2624,14,10,4,72,2,1,83,423,338,15251,536,4,1,133,1210,1194,114,417,8209,12,1220,1436,7,120,5907,14774,21810,10,232,305,2247,179,384,112274,25414,460,332,474,3203,7,29,1271
19,158,2204,339,0,0,9,70,77,40,21,428,1,718,74,4,324,1053,357,1377,0,86,130,1259,78,1084,7256,10180,122,61,45,215,2,6,439,238,6400,11342,6804,25,0,66,711,286,1686,143,1661,25,9367,472,142,5013,10799,1760,9606,5,1410,7671,16547,2192,6006,25414,131105,1204,220,474,3713,6,39,3138
106,3,88,152,257,7,410,731,443,126,752,8,92,2,337,12,278,38,0,9,103,777,107,323,1943,2,17,226,2809,440,1054,0,18,81,177,1787,9,1625,1048,8406,17,3139,22778,3477,1683,14956,77,4408,8,3132,377,2089,1187,54,394,5488,7844,830,7366,15674,0,460,1204,87663,5149,9834,5,52,1118,4280
14,0,7,18,16,0,29,58,54,12,48,3,26,0,22,1,11,2,0,3,5,40,5,25,158,1,7,25,267,31,78,0,0,9,11,18662,4,333,172,455,810,1863,2845,5812,259,5173,725,1018,23,14384,93,61,472,89,416,828,444,66,724,1542,2,332,220,5149,111124,6815,6,4862,9103,4077
5,0,13,21,7,0,9,29,25,14,2,1,0,0,27,0,146,15,0,10,1,478,51,131,187,0,19,63,491,32,198,0,1,14,39,6722,10,216,183,13,2,27,9038,452,190,203,241,13,19,2095,3,450,1991,188,1004,14,26055,524,7983,1232,2,474,474,9834,6815,64198,8,4,907,7945
0,2,2,4,0,0,0,0,0,0,0,26,0,50,0,0,0,5,19,20,0,0,1,0,1,69,123,134,0,0,0,13,0,0,2,8,33,25,28,0,0,3,8,14,3,4,3018,0,4027,22,1,2,32,531,209,1,6,14,7,4,112,3203,3713,5,6,8,3227,2,0,160
0,0,0,0,0,0,2,1,1,0,4,0,3,0,1,0,0,0,0,0,0,0,0,1,2,0,0,0,8,1,0,0,0,0,0,24,0,7,3,2,5032,1558,49,6141,2,97,222,54,2,2466,87,0,11,4,6,19,0,0,3,21,0,7,6,52,4862,4,2,10067,7,474
6,0,0,1,2,0,1,10,7,1,7,0,0,0,3,0,4,0,0,0,0,5,1,5,17,0,3,5,35,11,13,0,0,4,1,323,1,19,22,32,1,46,341,51,37,273,7,33,1,346,10,31,46,6,22,26,594,27,297,313,0,29,39,1118,9103,907,0,7,7439,1756
7,1,53,14,4,0,8,27,21,4,14,5,22,11,9,0,35,26,2,24,2,45,5,77,65,6,98,212,104,15,30,1,0,2,19,525,56,495,207,134,42,388,1403,1080,122,1763,10393,469,201,1657,44,341,3597,1078,4691,349,8594,256,5990,651,34,1271,3138,4280,4077,7945,160,474,1756,43764
