9.03089292477793,112.09627532959,87.678735468761,71.682932232498,76.7654668367826,58.9824788411458,46.9032289769726,24.4946328997918,23.4535110001335,66.2516590806304,48.1381984718086,127.122557322184,80.8711576461792,150.762001037598,10.6935007032743,36.7748092469715,81.0671993255615,96.535188187225,146.944394429525,120.805925681374,80.5746852874756,74.6028801322783,72.2610885769713,81.3448308133289,69.5765264395511,0,107.127565210516,119.281808752763,58.2343087685414,12.1644986541636,29.1168553026383,0,68.4800984700521,21.1594992140506,76.9526343159861,130.183906555176,0,149.911424255371,104.057306925456,137.629440307617,0,0,123.104001726423,0,0,150.687484741211,0,0,0,185.29795328776,0,0,160.458521525065,0,199.499969482422,232.081909179688,143.656595865885,183.9306640625,160.898167003285,118.524244308472,0,184.411497116089,159.390838623047,126.032101557805,185.045761108398,130.246131896973,0,0,0,154.106257120768
112.09627532959,7.90739316117958,37.6559042510986,16.6031081396529,0,0,193.435913085938,123.24338722229,131.910491943359,67.1010591046301,141.795043945312,55.7201506908123,0,42.4372626064135,0,100.384727478027,69.6312492594999,49.8692933941676,76.037437044341,61.0918112409876,0,79.8674151611328,25.8624804550139,75.3311276131488,94.7622990327723,19.6315187781077,49.8248991506836,28.763315457073,101.214694824219,131.6262550354,83.2976867675781,59.8720844296643,0,0,48.5724213325371,0,52.7261505126953,67.3551196416219,79.1066217422485,0,0,179.18293762207,134.42985534668,156.186241149902,103.526317596436,0,127.720095316569,0,105.234056091309,168.718948364258,0,127.22486114502,87.9269736153739,135.68824005127,111.990701402937,0,89.1348114013672,87.5850830078125,89.2802953720093,104.289524623326,80.3101914723714,86.9438170327081,92.3583981900602,119.971656799316,164.237060546875,0,98.069314956665,0,92.6196670532227,71.8188064575195
87.678735468761,37.6559042510986,12.2348428174398,42.6105748017629,124.52333984375,154.810934702555,129.406207738298,87.9715993353661,114.026862879002,98.5995246039496,103.990671695267,73.522671941501,109.812343597412,98.4795135498047,105.772540715535,130.810872395833,78.7480769301906,46.2232456172814,80.9732348918915,76.6733368487398,157.134567260742,70.5000591114355,43.3110867718033,25.620296797456,94.3825774016204,76.8426971435547,22.8391295310106,24.55198643136,56.483810672578,97.5233558019002,55.3261583471647,154.562675476074,134.45396677653,104.53795300108,53.9783651906215,160.071925236629,70.9779716491699,89.3437302937333,78.6954342337216,0,0,188.569259643555,154.404225842706,186.607170581818,202.04296875,192.617602539062,120.519569396973,161.929237365723,148.22198677063,175.397736648033,202.537811279297,131.070620642768,96.9617996430129,134.79963684082,122.351565551758,0,104.141723170425,63.7160823177284,97.684946858464,151.634600321452,0,92.7860533478063,92.3753633932072,133.678584587283,186.355099764737,141.42300696122,0,0,139.780715942383,106.207387288411
71.682932232498,16.6031081396529,42.6105748017629,16.4151719542614,50.2790292104085,101.852897644043,90.5657081375579,51.1298362010344,77.913459388915,12.2611202920666,76.7526543426514,81.2982451561654,69.5529850959778,58.4304191920679,83.5470152690912,75.9344687028365,38.1703600407235,57.2549265939681,86.5813768931798,73.4653840879115,77.697256234976,40.2207835771704,14.5855854936733,46.8823025028469,33.8784985896747,49.2761284631013,53.2173617810619,40.6709431163385,40.5784594665721,64.9620049755924,50.3052563170935,76.6513038749125,112.343521753947,50.2447821153078,60.7716030734443,77.1117085543546,99.7860326766968,73.547677971335,18.2275051343239,48.4730014801025,0,113.357605743408,60.1233979966905,102.619849777222,45.8011804187999,96.9030558268229,71.9682624816895,55.633659362793,90.7811608087449,86.4477661731196,0,69.4040003967285,76.5905248963988,95.4600028991699,83.2684422598945,153.991104125977,63.1066138438689,25.0807132182583,71.8201047846701,53.4885425663474,34.120801627636,67.9436070777813,57.6999584521708,62.5468186712265,94.4647088301809,61.3023624566885,69.8767242431641,0,70.9983947753906,80.9524511563576
76.7654668367826,0,124.52333984375,50.2790292104085,8.46179890843715,114.050207138062,49.8406997174025,63.4932889120919,65.260820262837,34.404078052755,19.1342144329492,0,17.2336520043244,0,84.0088913990901,48.7030046326773,0,0,0,0,10.9479149254557,116.601524353027,79.0314155578613,0,19.2786661712508,0,123.101020812988,0,11.91472153995,82.5249224138689,86.9608764648438,0,0,69.4906357526779,78.8995459037915,126.167630513509,0,0,58.6207740783691,10.889063158228,0,114.082984161377,113.244689941406,151.238030569894,73.5374101003011,104.632584077341,0,24.169040912076,0,129.381037394206,82.4769694010417,0,0,0,0,9.04633301120804,0,124.165908813477,0,83.5400149357028,0,0,136.710052490234,110.63297858605,157.844036865234,0,0,0,0,148.980080740792
58.9824788411458,0,154.810934702555,101.852897644043,114.050207138062,6.67108233083443,8.53479820128301,105.266362842761,14.4770755237555,103.654234313965,98.3319962241433,57.4939902520949,116.956932067871,77.9324417114258,23.2113068693595,12.0854409510717,125.520606994629,154.582160949707,80.5929209391276,75.776481628418,104.638450622559,130.190979003906,104.665077209473,139.310928344727,105.006903966268,77.8062973022461,138.213772166859,95.6412938435872,116.200564297763,23.6460556711098,107.018892288208,0,8.75184531992227,89.1736907958984,38.0407443480058,0,0,0,0,0,0,0,0,0,0,0,0,0,188.71745300293,210.65348815918,0,0,0,0,0,0,0,99.3385620117188,0,142.897659301758,0,0,0,164.666604614258,201.358383178711,0,0,0,0,0
46.9032289769726,193.435913085938,129.406207738298,90.5657081375579,49.8406997174025,8.53479820128301,6.79544005729609,59.6821394982017,17.3757092081365,85.0570332032663,26.6735436211722,72.6571496146066,12.3086982469281,0,29.597649710519,10.4346046469248,135.443399429321,148.040849573472,108.269175211589,120.662037531535,27.9182011793434,111.128207397461,91.246392250061,116.713163259078,70.3676239548,0,149.953787336678,143.376476054289,67.3099874184348,44.1772980190627,89.6314614286128,103.472759246826,26.6282435138126,90.6942371792263,51.1812024755063,0,0,189.504238891602,109.97395324707,82.6544929504394,0,182.891698201497,141.149836222331,173.120193481445,0,171.396600341797,0,58.2949638366699,0,169.214146205357,0,0,0,0,0,174.114120483398,0,0,203.442733764648,127.19896143133,0,0,199.523450215658,146.941962777752,204.527034759521,146.61116027832,0,0,137.124488830566,182.043034871419
24.4946328997918,123.24338722229,87.9715993353661,51.1298362010344,63.4932889120919,105.266362842761,59.6821394982017,8.8095771046616,48.7291964205904,47.2436355524908,14.9037055508141,144.34463255746,38.5661996882013,148.605987548828,29.8379546373318,66.8631783670454,67.4695818424225,122.219435232657,139.833709716797,141.013929578993,70.752532686506,62.1597981658636,72.2315112551053,73.9099983510218,46.8761187216175,0,119.604530446434,97.9380882962479,21.1792679339642,51.4940919031208,15.1420903855911,0,112.373171354595,57.0738407345064,72.4372280681201,131.163000488281,0,146.192827664889,71.8508574541877,132.333185831706,174.224426269531,137.267219119602,113.635407234306,137.00669270177,77.4372959136963,133.149924247496,0,124.565722783407,178.359710693359,132.491546630859,134.307315826416,116.11071395874,175.01163482666,0,214.336608886719,147.636978149414,154.60915629069,100.725522359212,153.208556390578,99.8565168425511,0,179.367769877116,168.515880360323,112.810920278326,138.041032791138,110.351127400118,0,155.855575561523,126.10252210829,137.852578249845
23.4535110001335,131.910491943359,114.026862879002,77.913459388915,65.260820262837,14.4770755237555,17.3757092081365,48.7291964205904,10.3081953107836,77.2630688834736,28.6696052117292,80.9698324120563,22.7001275141151,88.3229415893555,12.1997736523013,28.1045083554614,104.768438165838,124.453966283798,115.613094329834,118.018695322673,75.9773838125545,102.425936106089,86.5995847528631,103.414335783537,75.2412748297056,0,134.60427497105,129.387620202426,67.2601524465626,28.9210032311539,70.6172544963158,0,15.3874390954709,84.5646664179288,45.5970139728167,148.975054423014,0,176.771439496209,120.711618423462,89.3580718994141,165.092239379883,157.919742584229,125.566857573274,159.502873738607,121.988208770752,146.353265380859,0,128.596936798096,0,139.723528105637,201.219451904297,188.13542175293,184.965515136719,0,227.241424560547,137.441146850586,192.549049377441,0,198.66066148546,114.952290333493,0,192.937092590332,192.753351120722,129.304623368858,163.088581848145,148.031962924533,0,0,137.225096130371,149.892554855347
66.2516590806304,67.1010591046301,98.5995246039496,12.2611202920666,34.404078052755,103.654234313965,85.0570332032663,47.2436355524908,77.2630688834736,5.46964077440708,62.029725773128,118.093203457919,10.1527032062435,113.616251791677,82.1456413723174,19.9363145309671,33.56971607425,122.822894287109,135.107628822327,156.497909545898,37.7727555194533,63.7502801622663,18.7473876646469,81.3303235963333,15.8881453130099,99.2300220778009,116.470893956438,107.375310909945,40.3199598516537,64.8148759464322,50.0537686592863,126.519676844279,110.493901570638,54.4234566126114,72.2065812435896,50.9051628112793,0,114.832836151123,94.4505605697632,60.4733975728353,0,110.695846557617,79.5597172905417,104.75384085519,24.2764172962734,95.2639923095703,0,91.1797637939453,0,103.252284240723,51.7746887207031,0,0,0,204.32820892334,85.5574162801107,0,69.3531303405762,166.097381591797,42.3664239479678,117.582794189453,186.110424465603,168.534217289516,86.5803413391113,118.950035095215,91.852014541626,0,0,101.649398803711,143.207473754883
48.1381984718086,141.795043945312,103.990671695267,76.7526543426514,19.1342144329492,98.3319962241433,26.6735436211722,14.9037055508141,28.6696052117292,62.029725773128,7.34867226243099,143.373894500732,18.9324165449837,0,67.709029900864,58.5708548894185,77.944202041626,148.324216025216,166.52294921875,147.726862589518,16.0125770931223,78.0801193237305,111.585327372831,94.6353649902344,39.6346606436464,0,136.163059907801,116.204189600569,15.5539785323861,76.7631235814989,71.8795726530014,0,109.790516444615,69.7505790985029,78.2236975243066,151.678985595703,0,187.722412109375,111.138761667105,12.1912473568326,0,158.779156771573,127.96788140063,146.320347179066,97.5420608520508,145.308016283759,0,133.852321971547,0,152.444164569561,123.965423583984,122.384742736816,197.96875,0,0,142.996676635742,170.656829833984,136.931592305501,0,106.377044996511,0,0,182.836946759905,129.963625181706,164.680213928223,145.803642272949,0,0,149.666015625,156.63097076416
127.122557322184,55.7201506908123,73.522671941501,81.2982451561654,0,57.4939902520949,72.6571496146066,144.34463255746,80.9698324120563,118.093203457919,143.373894500732,9.97394956612236,0,19.1792519523866,69.9952723009833,0,120.713381449382,49.4015180640664,17.7697685214343,25.0832236058462,0,69.8051973365876,92.5992646043318,73.4430225588751,159.296508789062,26.0234213917633,27.2519495056916,60.1704408731748,128.441091264997,59.4443231792901,91.5599166631699,28.7619475802314,57.4047318371859,94.286208152771,23.1976431668851,0,92.1100387573242,142.437030368381,83.2829863230387,0,0,0,191.815277099609,0,140.957183837891,0,75.6402204176959,0,75.3880862469943,0,0,213.737228393555,135.302396774292,90.8063683143029,100.814271714952,0,176.533935546875,153.166732788086,140.683638572693,0,57.6590747833252,96.0366563161214,98.0346709216083,0,0,0,87.3251998901367,0,0,145.616038004557
80.8711576461792,0,109.812343597412,69.5529850959778,17.2336520043244,116.956932067871,12.3086982469281,38.5661996882013,22.7001275141151,10.1527032062435,18.9324165449837,0,8.55524434772987,0,86.3699556023184,8.98812473651434,0,156.768402099609,0,0,12.6071840228111,84.231029510498,69.3181209564209,101.969140625,21.2020349035192,0,141.219604492188,134.95352935791,36.1054996032715,86.9199296562233,79.2234344482422,0,109.53832244873,80.1576739055354,84.4828179735656,0,116.992607116699,241.500289916992,113.197982788086,39.1786303981658,0,91.5669239589146,120.232624816895,157.508728027344,59.6747248513358,28.3022819558779,0,8.39579200486879,0,141.625155857631,54.4131736755371,181.369827270508,0,0,0,11.9918157259623,0,71.101448059082,0,65.1396875942455,0,0,0,121.533845689562,0,0,0,0,0,0
150.762001037598,42.4372626064135,98.4795135498047,58.4304191920679,0,77.9324417114258,0,148.605987548828,88.3229415893555,113.616251791677,0,19.1792519523866,0,6.80619136435357,85.3974685668945,0,0,100.349045493386,44.9081345197171,56.3024030286212,0,174.617202758789,83.4617803294554,108.775550842285,126.789733886719,19.8234067172084,27.3187780473746,27.8419354929862,0,76.9046195983887,0,13.5919555169834,0,0,38.2761265637706,0,80.9789911416861,165.203872680664,72.6997364268583,0,0,0,0,0,132.26594543457,0,63.5845205216181,0,56.8247482718191,214.349884033203,0,142.091201782227,132.738473892212,83.7979243351863,90.7591952662314,0,0,120.275596618652,129.436737060547,176.240127563477,46.8725881152683,83.9269676082182,81.9583786920952,203.905288696289,0,189.633651733398,77.7237177292506,0,0,115.310839653015
10.6935007032743,0,105.772540715535,83.5470152690912,84.0088913990901,23.2113068693595,29.597649710519,29.8379546373318,12.1997736523013,82.1456413723174,67.709029900864,69.9952723009833,86.3699556023184,85.3974685668945,7.37195660224782,31.8892898220184,90.1823904854911,115.362543538411,103.324720902876,111.991179991304,87.4949927741501,94.4426045245435,83.9929365935149,96.5121166403524,87.9923247475038,71.3782062530518,126.088972695266,130.233176287483,72.6751786101636,15.1280244867984,57.5040546500164,151.430339813232,14.2477579621839,41.7022179768003,36.7798051358755,183.815277099609,0,171.39631652832,86.8095486958822,0,0,171.965179443359,141.774083637056,167.955966186523,182.966903686523,166.925659179688,0,101.223503112793,0,166.67385152181,0,0,174.50862121582,0,0,161.274993896484,0,154.464153289795,193.094932556152,134.910310456247,106.968383789062,215.764887491862,171.78732438521,142.750754855928,179.559005737305,158.486163457235,0,0,143.286944071452,167.292461395264
36.7748092469715,100.384727478027,130.810872395833,75.9344687028365,48.7030046326773,12.0854409510717,10.4346046469248,66.8631783670454,28.1045083554614,19.9363145309671,58.5708548894185,0,8.98812473651434,0,31.8892898220184,7.1005647311859,96.8105125427246,136.300726572673,0,0,63.3821801757813,112.175674438477,62.3552042643229,129.6343126297,29.9085394136617,0,139.512320267527,143.416334152222,70.9813815285178,29.7270204373768,82.9747033960679,181.434234619141,35.156050749228,40.8846739600686,41.4161134233662,215.849044799805,0,0,0,67.474365234375,0,0,154.543823242188,0,126.765739440918,0,0,0,0,148.028335571289,144.198364257812,0,0,0,0,0,0,0,0,130.443196614583,0,230.52165222168,199.902160644531,157.604061889648,0,171.541976928711,0,0,0,0
81.0671993255615,69.6312492594999,78.7480769301906,38.1703600407235,0,125.520606994629,135.443399429321,67.4695818424225,104.768438165838,33.56971607425,77.944202041626,120.713381449382,0,0,90.1823904854911,96.8105125427246,8.92541982454209,102.877147053563,131.854274749756,112.080416361491,0,16.7054233936212,23.7432446599024,13.3520686255368,11.6789405797232,125.679161071777,104.455858486802,26.1144325268093,26.5509036320906,59.817482276041,55.8051549542335,134.027416992188,0,51.5881495224802,67.1287579763503,132.305480957031,177.810211181641,111.46046257019,50.8492003546821,0,0,0,89.2750854492188,0,0,0,0,0,0,107.303047180176,0,85.4348373413086,133.98491859436,0,188.072174072266,0,100.150395711263,91.4275741577148,105.940306769477,112.199699401855,0,132.27181521329,125.950898875361,87.3103360262784,140.598526000977,98.6639543013139,0,0,93.7554321289062,121.395820617676
96.535188187225,49.8692933941676,46.2232456172814,57.2549265939681,0,154.582160949707,148.040849573472,122.219435232657,124.453966283798,122.822894287109,148.324216025216,49.4015180640664,156.768402099609,100.349045493386,115.362543538411,136.300726572673,102.877147053563,10.7448131469973,69.3337699990524,30.4106535398429,0,52.7703217986002,77.0100995189739,20.3754977159917,120.122523211051,128.111097335815,28.495667219162,60.8313523616937,113.440771416773,88.4899866841184,70.7869289421535,89.0219206376509,102.797805786133,83.6494702062299,33.4264446269682,178.833557128906,102.87655203683,100.596295341771,83.5370969136556,0,0,176.780242919922,178.502969360352,195.362596511841,0,205.962966918945,132.254997253418,184.197082519531,129.49493598938,184.339483822093,0,137.873760223389,107.016857203481,166.325483049665,118.493413516453,0,121.477493286133,119.578694430265,113.226212931614,0,0,99.143237228293,102.910570175583,170.30866877238,207.181898328993,155.165672302246,137.478225708008,0,0,108.460446845161
146.944394429525,76.037437044341,80.9732348918915,86.5813768931798,0,80.5929209391276,108.269175211589,139.833709716797,115.613094329834,135.107628822327,166.52294921875,17.7697685214343,0,44.9081345197171,103.324720902876,0,131.854274749756,69.3337699990524,6.25894215610896,9.46323020556774,0,94.1934204101562,109.88711420695,96.0041189193726,145.200241088867,40.0498873740864,30.231448303464,59.0556131467538,135.028972625732,93.8479799543108,118.661822636922,47.4788362838014,83.3597920735677,0,54.8909243542724,239.356018066406,0,149.796821594238,84.10120900472,0,0,0,194.233581542969,0,0,0,92.9331655502319,0,89.7419653392973,0,0,176.744384765625,146.300956726074,108.704697348855,109.640064239502,0,0,167.996475219727,168.891925811768,0,70.4396781921387,106.896671224085,106.356375859937,233.069747924805,0,0,103.511720137163,0,0,89.1935653686523
120.805925681374,61.0918112409876,76.6733368487398,73.4653840879115,0,75.776481628418,120.662037531535,141.013929578993,118.018695322673,156.497909545898,147.726862589518,25.0832236058462,0,56.3024030286212,111.991179991304,0,112.080416361491,30.4106535398429,9.46323020556774,9.06351050538389,0,78.6864972521911,92.354091389974,72.1161535511846,139.138152489295,42.9522092960499,23.7351085540637,60.4788951375687,138.997781641343,89.0751018324795,94.2982990346689,59.5073937972387,86.1727248827616,100.458798217773,41.9647322322353,188.810493469238,0,132.497367512096,95.613597869873,0,0,0,185.037506103516,0,0,0,121.469663619995,0,108.11847452017,212.648559570312,0,134.347808837891,119.341561733148,114.056638717651,102.761014616891,0,155.463963826497,214.878768920898,136.747108459473,0,99.6516456604004,101.746479540455,102.481137601585,151.966079711914,0,0,114.546604919434,0,0,126.298440413042
80.5746852874756,0,157.134567260742,77.697256234976,10.9479149254557,104.638450622559,27.9182011793434,70.752532686506,75.9773838125545,37.7727555194533,16.0125770931223,0,12.6071840228111,0,87.4949927741501,63.3821801757813,0,0,0,0,9.98288268544485,0,136.833307902018,0,17.557102213655,0,0,0,24.4753601206769,84.0133817612612,128.555797576904,0,113.190478006999,78.2009130205427,81.9942460596209,0,0,218.6513671875,72.8601531982422,14.0343947781182,0,137.100351969401,116.321263885498,221.075988769531,87.9408674973708,125.520692825317,0,11.0554050013076,0,136.189624786377,142.638916015625,0,0,0,0,8.10120063695041,0,115.197769165039,0,88.8834184667338,0,0,0,112.668203232136,170.946398925781,0,0,0,135.140380859375,85.9807739257812
74.6028801322783,79.8674151611328,70.5000591114355,40.2207835771704,116.601524353027,130.190979003906,111.128207397461,62.1597981658636,102.425936106089,63.7502801622663,78.0801193237305,69.8051973365876,84.231029510498,174.617202758789,94.4426045245435,112.175674438477,16.7054233936212,52.7703217986002,94.1934204101562,78.6864972521911,0,8.86979702257178,39.852279129478,20.5461364444043,31.5794199613424,97.4103775024414,97.1480500962999,56.7423283997683,18.1876994498362,58.8826175387055,25.0871277806269,114.415107727051,153.006500244141,42.5000289570202,36.7175342730727,119.216332571847,0,117.78091583252,56.1472306569417,0,0,145.333847045898,108.253146489461,153.753498077393,0,0,0,0,212.642272949219,123.991833278111,128.835525512695,116.911201477051,134.355058670044,201.916229248047,174.545448303223,0,100.171771685282,68.2936579760383,112.75611441476,116.801071166992,0,137.959439497728,125.815933339736,99.1243614904659,139.91050084432,98.5261587632441,0,0,104.183990478516,115.923747253418
72.2610885769713,25.8624804550139,43.3110867718033,14.5855854936733,79.0314155578613,104.665077209473,91.246392250061,72.2315112551053,86.5995847528631,18.7473876646469,111.585327372831,92.5992646043318,69.3181209564209,83.4617803294554,83.9929365935149,62.3552042643229,23.7432446599024,77.0100995189739,109.88711420695,92.354091389974,136.833307902018,39.852279129478,9.28371785150981,42.7316862531907,23.7174564719377,67.5615292156444,89.4000519099629,34.0119706567332,47.4033016939552,55.4828760327033,47.9071606233923,103.465084147903,123.293884277344,45.2034198125203,56.3541201245815,70.6223526000977,0,68.6651855561791,49.5990176200867,89.6453323364258,0,0,97.664436340332,131.31029510498,54.7275797526042,128.488990783691,0,0,135.323944091797,99.6999759674072,79.195442199707,57.2437586784363,98.6503486633301,155.8125,130.011854171753,105.978937784831,61.6672113445443,16.4145299759053,66.3690271192024,75.3866325006252,116.119699478149,124.929007476231,80.8953484344482,87.0593915780385,108.812438964844,74.8457802931468,179.936111450195,0,58.5127372741699,81.988480091095
81.3448308133289,75.3311276131488,25.620296797456,46.8823025028469,0,139.310928344727,116.713163259078,73.9099983510218,103.414335783537,81.3303235963333,94.6353649902344,73.4430225588751,101.969140625,108.775550842285,96.5121166403524,129.6343126297,13.3520686255368,20.3754977159917,96.0041189193726,72.1161535511846,0,20.5461364444043,42.7316862531907,12.7998836893922,37.5700086160582,0,49.4164228931027,34.4025725611776,32.7561170798356,79.4554915428162,38.4420777274711,147.239440917969,131.988948059082,62.1246150610015,43.3424822634995,149.443133544922,111.326293945312,92.4223805910058,98.4393721989223,0,0,0,155.241478755556,183.003926595052,101.552940368652,200.906921386719,133.45757039388,0,151.242431640625,200.889368693034,96.3961181640625,95.545528713314,107.91604718295,169.067535400391,142.722010803223,183.89013671875,108.969769614083,63.7500469110308,97.8447632193198,133.587157113212,0,119.689260791597,97.9848861370324,124.011342446009,179.697388966878,119.583345685686,0,0,111.577373504639,116.949939466503
69.5765264395511,94.7622990327723,94.3825774016204,33.8784985896747,19.2786661712508,105.006903966268,70.3676239548,46.8761187216175,75.2412748297056,15.8881453130099,39.6346606436464,159.296508789062,21.2020349035192,126.789733886719,87.9923247475038,29.9085394136617,11.6789405797232,120.122523211051,145.200241088867,139.138152489295,17.557102213655,31.5794199613424,23.7174564719377,37.5700086160582,9.67635471608278,101.113235473633,127.216339252613,75.6357442746217,17.930199837158,68.1423547534834,54.5435734715443,145.587905883789,123.636816236708,58.5253457487675,73.3646023310148,111.447531509399,116.141757965088,135.160089220319,71.0604723612467,62.2487853368123,148.963836669922,121.139567090319,94.426045262028,119.532539059417,46.9577543614903,103.950507405599,200.051940917969,94.5776921714224,0,120.821177340102,71.3395666394915,99.1594970703125,165.877737045288,0,196.456878662109,102.700945027669,137.793548583984,93.5797188282013,133.93896150589,59.5366304225831,0,165.139319101969,153.727961222331,91.0444667498271,133.900942611694,103.205183982849,0,175.076843261719,113.932469685872,126.954057538832
0,19.6315187781077,76.8426971435547,49.2761284631013,0,77.8062973022461,0,0,0,99.2300220778009,0,26.0234213917633,0,19.8234067172084,71.3782062530518,0,125.679161071777,128.111097335815,40.0498873740864,42.9522092960499,0,97.4103775024414,67.5615292156444,0,101.113235473633,9.01665706992786,40.8110795992392,26.834879546409,0,60.6876220703125,0,42.5362560648314,0,0,31.1335042771839,0,78.8588902155558,117.537559509277,47.4053089307702,0,83.842887878418,0,0,0,129.058044433594,0,51.0322305845178,0,50.4887285846956,0,0,159.549942016602,112.968088785807,74.2518475341797,81.3018203576406,0,184.290924072266,114.739643096924,136.87548828125,133.805999755859,30.722375579806,67.0326758408601,66.3513377444845,0,0,0,69.6856459652085,0,0,98.2177410125732
107.127565210516,49.8248991506836,22.8391295310106,53.2173617810619,123.101020812988,138.213772166859,149.953787336678,119.604530446434,134.60427497105,116.470893956438,136.163059907801,27.2519495056916,141.219604492188,27.3187780473746,126.088972695266,139.512320267527,104.455858486802,28.495667219162,30.231448303464,23.7351085540637,0,97.1480500962999,89.4000519099629,49.4164228931027,127.216339252613,40.8110795992392,14.6618500971798,33.1512011441263,98.8854653598008,109.771245191242,85.103658999739,22.463154772997,120.139862060547,119.736707263523,58.6553508763325,174.769920349121,99.7037916183472,103.968888724723,82.9110224976831,0,0,196.604705810547,172.686978149414,200.254259549654,219.998153686523,0,100.939562733968,0,88.3500254841174,185.61887550354,0,135.508856773376,99.9365847614661,102.855404209446,99.5570495771325,0,132.770698098575,124.234146118164,109.876880560028,168.841618855794,65.3158668322441,92.2463483309021,92.1137613673119,158.086839199066,191.03157043457,152.376419360821,100.613157766837,0,162.966827392578,110.481189478224
119.281808752763,28.763315457073,24.55198643136,40.6709431163385,0,95.6412938435872,143.376476054289,97.9380882962479,129.387620202426,107.375310909945,116.204189600569,60.1704408731748,134.95352935791,27.8419354929862,130.233176287483,143.416334152222,26.1144325268093,60.8313523616937,59.0556131467538,60.4788951375687,0,56.7423283997683,34.0119706567332,34.4025725611776,75.6357442746217,26.834879546409,33.1512011441263,13.7203159325185,74.1760976837501,110.430981604409,95.8259934661585,19.6258831542306,116.203389485677,112.20572183071,62.1444975505448,174.373906185752,96.778865814209,90.6098132572977,59.5107825219214,0,0,204.631563459124,163.426518132136,190.173926613548,187.418037414551,177.150146484375,103.493289411068,225.110305786133,93.7672909209124,189.345061517531,0,115.87895953466,101.057137810513,104.140398128304,99.7687230476966,0,118.779549080985,67.9953791565365,98.7370535779856,146.109048843384,64.7978561738642,92.3706479584827,91.1250224118333,146.577725343926,196.324146046358,142.637777399134,104.8280096539,0,200.141738891602,106.829707221265
58.2343087685414,101.214694824219,56.483810672578,40.5784594665721,11.91472153995,116.200564297763,67.3099874184348,21.1792679339642,67.2601524465626,40.3199598516537,15.5539785323861,128.441091264997,36.1054996032715,0,72.6751786101636,70.9813815285178,26.5509036320906,113.440771416773,135.028972625732,138.997781641343,24.4753601206769,18.1876994498362,47.4033016939552,32.7561170798356,17.930199837158,0,98.8854653598008,74.1760976837501,9.36026653159776,65.1105499618409,31.1143755462798,137.618408203125,117.116157107883,53.3293000698612,60.0061324676238,117.643663955947,0,135.732478575273,65.8080944905754,33.2050777312075,164.107620239258,134.400178527832,103.146409744513,138.047620188395,85.4508854548136,127.634447405415,207.716751098633,117.483477783203,0,126.039294862527,142.628911972046,95.2417729695638,151.153363545736,0,159.616882324219,135.230688872161,103.673114299774,88.635544217866,124.712164592743,90.8989672096096,0,157.140445709229,150.308091809673,102.977477679295,131.825764247349,93.4024396150008,0,0,101.197240152667,124.124287444276
12.1644986541636,131.6262550354,97.5233558019002,64.9620049755924,82.5249224138689,23.6460556711098,44.1772980190627,51.4940919031208,28.9210032311539,64.8148759464322,76.7631235814989,59.4443231792901,86.9199296562233,76.9046195983887,15.1280244867984,29.7270204373768,59.817482276041,88.4899866841184,93.8479799543108,89.0751018324795,84.0133817612612,58.8826175387055,55.4828760327033,79.4554915428162,68.1423547534834,60.6876220703125,109.771245191242,110.430981604409,65.1105499618409,8.48239898743504,18.0975622334192,94.5968761444092,8.69077465500372,11.2896831349995,29.0440289424325,148.736592610677,240.406555175781,139.000023234974,90.3464352534368,112.110682169596,0,162.154590606689,129.867348443894,162.388519287109,118.381991577148,149.817090352376,0,157.013603210449,0,155.164312090193,0,121.41717338562,132.148122151693,0,167.074279785156,0,137.973594665527,102.726315816243,146.092355207963,128.809377086406,161.132781982422,170.398229598999,155.557250976562,131.498633287624,154.45378112793,118.420094591506,0,0,159.333307902018,149.3831615448
29.1168553026383,83.2976867675781,55.3261583471647,50.3052563170935,86.9608764648438,107.018892288208,89.6314614286128,15.1420903855911,70.6172544963158,50.0537686592863,71.8795726530014,91.5599166631699,79.2234344482422,0,57.5040546500164,82.9747033960679,55.8051549542335,70.7869289421535,118.661822636922,94.2982990346689,128.555797576904,25.0871277806269,47.9071606233923,38.4420777274711,54.5435734715443,0,85.103658999739,95.8259934661585,31.1143755462798,18.0975622334192,9.72911245582855,151.853012084961,118.198699951172,37.3570925237288,36.5893417113456,123.202235828746,0,127.386241460251,67.2843157450358,0,0,173.070655822754,109.989896204564,185.72380065918,85.4301910400391,170.227306365967,0,0,208.166069030762,133.166912078857,0,102.875787523058,140.97120475769,0,172.145042419434,0,110.264324733189,91.2140769958496,117.782066033811,105.255945478167,137.53727722168,145.345953764739,136.385805164684,104.902369878467,139.954734802246,104.727021880497,0,0,109.099143558078,118.797693986159
0,59.8720844296643,154.562675476074,76.6513038749125,0,0,103.472759246826,0,0,126.519676844279,0,28.7619475802314,0,13.5919555169834,151.430339813232,181.434234619141,134.027416992188,89.0219206376509,47.4788362838014,59.5073937972387,0,114.415107727051,103.465084147903,147.239440917969,145.587905883789,42.5362560648314,22.463154772997,19.6258831542306,137.618408203125,94.5968761444092,151.853012084961,6.46175238754842,99.1498680114746,164.832717895508,58.9747494624211,210.489624023438,106.333087921143,128.54997253418,102.992928822835,0,0,0,0,0,151.908828735352,0,86.7177954101563,0,83.1494886513912,0,0,0,134.464435577393,99.0543785095215,103.192363262177,0,0,120.039970397949,163.24653116862,0,65.2193500956551,99.9668331345615,100.957676294938,206.526008605957,231.403533935547,234.063034057617,99.3195251464844,0,0,126.27410697937
68.4800984700521,0,134.45396677653,112.343521753947,0,8.75184531992227,26.6282435138126,112.373171354595,15.3874390954709,110.493901570638,109.790516444615,57.4047318371859,109.53832244873,0,14.2477579621839,35.156050749228,0,102.797805786133,83.3597920735677,86.1727248827616,113.190478006999,153.006500244141,123.293884277344,131.988948059082,123.636816236708,0,120.139862060547,116.203389485677,117.116157107883,8.69077465500372,118.198699951172,99.1498680114746,4.876618114761,0,39.0464226672753,0,0,0,0,0,0,0,177.499725341797,0,0,0,0,0,0,0,0,0,0,0,0,0,0,0,0,0,0,0,131.462310791016,158.996719360352,195.201034545898,0,0,0,0,0
21.1594992140506,0,104.53795300108,50.2447821153078,69.4906357526779,89.1736907958984,90.6942371792263,57.0738407345064,84.5646664179288,54.4234566126114,69.7505790985029,94.286208152771,80.1576739055354,0,41.7022179768003,40.8846739600686,51.5881495224802,83.6494702062299,0,100.458798217773,78.2009130205427,42.5000289570202,45.2034198125203,62.1246150610015,58.5253457487675,0,119.736707263523,112.20572183071,53.3293000698612,11.2896831349995,37.3570925237288,164.832717895508,0,6.69083557857794,19.5269511755925,144.769378662109,0,174.778470357259,80.1011210850307,0,0,161.270690917969,111.508228101228,177.486841837565,97.876579284668,0,0,0,0,142.610869089762,0,0,0,0,215.843704223633,0,96.9876327514648,114.092224121094,127.808513096401,103.370599599985,0,178.424270629883,143.90990447998,109.592032635798,177.486907958984,108.812644695414,0,0,108.49123840332,147.381866455078
76.9526343159861,48.5724213325371,53.9783651906215,60.7716030734443,78.8995459037915,38.0407443480058,51.1812024755063,72.4372280681201,45.5970139728167,72.2065812435896,78.2236975243066,23.1976431668851,84.4828179735656,38.2761265637706,36.7798051358755,41.4161134233662,67.1287579763503,33.4264446269682,54.8909243542724,41.9647322322353,81.9942460596209,36.7175342730727,56.3541201245815,43.3424822634995,73.3646023310148,31.1335042771839,58.6553508763325,62.1444975505448,60.0061324676238,29.0440289424325,36.5893417113456,58.9747494624211,39.0464226672753,19.5269511755925,10.7355985054196,146.808436802455,94.3894004821777,103.365514264788,91.1788975397746,82.5756301879883,0,187.746408081055,138.448652426402,177.017571767171,145.615661621094,170.036279296875,113.04518254598,163.439895629883,91.1140162150065,160.29154245477,0,110.32420539856,107.032704625811,95.4256866455078,123.751134236654,0,105.661299024309,73.8810420316808,110.316212470543,133.701238130268,49.0692036946615,103.512623902339,105.961316295981,130.562060077374,171.177629470825,123.400628226144,134.006370544434,0,152.424701690674,128.285289057979
130.183906555176,0,160.071925236629,77.1117085543546,126.167630513509,0,0,131.163000488281,148.975054423014,50.9051628112793,151.678985595703,0,0,0,183.815277099609,215.849044799805,132.305480957031,178.833557128906,239.356018066406,188.810493469238,0,119.216332571847,70.6223526000977,149.443133544922,111.447531509399,0,174.769920349121,174.373906185752,117.643663955947,148.736592610677,123.202235828746,210.489624023438,0,144.769378662109,146.808436802455,7.43652540836183,140.072196960449,97.678211549369,64.3658911847838,63.8474405076769,67.6884803771973,51.8555935582807,19.2189463953419,29.2543243104285,62.6333866685924,57.9601886017204,117.568818493424,67.4945125190579,136.814585876465,8.48233667129533,67.5119304656982,53.2794991543418,101.35223685921,134.579471788908,121.429670969645,64.017596764998,75.1221245874332,58.3181572479456,86.7211876811597,61.9153399290862,0,109.559851446893,126.750364039066,63.503807971352,11.8570839799557,22.9653578972381,198.369659423828,82.2942123413086,29.9540587187933,64.3058151365835
0,52.7261505126953,70.9779716491699,99.7860326766968,0,0,0,0,0,0,0,92.1100387573242,116.992607116699,80.9789911416861,0,0,177.810211181641,102.87655203683,0,0,0,0,0,111.326293945312,116.141757965088,78.8588902155558,99.7037916183472,96.778865814209,0,240.406555175781,0,106.333087921143,0,0,94.3894004821777,140.072196960449,5.40024733755305,38.8609629672786,15.3079707413971,0,0,148.764320373535,108.535933939616,170.416955566406,64.7171446108351,135.644246419271,50.8344398947323,0,53.1252404944002,122.651839447021,100.420967102051,65.5344484690073,50.1125420790452,61.4605858542702,66.9642045664233,0,77.9254206143893,21.0884587886037,59.2125923384481,75.3461477949813,13.392582457005,45.9624234571585,32.0818386404056,104.597990596996,0,95.0652198791504,68.7402002434982,0,0,59.6208029985428
149.911424255371,67.3551196416219,89.3437302937333,73.547677971335,0,0,189.504238891602,146.192827664889,176.771439496209,114.832836151123,187.722412109375,142.437030368381,241.500289916992,165.203872680664,171.39631652832,0,111.46046257019,100.596295341771,149.796821594238,132.497367512096,218.6513671875,117.78091583252,68.6651855561791,92.4223805910058,135.160089220319,117.537559509277,103.968888724723,90.6098132572977,135.732478575273,139.000023234974,127.386241460251,128.54997253418,0,174.778470357259,103.365514264788,97.678211549369,38.8609629672786,11.9399301126046,40.5472967576007,129.408447265625,144.946762084961,129.404937380836,82.5790758761614,118.782183563654,105.18400700887,109.142695919498,82.0253433227539,123.409739903041,84.025731086731,110.38290270313,126.397087097168,75.8355684782329,42.7217085168447,93.2434375469501,77.6968857119436,169.028961181641,62.0716038923415,34.2862211385125,24.0150636491661,109.97762121473,0,28.1994542549863,22.7386307655167,62.87281355896,120.943498768526,59.0844383046434,143.463170369466,168.109527587891,110.583771160671,53.7793099037604
104.057306925456,79.1066217422485,78.6954342337216,18.2275051343239,58.6207740783691,0,109.97395324707,71.8508574541877,120.711618423462,94.4505605697632,111.138761667105,83.2829863230387,113.197982788086,72.6997364268583,86.8095486958822,0,50.8492003546821,83.5370969136556,84.10120900472,95.613597869873,72.8601531982422,56.1472306569417,49.5990176200867,98.4393721989223,71.0604723612467,47.4053089307702,82.9110224976831,59.5107825219214,65.8080944905754,90.3464352534368,67.2843157450358,102.992928822835,0,80.1011210850307,91.1788975397746,64.3658911847838,15.3079707413971,40.5472967576007,43.0518106767109,75.6199924151103,108.094635009766,79.0917919462761,49.8044436188305,82.8310359191894,23.3003533970226,76.0840987146428,94.5850912177044,75.7475777602777,68.1035560232694,73.1547703711262,76.9417915344238,38.3488303169491,52.1428226822472,98.2070926030477,65.4137591552734,92.6112872532436,51.8706049744249,27.9758688073409,56.8384216860856,35.9726014242902,53.2999346689744,48.5953082038222,37.3448419756308,44.1170309703743,70.7142113765954,47.4297575324976,83.3940823872884,105.916938781738,52.0351199699171,62.9542428484919
137.629440307617,0,0,48.4730014801025,10.889063158228,0,82.6544929504394,132.333185831706,89.3580718994141,60.4733975728353,12.1912473568326,0,39.1786303981658,0,0,67.474365234375,0,0,0,0,14.0343947781182,0,89.6453323364258,0,62.2487853368123,0,0,0,33.2050777312075,112.110682169596,0,0,0,0,82.5756301879883,63.8474405076769,0,129.408447265625,75.6199924151103,7.16731551694302,124.336318969727,50.7088995461512,31.5765840742323,84.1838460990361,26.1614409968967,11.8952743070863,0,12.8072228692026,0,71.668115740237,51.509871730098,0,0,0,0,9.58505475360997,0,0,0,16.3528882511287,0,190.261077880859,0,12.2858424724643,85.3099977525614,0,0,107.821632385254,76.4016658782959,73.0981044395297
0,0,0,0,0,0,0,174.224426269531,165.092239379883,0,0,0,0,0,0,0,0,0,0,0,0,0,0,0,148.963836669922,83.842887878418,0,0,164.107620239258,0,0,0,0,0,0,67.6884803771973,0,144.946762084961,108.094635009766,124.336318969727,5.95556527063501,10.0207624764819,106.599747152889,10.0312961923992,91.4244966506958,108.798008282979,52.337519523425,106.164428710938,68.1012522379557,21.5860721380919,15.4357256089365,95.9633026123047,70.3025360107422,84.2459564208984,163.540651957194,110.905149841309,0,121.273765563965,153.323623657227,113.66711970738,0,120.877871195475,0,108.995503234863,24.76212338165,109.940864562988,104.740211486816,8.97144123345702,0,30.5029274056719
0,179.18293762207,188.569259643555,113.357605743408,114.082984161377,0,182.891698201497,137.267219119602,157.919742584229,110.695846557617,158.779156771573,0,91.5669239589146,0,171.965179443359,0,0,176.780242919922,0,0,137.100351969401,145.333847045898,0,0,121.139567090319,0,196.604705810547,204.631563459124,134.400178527832,162.154590606689,173.070655822754,0,0,161.270690917969,187.746408081055,51.8555935582807,148.764320373535,129.404937380836,79.0917919462761,50.7088995461512,10.0207624764819,7.26894426517452,55.7328948922267,16.5426832518204,72.3188590526581,18.3912889672583,64.8582582092285,14.4346565918755,84.4246317545573,23.5047104395326,13.4844501231151,88.0104840596517,150.489057752821,87.6691055297852,172.527786254883,37.7108416899596,115.218063354492,99.8191573199104,105.224912588937,45.3530658874123,0,148.896102001793,146.188608746196,53.477064875923,28.4053407234779,85.9937304961376,0,13.5011964228315,86.7895935906304,57.427202587214
