8.91428323182066,133.102767944336,105.890309986315,84.3623203277588,89.1964832941691,131.043067932129,108.499236366966,27.2821044323366,61.8378575268914,80.4613803941376,47.6845741346478,126.387166976929,104.907272338867,142.363510131836,23.5810841454934,118.437262852987,144.283670425415,98.6162661965559,146.588643391927,122.335922431946,110.857493082682,80.4107140761155,132.848063659668,91.3441728563165,84.873275946517,0,121.814166821932,147.043422498201,93.6516613405804,16.2489264787572,25.5015209081005,152.427642822266,116.853600565592,47.5709532165527,80.2166862854591,162.239715576172,0,173.397953033447,110.41582271031,156.090789794922,0,176.582600911458,151.209930419922,211.288475036621,102.409610748291,213.244323730469,0,181.33821105957,0,191.219552612305,0,164.222846984863,0,0,0,0,0,108.204284667969,209.404510498047,143.012059529622,0,226.916213989258,206.613624572754,144.86475499471,178.633407592773,158.383651733398,0,0,181.664169311523,174.563360595703
133.102767944336,10.413582136631,55.5136941029475,15.0545346344277,123.928192138672,0,164.146240234375,142.516011047363,161.167743907255,83.6341848287497,154.68384552002,92.7695471273886,130.799133300781,64.3986104377776,153.685083866119,123.562014443534,41.5400114048721,57.5350532709166,84.5050398727943,64.3311692155115,0,91.4559508732387,26.0605412543834,71.032220383765,84.5831425539096,19.3723049745118,61.5811425745487,33.5271296040637,110.309438653894,151.291464895572,115.823752770057,73.3488210642113,161.52837117513,122.293979644775,70.1273914226987,0,103.607940673828,90.2358107933631,50.6398583366757,233.58039855957,0,0,177.170482635498,0,0,0,158.547149658203,0,113.506864547729,0,0,131.461668650309,116.777333577474,142.440304756165,129.358164978027,0,93.8495101928711,79.8389773898654,112.537387593587,126.688181559245,101.983024597168,115.02109758244,104.057232607328,172.378890991211,183.737152099609,164.75212097168,121.058416094099,0,0,168.939544677734
105.890309986315,55.5136941029475,13.0752215249983,54.8180486575977,139.256082014604,169.665217399597,139.576432988885,103.632219686684,129.350598409734,119.006102980229,122.126805464427,129.318421148485,143.695395946503,105.346214294434,126.130400993063,150.174207687378,94.0873058282056,36.8965596132584,110.264406840007,73.2106712089395,150.219688415527,72.4526299056274,87.4901880052355,38.8813409324298,117.559569011225,133.279775831434,32.744959556975,35.208079441443,95.8245500134697,143.077446838379,93.8169477070015,100.876344518724,185.343167279218,125.292828779954,72.3853746096946,210.285924275716,113.842367553711,102.774058557326,64.8992957460119,228.560417175293,0,181.010955810547,173.571091016134,196.498018798828,137.838106791178,197.750630696615,161.431213378906,210.943588256836,177.026344299316,189.942925347222,0,128.099466890902,120.075705405993,160.034278869629,144.797930399577,0,138.417103358677,99.1595965654422,118.69201218592,158.508979045169,0,128.152515411377,103.589331146992,180.84643359062,189.689496358236,158.510006713867,187.558853149414,243.492858886719,147.08659362793,132.235586802165
84.3623203277588,15.0545346344277,54.8180486575977,12.445881055005,65.4051445261637,113.018147786458,117.351036810106,88.1491373919566,129.180063781738,23.6424275531831,115.354284104847,84.9089288330078,78.7288161769058,65.125881204151,108.923338604788,61.4761589993252,42.6985577991817,70.2606277077358,72.9968265710875,65.3980792374561,93.1532140459333,64.0728537207889,36.1416753805932,72.2043579035316,52.0810505695743,35.114092755082,56.6173009655313,47.2508214621266,71.0935096638862,97.0459612539939,67.0988165665076,77.6020660154281,165.387771606445,77.0042427227061,72.7003338708506,94.5228758917914,55.5139350891113,85.3039657047817,12.7651661634445,118.778369479709,0,152.716136932373,94.6784164165628,143.340984725952,38.7272772953428,130.441540366725,119.506769452776,134.282775878906,97.6344000952584,119.907831338736,69.1427917480469,84.1716188703265,84.1163620226311,167.676666259766,96.511042508212,215.887504577637,81.2303756713867,26.0681012960581,103.628706781488,78.8138379496913,36.3086842695872,91.0893960717606,91.9959192640794,97.2060730366767,120.028583332644,83.6894460960671,120.367874145508,0,78.9079360961914,99.0674860724087
89.1964832941691,123.928192138672,139.256082014604,65.4051445261637,11.3837028007241,130.875749376085,75.099754736352,68.3375632187416,103.366038676058,46.6416254791917,27.1722815651159,165.052949523926,36.4471242151545,161.934804280599,115.007674848983,68.9263473309969,136.954666137695,157.833349748091,195.391506195068,164.172973632812,16.5527170626597,88.7220058441162,66.6888142461362,126.698301315308,20.1692429155435,150.126244862874,161.098099390666,145.074713693538,19.8633181530152,110.009822156056,101.436994247437,178.553464253743,152.704430634121,84.0695843696594,109.927871645862,160.650379180908,0,188.386199951172,82.7689888412888,21.5075963470537,0,172.038792148713,145.167188695959,182.882248489945,108.378277235765,162.025853539318,0,52.2538913450343,0,177.483679877387,116.415840148926,0,222.941299438477,0,0,69.3703729618679,189.025329589844,101.871654510498,240.243667602539,121.649045680497,0,224.453910827637,176.434921264648,154.023251895247,177.630024836614,140.779657363892,0,225.820457458496,158.927299499512,163.910464200107
131.043067932129,0,169.665217399597,113.018147786458,130.875749376085,6.7436264013258,14.4562564674069,118.559949349666,19.8799961849848,79.0907921967683,112.246578787079,59.1257254989059,92.2010883562493,74.4373822893415,28.9687180297867,13.5273586666311,0,169.489523636667,105.642050933838,157.093282427107,124.044738769531,157.739392961775,136.641677856445,159.934576768142,134.026975359235,0,176.225885009766,154.356476416955,133.787711249457,29.7639449170205,120.773037130182,139.372872924805,13.7879295059414,179.271873474121,33.6856539140054,226.640319824219,0,0,134.087371826172,166.775011698405,0,0,204.898788452148,214.894134521484,0,220.052856445312,0,114.206161499023,0,219.461547851562,0,0,0,0,0,230.134994506836,0,138.91845703125,0,206.949279785156,0,0,146.643814086914,218.758529663086,191.735321044922,205.710830688477,0,0,0,211.359634399414
108.499236366966,164.146240234375,139.576432988885,117.351036810106,75.099754736352,14.4562564674069,12.7414347508655,78.1921201227196,23.0385217104217,68.767836617572,39.5903510303301,91.9345118739024,25.1334955092538,115.822290208605,62.4476527166333,13.996125581165,180.996626536051,147.234915943635,141.859517549214,167.493813734788,55.1015380154219,142.588676290309,120.967416381836,136.469649094802,91.975266400957,144.95672416687,163.322270801285,175.265782590772,81.4398583527982,71.3854856682206,99.7995200106258,186.195557948521,36.0000305930313,130.999631245931,80.5937533127634,214.476129150391,0,217.483642578125,135.912858850816,129.444599229996,0,190.86530456543,182.991154988607,198.828563983624,144.450078328451,193.074357209382,0,53.323890887774,0,199.422888183594,243.93244934082,0,234.052978515625,0,0,185.238671620687,204.160121917725,144.813201904297,199.001556396484,158.948910993688,0,229.159507751465,205.311422494742,177.58283506121,205.888186645508,190.019638061523,0,0,0,203.186420985631
27.2821044323366,142.516011047363,103.632219686684,88.1491373919566,68.3375632187416,118.559949349666,78.1921201227196,13.3414846611227,69.315022307128,69.7219494048585,31.7417057813405,157.15878318174,75.7245951666348,169.450047810872,54.1794860641529,95.1854632508521,108.433359006556,119.988542045866,178.043459111994,153.776645291236,97.8195939905503,82.5124125674597,100.855823283293,90.5429963561682,65.9390375254483,178.439680619673,130.660671858354,130.664566465257,41.4508499351169,96.5331870934002,33.9365467994056,175.440290881741,134.914122573728,84.7057261294034,101.506300107397,160.299594116211,0,182.399509205538,107.028514971052,152.709925295127,217.444152832031,170.596428180563,147.414605986397,187.943831719293,125.494695663452,164.245158285465,0,167.563023158482,0,171.899395591334,158.863887786865,155.299975308505,215.091188703265,0,240.689519246419,162.531398773193,167.271286010742,121.982455299014,175.846049785614,131.783239978855,207.56413269043,229.532684326172,179.210462639131,149.804645331758,171.586717788487,161.03847855788,0,0,154.962044455788,163.658302990358
61.8378575268914,161.167743907255,129.350598409734,129.180063781738,103.366038676058,19.8799961849848,23.0385217104217,69.315022307128,14.2430271170623,108.832878391917,49.2496652147124,90.0816843823988,83.9665770889143,111.692602053556,25.1669942720807,28.993221561114,170.891258688534,129.876368288749,121.780469541196,150.875822565577,98.7655488047106,114.891071514207,131.0446958996,121.166709795117,107.536426063457,119.906613863431,145.428904717572,167.057871573312,95.3128634225754,58.5503023609764,79.2065551860912,168.993928374146,36.6761465316266,106.000878589909,81.0172900069284,188.829738270153,0,209.050761413574,139.627115183863,166.795226423708,0,209.144249725342,183.784497000954,209.834359305246,156.736885968377,209.396589719332,241.570991516113,156.411241884585,0,214.780281430199,184.798273722331,190.971560668945,225.433053588867,242.943267822266,0,189.18930223253,207.333346557617,143.835902622768,212.093850708008,172.214321379966,188.637489318848,207.023969862196,200.814323594835,189.706361285711,201.045601423397,184.169224665715,197.182571411133,0,185.323354085286,185.489852241848
80.4613803941376,83.6341848287497,119.006102980229,23.6424275531831,46.6416254791917,79.0907921967683,68.767836617572,69.7219494048585,108.832878391917,8.21042023344351,74.0139454161009,138.578684638528,16.2485789439244,128.579880938614,102.826864178782,24.7458928398286,84.0863861261412,124.583449554443,150.936926523844,141.639527351626,29.7727238857746,95.1802738734654,27.4968290789067,118.499687194824,25.0245125968372,104.55568871816,126.346176598142,118.399824493085,64.5242731790901,96.2064787644606,72.47835815905,143.95101554177,147.757418314616,78.2024768275073,107.997537134564,117.129863739014,0,176.292886734009,54.8846789486003,106.231348005392,0,135.987397193909,112.937003544399,153.032497752797,53.166993637085,128.016860235305,0,104.197871157998,175.263198852539,128.182667072003,83.6937942504883,138.561678568522,165.729110717773,213.645639038086,229.82487487793,154.274871826172,179.089744567871,0,196.989700317383,85.1280722641363,164.948196411133,189.36100769043,181.295891139818,129.165705823898,141.309319062666,108.877386325743,203.296272277832,0,127.546319007874,133.838693073818
47.6845741346478,154.68384552002,122.126805464427,115.354284104847,27.1722815651159,112.246578787079,39.5903510303301,31.7417057813405,49.2496652147124,74.0139454161009,17.003868694083,157.68976344233,37.301519335586,185.121270315988,58.0899779604431,81.8586119951521,142.514577363667,138.742493468446,185.18426688058,173.432804248951,17.2164277682009,115.635392585168,106.365146455311,114.980880474222,61.456688994772,172.079287719727,150.644698341486,161.948148397575,36.1237165039672,111.767306151669,86.9258648217548,191.741703941709,131.029701643231,110.877372176559,110.497696661776,182.4006690979,0,201.398480224609,101.777663480319,45.6758180796932,218.240127563477,182.341920672723,162.143088931129,195.848574037905,118.47384288949,176.644892883301,0,72.5084958550352,220.93408203125,195.401590520685,151.216845194499,158.25952911377,0,0,0,45.0638545984402,178.799456278483,171.638547897339,200.270852661133,138.542001582554,0,226.97651163737,195.125562032064,164.543859956566,192.420253529268,173.810017903646,240.947052001953,244.945213317871,164.18253326416,178.780582427979
126.387166976929,92.7695471273886,129.318421148485,84.9089288330078,165.052949523926,59.1257254989059,91.9345118739024,157.15878318174,90.0816843823988,138.578684638528,157.68976344233,13.5086251001074,145.636446126302,28.9206660032125,79.5745697800789,143.982833515514,138.743260701497,82.1051890003438,20.482438867671,27.5559723086015,166.335145950317,142.418798764547,99.0864952706002,115.216023379359,161.838407106037,38.8776839933466,35.0327606059667,70.4090840609568,172.778497030569,67.9192976192173,146.926988782381,50.8513929834733,63.0472903124151,113.566146850586,29.1186364483926,0,0,173.836799621582,87.9101933070591,0,0,0,245.4853515625,0,186.674468994141,232.208602905273,110.606774070046,173.809638977051,88.3735462404647,213.267593383789,0,184.664825439453,157.487543741862,109.462712969099,119.390364583333,0,0,203.99951171875,164.044413248698,214.776547749837,76.3735785484314,116.769116025982,111.035515020702,238.787136077881,208.037353515625,218.327377319336,102.73663188793,0,0,149.395016988118
104.907272338867,130.799133300781,143.695395946503,78.7288161769058,36.4471242151545,92.2010883562493,25.1334955092538,75.7245951666348,83.9665770889143,16.2485789439244,37.301519335586,145.636446126302,11.8232861506343,163.943115234375,117.849656078794,17.7890954016563,126.287811279297,155.002044677734,173.169993082682,180.872482299805,16.2201808385193,0,82.0396392822266,120.9738184611,28.8868930416024,150.819807688395,164.221692657471,164.519832095584,54.385430416531,117.289057864083,126.468498865763,188.379054478237,114.335714370809,108.799491882324,115.052343344387,152.490303039551,0,0,97.8111184772692,70.044169139496,0,183.713144574847,156.828058878581,182.768070765904,121.222053527832,176.037474661162,0,11.6361273147915,198.790161132812,186.788991292318,91.3597793579102,229.129440307617,0,0,0,71.8840618975022,0,0,0,135.963987782796,197.136428833008,0,0,168.52045425415,213.369506835938,0,0,0,0,162.053993225098
142.363510131836,64.3986104377776,105.346214294434,65.125881204151,161.934804280599,74.4373822893415,115.822290208605,169.450047810872,111.692602053556,128.579880938614,185.121270315988,28.9206660032125,163.943115234375,11.6481739511273,97.2478979807051,167.114818372225,133.371004740397,134.504649353027,54.6640890615958,85.6142356178977,148.581146240234,161.380376815796,90.7544319805494,135.452935112847,149.211825361876,19.4842451822504,69.6929473271446,42.6989569766495,174.359198760986,105.873341315133,186.988493601481,30.2161158266685,88.715882619222,203.482482910156,59.2669814533658,0,87.3712310791016,172.451454162598,54.7548271081386,0,0,225.881164550781,0,159.479248046875,0,0,93.524282797789,185.697845458984,69.4190781558002,180.002105712891,0,223.300254821777,136.790311813354,98.0479029441366,117.782170809232,0,0,92.6889801025391,0,219.496612548828,56.5438496681952,98.9431032778612,98.0761153735415,0,125.061935424805,158.345703125,89.5093359866385,167.365707397461,0,134.528092956543
23.5810841454934,153.685083866119,126.130400993063,108.923338604788,115.007674848983,28.9687180297867,62.4476527166333,54.1794860641529,25.1669942720807,102.826864178782,58.0899779604431,79.5745697800789,117.849656078794,97.2478979807051,15.4829350591919,49.8585178365258,150.536410522461,118.971087555042,111.69248046875,135.015638253348,121.578686500082,101.926397717747,129.642697470529,112.341148481978,106.189771697672,117.749728248233,136.221586292922,152.407738614764,109.466325769694,33.2548078013109,63.4347103728267,148.426472807584,20.634286099986,40.2810567419625,52.4995273278967,181.518691253662,217.22632598877,217.968176523844,129.836864386665,177.778155263265,0,214.901175759055,185.454680412046,211.448593139648,141.719182244663,198.231318155924,165.656784057617,166.087403615316,170.656063842773,202.880536053632,202.620559692383,190.328002929688,187.024765014648,176.90367380778,169.619915008545,189.167739868164,202.684921264648,207.398477172852,206.200833407315,160.150294806033,138.838139851888,201.023684183757,186.694475930835,174.890526907785,192.408357664596,180.011573459791,182.396102905273,246.870086669922,180.290903264826,182.11227023217
118.437262852987,123.562014443534,150.174207687378,61.4761589993252,68.9263473309969,13.5273586666311,13.996125581165,95.1854632508521,28.993221561114,24.7458928398286,81.8586119951521,143.982833515514,17.7890954016563,167.114818372225,49.8585178365258,8.04264838515918,137.029457092285,167.62939898173,149.98868560791,169.332759312221,57.1603852102201,146.516786575317,77.6007182781513,148.198630332947,52.0335912476415,139.620051176652,151.055990555707,153.294041033873,88.9879820910367,102.65312780985,114.598068509783,174.896825154622,48.8742754407924,95.8306252615792,126.501913189888,0,0,0,66.2368850708008,135.507553100586,0,0,184.165344238281,240.171783447266,86.1658309936523,142.047555923462,0,57.6351361955915,172.132675170898,154.635325113932,0,0,0,0,0,141.580182393392,0,0,202.152084350586,115.936964035034,0,0,231.401875813802,133.003387451172,154.072380065918,176.435104370117,0,0,161.584167480469,143.620971679688
144.283670425415,41.5400114048721,94.0873058282056,42.6985577991817,136.954666137695,0,180.996626536051,108.433359006556,170.891258688534,84.0863861261412,142.514577363667,138.743260701497,126.287811279297,133.371004740397,150.536410522461,137.029457092285,15.2861455559639,101.248139640158,136.498051643372,115.751090139713,0,28.2804119380655,30.611636201171,28.5737915494378,34.2361396363009,93.3765134503765,101.828381433879,39.5014663121701,53.0136379768949,149.448970072978,76.7850240868835,134.449330049403,184.634399414062,124.334248352051,89.6904616331934,134.904748916626,127.258445739746,111.716788313771,73.5540884429333,179.929138183594,0,0,152.778037286574,200.570934295654,198.741180419922,180.738165283203,191.267539978027,0,0,184.782429286412,0,100.545943329356,150.386168438455,187.299835205078,187.722932434082,0,121.163698845303,57.2756549774292,108.890046398051,133.839283413357,171.020202636719,161.493928660517,102.874850186791,140.353217497326,149.178744976337,122.641645757163,190.097198486328,0,75.8212356567383,134.478558654785
98.6162661965559,57.5350532709166,36.8965596132584,70.2606277077358,157.833349748091,169.489523636667,147.234915943635,119.988542045866,129.876368288749,124.583449554443,138.742493468446,82.1051890003438,155.002044677734,134.504649353027,118.971087555042,167.62939898173,101.248139640158,9.59439307245426,66.7204559212724,24.5753560464613,157.824783325195,64.9444404382593,95.7863226958683,30.2445567625853,129.049418823565,96.6887852986654,28.8337836594809,69.6786246079936,121.197817223257,114.051128308798,83.7911838817862,86.8705969756504,181.943842933291,92.7628274879708,41.3379467134319,0,121.469205856323,111.726165478046,72.9757046039288,213.940921020508,195.969421386719,245.86067199707,182.03247833252,212.819086074829,143.962927076552,210.700009155273,180.978454589844,0,101.101844787598,205.794756208147,0,134.08701467514,127.043992656551,166.181071472168,134.329874515533,0,157.102847555409,105.01530224344,127.339099373787,179.856097412109,125.807197570801,126.709449354068,115.046787305102,185.333074262065,196.904643665661,174.881824146618,162.68413289388,0,0,136.432893964979
146.588643391927,84.5050398727943,110.264406840007,72.9968265710875,195.391506195068,105.642050933838,141.859517549214,178.043459111994,121.780469541196,150.936926523844,185.18426688058,20.482438867671,173.169993082682,54.6640890615958,111.69248046875,149.98868560791,136.498051643372,66.7204559212724,7.46513506139497,22.0696181317899,173.584803263346,116.598211689999,118.386899130685,100.924126216343,169.448138897236,44.6840826606108,29.0964076858191,66.252318639773,186.315831271085,105.950239032248,145.72528405283,54.3377734157774,96.6093005476327,127.542536735535,48.3180591593973,0,120.219947814941,146.031458536784,77.7841027577718,182.471733093262,0,0,0,0,0,0,110.299872807094,222.728485107422,88.8473646640778,0,0,0,156.573948451451,105.502613612584,118.178910707173,0,0,171.089126586914,161.486221313477,209.814086914062,76.1422064854548,103.346615419549,105.713012163647,0,170.211120605469,0,102.4073799289,176.732147216797,0,137.149063110352
122.335922431946,64.3311692155115,73.2106712089395,65.3980792374561,164.172973632812,157.093282427107,167.493813734788,153.776645291236,150.875822565577,141.639527351626,173.432804248951,27.5559723086015,180.872482299805,85.6142356178977,135.015638253348,169.332759312221,115.751090139713,24.5753560464613,22.0696181317899,12.7266023606736,194.506851196289,99.9865447178783,106.937652587891,61.7149532262373,151.9710959978,47.1415722175881,34.1970709283242,66.2693404195036,158.565897741983,126.473494464462,106.202799381354,57.5795218539688,141.388487243652,107.043300760203,32.1965447207456,0,115.759474618094,129.526937401813,78.06069860653,0,0,0,212.452800750732,206.239921569824,160.69344329834,218.159332275391,120.940000534058,170.008758544922,103.370288848877,208.835632324219,0,151.519426345825,125.852643472177,111.045640945435,112.636415421335,0,201.678833007812,144.089469909668,145.338060525747,181.851403808594,81.7480504889237,106.790422774453,108.377603622437,219.239826747349,179.764167785645,180.088274637858,130.268616676331,0,0,124.430346594916
110.857493082682,0,150.219688415527,93.1532140459333,16.5527170626597,124.044738769531,55.1015380154219,97.8195939905503,98.7655488047106,29.7727238857746,17.2164277682009,166.335145950317,16.2201808385193,148.581146240234,121.578686500082,57.1603852102201,0,157.824783325195,173.584803263346,194.506851196289,9.26248304049174,117.306709289551,54.9924926757812,0,16.791983112515,0,183.793920516968,152.862730026245,36.066775749621,117.947774419721,161.680468559265,184.467697143555,145.651920318604,134.707778930664,117.719941857743,0,0,0,75.4787201514611,19.5354528939191,0,177.86483001709,162.953567504883,208.956951141357,110.844167821548,167.204260858996,0,15.292363547563,0,208.146705627441,123.151596069336,169.444725036621,0,0,0,9.38283312149595,0,0,0,126.476413289054,0,0,204.696701049805,157.341620936538,205.148783365885,187.51008605957,0,215.638778686523,0,181.931953430176
80.4107140761155,91.4559508732387,72.4526299056274,64.0728537207889,88.7220058441162,157.739392961775,142.588676290309,82.5124125674597,114.891071514207,95.1802738734654,115.635392585168,142.418798764547,0,161.380376815796,101.926397717747,146.516786575317,28.2804119380655,64.9444404382593,116.598211689999,99.9865447178783,117.306709289551,13.8356532318956,63.4024560748959,38.7863408165998,58.0798172497334,134.196053277879,96.0529510451526,80.841692812726,33.7472118088741,75.8194597752792,36.9217659274216,147.782224143424,169.453951517741,52.8035700878421,50.054057226352,149.75984064738,0,151.31005859375,77.9034738743559,0,0,178.325626373291,151.586117015165,178.397361755371,112.400151933943,179.879333496094,206.471557617188,178.336791992188,0,175.218082721417,0,122.122458178588,186.095872061593,226.078384399414,191.587562561035,0,133.134492261482,79.0371360042381,140.339821677794,136.076452003335,0,197.526945495605,141.347252630418,142.229620183047,153.986646394472,132.930192442925,0,218.467147827148,136.900408426921,141.878242091129
132.848063659668,26.0605412543834,87.4901880052355,36.1416753805932,66.6888142461362,136.641677856445,120.967416381836,100.855823283293,131.0446958996,27.4968290789067,106.365146455311,99.0864952706002,82.0396392822266,90.7544319805494,129.642697470529,77.6007182781513,30.611636201171,95.7863226958683,118.386899130685,106.937652587891,54.9924926757812,63.4024560748959,9.79145662452677,63.9799980611512,36.8897058728795,70.161325266073,105.344028094343,47.0413921050822,69.7509425031564,112.498201695884,69.1837795291129,111.982715182834,145.644587198893,87.8477458953857,92.6757142648757,163.089691162109,0,100.623223524827,42.5406154760948,0,0,180.592290242513,148.494793483189,216.191818237305,66.4414545694987,173.733469645182,176.791137695312,0,141.815160751343,186.314277648926,0,67.2231476757977,231.078674316406,173.17756652832,175.236282348633,0,87.6451685769217,61.6433834568147,91.4202363877069,110.750347518921,0,164.16947555542,97.1456352356941,133.268318653107,158.094353569878,104.789563355622,152.471944173177,0,132.39111328125,130.068952083588
91.3441728563165,71.032220383765,38.8813409324298,72.2043579035316,126.698301315308,159.934576768142,136.469649094802,90.5429963561682,121.166709795117,118.499687194824,114.980880474222,115.216023379359,120.9738184611,135.452935112847,112.341148481978,148.198630332947,28.5737915494378,30.2445567625853,100.924126216343,61.7149532262373,0,38.7863408165998,63.9799980611512,18.0512012211627,96.6678860917383,117.145446777344,68.7728186133565,51.5352211303087,71.0227797369328,102.116441313753,67.249421921009,123.858700743509,179.526352310181,78.0739065133608,50.833901659843,179.25329208374,142.755836486816,118.165130361626,83.71454593901,208.967184448242,0,194.01676940918,179.743117233803,204.71409034729,162.462348175049,197.377444180575,199.151504516602,162.349761962891,0,206.025743611654,209.599060058594,114.351096628404,158.784872690837,198.103607177734,164.85844039917,0,137.792355907207,76.885478103942,121.413833438131,155.914218538126,240.201919555664,166.066423034668,115.091008388934,168.088651551791,181.450201323538,159.808676491321,0,0,217.746734619141,153.503052999807
84.873275946517,84.5831425539096,117.559569011225,52.0810505695743,20.1692429155435,134.026975359235,91.975266400957,65.9390375254483,107.536426063457,25.0245125968372,61.456688994772,161.838407106037,28.8868930416024,149.211825361876,106.189771697672,52.0335912476415,34.2361396363009,129.049418823565,169.448138897236,151.9710959978,16.791983112515,58.0798172497334,36.8897058728795,96.6678860917383,13.8626199454306,119.419885731545,130.212702609928,109.890822676251,29.7875925409574,100.658942653329,78.2380266205356,160.734809165777,153.128213609968,81.6952546866199,111.045311960419,140.083760579427,115.779927571615,176.977992043566,70.6815879263103,123.666900084082,178.628311157227,153.747538081186,131.943586940583,165.558582747955,86.4819439568377,144.751010349819,224.908126831055,94.7852216578022,195.501776123047,159.505011659761,126.675771925184,124.061055719852,197.778335158889,217.872192382812,203.9023034232,141.896058783474,136.722462850074,83.6833214996554,156.206879386419,101.10532170712,0,203.871877530726,162.357969700605,131.35069563386,151.294128028887,134.696309375613,187.230339050293,198.985719680786,135.593184769756,141.589827552836
0,19.3723049745118,133.279775831434,35.114092755082,150.126244862874,0,144.95672416687,178.439680619673,119.906613863431,104.55568871816,172.079287719727,38.8776839933466,150.819807688395,19.4842451822504,117.749728248233,139.620051176652,93.3765134503765,96.6887852986654,44.6840826606108,47.1415722175881,0,134.196053277879,70.161325266073,117.145446777344,119.419885731545,7.94566008703169,46.2605847198598,27.4545348813749,152.701990830271,140.255519390106,147.021753164438,44.6421709374536,97.3467614310128,137.712038675944,63.2446212120776,0,129.989929199219,103.127034505208,55.3266042603387,0,0,0,170.237579345703,0,0,0,89.8141555786133,0,67.771848283965,0,0,0,113.381112416585,93.5402864074707,99.7515193394252,0,0,118.00407409668,172.871739705404,233.364822387695,31.3659659876968,88.0368448544855,86.5301461568693,205.003433227539,216.799545288086,215.052886962891,87.0268126351493,0,0,162.411750793457
121.814166821932,61.5811425745487,32.744959556975,56.6173009655313,161.098099390666,176.225885009766,163.322270801285,130.660671858354,145.428904717572,126.346176598142,150.644698341486,35.0327606059667,164.221692657471,69.6929473271446,136.221586292922,151.055990555707,101.828381433879,28.8337836594809,29.0964076858191,34.1970709283242,183.793920516968,96.0529510451526,105.344028094343,68.7728186133565,130.212702609928,46.2605847198598,17.1124078556133,38.9812036502741,128.328719824214,148.410916781634,108.604843419469,45.0925208362407,163.063947316763,139.28069004868,68.5023444895441,174.591213650174,108.703971317836,109.000777726065,68.6101537990919,218.990001678467,0,203.824584960938,192.406794106088,217.337404886882,163.590296936035,208.985201322115,108.908175454211,183.867904663086,92.4052636439984,197.03876667638,0,161.631090545654,120.277061918247,109.308994334231,112.044108937088,206.92569732666,162.898757533023,130.499377568563,128.757934271121,184.559320562026,78.9118201515891,106.650850819823,105.668592822661,192.60443687439,175.518178304036,168.850801849365,109.122630411784,0,0,136.560508064602
147.043422498201,33.5271296040637,35.208079441443,47.2508214621266,145.074713693538,154.356476416955,175.265782590772,130.664566465257,167.057871573312,118.399824493085,161.948148397575,70.4090840609568,164.519832095584,42.6989569766495,152.407738614764,153.294041033873,39.5014663121701,69.6786246079936,66.252318639773,66.2693404195036,152.862730026245,80.841692812726,47.0413921050822,51.5352211303087,109.890822676251,27.4545348813749,38.9812036502741,20.1731463369618,99.0577240024539,147.408341850202,128.401886242266,45.2481613850464,141.55903228124,128.287790284121,72.7662271956771,187.055043538411,121.12809431288,103.44198839915,61.7337659465212,218.541994730632,0,192.375852584839,175.682095954755,199.43439382877,155.800528242781,188.270547049386,116.773808874735,184.256717681885,92.3050445757414,192.895025717246,155.990646362305,114.313890302773,122.859373622068,109.917942959116,113.783552513594,216.237518310547,138.563878945288,76.9556048213239,113.642978098099,156.301129267766,79.3270308623443,107.897251421574,101.261585670417,167.464199385829,186.200508442331,166.572563506745,106.984349784205,125.797920227051,160.976791381836,129.018331041523
93.6516613405804,110.309438653894,95.8245500134697,71.0935096638862,19.8633181530152,133.787711249457,81.4398583527982,41.4508499351169,95.3128634225754,64.5242731790901,36.1237165039672,172.778497030569,54.385430416531,174.359198760986,109.466325769694,88.9879820910367,53.0136379768949,121.197817223257,186.315831271085,158.565897741983,36.066775749621,33.7472118088741,69.7509425031564,71.0227797369328,29.7875925409574,152.701990830271,128.328719824214,99.0577240024539,14.0527394992502,104.135196313798,54.7091163870022,176.717596756785,151.801458796748,73.3225989963697,89.4958866724392,149.700477528795,166.640487670898,180.533418655396,84.3772089124302,65.3885979257663,230.186340332031,176.848480544724,144.613020667499,180.793855544419,115.71983277694,170.812958529501,228.758624267578,122.229786150383,0,171.235131017623,157.319155375163,138.131186336941,199.779308064779,234.546890258789,208.681789398193,164.284821070982,146.277047995753,100.086489404951,163.295527182335,126.999155359843,227.149940490723,215.444334484282,169.526508647165,143.561453606101,161.811992214368,140.565963412371,239.122192382812,213.415814208984,146.382695453923,154.243878220067
16.2489264787572,151.291464895572,143.077446838379,97.0459612539939,110.009822156056,29.7639449170205,71.3854856682206,96.5331870934002,58.5503023609764,96.2064787644606,111.767306151669,67.9192976192173,117.289057864083,105.873341315133,33.2548078013109,102.65312780985,149.448970072978,114.051128308798,105.950239032248,126.473494464462,117.947774419721,75.8194597752792,112.498201695884,102.116441313753,100.658942653329,140.255519390106,148.410916781634,147.408341850202,104.135196313798,13.737368795715,42.5919165900598,147.366813845751,17.4897459467062,21.6952817976674,36.9360527110822,179.247746785482,0,207.650594075521,112.645379737116,165.533417526557,181.802215576172,201.823718677868,166.988070185313,202.368056978498,135.960855461029,193.190139261882,213.545567830404,185.211304800851,248.382476806641,197.195581023226,193.272903442383,166.101801554362,212.044375610352,185.792922973633,161.733322143555,186.993853251139,145.489671880549,164.331514994303,204.221584701538,152.041788733481,147.688186645508,174.363763106497,187.95018430616,165.401687752647,185.849025468385,162.643363430075,203.501068115234,219.54594039917,172.029777772965,180.027219460227
25.5015209081005,115.823752770057,93.8169477070015,67.0988165665076,101.436994247437,120.773037130182,99.7995200106258,33.9365467994056,79.2065551860912,72.47835815905,86.9258648217548,146.926988782381,126.468498865763,186.988493601481,63.4347103728267,114.598068509783,76.7850240868835,83.7911838817862,145.72528405283,106.202799381354,161.680468559265,36.9217659274216,69.1837795291129,67.249421921009,78.2380266205356,147.021753164438,108.604843419469,128.401886242266,54.7091163870022,42.5919165900598,15.5969895653311,164.029271655613,139.945919036865,35.1140449868144,42.2595849094152,146.173205963553,190.923606872559,179.502040100098,77.4190227113365,179.924716525608,0,180.169764927455,148.524699088855,186.110086123149,98.9472545730733,174.30806060791,236.691131591797,179.35927327474,0,170.874362506698,150.569442749023,127.778729346491,190.575792312622,226.796752929688,220.124615478516,179.586883544922,133.561920872441,84.3501378875418,168.949337509443,127.647392713955,164.202194213867,195.459845909706,175.294721330915,136.399408315554,157.244969173403,135.098340161899,0,212.067695617676,145.183098426232,150.797557464427
152.427642822266,73.3488210642113,100.876344518724,77.6020660154281,178.553464253743,139.372872924805,186.195557948521,175.440290881741,168.993928374146,143.95101554177,191.741703941709,50.8513929834733,188.379054478237,30.2161158266685,148.426472807584,174.896825154622,134.449330049403,86.8705969756504,54.3377734157774,57.5795218539688,184.467697143555,147.782224143424,111.982715182834,123.858700743509,160.734809165777,44.6421709374536,45.0925208362407,45.2481613850464,176.717596756785,147.366813845751,164.029271655613,13.2992671625734,118.127222234553,159.070792304145,74.1178549142359,0,112.731597900391,160.8518409729,73.7714648613563,0,0,0,227.388832092285,0,160.774765014648,0,102.393360764233,0,85.5657756599837,195.861755371094,0,172.617431640625,143.493376511794,103.582817366629,112.111646815709,0,176.749206542969,152.653772989909,159.064326695033,224.308120727539,75.7067588806152,104.505052990384,104.331409141199,235.722290039062,0,201.613174438477,103.62942237854,174.212173461914,0,145.447090148926
116.853600565592,161.52837117513,185.343167279218,165.387771606445,152.704430634121,13.7879295059414,36.0000305930313,134.914122573728,36.6761465316266,147.757418314616,131.029701643231,63.0472903124151,114.335714370809,88.715882619222,20.634286099986,48.8742754407924,184.634399414062,181.943842933291,96.6093005476327,141.388487243652,145.651920318604,169.453951517741,145.644587198893,179.526352310181,153.128213609968,97.3467614310128,163.063947316763,141.55903228124,151.801458796748,17.4897459467062,139.945919036865,118.127222234553,6.53164479915029,158.138226826986,35.8807601287902,241.965744018555,0,0,165.939824422201,183.670141601563,0,221.901138305664,212.884429931641,229.464721679688,205.149398803711,235.435343424479,0,161.897471110026,0,246.761825561523,0,0,0,151.252670288086,0,0,0,196.543350219727,0,212.791688537598,128.372314453125,178.929130554199,247.746856689453,222.61145401001,0,195.601837158203,0,0,0,0
47.5709532165527,122.293979644775,125.292828779954,77.0042427227061,84.0695843696594,179.271873474121,130.999631245931,84.7057261294034,106.000878589909,78.2024768275073,110.877372176559,113.566146850586,108.799491882324,203.482482910156,40.2810567419625,95.8306252615792,124.334248352051,92.7628274879708,127.542536735535,107.043300760203,134.707778930664,52.8035700878421,87.8477458953857,78.0739065133608,81.6952546866199,137.712038675944,139.28069004868,128.287790284121,73.3225989963697,21.6952817976674,35.1140449868144,159.070792304145,158.138226826986,7.6333886487695,16.9236311361238,155.632995605469,0,187.48592376709,88.1348544756571,167.878635406494,0,201.662857055664,148.924188277301,184.634302775065,126.155129172585,178.121948242188,0,0,0,192.439517681415,0,183.401809692383,0,0,0,0,132.26432800293,168.823303222656,197.398568725586,135.216619094213,0,197.594833374023,174.972874034535,139.852363586426,169.125296020508,143.884792224781,0,0,153.522863769531,157.097306569417
80.2166862854591,70.1273914226987,72.3853746096946,72.7003338708506,109.927871645862,33.6856539140054,80.5937533127634,101.506300107397,81.0172900069284,107.997537134564,110.497696661776,29.1186364483926,115.052343344387,59.2669814533658,52.4995273278967,126.501913189888,89.6904616331934,41.3379467134319,48.3180591593973,32.1965447207456,117.719941857743,50.054057226352,92.6757142648757,50.833901659843,111.045311960419,63.2446212120776,68.5023444895441,72.7662271956771,89.4958866724392,36.9360527110822,42.2595849094152,74.1178549142359,35.8807601287902,16.9236311361238,11.6539077471293,173.651553814228,123.358280944824,120.545547171815,87.7580455780029,162.304473571777,0,200.944845581055,160.228786069955,194.567461096722,142.276623359093,185.199957454906,124.733189900716,190.995120048523,126.68823724044,186.106050279405,166.779632568359,142.232563866509,131.628654350669,127.15275848889,122.699284744263,196.196278889974,146.173721596047,106.513156890869,137.051328397265,147.007688465037,107.181940945712,120.206706686969,120.47568964914,159.577499141538,177.579211787174,157.131382497152,127.936768782766,190.775177001953,163.463031768799,161.706823400549
162.239715576172,0,210.285924275716,94.5228758917914,160.650379180908,226.640319824219,214.476129150391,160.299594116211,188.829738270153,117.129863739014,182.4006690979,0,152.490303039551,0,181.518691253662,0,134.904748916626,0,0,0,0,149.75984064738,163.089691162109,179.25329208374,140.083760579427,0,174.591213650174,187.055043538411,149.700477528795,179.247746785482,146.173205963553,0,241.965744018555,155.632995605469,173.651553814228,12.87008968064,122.743268966675,135.704432896205,84.8444706772313,105.314799867827,0,108.775939305623,27.6317904816909,76.8494763892789,77.914896443057,84.3850722950175,131.449039387253,118.139582511706,155.100306193034,22.4658209741148,113.675545692444,110.800853382457,118.694919496273,139.709110544689,131.164019538361,112.265641784668,85.5243177776095,85.1059049523395,100.146045800023,84.1054695741974,117.029792785645,141.56117421573,140.074899673462,89.053048129198,23.5779847364558,28.8943751607319,159.983831133161,96.0137923484625,29.8864468834617,65.5760000256983
0,103.607940673828,113.842367553711,55.5139350891113,0,0,0,0,0,0,0,0,0,87.3712310791016,217.22632598877,0,127.258445739746,121.469205856323,120.219947814941,115.759474618094,0,0,0,142.755836486816,115.779927571615,129.989929199219,108.703971317836,121.12809431288,166.640487670898,0,190.923606872559,112.731597900391,0,0,123.358280944824,122.743268966675,7.90706450068238,53.2239314509976,19.8388787375064,126.902809143066,0,137.689697265625,131.026850054341,151.832444872175,75.3796977813427,147.971366119385,81.6805745124817,107.683546278212,55.9124424069427,139.279569185697,108.174731204384,68.8956803059418,61.24099990745,76.3325131064967,66.8570086010814,209.208938598633,103.320641594964,28.219493368581,72.6698260860549,83.2391075721154,17.8007006937449,55.9049284674905,31.2931154912071,119.528875139025,134.634185497577,113.936320590973,71.6779452514648,0,128.060682508681,73.2960931800661
173.397953033447,90.2358107933631,102.774058557326,85.3039657047817,188.386199951172,0,217.483642578125,182.399509205538,209.050761413574,176.292886734009,201.398480224609,173.836799621582,0,172.451454162598,217.968176523844,0,111.716788313771,111.726165478046,146.031458536784,129.526937401813,0,151.31005859375,100.623223524827,118.165130361626,176.977992043566,103.127034505208,109.000777726065,103.44198839915,180.533418655396,207.650594075521,179.502040100098,160.8518409729,0,187.48592376709,120.545547171815,135.704432896205,53.2239314509976,13.8354931974977,49.4874570473716,155.148212063697,189.81335144043,157.618530776475,106.332887437241,140.679679961586,117.045185089111,124.37856121031,110.805581428635,182.733050537109,97.377167149594,133.931606786207,143.995809936523,85.4973586035557,46.1680683789028,97.6144142150879,83.7746814175656,161.281941731771,72.6158210825729,60.1870415292937,36.3166809958036,114.521238716361,134.594062805176,40.6653600865956,37.2187427771198,97.6015687714452,155.313727176551,98.3747799598565,100.101170626554,201.320131089952,130.189614868164,95.8630540106032
