11.9494469753414,139.062348683675,84.806744992859,80.2214982216818,88.051825932094,73.5880521886489,75.1940853063343,30.5058804331188,38.8283154002778,63.9696666769785,59.5265534868879,118.031725056966,99.1711618105571,135.038757324219,16.8421675772756,63.8377207650079,132.0720799764,96.575498467318,136.321642707376,123.763962972389,92.6254665586684,70.8025044085933,117.829513434208,78.7090515683535,78.5784270529654,129.136962890625,112.55221265905,120.772573596703,70.3392031964389,17.6325473274964,29.8425450870312,145.264434814453,92.5172214134067,30.9419457529105,76.5189735144068,155.884440104167,136.78514734904,153.084160168966,103.036108652751,0,203.991592407227,161.525721958705,129.725346374512,168.488786969866,75.7639911358173,159.996124267578,0,0,221.043670654297,163.721112932478,0,151.221435546875,160.949512481689,0,168.009979248047,212.389709472656,179.027442932129,115.393160078261,156.658391104804,121.057090657552,178.746551513672,172.801432609558,166.213878377279,128.326233148575,115.136688232422,137.295764075385,0,0,137.511968994141,156.135827064514
139.062348683675,6.74572664913582,54.2812418761077,18.9781220544059,0,0,230.867263793945,123.66619344858,173.096485137939,63.4980007337487,155.90357208252,72.6763263238925,165.719669342041,54.4252666031442,135.327281406948,100.605495452881,50.8133269961518,59.357645142968,84.9043181135848,61.1040221667681,180.939712524414,91.0896742684501,17.6135314881453,85.148311654317,70.9866183298939,29.5208544413713,52.0072829997645,36.0828255384312,94.2548477338708,112.111510685512,115.8067334493,69.3851899201015,103.989936828613,111.412157694499,66.3239653038256,0,92.9704345941544,106.036785380046,54.3961422390408,0,0,0,170.50254313151,200.650047302246,88.4880447387695,163.255714416504,115.369606018066,0,90.5982730699622,226.660446166992,171.544876098633,94.8972473144531,94.5906460101788,130.829128265381,91.7968566894531,0,168.965749104818,104.382858276367,117.115833918254,119.188579559326,68.0644016265869,85.6067200327307,93.9976087281198,0,0,0,136.172846476237,0,0,134.884712219238
84.806744992859,54.2812418761077,12.1580069803445,45.7245050469026,106.237976074219,175.178675333659,136.512963300694,92.7781155820588,123.767916810695,120.285971323649,127.609616621151,87.1323157600735,146.15717785175,151.242678324382,115.334428942553,126.422093963623,90.5406396653917,39.7518660686782,98.0091675549019,80.5616192616207,185.320358276367,74.3599438122341,48.4235360479762,32.1258190571107,119.585008133289,94.7180938720703,32.3966518435492,27.8683120506831,77.4801070417567,131.239794822588,69.8141426189088,120.02826944987,173.359167801706,114.841889517648,63.1406042153824,165.360717773438,60.0005034069682,93.3588570949536,78.5171653574163,190.1279296875,0,211.397666931152,158.490215967572,188.62080114028,142.160797119141,177.136510995718,151.53782043457,0,0,167.387266613188,0,120.298419407436,111.306825048636,158.47390238444,138.181983360877,0,123.09291232716,59.9621655663779,102.323084300808,156.13341106068,0,103.757197221707,95.8221950487624,151.777946080917,190.365944998605,134.077476365226,153.354598999023,0,168.07373046875,116.654364152388
80.2214982216818,18.9781220544059,45.7245050469026,30.2428572310342,56.4408981489099,121.376668930054,91.9689679976997,68.3097358412662,94.8907068243437,24.4491500572725,95.6101926483723,77.3910340131339,88.6709854125977,46.445063534514,100.68302721496,68.2970031738281,50.0999174131251,64.8492187427569,86.8701212565104,79.5335346432183,81.0720580251593,59.0314003639806,33.6986255849965,55.4262528541013,42.9288978012671,22.0286441079105,54.7484191117128,41.5037781939932,58.3493101768604,73.8405533467443,55.1143507375033,65.1258223397391,139.048400878906,54.8663017272949,63.4269805137557,125.48198890686,64.9535709527823,96.2269172668457,35.8034904259902,178.466209411621,124.356063842773,122.575798034668,121.152210426331,119.267686843872,53.6032371520996,109.431925455729,92.683634185791,48.4529151916504,54.2474742281264,139.895419311523,0,106.808555603027,121.002499171666,103.599533843994,109.41231880188,93.8133239746094,74.3700290679932,76.8310443355191,98.3665390762628,75.1810804060948,41.1616341908773,89.5917892082065,94.0514316887691,101.340388042171,149.370191301618,97.6334687641689,54.5248460769653,0,100.69548034668,109.830027580261
88.051825932094,0,106.237976074219,56.4408981489099,8.71733644854249,104.075828552246,79.7776667756854,57.3832796117762,77.7036610990763,48.925501939727,14.3651971247698,179.337936401367,20.8538499440968,181.486358642578,112.034997097282,61.5943071658795,58.6249237060547,0,189.294387817383,170.399566650391,16.6973367507197,0,64.8982904607599,192.228210449219,17.4517996026393,0,135.607488217561,110.969270706177,12.1392749085221,100.089240734394,82.8895568847656,0,128.127550760905,80.0310984524814,92.1055674430652,142.886703491211,0,184.873916625977,73.5588086716672,15.6156072087618,0,141.908187048776,125.320528127379,151.370983781486,84.2439659754435,87.6678778330485,215.203536987305,17.8577150890077,0,169.64266289605,122.89537302653,0,218.331909179688,0,0,14.4499365364804,200.165786743164,143.955596923828,0,96.995331341312,0,159.966262817383,170.891632080078,75.8788551819675,175.491363525391,151.725650787354,0,198.154983520508,165.422795613607,144.895159794734
73.5880521886489,0,175.178675333659,121.376668930054,104.075828552246,7.76250193995379,10.0212283413544,111.829432678223,36.9322320509952,65.9844790867397,118.587829423987,70.2645751408168,98.7003693094059,82.6506403142756,24.1010774159404,16.2710146179829,0,174.526290893555,113.781668345133,183.734130859375,113.221143595378,143.591361999512,149.549209594727,151.406364440918,111.75342086792,95.2888069152832,166.566902637482,157.391862869263,124.601060000333,26.5553657107134,116.681727091471,0,11.2624937452768,51.3086013793945,55.2722112417221,0,0,229.362503051758,135.236282348633,213.689529418945,0,0,166.307472229004,0,0,0,0,0,0,0,0,0,0,0,0,0,0,0,0,171.896377563477,0,0,228.530563354492,188.569152832031,0,0,0,0,0,0
75.1940853063343,230.867263793945,136.512963300694,91.9689679976997,79.7776667756854,10.0212283413544,11.1388110372462,61.5820250440201,23.2915403103639,79.9528174522596,29.0046684440637,105.410740650875,30.6273637631539,111.327977056089,43.6884042569763,19.1526504251493,95.7946090698242,154.669350179036,144.408360163371,174.45207824707,57.2401474383993,129.3850319272,118.159838589755,127.095234248949,80.8908935676461,110.398815155029,160.035685850445,158.144635817584,62.7619355700851,45.5568375100088,96.817464934455,130.551452636719,43.7407330348293,90.6816396713257,84.0890264587098,225.782211303711,0,191.816583806818,97.4652843475342,157.16677263048,0,166.412516142193,143.990310668945,181.878554280599,115.322280248006,167.545124435425,0,112.755724686843,0,197.273483276367,0,0,210.772598266602,0,0,156.553180401142,0,147.090030670166,196.647147284614,130.359900007577,0,224.513046264648,192.031005859375,150.069244158709,194.200960944681,202.40064239502,0,213.443099975586,156.398503621419,197.804785592215
30.5058804331188,123.66619344858,92.7781155820588,68.3097358412662,57.3832796117762,111.829432678223,61.5820250440201,10.6733656263856,56.7487309619345,59.90763926021,17.8852369551571,144.25488641527,62.526579441343,147.9723777771,27.8620418789315,75.0358501068533,92.1387418111165,113.712641803458,158.937258402507,150.188315100704,69.3231915361741,67.5892351072838,85.6561014387343,74.9843433151643,59.0456458471979,136.296510696411,125.724276211853,101.016583138952,23.4445177284133,68.9356225385734,20.2414749371163,230.327377319336,124.860200418008,60.7356303794621,83.1255524224779,126.46736907959,134.284426212311,162.364002930491,86.1498186160357,139.747305217542,0,147.149358569451,119.872641820871,154.11240029335,83.9628790094611,151.197302148697,247.004425048828,123.003716318231,0,149.157207023807,138.703192392985,138.923834455774,180.210650634766,224.344360351562,229.013641357422,144.468092176649,160.128916572122,103.113716125488,151.138634620829,108.692153962234,0,178.973322251264,165.474911165909,122.401732175511,140.028370630173,127.073492463102,0,181.424591064453,131.369258679842,153.623004998101
38.8283154002778,173.096485137939,123.767916810695,94.8907068243437,77.7036610990763,36.9322320509952,23.2915403103639,56.7487309619345,12.4875755574138,89.0235869598389,36.2018113251786,90.9039048628374,74.7224171650017,97.7633495684023,18.2597861599161,32.1650857244629,164.480120849609,135.422146128459,144.20057701342,160.801990534635,87.1287206720423,113.330432920966,139.684318140933,112.595015318497,89.1347311277773,111.254281180246,145.839231949818,142.480283764509,86.2032567429168,45.1809308084826,81.4081618301083,127.878853797913,23.7720077277526,91.760805086656,73.1563317564772,179.726211547852,151.795318603516,190.832014174688,105.552912876524,160.071944496848,206.353828430176,160.274016281654,143.555952440791,173.879485420559,108.456876209804,173.38090664003,0,132.314017254373,155.850936889648,183.214155343863,149.721771240234,151.914944784982,205.943876786665,0,230.654113769531,160.665148162842,191.382484436035,136.693904529918,185.195487780449,132.389358323966,0,199.255435180664,195.11339750744,146.333003044128,176.809566791241,158.538960625144,0,230.953125,150.711483001709,166.317844390869
63.9696666769785,63.4980007337487,120.285971323649,24.4491500572725,48.925501939727,65.9844790867397,79.9528174522596,59.90763926021,89.0235869598389,9.37857724029931,86.7330374187893,126.535911687215,14.1222444031096,117.878268300271,87.2440465758829,20.9327785156391,35.3263692502622,119.31905335071,150.591438293457,140.412744409898,61.9072870946192,80.2640464089134,22.3720282232294,106.166442746022,21.8583887713944,103.152111062659,121.009455784111,118.92739410923,49.5877764511289,67.0476809894661,57.2631525139571,133.865659643103,141.018266042074,59.1467405071173,81.1454315431656,0,140.858551025391,186.058197021484,39.016539502852,93.2292300953585,0,120.562703888992,97.7312868663243,130.319645274769,41.8478614125933,118.994781298515,0,103.777484893799,152.020141601562,135.872508239746,104.725858052572,95.7492281595866,0,0,195.944625854492,101.441167558943,179.620895385742,69.7312080065409,129.047569274902,63.2754967830799,133.704216003418,182.340031941732,204.506721496582,93.9201353357193,123.230039978027,92.3152995639377,0,0,97.0722160339355,128.100857543945
59.5265534868879,155.90357208252,127.609616621151,95.6101926483723,14.3651971247698,118.587829423987,29.0046684440637,17.8852369551571,36.2018113251786,86.7330374187893,10.9189321589226,154.478200435638,26.4312219746258,166.997504425049,60.484959447097,76.2649951979171,132.556905110677,158.473355429513,182.477476501465,173.497539672852,21.3574174160885,107.926660703576,114.423261642456,122.978853906904,61.5791661474895,246.133453369141,154.46342788267,132.807778030634,18.1202777152238,95.4847928116121,83.6940632263819,0,132.554736537063,85.8312331145664,99.1782938958068,164.300885009766,155.250829060872,188.787571716309,96.9590039704975,160.403151976757,214.480575561523,170.039887912032,142.895597229004,178.149458169937,112.842630068461,171.842154184977,198.116195678711,51.5059546894497,209.846328735352,177.779633522034,166.719409942627,163.116222805447,208.550860934787,0,209.156326293945,164.23372351605,206.789093017578,129.111907958984,178.332983353559,128.917022932095,0,201.074593680246,196.201778909434,151.467798202563,192.244493756975,177.722009658813,0,220.625281197684,173.364690144857,183.235058254666
118.031725056966,72.6763263238925,87.1323157600735,77.3910340131339,179.337936401367,70.2645751408168,105.410740650875,144.25488641527,90.9039048628374,126.535911687215,154.478200435638,13.9432741581765,141.963441394624,21.6952636705542,78.1515807600211,149.07494354248,132.524281819661,48.3601929700929,23.5980022008463,23.0629187427607,152.694890639361,99.1631389162434,101.406938300413,95.0560611290268,151.109820704306,26.8609587613644,32.5930049608908,62.9999136256157,144.152737472997,54.3048916153652,105.616605981604,37.2976416856876,63.7744544270833,110.347528245714,32.5319328294658,0,114.601961771647,144.390931129456,67.1470789702042,0,0,0,214.043075561523,223.321311950684,0,0,98.1916853586833,0,83.8932160098536,237.909408569336,0,0,126.440752665202,158.348949432373,121.892510550363,0,152.613403320312,122.173717498779,145.448941157414,189.975118001302,73.7960936228434,116.640851152053,121.023872634991,208.77751159668,0,142.115127563477,113.337377071381,0,0,158.355499267578
99.1711618105571,165.719669342041,146.15717785175,88.6709854125977,20.8538499440968,98.7003693094059,30.6273637631539,62.526579441343,74.7224171650017,14.1222444031096,26.4312219746258,141.963441394624,10.7275993734642,168.544445037842,99.1905651664448,16.0083269530274,137.859893798828,173.956606183733,185.030663230202,183.796798706055,12.351843170334,136.617370605469,59.998162489671,115.380562918527,25.4260620098408,133.208953857422,173.911868533573,163.153431163115,55.1652704500089,99.2997596849856,193.984639485677,175.324172973633,111.628665502092,93.9837016055458,96.9126503863458,0,0,188.591361999512,90.8629887390137,21.8034336510732,105.982002258301,124.622650958122,129.63198255456,162.87543741862,77.7148187909807,100.437919460997,0,14.9350126211247,0,165.86919148763,111.411586761475,0,0,0,0,15.1525266693299,0,130.74821472168,0,100.172178828139,0,164.499145507812,220.507975260417,136.566218801292,127.688941955566,139.146148681641,187.244003295898,0,130.456848144531,0
135.038757324219,54.4252666031442,151.242678324382,46.445063534514,181.486358642578,82.6506403142756,111.327977056089,147.9723777771,97.7633495684023,117.878268300271,166.997504425049,21.6952636705542,168.544445037842,8.1200381927401,82.4843872137237,135.170280456543,106.179865010579,145.821189880371,54.8508223397391,77.5407669067383,160.654663085938,142.528007507324,89.4771260602309,139.805715560913,123.674886122994,17.278923961132,19.6131045012253,35.5462719998632,165.167652130127,70.3793951113653,0,13.2888910847618,73.6342604999811,0,54.7063905020056,0,90.5694134282131,0,44.200124164204,0,0,0,240.965835571289,0,149.82430267334,207.306533813477,78.7684118224353,0,64.4299707443784,0,188.224548339844,0,178.971893310547,104.508323192596,122.857367379325,0,0,113.869521247016,0,180.74465070452,57.6770236753745,103.919676433238,106.58024789275,206.375946044922,121.599571228027,0,92.1912195114862,0,0,96.4153086344401
16.8421675772756,135.327281406948,115.334428942553,100.68302721496,112.034997097282,24.1010774159404,43.6884042569763,27.8620418789315,18.2597861599161,87.2440465758829,60.484959447097,78.1515807600211,99.1905651664448,82.4843872137237,10.2319546463536,48.7760733348567,183.15869140625,127.199978331669,133.403031485421,150.049711681548,106.48229398764,96.5439011891683,139.917592135343,107.113222520563,98.9701624817491,75.9849599202474,135.524846242378,144.65762940006,91.355917201142,20.3104194371098,46.7221371786935,105.978755950928,15.040433169346,47.0643541653951,54.7681449606767,157.266548156738,162.519149780273,178.330207316081,110.098258972168,176.381665910993,0,180.822133382161,142.64083197809,196.253366570724,116.806334275466,197.51581464495,0,133.259910583496,169.242370605469,183.073617553711,226.035354614258,146.763165473938,206.076923370361,0,0,188.978490193685,0,135.620262145996,190.556971958705,147.133967101574,0,191.572271728516,190.405106254246,153.071276655101,149.580154418945,160.12623323713,0,199.820663452148,183.632308959961,191.95266494751
63.8377207650079,100.605495452881,126.422093963623,68.2970031738281,61.5943071658795,16.2710146179829,19.1526504251493,75.0358501068533,32.1650857244629,20.9327785156391,76.2649951979171,149.07494354248,16.0083269530274,135.170280456543,48.7760733348567,7.48983543557349,0,169.271514892578,0,180.668380737305,63.9106856187185,118.433891296387,61.5572589527477,156.12720489502,37.5351981430762,149.704271952311,154.138854980469,145.441476088304,81.6419407205844,52.9486904144287,89.1340845743815,133.595397949219,40.7275741584982,61.0883855819702,78.8167780637741,0,0,0,70.3895797729492,157.718418121338,0,141.822606404622,145.038436889648,147.651168823242,82.554949760437,144.601104736328,0,0,0,179.49967956543,99.0559844970703,0,0,0,0,0,0,0,0,99.8121507432726,0,188.515670776367,184.916564941406,149.271294593811,145.088989257812,0,0,0,0,0
132.0720799764,50.8133269961518,90.5406396653917,50.0999174131251,58.6249237060547,0,95.7946090698242,92.1387418111165,164.480120849609,35.3263692502622,132.556905110677,132.524281819661,137.859893798828,106.179865010579,183.15869140625,0,13.7237119409158,111.763226985931,128.766906738281,128.930904865265,0,20.2840145847117,32.2330182105687,15.8903798221278,27.1838174853237,87.4747663225446,106.600022065012,29.5004201677514,42.8395877521254,115.987012590681,83.6352933645248,128.394874572754,0,125.499488830566,89.0024108100183,119.171020507812,128.000330607096,126.406690809462,67.1612686744103,0,0,197.658866882324,153.484146118164,169.394912719727,0,148.128868103027,0,0,0,185.392623901367,0,100.458879558857,134.217989603678,0,176.97673034668,0,112.833345031738,60.5800440239184,101.959402709172,53.7085082613189,0,138.939352336683,120.186981870417,130.629398843516,0,112.599433353969,0,0,113.171173095703,135.707892100016
96.575498467318,59.357645142968,39.7518660686782,64.8492187427569,0,174.526290893555,154.669350179036,113.712641803458,135.422146128459,119.31905335071,158.473355429513,48.3601929700929,173.956606183733,145.821189880371,127.199978331669,169.271514892578,111.763226985931,10.8515327381553,65.0402182360965,25.5858935847708,0,58.5198532105664,79.0862749626762,22.5447854189941,133.725717980092,77.7901195526123,30.1148130833491,64.6091512174797,115.638179330908,102.396092245512,73.1121625337669,123.78148651123,170.869142150879,86.5386762035136,34.6257715746795,184.134389241536,72.4282511029925,106.245833563277,74.1941797520087,184.349411010742,0,213.231498718262,173.641376495361,196.923754692078,149.291131761339,201.902709960938,141.422685623169,0,150.63374710083,196.059201327237,0,142.563585281372,114.041388501178,145.669775390625,121.965799443862,0,144.856736616655,102.4124907539,124.278567677921,151.854990323385,104.741050720215,104.3396371187,109.333197753598,167.795651188603,196.880499267578,162.721860365434,144.205871582031,0,149.244562784831,130.360510864258
136.321642707376,84.9043181135848,98.0091675549019,86.8701212565104,189.294387817383,113.781668345133,144.408360163371,158.937258402507,144.20057701342,150.591438293457,182.477476501465,23.5980022008463,185.030663230202,54.8508223397391,133.403031485421,0,128.766906738281,65.0402182360965,9.21496801725714,12.2429012777908,176.131958007812,126.714482727051,111.155012403216,104.702870355136,179.976635742188,40.9329192638397,33.2813747563923,69.292377765073,181.064159817166,93.6640281330455,124.754692949568,54.0683718402829,91.4921247308905,153.553461710612,64.3606893499249,0,124.691681998117,139.398752848307,73.6983573913574,0,0,0,0,0,0,0,115.595667157854,0,97.7371260799579,0,0,0,138.45482635498,119.321295166016,123.543108323041,0,233.416839599609,140.21555074056,193.371395874023,0,79.8882401206277,115.440682157464,119.541934703958,209.687454223633,0,203.603398640951,109.505693875826,0,0,143.236262003581
123.763962972389,61.1040221667681,80.5616192616207,79.5335346432183,170.399566650391,183.734130859375,174.45207824707,150.188315100704,160.801990534635,140.412744409898,173.497539672852,23.0629187427607,183.796798706055,77.5407669067383,150.049711681548,180.668380737305,128.930904865265,25.5858935847708,12.2429012777908,13.0727547496994,0,96.0963000517625,98.3141657642482,74.1879704920585,153.929341430664,47.4705338514488,28.8748296845363,75.1205902906425,146.878670978546,121.436354660791,102.26657229272,67.2031317710876,181.668899536133,106.103752925478,43.7724297703348,195.654678344727,102.32246650349,130.062829059103,75.3661323358983,0,0,214.767959594727,206.192150115967,224.892032623291,168.77946472168,210.888336181641,120.426828656878,0,106.63327231774,0,0,146.879272460938,127.126640319824,120.073221418593,118.755098575499,0,158.929695129395,128.998842092661,151.330129062428,195.739444732666,84.3107445716858,107.989126812328,115.261591105202,198.969947814941,179.80281829834,194.268321990967,114.401167551676,0,223.521858215332,139.91751568134
92.6254665586684,180.939712524414,185.320358276367,81.0720580251593,16.6973367507197,113.221143595378,57.2401474383993,69.3231915361741,87.1287206720423,61.9072870946192,21.3574174160885,152.694890639361,12.351843170334,160.654663085938,106.48229398764,63.9106856187185,0,0,176.131958007812,0,11.6153556054945,142.451246261597,97.5522422790527,142.766426086426,32.8950739277232,0,175.426211547852,172.836803436279,27.9239208640905,100.264413646246,138.516694810655,177.412734985352,128.345729245978,100.111323765346,98.0816713383323,192.752700805664,0,0,87.4939548628671,25.8403609827986,194.182014465332,138.230287728189,138.471433072477,171.864802224295,107.178492436644,126.638871845446,0,21.3217230645063,0,184.937334333147,144.363123725442,169.917762756348,0,0,0,14.9968467653066,167.160568237305,126.591251373291,165.86247253418,118.606535906644,0,0,214.291061401367,142.942847942171,183.665356953939,147.570816040039,0,0,161.538711547852,179.040386199951
70.8025044085933,91.0896742684501,74.3599438122341,59.0314003639806,0,143.591361999512,129.3850319272,67.5892351072838,113.330432920966,80.2640464089134,107.926660703576,99.1631389162434,136.617370605469,142.528007507324,96.5439011891683,118.433891296387,20.2840145847117,58.5198532105664,126.714482727051,96.0963000517625,142.451246261597,11.3044273015243,52.4592984264079,24.6540015313729,17.301331363207,129.842132568359,112.947281889863,62.4150491758397,20.0117460106876,53.334848701517,24.0427325123838,151.488006591797,147.841949462891,46.9692603472432,42.256020798264,134.88760098544,118.842515425249,137.315504873953,93.3284972054618,0,0,172.007298787435,133.393967159211,172.794254078585,106.040259417366,143.759391784668,162.376419067383,245.611145019531,0,138.598802739924,0,104.812059108502,158.703229118796,164.739761352539,187.482182820638,0,115.851852905013,69.0048730509363,119.114249709135,116.391994679769,118.924545288086,159.322155422635,145.25404548645,118.223335540771,130.077529676033,111.088326429848,0,0,120.183528070864,133.617175855135
117.829513434208,17.6135314881453,48.4235360479762,33.6986255849965,64.8982904607599,149.549209594727,118.159838589755,85.6561014387343,139.684318140933,22.3720282232294,114.423261642456,101.406938300413,59.998162489671,89.4771260602309,139.917592135343,61.5572589527477,32.2330182105687,79.0862749626762,111.155012403216,98.3141657642482,97.5522422790527,52.4592984264079,7.4127586753895,50.2478382202143,31.3351682779313,71.8583022788719,85.4459838230225,45.2550535664144,58.6709182742858,88.3600915527344,60.4258039326297,100.853193855286,138.400501251221,59.8226130008698,74.4632312959416,0,86.7410668593187,109.451702653316,86.5424819745515,115.593510945638,0,135.122809273856,129.988089243571,141.942237854004,104.438498497009,171.122573852539,133.305666605632,133.951360702515,123.318877942634,133.731182098389,144.534390767415,60.5232761046466,120.88028717041,0,151.54091835022,123.618659973145,109.454273223877,78.9788102610358,72.8892362690821,87.3577457284028,105.951096785696,131.810321574308,103.138965733144,118.012827968597,99.0688247680664,110.258341925485,151.010461807251,0,0,131.316319274902
78.7090515683535,85.148311654317,32.1258190571107,55.4262528541013,192.228210449219,151.406364440918,127.095234248949,74.9843433151643,112.595015318497,106.166442746022,122.978853906904,95.0560611290268,115.380562918527,139.805715560913,107.113222520563,156.12720489502,15.8903798221278,22.5447854189941,104.702870355136,74.1879704920585,142.766426086426,24.6540015313729,50.2478382202143,14.1721275893313,105.733729018778,112.295029640198,68.3934762745269,40.5898457295136,45.8099522358901,87.9661534842798,51.3556284295899,134.620786031087,147.175163269043,76.0644694583517,49.0579533519339,155.850974082947,81.1555854034424,106.349225906799,80.2850460324969,196.059448242188,0,202.369401819566,154.207310878869,200.808216094971,131.73851776123,175.72791731985,164.231930541992,242.600036621094,142.329193115234,168.496664864676,225.969528198242,103.252554387994,135.545606177194,195.445774078369,159.976895141602,0,118.252789194133,67.502272930878,103.800336263619,153.774472670122,168.080032348633,141.443114820377,106.590235495732,138.044174090299,174.417569247159,132.92188269043,0,0,136.244182933461,129.859348378283
78.5784270529654,70.9866183298939,119.585008133289,42.9288978012671,17.4517996026393,111.75342086792,80.8908935676461,59.0456458471979,89.1347311277773,21.8583887713944,61.5791661474895,151.109820704306,25.4260620098408,123.674886122994,98.9701624817491,37.5351981430762,27.1838174853237,133.725717980092,179.976635742188,153.929341430664,32.8950739277232,17.301331363207,31.3351682779313,105.733729018778,12.3489335593915,108.547746939737,133.663337324133,82.8061966485029,21.2404338090052,82.7517923118509,71.9752912433408,143.366338729858,133.595504293636,68.237280703139,84.6013654491358,126.561881121467,108.995451609294,150.277354770237,55.2406458109617,114.970555005321,169.119859175249,129.388671706952,107.025217519272,140.109535710952,64.9482259166484,129.296538961939,201.372259521484,103.229579653059,160.762557983398,139.255384265867,126.153356361389,114.424165932529,193.794054031372,0,0,119.372563851846,124.627705754461,91.4303261271694,141.596790870924,81.3861035453827,0,162.58646329244,156.694047739808,110.120542525247,140.752351017322,115.687096094681,0,180.030664297251,121.685502450677,137.495548095703
129.136962890625,29.5208544413713,94.7180938720703,22.0286441079105,0,95.2888069152832,110.398815155029,136.296510696411,111.254281180246,103.152111062659,246.133453369141,26.8609587613644,133.208953857422,17.278923961132,75.9849599202474,149.704271952311,87.4747663225446,77.7901195526123,40.9329192638397,47.4705338514488,0,129.842132568359,71.8583022788719,112.295029640198,108.547746939737,7.70620340460703,43.2039866894747,21.9131875113637,122.586221694946,65.0035179401266,143.168334960938,44.2181579926435,72.8379704793294,0,51.6768547017524,0,78.4169897079468,0,31.0310348614006,193.699264526367,0,0,0,197.008651733398,149.280192057292,0,65.9687178238578,0,58.4518558147342,0,0,0,148.489334106445,91.5179576873779,97.6286114779386,0,0,0,0,179.450382777623,48.8313548281476,86.4083199299557,87.0066453944371,229.864120483398,0,0,80.7304466649106,0,0,233.67204284668
112.55221265905,52.0072829997645,32.3966518435492,54.7484191117128,135.607488217561,166.566902637482,160.035685850445,125.724276211853,145.839231949818,121.009455784111,154.46342788267,32.5930049608908,173.911868533573,19.6131045012253,135.524846242378,154.138854980469,106.600022065012,30.1148130833491,33.2813747563923,28.8748296845363,175.426211547852,112.947281889863,85.4459838230225,68.3934762745269,133.663337324133,43.2039866894747,14.0400715664778,34.6739698818202,124.817304409928,114.351680865504,101.470996648885,18.5330351425567,125.643714777629,121.216378462942,66.1471622439934,189.936013793945,82.7952697619665,104.281753540039,59.5344936013222,0,0,218.931658426921,178.445961530818,200.233249028524,169.239788935735,188.685104370117,117.363743749158,0,85.3019250450489,187.762596579159,229.003494262695,144.700408935547,111.067330349268,111.281322417721,108.707490818734,0,157.312212524414,124.501925270512,130.307548754143,178.187766418457,77.4330621231994,97.1121087258373,102.793342811223,177.954519098455,174.941604614258,168.593667690571,107.542499009953,0,161.575668334961,125.312797934322
120.772573596703,36.0828255384312,27.8683120506831,41.5037781939932,110.969270706177,157.391862869263,158.144635817584,101.016583138952,142.480283764509,118.92739410923,132.807778030634,62.9999136256157,163.153431163115,35.5462719998632,144.65762940006,145.441476088304,29.5004201677514,64.6091512174797,69.292377765073,75.1205902906425,172.836803436279,62.4150491758397,45.2550535664144,40.5898457295136,82.8061966485029,21.9131875113637,34.6739698818202,16.8482505555357,67.3580858543478,123.864310409415,106.96397492742,28.4771169952004,140.152965198864,120.938417124194,68.710515373319,176.229231698172,68.5261943337473,94.1198215386497,59.6576253466629,191.982074737549,0,202.237568905479,159.806510112695,191.847775021115,171.963898700217,181.004185146756,111.093578479041,135.340576171875,88.3680582269591,178.858425292969,0,115.090630042371,107.952575312434,115.03144050226,112.98182806808,181.791137695312,131.310760970664,69.7428284372602,103.927413543668,139.310953206029,77.3482933114045,97.5819328774184,100.772539513618,151.622800763448,175.001450388055,142.825752728606,109.556419122415,0,158.835296630859,118.364509240175
70.3392031964389,94.2548477338708,77.4801070417567,58.3493101768604,12.1392749085221,124.601060000333,62.7619355700851,23.4445177284133,86.2032567429168,49.5877764511289,18.1202777152238,144.152737472997,55.1652704500089,165.167652130127,91.355917201142,81.6419407205844,42.8395877521254,115.638179330908,181.064159817166,146.878670978546,27.9239208640905,20.0117460106876,58.6709182742858,45.8099522358901,21.2404338090052,122.586221694946,124.817304409928,67.3580858543478,9.53674669062087,74.8998687821707,33.524129490098,156.445678710938,132.90546207428,58.0424385302505,64.2673224952698,123.432649584784,114.755736759731,148.620630609422,75.0218233735594,135.771831032456,183.190679931641,144.949743127547,115.155534362793,149.060383220831,82.7000882138488,148.098552827913,218.297571818034,120.24343754695,219.09245300293,146.010285547537,150.03550856454,105.660448191459,167.577790154351,0,200.793095906576,142.474300345195,126.328853071782,91.6990954144166,130.20211754035,98.9505635888985,0,181.426527099609,148.86185501434,116.989418611148,134.019217435051,114.676313554693,0,185.93556060791,120.063200258741,141.93279876709
17.6325473274964,112.111510685512,131.239794822588,73.8405533467443,100.089240734394,26.5553657107134,45.5568375100088,68.9356225385734,45.1809308084826,67.0476809894661,95.4847928116121,54.3048916153652,99.2997596849856,70.3793951113653,20.3104194371098,52.9486904144287,115.987012590681,102.396092245512,93.6640281330455,121.436354660791,100.264413646246,53.334848701517,88.3600915527344,87.9661534842798,82.7517923118509,65.0035179401266,114.351680865504,123.864310409415,74.8998687821707,10.1010614936128,24.011959086471,93.2954070147346,8.46308143194332,15.3283660432151,32.6125425707921,144.06909942627,196.175163269043,178.198682931753,115.023971796036,186.075347900391,193.618026733398,179.816660563151,142.403734295185,184.811362266541,87.8723192214966,179.920504978725,0,130.804609818892,113.228401184082,163.580958896213,218.097244262695,142.538853963216,166.603958129883,0,198.569679260254,185.165435791016,118.781232198079,103.04353427887,179.300610468938,135.472108871218,113.951942443848,170.351450869912,181.592188234682,139.227416737874,136.868382263184,124.050947255102,0,217.667755126953,136.985897064209,148.581158447266
29.8425450870312,115.8067334493,69.8141426189088,55.1143507375033,82.8895568847656,116.681727091471,96.817464934455,20.2414749371163,81.4081618301083,57.2631525139571,83.6940632263819,105.616605981604,193.984639485677,0,46.7221371786935,89.1340845743815,83.6352933645248,73.1121625337669,124.754692949568,102.26657229272,138.516694810655,24.0427325123838,60.4258039326297,51.3556284295899,71.9752912433408,143.168334960938,101.470996648885,106.96397492742,33.524129490098,24.011959086471,10.8511936784335,0,133.187460422516,36.9776532086053,38.5042392187935,126.43475412768,103.835363388062,146.131889698117,98.5142370859782,153.835662841797,174.77766418457,165.758564701787,120.000942813649,157.52662494366,79.5094660837716,155.967204126818,169.872901916504,184.876342773438,189.537536621094,135.665788089528,163.330528259277,101.964501471269,169.8662109375,0,186.269051688058,135.350814819336,114.81621415094,79.3192417848044,128.015543374671,108.458883369825,0,162.537965836064,153.883401848288,112.859511470551,116.361587075626,110.792706629613,0,193.641632080078,114.460187021891,135.510830946372
145.264434814453,69.3851899201015,120.02826944987,65.1258223397391,0,0,130.551452636719,230.327377319336,127.878853797913,133.865659643103,0,37.2976416856876,175.324172973633,13.2888910847618,105.978755950928,133.595397949219,128.394874572754,123.78148651123,54.0683718402829,67.2031317710876,177.412734985352,151.488006591797,100.853193855286,134.620786031087,143.366338729858,44.2181579926435,18.5330351425567,28.4771169952004,156.445678710938,93.2954070147346,0,10.3749363230121,106.510201590402,145.422943115234,74.8909671394913,0,118.637100806603,0,58.2585189573226,0,0,0,0,0,0,0,99.1665031433105,0,87.3409522240903,0,0,0,203.716773986816,108.35823059082,118.912253485786,0,0,145.846298217773,0,181.286651611328,75.2676322356514,108.260505070762,113.290392144682,0,167.306274414062,0,106.667703083583,0,0,152.380940755208
92.5172214134067,103.989936828613,173.359167801706,139.048400878906,128.127550760905,11.2624937452768,43.7407330348293,124.860200418008,23.7720077277526,141.018266042074,132.554736537063,63.7744544270833,111.628665502092,73.6342604999811,15.040433169346,40.7275741584982,0,170.869142150879,91.4921247308905,181.668899536133,128.345729245978,147.841949462891,138.400501251221,147.175163269043,133.595504293636,72.8379704793294,125.643714777629,140.152965198864,132.90546207428,8.46308143194332,133.187460422516,106.510201590402,5.74297009260606,161.975914001465,38.8353842226964,0,0,133.41569519043,129.19620513916,198.394592285156,0,202.663988749186,189.852466930043,239.878829956055,183.929550170898,219.977971394857,0,154.044232177734,183.609161376953,215.977752685547,0,0,0,0,0,0,0,0,214.335876464844,175.646254766555,148.553283691406,120.200073242188,214.938484191895,194.895792279925,0,189.942565917969,0,0,158.531066894531,199.935424804688
30.9419457529105,111.412157694499,114.841889517648,54.8663017272949,80.0310984524814,51.3086013793945,90.6816396713257,60.7356303794621,91.760805086656,59.1467405071173,85.8312331145664,110.347528245714,93.9837016055458,0,47.0643541653951,61.0883855819702,125.499488830566,86.5386762035136,153.553461710612,106.103752925478,100.111323765346,46.9692603472432,59.8226130008698,76.0644694583517,68.237280703139,0,121.216378462942,120.938417124194,58.0424385302505,15.3283660432151,36.9776532086053,145.422943115234,161.975914001465,7.36628278348648,22.9345657357451,126.773034095764,0,152.941543579102,87.9561262130737,0,189.822311401367,162.938891601562,121.465119202932,174.656961294321,82.2466019850511,151.874084472656,0,0,0,144.024234008789,0,98.7607600872333,160.869356791178,0,195.414703369141,0,107.233894348145,116.270030212402,146.653248786926,109.634221293132,0,149.865196228027,190.256856645857,120.593644291522,113.068000030518,109.361921764555,0,0,136.990472412109,138.848703557795
76.5189735144068,66.3239653038256,63.1406042153824,63.4269805137557,92.1055674430652,55.2722112417221,84.0890264587098,83.1255524224779,73.1563317564772,81.1454315431656,99.1782938958068,32.5319328294658,96.9126503863458,54.7063905020056,54.7681449606767,78.8167780637741,89.0024108100183,34.6257715746795,64.3606893499249,43.7724297703348,98.0816713383323,42.256020798264,74.4632312959416,49.0579533519339,84.6013654491358,51.6768547017524,66.1471622439934,68.710515373319,64.2673224952698,32.6125425707921,38.5042392187935,74.8909671394913,38.8353842226964,22.9345657357451,12.8186835410442,145.029373168945,83.8172071356522,103.779546746461,83.3630657519324,169.182401657104,218.304443359375,193.585303566673,147.309393819173,175.085602153431,100.511073248727,196.617416381836,119.376935323079,125.653030395508,108.182965142386,170.675032875755,0,120.287303379604,121.498886358543,158.990580240885,134.299534388951,172.406885782878,119.58903112167,89.2273602999174,116.914197512586,132.403092384338,100.696560329861,113.279040369494,115.48483487393,137.983676030086,166.247362576998,125.875390023896,141.200733184814,0,135.141331263951,139.775177805047
155.884440104167,0,165.360717773438,125.48198890686,142.886703491211,0,225.782211303711,126.46736907959,179.726211547852,0,164.300885009766,0,0,0,157.266548156738,0,119.171020507812,184.134389241536,0,195.654678344727,192.752700805664,134.88760098544,0,155.850974082947,126.561881121467,0,189.936013793945,176.229231698172,123.432649584784,144.06909942627,126.43475412768,0,0,126.773034095764,145.029373168945,12.0581086030044,117.412903921945,122.292282499116,71.2425036520328,88.3233816684821,104.172248840332,63.0523944106756,26.5073130519186,30.3305937311508,62.9510780783261,60.6045757924307,128.818761957103,89.8814384460449,135.606396145291,12.6995469694931,75.7468824386597,65.9277724311465,113.479793813277,143.324160257975,128.013351900494,86.2580743408203,82.1006714582443,64.489046200462,103.935220055314,69.9068980478978,0,128.347808783589,134.278752283617,75.2567652355541,14.2448568387457,23.7872616620347,128.429016113281,90.4924795362684,30.102845550421,66.1326325614497
136.78514734904,92.9704345941544,60.0005034069682,64.9535709527823,0,0,0,134.284426212311,151.795318603516,140.858551025391,155.250829060872,114.601961771647,0,90.5694134282131,162.519149780273,0,128.000330607096,72.4282511029925,124.691681998117,102.32246650349,0,118.842515425249,86.7410668593187,81.1555854034424,108.995451609294,78.4169897079468,82.7952697619665,68.5261943337473,114.755736759731,196.175163269043,103.835363388062,118.637100806603,0,0,83.8172071356522,117.412903921945,7.24535644440034,38.8565737860543,19.8999344330121,0,0,135.407026672363,119.791181182861,135.491557529994,75.0739706420898,142.640038230202,69.6757038434346,200.814071655273,46.2711799666726,130.416774402965,117.533348083496,64.0651064474606,61.6654753702464,85.183311680385,59.0397626061797,148.749389648438,103.682174589576,28.4147726565222,66.9659310629779,90.8872931344169,22.089164384568,47.1577291480079,31.192239217706,108.569454374767,114.017333984375,106.99248942923,63.2877354431152,114.871040344238,92.433115641276,74.1730743876675
153.084160168966,106.036785380046,93.3588570949536,96.2269172668457,184.873916625977,229.362503051758,191.816583806818,162.364002930491,190.832014174688,186.058197021484,188.787571716309,144.390931129456,188.591361999512,0,178.330207316081,0,126.406690809462,106.245833563277,139.398752848307,130.062829059103,0,137.315504873953,109.451702653316,106.349225906799,150.277354770237,0,104.281753540039,94.1198215386497,148.620630609422,178.198682931753,146.131889698117,0,133.41569519043,152.941543579102,103.779546746461,122.292282499116,38.8565737860543,11.8471287200633,41.3185899164162,112.219635009766,171.755653381348,131.258673535861,91.7729726474955,122.014010707179,87.4544410705566,108.617818154052,91.7552008995643,175.142278035482,101.367820739746,108.978602392825,132.399263269761,87.1293127753518,36.7661814047841,98.6796955108643,78.3459114210946,181.218574523926,62.4761869979231,38.1328208583324,25.5911154194546,128.257068927471,95.3831901550293,24.1487221015959,25.0098509125803,65.6198933384635,132.87656437267,71.4934902585147,103.301055908203,175.185895647321,112.553530375163,75.0525939497837
