8.42166089983676,116.513094220843,92.7579826229394,65.7633067044345,69.1050044872143,62.9009056091309,65.0196206834581,27.0308345954419,20.2190859446526,60.0509578349978,37.5834148292542,122.10655478544,83.6127061843872,130.275991266424,11.2970055854631,109.381958007812,105.924127578735,93.357996688937,126.744442409939,118.204272424607,76.6986770629883,66.2623613743694,91.3566632704301,80.6700977208349,66.2486445885578,136.128289540609,113.812526163848,123.755194814582,63.9005953089064,14.3890424432285,28.1893220637974,0,73.7097170352936,36.2428712844849,68.3997312249078,121.455024719238,0,157.557393391927,76.0790356603162,80.4794845581055,0,126.536689758301,120.178066253662,156.545806884766,86.1582984924316,0,0,0,0,144.58010559082,0,0,161.981910705566,0,0,133.136108398438,100.393964131673,87.2630920410156,158.553403218587,124.023519055597,0,184.546676635742,154.440059916178,121.893512301975,140.468026733398,135.054580688477,0,0,0,137.120484924316
116.513094220843,6.56891733863521,33.9943534400728,13.8176983673469,116.848767280579,0,119.155670166016,112.469558080037,136.077718946669,73.4374020533128,105.543832778931,46.9039727293927,111.803489685059,38.0224643739695,138.927678789411,108.51874760219,64.3694432576497,49.1664913543968,51.6831836700439,52.7133908191873,0,105.751440048218,23.331961711977,58.0750927558312,78.5902900558581,21.809270876806,39.839790108265,24.144338930042,103.855306123432,124.786869742654,101.566134134928,55.7723210652669,90.4943466186523,86.4380645751953,57.6636409978757,0,75.8116340637207,54.3305320739746,58.4100456237793,0,0,0,0,0,94.2920074462891,0,76.8732404708862,0,62.1610644947399,0,0,71.199836730957,77.0570053100586,0,0,0,0,84.2502105712891,106.798303604126,126.074325561523,49.6487369537354,88.3720365671011,75.4192377173382,196.38671875,0,133.264602661133,85.0823257446289,0,0,104.45532989502
92.7579826229394,33.9943534400728,10.3173648817481,36.1078262009434,104.363410295759,169.712842305501,124.125798516524,87.5385550788386,112.02570162521,106.26334314761,102.778407670154,80.6755612402251,197.046524047852,71.1325563615368,114.75420306637,117.675373840332,78.2146822322499,36.5785756018166,81.4704700469971,71.1819040172703,124.407502068414,60.0148539619554,39.7301265467768,22.4163234512151,97.2356726399968,60.7182426452637,28.2003817977733,31.6941942289197,75.3714291137807,113.336297425357,76.7022538848477,84.8892555236816,170.859748840332,109.400394916534,49.3401341798047,160.633257548014,99.5960671561105,82.5650795286736,74.0853422164917,169.158893585205,0,172.654695783343,145.559665231144,171.502569025213,201.197784423828,151.165719713484,131.476450602214,0,126.42121887207,170.525914001465,0,97.0688261144302,89.8543340292844,0,111.200815512917,0,121.647102702748,82.7519248252691,91.7921163855047,140.868506840297,0,98.0690840985402,80.8113526456183,142.183917852548,160.236605507987,121.89506954617,0,0,169.358306884766,88.9507691892859
65.7633067044345,13.8176983673469,36.1078262009434,31.7582056088881,51.7084365239372,95.4405002593994,75.0515393708882,60.516622100277,77.2483389418765,36.9800835253914,68.1979175172123,51.1753953580503,55.4933634247891,32.8093793536678,86.9418988980745,72.8401992631995,38.9394647928745,58.6709705547992,57.3866809123271,60.0772943659447,67.3369781070285,45.1033695904518,42.9968106596755,42.3911527247136,40.7115971871337,21.0241936088956,41.3079575120865,34.8570981136445,49.0492926344256,67.5776809766216,50.5959204491959,57.1063339233398,122.347224765354,57.4304750760396,59.0295891510813,72.6324049631755,66.4028466542562,58.1123502657011,19.092456796964,83.531958050198,0,116.943241119385,76.9657840381969,123.583018832737,50.0665695527021,109.074803352356,56.6574053083147,72.8802919387817,44.1988348007202,100.583693368094,62.0098686218262,57.9030929109943,62.1099239306503,65.4534912109375,80.909718929193,80.9589740753174,58.2596669277902,18.1149300797041,57.3005102195825,64.8775357391875,27.978194533454,64.1064369354248,56.0695797298954,78.5583284051569,93.1044968052914,65.7157831024705,74.6666297912598,0,67.0917282104492,71.6884295422098
69.1050044872143,116.848767280579,104.363410295759,51.7084365239372,9.44678070367348,91.1529663085937,62.118211842183,43.6674748299614,78.2305576605198,47.3630496561527,25.3056730680518,148.417730331421,26.705923929558,143.565601348877,90.5915802213881,56.7621320724487,58.9223384857178,129.516935649671,0,153.121973673503,13.8866970736753,115.03151067098,56.2220577024064,103.196796735128,20.7349389304407,138.517237345378,137.362682933539,117.102698935602,14.5734462643211,80.1601175040253,112.83196144104,0,118.209930419922,66.3547015556922,90.0343050365606,121.952980041504,0,169.917958577474,74.3599234236048,22.7483834968163,171.190719604492,130.478898048401,107.096248215895,144.153924124581,69.7944838660104,120.953407196772,0,67.1235850926103,0,144.210133870443,0,108.138412475586,185.115626017253,0,222.647171020508,76.509692697717,0,113.042938232422,157.735305786133,80.8333947381308,202.296951293945,169.403259277344,177.066272735596,116.701846228706,153.600150779442,176.178009033203,0,186.048049926758,125.466278076172,145.339514882941
62.9009056091309,0,169.712842305501,95.4405002593994,91.1529663085937,8.93153629878533,15.4624873210286,110.841175842285,28.6651089366181,60.7286704758466,109.309139994832,60.6366125742594,55.0818382647398,67.1930370330811,40.6254226511175,17.508717863924,0,170.287979125977,0,173.180641174316,104.747234889439,159.346893310547,111.52462387085,143.680549621582,77.7155504014757,166.378112792969,158.134896414621,188.830337524414,113.057456970215,17.634796101028,106.993058776855,0,12.9518689450558,127.510284423828,40.6558142481623,0,0,0,130.027931213379,0,0,0,169.625061035156,228.613082885742,0,172.50358581543,0,0,0,212.055511474609,0,0,213.730514526367,0,0,0,195.727508544922,0,0,179.767204284668,0,0,0,179.496002197266,0,0,0,0,0,0
65.0196206834581,119.155670166016,124.125798516524,75.0515393708882,62.118211842183,15.4624873210286,10.2941349599479,64.1438842318474,14.8307168513433,77.9028689596388,25.9971818228106,82.4235665893555,22.6084844143767,124.005258287702,34.3813105576009,10.5311199650793,0,144.746064609951,136.42720413208,163.349034118652,36.2855772959502,121.944403512137,99.050286429269,108.463383663906,77.7225148176947,0,150.12427752531,151.99264894213,59.7812758901845,36.8674727999464,86.1798327309745,145.142283121745,27.9041255154741,89.50548137318,56.6407690759433,137.906016031901,0,180.250019073486,89.4197269786488,129.516450972784,0,150.339463233948,131.717019888071,150.676266261509,120.085098266602,148.116390800476,0,73.884663772583,0,160.502920399541,152.002288818359,118.79564666748,194.258953094482,0,0,134.312336192412,0,0,182.713027954102,115.349668243785,0,175.372024536133,178.541645595006,136.116913920701,170.283702087402,143.892486572266,0,189.397323608398,166.820159912109,162.42156346639
27.0308345954419,112.469558080037,87.5385550788386,60.516622100277,43.6674748299614,110.841175842285,64.1438842318474,7.92137645620723,46.8030986505887,55.1560298244605,13.4176222626954,137.579784240723,66.0548792808287,137.592874908447,30.0269670544618,74.8586324691773,81.2462563147912,97.8966561087838,129.143989562988,130.996402071923,38.0120142144217,59.545327167762,77.1649684906006,66.5816873024112,52.9217638237404,152.13362121582,115.943385291938,104.843052143804,23.7129501922098,51.2852429803516,14.1177413755365,150.732284545898,109.723975722854,56.8530375872772,82.799364501651,120.739877488878,0,145.14697102138,72.9220357715574,108.285174608231,0,130.267457008362,109.168141561841,139.85846597177,84.3394927978516,128.348861694336,0,112.98265838623,0,138.924132305643,0,138.283449808757,158.452597158926,0,171.083045959473,98.791269938151,132.072675704956,90.6030633290609,148.565543212891,95.1573213447224,0,160.19210597447,148.232006915204,112.27257697813,139.742535230849,148.233297729492,0,0,125.330146789551,143.034216562907
20.2190859446526,136.077718946669,112.02570162521,77.2483389418765,78.2305576605198,28.6651089366181,14.8307168513433,46.8030986505887,10.899105179403,77.3126153304438,25.2911406047022,96.8595158354251,75.3770108598002,123.90776015773,15.8505427117865,26.3757540895374,100.176250457764,124.348920089461,137.417048427037,144.27241970014,71.9678088514838,99.1809464968168,105.990419338911,94.2611999485626,77.767985618919,144.155471801758,135.641892512329,137.74133247694,70.8256258476572,25.1853817169834,69.015251722204,176.870171546936,15.7569548178687,73.0151612954062,57.6886962326206,136.57233101981,0,171.9349738227,92.6968729624491,110.107609430949,0,146.113926795221,129.61026855286,160.68361476976,118.539572143555,147.651741391137,0,122.119525909424,0,160.397693242782,0,183.695236206055,174.481714422053,0,184.825134277344,152.235702514648,152.091678619385,184.749816894531,170.641475901884,117.93180133544,0,198.964984130859,170.966600327265,135.732608015209,157.158712293281,151.530448913574,0,192.887405395508,0,168.541077484956
60.0509578349978,73.4374020533128,106.26334314761,36.9800835253914,47.3630496561527,60.7286704758466,77.9028689596388,55.1560298244605,77.3126153304438,7.20908105670557,72.0038113796677,120.074904823303,11.3764510955078,111.082037302653,80.7154027839684,18.2477303743362,48.9431733403887,113.516862037854,133.778467814128,132.886574586233,55.4418533914457,48.5996799400875,25.8479545994809,83.5604312929333,21.9029757518546,101.409680282238,120.254311546285,105.671118752669,45.1640773339705,60.1814828224431,51.4549639513416,130.141506195068,100.960003662109,52.6616926613976,68.9909437466291,139.64208984375,0,0,19.8731024995142,85.9481381868061,0,116.595725059509,132.14120388031,144.555821736654,46.9196786539895,93.6115232195173,148.221481323242,68.2715072631836,130.630838394165,107.32657623291,84.5264930725098,147.008331298828,0,0,0,73.923711458842,164.637817382812,87.3787284851074,161.672973632812,53.6194141203897,129.08943939209,154.302291870117,150.533284274015,100.181979855624,118.000904507107,110.603721618652,156.15950012207,0,0,146.535745620728
37.5834148292542,105.543832778931,102.778407670154,68.1979175172123,25.3056730680518,109.309139994832,25.9971818228106,13.4176222626954,25.2911406047022,72.0038113796677,9.87371004032921,148.834035158157,22.6283358161058,151.937804412842,55.8211812639328,63.8034416096551,70.9581146240234,132.532390836685,169.533157348633,151.008219632235,17.024366604665,94.9948704059307,89.9956717655576,87.1559144648539,60.4289190992277,0,135.345912409353,122.79573767768,21.3855265696445,77.2607834815979,92.1963350122625,159.014526367188,110.774694115775,67.5869016091385,81.0387715055999,139.319103240967,0,162.304252624512,92.2390119804526,33.1438121052492,0,144.414804833567,120.932758467538,154.838459873199,92.7373855945676,136.048734811636,189.601196289062,86.252183868039,0,155.718354129791,0,0,166.604582214355,0,194.231391906738,124.578777244499,161.44255065918,131.305282592773,169.636428833008,97.8920866697737,0,202.734462738037,169.636739349365,128.591884062359,156.055269042058,135.979335784912,0,0,165.367233276367,153.931356811523
122.10655478544,46.9039727293927,80.6755612402251,51.1753953580503,148.417730331421,60.6366125742594,82.4235665893555,137.579784240723,96.8595158354251,120.074904823303,148.834035158157,12.7720915108004,133.22770690918,14.1072737867785,79.1523937951951,64.0892562866211,131.801055908203,42.075123385622,18.680138218124,20.8789145276245,137.643285478864,87.0794052124023,85.543155157744,69.8915596516927,130.838569054237,28.3007407426596,23.2904599245192,48.2895424051105,135.911534529466,63.5978390942449,97.5329103088379,26.1559636606692,63.601710660117,78.3287886664981,26.6921030086849,213.990753173828,88.5549392700195,147.884569803874,97.3669981275286,0,0,0,0,0,160.554039001465,212.366149902344,56.4931195576986,0,67.3946911039806,0,0,0,116.726951599121,0,94.9057769775391,0,0,103.91924794515,171.732528686523,164.006993611654,55.514303945726,85.3497672777497,87.9363931509165,223.664489746094,0,0,86.4049514770508,0,0,80.3931655883789
83.6127061843872,111.803489685059,197.046524047852,55.4933634247891,26.705923929558,55.0818382647398,22.6084844143767,66.0548792808287,75.3770108598002,11.3764510955078,22.6283358161058,133.22770690918,10.2854215621244,152.181671142578,93.9113072948296,15.3475171773202,0,218.750366210938,169.773345947266,223.844879150391,13.862439724994,0,65.6871825626918,143.136596679688,16.1316647020791,133.01721572876,173.16429901123,131.697071075439,39.1611937127023,91.0029479560502,131.510752360026,0,103.006047534943,89.6804569789341,90.6227363586426,0,0,0,53.8661868355491,53.882448144155,0,117.438958062066,115.90571085612,158.116583824158,47.869903087616,113.866032845633,0,9.54991272694426,0,154.310715993245,69.3144989013672,0,0,0,0,67.2973404838925,0,0,168.3551902771,71.3000377675213,0,0,168.76887512207,111.480207252502,126.839090983073,0,0,0,0,153.115191141764
130.275991266424,38.0224643739695,71.1325563615368,32.8093793536678,143.565601348877,67.1930370330811,124.005258287702,137.592874908447,123.90776015773,111.082037302653,151.937804412842,14.1072737867785,152.181671142578,6.57172628245452,112.932183687804,146.476425170898,0,70.7948422701854,39.7864459853574,45.4185842069468,0,113.451546563043,77.3974532417629,91.6684181213379,120.870823579676,20.1576948842718,18.5083826257181,20.2554740902304,146.637867803159,89.9923525890672,126.722788085937,9.15538609203106,64.7454566955566,121.361017862956,41.670319488755,0,78.2726617540632,147.366485595703,59.209045753479,0,0,0,171.581756591797,0,143.157537672255,0,57.2468680063883,0,58.9458552545576,198.759185791016,0,153.529205322266,130.319887797038,86.2963095770942,83.1064708934111,0,0,104.454078674316,176.887847900391,168.926002502441,44.3051100343761,75.8756139311072,75.8556888012738,0,0,0,81.3657840635718,0,0,92.0979661941528
11.2970055854631,138.927678789411,114.75420306637,86.9418988980745,90.5915802213881,40.6254226511175,34.3813105576009,30.0269670544618,15.8505427117865,80.7154027839684,55.8211812639328,79.1523937951951,93.9113072948296,112.932183687804,8.75382734010839,48.3023218497252,107.582633972168,117.902837310287,138.675308473649,139.502678348172,89.6872102629464,84.3570597449014,91.6531105995178,96.2203169928657,87.0689550676276,145.021408081055,134.768903139011,139.909205994049,78.0249476156829,17.5132893724314,58.8666729817864,167.008908081055,14.2546200961583,42.6298499215733,43.6993306439286,144.843566894531,0,174.158239511343,95.415356412847,135.078705596924,0,161.719203404018,141.259552389888,157.457158015325,144.037261962891,163.067157745361,0,143.262438964844,0,169.48342023577,220.398254394531,151.715194702148,175.090661621094,0,236.579483032227,186.433456420898,148.376327514648,103.056399027507,169.291203816732,133.499105031867,0,178.759976196289,182.929219970703,140.041922598174,164.69554574149,158.205992889404,0,0,181.699913024902,174.525443077087
109.381958007812,108.51874760219,117.675373840332,72.8401992631995,56.7621320724487,17.508717863924,10.5311199650793,74.8586324691773,26.3757540895374,18.2477303743362,63.8034416096551,64.0892562866211,15.3475171773202,146.476425170898,48.3023218497252,7.15390769937481,0,146.225784301758,0,0,57.3423822103453,0,74.0953929506499,115.746253013611,36.2464570248347,140.508187188043,148.181252797445,132.849583625793,76.7513382775443,43.4669820056872,87.0066070556641,0,34.9389233668645,88.944766998291,36.3458084478611,0,0,0,0,105.857020060221,0,136.069531758626,0,0,55.0254995557997,129.169382095337,0,101.821022033691,0,130.010803222656,97.3056449890137,0,0,0,0,87.480073928833,0,0,0,85.8240948727256,0,0,156.864547729492,116.583457946777,177.176696777344,0,0,0,0,154.955825805664
105.924127578735,64.3694432576497,78.2146822322499,38.9394647928745,58.9223384857178,0,0,81.2462563147912,100.176250457764,48.9431733403887,70.9581146240234,131.801055908203,0,0,107.582633972168,0,13.2342143866557,93.3395197941707,0,102.766544342041,75.0837020874023,21.7942278898516,30.7517148405886,15.7882665741989,32.0992083385564,95.2999954223633,103.462724304199,34.0379167637265,40.8640539066361,88.4505191040039,66.3753225689843,0,0,63.9112892150879,69.6549459096548,0,0,102.995569458008,50.1854287379206,0,0,0,121.28377532959,163.386657714844,170.152923583984,0,0,0,0,151.447479248047,0,88.8451048533122,127.345323736017,0,146.940338134766,0,102.240180166144,50.0075341647433,88.7558168812565,122.904943466187,0,139.052520751953,90.6603585972505,128.2324057685,105.724876403809,102.720687321254,0,0,97.4634552001953,101.420407295227
93.357996688937,49.1664913543968,36.5785756018166,58.6709705547992,129.516935649671,170.287979125977,144.746064609951,97.8966561087838,124.348920089461,113.516862037854,132.532390836685,42.075123385622,218.750366210938,70.7948422701854,117.902837310287,146.225784301758,93.3395197941707,10.1559837501762,56.9312338650023,24.2215000565646,172.417810712542,58.1551013656438,70.1570831969544,27.7085959864745,122.345768664257,64.2540333611625,26.9016963501799,59.3553542751127,110.628562429372,96.5117777302957,71.2193352169223,75.0300676822662,166.071318562826,87.3422277758935,33.2684132085056,159.731192016602,110.26167678833,99.0549444838377,91.0614458200883,203.286193847656,0,194.454097747803,153.143102010091,180.076985168457,185.940689086914,170.366404215495,122.75234413147,0,138.984546661377,183.636754353841,0,128.475800458123,102.0851306654,0,115.815240598192,0,151.107973371233,106.325175975931,109.404912609264,161.297299194336,0,97.6944428688569,97.4016022350699,168.907785589045,190.320020403181,141.006632804871,127.515062967936,0,0,105.9913000627
126.744442409939,51.6831836700439,81.4704700469971,57.3866809123271,0,0,136.42720413208,129.143989562988,137.417048427037,133.778467814128,169.533157348633,18.680138218124,169.773345947266,39.7864459853574,138.675308473649,0,0,56.9312338650023,7.04315577787294,9.82289765360469,160.629699707031,104.582511425018,97.9285653155783,88.2170485834922,153.043962751116,40.442813278908,20.7495096601108,53.0197769483787,162.558603922526,112.822891893058,115.568749719737,49.7616131794022,93.3379859924316,105.466491699219,50.8617589946538,0,0,140.000839233398,77.6006298065186,0,0,0,0,0,0,0,100.768127441406,0,79.6678767204285,0,0,0,132.027969360352,107.690643310547,89.2881240844727,0,0,151.931365966797,0,0,71.2725739112267,90.0700349171956,91.1162072606834,0,0,0,97.2089889526367,0,0,0
118.204272424607,52.7133908191873,71.1819040172703,60.0772943659447,153.121973673503,173.180641174316,163.349034118652,130.996402071923,144.27241970014,132.886574586233,151.008219632235,20.8789145276245,223.844879150391,45.4185842069468,139.502678348172,0,102.766544342041,24.2215000565646,9.82289765360469,8.8375750881258,173.104705810547,85.5452816550796,92.1235344040562,61.7226424756536,138.453988467946,45.6240664248197,25.1715161274716,63.5313570652413,138.021150476792,111.422690088561,97.6159948862787,53.6008312572132,139.879773457845,97.2051027954602,41.3811516419808,152.514907836914,116.360862731934,116.835356939407,69.3567585945129,0,0,0,159.855539957682,204.035743713379,0,176.144027709961,135.264923095703,0,89.2229265485491,0,0,150.264953613281,113.699045883982,0,102.82361681708,0,181.355613708496,148.05712890625,136.585744857788,0,86.8505395253499,96.8686018088429,106.912414645361,189.634582519531,192.475677490234,169.772288004557,101.807779947917,0,0,112.657323201497
76.6986770629883,0,124.407502068414,67.3369781070285,13.8866970736753,104.747234889439,36.2855772959502,38.0120142144217,71.9678088514838,55.4418533914457,17.024366604665,137.643285478864,13.862439724994,0,89.6872102629464,57.3423822103453,75.0837020874023,172.417810712542,160.629699707031,173.104705810547,11.2013711385452,137.34139251709,90.2800173078265,155.43901485867,16.866566549766,171.855219523112,156.528057575226,123.230185116039,27.0545423159872,86.710585827071,0,0,115.539120737712,75.9083068847656,83.0931469762048,0,0,0,83.5423614184062,24.550763837256,0,136.500499323795,111.755885580312,150.09148311615,80.386091131913,131.966222985998,0,34.4020089715719,0,151.34237234933,0,0,0,0,0,46.2344131926968,0,140.799034118652,151.664619445801,91.2530706080985,0,0,181.594509124756,123.6132431825,165.193502153669,0,0,0,0,150.406267166138
66.2623613743694,105.751440048218,60.0148539619554,45.1033695904518,115.03151067098,159.346893310547,121.944403512137,59.545327167762,99.1809464968168,48.5996799400875,94.9948704059307,87.0794052124023,0,113.451546563043,84.3570597449014,0,21.7942278898516,58.1551013656438,104.582511425018,85.5452816550796,137.34139251709,10.0910995969254,44.075179064482,23.1389241288404,23.0513183595908,120.244995117188,91.3972361124318,63.6065591870175,18.214683117713,56.4278522710905,24.5230848931975,115.520408630371,0,49.776395016726,42.1151419365755,121.359963989258,0,122.058059446273,62.0416583266913,0,0,0,117.132290522257,190.997680664062,60.0400922438678,126.914268493652,198.604278564453,0,182.653381347656,143.181776046753,0,96.9227386474609,125.412624705922,0,153.690223693848,0,98.4750850511634,58.5021677319281,99.8968015226928,102.624093797472,0,151.757912317912,115.420718121272,105.063077634519,115.706375513321,100.783173473169,0,0,103.836133956909,107.58345486073
91.3566632704301,23.331961711977,39.7301265467768,42.9968106596755,56.2220577024064,111.52462387085,99.050286429269,77.1649684906006,105.990419338911,25.8479545994809,89.9956717655576,85.543155157744,65.6871825626918,77.3974532417629,91.6531105995178,74.0953929506499,30.7517148405886,70.1570831969544,97.9285653155783,92.1235344040562,90.2800173078265,44.075179064482,6.9813235342649,41.1671085879904,28.5943458288173,64.0825947814466,81.0696064977801,33.9873569537022,51.8540257272419,74.1692075803298,48.3015314389582,97.1082639694214,114.701881408691,60.9201968649159,61.6838504275213,127.903739929199,136.465026855469,88.4498251311633,26.8919374230264,126.745170593262,0,118.089828491211,99.1636189052037,161.08024597168,50.9476807912191,132.956667582194,105.299921671549,0,112.288803100586,129.946090698242,0,51.6644709043414,96.0410095741009,112.022315979004,141.822357177734,117.628285217285,77.4318138122559,13.9361141315878,57.9513152440389,84.5959814071655,86.078723362514,111.364907657399,64.1469851484393,101.196164783679,154.055737304688,63.2116809844971,111.66259765625,0,50.289924621582,88.0660073129754
80.6700977208349,58.0750927558312,22.4163234512151,42.3911527247136,103.196796735128,143.680549621582,108.463383663906,66.5816873024112,94.2611999485626,83.5604312929333,87.1559144648539,69.8915596516927,143.136596679688,91.6684181213379,96.2203169928657,115.746253013611,15.7882665741989,27.7085959864745,88.2170485834922,61.7226424756536,155.43901485867,23.1389241288404,41.1671085879904,13.38673680445,55.1624521305908,108.066206359863,49.8440201518431,36.6694941255048,46.8457780112838,83.3018096945752,48.8033216255354,106.380271911621,145.876459598541,62.3629543746727,39.7862003606076,149.425600687663,131.136840820312,88.9966416181817,52.9661503497205,184.731994628906,0,162.35053507487,141.289467204701,172.701191711426,114.234033584595,149.578774007161,135.691055297852,175.316680908203,179.125396728516,172.662362416585,0,95.5003562776169,100.769246951554,157.729923248291,131.030343010312,175.56022644043,106.246156134972,54.5035402058963,92.3137937268338,133.494878190287,151.896533966064,120.928490937646,88.4815491696015,129.501350717807,159.252954755511,117.797139529524,168.923645019531,0,134.809051513672,98.9224882302461
66.2486445885578,78.5902900558581,97.2356726399968,40.7115971871337,20.7349389304407,77.7155504014757,77.7225148176947,52.9217638237404,77.767985618919,21.9029757518546,60.4289190992277,130.838569054237,16.1316647020791,120.870823579676,87.0689550676276,36.2464570248347,32.0992083385564,122.345768664257,153.043962751116,138.453988467946,16.866566549766,23.0513183595908,28.5943458288173,55.1624521305908,9.84877304658929,108.146983737037,123.43449044606,89.9083456773024,19.9064467826403,63.0984716003451,62.2976071743205,153.816680908203,124.724285798914,62.2445076765623,77.2570662546446,109.087104472708,0,137.808796153349,56.8643415272236,88.0548015209513,199.31477355957,112.472735087077,98.4854667569384,130.618922194389,49.7465697302335,100.173609559641,0,87.9532700997812,144.184555053711,128.701389988766,0,96.9931640625,147.974588394165,0,166.666488647461,86.8123589484922,97.8435607085357,68.7035933274489,138.125721168518,66.5800647600109,148.898137410482,177.914540100098,135.005181161981,100.102551856492,123.661068876584,107.938439718107,0,159.921600341797,127.316820526123,120.903256135828
136.128289540609,21.809270876806,60.7182426452637,21.0241936088956,138.517237345378,166.378112792969,0,152.13362121582,144.155471801758,101.409680282238,0,28.3007407426596,133.01721572876,20.1576948842718,145.021408081055,140.508187188043,95.2999954223633,64.2540333611625,40.442813278908,45.6240664248197,171.855219523112,120.244995117188,64.0825947814466,108.066206359863,108.146983737037,9.24563603788375,39.8381219446306,20.7912346505474,130.267687921939,101.701677867344,133.921745300293,43.0972946166992,86.3766250610352,133.643218994141,57.9810047149658,164.459945678711,75.3269882202148,112.937355041504,60.1390574947818,0,0,0,177.754501342773,0,127.204813276018,0,54.0478690542826,168.744903564453,54.0405169059196,0,0,0,113.689079284668,77.7418924967448,70.2699639320374,0,0,97.933352355957,0,140.360543145074,40.9492359030513,67.0510653733088,69.4563093207552,0,0,0,73.916918856757,0,0,79.3539214134216
113.812526163848,39.839790108265,28.2003817977733,41.3079575120865,137.362682933539,158.134896414621,150.12427752531,115.943385291938,135.641892512329,120.254311546285,135.345912409353,23.2904599245192,173.16429901123,18.5083826257181,134.768903139011,148.181252797445,103.462724304199,26.9016963501799,20.7495096601108,25.1715161274716,156.528057575226,91.3972361124318,81.0696064977801,49.8440201518431,123.43449044606,39.8381219446306,12.4095647457859,29.5113113949575,119.664620847826,118.810149699393,102.530786383468,23.3751902728229,173.329322814941,116.661832289262,58.7512803429143,156.920673370361,100.225330352783,92.8447145066171,81.1573147773743,172.583958943685,0,230.578201293945,166.565650939941,0,159.749697875977,196.238662719727,104.89708145805,0,80.8932802377503,171.157789230347,0,141.227615356445,92.7106716276154,103.113994598389,94.1627440982395,152.476821899414,162.33430480957,116.262083573775,120.500934812758,176.484644208636,65.6562089832551,85.1753386475823,87.4284954350274,204.691499982561,206.205749511719,0,100.075647700917,0,0,91.4596225738525
123.755194814582,24.144338930042,31.6941942289197,34.8570981136445,117.102698935602,188.830337524414,151.99264894213,104.843052143804,137.74133247694,105.671118752669,122.79573767768,48.2895424051105,131.697071075439,20.2554740902304,139.909205994049,132.849583625793,34.0379167637265,59.3553542751127,53.0197769483787,63.5313570652413,123.230185116039,63.6065591870175,33.9873569537022,36.6694941255048,89.9083456773024,20.7912346505474,29.5113113949575,12.309536058607,78.4177499243951,121.204589318833,105.028206616596,10.7548341785288,171.167447771345,102.33090506027,58.2937292138908,149.120681762695,97.9543718905062,86.0751280301689,65.9576327977357,173.514686584473,0,166.608306884766,146.198434319295,168.198034847484,149.392685699463,166.32176399231,102.911394755046,161.977027893066,75.3581260405865,176.381027713899,142.938827514648,106.367535043935,94.5789761449776,97.482205254691,102.042805828626,187.318698883057,119.581108093262,73.1671793910435,94.8380092958861,138.964236764347,61.9314041296641,88.8950608200573,85.1543567308514,145.164655462042,162.887004089355,134.820781071981,95.3095289531507,0,0,92.7157539645108
63.9005953089064,103.855306123432,75.3714291137807,49.0492926344256,14.5734462643211,113.057456970215,59.7812758901845,23.7129501922098,70.8256258476572,45.1640773339705,21.3855265696445,135.911534529466,39.1611937127023,146.637867803159,78.0249476156829,76.7513382775443,40.8640539066361,110.628562429372,162.558603922526,138.021150476792,27.0545423159872,18.214683117713,51.8540257272419,46.8457780112838,19.9064467826403,130.267687921939,119.664620847826,78.4177499243951,8.4988156973395,66.4873844605677,30.6449165916452,143.892171223958,120.994940480878,56.9349801755737,65.2410110054779,114.861509125808,0,140.184548764615,61.9088898089237,34.4854478927563,0,127.28396063683,104.112666822249,139.541448094295,80.5768207151498,123.057120491938,0,95.6661362483584,0,132.931603970123,97.6392974853516,89.7961805592413,155.886441707611,0,187.629344940186,100.040424303292,91.1828763539555,65.9744437128051,126.486185950202,89.2732224915644,0,195.914169311523,132.327488373737,107.052060607516,128.829231099385,102.615719753029,0,178.7483253479,118.136577606201,122.757443361504
14.3890424432285,124.786869742654,113.336297425357,67.5776809766216,80.1601175040253,17.634796101028,36.8674727999464,51.2852429803516,25.1853817169834,60.1814828224431,77.2607834815979,63.5978390942449,91.0029479560502,89.9923525890672,17.5132893724314,43.4669820056872,88.4505191040039,96.5117777302957,112.822891893058,111.422690088561,86.710585827071,56.4278522710905,74.1692075803298,83.3018096945752,63.0984716003451,101.701677867344,118.810149699393,121.204589318833,66.4873844605677,9.12269503076954,32.1183061009776,145.963592529297,7.318860237682,11.2239541711444,27.8166735603196,140.98456400091,0,155.740483856201,77.592775337427,121.87768016142,0,157.99315071106,126.882806227982,159.741357886273,116.711162143283,171.637396812439,0,192.013163248698,209.6796875,154.073368770975,0,105.610393778483,162.67055452787,0,191.671798706055,181.661170959473,104.818391799927,67.1118946075439,144.626486714681,115.683222775343,0,170.474161588229,168.943597201643,120.144637677655,141.808989899068,116.135991923014,0,0,116.553461074829,146.683276367187
28.1893220637974,101.566134134928,76.7022538848477,50.5959204491959,112.83196144104,106.993058776855,86.1798327309745,14.1177413755365,69.015251722204,51.4549639513416,92.1963350122625,97.5329103088379,131.510752360026,126.722788085937,58.8666729817864,87.0066070556641,66.3753225689843,71.2193352169223,115.568749719737,97.6159948862787,0,24.5230848931975,48.3015314389582,48.8033216255354,62.2976071743205,133.921745300293,102.530786383468,105.028206616596,30.6449165916452,32.1183061009776,10.6586986073678,133.756980048286,105.224269443088,33.4318962061517,33.9154137185621,114.556676737467,0,132.118838090163,65.5539622497559,218.116760253906,0,176.579277038574,111.181130660208,147.231674194336,78.0455085754395,0,0,0,0,140.367272949219,0,97.6152914027975,141.334563191732,0,172.145519256592,176.743423461914,100.186794994723,61.1640839700805,107.995281433105,109.59281943185,0,152.542574564616,131.86498281118,108.322720714451,129.747067956363,106.863671294914,0,0,102.729881286621,113.497511826552
0,55.7723210652669,84.8892555236816,57.1063339233398,0,0,145.142283121745,150.732284545898,176.870171546936,130.141506195068,159.014526367188,26.1559636606692,0,9.15538609203106,167.008908081055,0,0,75.0300676822662,49.7616131794022,53.6008312572132,0,115.520408630371,97.1082639694214,106.380271911621,153.816680908203,43.0972946166992,23.3751902728229,10.7548341785288,143.892171223958,145.963592529297,133.756980048286,6.00346605907115,103.203018188477,114.204536437988,63.898283515178,0,0,106.143692016602,90.0854606628418,0,0,0,0,0,0,0,102.462727864583,0,79.4657318115234,0,0,0,134.269287109375,0,100.198890686035,0,0,0,0,0,69.4462332725525,92.5800450642904,95.6338505744934,0,0,0,92.5774383544922,0,0,0
73.7097170352936,90.4943466186523,170.859748840332,122.347224765354,118.209930419922,12.9518689450558,27.9041255154741,109.723975722854,15.7569548178687,100.960003662109,110.774694115775,63.601710660117,103.006047534943,64.7454566955566,14.2546200961583,34.9389233668645,0,166.071318562826,93.3379859924316,139.879773457845,115.539120737712,0,114.701881408691,145.876459598541,124.724285798914,86.3766250610352,173.329322814941,171.167447771345,120.994940480878,7.318860237682,105.224269443088,103.203018188477,4.43505718069013,88.5289974212646,41.9813490347429,0,0,231.765914916992,128.746368408203,185.318786621094,0,0,172.037887573242,202.132141113281,0,175.421920776367,0,0,0,0,0,0,0,0,0,0,0,0,0,175.209449768066,0,0,213.845504760742,178.412636893136,192.185356140137,0,0,0,0,197.164070129395
36.2428712844849,86.4380645751953,109.400394916534,57.4304750760396,66.3547015556922,127.510284423828,89.50548137318,56.8530375872772,73.0151612954062,52.6616926613976,67.5869016091385,78.3287886664981,89.6804569789341,121.361017862956,42.6298499215733,88.944766998291,63.9112892150879,87.3422277758935,105.466491699219,97.2051027954602,75.9083068847656,49.776395016726,60.9201968649159,62.3629543746727,62.2445076765623,133.643218994141,116.661832289262,102.33090506027,56.9349801755737,11.2239541711444,33.4318962061517,114.204536437988,88.5289974212646,7.28041162717272,24.9194332500722,120.523498535156,0,0,68.3027295758647,137.685473124186,0,0,111.391006469727,149.421035766602,111.25341796875,0,0,0,0,146.824352264404,0,98.6432545979818,0,0,0,0,98.0470123291016,53.4078779220581,120.838931274414,102.920447308084,0,163.508425394694,149.711212158203,111.532020263672,138.204142434256,107.935956319173,0,0,90.725715637207,102.499454498291
68.3997312249078,57.6636409978757,49.3401341798047,59.0295891510813,90.0343050365606,40.6558142481623,56.6407690759433,82.799364501651,57.6886962326206,68.9909437466291,81.0387715055999,26.6921030086849,90.6227363586426,41.670319488755,43.6993306439286,36.3458084478611,69.6549459096548,33.2684132085056,50.8617589946538,41.3811516419808,83.0931469762048,42.1151419365755,61.6838504275213,39.7862003606076,77.2570662546446,57.9810047149658,58.7512803429143,58.2937292138908,65.2410110054779,27.8166735603196,33.9154137185621,63.898283515178,41.9813490347429,24.9194332500722,10.9036537237336,133.416107177734,122.409526824951,90.9861946105957,79.2503007368608,118.605934143066,0,177.331527709961,129.002454121908,178.456122262137,0,151.936167399089,112.848838806152,0,137.981587727865,163.30301767985,0,102.992728339301,102.018071583339,172.56071472168,115.57975769043,218.575836181641,111.829992082384,68.4419884314904,102.591563962541,121.664951540389,0,113.697396313703,99.9074603541616,129.902726437183,155.0450980145,133.403750492976,0,0,139.374226888021,107.508596567007
121.455024719238,0,160.633257548014,72.6324049631755,121.952980041504,0,137.906016031901,120.739877488878,136.57233101981,139.64208984375,139.319103240967,213.990753173828,0,0,144.843566894531,0,0,159.731192016602,0,152.514907836914,0,121.359963989258,127.903739929199,149.425600687663,109.087104472708,164.459945678711,156.920673370361,149.120681762695,114.861509125808,140.98456400091,114.556676737467,0,0,120.523498535156,133.416107177734,7.77859279120139,109.009404695951,95.8066650189851,58.4312440787566,75.3827535629272,0,76.1537707010905,33.5826028408839,57.6411670361246,56.1059633850292,56.8155090942383,127.30367417769,73.9322078704834,136.69421005249,9.85727529625301,99.3636337280273,67.8927104347631,87.3463038833252,122.305531150416,103.624630249238,76.6628389029667,54.2251703566399,70.5166594561409,73.1128123583715,56.6444558971656,0,105.396637580071,109.603374306215,60.5327346801758,9.25764172540874,19.5019355570116,139.88122982449,0,28.402850078814,53.2141090987441
0,75.8116340637207,99.5960671561105,66.4028466542562,0,0,0,0,0,0,0,88.5549392700195,0,78.2726617540632,0,0,0,110.26167678833,0,116.360862731934,0,0,136.465026855469,131.136840820312,0,75.3269882202148,100.225330352783,97.9543718905062,0,0,0,0,0,0,122.409526824951,109.009404695951,9.41520435864546,35.1241225948581,17.7424171073492,0,0,122.104782104492,124.71514415741,131.319966634115,80.8500487474891,106.834615071615,69.038425233629,0,43.2527666645665,129.334255981445,119.703140258789,66.1987077331543,45.5790783865898,77.8512598673503,49.6693088022868,0,86.2213020324707,21.1046105943365,56.5075527253698,79.1964077139801,20.6952770930872,37.5541104033499,30.4544314105114,104.950732549032,113.525994437081,102.974743843079,68.8258277274467,0,0,47.6634735410864
157.557393391927,54.3305320739746,82.5650795286736,58.1123502657011,169.917958577474,0,180.250019073486,145.14697102138,171.9349738227,0,162.304252624512,147.884569803874,0,147.366485595703,174.158239511343,0,102.995569458008,99.0549444838377,140.000839233398,116.835356939407,0,122.058059446273,88.4498251311633,88.9966416181817,137.808796153349,112.937355041504,92.8447145066171,86.0751280301689,140.184548764615,155.740483856201,132.118838090163,106.143692016602,231.765914916992,0,90.9861946105957,95.8066650189851,35.1241225948581,14.5121212275245,41.2856291824287,115.846321105957,0,114.562112500591,84.676628527434,113.152956248633,92.5962479001,97.1850200325552,91.6999195378001,138.319769287109,89.0406215579011,107.94140204998,135.940185546875,70.9558405123259,29.0944437511908,89.8183288574219,62.456443915496,124.510450883345,63.7455009400375,42.5722861597093,22.4100505220502,85.2229523250035,60.5443178812663,23.0022690599368,19.9781733541518,78.1617243584879,115.843250979548,50.8309184610844,94.8952552477519,124.519073486328,123.791744656033,54.8206048381927
76.0790356603162,58.4100456237793,74.0853422164917,19.092456796964,74.3599234236048,130.027931213379,89.4197269786488,72.9220357715574,92.6968729624491,19.8731024995142,92.2390119804526,97.3669981275286,53.8661868355491,59.209045753479,95.415356412847,0,50.1854287379206,91.0614458200883,77.6006298065186,69.3567585945129,83.5423614184062,62.0416583266913,26.8919374230264,52.9661503497205,56.8643415272236,60.1390574947818,81.1573147773743,65.9576327977357,61.9088898089237,77.592775337427,65.5539622497559,90.0854606628418,128.746368408203,68.3027295758647,79.2503007368608,58.4312440787566,17.7424171073492,41.2856291824287,16.5077172860332,73.533192012621,173.057647705078,70.6841293970744,46.0766601948,77.934476130217,15.088627057289,74.5021327733994,37.6418104171753,54.3540335155669,37.8247213406996,74.9921193488674,68.2557741800944,39.8919122593723,54.5765375007561,66.9710006713867,51.7236431148379,75.381803894043,43.6450723561648,29.7900740344829,46.944902354176,32.8995641572883,22.2030133710627,39.8790802271186,36.0088296649315,44.7610320781187,69.8632278522862,53.0688399536615,68.1489362409038,96.8288688659668,61.9866849626814,57.7693528454713
80.4794845581055,0,169.158893585205,83.531958050198,22.7483834968163,0,129.516450972784,108.285174608231,110.107609430949,85.9481381868061,33.1438121052492,0,53.882448144155,0,135.078705596924,105.857020060221,0,203.286193847656,0,0,24.550763837256,0,126.745170593262,184.731994628906,88.0548015209513,0,172.583958943685,173.514686584473,34.4854478927563,121.87768016142,218.116760253906,0,185.318786621094,137.685473124186,118.605934143066,75.3827535629272,0,115.846321105957,73.533192012621,8.44153121668992,0,65.479590603905,66.957785067351,89.2980748523365,47.7778532895175,15.433392950802,0,27.2765131193526,179.990859985352,91.7441475947927,80.3580048878988,97.9055938720703,161.288841247559,0,157.216835021973,12.124383508331,113.41146697998,92.0018081665039,105.411590576172,19.5310821416639,0,151.305722163274,121.835902743869,18.068818065015,90.0421509154855,153.863830566406,0,130.089384460449,92.2382965087891,91.0826347589493
0,0,0,0,171.190719604492,0,0,0,0,0,0,0,0,0,0,0,0,0,0,0,0,0,0,0,199.31477355957,0,0,0,0,0,0,0,0,0,0,0,0,0,173.057647705078,0,6.47059782863319,9.90640057392523,105.21706644694,8.96776268069196,55.3656938913706,92.8703745524088,53.993268421718,74.9537098533229,0,23.8790334253756,12.441458097039,0,0,0,0,93.2675123214722,0,97.1764507293701,147.384140014648,73.2266023996714,0,170.269454956055,156.394897460938,108.968435434195,22.4992780019367,0,0,10.2025488885606,0,31.0663035832919
