9.91512129516366,193.456802368164,113.305071512858,93.3246283097701,102.888422012329,98.8979740142822,95.3498741248985,35.8948831235207,49.7533490356099,87.2898630142212,48.6440875957559,127.335996870561,103.589331436157,138.534201049805,25.9271301663468,93.8236134847005,0,121.358670784518,147.528963906424,139.026108481667,111.194655736287,95.6386781809281,111.944586435954,105.856429947254,92.0940354445885,165.520172119141,139.15191032773,147.251750156797,95.0287499986253,21.320474724807,31.9387657364221,161.776830037435,85.9347369454124,86.6612764086042,91.170882914326,0,0,180.88264465332,80.949275970459,0,0,155.304412841797,143.152492099338,199.013066609701,166.235397338867,198.930488586426,0,119.199253082275,0,174.181091308594,0,136.033950805664,0,0,218.608047485352,0,0,164.57479095459,207.725580851237,126.489123789469,0,0,203.343301773071,141.698251612046,0,0,0,0,0,206.874969482422
193.456802368164,7.39899422719309,54.9658257240473,20.3878852563484,239.863983154297,0,183.010894775391,155.642128944397,154.159127129449,80.9973950036592,185.090141296387,78.9756704218247,204.01481628418,58.7117710832047,157.979557418823,113.271767616272,72.5273042406355,57.0174386351259,83.4242014633982,65.9145291868623,0,113.593926111857,23.139990532499,68.3546377752245,90.5524115249759,21.3765631700375,48.602913065909,32.8600979603196,125.390333322378,133.889038487485,110.249556405204,68.1630386181092,0,0,64.2419567272581,0,0,103.463848114014,113.023420333862,0,0,206.839385986328,182.981948852539,0,198.922286987305,0,117.23334757487,0,114.882883707682,0,0,106.073650360107,152.966288566589,0,126.319579124451,0,129.092948913574,0,125.042349243164,140.261717478434,86.1825225830078,116.776733985314,116.936038525074,154.331598069933,0,133.389389038086,132.94006892613,0,0,166.182371520996
113.305071512858,54.9658257240473,14.8967030845723,49.071328989768,165.141311645508,178.361439296177,138.442964710909,105.834789818711,126.20116325766,128.300257632607,127.75957310786,91.4986786452321,137.377243041992,126.452321007138,130.628407345129,182.574213663737,98.533789379762,37.8352540172931,101.811877925222,75.581638412096,184.689326695033,71.6061388340373,66.1805876373614,39.4752501815078,125.716536117554,105.865127563477,43.1493651030476,43.6821845978181,96.8434435643792,130.176801365225,87.8183686803491,107.141732897077,175.499338003305,126.539370986651,72.1307011857282,184.185084025065,101.077597141266,97.7143678197321,86.5911027440485,0,0,224.56164855957,176.189334150674,196.741911046645,191.73285929362,184.184121131897,160.156697591146,213.521148681641,185.638660430908,199.277606419155,245.875747680664,128.989857309872,116.77336262223,161.388404846191,144.966994285583,210.52564239502,148.488539444773,93.8020379245281,113.302366595035,158.015669784546,156.862752278646,116.234630316831,101.139508907975,173.58171248436,208.807545055043,169.761756331832,180.081573486328,0,169.488474527995,124.923486220098
93.3246283097701,20.3878852563484,49.071328989768,10.2133215989549,89.190325285259,0,101.213366537383,76.1102182806992,107.998918298173,18.030838018888,94.3857894588161,90.6327521903383,97.7126077651978,69.2110680527956,126.679085951585,94.7949517567952,35.7395425516446,64.5623795629262,83.6751208245,73.2990170049365,93.1745111374628,61.4877093547099,23.6979001322258,58.6366371136167,47.617457928024,30.7345856207512,54.0159165468053,46.9504851001101,70.6531039421132,90.6579272062882,63.6848251530381,71.959900397759,120.752906799316,65.2533106650076,76.1429246708199,147.452037811279,73.8951121966044,63.2897092757687,11.0891262064241,92.9663534164429,0,116.488947732108,97.8233689642572,121.349731792103,51.5971457672119,104.611115809849,124.774319648743,89.8359146118164,95.4643196969662,153.026078542074,0,56.6786285824246,78.0720735157237,118.313098104377,71.2386692750801,179.924545288086,72.2370256077159,9.4867091275276,76.6407875087526,64.4926491184185,66.6263158146928,72.1758999673944,70.3751731017346,85.7367465266475,139.129832967122,88.6449780957452,117.801122553208,0,122.916927337646,90.3559194196735
102.888422012329,239.863983154297,165.141311645508,89.190325285259,9.30538582316506,115.461540222168,64.665585838533,79.7563382466634,98.8435934125589,55.1166499279163,20.3572049341464,174.057342529297,25.1479884834201,187.556355794271,122.368419022396,64.3234265255729,0,197.964538574219,187.770210266113,199.732864379883,12.8348301352182,122.259918212891,124.879821777344,132.529861450195,14.0712079801313,0,189.898800936612,169.298647562663,20.0895360112244,109.17753841031,126.594079759386,219.994964599609,140.089863703801,97.806334904262,108.11177134196,0,169.54133605957,0,83.2543728351593,12.7029575700209,0,165.588964288885,157.961059570312,176.367370605469,104.622173752896,165.70195370276,0,68.9465665930793,0,192.046503702799,141.346555074056,154.06086730957,225.726043701172,0,0,16.1757704161462,196.513412475586,157.268035888672,0,129.79568390799,0,0,209.637634277344,156.336734503088,0,0,0,0,218.992553710938,242.187850952148
98.8979740142822,0,178.361439296177,0,115.461540222168,8.36457893776959,14.7075358997172,126.539436664987,21.940693096788,91.2694320678711,120.403725504875,79.930785369873,110.35251296194,88.036434173584,32.875964033298,15.0222784609008,103.8115234375,108.056175231934,113.735080718994,239.198165893555,121.227961730957,123.27911567688,0,129.772117614746,123.923491923014,0,156.967203140259,159.711784362793,145.953347426194,37.9453341417974,119.780798339844,149.80567741394,13.6768806983574,0,84.2151657984807,0,0,0,163.44694519043,0,0,0,0,201.956390380859,0,0,0,110.389297485352,0,0,0,0,0,0,0,0,0,0,0,189.98762512207,0,0,0,215.246589660645,0,0,0,0,0,0
95.3498741248985,183.010894775391,138.442964710909,101.213366537383,64.665585838533,14.7075358997172,14.0428830114006,70.6166295200533,24.1283071379247,77.2986489567188,34.7645148989366,145.8339779324,27.5455742001984,144.205122375488,69.6822025658573,16.3542726175014,123.12385559082,167.946621377128,172.088488769531,173.528837795915,43.5721970958005,131.952938753016,140.947824478149,147.684469359262,88.4951149740527,150.527057647705,171.264402267036,168.37277851934,73.8544137747638,76.9398122354716,114.590435492474,175.592461585999,30.6995102013985,109.841200828552,69.8510895336375,0,0,211.289909362793,100.136887770433,125.712482791477,0,166.596902947677,167.206650832604,201.698422749837,132.282133622603,177.799301749782,0,55.6934751363901,224.322067260742,206.12272644043,138.719917297363,159.514633178711,223.777450561523,0,222.771118164062,148.696121673584,198.373132324219,0,204.58837890625,146.973100771223,0,210.438674926758,203.003117879232,161.044911673899,191.610819498698,146.010192871094,0,0,140.977752685547,190.101043701172
35.8948831235207,155.642128944397,105.834789818711,76.1102182806992,79.7563382466634,126.539436664987,70.6166295200533,14.692979107281,68.428205507707,60.4241039823666,31.7202054956165,161.092928923378,91.914575669372,179.286748739389,65.7492366717338,85.9106882329573,109.848755576394,123.652081825177,170.996030171712,154.875094827452,81.084219350224,74.0010720322043,84.8304366790991,96.6517376485482,64.0644844235353,162.247352600098,147.224091341684,131.191836340648,41.5016166359412,69.0074696989649,31.8791888756945,178.638301768201,125.773008866744,79.0731428857881,99.2072840135045,150.715688622516,152.475231933594,177.669783455985,79.8129329275578,144.817380575486,195.33765411377,155.435599201857,131.823840357046,165.074881620185,118.610066123631,152.959141765732,222.992889404297,148.549084557427,209.438217163086,175.257253546464,151.071371078491,141.639988817487,197.055249459403,228.975120544434,222.78116607666,144.019273411144,158.20969216483,125.713136434555,166.367676240852,121.245370519526,196.905330657959,196.767146470812,179.164722241853,134.535048411746,160.074544684831,145.650250508235,230.876113891602,193.544036865234,153.127143513073,162.806108726645
49.7533490356099,154.159127129449,126.20116325766,107.998918298173,98.8435934125589,21.940693096788,24.1283071379247,68.428205507707,14.267822660884,85.2367353492609,45.4476956418955,117.10563430557,88.8772067635962,113.41390343235,26.1908863322359,34.8314636764726,148.786890302386,141.047616391682,149.470583382299,161.101562917529,97.0337335329323,113.066143049965,128.726837793986,130.414430546311,96.5136663742674,144.849830627441,154.899616463577,163.932057518459,96.1764401619479,55.3899503284688,87.2088942319318,136.345838210162,23.5658331798645,108.760439845494,107.97579328036,195.820755004883,0,191.481133094201,97.1805661010742,157.870966158415,0,175.503652052446,153.113470688365,178.586550124148,128.931976318359,171.088003892165,236.119237263997,111.71781539917,130.866485595703,202.178194318499,194.925465901693,163.74836730957,204.920495169503,172.127029418945,235.8720703125,145.537175717561,175.270518376277,174.167205810547,209.98353767395,140.13815472126,222.452590942383,209.810573924672,199.651988651441,156.161174026961,182.257404963175,159.488627842494,0,0,172.381356811523,187.420037841797
87.2898630142212,80.9973950036592,128.300257632607,18.030838018888,55.1166499279163,91.2694320678711,77.2986489567188,60.4241039823666,85.2367353492609,8.43869575682063,74.8575002863166,153.905814704545,11.4877108098309,138.277212868636,108.03259892957,21.0571933233832,93.0853179931641,135.764781556189,159.675765991211,148.460237698292,30.5286457899845,87.2158367450421,34.1799785821009,128.308285832405,26.9590865916649,113.029913334364,129.626059851094,117.730199998143,58.2404119184353,80.0307071236358,65.2185213465086,152.117164339338,146.810643513997,67.6717892923663,113.837081012726,232.076309204102,0,150.78498840332,48.0033288410732,114.282863758228,0,121.171748074618,113.883339309692,145.857995351156,59.462251663208,122.264948527018,197.519470214844,68.1035280040666,194.028997247869,153.967512277456,107.70329284668,129.297257995605,176.630792890276,0,205.643249511719,121.373778915405,124.02326520284,106.113439559937,150.067381722587,91.5390561672267,192.758377075195,199.621657978405,186.290332169966,116.708854814515,141.826088905334,112.492734909058,196.101894378662,167.317840576172,188.33748626709,146.368807792664
48.6440875957559,185.090141296387,127.75957310786,94.3857894588161,20.3572049341464,120.403725504875,34.7645148989366,31.7202054956165,45.4476956418955,74.8575002863166,16.6168277615603,162.252254106422,33.5098630787806,172.636223275321,88.35570295752,72.4631367520803,146.317771911621,150.741135324751,173.682830438381,178.745931917078,17.3214136481027,98.7026968860122,105.320252811207,122.869478000824,76.4454734754859,157.810152053833,167.708943264544,153.274803848267,40.855590457541,100.93526767123,101.651764187524,187.174656012119,124.702074770896,97.6842158473818,104.414304941926,154.800051879883,209.358805338542,187.058544158936,94.078746519227,125.956597782317,0,168.652808090736,157.353881553367,185.552806123774,109.450953710647,167.389702003881,179.741302490234,103.150729962957,174.475479125977,205.21428280785,173.927925109863,156.264068603516,221.857028961182,0,247.916275024414,112.970184260226,178.222881541533,166.477731704712,181.960076071999,136.451521462952,0,196.918773651123,197.763114929199,159.318694629563,184.254080200195,175.790893554688,0,201.658157348633,185.349807739258,187.702532087054
127.335996870561,78.9756704218247,91.4986786452321,90.6327521903383,174.057342529297,79.930785369873,145.8339779324,161.092928923378,117.10563430557,153.905814704545,162.252254106422,15.771548685155,145.482807452862,34.865611078879,80.8894572359993,123.798110961914,129.596356025109,58.1993996243418,29.5720056450726,38.6037574002883,160.838074886438,116.67771770336,117.654957978622,91.406679315262,163.433590922636,40.8754715652241,48.0185394208593,81.0896122902328,157.543767741307,81.360888938073,128.842168131833,56.1485879918759,70.7654672677176,121.895986096612,28.9578579576276,186.653717041016,140.060394873986,152.783779568142,119.025183359782,0,0,0,215.189007568359,218.852504730225,191.130264282227,0,100.952659395006,146.308815002441,94.8134997633637,209.38166809082,0,177.253325242263,148.831388326792,106.207189771864,127.346808864646,0,205.764833722796,145.105235290527,171.873952692205,200.780874633789,98.5984719016335,118.553461262201,120.514173040746,210.611796787807,207.104263305664,185.078852335612,107.046364784241,0,0,144.671605917124
103.589331436157,204.01481628418,137.377243041992,97.7126077651978,25.1479884834201,110.35251296194,27.5455742001984,91.914575669372,88.8772067635962,11.4877108098309,33.5098630787806,145.482807452862,13.0586964276474,168.407399984506,115.405757390317,25.0323024587679,0,202.219260475852,180.045091756185,179.941878374885,16.5337916222736,108.083824157715,88.4737596511841,221.200157165527,24.3884637054791,142.514007568359,187.283838411657,189.660049930696,44.2564373462705,111.587380563927,152.660184686834,184.670629164752,124.053463083453,119.59838903518,103.024884119521,0,0,0,103.526082038879,55.1266920294943,0,139.711732362446,171.325081565163,135.996214972602,109.598197147764,132.847241378412,162.993225097656,16.0945509760058,209.239364624023,157.170501708984,129.495089213053,0,180.762557983398,0,0,81.3860141310361,0,0,0,130.170096134317,0,208.273782348633,215.110293070475,158.790061796554,176.444213867188,210.926864624023,0,0,195.579360961914,149.761344909668
138.534201049805,58.7117710832047,126.452321007138,69.2110680527956,187.556355794271,88.036434173584,144.205122375488,179.286748739389,113.41390343235,138.277212868636,172.636223275321,34.865611078879,168.407399984506,8.78646335524424,101.706982547664,152.24196434021,95.6440505981445,116.828955448035,54.1429020486227,73.397983441137,177.737832205636,160.322360698993,91.5943619778911,143.844146728516,156.815593970449,20.2415035734322,48.8438142715955,38.352091008867,181.729494499438,98.1238721211751,170.535135904948,22.311641935837,89.0404234886169,133.404444376628,56.8276526661126,169.431396484375,121.587210002698,169.127721150716,95.5519100889868,0,0,0,227.578053065709,0,182.368026733398,170.62646484375,90.373710181978,176.130427042643,80.5400428730327,223.274434407552,216.761962890625,188.392105102539,152.943980341372,94.6180306106317,112.266536835701,0,207.5556640625,138.751273777174,182.939181009928,198.405027770996,69.9394858363784,100.262476497901,98.9955165228528,223.481819152832,111.612269592285,192.24065246582,94.0568528665927,0,0,119.77890386814
25.9271301663468,157.979557418823,130.628407345129,126.679085951585,122.368419022396,32.875964033298,69.6822025658573,65.7492366717338,26.1908863322359,108.03259892957,88.35570295752,80.8894572359993,115.405757390317,101.706982547664,14.3580971195498,70.7714102608817,182.035074869792,140.204551248951,117.32009219215,132.611767055406,115.866663898121,115.776094316066,121.149199874313,129.612812352997,115.085607819638,98.398354212443,146.756089849881,150.154249608517,116.705772749497,30.0225090868956,78.1223431854713,119.184293356809,17.9272835074988,81.2162847160397,63.2294881630661,191.271110534668,0,195.168841044108,121.95258557355,156.855890274048,0,176.027826482599,169.834114469331,199.798857915969,159.017702738444,193.27712873979,137.12801361084,118.986879294259,148.978462219238,208.505067189535,0,175.709953308105,213.454736328125,219.983444213867,229.84853515625,158.420023831454,183.724367777507,159.36812210083,206.116033281599,158.799797092785,151.97626953125,189.840385783802,196.356005520291,169.442864579421,207.258640636097,174.810188293457,169.28525797526,216.917709350586,186.001182556152,195.343039376395
93.8236134847005,113.271767616272,182.574213663737,94.7949517567952,64.3234265255729,15.0222784609008,16.3542726175014,85.9106882329573,34.8314636764726,21.0571933233832,72.4631367520803,123.798110961914,25.0323024587679,152.24196434021,70.7714102608817,8.81637532218956,0,181.150690714518,0,173.49814860026,54.4605250236316,192.666549682617,75.1739412454458,135.940788269043,48.8325400730685,146.951181265024,157.348968505859,143.20647354126,76.6536023073418,98.8450852670977,131.873107910156,0,51.7914542686649,103.653310775757,82.7600616975264,0,0,0,101.094467163086,126.521489824568,0,132.431299845378,162.416481018066,0,89.992847442627,163.934916904994,0,58.8069731167385,0,0,206.028350830078,0,0,0,218.444404602051,89.2992909749349,0,0,0,136.780769893101,0,0,0,155.723224216037,191.69694519043,0,0,0,0,182.058670043945
0,72.5273042406355,98.533789379762,35.7395425516446,0,103.8115234375,123.12385559082,109.848755576394,148.786890302386,93.0853179931641,146.317771911621,129.596356025109,0,95.6440505981445,182.035074869792,0,13.6408781696357,113.8235908145,149.416458129883,137.540869140625,0,28.8484873985215,28.0125655308029,26.536257477067,34.9103878069361,103.2229347229,126.63041274849,32.9040565150754,39.2499693310151,101.727211952209,93.4429754804271,190.335479736328,164.755386352539,108.344647725423,85.4019586450913,188.761894226074,120.624171257019,126.380614971292,64.3549370552177,0,0,208.531379699707,156.034317016602,175.424587249756,116.238396384499,175.663507080078,171.016586303711,0,0,182.091522216797,0,97.8740040060915,150.434435599191,0,180.263430786133,0,114.371170797318,65.7738510506063,105.757219792756,111.303668354833,159.545562744141,162.428742659719,110.880928602375,129.738934315426,188.965873718262,127.090626693353,0,0,149.85907236735,130.277450414804
121.358670784518,57.0174386351259,37.8352540172931,64.5623795629262,197.964538574219,108.056175231934,167.946621377128,123.652081825177,141.047616391682,135.764781556189,150.741135324751,58.1993996243418,202.219260475852,116.828955448035,140.204551248951,181.150690714518,113.8235908145,12.9811699349998,63.4319040347368,22.3117983043194,183.35365041097,76.3151414119127,97.6737479635588,26.7981389353742,142.592649362949,72.1031881570816,39.7301615184835,72.5972733486721,114.956311034319,118.339600871498,88.6940727473805,111.77907575187,169.381813049316,123.741360724727,45.1975596087565,201.424417114258,123.847702503204,111.646038683827,104.25591748826,211.154472351074,0,217.289184570312,192.486594017516,210.158768503289,180.242324829102,201.280607435438,157.387923500755,198.470077514648,159.019183688694,211.615703876202,0,155.051546031031,122.183179671506,159.765365600586,126.97644441778,0,174.062035083771,114.884251594543,136.848154035108,178.569038570628,118.583880469913,114.631668313445,115.468182263109,189.255093198834,216.814178466797,180.613232316642,159.148091634115,0,199.885915120443,129.431361144444
147.528963906424,83.4242014633982,101.811877925222,83.6751208245,187.770210266113,113.735080718994,172.088488769531,170.996030171712,149.470583382299,159.675765991211,173.682830438381,29.5720056450726,180.045091756185,54.1429020486227,117.32009219215,0,149.416458129883,63.4319040347368,9.866042425407,28.3262916217961,184.001077270508,134.149366651263,122.655320739746,105.012171763294,184.40999332551,45.3679847717285,35.1065895264576,72.1315525996405,175.221358726765,107.508037850516,142.358088874817,51.7267987333495,98.0286464691162,147.210127258301,66.6040071847943,216.865234375,116.260419209798,138.10620880127,151.40485534668,0,0,0,227.594398498535,238.550598144531,149.974365234375,0,110.581309088345,0,99.6567156592081,203.613159179688,0,189.016273498535,159.445929485819,107.618964475744,120.524135965697,0,0,149.013051350911,201.002187093099,211.399710083008,87.9758169000799,111.418046390309,112.100204957033,239.311126708984,0,178.402740478516,110.704431507685,222.162368774414,0,135.911082217568
139.026108481667,65.9145291868623,75.581638412096,73.2990170049365,199.732864379883,239.198165893555,173.528837795915,154.875094827452,161.101562917529,148.460237698292,178.745931917078,38.6037574002883,179.941878374885,73.397983441137,132.611767055406,173.49814860026,137.540869140625,22.3117983043194,28.3262916217961,11.8845329859116,175.909436543783,122.408810777867,116.434259195243,75.5200485085371,159.919620684215,53.9870250237682,38.5730310013774,73.3074178509216,151.097478215566,117.577124607758,113.394101187821,66.7915904014573,127.679976327079,131.477076810949,51.4933329374315,215.469005584717,118.107233683268,132.700970879916,116.063383669467,0,0,0,199.766277019794,222.572631835938,207.38999067034,0,136.439966554995,178.297218322754,122.848572446589,212.108763474685,0,180.127426147461,130.769706990169,120.602517214688,119.340629405975,0,183.580074603741,156.28525797526,163.169359297979,202.999482896593,91.4564821196765,110.387928779161,116.649383816137,206.184638977051,191.028559758113,197.027759752775,125.35652328119,0,0,126.436736993622
111.194655736287,0,184.689326695033,93.1745111374628,12.8348301352182,121.227961730957,43.5721970958005,81.084219350224,97.0337335329323,30.5286457899845,17.3214136481027,160.838074886438,16.5337916222736,177.737832205636,115.866663898121,54.4605250236316,0,183.35365041097,184.001077270508,175.909436543783,9.36533699572697,0,0,182.561953226725,21.3711893617627,0,192.201356367631,204.633443659002,27.16989575773,113.163169462784,155.277336120605,194.980019705636,135.441645170513,116.17679977417,106.578414330116,0,0,0,78.0294712291044,18.4340341643589,0,169.312024203214,174.187643051147,186.924090576172,104.155688762665,166.081858195956,0,13.7428225897565,0,224.610473632812,145.365737915039,0,0,0,0,29.6988878010563,0,137.350646972656,0,131.724987681319,0,0,0,153.524435610385,195.402320861816,0,0,0,0,188.029154459635
95.6386781809281,113.593926111857,71.6061388340373,61.4877093547099,122.259918212891,123.27911567688,131.952938753016,74.0010720322043,113.066143049965,87.2158367450421,98.7026968860122,116.67771770336,108.083824157715,160.322360698993,115.776094316066,192.666549682617,28.8484873985215,76.3151414119127,134.149366651263,122.408810777867,0,16.3590451429432,58.6240507715542,36.9819442350404,56.3123336592625,130.493566894531,116.674323831892,83.3560855520271,37.9648562197292,59.4059957592181,33.2114829070614,175.760093688965,173.863552093506,40.4606537728235,50.9780832082781,162.660491943359,145.897953987122,147.074457740784,77.7926019430161,162.008880615234,0,172.649459838867,143.393437703451,175.440331353082,114.949278051203,178.630600873162,188.264050292969,159.651092529297,215.150505065918,204.080174372746,150.85969543457,113.015198614107,169.643753217614,189.788291931152,188.897064208984,168.719818115234,122.769251804275,85.4615341022702,124.183802708954,118.743409611168,170.001141357422,177.985005547019,142.446295420329,131.135399280517,147.53231048584,123.10741857755,224.514953613281,0,134.016941672877,142.001124400013
111.944586435954,23.139990532499,66.1805876373614,23.6979001322258,124.879821777344,0,140.947824478149,84.8304366790991,128.726837793986,34.1799785821009,105.320252811207,117.654957978622,88.4737596511841,91.5943619778911,121.149199874313,75.1739412454458,28.0125655308029,97.6737479635588,122.655320739746,116.434259195243,0,58.6240507715542,9.58237349648581,64.9472218062323,36.6951496077336,65.8524993240908,99.5005809153829,38.9615997714987,67.4084523603651,87.3700241332358,62.180635280021,113.457726069859,147.433624267578,77.0032431079495,73.1757631027835,121.671775817871,103.998954772949,87.3054039294903,39.1353900188055,130.217361450195,0,139.669605255127,129.544922276547,154.578289794922,120.701327853733,157.061595916748,161.575588226318,83.5670318603516,141.021025521415,158.914074367947,0,73.0083923603837,138.737528765643,191.679107666016,174.98576482137,173.375595092773,95.021216670445,30.1546507132681,86.9346539963521,95.0210647941195,149.884479522705,153.234836967624,94.9974572574391,108.855881345445,132.431643168132,97.9196284224347,147.545372009277,0,119.618374633789,125.226490020752
105.856429947254,68.3546377752245,39.4752501815078,58.6366371136167,132.529861450195,129.772117614746,147.684469359262,96.6517376485482,130.414430546311,128.308285832405,122.869478000824,91.406679315262,221.200157165527,143.844146728516,129.612812352997,135.940788269043,26.536257477067,26.7981389353742,105.012171763294,75.5200485085371,182.561953226725,36.9819442350404,64.9472218062323,18.7103069950842,87.4771236068828,85.6858762105306,90.1506949007468,55.5192640024426,68.0844490990643,90.7336976526531,63.8800028855321,125.440049580165,163.264539082845,95.0732774861654,51.5725188836459,198.160939534505,114.705377124605,112.226043588051,90.24775592259,236.897689819336,0,217.627883911133,172.712676650599,207.476255871001,163.175137329102,186.365466469213,175.670252482096,0,160.245483398438,192.419937133789,0,106.653536968428,137.539195517888,208.861587524414,156.763174468396,224.871658325195,130.072785840505,92.8936942349309,116.001413152339,146.499368221202,213.942359924316,134.95983862283,112.053539522233,154.900046598564,182.613270895822,150.555362277561,199.216913859049,205.199966430664,173.475999832153,138.197333622905
92.0940354445885,90.5524115249759,125.716536117554,47.617457928024,14.0712079801313,123.923491923014,88.4951149740527,64.0644844235353,96.5136663742674,26.9590865916649,76.4454734754859,163.433590922636,24.3884637054791,156.815593970449,115.085607819638,48.8325400730685,34.9103878069361,142.592649362949,184.40999332551,159.919620684215,21.3711893617627,56.3123336592625,36.6951496077336,87.4771236068828,14.8992177307471,122.323869090699,142.24142881121,93.9176132316133,31.0209444667162,89.8722957065714,77.641249080499,173.969962252103,142.859961615668,79.9557292209798,99.6265663986147,138.343485514323,148.68260023329,158.884545363389,65.862377293342,69.6322393971757,191.541478474935,145.350293151144,124.016275740277,154.084913299983,92.74008578616,141.838963366312,214.967246055603,91.0512798162376,204.553564707438,164.042074488497,168.962888313062,112.851719030048,177.578645603631,211.195068359375,212.326232910156,133.919280432321,120.947902029855,94.9517185871418,137.602424120183,107.002699897323,185.663343641493,190.536513036611,158.524944994823,123.012861716473,149.300077199272,120.992121661151,218.843589782715,190.088624318441,129.98775896614,145.909684233613
165.520172119141,21.3765631700375,105.865127563477,30.7345856207512,0,0,150.527057647705,162.247352600098,144.849830627441,113.029913334364,157.810152053833,40.8754715652241,142.514007568359,20.2415035734322,98.398354212443,146.951181265024,103.2229347229,72.1031881570816,45.3679847717285,53.9870250237682,0,130.493566894531,65.8524993240908,85.6858762105306,122.323869090699,7.32640656251208,48.9657258966559,25.6922922263921,158.494407653809,97.722347622826,157.380130767822,46.7802552671622,75.8918121337891,150.739105224609,56.3355216630008,0,91.7676105499268,108.133430480957,48.5754822575769,0,0,0,199.267505645752,237.17658996582,144.16104221344,0,77.9657646737448,198.544342041016,74.1575001270698,173.169128417969,0,163.070587158203,123.769577026367,82.4574096679687,93.3420248031616,203.751327514648,0,142.972941080729,132.025426228841,182.106140136719,45.2398073388896,79.6035963585441,78.8976838898443,190.332539876302,169.624176025391,168.053970336914,83.2075389129947,0,0,97.1086271726168
139.15191032773,48.602913065909,43.1493651030476,54.0159165468053,189.898800936612,156.967203140259,171.264402267036,147.224091341684,154.899616463577,129.626059851094,167.708943264544,48.0185394208593,187.283838411657,48.8438142715955,146.756089849881,157.348968505859,126.63041274849,39.7301615184835,35.1065895264576,38.5730310013774,192.201356367631,116.674323831892,99.5005809153829,90.1506949007468,142.24142881121,48.9657258966559,21.7400778326782,50.1784483519132,149.025582339786,132.542219926967,123.340527111551,42.2845509058993,133.945734659831,152.348534647624,75.5676985584794,190.753438534944,119.812273417434,110.900403635629,95.3571277065132,207.74169921875,0,204.634613037109,193.942535255069,208.915520804269,189.404175050797,225.456355285645,120.161482164076,202.260837554932,106.135655121233,210.772901048847,0,167.943934249878,114.239548354709,113.699373822893,111.290064953942,229.252090454102,171.49860681272,144.994506835938,143.204058472539,186.615787040897,89.8401921311142,101.597123938428,105.982242445794,208.877297101702,200.703947957357,177.128747897678,112.531237739829,0,178.7255859375,118.876532296766
147.251750156797,32.8600979603196,43.6821845978181,46.9504851001101,169.298647562663,159.711784362793,168.37277851934,131.191836340648,163.932057518459,117.730199998143,153.274803848267,81.0896122902328,189.660049930696,38.352091008867,150.154249608517,143.20647354126,32.9040565150754,72.5972733486721,72.1315525996405,73.3074178509216,204.633443659002,83.3560855520271,38.9615997714987,55.5192640024426,93.9176132316133,25.6922922263921,50.1784483519132,19.8207572343996,88.4756194587635,137.099015595581,129.728970703466,35.9145447226778,133.398881530762,139.714137813023,75.7667244717974,198.680147917374,116.755179529605,95.6570478166853,79.8450711242154,218.079907226563,193.534484863281,200.646098545619,174.178117104627,195.148141425953,193.984064562567,192.680031516335,120.499513531675,194.318975448608,106.596242320494,198.775626583376,191.628550211589,108.495599276706,117.992966456472,115.896099181837,114.679032763919,210.697148640951,142.606962448511,95.2216131517964,107.073937277945,160.077498435974,88.7095366602726,106.766655386428,100.28135002287,169.690019432021,194.673884651878,167.880239004112,114.011319973126,155.874694824219,166.617570495605,118.535173207254
95.0287499986253,125.390333322378,96.8434435643792,70.6531039421132,20.0895360112244,145.953347426194,73.8544137747638,41.5016166359412,96.1764401619479,58.2404119184353,40.855590457541,157.543767741307,44.2564373462705,181.729494499438,116.705772749497,76.6536023073418,39.2499693310151,114.956311034319,175.221358726765,151.097478215566,27.16989575773,37.9648562197292,67.4084523603651,68.0844490990643,31.0209444667162,158.494407653809,149.025582339786,88.4756194587635,15.704509605779,92.0355063965715,49.1134179554047,189.581976148817,145.960413419283,75.6114097084069,79.9479765564107,145.689346313477,161.843150838216,167.58318145752,82.6553559013035,93.8064822916891,0,163.633553412653,131.907823996285,163.660065363912,115.334723644722,160.04348513689,197.356494140625,125.767928222767,228.830612182617,168.228721295715,169.802267074585,121.969849487069,181.961614990234,216.761360168457,227.292734781901,91.8221664707835,128.184688816485,106.249830961227,147.065855092016,119.420035129123,219.24195098877,198.565971374512,163.724452164214,136.240136096262,152.46535741503,128.978643803303,0,221.171671549479,143.685640386633,153.45467766126
21.320474724807,133.889038487485,130.176801365225,90.6579272062882,109.17753841031,37.9453341417974,76.9398122354716,69.0074696989649,55.3899503284688,80.0307071236358,100.93526767123,81.360888938073,111.587380563927,98.1238721211751,30.0225090868956,98.8450852670977,101.727211952209,118.339600871498,107.508037850516,117.577124607758,113.163169462784,59.4059957592181,87.3700241332358,90.7336976526531,89.8722957065714,97.722347622826,132.542219926967,137.099015595581,92.0355063965715,13.0686203742154,37.0908655986804,113.755803798272,16.9363107796006,23.3439247994017,43.9020152847034,162.678787231445,192.008735656738,174.04660172896,110.606848790095,156.498239135742,0,172.001155090332,154.726250958291,188.9962025518,121.864968193902,177.103176116943,221.921012878418,116.278102556864,163.140658569336,184.805179172092,0,136.477042833964,197.853105243884,180.523544311523,191.539524332682,159.469803946359,147.196502685547,141.202898198908,184.715527428521,138.86138533495,124.244010925293,179.824022928874,183.065521992428,150.494804682694,166.665652641883,140.479881023539,140.253601074219,0,158.450276888334,178.301899719238
31.9387657364221,110.249556405204,87.8183686803491,63.6848251530381,126.594079759386,119.780798339844,114.590435492474,31.8791888756945,87.2088942319318,65.2185213465086,101.651764187524,128.842168131833,152.660184686834,170.535135904948,78.1223431854713,131.873107910156,93.4429754804271,88.6940727473805,142.358088874817,113.394101187821,155.277336120605,33.2114829070614,62.180635280021,63.8800028855321,77.641249080499,157.380130767822,123.340527111551,129.728970703466,49.1134179554047,37.0908655986804,13.1570502113181,163.100860595703,121.480729910044,50.3779801593958,47.1741562608136,124.301127115885,150.730413164411,150.077199032432,80.0496727438534,161.743041992188,0,172.222354125977,133.583604176839,161.909994858962,110.197792856317,168.680760519845,163.19091796875,158.467300415039,202.399998982747,170.298266995338,0,116.553103533032,171.358194732666,0,194.155148592862,171.39852142334,123.248546055385,96.0501944143561,136.537535508474,114.322668365186,214.564208984375,180.046940347423,167.886708654539,124.520073862754,138.10461776321,124.336493853226,0,0,124.416207885742,153.021803538005
161.776830037435,68.1630386181092,107.141732897077,71.959900397759,219.994964599609,149.80567741394,175.592461585999,178.638301768201,136.345838210162,152.117164339338,187.174656012119,56.1485879918759,184.670629164752,22.311641935837,119.184293356809,0,190.335479736328,111.77907575187,51.7267987333495,66.7915904014573,194.980019705636,175.760093688965,113.457726069859,125.440049580165,173.969962252103,46.7802552671622,42.2845509058993,35.9145447226778,189.581976148817,113.755803798272,163.100860595703,15.1883708309249,110.474266560872,166.703033447266,78.7867126363389,229.984550476074,124.650311470032,170.863418579102,119.382714135306,0,0,0,228.486286708287,166.167442321777,198.784561157227,228.738632202148,103.21557086447,181.164235432943,96.4458039530208,131.062408447266,0,212.127571105957,155.015612515536,105.555082775298,122.353556994734,215.087509155273,177.825236002604,151.011102294922,188.825843811035,217.439471076517,86.5178900687925,108.69820156294,107.723157529144,0,200.85188293457,192.685760498047,105.090860059184,0,0,138.875503988827
85.9347369454124,0,175.499338003305,120.752906799316,140.089863703801,13.6768806983574,30.6995102013985,125.773008866744,23.5658331798645,146.810643513997,124.702074770896,70.7654672677176,124.053463083453,89.0404234886169,17.9272835074988,51.7914542686649,164.755386352539,169.381813049316,98.0286464691162,127.679976327079,135.441645170513,173.863552093506,147.433624267578,163.264539082845,142.859961615668,75.8918121337891,133.945734659831,133.398881530762,145.960413419283,16.9363107796006,121.480729910044,110.474266560872,5.25652847278863,123.690803527832,45.2966863878312,0,0,0,0,221.3623046875,0,0,189.999877929688,0,0,226.93327331543,0,137.954237365723,146.897048950195,207.87865447998,0,223.351470947266,215.641296386719,0,155.300170898438,0,0,0,0,192.568353271484,0,247.691436767578,171.689071655273,208.654479980469,0,181.763748168945,0,0,0,0
86.6612764086042,0,126.539370986651,65.2533106650076,97.806334904262,0,109.841200828552,79.0731428857881,108.760439845494,67.6717892923663,97.6842158473818,121.895986096612,119.59838903518,133.404444376628,81.2162847160397,103.653310775757,108.344647725423,123.741360724727,147.210127258301,131.477076810949,116.17679977417,40.4606537728235,77.0032431079495,95.0732774861654,79.9557292209798,150.739105224609,152.348534647624,139.714137813023,75.6114097084069,23.3439247994017,50.3779801593958,166.703033447266,123.690803527832,9.62086244671248,22.9634843952414,151.462549845378,0,150.84252166748,80.4207264826848,203.877166748047,0,161.597625732422,147.512222290039,173.961407979329,107.56866645813,191.421691894531,0,155.441889444987,0,171.130388532366,159.055847167969,129.239156723022,217.030906677246,0,0,144.164159138997,128.22572257302,123.252703348796,162.089645385742,123.004361545338,160.179122924805,167.992721557617,182.867709350586,137.455096672321,155.009971618652,121.510762214661,0,0,0,185.539922714233
91.170882914326,64.2419567272581,72.1307011857282,76.1429246708199,108.11177134196,84.2151657984807,69.8510895336375,99.2072840135045,107.97579328036,113.837081012726,104.414304941926,28.9578579576276,103.024884119521,56.8276526661126,63.2294881630661,82.7600616975264,85.4019586450913,45.1975596087565,66.6040071847943,51.4933329374315,106.578414330116,50.9780832082781,73.1757631027835,51.5725188836459,99.6265663986147,56.3355216630008,75.5676985584794,75.7667244717974,79.9479765564107,43.9020152847034,47.1741562608136,78.7867126363389,45.2966863878312,22.9634843952414,12.9554261211651,193.619506835938,129.155746459961,122.394507937961,96.4925994873047,119.894606018066,0,177.005994524275,152.745590331062,201.067894345238,128.988945007324,201.045908610026,137.020795186361,140.659429073334,129.225641523089,192.062022908529,0,121.160028015137,131.573418176475,138.561151677912,132.655467033386,138.781883239746,134.645795413426,103.699482195305,137.211983904426,140.3372838974,134.897591677579,127.565736106272,124.62437553074,150.611550891672,181.79737294515,143.546279430389,130.522966861725,200.375640869141,157.657600402832,147.303049029726
0,0,184.185084025065,147.452037811279,0,0,0,150.715688622516,195.820755004883,232.076309204102,154.800051879883,186.653717041016,0,169.431396484375,191.271110534668,0,188.761894226074,201.424417114258,216.865234375,215.469005584717,0,162.660491943359,121.671775817871,198.160939534505,138.343485514323,0,190.753438534944,198.680147917374,145.689346313477,162.678787231445,124.301127115885,229.984550476074,0,151.462549845378,193.619506835938,10.7009520491245,129.896849632263,126.003548474816,100.147085475922,107.481656344432,105.852146148682,106.863495599656,33.5206964365788,49.9484045034272,92.3405163764954,91.7621136727156,145.655094361641,120.372286478678,156.327239990234,23.6759560216657,76.8189234052386,110.291484126338,114.330738504885,149.873033046722,135.605560493469,107.285080871582,71.0704511030665,108.338607947032,104.043144808471,87.2203894395095,143.709323247274,139.069142760652,152.089014190236,91.8901083355858,21.9245815759069,34.1238328383501,164.437104119195,96.1762634913127,31.2303061335499,64.0075519931489
0,0,101.077597141266,73.8951121966044,169.54133605957,0,0,152.475231933594,0,0,209.358805338542,140.060394873986,0,121.587210002698,0,0,120.624171257019,123.847702503204,116.260419209798,118.107233683268,0,145.897953987122,103.998954772949,114.705377124605,148.68260023329,91.7676105499268,119.812273417434,116.755179529605,161.843150838216,192.008735656738,150.730413164411,124.650311470032,0,0,129.155746459961,129.896849632263,8.74977179553502,48.5576606151486,28.8928078220004,219.013214111328,163.049652099609,172.504390716553,130.461172567832,160.717248916626,82.1782711067254,146.76056879217,87.2940351424679,185.500228881836,64.7537172866056,164.139473316281,127.177711204246,62.2051111174024,57.6668337375746,92.9666932758532,63.2498486657152,140.477691650391,106.300418940457,26.0624288261359,65.6066235488986,89.6791762704248,25.252807340749,51.411210474265,36.8270328939924,116.161571190005,144.14805802055,115.990076262375,79.6203529543993,0,142.146404690213,65.5714135292249
180.88264465332,103.463848114014,97.7143678197321,63.2897092757687,0,0,211.289909362793,177.669783455985,191.481133094201,150.78498840332,187.058544158936,152.783779568142,0,169.127721150716,195.168841044108,0,126.380614971292,111.646038683827,138.10620880127,132.700970879916,0,147.074457740784,87.3054039294903,112.226043588051,158.884545363389,108.133430480957,110.900403635629,95.6570478166853,167.58318145752,174.04660172896,150.077199032432,170.863418579102,0,150.84252166748,122.394507937961,126.003548474816,48.5576606151486,12.2311853889257,48.9853022446235,172.16990852356,183.630336414684,146.549500068609,107.537225578201,130.941837525622,136.836699712844,115.33733494156,120.836827477743,192.396959940592,116.176969316271,131.6032256373,0,98.5908689806538,44.5629377648137,122.264143943787,82.9359928477894,202.775337219238,70.2968331542969,45.6050581759961,33.00674710349,119.150017626145,89.6068686208417,37.9227510934382,30.4697876492836,102.626454676115,145.006542499249,103.182864431125,113.581625529698,178.007255554199,132.734013175964,81.3110452878897
