12.9143083893815,136.325673421224,99.163038079587,91.2310600280762,97.5854920607347,75.9222143072831,91.7043707431891,28.5704361294794,57.2063912960791,71.6634844904361,50.7033925715441,154.21657409668,94.6511476223285,145.869964599609,15.3553724718895,0,0,94.904140641204,145.683100382487,130.545878716235,93.0901188850403,73.8462243513627,82.0641145706177,81.1175431877536,83.5456815662951,0,126.164016086829,127.075404319034,74.8016358169855,23.1533175849347,22.497211898337,162.628699562766,88.4488966200087,44.8660427729289,90.8629531264305,185.164413452148,158.716873168945,159.495664897718,88.8915748596191,164.084533691406,0,175.251426696777,138.564524841309,189.19507598877,86.4108409881592,153.931552886963,0,0,0,171.245590209961,0,154.941312154134,170.559746636285,0,203.607788085938,0,194.416595458984,133.677806854248,182.015981038411,123.266142995734,0,183.371760050456,158.911831665039,133.085673891265,184.021942138672,142.315282185872,0,0,122.08177947998,164.287887573242
136.325673421224,8.45373212847983,43.6573552518788,37.9028970371274,118.426406860352,0,172.758819580078,124.525218616832,157.343664550781,70.1972785326514,147.823578574441,58.6459964064301,135.549392700195,46.7766709955115,152.958938598633,109.763961791992,85.6793077087402,50.8366432060892,70.0896144866943,56.980521648745,165.106582641602,114.876332900103,23.9218232008903,69.948233319312,85.1568531751633,19.3280907863443,41.0523624083984,30.5935057075569,121.816674126519,127.971005347467,106.882544315223,78.9830804712632,0,116.542620340983,62.5764365007648,181.335601806641,67.3482625484467,90.1259343244027,86.9281261150654,0,0,0,197.590642293294,175.888824462891,159.802932739258,0,75.8019053141276,0,76.1776504516602,0,0,78.6565856933594,87.1444635987282,119.702308654785,97.0556661671606,0,167.977735519409,144.293630327497,106.489692687988,177.993626912435,70.0214175348697,90.4339310328166,85.690969982884,135.506113688151,0,125.113506317139,120.59895324707,0,130.176712036133,99.6796565808748
99.163038079587,43.6573552518788,12.7676599499887,44.0530992356675,130.192794799805,180.106659783257,142.029343982076,91.2048434994438,130.954631309102,136.335977172852,105.825822981768,80.2303992377387,164.211278438568,83.5238651752472,118.469003655704,149.261895751953,92.199347957488,39.7635511279665,87.2111240884532,61.2361611490664,137.813775380452,72.0623704940877,48.7422760550384,21.9718430614121,125.028524738469,79.4589678446452,25.9385255372142,33.6819471395354,86.7275223324646,110.012069279945,80.9312664217955,84.225752556461,170.260969274184,114.955028533936,56.532243811383,171.953530447824,79.0795285589045,89.143548340633,74.042261317029,0,0,211.675483703613,165.44882244534,185.223801185345,163.79645211356,185.096535273961,129.53616914295,0,139.476097106934,178.038108189901,235.410446166992,122.899885296822,97.7692732268412,131.942337036133,112.615608627732,170.193008422852,128.837402979533,83.2083040085514,103.896323389977,160.943658539743,123.277867126465,95.8118414133787,89.869669959143,138.953960465796,182.786554336548,137.909788949149,145.120714823405,0,140.134289550781,105.562655259463
91.2310600280762,37.9028970371274,44.0530992356675,45.0211275454723,63.0897525242397,110.712922137717,93.4312574632706,65.595777502012,92.3802519308554,29.2058061406067,76.0809449548986,69.7458242566398,83.2995718787698,49.6778085953599,94.453950640799,56.3027641773224,51.2112554322428,56.2645501637891,70.0661608378092,58.3502064659482,72.7519978609952,53.8851034430784,23.9441160581389,54.9677310028968,42.2381817479386,40.3703777385208,43.1518533921066,38.6055091792409,53.694190616211,70.8099583979253,53.8711804626146,73.714656829834,128.877855682373,55.4299510898012,61.1319749115379,123.488678826226,55.5372222777336,85.4133931477865,28.8274910242661,147.648101806641,170.924362182617,168.426651000977,119.901368429494,119.743646240234,79.3335790634155,127.392579214914,64.014509677887,0,49.806808124889,144.327151707241,0,80.7055465153285,76.6568892035686,101.542922973633,96.8499652317592,109.908615112305,79.0415620070237,37.2443008422852,98.598137022957,92.5778305634208,65.5511984476229,77.5469696087664,69.853217577656,109.077485220773,122.040310668945,87.7661826971805,123.756977081299,0,67.6921020507812,88.3769359977878
97.5854920607347,118.426406860352,130.192794799805,63.0897525242397,8.76149738326214,120.914256286621,75.9468281509092,66.5286731013545,101.452176111395,55.555079638958,14.5978078653982,166.190368652344,28.1586622000335,171.337921142578,102.909112101853,56.1455375069066,71.9925524393717,152.111426035563,0,201.821975708008,12.5062258629974,156.651092529297,70.8947920799255,114.146610736847,24.9637990120699,0,169.780428568522,113.725899036114,12.6439486502283,96.185953421036,100.716014099121,0,133.105739593506,81.4965256282261,101.842951743833,155.837173461914,0,187.028238932292,75.5400448771356,19.8363653229356,0,148.289345703125,130.110110282898,154.900250834803,79.9855651401338,147.458381455944,0,39.7286031217802,0,167.072623697917,0,0,178.24018351237,0,0,35.4749768910757,0,128.984046936035,232.208557128906,98.020915281118,0,201.694427490234,179.709808349609,125.960450390407,162.751127243042,135.142082214355,0,0,143.436576843262,145.625974019368
75.9222143072831,0,180.106659783257,110.712922137717,120.914256286621,6.65889513768064,11.3613589846034,119.209536234538,21.7368435706445,99.8967302495783,110.127701307598,58.6612619253305,104.021970181852,128.372701009115,34.3889295036381,17.6242893407102,0,168.549495697021,99.9920196533203,86.1501052856445,120.062459733751,106.733333587646,108.059857686361,139.612374199761,121.327066334811,0,195.703683762323,138.171801249186,120.684264585196,28.7520981087742,129.62632522583,0,8.79310447927545,131.745582580566,42.6996918607641,201.436679840088,0,0,152.426853179932,0,0,0,174.420458475749,199.286982218424,165.116633097331,211.003939819336,0,125.853645324707,0,217.286054338728,0,119.42928314209,142.575729370117,0,0,192.641036987305,0,131.82502746582,168.889122009277,164.267795396888,0,151.778793334961,0,168.187458385121,167.20140838623,169.890324910482,0,0,190.50838470459,170.667617797852
91.7043707431891,172.758819580078,142.029343982076,93.4312574632706,75.9468281509092,11.3613589846034,12.4642888749786,72.5815761321215,26.9960561670725,86.3912851715088,37.4276111888207,73.8939461283164,26.3975995338963,99.9174013137817,31.2970759553148,12.2388833754077,165.09260559082,170.515516281128,0,140.378569863059,54.6395027084132,123.670504118267,107.217039037634,120.611750554772,92.9193250696424,0,174.266509162055,145.928826545757,79.7935557698095,42.4819370175819,119.730416731401,145.474864959717,25.640139010531,93.3984170346647,61.3235597526227,166.407033284505,0,199.981436157227,118.205248380962,163.329605102539,0,187.781958007813,161.453392178405,179.192484888537,113.218542785645,171.743289693197,247.198852539062,68.5954747517904,0,184.013780593872,0,111.45751953125,219.789199829102,0,0,171.58052280971,139.889694213867,168.913566589355,189.920553207397,137.243577672632,0,209.944723129272,213.164399367112,158.319416779738,183.466702779134,175.728801727295,0,0,161.189372062683,182.069618733724
28.5704361294794,124.525218616832,91.2048434994438,65.595777502012,66.5286731013545,119.209536234538,72.5815761321215,9.97895579830493,72.5295999577511,58.2649890744589,22.4642591902338,149.641246448864,73.4400431315104,159.095201280382,46.1473352263492,80.0075064266429,124.898764038086,116.209945738316,189.834823608398,153.36283820016,108.953969221849,59.0761264816244,89.3623704390092,71.2800301346708,66.7134378417846,157.973922729492,133.09368954449,105.65064869044,27.7910638241953,61.9200761890999,16.7752861749661,173.485010147095,119.758322112414,63.0675583805204,86.4414845592571,130.499577922206,213.460647583008,165.977298902429,73.7974041530064,139.462628451261,221.45051574707,144.139115651449,119.292654209227,147.809829790568,74.5562015490586,144.83917872111,0,109.421447753906,219.513092041016,146.018351647162,119.643676757812,100.67755057595,165.440470377604,0,194.489288330078,149.331132507324,156.976898193359,117.212102254232,151.317880927192,107.37486161126,0,181.777908325195,170.770610046387,119.995892582007,132.658155441284,132.219397433968,0,181.580759684245,127.920032348633,151.119508531359
57.2063912960791,157.343664550781,130.954631309102,92.3802519308554,101.452176111395,21.7368435706445,26.9960561670725,72.5295999577511,11.8718148577155,88.1937706661921,32.8154158055919,83.0824803562029,85.3915141922959,156.747790442573,16.344535412208,38.9712972225447,125.523101806641,151.325608811937,142.380736611106,157.665582136674,99.2819116668701,111.055996770444,123.570022413466,113.098421083827,92.7915083550701,0,161.557447617276,150.98994339837,87.5943591979678,35.1709630067012,91.296125168496,180.447178204854,16.0000518871322,101.472844688638,65.483936359356,166.643202076788,183.350833892822,193.855790879991,103.442604640745,164.592833019438,228.320068359375,170.974531173706,153.598616448908,172.759831896015,112.416488002723,164.250683202976,0,149.17404283796,0,175.377446261319,231.564971923828,170.420496622721,198.355187733968,0,214.792663574219,159.165576934814,180.023547363281,133.236602783203,179.81499922903,137.109691846693,0,209.646616193983,198.035888671875,150.841107407661,174.139723955575,161.335548732592,0,223.188512166341,176.274304707845,182.483643070344
71.6634844904361,70.1972785326514,136.335977172852,29.2058061406067,55.555079638958,99.8967302495783,86.3912851715088,58.2649890744589,88.1937706661921,10.9052086266054,75.3082876388141,118.171500999049,16.810766384139,116.907737029842,84.0647471623969,26.2572721063965,80.7759844462077,116.648849193866,137.11130959647,131.719265407986,62.6100760888362,85.8221242692735,30.9782885036107,85.7183865356445,21.0553201753345,99.7185034948932,129.9357774154,106.179299257925,51.8166910348912,69.8079952278095,58.0664701245637,129.601434326172,109.133172898065,59.6290505241318,78.8416314224818,110.804606119792,0,158.215431213379,28.1982588768005,92.3464326356587,0,122.695739746094,95.1763667671048,122.112169392904,40.3699186289752,122.607190086728,146.906547546387,68.9273803710937,130.220397949219,112.640775044759,63.4191284179688,81.0999546051025,208.363891601562,0,196.24543762207,102.469201138145,144.17049407959,130.756281534831,150.229225158691,72.6129527668377,134.605650838216,179.395000457764,171.610171000163,90.8263625576072,105.724480628967,106.522097660945,0,0,114.094157132235,97.2795267105103
50.7033925715441,147.823578574441,105.825822981768,76.0809449548986,14.5978078653982,110.127701307598,37.4276111888207,22.4642591902338,32.8154158055919,75.3082876388141,11.646241195191,168.790061950684,25.7102704910943,169.386131286621,44.8623422818844,70.100517985026,123.975695292155,144.965354500236,0,186.400093926324,13.8061744920558,81.9220662404256,112.162944301482,89.4998629418879,66.3336993193905,164.751922607422,149.162581105527,121.986424758333,26.2042057870753,88.0516389568725,70.4867401123047,172.490694681803,111.561458110809,78.6739279359252,92.1880709770882,153.927432468959,184.684478759766,190.549169203814,86.711096807731,149.808914284957,205.483266194661,157.55643160381,139.482262975519,160.520722621196,95.5031258843162,153.698208475749,0,125.484558433294,0,169.263279667607,161.046424865723,163.070317586263,182.017520904541,0,0,152.380450227659,0,134.38400050572,172.123924587084,109.472022236767,0,196.554204559326,183.00481499566,141.045734482738,184.7482100777,178.647659301758,0,0,183.562540690104,175.689113193088
154.21657409668,58.6459964064301,80.2303992377387,69.7458242566398,166.190368652344,58.6612619253305,73.8939461283164,149.641246448864,83.0824803562029,118.171500999049,168.790061950684,12.839125323432,137.418823242188,17.9182163698649,94.1741381614439,199.073394775391,139.761627197266,46.915502102907,23.7737894748438,22.8800816655234,0,90.3618248572716,99.0543208039565,89.2363989112083,136.73525651296,25.9668932246417,25.8988370392205,52.2366522737714,139.046881935813,65.4744852576064,103.618088890524,34.2123130141124,47.5435424532209,107.925132751465,21.6203079898511,204.862335205078,86.4630599975586,129.639895629883,94.7287158966064,0,0,0,188.674774169922,0,132.442705154419,0,67.9426441657834,0,66.3578546697443,0,0,0,136.979360580444,95.410719871521,97.5228897333145,0,163.142234802246,138.302301679339,133.652214050293,189.24377822876,56.8955159047657,90.5485518091012,93.8338294215708,0,217.804039001465,0,89.4907180786133,0,0,100.139826456706
94.6511476223285,135.549392700195,164.211278438568,83.2995718787698,28.1586622000335,104.021970181852,26.3975995338963,73.4400431315104,85.3915141922959,16.810766384139,25.7102704910943,137.418823242188,9.6599974598026,0,95.0639858037775,12.9634116919039,87.1256561279297,164.804611206055,0,0,12.9464782867939,133.883277893066,72.7257656642369,141.497028697621,20.0981198840744,138.519714355469,186.333251953125,127.594581059047,45.4803716065176,92.7480709451236,96.1304270426432,0,108.186196987446,95.4494828920107,91.0546716173119,179.908248901367,238.263626098633,223.665634155273,103.501862776907,100.491211096446,0,109.999773025513,170.923435211182,161.661868286133,68.3454279218401,118.090208658358,0,10.8617235180766,0,168.70866394043,57.9974924723307,0,0,0,0,39.6390803001336,0,0,222.662460327148,108.016139227768,0,0,0,154.373534492824,207.563448588053,195.486045837402,0,0,0,200.7109375
145.869964599609,46.7766709955115,83.5238651752472,49.6778085953599,171.337921142578,128.372701009115,99.9174013137817,159.095201280382,156.747790442573,116.907737029842,169.386131286621,17.9182163698649,0,5.94979428878432,161.831336021423,0,0,68.6662850379944,40.5446930863898,48.4395655441284,0,113.982145309448,92.6280090959105,99.827989885884,132.208404194225,17.5479612675754,21.1356024292644,24.0960962635009,163.072033352322,120.84690645006,124.75035564716,9.56315821840845,109.590746879578,102.452786763509,51.0927715598609,0,103.437794772061,148.221267700195,65.8337618509928,0,0,0,197.038436889648,0,144.452673968147,0,64.5168697464634,0,63.0826637094671,0,0,0,108.837287902832,78.4320280745223,74.8746106974284,0,0,116.094651116265,127.298126220703,133.145065307617,48.7400187862659,79.1944290920369,77.8147776925939,181.164695739746,88.9789505004883,173.500045776367,81.4968319251889,0,0,74.9265714574743
15.3553724718895,152.958938598633,118.469003655704,94.453950640799,102.909112101853,34.3889295036381,31.2970759553148,46.1473352263492,16.344535412208,84.0647471623969,44.8623422818844,94.1741381614439,95.0639858037775,161.831336021423,8.64566381296379,37.1355476975441,148.690689086914,116.893112418274,178.644149780273,136.217165413549,100.614313262501,90.3723772027519,107.747980662755,97.4309852834715,92.2785963998714,113.151072184245,146.591439078643,142.82477075486,85.4483896145646,15.9212469542136,60.9176736940466,177.337147465459,13.1623527231435,65.4614742166856,58.4019092843957,162.242410055021,170.304035186768,180.827751159668,103.017998579072,173.410236358643,201.329772949219,172.385971069336,149.590590817861,172.38953225272,103.348006028395,163.215463841215,0,162.434579849243,0,176.731002807617,0,156.873228285048,188.611581655649,0,209.492004394531,154.056186382587,171.607120513916,139.377125666692,190.262684504191,133.124859095982,0,191.655094740126,184.834805894172,145.925203063965,170.32113086934,159.576119695391,0,213.352020263672,165.228346017691,174.9204651682
0,109.763961791992,149.261895751953,56.3027641773224,56.1455375069066,17.6242893407102,12.2388833754077,80.0075064266429,38.9712972225447,26.2572721063965,70.100517985026,199.073394775391,12.9634116919039,0,37.1355476975441,7.87464088412086,0,0,0,96.3166351318359,62.277320155391,201.526763916016,69.6190198088346,129.510330200195,35.1746222624035,168.732192993164,147.206130981445,131.627285003662,78.9509663173131,41.1774819572017,0,0,41.0919401524431,61.7789363861084,36.0378510401799,0,0,0,100.675473531087,96.6573130289714,0,0,151.602890014648,206.170364379883,42.8919219970703,113.07070350647,0,0,0,0,116.460416793823,0,0,0,0,100.805938133827,0,0,0,73.7979670557482,0,0,0,139.593395778111,0,145.253112792969,0,0,0,171.560348510742
0,85.6793077087402,92.199347957488,51.2112554322428,71.9925524393717,0,165.09260559082,124.898764038086,125.523101806641,80.7759844462077,123.975695292155,139.761627197266,87.1256561279297,0,148.690689086914,0,12.907933333879,106.072509256999,0,123.683086101825,0,15.6709448425173,31.5983062446754,18.2932268373019,31.9257557982646,0,114.147061598928,25.0496379554213,25.0246983166769,99.7285832491788,73.2433193751744,0,0,82.2569267272949,77.0981016660991,152.885266621908,117.856323242188,115.780188473788,67.8530912728145,0,0,0,127.382617405483,0,62.9440002441406,0,0,0,0,195.525207519531,0,41.2807720767127,134.018483479818,0,179.540985107422,0,106.725971221924,57.9892313039986,96.9051880755667,134.412608146667,0,147.082290649414,114.484363491252,130.701784261068,115.542882283529,110.273891818139,0,0,93.783805847168,115.66478565761
94.904140641204,50.8366432060892,39.7635511279665,56.2645501637891,152.111426035563,168.549495697021,170.515516281128,116.209945738316,151.325608811937,116.648849193866,144.965354500236,46.915502102907,164.804611206055,68.6662850379944,116.893112418274,0,106.072509256999,8.66203006977519,54.748898909264,22.6757073645677,163.285234451294,48.5948956546315,71.5492628766345,16.4599705632156,124.136500120163,64.2526524861654,33.8903859921122,61.5947455536775,116.243517384631,92.1500091552734,68.6699340960418,84.5763943990072,212.70182800293,97.3614268302917,30.7884378081938,185.422861735026,87.0785556715362,102.063862422156,93.2464531747918,0,0,0,172.797010338825,200.200035095215,0,191.962636311849,136.367136001587,0,160.189138793945,200.510258265904,0,137.806891441345,105.089572400337,118.575729370117,103.831829071045,0,142.060078144073,107.300974479088,121.313546331998,195.075842285156,99.3095419747489,98.7766279376699,98.1674001769771,170.910715738932,190.612677437919,149.645655677432,139.759586334229,0,158.462394714355,111.251638679094
145.683100382487,70.0896144866943,87.2111240884532,70.0661608378092,0,99.9920196533203,0,189.834823608398,142.380736611106,137.11130959647,0,23.7737894748438,0,40.5446930863898,178.644149780273,0,0,54.748898909264,7.3726172488219,8.03350514375691,0,141.256553649902,111.330705495981,103.284441266741,0,45.6336270297866,15.3706809591848,57.984767524145,139.513484954834,135.673936542712,121.658118724823,47.5497895363838,76.2731018066406,0,59.6667556516586,0,0,0,106.748845418294,0,0,0,0,225.162414550781,0,0,97.6190032958984,0,88.9791746139526,0,0,0,134.346496582031,111.902418136597,104.127440201609,0,0,139.270599365234,0,0,81.9855796550882,102.301737521557,104.503018149847,0,0,182.81184387207,108.015197753906,0,0,104.847069876535
130.545878716235,56.980521648745,61.2361611490664,58.3502064659482,201.821975708008,86.1501052856445,140.378569863059,153.36283820016,157.665582136674,131.719265407986,186.400093926324,22.8800816655234,0,48.4395655441284,136.217165413549,96.3166351318359,123.683086101825,22.6757073645677,8.03350514375691,8.70821094278618,0,97.5852375346653,100.240594024658,91.0258271627814,146.245721435547,41.4044334002904,16.2677464607375,62.6854804053378,144.793904217807,118.358477990421,101.319543859461,54.5742636786567,88.7485682169596,120.809528575224,43.02438131449,203.442089080811,98.0544176603618,128.200440116551,97.519931602478,0,0,0,183.626106262207,0,202.181274414062,183.901779174805,108.830370221819,0,109.816358642578,191.951868693034,0,0,113.78150343895,101.630992126465,98.7521637069595,0,162.341442871094,117.710067749023,143.542727152507,148.077209472656,83.063045325646,94.9558245727923,99.8230179023403,162.452606201172,197.809356689453,171.355098724365,116.006946563721,0,154.018280029297,111.751986576961
93.0901188850403,165.106582641602,137.813775380452,72.7519978609952,12.5062258629974,120.062459733751,54.6395027084132,108.953969221849,99.2819116668701,62.6100760888362,13.8061744920558,0,12.9464782867939,0,100.614313262501,62.277320155391,0,163.285234451294,0,0,7.74361160310997,0,90.5784516334534,194.839622497559,18.6347198248535,150.810775756836,190.506134033203,125.517303466797,28.115110745463,99.0987043466654,105.912239074707,0,123.273171424866,90.9837722097124,95.4038959659942,211.630661010742,0,0,89.058217729841,44.235564412871,0,161.35205078125,138.575377146403,172.161321367536,93.7977529672476,157.867101669312,0,12.719617880996,0,193.859629313151,0,211.850387573242,0,0,0,152.561952567395,0,131.587783813477,0,110.538135403492,0,0,0,147.116292153635,199.085861206055,204.888809204102,0,0,197.893300374349,183.271926879883
73.8462243513627,114.876332900103,72.0623704940877,53.8851034430784,156.651092529297,106.733333587646,123.670504118267,59.0761264816244,111.055996770444,85.8221242692735,81.9220662404256,90.3618248572716,133.883277893066,113.982145309448,90.3723772027519,201.526763916016,15.6709448425173,48.5948956546315,141.256553649902,97.5852375346653,0,11.4909835002593,49.6530916014154,24.9223892545917,47.319025577643,145.481414794922,110.527408621284,96.4532284940227,21.8964758028959,54.9906797274325,26.9860418568671,0,135.446258544922,56.3038238824583,41.5820624882549,128.844035148621,115.015544891357,133.590051727295,66.7940349654847,0,0,162.025680541992,140.668311725963,155.733306884766,145.389221191406,126.372936248779,191.997428894043,0,0,155.249423027039,0,102.59763721088,152.378732534555,0,164.459808349609,0,119.177660571204,66.8617122889352,113.256199844745,114.968225832339,0,151.512469700405,130.854276999449,116.431848785024,122.10090008904,114.267289894779,0,0,116.316307516659,112.130682650479
82.0641145706177,23.9218232008903,48.7422760550384,23.9441160581389,70.8947920799255,108.059857686361,107.217039037634,89.3623704390092,123.570022413466,30.9782885036107,112.162944301482,99.0543208039565,72.7257656642369,92.6280090959105,107.747980662755,69.6190198088346,31.5983062446754,71.5492628766345,111.330705495981,100.240594024658,90.5784516334534,49.6530916014154,8.18396270564387,46.8411144194866,30.1260844484136,72.4806349001433,92.1783164130317,40.9741748904765,47.8649125655569,60.2465085039367,50.0375607653362,108.661660875593,103.01065826416,52.4175883902878,62.1487241891714,138.21610683865,81.6926417350769,85.2676810662723,56.1553372711432,114.41349029541,0,117.379570007324,107.260144392649,125.005767822266,67.2532866795858,134.425130208333,143.962628173828,103.243461608887,118.114678955078,123.336463928223,145.969772338867,88.3290607227999,93.467274257115,195.950881958008,126.847379048665,137.178591410319,91.8653771877289,50.7566219421282,79.9787961635007,108.44719247257,115.717725626628,112.614108324051,93.4186241891649,110.352452596029,103.941077382941,101.767071810636,147.652709960938,0,96.7007319132487,95.1230463774308
81.1175431877536,69.948233319312,21.9718430614121,54.9677310028968,114.146610736847,139.612374199761,120.611750554772,71.2800301346708,113.098421083827,85.7183865356445,89.4998629418879,89.2363989112083,141.497028697621,99.827989885884,97.4309852834715,129.510330200195,18.2932268373019,16.4599705632156,103.284441266741,91.0258271627814,194.839622497559,24.9223892545917,46.8411144194866,12.6313775713097,65.387640324457,105.046224975586,66.5841647177599,40.7969780307108,38.8936890525016,90.8093879356147,50.7422370117225,104.353934978617,161.742437090193,77.3665396923155,44.6337117131872,149.036075337728,90.5261823616776,96.4860029676484,75.187865190965,157.938547770182,0,180.436879475911,146.497084990792,184.782401733398,131.302175521851,174.128328111437,146.243030548096,194.626052856445,160.481781005859,169.744826316833,0,97.4719126076962,112.043268497174,0,147.678302058467,0,118.476803146246,65.1785178919179,104.030842150932,130.888306880343,129.44189453125,129.462607234357,98.6615563575661,141.048806319698,150.204415683089,124.565989091092,0,0,132.814613342285,123.973793077469
83.5456815662951,85.1568531751633,125.028524738469,42.2381817479386,24.9637990120699,121.327066334811,92.9193250696424,66.7134378417846,92.7915083550701,21.0553201753345,66.3336993193905,136.73525651296,20.0981198840744,132.208404194225,92.2785963998714,35.1746222624035,31.9257557982646,124.136500120163,0,146.245721435547,18.6347198248535,47.319025577643,30.1260844484136,65.387640324457,12.0098685328133,113.726374841505,141.676887512207,84.1884831821217,21.4354071895068,74.1793463338583,67.0383537569684,150.03596496582,131.49799015211,68.1446019445449,85.3614444231746,124.735130818685,163.744728088379,165.363677098201,56.4760512989279,117.04517455723,185.053497314453,126.714598231845,110.178761080181,133.408784892702,63.2408872820296,120.835993233374,0,109.943786144257,0,141.947383281613,158.0859375,97.8082397460937,158.850482177734,0,0,119.842345938777,123.284020233154,82.7836072104318,132.986777378963,86.1520268264326,151.683616638184,188.464720953078,159.268298587284,107.46712865445,128.482731697255,117.130650263247,0,174.778696695964,120.077049432799,131.585098185438
0,19.3280907863443,79.4589678446452,40.3703777385208,0,0,0,157.973922729492,0,99.7185034948932,164.751922607422,25.9668932246417,138.519714355469,17.5479612675754,113.151072184245,168.732192993164,0,64.2526524861654,45.6336270297866,41.4044334002904,150.810775756836,145.481414794922,72.4806349001433,105.046224975586,113.726374841505,8.85935337882861,37.763044077851,20.5553997525985,144.894503593445,125.33260345459,131.777506510417,47.7275480382583,0,0,56.7971234654271,0,80.5041770935059,126.196300506592,43.9693108832482,0,0,0,0,0,134.382194519043,0,51.5875412042994,0,53.8519463836547,0,0,122.752494812012,0,74.0834473319676,64.8003258083178,0,0,104.699817112514,124.477928161621,130.948835584852,38.2917041509827,69.0956084363401,72.0663606975202,0,0,141.773818969727,73.1704235466159,0,0,73.7841700678286
126.164016086829,41.0523624083984,25.9385255372142,43.1518533921066,169.780428568522,195.703683762323,174.266509162055,133.09368954449,161.557447617276,129.9357774154,149.162581105527,25.8988370392205,186.333251953125,21.1356024292644,146.591439078643,147.206130981445,114.147061598928,33.8903859921122,15.3706809591848,16.2677464607375,190.506134033203,110.527408621284,92.1783164130317,66.5841647177599,141.676887512207,37.763044077851,10.6866094437699,25.649892414232,140.774569936042,129.380336725671,110.144524650885,13.4354476659581,171.088113051194,131.519704596941,57.5287929054317,183.669872283936,82.6928419868901,111.670337737553,89.219341676398,0,0,0,191.689250599254,205.76655960083,176.436012268066,192.054072062174,97.69353723526,0,94.8046026347596,216.468853759766,0,177.22464243571,101.943315837507,96.1645613639585,93.014363227144,0,153.713911268446,127.966766758969,131.625830263705,177.078479766846,73.4857278278896,88.7478891782136,91.9622097110635,183.284825642904,163.432020823161,163.702009877851,103.411329416128,0,135.61799621582,97.4724760427103
127.075404319034,30.5935057075569,33.6819471395354,38.6055091792409,113.725899036114,138.171801249186,145.928826545757,105.65064869044,150.98994339837,106.179299257925,121.986424758333,52.2366522737714,127.594581059047,24.0960962635009,142.82477075486,131.627285003662,25.0496379554213,61.5947455536775,57.984767524145,62.6854804053378,125.517303466797,96.4532284940227,40.9741748904765,40.7969780307108,84.1884831821217,20.5553997525985,25.649892414232,12.8160658292428,81.1170470969635,124.9777166554,106.371553352901,9.69278256835947,156.151579962836,116.416381835938,63.0447795314643,178.754407380757,78.8728029593993,92.334507734742,77.396523227497,182.314758300781,0,197.886128234863,166.002489929199,196.112208646887,156.120549610683,185.478391585811,99.4168280524177,0,91.1597035667314,181.262106933594,221.801139831543,110.031691771287,99.8124008066734,95.7727595895961,95.1339975120048,195.782669067383,141.164891967773,84.015710108542,105.97575714281,164.986931969138,71.4393034132221,91.0059087648181,91.5081468617942,149.160736194555,172.263381294582,148.509568117978,104.47730255127,0,160.120072104714,102.991415588944
74.8016358169855,121.816674126519,86.7275223324646,53.694190616211,12.6439486502283,120.684264585196,79.7935557698095,27.7910638241953,87.5943591979678,51.8166910348912,26.2042057870753,139.046881935813,45.4803716065176,163.072033352322,85.4483896145646,78.9509663173131,25.0246983166769,116.243517384631,139.513484954834,144.793904217807,28.115110745463,21.8964758028959,47.8649125655569,38.8936890525016,21.4354071895068,144.894503593445,140.774569936042,81.1170470969635,10.467181277176,71.6002821256972,36.086718682452,169.611602783203,121.386533692826,61.9149301870814,66.9351854968625,127.12507352829,131.333435058594,148.154280344645,71.2632673540686,136.266848164935,184.134166717529,145.639054802027,115.346007182048,142.230451117622,80.4638265609741,141.537887973106,0,133.009013308754,0,139.920542481125,159.32497660319,100.432483495668,184.393712724958,0,191.830380249023,143.362022761975,117.025886991131,75.6325041980278,133.805120918968,101.130287921947,0,179.434423828125,156.351210846298,114.611752203375,127.895769523852,115.939462986959,0,204.417694091797,114.7597947732,123.762389172564
23.1533175849347,127.971005347467,110.012069279945,70.8099583979253,96.185953421036,28.7520981087742,42.4819370175819,61.9200761890999,35.1709630067012,69.8079952278095,88.0516389568725,65.4744852576064,92.7480709451236,120.84690645006,15.9212469542136,41.1774819572017,99.7285832491788,92.1500091552734,135.673936542712,118.358477990421,99.0987043466654,54.9906797274325,60.2465085039367,90.8093879356147,74.1793463338583,125.33260345459,129.380336725671,124.9777166554,71.6002821256972,8.60020236089433,25.4103984281948,153.706604427762,8.18482486027001,14.7651762654738,34.8600189993164,139.322503051758,137.584903717041,158.859483672351,98.2200241088867,164.170745849609,172.443756103516,165.896355765206,133.685871163326,166.326575915019,92.5227567232572,163.788850179533,241.240997314453,150.044546127319,0,158.455892757494,133.149597167969,106.966459035873,173.766682344324,0,205.253723144531,167.581078269265,141.509781646729,91.3176424126876,148.065656308775,123.706846439137,0,177.083355712891,168.464428513138,130.873999092314,140.070088084151,131.228259108787,0,217.035903930664,115.82442855835,138.134078840776
22.497211898337,106.882544315223,80.9312664217955,53.8711804626146,100.716014099121,129.62632522583,119.730416731401,16.7752861749661,91.296125168496,58.0664701245637,70.4867401123047,103.618088890524,96.1304270426432,124.75035564716,60.9176736940466,0,73.2433193751744,68.6699340960418,121.658118724823,101.319543859461,105.912239074707,26.9860418568671,50.0375607653362,50.7422370117225,67.0383537569684,131.777506510417,110.144524650885,106.371553352901,36.086718682452,25.4103984281948,9.54599421515882,138.363980102539,114.451446533203,43.9570305867801,36.4717899722302,124.408481140137,138.26290512085,143.532683746724,65.2801570722035,128.219757080078,157.594009399414,162.587384033203,118.092577435644,152.55642327597,77.5304789687648,156.55333480835,214.177459716797,104.820114135742,0,139.944978648219,161.460952758789,93.5245328383012,152.995920181274,0,161.826663970947,168.056802368164,115.565119194262,71.5349205172792,125.578284502029,110.20996192833,0,150.356002281452,150.242971284049,111.769503135186,118.864844912574,112.385466072776,0,169.842269897461,109.939358841745,110.973296454014
162.628699562766,78.9830804712632,84.225752556461,73.714656829834,0,0,145.474864959717,173.485010147095,180.447178204854,129.601434326172,172.490694681803,34.2123130141124,0,9.56315821840845,177.337147465459,0,0,84.5763943990072,47.5497895363838,54.5742636786567,0,0,108.661660875593,104.353934978617,150.03596496582,47.7275480382583,13.4354476659581,9.69278256835947,169.611602783203,153.706604427762,138.363980102539,5.00018430008338,0,0,69.8721124475653,0,113.485805511475,0,125.250637054443,0,0,0,0,0,0,0,84.9526628766741,0,85.1809219360352,0,0,0,0,103.669347127279,93.758676801409,0,0,143.498809814453,0,161.657470703125,77.239554355019,101.942507263184,101.440616136187,0,0,0,107.96074329723,0,0,111.396027701242
88.4488966200087,0,170.260969274184,128.877855682373,133.105739593506,8.79310447927545,25.640139010531,119.758322112414,16.0000518871322,109.133172898065,111.561458110809,47.5435424532209,108.186196987446,109.590746879578,13.1623527231435,41.0919401524431,0,212.70182800293,76.2731018066406,88.7485682169596,123.273171424866,135.446258544922,103.01065826416,161.742437090193,131.49799015211,0,171.088113051194,156.151579962836,121.386533692826,8.18482486027001,114.451446533203,0,5.38814555402005,168.201909383138,36.0444661259651,204.807586669922,0,0,163.222213745117,0,0,0,183.141159057617,225.15852355957,126.440685272217,193.608352661133,0,0,0,221.40185546875,0,0,0,0,0,188.921936035156,0,139.499633789062,0,161.70420720027,0,221.818870544434,0,167.532232920329,192.960540771484,177.324661254883,0,0,178.329498291016,188.210342407227
44.8660427729289,116.542620340983,114.955028533936,55.4299510898012,81.4965256282261,131.745582580566,93.3984170346647,63.0675583805204,101.472844688638,59.6290505241318,78.6739279359252,107.925132751465,95.4494828920107,102.452786763509,65.4614742166856,61.7789363861084,82.2569267272949,97.3614268302917,0,120.809528575224,90.9837722097124,56.3038238824583,52.4175883902878,77.3665396923155,68.1446019445449,0,131.519704596941,116.416381835938,61.9149301870814,14.7651762654738,43.9570305867801,0,168.201909383138,8.64210206573684,17.3742972579054,124.62418794632,0,145.272087097168,65.7158702503551,138.535390218099,0,0,120.549199979599,160.961535644531,86.0907396169809,163.312909444173,0,0,0,142.544001988002,0,96.7223766871861,177.356633504232,0,157.740707397461,177.266403198242,118.371495928083,85.2793397903442,126.556384086609,107.980628353426,0,171.183660888672,189.258660888672,118.365549723307,130.517926534017,112.911334991455,0,0,109.824679374695,118.086460337919
90.8629531264305,62.5764365007648,56.532243811383,61.1319749115379,101.842951743833,42.6996918607641,61.3235597526227,86.4414845592571,65.483936359356,78.8416314224818,92.1880709770882,21.6203079898511,91.0546716173119,51.0927715598609,58.4019092843957,36.0378510401799,77.0981016660991,30.7884378081938,59.6667556516586,43.02438131449,95.4038959659942,41.5820624882549,62.1487241891714,44.6337117131872,85.3614444231746,56.7971234654271,57.5287929054317,63.0447795314643,66.9351854968625,34.8600189993164,36.4717899722302,69.8721124475653,36.0444661259651,17.3742972579054,11.2366983711084,142.043636474609,85.9955275641547,101.938140070471,80.8777886427842,179.951873779297,0,198.269943237305,140.3396181603,186.889493669782,102.293676937328,177.999348359949,146.492463111877,135.364231109619,120.58903503418,160.670625686646,0,96.4520258633596,105.511155622719,131.474170684814,114.170638713431,181.633877563477,112.464171764897,80.0421064660904,112.438821171435,127.708176488462,99.627309625799,107.313839541773,104.917973950852,129.960164443306,138.613577062433,116.041585254669,156.787010192871,0,117.695357428657,113.963528978956
185.164413452148,181.335601806641,171.953530447824,123.488678826226,155.837173461914,201.436679840088,166.407033284505,130.499577922206,166.643202076788,110.804606119792,153.927432468959,204.862335205078,179.908248901367,0,162.242410055021,0,152.885266621908,185.422861735026,0,203.442089080811,211.630661010742,128.844035148621,138.21610683865,149.036075337728,124.735130818685,0,183.669872283936,178.754407380757,127.12507352829,139.322503051758,124.408481140137,0,204.807586669922,124.62418794632,142.043636474609,12.2696570476932,119.372753688267,108.75708099774,70.3789457483677,86.8396000233732,70.1589000225067,75.6105189603918,39.680212595501,40.403791325224,65.7166677431551,67.4426499719952,140.035273935603,67.40380421377,155.229843139648,11.1461384007028,46.4113560030537,69.2588963317871,106.054268883877,132.919916788737,122.043601353963,77.7266508820769,90.5778235197067,67.2872305614192,107.910658081373,71.1633610477877,159.615249633789,120.242656122687,126.589990827772,77.8523425607526,12.9709321264746,23.5479318817301,165.021331787109,68.6857519883376,32.0989816507436,52.7267300052407
158.716873168945,67.3482625484467,79.0795285589045,55.5372222777336,0,0,0,213.460647583008,183.350833892822,0,184.684478759766,86.4630599975586,238.263626098633,103.437794772061,170.304035186768,0,117.856323242188,87.0785556715362,0,98.0544176603618,0,115.015544891357,81.6926417350769,90.5261823616776,163.744728088379,80.5041770935059,82.6928419868901,78.8728029593993,131.333435058594,137.584903717041,138.26290512085,113.485805511475,0,0,85.9955275641547,119.372753688267,6.46495763710731,40.8012963744535,16.1359895029546,121.47403717041,0,200.518127441406,118.040740684227,171.687777709961,69.4905218396868,152.416903177897,70.5541446291167,0,60.6470603608249,143.833001708984,115.370971679688,77.0627314249675,50.9334303684724,89.4821186065674,55.7559475675542,0,93.5756258471259,15.2327733526948,66.7670329393014,62.1649054939865,21.5901671889332,43.9546274940904,33.3646650212948,120.05433807373,123.424124399821,101.031421820323,75.9645175933838,0,110.260854085286,52.5610762598164
159.495664897718,90.1259343244027,89.143548340633,85.4133931477865,187.028238932292,0,199.981436157227,165.977298902429,193.855790879991,158.215431213379,190.549169203814,129.639895629883,223.665634155273,148.221267700195,180.827751159668,0,115.780188473788,102.063862422156,0,128.200440116551,0,133.590051727295,85.2676810662723,96.4860029676484,165.363677098201,126.196300506592,111.670337737553,92.334507734742,148.154280344645,158.859483672351,143.532683746724,0,0,145.272087097168,101.938140070471,108.75708099774,40.8012963744535,10.3118951008071,43.3585328822233,125.367469242641,185.063105265299,133.183462325386,90.3551871142134,124.28531567917,107.684830523552,105.638171888862,81.5939655303955,166.594649420844,79.2980836232503,118.095661883509,147.153014289008,68.7186162863205,31.7835122041439,89.2449478149414,76.472581690008,148.315467140891,61.7353630245574,41.316391636819,22.9953093311103,102.118840789795,87.7884689331055,17.3578899141295,22.0783107193038,61.7771317777106,126.574820955338,73.52037111397,90.192721973766,163.633432388306,114.704798671177,57.8925794396267
88.8915748596191,86.9281261150654,74.042261317029,28.8274910242661,75.5400448771356,152.426853179932,118.205248380962,73.7974041530064,103.442604640745,28.1982588768005,86.711096807731,94.7287158966064,103.501862776907,65.8337618509928,103.017998579072,100.675473531087,67.8530912728145,93.2464531747918,106.748845418294,97.519931602478,89.058217729841,66.7940349654847,56.1553372711432,75.187865190965,56.4760512989279,43.9693108832482,89.219341676398,77.396523227497,71.2632673540686,98.2200241088867,65.2801570722035,125.250637054443,163.222213745117,65.7158702503551,80.8777886427842,70.3789457483677,16.1359895029546,43.3585328822233,54.812621133272,56.7129683764476,136.519605848524,78.1399001015557,57.8342072242065,82.3965790488503,47.3092689816545,75.6723841889418,32.6535614075199,84.470333431078,55.2690942075652,83.8823281611359,61.5481945384632,40.4805306017521,52.0197163748206,72.9048569997152,50.7941125936585,76.2820016770136,54.4038315745514,32.8566411389387,52.6496661777047,33.9306922412705,21.6805346592333,41.6515658097529,39.5519379260293,53.8269835727316,75.5006522306036,60.7964407595794,63.7156558789705,0,55.225431623913,55.5485049617672
