13261,9,865,63,13,19,78,7105,496,92,644,10,13,7,9815,0,0,226,3,53,16,44,20,1106,101,0,623,157,408,11755,4700,11,18,30,64,1,1,19,4,1,0,2,20,4,4,4,0,0,0,4,0,3,9,0,1,0,2,4,6,19,0,9,40,29,2,6,0,0,2,6
9,1587,1010,272,1,0,7,11,25,404,11,122,2,304,25,1,25,739,10,158,1,17,4682,194,160,1011,2468,8028,36,31,33,17,0,3,354,1,24,69,13,0,0,0,3,3,2,0,3,0,12,0,0,1,64,2,29,0,4,7,12,3,23,228,233,3,0,2,2,0,1,19
865,1010,37596,2585,11,18,258,1936,1591,35,1271,90,16,80,2201,5,31,1921,23,276,6,187,628,17690,73,6,23397,12033,796,1283,841,87,17,36,1360,14,275,2552,217,0,0,2,90,29,7,28,21,0,10,24,1,32,1081,4,111,1,36,226,636,33,5,2048,4227,81,8,77,6,0,5,297
63,272,2585,132,140,23,124,398,370,293,397,89,34,218,348,16,670,1159,15,294,44,1869,905,1710,3115,212,3256,7935,2308,572,1821,15,10,198,785,9,31,135,92,2,1,3,43,5,5,7,8,0,11,7,0,14,71,1,56,1,13,59,63,46,41,357,514,42,15,66,2,0,5,49
13,1,11,140,22445,5,149,27,110,304,5676,1,4014,1,99,95,3,6,0,1,14043,2,64,8,3649,0,12,52,9408,197,20,0,2,56,62,5,0,3,103,1018,0,25,32,31,84,155,0,168,0,15,0,0,3,0,0,1025,0,2,1,783,0,2,2,70,4,2,0,0,2,6
19,0,18,23,5,6015,11216,84,3563,33,152,26,111,3,817,2033,0,4,1,5,18,8,3,18,44,0,21,9,83,415,10,0,4775,2,108,4,0,0,2,0,0,0,30,3,3,5,0,1,0,7,0,1,1,0,0,1,0,1,2,23,0,1,0,22,4,9,0,0,2,1
78,7,258,124,149,11216,61150,1059,21278,200,10403,101,11946,8,4799,6346,1,24,0,11,698,19,27,179,284,0,135,183,989,2568,22,2,2366,111,566,12,0,5,19,9,0,5,102,29,25,30,1,15,0,24,0,1,3,0,0,14,1,7,8,181,0,8,13,104,18,16,0,0,8,15
7105,11,1936,398,27,84,1059,55816,3246,615,11935,11,42,9,6965,17,5,128,1,14,13,376,110,3078,496,1,487,652,19540,4870,12133,8,49,892,795,31,1,23,105,22,1,18,211,97,89,78,0,3,1,62,1,11,9,0,1,30,3,24,45,432,0,26,60,283,48,43,0,3,25,36
496,25,1591,370,110,3563,21278,3246,67926,548,10905,141,1063,18,34729,459,1,111,11,44,250,46,45,882,1149,0,1266,324,2118,3421,282,24,3769,103,770,46,8,27,106,21,1,24,366,102,71,82,0,14,0,66,1,6,12,0,1,18,5,9,19,555,0,36,55,365,59,46,0,3,12,31
92,404,35,293,304,33,200,615,548,3782,261,95,670,163,574,473,9,26,7,18,69,36,1003,125,12880,242,92,454,1817,901,1103,5,21,301,239,12,0,6,35,19,0,4,98,15,54,21,2,15,1,12,2,2,1,0,2,38,2,3,3,182,15,12,12,73,20,26,0,0,11,8
644,11,1271,397,5676,152,10403,11935,10905,261,78319,13,11070,10,5552,75,9,91,0,9,14883,83,62,915,769,1,437,449,10625,4088,227,12,96,728,1010,14,5,17,281,152,3,63,110,148,88,375,0,96,0,27,3,6,4,0,0,317,0,7,23,1519,0,20,27,247,23,10,0,0,3,18
10,122,90,89,1,26,101,11,141,95,13,61504,9,17717,124,1,1,484,9824,4737,0,65,173,178,24,1153,14191,1376,11,273,136,1409,56,6,9542,1,5,5,12,0,0,0,2,0,4,0,41,0,132,0,0,0,4,8,32,0,2,7,2,4,239,191,179,0,2,0,15,0,0,12
13,2,16,34,4014,111,11946,42,1063,670,11070,9,60306,0,550,1577,1,2,0,0,23229,3,35,11,1456,2,6,14,1351,681,6,0,52,37,214,1,1,2,19,39,0,2,6,10,21,41,0,1778,0,1,3,0,0,0,0,169,0,0,1,116,0,0,0,23,6,2,0,0,0,1
7,304,80,218,1,3,8,9,18,163,10,17717,0,21854,32,0,0,24,757,200,0,4,365,31,44,4361,4201,3402,9,36,26,5800,4,3,321,0,11,1,45,0,0,0,1,0,17,0,142,0,396,0,0,0,1,37,75,0,0,18,2,7,1177,412,731,2,1,1,61,0,0,27
9815,25,2201,348,99,817,4799,6965,34729,574,5552,124,550,32,88075,160,1,259,5,118,209,89,56,1756,710,3,1749,420,1910,21265,1214,27,3183,85,584,41,8,54,41,16,2,14,249,70,52,47,0,8,0,41,0,9,26,0,5,13,4,13,24,350,0,45,87,250,49,56,0,1,13,38
0,1,5,16,95,2033,6346,17,459,473,75,1,1577,0,160,10134,0,0,0,1,27,1,73,1,827,1,2,6,70,106,0,0,118,2,39,0,0,0,3,6,0,0,1,1,5,4,0,0,0,0,4,0,0,0,0,13,0,0,0,29,0,0,0,7,0,2,0,0,0,1
0,25,31,670,3,0,1,5,1,9,9,1,1,0,1,0,14620,30,0,13,0,3532,10201,11480,2483,0,38,9067,2709,11,91,0,0,5,190,3,3,22,29,0,0,0,7,0,2,0,0,0,0,1,0,81,6,0,1,0,18,157,177,8,0,13,59,15,6,31,0,0,1,14
226,739,1921,1159,6,4,24,128,111,26,91,484,2,24,259,0,30,30091,97,7958,4,1546,308,9738,64,9,3167,7230,235,987,2396,12,1,32,7391,9,98,504,95,0,0,0,23,4,0,6,4,0,5,7,0,8,309,1,116,0,16,52,145,10,7,1124,1229,15,7,21,2,0,4,93
3,10,23,15,0,1,0,1,11,7,0,9824,0,757,5,0,0,97,4011,9080,0,4,13,21,0,83,6751,279,4,19,16,124,2,0,310,0,0,0,3,0,0,0,0,1,0,0,5,0,8,0,0,0,2,4,19,0,0,1,0,0,29,94,79,0,0,1,5,0,0,7
53,158,276,294,1,5,11,14,44,18,9,4737,0,200,118,1,13,7958,9080,35612,0,181,50,467,5,140,14398,1791,44,405,546,72,3,17,5128,4,19,23,40,0,0,0,2,0,1,1,7,0,25,3,0,0,32,10,143,0,5,13,9,1,65,953,561,1,2,8,10,0,1,52
16,1,6,44,14043,18,698,13,250,69,14883,0,23229,0,209,27,0,4,0,0,7267,0,8,2,1143,1,2,7,2308,444,2,0,8,56,146,1,0,0,42,191,0,12,12,14,26,64,0,453,0,6,0,2,0,0,0,81,0,1,0,305,0,0,0,31,2,1,0,0,3,3
44,17,187,1869,2,8,19,376,46,36,83,65,3,4,89,1,3532,1546,4,181,0,66902,2033,21349,195,1,178,445,6545,407,17423,0,1,102,11127,8,2,50,251,0,0,1,22,2,3,2,2,0,0,8,0,111,13,0,4,0,144,303,238,27,0,14,39,81,34,294,0,0,34,110
20,4682,628,905,64,3,27,110,45,1003,62,173,35,365,56,73,10201,308,13,50,8,2033,16072,12731,11157,760,225,7774,2074,293,1435,14,2,122,702,9,8,103,61,1,0,1,24,1,6,3,5,3,10,5,1,17,28,1,6,3,16,73,229,34,30,80,180,27,19,33,2,0,12,23
1106,194,17690,1710,8,18,179,3078,882,125,915,178,11,31,1756,1,11480,9738,21,467,2,21349,12731,115803,443,10,3463,23529,6185,1288,5463,29,14,127,12890,15,51,2050,187,3,0,3,92,25,10,18,4,1,1,16,0,307,260,0,27,0,131,1707,4221,69,4,249,2819,155,29,149,0,0,13,160
101,160,73,3115,3649,44,284,496,1149,12880,769,24,1456,44,710,827,2483,64,0,5,1143,195,11157,443,51724,62,67,1938,13742,1385,1211,1,23,451,495,90,2,26,422,92,3,72,491,217,318,295,0,48,0,121,1,15,5,0,0,151,10,42,26,1545,4,21,37,769,133,115,0,3,43,94
0,1011,6,212,0,0,0,1,0,242,1,1153,2,4361,3,1,0,9,83,140,1,1,760,10,62,8901,430,3008,8,2,6,17,0,0,86,0,10,2,101,0,0,0,0,0,26,0,137,0,497,0,0,1,0,23,46,0,0,21,1,9,1384,281,443,0,0,1,49,0,0,23
623,2468,23397,3256,12,21,135,487,1266,92,437,14191,6,4201,1749,2,38,3167,6751,14398,2,178,225,3463,67,430,145319,26442,274,1172,859,3703,13,43,4314,4,265,252,249,0,0,0,11,4,6,3,48,0,162,5,0,6,443,62,1035,0,9,38,74,8,420,6461,4205,9,6,31,52,0,1,308
157,8028,12033,7935,52,9,183,652,324,454,449,1376,14,3402,420,6,9067,7230,279,1791,7,445,7774,23529,1938,3008,26442,150009,3337,519,560,4084,9,35,9170,19,356,2418,392,2,0,10,100,34,28,31,74,0,217,25,2,52,1022,69,845,1,50,346,1079,34,632,6369,7248,69,23,89,45,0,11,486
408,36,796,2308,9408,83,989,19540,2118,1817,10625,11,1351,9,1910,70,2709,235,4,44,2308,6545,2074,6185,13742,8,274,3337,67617,4637,12168,5,43,2120,2842,160,2,60,468,215,4,89,832,315,240,477,0,79,0,186,6,86,14,0,5,295,67,205,110,2208,0,40,87,1079,231,434,0,1,117,182
11755,31,1283,572,197,415,2568,4870,3421,901,4088,273,681,36,21265,106,11,987,19,405,444,407,293,1288,1385,2,1172,519,4637,137853,5627,18,5480,6844,1567,50,4,41,56,8,1,7,293,48,52,41,1,4,0,49,1,16,17,0,3,11,10,38,27,340,0,40,54,288,82,172,0,1,44,55
4700,33,841,1821,20,10,22,12133,282,1103,227,136,6,26,1214,0,91,2396,16,546,2,17423,1435,5463,1211,6,859,560,12168,5627,51757,10,5,252,5762,50,4,79,224,2,1,5,197,43,66,20,2,1,0,58,1,132,20,0,4,5,132,245,96,231,0,29,56,308,168,440,0,1,95,195
11,17,87,15,0,0,2,8,24,5,12,1409,0,5800,27,0,0,12,124,72,0,0,14,29,1,17,3703,4084,5,18,10,3120,0,0,66,0,2,0,2,0,0,0,0,0,0,0,7,0,30,0,0,0,0,6,14,0,0,1,0,1,38,125,89,0,0,0,11,0,0,7
18,0,17,10,2,4775,2366,49,3769,21,96,56,52,4,3183,118,0,1,2,3,8,1,2,14,23,0,13,9,43,5480,5,0,8617,3,160,1,0,0,1,0,0,0,6,2,2,1,0,0,0,1,0,0,0,0,0,1,0,2,0,13,0,2,0,12,4,3,0,0,1,1
30,3,36,198,56,2,111,892,103,301,728,6,37,3,85,2,5,32,0,17,56,102,122,127,451,0,43,35,2120,6844,252,0,3,12374,1395,16,0,9,22,3,0,0,73,10,13,3,0,0,0,14,0,14,3,0,1,2,7,24,8,87,0,5,5,69,24,50,0,0,16,17
64,354,1360,785,62,108,566,795,770,239,1010,9542,214,321,584,39,190,7391,310,5128,146,11127,702,12890,495,86,4314,9170,2842,1567,5762,66,160,1395,49637,25,45,363,77,3,0,4,146,14,17,17,8,2,8,16,0,53,137,2,47,5,51,94,261,138,22,458,688,138,44,160,4,0,18,91
1,1,14,9,5,4,12,31,46,12,14,1,1,0,41,0,3,9,0,4,1,8,9,15,90,0,4,19,160,50,50,0,1,16,25,13587,7,448,223,129,16,187,8543,1141,571,1693,87,248,15,20399,31,50,61,3,60,231,64,164,96,1021,1,815,90,1106,23599,6622,4,13,434,567
1,24,275,31,0,0,0,1,8,0,5,5,1,11,8,0,3,98,0,19,0,2,8,51,2,10,265,356,2,4,4,2,0,0,45,7,7059,367,1537,2,0,1,27,5,322,12,29,0,171,5,1,12,780,4,235,0,29,2790,169,423,2312,1903,7784,10,12,48,16,0,3,469
19,69,2552,135,3,0,5,23,27,6,17,5,2,1,54,0,22,504,0,23,0,50,103,2050,26,2,252,2418,60,41,79,0,0,9,363,448,367,56413,980,28,6,115,3570,697,47,863,26,9,12,678,9,134,2974,5,88,11,637,2006,19970,100,5,17796,9271,3070,310,1098,11,4,35,753
4,13,217,92,103,2,19,105,106,35,281,12,19,45,41,3,29,95,3,40,42,251,61,187,422,101,249,392,468,56,224,2,1,22,77,223,1537,980,129,106,9,72,1044,341,205,339,248,23,394,239,11,487,1158,12,742,42,659,748,1188,2606,2071,4835,11211,1136,277,889,19,0,105,843
1,0,0,2,1018,0,9,22,21,19,152,0,39,0,16,6,0,0,0,0,191,0,1,3,92,0,0,2,215,8,2,0,0,3,3,129,2,28,106,17337,4,417,83,181,274,5873,0,2930,0,154,22,47,3,0,1,25909,7,35,21,7891,0,13,82,3499,425,26,0,2,65,160
0,0,0,1,0,0,0,1,1,0,3,0,0,0,2,0,0,0,0,0,0,0,0,0,3,0,0,0,4,1,1,0,0,0,0,16,0,6,9,4,8161,5208,52,4408,12,150,48,37,2,3527,2646,3,0,0,0,17,5,5,12,20,0,9,4,27,2286,2,0,3742,6,363
2,0,2,3,25,0,5,18,24,4,63,0,2,0,14,0,0,0,0,0,12,1,1,3,72,0,0,10,89,7,5,0,0,0,4,187,1,115,72,417,5208,71737,1001,28429,209,15270,24,8764,1,6130,5681,36,5,0,2,896,26,8,63,628,0,42,94,843,3293,19,0,1518,47,537
20,3,90,43,32,30,102,211,366,98,110,2,6,1,249,1,7,23,0,2,12,22,24,92,491,0,11,100,832,293,197,0,6,73,146,8543,27,3570,1044,83,52,1001,167009,6408,2341,25074,178,85,24,8362,54,194,516,6,171,118,790,374,1566,2767,2,1912,839,22158,4436,25788,6,28,708,1609
4,3,29,5,31,3,29,97,102,15,148,0,10,0,70,1,0,4,1,0,14,2,1,25,217,0,4,34,315,48,43,0,2,10,14,1141,5,697,341,181,4408,28429,6408,88265,280,10297,43,751,3,38398,1309,30,35,0,9,431,94,46,110,1005,0,423,130,1256,6761,193,0,3995,82,853
4,2,7,5,84,3,25,89,71,54,88,4,21,17,52,5,2,0,0,1,26,3,6,10,318,26,6,28,240,52,66,0,2,13,17,571,322,47,205,274,12,209,2341,280,7004,342,57,916,308,439,1816,82,40,0,30,332,20,905,88,10502,515,157,811,1811,754,1147,6,5,225,376
4,0,28,7,155,5,30,78,82,21,375,0,41,0,47,4,0,6,0,1,64,2,3,18,295,0,3,31,477,41,20,0,1,3,17,1693,12,863,339,5873,150,15270,25074,10297,342,127231,13,14687,2,4079,394,128,56,0,8,10863,169,60,292,3624,2,350,393,8378,3586,209,2,33,390,1466
0,3,21,8,0,0,1,0,0,2,0,41,0,142,0,0,0,4,5,7,0,2,5,4,0,137,48,74,0,1,2,7,0,0,8,87,29,26,248,0,48,24,178,43,57,13,55564,2,8776,88,1,16,121,8431,6548,1,48,52,114,30,1501,14657,366,18,315,441,2332,56,10,5769
0,0,0,0,168,1,15,3,14,15,96,0,1778,0,8,0,0,0,0,0,453,0,3,1,48,0,0,0,79,4,1,0,0,0,2,248,0,9,23,2930,37,8764,85,751,916,14687,2,65488,1,630,1522,5,0,1,1,20795,4,5,2,1797,0,3,14,462,571,11,0,15,28,281
0,12,10,11,0,0,0,1,0,1,0,132,0,396,0,0,0,5,8,25,0,0,10,1,0,497,162,217,0,0,0,30,0,0,8,15,171,12,394,0,2,1,24,3,308,2,8776,1,27820,12,3,1,11,181,108,0,0,293,6,126,3896,3175,4510,2,17,37,5715,1,1,353
4,0,24,7,15,7,24,62,66,12,27,0,1,0,41,0,1,7,0,3,6,8,5,16,121,0,5,25,186,49,58,0,1,14,16,20399,5,678,239,154,3527,6130,8362,38398,439,4079,88,630,12,134612,519,48,82,1,38,550,45,141,115,916,2,850,100,989,16160,1446,4,2927,91,1322
0,0,1,0,0,0,0,1,1,2,3,0,3,0,0,4,0,0,0,0,0,0,1,0,1,0,0,2,6,1,1,0,0,0,0,31,1,9,11,22,2646,5681,54,1309,1816,394,1,1522,3,519,10747,1,0,0,1,73,1,8,6,556,1,2,15,58,112,3,0,40,10,34
3,1,32,14,0,1,1,11,6,2,6,0,0,0,9,0,81,8,0,0,2,111,17,307,15,1,6,52,86,16,132,0,0,14,53,50,12,134,487,47,3,36,194,30,82,128,16,5,1,48,1,34114,122,1,37,17,4011,7175,13580,4057,1,106,4582,1270,117,1400,1,2,116,804
9,64,1081,71,3,1,3,9,12,1,4,4,0,1,26,0,6,309,2,32,0,13,28,260,5,0,443,1022,14,17,20,0,0,3,137,61,780,2974,1158,3,0,5,516,35,40,56,121,0,11,82,0,122,28036,11,11560,0,1497,490,13638,70,7,3195,3394,455,55,2343,3,0,11,7059
0,2,4,1,0,0,0,0,0,0,0,8,0,37,0,0,0,1,4,10,0,0,1,0,0,23,62,69,0,0,0,6,0,0,2,3,4,5,12,0,0,0,6,0,0,0,8431,1,181,1,0,1,11,10450,9890,0,2,2,10,1,61,7186,119,1,6,21,118,1,0,507
1,29,111,56,0,0,0,1,1,2,0,32,0,75,5,0,1,116,19,143,0,4,6,27,0,46,1035,845,5,3,4,14,0,1,47,60,235,88,742,1,0,2,171,9,30,8,6548,1,108,38,1,37,11560,9890,44918,0,291,83,979,22,434,13625,1529,31,115,885,63,0,16,7174
0,0,1,1,1025,1,14,30,18,38,317,0,169,0,13,13,0,0,0,0,81,0,3,0,151,0,0,1,295,11,5,0,1,2,5,231,0,11,42,25909,17,896,118,431,332,10863,1,20795,0,550,73,17,0,0,0,9740,2,5,6,3635,0,5,25,2825,968,28,0,9,50,353
2,4,36,13,0,0,1,3,5,2,0,2,0,0,4,0,18,16,0,5,0,144,16,131,10,0,9,50,67,10,132,0,0,7,51,64,29,637,659,7,5,26,790,94,20,169,48,4,0,45,1,4011,1497,2,291,2,70952,1908,22664,733,1,252,793,7666,157,19683,0,0,79,8324
4,7,226,59,2,1,7,24,9,3,7,7,0,18,13,0,157,52,1,13,1,303,73,1707,42,21,38,346,205,38,245,1,2,24,94,164,2790,2006,748,35,5,8,374,46,905,60,52,5,293,141,8,7175,490,2,83,5,1908,16873,11310,6960,1078,449,14558,700,328,2046,9,1,230,1125
6,12,636,63,1,2,8,45,19,3,23,2,1,2,24,0,177,145,0,9,0,238,229,4221,26,1,74,1079,110,27,96,0,0,8,261,96,169,19970,1188,21,12,63,1566,110,88,292,114,2,6,115,6,13580,13638,10,979,6,22664,11310,121079,1243,12,1251,15677,5772,177,5210,3,3,97,11238
19,3,33,46,783,23,181,432,555,182,1519,4,116,7,350,29,8,10,0,1,305,27,34,69,1545,9,8,34,2208,340,231,1,13,87,138,1021,423,100,2606,7891,20,628,2767,1005,10502,3624,30,1797,126,916,556,4057,70,1,22,3635,733,6960,1243,62628,238,165,1693,13474,1681,2198,2,6,600,1086
0,23,5,41,0,0,0,0,0,15,0,239,0,1177,0,0,0,7,29,65,0,0,30,4,4,1384,420,632,0,0,0,38,0,0,22,1,2312,5,2071,0,0,0,2,0,515,2,1501,0,3896,2,1,1,7,61,434,0,1,1078,12,238,12968,1911,5775,6,6,11,117,0,2,248
9,228,2048,357,2,1,8,26,36,12,20,191,0,412,45,0,13,1124,94,953,0,14,80,249,21,281,6461,6369,40,40,29,125,2,5,458,815,1903,17796,4835,13,9,42,1912,423,157,350,14657,3,3175,850,2,106,3195,7186,13625,5,252,449,1251,165,1911,154746,21311,499,478,1958,1449,5,56,4687
40,233,4227,514,2,0,13,60,55,12,27,179,0,731,87,0,59,1229,79,561,0,39,180,2819,37,443,4205,7248,87,54,56,89,0,5,688,90,7784,9271,11211,82,4,94,839,130,811,393,366,14,4510,100,15,4582,3394,119,1529,25,793,14558,15677,1693,5775,21311,151684,1455,125,601,1443,1,53,4974
29,3,81,42,70,22,104,283,365,73,247,0,23,2,250,7,15,15,0,1,31,81,27,155,769,0,9,69,1079,288,308,0,12,69,138,1106,10,3070,1136,3499,27,843,22158,1256,1811,8378,18,462,2,989,58,1270,455,1,31,2825,7666,700,5772,13474,6,499,1455,63437,2209,4778,3,9,997,2962
2,0,8,15,4,4,18,48,59,20,23,2,6,1,49,0,6,7,0,2,2,34,19,29,133,0,6,23,231,82,168,0,4,24,44,23599,12,310,277,425,2286,3293,4436,6761,754,3586,315,571,17,16160,112,117,55,6,115,968,157,328,177,1681,6,478,125,2209,207065,4368,5,9513,7260,3316
6,2,77,66,2,9,16,43,46,26,10,0,2,1,56,2,31,21,1,8,1,294,33,149,115,1,31,89,434,172,440,0,3,50,160,6622,48,1098,889,26,2,19,25788,193,1147,209,441,11,37,1446,3,1400,2343,21,885,28,19683,2046,5210,2198,11,1958,601,4778,4368,93086,9,1,933,15560
0,2,6,2,0,0,0,0,0,0,0,15,0,61,0,0,0,2,5,10,0,0,2,0,0,49,52,45,0,0,0,11,0,0,4,4,16,11,19,0,0,0,6,0,6,2,2332,0,5715,4,0,1,3,118,63,0,0,9,3,2,117,1449,1443,3,5,9,1097,0,0,104
0,0,0,0,0,0,0,3,3,0,0,0,0,0,1,0,0,0,0,0,0,0,0,0,3,0,0,0,1,1,1,0,0,0,0,13,0,4,0,2,3742,1518,28,3995,5,33,56,15,1,2927,40,2,0,1,0,9,0,1,3,6,0,5,1,9,9513,1,0,1761,0,240
2,1,5,5,2,2,8,25,12,11,3,0,0,0,13,0,1,4,0,1,3,34,12,13,43,0,1,11,117,44,95,0,1,16,18,434,3,35,105,65,6,47,708,82,225,390,10,28,1,91,10,116,11,0,16,50,79,230,97,600,2,56,53,997,7260,933,0,0,5748,2151
6,19,297,49,6,1,15,36,31,8,18,12,1,27,38,1,14,93,7,52,3,110,23,160,94,23,308,486,182,55,195,7,1,17,91,567,469,753,843,160,363,537,1609,853,376,1466,5769,281,353,1322,34,804,7059,507,7174,353,8324,1125,11238,1086,248,4687,4974,2962,3316,15560,104,240,2151,55903
