9.89897907674812,114.958016531808,81.3826971981556,78.7522854556405,79.373140335083,66.7068107974145,26.728887390401,26.8667397716092,20.2167737947021,57.962649217421,55.6878990467264,139.394754333496,53.5875165637897,155.963445027669,9.53616362683422,23.7584169213857,75.7268075382008,102.459280663348,145.228056474165,130.01084313689,71.3808326721191,44.9669494901942,58.4179753146759,54.6147282034824,59.1368085542133,0,111.356717498724,113.354786442775,51.1749880879056,10.1264967077958,21.3522670626468,164.151050567627,73.1459073459401,16.5161613827629,78.1314769942185,129.60445022583,126.445491790771,155.333689072553,100.156014124552,105.142640431722,0,152.193069458008,124.651210415748,160.490497589111,75.9232009887695,169.593221028646,0,116.920598347982,188.679000854492,155.785279846191,160.82453918457,162.562551498413,157.651596069336,0,0,0,205.848587036133,92.7064459664481,168.831031799316,130.932026949796,180.65453338623,182.263453674316,167.866550021701,125.01623070377,155.133604939779,135.779253179377,0,192.771347045898,117.000123977661,145.475603103638
114.958016531808,9.13482006153135,37.7963154285903,29.5768267004578,0,0,0,111.116561889648,172.105285644531,63.6315795050727,123.926612854004,71.1940300574669,0,49.3385192322475,117.604904174805,0,81.6774599942294,49.8199655559617,84.6645498275757,67.7561949721905,0,89.4719760682848,20.4330202964357,64.8702534266881,89.7661432665448,30.4901984381002,49.2801347311318,33.5748477451079,101.497262137277,100.005397796631,109.83891912607,70.2898459738873,0,0,48.6853585874969,0,120.537816619873,75.9031361897786,62.3570662411776,0,0,0,0,0,0,0,132.718757629395,0,114.078685760498,0,0,161.888244628906,87.2423067092896,135.54419708252,110.657457791842,0,0,134.049343109131,108.920090308556,0,79.8096179962158,95.8958434528775,103.224317270167,184.642288208008,0,153.881729125977,142.714757919312,0,0,109.052732944489
81.3826971981556,37.7963154285903,11.0548310629666,37.7268565748862,95.2506103515625,151.995681762695,115.935089922966,73.5990759171161,101.353081625614,92.1096960703532,105.513484266938,76.7340027612584,112.131099994366,77.7114321580574,100.471905402417,117.56157875061,79.405628628201,37.5727316912416,79.5266595567976,68.2547510560737,0,60.5780577330754,37.3783589096393,22.8726864589625,98.5295825534397,88.8319206237793,22.8739420906734,21.1992225639798,56.9533998508327,78.0482600055524,59.6176468551933,84.3799121690833,191.868934631348,101.761420616737,37.9883149996655,144.544384002686,69.0508895564724,76.6829173242161,47.8515834652859,0,0,0,137.212783813477,159.716827392578,0,0,137.218019485474,0,131.917678833008,155.059127807617,0,116.025000508626,93.8844993475712,133.249633789062,120.321997833252,0,102.344328562419,70.4901343370095,94.6549216230254,143.53701990301,132.104644775391,93.9676490117045,88.7662586362039,143.429323425293,153.520317077637,121.628354572114,126.863914489746,163.574615478516,104.512901306152,95.0454698370759
78.7522854556405,29.5768267004578,37.7268565748862,51.8969639539719,63.9631553087078,118.740536499023,87.3135454747584,54.7526977626757,76.3272597689589,10.5078427039955,74.7179917855696,66.5497465206467,63.1296497691761,42.3870392625148,82.2300517963913,70.4313858032227,54.7715618154976,53.3086759793235,64.9257576096226,60.8438351524368,76.0902118682861,63.162229656303,39.6943204539463,42.3894380937243,33.9148300245433,21.6350807573691,49.7302107461908,38.7221402675833,52.3317253744344,82.4633463959196,53.5933645042831,67.6344908437421,0,66.5084112066972,53.431508470226,73.2579739544843,79.8242254257202,82.8382789210269,17.8455577465796,87.5547027587891,123.444995880127,94.4535124597471,56.7372721268189,94.582555378453,13.2562672096294,88.0807007580269,91.5444342295329,84.3129411092619,83.0138975779216,87.534595489502,87.5201535475882,72.6079292297363,99.657570944892,164.122243245443,98.3044416254217,113.230839538574,130.893516540527,33.5034309744835,94.6420864692101,55.4475874921051,64.2709001302719,97.7949523192186,93.7159749973587,62.6416907915171,90.0222650881167,63.5906139436315,126.734068734305,132.276059468587,73.1561997277396,87.7041143157778
79.373140335083,0,95.2506103515625,63.9631553087078,8.28498165009243,0,63.9950161847201,53.7529756856519,76.0038010827426,52.0705339248364,15.8963632977877,0,16.5343643381527,0,94.7376045227051,0,83.0217315673828,0,0,0,12.1081286780536,158.257888793945,92.6664148966471,107.264373779297,21.2072097730274,0,0,115.160575866699,14.3743849806721,87.7481946150462,75.8983666269403,0,143.040161132812,88.7264951433454,92.7330717606978,155.931335449219,0,0,89.6250877380371,11.7828213188587,196.251358032227,154.658737182617,132.468376636505,166.851495843185,96.3398065839495,155.267132441203,0,19.6785884722499,0,156.366486867269,153.571131388346,145.05940246582,0,0,0,14.8774576150454,0,151.682022094727,189.015258789062,113.771177404849,0,0,0,135.642835763785,168.967483520508,130.171096801758,0,0,135.647933959961,170.36385345459
66.7068107974145,0,151.995681762695,118.740536499023,0,6.54747551284392,10.4165658309833,118.778124722567,20.5961050425361,111.423147878339,111.827447727748,67.2483276639666,89.2965435451931,58.4582328796387,31.7636673568726,15.2444362553134,98.2555084228516,0,82.3141886393229,87.9289754231771,127.333535936144,104.408264160156,103.807379404704,114.637512207031,119.357067871094,0,99.0155283610026,137.053684234619,116.058186848958,26.5539471020587,128.268589019775,102.233543395996,11.0271555551431,100.621528625488,35.7817621278526,231.262283325195,0,0,124.935760498047,0,0,0,180.777465820312,214.590377807617,0,0,0,0,0,233.234344482422,0,145.128128051758,0,0,0,0,0,0,0,185.890289306641,0,144.645294189453,0,147.270317077637,0,157.082061767578,0,0,0,0
26.728887390401,0,115.935089922966,87.3135454747584,63.9950161847201,10.4165658309833,7.34674639694261,54.3582027517634,17.9433631892427,76.8470991491684,16.9465966980647,77.1304185390472,16.7623597295398,120.805879592896,26.9846280153434,12.1456905356721,89.2965494791667,146.424026489258,88.9706649780273,158.322240829468,29.3376412083725,82.6853523254395,89.7229056948707,101.681405639648,79.9200148497309,0,156.572826609892,128.459544788707,75.8321858319369,31.1542903979939,91.2992498397827,151.269496917725,15.3101544149076,72.5664637165685,43.5100569191732,155.749332427979,0,168.607246398926,95.3204816182454,0,0,163.093454996745,147.824908892314,187.460975646973,102.025051116943,234.445816040039,0,165.40185546875,0,165.025312635634,0,0,0,0,0,0,235.993469238281,102.941825866699,214.73405456543,141.003845214844,0,238.697189331055,170.658172607422,151.902164234835,170.732618059431,150.557739257812,0,0,152.763572692871,159.558276367187
26.8667397716092,111.116561889648,73.5990759171161,54.7526977626757,53.7529756856519,118.778124722567,54.3582027517634,9.94406186868885,35.2697765395376,48.5165247555593,18.0763428439421,157.505252838135,50.6234457578317,149.412850952148,17.9259754122695,65.8661257425944,56.2287917137146,119.704933738708,0,137.163963045393,58.589112730284,42.0834820050151,65.6803160882765,44.2315299778842,40.652895112517,0,114.635806996772,92.0193543321504,15.7787131197844,40.3955066391439,16.1695955117626,160.477564493815,137.051738739014,52.9368155497425,61.1789632272185,133.17298634847,0,139.015437655979,88.2269465128581,146.464556376139,174.528182983398,148.84685154965,114.931260245187,151.976993560791,83.2550367627825,152.242563724518,0,142.602081298828,0,140.114434051514,138.783908843994,0,179.898303985596,0,207.151397705078,213.036849975586,0,74.1893577575684,154.899833679199,110.468765225031,143.248031616211,171.185115269252,152.486030578613,125.456178891909,142.194493974958,104.208138783773,0,0,132.867802211217,148.567108764648
20.2167737947021,172.105285644531,101.353081625614,76.3272597689589,76.0038010827426,20.5961050425361,17.9433631892427,35.2697765395376,11.6525488891526,71.3826641586126,23.3107592316946,78.1064587141338,22.3804631748737,121.943369293213,11.9276970150861,30.5530862023808,87.3428348965115,129.058237202962,119.621207555135,144.492656034582,75.7851155530595,87.0490145002093,95.2177598741319,90.3210840702057,71.7421571213266,0,143.199497507579,114.902174100009,64.3797234185883,25.1033021849523,75.7784745958116,159.603408813477,15.9077784483439,58.6873816020453,45.9087195522645,139.809623269474,0,171.995819091797,105.240819386074,0,0,167.586200290256,130.554197720119,168.910382407052,97.0112546837848,157.476612091064,0,140.53842010498,0,159.120704982592,169.66136932373,165.132207234701,184.101638793945,0,0,183.271797180176,0,107.31443617079,159.902160644531,131.364748213026,0,166.506324768066,176.855017089844,131.994149669524,163.124352010091,150.815698103471,0,0,127.283643450056,167.066100742506
57.962649217421,63.6315795050727,92.1096960703532,10.5078427039955,52.0705339248364,111.423147878339,76.8470991491684,48.5165247555593,71.3826641586126,7.73790395928834,75.3286077029251,154.536064147949,29.292701218863,114.905469894409,71.692434798304,18.3773071126565,64.7392336527507,125.378700256348,139.416660308838,115.868881225586,51.8634642298431,46.4559208461216,28.21442556916,57.4171140076684,20.0122347910606,104.051344977485,124.253131519664,107.156130141106,40.0105857872283,72.9394077254505,45.6441630219384,140.473579406738,115.875652660023,62.2556689370892,66.1690589094584,93.8096252441406,76.8540267944336,96.2453753153483,33.1963707501034,95.9848629179455,145.843246459961,91.1588312149048,65.8711183043732,94.4428988004986,24.859414919805,98.5846845453436,225.548156738281,95.3261288729581,0,97.8420000076294,70.5589201790946,95.0496826171875,0,172.947616577148,0,124.485959370931,118.250350952148,46.7969303131104,139.619532267253,66.3990366251572,0,122.926647186279,104.834275987413,85.7681060737663,104.942985534668,85.1266117095947,0,139.725898742676,96.582389831543,109.099152785081
55.6878990467264,123.926612854004,105.513484266938,74.7179917855696,15.8963632977877,111.827447727748,16.9465966980647,18.0763428439421,23.3107592316946,75.3286077029251,8.78120554950398,147.185897827148,15.1613377622764,0,20.2316410799527,60.0388887786865,97.9942139519586,151.203267415365,0,146.647171020508,18.2374284137235,125.10626151345,113.436763823978,89.2895906066895,47.8914576977283,0,160.997174944196,118.554697822122,17.7864337895343,77.6216179225594,72.7388501941648,0,127.150071577592,79.6655842844645,86.0603240487821,155.158584393953,0,169.851446969169,103.06243730628,38.0107011795044,196.136047363281,170.890865695092,140.060358840807,174.581451828415,105.458268410819,166.168649424677,0,64.7832987983272,0,163.28193359375,168.046398925781,194.471176147461,0,0,0,133.097174780709,0,86.4152297973633,181.593612670898,133.49707590423,0,212.233856201172,186.684036254883,147.292472211052,175.71068572998,128.572632925851,0,206.308303833008,149.364387512207,168.36018371582
139.394754333496,71.1940300574669,76.7340027612584,66.5497465206467,0,67.2483276639666,77.1304185390472,157.505252838135,78.1064587141338,154.536064147949,147.185897827148,14.2159716649281,0,29.161801399517,71.7743520994444,68.5549392700195,107.826742384169,40.9152954540391,22.9855710013097,25.125264456876,0,99.0306372209029,101.557363237653,88.9479158451031,132.665738423665,41.4072928452373,27.8209731853623,64.5745901493711,142.943050929478,57.237376812285,108.184521410839,47.5451530236371,68.7707509994507,156.371551513672,30.1840917764792,0,133.658217430115,125.549240960015,124.635793685913,0,235.014144897461,0,0,0,0,0,86.985902065701,0,84.0744421725803,0,0,0,130.781639099121,100.666961161296,113.598503406231,0,0,170.975505828857,183.345626831055,0,66.8019724992605,108.221845134323,107.112101614672,0,0,183.058097839355,103.683051109314,0,0,118.680043734037
53.5875165637897,0,112.131099994366,63.1296497691761,16.5343643381527,89.2965435451931,16.7623597295398,50.6234457578317,22.3804631748737,29.292701218863,15.1613377622764,0,8.47765625977196,0,49.3871169969874,12.0020225519167,87.6792984008789,151.035420735677,0,155.687850952148,12.3503465624714,137.295486450195,88.6346718283261,104.601753234863,21.2519611213818,0,170.57261912028,127.562101745605,50.972882361412,75.8304173028291,79.2263111423802,0,94.1959546407064,88.278405725956,79.1514852665089,183.829396565755,0,192.453536987305,71.3169631958008,33.8293099594116,221.173629760742,162.102922916412,143.911514282227,181.509162902832,97.0858940124512,56.0382748772116,0,10.7558445304284,0,168.368522644043,0,0,0,0,0,13.5073717633883,0,0,0,105.202974955241,0,0,0,141.212810375072,186.607772827148,0,0,0,106.099792480469,137.508346557617
155.963445027669,49.3385192322475,77.7114321580574,42.3870392625148,0,58.4582328796387,120.805879592896,149.412850952148,121.943369293213,114.905469894409,0,29.161801399517,0,8.41429889776274,92.0646839141846,188.895614624023,160.527618408203,78.8372786045074,57.9001738459086,80.7745844125748,181.232284545898,134.407806396484,89.9691107376762,123.797483444214,124.871562194824,19.2007184935813,56.1379914419992,28.4255989812533,145.636043548584,55.1953158378601,133.759368896484,21.871553219486,96.2182388305664,0,56.7370368875262,206.05810546875,94.2812991672092,152.441960652669,116.407923033743,0,0,0,189.039845784505,0,0,0,71.6027970027924,0,65.4308860167834,0,0,203.133041381836,147.406763712565,97.3082475884016,118.57340293095,0,0,100.577850117403,164.640518188477,0,46.3431171024119,98.4726382300967,93.2908062158629,188.571136474609,181.131011962891,184.127039591471,91.5139566705301,0,0,123.360295715332
9.53616362683422,117.604904174805,100.471905402417,82.2300517963913,94.7376045227051,31.7636673568726,26.9846280153434,17.9259754122695,11.9276970150861,71.692434798304,20.2316410799527,71.7743520994444,49.3871169969874,92.0646839141846,6.51343348840807,30.673594518539,86.3688252766927,117.16041631284,117.195217132568,137.045123100281,86.4548023171621,85.1981853138317,76.8956400553385,87.7957657322739,75.9543472853574,96.8659858703613,129.45480460309,136.957566110711,68.8852859908195,10.6278880999263,18.1717701260048,0,11.290650146593,35.590430269436,39.9567754477149,141.717483520508,0,144.398979187012,99.8137336730957,99.5333938598633,0,184.604075113932,136.468198888442,176.324740600586,103.848527388139,179.137413024902,0,0,0,166.616928100586,0,0,227.841674804688,0,0,0,0,77.7348937988281,0,138.711799621582,0,0,168.201599121094,140.644167046798,156.141290664673,142.470497131348,0,227.330108642578,134.06684366862,157.680478022649
23.7584169213857,0,117.56157875061,70.4313858032227,0,15.2444362553134,12.1456905356721,65.8661257425944,30.5530862023808,18.3773071126565,60.0388887786865,68.5549392700195,12.0020225519167,188.895614624023,30.673594518539,7.68321973305973,0,0,0,170.787658691406,49.8933950265249,83.4698028564453,67.4413770039876,105.223720550537,46.1033111947482,0,142.176582336426,0,82.4146423339844,31.0834667446049,67.3198089599609,0,49.2765817642212,89.4462102254232,42.2322158379988,0,0,0,71.2527923583984,0,0,0,0,0,0,0,0,0,0,0,0,0,0,0,0,0,0,0,0,106.389981587728,0,0,0,134.408605957031,0,0,0,0,0,171.918014526367
75.7268075382008,81.6774599942294,79.405628628201,54.7715618154976,83.0217315673828,98.2555084228516,89.2965494791667,56.2287917137146,87.3428348965115,64.7392336527507,97.9942139519586,107.826742384169,87.6792984008789,160.527618408203,86.3688252766927,0,11.7314915917064,97.7577598759385,126.199897766113,132.285307407379,91.1483001708984,19.6700154950448,33.8473899273368,14.5478026301145,34.1921740580615,113.672782897949,106.374652779621,27.118363767234,34.4326695572762,96.3422479629517,35.3293496586452,140.388214111328,0,56.2608722050985,57.4062878851797,0,0,122.361800698673,79.3520190899189,0,0,0,0,0,0,215.518264770508,0,0,0,0,0,0,162.141788482666,0,0,0,0,56.7573051452637,121.323137919108,119.761531829834,0,145.71533203125,141.829137166341,140.434799194336,146.839859008789,0,0,0,0,157.181335449219
102.459280663348,49.8199655559617,37.5727316912416,53.3086759793235,0,0,146.424026489258,119.704933738708,129.058237202962,125.378700256348,151.203267415365,40.9152954540391,151.035420735677,78.8372786045074,117.16041631284,0,97.7577598759385,9.18874920007317,53.6643374512161,24.2039430418649,207.897857666016,52.5847084861626,73.663341439588,19.376167203278,124.630856748487,63.1710186833921,33.762777699353,59.8195291649001,119.063476842111,94.1966565879616,74.8348540882251,99.0666646542756,104.692710876465,107.474926288311,31.5795660961365,169.423328399658,110.784658559163,98.1916425778316,76.9109970855713,0,162.909851074219,0,150.471908569336,0,0,220.21875,134.097653198242,0,147.784731547038,149.008712768555,0,175.840963745117,105.967240759667,143.012771606445,114.461405986064,0,137.87243347168,106.484486897786,118.910449757295,154.737609863281,101.46584146673,105.02460417314,104.764737714162,185.189215766059,142.773300170898,151.880328178406,142.922799428304,0,148.242263793945,109.708540460338
145.228056474165,84.6645498275757,79.5266595567976,64.9257576096226,0,82.3141886393229,88.9706649780273,0,119.621207555135,139.416660308838,0,22.9855710013097,0,57.9001738459086,117.195217132568,0,126.199897766113,53.6643374512161,7.43831781822533,16.0839540906698,0,109.361917114258,109.628330230713,108.8939440067,146.241333007812,55.0642119898941,31.1245993982036,67.1058116527344,151.930123223199,80.4480084737142,118.319430215018,57.0568148295085,0,0,56.2761679257423,0,125.472732543945,144.022294998169,138.004254023234,0,0,0,0,0,0,0,100.577573140462,0,96.9052408690094,0,0,0,123.966622924805,101.335583496094,110.045714470648,0,0,117.088291168213,163.645248413086,0,73.3607711269431,105.073371373443,106.190624527309,203.839065551758,0,0,109.322236515925,0,0,141.933915530934
130.01084313689,67.7561949721905,68.2547510560737,60.8438351524368,0,87.9289754231771,158.322240829468,137.163963045393,144.492656034582,115.868881225586,146.647171020508,25.125264456876,155.687850952148,80.7745844125748,137.045123100281,170.787658691406,132.285307407379,24.2039430418649,16.0839540906698,10.70168862183,0,96.7523108525063,105.257876852284,85.9969784643636,148.690054575602,51.856694124747,28.4847162574246,71.7779324143873,139.844255189638,106.850831812078,107.431307150034,76.7476919685922,97.6153678894043,128.109563191732,46.0758806914024,196.772048950195,101.752587091355,130.214357324549,107.330127538637,0,0,0,187.235137939453,0,0,0,109.586877746582,0,121.155248260498,0,0,166.127517700195,116.859685134888,105.281629225787,107.202579004301,0,187.738311767578,145.037292480469,133.517646426246,0,85.9962608882359,105.191579245039,109.731483377562,217.056503295898,0,143.781951904297,110.925222396851,0,0,116.074240094139
71.3808326721191,0,0,76.0902118682861,12.1081286780536,127.333535936144,29.3376412083725,58.589112730284,75.7851155530595,51.8634642298431,18.2374284137235,0,12.3503465624714,181.232284545898,86.4548023171621,49.8933950265249,91.1483001708984,207.897857666016,0,0,9.32824945159833,145.56632232666,108.759643956235,127.569263458252,17.7917095374886,0,0,139.663116455078,22.9936798007548,86.9999480067935,95.9212618741122,0,136.206581115723,85.2158870400542,88.9873462937633,150.888610839844,0,195.629257202148,100.533552730785,12.336351381985,0,171.684602355957,143.673674821854,187.076216125488,93.3909616016206,143.662483215332,0,9.28515431888872,0,182.856151874249,152.770177205404,0,0,0,0,17.7181201586083,0,0,0,125.165679512443,0,0,0,149.085574326692,176.500384012858,154.965883255005,0,0,0,161.967457857999
44.9669494901942,89.4719760682848,60.5780577330754,63.162229656303,158.257888793945,104.408264160156,82.6853523254395,42.0834820050151,87.0490145002093,46.4559208461216,125.10626151345,99.0306372209029,137.295486450195,134.407806396484,85.1981853138317,83.4698028564453,19.6700154950448,52.5847084861626,109.361917114258,96.7523108525063,145.56632232666,8.71280733193484,40.5592304013064,19.8130560744086,19.9769490897655,0,113.57519500843,60.0383305843108,19.0244009344947,61.1397656579713,22.1100701802285,138.354553222656,0,56.9715446125377,38.9618588951925,121.032272338867,143.662647247314,109.255895932515,79.7663078308105,0,0,0,105.369138081868,0,55.1826286315918,0,0,0,0,145.758382797241,0,0,143.222366333008,0,0,0,160.561988830566,88.1686028374566,129.10763331822,120.269253540039,0,159.338789719802,132.685965904823,116.548843383789,0,161.776702880859,0,0,91.3830184936523,98.247428894043
58.4179753146759,20.4330202964357,37.3783589096393,39.6943204539463,92.6664148966471,103.807379404704,89.7229056948707,65.6803160882765,95.2177598741319,28.21442556916,113.436763823978,101.557363237653,88.6346718283261,89.9691107376762,76.8956400553385,67.4413770039876,33.8473899273368,73.663341439588,109.628330230713,105.257876852284,108.759643956235,40.5592304013064,7.83292595104202,37.8528950628655,17.0334585574355,71.2477214976507,93.7880299150451,33.804945204368,41.7779862815584,63.9002685966492,39.7973001135583,110.708735726096,110.546350860596,48.7283394553445,53.8041404937813,0,141.69921875,67.405023627811,36.6855089028676,110.203430175781,159.892272949219,0,108.301736450195,130.366897583008,50.0380151569843,0,0,0,133.71949332101,140.651901245117,0,88.0380821228027,107.59973689488,0,138.91201171875,0,69.9365186691284,21.8914122056153,82.7475869315011,86.8865237333337,0,137.837680238666,90.1682089581902,79.5267170093678,144.417224884033,81.9019627571106,176.405242919922,0,96.7175674438477,106.024219036102
54.6147282034824,64.8702534266881,22.8726864589625,42.3894380937243,107.264373779297,114.637512207031,101.681405639648,44.2315299778842,90.3210840702057,57.4171140076684,89.2895906066895,88.9479158451031,104.601753234863,123.797483444214,87.7957657322739,105.223720550537,14.5478026301145,19.376167203278,108.8939440067,85.9969784643636,127.569263458252,19.8130560744086,37.8528950628655,12.016487453687,42.5513036483867,89.1478294372559,67.9739956258138,32.7298406658977,29.7028999936816,66.1520025838835,38.8383873877576,138.026116371155,123.812705993652,75.1083639462789,39.7845518016047,145.766839599609,79.2205107552665,85.7944777648573,60.2976601940538,0,172.022094726562,0,169.900114059448,182.716003417969,123.844834899902,0,139.038996378581,148.970184326172,143.772369384766,125.733779907227,0,130.189059363471,124.416757354736,163.648910522461,158.293371761546,0,104.706904983521,57.7048360885136,104.205519974999,132.66921081543,142.637954711914,126.210767971249,99.2610317983234,117.067346655804,143.273454666138,119.876175389145,0,0,132.560075759888,111.244605728343
59.1368085542133,89.7661432665448,98.5295825534397,33.9148300245433,21.2072097730274,119.357067871094,79.9200148497309,40.652895112517,71.7421571213266,20.0122347910606,47.8914576977283,132.665738423665,21.2519611213818,124.871562194824,75.9543472853574,46.1033111947482,34.1921740580615,124.630856748487,146.241333007812,148.690054575602,17.7917095374886,19.9769490897655,17.0334585574355,42.5513036483867,11.4920494011419,96.3407012939453,124.755113892636,73.6400782773512,17.6912797239395,77.9921610873678,48.4527342076455,144.991504669189,122.542370882901,63.8995349684427,68.0370523935821,127.326886415482,98.6680526733398,161.648335048131,56.3198646157088,87.46266449199,191.314254760742,133.6605498574,102.085705400324,139.251663861956,62.9971160053337,129.057926062382,0,112.417384870125,0,133.961618122302,114.563852830367,129.526363372803,186.335037231445,0,0,133.449611663818,157.779907226562,73.6092785729302,151.624263763428,85.8291640079868,223.989715576172,194.81255531311,167.466351509094,110.038099796516,138.847313351101,117.247362518311,177.374092102051,0,120.044320000543,127.840364138285
0,30.4901984381002,88.8319206237793,21.6350807573691,0,0,0,0,0,104.051344977485,0,41.4072928452373,0,19.2007184935813,96.8659858703613,0,113.672782897949,63.1710186833921,55.0642119898941,51.856694124747,0,0,71.2477214976507,89.1478294372559,96.3407012939453,8.79779813946078,42.6237886065528,29.7645461624296,149.281723022461,0,168.465026855469,48.8227151623209,0,120.656188964844,64.5350786975979,0,87.3883412679036,128.068754196167,94.5711770738874,0,0,0,0,0,0,0,64.8232416970389,0,58.4304217637754,0,0,0,0,85.2611910502116,103.815584265667,0,0,91.9805742899577,193.744781494141,0,32.1862276492228,88.1379174788793,88.9285491480972,155.896697998047,216.0146484375,175.417836507161,85.9530233655657,0,0,110.537312825521
111.356717498724,49.2801347311318,22.8739420906734,49.7302107461908,0,99.0155283610026,156.572826609892,114.635806996772,143.199497507579,124.253131519664,160.997174944196,27.8209731853623,170.57261912028,56.1379914419992,129.45480460309,142.176582336426,106.374652779621,33.762777699353,31.1245993982036,28.4847162574246,0,113.57519500843,93.7880299150451,67.9739956258138,124.755113892636,42.6237886065528,15.2290377224729,29.6502608793834,120.986965942383,114.229152188982,101.179067028764,25.2786668885634,0,131.635571161906,61.5659290641464,173.856746128627,100.691588334211,99.7282272747585,87.9280439080132,0,0,0,166.191215515137,0,0,0,105.856950229272,0,105.703470584236,0,0,156.244109562465,105.400789576731,105.12589970757,102.957989765759,0,126.914690971375,130.28453801473,118.741366997743,204.575538635254,71.6032810021396,98.424466880566,101.773832182953,167.647510051727,148.153411865234,166.005782536098,109.541890840273,0,0,109.081539976487
113.354786442775,33.5748477451079,21.1992225639798,38.7221402675833,115.160575866699,137.053684234619,128.459544788707,92.0193543321504,114.902174100009,107.156130141106,118.554697822122,64.5745901493711,127.562101745605,28.4255989812533,136.957566110711,0,27.118363767234,59.8195291649001,67.1058116527344,71.7779324143873,139.663116455078,60.0383305843108,33.804945204368,32.7298406658977,73.6400782773512,29.7645461624296,29.6502608793834,11.8930922541271,71.184381197181,117.654740516176,102.671162027301,25.145060431596,136.955474853516,117.302619934082,61.8901977334008,174.491981506348,93.4711569309235,84.3523229103721,59.0115211437595,0,0,169.895889282227,175.574268976847,158.412246704102,119.784895324707,0,109.17034345203,0,109.583497963536,0,0,124.242097037179,106.665043016759,107.306860989364,104.616830748038,0,136.537688053016,68.8226227634168,105.999423177023,144.7835521698,72.9380538429039,100.043859863488,102.06346538667,161.495516176577,156.787175496419,144.8896484375,115.588194765363,0,143.551930745443,110.328416690869
51.1749880879056,101.497262137277,56.9533998508327,52.3317253744344,14.3743849806721,116.058186848958,75.8321858319369,15.7787131197844,64.3797234185883,40.0105857872283,17.7864337895343,142.943050929478,50.972882361412,145.636043548584,68.8852859908195,82.4146423339844,34.4326695572762,119.063476842111,151.930123223199,139.844255189638,22.9936798007548,19.0244009344947,41.7779862815584,29.7028999936816,17.6912797239395,149.281723022461,120.986965942383,71.184381197181,8.90345611132485,61.6921687910936,22.1796869484034,154.19265965053,120.384012075571,50.4759907001128,58.3534360849395,131.257743740082,107.995933532715,128.826121557327,78.6966736442164,60.5255468175128,193.503463745117,144.053053453234,112.872195416186,150.862586605933,85.4627815130103,137.356498153121,0,107.676499915123,192.687377929688,142.090348579514,141.694700622559,144.427354812622,163.159215291341,0,192.236506144206,136.081815790247,139.545639038086,71.6811654111172,147.495269775391,107.643154304798,0,171.340594898571,159.940293763813,120.905500572179,148.907510008993,111.884791564941,0,177.982879638672,130.503417121039,136.033194687787
10.1264967077958,100.005397796631,78.0482600055524,82.4633463959196,87.7481946150462,26.5539471020587,31.1542903979939,40.3955066391439,25.1033021849523,72.9394077254505,77.6216179225594,57.237376812285,75.8304173028291,55.1953158378601,10.6278880999263,31.0834667446049,96.3422479629517,94.1966565879616,80.4480084737142,106.850831812078,86.9999480067935,61.1397656579713,63.9002685966492,66.1520025838835,77.9921610873678,0,114.229152188982,117.654740516176,61.6921687910936,7.18658748519619,16.1002150215384,90.0015201568604,8.89863630044054,9.10180339486797,24.3229053040091,151.871778215681,125.819274902344,135.80832018171,96.3755412923879,114.858075823103,188.578872680664,183.038065592448,134.438375286028,176.576617500999,91.3575140146109,0,0,109.844011942546,0,164.863761901855,158.449546813965,179.525268554688,0,0,0,0,0,97.3729001825506,179.555549621582,136.047835734353,83.3423919677734,162.261703491211,165.536140441895,132.131953655145,169.794031450825,134.718694559733,0,0,138.402935451931,153.122125045113
21.3522670626468,109.83891912607,59.6176468551933,53.5933645042831,75.8983666269403,128.268589019775,91.2992498397827,16.1695955117626,75.7784745958116,45.6441630219384,72.7388501941648,108.184521410839,79.2263111423802,133.759368896484,18.1717701260048,67.3198089599609,35.3293496586452,74.8348540882251,118.319430215018,107.431307150034,95.9212618741122,22.1100701802285,39.7973001135583,38.8383873877576,48.4527342076455,168.465026855469,101.179067028764,102.671162027301,22.1796869484034,16.1002150215384,9.5569183757119,0,121.078308105469,40.9585672072422,34.3742977331729,125.120483398438,147.006459554036,127.944347381592,63.2254655361176,128.780303955078,152.567314147949,125.983640034993,99.4870738983154,146.537923177083,51.6973926319795,0,0,0,0,133.990280151367,129.975158691406,122.212069193522,139.686159133911,0,175.847454071045,0,0,54.4205109732492,113.976581920277,106.816206090591,181.357238769531,157.236972950123,147.33859883184,103.344732496474,127.601804097493,102.701843806675,201.323638916016,0,107.18660736084,132.458027733697
164.151050567627,70.2898459738873,84.3799121690833,67.6344908437421,0,102.233543395996,151.269496917725,160.477564493815,159.603408813477,140.473579406738,0,47.5451530236371,0,21.871553219486,0,0,140.388214111328,99.0666646542756,57.0568148295085,76.7476919685922,0,138.354553222656,110.708735726096,138.026116371155,144.991504669189,48.8227151623209,25.2786668885634,25.145060431596,154.19265965053,90.0015201568604,0,6.07381013119294,0,0,72.0186826577141,0,147.312306976318,135.15786895752,154.95287322998,0,0,0,0,0,0,0,100.251311461131,0,95.3303194160921,134.234924316406,0,201.48127746582,0,106.735510366934,125.890862898393,0,0,170.565002441406,0,0,71.1635335206986,110.24454944105,111.402029539409,0,0,0,111.108379281085,0,0,141.267474781383
73.1459073459401,0,191.868934631348,0,143.040161132812,11.0271555551431,15.3101544149076,137.051738739014,15.9077784483439,115.875652660023,127.150071577592,68.7707509994507,94.1959546407064,96.2182388305664,11.290650146593,49.2765817642212,0,104.692710876465,0,97.6153678894043,136.206581115723,0,110.546350860596,123.812705993652,122.542370882901,0,0,136.955474853516,120.384012075571,8.89863630044054,121.078308105469,0,4.73843661942411,0,45.6485578296254,0,0,0,0,0,0,0,177.320693969727,0,0,0,0,0,0,0,181.812301635742,0,0,0,0,0,0,128.012077331543,0,175.371910095215,0,0,0,158.826705932617,0,0,0,0,183.050231933594,0
16.5161613827629,0,101.761420616737,66.5084112066972,88.7264951433454,100.621528625488,72.5664637165685,52.9368155497425,58.6873816020453,62.2556689370892,79.6655842844645,156.371551513672,88.278405725956,0,35.590430269436,89.4462102254232,56.2608722050985,107.474926288311,0,128.109563191732,85.2158870400542,56.9715446125377,48.7283394553445,75.1083639462789,63.8995349684427,120.656188964844,131.635571161906,117.302619934082,50.4759907001128,9.10180339486797,40.9585672072422,0,0,6.20418456642303,11.4672318332554,125.949157714844,132.638061523438,104.948383331299,136.992694854736,86.4897232055664,151.948501586914,179.92724609375,127.329717636108,155.251586914062,89.6383514404297,0,0,158.191619873047,0,179.507797241211,0,0,107.294326782227,0,0,205.459274291992,0,45.7235546112061,0,162.663017272949,0,118.792125701904,132.516860961914,129.453343843159,152.004488627116,104.103569030762,0,0,137.232569376628,140.171056111654
78.1314769942185,48.6853585874969,37.9883149996655,53.431508470226,92.7330717606978,35.7817621278526,43.5100569191732,61.1789632272185,45.9087195522645,66.1690589094584,86.0603240487821,30.1840917764792,79.1514852665089,56.7370368875262,39.9567754477149,42.2322158379988,57.4062878851797,31.5795660961365,56.2761679257423,46.0758806914024,88.9873462937633,38.9618588951925,53.8041404937813,39.7845518016047,68.0370523935821,64.5350786975979,61.5659290641464,61.8901977334008,58.3534360849395,24.3229053040091,34.3742977331729,72.0186826577141,45.6485578296254,11.4672318332554,11.6651293006197,116.333278656006,96.4919404654667,92.450168729363,68.8115147557752,0,0,236.335510253906,159.986729092068,162.006393432617,95.0246629714966,171.702489217122,127.681083255344,155.31774520874,133.205355436906,126.79923248291,0,136.410874260796,105.450494917612,118.144108165394,125.675842987864,0,134.63516998291,77.9568053974825,112.97564845615,131.194600847032,82.0259102715386,111.545328994219,111.793870627031,130.888854108538,144.149379730225,136.275691509247,136.004947662354,0,120.727897644043,115.372428247484
129.60445022583,0,144.544384002686,73.2579739544843,155.931335449219,231.262283325195,155.749332427979,133.17298634847,139.809623269474,93.8096252441406,155.158584393953,0,183.829396565755,206.05810546875,141.717483520508,0,0,169.423328399658,0,196.772048950195,150.888610839844,121.032272338867,0,145.766839599609,127.326886415482,0,173.856746128627,174.491981506348,131.257743740082,151.871778215681,125.120483398438,0,0,125.949157714844,116.333278656006,7.19343228734623,115.522927347819,89.9176324085124,65.7000599755181,76.1176047733852,64.9180546422158,30.8942744825563,25.4001356624735,26.5996148801608,60.8101530895743,53.0326988718531,143.347148973115,61.6399774381699,158.154407501221,10.0016623542113,24.5667817676949,76.7739849090576,98.9056813254285,147.23486328125,130.811608791351,67.1755513548851,76.7805080413818,66.0746310287052,80.1823780260588,60.4180631690851,0,115.819153721884,130.345102945964,66.2182020284064,12.6557927742253,21.8367690497032,170.156072998047,73.913948059082,25.6736145625779,36.113570260124
126.445491790771,120.537816619873,69.0508895564724,79.8242254257202,0,0,0,0,0,76.8540267944336,0,133.658217430115,0,94.2812991672092,0,0,0,110.784658559163,125.472732543945,101.752587091355,0,143.662647247314,141.69921875,79.2205107552665,98.6680526733398,87.3883412679036,100.691588334211,93.4711569309235,107.995933532715,125.819274902344,147.006459554036,147.312306976318,0,132.638061523438,96.4919404654667,115.522927347819,7.01091318849027,35.8563989487933,24.3851639321935,0,0,0,109.50804716168,136.377349853516,66.8446115347055,140.582794189453,66.6451077521602,0,58.4005020560948,144.313690185547,0,71.7773152178491,52.8212839811182,77.1615950935765,64.4680693510807,0,70.3278777178596,22.5392790374212,55.4145492247173,90.044775554112,27.4004004411141,49.6505230489102,33.8302012173876,105.373390750609,0,95.487917791439,74.6373267173767,0,128.730667114258,56.4678694589916
155.333689072553,75.9031361897786,76.6829173242161,82.8382789210269,0,0,168.607246398926,139.015437655979,171.995819091797,96.2453753153483,169.851446969169,125.549240960015,192.453536987305,152.441960652669,144.398979187012,0,122.361800698673,98.1916425778316,144.022294998169,130.214357324549,195.629257202148,109.255895932515,67.405023627811,85.7944777648573,161.648335048131,128.068754196167,99.7282272747585,84.3523229103721,128.826121557327,135.80832018171,127.944347381592,135.15786895752,0,104.948383331299,92.450168729363,89.9176324085124,35.8563989487933,10.1334824771754,38.3066408432869,0,83.7096252441406,146.692010879517,84.1761013653488,138.821434497833,109.519820531209,133.018244934082,80.0345876481798,143.281036376953,96.8438058150442,115.624422345843,130.288578033447,78.4347398872049,36.5152052538966,101.477466265361,76.4192979591233,0,43.8240413491925,33.8073741205778,18.8109030112203,103.438405271436,93.062468846639,24.2391364110845,29.8492058870329,54.5245995158598,95.7600222601407,59.055628051812,94.9375368754069,0,104.527434810515,51.7773933332045
100.156014124552,62.3570662411776,47.8515834652859,17.8455577465796,89.6250877380371,124.935760498047,95.3204816182454,88.2269465128581,105.240819386074,33.1963707501034,103.06243730628,124.635793685913,71.3169631958008,116.407923033743,99.8137336730957,71.2527923583984,79.3520190899189,76.9109970855713,138.004254023234,107.330127538637,100.533552730785,79.7663078308105,36.6855089028676,60.2976601940538,56.3198646157088,94.5711770738874,87.9280439080132,59.0115211437595,78.6966736442164,96.3755412923879,63.2254655361176,154.95287322998,0,136.992694854736,68.8115147557752,65.7000599755181,24.3851639321935,38.3066408432869,64.713781311996,61.2869356700352,107.860884817023,83.8953514934456,43.9708883504834,87.6645621147709,10.3214968406342,90.9635358064071,71.4977598314161,62.7636382788943,63.9963063999098,74.5532117002948,55.5990614209856,61.7367192401787,53.7379305339403,74.4830659654405,57.4810041090401,95.7054285321917,73.0645136151995,46.5015696989446,56.8187281341035,34.6605590774071,32.3897551334634,46.5077077971247,41.9534402647421,45.0355246334232,73.3012731619049,58.4032828649912,75.0447157520359,116.949278397994,52.1859681480809,58.6228913676631
105.142640431722,0,0,87.5547027587891,11.7828213188587,0,0,146.464556376139,0,95.9848629179455,38.0107011795044,0,33.8293099594116,0,99.5333938598633,0,0,0,0,0,12.336351381985,0,110.203430175781,0,87.46266449199,0,0,0,60.5255468175128,114.858075823103,128.780303955078,0,0,86.4897232055664,0,76.1176047733852,0,0,61.2869356700352,9.10443827897012,0,60.13391238451,60.1442986560124,91.2677082262541,34.6946918699476,10.8916719906523,0,17.6925625709763,0,85.8284801217013,76.7515678405762,0,0,0,0,8.509336635747,0,111.185997009277,0,11.9726537549877,0,0,142.412582397461,11.1326453220996,95.4312470753988,75.8282132829939,0,132.846092224121,87.0390992456553,87.7118698120117
0,0,0,123.444995880127,196.251358032227,0,0,174.528182983398,0,145.843246459961,196.136047363281,235.014144897461,221.173629760742,0,0,0,0,162.909851074219,0,0,0,0,159.892272949219,172.022094726562,191.314254760742,0,0,0,193.503463745117,188.578872680664,152.567314147949,0,0,151.948501586914,0,64.9180546422158,0,83.7096252441406,107.860884817023,0,7.27517499423609,9.46867356353104,124.467900815217,18.5522233937874,107.629519568549,108.153027410093,58.4637356193698,97.7732467651367,83.0579376220703,30.154595474928,16.9830874011889,0,0,93.7421913146973,124.887031555176,131.175228999211,0,102.739191327776,103.820599365234,104.637994878432,0,230.367393493652,101.490287780762,118.632910857329,23.7274950530269,128.299674987793,0,9.13820496673134,82.1915893554688,30.4580410398286
152.193069458008,0,0,94.4535124597471,154.658737182617,0,163.093454996745,148.84685154965,167.586200290256,91.1588312149048,170.890865695092,0,162.102922916412,0,184.604075113932,0,0,0,0,0,171.684602355957,0,0,0,133.6605498574,0,0,169.895889282227,144.053053453234,183.038065592448,125.983640034993,0,0,179.92724609375,236.335510253906,30.8942744825563,0,146.692010879517,83.8953514934456,60.13391238451,9.46867356353104,7.95764728803807,61.1913887212604,23.5674452863315,67.5128023124741,17.9899413958017,70.1025861104329,28.4719299845858,120.153961181641,32.2843019132859,17.5565262811952,93.2796363830566,0,0,189.43798828125,32.919861596487,0,95.9409309733998,111.777887253534,40.403656357242,220.741058349609,166.197616577148,147.970433285362,64.8901915774592,30.1012106586078,93.1999027178838,0,21.2706132796141,84.2191186405364,52.8979574333938
