12.9727481852895,124.594657897949,92.5385322634734,71.585874186771,86.042618560791,92.2003781795502,55.3713239143635,38.3186550322472,31.9765907790226,69.1531573544029,67.73375099961,140.377832794189,74.6171988586881,170.376777648926,17.1913146812066,15.7301141120292,137.503335316976,100.776027222984,146.994186401367,131.804612385858,87.2844111124675,79.6405112459132,105.096948920356,88.2728385666494,90.0250835368375,0,117.657962025409,127.040284939355,91.3027866576667,22.4991437996607,36.3016006931307,173.807991027832,80.0038070678711,30.3136067008972,79.0220221166078,159.149490356445,118.282779693604,163.437409034142,90.4502331277598,156.086273193359,0,153.793592180525,138.93245413137,163.220322381882,124.561187744141,180.231285095215,0,125.759002685547,197.342422485352,174.572597503662,0,169.40512975057,184.358148574829,0,229.776607513428,174.479100545247,153.649480183919,108.445344107492,187.078386306763,125.729915334218,0,181.106939142401,168.61954986072,141.673040669759,152.497902764214,136.369102478027,0,0,146.451995849609,163.230867658343
124.594657897949,7.74038129186346,40.6468672593435,11.9965884474408,129.590595245361,0,152.510269165039,151.740378243583,145.51885732015,78.2659035750261,168.483652750651,61.6481171569824,126.113404168023,47.3846648569017,139.634602440728,121.898113026338,80.5189975016826,56.0824188386431,79.5483932495117,60.3103242321549,143.604110717773,94.2948972066244,25.9051592628417,65.8259150792682,94.2738131793985,30.9732978608873,49.2633440445573,35.1246073844135,122.860718917847,121.748998006185,116.291037241618,67.7647495269775,108.49755859375,109.179721832275,63.3738487812511,0,92.7678848266602,84.4098640890683,64.7670998573303,151.518295288086,0,222.526473999023,168.369304656982,0,0,0,81.1305603027344,168.148315429688,74.5897301893968,165.057876586914,0,0,102.411194434533,145.590227762858,97.9758539835612,0,0,0,143.268148803711,155.61408996582,57.6007120686193,96.5149128012461,102.073794866012,160.998826344808,0,138.320101420085,122.651720046997,0,0,107.331723022461
92.5385322634734,40.6468672593435,11.4566945120209,42.1044294643971,142.900003286508,167.706144544813,138.141369017544,100.83847516006,121.37175053206,103.379051208496,128.721512091421,87.3820078069513,176.489269510905,83.9621154522074,109.5892427414,147.838376998901,96.1433943923639,37.4915164470244,76.1913944591175,72.2845742133871,179.54369354248,66.2163539901903,57.9798925389688,26.9587242371669,118.477045823901,83.762825012207,27.3698547634746,24.0275976703753,101.339671685444,106.154741069749,78.6207825555576,99.2146072387695,185.516647338867,114.338065171853,50.0181061034372,166.817984008789,74.2563470088014,88.9040208363811,76.2523166464387,184.671621704102,0,211.885043334961,175.041627349854,203.745570373535,173.468892415365,0,134.10550181071,215.033561706543,155.033685684204,183.349088668823,0,124.02317401341,104.808973082641,153.09846496582,124.49435876917,0,129.463302249,114.76592616031,109.108124156723,150.167596878544,104.137763977051,100.408585895554,94.3568574132643,174.520839447671,184.36830368042,157.523443067396,130.250366210938,0,163.080754597982,107.325624672763
71.585874186771,11.9965884474408,42.1044294643971,39.5157440012152,65.1148600735507,114.122530850497,86.8365323143284,74.0388657369112,82.7155159655182,35.3902975996928,85.004793740443,66.5567652903447,89.0909773281642,49.6448270825372,81.8306102620047,98.8519809029319,41.4858165325282,58.2713936941964,71.2341890970866,60.6794629160563,80.0832299684223,61.8411556725363,24.6550227437701,53.6655709675079,50.8618304596313,23.2865878139113,51.5680180178419,39.5426365377,67.5327497259971,71.7732483201426,57.4940808894036,66.5199071949926,120.854304504395,65.3215803500421,63.89201153811,86.1214828491211,52.2231375954368,91.735643018756,34.8135071473963,97.8576554963083,0,95.3153630306846,80.8655149428571,114.978778415256,65.5245730082194,134.301455974579,64.756301094504,118.5809284557,40.7489953704228,105.801546422447,131.844131469727,51.3505943961765,110.279176650509,79.3831436850808,77.4201102822514,137.208184814453,69.7855076423058,49.7499260902405,82.2460432455573,66.8880919117039,30.0093411242261,83.3594434766347,75.4527336321379,93.3314138139997,101.938091401131,84.7428909846715,85.7950744628906,120.820869445801,89.8858585357666,96.2770862034389
86.042618560791,129.590595245361,142.900003286508,65.1148600735507,9.23130693086615,135.888061523438,82.8027082526166,48.1504918240953,108.246750716325,50.28617677015,23.116504277924,0,32.0844270023296,0,108.345902640865,57.9726314544678,75.5125293731689,155.821538289388,0,233.82243347168,12.8669626056231,129.455192565918,82.2072711701089,128.319726053874,21.02138004681,0,145.793003082275,125.484161376953,20.6094683147342,103.955358560803,94.5736764761118,0,0,92.9354300985531,103.128203093116,239.155319213867,158.642318725586,193.562461853027,77.7654639879863,26.259438122811,0,151.269756062826,143.31268733098,160.276258903637,83.7333397674561,155.203889944115,0,44.549666842313,0,180.610940115792,145.277404785156,196.25591023763,0,0,0,26.1520029539452,142.838607788086,128.985410690308,185.073848179408,105.14058705861,195.94115447998,242.4482421875,200.281813049316,136.030442663872,176.290922898513,171.089619954427,0,201.320678710938,173.575485229492,185.291885375977
92.2003781795502,0,167.706144544813,114.122530850497,135.888061523438,7.28538905019564,10.4440358368483,129.879324231829,20.0726018705776,89.623875357888,119.201032126822,62.5300186286538,97.236267774533,68.2590888977051,30.8172697496298,18.0053334293798,0,0,90.4128463745117,82.4073766072591,142.729764938354,205.139221191406,0,139.350532531738,133.726649544456,0,101.579664230347,142.796417236328,138.704940160116,22.2814966023873,125.293167877197,99.6293525695801,9.82804834453609,55.6074447631836,36.3687721633911,0,0,0,0,209.715888977051,0,0,192.338073730469,200.638336181641,0,230.783508300781,0,233.848617553711,0,228.864791870117,0,0,0,0,0,0,0,0,0,0,0,135.823608398438,0,195.260025024414,0,0,0,0,184.497283935547,0
55.3713239143635,152.510269165039,138.141369017544,86.8365323143284,82.8027082526166,10.4440358368483,11.358281937124,65.8501877992668,20.573971657197,81.0693461489515,32.916754685829,70.9799643955874,30.1589216433659,113.140019503507,31.7827915363143,14.2701821671953,104.263112386068,154.795203869159,98.1845763070243,166.150619029999,59.8090171382438,151.22725179921,126.388187755238,135.657895005594,86.3637252990415,79.7498512268066,155.183832731403,151.539802935138,84.9266103932194,33.7950280210451,111.66463766098,120.665252685547,21.5664592511956,103.547912349546,54.0201185391299,192.643409729004,0,183.508215586344,110.425485545191,149.8535105039,0,167.548150062561,151.543789906935,171.000763238645,176.881253560384,174.605965412838,240.429222106934,148.660414108863,0,168.38267162868,0,197.551931762695,218.528835296631,0,239.312026977539,162.772518920898,155.585708618164,147.104162216187,193.791980319553,134.882620784215,0,211.246249389648,196.937426430838,155.365344910702,180.704924149947,171.077551590769,0,195.95915222168,156.999404907227,184.207485492413
38.3186550322472,151.740378243583,100.83847516006,74.0388657369112,48.1504918240953,129.879324231829,65.8501877992668,12.2596088005765,66.0885449731679,69.5676702429181,30.871127536312,153.288710021973,61.1123937495211,161.098999023438,43.9967136710635,92.3607622034409,117.205744126264,138.897261295762,192.060241699219,160.631140097594,81.3745874544469,85.6647912127073,97.6779914182775,84.4190492125763,62.5123437040308,0,136.907925641953,114.314288977905,32.5372451780258,75.1126788057427,27.1383448506604,0,137.931286403111,76.3602589009382,88.0860824087469,150.757773659446,101.586296081543,158.275930616591,101.835280364414,138.456929573646,0,150.868348065545,138.028911075077,158.432065365919,129.00083051409,170.769720854583,205.99878692627,150.646160670689,0,160.392134893508,160.941787719727,159.040846862793,197.359720230103,0,206.04613494873,150.634902954102,171.585657119751,110.923875172933,165.092650807699,120.006236000061,0,190.110091618129,164.49174268195,144.204072585017,164.208232505649,155.950622754219,0,194.116516113281,158.636503393,160.207865507706
31.9765907790226,145.51885732015,121.37175053206,82.7155159655182,108.246750716325,20.0726018705776,20.573971657197,66.0885449731679,13.4739241649947,84.2349992964003,39.6859349203504,100.948259585613,78.487493146425,149.575561523438,17.4619950675186,39.8134863099055,135.880368913923,136.592035796561,148.84382218581,158.187646891276,89.9160912711665,114.655499322074,132.165281417522,113.054332278553,95.6573953622853,0,145.191227029407,150.951447962803,98.708677852215,32.0329881593234,86.5142588240732,188.852378845215,16.5458162798788,107.134437537488,78.0223449993685,172.406185647716,166.94319152832,180.457778015137,107.537099904027,143.867933014293,222.051483154297,170.037180074056,155.714761672481,174.429004521333,150.971558570862,182.592044605928,220.249290466309,167.853351831436,0,172.384196317649,200.762992858887,175.224026150174,212.005271911621,0,228.042972564697,173.633580525716,201.350143432617,170.969342549642,184.380385674371,136.601496537526,0,198.765223349294,191.459450904359,155.071868110317,174.526483095609,163.3580215742,0,202.246017456055,151.876193576389,172.471002633231
69.1531573544029,78.2659035750261,103.379051208496,35.3902975996928,50.28617677015,89.623875357888,81.0693461489515,69.5676702429181,84.2349992964003,8.82381329026199,84.6367131226452,126.766575050354,21.2437393204948,120.101519996,80.1610092096454,26.4684717705909,79.2967437744141,122.586251505305,140.330299377441,137.347922816421,49.163678342104,82.8838545227051,31.1464206825891,103.393284383446,23.7298748897268,109.691074577315,121.145094137925,110.696835376558,60.279184266328,67.025757004575,55.9528202932183,142.930700514052,118.425032043457,64.2015080894929,89.5531311869621,115.435684204102,134.592979431152,145.329378568209,25.0825305747986,93.2845361265418,0,119.459579467773,113.272954692011,131.320476786296,57.2437724369328,117.27873111301,199.369613647461,96.6063502175467,193.720672607422,142.028791427612,57.8897285461426,134.347454833984,149.003261566162,194.635223388672,191.593421936035,100.337392425537,230.935043334961,88.9546661376953,160.852557373047,66.8976481180342,134.613655090332,183.9295241038,165.084850311279,106.185459091819,128.607193470001,131.488368079776,0,0,137.604596455892,143.610731942313
67.73375099961,168.483652750651,128.721512091421,85.004793740443,23.116504277924,119.201032126822,32.916754685829,30.871127536312,39.6859349203504,84.6367131226452,16.8964318585201,175.988065279447,28.3881433987007,161.40807723999,50.4057744481955,72.1052118775192,106.339220258925,159.844632838323,0,187.126215616862,18.4062582082024,134.96019969267,114.111216128451,118.824120376554,74.7325316091502,168.574035644531,161.057305049896,132.65222804462,47.317138778077,93.4143461509795,95.5641862988472,0,124.762086191485,93.6868645537603,99.0442640779739,180.936513900757,179.775594075521,175.288751138223,109.484959920247,86.087785605007,0,162.413575225675,152.893627677996,172.916396247016,131.410926555765,173.40411049003,0,62.5033601315554,0,172.457777920891,173.156414031982,166.953857421875,201.075318908691,0,233.225677490234,162.986632864816,179.861684799194,134.434452866063,180.897429385428,130.366654683308,212.437194824219,221.743559403853,190.811273687026,155.75379701272,184.443180659046,170.977584175442,0,233.025184631348,167.615416390555,177.090103694371
140.377832794189,61.6481171569824,87.3820078069513,66.5567652903447,0,62.5300186286538,70.9799643955874,153.288710021973,100.948259585613,126.766575050354,175.988065279447,12.1001112137188,131.097796122233,20.3857518970015,113.412274093628,89.3207000732422,99.6462783813477,50.0142226361517,22.391379838123,16.6852067005813,0,107.787806791418,86.8757596152169,98.0296582953874,151.645177023751,31.7399911899229,31.6693754140754,60.5556129417966,156.355591860684,49.6386172331911,122.977079576062,46.8370179260238,62.8097103931865,142.585990905762,30.5277173311942,0,103.786677042643,141.827682495117,104.588771343231,0,0,0,230.032516479492,0,0,0,77.5645491282145,0,75.2685614531895,0,0,158.734222412109,129.361381530762,116.676750183105,118.428828519933,0,185.550956726074,0,154.858184814453,0,58.7063543228876,112.413588399472,103.994214103335,206.560913085938,0,0,94.0016708374023,0,0,134.123551504953
74.6171988586881,126.113404168023,176.489269510905,89.0909773281642,32.0844270023296,97.236267774533,30.1589216433659,61.1123937495211,78.487493146425,21.2437393204948,28.3881433987007,131.097796122233,12.2288061253502,142.085029602051,84.5060011966169,21.3894099720999,165.186981201172,186.363868713379,0,191.17174911499,16.8072028036504,169.364023844401,95.6939905678354,170.411715189616,27.5438873152973,0,170.131567148062,141.040915333141,56.2382703659946,90.5835667755197,130.955778855544,192.023880004883,111.686812482561,108.209919951683,96.0142738787048,198.352066040039,136.769683837891,181.127288818359,49.3755395552691,68.6371076439,0,147.223878012763,157.867204608339,171.6726101962,65.6035834864566,160.248691482544,0,15.6745162353221,0,180.910557673528,102.96596636091,0,0,0,0,13.9511811724731,0,133.269706726074,188.064956665039,110.451299964835,185.317039489746,165.829971313477,201.493624369303,135.513314268015,191.44606590271,126.626113891602,0,0,0,0
170.376777648926,47.3846648569017,83.9621154522074,49.6448270825372,0,68.2590888977051,113.140019503507,161.098999023438,149.575561523438,120.101519996,161.40807723999,20.3857518970015,142.085029602051,8.57693532278578,141.593037691983,157.25426864624,130.272832234701,83.7952748934428,49.7993380228678,59.6062692202055,0,148.3615234375,82.9120686231907,116.639558645395,140.07969292174,20.9266641018856,34.1327839072691,31.7021088659868,157.875934894268,57.6024325234549,151.471703665597,15.497202343005,74.7595825195312,0,49.8939028155079,0,64.5058731079102,111.463619232178,90.7014209522921,0,0,0,239.604080200195,231.002136230469,159.970526123047,0,78.0060193634033,0,59.8763040069084,0,0,159.021484375,152.427680969238,93.833607143826,116.001004536947,0,0,131.072601318359,191.957290649414,162.753112792969,45.2596371385859,97.5364432956861,84.2028917759023,0,219.245971679688,0,86.2577266249546,0,0,115.87247467041
17.1913146812066,139.634602440728,109.5892427414,81.8306102620047,108.345902640865,30.8172697496298,31.7827915363143,43.9967136710635,17.4619950675186,80.1610092096454,50.4057744481955,113.412274093628,84.5060011966169,141.593037691983,8.94082695434351,49.2110753926364,169.057352701823,118.829112061357,144.480918884277,148.285239834256,98.4196165019068,97.6949772731863,128.135799623885,100.041445195479,97.7849547585547,179.186141967773,132.750481497368,141.921535265938,102.397113139999,14.8950374628256,64.5918513686594,169.588516235352,11.2035026968323,49.1942341638648,75.7401183816884,152.155241648356,175.179466247559,176.959027009852,105.338179243372,163.129752159119,211.26139831543,176.165451049805,154.295840433891,181.934032733624,180.141682942708,201.938193359375,0,164.862725394113,0,174.471548369437,0,172.275189717611,193.423037719727,229.72176361084,210.464130401611,192.186810302734,182.581988016764,149.959145863851,187.642533400963,142.801545182629,0,194.163538315717,177.741880819831,160.010786491528,172.515220289964,153.047483656141,0,220.062408447266,163.861925252279,176.001692338423
15.7301141120292,121.898113026338,147.838376998901,98.8519809029319,57.9726314544678,18.0053334293798,14.2701821671953,92.3607622034409,39.8134863099055,26.4684717705909,72.1052118775192,89.3207000732422,21.3894099720999,157.25426864624,49.2110753926364,8.30565427039106,0,164.89853922526,0,160.97314453125,50.1762058025098,0,82.9373190402985,147.473007202148,44.5172238214961,142.517234802246,151.786270141602,141.254387585085,92.5563068389893,41.7976760306554,100.891781616211,210.130706787109,44.8837942535227,77.9762548719134,54.7221335172653,0,0,171.727951049805,0,131.303039550781,0,169.601409912109,165.178596496582,192.987552642822,56.5153350830078,184.491317749023,0,61.6600095308744,0,183.570518493652,0,0,203.442260742188,0,0,126.03002166748,0,0,189.088523864746,133.180608476911,0,0,204.227851867676,157.981584821429,194.312164306641,0,0,0,0,0
137.503335316976,80.5189975016826,96.1433943923639,41.4858165325282,75.5125293731689,0,104.263112386068,117.205744126264,135.880368913923,79.2967437744141,106.339220258925,99.6462783813477,165.186981201172,130.272832234701,169.057352701823,0,12.3778070710318,110.488894578887,0,124.396580782804,149.408014297485,24.6690973170615,34.4228640142097,23.0635809740744,29.620650305282,99.8793640136719,106.767774803694,31.9585819769152,37.3778150729343,138.168318430583,70.54914846317,0,0,102.649845123291,79.2411902963299,120.007336934408,122.166900634766,106.768506110469,65.9020948073443,0,0,195.378898620605,164.976333864274,193.18482208252,122.208209991455,203.819320678711,151.616897583008,0,0,171.442540486654,143.170761108398,96.1741382169052,147.397699628557,167.317947387695,198.668299357096,211.717041015625,109.875834433685,59.6385483420575,98.7231678331752,87.05313688336,0,156.314366002237,103.921132074643,126.819526072299,148.508176630194,112.231126619422,0,0,122.814140319824,131.236470390769
100.776027222984,56.0824188386431,37.4915164470244,58.2713936941964,155.821538289388,0,154.795203869159,138.897261295762,136.592035796561,122.586251505305,159.844632838323,50.0142226361517,186.363868713379,83.7952748934428,118.829112061357,164.89853922526,110.488894578887,9.53531749815744,49.0879628069989,24.6134522780173,158.396575927734,57.3093648047211,79.3032097736192,22.6180955969063,137.101046135089,53.8673984209696,33.4161992094693,62.8199161461626,133.625546697668,95.9887412474764,76.0686291754424,90.2538833618164,138.289169311523,96.7283848959302,33.8473193623053,191.222778320312,84.5290229103782,106.473037308562,95.1583219740126,211.362838745117,0,221.836842854818,187.95207901001,220.361427307129,0,0,134.388711929321,0,108.883724212646,199.682174682617,0,126.166195678711,111.8040745564,122.302024841309,114.079629224889,0,140.647671786222,116.234459963712,123.685064043318,162.415520259312,91.4600177341037,107.515534307364,109.025080711392,181.506764831543,202.651924133301,169.556292215983,130.06150970459,0,147.071746826172,113.912576876189
146.994186401367,79.5483932495117,76.1913944591175,71.2341890970866,0,90.4128463745117,98.1845763070243,192.060241699219,148.84382218581,140.330299377441,0,22.391379838123,0,49.7993380228678,144.480918884277,0,0,49.0879628069989,8.17685093083716,10.4981689563644,0,128.991584777832,94.7931146621704,100.47994740804,0,47.1676605277591,27.7523230272085,66.8941770165654,187.733169555664,92.2770108823423,119.770101274763,62.3123003641764,89.0335330963135,158.077880859375,53.5394696037481,0,90.0630340576172,157.113456726074,73.8398675918579,0,0,0,0,0,0,0,100.761711120605,0,92.7719799041748,0,0,0,152.732884724935,111.106577555339,113.085667696866,0,0,0,186.568466186523,0,70.7793018552992,108.324517154694,101.030569512503,209.773956298828,0,0,111.702290852865,0,0,127.935272216797
131.804612385858,60.3103242321549,72.2845742133871,60.6794629160563,233.82243347168,82.4073766072591,166.150619029999,160.631140097594,158.187646891276,137.347922816421,187.126215616862,16.6852067005813,191.17174911499,59.6062692202055,148.285239834256,160.97314453125,124.396580782804,24.6134522780173,10.4981689563644,8.71492326721223,0,96.6511193183856,104.486502380371,74.7593662050381,153.895085927602,45.2258232764478,21.4165192489592,71.4577543905291,148.562086529202,114.513503734882,110.024625778198,78.5237294514974,88.3846435546875,128.967547825405,41.369420818892,215.106094360352,97.2963184175037,140.829215772224,105.202655792236,228.473876953125,0,0,0,0,194.870765686035,0,118.31782989502,0,96.650722102115,206.132039388021,0,188.270248413086,127.487216640163,114.827831904093,105.843030363938,0,144.691646575928,141.334457397461,147.634852600098,183.482583618164,83.6773198035456,103.225489593562,102.148807691805,178.424034118652,0,168.718536376953,115.096690368652,0,0,123.011023521423
87.2844111124675,143.604110717773,179.54369354248,80.0832299684223,12.8669626056231,142.729764938354,59.8090171382438,81.3745874544469,89.9160912711665,49.163678342104,18.4062582082024,0,16.8072028036504,0,98.4196165019068,50.1762058025098,149.408014297485,158.396575927734,0,0,9.45467717418868,148.73567199707,107.140422821045,129.581665039062,16.1583974407341,0,158.261357625326,151.201296670096,32.3689148347895,100.693926960713,113.344589233398,0,164.198135375977,100.343301391602,102.454558805986,0,0,180.780014038086,84.6930715772841,35.7601511970399,0,158.6855872018,154.94412446022,173.188325451266,87.6090197753906,168.873990740095,0,13.7931310696484,0,199.102938842773,0,162.561157226562,0,0,0,34.5965006317891,0,168.536689758301,192.688140869141,117.641160625882,0,0,211.499196370443,153.084032843385,182.394947052002,166.712409973145,0,0,0,188.03084564209
79.6405112459132,94.2948972066244,66.2163539901903,61.8411556725363,129.455192565918,205.139221191406,151.22725179921,85.6647912127073,114.655499322074,82.8838545227051,134.96019969267,107.787806791418,169.364023844401,148.3615234375,97.6949772731863,0,24.6690973170615,57.3093648047211,128.991584777832,96.6511193183856,148.73567199707,11.606558231773,49.4776534090904,28.7417909038398,48.5384594118273,98.1595840454102,101.510134486977,67.7806983386557,37.0134439840456,50.3723397418688,31.2301370003652,123.954475402832,115.396965026855,52.2388980424494,48.0246348678062,131.107978820801,141.158609390259,122.230674923168,73.0529157768175,130.292989095052,0,188.484466552734,156.027595851732,170.514760335286,92.6022529602051,169.053926467896,144.081481933594,235.602867126465,245.925186157227,159.338634490967,208.408020019531,105.396406272789,158.906505360323,185.338088989258,180.957673506303,0,114.494544061625,65.5485533352556,114.055497658306,109.981957080001,0,168.802904465619,126.917699203878,132.147959524126,147.047139149792,115.576202106476,0,0,123.836130478803,135.042473839932
105.096948920356,25.9051592628417,57.9798925389688,24.6550227437701,82.2072711701089,0,126.388187755238,97.6779914182775,132.165281417522,31.1464206825891,114.111216128451,86.8757596152169,95.6939905678354,82.9120686231907,128.135799623885,82.9373190402985,34.4228640142097,79.3032097736192,94.7931146621704,104.486502380371,107.140422821045,49.4776534090904,8.67879788361844,49.6634783122214,36.440643141727,77.4592751645027,88.0154930312912,38.3558964146513,66.9637326023749,96.2014020284017,51.6849296217521,106.964022681827,182.18766784668,74.3748478522668,63.919032623571,119.900329589844,61.0022797054715,70.9722715794355,50.3459565700629,143.828839111328,0,144.131759643555,127.805847985404,164.943241119385,98.1672416687012,162.022687276204,99.8949127197266,152.152084350586,0,144.384622955322,108.448589324951,59.6990256390329,124.372565891432,151.519142150879,129.703186543783,192.664283752441,66.1235204861488,16.7177680093948,74.0455540846905,79.7170114125291,132.348876953125,132.18123860513,77.016129732132,93.5555686950684,99.9892560323079,71.1516905327064,150.875152587891,0,81.4190528176048,95.0136196681431
88.2728385666494,65.8259150792682,26.9587242371669,53.6655709675079,128.319726053874,139.350532531738,135.657895005594,84.4190492125763,113.054332278553,103.393284383446,118.824120376554,98.0296582953874,170.411715189616,116.639558645395,100.041445195479,147.473007202148,23.0635809740744,22.6180955969063,100.47994740804,74.7593662050381,129.581665039062,28.7417909038398,49.6634783122214,14.3593993035587,94.7607371402763,86.671635945638,67.2751676712325,48.8249061022968,66.279807090527,87.9540303163805,57.4522701623132,128.731918334961,192.363754272461,91.7149844473981,47.8111129597652,176.569311959403,74.9540077845256,97.9263983878387,81.7309853619543,0,0,205.014146592882,163.743760533157,192.225830787836,163.343127659389,185.765096282959,156.798706054688,145.051818847656,151.829569498698,191.046955907068,224.23274230957,100.386717749702,125.300887423208,166.718609619141,148.074162260015,212.347030639648,113.349666422777,73.4251220233624,103.68837561503,130.51901272365,128.222095489502,130.304268532611,101.438607652467,153.745516348816,182.105382970861,142.147938335643,194.183944702148,0,153.182546234131,123.991096795124
90.0250835368375,94.2738131793985,118.477045823901,50.8618304596313,21.02138004681,133.726649544456,86.3637252990415,62.5123437040308,95.6573953622853,23.7298748897268,74.7325316091502,151.645177023751,27.5438873152973,140.07969292174,97.7849547585547,44.5172238214961,29.620650305282,137.101046135089,0,153.895085927602,16.1583974407341,48.5384594118273,36.440643141727,94.7607371402763,13.8633864887836,130.071674949244,130.57178175873,90.4225711415207,26.0116710539135,91.8350903287974,77.178981786124,167.903767903646,133.923526509603,79.6470004458102,99.214529034633,133.853346475741,144.795650482178,152.89861263699,63.9748064131964,116.98913786404,0,134.634001132257,124.660087615427,143.697303834766,70.0751785592934,138.45380990745,169.212051391602,131.985821874518,170.096076965332,145.869418372406,154.600354512533,118.267307128906,180.560775756836,0,201.534014383952,127.221644443748,128.081318927068,73.4225796890259,150.011058252508,91.3914539339223,176.160449981689,179.457511163527,164.013717522055,120.18672119454,144.354304463471,124.668071746826,0,171.464660644531,126.682679082306,138.916881078961
0,30.9732978608873,83.762825012207,23.2865878139113,0,0,79.7498512268066,0,0,109.691074577315,168.574035644531,31.7399911899229,0,20.9266641018856,179.186141967773,142.517234802246,99.8793640136719,53.8673984209696,47.1676605277591,45.2258232764478,0,98.1595840454102,77.4592751645027,86.671635945638,130.071674949244,9.69408137023765,38.6896613403082,22.1586536363551,159.434186299642,77.2733688354492,142.120727539062,53.739646976277,0,146.858505249023,50.7718146767203,0,84.0583128929138,0,75.812763040716,0,0,0,207.057220458984,0,134.225288391113,0,59.2124270877323,0,56.2219671775791,0,0,0,0,77.8976943969727,86.6563296847873,0,0,134.426910400391,182.87117767334,186.656600952148,38.3539997749329,80.6786370652445,75.0817046483358,0,0,0,79.3689731416248,0,0,119.399626159668
117.657962025409,49.2633440445573,27.3698547634746,51.5680180178419,145.793003082275,101.579664230347,155.183832731403,136.907925641953,145.191227029407,121.145094137925,161.057305049896,31.6693754140754,170.131567148062,34.1327839072691,132.750481497368,151.786270141602,106.767774803694,33.4161992094693,27.7523230272085,21.4165192489592,158.261357625326,101.510134486977,88.0154930312912,67.2751676712325,130.57178175873,38.6896613403082,14.557297859908,26.0026345457268,137.735190503737,117.444320493788,108.537014877741,24.9370397587046,121.925844192505,129.785460608346,56.6173513287616,190.923901028103,88.0391003034691,104.417876690418,96.7291860370846,218.847953796387,0,130.785873413086,187.987652340451,208.384372287326,195.60378919329,229.909423828125,104.842689051773,240.412750244141,92.9585761062237,196.119594319661,184.915267944336,143.736281077067,108.214358272109,105.258539385114,102.220862665865,0,169.293778610229,126.148279825846,136.10388618238,197.029072999954,68.6541699840863,97.1001074439839,96.516173068041,193.090084956242,184.40148428212,187.845802502754,108.08913713343,0,163.921051025391,111.907662858936
127.040284939355,35.1246073844135,24.0275976703753,39.5426365377,125.484161376953,142.796417236328,151.539802935138,114.314288977905,150.951447962803,110.696835376558,132.65222804462,60.5556129417966,141.040915333141,31.7021088659868,141.921535265938,141.254387585085,31.9585819769152,62.8199161461626,66.8941770165654,71.4577543905291,151.201296670096,67.7806983386557,38.3558964146513,48.8249061022968,90.4225711415207,22.1586536363551,26.0026345457268,14.235808694364,88.0798404316354,131.40065748085,111.512881702372,27.0204877029545,137.354127883911,126.6473534139,66.9056564191854,177.787619549295,76.0485926537587,91.1161302806079,81.3805136315507,188.685137939453,0,194.847728563392,172.121159980411,197.258010552854,177.37770652771,212.232971191406,112.587707252769,220.165115356445,94.5167083283384,193.445375442505,0,112.936730804443,108.630621840957,109.883041011477,106.935679206635,122.432525634766,128.136856463316,74.3816358936367,103.762227636024,120.432662629649,68.1892952086434,101.1810409878,95.4944049901356,164.581809031169,189.292731798612,153.913187313703,114.188297541001,153.229751586914,160.797990587023,110.913257391025
91.3027866576667,122.860718917847,101.339671685444,67.5327497259971,20.6094683147342,138.704940160116,84.9266103932194,32.5372451780258,98.708677852215,60.279184266328,47.317138778077,156.355591860684,56.2382703659946,157.875934894268,102.397113139999,92.5563068389893,37.3778150729343,133.625546697668,187.733169555664,148.562086529202,32.3689148347895,37.0134439840456,66.9637326023749,66.279807090527,26.0116710539135,159.434186299642,137.735190503737,88.0798404316354,14.7110278012079,89.2752059402944,35.8119371332911,185.048004150391,158.031855773926,80.9857336807762,82.5419879430135,144.786880247055,165.829043388367,158.099933917706,90.8963295338685,97.0152246769877,242.29377746582,156.463449338062,141.293664100087,163.149258951269,105.733301407252,164.837729038336,207.63742574056,121.912634983397,215.951736450195,160.790128103695,205.205267333984,128.059520344158,180.161905924479,214.826812744141,211.517521449498,155.295587788457,129.963366944911,84.4904295098845,156.697718003217,115.309442826085,194.910827636719,186.51770224938,160.974058142536,139.98348762886,148.964226249215,127.768462126782,0,193.91463470459,133.179442794235,154.308948871701
22.4991437996607,121.748998006185,106.154741069749,71.7732483201426,103.955358560803,22.2814966023873,33.7950280210451,75.1126788057427,32.0329881593234,67.025757004575,93.4143461509795,49.6386172331911,90.5835667755197,57.6024325234549,14.8950374628256,41.7976760306554,138.168318430583,95.9887412474764,92.2770108823423,114.513503734882,100.693926960713,50.3723397418688,96.2014020284017,87.9540303163805,91.8350903287974,77.2733688354492,117.444320493788,131.40065748085,89.2752059402944,9.90834895974298,35.1156574633749,102.925506591797,12.8487324501888,15.5562316692421,39.9174783807754,153.388465881348,0,182.26411315918,97.0789134843009,155.143680348116,0,179.763543265206,150.686847116755,183.557376708984,140.925205524151,199.438081665039,0,143.012587047759,0,175.108912034468,0,120.582672119141,196.026447296143,0,207.176887512207,196.531173706055,156.534534999302,76.7433903033917,182.819485473633,132.394485869965,221.348129272461,184.133774757385,186.129703521729,151.562312476069,166.637957668304,145.934101632925,0,190.472549438477,154.070385983116,152.249693783847
36.3016006931307,116.291037241618,78.6207825555576,57.4940808894036,94.5736764761118,125.293167877197,111.66463766098,27.1383448506604,86.5142588240732,55.9528202932183,95.5641862988472,122.977079576062,130.955778855544,151.471703665597,64.5918513686594,100.891781616211,70.54914846317,76.0686291754424,119.770101274763,110.024625778198,113.344589233398,31.2301370003652,51.6849296217521,57.4522701623132,77.178981786124,142.120727539062,108.537014877741,111.512881702372,35.8119371332911,35.1156574633749,12.4376847208693,0,125.584025382996,48.183769519594,40.1344737890381,145.148398222747,118.389003753662,145.769483138104,79.4966115653515,169.605260848999,0,183.199447631836,136.474453334391,177.973399442785,87.7184510231018,193.811912536621,196.549182891846,174.836354573568,0,151.29743602664,0,107.874396528123,166.512023925781,0,176.257646833147,180.653645833333,111.694163635487,66.7210697747172,121.282863741143,107.700723977235,0,174.392793579102,152.252666658568,122.164739283809,136.741155685133,116.711467269433,0,0,123.999117464633,127.574779642039
173.807991027832,67.7647495269775,99.2146072387695,66.5199071949926,0,99.6293525695801,120.665252685547,0,188.852378845215,142.930700514052,0,46.8370179260238,192.023880004883,15.497202343005,169.588516235352,210.130706787109,0,90.2538833618164,62.3123003641764,78.5237294514974,0,123.954475402832,106.964022681827,128.731918334961,167.903767903646,53.739646976277,24.9370397587046,27.0204877029545,185.048004150391,102.925506591797,0,8.57531823461706,107.284782409668,0,68.4584433588488,0,95.8502731323242,0,111.1100730896,0,0,0,0,0,0,0,105.284592437744,0,87.5986316608933,0,0,0,0,115.809455871582,122.403664482964,0,0,140.790954589844,217.743286132812,0,72.5730707217486,108.101731813871,106.155152109872,0,141.908004760742,0,111.129257202148,0,0,131.724594116211
80.0038070678711,108.49755859375,185.516647338867,120.854304504395,0,9.82804834453609,21.5664592511956,137.931286403111,16.5458162798788,118.425032043457,124.762086191485,62.8097103931865,111.686812482561,74.7595825195312,11.2035026968323,44.8837942535227,0,138.289169311523,89.0335330963135,88.3846435546875,164.198135375977,115.396965026855,182.18766784668,192.363754272461,133.923526509603,0,121.925844192505,137.354127883911,158.031855773926,12.8487324501888,125.584025382996,107.284782409668,6.04347406501879,156.266723632812,46.9594458928184,0,0,234.61051940918,130.492347717285,0,0,0,0,233.834457397461,0,0,0,0,0,221.703392028809,0,0,0,0,0,0,0,0,0,208.508880615234,0,0,0,228.177958170573,222.457824707031,0,0,0,0,0
30.3136067008972,109.179721832275,114.338065171853,65.3215803500421,92.9354300985531,55.6074447631836,103.547912349546,76.3602589009382,107.134437537488,64.2015080894929,93.6868645537603,142.585990905762,108.209919951683,0,49.1942341638648,77.9762548719134,102.649845123291,96.7283848959302,158.077880859375,128.967547825405,100.343301391602,52.2388980424494,74.3748478522668,91.7149844473981,79.6470004458102,146.858505249023,129.785460608346,126.6473534139,80.9857336807762,15.5562316692421,48.183769519594,0,156.266723632812,8.84052077365647,22.2215007433525,0,0,170.130420684814,87.8796119689941,184.412844848633,0,0,143.94424027663,177.701972961426,100.200291951497,181.273875645229,0,158.167510986328,0,150.217793782552,0,101.524627685547,0,0,0,199.663383483887,109.50260925293,78.3713011741638,191.220703125,123.93398030599,0,0,173.099984486898,134.630243341973,153.475793566023,125.087949480329,0,232.657608032227,136.697456359863,148.971849060059
79.0220221166078,63.3738487812511,50.0181061034372,63.89201153811,103.128203093116,36.3687721633911,54.0201185391299,88.0860824087469,78.0223449993685,89.5531311869621,99.0442640779739,30.5277173311942,96.0142738787048,49.8939028155079,75.7401183816884,54.7221335172653,79.2411902963299,33.8473193623053,53.5394696037481,41.369420818892,102.454558805986,48.0246348678062,63.919032623571,47.8111129597652,99.214529034633,50.7718146767203,56.6173513287616,66.9056564191854,82.5419879430135,39.9174783807754,40.1344737890381,68.4584433588488,46.9594458928184,22.2215007433525,11.1714592553027,146.739979426066,93.8746491840908,103.646192317635,85.9008261362712,152.687961802763,0,193.416501998901,157.659492492676,182.600171225412,144.124611663818,192.026958889431,128.466121037801,172.50553894043,106.461171112061,182.40645866394,0,126.72372341156,118.09715741746,134.899362945557,124.777516026651,214.705673217773,122.05649282418,85.8012786865234,119.783907409668,130.812321895311,92.4828977817442,114.406165508514,109.744827591971,147.581032391252,164.591169606084,138.442939519882,138.346012115479,0,131.76890818278,122.334211007143
159.149490356445,0,166.817984008789,86.1214828491211,239.155319213867,0,192.643409729004,150.757773659446,172.406185647716,115.435684204102,180.936513900757,0,198.352066040039,0,152.155241648356,0,120.007336934408,191.222778320312,0,215.106094360352,0,131.107978820801,119.900329589844,176.569311959403,133.853346475741,0,190.923901028103,177.787619549295,144.786880247055,153.388465881348,145.148398222747,0,0,0,146.739979426066,11.2211577868433,120.221431308322,110.053954222655,70.0457635208896,108.763813563756,84.6927452087402,93.8061872891017,37.4712689986964,45.982915225549,72.2353310881361,93.8160185353252,137.031897226969,104.313216338287,156.964062282017,23.7204586140887,119.036035919189,111.025421142578,110.327928276654,143.644876480103,130.752731727151,96.6465567227068,86.8317234500958,87.3551559448242,108.930309503459,86.5005261298664,143.84400177002,122.229339961783,139.185207857404,94.7168614631592,22.7347910911764,39.0674983128264,164.160522460938,100.310488891602,51.563546225082,80.6046003428372
118.282779693604,92.7678848266602,74.2563470088014,52.2231375954368,158.642318725586,0,0,101.586296081543,166.94319152832,134.592979431152,179.775594075521,103.786677042643,136.769683837891,64.5058731079102,175.179466247559,0,122.166900634766,84.5290229103782,90.0630340576172,97.2963184175037,0,141.158609390259,61.0022797054715,74.9540077845256,144.795650482178,84.0583128929138,88.0391003034691,76.0485926537587,165.829043388367,0,118.389003753662,95.8502731323242,0,0,93.8746491840908,120.221431308322,9.45358150176254,43.8616771508526,25.6017677047673,107.312413615565,0,154.426669311523,125.723125326222,157.195969029477,75.8117162653131,159.401962280273,69.3970437543146,123.046406139027,51.2273975852486,138.374396642049,116.910748436337,58.4766548974173,57.6035339300862,77.2996087755476,60.9441213923052,144.964233398438,86.5457745022244,17.1755900195357,61.4054287481485,90.9228027067112,26.9649132847823,53.736397599962,31.9644719523571,119.285782536374,134.604101007635,112.791095924377,74.5188500881195,0,120.752000427246,63.6630386980274
163.437409034142,84.4098640890683,88.9040208363811,91.735643018756,193.562461853027,0,183.508215586344,158.275930616591,180.457778015137,145.329378568209,175.288751138223,141.827682495117,181.127288818359,111.463619232178,176.959027009852,171.727951049805,106.768506110469,106.473037308562,157.113456726074,140.829215772224,180.780014038086,122.230674923168,70.9722715794355,97.9263983878387,152.89861263699,0,104.417876690418,91.1161302806079,158.099933917706,182.26411315918,145.769483138104,0,234.61051940918,170.130420684814,103.646192317635,110.053954222655,43.8616771508526,13.3451631680807,42.9629235760919,162.681794643402,0,140.137968117234,99.6134563866043,131.311463704528,132.810367402576,146.134216797658,108.568597912788,169.236814498901,80.8394349196862,120.756428358031,161.968011856079,88.8895797729492,47.1989399579992,102.817896756259,81.4074143643106,150.404991149902,65.5555551110244,46.3063068389893,30.9054968339032,121.329515431025,88.2573810153537,29.2423895062946,32.7873203146591,95.8512704600459,133.223340554511,89.0393742017968,108.869853626598,179.347009277344,121.477005004883,71.7795852852323
90.4502331277598,64.7670998573303,76.2523166464387,34.8135071473963,77.7654639879863,0,110.425485545191,101.835280364414,107.537099904027,25.0825305747986,109.484959920247,104.588771343231,49.3755395552691,90.7014209522921,105.338179243372,0,65.9020948073443,95.1583219740126,73.8398675918579,105.202655792236,84.6930715772841,73.0529157768175,50.3459565700629,81.7309853619543,63.9748064131964,75.812763040716,96.7291860370846,81.3805136315507,90.8963295338685,97.0789134843009,79.4966115653515,111.1100730896,130.492347717285,87.8796119689941,85.9008261362712,70.0457635208896,25.6017677047673,42.9629235760919,36.8537991180755,49.379540879597,0,92.737119140625,66.9412496378928,94.3768008043812,21.2953488586715,106.869015822765,74.1302999480953,93.0789919220999,63.6914658671931,90.0980759890675,73.3730605276007,35.9687548163168,59.5384127523321,92.9420774633234,60.2202605880789,93.0260138078169,55.8111694004412,38.0624109774828,56.3608821663374,45.3596632170504,39.9927186375917,51.9453972925607,40.2053994637903,68.7857809522333,76.6850520660252,64.6590294734291,77.122032512318,120.207312583923,68.060316877675,65.4673145435475
