7410,2,1778,152,91,129,3866,9758,8470,68,2199,58,800,1,16280,461,52,142,11,104,674,111,111,715,359,1,564,88,2781,23077,5162,1,21,526,424,7,1,4,5,0,2,7,39,29,2,1,1,3,0,8,0,22,1,1,1,0,0,7,4,108,0,10,34,122,7,35,0,0,5,27
2,3105,350,237,0,0,1,1,1,53,0,253,1,1218,1,1,57,102,28,39,0,8,3286,45,49,2104,573,7789,72,4,7,137,0,0,122,0,0,16,2,0,0,0,1,0,1,0,5,0,7,0,0,0,5,2,6,0,0,0,2,7,1,35,68,2,0,1,2,0,0,3
1778,350,49658,902,0,1,8,484,20,2,60,403,3,7,72,0,43,4922,117,549,4,259,497,14850,20,11,12946,12012,1734,759,1306,25,1,22,2063,8,54,1168,114,0,0,0,11,3,0,1,24,0,2,2,0,32,222,12,81,0,4,34,429,7,0,318,1792,14,1,12,3,0,2,44
152,237,902,34,10,2,21,17,19,1218,30,166,14,590,20,15,62,65,50,48,14,48,368,175,905,206,689,4728,912,213,201,164,2,88,145,2,6,37,17,0,1,1,19,5,17,1,13,0,5,2,1,7,5,4,4,0,2,0,7,80,3,72,184,47,1,12,5,0,1,15
91,0,0,10,20527,5,215,56,116,115,6639,1,2660,0,52,24,3,0,0,0,21319,3,9,2,4698,0,0,1,10330,602,52,0,1,275,53,1,0,0,3,362,0,1,2,3,2,6,0,67,0,2,0,2,0,0,0,231,0,0,1,44,0,0,0,55,1,1,0,1,3,1
129,0,1,2,5,5288,5186,5,1460,1,38,23,15,3,788,1120,0,0,1,0,19,0,7,2,16,0,2,3,14,1221,1,2,4231,30,404,0,0,0,1,0,0,0,2,0,0,0,0,0,0,0,0,1,0,0,0,0,0,1,0,2,0,0,0,2,0,1,0,0,0,3
3866,1,8,21,215,5186,85651,221,26224,37,18377,42,15564,11,7944,6857,3,1,1,0,2248,7,23,2,414,4,2,5,711,6059,9,1,258,483,1407,1,0,0,1,0,0,0,4,2,2,0,0,9,0,2,1,2,0,0,0,0,0,1,0,19,0,0,1,24,0,2,0,0,1,7
9758,1,484,17,56,5,221,67036,503,22,12244,6,126,0,4883,22,9,11,0,3,109,52,23,417,670,0,50,28,15780,4843,20142,0,0,274,123,2,0,1,1,0,0,1,12,4,0,0,0,0,0,0,0,1,0,0,0,0,0,4,1,19,0,1,5,18,0,4,0,0,1,3
8470,1,20,19,116,1460,26224,503,58116,20,11581,70,2770,22,38585,717,7,2,1,1,809,6,25,7,409,5,9,8,1085,10993,19,0,1578,811,1292,0,1,0,2,0,1,0,3,2,0,0,0,3,0,1,0,0,0,0,0,0,0,4,0,19,0,0,1,18,0,3,0,0,0,2
68,53,2,1218,115,1,37,22,20,5022,28,12,196,56,14,589,4,1,1,0,21,10,511,4,7529,12,28,40,971,79,52,5,0,40,49,1,1,0,21,0,0,0,9,4,24,0,1,0,1,4,1,8,0,0,0,0,2,2,2,160,0,0,1,56,0,4,0,0,1,5
2199,0,60,30,6639,38,18377,12244,11581,28,114984,3,14074,0,1949,225,4,3,0,2,23211,6,17,38,1708,0,7,5,22788,4149,309,0,5,1019,224,2,0,0,4,0,1,2,14,6,6,1,1,72,0,3,1,6,0,0,0,1,1,3,1,76,0,1,3,46,2,5,0,0,1,8
58,253,403,166,1,23,42,6,70,12,3,42450,1,7379,40,2,20,499,6441,5695,0,31,197,263,11,1586,5562,2165,16,216,336,1406,10,14,7204,0,4,4,2,0,0,0,0,0,0,0,315,0,318,0,0,0,4,26,14,0,0,1,4,3,12,133,127,1,0,0,78,1,1,2
800,1,3,14,2660,15,15564,126,2770,196,14074,1,56096,0,848,3294,2,0,0,0,29469,1,15,1,1532,0,0,1,1323,741,7,0,3,223,90,0,0,0,1,142,0,13,2,4,0,46,1,6452,0,0,0,0,0,0,0,575,0,0,0,12,0,0,0,20,0,2,0,0,0,0
1,1218,7,590,0,3,11,0,22,56,0,7379,0,38295,11,0,0,4,89,59,0,0,620,2,15,7188,235,4287,3,48,1,3857,4,1,1093,0,0,0,0,0,0,0,0,1,1,0,563,0,680,0,0,0,2,24,3,0,0,0,0,3,12,71,61,1,0,1,93,0,0,3
16280,1,72,20,52,788,7944,4883,38585,14,1949,40,848,11,112419,540,7,5,3,1,268,4,20,45,191,4,14,4,514,24969,1581,2,3706,1040,752,0,0,0,2,0,0,2,6,5,1,0,0,0,0,3,0,2,0,0,0,0,2,2,2,18,0,0,2,18,1,2,0,0,2,2
461,1,0,15,24,1120,6857,22,717,589,225,2,3294,0,540,12760,0,0,0,0,72,0,14,2,472,0,3,1,69,341,1,0,22,120,289,0,0,0,0,0,0,0,1,0,0,0,0,2,0,0,0,1,0,0,0,0,0,0,0,4,0,0,0,3,0,2,0,0,0,0
52,57,43,62,3,0,3,9,7,4,4,20,2,0,7,0,17801,40,5,11,2,3531,3170,8149,4485,0,69,11234,2563,55,1027,4,1,88,443,0,2,22,5,1,0,1,1,2,0,0,3,1,0,1,0,18,3,0,3,0,8,58,160,13,0,11,94,10,0,6,1,0,0,9
142,102,4922,65,0,0,1,11,2,1,3,499,0,4,5,0,40,31608,192,7545,0,343,45,8016,26,53,7172,3983,113,168,1420,4,0,14,2923,1,15,102,19,0,0,0,1,2,0,0,12,0,0,0,0,2,40,7,34,0,0,2,19,0,1,210,326,3,1,4,4,0,0,4
11,28,117,50,0,1,1,0,1,1,0,6441,0,89,3,0,5,192,7268,4873,0,11,10,51,0,138,5166,458,3,16,103,102,1,3,641,0,1,2,2,0,0,0,0,0,0,0,62,0,20,0,0,0,0,25,7,0,0,1,0,0,8,64,56,0,0,0,15,0,0,0
104,39,549,48,0,0,0,3,1,0,2,5695,0,59,1,0,11,7545,4873,29128,0,64,25,412,6,261,9631,918,20,118,927,55,0,18,5365,0,2,10,2,0,0,0,0,1,0,0,47,0,17,0,0,1,5,22,21,0,0,4,4,0,6,193,194,1,0,0,20,0,0,2
674,0,4,14,21319,19,2248,109,809,21,23211,0,29469,0,268,72,2,0,0,0,20897,4,5,3,3276,0,1,1,6008,3026,34,0,0,536,118,0,0,0,1,0,0,1,1,2,0,2,0,844,0,2,0,0,0,0,0,17,0,0,1,12,0,1,0,14,1,1,0,0,0,0
111,8,259,48,3,0,7,52,6,10,6,31,1,0,4,0,3531,343,11,64,4,95085,1215,23317,1100,1,85,1527,9121,112,20984,0,0,182,6823,2,2,20,3,0,0,0,7,8,1,1,2,0,0,4,0,39,6,0,3,0,27,61,103,22,0,6,50,53,0,66,1,0,1,22
111,3286,497,368,9,7,23,23,25,511,17,197,15,620,20,14,3170,45,10,25,5,1215,16471,3089,4050,263,239,8729,1171,198,1829,83,1,245,465,4,1,18,9,0,0,2,10,17,3,1,5,0,1,4,2,149,5,0,1,0,91,225,294,105,0,7,70,201,7,213,1,0,6,92
715,45,14850,175,2,2,2,417,7,4,38,263,1,2,45,2,8149,8016,51,412,3,23317,3089,108225,527,4,548,12418,8294,390,5666,4,0,39,13069,4,8,557,20,0,0,1,5,6,0,0,2,0,0,1,0,187,41,2,5,0,43,361,1658,13,0,32,1102,39,1,61,0,0,1,33
359,49,20,905,4698,16,414,670,409,7529,1708,11,1532,15,191,472,4485,26,0,6,3276,1100,4050,527,107574,10,45,1253,41721,930,384,3,3,712,647,11,9,5,57,3,2,15,124,74,83,5,4,12,1,27,7,30,1,0,0,1,1,22,21,1190,0,7,19,674,20,84,0,0,22,62
1,2104,11,206,0,0,4,0,5,12,0,1586,0,7188,4,0,0,53,138,261,0,1,263,4,10,5807,1106,6583,3,7,3,520,0,0,236,0,1,0,3,0,0,0,0,0,0,0,62,0,24,0,0,0,0,14,3,0,0,0,0,2,5,55,54,0,0,0,14,0,0,1
564,573,12946,689,0,2,2,50,9,28,7,5562,0,235,14,3,69,7172,5166,9631,1,85,239,548,45,1106,115659,22606,227,226,980,1887,0,29,4981,2,45,56,56,0,0,0,4,0,0,0,415,0,156,3,0,11,69,220,312,0,0,6,17,4,79,2652,2431,5,1,16,172,0,0,67
88,7789,12012,4728,1,3,5,28,8,40,5,2165,1,4287,4,1,11234,3983,458,918,1,1527,8729,12418,1253,6583,22606,164967,2579,72,422,3826,0,38,5140,13,122,1214,195,0,0,1,27,8,0,3,301,0,123,4,0,69,265,140,304,1,16,168,784,23,69,2378,4327,27,1,30,124,2,4,93
2781,72,1734,912,10330,14,711,15780,1085,971,22788,16,1323,3,514,69,2563,113,3,20,6008,9121,1171,8294,41721,3,227,2579,180388,2221,13392,6,2,2022,3769,21,6,25,57,3,4,32,216,168,71,13,8,14,3,64,8,97,3,1,3,1,39,96,60,1554,2,16,65,1012,33,171,0,5,31,131
23077,4,759,213,602,1221,6059,4843,10993,79,4149,216,741,48,24969,341,55,168,16,118,3026,112,198,390,930,7,226,72,2221,110238,5296,5,1930,7349,1054,3,0,7,6,1,1,10,45,28,4,1,1,9,0,15,2,22,2,0,2,0,8,21,9,167,0,3,10,196,10,48,0,2,3,19
5162,7,1306,201,52,1,9,20142,19,52,309,336,7,1,1581,1,1027,1420,103,927,34,20984,1829,5666,384,3,980,422,13392,5296,106750,7,0,103,10565,1,1,16,3,0,0,1,13,9,1,1,2,1,0,8,0,37,3,0,2,0,27,130,65,41,0,11,39,164,3,77,0,1,5,36
1,137,25,164,0,2,1,0,0,5,0,1406,0,3857,2,0,4,4,102,55,0,0,83,4,3,520,1887,3826,6,5,7,4228,0,1,154,0,0,0,0,0,0,0,0,1,0,0,108,0,53,0,0,0,0,19,4,0,0,0,0,0,5,53,52,0,0,1,34,0,0,0
21,0,1,2,1,4231,258,0,1578,0,5,10,3,4,3706,22,1,0,1,0,0,0,1,0,3,0,0,0,2,1930,0,0,8522,10,151,0,0,0,0,0,0,0,1,0,0,0,0,0,0,0,0,0,0,0,0,0,0,0,0,0,0,0,0,0,0,0,0,0,0,0
526,0,22,88,275,30,483,274,811,40,1019,14,223,1,1040,120,88,14,3,18,536,182,245,39,712,0,29,38,2022,7349,103,1,10,16881,255,1,0,2,2,0,0,4,16,11,0,2,0,2,0,6,2,18,2,0,1,1,10,28,6,68,0,0,5,84,4,28,0,0,4,16
424,122,2063,145,53,404,1407,123,1292,49,224,7204,90,1093,752,289,443,2923,641,5365,118,6823,465,13069,647,236,4981,5140,3769,1054,10565,154,151,255,35219,2,4,103,6,0,1,2,14,6,2,0,17,1,7,2,1,35,21,2,21,0,12,27,123,38,4,92,245,53,1,23,6,0,0,19
7,0,8,2,1,0,1,2,0,1,2,0,0,0,0,0,0,1,0,0,0,2,4,4,11,0,2,13,21,3,1,0,0,1,2,10743,6,1172,24,37,26,119,7953,3739,11,1023,94,35,5,21259,20,18,308,63,278,46,29,8,330,226,0,425,269,493,21743,12660,1,17,401,173
1,0,54,6,0,0,0,0,1,1,0,4,0,0,0,0,2,15,1,2,0,2,1,8,9,1,45,122,6,0,1,0,0,0,4,6,4092,477,334,0,0,0,10,8,491,0,97,4,714,0,7,161,121,19,70,0,4,765,36,173,3002,473,11301,13,3,19,77,0,1,60
4,16,1168,37,0,0,0,1,0,0,0,4,0,0,0,0,22,102,2,10,0,20,18,557,5,0,56,1214,25,7,16,0,0,2,103,1172,477,29102,623,0,13,72,2745,554,1,91,166,5,4,467,11,53,3936,89,1119,4,162,878,12233,50,0,15126,12932,1658,178,1231,15,3,83,1009
5,2,114,17,3,1,1,1,2,21,4,2,1,0,2,0,5,19,2,2,1,3,9,20,57,3,56,195,57,6,3,0,0,2,6,24,334,623,189,4,10,36,234,157,1673,12,113,12,350,58,15,138,113,22,117,1,9,341,70,1784,362,962,4789,643,29,150,61,2,27,119
0,0,0,0,362,0,0,0,0,0,0,0,142,0,0,0,1,0,0,0,0,0,0,0,3,0,0,0,3,1,0,0,0,0,0,37,0,0,4,34362,7,184,100,282,75,7350,11,7042,2,111,25,1,1,2,0,22690,0,3,0,8483,0,0,2,11854,91,3,0,3,85,139
2,0,0,1,0,0,0,0,1,0,1,0,0,0,0,0,0,0,0,0,0,0,0,0,2,0,0,0,4,1,0,0,0,0,1,26,0,13,10,7,10919,7249,55,3597,3,62,223,15,6,630,2132,7,0,4,4,35,1,2,9,57,1,9,10,26,637,4,1,2337,24,153
7,0,0,1,1,0,0,1,0,0,2,0,13,0,2,0,1,0,0,0,1,0,2,1,15,0,0,1,32,10,1,0,0,4,2,119,0,72,36,184,7249,123147,1283,36584,54,25626,328,16222,7,1383,8128,14,3,3,13,1888,1,10,14,1181,1,29,47,466,567,16,1,1102,63,215
39,1,11,19,2,2,4,12,3,9,14,0,2,0,6,1,1,1,0,0,1,7,10,5,124,0,4,27,216,45,13,0,1,16,14,7953,10,2745,234,100,55,1283,132471,4541,109,14570,100,531,2,12562,326,122,423,31,202,194,122,68,1700,3783,0,391,1337,22920,1477,27628,6,18,564,692
29,0,3,5,3,0,2,4,2,4,6,0,4,1,5,0,2,2,0,1,2,8,17,6,74,0,0,8,168,28,9,1,0,11,6,3739,8,554,157,282,3597,36584,4541,156453,72,7513,1757,1121,61,46668,2825,91,42,42,111,997,11,60,185,2153,14,219,288,1180,6711,160,19,5989,960,1285
2,1,0,17,2,0,2,0,0,24,6,0,0,1,1,0,0,0,0,0,0,1,3,0,83,0,0,0,71,4,1,0,0,0,2,11,491,1,1673,75,3,54,109,72,4427,26,47,1120,243,18,1651,115,4,2,2,115,2,2012,4,8716,199,6,64,961,17,72,19,1,15,49
1,0,1,1,6,0,0,0,0,0,1,0,46,0,0,0,0,0,0,0,2,1,1,0,5,0,0,3,13,1,1,0,0,2,0,1023,0,91,12,7350,62,25626,14570,7513,26,98536,53,20163,0,3549,657,6,1,1,1,17674,1,10,46,9022,0,18,72,12349,275,20,1,19,236,303
1,5,24,13,0,0,0,0,0,1,1,315,1,563,0,0,3,12,62,47,0,2,5,2,4,62,415,301,8,1,2,108,0,0,17,94,97,166,113,11,223,328,100,1757,47,53,38994,14,4544,1435,21,26,205,9257,4306,31,40,60,176,90,461,12495,1999,33,1568,442,4149,674,25,8763
3,0,0,0,67,0,9,0,3,0,72,0,6452,0,0,2,1,0,0,0,844,0,0,0,12,0,0,0,14,9,1,0,0,2,1,35,4,5,12,7042,15,16222,531,1121,1120,20163,14,90126,4,168,4139,4,2,0,0,29819,0,26,1,2486,2,3,5,602,30,2,0,2,15,41
0,7,2,5,0,0,0,0,0,1,0,318,0,680,0,0,0,0,20,17,0,0,1,0,1,24,156,123,3,0,0,53,0,0,7,5,714,4,350,2,6,7,2,61,243,0,4544,4,31025,36,3,0,2,126,39,0,0,190,5,71,6086,197,2068,5,31,7,2849,27,3,114
8,0,2,2,2,0,2,0,1,4,3,0,0,0,3,0,1,0,0,0,2,4,4,1,27,0,3,4,64,15,8,0,0,6,2,21259,0,467,58,111,630,1383,12562,46668,18,3549,1435,168,36,113011,154,41,22,33,72,305,5,22,149,1137,10,148,259,710,22404,206,11,1437,2475,1559
0,0,0,1,0,0,1,0,0,1,1,0,0,0,0,0,0,0,0,0,0,0,2,0,7,0,0,0,8,2,0,0,0,2,1,20,7,11,15,25,2132,8128,326,2825,1651,657,21,4139,3,154,12929,4,2,1,1,197,0,27,8,336,1,4,17,141,66,4,0,36,11,55
22,0,32,7,2,1,2,1,0,8,6,0,0,0,2,1,18,2,0,1,0,39,149,187,30,0,11,69,97,22,37,0,0,18,35,18,161,53,138,1,7,14,122,91,115,6,26,4,0,41,4,27810,91,12,43,2,5168,6258,9194,6831,1,95,10698,1295,28,2046,6,4,28,688
1,5,222,5,0,0,0,0,0,0,0,4,0,2,0,0,3,40,0,5,0,6,5,41,1,0,69,265,3,2,3,0,0,2,21,308,121,3936,113,1,0,3,423,42,4,1,205,2,2,22,2,91,34644,121,6724,0,858,66,8796,34,2,6911,4574,75,251,3628,11,1,14,1695
1,2,12,4,0,0,0,0,0,0,0,26,0,24,0,0,0,7,25,22,0,0,0,2,0,14,220,140,1,0,0,19,0,0,2,63,19,89,22,2,4,3,31,42,2,1,9257,0,126,33,1,12,121,16009,9846,0,17,7,98,9,83,6804,1406,17,44,309,296,15,6,1951
1,6,81,4,0,0,0,0,0,0,0,14,0,3,0,0,3,34,7,21,0,3,1,5,0,3,312,304,3,2,2,4,0,1,21,278,70,1119,117,0,4,13,202,111,2,1,4306,0,39,72,1,43,6724,9846,26044,1,71,34,273,22,32,10618,2555,32,85,1344,88,20,17,5500
0,0,0,0,231,0,0,0,0,0,1,0,575,0,0,0,0,0,0,0,17,0,0,0,1,0,0,1,1,0,0,0,0,1,0,46,0,4,1,22690,35,1888,194,997,115,17674,31,29819,0,305,197,2,0,0,1,18739,0,0,0,5622,0,1,8,2480,225,3,0,10,82,295
0,0,4,2,0,0,0,0,0,2,1,0,0,0,2,0,8,0,0,0,0,27,91,43,1,0,0,16,39,8,27,0,0,10,12,29,4,162,9,0,1,1,122,11,2,1,40,0,0,5,0,5168,858,17,71,0,80878,470,24906,740,1,38,711,4458,10,20610,2,0,1,5345
7,0,34,0,0,1,1,4,4,2,3,1,0,0,2,0,58,2,1,4,0,61,225,361,22,0,6,168,96,21,130,0,0,28,27,8,765,878,341,3,2,10,68,60,2012,10,60,26,190,22,27,6258,66,7,34,0,470,16553,3671,5308,100,78,10622,663,11,940,17,0,13,412
4,2,429,7,1,0,0,1,0,2,1,4,0,0,2,0,160,19,0,4,1,103,294,1658,21,0,17,784,60,9,65,0,0,6,123,330,36,12233,70,0,9,14,1700,185,4,46,176,1,5,149,8,9194,8796,98,273,0,24906,3671,101048,624,2,371,10014,6247,120,10518,4,4,27,6938
108,7,7,80,44,2,19,19,19,160,76,3,12,3,18,4,13,0,0,0,12,22,105,13,1190,2,4,23,1554,167,41,0,0,68,38,226,173,50,1784,8483,57,1181,3783,2153,8716,9022,90,2486,71,1137,336,6831,34,9,22,5622,740,5308,624,97668,64,24,558,50501,477,1252,12,27,702,1614
0,1,0,3,0,0,0,0,0,0,0,12,0,12,0,0,0,1,8,6,0,0,0,0,0,5,79,69,2,0,0,5,0,0,4,0,3002,0,362,0,1,1,0,14,199,0,461,2,6086,10,1,1,2,83,32,0,1,100,2,64,5601,546,4375,3,3,1,512,1,0,125
10,35,318,72,0,0,0,1,0,0,1,133,0,71,0,0,11,210,64,193,1,6,7,32,7,55,2652,2378,16,3,11,53,0,0,92,425,473,15126,962,0,9,29,391,219,6,18,12495,3,197,148,4,95,6911,6804,10618,1,38,78,371,24,546,97325,17837,86,90,785,2874,7,50,1378
34,68,1792,184,0,0,1,5,1,1,3,127,0,61,2,0,94,326,56,194,0,50,70,1102,19,54,2431,4327,65,10,39,52,0,5,245,269,11301,12932,4789,2,10,47,1337,288,64,72,1999,5,2068,259,17,10698,4574,1406,2555,8,711,10622,10014,558,4375,17837,181470,1147,97,924,3481,11,40,3373
122,2,14,47,55,2,24,18,18,56,46,1,20,1,18,3,10,3,0,1,14,53,201,39,674,0,5,27,1012,196,164,0,0,84,53,493,13,1658,643,11854,26,466,22920,1180,961,12349,33,602,5,710,141,1295,75,17,32,2480,4458,663,6247,50501,3,86,1147,174794,226,4760,4,16,464,2279
7,0,1,1,1,0,0,0,0,0,2,0,0,0,1,0,0,1,0,0,1,0,7,1,20,0,1,1,33,10,3,0,0,4,1,21743,3,178,29,91,637,567,1477,6711,17,275,1568,30,31,22404,66,28,251,44,85,225,10,11,120,477,3,90,97,226,107944,1300,8,3799,14787,2713
35,1,12,12,1,1,2,4,3,4,5,0,2,1,2,2,6,4,0,0,1,66,213,61,84,0,16,30,171,48,77,1,0,28,23,12660,19,1231,150,3,4,16,27628,160,72,20,442,2,7,206,4,2046,3628,309,1344,3,20610,940,10518,1252,1,785,924,4760,1300,98318,9,5,50,9014
0,2,3,5,0,0,0,0,0,0,0,78,0,93,0,0,1,4,15,20,0,1,1,0,0,14,172,124,0,0,0,34,0,0,6,1,77,15,61,0,1,1,6,19,19,1,4149,0,2849,11,0,6,11,296,88,0,2,17,4,12,512,2874,3481,4,8,9,6052,1,0,92
0,0,0,0,1,0,0,0,0,0,0,1,0,0,0,0,0,0,0,0,0,0,0,0,0,0,0,2,5,2,1,0,0,0,0,17,0,3,2,3,2337,1102,18,5989,1,19,674,2,27,1437,36,4,1,15,20,10,0,0,4,27,1,7,11,16,3799,5,1,3823,26,481
5,0,2,1,3,0,1,1,0,1,1,1,0,0,2,0,0,0,0,0,0,1,6,1,22,0,0,4,31,3,5,0,0,4,0,401,1,83,27,85,24,63,564,960,15,236,25,15,3,2475,11,28,14,6,17,82,1,13,27,702,0,50,40,464,14787,50,0,26,4102,274
27,3,44,15,1,3,7,3,2,5,8,2,0,3,2,0,9,4,0,2,0,22,92,33,62,1,67,93,131,19,36,0,0,16,19,173,60,1009,119,139,153,215,692,1285,49,303,8763,41,114,1559,55,688,1695,1951,5500,295,5345,412,6938,1614,125,1378,3373,2279,2713,9014,92,481,274,42918
