10.9735650350369,137.300758361816,83.1844904685507,66.2363759226613,78.2084394182478,66.7925270209878,61.6151051747234,21.3010395360057,21.257232993887,64.7440492568477,46.9819313361581,119.671526678677,110.870007832845,137.282018661499,15.0875934276092,64.3886283874512,155.987506866455,92.7998683047928,133.40531703404,113.025880177816,102.867302389706,67.159921836853,68.9021687571208,70.9019938383799,71.7272306055456,0,113.335072885946,115.778382291076,30.7628672308503,21.5786930329744,26.2135171654885,146.609929402669,75.9974218715321,35.947916659903,64.8482773747937,0,0,148.778976985386,92.2791458129883,87.59521484375,0,153.311729431152,123.971515110561,166.677787780762,65.3945621490479,0,0,0,0,155.921073913574,0,135.346832275391,158.885780334473,193.955001831055,175.020462036133,157.692600250244,167.764221191406,80.4454781668527,158.070373535156,112.096420764923,0,200.344734191895,151.810138702393,120.305654559219,138.755309104919,124.008648681641,0,0,137.240783691406,155.733072916667
137.300758361816,7.05099938706459,42.3177324370666,24.7425268723462,82.4474792480469,0,146.53445325579,110.529605229696,130.703344244706,63.4031527093116,115.088172912598,74.3141603798702,0,43.0775888103955,132.419432322184,134.942016601562,43.2368007154096,56.5896390514065,83.7020010266985,75.5034871101379,0,70.0749148455533,21.4580794889074,61.3526196373834,61.9759393237886,28.7689686151101,48.4108347266182,31.3832047314323,78.3425207382593,111.561657714844,113.822359085083,63.4313427659332,0,100.916511535645,63.0158513091331,0,35.0020595278059,69.5137631947758,46.1955399910609,0,0,159.307723999023,179.69002532959,0,0,0,132.713132858276,0,78.4279184694643,146.686180114746,0,0,83.475062789917,119.08576965332,108.431559244792,0,127.960464477539,28.8260087966919,95.0348612467448,125.908554077148,82.6301503862653,104.901459484566,76.6348467121337,136.790330886841,213.695770263672,100.662742614746,89.220329284668,0,151.422775268555,93.9925608915441
83.1844904685507,42.3177324370666,13.7186577488809,43.8675184945787,118.502578735352,160.463890075684,130.189445658801,96.539398960198,114.67761593896,107.338345663888,104.062981128693,87.666481681492,138.427227020264,88.0063806880604,108.795536825102,126.150299072266,81.4310974121094,42.5232150881786,85.5234795808792,79.5687941957319,0,63.7607329812721,55.1823359578245,33.570375246705,100.179431794182,72.6093330383301,28.8634014497955,26.987881765167,75.5404254995662,110.587302229979,75.2900291283925,83.9753019787016,148.917203903198,99.1460293989915,64.217320074931,175.540487670898,64.3748606595126,88.6324723979721,79.3128589132558,0,0,180.891823904855,141.336084910801,178.826360702515,0,178.061889648438,121.526481628418,0,136.072370529175,177.73894144694,206.978149414062,121.572626023065,104.19555023535,0,132.476279763614,0,113.769381629096,65.8626616967691,107.769313132926,148.328994750977,0,110.420360405288,91.4019925902128,130.455501079559,162.818628583636,135.048012324742,135.1083984375,0,0,108.347198288162
66.2363759226613,24.7425268723462,43.8675184945787,39.4862599806352,56.4841600240663,104.861779993231,82.8786620812223,55.089490317277,79.603780046294,16.3666080810262,63.6732228175159,82.2221827539904,75.1698299966207,51.4153160372296,77.2086665449471,77.7132638019064,42.5007601392349,59.7995932583982,75.8647207706533,63.0395792584087,81.7102460861206,59.4211082963557,29.0235733425022,52.6525872538433,32.0236820364825,20.8395625994372,48.46783251787,39.0124639700207,44.6422793338968,72.5118417933776,50.8312506787948,78.7243375489206,111.299665143413,59.5482168676646,66.3369865686332,77.655816078186,40.4536704852663,65.8961818292274,20.9461396785265,68.3836352030436,0,97.8001367669357,67.8872758818836,103.843011474609,13.5687372776178,103.829528045654,87.3234577178955,83.1750045776367,65.5736112010722,114.293530418759,85.2708282470703,59.5623390002128,72.6332463536944,132.649215698242,100.18129863739,83.3823623657227,67.5188817024231,38.8550902207692,70.6984687914951,41.0611706927971,63.5752318455623,67.6697449097659,61.4285969413006,67.7842536627078,93.3974665591591,67.5842509799533,76.058039855957,140.574493408203,106.432880401611,81.1521945953369
78.2084394182478,82.4474792480469,118.502578735352,56.4841600240663,8.73200551347276,96.488156636556,66.5885143756866,43.7071095073924,86.8756000752352,21.9587096681768,14.0811383958585,151.534489949544,23.2732644694659,161.497619628906,101.341561027195,44.2835101356989,47.201717376709,141.395102183024,175.385559082031,0,14.3048453838548,112.767520904541,47.5637407886739,108.761658096313,16.6328884371527,0,135.830772823758,112.995074462891,13.6547129116525,78.2978129916721,81.6655200958252,199.340003967285,129.66047668457,62.1580438967104,78.0465885586209,0,0,0,75.2766662597656,28.4909953886825,205.620849609375,132.42913382394,122.441728591919,149.642378065321,64.7299137569609,122.369241146641,0,95.2449899400983,0,167.151190621512,91.7273205843839,0,0,0,0,69.9590364716074,0,104.890291849772,0,74.5305681117862,0,0,0,111.886967905751,152.002136230469,0,0,0,0,153.455429077148
66.7925270209878,0,160.463890075684,104.861779993231,96.488156636556,7.85971960213563,11.4192638237435,91.906078338623,20.4576794824705,92.7481895685196,103.177141189575,64.0058686665126,79.960339864095,72.0872470310756,26.1313361677256,13.2358441436813,0,152.647708892822,107.376431056431,142.069562530518,108.952169321351,112.218002319336,101.754673428006,137.395195700906,105.322901632272,94.8805389404297,125.055670696756,143.084614345006,111.424609474514,22.5358590553422,114.488603210449,98.6389331817627,9.48091010971867,54.7071800231934,34.3643842097453,176.96346282959,0,0,224.628295898438,206.779525756836,0,196.12060546875,169.586431329901,221.715347290039,126.508129119873,196.535980224609,0,171.196670532227,0,214.130971272786,0,0,0,0,0,0,180.683349609375,0,161.678405761719,154.221131461007,0,234.187164306641,225.388168334961,164.483409457737,221.273262023926,171.503807067871,0,0,171.538482666016,184.123321533203
61.6151051747234,146.53445325579,130.189445658801,82.8786620812223,66.5885143756866,11.4192638237435,10.6071241210862,55.7266046990602,20.1665412901493,73.2630407583146,20.4690409619892,87.3169479032533,20.0460839260507,162.766575622559,28.7603475986487,13.5960055958797,112.827346801758,144.200120525596,140.899106343587,154.287567956107,35.0220173570234,122.929351143215,99.9323099497202,124.768770369272,78.2537449671298,0,148.296186093931,148.929667304544,64.0191744941614,39.5218392687787,98.5800540132343,178.680692672729,14.4562626039065,89.5503384990077,62.2112953830263,153.732981513528,0,171.927352905273,106.122741699219,130.003573553903,201.864929199219,155.12155679556,141.910290425618,167.27806631235,102.331533813477,151.096513615098,0,131.125628859908,0,167.89021264053,143.25626046317,183.394256591797,0,0,0,100.5457213974,158.668045043945,157.93994140625,175.849655151367,117.831802839799,0,206.482292175293,182.983193137429,136.669119221455,177.185083562678,148.078808784485,0,190.500297546387,167.565887451172,176.799509221857
21.3010395360057,110.529605229696,96.539398960198,55.089490317277,43.7071095073924,91.906078338623,55.7266046990602,8.58064054035774,39.6411337789411,56.6388895634605,17.5467072986327,144.767319855867,42.2780802566881,153.59177339994,23.717765028715,70.180305396186,77.9678143092564,112.088451600411,151.972632271903,146.159280630258,42.2455042144399,63.8779460155603,69.8153547043317,67.6104177069788,49.8077013571695,142.689079284668,127.40570209407,113.187576697965,20.185357276406,56.2253836843979,11.2470619602613,162.963749389648,105.658181054252,54.3203176763323,74.2489849076903,128.61463470459,0,154.47854309082,77.5468087629838,131.019373703003,176.072914123535,131.984351850237,115.499624536393,146.767380298023,74.5837511202184,131.206762343187,194.329132080078,112.687794058663,205.068130493164,144.395665116744,127.74110921224,105.484601338704,165.287531534831,0,193.639221191406,125.507944189984,135.143585205078,99.3483492533366,148.921390309053,95.7780988598704,0,181.14656829834,159.948712666829,111.5345824315,150.322593688965,164.999369812012,0,176.254272460938,144.730773925781,147.393977355957
21.257232993887,130.703344244706,114.67761593896,79.603780046294,86.8756000752352,20.4576794824705,20.1665412901493,39.6411337789411,11.1830865936967,76.68685924324,21.1388380407242,105.553409623127,59.1785091117024,156.045715125831,16.183258628123,27.8982485264104,106.262601852417,121.544403231155,153.173290599476,140.773339191466,82.7064943774378,101.69904545678,87.2067358398437,102.165060370103,72.3275811302156,127.154388427734,134.130800147359,136.194426214732,63.6212107880209,29.1865878408835,72.2080688795339,164.571166144477,14.3819377588882,85.1696060065067,63.4825065167215,144.64880027771,0,170.955855149489,106.927647854419,144.360135214669,188.124323527018,152.634152911958,135.602683539863,158.654961395264,94.2199273427327,141.886081610786,222.236541748047,122.188175201416,0,159.179367934601,151.634890965053,126.630486382378,185.135922241211,0,214.837931315104,119.211605787277,148.994168599447,116.882937431335,170.831447894757,120.626932859421,220.304992675781,210.741377766927,177.150597085758,134.684597907268,166.921077112998,151.232010432652,0,227.309020996094,166.455518086751,159.293658150567
64.7440492568477,63.4031527093116,107.338345663888,16.3666080810262,21.9587096681768,92.7481895685196,73.2630407583146,56.6388895634605,76.68685924324,7.31025983984332,62.5372925782815,116.996241978237,9.28670803402064,105.248263819077,78.4062673330939,19.1999361534081,67.4216473897298,122.926849647805,137.779247283936,121.921173095703,19.5014058144932,88.4204381062434,35.081753443471,89.4488204532199,12.2454698844602,96.3429085353635,117.05843890797,104.587501606613,42.4031660209156,66.2872744671464,53.4232586998228,133.498526939979,108.323528289795,59.3699956135236,74.1481735153703,74.4740253024631,0,0,20.9349637784456,99.4194246019636,158.91438293457,90.8832168579102,72.5500493049622,105.250437649814,20.9417145090196,88.6886233161478,0,63.3805361853706,142.486650466919,81.8532616751535,60.5697422027588,0,171.469467163086,185.352096557617,182.815032958984,88.804311479841,0,68.7657826741536,135.449418640137,49.2639198484875,129.755737304688,199.478312174479,151.464102745056,75.1411021048563,97.522095574273,70.1262283325195,0,0,152.361038208008,118.521362304688
46.9819313361581,115.088172912598,104.062981128693,63.6732228175159,14.0811383958585,103.177141189575,20.4690409619892,17.5467072986327,21.1388380407242,62.5372925782815,8.0320579712014,158.415401165302,23.6659938188915,163.068547566732,47.471689947661,66.1187323676215,79.9336585998535,125.720336914062,0,156.351318359375,16.798209982944,142.888252258301,85.9648286068078,93.8835832769221,46.9230927792099,0,138.845651504841,124.55573216191,12.3385795145529,85.3379497139409,88.9195170084635,167.238513183594,115.1535546875,78.9606463114421,84.548970272292,112.854991912842,0,137.241897583008,83.6244308070133,37.8286046054074,194.427795410156,141.92142524404,131.301299151252,162.817026138306,92.5134889010725,141.735499480675,0,126.036441040039,0,162.832260513306,144.15554864066,152.764770507812,199.479141235352,0,0,116.376438811019,170.407012939453,196.05738067627,164.456665039062,103.685352071126,0,0,175.596878051758,128.595274854826,169.44948698345,137.254124450684,0,0,0,150.449644724528
119.671526678677,74.3141603798702,87.666481681492,82.2221827539904,151.534489949544,64.0058686665126,87.3169479032533,144.767319855867,105.553409623127,116.996241978237,158.415401165302,13.1961927650027,140.124295043945,17.1422079446334,93.3092973088644,69.1277914047241,126.221159934998,47.4976478250086,21.9501041636675,24.3593825269671,131.947028605143,97.1824246344165,98.8389063465352,85.1959662771359,141.134162410613,41.1962699249861,32.3521520916939,58.3071546789154,130.530243355887,77.2873273454768,92.7386997495379,33.0104147267109,62.2110807223198,92.8678985834122,29.7058267293012,0,146.799946594238,137.379463195801,126.649621751573,0,0,0,191.001759847005,194.484687805176,153.061309814453,0,95.3270176478795,0,89.7840687324261,0,0,0,153.009658813477,118.944378444127,119.258158874512,0,0,131.610061645508,156.647633870443,187.082038879395,72.4884369891623,111.292012920816,111.410815005271,185.338329315186,0,175.738204956055,109.639585113525,0,0,159.726678466797
110.870007832845,0,138.427227020264,75.1698299966207,23.2732644694659,79.960339864095,20.0460839260507,42.2780802566881,59.1785091117024,9.28670803402064,23.6659938188915,140.124295043945,9.23800823776927,0,97.002335682568,14.3799600690719,152.020797729492,153.84748840332,144.006362915039,173.840560913086,13.2853861859951,0,90.5668023427327,121.28337097168,29.1989883449342,0,155.44973449707,148.510439191546,43.7102406776337,93.4163502560386,94.4049968719482,0,108.750834147135,82.6757110595703,87.6151697620842,0,0,185.881446838379,114.767602103097,81.3220211175772,183.903335571289,97.8995785615882,131.283602627841,143.520553207397,103.910118103027,32.0326667020195,0,9.75626071761636,0,156.583505803888,131.46270942688,0,0,0,0,17.6849127953538,0,0,0,103.43335758556,0,0,0,128.301938961714,161.030080159505,0,0,0,0,184.822122192383
137.282018661499,43.0775888103955,88.0063806880604,51.4153160372296,161.497619628906,72.0872470310756,162.766575622559,153.59177339994,156.045715125831,105.248263819077,163.068547566732,17.1422079446334,0,9.20803045750471,127.032410069516,156.151351928711,121.92174466451,87.8064280560142,52.9236860800227,69.2416484355927,142.40465927124,134.443424479167,80.5760805390684,108.865177348509,105.745636184494,17.9751380776909,31.9376327110141,28.4789702542992,136.526426488703,110.198958772602,127.328282674154,11.080048619942,78.1947534734553,155.287857055664,59.2896537848398,180.40803527832,94.1424715091021,140.13234274728,47.8745544920576,211.005325317383,0,0,217.109741210938,0,125.596948242187,0,78.4880137877031,0,65.8549763576405,0,0,0,163.975189208984,101.950558344523,98.5946038564046,0,119.853759765625,117.007309191155,129.499006271362,155.24859085083,54.8505560008663,92.872071257425,93.3852670850606,192.558547973633,89.6515579223633,176.477081298828,83.7008626007837,0,0,129.150811513265
15.0875934276092,132.419432322184,108.795536825102,77.2086665449471,101.341561027195,26.1313361677256,28.7603475986487,23.717765028715,16.183258628123,78.4062673330939,47.471689947661,93.3092973088644,97.002335682568,127.032410069516,8.29181993373735,39.0984076455582,218.432708740234,117.171486053061,135.568192575492,133.8581694745,99.2874767639248,92.7218034194291,84.6998597034433,96.3877450932901,82.4389444540816,0,129.445965904526,133.529703963037,77.9544148123337,20.7573981364006,62.3528039187936,141.667903900146,20.0880257170798,50.5245603985257,46.5560787814114,144.73656463623,130.136047363281,158.302858988444,101.18892993349,128.759136199951,192.473899841309,152.991901855469,143.753379821777,169.365367635091,91.6404449144999,164.877298355103,0,130.469424565633,180.382537841797,161.933171394544,129.756942749023,0,0,0,0,122.131318228585,182.388763427734,103.758387846105,183.333868026733,124.253910095215,0,188.878997802734,167.011299133301,138.742409667969,169.172532581148,166.990371704102,0,0,166.871551513672,163.05917040507
64.3886283874512,134.942016601562,126.150299072266,77.7132638019064,44.2835101356989,13.2358441436813,13.5960055958797,70.180305396186,27.8982485264104,19.1999361534081,66.1187323676215,69.1277914047241,14.3799600690719,156.151351928711,39.0984076455582,8.12241658888033,0,144.592253112793,0,0,44.6803893024482,92.9962488810221,68.5342298021503,122.669200261434,39.487425716718,0,160.734371948242,155.753977457682,75.5181821676401,46.9878439395986,88.4250762939453,0,36.4693249197567,90.1463203430176,71.16681543986,0,0,127.747840881348,0,183.853393554688,191.61376953125,192.28776550293,166.779479980469,0,0,0,0,47.2070751190186,0,154.833946228027,157.525054931641,0,0,0,0,85.769323348999,136.084915161133,0,220.743789672852,102.474557113647,0,0,0,135.030208163791,167.528274536133,0,0,0,0,170.897857666016
155.987506866455,43.2368007154096,81.4310974121094,42.5007601392349,47.201717376709,0,112.827346801758,77.9678143092564,106.262601852417,67.4216473897298,79.9336585998535,126.221159934998,152.020797729492,121.92174466451,218.432708740234,0,17.2675792306935,100.527996460597,131.123569488525,122.822351455688,154.74267578125,23.2663049010292,33.5297251741828,14.0386803307153,30.0983944842044,95.0756645202637,98.3270471863827,31.6206677140829,33.392523683194,94.311414082845,75.1498622894287,134.074016571045,0,67.1148312886556,81.9484553734462,0,159.524230957031,105.81895904541,65.8309730529785,0,0,0,176.063049316406,0,0,0,0,0,0,0,0,98.6640636867947,134.857791355678,0,151.274765014648,0,109.646503795277,57.5992316889569,96.3639656239222,0,0,153.461488087972,117.815276903984,120.107347760882,150.841091156006,99.4684906005859,220.849334716797,0,0,113.575674874442
92.7998683047928,56.5896390514065,42.5232150881786,59.7995932583982,141.395102183024,152.647708892822,144.200120525596,112.088451600411,121.544403231155,122.926849647805,125.720336914062,47.4976478250086,153.84748840332,87.8064280560142,117.171486053061,144.592253112793,100.527996460597,11.0757850144661,51.0668419005939,26.5008638925845,177.326416015625,68.0126166273121,81.0614748068417,27.9685228396616,124.512245854245,59.5162522959155,36.067070583753,64.5385617011181,101.933639154202,96.2700109454641,70.1685295533598,88.0534080736565,140.076430184501,86.3255103090976,32.8461423452689,0,98.2776165916806,106.303264535883,72.8142016973251,0,0,205.06071472168,178.140734863281,242.664703369141,164.555046081543,0,124.189664204915,0,149.045124053955,212.63623046875,0,141.114652361189,113.558724618727,139.158863067627,112.156316286558,0,143.770168304443,111.038740045884,131.748090075208,171.12096949986,151.509775797526,102.206484936653,105.513080011079,161.373461106244,184.70078531901,157.244504928589,123.660190582275,0,150.056549072266,129.44082559858
133.40531703404,83.7020010266985,85.5234795808792,75.8647207706533,175.385559082031,107.376431056431,140.899106343587,151.972632271903,153.173290599476,137.779247283936,0,21.9501041636675,144.006362915039,52.9236860800227,135.568192575492,0,131.123569488525,51.0668419005939,9.68717564325516,15.714505184349,152.943323771159,113.837517139524,112.855827577652,99.0926507711411,140.160320281982,47.0994428873062,27.8073786981465,62.8058364354824,158.90100315639,112.775502190223,104.875225190193,54.1571090494403,92.0822414822049,103.687287224664,59.1093003016965,197.705810546875,208.124710083008,177.369895935059,82.6719665527344,0,0,0,0,0,0,0,119.82371351454,0,95.8438949584961,0,0,196.427490234375,148.690800984701,114.62787437439,114.981554178091,0,198.086990356445,0,0,0,74.22917134053,105.442711789384,111.461874961853,0,0,179.165985107422,100.216796875,0,0,178.393905639648
113.025880177816,75.5034871101379,79.5687941957319,63.0395792584087,0,142.069562530518,154.287567956107,146.159280630258,140.773339191466,121.921173095703,156.351318359375,24.3593825269671,173.840560913086,69.2416484355927,133.8581694745,0,122.822351455688,26.5008638925845,15.714505184349,8.17851772364206,0,96.4423870510525,101.633544013614,66.894386100769,140.634909057617,48.7614895149514,26.4108986845082,66.825174889987,124.872351426345,102.587074765891,88.1778931443709,57.9748628865118,89.795027256012,91.0559600518674,43.7267632944175,174.274765014648,129.230049133301,124.021670341492,76.6324476159137,0,0,0,0,197.572967529297,0,0,132.178070068359,0,111.566111246745,186.21321105957,0,0,124.972167275169,108.827608744303,106.79021692276,0,158.355758666992,148.590393066406,159.923160552979,0,83.662596615878,103.271351264918,110.56750535287,159.049453735352,155.09831237793,169.754188537598,96.1013031005859,0,0,114.302630615234
102.867302389706,0,0,81.7102460861206,14.3048453838548,108.952169321351,35.0220173570234,42.2455042144399,82.7064943774378,19.5014058144932,16.798209982944,131.947028605143,13.2853861859951,142.40465927124,99.2874767639248,44.6803893024482,154.74267578125,177.326416015625,152.943323771159,0,9.74615482374116,156.561820983887,71.4535126686096,168.28072865804,16.9984378822519,0,185.667058944702,176.704218546549,23.1862177182599,91.9883247226579,120.832518259684,0,116.544925456144,84.6782829284668,86.371778467796,210.718353271484,0,0,76.721584666859,27.1591885654312,0,146.964941249174,129.464124679565,167.812355422974,83.0283002080144,134.223937129974,240.052947998047,82.2711075941722,0,176.662562052409,130.350483485631,0,0,0,0,19.5271915062161,0,0,0,88.6733912561553,0,0,0,126.478714848908,180.940385437012,160.302993774414,0,182.566879272461,0,157.156611124674
67.159921836853,70.0749148455533,63.7607329812721,59.4211082963557,112.767520904541,112.218002319336,122.929351143215,63.8779460155603,101.69904545678,88.4204381062434,142.888252258301,97.1824246344165,0,134.443424479167,92.7218034194291,92.9962488810221,23.2663049010292,68.0126166273121,113.837517139524,96.4423870510525,156.561820983887,10.9764374476179,40.9352860284505,24.3613765615777,61.0462362466269,0,105.972595013313,64.3463716413917,21.4754806565373,61.9540975171869,24.8507197804105,139.564407348633,122.310512542725,53.7884288867217,44.0923314593817,115.398049490792,99.1697387695312,116.259182112558,68.578576969195,0,0,145.988153457642,116.410783941096,152.347643171038,81.5487340291341,165.068771362305,164.770290374756,163.630996704102,150.606048583984,145.282767159598,0,92.5282061192896,136.106944084167,0,178.58580271403,0,103.516422447117,61.444662468538,101.938586556338,100.734222412109,0,159.291742498224,139.982595082876,103.082205747947,116.505124823992,101.43840866696,204.439498901367,0,112.442019992405,119.780103047689
68.9021687571208,21.4580794889074,55.1823359578245,29.0235733425022,47.5637407886739,101.754673428006,99.9323099497202,69.8153547043317,87.2067358398437,35.081753443471,85.9648286068078,98.8389063465352,90.5668023427327,80.5760805390684,84.6998597034433,68.5342298021503,33.5297251741828,81.0614748068417,112.855827577652,101.633544013614,71.4535126686096,40.9352860284505,8.39330916975823,46.2995786811754,17.1803042329826,68.1202391511077,77.1224067903729,50.3945662775069,40.0687833561023,66.099601533336,44.831223059336,97.1188879366274,108.221419701209,52.0835073999612,68.9046424219236,115.884395599365,87.5378968980577,77.3044256643087,76.3672187511738,104.775253295898,0,116.822834777832,77.8725919087728,135.188613891602,56.5289335250854,116.253472900391,132.424468994141,82.5737800598145,116.97015953064,134.931078229632,120.33602142334,54.5015601852313,101.199785020616,0,155.109886169434,111.655815124512,58.1701355638175,39.9689192008972,56.9780265948524,69.4566580119886,113.31979934029,132.609072504817,97.423609571392,87.7997446060181,110.447006225586,63.8408547786244,114.447835286458,0,85.2001927693685,111.292634963989
70.9019938383799,61.3526196373834,33.570375246705,52.6525872538433,108.761658096313,137.395195700906,124.768770369272,67.6104177069788,102.165060370103,89.4488204532199,93.8835832769221,85.1959662771359,121.28337097168,108.865177348509,96.3877450932901,122.669200261434,14.0386803307153,27.9685228396616,99.0926507711411,66.894386100769,168.28072865804,24.3613765615777,46.2995786811754,16.3258540387427,75.7564085176886,106.305646514893,68.4288440211463,38.8003936065942,38.0212300360349,87.1717121217425,48.985852598132,108.565079243978,142.741197922651,68.3968676949689,43.0904515531958,177.581637573242,85.5467700958252,99.0465825154231,84.7776272410438,0,126.830955505371,189.643697102865,138.861949480497,180.545976911272,87.4899325052897,181.630012512207,0,0,0,171.412027994792,0,99.4097931335022,114.570252332642,0,156.088408576118,0,108.133982384154,65.039398692082,99.2672703697382,127.6391119706,186.016189575195,135.984805180476,101.268011714033,131.789414490468,161.787118911743,114.442293109316,0,0,141.489880371094,119.508182978226
71.7272306055456,61.9759393237886,100.179431794182,32.0236820364825,16.6328884371527,105.322901632272,78.2537449671298,49.8077013571695,72.3275811302156,12.2454698844602,46.9230927792099,141.134162410613,29.1989883449342,105.745636184494,82.4389444540816,39.487425716718,30.0983944842044,124.512245854245,140.160320281982,140.634909057617,16.9984378822519,61.0462362466269,17.1803042329826,75.7564085176886,9.94140178491808,91.3655102281685,118.380740283007,76.900449839164,17.1307842860305,64.7769951773428,53.2965735135194,135.550434929984,114.036854483865,59.0144968416669,75.361538392219,111.789522691206,0,143.971650259835,52.6592820220523,89.1904069041158,153.064750671387,114.644610428229,92.5244340442476,136.574386243467,50.4444795102489,103.1435647692,121.665412902832,79.2714040328045,131.262377929687,126.604374645202,113.114432678223,95.081793891059,142.165802001953,237.311737060547,185.702850341797,98.0824290148785,151.272834777832,62.5351653379552,130.894006093343,58.5972404851323,131.811973571777,167.920051574707,142.933869361877,91.9193496071196,127.218722299429,115.139318148295,0,168.179860432943,122.77178785536,122.645269881847
0,28.7689686151101,72.6093330383301,20.8395625994372,0,94.8805389404297,0,142.689079284668,127.154388427734,96.3429085353635,0,41.1962699249861,0,17.9751380776909,0,0,95.0756645202637,59.5162522959155,47.0994428873062,48.7614895149514,0,0,68.1202391511077,106.305646514893,91.3655102281685,11.0513253296421,45.6915089791281,27.7457843630592,133.770092010498,68.6087341308594,152.244018554688,46.1760482443384,0,0,64.5635349409921,0,76.6653335571289,0,25.574848179464,0,0,0,0,198.668762207031,102.48893737793,0,57.0833868980408,0,47.3781463315823,0,0,0,0,78.6978673934937,102.959940592448,0,0,100.0379002889,124.78874206543,114.43571472168,33.0883648532561,73.7213148317839,74.293634183145,0,152.662063598633,181.088897705078,67.7443291208018,0,0,38.4699249267578
113.335072885946,48.4108347266182,28.8634014497955,48.46783251787,135.830772823758,125.055670696756,148.296186093931,127.40570209407,134.130800147359,117.05843890797,138.845651504841,32.3521520916939,155.44973449707,31.9376327110141,129.445965904526,160.734371948242,98.3270471863827,36.067070583753,27.8073786981465,26.4108986845082,185.667058944702,105.972595013313,77.1224067903729,68.4288440211463,118.380740283007,45.6915089791281,16.104938541697,30.8116732220639,106.213007403384,112.361870688954,101.456684426947,37.3384335022724,100.909323907668,106.961014388444,60.8636540711737,167.999084472656,100.046002197266,94.1266025792282,70.4685136226186,0,0,203.391194661458,162.04716907848,214.481887817383,125.999402999878,215.541206359863,105.812111899966,0,94.8767572198032,203.041948106554,0,148.447857666016,101.684211845513,109.223154340472,104.16012113764,233.859878540039,159.053572654724,129.721156873201,127.217787290874,166.986632029215,83.6259563903809,95.3080018931307,98.5625084472537,162.702485011174,186.844970703125,145.120015970866,102.958295393963,0,119.335342407227,118.530294854957
115.778382291076,31.3832047314323,26.987881765167,39.0124639700207,112.995074462891,143.084614345006,148.929667304544,113.187576697965,136.194426214732,104.587501606613,124.55573216191,58.3071546789154,148.510439191546,28.4789702542992,133.529703963037,155.753977457682,31.6206677140829,64.5385617011181,62.8058364354824,66.825174889987,176.704218546549,64.3463716413917,50.3945662775069,38.8003936065942,76.900449839164,27.7457843630592,30.8116732220639,16.191422594812,65.9066220753445,121.225056507548,99.4906267343566,31.6683885952034,103.019030253092,97.1759427798692,69.1316733698297,151.536829434908,78.7487536000681,86.5128024393388,74.0690258048301,149.990081787109,0,194.339535799893,150.540408519988,173.59294535319,121.366139221191,165.287651062012,102.875019236973,0,93.0021358468679,171.771061401367,170.716339111328,121.112323429274,102.257994059919,112.869195584898,107.753998218505,166.726669311523,118.834245217813,69.3475596878555,106.133045874434,139.801679382324,70.7585758989957,101.163835360351,96.3789224268755,133.273146505917,169.461976242065,134.928354667895,106.819841060998,0,153.50714302063,115.103446171202
30.7628672308503,78.3425207382593,75.5404254995662,44.6422793338968,13.6547129116525,111.424609474514,64.0191744941614,20.185357276406,63.6212107880209,42.4031660209156,12.3385795145529,130.530243355887,43.7102406776337,136.526426488703,77.9544148123337,75.5181821676401,33.392523683194,101.933639154202,158.90100315639,124.872351426345,23.1862177182599,21.4754806565373,40.0687833561023,38.0212300360349,17.1307842860305,133.770092010498,106.213007403384,65.9066220753445,10.7339387224454,66.1365294163701,21.2091463094058,142.930280377788,116.898709264295,53.6723597580844,65.6784110451765,115.994653093054,115.308692932129,140.163281594553,61.8114555078909,56.4105846676726,163.996312068059,118.099189136045,98.9764443582563,138.589871435108,64.1160636409636,114.014358641609,189.599761962891,98.332324785505,0,134.400331291363,118.418601989746,94.1636341464135,154.215172540574,0,169.186808268229,103.005921928971,106.391692528358,58.3997819369897,124.065569715435,74.8424704255892,0,158.701362208316,143.363027852376,97.7540930409168,124.38167511645,99.0717321440231,0,155.591417948405,114.103571398505,125.801104389537
21.5786930329744,111.561657714844,110.587302229979,72.5118417933776,78.2978129916721,22.5358590553422,39.5218392687787,56.2253836843979,29.1865878408835,66.2872744671464,85.3379497139409,77.2873273454768,93.4163502560386,110.198958772602,20.7573981364006,46.9878439395986,94.311414082845,96.2700109454641,112.775502190223,102.587074765891,91.9883247226579,61.9540975171869,66.099601533336,87.1717121217425,64.7769951773428,68.6087341308594,112.361870688954,121.225056507548,66.1365294163701,10.9094015911396,23.336740886855,124.046761362176,10.2193403237389,13.5735028150076,39.991200964611,131.538494990422,135.358688354492,156.4636471397,96.2096593379974,128.798644171821,205.590789794922,172.460266537137,129.204360834757,180.001862589518,85.3998778950084,167.247924804688,184.909118652344,144.825205485026,134.696090698242,167.728053792318,128.462280273438,117.614231872559,199.233980814616,0,187.605819702148,121.535984536876,121.612408532037,92.3997059526115,160.390983581543,119.287128147326,108.891788482666,166.588266833075,162.741520514855,125.406004896442,146.881404876709,122.0032025973,0,0,145.835067749023,152.389003529268
26.2135171654885,113.822359085083,75.2900291283925,50.8312506787948,81.6655200958252,114.488603210449,98.5800540132343,11.2470619602613,72.2080688795339,53.4232586998228,88.9195170084635,92.7386997495379,94.4049968719482,127.328282674154,62.3528039187936,88.4250762939453,75.1498622894287,70.1685295533598,104.875225190193,88.1778931443709,120.832518259684,24.8507197804105,44.831223059336,48.985852598132,53.2965735135194,152.244018554688,101.456684426947,99.4906267343566,21.2091463094058,23.336740886855,10.1947808477621,146.550117492676,105.285499572754,33.6303623327868,34.9717715346239,117.969568819613,0,132.600560824076,60.5912307086475,150.751831054688,159.095891316732,143.135945638021,105.020381002715,147.561581611633,60.394998550415,127.478933061872,172.036651611328,0,0,138.292322213309,119.643520355225,81.5611497927935,144.584131240845,242.191741943359,201.88671875,165.084007263184,103.026383990333,59.997841049396,106.168411329681,95.9162340273802,0,160.837792789235,147.926137106759,97.7080246575988,114.535950785098,99.5474932626578,0,156.860992431641,110.192254010369,115.974824905396
146.609929402669,63.4313427659332,83.9753019787016,78.7243375489206,199.340003967285,98.6389331817627,178.680692672729,162.963749389648,164.571166144477,133.498526939979,167.238513183594,33.0104147267109,0,11.080048619942,141.667903900146,0,134.074016571045,88.0534080736565,54.1571090494403,57.9748628865118,0,139.564407348633,97.1188879366274,108.565079243978,135.550434929984,46.1760482443384,37.3384335022724,31.6683885952034,142.930280377788,124.046761362176,146.550117492676,8.80435517090725,102.345615386963,128.969169616699,70.8706951199686,0,114.964420318604,151.201168060303,94.6901554531521,0,0,0,0,0,154.016235351562,0,97.3939036616573,0,85.139495436553,0,0,151.768905639648,137.470592498779,104.09811062283,110.687718200684,0,0,133.765971592494,195.444244384766,199.687530517578,71.1741021963266,102.518647898798,106.787189107953,208.532608032227,210.780853271484,200.283813476562,101.384790014048,0,0,130.619222640991
75.9974218715321,0,148.917203903198,111.299665143413,129.66047668457,9.48091010971867,14.4562626039065,105.658181054252,14.3819377588882,108.323528289795,115.1535546875,62.2110807223198,108.750834147135,78.1947534734553,20.0880257170798,36.4693249197567,0,140.076430184501,92.0822414822049,89.795027256012,116.544925456144,122.310512542725,108.221419701209,142.741197922651,114.036854483865,0,100.909323907668,103.019030253092,116.898709264295,10.2193403237389,105.285499572754,102.345615386963,5.04281792101473,117.960296630859,35.878476068351,199.801620483398,0,0,136.326538085938,0,0,213.106506347656,170.318771362305,236.709884643555,145.079406738281,0,0,106.901664733887,0,201.157073974609,0,147.282943725586,0,0,0,136.964614868164,0,0,0,161.719417572021,0,146.931121826172,202.595962524414,169.339255196708,177.745834350586,0,0,0,0,0
35.947916659903,100.916511535645,99.1460293989915,59.5482168676646,62.1580438967104,54.7071800231934,89.5503384990077,54.3203176763323,85.1696060065067,59.3699956135236,78.9606463114421,92.8678985834122,82.6757110595703,155.287857055664,50.5245603985257,90.1463203430176,67.1148312886556,86.3255103090976,103.687287224664,91.0559600518674,84.6782829284668,53.7884288867217,52.0835073999612,68.3968676949689,59.0144968416669,0,106.961014388444,97.1759427798692,53.6723597580844,13.5735028150076,33.6303623327868,128.969169616699,117.960296630859,8.28922525847691,23.467752303885,125.100006103516,0,125.472245788574,75.446395111084,141.908531188965,205.47664642334,142.197831726074,124.346066792806,154.501352945964,80.5467971801758,0,0,153.665382385254,243.686416625977,156.274703979492,0,81.6627159118652,160.720031738281,0,0,0,102.774792480469,71.3723809378488,132.595778571235,104.554152788435,0,161.913284301758,146.828513251411,109.940405300685,123.23156452179,106.659549713135,0,0,115.784225463867,138.455889892578
64.8482773747937,63.0158513091331,64.217320074931,66.3369865686332,78.0465885586209,34.3643842097453,62.2112953830263,74.2489849076903,63.4825065167215,74.1481735153703,84.548970272292,29.7058267293012,87.6151697620842,59.2896537848398,46.5560787814114,71.16681543986,81.9484553734462,32.8461423452689,59.1093003016965,43.7267632944175,86.371778467796,44.0923314593817,68.9046424219236,43.0904515531958,75.361538392219,64.5635349409921,60.8636540711737,69.1316733698297,65.6784110451765,39.991200964611,34.9717715346239,70.8706951199686,35.878476068351,23.467752303885,12.7413288974367,148.02638799494,92.7557006835937,106.735183535243,91.2750354435133,116.089642842611,217.308288574219,159.346730282432,137.924034118652,177.38617980957,102.92491643569,177.66072845459,131.745663960775,133.121891021729,122.24006097967,167.78085527922,177.545013427734,141.255611964634,120.599175044468,127.359624590193,125.272728178236,121.759341430664,123.766832351685,89.9688493347168,121.968008200328,124.020056588309,106.867517948151,119.854991573314,116.241240350555,135.135680582986,156.358299948952,130.148732423782,137.842498779297,176.903579711914,160.725814819336,141.856403953151
0,0,175.540487670898,77.655816078186,0,176.96346282959,153.732981513528,128.61463470459,144.64880027771,74.4740253024631,112.854991912842,0,0,180.40803527832,144.73656463623,0,0,0,197.705810546875,174.274765014648,210.718353271484,115.398049490792,115.884395599365,177.581637573242,111.789522691206,0,167.999084472656,151.536829434908,115.994653093054,131.538494990422,117.969568819613,0,199.801620483398,125.100006103516,148.02638799494,9.18115682902131,111.021933555603,105.985113659843,60.3829649959702,76.3874049595424,70.8158393859863,74.8135829880124,28.7376462135728,44.1496607228584,61.0821724649686,61.3591449816318,118.285557464469,70.5853397971705,137.357845306396,10.0076895134881,65.8199340820313,58.2067091658309,103.565517198055,130.743533599071,114.294349217993,73.4642311772214,77.7948343581048,67.6836259932745,98.6612022726294,62.7103435805674,178.104614257812,118.092525608865,122.208443460585,60.8830729784172,14.9784698258755,16.1435927101002,151.731887817383,81.5154235146262,24.8933280084444,45.508810108174
0,35.0020595278059,64.3748606595126,40.4536704852663,0,0,0,0,0,0,0,146.799946594238,0,94.1424715091021,130.136047363281,0,159.524230957031,98.2776165916806,208.124710083008,129.230049133301,0,99.1697387695312,87.5378968980577,85.5467700958252,0,76.6653335571289,100.046002197266,78.7487536000681,115.308692932129,135.358688354492,0,114.964420318604,0,0,92.7557006835937,111.021933555603,7.18990265636196,37.447085244315,25.7256734377346,146.240455627441,190.774307250977,113.954444885254,114.272548328746,180.256774902344,52.8927644163698,115.00658416748,72.3142570919461,87.596305847168,55.2965785780949,142.529941013881,109.167213439941,76.2063091278076,52.5258513431923,84.9077748750386,55.2257354473246,0,87.1805042085194,14.8184397571828,61.5931687642896,79.1107535044352,22.8257467014802,50.1150675715489,33.0015644762591,104.569899992509,112.161460331508,95.4526925928452,69.9452149317815,0,103.695742289225,62.6419947147369
148.778976985386,69.5137631947758,88.6324723979721,65.8961818292274,0,0,171.927352905273,154.47854309082,170.955855149489,0,137.241897583008,137.379463195801,185.881446838379,140.13234274728,158.302858988444,127.747840881348,105.81895904541,106.303264535883,177.369895935059,124.021670341492,0,116.259182112558,77.3044256643087,99.0465825154231,143.971650259835,0,94.1266025792282,86.5128024393388,140.163281594553,156.4636471397,132.600560824076,151.201168060303,0,125.472245788574,106.735183535243,105.985113659843,37.447085244315,14.5242011817956,40.788954708648,98.1119956970215,160.254085540771,123.494457468125,86.9752984985592,121.717428827482,103.66306740897,106.383831416711,89.8452047011431,126.954332987467,92.7634300655789,116.6506685248,117.049537326979,75.9712124415806,41.0722027018116,84.3277597098515,64.7301587404743,180.365371704102,70.3476799338205,41.8031923678812,30.0535104009612,96.1882060207216,60.2432047526042,33.3633701494034,31.792597303608,73.4093256124253,124.263453642527,92.4272748365759,95.3440410069057,172.042467753092,105.467531919479,66.8741444787489
92.2791458129883,46.1955399910609,79.3128589132558,20.9461396785265,75.2766662597656,224.628295898438,106.122741699219,77.5468087629838,106.927647854419,20.9349637784456,83.6244308070133,126.649621751573,114.767602103097,47.8745544920576,101.18892993349,0,65.8309730529785,72.8142016973251,82.6719665527344,76.6324476159137,76.721584666859,68.578576969195,76.3672187511738,84.7776272410438,52.6592820220523,25.574848179464,70.4685136226186,74.0690258048301,61.8114555078909,96.2096593379974,60.5912307086475,94.6901554531521,136.326538085938,75.446395111084,91.2750354435133,60.3829649959702,25.7256734377346,40.788954708648,42.7139679200901,70.9930548667908,106.077594556307,71.166987657547,50.393176147041,81.5740874876459,25.1712217330933,74.878700805037,95.6129473093394,59.8800722757975,62.3726014259534,75.3718166635997,68.8076669602167,36.6732566273359,53.7464472666724,83.8304597360116,68.1236990559308,77.782929787269,55.4019683133891,30.2302253729687,46.8966589131001,28.716273587575,14.453687399704,48.5638355617996,38.4789279554971,43.520368458163,67.6923215919901,48.9453084675539,73.2541858673096,107.550269063314,65.2248681426808,63.7165733635759
