12.7029569663673,119.54084777832,93.4747322828567,69.4299118903376,83.7791141710783,64.2967163085937,62.1743563235163,26.4950676988062,32.9560220490928,59.3732399759413,54.0684375135522,119.633127549115,108.198743034812,149.688807678223,16.6887852051408,68.2862612406413,126.525549752372,98.5697102660815,124.572980013761,122.458862478083,94.0302325162021,75.617289231161,71.8910090128581,83.2945922228835,75.1276051402092,228.824295043945,113.27164105478,125.17454120091,56.0294548727964,18.9309612241108,31.6884595751648,164.91867574056,75.8155671982538,42.3601329149519,67.6861331668901,129.231060028076,0,151.2091861301,94.2304463386536,0,191.581069946289,159.252380371094,137.125412574181,151.028385162354,0,180.398966471354,0,126.397323608398,0,162.491144816081,205.730438232422,117.209358215332,0,0,0,0,141.546920776367,0,158.461247370793,116.894943669157,221.648818969727,183.30295715332,153.7376722856,125.026992019342,154.793991088867,144.443603515625,0,0,0,142.514318847656
119.54084777832,7.59746693400218,47.0881799131388,15.9725044429495,95.7954794565837,141.047775268555,145.777471754286,112.290401649475,137.012860944194,70.6043762748624,126.906851196289,62.2648376251434,112.259208679199,39.7183678729105,128.977026286878,108.987566330854,52.2889490497205,55.5148134543396,74.9673245293753,61.7948744385331,93.6645787556966,93.2149784781716,28.0576840976335,66.5149741131326,76.2437817849309,22.8999831095223,43.8558646897909,27.5822121380652,98.0923661953065,116.581623196602,102.012358757757,58.8307110468547,0,108.149325900608,60.2959809203754,0,97.3834762573242,79.4764521916707,74.360652923584,152.137069702148,0,0,156.36127726237,173.773612976074,171.400894165039,164.207138061523,80.8542213439941,134.688888549805,93.0136359532674,176.288703918457,0,0,89.2959657396589,123.811718333851,106.123840332031,162.943923950195,125.374320983887,102.223085403442,91.4739410965531,143.695036570231,92.6609666612413,95.7378683651195,84.6352339684963,141.80578994751,174.223663330078,0,114.622743606567,0,0,102.190676007952
93.4747322828567,47.0881799131388,17.0452745003011,54.8842916420528,114.677984328497,153.92544232882,128.304392479386,97.3445387742877,119.780575579596,99.9090061593563,119.018633406292,89.4245821581725,156.684809875488,89.8618250931844,106.633793595514,129.159112548828,83.2863004730969,47.8513745893422,94.5544277191162,83.0891587999132,137.534613037109,70.4512777039499,50.7846961928292,37.0609224571808,92.1024510261944,114.920355660575,30.1001168007931,33.166827345835,85.6760001281485,116.807897599479,87.0028561137971,86.1830445183648,155.06662680886,103.407067276711,66.0217383742333,155.671850585938,99.0281703472137,91.1549890709583,116.491327444712,194.571029663086,208.311874389648,172.836040150036,154.344426258501,179.872139670632,173.66145324707,167.549377441406,135.232345581055,201.282073974609,168.174118041992,168.906063595334,0,102.537819611399,108.573700984832,152.232983907064,137.721040937636,220.167221069336,134.434578937033,101.26944694519,103.618931524156,138.617068455137,213.573699951172,109.448783535428,93.3635219601419,149.778910040855,179.123091561454,158.518419265747,134.496047973633,0,0,121.577048301697
69.4299118903376,15.9725044429495,54.8842916420528,13.6220983465955,55.3158460436641,105.971363067627,77.723117351532,56.9839364065115,78.5545280231598,23.786645347324,72.2708830064343,62.8402630697467,82.3217205592564,49.6732940155093,72.160362254075,69.7688955827193,38.2034202837613,60.0579228756667,77.8667508905584,62.286476865496,75.6179587730995,54.7840255600795,21.463002319002,51.0483485946551,38.779803900847,23.6157945412533,45.5879125647206,41.5848576540485,50.9857975763674,69.4500509112951,54.2597952229885,69.3097961268474,115.082808685303,60.7054786832907,67.9216730776389,76.8727430616106,53.243842124939,86.5216828061823,24.3264366402683,69.2820585745352,123.218914031982,82.1449358301255,70.2893232836948,90.360007744709,35.1147402381897,91.8503750925479,142.241452789307,81.4564710096879,83.0144852724942,96.3879940326397,108.864157676697,55.3154187660951,91.3913229370117,121.233083936903,85.9300090955651,83.7067479292552,65.6561287993594,51.5051201820374,62.3707153506395,55.921988152052,84.1907377243042,80.181822979089,71.6645650420078,70.6341575927734,89.0766850639792,68.28403370197,108.543708256313,129.235198974609,79.4855597359794,87.3976569542518
83.7791141710783,95.7954794565837,114.677984328497,55.3158460436641,10.8963390015777,105.627801748422,66.7319508598361,52.0190658978638,84.2485272205659,23.6671582596276,22.6179418500799,156.196258544922,23.7624005971779,155.939557756696,94.2911492919922,47.9503651891738,42.7726783752441,137.84404700143,155.366638183594,179.770584106445,17.5061972053522,108.764607943021,56.5096619856985,118.222261428833,20.9134903543506,0,135.264723254788,123.098594290311,21.5760810106713,82.6089555422465,85.5096694946289,0,136.90283203125,73.0887066402237,82.4354473849583,121.932634989421,0,0,59.5025545827458,76.2372644149082,0,131.288076541298,117.099173839276,146.742016489913,75.4692618593257,136.827895360904,0,114.146752929687,0,174.125609503852,116.457202657064,0,174.85481262207,0,0,112.120803798208,160.673538208008,98.0660705566406,146.431986490885,103.130659785036,0,247.57063293457,170.727645874023,121.295413753774,163.206264919705,154.328020095825,0,0,0,177.838925448331
64.2967163085937,141.047775268555,153.92544232882,105.971363067627,105.627801748422,7.2136203062169,11.7920271124415,100.779545432643,28.2556831606672,104.387169713559,113.510693444146,63.4557493383234,107.460983104534,81.5621956273129,26.3047024127799,13.0160262320767,0,154.688811191293,100.698216756185,121.803020477295,114.750397550143,142.608871459961,117.547710895538,146.733445863466,122.719741821289,0,147.480921099263,168.92590637207,123.578911694613,24.5273793048491,104.184817886353,99.6610565185547,10.2398690880697,0,35.6400498284234,179.298942565918,0,197.605514526367,116.162040710449,203.999145507812,0,191.629979451497,175.188291549683,196.761516571045,202.23454284668,0,0,152.959686279297,0,191.90505472819,0,0,0,0,0,0,0,0,231.969879150391,156.716775191458,0,0,223.481791178385,169.607334391276,209.940727233887,137.989593505859,0,0,0,0
62.1743563235163,145.777471754286,128.304392479386,77.723117351532,66.7319508598361,11.7920271124415,12.4529852561166,58.6096187444918,22.2017993269901,72.6688906544972,34.441172770148,105.146347096092,25.2612966377796,121.644980262308,32.5140559197908,14.0341268439877,144.885009765625,141.422395723056,129.853121439616,164.565719604492,40.1503576184779,120.771753311157,93.1832239132116,123.688134067742,80.6747600108654,138.651565551758,150.386229364923,148.372146246001,65.2177768650621,48.0509717024042,105.299938705732,149.821904500326,20.1101026159251,93.7800237254093,77.0035390476189,143.548650105794,0,188.260448455811,94.849506632487,149.330454163632,204.829946899414,149.417370447044,140.407646772597,160.121424096262,103.599106924874,155.734280824661,222.92062886556,96.0987186574224,0,160.866919876693,169.18330078125,118.00651550293,201.923698425293,0,0,132.903415445181,175.504165649414,143.281466166178,187.411758422852,130.069959836848,0,209.357963562012,180.909629058838,144.059634835379,186.563621257914,159.708601518111,0,204.138824462891,153.812173461914,171.043750762939
26.4950676988062,112.290401649475,97.3445387742877,56.9839364065115,52.0190658978638,100.779545432643,58.6096187444918,9.36146305383862,43.4608056745673,53.0671659334171,18.6525193530133,151.769151775654,62.9374652164323,157.267261899751,36.4658976176708,71.4831276673537,98.6074087524414,119.01859263839,162.226573944092,138.6689150674,29.4324054583426,68.6791171626425,66.8016154317573,80.6924184050405,56.9406095290516,161.70580291748,126.423762631514,117.271874864366,30.8903149837043,59.5263569067405,16.0713843561936,154.861768934462,111.330142466227,66.1198790387103,73.9157033572763,125.33794333718,0,158.759970855713,74.302255847786,128.503187537193,203.472607421875,131.898817734753,121.82071984103,144.652066972521,79.2263480292426,137.910684463826,199.386995951335,117.176855118548,0,152.324871915929,131.528658294678,147.481472439236,190.179710388184,0,195.21293258667,122.674389648437,146.056330871582,106.409169878278,158.688417608088,110.523087609083,203.906272888184,186.101139068604,164.466305117064,121.104910294861,153.754410540471,139.840284928032,0,187.751537322998,129.042106628418,140.990269851685
32.9560220490928,137.012860944194,119.780575579596,78.5545280231598,84.2485272205659,28.2556831606672,22.2017993269901,43.4608056745673,13.9552384658854,77.0467676142211,34.5285604887374,105.561498000243,77.9817592875328,125.106317766975,21.6711678269888,32.3287351822009,141.906434122721,127.884908046691,140.196172475815,146.935410406356,82.8625323434713,107.195744774558,94.3194990625921,113.089630603497,79.2167955327492,164.461334228516,137.767810776462,142.955651443616,72.3460006377276,29.4407842710416,80.807271545357,144.983177185059,15.7112546787339,86.9082622451476,67.7143547503088,157.24369430542,151.404594421387,176.383936767578,99.0433855409975,147.8996301651,177.683685302734,150.009437602955,138.385258196662,158.770389995356,91.1120584928072,152.797282162835,210.953113555908,124.488463310346,208.454055786133,161.013784517118,146.970279693604,151.315331595285,203.296630859375,0,217.398014068604,146.714590414976,176.797871907552,136.702699549058,189.787660951968,125.831211134342,0,186.412334865994,178.435161020564,141.223012876183,171.204133840708,155.471400725536,0,201.746109008789,167.245021473278,170.094934214716
59.3732399759413,70.6043762748624,99.9090061593563,23.786645347324,23.6671582596276,104.387169713559,72.6688906544972,53.0671659334171,77.0467676142211,8.03076421769384,67.7621658915755,117.823515038741,16.2717204388827,108.382545639664,74.6800071406485,23.147549893007,82.9749708175659,116.40590895268,140.14288965861,131.676973070417,17.4894431875213,83.9087243011032,22.9149896527722,96.0651069335938,17.6426392104959,96.706879473108,110.999713078843,102.695134163737,47.0243450022758,64.2025678861709,53.1325815635756,126.322979174162,121.820801326207,59.460356932126,78.9271877267388,79.1023597717285,126.504852294922,144.547836303711,33.4326251682482,78.9488222075672,0,106.966993266139,102.448156640885,117.710284839977,44.7193667030334,113.663367217442,0,103.586169719696,146.304557800293,126.662030537923,77.629433631897,132.597259521484,0,209.97486114502,169.977157592773,85.9753390056331,0,77.7764167785645,115.538251241048,76.1467653767446,164.75617980957,175.097262064616,167.774335225423,93.1763398181433,118.095903396606,121.499989509583,173.501235961914,0,111.074535369873,138.309689839681
54.0684375135522,126.906851196289,119.018633406292,72.2708830064343,22.6179418500799,113.510693444146,34.441172770148,18.6525193530133,34.5285604887374,67.7621658915755,11.6103743791734,164.91927636188,29.8768334075294,161.977355957031,55.0734131440443,74.5840593973796,146.077312469482,145.312295801499,174.773213704427,182.139797973633,20.842032542611,113.228971180163,87.4611293144946,116.550765991211,63.7161725109474,0,146.569501272062,142.857446764336,26.0421687879845,89.9995096083399,109.831243787493,0,119.858443224872,86.2145778137961,86.369395998241,150.801036834717,0,177.572099685669,87.8539319905368,128.855044832417,193.350212097168,148.250688390794,135.547074489594,159.126673981638,97.5027317165099,153.427011796279,233.632034301758,130.610223003745,199.834930419922,174.817102432251,149.238657270159,141.337356567383,209.37087504069,0,0,140.619149273991,0,135.986129311954,192.685498555501,121.031877212764,211.163986206055,0,174.800220913357,141.213647587635,181.640308995401,177.222050258092,0,200.512985229492,194.579737345378,186.107354971079
119.633127549115,62.2648376251434,89.4245821581725,62.8402630697467,156.196258544922,63.4557493383234,105.146347096092,151.769151775654,105.561498000243,117.823515038741,164.91927636188,13.6812045084617,150.515269688198,27.3015219088613,94.9241205971196,173.086120605469,118.600840075263,49.1987094012174,22.0400109664476,24.2698293396633,157.860967195951,98.9683943464045,92.974413337437,75.5697024645918,141.731062441456,36.8151328797974,29.7495506066902,65.7206789853545,135.616129222669,73.3088846662346,108.250733276367,31.5997279478918,63.6623197876581,93.4352274987005,28.1569458478976,0,167.81559753418,129.089549255371,87.7799263000488,0,0,0,0,215.296485900879,0,0,93.7011706034342,0,87.5884806513786,205.670715332031,0,158.258153279622,147.765778541565,111.46894124349,128.691123962402,200.233184814453,0,136.487040201823,189.16904703776,180.577780151367,89.4156025973233,109.468890788943,116.446475307147,197.643811312589,219.506729125977,0,97.6088839939662,0,225.521423339844,157.909818649292
108.198743034812,112.259208679199,156.684809875488,82.3217205592564,23.7624005971779,107.460983104534,25.2612966377796,62.9374652164323,77.9817592875328,16.2717204388827,29.8768334075294,150.515269688198,11.366932151441,148.05251566569,96.961396194458,15.4570278886034,0,189.051651000977,156.573455810547,0,15.1735479333775,205.711303710938,78.0432353664089,179.652822875977,28.2189586141835,143.326126098633,180.078626251221,160.08942086356,52.1633468509949,92.9233584594727,137.259006500244,0,118.279231601291,95.2451333266038,90.4764892578125,150.481076558431,0,200.644271850586,88.7934861183167,116.119877781979,117.489664350237,82.0933959309648,132.731000596198,116.004744428269,84.1348254394531,45.5754150380412,145.760983784993,14.4397344156351,180.133178710938,120.154315502613,71.6111698150635,0,186.915542602539,169.531089782715,162.108963012695,16.5876647893535,0,105.535926818848,186.496643066406,118.707631576893,149.778015136719,169.311569213867,174.890090942383,133.37330314705,125.521426972889,171.719121297201,193.525299072266,128.712322658963,117.552864074707,102.386736551921
149.688807678223,39.7183678729105,89.8618250931844,49.6732940155093,155.939557756696,81.5621956273129,121.644980262308,157.267261899751,125.106317766975,108.382545639664,161.977355957031,27.3015219088613,148.05251566569,11.6703636340318,105.638239118788,166.399594988142,125.410185677665,92.031671778361,54.2611079886746,70.1177635745726,149.22664642334,137.375779724121,86.0489537569372,117.374311042554,123.637935673749,23.3008484379523,25.2820719622533,30.8778497764112,150.846430046614,100.049271470409,143.081593075314,12.7177426854984,82.0700348748101,148.36338297526,58.7978052900373,195.368858337402,117.032028198242,131.673652648926,53.2428189974565,205.097864786784,0,0,0,161.366107940674,156.626962360583,0,74.5414868725671,0,70.9558002718033,176.423009236654,0,0,127.953080749512,97.9381832462726,114.570273335775,0,173.220863342285,130.223615309771,185.343388875326,184.228256225586,61.8122310638428,95.3452581079995,94.6917153475577,203.163410186768,157.479370117188,192.72390238444,85.9429658166894,0,0,120.653730392456
16.6887852051408,128.977026286878,106.633793595514,72.160362254075,94.2911492919922,26.3047024127799,32.5140559197908,36.4658976176708,21.6711678269888,74.6800071406485,55.0734131440443,94.9241205971196,96.961396194458,105.638239118788,8.78570696970354,46.2738912482011,145.714515368144,116.9609598009,135.484902763367,134.118026314712,93.2650903138601,92.3470357545665,87.9760536131312,101.524170767756,82.5168388482883,133.785209655762,128.781352780316,133.462158043847,78.4830102809084,18.0759045224634,61.0708134008081,148.410479458896,15.4771490449858,41.9037263093171,51.62692809184,158.168131660013,0,163.142617034912,98.4956887408001,163.010396957397,197.276153564453,147.473569781964,142.243540530173,156.749626159668,210.350036621094,160.314485337999,0,123.411160786947,0,168.146827853456,143.985253651937,149.533311843872,176.44645690918,0,203.036613464355,169.844390869141,170.853112792969,134.774759292603,171.41920375824,126.21127927871,0,196.59769821167,168.812533519307,141.993884146751,164.371544416561,152.577818976508,189.511947631836,199.414916992188,152.310228983561,160.190389779898
68.2862612406413,108.987566330854,129.159112548828,69.7688955827193,47.9503651891738,13.0160262320767,14.0341268439877,71.4831276673537,32.3287351822009,23.147549893007,74.5840593973796,173.086120605469,15.4570278886034,166.399594988142,46.2738912482011,8.30816405873663,0,139.071382795061,0,0,45.3710563378933,117.32279586792,71.7525948115757,120.315446217855,44.2024500576747,133.475267028809,150.084846496582,135.191272936369,75.8269559315273,68.5970465540886,112.196908569336,0,34.8146123235876,80.7009031122381,92.3470642566681,0,0,0,65.5557117462158,94.4663858413696,0,162.013759613037,138.720352172852,171.757566179548,61.9505149841309,138.202969360352,0,88.7361099243164,0,188.781219482422,69.1157913208008,0,0,0,0,93.6864519119263,0,0,0,117.281610929049,0,0,0,134.926887512207,0,226.66259765625,0,0,0,0
126.525549752372,52.2889490497205,83.2863004730969,38.2034202837613,42.7726783752441,0,144.885009765625,98.6074087524414,141.906434122721,82.9749708175659,146.077312469482,118.600840075263,0,125.410185677665,145.714515368144,0,12.8419408705369,100.107924238544,127.875306129456,113.920465616079,0,29.3295132852647,30.308802205784,25.2527969960751,25.5113280526922,142.452575683594,92.3726784842355,32.3250086174284,38.968889746705,96.6347714299741,72.116316027974,129.141441345215,0,77.7357102853281,83.4027077456034,133.659454345703,130.838497161865,105.552394964756,50.2413044829867,126.602874755859,0,176.341313680013,145.579038892474,145.447301864624,0,166.535499572754,0,0,0,153.542011260986,0,93.6091958547603,139.571015167236,164.244430541992,0,0,107.176746805509,71.3991504591338,98.5576687062207,108.288432034579,0,144.262488047282,111.646727008584,111.03602100554,153.068934631348,111.893374567447,0,0,98.3613052368164,136.060667514801
98.5697102660815,55.5148134543396,47.8513745893422,60.0579228756667,137.84404700143,154.688811191293,141.422395723056,119.01859263839,127.884908046691,116.40590895268,145.312295801499,49.1987094012174,189.051651000977,92.031671778361,116.9609598009,139.071382795061,100.107924238544,11.570243167937,49.0036421131315,27.5968332763548,167.233708190918,79.0235627694426,80.0100441555532,29.0384889698758,119.955869270094,52.8850250890699,40.559192968303,68.6277397670129,111.226149982249,101.003134202882,82.5973047722923,82.2891586658566,156.394097548265,92.9987567829636,36.4415018169085,169.325546264648,95.1316322913537,113.602195451844,85.5445378325706,0,0,223.231129964193,184.701788330078,194.054890950521,0,224.39631652832,138.89200592041,168.885757446289,155.547983169556,199.851253509521,0,147.430722236633,114.115854803121,148.447360568576,119.081594324824,0,164.413921356201,139.289826529367,136.053171751929,178.899675157335,142.517194112142,107.735717201233,109.039220517124,184.20297568185,186.607080078125,161.779467496005,140.875283377511,0,0,133.39944562045
124.572980013761,74.9673245293753,94.5544277191162,77.8667508905584,155.366638183594,100.698216756185,129.853121439616,162.226573944092,140.196172475815,140.14288965861,174.773213704427,22.0400109664476,156.573455810547,54.2611079886746,135.484902763367,0,127.875306129456,49.0036421131315,8.20230632682678,13.6703498177196,196.46696472168,112.721165391265,115.178836277553,90.8350567216633,169.816151012074,55.0659789770422,18.4069343053317,66.9043522844411,144.759475014426,108.306980439595,115.197736249651,53.0535330138264,94.1507892608643,108.329056580861,55.2214639948767,0,156.760116577148,197.200241088867,99.1401195526123,0,0,0,0,165.118408203125,226.579803466797,0,101.829389873304,0,97.2952903298771,179.761703491211,0,167.075927734375,172.517028808594,112.916430929433,112.403463475844,0,170.067810058594,161.964668273926,168.815170288086,0,114.342789713542,107.501402282715,111.529186156637,0,0,0,107.939101696014,0,0,139.806007385254
122.458862478083,61.7948744385331,83.0891587999132,62.286476865496,179.770584106445,121.803020477295,164.565719604492,138.6689150674,146.935410406356,131.676973070417,182.139797973633,24.2698293396633,0,70.1177635745726,134.118026314712,0,113.920465616079,27.5968332763548,13.6703498177196,8.86317171109053,0,100.725827077801,103.127407073975,68.0250459900984,145.532425403595,50.5087230190154,29.9695621293957,67.7241144032853,134.647510210673,107.469026228037,99.7360117182385,59.4407018261191,107.839504241943,97.9481183633037,40.603187552904,0,117.349433898926,138.314673614502,84.520059967041,0,0,0,214.646926879883,162.428070068359,0,0,132.146654764811,0,108.281175401476,155.784255981445,0,151.578460693359,135.462202889579,110.762497202555,114.501162993602,0,0,0,158.298370361328,189.850503540039,99.5312750074599,108.64041655091,114.588671931514,210.565404256185,0,0,101.401536560059,150.822494506836,0,149.329902648926
94.0302325162021,93.6645787556966,137.534613037109,75.6179587730995,17.5061972053522,114.750397550143,40.1503576184779,29.4324054583426,82.8625323434713,17.4894431875213,20.842032542611,157.860967195951,15.1735479333775,149.22664642334,93.2650903138601,45.3710563378933,0,167.233708190918,196.46696472168,0,11.3986086312039,148.918787638346,77.8715608119965,162.031970553928,17.0459359301556,0,167.079614119096,163.801454544067,31.10603866765,90.7071443658126,121.843330383301,155.364227294922,124.641901440091,84.3126524321887,86.2943730866425,161.293144226074,0,187.089538574219,61.5065374561385,101.173448483662,215.856262207031,136.157836093903,135.027809716705,151.47393951416,83.7372808809634,137.343012043599,0,39.8708128437908,0,164.232536315918,114.394000244141,0,0,247.387100219727,0,59.5137043714523,0,146.885395050049,225.356948852539,114.006583815771,0,0,193.258122762044,135.787412023252,175.651922786937,149.079513549805,0,189.330894470215,0,152.661794662476
75.617289231161,93.2149784781716,70.4512777039499,54.7840255600795,108.764607943021,142.608871459961,120.771753311157,68.6791171626425,107.195744774558,83.9087243011032,113.228971180163,98.9683943464045,205.711303710938,137.375779724121,92.3470357545665,117.32279586792,29.3295132852647,79.0235627694426,112.721165391265,100.725827077801,148.918787638346,12.3213232135771,47.7739801267638,29.4917962125545,70.1391797010449,131.224821908133,110.257692265866,75.0550196842453,32.1240936360002,61.2718544096052,27.3979903931466,124.408813476562,132.144098917643,52.3068865051717,44.7943251331092,129.679436423562,171.587966918945,130.122079288258,82.9381479535784,132.828338623047,184.990341186523,154.19441986084,129.800642665428,141.384482673977,128.664199829102,153.404624352088,199.567438761393,218.359634399414,171.096282958984,148.527016689903,228.401947021484,105.61806936553,155.770400307395,0,182.298553466797,0,111.679180994983,74.8394944190979,114.54164340045,104.885743961213,0,167.916223144531,138.75120806694,110.502152505499,134.539540761925,111.354342290169,0,168.080619812012,125.152828216553,123.269155815466
71.8910090128581,28.0576840976335,50.7846961928292,21.463002319002,56.5096619856985,117.547710895538,93.1832239132116,66.8016154317573,94.3194990625921,22.9149896527722,87.4611293144946,92.974413337437,78.0432353664089,86.0489537569372,87.9760536131312,71.7525948115757,30.308802205784,80.0100441555532,115.178836277553,103.127407073975,77.8715608119965,47.7739801267638,9.20182756306598,51.9256345546313,30.2077325256476,72.9404884845535,83.4113088352665,41.6160123367046,49.1502142987753,70.124865881712,51.4013269275347,100.028124579068,120.469764709473,57.7838705397144,70.6573174099722,98.2504764133029,109.014614105225,80.7124633095481,65.1129231086144,146.423469543457,189.768768310547,151.667274475098,112.14314956665,129.145532226562,65.9905535380046,144.119270324707,160.30842590332,137.336248397827,132.21394109726,126.991850046011,121.287040710449,55.0062226955127,102.028974781866,0,134.487824576242,177.095596313477,65.9909803499051,25.9286727879074,62.8987938025902,78.7813978120098,110.999382019043,119.116375732422,76.8373080193996,84.4338726997375,118.694200852338,77.7576815781084,149.145965576172,0,84.6725082397461,86.8442222193668
83.2945922228835,66.5149741131326,37.0609224571808,51.0483485946551,118.222261428833,146.733445863466,123.688134067742,80.6924184050405,113.089630603497,96.0651069335938,116.550765991211,75.5697024645918,179.652822875977,117.374311042554,101.524170767756,120.315446217855,25.2527969960751,29.0384889698758,90.8350567216633,68.0250459900984,162.031970553928,29.4917962125545,51.9256345546313,19.1130420419424,72.2830109100408,98.830212184361,71.4575026983794,47.8250500668489,54.7957272509927,90.1931464588299,56.9746140214225,118.636768565458,152.948471069336,74.4281251417762,45.1610087579714,171.569141387939,115.567964172363,101.01773124071,67.3035108213071,228.34977722168,197.668434143066,189.430749893188,155.112641175588,171.677067197602,183.372589111328,177.19006729126,188.540000915527,172.873199462891,171.56337483724,173.515395133726,191.593544006348,101.137538475019,129.453710195181,186.332920074463,160.280193529631,173.16845703125,113.839066547762,86.1175083863108,106.358149419805,132.555702259338,186.512405395508,136.311513614655,103.70723657463,141.215475199609,171.590150241194,126.439022411,0,237.887969970703,156.761123657227,129.790156869327
75.1276051402092,76.2437817849309,92.1024510261944,38.779803900847,20.9134903543506,122.719741821289,80.6747600108654,56.9406095290516,79.2167955327492,17.6426392104959,63.7161725109474,141.731062441456,28.2189586141835,123.637935673749,82.5168388482883,44.2024500576747,25.5113280526922,119.955869270094,169.816151012074,145.532425403595,17.0459359301556,70.1391797010449,30.2077325256476,72.2830109100408,11.1102851525575,109.88965972589,113.433145564716,84.4436644148593,29.3555586525025,77.1071880667691,65.0535663777057,140.501121058609,125.667016116056,68.6788283771855,84.2326138378823,121.573391473115,154.985613505046,142.862392557078,57.9311659963507,101.460184399444,170.137845720564,119.884024785913,109.047351677203,128.886668636374,58.4417150160846,120.874484985594,174.576647949219,106.708166232476,173.695401000977,135.659941494465,128.102527999878,101.921390401906,189.68573651995,209.784469604492,186.456489562988,106.86738516452,114.645069599152,90.1211349964142,121.796298589462,91.3945916310284,147.445617675781,173.301234195107,144.951711866591,105.75378203232,131.26872913654,111.926799642629,191.350646972656,169.365547180176,118.129567464193,128.044781740974
228.824295043945,22.8999831095223,114.920355660575,23.6157945412533,0,0,138.651565551758,161.70580291748,164.461334228516,96.706879473108,0,36.8151328797974,143.326126098633,23.3008484379523,133.785209655762,133.475267028809,142.452575683594,52.8850250890699,55.0659789770422,50.5087230190154,0,131.224821908133,72.9404884845535,98.830212184361,109.88965972589,8.27946890455347,41.3110985600797,25.3122499528489,129.750765286959,133.505499267578,132.250175476074,46.0113046424333,0,121.019805908203,65.779280594417,0,99.8423852920532,0,26.1168241500854,193.013417561849,0,0,0,0,122.344654083252,0,66.3916652679443,0,60.4484141977822,0,0,102.467041015625,101.144538879395,72.530481338501,103.494143894741,0,0,122.145059585571,157.552642822266,131.889205932617,35.9398834793656,96.4664061546326,87.1963371385074,0,0,177.527954101562,72.1140856535538,0,0,200.112197875977
113.27164105478,43.8558646897909,30.1001168007931,45.5879125647206,135.264723254788,147.480921099263,150.386229364923,126.423762631514,137.767810776462,110.999713078843,146.569501272062,29.7495506066902,180.078626251221,25.2820719622533,128.781352780316,150.084846496582,92.3726784842355,40.559192968303,18.4069343053317,29.9695621293957,167.079614119096,110.257692265866,83.4113088352665,71.4575026983794,113.433145564716,41.3110985600797,14.904451259356,29.7159114646085,118.175273177647,115.333595260116,106.264307612465,24.5369931060151,142.752131568061,112.123533179961,60.9784287342272,189.199884033203,101.269246512965,95.902035333777,90.5575276452142,173.947616577148,0,215.443412780762,189.285276867094,191.155792236328,194.275813176082,208.484608968099,101.94406878759,0,92.7265060834648,185.265721196714,204.181732177734,145.06192943028,103.817592146974,105.722627484756,104.782792971872,0,151.031114578247,126.60998916626,127.475174698175,179.374144236247,103.217761800747,94.1381545625763,98.8085305783216,182.11795098441,175.975982666016,159.90668155836,99.2266286805619,187.74343363444,181.418960571289,122.321151955614
125.17454120091,27.5822121380652,33.166827345835,41.5848576540485,123.098594290311,168.92590637207,148.372146246001,117.271874864366,142.955651443616,102.695134163737,142.857446764336,65.7206789853545,160.08942086356,30.8778497764112,133.462158043847,135.191272936369,32.3250086174284,68.6277397670129,66.9043522844411,67.7241144032853,163.801454544067,75.0550196842453,41.6160123367046,47.8250500668489,84.4436644148593,25.3122499528489,29.7159114646085,15.0656372870996,74.8704357579741,128.486844953026,110.698200165439,33.3815612424998,179.618816375732,111.001410202241,71.1920555342069,176.005092420076,104.040601173543,91.5252823713349,86.1317750737908,189.930320739746,200.526473999023,188.64035896633,155.548113747929,176.635248745189,182.69607035319,186.22916730245,108.117733606478,191.501050313314,101.11496383625,172.46259632817,185.591995239258,103.502236257281,109.472811654898,112.553912515351,112.543135277311,184.737209320068,133.653343952877,94.1209698994954,104.737266987103,143.517422993978,95.3838780032601,101.265734477596,96.7551182050917,155.767378595949,171.314911386241,145.784609264798,106.571386151197,164.85817972819,192.790420532227,122.493119356925
56.0294548727964,98.0923661953065,85.6760001281485,50.9857975763674,21.5760810106713,123.578911694613,65.2177768650621,30.8903149837043,72.3460006377276,47.0243450022758,26.0421687879845,135.616129222669,52.1633468509949,150.846430046614,78.4830102809084,75.8269559315273,38.968889746705,111.226149982249,144.759475014426,134.647510210673,31.10603866765,32.1240936360002,49.1502142987753,54.7957272509927,29.3555586525025,129.750765286959,118.175273177647,74.8704357579741,14.9690307913747,75.7087188581444,30.6060644802821,148.730664766752,127.287039364085,65.1940601865887,71.9715336773598,125.948428713042,166.389401753743,146.819359227231,68.0321164574128,112.684727089078,187.145250956217,130.088514611356,117.100903111058,137.384059612568,87.9761892318726,139.47565915812,182.929117838542,120.815795579067,241.555923461914,144.766325663371,138.800317287445,112.432344141141,172.764128684998,199.824478149414,188.181739807129,127.883729900754,120.361613372277,96.1368842124939,136.519945797167,100.649064276218,176.889175415039,186.018833705357,153.634948189803,116.091055125079,140.575659406358,117.923383995932,0,181.48210144043,131.445442199707,134.323164757262
18.9309612241108,116.581623196602,116.807897599479,69.4500509112951,82.6089555422465,24.5273793048491,48.0509717024042,59.5263569067405,29.4407842710416,64.2025678861709,89.9995096083399,73.3088846662346,92.9233584594727,100.049271470409,18.0759045224634,68.5970465540886,96.6347714299741,101.003134202882,108.306980439595,107.469026228037,90.7071443658126,61.2718544096052,70.124865881712,90.1931464588299,77.1071880667691,133.505499267578,115.333595260116,128.486844953026,75.7087188581444,10.230577138014,26.0380419515789,128.345341205597,10.9294271105207,13.5576768748992,44.5608851081645,144.906646456037,124.25715637207,155.636049772564,99.5425478064496,162.948012669881,173.033172607422,158.738344773002,140.846669170486,156.394967671987,113.72421169281,180.945629628499,218.782048543294,127.176157458075,212.503265380859,158.956881832767,150.913014729818,139.173379080636,169.574468612671,167.075042724609,168.040227254232,168.909451411321,128.592983722687,116.707296483657,169.962352571033,121.1506682305,0,179.980124579536,177.179299441251,133.272710282673,155.227073332843,129.200862382588,0,194.726333618164,147.425619942801,147.089886384852
31.6884595751648,102.012358757757,87.0028561137971,54.2597952229885,85.5096694946289,104.184817886353,105.299938705732,16.0713843561936,80.807271545357,53.1325815635756,109.831243787493,108.250733276367,137.259006500244,143.081593075314,61.0708134008081,112.196908569336,72.116316027974,82.5973047722923,115.197736249651,99.7360117182385,121.843330383301,27.3979903931466,51.4013269275347,56.9746140214225,65.0535663777057,132.250175476074,106.264307612465,110.698200165439,30.6060644802821,26.0380419515789,11.58402913564,139.808497837612,153.420621236165,39.2506989078356,36.1746765602807,120.845941605106,148.84098815918,138.081475734711,80.8909393310547,122.440315246582,179.769348144531,151.062532552083,124.626981244768,142.846050673265,124.768886566162,145.627829233805,178.209144592285,164.174952189128,198.047966003418,146.412218440663,150.315475463867,111.249550501506,163.251295089722,204.267700195312,183.09455871582,143.173690795898,113.889678420535,84.4183329264323,129.426344414719,104.007780510331,177.705627441406,170.80637512207,151.498981070011,110.964164820584,135.260278909513,112.595503399481,0,155.82453918457,121.145206582957,127.143705323685
164.91867574056,58.8307110468547,86.1830445183648,69.3097961268474,0,99.6610565185547,149.821904500326,154.861768934462,144.983177185059,126.322979174162,0,31.5997279478918,0,12.7177426854984,148.410479458896,0,129.141441345215,82.2891586658566,53.0535330138264,59.4407018261191,155.364227294922,124.408813476562,100.028124579068,118.636768565458,140.501121058609,46.0113046424333,24.5369931060151,33.3815612424998,148.730664766752,128.345341205597,139.808497837612,11.3076198460806,89.7316538492839,150.230621337891,71.1538841905265,0,133.99582862854,123.668426513672,82.9689694918119,0,0,0,0,0,182.834760393415,0,97.8355749071259,0,89.4722138803901,197.782104492188,242.000045776367,0,153.675866699219,105.265901093436,119.031111977317,0,0,157.172576904297,0,200.870178222656,88.3488402170678,104.216021992149,107.663481866746,225.493721008301,228.110122680664,191.12060546875,98.4420298258463,170.836135864258,0,132.218493143717
75.8155671982538,0,155.06662680886,115.082808685303,136.90283203125,10.2398690880697,20.1101026159251,111.330142466227,15.7112546787339,121.820801326207,119.858443224872,63.6623197876581,118.279231601291,82.0700348748101,15.4771490449858,34.8146123235876,0,156.394097548265,94.1507892608643,107.839504241943,124.641901440091,132.144098917643,120.469764709473,152.948471069336,125.667016116056,0,142.752131568061,179.618816375732,127.287039364085,10.9294271105207,153.420621236165,89.7316538492839,5.48308649568113,125.153903961182,37.040789965287,0,0,0,152.599596659342,0,0,0,186.507780075073,200.936141967773,154.418060302734,194.476608276367,0,0,0,206.164413452148,0,0,0,0,0,0,0,168.910972595215,0,161.864159478082,0,0,0,180.151028442383,206.91748046875,177.250801086426,0,0,0,0
42.3601329149519,108.149325900608,103.407067276711,60.7054786832907,73.0887066402237,0,93.7800237254093,66.1198790387103,86.9082622451476,59.460356932126,86.2145778137961,93.4352274987005,95.2451333266038,148.36338297526,41.9037263093171,80.7009031122381,77.7357102853281,92.9987567829636,108.329056580861,97.9481183633037,84.3126524321887,52.3068865051717,57.7838705397144,74.4281251417762,68.6788283771855,121.019805908203,112.123533179961,111.001410202241,65.1940601865887,13.5576768748992,39.2506989078356,150.230621337891,125.153903961182,7.80195171240207,36.8267950824169,140.464518737793,137.283752441406,175.044812520345,79.5519730250041,159.010856628418,198.134834289551,150.225089663551,130.457979390909,147.709016561508,88.3355433146159,154.403880848604,209.806467692057,142.512208938599,0,155.634593963623,0,99.5756552559989,179.294845581055,0,196.347358703613,142.365633646647,112.479832839966,107.447275161743,136.980471684383,111.792659279152,0,156.971235487196,164.922642178006,123.653053592991,156.79055391509,121.576986585345,0,0,138.396672566732,133.488155788845
67.6861331668901,60.2959809203754,66.0217383742333,67.9216730776389,82.4354473849583,35.6400498284234,77.0035390476189,73.9157033572763,67.7143547503088,78.9271877267388,86.369395998241,28.1569458478976,90.4764892578125,58.7978052900373,51.62692809184,92.3470642566681,83.4027077456034,36.4415018169085,55.2214639948767,40.603187552904,86.2943730866425,44.7943251331092,70.6573174099722,45.1610087579714,84.2326138378823,65.779280594417,60.9784287342272,71.1920555342069,71.9715336773598,44.5608851081645,36.1746765602807,71.1538841905265,37.040789965287,36.8267950824169,12.0877323985663,148.240192231678,103.446852547782,116.701553056825,103.741165796916,177.656648254395,0,171.855439619585,142.924060736762,170.714693341936,111.032288869222,172.373836135864,121.191027323405,121.846751819957,144.790093013218,167.259860738118,0,125.797223227365,128.196726412387,126.944167582194,123.543263139396,164.58814239502,136.34524094431,124.841640896267,128.21275627882,125.049037269253,102.424957275391,120.663651882074,117.132906662415,139.046107793871,164.113712734646,147.074887657166,144.166915893555,0,163.869453430176,137.147398206923
129.231060028076,0,155.671850585938,76.8727430616106,121.932634989421,179.298942565918,143.548650105794,125.33794333718,157.24369430542,79.1023597717285,150.801036834717,0,150.481076558431,195.368858337402,158.168131660013,0,133.659454345703,169.325546264648,0,0,161.293144226074,129.679436423562,98.2504764133029,171.569141387939,121.573391473115,0,189.199884033203,176.005092420076,125.948428713042,144.906646456037,120.845941605106,0,0,140.464518737793,148.240192231678,11.8794289318956,114.66693006243,119.092255570168,65.957051615686,94.6094261169434,86.8767554543235,95.7524280548096,41.8847691007627,66.157539187665,75.1704429031967,84.5855185439467,124.327409138399,106.957454387958,133.966442108154,24.6096399862882,170.205097198486,99.9246081648202,111.850070760708,136.351608788789,122.161928882657,97.9798947038322,82.8949814743883,78.5034997803824,100.812592311572,77.8808174189731,146.888444519043,123.527093939825,128.545886788317,83.2933663451482,29.8017332398611,24.1304169409102,148.292989095052,79.7564984639486,37.7285729774407,70.0714540637269
0,97.3834762573242,99.0281703472137,53.243842124939,0,0,0,0,151.404594421387,126.504852294922,0,167.81559753418,0,117.032028198242,0,0,130.838497161865,95.1316322913537,156.760116577148,117.349433898926,0,171.587966918945,109.014614105225,115.567964172363,154.985613505046,99.8423852920532,101.269246512965,104.040601173543,166.389401753743,124.25715637207,148.84098815918,133.99582862854,0,137.283752441406,103.446852547782,114.66693006243,8.22024908921043,44.8418301829585,32.9191123107474,125.042134966169,111.531509399414,143.754039764404,131.319246673584,145.847851435343,72.0308897688582,115.410617828369,81.692920758174,164.392562866211,54.9497046066543,125.120537252987,120.264717610677,76.1841838764694,53.2250633239746,78.8612521859102,68.9830713122303,158.396832057408,96.8811666315252,19.7720436918309,65.4770709057243,82.9135802252251,20.8560212596015,47.7077228723666,36.1064826852375,120.857338689989,125.474370089444,102.41066399936,70.4742405149672,126.727241516113,152.545761108398,65.1784848299893
