8.52370991834147,112.162930806478,79.2619718857753,59.5152567200742,69.3249404543922,85.2706227620443,37.4684869267645,28.8571881917705,21.7633153226822,59.7379951297957,28.7383415361057,133.098281860352,38.3592142438042,0,12.7203796497701,36.9812329496656,0,100.172749143658,159.666732788086,115.263336181641,66.7041326204936,73.9816486424413,64.8098037594655,72.1821464289932,52.1247284373299,0,109.674520725157,104.968965318468,32.7805697391634,11.6722418707636,32.1606409918643,0,86.1373227800642,29.3979831553763,73.8033955564204,0,0,160.366134643555,58.0503311157227,130.119079589844,0,0,0,0,0,0,0,162.867263793945,0,0,0,0,0,0,0,0,0,0,0,93.0558191935221,0,166.694051106771,172.822151184082,205.745956420898,0,0,0,0,0,0
112.162930806478,7.88635895520754,35.3636587923413,14.1493405155978,0,0,0,97.1266021728516,0,72.3855870221112,0,74.2427366318241,0,47.0875180331805,128.201278686523,0,75.1624391401136,55.8760830946029,72.6517874304928,66.80626472207,0,85.1848386617807,27.8902896165848,67.4481392634734,111.879553303574,18.0557786607169,44.8925912624677,34.3298205005233,94.0348194152351,92.882080078125,89.9242572021484,69.3043078820682,0,105.562807718913,70.4649806918954,0,112.904949188232,49.7795372009277,82.1742897033691,0,0,0,0,0,0,0,142.809903462728,0,99.4143918355306,0,0,0,100.22848256429,123.804678916931,107.507342529297,0,0,95.6047525405884,134.589862823486,0,97.3197708129883,98.9152203486516,100.351366513017,0,0,140.757472991943,135.088714599609,0,0,0
79.2619718857753,35.3636587923413,9.78186157690201,38.9829636850331,0,0,107.013047354562,80.7547869611142,99.4083374023437,95.3216400146484,96.7075881958008,79.3629872502507,108.768989562988,83.9819466330788,96.5494314829509,0,80.6824710680091,39.4995675163366,84.6403267100706,71.8224930413441,0,43.9114573970961,38.8270149594892,18.4847449662649,116.765045166016,98.4597956339518,22.8248804887513,17.8242438157937,56.0586631408259,77.2495385281866,55.1803930154101,89.6647089789896,0,88.8546282450358,50.3853116137585,152.437101091657,100.165181477865,84.2290246586005,57.9927443095616,0,0,0,155.511704444885,171.531799316406,99.3339996337891,0,168.245712280273,0,157.666816711426,167.531274968928,0,127.572650909424,99.7017412328008,167.110936482747,132.126494750977,0,110.660443115234,52.2884040003859,94.0450456836556,136.521492004395,162.071212768555,99.8617844372261,95.4236862364664,133.713662520699,129.598846435547,129.300458965879,139.840042114258,0,181.007080078125,111.329214307997
59.5152567200742,14.1493405155978,38.9829636850331,47.0983938157558,62.9062141799927,108.298383076986,98.2898040044875,45.7917639927529,88.2453419720685,22.672612224595,67.0924491337367,80.7921634308279,50.2125769805908,44.2227506795205,89.1191520690918,47.1152059237162,72.9427993576248,69.4054608172681,75.2684221149963,70.6055237611135,83.6265473616751,42.8274194031186,24.9490483387097,50.0644643662916,49.2926188985181,20.2281465605818,49.6610808243085,41.8789586917557,40.202603136507,55.5562475474607,47.1839880877181,69.0294910904265,127.56812286377,57.2114739320716,58.9664048114455,120.741737365723,66.0517654418945,66.9221254076276,22.7412188729243,80.7559212275914,0,101.494430541992,115.57666015625,131.616241455078,36.6372022098965,106.235425949097,72.546802520752,72.5747909545898,58.9997033375066,0,50.1587511698405,0,79.9084516826429,88.6694766998291,82.4978269958496,0,64.0177879333496,48.6680914008099,84.7755684625535,57.0427998514736,54.4761418388003,76.3963235094656,76.1717544112095,91.0978001185826,102.834487915039,110.163479396275,77.9341560363769,0,0,90.6269817352295
69.3249404543922,0,0,62.9062141799927,8.37819117760722,0,35.9838730633914,38.4883153238369,51.6764978895,29.846228624912,20.4311566658152,0,22.65536402634,0,87.4365224838257,58.9308820452009,0,0,0,0,10.6669056807791,0,60.4118294186062,0,18.6403231407114,0,0,0,15.554741794446,79.6610081707203,74.2627792358398,0,0,80.0463462750392,85.8472328186035,0,0,0,69.2937367757161,6.85318721403609,0,57.1848182678223,0,0,102.852383931478,157.426284790039,0,11.8745471046084,0,0,0,0,0,0,0,12.6473459925833,0,0,0,53.4553306632572,0,0,0,12.7262069066366,0,0,0,0,0,0
85.2706227620443,0,0,108.298383076986,0,6.96598185679041,9.75190335469858,0,14.3329565435916,109.439350128174,110.297204017639,61.3551152547201,126.761248270671,0,44.4173491795858,14.5729866791241,0,0,0,0,127.67798614502,0,0,0,97.588623046875,0,0,0,108.740608215332,29.6522984186808,0,0,10.4345480407421,60.2182182312012,32.6656807123446,0,0,0,0,0,0,0,0,0,135.24348449707,0,0,0,0,0,0,0,0,0,0,0,0,0,0,0,0,0,0,0,0,0,0,0,0,0
37.4684869267645,0,107.013047354562,98.2898040044875,35.9838730633914,9.75190335469858,7.62767164495544,62.4564863443375,16.3854681069624,77.0941949420505,18.0268383490578,52.0013666152954,12.2813930112684,86.9536285400391,26.1187988827721,10.793183981194,0,0,0,0,25.4204152397726,93.3443603515625,95.3734308878581,100.872182846069,37.7800385118405,0,134.698089599609,0,51.7783538362254,27.2296543588802,79.9316303253174,0,16.7234225450685,61.4637837867214,28.7281195765134,0,0,0,0,56.6992732456752,0,0,0,0,0,0,0,41.4607384999593,0,0,0,0,0,0,0,41.3153071403503,0,0,0,0,0,0,0,0,0,0,0,0,0,0
28.8571881917705,97.1266021728516,80.7547869611142,45.7917639927529,38.4883153238369,0,62.4564863443375,8.16124866604282,30.524971047034,44.3633823673985,11.0584419880422,166.861389160156,40.5006320728975,138.98014831543,8.54706674809239,72.667060470581,80.661557091607,110.168592071533,176.690948486328,136.14619140625,47.2384182550375,70.5111921098497,56.1824893690135,70.2574014054968,34.0381076775378,0,109.376887063419,102.269943442121,15.3054808577194,27.9869225609677,18.2937383147886,0,110.838436126709,51.544408520003,46.6109189485249,127.797073364258,0,145.404663085938,66.0043824358684,129.528173446655,0,0,156.931262969971,0,77.1166528618854,133.087776184082,0,154.80924987793,0,118.774406433105,92.6587753295898,0,195.820327758789,0,0,0,0,0,156.906364440918,94.8424633510864,0,0,0,117.851944877988,0,220.511688232422,0,0,158.664428710938,0
21.7633153226822,0,99.4083374023437,88.2453419720685,51.6764978895,14.3329565435916,16.3854681069624,30.524971047034,10.8836860231325,66.3608113486191,18.5353278655924,57.3692779541016,21.1715909171095,0,15.2913300190187,30.4327028277877,0,118.065414428711,0,0,33.1670541026562,136.298427581787,74.3673095703125,102.95246887207,25.0554190743016,0,129.625634765625,121.700340270996,61.5619865866268,28.2785351168594,68.6083012898763,0,16.3612649101267,47.5026978914518,43.4285401885722,0,0,0,56.2096405029297,70.3008804321289,0,0,0,0,92.2523040771484,0,0,80.4911575317383,0,0,0,0,0,0,0,0,0,0,0,167.865371704102,0,0,175.141250610352,0,0,0,0,0,0,0
59.7379951297957,72.3855870221112,95.3216400146484,22.672612224595,29.846228624912,109.439350128174,77.0941949420505,44.3633823673985,66.3608113486191,8.04007392669727,53.8767166568735,119.969856262207,7.4514130780895,111.35634965163,85.500637661327,20.6864863392673,59.0873385953232,136.502850850423,0,136.554441833496,63.8380177300256,77.8479960211392,22.6359960788336,93.5230171566918,24.5580467356713,95.3242080688477,124.845978956956,99.7460619489723,40.1156622533833,54.1162272832465,50.7285854171475,136.637588500977,122.308242797852,60.3755218171582,53.6812418533375,126.404174804688,0,0,37.4984909363513,75.2428432646252,0,119.378200531006,108.147054036458,105.284996032715,52.9825795094172,110.405552334256,0,75.2690068758451,136.802612304688,0,60.7349548339844,0,0,0,0,107.236503601074,172.123809814453,87.5603103637695,111.3429590861,68.2450120162964,0,0,101.858573913574,94.1933933604847,0,0,0,0,94.2994537353516,130.856887817383
28.7383415361057,0,96.7075881958008,67.0924491337367,20.4311566658152,110.297204017639,18.0268383490578,11.0584419880422,18.5353278655924,53.8767166568735,7.94861700636828,0,21.2806533139765,0,22.2600980828682,62.6844810909695,78.200185139974,0,0,0,20.796526259577,114.514144897461,79.1279876708984,137.863948822021,33.6229006744958,0,0,0,12.4442060250184,62.2231566801484,57.6687096913656,0,118.100882212321,66.6572637490764,82.1153651017409,0,0,0,82.5339380900065,42.7938821883429,0,66.2013702392578,0,0,96.9498857770647,152.566619873047,0,37.1769771575928,0,0,0,0,0,0,0,40.77410252889,0,0,0,118.022215779622,0,0,0,147.532455444336,0,0,0,0,0,0
133.098281860352,74.2427366318241,79.3629872502507,80.7921634308279,0,61.3551152547201,52.0013666152954,166.861389160156,57.3692779541016,119.969856262207,0,11.8951063025982,0,23.7783762075716,70.8630142211914,0,155.846615600586,51.8619418199765,22.9024490209698,28.1029418842359,0,89.0513724350348,103.533628540039,85.4279100942206,137.338584899902,30.2181308882155,26.4455638137006,68.3125535366089,128.880763660778,43.4215486857517,106.768608411153,28.8958268201208,60.0375616550446,0,31.2685161789531,0,128.242479960124,122.739028930664,71.6908706665039,0,0,0,0,0,0,0,100.542991638184,0,85.5119910356475,0,0,0,144.346696853638,122.069997514997,120.519138336182,0,0,112.464183807373,168.175510406494,0,67.1267700195312,114.93209946057,118.01900145065,0,0,164.255401611328,105.599721908569,0,0,142.818617248535
38.3592142438042,0,108.768989562988,50.2125769805908,22.65536402634,126.761248270671,12.2813930112684,40.5006320728975,21.1715909171095,7.4514130780895,21.2806533139765,0,7.56080187011164,0,48.5659372144718,9.47717773144658,64.4267044067383,0,0,0,13.9721571082258,0,48.0788143157959,73.8037643432617,19.5713879239136,0,0,0,38.7868765301923,74.4979812257186,80.9347381591797,0,114.784385681152,80.3963765267296,82.1730353037516,142.89973449707,0,0,40.4427769978841,25.6829012067694,0,30.1483516693115,91.6502532958984,0,79.8801984786987,37.5366516113281,0,10.3762844159053,0,0,0,0,0,0,0,12.102666823303,0,0,0,86.6105091094971,0,0,0,128.89945602417,135.601959228516,0,0,0,0,0
0,47.0875180331805,83.9819466330788,44.2227506795205,0,0,86.9536285400391,138.98014831543,0,111.35634965163,0,23.7783762075716,0,7.55823496724318,0,0,132.843536376953,83.3201327323914,49.0472480456034,73.11401655363,0,126.487102508545,89.273043278696,111.307473032098,151.609220232282,14.407137872759,50.7072724441448,27.3645509287162,145.657887385442,73.3065799077352,143.054927825928,10.8606289073633,96.8435459136963,0,61.8223081255347,0,92.1617687770298,0,48.6892464359601,0,0,0,0,0,0,0,86.1862475411934,0,73.4945855130066,0,0,0,169.628265380859,105.890042859454,130.757367751178,0,0,121.033165825738,183.07785542806,0,59.7379085635612,98.1660069420224,100.796046221898,0,0,0,91.315342459709,0,0,137.002248764038
12.7203796497701,128.201278686523,96.5494314829509,89.1191520690918,87.4365224838257,44.4173491795858,26.1187988827721,8.54706674809239,15.2913300190187,85.500637661327,22.2600980828682,70.8630142211914,48.5659372144718,0,6.82581883501319,28.1844388536248,0,0,0,0,77.8398226713523,94.4761924743652,113.459587097168,98.6323318481445,67.6351381710598,0,143.084609985352,126.432800292969,81.0735915415996,19.3293707170759,64.3054274749756,0,16.7511129744632,30.0061164607318,37.4234103439128,0,0,0,0,0,0,0,0,0,146.322280883789,0,0,0,0,0,0,0,0,0,0,0,0,0,157.808853149414,130.623931884766,0,0,0,0,0,0,0,0,0,0
36.9812329496656,0,0,47.1152059237162,58.9308820452009,14.5729866791241,10.793183981194,72.667060470581,30.4327028277877,20.6864863392673,62.6844810909695,0,9.47717773144658,0,28.1844388536248,8.15410720211366,0,0,0,0,53.818365626865,0,80.9487050374349,119.066230773926,35.5496021638434,0,0,0,71.9570370842429,29.4965227896294,73.704776763916,0,34.1585279855973,26.5965088751258,28.8793138797467,0,0,0,50.6800479888916,0,0,0,0,0,48.520092010498,0,0,0,0,0,0,0,0,0,0,0,0,0,0,81.078577041626,0,0,0,107.347129821777,0,111.973045349121,0,0,0,0
0,75.1624391401136,80.6824710680091,72.9427993576248,0,0,0,80.661557091607,0,59.0873385953232,78.200185139974,155.846615600586,64.4267044067383,132.843536376953,0,0,12.093987868976,100.129580668914,146.103225708008,127.493588096217,0,14.3377593555527,36.6882347323065,12.2848721416391,35.6995002188209,78.3106918334961,100.980679716383,30.5966338988351,32.2270718735079,54.4838455200195,50.3797877999239,135.686365400042,0,56.5846255909313,77.8476852893829,0,0,106.301681518555,66.7089462280273,0,0,0,0,0,103.442947387695,0,0,0,0,0,0,12.538326551626,0,0,0,0,0,57.7543598896748,97.4996054513114,127.679428100586,0,164.298126220703,118.558159351349,147.734420776367,0,113.458312988281,0,0,0,115.794281005859
100.172749143658,55.8760830946029,39.4995675163366,69.4054608172681,0,0,0,110.168592071533,118.065414428711,136.502850850423,0,51.8619418199765,0,83.3201327323914,0,0,100.129580668914,10.2416080929142,47.3921786467505,25.6882624914164,0,42.4756338147007,80.2117989499804,18.4402967660139,138.663542005751,90.3676300048828,33.8472028300965,59.8040862429568,100.218848783206,101.913578033447,64.2739817912529,85.7496863773891,0,77.6227310180664,40.7380939112729,0,129.137334187826,100.869128417969,75.9546197744516,0,0,0,191.302444458008,0,125.34447479248,0,146.102075849261,0,119.362838745117,0,0,155.309631347656,123.836648123605,125.22727915446,125.122685023717,0,135.750879923503,89.2946318349531,125.743142127991,0,126.773811340332,109.056877360624,116.743705980705,0,0,175.562850952148,0,0,0,137.967338562012
159.666732788086,72.6517874304928,84.6403267100706,75.2684221149963,0,0,0,176.690948486328,0,0,0,22.9024490209698,0,49.0472480456034,0,0,146.103225708008,47.3921786467505,8.02148376596958,14.709525479119,0,104.092658996582,117.53341003418,83.8207148960659,200.967971801758,41.052899424235,23.4768895766388,61.7679562867856,138.598520812988,78.3373508453369,116.519325680203,50.5611476191768,0,0,59.7496734545498,0,126.328651428223,0,88.2142415727888,0,0,0,0,0,0,0,107.266879611545,0,105.500629030425,0,0,185.697860717773,163.294564819336,109.223512749923,120.670886993408,0,153.529235839844,119.203253428141,166.913146972656,0,77.6286341349284,110.094371362166,116.068748012666,0,0,0,108.568238394601,0,0,189.029739379883
115.263336181641,66.80626472207,71.8224930413441,70.6055237611135,0,0,0,136.14619140625,0,136.554441833496,0,28.1029418842359,0,73.11401655363,0,0,127.493588096217,25.6882624914164,14.709525479119,9.78658186183609,0,82.5729586283366,107.430362569875,66.9180237748888,160.207941327776,50.3251992119683,27.3567625441663,63.9819889026038,130.366451399667,82.5414156232561,92.3687025251843,64.2435958434932,0,93.3535537719727,42.8915336746571,226.373474121094,124.77066192627,141.662947760688,95.9784706963433,0,0,0,210.091522216797,0,0,0,121.453986167908,0,115.728277079264,0,0,0,119.798955281576,111.163997650146,120.635494656033,0,123.160171508789,115.438437906901,151.841416358948,0,105.317285638106,113.105941096795,119.0515237233,0,194.710876464844,186.299203872681,112.375749860491,0,0,133.191274007161
66.7041326204936,0,0,83.6265473616751,10.6669056807791,127.67798614502,25.4204152397726,47.2384182550375,33.1670541026562,63.8380177300256,20.796526259577,0,13.9721571082258,0,77.8398226713523,53.818365626865,0,0,0,0,9.30070840905506,0,82.3219299316406,0,24.5340772213544,0,0,134.360488891602,30.6725247153679,79.1993994225989,0,230.968826293945,143.857570648193,79.343901628413,84.2384999593099,0,0,0,95.9292678833008,12.9374362556707,0,0,0,0,113.399108886719,40.3646729787191,0,8.33207994382738,0,0,0,0,0,0,0,8.79340356831648,0,0,0,129.327621459961,0,0,0,126.981582641602,0,0,0,0,0,0
73.9816486424413,85.1848386617807,43.9114573970961,42.8274194031186,0,0,93.3443603515625,70.5111921098497,136.298427581787,77.8479960211392,114.514144897461,89.0513724350348,0,126.487102508545,94.4761924743652,0,14.3377593555527,42.4756338147007,104.092658996582,82.5729586283366,0,7.90128458277501,33.6944065708679,14.8206644478903,35.2665514145698,136.359161376953,87.1950521213096,49.4581067135682,10.9196620531275,16.2474918903843,23.6903721278656,140.208638000488,0,25.5369328277212,40.0938491996343,0,0,111.332288106283,86.726985168457,0,0,0,0,191.673065185547,106.398887634277,0,0,0,0,0,0,51.7618040084839,150.199775695801,163.802238464355,227.252670288086,0,117.051602681478,67.3808568022972,111.058063584931,101.211944580078,83.4973068237305,145.389014180501,129.970791536219,103.164016723633,0,0,0,0,0,125.955154418945
64.8098037594655,27.8902896165848,38.8270149594892,24.9490483387097,60.4118294186062,0,95.3734308878581,56.1824893690135,74.3673095703125,22.6359960788336,79.1279876708984,103.533628540039,48.0788143157959,89.273043278696,113.459587097168,80.9487050374349,36.6882347323065,80.2117989499804,117.53341003418,107.430362569875,82.3219299316406,33.6944065708679,7.6985367805389,41.3046499091871,26.4577684048437,72.5547298872766,92.0462652476046,37.8621763301104,37.0012862161812,53.277243741854,46.5790589690481,109.425186986509,131.217010498047,50.2550148631251,60.2385050127329,145.999404907227,0,71.7786751641167,60.8373021697998,117.183521270752,0,0,142.48496500651,144.540184020996,70.7823333740234,120.63633219401,226.697082519531,70.205924987793,125.101900100708,0,0,56.9479794709579,85.0752232869466,163.169311523438,108.401377360026,0,73.2041702270508,40.0886839230855,87.5174704159007,83.0920517865349,0,109.785123271327,96.4219446182251,118.05607287089,126.465232849121,131.790260314941,0,0,0,113.078269958496
72.1821464289932,67.4481392634734,18.4847449662649,50.0644643662916,0,0,100.872182846069,70.2574014054968,102.95246887207,93.5230171566918,137.863948822021,85.4279100942206,73.8037643432617,111.307473032098,98.6323318481445,119.066230773926,12.2848721416391,18.4402967660139,83.8207148960659,66.9180237748888,0,14.8206644478903,41.3046499091871,11.4366268263427,51.9702251960491,89.9527072906494,69.5570585464343,36.5809072537793,23.3740161722473,64.5150377055455,46.9569559861698,128.122084576151,0,65.5784622583634,43.3563998626371,152.584182739258,77.3670482635498,91.6376474314722,81.347973094267,0,0,0,153.869260406494,0,97.5289611816406,0,176.407104492188,0,164.044059753418,0,0,12.5839722987214,126.207293192546,159.769132614136,153.818933105469,0,103.478224618094,55.1492386164332,95.8974739395746,95.8542404174805,135.890350341797,133.320756554604,101.834827768144,124.236402356947,193.467315673828,118.423482794511,0,0,0,116.654829354122
52.1247284373299,111.879553303574,116.765045166016,49.2926188985181,18.6403231407114,97.588623046875,37.7800385118405,34.0381076775378,25.0554190743016,24.5580467356713,33.6229006744958,137.338584899902,19.5713879239136,151.609220232282,67.6351381710598,35.5496021638434,35.6995002188209,138.663542005751,200.967971801758,160.207941327776,24.5340772213544,35.2665514145698,26.4577684048437,51.9702251960491,10.9433753400261,104.451416015625,140.790615193984,86.5423014458809,14.5445559529249,60.2186403055057,50.1945906582674,164.764434814453,120.283150809152,66.3664346384624,60.9486666805922,229.066741943359,0,164.795031738281,55.5714729062973,36.8006733689989,0,0,125.92081451416,0,72.638711825661,133.772537925027,0,79.3351758321126,0,0,98.0050582885742,0,168.224807739258,0,0,108.459807078044,0,108.316570281982,149.724937438965,59.2214786741993,0,181.125768661499,181.441705067952,120.307544050546,0,0,0,0,0,173.68879699707
0,18.0557786607169,98.4597956339518,20.2281465605818,0,0,0,0,0,95.3242080688477,0,30.2181308882155,0,14.407137872759,0,0,78.3106918334961,90.3676300048828,41.052899424235,50.3251992119683,0,136.359161376953,72.5547298872766,89.9527072906494,104.451416015625,7.0661796846359,43.6670518716176,23.8780196542145,105.565780639648,58.8518257141113,0,44.8184851098944,0,0,54.0942101759069,0,80.5378435770671,0,23.0001713365748,0,0,0,0,0,0,0,68.9148267248403,0,57.8003156724867,0,0,0,198.546737670898,83.1141549569589,85.8100705827985,0,0,112.587287902832,172.49609375,0,39.5980511862656,76.094963787448,84.3154806109707,0,0,0,75.1291016223384,0,0,141.566986083984
109.674520725157,44.8925912624677,22.8248804887513,49.6610808243085,0,0,134.698089599609,109.376887063419,129.625634765625,124.845978956956,0,26.4455638137006,0,50.7072724441448,143.084609985352,0,100.980679716383,33.8472028300965,23.4768895766388,27.3567625441663,0,87.1950521213096,92.0462652476046,69.5570585464343,140.790615193984,43.6670518716176,12.1366690734048,33.6003978602376,98.1262886195638,111.775517926897,92.0878798843276,30.0456884702937,80.1498184204102,114.51851348877,63.7171108757852,187.871739705404,114.637018367222,101.49466438899,73.6956352484031,0,0,0,193.843399047852,0,0,195.378128051758,114.664591818145,0,102.017629082523,183.091987609863,0,163.831848144531,104.676883844229,109.939478440718,105.528704522195,0,134.678291320801,92.5649359566825,132.896148245675,185.506462097168,80.7947959494084,96.7660953989627,102.840088116178,195.155596923828,0,151.645134819878,112.31117957935,0,210.69465637207,118.566304863824
104.968965318468,34.3298205005233,17.8242438157937,41.8789586917557,0,0,0,102.269943442121,121.700340270996,99.7460619489723,0,68.3125535366089,0,27.3645509287162,126.432800292969,0,30.5966338988351,59.8040862429568,61.7679562867856,63.9819889026038,134.360488891602,49.4581067135682,37.8621763301104,36.5809072537793,86.5423014458809,23.8780196542145,33.6003978602376,12.3644533711075,60.1150482405017,98.4833331108093,88.5908080596385,30.9263027579541,148.21985244751,89.8156080979567,63.6949570920122,156.882305145264,113.568358594721,90.9959107631229,65.2311270803378,0,0,178.784164428711,155.601192474365,167.27513885498,149.271656036377,0,109.912652726141,220.637008666992,92.9869869445652,163.846136910575,0,105.615386889531,111.087016379997,106.570251059932,109.195297787561,0,117.538669852323,50.9307772775372,94.8835087417578,154.261198997498,74.115403471571,99.70749868323,102.938048338419,127.272943384507,187.381126403809,141.036496062777,102.816187340444,0,0,112.346431626214
32.7805697391634,94.0348194152351,56.0586631408259,40.202603136507,15.554741794446,108.740608215332,51.7783538362254,15.3054808577194,61.5619865866268,40.1156622533833,12.4442060250184,128.880763660778,38.7868765301923,145.657887385442,81.0735915415996,71.9570370842429,32.2270718735079,100.218848783206,138.598520812988,130.366451399667,30.6725247153679,10.9196620531275,37.0012862161812,23.3740161722473,14.5445559529249,105.565780639648,98.1262886195638,60.1150482405017,8.64243722554982,51.5396198780718,22.4721097272609,146.118054903471,115.3613120185,61.2128804089272,47.6557440802455,205.310287475586,0,136.764010342685,58.352248756253,40.1385904431343,0,0,123.662118094308,164.915245056152,79.8626984397134,132.784374237061,0,45.967263285319,0,0,0,39.2688102722168,150.720100402832,0,195.515029907227,35.9716557094029,153.679605484009,101.956842899323,137.275620269775,58.382851962544,0,161.373656409127,143.61282994197,118.546427318028,0,176.880268096924,0,0,177.719284057617,159.294133504232
11.6722418707636,92.882080078125,77.2495385281866,55.5562475474607,79.6610081707203,29.6522984186808,27.2296543588802,27.9869225609677,28.2785351168594,54.1162272832465,62.2231566801484,43.4215486857517,74.4979812257186,73.3065799077352,19.3293707170759,29.4965227896294,54.4838455200195,101.913578033447,78.3373508453369,82.5414156232561,79.1993994225989,16.2474918903843,53.277243741854,64.5150377055455,60.2186403055057,58.8518257141113,111.775517926897,98.4833331108093,51.5396198780718,9.80748454479476,15.6091077087907,100.922106933594,16.0553971017541,12.1610694028736,18.6077328888331,0,85.9203262329102,118.692768096924,0,90.9311189651489,0,0,0,0,107.384866333008,144.39860534668,0,98.5116500854492,0,199.074264526367,0,0,128.632591247559,178.956207275391,0,88.8207321166992,0,0,133.10228729248,124.712302372373,0,0,122.682929992676,167.627822875977,0,149.269165039062,0,0,0,0
32.1606409918643,89.9242572021484,55.1803930154101,47.1839880877181,74.2627792358398,0,79.9316303253174,18.2937383147886,68.6083012898763,50.7285854171475,57.6687096913656,106.768608411153,80.9347381591797,143.054927825928,64.3054274749756,73.704776763916,50.3797877999239,64.2739817912529,116.519325680203,92.3687025251843,0,23.6903721278656,46.5790589690481,46.9569559861698,50.1945906582674,0,92.0878798843276,88.5908080596385,22.4721097272609,15.6091077087907,10.7027100997733,150.37255859375,0,10.8586940280322,41.7665950479489,0,0,117.653909955706,98.4596290588379,140.342269897461,0,0,0,0,93.1166305541992,0,0,0,0,0,0,0,150.652252197266,152.843841552734,0,0,121.407447814941,74.2041188408347,121.003965650286,112.541665077209,0,148.329209136963,133.740464643999,127.835703531901,0,151.12255859375,0,0,0,0
0,69.3043078820682,89.6647089789896,69.0294910904265,0,0,0,0,0,136.637588500977,0,28.8958268201208,0,10.8606289073633,0,0,135.686365400042,85.7496863773891,50.5611476191768,64.2435958434932,230.968826293945,140.208638000488,109.425186986509,128.122084576151,164.764434814453,44.8184851098944,30.0456884702937,30.9263027579541,146.118054903471,100.922106933594,150.37255859375,7.43010516256405,0,0,74.1629653653689,0,122.975415910993,151.692031860352,84.4788107872009,0,0,0,0,0,0,0,106.947391309236,0,88.5021138350929,174.677581787109,0,0,162.507522583008,116.444097561306,125.452025519477,0,171.04020690918,128.577077865601,146.526031494141,178.235626220703,72.0698053522627,110.52165703358,112.406170743183,0,0,0,105.213982215294,0,0,114.843788146973
86.1373227800642,0,0,127.56812286377,0,10.4345480407421,16.7234225450685,110.838436126709,16.3612649101267,122.308242797852,118.100882212321,60.0375616550446,114.784385681152,96.8435459136963,16.7511129744632,34.1585279855973,0,0,0,0,143.857570648193,0,131.217010498047,0,120.283150809152,0,80.1498184204102,148.21985244751,115.3613120185,16.0553971017541,0,0,5.46034525473083,67.6883934020996,37.1259304841973,0,0,0,0,0,0,0,0,0,0,0,0,0,0,0,0,0,0,0,0,0,0,0,0,0,0,0,0,0,0,0,0,0,0,0
29.3979831553763,105.562807718913,88.8546282450358,57.2114739320716,80.0463462750392,60.2182182312012,61.4637837867214,51.544408520003,47.5026978914518,60.3755218171582,66.6572637490764,0,80.3963765267296,0,30.0061164607318,26.5965088751258,56.5846255909313,77.6227310180664,0,93.3535537719727,79.343901628413,25.5369328277212,50.2550148631251,65.5784622583634,66.3664346384624,0,114.51851348877,89.8156080979567,61.2128804089272,12.1610694028736,10.8586940280322,0,67.6883934020996,5.2228212780495,21.0972984785619,0,0,0,121.768147786458,95.9210395812988,0,0,0,0,0,0,0,0,0,0,0,0,0,0,149.528076171875,0,0,73.1255416870117,0,127.449121602376,0,0,124.125709533691,149.175827026367,0,0,0,0,0,0
73.8033955564204,70.4649806918954,50.3853116137585,58.9664048114455,85.8472328186035,32.6656807123446,28.7281195765134,46.6109189485249,43.4285401885722,53.6812418533375,82.1153651017409,31.2685161789531,82.1730353037516,61.8223081255347,37.4234103439128,28.8793138797467,77.8476852893829,40.7380939112729,59.7496734545498,42.8915336746571,84.2384999593099,40.0938491996343,60.2385050127329,43.3563998626371,60.9486666805922,54.0942101759069,63.7171108757852,63.6949570920122,47.6557440802455,18.6077328888331,41.7665950479489,74.1629653653689,37.1259304841973,21.0972984785619,13.9901939613429,0,127.932209968567,108.530202388763,72.4014831542969,0,0,0,197.156387329102,0,119.819667816162,0,128.497354507446,0,120.041152954102,171.120956420898,0,63.8534393310547,118.644542694092,135.017203521729,144.896647135417,0,124.62629699707,76.3085372758948,112.058210696814,0,127.54267578125,123.157209947374,126.447450117631,142.537655639648,202.930450439453,141.90549214681,142.506464640299,0,0,131.61903889974
0,0,152.437101091657,120.741737365723,0,0,0,127.797073364258,0,126.404174804688,0,0,142.89973449707,0,0,0,0,0,0,226.373474121094,0,0,145.999404907227,152.584182739258,229.066741943359,0,187.871739705404,156.882305145264,205.310287475586,0,0,0,0,0,0,11.0717226519376,109.174097061157,94.6668734214289,78.9279209971428,74.2506670038751,69.9143298755993,47.5730562738176,26.5017501383749,27.6099754792673,65.5766099074791,61.4930252928694,138.779484675481,66.4810037067958,146.461639404297,11.9516053717026,39.9033315446642,67.3752552032471,94.983097874841,130.092137745449,119.732269199916,69.7715450392829,92.3648851623535,69.5783281179575,90.7913215629698,61.1443870918147,0,110.779271385623,121.04830843731,63.2284455917263,13.8855733388049,32.1897406031423,0,73.2593032836914,29.6490699252727,69.1752581465478
0,112.904949188232,100.165181477865,66.0517654418945,0,0,0,0,0,0,0,128.242479960124,0,92.1617687770298,0,0,0,129.137334187826,126.328651428223,124.77066192627,0,0,0,77.3670482635498,0,80.5378435770671,114.637018367222,113.568358594721,0,85.9203262329102,0,122.975415910993,0,0,127.932209968567,109.174097061157,7.07890866517093,34.2575941458344,22.3240818798861,0,98.0023345947266,122.437789916992,110.867210388184,128.570585250854,54.1912223414371,163.158828735352,66.9152912671053,0,47.5223870486911,123.033665657043,0,80.911858291626,59.2202583033377,70.894990196228,66.9119857424184,0,92.1810221672058,21.2714457511902,61.8726429860061,66.3879205804122,23.0241915514632,50.1446159631147,37.0605701226449,107.327535300419,153.160441080729,104.24164193774,72.1583689425854,0,0,73.1115288093908
160.366134643555,49.7795372009277,84.2290246586005,66.9221254076276,0,0,0,145.404663085938,0,0,0,122.739028930664,0,0,0,0,106.301681518555,100.869128417969,0,141.662947760688,0,111.332288106283,71.7786751641167,91.6376474314722,164.795031738281,0,101.49466438899,90.9959107631229,136.764010342685,118.692768096924,117.653909955706,151.692031860352,0,0,108.530202388763,94.6668734214289,34.2575941458344,8.92595126680352,38.4226512361691,122.771458943685,135.353267669678,122.501003112793,87.1801797556463,115.925761898188,103.322308131627,116.995837641697,85.3783091331015,113.842685992901,105.769172668457,102.411511912959,136.075124104818,74.9644480811225,37.4664519451195,92.1694468482066,67.783223584449,147.258087158203,57.335872175548,36.0158748544057,22.5855242477698,103.595675981962,111.781244913737,24.7638669986575,19.808663740869,60.0448743943073,109.402749905411,56.48781981835,117.938262939453,0,113.287581852504,57.9901384098563
58.0503311157227,82.1742897033691,57.9927443095616,22.7412188729243,69.2937367757161,0,0,66.0043824358684,56.2096405029297,37.4984909363513,82.5339380900065,71.6908706665039,40.4427769978841,48.6892464359601,0,50.6800479888916,66.7089462280273,75.9546197744516,88.2142415727888,95.9784706963433,95.9292678833008,86.726985168457,60.8373021697998,81.347973094267,55.5714729062973,23.0001713365748,73.6956352484031,65.2311270803378,58.352248756253,0,98.4596290588379,84.4788107872009,0,121.768147786458,72.4014831542969,78.9279209971428,22.3240818798861,38.4226512361691,15.6906025192337,67.3372270107269,90.3161773681641,94.7157866534065,56.1748844719278,86.8916506700113,13.8602255569624,81.659907071645,69.4812547758028,71.2012517338707,37.7096730321383,92.6060187953293,46.8663773536682,55.4462932173614,63.9144661337642,70.4853761810617,65.8803103087378,94.8289101918538,74.903174901746,34.7749364256315,58.0505622542048,38.5779474251314,18.7363480427901,47.4264746285159,42.3821778918626,45.3884301529552,89.7160296604551,53.9423202807461,77.2120811874802,0,65.9373601694576,66.730219671171
130.119079589844,0,0,80.7559212275914,6.85318721403609,0,56.6992732456752,129.528173446655,70.3008804321289,75.2428432646252,42.7938821883429,0,25.6829012067694,0,0,0,0,0,0,0,12.9374362556707,0,117.183521270752,0,36.8006733689989,0,0,0,40.1385904431343,90.9311189651489,140.342269897461,0,0,95.9210395812988,0,74.2506670038751,0,122.771458943685,67.3372270107269,8.21901631682129,0,48.9510879669189,60.7304549694061,86.8068095814098,44.0824870100388,17.5349910538503,0,19.0639030326777,0,90.9230082800629,65.1296564737956,63.5884666442871,0,0,169.504257202148,10.4199513587347,0,81.2275352478027,170.588394165039,12.3005743630185,0,165.245162963867,100.720851135254,10.6799447525777,89.6471716956755,75.6257232666016,0,0,80.9817467367412,81.9966808118318
0,0,0,0,0,0,0,0,0,0,0,0,0,0,0,0,0,0,0,0,0,0,0,0,0,0,0,0,0,0,0,0,0,0,0,69.9143298755993,98.0023345947266,135.353267669678,90.3161773681641,0,7.38140472350927,11.0443462363114,100.99563293457,17.6776609374659,76.6176223754883,102.05277633667,64.8502931594849,0,51.2222442626953,34.387532908742,13.1387978554396,0,0,0,0,127.930931091309,0,0,117.595211029053,131.57194519043,0,0,240.610992431641,126.260572433472,26.5962709270401,0,0,11.2811572210003,0,33.3724271475551
0,0,0,101.494430541992,57.1848182678223,0,0,0,0,119.378200531006,66.2013702392578,0,30.1483516693115,0,0,0,0,0,0,0,0,0,0,0,0,0,0,178.784164428711,0,0,0,0,0,0,0,47.5730562738176,122.437789916992,122.501003112793,94.7157866534065,48.9510879669189,11.0443462363114,6.8713232787555,50.2248773458913,18.0000832203169,40.7939389764446,18.9238798429642,68.5672776222229,20.9687231412753,0,35.3823894647964,11.2190674295801,115.509216308594,128.44841003418,129.147220611572,169.524688720703,30.8264257812214,0,129.352144241333,113.521729151408,39.9436767428939,0,147.073098318917,154.031762123108,53.7437514467495,36.3058086178966,94.7166529568759,0,13.6920664349025,97.9554768847181,44.5836858815925
0,0,155.511704444885,115.57666015625,0,0,0,156.931262969971,0,108.147054036458,0,0,91.6502532958984,0,0,0,0,191.302444458008,0,210.091522216797,0,0,142.48496500651,153.869260406494,125.92081451416,0,193.843399047852,155.601192474365,123.662118094308,0,0,0,0,0,197.156387329102,26.5017501383749,110.867210388184,87.1801797556463,56.1748844719278,60.7304549694061,100.99563293457,50.2248773458913,10.483941322552,40.7822043562818,48.0190231009091,16.5381508759307,133.057914733887,39.7764436050266,0,19.0229060109494,54.5800561239553,60.7755657917744,96.8910185793613,154.436076771129,127.746131585569,57.5512264524187,88.4008379240294,68.346640180139,80.9940315160636,33.96068546222,132.094207763672,106.636800514926,89.6407160714956,17.2415969757384,40.1408695342167,17.3483412215587,0,100.871869405111,58.9507734591113,72.9021125836806
0,0,171.531799316406,131.616241455078,0,0,0,0,0,105.284996032715,0,0,0,0,0,0,0,0,0,0,0,191.673065185547,144.540184020996,0,0,0,0,167.27513885498,164.915245056152,0,0,0,0,0,0,27.6099754792673,128.570585250854,115.925761898188,86.8916506700113,86.8068095814098,17.6776609374659,18.0000832203169,40.7822043562818,10.8336699431537,57.0787159785751,31.7532216147407,65.2205968692603,34.0359179834137,101.684562683105,18.3420657966706,26.0951046529569,85.3725555419922,125.555001014887,110.284614562988,138.261067526681,53.7257865424295,105.612978935242,96.1033616065979,113.728567556901,59.4653139775026,0,133.239678041778,135.775168135359,65.9532325466808,26.9969009377616,76.874411606989,0,10.6052597651657,76.0912037448607,41.785099076649
0,0,99.3339996337891,36.6372022098965,102.852383931478,135.24348449707,0,77.1166528618854,92.2523040771484,52.9825795094172,96.9498857770647,0,79.8801984786987,0,146.322280883789,48.520092010498,103.442947387695,125.34447479248,0,0,113.399108886719,106.398887634277,70.7823333740234,97.5289611816406,72.638711825661,0,0,149.271656036377,79.8626984397134,107.384866333008,93.1166305541992,0,0,0,119.819667816162,65.5766099074791,54.1912223414371,103.322308131627,13.8602255569624,44.0824870100388,76.6176223754883,40.7939389764446,48.0190231009091,57.0787159785751,6.67573852922341,65.4298030194782,113.138410949707,8.13721457182192,99.0793346828885,76.5990669963124,11.3530382606345,32.5950988369436,108.232352312873,114.568504333496,136.420135498047,58.3474104563395,67.909140317868,20.3475299952612,80.7109013847683,20.3481430580097,94.5249432155064,113.953907842221,97.0551363816902,42.0917331226618,76.8057655666185,51.2125485864304,0,0,56.4529208680659,59.6086280996149
0,0,0,106.235425949097,157.426284790039,0,0,133.087776184082,0,110.405552334256,152.566619873047,0,37.5366516113281,0,0,0,0,0,0,0,40.3646729787191,0,120.63633219401,0,133.772537925027,0,195.378128051758,0,132.784374237061,144.39860534668,0,0,0,0,0,61.4930252928694,163.158828735352,116.995837641697,81.659907071645,17.5349910538503,102.05277633667,18.9238798429642,16.5381508759307,31.7532216147407,65.4298030194782,9.81009726838921,165.622299194336,19.9271214994799,0,19.4321397297138,56.6441334595551,87.2808731079102,151.584774780273,0,188.221313476562,20.9371258201039,163.193389892578,118.910950554742,116.805117492676,31.841792923641,0,145.120042654184,128.095268612816,25.30764171085,87.7716113675999,78.7090238702708,0,121.604110717773,84.5762100894894,86.220816981041
0,142.809903462728,168.245712280273,72.546802520752,0,0,0,0,0,0,0,100.542991638184,0,86.1862475411934,0,0,0,146.102075849261,107.266879611545,121.453986167908,0,0,226.697082519531,176.407104492188,0,68.9148267248403,114.664591818145,109.912652726141,0,0,0,106.947391309236,0,0,128.497354507446,138.779484675481,66.9152912671053,85.3783091331015,69.4812547758028,0,64.8502931594849,68.5672776222229,133.057914733887,65.2205968692603,113.138410949707,165.622299194336,9.92101010764341,0,17.0378912919662,68.1174912982517,88.4610214233398,108.745846557617,49.5495392395569,19.9408784722981,24.9810177133926,0,84.3103141784668,90.9187157154083,90.8176968892415,144.001904296875,41.5165428845388,22.6762056196274,60.5965306407513,120.649901179944,50.3604992321559,102.73795216258,13.1551970307048,54.7386866753254,121.467082977295,21.9818639363174
162.867263793945,0,0,72.5747909545898,11.8745471046084,0,41.4607384999593,154.80924987793,80.4911575317383,75.2690068758451,37.1769771575928,0,10.3762844159053,0,0,0,0,0,0,0,8.33207994382738,0,70.205924987793,0,79.3351758321126,0,0,220.637008666992,45.967263285319,98.5116500854492,0,0,0,0,0,66.4810037067958,0,113.842685992901,71.2012517338707,19.0639030326777,0,20.9687231412753,39.7764436050266,34.0359179834137,8.13721457182192,19.9271214994799,0,7.57778745837238,0,49.3274351340442,12.4732267804049,91.6345062255859,0,0,184.023712158203,12.9114857552048,0,0,102.296384175618,28.8337547993953,0,171.678062438965,116.065165201823,40.1274950705115,88.3335766016051,79.9412258289479,0,138.714935302734,89.3738438362299,95.1550353029941
0,99.4143918355306,157.666816711426,58.9997033375066,0,0,0,0,0,136.802612304688,0,85.5119910356475,0,73.4945855130066,0,0,0,119.362838745117,105.500629030425,115.728277079264,0,0,125.101900100708,164.044059753418,0,57.8003156724867,102.017629082523,92.9869869445652,0,0,0,88.5021138350929,0,0,120.041152954102,146.461639404297,47.5223870486911,105.769172668457,37.7096730321383,0,51.2222442626953,0,0,101.684562683105,99.0793346828885,0,17.0378912919662,0,9.42601591864443,101.103118896484,0,144.567913818359,109.017534044054,66.578934416479,86.2110905224764,0,120.308685302734,79.1483821575458,134.33802541097,104.159198337131,23.9179747459038,50.4315240207134,35.0107949641219,184.556727091471,191.827331542969,156.69239976671,16.5086251354804,73.9457778930664,0,72.4568028132121
0,0,167.531274968928,0,0,0,0,118.774406433105,0,0,0,0,0,0,0,0,0,0,0,0,0,0,0,0,0,0,183.091987609863,163.846136910575,0,199.074264526367,0,174.677581787109,0,0,171.120956420898,11.9516053717026,123.033665657043,102.411511912959,92.6060187953293,90.9230082800629,34.387532908742,35.3823894647964,19.0229060109494,18.3420657966706,76.5990669963124,19.4321397297138,68.1174912982517,49.3274351340442,101.103118896484,8.10113164103694,35.4934637837294,70.1157212690874,109.066138948713,137.580575942993,136.960688781738,81.5645130702427,101.422514708146,91.1395766735077,98.1103807613254,66.6241790188218,0,123.977525642508,124.781908290593,68.0778562433579,15.9855116921276,59.1373929777695,182.935348510742,11.6558821683748,30.4245454769166,42.2084864013271
0,0,0,50.1587511698405,0,0,0,92.6587753295898,0,60.7349548339844,0,0,0,0,0,0,0,0,0,0,0,0,0,0,98.0050582885742,0,0,0,0,0,0,0,0,0,0,39.9033315446642,0,136.075124104818,46.8663773536682,65.1296564737956,13.1387978554396,11.2190674295801,54.5800561239553,26.0951046529569,11.3530382606345,56.6441334595551,88.4610214233398,12.4732267804049,0,35.4934637837294,6.71809565217857,0,0,0,0,51.7276439666748,0,104.177238464355,137.224884033203,47.5600156148275,0,163.485931396484,123.863464355469,73.2226796746254,41.1408848285675,96.2902717590332,0,33.5419945135349,78.9001140594482,25.8412182701959
