7.1746282446857,96.9677314758301,90.7789216996774,67.8704354227806,78.4742302765717,65.4300366569968,74.3695976436138,28.55339674962,32.3311245007948,61.8344141747341,55.1154616673787,105.53061358134,96.9132652282715,131.763139452253,16.4061440709002,110.196044921875,122.98880343967,95.0167503894904,127.862694876535,116.284989538272,82.496053869074,76.8020419958397,93.1502409934998,80.8132832427125,69.4785121002713,0,116.766459259539,112.819174874098,67.9456342987392,13.5703906379721,43.7311488728618,143.424392700195,72.1091997674171,33.7820584480077,75.3588523932623,143.568868001302,146.426147460938,144.932988335105,77.4376944180193,112.219520568848,0,144.240543141085,127.986454937909,161.492158617292,74.6597290039062,143.925438690186,216.633392333984,155.038803100586,183.614532470703,147.035680135091,0,138.043612670898,155.081797281901,0,204.818984985352,0,191.047958374023,125.524131774902,150.006578826904,111.402376001531,176.71662902832,169.07946232387,140.785467542451,117.139569932136,153.577496051788,121.073713129217,0,0,135.691013336182,161.88198198591
96.9677314758301,6.27163531177787,40.0175862128502,10.4568860351398,0,160.171340942383,114.812057495117,114.050093332926,120.815975734166,57.807323047093,154.922649383545,52.7043683345501,99.5574569702148,41.4394569152441,119.005715110085,96.5207099914551,40.1269257354736,47.9469728352833,69.4129867553711,56.8695863250993,158.689491271973,88.1956527709961,13.6267837137939,62.5282497129579,62.6574813196899,19.8492972986755,46.9419702478202,24.0460155355917,88.2951893661961,100.80386633622,88.3801040649414,65.6518096923828,94.7542610168457,90.4903335571289,51.899151802063,88.5208282470703,25.3565855026245,74.2537235933192,11.2361004617479,0,0,0,0,0,0,0,73.1438522338867,0,84.1937506539481,0,0,63.5086708068848,69.5154657363892,89.3746948242188,94.2883397882635,0,0,30.0089817047119,79.8397872924805,142.262710571289,64.5724768638611,75.2542166137695,66.6473496414366,108.712036132812,0,0,148.044891357422,0,0,88.0442514419556
90.7789216996774,40.0175862128502,12.026850175656,51.6081699853415,111.509609222412,147.071196556091,116.831861749801,83.4827413622117,107.630897601576,111.546810422625,116.009219487508,77.1762700910154,173.568349202474,79.9535628661369,105.346362262621,127.100771767753,78.0758788585663,37.6862980653102,81.2956145150321,68.6964080119955,183.025238037109,66.3686207526508,47.4202923789482,27.7311634854636,108.619868582868,98.6700183868408,26.3418763319988,30.9857889663726,83.0324348898169,105.375894025167,70.1641367897902,81.3815250396729,149.800949622845,101.283214992947,58.4130958746116,144.18037553267,69.3888582017687,84.2138068750322,56.3497478485107,227.118759155273,119.43238067627,176.194606304169,148.76109568278,167.1731300354,122.285260518392,155.800058538263,117.482045260343,225.87109375,127.513903617859,205.662750244141,0,100.7126792198,95.6049132836636,126.137694040934,114.54105682373,0,111.322460832267,63.5754671800332,95.7696181375196,140.7682358878,125.056251525879,88.4826645141602,84.1344369872965,142.784808959961,162.811106363932,128.926529193747,126.580718994141,0,107.46395111084,96.7246351850794
67.8704354227806,10.4568860351398,51.6081699853415,16.1731325334041,74.454462647438,102.234046936035,72.5901200302004,56.5165891911684,68.4692458903895,44.1997743899337,67.6705096446685,56.550968170166,78.8637354924129,44.9226675674378,75.8614758984126,86.9148546854655,36.0750724264413,63.1041148817036,83.4194054236779,78.8942679108166,91.9067961748909,59.3050488345446,21.2817842321644,53.1454152179365,39.1618008267874,23.2129466898647,54.5042779225085,29.8909305492538,48.2760496846422,71.9228275586974,50.2757217232551,67.8525251908736,112.86361469942,58.9514925541022,60.3724193012013,77.2418955848331,24.7571043234605,68.1524840846206,10.9472846717796,96.0778726850237,0,89.9942904881069,76.5702342987061,123.538948059082,26.1827485140632,105.56156539917,61.4798427928578,126.777493794759,53.0194322949364,120.709615071615,104.306159973145,45.6861096659014,60.0865215399326,63.1990852355957,60.3839720112004,110.688845316569,60.9665701048715,10.8111555389419,62.4033074327694,59.9853140245967,33.3173958353636,47.0761224838323,46.1107858778555,63.2914872083835,85.7701519291575,58.5716080971814,70.9841918945312,0,61.947154574924,66.948187146868
78.4742302765717,0,111.509609222412,74.454462647438,7.73735198847573,107.640202713013,67.0725131474488,32.2946999583381,93.4144367335998,54.0756370525124,22.1841540640777,128.154275894165,18.8709029217301,135.895304361979,103.460138783872,52.2507615614166,0,176.946685791016,0,170.697189331055,9.65878192697371,135.941619873047,123.74284362793,84.8220825195312,12.2867259628638,0,0,155.333818054199,15.5125215926537,100.443574603078,136.523132324219,167.012130737305,123.131284872691,88.7366224016462,99.6553963715175,0,0,0,79.7767872810364,9.97983034566007,0,139.626601269371,123.933016690341,164.186685562134,85.8088060213825,130.660025683316,0,36.8392038169544,0,163.825777689616,117.164731843131,0,0,0,0,45.1756859229023,0,0,200.880233764648,97.5889964226867,0,0,0,123.387660341939,152.219516118368,0,0,0,0,157.687740325928
65.4300366569968,160.171340942383,147.071196556091,102.234046936035,107.640202713013,7.2397933963319,13.4478493433732,94.4704464296751,16.2230982600767,83.7711444854736,92.3696141327228,72.0182075500488,86.7788306095803,99.3641204833984,26.6070176876312,18.4864357598376,0,127.066767374674,103.142794291178,158.846685791016,101.010840816774,127.640815734863,90.6823844909668,124.445654925178,86.2203949638035,145.165466308594,138.361541748047,160.074763298035,107.350832780202,24.4323263901931,97.9538922991071,0,9.10211967787116,0,51.369563810287,0,0,200.08219909668,0,110.623949686686,0,0,162.310078938802,186.691131591797,0,183.018531799316,0,191.448829650879,0,0,0,0,0,0,0,186.780258178711,0,0,0,166.258999633789,0,0,178.333852132161,160.143577575684,166.81884765625,0,0,0,0,0
74.3695976436138,114.812057495117,116.831861749801,72.5901200302004,67.0725131474488,13.4478493433732,9.37531953204588,57.2461064217591,17.7845585190729,63.5932914175638,31.1886905026889,78.5802598231047,26.0180353639823,124.971922465733,26.0317135250463,14.065906097149,161.371292114258,141.245332145691,145.906480407715,131.677710215251,44.7222666126202,99.2178971663765,119.530023362901,108.921263966134,60.4549355711256,0,147.932819019664,127.744501925931,55.1700011426502,50.2553008013335,86.3479504903158,116.926414489746,17.9962670666639,94.2247207348163,71.3363612435081,198.638519287109,0,166.619318644206,89.7389160467654,109.790347713894,0,152.296458394904,133.381614685059,160.357263316279,83.3795595671001,148.016631621167,231.463623046875,117.968353949653,0,180.57289995466,121.7601045881,131.63835144043,184.73991394043,0,0,144.050251430935,168.856674194336,174.072006225586,153.879707336426,113.706471722825,0,194.736164093018,183.165008544922,131.624351842063,168.718080793108,157.711151123047,0,217.532760620117,0,177.043069458008
28.55339674962,114.050093332926,83.4827413622117,56.5165891911684,32.2946999583381,94.4704464296751,57.2461064217591,8.45081299739096,51.182878944011,53.5663900695722,19.99988661214,130.274476877848,68.4880303199138,144.857432527362,38.7120073436034,72.5139909543489,78.2958538579006,114.051630432541,148.198145294189,139.775657849434,27.5449996391039,60.6281327831913,82.2072002482864,63.3501712321891,48.3999662049263,164.570205688477,124.702273464942,93.0488593864301,32.0095531783502,66.0349568780301,12.7506416738679,149.33358001709,106.612252318743,68.0213476132124,82.1144052157745,116.364364115397,130.075841267904,144.744340684679,68.0489626370943,53.8499346896335,163.037857055664,135.422044942307,113.97864460075,140.44915258357,78.6357205200195,136.227236905837,0,108.531843449519,189.599304199219,155.318618116708,146.737462997437,126.207368305751,154.590671539307,0,173.574684143066,130.298901999869,134.246685028076,112.98494052887,128.09400327706,98.9228237819244,0,156.133591788156,146.361943338432,109.685626895271,143.507309237393,117.881249346052,0,209.635330200195,130.193489074707,150.008048706055
32.3311245007948,120.815975734166,107.630897601576,68.4692458903895,93.4144367335998,16.2230982600767,17.7845585190729,51.182878944011,9.505845023516,69.0742216927665,37.6767350726828,67.8351378262933,78.3551629942636,127.3426933995,16.6299543075459,30.231516251443,135.418286250188,120.778585727809,121.219781603132,122.559031652635,87.5936292347155,96.7291947854532,119.583667081945,97.9782353031818,66.6678464661421,78.5562286376953,133.608579276812,121.301002831628,68.8280029858707,34.8632061068002,77.644567533981,130.739743159367,23.6669642620464,84.3383308138166,56.2201779729598,146.955574035645,143.618486404419,158.234100341797,80.5662849765354,120.953670295509,0,149.146436225711,131.38080059114,160.818344935898,95.780046081543,147.614611995602,0,119.667135425642,141.6301612854,168.279400059434,151.264952659607,154.241322517395,182.11695425851,0,165.386311848958,140.573224429427,159.007369995117,139.00340461731,158.606602718956,114.750349916844,209.379699707031,168.78525094425,163.593128985669,126.322960934658,163.47086986195,150.414368947347,0,0,150.51257663303,165.913481939407
61.8344141747341,57.807323047093,111.546810422625,44.1997743899337,54.0756370525124,83.7711444854736,63.5932914175638,53.5663900695722,69.0742216927665,7.553145414778,64.4757712009372,111.996985237553,23.3762438045525,105.010720248049,75.4645558882129,20.12595360337,55.3928820292155,113.776503971645,134.747979164124,129.632093076353,53.3743713349104,88.4080729277238,23.2144488931836,103.511747111445,18.2339078482133,88.8380022336359,109.666619385181,88.4628404536063,50.2865802102963,73.2060187015627,52.0761463598596,122.179218292236,114.952799016779,60.8891834179005,84.802857170105,102.343131256104,0,133.923030853271,20.4204602040743,76.5588224635405,0,94.9817873198411,91.465493610927,109.79050881522,27.1380977738987,97.5874980969375,158.48641204834,70.224167175293,130.934559345245,130.270750565962,62.997925567627,0,157.580097961426,0,152.177436828613,83.9054571012171,0,136.487731933594,135.666567484538,56.9698438208088,116.021288871765,145.081017494202,138.335654534234,86.7889588378196,115.443233783428,105.712746756417,0,0,0,139.277037484305
55.1154616673787,154.922649383545,116.009219487508,67.6705096446685,22.1841540640777,92.3696141327228,31.1886905026889,19.99988661214,37.6767350726828,64.4757712009372,11.2887437910733,129.412853329681,22.6509198578458,153.465483272777,76.1841803656355,55.8670188029407,119.281753540039,143.624649741433,162.682846069336,156.474510192871,14.9810446224378,131.036872253418,122.678974151611,115.482344958247,53.6817869718841,162.831268310547,159.08701978411,129.564592210509,24.8633026009161,92.8071732897725,110.091388764929,167.788060506185,110.115371162886,84.5242160328648,91.2282977357055,188.2453956604,0,177.397188459124,81.1111498146414,38.4711325486614,134.261856079102,149.563391805347,124.305394099309,166.301340987043,88.7267547775717,148.792828404046,199.630256652832,120.234563088115,0,179.130535888672,123.375463184557,135.175813293457,0,0,0,140.789611917794,0,0,165.538510131836,106.786055530346,0,217.316719055176,167.571724524865,133.08146671054,177.16397837046,162.629063924154,0,205.850952148438,144.589157104492,171.762948608398
105.53061358134,52.7043683345501,77.1762700910154,56.550968170166,128.154275894165,72.0182075500488,78.5802598231047,130.274476877848,67.8351378262933,111.996985237553,129.412853329681,10.4645114983387,120.97375383769,21.4002084815173,70.1154142979826,101.986694608416,98.7975838070824,38.4556149004366,20.8868764416319,21.5808630251282,131.537144544648,83.7455587640273,91.3524241447449,80.7887003198633,124.286882215931,29.5993298868721,21.4830940615079,48.3480609997582,113.049163188409,75.5770024440548,81.5245119807232,28.3620375329979,61.0204908401571,87.091826909705,24.0206511693962,0,88.3100477854411,145.287682851156,58.8341893282804,149.118213653564,0,0,174.543350219727,196.919166564941,144.804718017578,195.219879150391,77.1166030565898,140.372901916504,64.3266067504883,173.811904907227,0,0,120.833821977888,90.294546994296,94.1887892405192,0,0,113.470116933187,152.279922485352,142.263412475586,55.3126504999646,89.8612930905167,83.4817757809897,161.152531215123,0,135.410442352295,81.0951379140218,0,0,117.411617625843
96.9132652282715,99.5574569702148,173.568349202474,78.8637354924129,18.8709029217301,86.7788306095803,26.0180353639823,68.4880303199138,78.3551629942636,23.3762438045525,22.6509198578458,120.97375383769,8.47491868639885,120.711723327637,95.7832997479016,14.9994006780451,0,148.063059488932,161.570018768311,151.604301961263,12.360922763077,147.358072916667,64.3962766859267,154.013027191162,20.7432403416498,121.904635111491,156.779161834717,131.999154445103,39.3646702643558,100.432142996573,166.701817830404,168.307540893555,98.6626579948094,92.7985636393229,93.8904653920914,0,0,193.198371887207,79.1928313119071,43.8400881625404,92.7217864990234,123.575661659241,118.25205078125,144.010327657064,62.514132073585,119.941704150609,0,8.1831259313047,0,149.893369674683,76.552187699538,0,0,205.624145507812,0,15.8398041294341,0,0,0,77.7493444170271,0,0,144.124984741211,128.94463282618,138.526229858398,0,0,0,0,186.096206665039
131.763139452253,41.4394569152441,79.9535628661369,44.9226675674378,135.895304361979,99.3641204833984,124.971922465733,144.857432527362,127.3426933995,105.010720248049,153.465483272777,21.4002084815173,120.711723327637,6.86804437930069,117.207333767053,154.146786029522,103.489570617676,85.9809924316406,45.4991528903992,54.8144490580913,167.034614562988,103.329558054606,82.3641340637207,102.875029650601,116.055850074405,16.9348522596082,25.6953167967583,29.0467913570714,145.180088904596,95.9400006930033,131.873381720649,10.3113490521307,89.403392791748,156.648691813151,49.7027164376074,0,79.6686336577885,148.157063802083,53.1510905226072,0,0,0,141.748138427734,166.986145019531,129.174126711759,0,58.7332527702623,0,42.2180553373057,0,191.363189697266,0,110.458349439833,77.2239916952033,90.3210152846116,0,0,97.478101675851,171.883853912354,149.127397017045,44.6974739198888,80.6334859273767,71.8961685128408,170.592254638672,145.971538543701,145.469177246094,71.6727558038174,0,153.065734863281,103.082370281219
16.4061440709002,119.005715110085,105.346362262621,75.8614758984126,103.460138783872,26.6070176876312,26.0317135250463,38.7120073436034,16.6299543075459,75.4645558882129,76.1841803656355,70.1154142979826,95.7832997479016,117.207333767053,9.53677095944807,30.0740113540434,142.027261907404,112.204747317882,112.215317022605,120.58495123428,97.1274403286776,92.570907689348,110.80839926099,96.0403562400301,82.4514217121545,97.1792007446289,125.50061429911,123.087782182897,83.5858570395322,27.5516161754539,66.9007727280754,118.901213645935,15.4507836743349,63.996808312156,46.2307324578004,145.792817335862,150.41011428833,158.24343178489,91.5107225474745,114.464882515572,0,150.680573755381,139.559928005181,164.803978993342,105.538597924369,156.715671416252,205.790644327799,124.941906520299,0,174.045463739439,169.359115600586,161.470027576793,169.993892124721,0,133.686120986938,148.088499886649,122.984848022461,125.45828704834,155.700580596924,123.295577086093,0,172.099409683891,158.632314544877,130.709337546609,162.948471424191,143.543387039848,0,234.151123046875,122.376625061035,162.466178894043
110.196044921875,96.5207099914551,127.100771767753,86.9148546854655,52.2507615614166,18.4864357598376,14.065906097149,72.5139909543489,30.231516251443,20.12595360337,55.8670188029407,101.986694608416,14.9994006780451,154.146786029522,30.0740113540434,6.84418595250194,109.536003112793,141.033315022786,172.720377604167,157.928695678711,48.4321680652852,96.5750045776367,70.181895211239,110.026739120483,32.7027733632239,130.956102238145,139.492245265416,117.442120136659,73.1956306020166,74.358896132743,107.776212056478,164.505722045898,47.5443737282712,93.8221530914307,107.045991724188,0,0,0,90.1918741861979,89.6408221905048,0,116.644443035126,142.160507202148,162.342413330078,59.4602747950061,115.998323531378,0,76.2489582942082,162.282516479492,177.87907409668,78.8027783269468,0,179.073600769043,0,165.344192504883,103.881451721191,0,0,0,75.9327657427107,0,159.222461700439,176.905099487305,120.290934668647,182.411972045898,0,0,0,0,168.425521850586
122.98880343967,40.1269257354736,78.0758788585663,36.0750724264413,0,0,161.371292114258,78.2958538579006,135.418286250188,55.3928820292155,119.281753540039,98.7975838070824,0,103.489570617676,142.027261907404,109.536003112793,9.58394679070721,86.9207357967601,123.537933349609,108.167290115356,0,19.8025430111164,27.0030018250581,14.6259521803342,26.1954409140807,82.1057746887207,104.131028617301,22.2158764551728,33.532531994309,98.3270764936481,57.9701191782951,96.4099807739258,0,62.0370972042992,66.226215440559,102.466187286377,92.4598236083984,93.0681287887249,50.8457118715559,117.052062988281,0,121.558410644531,112.334760914678,163.498138427734,133.168792724609,119.396621704102,151.52555847168,177.290878295898,0,129.702960968018,0,90.1109221798872,120.871538543701,0,147.624633789062,158.207412719727,99.7782964509109,51.3923895734771,88.7048906741152,95.9462177276611,0,117.116024780273,99.7393578343421,96.344975721116,112.811891237895,96.5193761446014,0,0,101.176842689514,104.41975318061
95.0167503894904,47.9469728352833,37.6862980653102,63.1041148817036,176.946685791016,127.066767374674,141.245332145691,114.051630432541,120.778585727809,113.776503971645,143.624649741433,38.4556149004366,148.063059488932,85.9809924316406,112.204747317882,141.033315022786,86.9207357967601,9.09456050010536,48.9519921008164,25.2130353545391,170.467956542969,58.5541428725762,77.6675949287415,27.6082073597696,116.176925043906,66.5130459013439,38.7839928787898,62.1207869006946,107.351987426184,92.1964223851662,68.4420714998952,82.214954669659,127.077160401778,84.8121196883065,34.4385543325897,132.295486450195,86.4734696706136,106.665201351343,85.3504882653554,0,196.815185546875,188.05354309082,161.830533218384,212.23698425293,137.344875335693,188.633506774902,140.353114128113,0,146.090608215332,164.823806762695,0,131.279651823498,106.651872555415,113.652455647786,114.738446761151,0,149.846395220075,95.6780538104829,123.887573768353,151.708855879934,87.5622787475586,97.2665765656898,97.7916338620019,152.825128282819,168.120753696987,139.015760007112,122.475288391113,223.398056030273,143.763400268555,118.249134925104
127.862694876535,69.4129867553711,81.2956145150321,83.4194054236779,0,103.142794291178,145.906480407715,148.198145294189,121.219781603132,134.747979164124,162.682846069336,20.8868764416319,161.570018768311,45.4991528903992,112.215317022605,172.720377604167,123.537933349609,48.9519921008164,6.83198679692036,14.9420445662111,162.500615437826,112.24701944987,100.821476329457,93.3550208035637,149.440389193021,45.2148466863697,27.210188940044,55.345073660887,150.298565257679,112.546708554638,111.79364641975,47.5168979329032,99.3771944547954,116.452976226807,55.4673633072679,169.392700195312,95.5153249104818,156.56819152832,62.6583855946859,0,0,0,159.45125579834,205.453826904297,161.015380859375,0,92.1500265938895,0,92.6141736984253,0,0,144.609634399414,134.339157104492,102.508695903577,98.432893258554,0,216.009216308594,137.510096232096,174.810424804688,0,71.627051273469,97.2145613818101,96.5747480070993,182.473846435547,192.309432983398,0,104.774856567383,0,0,112.941121419271
116.284989538272,56.8695863250993,68.6964080119955,78.8942679108166,170.697189331055,158.846685791016,131.677710215251,139.775657849434,122.559031652635,129.632093076353,156.474510192871,21.5808630251282,151.604301961263,54.8144490580913,120.58495123428,157.928695678711,108.167290115356,25.2130353545391,14.9420445662111,9.84089635032863,147.294387817383,91.0615701792191,95.0324783325195,79.9013518691063,133.878666964444,46.3837875152121,28.1533401037858,64.858156501626,124.791900634766,108.028631509656,90.7472628893917,54.468226415617,95.498625199,96.6615281588789,40.9543612490663,163.227905273438,96.074838426378,128.149140857515,75.1577193520286,222.749450683594,0,0,180.438557942708,172.302658081055,154.141713460286,0,101.829599553888,0,99.1008870978104,150.52653503418,0,143.731298446655,119.105356371081,110.547719618853,100.443260321456,0,130.769519805908,116.26138136122,158.926642523872,162.999893188477,81.372495160784,98.1045066651844,102.669470917689,175.417346954346,165.12559000651,166.510757446289,117.620399475098,0,0,112.477115772389
82.496053869074,158.689491271973,183.025238037109,91.9067961748909,9.65878192697371,101.010840816774,44.7222666126202,27.5449996391039,87.5936292347155,53.3743713349104,14.9810446224378,131.537144544648,12.360922763077,167.034614562988,97.1274403286776,48.4321680652852,0,170.467956542969,162.500615437826,147.294387817383,7.78234108349449,187.379440307617,0,158.523938751221,12.6542313215616,0,156.823253631592,155.239592552185,26.2245519119488,99.0608494670932,169.479742431641,0,113.922634744237,101.530619303385,94.9749227698874,78.1951522827148,0,0,77.9898570667614,9.29964051946767,0,136.973116249874,131.359546025594,183.366477966309,85.0448537755896,129.833850043161,0,16.8775375716201,0,118.359725952148,100.897762645375,0,0,0,0,12.6882662125505,0,142.420883178711,190.641548156738,82.9576413182929,0,0,123.248138427734,94.7498038709164,199.321482340495,229.814163208008,0,0,0,0
76.8020419958397,88.1956527709961,66.3686207526508,59.3050488345446,135.941619873047,127.640815734863,99.2178971663765,60.6281327831913,96.7291947854532,88.4080729277238,131.036872253418,83.7455587640273,147.358072916667,103.329558054606,92.570907689348,96.5750045776367,19.8025430111164,58.5541428725762,112.24701944987,91.0615701792191,187.379440307617,12.2103211292466,52.0585928154876,29.3441434107169,12.9172359686763,0,100.99463940575,65.7372315556464,23.8449179496872,69.1601929869018,24.4144107872908,123.983909606934,125.69589138031,61.989710585441,49.6395338066504,131.67162322998,0,120.05493927002,76.166004744443,0,0,180.553894042969,127.653852048128,182.081481933594,0,242.093765258789,0,0,0,163.856601715088,0,100.206873926066,145.806468009949,149.139144897461,0,0,106.464247652533,62.6790752106524,102.230152415658,113.90229095459,0,149.342537513146,118.967182373733,109.568760525097,127.061626052856,105.08925074409,0,0,121.547838846842,114.212534586589
93.1502409934998,13.6267837137939,47.4202923789482,21.2817842321644,123.74284362793,90.6823844909668,119.530023362901,82.2072002482864,119.583667081945,23.2144488931836,122.678974151611,91.3524241447449,64.3962766859267,82.3641340637207,110.80839926099,70.181895211239,27.0030018250581,77.6675949287415,100.821476329457,95.0324783325195,0,52.0585928154876,8.15113471128957,45.877542943607,26.5010647531027,62.4213126314045,82.4073522998441,35.3130375065845,43.941288211928,89.0846326828003,51.7234875383511,95.3226487901476,0,61.8888636997768,60.6539876881008,86.3507034301758,93.3157634735107,58.07632869521,26.6045840795224,0,0,138.268264770508,99.9271109263102,146.602935791016,135.448829650879,107.460752487183,0,0,106.880118233817,145.26798248291,0,55.3280841135776,95.0199692670037,124.885803222656,138.72110748291,0,65.2935526269114,15.1956570209036,56.7518802245601,87.1160943984985,93.1036949157715,100.026469273354,62.9031190260572,80.5174974060059,112.728201729911,69.7682288296251,128.702087402344,0,90.3893947601318,77.2728889171894
80.8132832427125,62.5282497129579,27.7311634854636,53.1454152179365,84.8220825195312,124.445654925178,108.921263966134,63.3501712321891,97.9782353031818,103.511747111445,115.482344958247,80.7887003198633,154.013027191162,102.875029650601,96.0403562400301,110.026739120483,14.6259521803342,27.6082073597696,93.3550208035637,79.9013518691063,158.523938751221,29.3441434107169,45.877542943607,15.4022760986744,80.2325371866641,0,73.2835639627188,42.1780535567128,38.0121696884334,84.9526387442049,46.7855426215383,105.382255554199,129.048728579567,64.7109795775861,53.4207511908382,143.78260456432,87.8367872238159,92.2685942847185,63.1773480860791,0,0,175.52619934082,140.342242649623,180.641124725342,0,155.7387208205,138.140963236491,134.708450317383,0,167.813035964966,0,94.2642195794276,116.393090689054,149.864196777344,151.439385096232,116.48868560791,99.541325705392,58.9225658279784,91.92179627902,124.895891401503,0,122.177334878297,95.7577080466531,121.023167227777,158.799480438232,103.751954578218,0,0,122.122924804688,110.941751046614
69.4785121002713,62.6574813196899,108.619868582868,39.1618008267874,12.2867259628638,86.2203949638035,60.4549355711256,48.3999662049263,66.6678464661421,18.2339078482133,53.6817869718841,124.286882215931,20.7432403416498,116.055850074405,82.4514217121545,32.7027733632239,26.1954409140807,116.176925043906,149.440389193021,133.878666964444,12.6542313215616,12.9172359686763,26.5010647531027,80.2325371866641,9.55943103386721,95.2418605866979,116.221789129849,81.5028010793549,18.328205408081,77.2017492694815,62.3318153187237,135.939298189603,113.091085333573,65.9910924077279,77.7428675874074,115.098368864793,144.106252034505,135.553756713867,51.6349108001861,91.9064398119527,122.905535380046,116.458269418764,103.262286248519,135.567013335743,48.5814846123589,106.270043871874,190.483664376395,85.7228269288034,184.611312866211,143.830494587648,81.7425513849026,95.8295609289859,138.733545743502,191.088409423828,164.683767700195,97.7399535986093,113.819544792175,64.6530513763428,122.524289795847,80.1513240140766,103.617584228516,155.424830874881,144.609297422605,99.6464574233812,138.020954189016,104.913335604281,0,180.475204467773,120.23919279679,138.53788495745
0,19.8492972986755,98.6700183868408,23.2129466898647,0,145.165466308594,0,164.570205688477,78.5562286376953,88.8380022336359,162.831268310547,29.5993298868721,121.904635111491,16.9348522596082,97.1792007446289,130.956102238145,82.1057746887207,66.5130459013439,45.2148466863697,46.3837875152121,0,0,62.4213126314045,0,95.2418605866979,7.21757947576457,39.2902531384995,19.2646091760363,120.390185401553,98.0863463083903,131.915983200073,46.8438704109192,68.6762669881185,0,39.984106514905,148.143226623535,60.3523855022356,0,32.8377871755826,0,0,135.530487060547,173.122970581055,182.01676940918,127.85945728847,0,56.7843378625735,0,47.1972993587163,151.115249633789,0,128.876419067383,83.996463230678,72.7332113514776,68.3771775319026,0,0,94.8312578201294,0,130.03537495931,36.8192379900281,66.2316047490392,61.8004528766565,135.246612548828,0,121.367500305176,72.9156260490417,0,0,80.1727564493815
116.766459259539,46.9419702478202,26.3418763319988,54.5042779225085,0,138.361541748047,147.932819019664,124.702273464942,133.608579276812,109.666619385181,159.08701978411,21.4830940615079,156.779161834717,25.6953167967583,125.50061429911,139.492245265416,104.131028617301,38.7839928787898,27.210188940044,28.1533401037858,156.823253631592,100.99463940575,82.4073522998441,73.2835639627188,116.221789129849,39.2902531384995,15.5882113750185,30.0854370391623,123.48052974156,114.484648363657,99.6032674501268,22.3377053803337,108.374523278439,114.391270867709,57.3234822053853,157.872346060617,85.7215452194214,113.609743846547,72.2994958582059,0,0,213.742797851562,165.762056350708,145.878936767578,158.273775373186,200.760131835938,96.3936213269646,0,89.919261734207,186.336708068848,200.610153198242,136.904634857178,102.274742159636,101.861147890809,95.5039382457733,0,147.437616348267,106.528736352921,124.611467488607,159.894207000732,66.611659699298,89.4406383855453,91.409587067037,191.57194519043,156.254461015974,149.735047560472,99.1108551025391,0,179.146245320638,100.981847692419
112.819174874098,24.0460155355917,30.9857889663726,29.8909305492538,155.333818054199,160.074763298035,127.744501925931,93.0488593864301,121.301002831628,88.4628404536063,129.564592210509,48.3480609997582,131.999154445103,29.0467913570714,123.087782182897,117.442120136659,22.2158764551728,62.1207869006946,55.345073660887,64.858156501626,155.239592552185,65.7372315556464,35.3130375065845,42.1780535567128,81.5028010793549,19.2646091760363,30.0854370391623,12.4359753617228,65.8406396600607,115.510847965599,92.0806759258748,22.9369972289133,114.017326221131,102.865615018209,62.1684715478711,157.514092643306,70.0380509540953,83.6859081017441,49.8667018421681,192.634963989258,164.600179036458,174.867263793945,140.104215134669,167.174790580318,138.657058978903,158.971518911966,94.0946383397224,194.873016357422,85.0930356225302,172.866016387939,165.742309570312,92.9548008887999,94.3029303489921,101.606603300417,93.5545566208969,167.200660705566,103.491634722837,57.9686025480261,92.6607359243068,140.307686693915,62.1013503010275,84.780890677165,82.9146422334159,142.786404288594,162.08925485611,129.352299515082,102.724404633935,158.868858337402,168.45565359933,97.9561724600623
67.9456342987392,88.2951893661961,83.0324348898169,48.2760496846422,15.5125215926537,107.350832780202,55.1700011426502,32.0095531783502,68.8280029858707,50.2865802102963,24.8633026009161,113.049163188409,39.3646702643558,145.180088904596,83.5858570395322,73.1956306020166,33.532531994309,107.351987426184,150.298565257679,124.791900634766,26.2245519119488,23.8449179496872,43.941288211928,38.0121696884334,18.328205408081,120.390185401553,123.48052974156,65.8406396600607,9.81156685008892,78.2610613816423,30.9563508538157,149.784538269043,121.300396001228,60.2019705940166,62.9359942728916,115.701052717729,141.69953473409,140.633610824059,64.7711048656816,57.5337365380431,157.032888793945,133.179769267467,107.545957378913,137.739049843379,85.5584755865272,139.443176664837,185.509514944894,117.83097600773,0,143.365776916268,116.589632142265,96.733465090394,160.632501220703,208.103363037109,167.453818184989,133.500149424483,108.526699102493,69.7481666564941,118.3615301809,97.2808067931988,180.622375488281,163.296520954854,142.907462059697,106.960114087803,133.477845464434,106.384494011661,179.655487060547,160.714080810547,119.371456451416,136.031136533047
13.5703906379721,100.80386633622,105.375894025167,71.9228275586974,100.443574603078,24.4323263901931,50.2553008013335,66.0349568780301,34.8632061068002,73.2060187015627,92.8071732897725,75.5770024440548,100.432142996573,95.9400006930033,27.5516161754539,74.358896132743,98.3270764936481,92.1964223851662,112.546708554638,108.028631509656,99.0608494670932,69.1601929869018,89.0846326828003,84.9526387442049,77.2017492694815,98.0863463083903,114.484648363657,115.510847965599,78.2610613816423,10.0309810434932,27.5081005892117,114.970882415771,11.0277697794629,17.6545792842142,38.9801109433436,136.631962720086,155.790350777762,158.236547470093,86.3298970309171,126.685089588165,170.970504760742,157.120382247433,132.475279228539,165.571078733964,99.143558078342,167.39632448237,192.994750976562,139.866056315104,202.820709228516,170.167759073192,0,115.535014082746,177.891142708915,0,172.242469094016,166.105618794759,143.735763549805,116.383315086365,143.467059326172,123.550165772438,168.893417358398,163.034944634689,155.524291924068,129.132163903495,156.33635515036,127.612532148174,0,221.88151550293,144.592694369229,160.80147597369
43.7311488728618,88.3801040649414,70.1641367897902,50.2757217232551,136.523132324219,97.9538922991071,86.3479504903158,12.7506416738679,77.644567533981,52.0761463598596,110.091388764929,81.5245119807232,166.701817830404,131.873381720649,66.9007727280754,107.776212056478,57.9701191782951,68.4420714998952,111.79364641975,90.7472628893917,169.479742431641,24.4144107872908,51.7234875383511,46.7855426215383,62.3318153187237,131.915983200073,99.6032674501268,92.0806759258748,30.9563508538157,27.5081005892117,11.0281739281233,136.403686523438,107.078482701228,36.3535266437133,41.8173250261198,117.436723792035,119.710926055908,127.879587693648,66.9414652864984,137.00552520752,0,143.437455208071,109.627111678554,139.661656901042,88.3829536437988,156.680220031738,189.438318888346,133.702934265137,0,144.077658709358,147.65673828125,96.4363968153507,168.193986075265,0,158.38362121582,159.281323750814,105.033150326122,64.4406350394276,110.705014357696,102.34332112976,0,154.349610981188,134.47897765457,108.554657625219,128.219532802966,104.035764461093,0,168.198028564453,115.75715637207,125.833486903797
143.424392700195,65.6518096923828,81.3815250396729,67.8525251908736,167.012130737305,0,116.926414489746,149.33358001709,130.739743159367,122.179218292236,167.788060506185,28.3620375329979,168.307540893555,10.3113490521307,118.901213645935,164.505722045898,96.4099807739258,82.214954669659,47.5168979329032,54.468226415617,0,123.983909606934,95.3226487901476,105.382255554199,135.939298189603,46.8438704109192,22.3377053803337,22.9369972289133,149.784538269043,114.970882415771,136.403686523438,8.03570162533262,104.943119049072,161.187103271484,60.2724262795797,199.480735778809,130.068904876709,130.238876342773,76.4863765114232,0,0,0,0,0,170.113830566406,0,80.5139530181885,0,77.205261149305,0,0,0,123.415253533257,104.020034790039,106.518809088345,0,0,130.615695953369,0,172.221527099609,66.4386082585653,99.5907755715506,92.5256502593368,0,172.880126953125,0,100.109634399414,0,239.551910400391,118.637102762858
72.1091997674171,94.7542610168457,149.800949622845,112.86361469942,123.131284872691,9.10211967787116,17.9962670666639,106.612252318743,23.6669642620464,114.952799016779,110.115371162886,61.0204908401571,98.6626579948094,89.403392791748,15.4507836743349,47.5443737282712,0,127.077160401778,99.3771944547954,95.498625199,113.922634744237,125.69589138031,0,129.048728579567,113.091085333573,68.6762669881185,108.374523278439,114.017326221131,121.300396001228,11.0277697794629,107.078482701228,104.943119049072,5.78263438215992,93.9454793930054,39.4772319808173,0,166.707092285156,222.5234375,0,139.144052124023,0,184.73301188151,167.29638671875,215.037979125977,147.872848510742,221.736531575521,0,164.112522888184,0,222.565516153971,0,0,0,0,172.458358764648,0,0,0,0,158.644888305664,130.363571166992,145.042709350586,189.203105926514,172.683477548453,223.622871398926,0,0,0,0,0
33.7820584480077,90.4903335571289,101.283214992947,58.9514925541022,88.7366224016462,0,94.2247207348163,68.0213476132124,84.3383308138166,60.8891834179005,84.5242160328648,87.091826909705,92.7985636393229,156.648691813151,63.996808312156,93.8221530914307,62.0370972042992,84.8121196883065,116.452976226807,96.6615281588789,101.530619303385,61.989710585441,61.8888636997768,64.7109795775861,65.9910924077279,0,114.391270867709,102.865615018209,60.2019705940166,17.6545792842142,36.3535266437133,161.187103271484,93.9454793930054,6.38736789190792,29.5916856817033,116.115733146667,139.477416992188,145.361483256022,73.5609245300293,0,0,152.634555053711,115.887219372918,147.024959564209,146.892578125,154.888273759322,215.730255126953,114.884468078613,0,157.314353942871,0,101.089397975377,183.640922546387,0,0,158.54866027832,136.103790283203,70.0350379943848,128.248953077528,110.47272742422,0,140.849533081055,171.189981079102,117.161133652433,128.712429046631,111.512200615623,0,0,109.190933227539,146.350630760193
75.3588523932623,51.899151802063,58.4130958746116,60.3724193012013,99.6553963715175,51.369563810287,71.3363612435081,82.1144052157745,56.2201779729598,84.802857170105,91.2282977357055,24.0206511693962,93.8904653920914,49.7027164376074,46.2307324578004,107.045991724188,66.226215440559,34.4385543325897,55.4673633072679,40.9543612490663,94.9749227698874,49.6395338066504,60.6539876881008,53.4207511908382,77.7428675874074,39.984106514905,57.3234822053853,62.1684715478711,62.9359942728916,38.9801109433436,41.8173250261198,60.2724262795797,39.4772319808173,29.5916856817033,10.6506721721059,143.023853302002,83.2760516575405,95.6935163799085,78.6702409017654,120.168245488947,0,161.007870298443,133.950312121161,166.843063354492,128.268697102865,166.661321851942,118.965653896332,123.616216023763,107.407765388489,165.83371565077,176.094350179036,105.150884893876,112.703444061279,130.191606521606,106.825691768101,158.173355102539,107.038821676503,68.2824848873515,108.023239612579,120.865350948867,100.040181159973,101.462404037476,99.65789752326,128.765039888147,146.730819193522,116.143326822917,134.625350952148,189.166687011719,110.913644790649,120.216439031786
143.568868001302,88.5208282470703,144.18037553267,77.2418955848331,0,0,198.638519287109,116.364364115397,146.955574035645,102.343131256104,188.2453956604,0,0,0,145.792817335862,0,102.466187286377,132.295486450195,169.392700195312,163.227905273438,78.1951522827148,131.67162322998,86.3507034301758,143.78260456432,115.098368864793,148.143226623535,157.872346060617,157.514092643306,115.701052717729,136.631962720086,117.436723792035,199.480735778809,0,116.115733146667,143.023853302002,8.43294624941234,110.210508493277,105.69323348999,57.3324493886399,75.7853678439526,67.0381889343262,63.882632641434,29.2777881884776,20.8640127233712,63.9772699737549,48.8570809605869,96.3163203142691,90.853729957758,128.947870659106,14.2307641014342,24.4024097753126,84.9365634528958,92.6176648474856,122.050499197153,102.042134335993,83.8858312576536,61.933037684514,72.2922898280768,78.2813197761957,64.0735157111595,118.974678039551,94.8620755495848,119.690865109291,66.8470802931155,14.3077432489722,13.7108028290343,136.929748535156,72.9656569163005,22.8247420346962,48.6058913481655
146.426147460938,25.3565855026245,69.3888582017687,24.7571043234605,0,0,0,130.075841267904,143.618486404419,0,0,88.3100477854411,0,79.6686336577885,150.41011428833,0,92.4598236083984,86.4734696706136,95.5153249104818,96.074838426378,0,0,93.3157634735107,87.8367872238159,144.106252034505,60.3523855022356,85.7215452194214,70.0380509540953,141.69953473409,155.790350777762,119.710926055908,130.068904876709,166.707092285156,139.477416992188,83.2760516575405,110.210508493277,8.57213176051811,41.0700602426403,9.94303395353248,0,0,149.426706314087,100.413407389323,122.846006220037,75.4416618662432,184.885833740234,60.5120396491809,122.765644073486,53.6919973538891,129.968411532315,127.197668075562,59.805205897281,48.6386194779569,62.3213391985212,48.584160494762,0,69.4731404440744,23.3684436804891,51.9009891741204,73.6703072316719,21.1481741938908,40.667846100636,27.07622094735,96.4139749627364,101.171265920003,81.0193073272705,71.2771630968366,136.73681640625,112.319465637207,48.9530087829515
144.932988335105,74.2537235933192,84.2138068750322,68.1524840846206,0,200.08219909668,166.619318644206,144.744340684679,158.234100341797,133.923030853271,177.397188459124,145.287682851156,193.198371887207,148.157063802083,158.24343178489,0,93.0681287887249,106.665201351343,156.56819152832,128.149140857515,0,120.05493927002,58.07632869521,92.2685942847185,135.553756713867,0,113.609743846547,83.6859081017441,140.633610824059,158.236547470093,127.879587693648,130.238876342773,222.5234375,145.361483256022,95.6935163799085,105.69323348999,41.0700602426403,10.0698872473889,42.6189904030555,116.526695251465,128.898529052734,116.332552989865,80.9261456208061,110.286823822844,127.351176452637,100.860426377061,97.8241794689282,139.179075622559,86.9074474832286,124.411334075261,141.00159878201,67.3069248783345,37.7547475446849,97.5492335001628,73.2710468339138,101.106092453003,60.5688320038811,39.9833423376083,25.4591300675518,91.4971023349587,0,20.4162123621453,27.3019357920475,75.0758050946884,118.160265873296,66.7035701431497,78.4262657165527,194.082946777344,93.1624063345102,52.9557189761128
