13.0821690709899,126.569053649902,93.7530499477012,75.0748126253169,100.246935980661,89.449535369873,80.2093686975984,35.3699600622502,43.039153029169,68.0212186616043,72.0321544379945,133.833948274938,103.00981911369,152.78885269165,20.8238329349647,0,139.902488708496,98.9125303016519,146.435500335693,128.511260441371,101.481470235189,83.3832001985559,105.793870058927,91.0412226550655,86.3750742820844,0,119.489703737098,123.147693847508,87.2292050912347,23.4952140771203,40.9506566241106,150.940940856934,86.345274411715,44.8660662611561,84.9788578578404,141.143048604329,165.183261871338,165.8748254776,110.048896312714,220.487297058105,0,199.87377166748,151.099558003743,186.318926130022,111.079629262288,154.869659423828,0,96.0707702636719,146.131576538086,181.516771316528,0,135.547572742809,183.348315768772,0,224.205215454102,211.462890625,144.960891723633,112.931833902995,170.700391267475,136.683911973152,0,195.873198075728,165.929914550781,142.770664508526,159.434919530695,145.622674730089,0,0,135.859166232022,157.11124596229
126.569053649902,8.05237303803084,43.3007800640838,20.6288689545223,88.849178314209,0,88.6085891723633,115.151266188849,135.75422341483,68.5901771260199,133.243520563299,68.2239396630264,91.2277679443359,45.4107161600878,126.794043320876,101.627471923828,60.9253461664373,55.3719235050435,74.6573248643141,65.3067852783203,0,91.3054305045835,20.1246196822951,81.5691961893221,73.3035203165519,25.325443698643,52.7773568965939,35.1953939675929,102.285117449079,119.406387730649,107.53647533216,62.3653678894043,101.576440429687,117.343063354492,63.6569798787435,0,92.6292591094971,82.5640609473513,55.0885783301459,0,0,0,145.313573201497,159.31404876709,0,0,87.910026550293,0,92.1925773620605,219.567993164062,0,145.823554992676,101.854756562606,114.06166267395,133.179539998372,0,0,89.7505855560303,106.142331636869,153.577205364521,59.9128303527832,105.36194284757,92.6672981209951,170.09098815918,0,0,0,0,0,105.328375922309
93.7530499477012,43.3007800640838,12.9377123849181,63.9600964864095,128.583839416504,166.673202514648,135.245331287384,93.1964498367553,113.345810097992,102.913727470066,106.149730838988,99.3696570396423,160.825744628906,98.6072371800741,106.219712796013,141.71142578125,120.420507458673,39.7843517014989,93.9102358136858,80.6400382995605,172.46348063151,69.5744739988774,49.6376574499294,35.027253122731,113.29911417092,138.797519683838,28.3838595605689,36.6148190587155,83.5348186146715,111.973177485312,86.0855656367445,90.5423705691383,180.009008789063,123.670709569403,73.8753689078034,170.75470532869,77.2408031736101,97.2488392719401,68.9455804897629,0,0,191.539762708876,152.195744571523,175.460280113613,165.34740447998,166.451750488281,135.204956054688,0,173.545364379883,171.590261880454,0,121.642612008487,116.567953877859,155.484164767795,138.535603894685,226.127319335938,142.469102677845,81.3570062864077,113.994817946552,159.154334163034,135.870550537109,117.611076374849,96.7696619558927,162.941338139196,174.152908325195,152.256367657636,163.193115234375,182.12345123291,189.497901916504,113.414307293407
75.0748126253169,20.6288689545223,63.9600964864095,35.6133060455322,60.3886897054951,165.683261871338,89.1356678277674,67.4029134955884,82.3163250062524,19.4307271019637,86.3827152346155,68.3443708112163,90.7249950408936,56.3454127906734,83.6983120547738,54.6785125732422,49.2759529408596,64.502069698867,97.9750592158391,80.6644167017054,88.2651261829195,59.8561906849766,43.3046860820369,61.5985458979428,46.612015473566,39.3477357433205,55.3394004398826,38.745079564688,63.5419923100238,75.7641324767399,60.3196217764669,81.9582680293492,116.130742390951,66.3392620515288,71.5321900490939,80.7766782587225,67.2295029958089,106.777087376035,23.1403346495195,116.360536121187,0,127.051425170898,80.3682448863983,119.981467044715,19.8253313261887,132.188718102195,112.700354258219,61.3325004577637,108.194678039551,111.222117704504,0,66.3069389805649,110.777214050293,182.013427734375,117.473997116089,136.437299728394,85.5496555127596,61.6237603596279,91.3275231200379,65.9257530388465,76.6000299453735,113.219641840735,94.2486741286058,91.4778939882914,99.3269666588825,82.8495687685515,91.5461730957031,0,93.8340425491333,102.688649204799
100.246935980661,88.849178314209,128.583839416504,60.3886897054951,10.672725223603,131.549045562744,69.3280171031234,71.4387765349003,108.298390972677,55.7569586211889,25.1033679202204,170.276660919189,35.8559243789517,163.780405680339,112.003530845368,77.6088774204254,129.754272460938,153.314125061035,0,169.908416748047,13.8378054495159,145.027161734445,74.2753839163945,163.522401428223,23.0689647334112,163.620859781901,159.285122765435,130.898381255394,20.726701196636,108.205903681557,112.180861473083,210.901321411133,142.743441581726,96.8286283281114,97.6629736538591,153.644342041016,0,160.64719136556,87.3528971549792,35.7880891654987,0,144.835381531134,137.743240805233,146.223987461365,95.1713611814711,138.72002267479,204.520579020182,39.3168053202485,0,134.810831705729,0,148.917304992676,206.831130981445,0,247.278564453125,75.0889752457995,155.237182617188,170.457077026367,169.233144124349,119.694056606167,0,0,205.76394514604,151.694850963705,137.498017311096,146.465964317322,0,0,146.222208658854,134.136098734538
89.449535369873,0,166.673202514648,165.683261871338,131.549045562744,7.10789265346307,12.6401982317806,128.18028678894,29.4479491141059,61.8716247558594,113.8218542099,65.0318176905314,95.5397910446417,72.5040826797485,51.1018501191981,18.6927403619888,0,171.627436319987,96.8756288800921,79.0865180969238,121.080940564473,102.542594909668,114.371940612793,147.233174641927,82.2221627807617,72.7282180786133,119.648671663724,131.684464009603,131.050477808172,22.5480706182301,105.660144042969,96.9405746459961,10.7964161182315,45.9093456268311,34.01512441181,0,0,209.693405151367,146.412185668945,129.687347412109,0,0,189.28719329834,204.626770019531,0,0,0,0,0,0,0,164.709121704102,0,0,150.279495239258,0,0,0,232.385223388672,190.727971394857,0,0,121.298980712891,199.827536010742,0,200.530563354492,0,0,0,214.853149414062
80.2093686975984,88.6085891723633,135.245331287384,89.1356678277674,69.3280171031234,12.6401982317806,10.7671883339935,68.2742188369873,20.306780016706,62.7277302336849,30.0259656813847,86.0097643459545,33.0598376628023,91.3545310974121,46.7251594529262,13.857104253988,0,152.651078597359,112.182232326931,126.1957160102,53.3772209125581,127.919592539469,113.058968135289,132.848243425477,74.5809183891662,125.014804840088,149.904136445787,150.581251587531,71.3036441825524,53.0999017490459,113.912145459974,100.878568013509,24.8810082245017,74.0279725392659,56.2462141337562,172.61501566569,156.684234619141,185.007581270658,101.927943638393,152.942628993544,0,168.907852172852,154.064456773841,163.293363989853,133.748796081543,159.708863043016,0,70.5164803956684,147.622001647949,189.261357625326,0,178.435381571452,202.659939575195,0,0,162.1843846639,147.068874782986,205.338439941406,171.368519374302,141.180569648743,0,139.849716186523,207.194646199544,154.146366565258,181.671531313942,168.798562269944,0,242.387847900391,140.498713175456,164.98229675293
35.3699600622502,115.151266188849,93.1964498367553,67.4029134955884,71.4387765349003,128.18028678894,68.2742188369873,11.77776150816,68.844877051233,65.4387887923993,21.3269177982264,158.349092705305,71.0379226735208,157.319747613401,51.222990650252,94.4585360013522,97.3129559141217,115.390608233284,161.817516551298,149.952922120386,104.403865975849,74.8251866163426,87.5970254870953,80.6042514085022,62.1224806180543,147.942201886858,123.632800025966,117.402975585563,27.9906816834676,63.0698036158756,24.3797559618417,149.551294261012,134.875357709612,72.0050144949494,82.1664779923243,154.196665445964,133.785406385149,160.60132140116,96.1335120749685,154.143504966389,0,153.181195269574,135.75770198532,160.665187799363,121.635168965658,150.518062884991,187.810974121094,152.094933646066,215.60506439209,168.705366952079,133.73811340332,143.423650258995,184.985176220275,0,192.862055460612,161.671058000837,146.651018778483,123.594392518739,161.72901803643,125.116053053407,203.107231140137,184.366843795776,162.10186329826,139.878138657772,159.081650204129,144.372333504039,222.979721069336,0,146.093076963682,157.003945975468
43.039153029169,135.75422341483,113.345810097992,82.3163250062524,108.298390972677,29.4479491141059,20.306780016706,68.844877051233,13.870243372962,84.9041257009019,39.6644259177131,78.340395197946,88.2287593069984,93.9297915278254,19.9983154612772,46.3826157639273,161.917224884033,128.372639253649,111.883115924773,125.577968453461,104.084287033081,119.037923639471,119.663886600071,112.027325860778,87.0796362055775,92.0223190307617,140.093412081946,142.663714447497,90.8484998572012,35.3012075979211,85.0263763554891,120.802351209852,21.3077861832635,100.781532440186,59.2183531169019,171.701117882362,183.705520629883,174.047111002604,118.625067970969,154.078722502056,0,163.92712871845,152.463160860366,174.626440773548,115.880658236417,168.431591415405,229.612564086914,116.940289306641,107.7180519104,179.850160681683,170.201377868652,146.58835144043,195.486582438151,0,202.173034667969,173.042485555013,163.037098354763,170.745933532715,185.833663304647,142.055888920765,121.779415130615,182.754812352798,177.13180287679,156.205258687337,168.270705540975,159.336256495062,0,0,164.804376874651,176.209877707741
68.0212186616043,68.5901771260199,102.913727470066,19.4307271019637,55.7569586211889,61.8716247558594,62.7277302336849,65.4387887923993,84.9041257009019,9.72980699790557,73.7923797263755,118.639286864038,10.4015214721667,109.128679567339,82.0355004902127,18.2365374743153,45.9412160669483,121.59110634282,140.062342507499,122.348660363091,43.9702652617863,58.4575678572863,21.51860668992,91.5260756787636,24.9694872038521,95.1563182273458,118.083807779254,99.1592324070628,61.6348305347755,69.946611744567,55.5130354541472,133.236966281467,119.816062927246,60.7567120151243,87.1779720497868,99.6548320225307,163.044860839844,161.447039031982,53.7923211778913,139.687808658766,0,149.002549391526,111.600083951597,146.038943383002,20.9530014369799,129.867892097024,149.434914482964,42.6904743078983,147.113287723426,146.992869377136,0,94.8039133707682,165.873996510225,147.924674987793,173.831286621094,108.493117438422,104.040557861328,52.9677820205688,157.176148550851,90.0957952723329,142.741786532932,163.164711634318,161.346209382358,109.239591562523,125.130890239369,86.73974498113,153.456690470378,0,101.568817138672,148.356512069702
72.0321544379945,133.243520563299,106.149730838988,86.3827152346155,25.1033679202204,113.8218542099,30.0259656813847,21.3269177982264,39.6644259177131,73.7923797263755,14.5195076021945,146.707668728299,34.8285716372803,163.658307495117,66.3361450677768,74.4562367427687,147.990272521973,142.173143064821,176.601704524114,166.092257181803,20.6263548503789,96.8065502643585,99.3487219303212,102.237887923782,55.3502547355184,171.224060058594,136.623871046751,133.71092960162,29.2332686544784,94.8855434245459,88.5921441230221,167.945081438337,120.490022555265,84.2467140878638,88.9694316521927,170.312767982483,176.409103393555,169.052054511176,105.183384912664,106.14285151442,204.391876220703,160.414023611281,149.1605597602,168.391426188151,118.236502408981,161.407732017367,0,112.166647768569,174.617660522461,184.831661126552,193.449447631836,159.803275638156,186.006536211286,220.238891601562,0,162.996561636333,158.990920122932,157.842226028442,172.452682495117,131.785274974975,228.841186523438,198.606289950284,184.067308533866,154.55001609744,181.56536462172,160.510231018066,0,221.592885335286,160.272584915161,174.85622660319
133.833948274938,68.2239396630264,99.3696570396423,68.3443708112163,170.276660919189,65.0318176905314,86.0097643459545,158.349092705305,78.340395197946,118.639286864038,146.707668728299,14.4553896457094,145.376066626572,30.1121326413018,92.8186321818263,61.1625503540039,125.107604980469,52.8606923859695,25.8866036737933,20.9939054732916,153.208789825439,94.0305300132901,85.6826852378199,92.0058455058507,142.494640184485,37.0444182409756,31.9603600198391,66.5729635180578,146.390144835127,70.0020364496311,108.399401473999,42.525141411176,59.7241315264163,100.035411106067,27.916638440429,0,129.250323704311,141.240436808268,72.9329040928891,226.233901977539,0,0,169.899841308594,137.44136428833,156.05485534668,219.333470662435,85.9747878258381,186.672012329102,72.1252567740048,195.548980712891,0,155.906829833984,147.961875915527,95.6764828912143,111.016841273154,0,167.739654541016,137.037616729736,165.872441101074,184.666337966919,64.4164182935442,94.060772810931,93.1560137899298,171.825538635254,104.169357299805,182.456169128418,87.7575533206646,134.38996887207,175.993362426758,134.260506947835
103.00981911369,91.2277679443359,160.825744628906,90.7249950408936,35.8559243789517,95.5397910446417,33.0598376628023,71.0379226735208,88.2287593069984,10.4015214721667,34.8285716372803,145.376066626572,11.2389179521552,148.278522290682,103.818857546864,25.4838952003641,190.281463623047,172.242950439453,178.049572753906,159.610580444336,16.448948156198,152.906692504883,96.6024112701416,168.802800496419,17.427705914774,135.436447143555,179.74235534668,157.796867370605,55.5769488551457,96.8273634589194,136.480475870768,165.068626403809,119.4832566169,99.9504535816334,93.2230948541985,174.896286010742,184.041305541992,200.898025512695,111.319934590658,89.2302379226685,0,118.173334201177,128.364847036508,151.928680173812,92.2361362457275,139.433422879475,160.662887573242,11.9132562417659,210.622596740723,154.345841725667,0,195.292739868164,0,0,205.360366821289,64.9803477808372,0,175.388809204102,161.742340087891,125.935410520956,0,230.315902709961,218.252436319987,153.926326090495,177.15127919515,209.429248046875,0,147.129440307617,184.278945922852,136.401458740234
152.78885269165,45.4107161600878,98.6072371800741,56.3454127906734,163.780405680339,72.5040826797485,91.3545310974121,157.319747613401,93.9297915278254,109.128679567339,163.658307495117,30.1121326413018,148.278522290682,8.87253025763535,114.363876342773,148.290269215902,123.818029469457,105.64359749688,52.8855751608587,75.5467309951782,166.246988932292,141.865417686669,77.987940907941,113.325561994388,127.579088754292,18.7821497192989,51.0029886076608,31.4056963570067,165.526004972912,91.2528121948242,145.567038944789,14.2306082941298,69.3524197919653,139.630744934082,51.8786125560798,180.983139038086,96.1716012221116,145.078848702567,55.3514826209457,209.55940246582,99.3124885559082,144.442097981771,246.235092163086,122.624062971635,156.731560601128,184.103424072266,75.9580688366945,0,63.3661216506759,153.483131408691,0,200.613510131836,165.2710105896,87.6466163966967,108.718097432454,0,163.975357055664,120.409697977702,186.89801461356,192.987828935896,50.4864697908407,88.3607330482997,82.1762098239369,207.4543800354,123.555349731445,162.798093159993,84.8973045349121,116.12523324149,0,103.159530353546
20.8238329349647,126.794043320876,106.219712796013,83.6983120547738,112.003530845368,51.1018501191981,46.7251594529262,51.222990650252,19.9983154612772,82.0355004902127,66.3361450677768,92.8186321818263,103.818857546864,114.363876342773,11.2718044563913,55.7402975592815,158.998721403234,117.625581188119,120.051590670072,140.089750397071,107.64794075568,99.8962200368086,117.428111788593,102.951208917718,94.2131109272992,113.216968536377,134.320747564723,138.936629604925,97.5197250605605,21.9846499454137,67.0924723961136,148.665618260702,13.6565920275284,82.9323680064822,61.6231274258664,170.640520881204,172.985928344727,171.96194934845,108.521562576294,152.469313621521,0,164.361618889703,152.783382960728,181.987238202776,131.908360072545,187.945237053765,209.157073974609,118.122823588053,165.996447753906,180.09593149821,0,154.339228012983,187.877969741821,0,214.032665252686,185.138389587402,157.124499234286,149.340111541748,178.687419218176,144.608056485653,0,194.60253742763,179.258160188708,155.37053862575,171.887617111206,151.59690835341,0,0,157.070855776469,166.347159767151
0,101.627471923828,141.71142578125,54.6785125732422,77.6088774204254,18.6927403619888,13.857104253988,94.4585360013522,46.3826157639273,18.2365374743153,74.4562367427687,61.1625503540039,25.4838952003641,148.290269215902,55.7402975592815,9.88002541445817,171.390594482422,136.0896581014,0,143.091567993164,68.326709288585,0,71.2852089621804,167.987648010254,35.287890379159,129.557182312012,153.957089742025,132.790156731239,90.6673836086107,63.4040890300975,0,155.040283203125,37.2515319413405,79.1436201731364,40.8543836330545,0,0,0,210.992889404297,228.660232543945,0,218.742782592773,139.993988037109,154.83512878418,0,192.034759521484,0,67.3227293226454,0,156.104080200195,0,0,188.711380004883,0,0,164.000076293945,0,0,0,150.24319712321,0,0,160.91722869873,114.711555480957,0,0,0,0,0,0
139.902488708496,60.9253461664373,120.420507458673,49.2759529408596,129.754272460938,0,0,97.3129559141217,161.917224884033,45.9412160669483,147.990272521973,125.107604980469,190.281463623047,123.818029469457,158.998721403234,171.390594482422,13.3790857227916,115.379956817627,129.125093460083,127.814940261841,207.845413208008,18.579836918223,34.5135970456377,20.9442749451232,21.2806412391952,110.6651375063,110.699362207632,41.883261137255,36.177752137468,100.236068974371,77.2333329791672,138.744798932757,146.983383178711,95.5165592540394,93.4371684249954,146.159624735514,140.713570912679,103.368765864812,92.4926210403442,0,0,182.05500793457,148.220162455241,182.747019958496,131.106236775716,150.679525375366,193.598114013672,0,183.028849283854,177.547626495361,0,99.4921073790221,152.949432774594,172.817253112793,170.925876015111,0,122.272136472306,62.330758523776,107.192154477374,124.051772234733,0,160.555164899982,105.10556498309,137.702537769225,155.59425755551,123.196704399295,0,0,110.402992248535,122.681358593853
98.9125303016519,55.3719235050435,39.7843517014989,64.502069698867,153.314125061035,171.627436319987,152.651078597359,115.390608233284,128.372639253649,121.59110634282,142.173143064821,52.8606923859695,172.242950439453,105.64359749688,117.625581188119,136.0896581014,115.379956817627,11.3456632416961,60.8386810209186,25.6401054777609,197.49169921875,52.1295371317146,76.1934732691447,29.3359711125089,129.695682063522,99.4545715332031,41.9070030072794,66.7390659423621,123.355410814865,88.7951669448282,75.6185587303743,102.604916981288,93.8307266235352,89.364682154869,37.0073714275137,183.50263560902,86.1391707055363,108.505625470407,101.755238718061,208.389373779297,219.683868408203,204.949432373047,166.570484284432,185.984007093641,188.504608154297,187.427913318981,141.408198765346,0,150.810864257813,182.034421174423,188.636245727539,147.087368520101,119.753905611557,155.491059736772,128.627997151921,0,164.001413499987,105.443568880596,135.70078872744,177.186506509781,106.697327931722,115.115271318598,107.246363459657,189.071047306061,198.993392944336,166.477057513069,144.762992858887,149.193817138672,194.328872680664,123.847457038032
146.435500335693,74.6573248643141,93.9102358136858,97.9750592158391,0,96.8756288800921,112.182232326931,161.817516551298,111.883115924773,140.062342507499,176.601704524114,25.8866036737933,178.049572753906,52.8855751608587,120.051590670072,0,129.125093460083,60.8386810209186,9.04532216474733,13.3814507104764,179.387145996094,115.101387023926,109.488823300316,102.407529067993,148.294032732646,48.9096237032601,25.7351736739436,63.6790578309133,164.837648831881,103.12830889225,125.288094202677,50.5781814517242,87.2185667355855,108.621358598982,61.3446997505272,0,95.804874420166,148.233290100098,109.529516220093,0,0,0,0,0,0,0,101.71777167687,0,89.3924757988898,0,0,198.25309753418,138.300815235485,106.795091455633,116.091600472586,0,0,160.675489153181,173.305511474609,201.478983561198,71.3668481963021,104.981341673836,102.093587434472,201.369155883789,0,0,109.085611615862,0,0,144.454710642497
128.511260441371,65.3067852783203,80.6400382995605,80.6644167017054,169.908416748047,79.0865180969238,126.1957160102,149.952922120386,125.577968453461,122.348660363091,166.092257181803,20.9939054732916,159.610580444336,75.5467309951782,140.089750397071,143.091567993164,127.814940261841,25.6401054777609,13.3814507104764,9.61816505753141,154.880950927734,87.6725907103143,101.285178527832,80.246963940551,140.554429907548,50.3811308288574,28.6977023471964,68.0632120512061,147.180032978887,107.370065527179,101.728669281906,69.057361125946,80.2967478434245,102.222411713043,42.8148822990715,201.71354675293,88.866030314612,126.833760927801,87.5941095352173,0,0,0,179.598841349284,206.259897867839,163.634704589844,0,104.412223815918,237.073394775391,114.954340108236,200.99441019694,0,163.567173549107,122.805335096134,119.754892349243,114.049235593925,0,168.327073233468,132.937336730957,162.426974232992,181.392579650879,81.852071685791,104.813811228826,109.052133200135,198.956872558594,173.635111490885,172.765652656555,129.936541748047,0,0,122.112467787001
101.481470235189,0,172.46348063151,88.2651261829195,13.8378054495159,121.080940564473,53.3772209125581,104.403865975849,104.084287033081,43.9702652617863,20.6263548503789,153.208789825439,16.448948156198,166.246988932292,107.64794075568,68.326709288585,207.845413208008,197.49169921875,179.387145996094,154.880950927734,8.52904203678594,215.198440551758,103.702781677246,186.053503417969,24.0752277865642,0,200.767724990845,185.059921264648,43.1409491154326,101.583516641197,124.764937506782,0,135.93147277832,92.9793928097456,93.0923249080263,193.763061523438,203.19172668457,0,97.09323052799,26.8957435404256,0,148.626147588094,147.182058970133,160.635820176866,98.9777840205601,134.932313165547,0,12.5949474863979,0,156.800731312145,114.936248779297,0,209.899566650391,0,241.18571472168,43.9913163818891,0,0,0,124.553424131965,0,0,223.606747436523,154.691866046093,155.731695556641,184.996760050456,0,0,91.1434326171875,154.727347373962
83.3832001985559,91.3054305045835,69.5744739988774,59.8561906849766,145.027161734445,102.542594909668,127.919592539469,74.8251866163426,119.037923639471,58.4575678572863,96.8065502643585,94.0305300132901,152.906692504883,141.865417686669,99.8962200368086,0,18.579836918223,52.1295371317146,115.101387023926,87.6725907103143,215.198440551758,13.2981316772806,58.2416346490503,31.6889512468689,61.8111358731641,129.562791329843,104.331732891224,81.1983600583175,36.5154183687806,62.9938980471849,28.9070763124923,147.038355146136,111.756524562836,47.095705049097,43.9104118436897,146.114088948568,148.366414751325,138.361276670944,99.4072610955489,187.179763793945,0,196.137557983398,148.569206476212,154.790140325373,107.593663533529,169.957094828288,178.049118041992,188.177856445312,230.766311645508,161.251281738281,0,116.001430353689,161.986109008789,173.628667195638,176.041441599528,0,126.522670153128,99.0584318681197,122.677217808054,122.396035190904,193.963516235352,164.735036076726,139.998566599287,131.747308234207,143.151984405518,124.099337806,0,0,127.301855904715,133.779832657524
105.793870058927,20.1246196822951,49.6376574499294,43.3046860820369,74.2753839163945,114.371940612793,113.058968135289,87.5970254870953,119.663886600071,21.51860668992,99.3487219303212,85.6826852378199,96.6024112701416,77.987940907941,117.428111788593,71.2852089621804,34.5135970456377,76.1934732691447,109.488823300316,101.285178527832,103.702781677246,58.2416346490503,9.5497418383339,54.44265348119,34.0947288890971,61.2661249637604,93.1016959944321,44.0636997552217,69.6426132632996,111.81793257478,68.1490597263459,100.660871169146,130.84281539917,69.9231325496327,64.1899213120957,140.601089477539,130.741011301676,80.0457317053753,79.8339012622833,157.143592834473,0,190.174921671549,131.164017310509,158.862102762858,180.885345458984,132.0113697052,121.524495442708,0,117.475628880092,149.157717536477,164.694564819336,63.0607867183057,108.132535490879,127.282398223877,134.269513956706,243.127685546875,104.045784802504,31.1794764620534,80.1005434461862,126.106121621481,81.6906978062221,126.545679053482,73.6463729124383,125.896956307547,173.264803799716,122.92925567627,157.657623291016,0,134.029075622559,97.0645309945811
91.0412226550655,81.5691961893221,35.027253122731,61.5985458979428,163.522401428223,147.233174641927,132.848243425477,80.6042514085022,112.027325860778,91.5260756787636,102.237887923782,92.0058455058507,168.802800496419,113.325561994388,102.951208917718,167.987648010254,20.9442749451232,29.3359711125089,102.407529067993,80.246963940551,186.053503417969,31.6889512468689,54.44265348119,17.3067787132548,66.8201181227944,119.672749473935,76.159678190261,48.5353840082014,61.9064808959843,88.6388285208846,59.999246185438,124.055656696188,152.475680457221,76.7586384314995,46.8839079792773,179.632567405701,121.719105255909,107.483316915956,104.962022341215,179.508033752441,0,194.819506835937,157.991805221095,183.943835449219,142.197891235352,174.529191371373,162.94627571106,0,195.653747558594,181.943124571843,195.849853515625,108.434195349514,144.392883000608,176.053681807085,163.230182209953,0,130.503940953618,80.4646230068685,115.706592963004,143.71907732255,0,153.512028409034,109.532149132609,154.165650400301,178.828283309937,137.654992919037,189.304550170898,0,156.647793509743,133.15585203651
86.3750742820844,73.3035203165519,113.29911417092,46.612015473566,23.0689647334112,82.2221627807617,74.5809183891662,62.1224806180543,87.0796362055775,24.9694872038521,55.3502547355184,142.494640184485,17.427705914774,127.579088754292,94.2131109272992,35.287890379159,21.2806412391952,129.695682063522,148.294032732646,140.554429907548,24.0752277865642,61.8111358731641,34.0947288890971,66.8201181227944,14.3089967288474,111.517387838925,123.325441775115,93.6720903097952,26.285687970966,92.1678583244829,73.3945968356023,144.255912508283,145.125519104004,76.7483190825261,95.4705644292337,138.307097775596,150.278776486715,151.217425574326,70.3708670834461,130.964933686223,176.633834838867,136.536992570466,122.133694325961,145.594995424068,78.0495396027198,132.669511982039,196.379857381185,75.0499348116445,170.251099480523,157.174086358812,94.3846155802409,116.327930395473,171.046897888184,192.881628417969,192.045327758789,127.697572506175,128.313123376246,105.600644103752,132.579164946444,106.334360496537,160.248042179988,172.2254707887,157.994493603933,125.33590121279,147.564857726873,126.293461071225,199.674652099609,184.605377197266,133.730511244907,141.005646279331
0,25.325443698643,138.797519683838,39.3477357433205,163.620859781901,72.7282180786133,125.014804840088,147.942201886858,92.0223190307617,95.1563182273458,171.224060058594,37.0444182409756,135.436447143555,18.7821497192989,113.216968536377,129.557182312012,110.6651375063,99.4545715332031,48.9096237032601,50.3811308288574,0,129.562791329843,61.2661249637604,119.672749473935,111.517387838925,7.55973394818735,45.5458829233555,29.3542917924223,144.352436610631,100.735150745937,141.864631652832,47.6680012279087,119.907646179199,0,62.5007420208143,0,86.7743406295776,131.368727111816,37.2306094068162,0,95.0753479003906,0,0,134.233425140381,135.922004699707,0,61.7621098029904,0,51.965653164286,127.932052612305,0,160.058944702148,112.79176902771,78.490126900051,90.4119012015206,0,0,121.174695968628,0,245.81803894043,36.0212153011991,78.9113639980168,72.3893973632735,0,90.7205607096354,0,81.2772988406095,0,0,108.905651092529
119.489703737098,52.7773568965939,28.3838595605689,55.3394004398826,159.285122765435,119.648671663724,149.904136445787,123.632800025966,140.093412081946,118.083807779254,136.623871046751,31.9603600198391,179.74235534668,51.0029886076608,134.320747564723,153.957089742025,110.699362207632,41.9070030072794,25.7351736739436,28.6977023471964,200.767724990845,104.331732891224,93.1016959944321,76.159678190261,123.325441775115,45.5458829233555,16.7208265963022,39.2899359594831,124.844178107951,121.041885018856,112.631086712014,35.1898088937832,109.340826914861,122.708556625869,62.5264119322599,174.920400446112,74.4138512117317,103.247436224923,97.0745863728709,0,0,218.307683308919,179.746955732866,186.84617895829,164.630449056625,189.19534640842,115.544570038284,0,91.458459011344,198.765349070231,172.728118896484,149.110675518329,107.794853696764,105.987213295723,107.197396215075,238.384053548177,149.74248590777,126.268026849498,144.373967279172,171.449977295308,69.5341230219061,97.4604317036587,97.5570738154718,189.189896165279,179.975147579027,161.623552683237,106.249129734682,138.872955322266,162.068473815918,113.071165712201
123.147693847508,35.1953939675929,36.6148190587155,38.745079564688,130.898381255394,131.684464009603,150.581251587531,117.402975585563,142.663714447497,99.1592324070628,133.71092960162,66.5729635180578,157.796867370605,31.4056963570067,138.936629604925,132.790156731239,41.883261137255,66.7390659423621,63.6790578309133,68.0632120512061,185.059921264648,81.1983600583175,44.0636997552217,48.5353840082014,93.6720903097952,29.3542917924223,39.2899359594831,16.3564849092894,86.7962059484557,123.5203245551,115.101079717295,22.7147822332185,105.466190850557,127.207363202734,67.941193614213,166.487550947401,75.566355173436,97.4037129241828,72.5397383456619,207.156391143799,0,193.74755132766,157.292189243862,178.324297778374,172.123420864928,173.314098255054,124.720991330726,223.45627339681,95.1395108180763,174.298964599356,187.333160400391,115.414541099926,110.086362532136,110.440253351776,111.672691163206,182.172576904297,141.184805023838,82.4978122507405,114.759181508905,158.859499004152,71.7251153198078,98.5067874168942,94.2358120830134,165.381450078259,178.618917618675,154.468303140968,114.882100304892,151.139948163714,168.26171429952,113.159890214411
87.2292050912347,102.285117449079,83.5348186146715,63.5419923100238,20.726701196636,131.050477808172,71.3036441825524,27.9906816834676,90.8484998572012,61.6348305347755,29.2332686544784,146.390144835127,55.5769488551457,165.526004972912,97.5197250605605,90.6673836086107,36.177752137468,123.355410814865,164.837648831881,147.180032978887,43.1409491154326,36.5154183687806,69.6426132632996,61.9064808959843,26.285687970966,144.352436610631,124.844178107951,86.7962059484557,12.9069985045789,89.3915022822487,45.5019937307987,156.866201400757,136.937871579771,71.6831605804846,76.7506694706674,145.054752393701,157.10772857666,151.5824326129,92.9392560774905,155.713663572878,203.264572143555,157.761816624233,135.070464985483,157.620033767418,105.943635435186,154.149236848083,221.778102874756,111.991880044005,202.54508972168,162.249724174948,169.436260223389,124.497939332162,174.225091231497,180.809341430664,191.857025146484,161.94226313052,134.13245221443,115.149565007136,144.744730255127,124.887317244248,159.704940795898,190.691204692042,153.014252313293,139.774690287746,153.918495105562,129.245984875806,0,0,133.764545393579,145.543485461541
23.4952140771203,119.406387730649,111.973177485312,75.7641324767399,108.205903681557,22.5480706182301,53.0999017490459,63.0698036158756,35.3012075979211,69.946611744567,94.8855434245459,70.0020364496311,96.8273634589194,91.2528121948242,21.9846499454137,63.4040890300975,100.236068974371,88.7951669448282,103.12830889225,107.370065527179,101.583516641197,62.9938980471849,111.81793257478,88.6388285208846,92.1678583244829,100.735150745937,121.041885018856,123.5203245551,89.3915022822487,12.3221964154382,30.2184124101654,122.060361295133,11.0965582936663,14.1372979450621,39.9838222430744,155.538646898772,160.428996494838,170.50554670854,90.8785845075335,156.484446207682,0,189.947906494141,152.054898579915,185.241712130033,121.740130106608,179.239132351345,0,111.592830200195,117.259616851807,176.48184640067,196.727935791016,125.183098037522,177.17906335684,160.902652740479,183.56923505995,204.944869995117,137.02038886812,112.37410736084,153.273983689605,145.142699751274,107.677703857422,176.300169372559,165.310442074325,147.097392550783,163.56679107666,136.762719610463,125.770927429199,0,151.246162202623,148.316066741943
40.9506566241106,107.53647533216,86.0855656367445,60.3196217764669,112.180861473083,105.660144042969,113.912145459974,24.3797559618417,85.0263763554891,55.5130354541472,88.5921441230221,108.399401473999,136.480475870768,145.567038944789,67.0924723961136,0,77.2333329791672,75.6185587303743,125.288094202677,101.728669281906,124.764937506782,28.9070763124923,68.1490597263459,59.999246185438,73.3945968356023,141.864631652832,112.631086712014,115.101079717295,45.5019937307987,30.2184124101654,13.5499770908934,153.574903700087,139.708196640015,39.4234641252112,42.6541476717013,145.880914758753,154.872377183702,152.796511309487,88.977580935456,204.406356811523,0,174.31286315918,148.223787716457,169.205076694489,118.839510599772,159.213107299805,0,119.09107208252,0,160.921466212119,0,115.908734812881,172.339131807026,189.468902587891,183.977372233073,218.645416259766,127.022219211497,106.566174051036,134.589567780495,124.868923441569,0,181.838615099589,156.752237112626,129.129360067433,147.528557859821,120.281639506626,0,0,123.336143689278,129.255789345189
150.940940856934,62.3653678894043,90.5423705691383,81.9582680293492,210.901321411133,96.9405746459961,100.878568013509,149.551294261012,120.802351209852,133.236966281467,167.945081438337,42.525141411176,165.068626403809,14.2306082941298,148.665618260702,155.040283203125,138.744798932757,102.604916981288,50.5781814517242,69.057361125946,0,147.038355146136,100.660871169146,124.055656696188,144.255912508283,47.6680012279087,35.1898088937832,22.7147822332185,156.866201400757,122.060361295133,153.574903700087,7.69636566213129,99.2399286123423,133.275100708008,77.4700224003737,224.591690063477,129.69176940918,163.731170654297,70.9456166354093,0,0,0,216.442672729492,129.515747070312,0,0,100.32839856829,0,82.5229618390401,150.143180847168,0,173.798530578613,151.978243509928,104.177277357682,113.914120941162,0,149.078598022461,144.499816894531,203.478993733724,199.010670979818,67.8998319120968,101.441781384095,98.8481494399095,0,132.907440185547,0,102.051137020713,0,0,133.829579892366
86.345274411715,101.576440429687,180.009008789063,116.130742390951,142.743441581726,10.7964161182315,24.8810082245017,134.875357709612,21.3077861832635,119.816062927246,120.490022555265,59.7241315264163,119.4832566169,69.3524197919653,13.6565920275284,37.2515319413405,146.983383178711,93.8307266235352,87.2185667355855,80.2967478434245,135.93147277832,111.756524562836,130.84281539917,152.475680457221,145.125519104004,119.907646179199,109.340826914861,105.466190850557,136.937871579771,11.0965582936663,139.708196640015,99.2399286123423,5.04539922029895,83.8638286590576,30.9587823286751,197.279891967773,111.550102233887,228.32405090332,124.73673248291,0,0,205.460266113281,175.759521484375,185.092544555664,0,224.469879150391,0,122.716804504395,106.064548492432,212.937721252441,0,157.71955871582,0,0,0,0,0,0,0,188.23365347726,131.330301920573,138.83827718099,136.619577407837,183.580520629883,209.021522521973,0,0,0,0,208.970832824707
44.8660662611561,117.343063354492,123.670709569403,66.3392620515288,96.8286283281114,45.9093456268311,74.0279725392659,72.0050144949494,100.781532440186,60.7567120151243,84.2467140878638,100.035411106067,99.9504535816334,139.630744934082,82.9323680064822,79.1436201731364,95.5165592540394,89.364682154869,108.621358598982,102.222411713043,92.9793928097456,47.095705049097,69.9231325496327,76.7586384314995,76.7483190825261,0,122.708556625869,127.207363202734,71.6831605804846,14.1372979450621,39.4234641252112,133.275100708008,83.8638286590576,6.43741574173701,24.1354429755094,160.947331746419,128.913185119629,137.853747281161,99.0534248352051,178.671493530273,0,0,140.896224975586,179.188911437988,146.508811950684,199.88373819987,0,106.871574401855,123.685501098633,148.296632130941,0,116.766583469936,183.482788085938,0,175.961349487305,207.754776000977,130.569201469421,111.509072440011,148.196673801967,135.997846889496,0,181.298999023437,178.635467847188,136.00839221093,165.097981589181,123.064317570176,0,0,153.654083251953,137.09575398763
84.9788578578404,63.6569798787435,73.8753689078034,71.5321900490939,97.6629736538591,34.01512441181,56.2462141337562,82.1664779923243,59.2183531169019,87.1779720497868,88.9694316521927,27.916638440429,93.2230948541985,51.8786125560798,61.6231274258664,40.8543836330545,93.4371684249954,37.0073714275137,61.3446997505272,42.8148822990715,93.0923249080263,43.9104118436897,64.1899213120957,46.8839079792773,95.4705644292337,62.5007420208143,62.5264119322599,67.941193614213,76.7506694706674,39.9838222430744,42.6541476717013,77.4700224003737,30.9587823286751,24.1354429755094,11.3713507324316,168.527745333585,85.3831849581953,110.460692686954,87.1338177385001,176.217999545011,0,200.090014648437,151.03896552638,187.07785542806,165.107232411702,168.175997416178,139.321187973022,100.282927619086,91.8559899049647,192.438170433044,0,119.397262573242,124.018930126807,138.955268859863,125.170261578682,0,133.468271377239,100.717130915324,125.411966501556,145.412086372089,99.7196115605971,115.970722644887,112.068657445486,146.298223406355,162.344816335042,133.824423895942,122.785531616211,0,147.904582977295,125.16110599041
141.143048604329,0,170.75470532869,80.7766782587225,153.644342041016,0,172.61501566569,154.196665445964,171.701117882362,99.6548320225307,170.312767982483,0,174.896286010742,180.983139038086,170.640520881204,0,146.159624735514,183.50263560902,0,201.71354675293,193.763061523438,146.114088948568,140.601089477539,179.632567405701,138.307097775596,0,174.920400446112,166.487550947401,145.054752393701,155.538646898772,145.880914758753,224.591690063477,197.279891967773,160.947331746419,168.527745333585,11.4844526467461,124.289309910366,110.351162841103,71.9384293014353,96.9500070937136,79.5711431503296,94.2812162580944,34.5533959372022,58.7094383120138,71.7713631883179,62.6752637882655,113.328405272286,101.957811355591,147.507528940837,20.7059145853278,119.414173126221,94.4335034392601,102.876584065266,128.563731544896,120.884885385496,98.4511690001557,85.994162910173,100.779780578613,97.716158510604,85.4098268649095,124.789360046387,119.450870632201,133.395443863111,85.7304203619824,22.5881693965769,36.9857566487667,147.067128499349,71.5918766368519,40.9480006166561,68.9560036539432
165.183261871338,92.6292591094971,77.2408031736101,67.2295029958089,0,0,156.684234619141,133.785406385149,183.705520629883,163.044860839844,176.409103393555,129.250323704311,184.041305541992,96.1716012221116,172.985928344727,0,140.713570912679,86.1391707055363,95.804874420166,88.866030314612,203.19172668457,148.366414751325,130.741011301676,121.719105255909,150.278776486715,86.7743406295776,74.4138512117317,75.566355173436,157.10772857666,160.428996494838,154.872377183702,129.69176940918,111.550102233887,128.913185119629,85.3831849581953,124.289309910366,7.76791102860143,53.3032670570762,18.8350117403957,0,0,151.562126159668,113.801421508789,144.995090778057,61.9182644421541,156.834295654297,86.9962469402113,162.636093139648,57.6123269981808,127.924370901925,99.8388622283936,58.7960215240228,58.0334851443768,77.4498616173154,61.9635196921014,221.294021606445,96.4661533355713,15.5655610259831,74.2201214152805,73.5205130285146,25.9231007012783,51.2907226587597,33.966409057638,115.823755052355,128.454011336617,107.063059026545,67.3998916262672,122.789169311523,129.904113769531,61.2927053081455
