9.23773221969605,0,70.2439498901367,60.0583198771757,57.0657897598442,73.9975908640269,37.2824987105993,24.2054843186057,18.1893293991605,61.050927734375,32.2504546840808,0,33.6664535660675,0,9.98543520821465,27.8956703655962,60.91086769104,0,0,0,56.777043517755,45.4169654846191,58.5331748815683,80.6754989624023,46.5753826262459,0,127.2483253479,78.2694784800212,33.1867177300301,13.1671523718723,14.1336995564903,0,71.6097373962402,33.048037555711,36.6336751714483,0,0,0,65.2604738871257,0,0,0,0,0,63.2407836914062,0,0,0,0,0,0,0,0,0,0,0,0,0,0,97.8936042785645,0,0,0,107.298287709554,0,0,0,0,0,0
0,5.32649553274626,23.5082339104141,7.12785827188249,0,0,0,89.5494384765625,95.9022216796875,0,0,51.581582903862,0,41.8486508987657,0,0,47.0074659983317,40.5915068203641,0,52.8640360514323,0,73.328254699707,4.44192348783081,46.6012286231631,0,8.69400884162548,26.0510838031769,21.10865287432,84.2004127502441,73.8186492919922,76.1621203422546,58.1847063700358,0,0,40.1233950925161,0,0,0,0,0,0,0,0,0,0,0,0,0,81.4572779337565,0,0,0,0,0,0,0,0,0,0,0,0,48.0528831481934,58.4410972595215,0,0,0,0,0,0,0
70.2439498901367,23.5082339104141,9.75280263071176,33.1529002454944,0,0,107.597774505615,80.8623987833659,0,0,0,66.6971421061512,0,0,104.907806396484,0,68.9062100262709,30.8308391262734,77.9741778197112,63.9851265248754,0,36.0570221149948,27.3729215266787,15.3916050331656,79.92796013572,80.2605978647868,15.1436401092662,24.2412962400856,52.650255457184,68.1019992828369,52.4645026867616,86.3307902018229,0,63.0679988861084,33.1389008289815,0,0,0,0,0,0,0,0,0,0,0,128.719535827637,0,0,0,0,0,0,139.715286254883,173.840087890625,0,0,0,0,0,0,109.451736450195,181.836700439453,0,0,0,151.016082763672,0,0,0
60.0583198771757,7.12785827188249,33.1529002454944,11.8243943254153,117.272617340088,0,0,53.9606722024771,86.0978805541992,15.5199537391289,74.9204686482747,47.6674364977342,39.0318363904953,31.6357078637017,94.6764812469482,35.3354556560516,45.9675719697597,46.6062036067881,46.7789266719375,47.0657196299235,103.294076283773,60.2941885728102,11.2357838168333,56.6402140886356,31.4351495907681,13.6767938620679,31.1119827360265,33.1876665067547,30.6658672695729,51.3722146987915,41.6578806133061,43.0118869652495,0,43.3659687042236,48.1084837262096,116.335258483887,0,79.8171691894531,17.9117531490326,0,0,117.104309082031,42.225227355957,0,32.5959084828695,75.6044006347656,58.0957881703096,47.3456954956055,46.3976003957349,0,0,0,0,58.1643493466261,55.488484954834,0,109.972305297852,41.0117365519206,0,43.2926266376789,28.0596659978231,56.0723787148794,63.7462623410109,54.2140984535217,91.1737403869629,50.1441612243652,52.2825678189596,0,0,61.5343780517578
57.0657897598442,0,0,117.272617340088,6.98319412455385,0,50.6941547230778,39.2924598861527,57.9207806780159,40.7243032455444,23.3073138733815,0,14.0670184103164,0,62.1191125685169,65.7227401733398,0,0,0,0,7.62015413339375,0,0,0,13.3939532736087,0,0,0,9.0382522416184,66.4483455918793,60.0865298051101,0,0,67.9336695671082,77.5479329427083,0,0,0,95.5978622436523,6.67432834457954,0,45.4272041320801,0,0,0,41.4800383249919,0,18.186349550883,0,0,0,0,0,0,0,9.37482477715297,0,0,0,18.5707855224609,0,0,0,66.1596670150757,0,0,0,0,0,0
73.9975908640269,0,0,0,0,6.123569892566,7.80287792525083,87.164249420166,10.0854629598686,0,105.306002298991,0,0,0,31.5035213527329,11.7137196993526,0,0,0,0,108.203628540039,0,0,0,100.566775602453,0,0,0,109.560367584229,25.2438634994521,97.6574172973633,0,7.92890849376975,61.5743715763092,29.2554964003016,0,0,0,0,0,0,0,0,0,0,0,0,0,0,0,0,0,0,0,0,0,0,0,0,0,0,0,0,0,0,0,0,0,0,0
37.2824987105993,0,107.597774505615,0,50.6941547230778,7.80287792525083,6.26516026176,50.1431772973802,10.7595785369863,49.5386194229126,11.0479699246714,55.3811950683594,20.2433860541164,0,22.721720284097,5.30516401991096,0,0,0,0,36.5366535707901,0,74.8320617675781,118.776809692383,53.3110148534179,0,0,128.268890380859,52.9156132042408,20.0598549086167,56.018112099689,0,12.8760415663001,38.8788307414335,28.9369620789577,0,0,0,0,84.1761169433594,0,0,0,0,0,0,0,0,0,0,0,0,0,0,0,0,0,0,0,0,0,0,0,0,0,0,0,0,0,0
24.2054843186057,89.5494384765625,80.8623987833659,53.9606722024771,39.2924598861527,87.164249420166,50.1431772973802,8.42382119798783,32.8209319865428,44.8282430770735,12.5772390751083,0,36.3929435967181,0,16.4994469645171,52.1860302634861,74.9679789543152,120.744743347168,0,0,36.2536099871749,67.6522110833062,65.2146176558275,64.0094460078648,25.6692248090715,0,138.893585205078,86.7604802449544,19.464225632411,26.3265840472415,15.367118074669,0,101.133688608805,42.7749055672807,45.8940125312867,119.356468200684,0,0,62.1645115746392,52.9685203552246,0,143.878606160482,95.8965849034927,0,65.4055574205187,108.552251180013,0,115.724662780762,0,121.212323188782,0,0,0,0,0,143.968521118164,0,0,0,95.79992536657,0,0,0,94.0997645308332,129.305444717407,133.071357727051,0,0,121.128448486328,117.195443289621
18.1893293991605,95.9022216796875,0,86.0978805541992,57.9207806780159,10.0854629598686,10.7595785369863,32.8209319865428,7.40822186168815,63.8562609354655,9.88658411067977,74.5602340698242,19.0458752482672,0,13.3749510451277,17.6485658569156,94.966438293457,0,0,0,46.3555853885153,0,90.4255065917969,124.121124267578,52.1656688988614,0,0,0,54.313907184142,23.0552117321983,47.9160162210464,109.972640991211,8.29949571291215,36.7084961503744,36.7373589738541,0,0,0,0,66.2973709106445,0,0,0,0,0,0,0,0,0,0,0,0,0,0,0,54.4056091308594,0,0,0,0,0,0,0,0,0,0,0,0,0,0
61.050927734375,0,0,15.5199537391289,40.7243032455444,0,49.5386194229126,44.8282430770735,63.8562609354655,8.00440163719025,59.3459236962455,0,7.23197465083396,0,53.1817302703857,12.4428722286098,54.0653175007213,0,0,0,37.4026891708374,57.4737105369568,7.28607203453145,48.0175717671712,19.7879485957825,0,0,92.6463203430176,29.6304288994942,55.644565813003,41.3036829504636,0,0,46.1375813802083,57.0556566147577,0,0,0,27.7089091628051,0,0,0,72.3275384902954,0,38.8298367964916,68.5055160522461,0,0,0,70.502311706543,51.8894004821777,85.1445083618164,0,0,0,0,0,50.6891681126186,0,51.4847065607707,0,0,0,63.7260548546201,90.8232955932617,68.5072784423828,0,0,142.723114013672,0
32.2504546840808,0,0,74.9204686482747,23.3073138733815,105.306002298991,11.0479699246714,12.5772390751083,9.88658411067977,59.3459236962455,7.44143759217078,0,15.9908370105848,0,13.906651865182,46.3647196843074,70.1168899536133,0,0,0,18.4308036760049,0,85.4584930419922,0,30.1530764415597,0,0,0,15.6865371782338,58.558198643075,51.2043634561392,0,91.0963859558105,53.7877884334988,59.7929962961297,0,0,0,74.1498222351074,16.5476534501562,0,0,0,0,0,0,0,0,0,0,0,0,0,0,0,33.1897366046906,0,0,0,0,0,0,0,114.938007354736,0,0,0,0,139.623809814453,0
0,51.581582903862,66.6971421061512,47.6674364977342,0,0,55.3811950683594,0,74.5602340698242,0,0,10.688704141338,0,18.5625171112497,0,0,101.63338470459,39.5957125223858,16.6650384703812,22.7090045411233,0,74.5387615203857,90.8760345458984,74.056955707607,0,34.5087609665556,19.0280324886807,52.9578707025319,0,43.2218362263271,93.3896397908529,24.8750074375672,0,0,27.1291880839413,0,111.856292724609,165.552520751953,43.4850641886393,0,0,0,0,0,0,0,80.9581655052506,0,71.1140692632611,0,0,167.572418212891,0,98.3186831136388,101.116900549995,0,145.687057495117,0,0,0,69.0153355407715,95.5221298217773,99.845012025205,0,0,0,90.0777712839954,0,0,91.1744236512618
33.6664535660675,0,0,39.0318363904953,14.0670184103164,0,20.2433860541164,36.3929435967181,19.0458752482672,7.23197465083396,15.9908370105848,0,7.18646352583797,0,38.1260880445106,8.50531511529382,0,0,0,0,10.116481603282,0,111.088394165039,0,14.9430771485379,0,0,0,31.3263857502204,55.8959371746492,59.5962399376763,0,0,52.847076177597,57.489203986475,0,0,0,47.7029542922974,7.40210764657206,0,32.1908908420139,0,0,56.8477745056152,31.871711210771,0,8.147474787452,0,0,0,0,0,0,0,7.63676310371567,0,0,0,49.6923789978027,0,0,0,82.5369491577148,0,0,0,0,0,0
0,41.8486508987657,0,31.6357078637017,0,0,0,0,0,0,0,18.5625171112497,0,7.12439792111913,0,0,0,80.2362976074219,43.9985743834909,54.2719443061135,0,0,0,92.9648895263672,0,23.2015788840721,32.7130292155648,19.4283460256178,0,56.2102298736572,0,14.6302841274186,0,0,41.1767305702999,0,0,0,56.4112571080526,0,0,0,0,0,0,0,72.607550445868,0,62.0407896854002,0,0,0,0,94.8061418533325,137.900573730469,0,163.298904418945,0,0,0,58.6454821957482,94.946421649005,98.8395999272664,161.592391967773,0,145.074157714844,87.3789868672689,0,0,88.9517339978899
9.98543520821465,0,104.907806396484,94.6764812469482,62.1191125685169,31.5035213527329,22.721720284097,16.4994469645171,13.3749510451277,53.1817302703857,13.906651865182,0,38.1260880445106,0,6.64970465834095,23.5606622856204,101.54460144043,0,0,0,57.7112481722268,0,97.6555099487305,0,58.0972220675355,0,0,87.2785263061523,51.5218217545057,13.526072917042,42.5134465997869,0,8.65466381956847,34.0976629458399,30.2462997472785,0,0,0,104.581993103027,75.4219207763672,0,0,0,0,79.6937637329102,0,0,0,0,0,0,0,0,0,0,0,0,0,0,0,0,0,0,0,0,0,0,0,0,0
27.8956703655962,0,0,35.3354556560516,65.7227401733398,11.7137196993526,5.30516401991096,52.1860302634861,17.6485658569156,12.4428722286098,46.3647196843074,0,8.50531511529382,0,23.5606622856204,6.31098003862147,0,0,0,0,58.6553611755371,0,0,0,37.7747730455901,0,0,0,59.3627468109131,26.2577214192862,0,0,52.7040405273438,33.1687496409697,28.1633360327744,0,0,0,38.586009979248,0,0,0,0,0,48.6734199523926,0,0,0,0,0,0,0,0,0,0,0,0,0,0,0,0,0,0,0,0,0,0,0,0,0
60.91086769104,47.0074659983317,68.9062100262709,45.9675719697597,0,0,0,74.9679789543152,94.966438293457,54.0653175007213,70.1168899536133,101.63338470459,0,0,101.54460144043,0,12.7071920936176,74.0379624800249,161.649719238281,125.087310791016,0,12.3129979149242,15.9595534187439,12.0931371866621,32.5217619661098,103.194061279297,86.8574006216867,25.9703459311452,28.5335424904116,56.7803122202555,38.1933770126845,119.1806640625,0,35.5043026097616,47.5552606619558,0,0,0,0,0,0,0,0,0,0,0,0,0,0,0,0,0,0,0,0,0,0,0,0,0,0,0,0,0,0,0,0,0,0,0
0,40.5915068203641,30.8308391262734,46.6062036067881,0,0,0,120.744743347168,0,0,0,39.5957125223858,0,80.2362976074219,0,0,74.0379624800249,8.49881502747137,49.5375119163877,17.641306981822,0,28.3576537816703,71.1578340530396,12.2136414336343,0,46.5289127643292,17.109906365119,41.5719180380514,82.2870993980995,0,57.8441812905921,86.6534455617269,0,0,25.2750053702423,0,0,0,0,0,0,0,0,0,0,0,98.6888376871745,0,0,0,0,0,106.307373046875,110.271124267578,124.118339538574,0,0,0,0,0,0,93.6528884887695,105.439786638532,0,0,0,110.047500610352,0,0,0
0,0,77.9741778197112,46.7789266719375,0,0,0,0,0,0,0,16.6650384703812,0,43.9985743834909,0,0,161.649719238281,49.5375119163877,5.36368113317157,9.51035724878588,0,135.918060302734,83.178840637207,92.107790629069,138.687072753906,42.3051839490091,14.3531781587782,52.9559631773879,0,63.8128623962402,117.787445068359,44.3106068236918,0,0,54.7180838308312,0,0,0,48.3356819152832,0,0,0,0,0,0,0,89.6800828727696,0,87.2347217498616,0,0,0,0,104.427997277707,107.455440945095,0,0,170.296478271484,156.263397216797,0,78.6652013142904,96.4623570313325,102.507772969921,0,0,173.601058959961,95.3690343717249,0,0,109.305186377631
0,52.8640360514323,63.9851265248754,47.0657196299235,0,0,0,0,0,0,0,22.7090045411233,0,54.2719443061135,0,0,125.087310791016,17.641306981822,9.51035724878588,8.36352540096199,0,56.403418302536,74.6179780960083,67.0859392711094,142.551422119141,42.1489775443841,16.5320302116111,51.6344537460496,116.015842437744,97.4776611328125,97.1373305426704,51.1070405056602,0,0,42.2237838522494,0,0,131.628280639648,0,0,0,0,0,0,0,0,91.721545472437,0,93.954850769043,0,0,0,105.157211303711,103.22171937026,102.41600274258,0,0,0,139.064885457357,0,87.6523898198054,93.4300232864008,102.46249031534,155.224563598633,0,159.991333007812,97.9113548680356,0,0,115.408309936523
56.777043517755,0,0,103.294076283773,7.62015413339375,108.203628540039,36.5366535707901,36.2536099871749,46.3555853885153,37.4026891708374,18.4308036760049,0,10.116481603282,0,57.7112481722268,58.6553611755371,0,0,0,0,7.61436861204085,0,108.123725891113,0,12.9678257939363,0,0,0,14.825315099076,69.9677590067072,63.8949648539225,0,0,66.8922273736251,78.9076309204102,0,0,0,0,7.97819838303478,0,0,0,0,0,48.6922378540039,0,0,0,0,0,0,0,0,0,7.27331786011827,0,0,0,0,0,0,0,24.5811805725098,0,0,0,0,0,0
45.4169654846191,73.328254699707,36.0570221149948,60.2941885728102,0,0,0,67.6522110833062,0,57.4737105369568,0,74.5387615203857,0,0,0,0,12.3129979149242,28.3576537816703,135.918060302734,56.403418302536,0,6.6298644448445,41.5871512869827,15.5868469194887,17.8828457748251,0,64.4174691736698,56.2932449209279,14.9396922814214,66.2415428161621,15.6934733480393,0,0,57.4788360595703,36.4475027373796,0,0,0,0,0,0,0,0,0,74.1344146728516,119.305572509766,0,0,0,0,0,0,0,0,0,0,0,0,0,0,0,0,0,88.203119913737,0,0,0,0,0,0
58.5331748815683,4.44192348783081,27.3729215266787,11.2357838168333,0,0,74.8320617675781,65.2146176558275,90.4255065917969,7.28607203453145,85.4584930419922,90.8760345458984,111.088394165039,0,97.6555099487305,0,15.9595534187439,71.1578340530396,83.178840637207,74.6179780960083,108.123725891113,41.5871512869827,6.28868252350055,24.1715729507394,8.68526597916336,0,52.9528759002686,20.025138456182,30.9662204894557,53.1288268386677,36.9588236235977,0,0,34.1302655044643,42.5776007102264,0,0,0,15.6843013763428,0,0,0,0,0,0,0,0,0,0,0,0,50.8104972839355,0,0,0,0,0,19.2680547290378,35.6804580688477,0,0,0,34.8493165969849,35.9582633972168,0,0,0,0,0,0
80.6754989624023,46.6012286231631,15.3916050331656,56.6402140886356,0,0,118.776809692383,64.0094460078648,124.121124267578,48.0175717671712,0,74.056955707607,0,92.9648895263672,0,0,12.0931371866621,12.2136414336343,92.107790629069,67.0859392711094,0,15.5868469194887,24.1715729507394,9.4931547753543,34.5497373410125,108.74444732666,46.2282253517432,20.781031788403,16.2716241220315,64.8225381033761,29.3306623820716,116.173851013184,0,46.7637943267822,31.8980747168611,0,0,0,0,0,0,0,0,0,57.6581382751465,0,0,0,0,0,0,0,0,0,0,0,0,0,0,0,0,0,0,81.7477531433105,0,0,0,0,0,0
46.5753826262459,0,79.92796013572,31.4351495907681,13.3939532736087,100.566775602453,53.3110148534179,25.6692248090715,52.1656688988614,19.7879485957825,30.1530764415597,0,14.9430771485379,0,58.0972220675355,37.7747730455901,32.5217619661098,0,138.687072753906,142.551422119141,12.9678257939363,17.8828457748251,8.68526597916336,34.5497373410125,8.29199565416783,0,86.4599266052246,68.4825497346766,13.3066774983798,51.4948006823378,41.8891053297883,0,103.836996078491,51.9649637475868,56.9988974769517,105.907488250732,0,0,45.4134723095854,35.4883375167847,0,0,84.7674125671387,141.347610473633,52.4201871478368,101.232996622721,0,105.651412963867,0,103.264617919922,64.6743629455566,150.330062866211,0,0,0,28.3543548583984,0,78.8154144287109,114.701461791992,74.0400444724343,0,0,0,90.1501797415993,115.067970275879,109.338706970215,0,0,102.334342956543,121.61408996582
0,8.69400884162548,80.2605978647868,13.6767938620679,0,0,0,0,0,0,0,34.5087609665556,0,23.2015788840721,0,0,103.194061279297,46.5289127643292,42.3051839490091,42.1489775443841,0,0,0,108.74444732666,0,6.94896542501485,26.8833237805673,18.7295955188038,109.358413696289,71.7985382080078,0,37.2487507429807,0,0,51.7581584109125,0,0,80.3231658935547,10.7826719284058,0,0,0,0,0,0,0,67.9852604866028,0,56.419892864067,0,0,0,0,96.7222882588704,82.1650238037109,0,0,0,107.149169921875,0,44.6163771311442,83.5996711519029,83.6594433162523,134.92236328125,0,0,77.6951433069566,0,0,76.9894021352132
127.2483253479,26.0510838031769,15.1436401092662,31.1119827360265,0,0,0,138.893585205078,0,0,0,19.0280324886807,0,32.7130292155648,0,0,86.8574006216867,17.109906365119,14.3531781587782,16.5320302116111,0,64.4174691736698,52.9528759002686,46.2282253517432,86.4599266052246,26.8833237805673,7.90566043873106,14.8278711292953,69.4747082947423,71.8655662536621,73.8386385541785,9.95186310901704,0,0,37.4739051841012,0,112.894274393717,115.129745483398,60.1471824645996,0,0,0,0,0,0,0,83.2974748264991,0,80.9173771378684,0,0,164.000617980957,92.2905345818935,91.2637153293775,86.7744483392215,0,167.814994812012,0,134.002269398082,0,82.6839937609296,80.4546646481469,90.3850677066379,147.772328694661,0,150.283273061117,88.0695580832566,0,0,103.135333549686
78.2694784800212,21.10865287432,24.2412962400856,33.1876665067547,0,0,128.268890380859,86.7604802449544,0,92.6463203430176,0,52.9578707025319,0,19.4283460256178,87.2785263061523,0,25.9703459311452,41.5719180380514,52.9559631773879,51.6344537460496,0,56.2932449209279,20.025138456182,20.781031788403,68.4825497346766,18.7295955188038,14.8278711292953,10.2940352588269,53.3133105059324,77.7801494598389,62.2504873920432,12.5987757729723,0,59.0572224571591,47.1652455740568,0,120.953186035156,136.640955607096,92.6150080362956,0,0,0,0,0,0,0,89.8989735342095,0,88.4603765478086,0,0,0,96.2062086217544,100.972386342175,98.0494454453111,0,0,57.386661529541,144.855674743652,0,87.9955889961936,88.1567676836582,99.2092091655443,147.010871887207,0,182.383010864258,94.3383090111517,0,0,109.870779491606
33.1867177300301,84.2004127502441,52.650255457184,30.6658672695729,9.0382522416184,109.560367584229,52.9156132042408,19.464225632411,54.313907184142,29.6304288994942,15.6865371782338,0,31.3263857502204,0,51.5218217545057,59.3627468109131,28.5335424904116,82.2870993980995,0,116.015842437744,14.825315099076,14.9396922814214,30.9662204894557,16.2716241220315,13.3066774983798,109.358413696289,69.4747082947423,53.3133105059324,8.41742191802621,36.4601341229598,16.1142097370416,0,107.056546529134,39.1903598919147,41.6333944295386,92.2780434744699,0,0,40.1123372738178,16.830395270335,0,124.984335763114,71.6817543029785,117.501629299588,38.6265737955326,90.3324725608516,0,100.200346946716,0,103.058679681075,106.400146484375,96.447639465332,0,0,0,30.464173116182,0,47.738639831543,117.958129882812,79.5146076012562,0,0,112.397918701172,78.1443389686065,106.170793587821,86.2646102905273,0,0,98.5273323059082,97.9242712322034
13.1671523718723,73.8186492919922,68.1019992828369,51.3722146987915,66.4483455918793,25.2438634994521,20.0598549086167,26.3265840472415,23.0552117321983,55.644565813003,58.558198643075,43.2218362263271,55.8959371746492,56.2102298736572,13.526072917042,26.2577214192862,56.7803122202555,0,63.8128623962402,97.4776611328125,69.9677590067072,66.2415428161621,53.1288268386677,64.8225381033761,51.4948006823378,71.7985382080078,71.8655662536621,77.7801494598389,36.4601341229598,6.78824909835842,14.4304326928731,0,9.55480641594217,9.9807054874897,18.3850995658057,121.012268066406,0,0,67.3597526550293,72.0051498413086,0,139.705200195312,88.724048614502,0,80.7422921316964,109.334498087565,0,0,0,0,0,0,0,0,0,88.5187683105469,0,63.0899492899577,0,84.6611328125,0,0,0,103.276214981079,165.448959350586,0,0,0,0,113.169281005859
14.1336995564903,76.1621203422546,52.4645026867616,41.6578806133061,60.0865298051101,97.6574172973633,56.018112099689,15.367118074669,47.9160162210464,41.3036829504636,51.2043634561392,93.3896397908529,59.5962399376763,0,42.5134465997869,0,38.1933770126845,57.8441812905921,117.787445068359,97.1373305426704,63.8949648539225,15.6934733480393,36.9588236235977,29.3306623820716,41.8891053297883,0,73.8386385541785,62.2504873920432,16.1142097370416,14.4304326928731,9.17360020443936,0,0,34.4582173894433,38.356345528521,99.4131851196289,0,0,54.2833603752984,0,0,0,86.1891441345215,0,71.7153999328613,0,0,0,0,106.32398223877,0,116.654289245605,0,0,0,0,0,66.2637634277344,0,91.2590015956334,0,0,0,87.9564427693685,113.073745727539,0,0,0,0,107.466979980469
0,58.1847063700358,86.3307902018229,43.0118869652495,0,0,0,0,109.972640991211,0,0,24.8750074375672,0,14.6302841274186,0,0,119.1806640625,86.6534455617269,44.3106068236918,51.1070405056602,0,0,0,116.173851013184,0,37.2487507429807,9.95186310901704,12.5987757729723,0,0,0,5.06580523116852,0,0,61.7637607907289,0,0,127.421813964844,58.0308212280273,0,0,0,0,0,0,0,87.0523785122958,0,82.470531440712,0,0,0,0,103.063267771403,109.767320632935,0,0,0,0,0,77.7080783014712,98.4939365386963,106.14409735744,0,0,166.917271931966,96.2818176711815,0,0,105.25156211853
71.6097373962402,0,0,0,0,7.92890849376975,12.8760415663001,101.133688608805,8.29949571291215,0,91.0963859558105,0,0,0,8.65466381956847,52.7040405273438,0,0,0,0,0,0,0,0,103.836996078491,0,0,0,107.056546529134,9.55480641594217,0,0,4.28862700217584,64.8254111153739,32.3005275210819,0,0,0,0,0,0,0,0,0,0,0,0,0,0,0,0,0,0,0,0,0,0,0,0,0,0,0,0,0,0,0,0,0,0,0
33.048037555711,0,63.0679988861084,43.3659687042236,67.9336695671082,61.5743715763092,38.8788307414335,42.7749055672807,36.7084961503744,46.1375813802083,53.7877884334988,0,52.847076177597,0,34.0976629458399,33.1687496409697,35.5043026097616,0,0,0,66.8922273736251,57.4788360595703,34.1302655044643,46.7637943267822,51.9649637475868,0,0,59.0572224571591,39.1903598919147,9.9807054874897,34.4582173894433,0,64.8254111153739,4.36110154418743,17.2117183570402,0,0,0,0,0,0,0,0,0,0,90.5199584960938,0,0,0,0,0,0,0,0,0,0,0,0,0,0,0,0,0,102.444465637207,0,0,0,0,127.673461914062,0
36.6336751714483,40.1233950925161,33.1389008289815,48.1084837262096,77.5479329427083,29.2554964003016,28.9369620789577,45.8940125312867,36.7373589738541,57.0556566147577,59.7929962961297,27.1291880839413,57.489203986475,41.1767305702999,30.2462997472785,28.1633360327744,47.5552606619558,25.2750053702423,54.7180838308312,42.2237838522494,78.9076309204102,36.4475027373796,42.5776007102264,31.8980747168611,56.9988974769517,51.7581584109125,37.4739051841012,47.1652455740568,41.6333944295386,18.3850995658057,38.356345528521,61.7637607907289,32.3005275210819,17.2117183570402,10.1723332935515,0,0,123.67259979248,73.4573745727539,0,77.9240646362305,0,0,0,57.3454360961914,0,102.789640182104,0,87.0467362176804,0,0,0,0,124.058209228516,109.408410644531,0,0,0,0,0,79.7261123657227,106.90312056108,117.285716786104,109.913795471191,0,0,109.589208984375,0,0,116.542631149292
0,0,0,116.335258483887,0,0,0,119.356468200684,0,0,0,0,0,0,0,0,0,0,0,0,0,0,0,0,105.907488250732,0,0,0,92.2780434744699,121.012268066406,99.4131851196289,0,0,0,0,6.19377091464971,0,88.2730429513114,58.3482736529726,61.3095276572488,59.9761043276106,26.9712867935423,24.0555110816042,22.5000049352604,59.3171504765601,21.247074290923,125.896048545837,36.8839856614458,145.896102905273,11.2742912567369,29.2681442928314,56.4652067011053,107.083155314128,130.503017425537,126.556332397461,57.4978087099293,73.2109647115072,61.5745675807097,72.7940860075109,35.438846886158,0,108.236071722848,114.631232125419,44.103017210235,9.295718993992,17.1888612288639,0,61.9862350887722,17.6400424260436,31.1790466933954
0,0,0,0,0,0,0,0,0,0,0,111.856292724609,0,0,0,0,0,0,0,0,0,0,0,0,0,0,112.894274393717,120.953186035156,0,0,0,0,0,0,0,0,4.70063054967057,30.5209554698016,6.64858604497451,0,0,0,0,0,0,0,55.5759584831469,0,51.9637228867103,0,0,58.4091494083405,43.1334738596684,71.5985926114596,51.2573650639232,0,69.9889928644354,5.38281282163393,50.4747431328956,79.2061233520508,8.17325305649143,28.5362810369417,27.0197213804905,67.5071704864502,0,89.5257328578404,69.9382705688477,0,0,44.5615824711176
0,0,0,79.8171691894531,0,0,0,0,0,0,0,165.552520751953,0,0,0,0,0,0,0,131.628280639648,0,0,0,0,0,80.3231658935547,115.129745483398,136.640955607096,0,0,0,127.421813964844,0,0,123.67259979248,88.2730429513114,30.5209554698016,9.14062179365066,33.3375067980059,0,0,123.346801757812,75.7289581298828,0,0,0,60.4807547576555,0,82.3692283630371,0,0,54.0870884594164,29.5117450567277,66.3860705196857,54.5017900958987,0,30.7831682847296,30.4295734681851,14.4598002364031,86.5997606913249,71.9214839935303,16.6350387375502,20.4122719897524,41.7274789570485,78.0894444783529,42.1440672679676,85.0798254013062,0,100.624588012695,32.4610578584806
65.2604738871257,0,0,17.9117531490326,95.5978622436523,0,0,62.1645115746392,0,27.7089091628051,74.1498222351074,43.4850641886393,47.7029542922974,56.4112571080526,104.581993103027,38.586009979248,0,0,48.3356819152832,0,0,0,15.6843013763428,0,45.4134723095854,10.7826719284058,60.1471824645996,92.6150080362956,40.1123372738178,67.3597526550293,54.2833603752984,58.0308212280273,0,0,73.4573745727539,58.3482736529726,6.64858604497451,33.3375067980059,13.4329804585826,0,114.667340596517,80.7806549072266,39.1393152967614,79.8684636330118,10.5523094502818,51.9487228597549,52.6620741877063,51.0418694019318,19.4960411417801,69.9898823224581,44.8777463436127,58.0127106273875,46.4029336910922,73.788010597229,49.3352546400696,90.966591835022,57.2465906143188,12.6311906872533,53.7998647784243,33.4722938896533,6.90513065144732,34.0484937280678,38.48366926483,40.9673368757541,68.8600266607184,51.6738415989307,50.3992741902669,99.6112060546875,63.8391510009766,51.2986202855264
0,0,0,0,6.67432834457954,0,84.1761169433594,52.9685203552246,66.2973709106445,0,16.5476534501562,0,7.40210764657206,0,75.4219207763672,0,0,0,0,0,7.97819838303478,0,0,0,35.4883375167847,0,0,0,16.830395270335,72.0051498413086,0,0,0,0,0,61.3095276572488,0,0,0,7.65293962990595,0,37.190777518278,36.4780183996473,50.7565318160916,46.3515315055847,22.6267569521669,0,17.2483929108929,0,68.4205041249593,61.3040380477905,123.624908447266,0,0,0,7.47342705482332,0,115.912773132324,0,13.8349010048901,0,0,0,9.96196176307656,87.8072311401367,0,0,0,73.3419723510742,70.2297233581543
0,0,0,0,0,0,0,0,0,0,0,0,0,0,0,0,0,0,0,0,0,0,0,0,0,0,0,0,0,0,0,0,0,0,77.9240646362305,59.9761043276106,0,0,114.667340596517,0,8.02351437999103,9.25902223572878,99.5473709106445,11.3080073321954,123.300918579102,81.2959390528062,67.7486109052386,114.053153991699,79.5424270629883,32.4069006888204,13.3132917228187,91.0159172058106,0,88.2281608581543,0,122.222518920898,0,102.888019561768,78.1950759887695,90.1617389678955,0,79.3222427368164,0,104.834255763463,25.1286007318152,0,0,9.24491878204615,42.9817504882812,27.8411594606795
0,0,0,117.104309082031,45.4272041320801,0,0,143.878606160482,0,0,0,0,32.1908908420139,0,0,0,0,0,0,0,0,0,0,0,0,0,0,0,124.984335763114,139.705200195312,0,0,0,0,0,26.9712867935423,0,123.346801757812,80.7806549072266,37.190777518278,9.25902223572878,6.27982869195726,37.1271422458499,12.2799481197475,63.7758158956255,15.4606060200545,65.9305246141222,14.1456609958393,0,24.6531183855249,8.399148222586,75.5965434083151,0,0,0,25.3881958856224,98.890510559082,85.1912572588239,0,34.2634226802158,0,0,0,40.5635112274956,21.0427083085021,85.0449447631836,0,15.192985721731,53.9837280620228,31.4729828085309
0,0,0,42.225227355957,0,0,0,95.8965849034927,0,72.3275384902954,0,0,0,0,0,0,0,0,0,0,0,0,0,0,84.7674125671387,0,0,0,71.6817543029785,88.724048614502,86.1891441345215,0,0,0,0,24.0555110816042,0,75.7289581298828,39.1393152967614,36.4780183996473,99.5473709106445,37.1271422458499,8.25896111120281,47.1613269614302,39.7599383731221,11.2749164465442,0,35.9068071647713,0,16.1327602465385,59.4420914803782,50.7358095624806,118.53133392334,127.284301757812,122.049471537272,36.6409016626853,50.4784263464121,49.1407187178328,54.4088114224947,22.2372821707904,131.500503540039,100.805973277372,58.1721994368756,16.7261705932654,21.9457105267274,14.4413407994145,0,125.406364440918,34.080115919492,42.506728715163
0,0,0,0,0,0,0,0,0,0,0,0,0,0,0,0,0,0,0,0,0,0,0,0,141.347610473633,0,0,0,117.501629299588,0,0,0,0,0,0,22.5000049352604,0,0,79.8684636330118,50.7565318160916,11.3080073321954,12.2799481197475,47.1613269614302,7.53484794802429,77.8115792707963,16.1861768212938,72.9855389912923,33.1162948442689,0,14.4984072819002,26.3335055081366,76.6770596171534,0,0,0,45.9488244583019,0,85.0778983129214,0,45.571746589934,74.436897277832,0,91.7818298339844,58.6041334540089,19.4271832376551,65.8910322189331,135.435440063477,12.3018857401363,48.80229028066,31.8217089781247
63.2407836914062,0,0,32.5959084828695,0,0,0,65.4055574205187,0,38.8298367964916,0,0,56.8477745056152,0,79.6937637329102,48.6734199523926,0,0,0,0,0,74.1344146728516,0,57.6581382751465,52.4201871478368,0,0,0,38.6265737955326,80.7422921316964,71.7153999328613,0,0,0,57.3454360961914,59.3171504765601,0,0,10.5523094502818,46.3515315055847,123.300918579102,63.7758158956255,39.7599383731221,77.8115792707963,8.90256399398927,44.3444742084714,0,9.46212787226022,0,70.2120516707258,12.4960746834904,50.667593536377,0,0,0,70.0232460021973,60.7222202845982,9.33989009802992,57.9896907806396,16.3456988573333,0,0,92.4562911987305,40.3908096236327,71.0669651031494,49.7209374645676,0,103.563629150391,66.1048230367994,58.9934792836507
0,0,0,75.6044006347656,41.4800383249919,0,0,108.552251180013,0,68.5055160522461,0,0,31.871711210771,0,0,0,0,0,0,0,48.6922378540039,119.305572509766,0,0,101.232996622721,0,0,0,90.3324725608516,109.334498087565,0,0,0,90.5199584960938,0,21.247074290923,0,0,51.9487228597549,22.6267569521669,81.2959390528062,15.4606060200545,11.2749164465442,16.1861768212938,44.3444742084714,7.8359982942103,0,18.4846631490721,0,17.1220996282723,43.7429093618761,72.3217491522068,0,0,0,22.2235389054142,128.013671875,83.9090363184611,80.2252388000488,22.8184812957044,0,0,83.6441345214844,16.1145285850431,53.7329764484374,38.5031059511858,0,86.4478179931641,40.2562713819681,50.3986838329797
0,0,128.719535827637,58.0957881703096,0,0,0,0,0,0,0,80.9581655052506,0,72.607550445868,0,0,0,98.6888376871745,89.6800828727696,91.721545472437,0,0,0,0,0,67.9852604866028,83.2974748264991,89.8989735342095,0,0,0,87.0523785122958,0,0,102.789640182104,125.896048545837,55.5759584831469,60.4807547576555,52.6620741877063,0,67.7486109052386,65.9305246141222,0,72.9855389912923,0,0,11.7417541356712,0,15.5481594850684,66.9050491333008,0,98.6754717619523,39.5356128602254,20.2586093504611,23.3865353239912,0,81.9746617731058,102.379280090332,69.6920482038015,117.61589050293,30.9938877963812,28.0976087360931,53.278345375128,97.1827774047852,56.8561875363614,92.3998494355575,22.4981882094554,48.3982447814941,117.905990600586,30.2385724096048
0,0,0,47.3456954956055,18.186349550883,0,0,115.724662780762,0,0,0,0,8.147474787452,0,0,0,0,0,0,0,0,0,0,0,105.651412963867,0,0,0,100.200346946716,0,0,0,0,0,0,36.8839856614458,0,0,51.0418694019318,17.2483929108929,114.053153991699,14.1456609958393,35.9068071647713,33.1162948442689,9.46212787226022,18.4846631490721,0,6.83104820705038,0,38.2093918199484,8.57803978683045,80.081668308803,0,0,0,12.4300002906138,0,79.6983322143555,105.797317504883,18.5279999172422,0,0,0,33.724959933711,67.8486901237851,0,0,114.755641937256,71.1700286865234,48.4738675464283
0,81.4572779337565,0,46.3976003957349,0,0,0,0,0,0,0,71.1140692632611,0,62.0407896854002,0,0,0,0,87.2347217498616,93.954850769043,0,0,0,0,0,56.419892864067,80.9173771378684,88.4603765478086,0,0,0,82.470531440712,0,0,87.0467362176804,145.896102905273,51.9637228867103,82.3692283630371,19.4960411417801,0,79.5424270629883,0,0,0,0,0,15.5481594850684,0,7.06995492609479,0,0,105.984838485718,94.6992092132568,43.5465169221782,75.2222395272091,0,106.167610168457,0,89.5727653503418,0,20.1504650677612,41.8650626035837,23.4926146786226,107.275545987216,56.8568893432617,113.08479309082,17.7079616650399,54.3466733296712,155.027587890625,38.0605886892839
0,0,0,0,0,0,0,121.212323188782,0,70.502311706543,0,0,0,0,0,0,0,0,0,0,0,0,0,0,103.264617919922,0,0,0,103.058679681075,0,106.32398223877,0,0,0,0,11.2742912567369,0,0,69.9898823224581,68.4205041249593,32.4069006888204,24.6531183855249,16.1327602465385,14.4984072819002,70.2120516707258,17.1220996282723,66.9050491333008,38.2093918199484,0,6.80365691212258,28.1781068646051,73.4953122307273,0,0,0,61.7344117140407,103.773639678955,79.1602102106268,111.953651428223,50.1790908823476,0,98.2603912353516,0,46.9973795874397,13.0288197582446,46.7619228932395,0,10.8661500570993,40.609252402123,28.7294320735723
0,0,0,0,0,0,0,0,0,51.8894004821777,0,0,0,0,0,0,0,0,0,0,0,0,0,0,64.6743629455566,0,0,0,106.400146484375,0,0,0,0,0,0,29.2681442928314,0,0,44.8777463436127,61.3040380477905,13.3132917228187,8.399148222586,59.4420914803782,26.3335055081366,12.4960746834904,43.7429093618761,0,8.57803978683045,0,28.1781068646051,6.69973357161401,67.6739126093247,0,0,0,62.6763353781267,0,81.2582643508911,72.2884712219238,35.04608954012,0,0,81.3463363647461,61.6651873381241,28.446183579625,61.1073112487793,0,47.4324000158975,35.5777015686035,27.8036676562445
0,0,0,0,0,0,0,0,0,85.1445083618164,0,167.572418212891,0,0,0,0,0,0,0,0,0,0,50.8104972839355,0,150.330062866211,0,164.000617980957,0,96.447639465332,0,116.654289245605,0,0,0,0,56.4652067011053,58.4091494083405,54.0870884594164,58.0127106273875,123.624908447266,91.0159172058106,75.5965434083151,50.7358095624806,76.6770596171534,50.667593536377,72.3217491522068,98.6754717619523,80.081668308803,105.984838485718,73.4953122307273,67.6739126093247,12.679578091244,68.0314769744873,106.024348258972,95.9499910018023,111.837568918864,16.4412459538903,31.4100807777886,12.9994173828603,22.1843977343946,90.3406650543213,75.0187210704005,24.3559643658792,20.5857006346429,54.9457305081978,35.0615249383771,0,93.208677927653,52.310270219479,40.3990194266061
0,0,0,0,0,0,0,0,0,0,0,0,0,0,0,0,0,106.307373046875,0,105.157211303711,0,0,0,0,0,0,92.2905345818935,96.2062086217544,0,0,0,0,0,0,0,107.083155314128,43.1334738596684,29.5117450567277,46.4029336910922,0,0,0,118.53133392334,0,0,0,39.5356128602254,0,94.6992092132568,0,0,68.0314769744873,6.68781591701356,48.535738272416,11.7944443971507,0,25.0762532611372,59.553426361084,10.3988584754686,114.944236755371,55.5444661676884,23.1514511152279,44.8642432157971,77.8497200012207,0,59.0915915927204,83.3935750325521,0,0,22.0493732660754
0,0,139.715286254883,58.1643493466261,0,0,0,0,0,0,0,98.3186831136388,0,94.8061418533325,0,0,0,110.271124267578,104.427997277707,103.22171937026,0,0,0,0,0,96.7222882588704,91.2637153293775,100.972386342175,0,0,0,103.063267771403,0,0,124.058209228516,130.503017425537,71.5985926114596,66.3860705196857,73.788010597229,0,88.2281608581543,0,127.284301757812,0,0,0,20.2586093504611,0,43.5465169221782,0,0,106.024348258972,48.535738272416,5.27832193875261,13.2056263831393,0,90.6085948428592,110.084526062012,87.3359356029614,0,42.6767139543187,16.0465083888176,54.1818526189467,93.6926637887955,111.186325073242,102.487001736959,41.2349809382084,0,0,54.805059808769
0,0,173.840087890625,55.488484954834,0,0,0,0,0,0,0,101.116900549995,0,137.900573730469,0,0,0,124.118339538574,107.455440945095,102.41600274258,0,0,0,0,0,82.1650238037109,86.7744483392215,98.0494454453111,0,0,0,109.767320632935,0,0,109.408410644531,126.556332397461,51.2573650639232,54.5017900958987,49.3352546400696,0,0,0,122.049471537272,0,0,0,23.3865353239912,0,75.2222395272091,0,0,95.9499910018023,11.7944443971507,13.2056263831393,7.8787911956695,0,74.4140297655789,93.6759243011475,58.3792174606727,129.144073486328,43.325444124551,20.2259556129323,54.186718679311,86.7775948079427,95.0584678649902,89.3654674681365,70.0722667694092,0,134.263061523438,40.0955114092395
0,0,0,0,9.37482477715297,0,0,143.968521118164,54.4056091308594,0,33.1897366046906,0,7.63676310371567,0,0,0,0,0,0,0,7.27331786011827,0,0,0,28.3543548583984,0,0,0,30.464173116182,88.5187683105469,0,0,0,0,0,57.4978087099293,0,0,90.966591835022,7.47342705482332,122.222518920898,25.3881958856224,36.6409016626853,45.9488244583019,70.0232460021973,22.2235389054142,0,12.4300002906138,0,61.7344117140407,62.6763353781267,111.837568918864,0,0,0,7.51857462701368,0,111.641524178641,0,18.7628161951029,0,0,0,19.5929424504321,83.3997397649856,63.0536270141602,0,105.430534362793,69.2756462097168,79.8980002152292
0,0,0,109.972305297852,0,0,0,0,0,0,0,145.687057495117,0,163.298904418945,0,0,0,0,0,0,0,0,0,0,0,0,167.814994812012,0,0,0,0,0,0,0,0,73.2109647115072,69.9889928644354,30.7831682847296,57.2465906143188,0,0,98.890510559082,50.4784263464121,0,60.7222202845982,128.013671875,81.9746617731058,0,106.167610168457,103.773639678955,0,16.4412459538903,25.0762532611372,90.6085948428592,74.4140297655789,0,8.45230098482807,43.7002272605896,15.8616831889425,13.7306820908238,100.306704203288,64.0837130029181,51.7295098248117,14.5264764173426,84.1350004408095,16.8306874276002,94.0098037719727,0,77.8270149230957,36.1413842485929
0,0,0,41.0117365519206,0,0,0,0,0,50.6891681126186,0,0,0,0,0,0,0,0,170.296478271484,0,0,0,19.2680547290378,0,78.8154144287109,0,0,57.386661529541,47.738639831543,63.0899492899577,66.2637634277344,0,0,0,0,61.5745675807097,5.38281282163393,30.4295734681851,12.6311906872533,115.912773132324,102.888019561768,85.1912572588239,49.1407187178328,85.0778983129214,9.33989009802992,83.9090363184611,102.379280090332,79.6983322143555,0,79.1602102106268,81.2582643508911,31.4100807777886,59.553426361084,110.084526062012,93.6759243011475,111.641524178641,43.7002272605896,5.77284600586435,36.0359721745828,13.9342114312013,0,74.6751457214355,18.6033969802427,37.8270062003422,66.2563049184295,46.6980957725557,0,110.855491638184,63.9912723359608,53.5531020838281
0,0,0,0,0,0,0,0,0,0,0,0,0,0,0,0,0,0,156.263397216797,139.064885457357,0,0,35.6804580688477,0,114.701461791992,107.149169921875,134.002269398082,144.855674743652,117.958129882812,0,0,0,0,0,0,72.7940860075109,50.4747431328956,14.4598002364031,53.7998647784243,0,78.1950759887695,0,54.4088114224947,0,57.9896907806396,80.2252388000488,69.6920482038015,105.797317504883,89.5727653503418,111.953651428223,72.2884712219238,12.9994173828603,10.3988584754686,87.3359356029614,58.3792174606727,0,15.8616831889425,36.0359721745828,10.0172612431284,27.8178485094661,81.6243946552277,42.790729778934,26.804311348589,28.5834759907065,78.730598449707,33.9205855761526,108.802891540527,162.215835571289,90.9955368041992,36.4956773560647
97.8936042785645,0,0,43.2926266376789,18.5707855224609,0,0,95.79992536657,0,51.4847065607707,0,0,49.6923789978027,0,0,0,0,0,0,0,0,0,0,0,74.0400444724343,0,0,0,79.5146076012562,84.6611328125,91.2590015956334,0,0,0,0,35.438846886158,79.2061233520508,86.5997606913249,33.4722938896533,13.8349010048901,90.1617389678955,34.2634226802158,22.2372821707904,45.571746589934,16.3456988573333,22.8184812957044,117.61589050293,18.5279999172422,0,50.1790908823476,35.04608954012,22.1843977343946,114.944236755371,0,129.144073486328,18.7628161951029,13.7306820908238,13.9342114312013,27.8178485094661,9.09460627688054,0,113.358333587646,58.6142781850454,14.5759279132021,52.5172754218247,44.8463827611784,0,90.0635276207557,43.6185054204417,46.0636876261276
0,0,0,28.0596659978231,0,0,0,0,0,0,0,69.0153355407715,0,58.6454821957482,0,0,0,0,78.6652013142904,87.6523898198054,0,0,0,0,0,44.6163771311442,82.6839937609296,87.9955889961936,0,0,0,77.7080783014712,0,0,79.7261123657227,0,8.17325305649143,71.9214839935303,6.90513065144732,0,0,0,131.500503540039,74.436897277832,0,0,30.9938877963812,0,20.1504650677612,0,0,90.3406650543213,55.5444661676884,42.6767139543187,43.325444124551,0,100.306704203288,0,81.6243946552277,0,6.21404845734147,32.1296181602185,35.5887833733095,109.313746861049,0,103.52009540134,32.2736820212148,0,0,46.9074802069828
0,48.0528831481934,109.451736450195,56.0723787148794,0,0,0,0,0,0,0,95.5221298217773,0,94.946421649005,0,0,0,93.6528884887695,96.4623570313325,93.4300232864008,0,0,0,0,0,83.5996711519029,80.4546646481469,88.1567676836582,0,0,0,98.4939365386963,0,0,106.90312056108,108.236071722848,28.5362810369417,16.6350387375502,34.0484937280678,0,79.3222427368164,0,100.805973277372,0,0,0,28.0976087360931,0,41.8650626035837,98.2603912353516,0,75.0187210704005,23.1514511152279,16.0465083888176,20.2259556129323,0,64.0837130029181,74.6751457214355,42.790729778934,113.358333587646,32.1296181602185,8.43797073819647,18.7232084486817,63.2369933235914,104.700984661396,81.3759133809626,15.9081841792576,0,117.048725328947,44.1995610454388
