11.153405866689,172.648895263672,94.9905089934149,71.4081588899246,80.8260919480097,86.3483823140462,66.361931367354,36.7188491587545,42.2064265087842,67.8692823711195,48.0486939491163,129.66682673863,88.1806659698486,141.467539469401,14.6961462901461,60.3802409172058,123.398607889811,88.7805523745557,136.152480443319,118.468068122864,87.1096662374643,71.4669192099158,105.834661043607,82.7547788190885,80.9453932684821,142.930898030599,115.494477881856,119.471758844971,72.674484799232,12.8806331941246,29.680840166577,0,92.6108402676053,40.9995665934262,75.0539317004224,170.468818664551,214.082611083984,160.657843338816,93.3796238618739,0,0,218.018646240234,120.846382141113,193.770530700684,60.5740776062012,0,0,0,0,147.378601074219,0,137.35334777832,192.484252929688,0,0,0,134.660598754883,200.445688883464,180.960571289062,114.466626374618,0,194.406793212891,169.849941155849,127.918779500326,164.334587097168,184.411605834961,0,0,0,169.918487548828
172.648895263672,7.43330250059322,55.6200125217438,16.7983857771968,0,0,0,136.953674316406,183.948338826497,76.1410670598348,218.239227294922,67.3746482431889,0,48.5361625039929,143.479654312134,107.058633592394,61.7446485996246,53.2295626166726,72.1237920761108,47.2443691527028,0,121.351685206095,30.9901542002175,94.9718818664551,76.807411035596,23.3666256649654,47.3847165206773,36.5914504054149,106.245922851562,124.728397369385,104.025104229267,71.8484183152517,197.840789794922,112.277872721354,70.0291550667055,0,8.79364756533974,81.6251377105713,17.2870701855304,0,0,0,126.51390838623,146.1064453125,192.503265380859,0,108.043586730957,0,98.9105682373047,147.503753662109,0,101.431022644043,121.263187832303,144.83763558524,114.107869148254,166.046615600586,0,22.9837970137596,101.599162578583,147.440832955497,82.5155544281006,103.3862114578,87.4368170903141,176.152053833008,0,0,149.465016174316,0,0,133.511838912964
94.9905089934149,55.6200125217438,12.3377380869677,54.5939312055707,127.303174972534,212.781387329102,147.655676398479,103.270558560807,131.585118595246,128.114527982824,127.208078428175,91.6643612610167,140.278857337104,98.7466354370117,122.337587360952,179.230239868164,79.9159529442881,49.4810142451597,95.6282545577648,77.7127887701533,146.220540727888,63.9720966154529,57.3668074858816,28.2130824068912,112.198236091285,79.5939960479736,30.5803166471093,29.8549091318506,90.5003362394193,112.737316486264,81.7020036741745,103.925750732422,197.805447387695,114.382017374039,65.1703296340792,165.485443115234,82.7378392341809,97.1253914527024,59.0776094853483,0,0,216.685737609863,167.60317163882,190.175936126709,146.070059458415,190.881064278739,134.735307693481,0,143.392504882812,190.641030513879,0,125.171332359314,112.672392046494,154.01823870341,131.775171587544,199.117126464844,154.47648042621,78.4923064393817,112.988773345947,161.048649097311,125.773249308268,110.728872448618,99.6768557674505,170.542104825107,197.129413604736,160.864110674177,0,0,219.709228515625,111.372574112632
71.4081588899246,16.7983857771968,54.5939312055707,31.3700174863647,75.2079880578177,128.322967529297,108.449631186093,63.887683787816,102.317190727301,52.10935551672,110.762355041504,70.8874634889821,117.47465133667,52.683878194317,90.3636081059774,92.9163840611776,41.2013768259822,73.425905123353,70.3446816664476,65.6602091789246,127.973655700684,56.1112178162224,31.7074581433678,53.6784100350247,44.4918534061324,20.5114346158584,48.6678298514961,41.5746639039027,54.7965331596118,74.8334296245964,54.4057304884688,60.55880304285,119.762623786926,63.158776862599,69.6009414315224,103.508019583566,46.7250372861561,66.852028576533,18.2223983809935,107.666776275635,0,140.807796478271,86.9859573364258,142.42774887085,21.7958554967244,173.662040710449,86.9044426812066,129.37423324585,59.0107263418344,123.346106974284,0,67.4093626113165,98.6342934502496,87.8266337359393,103.972203209287,149.239641189575,71.2081764221191,23.5608717136913,83.4344916227387,69.4841821656028,41.3648069026107,85.396915827042,67.6270336223893,81.0882199234947,114.092927759344,71.8891723544099,72.4687238420759,0,86.49609375,87.2396032159979
80.8260919480097,0,127.303174972534,75.2079880578177,10.2410713167674,137.434598922729,65.4890730555465,75.8431638435081,76.5379862785339,42.2399324019325,26.160263048586,137.454627990723,32.521109967073,206.589836120605,96.336595361883,56.4951710894825,0,154.479179382324,0,0,15.3448298809114,138.275817871094,88.7889442443848,136.993404388428,21.9367104392884,0,159.279959440231,147.953316582574,17.7811984248695,103.979257225094,96.5217944874483,189.809020996094,140.646023750305,89.2672239604749,99.7473283495222,197.523666381836,0,202.204806009928,77.7664544241769,24.9373495385861,0,109.388074473331,141.153434753418,139.890379714966,86.0344696504524,129.143586847517,150.16032409668,20.5159951575481,0,114.584735325405,101.788714090983,0,0,0,227.765853881836,35.5352558543664,0,187.630882263184,190.768051147461,101.514161600905,0,0,217.354309082031,126.245686906757,139.042298453195,162.526412963867,0,136.238632202148,0,172.253931681315
86.3483823140462,0,212.781387329102,128.322967529297,137.434598922729,7.68090779255636,12.9495119261296,126.793964483799,22.6484868433333,79.718007405599,124.760692842545,65.6195451487666,111.092747165311,84.5576139177595,30.6556222131319,13.7239438413608,0,127.349235534668,102.156370162964,98.0040181477865,125.615228989545,0,0,178.428394862584,97.4382455613878,70.9505081176758,128.787815856934,193.119222005208,125.5239610672,21.4219277265403,135.823956807454,116.721244812012,11.2518907773343,0,35.9178894077029,0,0,0,0,0,0,0,0,0,0,0,0,0,0,0,0,0,0,0,0,0,0,0,0,182.339772542318,161.917831420898,0,239.833862304688,183.62100982666,0,0,0,0,0,0
66.361931367354,0,147.655676398479,108.449631186093,65.4890730555465,12.9495119261296,10.8034239515521,64.5314308031735,19.3727479592645,62.7684139619794,26.7578358006234,86.4418802123139,21.4843933141945,95.8344984054565,37.9710123153058,11.1916193466813,146.846435546875,163.414849853516,134.843256632487,179.462461853027,39.9057006418942,118.764597379244,147.968719482422,133.235510572875,77.1603248399188,93.3376693725586,165.117424435086,155.678891416456,65.4182348503914,27.1772209264874,102.409845806303,118.593609619141,18.2129958491905,99.8719274080717,63.7045026125291,0,163.767288208008,206.91051864624,127.791304270426,145.527389526367,0,204.330307006836,175.215647888184,0,122.165970802307,182.517496744792,0,112.571514674595,0,0,0,0,0,0,0,151.430516242981,0,142.492874145508,172.37419128418,141.367572742504,0,247.011978149414,211.303411211286,176.1026780412,191.175666809082,197.193584442139,0,0,0,0
36.7188491587545,136.953674316406,103.270558560807,63.887683787816,75.8431638435081,126.793964483799,64.5314308031735,11.0850641897726,60.4488798206383,55.633294790219,18.6919581373656,158.22969393049,55.6143865654434,168.419418334961,50.9799968176963,78.2394184177205,96.8823558262416,125.98336108795,170.777375962999,145.931290283203,71.3759186077118,70.1574372479817,96.8020481782801,84.5660817468802,58.7419386584183,165.959938049316,134.901950722242,115.377594308184,27.5016572069575,67.7079411844591,16.8539483700515,174.076497395833,129.437867781695,63.7810872268863,76.4899285167634,143.562408447266,155.883178710938,169.150579714308,76.6732582791161,132.241599019368,0,149.674247196742,124.123317597404,152.494703594007,82.8703292437962,146.937855190701,217.164688110352,144.622304916382,229.787261962891,159.81213923863,158.706466674805,143.089251708984,198.694630432129,235.985885620117,221.387268066406,120.642624183937,165.527124404907,126.195432222806,163.849909002131,107.178359732032,0,201.936546325684,180.09079919038,125.644307473024,159.099919354474,137.645275022925,0,195.533630371094,138.788856506348,148.362000685472
42.2064265087842,183.948338826497,131.585118595246,102.317190727301,76.5379862785339,22.6484868433333,19.3727479592645,60.4488798206383,11.52062306761,90.2911166218878,29.9033655639429,79.2777724161635,70.8560970500062,102.257061513265,17.7131510670411,36.6409240203962,151.212846755981,132.97332667328,115.173545012603,147.099132609817,75.5570447547921,106.251235304208,136.900555928548,119.083972297272,49.0399315009467,105.768056869507,151.820815644658,146.58529929848,91.118463502012,33.886573044107,82.3246685660625,117.870014863856,23.297625391965,96.2657706520774,62.3865890817544,203.347816467285,0,196.377743951206,107.547046827233,149.432655334473,0,171.884775797526,160.890973542866,197.636193847656,120.281507219587,154.701206207275,0,129.987505594889,102.453234354655,203.611236572266,0,197.633804321289,226.726425170898,0,0,163.078449596058,0,152.493774414062,190.141424179077,143.834106527792,0,196.658711751302,199.649207750956,166.762544510212,211.531421661377,176.629379272461,0,0,0,210.718383789062
67.8692823711195,76.1410670598348,128.114527982824,52.10935551672,42.2399324019325,79.718007405599,62.7684139619794,55.633294790219,90.2911166218878,8.87777831946757,74.5207441951452,133.492280357762,18.5606437345903,122.550544828527,87.8340663223815,27.0124421869903,104.907036429957,120.884096984863,133.114236195882,136.579985141754,62.0430620435684,110.505708582261,38.700206788326,116.068835980964,28.0601039214775,109.539359355536,124.145272702587,118.613997253341,51.5128198635603,76.1399869131386,62.1512029187433,139.052598876953,133.283629784217,62.9559296134889,90.1219155996438,82.8707784016927,222.047546386719,187.545127868652,21.7765904978702,101.022139769334,0,105.719479878743,91.615790271759,111.470676422119,21.1128132493872,121.349175453186,185.277717590332,69.3901805877686,169.367317199707,154.128819783529,56.4855556488037,96.0725708007812,246.033264160156,151.957420349121,208.174687703451,83.5798189690773,129.593973795573,89.8796119689941,115.408378601074,74.5085283253291,106.943504333496,182.517466953823,177.559796726002,94.9181311160703,122.841495513916,93.2271853360263,194.324813842773,0,167.962417602539,174.185180664062
48.0486939491163,218.239227294922,127.208078428175,110.762355041504,26.160263048586,124.760692842545,26.7578358006234,18.6919581373656,29.9033655639429,74.5207441951452,10.4119163626685,153.819435768939,27.4033445919857,190.069223022461,48.2585100274727,77.6066624198373,118.092384338379,158.555643130571,174.682596842448,166.819850921631,21.3761558349328,99.9430448632491,117.980389065213,109.470915769919,65.9139282876167,0,158.088429432289,140.490072977912,30.6254458876082,82.3785732732066,71.7928781566506,174.465618133545,129.39575822979,74.6248064398766,94.8979181375077,209.606044769287,0,175.106846202504,93.9118013796599,152.464280241627,0,163.975809433881,144.50429414448,170.718370225694,97.5917084363042,165.122837147814,0,56.6594350230586,0,162.258623758952,123.553797403971,182.514659881592,201.619562784831,0,0,137.515741328603,178.99333190918,231.560607910156,177.14069039481,117.633191278665,0,200.256098429362,207.982913970947,158.018941595199,198.639395141602,197.046426391602,0,0,0,201.007393973214
129.66682673863,67.3746482431889,91.6643612610167,70.8874634889821,137.454627990723,65.6195451487666,86.4418802123139,158.22969393049,79.2777724161635,133.492280357762,153.819435768939,13.7982276545398,143.864616030738,24.4040827907663,75.1056883509566,98.3604431152344,118.983553679093,58.8794675256407,26.4919649786807,24.8828604267806,146.960884602865,102.154701791961,102.090121941278,97.8508101327079,146.15116136339,34.4621599655966,37.0033865115556,69.285298494164,152.741586664672,52.9451520314373,112.57010342782,43.4343506273234,60.6634336212306,112.261050562705,28.7545339506544,0,132.635061475966,156.760527610779,102.801578235626,0,122.255409240723,0,223.75212097168,129.298446655273,176.215072631836,0,100.144692042103,192.844856262207,79.549128923029,0,0,155.092224121094,192.823501586914,109.210316541718,131.642580668132,0,236.688781738281,135.38236618042,166.747634887695,189.415152655707,78.2982322611707,110.667257549579,114.081502289679,204.027725219727,0,230.895698547363,104.662106831868,0,0,118.029830932617
88.1806659698486,0,140.278857337104,117.47465133667,32.521109967073,111.092747165311,21.4843933141945,55.6143865654434,70.8560970500062,18.5606437345903,27.4033445919857,143.864616030738,11.3670783824397,166.052186584473,87.0370465086288,13.6232984875217,0,188.067092895508,173.931671142578,178.660179138184,15.3835683861781,175.663589477539,79.8054005549504,134.282474040985,22.4466343952331,133.057353973389,171.27672395252,150.240200645045,45.4503072719221,97.9720103724473,120.553932189941,0,126.466676672022,98.5841579437256,94.6296807097217,0,0,211.877174377441,90.9806718826294,36.2060630512238,0,153.467812674386,177.806344168527,101.408489227295,91.1051725660052,165.282368977865,0,9.13024541773787,0,110.400810241699,0,0,0,0,0,40.5851237826295,0,0,199.768524169922,127.956964288439,0,0,210.322219848633,164.06854879445,214.682395935059,0,0,0,0,233.978454589844
141.467539469401,48.5361625039929,98.7466354370117,52.683878194317,206.589836120605,84.5576139177595,95.8344984054565,168.419418334961,102.257061513265,122.550544828527,190.069223022461,24.4040827907663,166.052186584473,9.63936473700693,101.371749030219,157.057235717773,124.128341674805,104.381444658552,49.1786279133388,68.8795097139147,184.717712402344,125.482849121094,91.6361783973253,121.461884392632,133.113479268675,19.3273304200481,18.1390169406342,30.5962521130727,158.790537053888,78.8266009012858,150.195635986328,12.1134751373551,86.8300479986729,161.211583455404,66.9587143889996,146.150726318359,105.471970452203,157.267127990723,66.9211858602671,0,112.495674133301,0,0,121.229413986206,172.258662414551,0,86.1662462662006,0,68.9819860572663,160.33419418335,0,167.462341308594,142.528396606445,96.7773187402735,123.317592327411,213.530085245768,241.52995300293,129.32125600179,190.880294799805,178.38786315918,62.1452088114816,95.0779723554555,98.8404537096963,0,135.119012832642,0,90.2788484233961,138.085437774658,0,101.259900955927
14.6961462901461,143.479654312134,122.337587360952,90.3636081059774,96.336595361883,30.6556222131319,37.9710123153058,50.9799968176963,17.7131510670411,87.8340663223815,48.2585100274727,75.1056883509566,87.0370465086288,101.371749030219,10.2104171480318,47.153621339798,129.604530334473,120.026269785185,121.785475710605,136.484231661906,88.2400279248882,93.4640176844896,125.276769784781,107.874589801432,96.7269368483426,112.387793223063,143.722505082755,140.12048421224,89.8176341012672,16.898913383567,67.1380881712645,114.913701837713,13.9155945041419,73.4670959020916,49.2389477187015,120.712371826172,0,191.64932434082,129.326382773263,191.208450317383,0,0,155.069588039232,192.017383575439,139.19392267863,179.171351114909,0,100.634727478027,140.583145141602,198.196555001395,0,0,211.916305541992,0,221.522354125977,218.759511311849,169.211837768555,162.149787902832,206.029765735973,140.876219216371,0,193.470680236816,192.264413452148,159.011684380689,198.845586776733,157.718889872233,235.38151550293,0,136.144317626953,202.321192423503
60.3802409172058,107.058633592394,179.230239868164,92.9163840611776,56.4951710894825,13.7239438413608,11.1916193466813,78.2394184177205,36.6409240203962,27.0124421869903,77.6066624198373,98.3604431152344,13.6232984875217,157.057235717773,47.153621339798,8.66565007548051,0,0,157.217147827148,0,47.9707525537369,132.619216918945,90.3473466082317,126.554798126221,40.7257850493154,150.966991424561,174.377165052626,148.364819016568,76.6315119596338,50.0747189088301,108.799011230469,174.547988891602,30.5956874567386,98.2741372244699,41.0128675354852,0,0,0,0,0,0,0,116.431701660156,204.323364257812,59.7455266316732,127.311904907227,0,62.2661533355713,121.781585693359,0,0,0,0,0,0,96.184076944987,0,0,0,116.985672814505,0,0,174.099334716797,186.587265014648,185.771408081055,0,0,0,0,0
123.398607889811,61.7446485996246,79.9159529442881,41.2013768259822,0,0,146.846435546875,96.8823558262416,151.212846755981,104.907036429957,118.092384338379,118.983553679093,0,124.128341674805,129.604530334473,0,12.6481681668362,95.4397401860691,136.136796951294,119.630987803141,140.187911987305,22.8804095910157,29.7382857871573,23.6782047043243,37.2711977286514,82.3055257797241,106.900496506109,26.8773148320224,40.061213116283,140.832717132568,75.9824977341094,133.781372070312,0,116.959794786241,77.7345415884288,136.777086257935,108.550133228302,104.717616047893,58.6956615519434,203.379943847656,145.298370361328,179.372009277344,146.626465369915,170.896579318576,154.103733062744,165.532465616862,150.265808105469,0,0,183.858800888062,0,58.4543824361633,146.635416412354,188.44255065918,161.048502604167,0,118.389805215304,60.5702477630816,103.721813807159,118.825919729764,192.179824829102,149.772582545425,107.161077623243,121.984449085436,143.852891921997,110.594649887085,205.383834838867,0,110.112566630046,120.76337706737
88.7805523745557,53.2295626166726,49.4810142451597,73.425905123353,154.479179382324,127.349235534668,163.414849853516,125.98336108795,132.97332667328,120.884096984863,158.555643130571,58.8794675256407,188.067092895508,104.381444658552,120.026269785185,0,95.4397401860691,10.7234427669597,62.7247969801997,25.0796520626898,193.682327270508,56.452570512286,76.6256445148323,26.2845622442343,125.253598361545,74.4782919707122,42.5958728503814,67.6410622934551,115.111055043953,88.413132713059,63.6554359473181,106.636384010315,125.21997833252,83.8467814293605,35.8374419666981,0,108.047774723598,115.042655778968,89.712804911088,0,0,204.296249389648,184.489722115653,209.786001586914,115.918285369873,0,107.821319580078,0,147.653427124023,211.615899658203,0,137.7602051955,141.19628110845,180.521159362793,136.75627822876,0,163.001671530984,120.169435882568,140.992490887642,169.254979203387,89.1282005310059,119.685300121157,119.707298548692,174.475280761719,153.471473693848,164.579876708984,145.0458984375,0,0,143.416488647461
136.152480443319,72.1237920761108,95.6282545577648,70.3446816664476,0,102.156370162964,134.843256632487,170.777375962999,115.173545012603,133.114236195882,174.682596842448,26.4919649786807,173.931671142578,49.1786279133388,121.785475710605,157.217147827148,136.136796951294,62.7247969801997,8.15544995992695,12.7514177196829,177.598765055339,126.111474470659,118.446986271785,107.974324019914,166.263269424438,52.0480860438213,24.8071533102445,65.8785524128484,171.734365575454,92.2984179487132,121.283172607422,54.1016451878981,99.5516662597656,117.130606217818,56.3927220157741,0,189.484237670898,152.748004150391,118.676460266113,0,0,0,0,0,211.508636474609,0,103.336610717773,0,101.420115900975,0,0,0,219.733093261719,112.149977021298,117.0132107942,0,0,160.587776184082,226.047164916992,236.959625244141,88.5175026787652,110.469016516588,113.077246098225,237.079475402832,0,0,113.608663458573,0,0,126.912659454346
118.468068122864,47.2443691527028,77.7127887701533,65.6602091789246,0,98.0040181477865,179.462461853027,145.931290283203,147.099132609817,136.579985141754,166.819850921631,24.8828604267806,178.660179138184,68.8795097139147,136.484231661906,0,119.630987803141,25.0796520626898,12.7514177196829,9.94920036711831,215.496765136719,97.119811791942,101.718371369118,72.2575139967636,148.757344501774,47.0274316453026,29.6473284263395,68.4080557279727,136.229838635548,108.433587018868,90.7081437241184,67.3119132995605,94.0193634033203,104.900178641916,43.611586238354,0,107.719390869141,141.96154361301,109.745504220327,0,0,0,198.368827819824,161.198921203613,0,0,118.416753881118,0,115.834998672073,208.315343221029,0,212.294799804688,147.18234761556,116.14438548841,109.941671841386,0,187.718475341797,114.143523216248,178.33288675944,201.01439666748,81.2379432678223,108.739535935629,112.724092841276,182.363372802734,0,176.62727355957,125.379321289063,0,0,141.759676615397
87.1096662374643,0,146.220540727888,127.973655700684,15.3448298809114,125.615228989545,39.9057006418942,71.3759186077118,75.5570447547921,62.0430620435684,21.3761558349328,146.960884602865,15.3835683861781,184.717712402344,88.2400279248882,47.9707525537369,140.187911987305,193.682327270508,177.598765055339,215.496765136719,11.6156379581909,111.335578918457,127.916038513184,0,16.6475957406317,0,177.430308024089,179.300159107555,30.685326504504,97.799980940977,132.199760437012,173.228652954102,128.854233451512,98.0402514139811,93.635682957513,0,161.254272460938,0,81.1156005859375,33.564887834283,0,114.623584111532,132.670404052734,150.733120258038,98.2422989047303,152.861806030273,0,18.2881140701438,0,141.939526875814,86.2716013590495,0,0,0,0,29.6147263245796,0,186.234558105469,248.292541503906,111.793188427434,0,0,205.294593811035,142.680828393674,212.179606119792,203.006134033203,0,0,0,100.567140579224
71.4669192099158,121.351685206095,63.9720966154529,56.1112178162224,138.275817871094,0,118.764597379244,70.1574372479817,106.251235304208,110.505708582261,99.9430448632491,102.154701791961,175.663589477539,125.482849121094,93.4640176844896,132.619216918945,22.8804095910157,56.452570512286,126.111474470659,97.119811791942,111.335578918457,10.6259527142803,51.9026434727592,26.007348632586,42.7579937632304,98.8804575602214,104.965923905072,82.7372483216882,27.0762666875285,45.0144810575716,22.7779706429445,147.906326293945,0,49.2347739385417,45.9218717156866,135.607921854655,116.148010253906,143.246344315378,65.0208733931832,175.334762573242,0,0,133.565743539848,174.768181937081,77.7587490081787,178.918151855469,184.740043640137,160.85530090332,0,159.477283824574,0,111.933371985519,167.587544759115,0,173.477519989014,193.143745422363,121.370448834599,67.4061340840658,118.895952696129,118.674917353666,0,175.157341003418,147.152522700848,121.079165344938,159.804076603481,117.632527348125,0,0,119.514094543457,131.266554919156
105.834661043607,30.9901542002175,57.3668074858816,31.7074581433678,88.7889442443848,0,147.968719482422,96.8020481782801,136.900555928548,38.700206788326,117.980389065213,102.090121941278,79.8054005549504,91.6361783973253,125.276769784781,90.3473466082317,29.7382857871573,76.6256445148323,118.446986271785,101.718371369118,127.916038513184,51.9026434727592,8.88824119091379,50.3363320293934,33.9931533696198,72.4680729132432,82.197445362636,42.2625931469351,57.4502372601246,111.946067207738,56.7687296318285,111.416074555496,151.318252563477,84.2191352844238,67.866836705889,98.7712738037109,55.3211640252007,83.7299624563053,11.7982492649809,144.305923461914,0,101.772155761719,123.563593546549,207.142589569092,94.746021270752,164.017929077148,150.672378540039,160.607345581055,146.403478894915,136.983441670736,0,56.5329616462791,112.811260223389,164.652306692941,128.387271118164,131.2779296875,74.4070491790771,10.5926027730643,73.0100425230254,76.7519577496672,182.441925048828,145.175182215373,95.9619508571051,84.8720476820662,100.299110412598,67.787134762468,174.950068155924,0,71.3456268310547,79.06312306722
82.7547788190885,94.9718818664551,28.2130824068912,53.6784100350247,136.993404388428,178.428394862584,133.235510572875,84.5660817468802,119.083972297272,116.068835980964,109.470915769919,97.8508101327079,134.282474040985,121.461884392632,107.874589801432,126.554798126221,23.6782047043243,26.2845622442343,107.974324019914,72.2575139967636,0,26.007348632586,50.3363320293934,16.7246132183932,74.097775330263,108.701154981341,67.9500390999718,46.7765036515212,53.5388764743129,67.8248747239698,49.1249150447922,118.003099229601,166.414580281576,81.6719111106574,52.132169745701,167.61482000351,106.904329299927,103.255735445479,66.5811760526457,165.188919067383,0,197.221264309353,155.377167827678,196.490073162576,123.432417028091,175.792624733665,154.800306955973,0,192.645858764648,178.16760817818,172.689086914062,100.312321290656,129.808584870963,157.968115234375,163.598225628888,205.671203613281,124.107161367507,70.0016341168516,111.531063774102,143.984250107857,182.13801574707,145.093519664946,107.180106569686,146.842435019357,190.641705322266,129.974761362151,0,0,157.625930786133,124.934013858918
80.9453932684821,76.807411035596,112.198236091285,44.4918534061324,21.9367104392884,97.4382455613878,77.1603248399188,58.7419386584183,49.0399315009467,28.0601039214775,65.9139282876167,146.15116136339,22.4466343952331,133.113479268675,96.7269368483426,40.7257850493154,37.2711977286514,125.253598361545,166.263269424438,148.757344501774,16.6475957406317,42.7579937632304,33.9931533696198,74.097775330263,13.1096783730373,113.689739630089,131.990637106266,96.9474938998516,25.5411850340325,86.6908510034289,73.7770923855068,162.218351576063,136.589401245117,72.8626871907987,91.5402858168991,136.642819013752,124.304197692871,156.753837194198,60.6029976475182,113.748305195256,171.590141296387,131.196222612935,117.325588251835,151.62468943278,67.8492019260479,136.197436523437,209.438369750977,99.84196382761,199.053001403809,160.070445402169,122.831232070923,110.29737824979,183.730595029634,197.134887695312,199.687632242839,101.97595740312,128.486379594945,84.2219696044922,148.714855824869,96.9799141519407,155.432647705078,185.895556219693,161.326328785247,116.86362797072,151.564047954492,123.856340638289,200.343002319336,168.483734130859,147.026334662186,137.873357234857
142.930898030599,23.3666256649654,79.5939960479736,20.5114346158584,0,70.9505081176758,93.3376693725586,165.959938049316,105.768056869507,109.539359355536,0,34.4621599655966,133.057353973389,19.3273304200481,112.387793223063,150.966991424561,82.3055257797241,74.4782919707122,52.0480860438213,47.0274316453026,0,98.8804575602214,72.4680729132432,108.701154981341,113.689739630089,7.75078952128828,44.4779599489005,28.1665431243432,121.015168507894,77.1227390582745,118.988014221191,50.2079925239086,72.6443341573079,150.045684814453,60.7239971160889,0,97.2760925292969,109.922613961356,58.1015240595891,216.638931274414,89.1711730957031,0,0,0,137.881797790527,0,76.1346197861891,0,63.4719593920831,0,0,0,148.772890090942,96.7341639741938,109.129536692301,0,0,0,155.120223999023,147.325366210937,32.1078866322835,87.7151705890621,88.4608280819253,0,0,0,82.8103567841765,0,0,96.0009231567383
115.494477881856,47.3847165206773,30.5803166471093,48.6678298514961,159.279959440231,128.787815856934,165.117424435086,134.901950722242,151.820815644658,124.145272702587,158.088429432289,37.0033865115556,171.27672395252,18.1390169406342,143.722505082755,174.377165052626,106.900496506109,42.5958728503814,24.8071533102445,29.6473284263395,177.430308024089,104.965923905072,82.197445362636,67.9500390999718,131.990637106266,44.4779599489005,15.7077376962943,37.6701715709966,130.715682983398,114.830342680597,110.690663647007,17.4005951624009,103.085144641353,119.667842664217,60.1616516079116,209.191909790039,114.221494105824,120.140775759358,82.5785344597752,231.894439697266,0,213.200408935547,195.899466152849,193.208555603027,183.555898666382,219.676048278809,109.254073628619,0,103.0989190838,197.891541731985,0,153.196972933683,115.798065529495,112.013456234034,112.481391365195,199.401992797852,174.927140712738,131.766426641291,164.545137310028,189.965806624469,90.2341792598651,103.539677415319,104.804519259657,198.845225672568,195.631425476074,173.782394954136,115.20997140067,0,0,131.170230207772
119.471758844971,36.5914504054149,29.8549091318506,41.5746639039027,147.953316582574,193.119222005208,155.678891416456,115.377594308184,146.58529929848,118.613997253341,140.490072977912,69.285298494164,150.240200645045,30.5962521130727,140.12048421224,148.364819016568,26.8773148320224,67.6410622934551,65.8785524128484,68.4080557279727,179.300159107555,82.7372483216882,42.2625931469351,46.7765036515212,96.9474938998516,28.1665431243432,37.6701715709966,18.0315653663417,84.2128862819008,120.90028999791,113.827990124939,29.2616058827476,115.863956069946,123.681601859428,71.1705116796722,187.01440377071,91.1526219156764,98.936330809875,56.2636877513927,209.176953996931,0,208.847958034939,175.328911728329,194.554517697065,169.991034088135,193.224152785081,115.200764227973,202.087379455566,99.8528643769535,183.561284344013,211.538154602051,115.694095130106,115.369053661563,115.775106685805,118.817738118732,179.605585734049,151.635389785136,78.5761880059528,116.352286574711,161.447553198882,86.8149685806103,107.410996577455,102.830388541852,164.905835886471,195.335780510536,169.138350350516,117.24934387207,210.27473449707,182.421585083008,121.788202630713
72.674484799232,106.245922851562,90.5003362394193,54.7965331596118,17.7811984248695,125.5239610672,65.4182348503914,27.5016572069575,91.118463502012,51.5128198635603,30.6254458876082,152.741586664672,45.4503072719221,158.790537053888,89.8176341012672,76.6315119596338,40.061213116283,115.111055043953,171.734365575454,136.229838635548,30.685326504504,27.0762666875285,57.4502372601246,53.5388764743129,25.5411850340325,121.015168507894,130.715682983398,84.2128862819008,12.7060485928873,82.0772567303381,39.5973293890729,167.02096862793,134.754507882254,64.9107085389911,72.8803045757533,134.172371011031,137.826253255208,152.977414820316,68.8516282886267,141.462601200227,171.272796630859,150.357686755727,118.0564959662,158.037353367481,73.7061364932936,148.446742913662,181.024932861328,100.814577478758,200.746292114258,160.61228783576,147.542689853244,118.204002096846,180.531030709403,208.448206583659,197.189349704319,123.536645694267,129.351928447855,95.1887056765349,146.432756734012,104.437996529949,192.474945068359,186.775731261347,161.046137189532,119.844745909464,152.534434860828,120.058858681269,0,0,134.953847037421,146.760771234351
12.8806331941246,124.728397369385,112.737316486264,74.8334296245964,103.979257225094,21.4219277265403,27.1772209264874,67.7079411844591,33.886573044107,76.1399869131386,82.3785732732066,52.9451520314373,97.9720103724473,78.8266009012858,16.898913383567,50.0747189088301,140.832717132568,88.413132713059,92.2984179487132,108.433587018868,97.799980940977,45.0144810575716,111.946067207738,67.8248747239698,86.6908510034289,77.1227390582745,114.830342680597,120.90028999791,82.0772567303381,9.10649822274115,32.0148417310793,99.6407542509191,11.7150668669875,13.6434020841401,34.4459144024152,119.186587015788,0,188.046925264246,91.6806494247082,168.69699605306,0,165.338256835938,134.476571978945,160.878794352214,100.570145550896,0,0,156.099584579468,0,179.682506016323,0,149.472761535645,205.772132873535,130.680557250977,0,218.953720092773,169.885204315186,122.047757466634,182.648675537109,134.231907501221,0,175.206405639648,175.091367409446,137.516931097192,179.334982299805,148.390425832648,0,0,160.163917541504,176.953555107117
29.680840166577,104.025104229267,81.7020036741745,54.4057304884688,96.5217944874483,135.823956807454,102.409845806303,16.8539483700515,82.3246685660625,62.1512029187433,71.7928781566506,112.57010342782,120.553932189941,150.195635986328,67.1380881712645,108.799011230469,75.9824977341094,63.6554359473181,121.283172607422,90.7081437241184,132.199760437012,22.7779706429445,56.7687296318285,49.1249150447922,73.7770923855068,118.988014221191,110.690663647007,113.827990124939,39.5973293890729,32.0148417310793,9.99368458841643,162.060913085938,135.667080470494,33.8036072096132,35.5688324556817,132.702432556152,0,156.600621310147,66.7122849564054,149.330032348633,222.73567199707,187.142517089844,119.180944914459,167.82243347168,66.5890234311422,183.095794677734,0,194.780181884766,0,158.41716003418,147.241714477539,113.461822792336,177.293014526367,0,0,142.797283172607,123.7830687205,72.6359569925658,146.602000209263,113.562016144642,0,194.435483065518,167.915598241294,115.656612510642,140.783358826929,116.868709136392,0,220.892105102539,126.266408480131,134.971808624268
0,71.8484183152517,103.925750732422,60.55880304285,189.809020996094,116.721244812012,118.593609619141,174.076497395833,117.870014863856,139.052598876953,174.465618133545,43.4343506273234,0,12.1134751373551,114.913701837713,174.547988891602,133.781372070312,106.636384010315,54.1016451878981,67.3119132995605,173.228652954102,147.906326293945,111.416074555496,118.003099229601,162.218351576063,50.2079925239086,17.4005951624009,29.2616058827476,167.02096862793,99.6407542509191,162.060913085938,11.0781883427657,106.373234340123,0,76.8912693635198,213.777709960938,131.317855834961,186.897392272949,129.225092411041,0,0,0,0,0,0,0,104.873699551537,0,96.3690434017697,141.053955078125,0,0,0,112.002581315882,128.753429412842,211.991287231445,224.512298583984,0,0,206.441062927246,86.8080756323678,111.46717928458,114.357135601898,0,149.154647827148,0,111.899537572321,0,0,117.852494557699
92.6108402676053,197.840789794922,197.805447387695,119.762623786926,140.646023750305,11.2518907773343,18.2129958491905,129.437867781695,23.297625391965,133.283629784217,129.39575822979,60.6634336212306,126.466676672022,86.8300479986729,13.9155945041419,30.5956874567386,0,125.21997833252,99.5516662597656,94.0193634033203,128.854233451512,0,151.318252563477,166.414580281576,136.589401245117,72.6443341573079,103.085144641353,115.863956069946,134.754507882254,11.7150668669875,135.667080470494,106.373234340123,5.67069321318561,180.508316040039,34.1028673033965,0,0,0,0,0,0,0,189.455230712891,0,0,0,0,0,122.466522216797,0,0,0,0,168.06086730957,0,200.366836547852,0,0,0,181.660517374674,0,0,165.247741699219,193.740090942383,0,0,150.943878173828,0,0,0
40.9995665934262,112.277872721354,114.382017374039,63.158776862599,89.2672239604749,0,99.8719274080717,63.7810872268863,96.2657706520774,62.9559296134889,74.6248064398766,112.261050562705,98.5841579437256,161.211583455404,73.4670959020916,98.2741372244699,116.959794786241,83.8467814293605,117.130606217818,104.900178641916,98.0402514139811,49.2347739385417,84.2191352844238,81.6719111106574,72.8626871907987,150.045684814453,119.667842664217,123.681601859428,64.9107085389911,13.6434020841401,33.8036072096132,0,180.508316040039,7.4015197426817,35.4039114691048,135.297805786133,206.415191650391,175.448287963867,88.9880483627319,135.196044921875,0,0,127.91741265191,174.869425455729,74.6515757242839,0,0,0,0,187.474273681641,0,136.202423095703,226.223236083984,0,0,198.222747802734,139.021556854248,0,151.214260101318,120.370106440005,0,178.860911051432,188.779893354936,125.59941410374,173.084391276042,136.207116560502,0,0,140.253051757812,156.587371826172
75.0539317004224,70.0291550667055,65.1703296340792,69.6009414315224,99.7473283495222,35.9178894077029,63.7045026125291,76.4899285167634,62.3865890817544,90.1219155996438,94.8979181375077,28.7545339506544,94.6296807097217,66.9587143889996,49.2389477187015,41.0128675354852,77.7345415884288,35.8374419666981,56.3927220157741,43.611586238354,93.635682957513,45.9218717156866,67.866836705889,52.132169745701,91.5402858168991,60.7239971160889,60.1616516079116,71.1705116796722,72.8803045757533,34.4459144024152,35.5688324556817,76.8912693635198,34.1028673033965,35.4039114691048,10.9221563494076,172.541309356689,135.724056667752,116.887195520234,87.8656120300293,194.007044474284,0,213.650451660156,153.262996341871,181.679821777344,93.6854855673654,216.881149291992,116.539645603725,153.980883280436,116.787205436013,196.96506652832,0,116.373853683472,153.961926164298,131.386573791504,136.70075674618,136.663917541504,133.953913175143,87.0077620452305,115.072307385896,133.676196586795,105.484974924723,131.534019304358,125.808053470352,139.84758836132,166.042908562554,128.177366430109,128.360010419573,0,173.054662068685,132.119812343432
170.468818664551,0,165.485443115234,103.508019583566,197.523666381836,0,0,143.562408447266,203.347816467285,82.8707784016927,209.606044769287,0,0,146.150726318359,120.712371826172,0,136.777086257935,0,0,0,0,135.607921854655,98.7712738037109,167.61482000351,136.642819013752,0,209.191909790039,187.01440377071,134.172371011031,119.186587015788,132.702432556152,213.777709960938,0,135.297805786133,172.541309356689,13.1317437642653,161.198696899414,113.057033293126,70.1987238301859,92.3816465105329,112.398654937744,97.4606246948242,38.6190124722111,71.1217008689502,71.5766330045812,74.130360894733,127.359544888349,88.8073061817097,161.490291888897,18.3053548732628,88.9499500819615,131.387417602539,112.392851996315,147.651991925921,126.539320604517,81.6149720526361,89.1846655015465,103.33593346732,108.219622422138,82.0005898880632,0,130.567288768535,142.152120194723,83.2095023884493,23.5999682080761,28.2455234147432,171.82688293457,97.7761113484701,28.118275742579,77.0770520136106
214.082611083984,8.79364756533974,82.7378392341809,46.7250372861561,0,0,163.767288208008,155.883178710938,0,222.047546386719,0,132.635061475966,0,105.471970452203,0,0,108.550133228302,108.047774723598,189.484237670898,107.719390869141,161.254272460938,116.148010253906,55.3211640252007,106.904329299927,124.304197692871,97.2760925292969,114.221494105824,91.1526219156764,137.826253255208,0,0,131.317855834961,0,206.415191650391,135.724056667752,161.198696899414,8.08017099885866,45.539397328733,30.5429543606017,0,0,153.525894165039,137.665200666948,163.427668253581,70.9040713268778,136.321151733398,75.6636114756266,0,54.0837067241894,158.920405864716,115.995729064941,56.3080850269483,60.6264997927348,83.997163660386,73.3856014954416,0,91.2545445090846,21.050601910174,73.2493719032833,73.1081811493518,24.4879584528782,58.6323447132491,37.9831000532527,108.754636463366,156.752578735352,109.630673885345,75.1200354292586,0,0,67.0716093269883
160.657843338816,81.6251377105713,97.1253914527024,66.852028576533,202.204806009928,0,206.91051864624,169.150579714308,196.377743951206,187.545127868652,175.106846202504,156.760527610779,211.877174377441,157.267127990723,191.64932434082,0,104.717616047893,115.042655778968,152.748004150391,141.96154361301,0,143.246344315378,83.7299624563053,103.255735445479,156.753837194198,109.922613961356,120.140775759358,98.936330809875,152.977414820316,188.046925264246,156.600621310147,186.897392272949,0,175.448287963867,116.887195520234,113.057033293126,45.539397328733,13.9581271301709,46.7582845218846,173.239763895671,178.813041687012,143.798645236481,96.6508255028423,129.785247447072,105.176152027829,119.677177335587,136.32810804579,173.908863896909,108.094930312213,122.207793640284,135.302097320557,91.710517501831,34.3289563048139,99.9304428100586,83.4851168190561,174.88338394165,66.0937152930237,45.9629728593899,39.6360297094113,111.961285913447,97.0114008585612,38.6731984581473,35.3342959370676,86.0600995067398,149.500962579288,83.8365308518744,106.992738723755,201.094510396322,134.262677510579,87.981770701113
93.3796238618739,17.2870701855304,59.0776094853483,18.2223983809935,77.7664544241769,0,127.791304270426,76.6732582791161,107.547046827233,21.7765904978702,93.9118013796599,102.801578235626,90.9806718826294,66.9211858602671,129.326382773263,0,58.6956615519434,89.712804911088,118.676460266113,109.745504220327,81.1156005859375,65.0208733931832,11.7982492649809,66.5811760526457,60.6029976475182,58.1015240595891,82.5785344597752,56.2636877513927,68.8516282886267,91.6806494247082,66.7122849564054,129.225092411041,0,88.9880483627319,87.8656120300293,70.1987238301859,30.5429543606017,46.7582845218846,29.3760924857072,63.8500938415527,119.238121032715,102.956322501687,59.428373481679,111.046808473356,51.5988837040682,99.9145007133484,92.3638453674316,84.0520843505859,42.4158841261497,103.692229664258,93.6367791493734,47.6897517885113,69.2078624708684,94.515607140281,81.0985903598294,82.9788523779975,58.7377585184943,28.7304901562221,67.2082685509113,39.3104154964209,17.3898916586665,56.4194541130474,40.1679315939868,54.4629009113119,84.6774731648119,57.7030996234846,83.0980280558268,143.636993408203,69.069926961263,69.3763256918621
