9.39687897129627,122.638589041574,79.0972501756771,58.1980343526498,72.0914674377441,57.0870359965733,48.4494914528011,27.8285928958628,21.5505541108805,60.520742078798,32.9415011046377,89.7185588412815,44.2444441386632,102.157119750977,12.394743871585,33.3355347591898,93.4798028128488,87.3227557502015,128.956600413603,110.447805959967,71.7923646742298,69.7992516470877,64.0583761270764,70.6419797787107,65.1145545808308,0,100.199819792798,110.131982380912,64.3999004570518,10.8852254151568,22.8740825894419,160.821014404297,66.7232026469951,30.0361233338066,53.3675495639337,122.375645637512,0,141.471867812307,69.6300987528863,0,0,143.181468963623,121.022995581994,151.603018124898,93.9341387748718,133.834929572211,187.914794921875,0,0,137.082586233956,0,100.463679145364,152.580908203125,204.321792602539,208.735992431641,155.512145996094,114.810495713178,84.5792293548584,138.089644090185,107.769672169405,0,168.680317470006,154.187483469645,108.359618324904,122.064595222473,115.755853225936,0,170.969314575195,109.730308532715,126.755792791193
122.638589041574,5.70095339663532,39.6142457703413,10.9208618451404,0,0,120.772272745768,107.972219679091,128.668631659614,79.9037012524075,119.71215057373,58.8998642285665,104.622871398926,47.2490798675936,117.423624038696,144.779327392578,59.6020369278757,51.8315099653651,66.3014501730601,55.8725822993687,0,98.0183805985884,23.8235288430362,66.4758011010977,72.3184790526621,26.0946048482122,44.9219524679571,31.5059557064757,96.4101072038923,103.397563171387,111.244528634208,61.5042865616935,0,100.005676269531,50.9302068948746,0,0,83.5194025039673,73.9850362141927,0,0,0,127.298675537109,0,116.603179931641,208.744522094727,117.133338928223,0,100.310088348389,0,0,0,92.3787361780802,142.529449462891,124.013931274414,0,0,0,99.6756563186646,0,88.4566383361816,106.109247207642,98.8658243815104,155.566101074219,0,0,112.992980957031,0,0,110.002365112305
79.0972501756771,39.6142457703413,10.4644298479322,41.3102783989739,0,138.519790649414,109.636303883679,88.6768010349436,101.04650278664,102.102007548014,97.7676789149138,74.373211533276,0,111.411891937256,96.1422555608155,123.222278050014,90.064588349441,39.0569379572401,81.1223870057326,70.6758768005371,197.856475830078,58.2886306679767,42.0235448164098,22.4159516950157,101.005181227412,106.809720357259,26.323720774338,26.2483411604918,65.0613036853998,99.5058271979208,68.0793553462541,82.9994430541992,166.687404632568,90.0625107594025,49.1943136727875,141.031277160645,68.9144537183974,80.2942521341731,78.4562766075134,0,0,173.833541870117,133.019026880679,165.766170154918,155.487799072266,158.426965332031,128.072686767578,0,0,157.834026135896,0,109.055663245065,98.8422691345215,132.366119384766,124.222692489624,0,112.221128521544,87.7264013068621,89.9346385845559,143.36365814209,145.482055664062,106.784379272461,86.1557592338946,144.700588684082,151.73899714152,130.567820549011,179.018859863281,0,0,101.428569369846
58.1980343526498,10.9208618451404,41.3102783989739,28.2702071054079,45.910703720585,99.4377975463867,71.8682762463888,52.3265619075567,67.0058216662506,28.5686862143963,64.5397007093517,57.0178458517876,63.058572212855,47.4266786226412,72.8191262382773,73.7947984695435,38.3865983453861,52.9684139346779,59.2862450243479,55.0097727975446,71.7592737921353,51.8902324204074,28.8684764852007,49.3926552169715,33.9987298379687,26.236354909649,45.9956325102705,38.9744315742794,44.9799658007139,64.6314327784947,53.074654829454,57.5953708786562,109.1040311067,51.503670501709,54.4547068543894,70.4828157732564,164.299163818359,95.2233823405372,13.746635776979,81.5526072184245,122.138870239258,80.6610843824304,68.0511612449725,92.967528256503,7.81037717736114,75.0868442058563,76.180120256212,0,63.9086317765085,84.1324885002921,109.304397583008,53.9788596504613,107.560625021798,83.6061278123122,114.872798495822,85.4056688944499,86.5122416426496,43.8598399480184,79.4504911766289,44.8997101611402,41.3615263158625,94.9856084187825,88.2048707619691,57.1216280567957,77.2479876591609,66.2720468582646,76.1052619934082,118.224876403809,63.0242428249783,83.7259928385417
72.0914674377441,0,0,45.910703720585,6.46937400424529,0,38.2821751256143,41.6112257467734,86.7136283874512,26.6049830442781,10.4394805030332,0,15.7582605330375,0,89.6447839736938,38.7425485338484,0,150.202087402344,0,0,9.68764813463872,119.275009155273,52.9920478820801,113.937763214111,13.8102378345605,0,117.245292663574,125.654475620815,12.014513328389,78.4696840853304,65.3747316996257,0,0,69.5346565246582,81.1137174606323,0,0,0,62.9253279368083,6.7618758013283,0,73.9613927205404,109.836834178251,120.096690368652,59.4477062225342,112.234705189296,0,41.2002925872803,0,106.72144317627,63.1587155659994,0,0,0,0,7.79458676535508,0,103.005508422852,0,71.5341539621353,0,168.546020507812,0,26.05249577669,113.644035339355,0,0,0,0,133.235173543294
57.0870359965733,0,138.519790649414,99.4377975463867,0,6.13747975708789,10.2659122279365,93.2159042358398,17.1150481411676,65.2976493835449,97.138039452689,50.6169844033583,70.085794909247,75.8808975219727,27.572339325469,16.7346214407324,0,153.438140869141,78.8933029174805,129.927043914795,112.317715962728,113.252597808838,0,0,97.4602672031948,0,100.392524719238,100.789435068766,116.317863464355,23.2675899345718,109.030136108398,0,12.7439024169906,0,30.0563457214937,0,0,0,111.110651652018,0,0,0,163.910415649414,0,0,170.370178222656,0,0,0,0,0,0,0,0,0,0,0,0,0,0,0,0,132.244617462158,177.336624145508,0,160.213851928711,0,0,0,0
48.4494914528011,120.772272745768,109.636303883679,71.8682762463888,38.2821751256143,10.2659122279365,8.43588158177277,45.7862062056455,16.6487007885579,66.5143989527558,25.3779529619998,74.9473006304573,13.0109232752552,114.567092895508,35.7344122799193,17.5179543633159,110.072519938151,120.8764698846,125.745002237956,129.485378265381,28.1026935299727,102.395368739537,88.1370019045743,96.2377155750721,50.7504108279831,108.957160949707,124.443737883317,130.526168823242,77.7304007236223,42.4460836184227,74.0430115962374,157.206695556641,23.0674024422166,0,54.723924133599,131.429071279672,0,170.143851143973,83.6095794101931,0,202.196197509766,142.225071716309,127.865680100331,151.074423519182,85.2880697631836,132.617565267226,209.630317687988,115.124982452393,0,146.629434078112,0,142.931064605713,207.793724060059,0,232.114822387695,142.661979675293,137.065534591675,113.797259012858,171.083199637277,108.857584093438,0,178.170654296875,160.973666381836,118.851994605741,147.683260154724,133.548898403461,0,0,144.72932107108,147.225884501139
27.8285928958628,107.972219679091,88.6768010349436,52.3265619075567,41.6112257467734,93.2159042358398,45.7862062056455,9.55175411255558,44.7199737680813,45.2062890972656,12.5008891611699,135.227386127819,41.7510775076376,151.123123168945,27.6423420492622,68.5348633008125,88.7217279842922,106.388281176789,146.745187123617,133.080295065175,43.7012960260565,67.1234441841973,64.113443992177,70.942371867874,47.8751245425103,163.558906555176,110.910410569639,105.605311413201,23.0981440831274,54.9058823592127,17.0756766704831,159.944808959961,112.776821429913,56.5382676690931,71.5110411760827,115.264146768822,0,148.38717027144,64.9556309382121,108.90417819553,171.547378540039,120.110201630769,103.700497512276,125.617109841674,71.0249156406948,109.194455893769,180.235598754883,132.353709973787,217.124824523926,128.019659329767,128.397846766881,110.630104064941,164.294258594513,175.045425415039,186.574798583984,117.125865754627,122.594307899475,88.6479519114775,134.715881994215,81.4615212232139,0,172.00008392334,163.070885865585,97.836761047591,129.90375773112,115.265772280486,0,172.063714163644,118.526480780707,129.229954147339
21.5505541108805,128.668631659614,101.04650278664,67.0058216662506,86.7136283874512,17.1150481411676,16.6487007885579,44.7199737680813,10.3361673929032,62.8440717526163,20.8835440031786,71.0043136553657,50.1510816561548,93.3802682627802,15.3109604575797,28.5664699193985,126.316330464681,117.569457609262,112.636583382743,126.428841224084,81.3302692388067,88.4797210359712,77.6207061423395,90.5963657709557,73.3941378419053,105.111797332764,117.422748102461,124.294285866782,75.2850016661889,30.8601317319939,63.0634542416304,121.421792030334,23.6774442043794,70.2467821615714,50.4611548170259,133.197316797768,0,166.948419358995,80.9666034018639,0,183.648676554362,133.445660960918,122.235974690102,139.779782407197,85.8502857454361,126.925462183745,198.219186401367,160.277404785156,0,140.568458671,172.475570678711,118.02756060976,193.110943880948,208.108551025391,209.33701171875,138.267097473145,138.393986041729,116.337211608887,155.915827576543,109.095368593209,0,195.212339128767,165.482184574522,114.701730785214,138.033571294836,132.337285222234,0,171.2146581014,134.672434488932,140.232306064704
60.520742078798,79.9037012524075,102.102007548014,28.5686862143963,26.6049830442781,65.2976493835449,66.5143989527558,45.2062890972656,62.8440717526163,6.42182600814537,54.992508902066,123.814561448007,17.6013614970285,119.914740014264,69.7667636402866,22.1427345847295,94.1205859184265,117.085671520233,132.142161899143,126.794794408286,39.2527530872269,85.8733646529061,29.623301838156,98.8434236699885,16.4906628343453,106.150328495043,118.777037638538,108.927843410079,38.1132379969361,67.6761676919871,54.7564728485411,131.159937406841,131.526252746582,53.2461385211429,87.9883332434501,139.896015167236,0,144.982574462891,37.5659844279289,81.2383155822754,0,98.5628089904785,84.60273884618,107.979975241202,22.0308281555772,81.1741602216448,0,52.7493387858073,166.382831573486,105.033096089083,67.1761884689331,116.621780395508,170.076214260525,194.887832641602,189.600168863932,88.2878506978353,130.665969848633,68.2570858001709,141.717931111654,48.7985568950379,133.202323913574,185.365490722656,164.806830512153,77.2622793118159,113.149091084798,90.5108366012573,187.921478271484,163.508514404297,97.0296669006348,125.813339233398
32.9415011046377,119.71215057373,97.7676789149138,64.5397007093517,10.4394805030332,97.138039452689,25.3779529619998,12.5008891611699,20.8835440031786,54.992508902066,8.35975328347428,123.805051861387,15.0810009498615,149.688179016113,23.659795961644,51.1534892440285,139.042592366536,118.18556300572,160.036712646484,149.615074157715,14.4648430670127,77.3214833946426,86.1704783285818,81.5913068034166,47.6538507901263,0,116.498770904541,124.358623974944,17.1236792962378,71.1174948641098,47.6015392671148,0,106.300679636526,58.1230650681716,76.2915347329863,132.486027908325,161.044784545898,156.679431915283,76.7200701274569,41.5141349364135,189.915222167969,134.220258171879,116.857155790666,134.682147034213,91.0426642608643,121.715337797751,232.230621337891,83.0160599169524,0,143.200377445595,96.2709619858686,128.782258775499,166.171798706055,0,203.156173706055,128.711689610635,142.163486056858,135.214430067274,156.020857493083,94.5346617913461,0,170.75233968099,168.127388000488,110.249570666908,141.293950883169,135.249930063883,0,150.835510253906,130.800234342876,142.839225530624
89.7185588412815,58.8998642285665,74.373211533276,57.0178458517876,0,50.6169844033583,74.9473006304573,135.227386127819,71.0043136553657,123.814561448007,123.805051861387,11.4940017697783,110.764138698578,21.9420107720581,68.7761991021202,68.6668378829956,151.298763275146,47.6322820472717,17.0784816719024,18.3773440933563,143.089232444763,89.3635384054745,97.1349478562673,81.6998468637466,128.314253683651,38.3700134342552,27.6975071141984,51.2824376391568,138.53088596889,51.5325587925158,98.5815150151487,33.0982318895956,59.2236893085125,71.4380691816222,25.2089192304245,192.76421101888,106.747889200846,117.648370742798,55.5151390075684,0,0,0,199.274754842122,180.273284912109,160.785949707031,0,92.4855467054579,0,76.8876848220825,207.616027832031,0,147.046714782715,121.011791229248,93.6201075339804,98.7166889190674,0,180.136169433594,0,179.179890950521,182.260047912598,62.3711803981236,90.8475607418046,90.0308250365966,187.511741638184,189.071009318034,170.683237711589,89.712867058648,0,216.490356445312,117.565626831055
44.2444441386632,104.622871398926,0,63.058572212855,15.7582605330375,70.085794909247,13.0109232752552,41.7510775076376,50.1510816561548,17.6013614970285,15.0810009498615,110.764138698578,7.35901444721021,157.962239583333,73.7751001016253,13.4994302696068,0,134.572331746419,132.377117156982,137.063446044922,11.7571847443883,0,60.4243249893188,137.578693389893,19.5326974010691,141.908557891846,131.540845870972,131.362978299459,40.0124733204744,86.5653540057901,70.2752380371094,0,90.5845151984173,82.3958930969238,86.5236784362793,104.515632629395,0,0,58.9575330189296,23.965638137382,0,40.7402385340797,109.806376023726,114.268389701843,43.7913628896077,42.7017429720971,0,9.71594291576409,0,106.903050509366,46.3606395721436,0,0,0,0,8.72320312645399,128.11637878418,98.8719787597656,0,55.7337697586923,0,0,182.724296569824,58.7699280228726,148.415522257487,125.107482910156,0,0,0,101.48201751709
102.157119750977,47.2490798675936,111.411891937256,47.4266786226412,0,75.8808975219727,114.567092895508,151.123123168945,93.3802682627802,119.914740014264,149.688179016113,21.9420107720581,157.962239583333,8.42591280318987,91.5567663632906,152.682010650635,0,101.012565612793,53.8418508492983,71.8534319400787,0,145.861801147461,87.6648031032475,140.522575378418,120.03609324186,23.747706182991,37.451953698983,37.3765142706607,145.774438476562,78.8496752929688,147.609130859375,12.0807644987409,83.0222674113948,140.616088867188,54.3921235632781,0,91.8718627929688,146.577026367188,40.8734856597648,0,0,0,200.195678710938,0,162.25119527181,0,78.5163923410269,0,65.6475213846199,0,0,0,125.090763092041,92.5399132662041,102.546141560872,0,0,119.847936630249,0,145.910491943359,51.6480581601461,93.6240905312931,91.7265457384514,180.48127746582,110.727794647217,0,86.1242881139119,0,0,116.391426722209
12.394743871585,117.423624038696,96.1422555608155,72.8191262382773,89.6447839736938,27.572339325469,35.7344122799193,27.6423420492622,15.3109604575797,69.7667636402866,23.659795961644,68.7761991021202,73.7751001016253,91.5567663632906,8.56121121231529,40.1867450243089,102.130973815918,109.027935016192,96.5808183824694,122.224314553397,89.9523956228834,84.8620128631592,79.1143902181992,86.509913924378,81.3445437405224,106.171343485514,112.165498979876,116.791781344394,78.2758316205051,18.0278518493255,58.4676418024325,104.269187927246,20.4435530758546,65.35437435574,39.3700982516309,141.481632681454,134.948455810547,162.63607893319,91.2006203487002,0,184.211929321289,165.68140411377,133.163789620429,160.438297775556,108.217950003488,153.884964752197,138.309371948242,236.792221069336,138.45726776123,153.118322205775,0,120.312638675465,184.935409545898,0,187.971153259277,0,135.089677174886,87.8048587375217,151.829452839304,123.702107468696,130.815322875977,165.667845726013,157.608290279613,125.933426870427,137.61469281306,132.455062216901,0,184.381423950195,133.479915325458,143.849166052682
33.3355347591898,144.779327392578,123.222278050014,73.7947984695435,38.7425485338484,16.7346214407324,17.5179543633159,68.5348633008125,28.5664699193985,22.1427345847295,51.1534892440285,68.6668378829956,13.4994302696068,152.682010650635,40.1867450243089,7.51635727617931,0,142.711270141602,165.255889892578,168.277577718099,40.5806955128181,98.1551685333252,68.9557186308361,101.012929280599,32.1327403028756,144.449981689453,136.451098850795,134.702832963732,62.3694372842478,55.5973994796341,81.9185409545898,0,42.5220504039671,67.4265416463216,59.7798400205724,147.311599731445,0,201.922012329102,89.0607484181722,0,0,0,128.303656684028,209.953857421875,43.0570130348206,113.711854553223,0,67.0836957295736,0,147.303108215332,0,0,0,0,0,110.143787384033,0,0,0,66.3594950358073,0,0,203.00163269043,119.765272412981,166.662498474121,126.048704147339,0,0,0,0
93.4798028128488,59.6020369278757,90.064588349441,38.3865983453861,0,0,110.072519938151,88.7217279842922,126.316330464681,94.1205859184265,139.042592366536,151.298763275146,0,0,102.130973815918,0,13.6331989712998,87.3926494235084,136.579897562663,115.939395141602,0,18.9841349000494,30.1599243793775,17.1900434193844,31.9645155201788,74.537841796875,101.877405548096,29.1009720098876,35.3847832760631,82.7327767885648,68.9757041688178,123.104976654053,166.894622802734,70.5376324971517,66.5787503607919,120.496070861816,0,99.6143613015452,54.6219392580407,0,0,0,151.15475209554,167.714866638184,113.626476287842,149.098373413086,157.202926635742,0,0,161.354377746582,0,94.6565938931759,127.132902622223,0,138.409790039062,0,103.237709434665,55.9955325126648,94.1179758238902,100.963967583396,0,131.508820215861,99.2120902197702,122.046878814697,118.055850982666,115.076347004284,0,0,127.427558898926,106.934372311547
87.3227557502015,51.8315099653651,39.0569379572401,52.9684139346779,150.202087402344,153.438140869141,120.8764698846,106.388281176789,117.569457609262,117.085671520233,118.18556300572,47.6322820472717,134.572331746419,101.012565612793,109.027935016192,142.711270141602,87.3926494235084,9.86514676650384,54.4265359593534,20.9272491204428,217.440460205078,47.1839593855803,63.6180903777759,21.9322585472621,120.48796522508,89.3754469064566,27.6046526430863,58.1274281128475,109.693771291662,77.1210488818941,66.5270892584219,97.5177209036691,134.030937194824,70.7948667126423,35.3282000856877,172.912162780762,94.7505779266357,96.1099642257922,99.5434619240139,0,0,0,158.188541412354,203.180313110352,153.81832631429,182.39187113444,140.828905278986,0,144.337487538656,187.053207397461,177.621841430664,134.250919818878,104.095004181364,124.547197614397,121.068555731522,0,152.761747360229,125.005855083466,107.494671335528,164.523018973214,107.011417388916,103.225089594523,100.176710520795,170.778158014471,171.566829681396,148.306567382812,127.758260091146,0,157.193450927734,113.257900953293
128.956600413603,66.3014501730601,81.1223870057326,59.2862450243479,0,78.8933029174805,125.745002237956,146.745187123617,112.636583382743,132.142161899143,160.036712646484,17.0784816719024,132.377117156982,53.8418508492983,96.5808183824694,165.255889892578,136.579897562663,54.4265359593534,8.21172648834505,11.795817653272,166.730926513672,100.900344848633,103.160626878925,93.976836340768,139.590001296997,50.2591632419162,27.9315767926794,55.0414447190656,123.787792205811,83.1782751933183,114.465596304999,50.4981636899583,88.2124705844455,107.210455322266,58.9742376138043,164.474761962891,112.844951629639,131.285224914551,59.3602675804725,0,0,0,174.08544921875,0,188.841842651367,0,96.9931591926737,0,87.2523084368025,143.896179199219,0,133.500411987305,116.836097717285,100.405448744032,105.09982287089,0,172.963645935059,0,152.79870300293,0,70.7603778839111,95.5369312537775,94.8547095563038,184.766075134277,0,151.253791809082,97.3567144393921,0,0,108.689283270585
110.447805959967,55.8725822993687,70.6758768005371,55.0097727975446,0,129.927043914795,129.485378265381,133.080295065175,126.428841224084,126.794794408286,149.615074157715,18.3773440933563,137.063446044922,71.8534319400787,122.224314553397,168.277577718099,115.939395141602,20.9272491204428,11.795817653272,10.5749181231795,0,69.6139979166527,91.1695911862435,50.6759230556384,133.17447416244,47.459395739497,24.6759464111,58.6669757473769,126.315342655888,93.2617745595436,85.3052445127253,66.1674700842963,96.9878692626953,79.3697975476583,41.4012347530012,238.193756103516,103.652257919312,115.754539171855,60.5553795288656,0,0,0,166.146627807617,0,0,0,105.227718940148,0,106.23526763916,193.609802246094,180.615371704102,146.623466491699,107.714130341061,104.74860941569,103.810735719394,212.34733581543,149.217262268066,127.6549949646,133.578017234802,0,72.1667185696689,97.4523209336028,94.7726812674957,218.079238891602,0,158.685256958008,106.795556810167,0,0,112.388466343735
71.7923646742298,0,197.856475830078,71.7592737921353,9.68764813463872,112.317715962728,28.1026935299727,43.7012960260565,81.3302692388067,39.2527530872269,14.4648430670127,143.089232444763,11.7571847443883,0,89.9523956228834,40.5806955128181,0,217.440460205078,166.730926513672,0,7.45931861476619,112.556377410889,98.7528734207153,127.329483032227,15.8987159450507,0,0,150.088455200195,22.248613057417,91.4632152166122,106.171254475911,165.774261474609,121.468204879761,94.5398254394531,92.4720885021852,141.073600769043,0,176.104797363281,75.8875364823775,18.395575977467,0,130.885739207268,127.127207376871,150.825476702522,67.1920013427734,127.881360539219,0,12.9740858661885,0,166.932949829102,98.0997205461775,0,0,0,0,8.45565164735518,165.642684936523,117.693359375,177.408393859863,92.0017908957437,0,180.940093994141,170.052815755208,117.605295255587,154.33533008282,136.341659545898,0,209.363876342773,148.281387329102,152.931900024414
69.7992516470877,98.0183805985884,58.2886306679767,51.8902324204074,119.275009155273,113.252597808838,102.395368739537,67.1234441841973,88.4797210359712,85.8733646529061,77.3214833946426,89.3635384054745,0,145.861801147461,84.8620128631592,98.1551685333252,18.9841349000494,47.1839593855803,100.900344848633,69.6139979166527,112.556377410889,11.1109364309422,48.3392734897119,26.2749763086419,27.7759113036332,134.265434265137,93.833594920104,73.3283653568876,24.9665470726015,53.6205124455114,26.2056179791022,164.220077514648,134.222290039062,45.3374850082397,36.3092810435992,119.008958180745,0,116.150149226189,64.4739634037018,0,0,0,129.391962178548,155.538242340088,169.303741455078,156.694900512695,162.174224853516,0,0,151.753474842418,0,102.086922264099,133.143091948136,0,159.865800857544,0,103.159503251314,59.0594486554464,100.913219665861,112.927324930827,0,146.377005633186,123.661145907729,116.745385518888,115.112861633301,105.508939758301,0,0,121.21700831822,111.840843692903
64.0583761270764,23.8235288430362,42.0235448164098,28.8684764852007,52.9920478820801,0,88.1370019045743,64.113443992177,77.6207061423395,29.623301838156,86.1704783285818,97.1349478562673,60.4243249893188,87.6648031032475,79.1143902181992,68.9557186308361,30.1599243793775,63.6180903777759,103.160626878925,91.1695911862435,98.7528734207153,48.3392734897119,7.63482705617675,48.6852955658684,25.8319458403119,70.0966440227911,84.2723958158871,46.6014506145262,46.3793927183449,68.7335703563105,54.3009359997568,103.186050311939,122.09588394165,42.6506525951883,58.7503583956573,128.893544514974,66.4842090606689,77.5411758718565,60.74336373806,139.16246287028,0,111.683666229248,105.170408725739,140.79178237915,75.9063491821289,117.084058125814,184.507858276367,0,136.210212071737,128.310841030545,70.076171875,73.4622958755493,105.918720742931,0,148.32899128307,0,71.397143636431,27.3979439290015,76.5782832145691,69.2691462834676,136.213720194499,131.748097120013,95.0810661849442,104.423526763916,145.119686126709,77.8708715438843,0,0,89.000904083252,93.7605503082275
70.6419797787107,66.4758011010977,22.4159516950157,49.3926552169715,113.937763214111,0,96.2377155750721,70.942371867874,90.5963657709557,98.8434236699885,81.5913068034166,81.6998468637466,137.578693389893,140.522575378418,86.509913924378,101.012929280599,17.1900434193844,21.9322585472621,93.976836340768,50.6759230556384,127.329483032227,26.2749763086419,48.6852955658684,14.6662853793388,51.8317982810536,130.014318466187,44.7403175779539,41.0622308127505,43.4681336029439,72.457083167345,43.9144573495561,100.773628234863,123.239642056552,63.4210363137295,40.1091309929867,153.61914343583,105.611843654088,93.5770540591594,70.0516883363115,0,0,147.875198364258,147.738580267113,162.807279146635,122.585247039795,147.035972118378,151.755173819406,237.565780639648,0,169.167956712511,0,96.5063098648138,120.955074106852,143.289070129395,146.291233287138,0,105.271855760914,63.369926890102,97.5436557211232,134.362956294307,121.211807250977,132.010106164056,97.4138729647087,130.950079005399,154.757885859563,120.517378009734,0,0,159.977226257324,109.846252229479
65.1145545808308,72.3184790526621,101.005181227412,33.9987298379687,13.8102378345605,97.4602672031948,50.7504108279831,47.8751245425103,73.3941378419053,16.4906628343453,47.6538507901263,128.314253683651,19.5326974010691,120.03609324186,81.3445437405224,32.1327403028756,31.9645155201788,120.48796522508,139.590001296997,133.17447416244,15.8987159450507,27.7759113036332,25.8319458403119,51.8317982810536,9.05217713971019,102.73826555411,123.832581297191,84.8091183879868,17.8445939161328,70.9099883801072,59.4587593372428,127.9395876284,122.939920043945,59.8680958256059,78.7051841563892,108.092501604999,134.630796432495,147.954481373663,50.227391978008,27.157717638924,140.468124389648,105.394320678711,94.0475638290336,118.129775785631,46.7983301625107,94.5348111863104,184.963581085205,74.5141227633454,170.455307006836,120.553278625989,57.2828934409402,96.912567615509,152.871353149414,201.592269897461,193.450541178385,58.8822312507629,115.875410715739,72.1446221295525,116.988192099112,53.8558778268051,145.821151733398,175.296855163574,143.223254653643,87.2230734800169,116.121723413467,104.916373017546,156.953720092773,160.110599517822,110.602352396647,122.294416601008
0,26.0946048482122,106.809720357259,26.236354909649,0,0,108.957160949707,163.558906555176,105.111797332764,106.150328495043,0,38.3700134342552,141.908557891846,23.747706182991,106.171343485514,144.449981689453,74.537841796875,89.3754469064566,50.2591632419162,47.459395739497,0,134.265434265137,70.0966440227911,130.014318466187,102.73826555411,9.55716279776856,43.5082124751547,29.052703264473,122.894663492839,118.895428975423,130.632446289062,45.9122080560458,95.7425765991211,0,66.3602335257608,0,104.883491516113,117.926340738932,40.577056996234,0,0,0,163.333297729492,0,0,0,76.3369787307013,0,60.764993715687,0,0,0,121.21851348877,94.2653867933485,104.238016401018,0,0,0,0,157.818710327148,45.5951539165569,89.0134689725678,90.0466958266038,219.882888793945,0,0,86.5024220393254,112.87752532959,0,106.574696350098
100.199819792798,44.9219524679571,26.323720774338,45.9956325102705,117.245292663574,100.392524719238,124.443737883317,110.910410569639,117.422748102461,118.777037638538,116.498770904541,27.6975071141984,131.540845870972,37.451953698983,112.165498979876,136.451098850795,101.877405548096,27.6046526430863,27.9315767926794,24.6759464111,0,93.833594920104,84.2723958158871,44.7403175779539,123.832581297191,43.5082124751547,13.6489652766393,28.9978842246968,99.9824634681314,101.795236817488,95.6269207136005,14.4372644479296,99.9789911467454,99.8806401681209,58.939945356827,173.860196794782,85.5292192542035,91.8600281262007,55.5167799342762,0,0,0,161.674136617909,187.998552594866,182.284448242187,192.687347412109,99.278431637749,0,85.7823830398859,186.259043884277,0,130.517049312592,98.2524090470939,97.4451499974123,100.609124243373,0,144.75164642334,125.725367954799,116.920886471397,172.873087565104,66.1120319223045,92.4969395776042,89.8537369475705,175.921602521624,177.212650299072,152.147092285156,97.333460905114,0,129.623245239258,103.654580217727
110.131982380912,31.5059557064757,26.2483411604918,38.9744315742794,125.654475620815,100.789435068766,130.526168823242,105.605311413201,124.294285866782,108.927843410079,124.358623974944,51.2824376391568,131.362978299459,37.3765142706607,116.791781344394,134.702832963732,29.1009720098876,58.1274281128475,55.0414447190656,58.6669757473769,150.088455200195,73.3283653568876,46.6014506145262,41.0622308127505,84.8091183879868,29.052703264473,28.9978842246968,14.2281276691699,76.3075107853719,108.160059091996,96.5845508436622,23.9874055594987,122.620648591415,101.434689343986,58.8652314132742,153.770657653809,91.1927936683267,84.9085140932326,58.9687377585739,172.001042683919,0,200.501429239909,144.43032315698,174.286674499512,138.702302296956,172.124475332407,101.119589711095,172.426712036133,90.2756955196983,167.482866970998,170.394844055176,103.219985067317,100.002556396813,102.998280790663,106.287995272267,182.165944417318,114.013449201397,81.0823839092781,95.2785752934518,142.663709106445,72.4425328809161,95.8390496887597,90.2188127119463,144.859172136356,169.292608896891,130.131422424316,104.388569436422,151.611846923828,124.660797119141,107.15175112232
64.3999004570518,96.4101072038923,65.0613036853998,44.9799658007139,12.014513328389,116.317863464355,77.7304007236223,23.0981440831274,75.2850016661889,38.1132379969361,17.1236792962378,138.53088596889,40.0124733204744,145.774438476562,78.2758316205051,62.3694372842478,35.3847832760631,109.693771291662,123.787792205811,126.315342655888,22.248613057417,24.9665470726015,46.3793927183449,43.4681336029439,17.8445939161328,122.894663492839,99.9824634681314,76.3075107853719,10.7666551102645,66.3300812546977,31.795967683173,154.703628540039,130.618151924827,48.5436811297965,60.0647172799376,111.148309627049,153.652618408203,131.855142419988,58.8784913652399,96.0428032875061,175.110913085938,114.918638176388,101.572686613059,121.563500274847,68.6246799060277,107.623404337236,0,103.936551467232,0,123.063620007069,102.742505754743,111.9873217496,157.363850708008,0,205.44255065918,115.370393640855,110.014346929697,79.0713673607778,114.515485605482,68.3044351946164,0,164.854573567708,145.311767909838,94.2170739520071,119.342515135465,107.899643067391,0,156.223992087624,105.220010375977,122.610153283013
10.8852254151568,103.397563171387,99.5058271979208,64.6314327784947,78.4696840853304,23.2675899345718,42.4460836184227,54.9058823592127,30.8601317319939,67.6761676919871,71.1174948641098,51.5325587925158,86.5653540057901,78.8496752929688,18.0278518493255,55.5973994796341,82.7327767885648,77.1210488818941,83.1782751933183,93.2617745595436,91.4632152166122,53.6205124455114,68.7335703563105,72.457083167345,70.9099883801072,118.895428975423,101.795236817488,108.160059091996,66.3300812546977,10.2729880731818,20.5272215309212,89.993764703924,8.48115877798889,13.1345705434428,28.5429204720984,145.445440673828,190.88786315918,143.572840238872,86.3370003170437,0,172.949249267578,154.082888921102,140.062775941022,150.271395744161,106.231978676536,137.420488993327,208.407623291016,176.487800598145,119.614372253418,161.756624733529,0,114.780048370361,151.183666992188,164.187118530273,172.823290506999,167.247141520182,126.986457824707,72.959997177124,123.706176042557,119.476565043132,104.343246459961,172.918823242188,153.850522534601,124.711717115725,143.081129220816,123.096449352446,0,0,129.298471450806,134.224026489258
22.8740825894419,111.244528634208,68.0793553462541,53.074654829454,65.3747316996257,109.030136108398,74.0430115962374,17.0756766704831,63.0634542416304,54.7564728485411,47.6015392671148,98.5815150151487,70.2752380371094,147.609130859375,58.4676418024325,81.9185409545898,68.9757041688178,66.5270892584219,114.465596304999,85.3052445127253,106.171254475911,26.2056179791022,54.3009359997568,43.9144573495561,59.4587593372428,130.632446289062,95.6269207136005,96.5845508436622,31.795967683173,20.5272215309212,9.47872301342718,144.414337158203,132.563819885254,25.3766749800478,32.6947943437688,120.01160736084,0,135.941484551681,69.6699739907675,143.682266235352,0,142.068312327067,117.341283639272,149.049433169158,83.0212120056152,126.968842899098,0,148.503540039062,0,137.652118019436,0,103.115828564292,151.790276082357,0,169.458068847656,123.185618082682,103.067711294514,60.0343205272288,106.87631259307,95.5527904033661,0,152.953852081299,137.834106769968,108.170153037789,113.009530930292,107.636542537756,0,157.086151123047,104.520835876465,118.937980270386
160.821014404297,61.5042865616935,82.9994430541992,57.5953708786562,0,0,157.206695556641,159.944808959961,121.421792030334,131.159937406841,0,33.0982318895956,0,12.0807644987409,104.269187927246,0,123.104976654053,97.5177209036691,50.4981636899583,66.1674700842963,165.774261474609,164.220077514648,103.186050311939,100.773628234863,127.9395876284,45.9122080560458,14.4372644479296,23.9874055594987,154.703628540039,89.993764703924,144.414337158203,5.68660090629149,97.5469875335693,0,71.751884414489,0,0,0,70.2656860351562,0,0,0,0,0,0,0,94.4360937035602,0,81.615898903836,0,0,0,0,98.2350292205811,122.452140808105,0,0,0,0,0,68.4594557478621,97.0340700541457,95.5031006662469,0,213.948852539062,0,93.9636690188677,0,0,134.982986450195
66.7232026469951,0,166.687404632568,109.1040311067,0,12.7439024169906,23.0674024422166,112.776821429913,23.6774442043794,131.526252746582,106.300679636526,59.2236893085125,90.5845151984173,83.0222674113948,20.4435530758546,42.5220504039671,166.894622802734,134.030937194824,88.2124705844455,96.9878692626953,121.468204879761,134.222290039062,122.09588394165,123.239642056552,122.939920043945,95.7425765991211,99.9789911467454,122.620648591415,130.618151924827,8.48115877798889,132.563819885254,97.5469875335693,5.91739308602925,95.1639556884766,36.4924976053877,0,0,0,123.769822692871,0,0,0,173.13669695173,210.420169830322,0,0,0,0,0,201.431293487549,0,131.256408691406,0,132.687301635742,0,0,164.334136962891,149.384643554688,193.526969909668,160.196881103516,0,213.669097900391,150.459579467773,171.903779166085,168.11984761556,165.517517089844,0,0,0,182.438179016113
30.0361233338066,100.005676269531,90.0625107594025,51.503670501709,69.5346565246582,0,0,56.5382676690931,70.2467821615714,53.2461385211429,58.1230650681716,71.4380691816222,82.3958930969238,140.616088867188,65.35437435574,67.4265416463216,70.5376324971517,70.7948667126423,107.210455322266,79.3697975476583,94.5398254394531,45.3374850082397,42.6506525951883,63.4210363137295,59.8680958256059,0,99.8806401681209,101.434689343986,48.5436811297965,13.1345705434428,25.3766749800478,0,95.1639556884766,6.44281176404972,19.1376458817904,112.747169494629,0,143.099353790283,70.4864371163504,0,0,143.1396484375,118.354519237172,148.237419128418,149.500282287598,128.605703989665,0,0,0,141.706638682972,0,89.3257544381278,152.314071655273,0,0,189.321380615234,106.386716630724,50.1592025756836,92.7861489868164,103.957785924276,0,137.969047546387,152.919215809215,112.414951748318,108.391223907471,110.963099343436,0,0,143.50407409668,117.767897033691
53.3675495639337,50.9302068948746,49.1943136727875,54.4547068543894,81.1137174606323,30.0563457214937,54.723924133599,71.5110411760827,50.4611548170259,87.9883332434501,76.2915347329863,25.2089192304245,86.5236784362793,54.3921235632781,39.3700982516309,59.7798400205724,66.5787503607919,35.3282000856877,58.9742376138043,41.4012347530012,92.4720885021852,36.3092810435992,58.7503583956573,40.1091309929867,78.7051841563892,66.3602335257608,58.939945356827,58.8652314132742,60.0647172799376,28.5429204720984,32.6947943437688,71.751884414489,36.4924976053877,19.1376458817904,9.61466496117561,138.833415440151,101.159345626831,94.0901989226646,76.6458565899145,0,0,164.576820373535,140.616052627563,156.615346636091,118.343574047089,143.680706370961,123.534622192383,0,111.319661653959,157.102990543141,0,101.959355490548,107.631217457424,121.643787730824,123.143690670238,0,106.125145128038,62.1612950987735,102.013526345319,130.286685466766,92.90753809611,114.142167555319,101.256655945082,130.288053402956,147.244999156279,131.340275192261,125.28796005249,213.514724731445,140.595127105713,118.71197162975
122.375645637512,0,141.031277160645,70.4828157732564,0,0,131.429071279672,115.264146768822,133.197316797768,139.896015167236,132.486027908325,192.76421101888,104.515632629395,0,141.481632681454,147.311599731445,120.496070861816,172.912162780762,164.474761962891,238.193756103516,141.073600769043,119.008958180745,128.893544514974,153.61914343583,108.092501604999,0,173.860196794782,153.770657653809,111.148309627049,145.445440673828,120.01160736084,0,0,112.747169494629,138.833415440151,9.38351650153238,111.097215270996,97.8642537413525,52.6928930791219,73.8819427490234,64.5397167205811,56.8880814234416,26.0638241185518,28.0663425807953,58.6582223533264,47.1464057302952,115.71070840914,67.1809749603271,129.035895665487,11.2430442050753,65.3986891640557,53.6288307405287,97.1008049499512,124.890807996477,110.806016900074,72.6966548610378,66.9219978939403,50.7009261229943,87.6647343005164,58.8265220872872,134.558074951172,106.735773430496,120.414966960012,58.3282171810063,13.0891743988936,21.3676591112384,144.619378407796,80.289134979248,22.058198558923,60.1200281599033
0,0,68.9144537183974,164.299163818359,0,0,0,0,0,0,161.044784545898,106.747889200846,0,91.8718627929688,134.948455810547,0,0,94.7505779266357,112.844951629639,103.652257919312,0,0,66.4842090606689,105.611843654088,134.630796432495,104.883491516113,85.5292192542035,91.1927936683267,153.652618408203,190.88786315918,0,0,0,0,101.159345626831,111.097215270996,6.78403003512772,35.6328907102909,18.28331914107,0,0,0,116.700383699857,126.187005360921,68.0506047494841,139.236961364746,61.9766158421834,0,55.0844445427259,134.419100952148,106.955547332764,69.0060467038836,52.1119406781578,70.967399597168,63.2942245070999,107.99015045166,67.4170691546272,18.5185007908765,59.0489032065221,59.9645927346868,19.6267458444432,48.3455619377943,28.90424728148,117.280316352844,127.926884242467,93.1016137259347,64.6000410715739,0,0,59.7742309295874
141.471867812307,83.5194025039673,80.2942521341731,95.2233823405372,0,0,170.143851143973,148.38717027144,166.948419358995,144.982574462891,156.679431915283,117.648370742798,0,146.577026367188,162.63607893319,201.922012329102,99.6143613015452,96.1099642257922,131.285224914551,115.754539171855,176.104797363281,116.150149226189,77.5411758718565,93.5770540591594,147.954481373663,117.926340738932,91.8600281262007,84.9085140932326,131.855142419988,143.572840238872,135.941484551681,0,0,143.099353790283,94.0901989226646,97.8642537413525,35.6328907102909,11.6150979889497,43.0400299918287,0,133.495976765951,120.800555556568,85.5475971992932,110.874942051942,106.183605766296,99.3985991450081,76.4737929207938,169.659271240234,83.594128926595,110.767475562046,127.476363182068,64.4824329234184,46.2174297209776,86.2261167934963,78.5141420233739,128.630950927734,70.293316424151,56.9023153788842,21.4282320738251,91.1650238365963,72.7151347073642,26.1715061059893,25.7032616761437,74.754512656914,117.977742538971,82.6118737600618,80.5791134304471,176.256477355957,100.233344078064,59.176455713641
69.6300987528863,73.9850362141927,78.4562766075134,13.746635776979,62.9253279368083,111.110651652018,83.6095794101931,64.9556309382121,80.9666034018639,37.5659844279289,76.7200701274569,55.5151390075684,58.9575330189296,40.8734856597648,91.2006203487002,89.0607484181722,54.6219392580407,99.5434619240139,59.3602675804725,60.5553795288656,75.8875364823775,64.4739634037018,60.74336373806,70.0516883363115,50.227391978008,40.577056996234,55.5167799342762,58.9687377585739,58.8784913652399,86.3370003170437,69.6699739907675,70.2656860351562,123.769822692871,70.4864371163504,76.6458565899145,52.6928930791219,18.28331914107,43.0400299918287,28.5394058581945,62.424605846405,105.607821146647,66.297215437526,48.9336975654426,68.8127260590527,17.7417932200503,56.1325750514727,59.4074604670207,65.7133646011353,32.5060257607318,68.4422638904805,62.4644690619575,36.4503411565508,52.8105932961523,67.1195003769615,59.9869285014846,72.1021292368571,51.0902147891104,23.3877872184083,46.3496950370322,29.7994566576179,10.0253506224063,45.7786122463353,36.1691496819857,40.188935063631,60.3903045079794,53.0004294850468,67.2541718659578,109.64005279541,53.1733704951772,56.7821184184062
0,0,0,81.5526072184245,6.7618758013283,0,0,108.90417819553,0,81.2383155822754,41.5141349364135,0,23.965638137382,0,0,0,0,0,0,0,18.395575977467,0,139.16246287028,0,27.157717638924,0,0,172.001042683919,96.0428032875061,0,143.682266235352,0,0,0,0,73.8819427490234,0,0,62.424605846405,6.09957723805866,0,43.2485267431086,66.6740279197693,93.3674034450365,32.7390856061663,14.4408434969577,163.71159362793,24.7267807321772,0,99.1852091008967,42.2131404479345,0,0,0,0,9.70149519296505,0,77.572093963623,0,10.9601888903757,0,0,140.490020751953,7.45680312083643,96.7481733957926,0,0,0,98.3224582672119,96.4883204142253
