14061,7,949,692,25,28,258,7367,2879,226,1598,72,35,2,15152,46,21,1053,17,79,62,673,206,1713,858,0,845,298,1016,26122,11005,1,98,115,419,16,0,38,107,0,0,4,78,24,8,18,1,0,0,35,0,17,5,1,2,2,17,8,53,34,0,7,24,159,56,67,0,1,5,22
7,2616,236,1462,0,0,3,9,9,72,1,120,1,765,4,1,19,366,48,105,0,11,3289,52,169,2082,567,5518,14,5,14,56,0,3,288,0,0,16,6,0,0,0,1,0,1,1,2,0,10,0,0,0,12,1,2,0,0,0,8,0,2,32,42,1,0,0,4,0,0,1
949,236,27043,1998,0,1,159,2003,966,48,503,67,0,6,738,7,29,2328,52,125,1,690,986,11235,224,3,11639,15402,1912,354,1255,7,4,39,1291,25,18,1335,40,0,0,4,46,11,5,5,5,0,0,38,0,56,320,3,24,0,33,43,865,15,1,150,1331,25,12,48,2,0,0,72
692,1462,1998,467,31,5,360,1555,1593,602,436,276,24,410,804,20,4353,1605,166,501,29,1518,2087,4338,3572,831,2574,13711,2252,560,1486,83,23,115,1339,31,2,72,432,3,1,23,194,77,241,48,9,0,19,107,1,57,35,13,18,3,41,30,161,166,22,78,156,421,65,93,5,2,9,48
25,0,0,31,7647,0,31,74,10,157,3032,0,846,0,8,56,0,1,0,0,13562,1,5,2,3078,0,1,7,5117,74,3,0,0,8,20,0,0,0,6,1104,0,12,17,5,8,35,0,36,0,2,3,0,0,0,0,290,0,2,0,120,0,1,0,260,1,0,0,0,0,3
28,0,1,5,0,3917,4022,4,1896,3,28,106,29,2,663,1415,0,1,5,2,3,2,0,0,7,0,6,6,7,167,3,0,4409,0,341,0,0,0,3,0,0,0,3,0,0,1,0,0,0,0,0,0,0,0,0,0,0,0,0,0,0,0,2,2,0,2,0,0,0,0
258,3,159,360,31,4022,88095,983,34690,323,17336,204,16956,10,3391,4890,3,56,15,2,1786,35,44,111,793,1,152,39,266,649,69,1,4982,0,307,39,0,7,106,0,1,15,199,81,25,68,2,5,0,109,0,6,2,0,1,3,8,3,7,61,0,2,10,303,40,52,0,0,7,30
7367,9,2003,1555,74,4,983,131743,2482,1523,42542,22,185,3,5115,39,56,198,12,23,110,900,244,1749,3397,2,1176,882,20384,7207,19955,1,26,261,857,53,0,55,384,9,1,135,564,274,35,729,5,19,2,292,7,23,16,1,1,63,16,17,59,563,0,16,46,1072,105,69,0,7,18,60
2879,9,966,1593,10,1896,34690,2482,73545,1149,6455,532,456,23,36186,1516,15,268,35,13,151,343,266,762,1914,4,840,237,1249,2502,585,8,7242,27,711,82,0,36,404,0,3,49,716,247,62,184,5,4,0,335,2,33,11,1,5,2,39,7,71,289,0,14,29,1103,148,185,0,6,30,78
226,72,48,602,157,3,323,1523,1149,7160,621,106,370,254,285,726,16,80,36,41,151,56,1397,55,10885,223,212,1321,1988,435,402,38,4,148,262,4,0,2,88,4,0,4,43,27,64,35,0,6,4,34,8,1,9,1,3,9,2,4,6,153,2,10,18,96,9,4,2,1,2,8
1598,1,503,436,3032,28,17336,42542,6455,621,138186,33,12388,2,5274,269,6,35,1,4,13100,193,31,326,1991,0,310,73,8442,2532,581,0,91,26,728,20,1,8,126,59,2,134,622,234,50,901,1,46,0,102,17,9,2,0,1,93,9,9,12,888,0,3,8,998,63,18,0,1,19,32
72,120,67,276,0,106,204,22,532,106,33,47051,16,3013,847,20,4,300,8426,1420,8,34,240,64,85,585,5534,2634,21,1064,61,724,882,53,7872,3,3,8,70,0,0,0,3,1,2,0,45,0,84,4,0,2,16,49,80,0,1,0,3,4,49,271,249,6,3,3,45,0,1,25
35,1,0,24,846,29,16956,185,456,370,12388,16,39301,3,173,2270,0,3,2,3,11285,0,32,2,1282,4,8,24,98,81,3,0,46,4,50,3,0,0,14,92,0,72,11,12,15,93,0,1759,0,11,14,0,0,0,0,1056,1,1,0,53,0,0,2,86,3,5,0,0,0,1
2,765,6,410,0,2,10,3,23,254,2,3013,3,15465,26,4,0,5,104,32,0,1,1009,2,209,4276,429,5997,5,25,5,3303,41,1,207,0,5,2,242,0,0,0,2,0,3,0,117,0,506,0,0,0,4,43,15,0,0,4,0,2,240,170,198,3,2,0,120,0,0,12
15152,4,738,804,8,663,3391,5115,36186,285,5274,847,173,26,110408,328,18,321,74,28,109,368,203,789,767,9,751,247,786,11631,749,7,7425,27,1483,34,1,29,145,0,1,8,163,53,7,20,1,1,2,103,0,17,6,0,2,0,30,9,47,73,1,8,17,284,61,94,0,2,13,28
46,1,7,20,56,1415,4890,39,1516,726,269,20,2270,4,328,11630,0,5,1,3,164,4,42,6,791,4,7,54,43,74,9,0,328,3,34,1,0,2,6,0,0,0,9,1,4,5,0,3,0,4,0,0,0,0,0,2,0,0,0,15,0,0,1,14,2,4,0,0,0,0
21,19,29,4353,0,0,3,56,15,16,6,4,0,0,18,0,16498,42,3,10,0,5519,9504,15933,2392,1,20,10444,1297,26,157,2,3,15,321,1,0,124,107,0,0,0,6,2,2,1,1,0,0,4,0,321,16,0,1,0,98,224,1085,11,0,12,168,20,4,22,0,0,2,21
1053,366,2328,1605,1,1,56,198,268,80,35,300,3,5,321,5,42,17192,435,7446,1,968,481,7600,109,13,8122,8446,162,966,2619,7,2,291,5118,6,8,329,46,0,0,0,12,3,3,3,11,0,6,12,1,16,201,7,38,0,4,8,155,7,2,300,579,11,4,20,3,0,2,32
17,48,52,166,0,5,15,12,35,36,1,8426,2,104,74,1,3,435,7674,3005,1,13,51,42,20,225,7258,1831,8,101,36,94,36,5,755,1,2,7,65,0,0,0,1,0,1,0,47,0,49,1,0,1,3,90,60,0,2,0,5,0,34,349,332,2,0,4,40,0,0,19
79,105,125,501,0,2,2,23,13,41,4,1420,3,32,28,3,10,7446,3005,13726,0,146,109,549,31,147,7038,2903,27,146,342,18,2,96,2920,1,4,24,107,0,0,0,5,0,0,0,26,0,17,1,1,2,63,30,113,1,2,2,16,0,11,457,397,1,0,3,9,0,0,33
62,0,1,29,13562,3,1786,110,151,151,13100,8,11285,0,109,164,0,1,1,0,6022,2,4,2,2671,0,0,3,1700,234,3,1,20,1,101,2,0,1,22,283,0,16,83,17,11,114,0,294,0,5,7,0,0,0,0,332,1,6,2,237,0,1,3,154,13,1,0,1,1,3
673,11,690,1518,1,2,35,900,343,56,193,34,0,1,368,4,5519,968,13,146,2,69205,1342,20831,1359,2,193,1725,14015,930,20556,1,11,300,9556,12,0,64,160,0,0,0,15,8,1,3,1,0,0,11,0,280,23,0,8,0,256,480,731,6,0,17,67,41,21,125,0,0,7,31
206,3289,986,2087,5,0,44,244,266,1397,31,240,32,1009,203,42,9504,481,51,109,4,1342,15140,3199,8843,1337,379,11218,929,163,622,74,10,69,708,6,2,129,36,3,0,2,8,2,2,3,1,0,12,9,1,50,23,0,11,0,28,91,200,24,15,35,143,12,9,20,0,0,2,10
1713,52,11235,4338,2,0,111,1749,762,55,326,64,2,2,789,6,15933,7600,42,549,2,20831,3199,83634,1045,4,2649,13413,7638,947,8667,1,11,251,13326,19,7,1481,188,0,0,3,83,13,2,16,7,1,0,45,0,912,150,2,17,0,258,436,4733,27,1,74,1307,139,26,122,0,0,5,108
858,169,224,3572,3078,7,793,3397,1914,10885,1991,85,1282,209,767,791,2392,109,20,31,2671,1359,8843,1045,65470,192,261,3241,17353,1479,1558,27,30,446,599,54,4,23,410,105,1,105,442,248,132,596,4,43,1,244,11,16,8,2,6,125,24,34,54,1383,2,15,53,1146,96,77,1,4,15,44
0,2082,3,831,0,0,1,2,4,223,0,585,4,4276,9,4,1,13,225,147,0,2,1337,4,192,7771,460,7312,3,3,1,236,8,0,122,0,3,3,77,0,0,0,1,0,0,0,21,0,119,0,0,0,2,9,7,0,0,0,0,1,53,58,65,1,0,0,13,1,0,5
845,567,11639,2574,1,6,152,1176,840,212,310,5534,8,429,751,7,20,8122,7258,7038,0,193,379,2649,261,460,92295,27151,590,564,1269,1130,58,69,3032,7,23,366,440,0,0,0,23,7,5,4,191,0,153,10,0,16,522,217,527,0,15,21,95,15,133,2141,2339,7,8,25,98,0,2,188
298,5518,15402,13711,7,6,39,882,237,1321,73,2634,24,5997,247,54,10444,8446,1831,2903,3,1725,11218,13413,3241,7312,27151,130529,2814,294,687,3245,23,59,8258,25,59,2384,732,3,0,6,101,24,18,26,222,4,285,53,2,226,930,291,490,3,102,181,2502,75,215,2658,4732,117,18,80,164,1,1,277
1016,14,1912,2252,5117,7,266,20384,1249,1988,8442,21,98,5,786,43,1297,162,8,27,1700,14015,929,7638,17353,3,590,2814,103799,2364,8379,1,22,895,1633,71,1,66,445,32,5,144,790,324,112,927,0,46,0,383,14,55,25,0,5,85,52,59,181,1825,0,9,69,1708,146,124,0,11,25,90
26122,5,354,560,74,167,649,7207,2502,435,2532,1064,81,25,11631,74,26,966,101,146,234,930,163,947,1479,3,564,294,2364,95379,5832,11,7224,4197,2883,15,1,19,72,0,1,12,113,47,11,42,3,2,1,41,0,12,5,1,3,3,21,18,32,60,1,3,29,183,26,63,0,0,4,15
11005,14,1255,1486,3,3,69,19955,585,402,581,61,3,5,749,9,157,2619,36,342,3,20556,622,8667,1558,1,1269,687,8379,5832,61992,1,2,972,6438,20,0,38,207,1,0,6,48,23,10,17,0,1,0,46,0,76,15,0,1,3,73,138,181,32,0,20,47,194,63,114,0,1,12,40
1,56,7,83,0,0,1,1,8,38,0,724,0,3303,7,0,2,7,94,18,1,1,74,1,27,236,1130,3245,1,11,1,1728,4,0,83,0,0,0,27,0,0,0,0,0,0,0,46,0,89,0,0,0,0,28,11,0,0,0,0,0,37,73,95,0,1,0,39,0,0,5
98,0,4,23,0,4409,4982,26,7242,4,91,882,46,41,7425,328,3,2,36,2,20,11,10,11,30,8,58,23,22,7224,2,4,21815,2,1597,0,0,0,10,0,0,0,7,4,0,0,0,0,0,4,0,2,0,1,0,0,2,1,2,5,0,1,1,14,3,6,0,0,0,2
115,3,39,115,8,0,0,261,27,148,26,53,4,1,27,3,15,291,5,96,1,300,69,251,446,0,69,59,895,4197,972,0,2,5483,846,3,0,2,21,0,0,2,11,5,2,6,0,0,0,11,0,7,3,0,0,2,18,17,25,12,0,4,11,27,4,14,0,0,2,5
419,288,1291,1339,20,341,307,857,711,262,728,7872,50,207,1483,34,321,5118,755,2920,101,9556,708,13326,599,122,3032,8258,1633,2883,6438,83,1597,846,32978,7,4,235,107,0,0,4,52,14,8,11,17,0,13,34,0,70,107,22,68,0,45,59,374,24,6,296,473,87,17,40,6,1,2,33
16,0,25,31,0,0,39,53,82,4,20,3,3,0,34,1,1,6,1,1,2,12,6,19,54,0,7,25,71,15,20,0,0,3,7,13608,5,476,600,1,2,60,9977,500,271,699,73,48,12,13228,9,124,625,70,348,37,440,116,590,562,1,854,162,1439,25884,8986,6,13,330,318
0,0,18,2,0,0,0,0,0,0,1,3,0,5,1,0,0,8,2,4,0,0,2,7,4,3,23,59,1,1,0,0,0,0,4,5,4295,212,450,0,0,0,13,6,283,2,60,0,192,10,2,28,363,31,148,1,17,2091,129,278,3088,747,5146,8,7,14,30,0,0,139
38,16,1335,72,0,0,7,55,36,2,8,8,0,2,29,2,124,329,7,24,1,64,129,1481,23,3,366,2384,66,19,38,0,0,2,235,476,212,28391,753,0,3,67,1702,734,40,342,105,1,6,1354,8,188,4796,56,292,1,231,343,14471,116,11,13449,7436,910,147,472,18,6,8,667
107,6,40,432,6,3,106,384,404,88,126,70,14,242,145,6,107,46,65,107,22,160,36,188,410,77,440,732,445,72,207,27,10,21,107,600,450,753,148,8,6,197,2768,823,674,757,120,42,423,1225,9,2492,1130,88,483,30,606,455,1866,2546,1415,2491,6466,4671,996,1530,27,13,114,667
0,0,0,3,1104,0,0,9,0,4,59,0,92,0,0,0,0,0,0,0,283,0,3,0,105,0,0,3,32,0,1,0,0,0,0,1,0,0,8,7951,0,275,8,23,210,1847,1,2689,0,33,96,0,0,0,0,9293,0,4,0,2788,0,0,3,6098,24,0,0,0,4,15
0,0,0,1,0,0,1,1,3,0,2,0,0,0,1,0,0,0,0,0,0,0,0,0,1,0,0,0,5,1,0,0,0,0,0,2,0,3,6,0,3426,8556,13,3094,8,32,53,6,5,724,1815,0,0,0,0,6,1,1,8,7,0,1,0,12,654,0,0,1445,0,31
4,0,4,23,12,0,15,135,49,4,134,0,72,0,8,0,0,0,0,0,16,0,2,3,105,0,0,6,144,12,6,0,0,2,4,60,0,67,197,275,8556,73875,1472,27788,252,29292,49,20920,5,3192,6005,6,7,1,1,1545,8,5,73,914,1,44,34,1642,960,11,0,3649,7,142
78,1,46,194,17,3,199,564,716,43,622,3,11,2,163,9,6,12,1,5,83,15,8,83,442,1,23,101,790,113,48,0,7,11,52,9977,13,1702,2768,8,13,1472,149581,2224,1510,33967,65,196,7,12284,69,239,1248,43,274,36,1875,212,4118,2298,3,1102,851,31084,5837,17712,4,28,225,987
24,0,11,77,5,0,81,274,247,27,234,1,12,0,53,1,2,3,0,0,17,8,2,13,248,0,7,24,324,47,23,0,4,5,14,500,6,734,823,23,3094,27788,2224,105671,969,15373,370,800,32,45055,2027,19,154,16,40,347,220,24,1041,899,0,606,256,2028,5660,221,9,9295,11,515
8,1,5,241,8,0,25,35,62,64,50,2,15,3,7,4,2,3,1,0,11,1,2,2,132,0,5,18,112,11,10,0,0,2,8,271,283,40,674,210,8,252,1510,969,6836,671,17,3114,60,727,877,85,81,3,20,172,42,1340,76,8359,240,143,1041,2830,645,468,2,10,139,278
18,1,5,48,35,1,68,729,184,35,901,0,93,0,20,5,1,3,0,0,114,3,3,16,596,0,4,26,927,42,17,0,0,6,11,699,2,342,757,1847,32,29292,33967,15373,671,90247,28,15858,6,8217,294,15,54,7,19,6988,156,24,612,2094,1,222,262,11432,2565,95,4,79,61,1016
1,2,5,9,0,0,2,5,5,0,1,45,0,117,1,0,1,11,47,26,0,1,1,7,4,21,191,222,0,3,0,46,0,0,17,73,60,105,120,1,53,49,65,370,17,28,57444,7,6132,686,0,17,617,10599,2569,5,109,18,223,17,799,6599,1729,43,1406,258,2517,610,9,12198
0,0,0,0,36,0,5,19,4,6,46,0,1759,0,1,3,0,0,0,0,294,0,0,1,43,0,0,4,46,2,1,0,0,0,0,48,0,1,42,2689,6,20920,196,800,3114,15858,7,45236,1,585,2597,0,2,0,0,19001,2,10,7,2541,0,1,7,1752,217,3,0,15,6,182
0,10,0,19,0,0,0,2,0,4,0,84,0,506,2,0,0,6,49,17,0,0,12,0,1,119,153,285,0,1,0,89,0,0,13,12,192,6,423,0,5,5,7,32,60,6,6132,1,18630,51,1,1,34,349,71,1,1,63,15,37,2336,500,5258,7,70,19,1799,32,0,363
35,0,38,107,2,0,109,292,335,34,102,4,11,0,103,4,4,12,1,1,5,11,9,45,244,0,10,53,383,41,46,0,4,11,34,13228,10,1354,1225,33,724,3192,12284,45055,727,8217,686,585,51,175962,495,85,601,54,182,375,455,118,1848,1103,6,1446,255,3031,17444,1481,21,15771,153,1156
0,0,0,1,3,0,0,7,2,8,17,0,14,0,0,0,0,1,0,1,7,0,1,0,11,0,0,2,14,0,0,0,0,0,0,9,2,8,9,96,1815,6005,69,2027,877,294,0,2597,1,495,12409,0,1,0,0,278,2,9,5,468,0,3,17,109,52,3,0,88,0,11
17,0,56,57,0,0,6,23,33,1,9,2,0,0,17,0,321,16,1,2,0,280,50,912,16,0,16,226,55,12,76,0,2,7,70,124,28,188,2492,0,0,6,239,19,85,15,17,0,1,85,0,30427,342,14,75,4,7669,10660,7572,2360,3,149,9462,3173,283,1165,4,0,66,593
5,12,320,35,0,0,2,16,11,9,2,16,0,4,6,0,16,201,3,63,0,23,23,150,8,2,522,930,25,5,15,0,0,3,107,625,363,4796,1130,0,0,7,1248,154,81,54,617,2,34,601,1,342,30028,626,10826,3,1277,239,11323,81,52,6671,7359,314,397,2808,17,2,37,4310
1,1,3,13,0,0,0,1,1,1,0,49,0,43,0,0,0,7,90,30,0,0,0,2,2,9,217,291,0,1,0,28,1,0,22,70,31,56,88,0,0,1,43,16,3,7,10599,0,349,54,0,14,626,9070,5181,0,50,20,117,6,311,5579,1551,12,93,185,672,13,9,1579
2,2,24,18,0,0,1,1,5,3,1,80,0,15,2,0,1,38,60,113,0,8,11,17,6,7,527,490,5,3,1,11,0,0,68,348,148,292,483,0,0,1,274,40,20,19,2569,0,71,182,0,75,10826,5181,29969,0,383,93,1087,32,507,9477,2739,105,352,1355,81,5,40,8682
2,0,0,3,290,0,3,63,2,9,93,0,1056,0,0,2,0,0,0,1,332,0,0,0,125,0,0,3,85,3,3,0,0,2,0,37,1,1,30,9293,6,1545,36,347,172,6988,5,19001,1,375,278,4,3,0,0,5268,0,0,2,1509,0,1,4,4967,248,1,2,15,1,156
17,0,33,41,0,0,8,16,39,2,9,1,1,0,30,0,98,4,2,2,1,256,28,258,24,0,15,102,52,21,73,0,2,18,45,440,17,231,606,0,1,8,1875,220,42,156,109,2,1,455,2,7669,1277,50,383,0,77779,1955,22454,1771,0,141,898,15666,531,24010,2,4,170,6379
8,0,43,30,2,0,3,17,7,4,9,0,1,4,9,0,224,8,0,2,6,480,91,436,34,0,21,181,59,18,138,0,1,17,59,116,2091,343,455,4,1,5,212,24,1340,24,18,10,63,118,9,10660,239,20,93,0,1955,13070,3689,6393,400,252,6360,1086,315,1604,19,0,100,457
53,8,865,161,0,0,7,59,71,6,12,3,0,0,47,0,1085,155,5,16,2,731,200,4733,54,0,95,2502,181,32,181,0,2,25,374,590,129,14471,1866,0,8,73,4118,1041,76,612,223,7,15,1848,5,7572,11323,117,1087,2,22454,3689,103086,412,9,3010,11578,8221,409,8420,11,9,107,7867
34,0,15,166,120,0,61,563,289,153,888,4,53,2,73,15,11,7,0,0,237,6,24,27,1383,1,15,75,1825,60,32,0,5,12,24,562,278,116,2546,2788,7,914,2298,899,8359,2094,17,2541,37,1103,468,2360,81,6,32,1509,1771,6393,412,53628,150,124,1275,39170,1784,1255,5,17,393,862
0,2,1,22,0,0,0,0,0,2,0,49,0,240,1,0,0,2,34,11,0,0,15,1,2,53,133,215,0,1,0,37,0,0,6,1,3088,11,1415,0,0,1,3,0,240,1,799,0,2336,6,0,3,52,311,507,0,0,400,9,150,10225,1676,4368,1,15,6,238,3,0,261
7,32,150,78,1,0,2,16,14,10,3,271,0,170,8,0,12,300,349,457,1,17,35,74,15,58,2141,2658,9,3,20,73,1,4,296,854,747,13449,2491,0,1,44,1102,606,143,222,6599,1,500,1446,3,149,6671,5579,9477,1,141,252,3010,124,1676,111202,28985,363,383,964,1931,18,27,2543
24,42,1331,156,0,2,10,46,29,18,8,249,2,198,17,1,168,579,332,397,3,67,143,1307,53,65,2339,4732,69,29,47,95,1,11,473,162,5146,7436,6466,3,0,34,851,256,1041,262,1729,7,5258,255,17,9462,7359,1551,2739,4,898,6360,11578,1275,4368,28985,104077,1906,195,584,2451,9,23,4050
159,1,25,421,260,2,303,1072,1103,96,998,6,86,3,284,14,20,11,2,1,154,41,12,139,1146,1,7,117,1708,183,194,0,14,27,87,1439,8,910,4671,6098,12,1642,31084,2028,2830,11432,43,1752,7,3031,109,3173,314,12,105,4967,15666,1086,8221,39170,1,363,1906,152408,5880,6295,5,34,895,3800
56,0,12,65,1,0,40,105,148,9,63,3,3,2,61,2,4,4,0,0,13,21,9,26,96,0,8,18,146,26,63,1,3,4,17,25884,7,147,996,24,654,960,5837,5660,645,2565,1406,217,70,17444,52,283,397,93,352,248,531,315,409,1784,15,383,195,5880,179407,6473,38,11101,4940,2549
67,0,48,93,0,2,52,69,185,4,18,3,5,0,94,4,22,20,4,3,1,125,20,122,77,0,25,80,124,63,114,0,6,14,40,8986,14,472,1530,0,0,11,17712,221,468,95,258,3,19,1481,3,1165,2808,185,1355,1,24010,1604,8420,1255,6,964,584,6295,6473,57595,13,4,629,7164
0,4,2,5,0,0,0,0,0,2,0,45,0,120,0,0,0,3,40,9,0,0,0,0,1,13,98,164,0,0,0,39,0,0,6,6,30,18,27,0,0,0,4,9,2,4,2517,0,1799,21,0,4,17,672,81,2,2,19,11,5,238,1931,2451,5,38,13,1731,5,0,276
1,0,0,2,0,0,0,7,6,1,1,0,0,0,2,0,0,0,0,0,1,0,0,0,4,1,0,1,11,0,1,0,0,0,1,13,0,6,13,0,1445,3649,28,9295,10,79,610,15,32,15771,88,0,2,13,5,15,4,0,9,17,3,18,9,34,11101,4,5,14926,1,243
5,0,0,9,0,0,7,18,30,2,19,1,0,0,13,0,2,2,0,0,1,7,2,5,15,0,2,1,25,4,12,0,0,2,2,330,0,8,114,4,0,7,225,11,139,61,9,6,0,153,0,66,37,9,40,1,170,100,107,393,0,27,23,895,4940,629,0,1,1679,820
22,1,72,48,3,0,30,60,78,8,32,25,1,12,28,0,21,32,19,33,3,31,10,108,44,5,188,277,90,15,40,5,2,5,33,318,139,667,667,15,31,142,987,515,278,1016,12198,182,363,1156,11,593,4310,1579,8682,156,6379,457,7867,862,261,2543,4050,3800,2549,7164,276,243,820,38767
