9.53354516304878,140.742156982422,109.545951067815,84.2278639683958,88.1365636189779,78.3491764068604,84.0831744753081,40.6747739172849,36.109421079064,74.4173385184152,47.6071705275891,153.147692187079,104.96005736457,166.231140136719,19.6076502574013,102.082120768229,113.061148507254,115.557903771145,181.251419067383,137.720082241556,93.7534247178298,84.9637196905994,111.140882492065,99.2393060849037,84.2190810011599,154.643859863281,125.992982004346,140.258427331207,85.7165087085188,18.4870870782155,40.1365577307304,177.47541809082,96.4877456665039,47.3697538131323,92.8274926458086,0,0,185.015548706055,103.312764304025,166.77978515625,0,0,155.537364959717,189.370658874512,92.5294570922852,168.320526123047,209.048248291016,171.284149169922,0,183.601009368896,0,130.415453592936,0,0,197.417073567708,0,148.517124599881,92.5491205851237,184.641403198242,138.56519446122,0,193.930894215902,192.228104654948,147.933071082746,187.137898036412,155.50905678489,0,0,156.471542358398,165.997347513835
140.742156982422,7.23359981714544,55.2582730273811,16.6240394665135,97.984753366244,118.090599060059,162.891624450684,130.182725759653,160.454693134014,77.0117233579404,145.015471825233,76.7813039779663,121.691694471571,57.4097856372082,159.203080264005,114.76000213623,77.387495243803,58.6408967004306,84.5176364050971,68.9454000109718,124.169448852539,121.572658832257,23.1123816742272,72.0576477598346,83.6697888065392,24.7432788512086,55.2769399991161,38.0706466378398,128.772278043959,130.910947452892,117.448620266385,77.4312289053934,0,119.067107064383,72.7253260014619,0,0,91.8951034545898,57.5286516409654,0,0,0,155.882553100586,0,0,0,97.1666030883789,0,92.7641644795736,0,0,0,105.223196411133,127.457656860352,117.605546804575,0,214.552322387695,180.506149291992,129.140064239502,137.034617614746,106.394620259603,116.254833514874,115.897339364757,169.054347991943,0,185.512557983398,129.159469604492,0,0,134.459167480469
109.545951067815,55.2582730273811,16.3111934203338,51.2338890759265,137.973418037846,176.192515055339,145.827963896006,105.181940652409,132.331077522093,119.580034079011,121.649997815084,100.708787190828,161.185692378453,101.858471069336,127.310974121094,141.19013426039,101.609696282281,44.1059947566276,113.037149128161,94.9350926016083,152.132168769836,73.7385438313705,62.828687953949,35.4895904532364,126.456899515788,119.003070286342,40.7609919207252,41.4355056792504,96.7600396222763,122.24646042278,92.5812913971658,99.9059718962639,188.767516326904,123.469777921351,76.8349211119343,0,101.650799051921,101.93999213476,65.2993579779731,172.293815612793,0,191.58642578125,171.539026113657,193.839897155762,166.870834350586,192.235013689314,152.307179450989,0,144.832065582275,202.739440917969,0,132.666975021362,115.868955131383,156.731059265137,124.147192922871,142.450088500977,140.361302693685,98.1212811103234,118.373028676747,164.893725168137,195.806457519531,115.067102212172,104.797333707882,177.483561876085,197.585146390475,162.384236279656,151.37673441569,0,193.896072387695,127.459365463257
84.2278639683958,16.6240394665135,51.2338890759265,16.0834840448624,58.8856795034101,97.8280658721924,92.5776021684919,67.6293963233193,95.4832952121436,24.5935838896026,90.1863846740723,73.5875691790913,81.614877354015,55.5417406398921,99.003035405299,90.262420425415,37.7884991202361,64.9106545412718,80.4345089947736,69.554876562061,73.9069837682387,58.0250518265031,24.1390164823747,58.6396827438194,36.6795615561016,28.2765891353289,58.242820808959,55.1669829897114,65.0866556247297,79.097723596048,62.3449363708496,70.7153309861275,120.450222439236,64.8791969957023,71.7000297854024,116.592614746094,108.441158294678,79.6697363011977,45.4332915147146,95.2741355895996,0,157.545219421387,86.4634198727815,128.13618927002,70.7055740356445,143.101621627808,79.6794136047363,235.428268432617,59.979221274636,111.275049209595,0,49.1119259374161,91.6981449127197,141.208885192871,98.7840960575984,0,77.2407264046047,23.4939462201936,65.3663360915498,68.6801730827852,45.6062040328979,102.581235186259,71.2983639922961,95.7329619598389,117.690893445696,79.0587325414022,87.9359016418457,0,97.4753144582113,102.226323843002
88.1365636189779,97.984753366244,137.973418037846,58.8856795034101,10.4423794290707,115.036370017312,79.3167256866077,60.5287749290466,100.364871570498,43.4087178336249,30.0311653507885,172.841397094727,23.2908654872527,162.325514051649,106.624842876663,62.2956281940589,79.3371571858724,153.802104025176,0,174.821016947428,11.0053335506288,116.069785174202,59.2843252315856,140.766194096318,21.13509799304,129.46169427725,155.768462278405,121.455835831138,17.685967647196,99.0547838358687,95.120363023546,173.727523803711,149.185201009115,80.0685836415232,111.952686418806,158.04971749442,0,0,76.8393821716309,16.9799387626026,241.135482788086,160.020625774677,134.37715483365,167.018390211948,101.507644213163,147.132968563144,0,36.7970187621457,196.106483459473,182.819277954102,176.805725097656,148.774220784505,209.232688903809,236.155029296875,240.269348144531,16.9770865313023,164.659657796224,162.222257341657,188.507984161377,114.190225020989,0,204.481781005859,192.859599304199,110.287930742639,172.396119689941,155.078447341919,0,211.674474080404,161.952194213867,175.49175453186
78.3491764068604,118.090599060059,176.192515055339,97.8280658721924,115.036370017312,7.43864048766146,13.6081180219884,119.240923086802,27.7708641093287,104.981557745683,109.76665870717,57.7112276413861,98.7600030263265,89.2751808166504,38.1141546579055,13.673070228974,0,191.912431504991,0,154.127853393555,115.033430480957,162.014129638672,103.215354919434,168.571711613582,103.240057583513,104.424688975016,173.930097226743,133.104348754883,132.818548474993,20.9557052007189,123.027216593424,122.052955627441,9.88877527274118,147.034854888916,31.6569605856827,233.413528442383,0,0,141.95915222168,0,0,0,218.074531555176,215.524322509766,133.043655395508,230.609008789062,0,0,0,0,0,151.806762695312,0,0,0,0,0,0,244.641006469727,195.992045811244,0,0,0,181.831039428711,190.433364868164,0,0,0,0,0
84.0831744753081,162.891624450684,145.827963896006,92.5776021684919,79.3167256866077,13.6081180219884,12.4794670704188,69.2311707070833,28.05508422603,87.4655843462263,36.5122705446406,100.437837018465,30.0921088742068,107.007723672049,47.768030166626,13.5116942726477,128.934432983398,166.022352672759,129.696333885193,174.114042917887,57.6563676820531,129.458652058586,103.74697809634,144.2899193573,83.1627740168201,97.0891220092773,166.29900932312,167.661527616168,81.4135264721952,41.626853564144,129.311603440179,147.965819295247,16.817245082957,97.999476139362,84.6570705005101,190.337460327148,175.214553833008,218.191299438477,107.604147537895,156.450536939833,0,182.986317225865,160.457214804257,192.764621603078,141.789398780236,179.398333527321,0,126.170331682478,0,195.744283447266,241.457382202148,189.314043680827,243.919410705566,0,236.043182373047,159.476455688477,162.009605407715,189.073994954427,199.996617635091,147.986774847759,0,215.212783813477,204.537108421326,165.505134852587,196.533330281576,186.098737080892,0,0,208.546676635742,196.915273492987
40.6747739172849,130.182725759653,105.181940652409,67.6293963233193,60.5287749290466,119.240923086802,69.2311707070833,17.1948630608872,67.2418962694164,65.8328416442871,29.633019972363,176.187821185003,82.6588962966321,180.20789155506,51.5391304141306,85.93670817389,96.6249026518602,127.592999331805,172.825206756592,164.444452432486,86.1817230224609,75.474387704254,85.9512517111642,94.7805029074799,63.6189533846384,0,138.77281435037,125.171412354824,44.307845588451,56.751379769232,26.9428724731092,180.519739423479,126.405377541819,78.1478289198601,106.830038047643,157.580535085578,0,175.336326197574,96.4663913053625,148.535125212236,195.283203125,165.104367342862,137.848801037944,186.182810615091,107.737820365212,166.840081532796,242.87353515625,134.440546671549,0,173.147292352492,190.3154296875,129.940266886065,201.080214556526,0,227.785847473145,140.079635620117,144.790691109591,99.1980710236923,165.303350020428,127.669286633285,204.774017333984,202.309509277344,171.206167683457,140.426369955373,164.846940296452,150.410550004345,0,228.64501953125,143.926223754883,161.601940258129
36.109421079064,160.454693134014,132.331077522093,95.4832952121436,100.364871570498,27.7708641093287,28.05508422603,67.2418962694164,14.0625911340043,98.9970865941574,48.1625192253625,91.1962646371902,102.548879677687,86.1856674123033,20.8494796372266,39.2582019103363,146.169119940864,146.723460824149,116.71622144911,157.484619994083,102.255532399076,119.232436942256,121.992483520508,129.402994972282,97.6117859320618,87.4586219787598,151.4181814477,159.876821841224,96.8303734909253,35.621031036613,89.8253877207011,153.120255494729,21.4917604245057,101.47244267524,64.6879388956577,195.401092529297,0,193.797337849935,129.972897759799,165.643575668335,0,217.563250454989,165.658862633619,201.386568546295,145.144042071174,184.824149722145,0,159.009954071045,0,197.470916748047,0,176.136856079102,204.573170979818,0,211.213643391927,193.079703194754,197.201957702637,141.393237304687,207.423002976638,156.205834471661,213.773941040039,226.926811218262,205.679241758404,170.826608160965,193.457752685547,179.2495749869,0,0,171.770718892415,192.818006075346
74.4173385184152,77.0117233579404,119.580034079011,24.5935838896026,43.4087178336249,104.981557745683,87.4655843462263,65.8328416442871,98.9970865941574,7.08456019449322,76.8696234566825,150.501619127062,10.995183621183,135.635484782699,96.7543748590444,21.7983690932281,57.5161698285271,130.538515305855,173.474210103353,149.070397897929,22.6806782546328,89.350719739806,24.3515628064865,120.952009968641,18.9247103495091,106.744870650867,133.700312216885,116.87463295978,61.2088821459943,78.4671598246871,63.9307674245998,150.42303957258,124.004404703776,66.8525800959949,96.4053291256508,200.928520202637,0,174.765258789062,64.9950819969177,112.377138614655,0,141.270646413167,119.681371688843,159.143441094293,59.1891403198242,128.04774983724,187.586380004883,0,176.217798233032,161.84348449707,0,162.018142700195,176.15803527832,197.530235290527,210.513793945312,143.209564208984,184.654998779297,91.7754516601562,170.868341445923,104.106899198939,174.32071685791,182.054729114879,186.071806066176,122.251013014052,171.74644317627,133.72087097168,198.457077026367,0,94.2457008361816,165.978809356689
47.6071705275891,145.015471825233,121.649997815084,90.1863846740723,30.0311653507885,109.76665870717,36.5122705446406,29.633019972363,48.1625192253625,76.8696234566825,15.0283816581409,168.754948068172,25.1025732573422,165.043200174967,71.8942825783564,83.0263486956267,115.245254516602,148.641845608935,185.055781046549,177.461280992296,16.0578624462529,97.8306183348311,104.57312780438,115.673323646776,66.7625078497262,191.276425170898,151.941718752647,143.861869258154,36.2543027627912,98.0279168071289,82.3900422758728,168.157725016276,124.99215192426,90.4914497409701,104.76117220142,169.434410095215,0,191.87162399292,103.290849786056,110.486430581794,0,179.440820794356,153.923297378252,184.241388749103,112.063028653463,172.564694108634,0,62.8373939726088,0,196.733358209783,184.127721150716,170.726006189982,214.172812567817,0,224.522313435872,87.3891148090363,167.679013933454,149.298034667969,192.319713338216,131.884121779486,0,219.502985636393,194.349173468512,158.923559510564,186.872536359514,169.713422393799,0,0,224.042449951172,174.585037231445
153.147692187079,76.7813039779663,100.708787190828,73.5875691790913,172.841397094727,57.7112276413861,100.437837018465,176.187821185003,91.1962646371902,150.501619127062,168.754948068172,11.7773870425528,149.495045471191,20.1228956942269,103.074247273532,140.017926534017,129.93379896115,59.165539896952,26.7648469517541,31.2128483712191,175.035293579102,115.096916858061,105.645049279974,110.348962406654,167.010985978153,36.5982614982227,32.3183290534257,70.0097354343443,173.1892748746,67.6434940346356,128.986247085211,31.937979838769,66.0891109598094,116.99227641179,35.0920257826278,0,87.6942108154297,157.121953691755,91.2920133499872,0,0,0,209.098289489746,171.060440063477,188.321784973145,0,91.4076161384583,0,65.3172841049267,0,0,0,150.500111897786,117.611923217773,130.383667685769,0,194.68850962321,112.703605651855,156.511810302734,191.114129638672,64.7354886942896,111.951006784747,113.457428361902,223.484872000558,139.435470581055,186.274993896484,105.218416758946,153.455856323242,0,125.810947926839
104.96005736457,121.691694471571,161.185692378453,81.614877354015,23.2908654872527,98.7600030263265,30.0921088742068,82.6588962966321,102.548879677687,10.995183621183,25.1025732573422,149.495045471191,11.0177044141689,172.50417137146,106.761042953795,17.399584395444,0,179.297894287109,197.902760823568,181.812159220378,13.381367714531,108.349822998047,74.363798212122,153.714991251628,21.0228286661212,121.2998046875,180.033061634411,145.140317021584,39.6933662352739,101.093401820094,91.0604820251465,177.254035949707,123.374378701915,89.5431281195746,102.328596949577,0,0,0,85.3420543670654,49.8298500872947,0,130.20553249783,156.359015655518,142.536431884766,99.5334644317627,114.286733082363,0,13.547900766244,0,155.114189147949,114.128934860229,135.181640625,230.194061279297,0,0,11.9746926436249,150.558288574219,0,0,122.796406919306,0,0,219.29345703125,135.443470160166,191.913513183594,193.339925130208,0,0,0,217.290237426758
166.231140136719,57.4097856372082,101.858471069336,55.5417406398921,162.325514051649,89.2751808166504,107.007723672049,180.20789155506,86.1856674123033,135.635484782699,165.043200174967,20.1228956942269,172.50417137146,9.0035055404527,103.975076039632,185.327321370443,143.437911987305,96.4311531914605,52.9302743903557,73.9739440351594,180.713897705078,154.329502105713,92.3672085807211,154.513075086806,147.649452939241,24.1890616311487,35.8217843802704,37.7548430145953,188.573257446289,67.5496290350236,161.940778879019,17.2196611987513,74.3200727950695,165.152885437012,53.5183750788371,231.09587097168,88.0225348699661,176.006706237793,63.6455137680988,0,0,144.49821472168,236.00691986084,133.616851806641,173.241744995117,237.891906738281,71.7094908170174,0,59.5338190250945,102.572898864746,0,0,166.36528523763,96.2144548856295,124.65754699707,0,223.41520690918,123.32950592041,170.115661621094,155.830978393555,54.5066907798851,95.9544371604919,89.7658011728226,234.002548217773,139.354966299874,184.620346069336,86.0507471084595,113.40843963623,0,113.40476375156
19.6076502574013,159.203080264005,127.310974121094,99.003035405299,106.624842876663,38.1141546579055,47.768030166626,51.5391304141306,20.8494796372266,96.7543748590444,71.8942825783564,103.074247273532,106.761042953795,103.975076039632,10.2081512762649,70.0638843087589,143.741846466064,135.885572147565,126.868783608461,156.225972273218,106.598533241116,102.024693044692,125.790781021118,118.998970152614,103.743971737029,102.381757882925,145.433032279549,160.064980140828,106.980850689994,21.7417016179848,48.1274700534946,133.135763804118,18.2623106228153,55.4129804273995,68.3527301520836,184.151204427083,0,207.296206665039,126.817306781637,178.255608452691,0,208.137852260045,171.958076209353,207.302829265594,154.340728759766,201.360397883824,236.919509887695,122.013346862793,0,204.474939982096,0,149.137089920044,205.265567779541,236.089538574219,212.940449523926,217.836547851562,174.288820539202,113.796013832092,205.007811228434,159.799324875172,145.870193481445,206.453150749207,206.867670561138,171.901381498258,194.617444957386,170.912006632487,0,242.945907592773,179.074367523193,186.507351594813
102.082120768229,114.76000213623,141.19013426039,90.262420425415,62.2956281940589,13.673070228974,13.5116942726477,85.93670817389,39.2582019103363,21.7983690932281,83.0263486956267,140.017926534017,17.399584395444,185.327321370443,70.0638843087589,7.34313040227135,165.58366394043,163.287072554879,0,183.159237201397,46.6522942486931,113.669390869141,72.5034301170936,158.615266927083,41.937669479661,153.091608683268,164.634203788562,137.06282224,84.0741761216839,69.7160958402297,97.6631952101184,195.947799682617,39.7272005349817,96.1105649420556,125.906424910934,0,0,0,60.7034721374512,95.3802070617676,0,0,153.996856689453,0,79.577751159668,191.659779866536,0,0,0,0,0,174.72233581543,0,0,0,0,0,0,0,110.023428780692,0,0,218.156595865885,145.032835642497,194.898718261719,0,0,0,160.37939453125,0
113.061148507254,77.387495243803,101.609696282281,37.7884991202361,79.3371571858724,0,128.934432983398,96.6249026518602,146.169119940864,57.5161698285271,115.245254516602,129.93379896115,0,143.437911987305,143.741846466064,165.58366394043,14.5754152073964,115.10754434686,146.499450683594,133.640063157722,0,37.0784588820212,30.6292829342165,26.3083315783292,39.7670821233653,109.3237449646,137.459935342112,35.2245686413263,46.0166842495552,94.0114430321588,76.7951953692178,124.68229675293,0,85.4156693352593,87.2271925532448,170.954742431641,110.541107177734,123.769170563796,71.7702517789953,169.284027099609,0,0,154.262663407759,172.458435058594,127.890522003174,159.248420715332,0,0,0,158.62077331543,0,97.3038222233029,156.787211281913,234.182510375977,164.253902980259,0,112.293976392614,56.3706614123888,104.882330887906,89.3119591981937,0,166.789519246419,101.26038273898,134.010820568117,145.79232091489,121.10711499478,0,0,117.794245402018,144.829841995239
115.557903771145,58.6408967004306,44.1059947566276,64.9106545412718,153.802104025176,191.912431504991,166.022352672759,127.592999331805,146.723460824149,130.538515305855,148.641845608935,59.165539896952,179.297894287109,96.4311531914605,135.885572147565,163.287072554879,115.10754434686,12.2230469369896,62.6723750054419,26.0211395176704,178.410762786865,72.782043709729,94.7167435565978,25.5970693726549,139.670111368573,79.1820847006405,37.1316712907782,71.2117358236103,136.958265219524,107.522667419253,89.4955486935293,100.468797922134,173.756032731798,102.488788339366,43.4785303492959,196.233795166016,91.7170679304335,117.909912386089,75.0957183837891,0,0,0,198.942183812459,199.269796198065,185.085643768311,221.722329711914,142.334304115989,243.645202636719,135.607978820801,216.191289901733,0,144.935847889293,118.733070317574,139.805112784249,119.373345800032,219.984603881836,173.958409627279,135.375265333388,143.016511453165,179.493753082898,104.446893692017,113.852722943343,118.537039226956,198.437543532428,188.447514851888,177.395008896336,163.240539550781,0,198.784121195475,123.118991544877
181.251419067383,84.5176364050971,113.037149128161,80.4345089947736,0,0,129.696333885193,172.825206756592,116.71622144911,173.474210103353,185.055781046549,26.7648469517541,197.902760823568,52.9302743903557,126.868783608461,0,146.499450683594,62.6723750054419,6.77771656531713,14.9022542360696,0,135.363375345866,122.143330165318,109.534408024379,186.182312011719,51.3504167410044,24.0280396069567,70.4138378987786,166.129552205404,95.4348758563661,135.624331883022,51.9422951061464,106.173412746853,141.421668158637,66.9821641457022,0,119.043182373047,0,110.97891834804,0,0,0,0,185.233306884766,0,0,108.105529785156,0,89.2689862251282,0,0,0,168.824432373047,108.710538228353,130.704284667969,0,0,134.88395690918,0,173.9453125,76.8133201599121,111.785956904573,112.454193856981,0,0,224.845596313477,109.345809936523,0,0,128.382419586182
137.720082241556,68.9454000109718,94.9350926016083,69.554876562061,174.821016947428,154.127853393555,174.114042917887,164.444452432486,157.484619994083,149.070397897929,177.461280992296,31.2128483712191,181.812159220378,73.9739440351594,156.225972273218,183.159237201397,133.640063157722,26.0211395176704,14.9022542360696,12.7686397336099,218.327945709229,114.201538476077,106.561019700149,86.3011275529861,160.138309432049,52.4215124145189,35.3143271990282,72.0751617765939,167.809165451553,117.057246513045,112.200272069317,67.3649060218744,142.172051668167,117.495556977629,51.029543140582,214.324584960938,128.176005772182,163.057307903583,80.9015589131937,0,0,244.726226806641,222.278531392415,207.556427001953,226.039390563965,0,119.946332411333,0,102.749837435209,193.955891927083,0,183.429723103841,139.088660606971,118.748100596461,117.882276155164,235.401947021484,189.91040802002,165.034767150879,167.041347503662,214.06982421875,81.6132849852244,108.827227399334,116.61260537161,220.121449788411,196.584951782227,197.051964896066,116.453469649605,176.387237548828,0,128.113392916593
93.7534247178298,124.169448852539,152.132168769836,73.9069837682387,11.0053335506288,115.033430480957,57.6563676820531,86.1817230224609,102.255532399076,22.6806782546328,16.0578624462529,175.035293579102,13.381367714531,180.713897705078,106.598533241116,46.6522942486931,0,178.410762786865,0,218.327945709229,8.28056409750811,180.543380737305,78.7186388288225,153.951496124268,15.7502633674298,0,190.419439315796,153.743681271871,25.5591189520002,103.511054207297,114.902727127075,196.840286254883,142.500066757202,105.031383090549,108.482188804477,0,0,0,79.7666053771973,29.2544328979699,0,135.844891411918,138.456986563546,169.536460876465,98.7625595092773,153.530135081365,0,16.2324430070785,0,197.84071858724,64.2290534973145,187.153717041016,0,0,0,10.0513762824329,0,0,192.501625061035,121.039640942742,0,0,191.513217163086,146.95528261849,175.957143147786,203.664093017578,0,0,126.337741851807,0
84.9637196905994,121.572658832257,73.7385438313705,58.0250518265031,116.069785174202,162.014129638672,129.458652058586,75.474387704254,119.232436942256,89.350719739806,97.8306183348311,115.096916858061,108.349822998047,154.329502105713,102.024693044692,113.669390869141,37.0784588820212,72.782043709729,135.363375345866,114.201538476077,180.543380737305,15.1628216232251,56.5245329183211,40.9071192373853,65.2500850268312,122.380788803101,121.136807772193,80.7778039391142,38.8962280020711,41.6273771919769,35.2945574868943,158.495445251465,148.252960205078,37.9198069860609,52.1949055716064,152.045811971029,208.050811767578,144.142235932527,79.6089873383011,170.956703186035,0,204.747627258301,159.716954461459,195.477140154157,152.488883972168,207.327545166016,0,0,211.45556640625,172.50729115804,0,110.722774926133,161.682932803505,187.904090881348,173.924662272135,0,122.65368969376,72.1750759288577,121.539013667446,122.736599296331,0,176.278535730699,123.397095275081,140.753469765904,153.233425644209,125.136882881844,0,0,145.402894496918,141.928245544434
111.140882492065,23.1123816742272,62.828687953949,24.1390164823747,59.2843252315856,103.215354919434,103.74697809634,85.9512517111642,121.992483520508,24.3515628064865,104.57312780438,105.645049279974,74.363798212122,92.3672085807211,125.790781021118,72.5034301170936,30.6292829342165,94.7167435565978,122.143330165318,106.561019700149,78.7186388288225,56.5245329183211,8.45573254263135,59.9624799999057,35.2991797000892,66.8484827920771,100.408052982428,43.1683831770613,65.8145737932689,86.1345466302366,63.9269397224967,107.165322933557,0,70.5307131922522,82.6877765120747,153.15852355957,148.664505004883,137.639514923096,30.8680315536001,223.311614990234,0,0,141.815997314453,138.483505249023,33.0367188453674,163.108174641927,132.997543334961,0,129.136076927185,132.637683323451,0,56.2238489103711,106.948064168294,165.432667323521,178.753165245056,0,72.0184684444118,25.5046090872391,73.658095330903,80.8855588351979,114.666130065918,145.286922108043,89.6602062799234,92.0223927815755,139.071690877279,76.4543553520651,161.93505859375,0,97.1428500584194,161.16154162089
99.2393060849037,72.0576477598346,35.4895904532364,58.6396827438194,140.766194096318,168.571711613582,144.2899193573,94.7805029074799,129.402994972282,120.952009968641,115.673323646776,110.348962406654,153.714991251628,154.513075086806,118.998970152614,158.615266927083,26.3083315783292,25.5970693726549,109.534408024379,86.3011275529861,153.951496124268,40.9071192373853,59.9624799999057,19.3264901877467,107.78761985236,151.001871109009,69.443159485354,61.863491211037,69.2887196890533,83.8486511059185,63.3700591843761,145.949295737527,182.874922616141,86.3448467865533,54.6279284187044,182.447732543945,122.175485610962,117.610798511865,72.3023816218889,0,0,235.875747680664,177.385055335792,210.959463266226,139.965599060059,196.091233473558,149.167922973633,0,0,197.309853871663,198.191040039062,107.75932604926,138.272877510348,175.953395843506,156.693852463814,205.485900878906,128.971667323659,70.0309471757445,116.899405471576,145.699637843717,192.465667724609,145.4063774866,112.403027750292,166.143227337616,196.933143615723,149.206980574758,0,243.822555541992,144.764989217122,137.666099179176
84.2190810011599,83.6697888065392,126.456899515788,36.6795615561016,21.13509799304,103.240057583513,83.1627740168201,63.6189533846384,97.6117859320618,18.9247103495091,66.7625078497262,167.010985978153,21.0228286661212,147.649452939241,103.743971737029,41.937669479661,39.7670821233653,139.670111368573,186.182312011719,160.138309432049,15.7502633674298,65.2500850268312,35.2991797000892,107.78761985236,13.1273641395818,117.010956163952,145.836356983143,97.8782073289762,25.5890003383624,85.5120009611508,75.617706205568,162.577500519929,140.487236633301,74.524485974993,103.694755614525,142.268708752048,153.264610290527,171.202340499215,72.7809191065908,120.280691337585,172.542297363281,155.759924402777,122.45496056431,158.663296916268,92.1365889485677,138.564642892757,212.908020019531,104.578942108154,190.818102518717,156.815596986212,148.358515930176,111.615669099111,180.99663474343,0,206.141681377704,128.484277205034,123.970222901762,88.5089086101901,154.461350389706,103.439655591792,177.599584960938,193.016872151693,163.487696622679,121.981721473808,149.430690477972,124.887388074121,212.693656921387,190.688955688477,132.694075125235,151.227200594815
154.643859863281,24.7432788512086,119.003070286342,28.2765891353289,129.46169427725,104.424688975016,97.0891220092773,0,87.4586219787598,106.744870650867,191.276425170898,36.5982614982227,121.2998046875,24.1890616311487,102.381757882925,153.091608683268,109.3237449646,79.1820847006405,51.3504167410044,52.4215124145189,0,122.380788803101,66.8484827920771,151.001871109009,117.010956163952,7.67690696432477,45.2025052769681,26.0271721381815,149.808166503906,72.8306226315706,152.088607788086,44.9212317482791,77.3056793212891,145.70231628418,64.0639890953346,187.500762939453,92.8228397369385,165.909828186035,52.0941662286457,0,0,246.656372070312,170.506057739258,0,148.945628356934,0,79.7869710922241,0,60.9822622859289,0,0,162.077163696289,173.985572814941,89.6270463877711,96.7142424447196,0,0,140.718551635742,0,177.452641805013,48.1725509217445,83.3599354880197,83.7795777703136,236.024642944336,175.020304361979,162.270614624023,85.645422679622,140.429656982422,0,115.825885227748
125.992982004346,55.2769399991161,40.7609919207252,58.242820808959,155.768462278405,173.930097226743,166.29900932312,138.77281435037,151.4181814477,133.700312216885,151.941718752647,32.3183290534257,180.033061634411,35.8217843802704,145.433032279549,164.634203788562,137.459935342112,37.1316712907782,24.0280396069567,35.3143271990282,190.419439315796,121.136807772193,100.408052982428,69.443159485354,145.836356983143,45.2025052769681,16.7960531881724,49.5726107926921,148.904043952786,124.408907191296,116.729982028948,23.8166468345292,140.916477397337,129.484682808145,73.4020333718397,216.126193237305,119.051922068876,130.128954932803,72.65972871696,158.579956054688,0,246.854919433594,205.989849090576,189.73285929362,198.981197357178,232.165351867676,110.728648360895,0,90.7183221944173,202.053323654901,189.025894165039,178.660468207465,116.568887590528,109.017385078199,110.207507763034,0,171.275158601649,148.508599090576,154.418231739717,197.974472045898,73.6275818247191,102.156387387686,106.844708170577,208.202631170099,196.284730391069,184.051134549654,103.926031494141,168.908958435059,189.693130493164,121.425594100535
140.258427331207,38.0706466378398,41.4355056792504,55.1669829897114,121.455835831138,133.104348754883,167.661527616168,125.171412354824,159.876821841224,116.87463295978,143.861869258154,70.0097354343443,145.140317021584,37.7548430145953,160.064980140828,137.06282224,35.2245686413263,71.2117358236103,70.4138378987786,72.0751617765939,153.743681271871,80.7778039391142,43.1683831770613,61.863491211037,97.8782073289762,26.0271721381815,49.5726107926921,19.8884777993393,93.6816864781592,135.732338757911,117.756036978857,32.5055496517196,155.016434033712,137.842589855194,80.267380708622,205.203315734863,114.833894577026,106.563316456815,63.661140183517,170.411933898926,171.386245727539,209.713451385498,182.732625802358,198.628193991525,195.026303804838,194.110198974609,111.607120329758,151.613471984863,92.4264449433461,205.607306438944,0,103.676455255927,125.868923975416,113.912639486379,118.830422287814,202.844161987305,131.271585770236,79.397397417341,115.862074732433,139.425000069358,78.6605386284162,110.202823414944,106.319760700963,172.063483101981,184.397325662466,170.973352148178,109.827978432584,154.820865631104,176.811086654663,130.706900033084
85.7165087085188,128.772278043959,96.7600396222763,65.0866556247297,17.685967647196,132.818548474993,81.4135264721952,44.307845588451,96.8303734909253,61.2088821459943,36.2543027627912,173.1892748746,39.6933662352739,188.573257446289,106.980850689994,84.0741761216839,46.0166842495552,136.958265219524,166.129552205404,167.809165451553,25.5591189520002,38.8962280020711,65.8145737932689,69.2887196890533,25.5890003383624,149.808166503906,148.904043952786,93.6816864781592,15.1840977960562,92.5976451240374,45.8620473976735,205.366149902344,141.769575754801,74.1545892982948,85.3029015148626,152.603207029145,205.221323649089,169.345057520373,84.8505294639748,49.8500295321147,192.189060211182,173.988758878888,135.840878041585,178.250834668803,111.231097286695,161.647474506233,228.975700378418,88.3850110112404,0,174.131589377799,158.685279846191,120.208873918861,193.429151916504,217.71164449056,213.421731802133,109.03854397365,128.683832474337,108.633993845137,161.85742698397,119.177812286735,0,204.769015225497,166.61803190014,137.781271376477,157.839433559701,132.113701403981,0,217.365238189697,143.891858291626,155.20435333252
18.4870870782155,130.910947452892,122.24646042278,79.097723596048,99.0547838358687,20.9557052007189,41.626853564144,56.751379769232,35.621031036613,78.4671598246871,98.0279168071289,67.6434940346356,101.093401820094,67.5496290350236,21.7417016179848,69.7160958402297,94.0114430321588,107.522667419253,95.4348758563661,117.057246513045,103.511054207297,41.6273771919769,86.1345466302366,83.8486511059185,85.5120009611508,72.8306226315706,124.408907191296,135.732338757911,92.5976451240374,10.5322208039542,24.966689898769,97.3140548706055,15.904711654154,18.2640283493461,46.257901425487,189.679183959961,143.867309570312,169.179737091064,99.8215883994589,162.044537862142,208.380790710449,197.479931422642,152.319253406827,187.709515126546,129.546555110386,181.366447217537,195.08762105306,146.865160624186,105.659393310547,186.822472415753,194.981986999512,121.562362279647,187.9697265625,181.172912597656,185.407454808553,194.90690612793,138.83506713375,100.319636299497,174.290096406014,139.914712527412,129.838184356689,186.208499625877,179.764553376998,152.421215555418,176.335920807114,146.511120127983,0,230.568817138672,161.235710702291,165.75697555542
40.1365577307304,117.448620266385,92.5812913971658,62.3449363708496,95.120363023546,123.027216593424,129.311603440179,26.9428724731092,89.8253877207011,63.9307674245998,82.3900422758728,128.986247085211,91.0604820251465,161.940778879019,48.1274700534946,97.6631952101184,76.7951953692178,89.4955486935293,135.624331883022,112.200272069317,114.902727127075,35.2945574868943,63.9269397224967,63.3700591843761,75.617706205568,152.088607788086,116.729982028948,117.756036978857,45.8620473976735,24.966689898769,13.180927681413,159.585635715061,119.68627342811,23.8825650656627,35.4699810328303,151.237364548903,161.718795776367,159.751868693034,81.9313536924474,149.731857299805,199.903610229492,190.437040056501,143.236745134989,186.634936523437,104.512261072795,169.480674743652,202.056523640951,142.060745239258,0,169.998215725547,0,112.339048105876,176.539469401042,218.813316345215,189.685202026367,0,128.522050999883,84.7905729081896,144.513576474964,124.375097775408,0,183.189660644531,164.726810932159,135.825573948738,158.233065381462,133.351368264838,0,201.484146118164,139.168920040131,140.954496894084
177.47541809082,77.4312289053934,99.9059718962639,70.7153309861275,173.727523803711,122.052955627441,147.965819295247,180.519739423479,153.120255494729,150.42303957258,168.157725016276,31.937979838769,177.254035949707,17.2196611987513,133.135763804118,195.947799682617,124.68229675293,100.468797922134,51.9422951061464,67.3649060218744,196.840286254883,158.495445251465,107.165322933557,145.949295737527,162.577500519929,44.9212317482791,23.8166468345292,32.5055496517196,205.366149902344,97.3140548706055,159.585635715061,9.68443558391349,111.554387019231,214.470291137695,79.703116207588,0,106.751987457275,0,88.2028939988878,0,0,0,0,178.664260864258,174.042327880859,0,98.0102957701072,0,85.1536654063633,0,0,0,154.246955871582,108.322550201416,133.299959606595,0,0,158.351476033529,209.684226989746,188.605583190918,71.1310222201877,108.103830949315,107.442610182204,0,186.829265594482,0,102.49879716572,0,0,145.578628540039
96.4877456665039,0,188.767516326904,120.450222439236,149.185201009115,9.88877527274118,16.817245082957,126.405377541819,21.4917604245057,124.004404703776,124.99215192426,66.0891109598094,123.374378701915,74.3200727950695,18.2623106228153,39.7272005349817,0,173.756032731798,106.173412746853,142.172051668167,142.500066757202,148.252960205078,0,182.874922616141,140.487236633301,77.3056793212891,140.916477397337,155.016434033712,141.769575754801,15.904711654154,119.68627342811,111.554387019231,6.20177748542426,51.7302150726318,36.4981471890989,0,0,0,0,0,0,0,209.318417867025,0,192.782974243164,216.141891479492,0,0,117.102493286133,0,0,0,0,0,0,0,220.303253173828,0,0,189.171997763894,0,144.778610229492,0,205.230663299561,221.062782287598,0,0,0,0,0
47.3697538131323,119.067107064383,123.469777921351,64.8791969957023,80.0685836415232,147.034854888916,97.999476139362,78.1478289198601,101.47244267524,66.8525800959949,90.4914497409701,116.99227641179,89.5431281195746,165.152885437012,55.4129804273995,96.1105649420556,85.4156693352593,102.488788339366,141.421668158637,117.495556977629,105.031383090549,37.9198069860609,70.5307131922522,86.3448467865533,74.524485974993,145.70231628418,129.484682808145,137.842589855194,74.1545892982948,18.2640283493461,23.8825650656627,214.470291137695,51.7302150726318,8.2405385689119,20.4790518902988,146.944807052612,202.056938171387,0,79.0587092081706,142.765686035156,195.367172241211,180.318572998047,142.601338976905,182.589165135434,134.746615600586,158.99382019043,0,133.023239135742,0,174.78476784446,0,120.420006461765,182.220036824544,182.843002319336,196.198333740234,0,125.617098639993,86.5172330682928,165.512420654297,127.348224275008,200.511154174805,193.310096740723,174.009371337891,140.729315381172,163.881212101426,133.353142193386,0,0,147.463497924805,151.746337890625
92.8274926458086,72.7253260014619,76.8349211119343,71.7000297854024,111.952686418806,31.6569605856827,84.6570705005101,106.830038047643,64.6879388956577,96.4053291256508,104.76117220142,35.0920257826278,102.328596949577,53.5183750788371,68.3527301520836,125.906424910934,87.2271925532448,43.4785303492959,66.9821641457022,51.029543140582,108.482188804477,52.1949055716064,82.6877765120747,54.6279284187044,103.694755614525,64.0639890953346,73.4020333718397,80.267380708622,85.3029015148626,46.257901425487,35.4699810328303,79.703116207588,36.4981471890989,20.4790518902988,11.4327357975421,184.251462936401,136.051507568359,120.948840496587,86.4613965449442,157.098388671875,208.746292114258,188.733116149902,157.90951469617,198.687170589671,155.725917816162,193.996438419118,142.898225148519,146.267086029053,117.708970006307,184.729839549345,0,118.343544741711,132.810002749728,138.1352712697,133.837744553884,0,142.228336163421,103.11967048645,139.033241307458,143.6170656268,118.757766723633,129.76510815581,126.267518471383,154.226023194848,179.843151743819,144.435591645293,132.017797990279,173.552215576172,153.697092056274,150.724527782864
0,0,0,116.592614746094,158.04971749442,233.413528442383,190.337460327148,157.580535085578,195.401092529297,200.928520202637,169.434410095215,0,0,231.09587097168,184.151204427083,0,170.954742431641,196.233795166016,0,214.324584960938,0,152.045811971029,153.15852355957,182.447732543945,142.268708752048,187.500762939453,216.126193237305,205.203315734863,152.603207029145,189.679183959961,151.237364548903,0,0,146.944807052612,184.251462936401,8.70020865505679,129.711959838867,127.150841377877,85.1153083249747,98.1560274759928,65.0215454101562,101.444898023444,28.672564164706,63.7211471748713,78.9671781491011,95.3822463186164,136.171009678994,119.09129248725,156.176096916199,21.9882278047035,111.982297897339,85.9697551727295,109.974164875504,141.532641880949,123.589583727269,110.381286621094,78.3232922685256,86.4825211763382,110.937109035916,85.9369839052611,144.359681129456,139.163371913838,156.49254536497,87.9471940158569,20.5233718338979,31.9064900057679,160.419057210286,87.8263765573502,30.5470336322678,76.1091811053724
0,0,101.650799051921,108.441158294678,0,0,175.214553833008,0,0,0,0,87.6942108154297,0,88.0225348699661,0,0,110.541107177734,91.7170679304335,119.043182373047,128.176005772182,0,208.050811767578,148.664505004883,122.175485610962,153.264610290527,92.8228397369385,119.051922068876,114.833894577026,205.221323649089,143.867309570312,161.718795776367,106.751987457275,0,202.056938171387,136.051507568359,129.711959838867,8.76012186602753,51.600150900067,24.4067649658845,96.5667629241943,151.468292236328,181.242883300781,146.929244749008,156.18567388198,81.8394776571365,164.94190788269,83.1496745676234,115.207817077637,55.6375405614647,155.111212836372,116.046683816349,69.6788909633954,59.4894622704922,82.0528759168542,61.9955410708062,0,107.156834084647,28.4254441034503,76.1135934652741,88.9454553271528,20.6449141726691,57.0555778949657,39.3321610487518,135.167650409773,148.93706073183,129.077061637503,79.8125089372907,133.091804504395,126.02847775546,67.8552845938731
185.015548706055,91.8951034545898,101.93999213476,79.6697363011977,0,0,218.191299438477,175.336326197574,193.797337849935,174.765258789062,191.87162399292,157.121953691755,0,176.006706237793,207.296206665039,0,123.769170563796,117.909912386089,0,163.057307903583,0,144.142235932527,137.639514923096,117.610798511865,171.202340499215,165.909828186035,130.128954932803,106.563316456815,169.345057520373,169.179737091064,159.751868693034,0,0,0,120.948840496587,127.150841377877,51.600150900067,20.0613247597606,50.7015901395088,143.715877278646,187.465682983398,147.124483291417,106.850042176166,141.504043564486,117.549899134143,131.677149689143,134.184399498834,164.693130493164,114.887219238281,132.730902129858,143.237115478516,86.3198013305664,40.7423077603211,110.106435361116,63.7489311857994,211.847473144531,74.3560460503422,62.1014096553509,34.7926766607014,122.824178988508,104.902379717146,42.979405847846,37.327899436737,98.8818706321834,151.015222391505,98.7228173553628,121.431966569689,186.727566189236,125.36373202006,90.0083337315973
