8.11258103402182,116.395866394043,73.3045918191796,83.7579325314226,85.2136433919271,68.1675419807434,64.6840611775716,29.7076618823614,52.1221676296658,63.2283986409505,52.6159095538438,124.720649090935,82.9613317871094,147.563899993896,12.5410496764441,0,0,91.4546585272323,138.461146036784,112.915541957267,76.0844820195978,59.2068709320758,102.450398763021,69.2302856046286,77.4961438179016,0,109.98814939654,116.146594867035,60.3951221939046,14.0888063483564,27.4103803114448,159.941348266602,63.8310713768005,36.2149973238929,77.7988970704781,0,0,180.677520751953,74.7643127441406,0,0,0,132.681732177734,0,79.6711311340332,0,0,0,0,0,0,0,173.802772521973,0,197.682891845703,0,0,69.1683502197266,183.851399739583,125.783147176107,0,184.364433288574,161.135907624897,236.201705932617,0,0,197.515716552734,0,0,194.778121948242
116.395866394043,9.48705983908398,39.4672033863683,27.122948182304,0,0,0,123.997603098551,150.194736480713,72.1847265312471,142.897239685059,64.3824442853831,0,43.0036987792429,134.637975056966,0,82.9610260554722,48.6582666954386,71.1348500685258,60.0294496445429,0,89.3974708557129,26.7199237847797,67.5641549192829,93.3365951884877,26.551589418008,45.7843906924983,34.3597260211812,117.064822605678,94.6263622484709,93.4704736073812,62.0343697455622,0,101.879627990723,54.3322793955565,0,89.4422607421875,85.0753985318271,61.3963295618693,0,0,0,0,0,140.460651397705,0,90.2455406188965,0,72.3098643166678,0,0,134.455856323242,83.639219724215,144.303480148315,111.859425354004,0,166.928787231445,98.5273081461589,135.785778045654,134.949417114258,70.0236002604167,119.260084081579,97.9893022017045,0,209.781791687012,0,127.18134765625,0,0,79.244068145752
73.3045918191796,39.4672033863683,11.6001125253354,40.2973374866304,194.823608398438,153.704746246338,122.01626549004,82.0202522695065,113.707628739442,112.920759836833,93.8717155456543,90.6140953216553,137.398948669434,90.9971365421376,93.9108622059709,118.223292541504,80.62547654372,32.7928621148561,98.199919128418,78.8474787051861,180.595845540365,52.7574555895744,39.0562406796128,27.0221790531182,114.799895247368,100.754985809326,32.9930887529442,27.1634951141687,55.6530287240786,88.3588918994529,63.7950394347747,88.9339489968407,151.070722852434,95.5709490389437,60.3984249197619,152.353523254395,78.1328268051147,87.1340824398187,76.3062733870286,0,0,180.75532023112,140.855291703168,161.496587371826,179.619300842285,148.621852201574,119.256723022461,204.244842529297,0,159.466437203544,0,106.378793124495,101.41125015014,148.581140306261,114.612530299595,0,124.010756628854,63.2814111011784,104.907775803616,144.211269980983,195.080917358398,107.401860054959,91.2998786093431,150.134702180561,177.676610310872,143.861939239502,151.631607055664,0,201.342407226562,104.353496479538
83.7579325314226,27.122948182304,40.2973374866304,60.702602903967,57.6186905911094,138.362174987793,95.7932027352823,73.4722750135463,93.3730305188323,50.3566762337318,84.1165979968177,77.3044763565063,83.9007785103538,55.7766184578615,92.5946326546047,36.1809635162354,43.8888890853435,52.423662205638,74.9926399977311,62.1347981298537,69.4303894042969,53.9505865970641,41.2242727805782,49.4668211844647,51.6024667865163,27.5741559646717,49.5516071703989,42.0259630767002,58.5357792646457,81.3919327802571,55.4554421450116,75.6682026454381,116.493635177612,60.7908680855282,58.2917650960397,86.3168318006727,67.8838185530443,56.8181815423827,17.6150622045994,92.7680110931396,0,112.986845016479,84.4378249185127,123.251034545898,14.0805228585228,113.647695064545,94.8290100097656,93.6031112670898,62.9266457107832,122.229707172939,0,63.3414722789418,79.1759383631688,71.8613649606705,80.9404997970119,48.680347442627,70.3426850509643,13.4309619553147,64.6161399322463,48.2858086318421,50.760351281417,70.8617117292663,54.9899898683182,84.7495878492083,103.662685394287,89.9145811171759,76.1680943415715,0,107.301527023315,84.6379546617207
85.2136433919271,0,194.823608398438,57.6186905911094,7.25493047763531,134.072322845459,62.4789702877677,81.962121963501,105.522776898043,41.3534118511059,16.1611762712731,0,24.2827252061125,162.735580444336,102.225059920091,48.5166030416683,0,0,0,0,10.8690497409719,0,54.7121467590332,127.92350769043,12.2484600938878,0,136.955516815186,143.887854003906,10.2421422264776,99.6122790795785,94.0064697265625,0,136.968427022298,89.0938933587843,98.5661021641323,154.72688293457,0,0,73.4532609419389,108.69296836853,0,131.77326965332,117.432929992676,165.239562988281,79.2910683090622,133.108714633518,0,47.6721973419189,0,165.749867757161,0,0,0,0,0,111.211462194269,0,0,156.980239868164,93.8611030578613,0,0,202.746032714844,115.775056021554,143.757802327474,0,0,0,0,0
68.1675419807434,0,153.704746246338,138.362174987793,134.072322845459,6.21672598315567,5.96062885395532,116.369871139526,19.5180113287175,110.039303370884,107.839844894409,56.4730579169222,123.969785417829,73.0381269909087,27.976963450842,12.5759934037924,0,163.187539044548,93.8233687082926,89.1190076555525,123.051568031311,139.857373555501,0,143.769681930542,127.683048248291,74.2498168945312,116.205656178792,122.543951670329,120.090896606445,18.8497041347203,100.566947937012,102.782168579102,7.75911785357307,66.111442565918,31.9357420284155,0,0,212.694763183594,141.779037475586,0,0,0,0,0,142.564384460449,0,0,0,0,0,0,0,0,0,0,0,0,0,0,0,0,0,0,0,0,0,0,0,0,0
64.6840611775716,0,122.01626549004,95.7932027352823,62.4789702877677,5.96062885395532,9.3899737891404,48.8490123871176,14.9362039226571,81.4531096582827,29.7651531505534,83.168036663171,19.8315974175777,124.349940092667,28.3706921934234,9.16183186831665,162.53727722168,140.666114220252,103.170136702688,144.902668762207,37.0972192883492,100.362491035461,129.565080915179,109.533996699407,78.2466630841246,91.6519241333008,157.052763660137,139.162397841777,55.5618589957101,30.1978156413251,86.5501262119838,174.848976135254,16.4325299478629,84.7739148139954,60.4985754885481,163.981948852539,0,191.29704284668,94.0932250976562,242.972640991211,0,169.946655273438,139.924769083659,173.445579528809,99.1173400878906,143.699371337891,0,73.817502339681,0,159.264755249023,0,0,208.244839986165,163.111167907715,0,131.486892700195,0,138.869033813477,191.482093811035,115.556969778878,0,179.580693562826,187.808242797852,152.709379022772,163.464899698893,0,226.034057617188,0,0,179.339202880859
29.7076618823614,123.997603098551,82.0202522695065,73.4722750135463,81.962121963501,116.369871139526,48.8490123871176,10.51172787084,63.3145618205711,56.1366919429273,14.6648140726988,150.756999969482,43.2742570979255,155.156013937557,35.8315729118399,64.065636344578,88.45125,116.914479454358,140.199619293213,141.591458082199,87.8074238517068,57.5926824324546,82.5489489746094,63.7591804705168,56.8367097704184,179.33708190918,129.327463387032,96.3399166907034,27.3336945840486,46.0057296123133,17.8835257085648,161.025249280428,112.169160281911,50.725602138844,72.1179593531406,0,148.383460998535,155.897404988607,82.4670346577962,105.213081359863,0,0,114.985950469971,155.478548049927,69.7093495455655,121.0400390625,0,0,0,140.113327026367,0,0,170.059063182158,0,194.357437133789,0,157.247241973877,92.3457316348427,150.408592224121,91.2189024722937,0,198.449362860786,156.024993658066,132.152031580607,152.670406341553,215.770843505859,0,0,149.574478149414,148.373542785645
52.1221676296658,150.194736480713,113.707628739442,93.3730305188323,105.522776898043,19.5180113287175,14.9362039226571,63.3145618205711,11.5973692584316,85.7275466482148,36.9406836004546,100.7461922489,87.9615208419265,142.004052369491,18.7468877041866,25.6204949770218,141.663070678711,125.968499269739,117.441463294396,146.092118677103,93.7357187981699,96.1165209910909,129.647385573969,100.326684441848,94.0897916662994,84.2942276000977,143.890581560407,141.451090720222,74.791485666139,19.9850485505683,72.3498085155043,164.77081044515,14.7771435304657,99.8533826996298,49.7451643740484,0,200.649703979492,175.109253732782,103.192094326019,114.811866760254,0,160.259033203125,139.029588699341,145.579238891602,89.890239238739,145.317504882812,195.807469685872,0,191.803680419922,179.156611124674,0,0,187.421266555786,164.523803710938,149.927581787109,0,186.421239217122,127.212615966797,191.429485066732,123.790365503189,139.165390014648,188.912976778471,177.42179912991,172.33550193093,165.574910481771,118.553070068359,0,0,172.117851257324,186.707331339518
63.2283986409505,72.1847265312471,112.920759836833,50.3566762337318,41.3534118511059,110.039303370884,81.4531096582827,56.1366919429273,85.7275466482148,8.05186496600403,89.464110957766,124.632369256789,9.84414623270886,112.496103782654,77.4658276828719,11.5632022702417,111.993513743083,109.063474329506,132.303369220934,123.36574283176,33.3642583529154,62.4322032928467,19.1922747679899,95.17138797422,24.8816350070339,99.6677407365504,116.678100585938,104.134498393735,48.8531595324146,68.7904706043331,54.2484863149709,129.513042534722,112.719949895685,53.1274391990347,76.1145240154463,0,195.040588378906,181.700714111328,63.7611820399761,140.117553710938,0,0,76.755313873291,0,28.9762196196131,95.0164505004883,152.623184204102,73.5023040771484,142.59090508355,132.450988769531,54.5729462759835,0,154.941329956055,0,217.097427368164,83.9170430501302,0,134.443201700846,201.591453552246,66.2336020528534,141.11404800415,183.038961073932,183.845574118874,89.1291900634766,151.031112670898,84.0246429443359,183.905700683594,0,0,87.2016983032227
52.6159095538438,142.897239685059,93.8717155456543,84.1165979968177,16.1611762712731,107.839844894409,29.7651531505534,14.6648140726988,36.9406836004546,89.464110957766,8.9762452666563,158.176746186756,19.0024447779899,172.337966442108,46.9590521287462,57.2762716171589,124.432704925537,131.967344390021,156.370555877686,170.353108215332,12.7926188837186,71.2045521124815,92.1436532735825,81.6257389783859,59.4755364248197,0,147.923153147978,109.859537275498,18.5786648143033,76.2409547770119,80.8608597302046,178.451943969727,111.916789499919,66.9014270322543,83.3518910842645,0,0,170.481449127197,83.4095701329848,135.92196219308,0,148.47163772583,130.010012700008,172.178260803223,91.0221042117557,143.158251342773,0,79.8177680969238,0,164.191116333008,137.471349080404,0,180.271659851074,0,0,106.470083872477,0,114.134603881836,178.5669921875,101.71846341197,0,197.002319335938,177.503366088867,136.155848334817,163.217566239206,0,0,0,151.780548095703,143.580978393555
124.720649090935,64.3824442853831,90.6140953216553,77.3044763565063,0,56.4730579169222,83.168036663171,150.756999969482,100.7461922489,124.632369256789,158.176746186756,12.0543638361991,153.667831420898,16.6782610145165,119.557011340377,49.7417526245117,119.338563101632,47.2138447913997,23.8631995367896,22.2368149930165,0,92.4457181032039,94.0752254832875,86.3497465100205,154.107169898781,25.9576784037337,25.7098189795923,73.9881082519292,138.060293515523,57.9915285357598,92.5370070513557,31.3332822006278,63.631490995144,89.6296131812449,26.9105802522051,0,85.049747467041,130.892335510254,58.1186392235033,0,0,0,184.369033813477,146.051177978516,133.571914672852,209.870971679688,91.7567781390566,193.68522644043,71.8511778024527,206.948760986328,0,0,140.326442565918,108.578237196978,112.781419590541,0,0,92.8638973236084,151.154647827148,179.876998901367,63.1319652090267,102.806199913025,114.561194119388,186.865356445312,0,0,97.0704754638672,0,0,134.92479801178
82.9613317871094,0,137.398948669434,83.9007785103538,24.2827252061125,123.969785417829,19.8315974175777,43.2742570979255,87.9615208419265,9.84414623270886,19.0024447779899,153.667831420898,9.40082051549718,0,95.1555238691243,14.5287391680484,0,198.889495849609,173.95295715332,231.122650146484,12.1036838598191,156.267395019531,85.3222885131836,146.149688720703,19.8407832564346,0,186.842748006185,140.160132598877,38.3679428952752,94.5917251586914,132.049787521362,207.850616455078,127.37463537852,87.3460718393326,94.2987827226227,138.060440063477,0,0,109.21129989624,32.3363132476807,0,72.7806243896484,0,0,100.212704467773,28.3497504436324,0,9.87309983792978,0,155.351165771484,98.7363739013672,0,0,0,0,11.3783472271289,0,0,0,102.881965139638,0,0,224.709518432617,72.5282608032227,178.980346679688,0,0,0,0,0
147.563899993896,43.0036987792429,90.9971365421376,55.7766184578615,162.735580444336,73.0381269909087,124.349940092667,155.156013937557,142.004052369491,112.496103782654,172.337966442108,16.6782610145165,0,7.86731256583748,144.857359992133,144.831970214844,141.105196271624,94.758193351127,51.1175124742547,73.2375638256334,0,153.714881049262,83.068793489428,115.682328920107,140.9181307148,15.9520435888824,23.5041529646289,25.0957323326409,149.310389948826,73.2070056573668,136.843988418579,10.5179257199103,73.9653404069984,183.255966186523,51.6966679890951,0,89.4266653794509,143.461764526367,44.3064483809551,0,149.095703125,0,175.857732137044,175.190612792969,141.843529292515,0,69.4603017978981,0,54.92048970825,162.279624938965,0,185.256317138672,132.559243202209,85.6879607179111,109.689741314582,172.534973144531,157.58918762207,99.1324645996094,158.486180623372,167.675183296204,54.863855228969,91.3307647827737,94.2756428412341,203.319747924805,145.269422531128,151.88565826416,86.3719772925744,0,0,113.668525695801
12.5410496764441,134.637975056966,93.9108622059709,92.5946326546047,102.225059920091,27.976963450842,28.3706921934234,35.8315729118399,18.7468877041866,77.4658276828719,46.9590521287462,119.557011340377,95.1555238691243,144.857359992133,7.82324009544375,49.5030226111412,122.349617004395,110.067015227076,139.86030217951,134.900183244185,93.5181795875981,72.9116085845155,117.046317898497,81.2605435893221,88.9545800188463,95.7744979858398,129.233227479759,129.94566237906,67.9684073604755,15.5149940359074,49.4463194491525,166.366078948975,13.3050180838491,56.7566511983829,44.9257592193792,166.673324584961,0,165.860910797119,97.4455775599326,149.231246948242,0,0,151.592630004883,163.715927124023,90.4266586303711,110.774528503418,0,104.660654067993,0,182.596740722656,0,171.093566894531,196.736668701172,0,207.932177734375,141.570804595947,0,83.9936065673828,178.001496535081,147.726208894149,0,183.914077758789,167.07143474075,155.099091339111,187.665690104167,0,0,0,168.632949829102,191.885779244559
0,0,118.223292541504,36.1809635162354,48.5166030416683,12.5759934037924,9.16183186831665,64.065636344578,25.6204949770218,11.5632022702417,57.2762716171589,49.7417526245117,14.5287391680484,144.831970214844,49.5030226111412,7.38400192293058,0,0,0,212.734710693359,50.9048629429029,96.7984161376953,120.105041503906,108.367395401001,40.0901974825792,0,146.976577758789,147.825060064142,66.8046200434367,70.795804457231,0,0,34.4096758100722,83.5752487182617,45.3011335226206,0,0,0,51.3440971374512,0,0,0,0,0,61.5422744750977,0,0,0,0,0,0,0,0,0,0,0,0,0,0,73.497428894043,0,219.995880126953,0,0,0,0,0,0,0,0
0,82.9610260554722,80.62547654372,43.8888890853435,0,0,162.53727722168,88.45125,141.663070678711,111.993513743083,124.432704925537,119.338563101632,0,141.105196271624,122.349617004395,0,13.9647369708868,100.852796050324,149.833831787109,125.031764103816,0,25.354188600792,31.3952462069939,16.681526111081,35.4161507905157,129.865005493164,108.702569299815,31.3531450277659,47.2246656167976,125.392654418945,75.8654727055476,149.019760131836,0,79.9983531406948,87.9975345740884,0,0,139.808113945855,64.9905384608677,0,0,0,0,0,0,174.803115844727,0,0,0,0,0,0,143.110283484826,0,154.593765258789,0,0,63.086426671346,108.744739685059,0,0,148.998941421509,129.930472915237,166.706259155273,0,137.985610961914,0,0,0,124.588956197103
91.4546585272323,48.6582666954386,32.7928621148561,52.423662205638,0,163.187539044548,140.666114220252,116.914479454358,125.968499269739,109.063474329506,131.967344390021,47.2138447913997,198.889495849609,94.758193351127,110.067015227076,0,100.852796050324,8.61683936069317,46.7528092729612,21.3009570183813,0,54.4279988269783,64.2872497227918,23.0742821662251,122.592686004639,56.7036287519667,26.4716967549774,56.9908199153639,117.284659803332,88.8053944888934,70.5950789518057,85.79721996702,163.646503155048,82.7400747564341,35.7315279527313,160.208638509115,92.9238329667311,99.709566953606,105.977809221317,0,0,216.988286336263,171.453843688965,187.343735694885,158.813571929932,172.484196254185,133.819110523571,188.640319824219,133.038803100586,191.960471658146,0,120.496756417411,111.949111257487,141.534645080566,118.891056548717,0,144.920746543191,106.327102074256,125.312007406484,166.312483162716,133.971473693848,109.088323224492,103.082649431166,187.346165707237,196.651995340983,170.369151115417,148.635726928711,245.015075683594,0,115.312697940403
138.461146036784,71.1348500685258,98.199919128418,74.9926399977311,0,93.8233687082926,103.170136702688,140.199619293213,117.441463294396,132.303369220934,156.370555877686,23.8631995367896,173.95295715332,51.1175124742547,139.86030217951,0,149.833831787109,46.7528092729612,8.12193046171173,12.8511660704724,0,101.101395218461,108.90030595368,96.3916597661284,163.842511858259,49.4707467518156,25.1299806260982,64.8345817632777,166.582633972168,84.8145611170028,106.245388818166,54.4089308836022,89.8716634934948,107.318715201484,56.7234294521275,0,119.945120675223,152.587115478516,109.521091779073,0,0,0,0,0,177.779098510742,0,105.091752511484,0,95.3307337079729,189.753051757812,0,177.011291503906,146.757950592041,109.590112495422,113.505834621853,0,185.155517578125,128.97819519043,163.283732096354,216.677711486816,84.4050621032715,104.6733186709,114.417595761682,190.163757324219,133.934204101562,167.326156616211,109.847183753704,0,0,136.37858581543
112.915541957267,60.0294496445429,78.8474787051861,62.1347981298537,0,89.1190076555525,144.902668762207,141.591458082199,146.092118677103,123.36574283176,170.353108215332,22.2368149930165,231.122650146484,73.2375638256334,134.900183244185,212.734710693359,125.031764103816,21.3009570183813,12.8511660704724,9.10906149446711,0,80.960344267728,90.4844910165538,72.6544465796892,143.415932875413,46.5152878732392,17.9071326876655,71.2970563521702,141.23852259318,94.2489745426541,88.4521883461692,66.1858525122366,109.094257153963,92.9851930249375,39.4055006769945,186.561107635498,101.469735422442,121.394831975301,83.5458404787125,218.273742675781,0,224.093475341797,180.494171142578,228.624465942383,0,0,109.91801071167,0,115.991979598999,231.503921508789,0,175.580490112305,127.354304797029,114.235340411846,110.239808314555,0,151.639784240723,110.572545732771,161.582299368722,177.689338684082,105.910420467979,103.877021308233,107.070534756309,184.177272796631,189.4700050354,167.836542765299,124.378572736468,0,183.119079589844,123.653521563556
76.0844820195978,0,180.595845540365,69.4303894042969,10.8690497409719,123.051568031311,37.0972192883492,87.8074238517068,93.7357187981699,33.3642583529154,12.7926188837186,0,12.1036838598191,0,93.5181795875981,50.9048629429029,0,0,0,0,9.94867417709309,0,97.0194854736328,100.662170410156,17.2390492135898,0,176.552914428711,101.93537902832,29.6002060686024,91.2124860677733,0,0,125.255958557129,85.3309328802701,91.4889373779297,197.215187072754,0,0,70.8208113776313,20.1316402608698,0,0,0,159.49333190918,78.335686316857,104.092428354117,0,20.0408861289422,0,152.044891357422,94.6859283447266,0,0,0,0,29.7306000952627,0,0,0,94.8701725006104,0,0,146.325302124023,133.506423950195,153.29573059082,0,0,0,149.735168457031,152.660232543945
59.2068709320758,89.3974708557129,52.7574555895744,53.9505865970641,0,139.857373555501,100.362491035461,57.5926824324546,96.1165209910909,62.4322032928467,71.2045521124815,92.4457181032039,156.267395019531,153.714881049262,72.9116085845155,96.7984161376953,25.354188600792,54.4279988269783,101.101395218461,80.960344267728,0,11.4171325749141,50.9787781600888,25.6811518911902,39.0051678995068,136.857997894287,109.642466768806,61.0683584168378,21.963693918996,70.2721538031661,27.3722706867133,144.52240117391,122.812126159668,50.4546463884265,43.6838029424733,0,0,135.307957042347,62.349360148112,0,0,184.88117980957,178.874496459961,0,178.975555419922,0,158.771743774414,0,0,0,0,122.412384033203,145.464151170519,0,176.195507049561,0,109.092380523682,60.5917979530666,124.63667901357,0,0,157.336045159234,133.493764877319,138.670515696208,158.053070068359,108.834400177002,0,0,0,132.201824951172
102.450398763021,26.7199237847797,39.0562406796128,41.2242727805782,54.7121467590332,0,129.565080915179,82.5489489746094,129.647385573969,19.1922747679899,92.1436532735825,94.0752254832875,85.3222885131836,83.068793489428,117.046317898497,120.105041503906,31.3952462069939,64.2872497227918,108.90030595368,90.4844910165538,97.0194854736328,50.9787781600888,7.48379465040029,50.066459366647,28.8919083257667,71.0325819130712,79.4978564809163,38.5528289820994,54.9321786517886,111.142540043798,55.8536448287964,102.198601826583,0,59.0314595292254,65.91708076075,0,144.333920796712,79.8465980138534,83.9157588298504,0,0,0,149.793882369995,115.572621154785,92.0931625366211,231.404434204102,113.263942718506,0,116.483447897023,132.318969726562,91.6222686767578,59.8816594575581,104.626399040222,175.537501743862,150.989861228249,83.0756607055664,64.456073488508,14.6002029658986,59.5373850093546,96.0586028628879,104.417541503906,138.747417449951,98.2962249161361,96.143800908869,170.153065999349,143.283301035563,0,0,0,106.803609511432
69.2302856046286,67.5641549192829,27.0221790531182,49.4668211844647,127.92350769043,143.769681930542,109.533996699407,63.7591804705168,100.326684441848,95.17138797422,81.6257389783859,86.3497465100205,146.149688720703,115.682328920107,81.2605435893221,108.367395401001,16.681526111081,23.0742821662251,96.3916597661284,72.6544465796892,100.662170410156,25.6811518911902,50.066459366647,13.507360885909,68.1853512361315,104.153793334961,74.3976738691021,49.7607135304088,44.9104946487637,77.5156603938401,43.8371657167476,113.747296832857,145.23573811849,64.6252691370681,43.6119600271779,170.22829691569,99.4139826456706,101.617915080889,69.2917597664727,0,228.576904296875,168.964513142904,145.299098573882,170.43275197347,0,161.835946655273,144.348904927572,0,0,181.655974324544,0,109.828465342522,120.767280114215,144.933883666992,147.207349961804,0,122.837169211251,61.3477490500798,110.60398660033,152.610013326009,0,130.717437661212,105.562663805021,146.364349759858,179.269918823242,135.170761108398,184.235382080078,0,0,118.574385776315
77.4961438179016,93.3365951884877,114.799895247368,51.6024667865163,12.2484600938878,127.683048248291,78.2466630841246,56.8367097704184,94.0897916662994,24.8816350070339,59.4755364248197,154.107169898781,19.8407832564346,140.9181307148,88.9545800188463,40.0901974825792,35.4161507905157,122.592686004639,163.842511858259,143.415932875413,17.2390492135898,39.0051678995068,28.8919083257667,68.1853512361315,11.3119697733384,113.460842576138,128.512857649061,92.5969875606824,20.7541606564214,83.9363504177739,67.1826064345657,154.978943188985,123.5651883212,68.2349578704189,99.5730588023824,123.270673751831,0,146.717467837863,64.2578568366858,106.444451904297,0,145.672607421875,114.594376881917,139.427516460419,61.368629970107,117.264477469704,189.43611907959,90.7261180877686,172.424184163411,148.108231585959,86.8347068786621,0,179.653428649902,193.736831665039,182.262018203735,102.932787114924,170.913757324219,75.65531035832,164.148183550153,75.640365704472,119.454849243164,187.051951817104,168.573019360739,113.285175636166,139.285554183157,0,0,0,135.632011413574,140.609780811128
0,26.551589418008,100.754985809326,27.5741559646717,0,74.2498168945312,91.6519241333008,179.33708190918,84.2942276000977,99.6677407365504,0,25.9576784037337,0,15.9520435888824,95.7744979858398,0,129.865005493164,56.7036287519667,49.4707467518156,46.5152878732392,0,136.857997894287,71.0325819130712,104.153793334961,113.460842576138,6.63556209659188,39.2374787017947,20.5524961714185,140.343040466309,72.6171742001095,112.803466796875,48.2675668808722,97.5291417439779,105.875415802002,55.4522771353673,0,75.1683006286621,109.39380645752,29.1535768051147,0,0,0,0,0,128.561233520508,0,60.3941669699586,0,48.7684463737285,185.667572021484,0,0,0,77.9210588859789,89.4168210029602,0,0,105.511009216309,190.260971069336,151.247683011569,42.7856881108777,74.4011265527634,75.9387690776915,0,128.680084228516,0,71.8276117297186,0,0,83.7748245239258
109.98814939654,45.7843906924983,32.9930887529442,49.5516071703989,136.955516815186,116.205656178792,157.052763660137,129.327463387032,143.890581560407,116.678100585938,147.923153147978,25.7098189795923,186.842748006185,23.5041529646289,129.233227479759,146.976577758789,108.702569299815,26.4716967549774,25.1299806260982,17.9071326876655,176.552914428711,109.642466768806,79.4978564809163,74.3976738691021,128.512857649061,39.2374787017947,11.1706655874923,31.5239783562015,122.042819220899,98.2784123271977,95.8809556018694,21.6220127199447,108.043699831576,110.235094251424,58.4554510996937,163.745633443197,83.3108659929934,100.357268408331,80.5189530246229,0,185.754318237305,216.322937011719,176.714609527588,194.807525634766,160.518890380859,178.952087402344,103.739701117669,0,87.0145027615608,199.443045982948,219.580856323242,133.785549163818,111.621086561761,102.611327319888,101.78835343421,0,158.575062343052,133.246057722304,154.666026153564,155.575824737549,74.249739387889,94.9535952569327,96.8441779747987,181.661597804019,169.26134595004,154.476905517578,105.877456338648,139.399749755859,151.94048945109,109.719438589303
116.146594867035,34.3597260211812,27.1634951141687,42.0259630767002,143.887854003906,122.543951670329,139.162397841777,96.3399166907034,141.451090720222,104.134498393735,109.859537275498,73.9881082519292,140.160132598877,25.0957323326409,129.94566237906,147.825060064142,31.3531450277659,56.9908199153639,64.8345817632777,71.2970563521702,101.93537902832,61.0683584168378,38.5528289820994,49.7607135304088,92.5969875606824,20.5524961714185,31.5239783562015,14.2236589343107,74.9803077823826,106.327547218226,96.0566737906447,30.417515405296,109.56024201711,106.24904528031,62.8988348410036,170.235436690481,90.5798178410185,93.3655669232305,75.4249799106102,0,0,195.553559621175,166.015815633138,184.498950703939,164.335587819417,168.644159429214,106.384382663629,161.284322102865,96.841376067586,179.937900949032,209.502662658691,126.315507595356,106.809068070245,109.624725729227,108.333408328465,0,134.061742655436,73.7123225757054,109.657920979565,150.941435593825,84.2202350304748,99.6935248764865,98.5793702295511,149.596432264461,177.360013749864,157.638092041016,109.056565672487,0,153.076391220093,109.508005847353
60.3951221939046,117.064822605678,55.6530287240786,58.5357792646457,10.2421422264776,120.090896606445,55.5618589957101,27.3336945840486,74.791485666139,48.8531595324146,18.5786648143033,138.060293515523,38.3679428952752,149.310389948826,67.9684073604755,66.8046200434367,47.2246656167976,117.284659803332,166.582633972168,141.23852259318,29.6002060686024,21.963693918996,54.9321786517886,44.9104946487637,20.7541606564214,140.343040466309,122.042819220899,74.9803077823826,9.65288469676205,72.9842616120075,41.3436897747367,158.241785551372,118.245653252853,54.6861422528307,69.9107909215592,134.914705276489,163.768707275391,154.196245727539,66.4894719156278,106.476326599121,0,152.574920654297,110.016501888152,149.938794877794,68.0613139742897,130.126915825738,193.134399414062,114.50710067749,0,146.001906947086,103.056680297852,148.632793426514,165.447601981785,215.59108988444,191.700202941895,113.235101018633,141.932929992676,71.8981342697144,146.316784143448,88.3021220509731,194.019449869792,186.430392097024,161.651394266478,117.71426994687,142.338695949978,111.901916503906,218.920684814453,180.756729125977,146.696194458008,147.555499485561
14.0888063483564,94.6263622484709,88.3588918994529,81.3919327802571,99.6122790795785,18.8497041347203,30.1978156413251,46.0057296123133,19.9850485505683,68.7904706043331,76.2409547770119,57.9915285357598,94.5917251586914,73.2070056573668,15.5149940359074,70.795804457231,125.392654418945,88.8053944888934,84.8145611170028,94.2489745426541,91.2124860677733,70.2721538031661,111.142540043798,77.5156603938401,83.9363504177739,72.6171742001095,98.2784123271977,106.327547218226,72.9842616120075,9.36372909875322,31.5116139542531,99.7810376167297,14.91569279659,14.9417814881023,31.6484279166252,158.761093139648,221.023010253906,155.209856033325,96.6812432812106,145.919901529948,0,163.310516357422,148.590724400112,160.463312784831,98.5432411540638,0,97.5030517578125,108.631139755249,149.807823181152,167.489639282227,0,201.247863769531,175.519581794739,134.258219401042,147.173266601562,106.019205093384,110.577499389648,96.8226803370884,160.463865661621,139.263996247322,141.963012695312,139.527975006104,149.880769856771,143.320611063639,175.860260009766,144.559616088867,129.013397216797,0,0,156.435267448425
27.4103803114448,93.4704736073812,63.7950394347747,55.4554421450116,94.0064697265625,100.566947937012,86.5501262119838,17.8835257085648,72.3498085155043,54.2484863149709,80.8608597302046,92.5370070513557,132.049787521362,136.843988418579,49.4463194491525,0,75.8654727055476,70.5950789518057,106.245388818166,88.4521883461692,0,27.3722706867133,55.8536448287964,43.8371657167476,67.1826064345657,112.803466796875,95.8809556018694,96.0566737906447,41.3436897747367,31.5116139542531,9.67440382772921,136.055041503906,122.089670817057,34.0774509666821,41.0465740074936,0,0,129.674076080322,67.6604017960398,166.008102416992,0,0,114.28466796875,194.239288330078,71.2055239677429,117.195129394531,155.825729370117,0,0,139.157188415527,0,0,152.632415771484,176.333633422852,147.885498046875,0,0,70.5402792023449,144.94484351663,94.8534088134766,160.781768798828,148.954255421956,153.048968844944,111.354994455973,138.313255310059,120.116661071777,0,0,0,141.596605936686
159.941348266602,62.0343697455622,88.9339489968407,75.6682026454381,0,102.782168579102,174.848976135254,161.025249280428,164.77081044515,129.513042534722,178.451943969727,31.3332822006278,207.850616455078,10.5179257199103,166.366078948975,0,149.019760131836,85.79721996702,54.4089308836022,66.1858525122366,0,144.52240117391,102.198601826583,113.747296832857,154.978943188985,48.2675668808722,21.6220127199447,30.417515405296,158.241785551372,99.7810376167297,136.055041503906,7.64879476544549,99.2445755004883,131.348847961426,74.3763904649384,0,121.390259878976,170.530624389648,80.811472343676,0,0,0,0,0,151.308609008789,0,103.180226367453,0,90.5839064192064,0,0,163.754821777344,141.56494140625,106.092501370412,121.284650421143,0,209.656135559082,130.021764119466,180.86882019043,189.901685078939,77.4773344850826,106.967316887128,114.175103668773,212.462478637695,0,0,105.393738079071,0,156.992324829102,125.146048227946
63.8310713768005,0,151.070722852434,116.493635177612,136.968427022298,7.75911785357307,16.4325299478629,112.169160281911,14.7771435304657,112.719949895685,111.916789499919,63.631490995144,127.37463537852,73.9653404069984,13.3050180838491,34.4096758100722,0,163.646503155048,89.8716634934948,109.094257153963,125.255958557129,122.812126159668,0,145.23573811849,123.5651883212,97.5291417439779,108.043699831576,109.56024201711,118.245653252853,14.91569279659,122.089670817057,99.2445755004883,5.66647297775165,0,36.3637053920798,0,0,0,140.32682800293,0,0,0,0,0,118.446846008301,0,157.739280700684,0,0,245.869689941406,0,0,0,0,0,0,236.4111328125,0,0,198.596466064453,0,128.585599899292,158.107204437256,0,0,0,0,0,0,0
36.2149973238929,101.879627990723,95.5709490389437,60.7908680855282,89.0938933587843,66.111442565918,84.7739148139954,50.725602138844,99.8533826996298,53.1274391990347,66.9014270322543,89.6296131812449,87.3460718393326,183.255966186523,56.7566511983829,83.5752487182617,79.9983531406948,82.7400747564341,107.318715201484,92.9851930249375,85.3309328802701,50.4546463884265,59.0314595292254,64.6252691370681,68.2349578704189,105.875415802002,110.235094251424,106.24904528031,54.6861422528307,14.9417814881023,34.0774509666821,131.348847961426,0,7.92067397150058,37.4437178126725,0,175.177825927734,136.211723327637,75.2829757358717,0,0,0,119.334517161051,146.391372680664,75.7913131713867,201.168914794922,0,0,237.836196899414,147.928527832031,0,178.653762817383,180.578241348267,0,162.688758850098,105.295509338379,0,65.9529140696806,196.926284790039,107.787924024794,0,172.526458740234,165.405343532562,123.888276100159,165.62043762207,105.078895568848,0,0,0,0
77.7988970704781,54.3322793955565,60.3984249197619,58.2917650960397,98.5661021641323,31.9357420284155,60.4985754885481,72.1179593531406,49.7451643740484,76.1145240154463,83.3518910842645,26.9105802522051,94.2987827226227,51.6966679890951,44.9257592193792,45.3011335226206,87.9975345740884,35.7315279527313,56.7234294521275,39.4055006769945,91.4889373779297,43.6838029424733,65.91708076075,43.6119600271779,99.5730588023824,55.4522771353673,58.4554510996937,62.8988348410036,69.9107909215592,31.6484279166252,41.0465740074936,74.3763904649384,36.3637053920798,37.4437178126725,10.7443664030428,0,98.1903201832491,101.635326878306,84.5274327364835,124.311855316162,0,192.420021057129,151.839363685021,197.752947126116,94.2883436029608,157.793095179967,128.180303573608,120.992192586263,100.164894104004,186.321217854818,0,119.095862070719,113.40499588751,125.201850891113,120.379608545548,139.357521057129,131.473348345075,79.6232029682881,120.380211338852,138.982163747152,106.114791870117,114.730810100849,109.030306226826,153.413876124791,176.587047031948,161.384043884277,135.224565887451,166.294082641602,0,118.469874613994
0,0,152.353523254395,86.3168318006727,154.72688293457,0,163.981948852539,0,0,0,0,0,138.060440063477,0,166.673324584961,0,0,160.208638509115,0,186.561107635498,197.215187072754,0,0,170.22829691569,123.270673751831,0,163.745633443197,170.235436690481,134.914705276489,158.761093139648,0,0,0,0,0,10.6980954604246,114.913402012416,104.021099437367,66.7294729202513,73.9081521715437,64.6872062683105,85.4073425928752,25.1406350997446,36.8623757146602,61.2513884264183,49.6779185109794,124.590709630181,81.9507590399848,141.318652759899,12.5834696645348,85.1382497151693,94.5858612060547,91.7659491844548,120.914185138459,113.706810792287,89.8483795166016,81.9747521046842,83.0809907095773,91.0629220420932,69.541516660734,125.198863220215,116.262277827825,122.07401500278,76.4526921742922,14.5493248741768,15.1585839348378,148.342514038086,80.3427543640137,30.2627361529043,64.5343852617231
0,89.4422607421875,78.1328268051147,67.8838185530443,0,0,0,148.383460998535,200.649703979492,195.040588378906,0,85.049747467041,0,89.4266653794509,0,0,0,92.9238329667311,119.945120675223,101.469735422442,0,0,144.333920796712,99.4139826456706,0,75.1683006286621,83.3108659929934,90.5798178410185,163.768707275391,221.023010253906,0,121.390259878976,0,175.177825927734,98.1903201832491,114.913402012416,7.04250143810976,41.298707037979,28.5414788916828,0,0,0,118.264962090386,149.182911682129,81.9538618413414,124.96960144043,70.1866331503425,0,53.229938101892,127.558185801787,108.387939453125,74.4358787536621,56.1512813457437,72.2435715472112,56.657225097252,0,107.047391451322,15.435558750346,73.925784124087,92.8237619753237,25.5853833716313,53.6021898994669,30.2400802059632,131.124133110046,123.009872913361,106.575849432694,68.3636046858395,157.093116760254,0,60.930532945527
180.677520751953,85.0753985318271,87.1340824398187,56.8181815423827,0,212.694763183594,191.29704284668,155.897404988607,175.109253732782,181.700714111328,170.481449127197,130.892335510254,0,143.461764526367,165.860910797119,0,139.808113945855,99.709566953606,152.587115478516,121.394831975301,0,135.307957042347,79.8465980138534,101.617915080889,146.717467837863,109.39380645752,100.357268408331,93.3655669232305,154.196245727539,155.209856033325,129.674076080322,170.530624389648,0,136.211723327637,101.635326878306,104.021099437367,41.298707037979,11.1430520554015,46.0859746839025,128.060305143657,164.06635538737,123.258417653229,84.5143514976576,115.05578539393,105.593772315979,100.696047927578,97.0667050679525,117.362874984741,84.9435043334961,116.340441946777,132.435677528381,72.6067761993408,46.4462134603919,94.9096395803052,75.6881449602652,108.400295257568,61.3006159461085,44.8079825708689,27.2671020589781,99.4413247323251,88.923837515024,30.1183443034413,24.0153195078493,82.2998854737182,128.135481254239,113.02303637629,92.0170482288707,173.05082321167,123.176621286493,73.4392935604973
74.7643127441406,61.3963295618693,76.3062733870286,17.6150622045994,73.4532609419389,141.779037475586,94.0932250976562,82.4670346577962,103.192094326019,63.7611820399761,83.4095701329848,58.1186392235033,109.21129989624,44.3064483809551,97.4455775599326,51.3440971374512,64.9905384608677,105.977809221317,109.521091779073,83.5458404787125,70.8208113776313,62.349360148112,83.9157588298504,69.2917597664727,64.2578568366858,29.1535768051147,80.5189530246229,75.4249799106102,66.4894719156278,96.6812432812106,67.6604017960398,80.811472343676,140.32682800293,75.2829757358717,84.5274327364835,66.7294729202513,28.5414788916828,46.0859746839025,13.3728502561911,35.6743682861328,79.4485855102539,102.046055035713,53.4740239345073,90.6243861036481,26.7803405894608,84.0051013616126,56.6450421682218,57.0680020650228,28.3412129230444,85.2277618837563,38.7900223731995,37.091083156271,57.2156094163275,67.3732937219981,59.3030377341451,67.3145572117397,59.011560852711,42.7738730260881,49.5458139599865,39.1105356890187,28.0985077142715,49.3566757695558,39.8644406209991,55.9803387854124,80.5547680936118,59.7072969137189,62.2263112618373,136.827496846517,70.921592158656,63.7734867842881
0,0,0,92.7680110931396,108.69296836853,0,242.972640991211,105.213081359863,114.811866760254,140.117553710938,135.92196219308,0,32.3363132476807,0,149.231246948242,0,0,0,0,218.273742675781,20.1316402608698,0,0,0,106.444451904297,0,0,0,106.476326599121,145.919901529948,166.008102416992,0,0,0,124.311855316162,73.9081521715437,0,128.060305143657,35.6743682861328,6.44027416175462,140.763900756836,72.5547947078556,90.0308930533273,89.5835003473062,33.0066080296293,13.0095803671316,0,21.1732004208087,0,95.1276032642652,66.1863765716553,42.6302795410156,124.638062795003,0,163.877059936523,9.90967991842446,159.258110046387,59.8358899630033,137.394381205241,11.6963373852881,126.33634185791,144.645350138346,104.845433161809,13.6882929405352,93.878047604031,0,0,156.122055053711,74.7869004143609,96.34189049857
0,0,0,0,0,0,0,0,0,0,0,0,0,149.095703125,0,0,0,0,0,0,0,0,0,228.576904296875,0,0,185.754318237305,0,0,0,0,0,0,0,0,64.6872062683105,0,164.06635538737,79.4485855102539,140.763900756836,6.18736452692758,8.2528274446407,119.689088821411,14.794314327863,51.5820668538411,98.9723587036133,56.8173135334235,74.7607322692871,72.0896511077881,29.8769330748593,13.1771146044647,0,0,88.9042077315481,89.0797932942708,0,0,0,0,128.008681403266,81.5231437683105,119.707900047302,109.809288024902,129.028016310472,22.4775583489691,0,90.9865036010742,11.000258027111,75.8864593505859,27.8157323975438
0,0,180.75532023112,112.986845016479,131.77326965332,0,169.946655273438,0,160.259033203125,0,148.47163772583,0,72.7806243896484,0,0,0,0,216.988286336263,0,224.093475341797,0,184.88117980957,0,168.964513142904,145.672607421875,0,216.322937011719,195.553559621175,152.574920654297,163.310516357422,0,0,0,0,192.420021057129,85.4073425928752,0,123.258417653229,102.046055035713,72.5547947078556,8.2528274446407,7.96552048040906,61.2465055544514,12.8863149636562,57.616947620473,25.9467193556826,64.5922193487319,19.9752139308513,100.114630959251,33.2005549958447,10.6829735417059,147.270652770996,133.151958014375,98.5669819758489,136.058448791504,47.8374473571777,116.937048985408,121.963232358297,111.941812744141,68.4781421459082,112.295698165894,143.107797398287,136.542602312447,69.9655880860334,28.4492420971262,101.206620467337,95.9073791503906,14.1820046672397,109.682731628418,34.6664548222224
