8.53764321009101,95.3447570800781,87.0994390740114,64.0207753767047,68.1499879771265,61.5604827880859,34.220258102417,33.2979855918231,12.1875106512094,41.310832099577,29.5674603043533,110.663245114413,30.2025128650126,155.860488891602,8.26491545249433,28.7138850332677,0,101.871575944879,126.909362792969,132.076627557928,72.6214316368103,68.0051595842516,60.4420973125257,53.8087517478828,50.1430102040691,0,119.656479228627,118.050317872245,40.8216165664524,9.28536909700844,18.4904953552038,124.979598999023,70.7774215698242,18.0593182227354,69.1823390225569,155.015747070312,106.711288452148,148.951669692993,97.3561987876892,0,0,162.902308146159,112.144760825417,156.21555074056,58.2665557861328,165.889205932617,0,0,0,143.550608317057,0,108.93705204555,158.130947113037,0,187.851364135742,0,0,77.8833274841309,132.640682220459,107.548454793294,0,163.55224609375,161.273147583008,116.007089278277,135.461293029785,122.239264748313,0,201.139541625977,0,134.089846293132
95.3447570800781,9.34907896579364,35.7458323077241,16.6649314926248,0,0,83.8752212524414,108.509333292643,110.65859858195,56.4435432052612,80.6110153198242,65.9412175346823,0,55.7448229605322,134.919444274902,0,66.4472174750434,49.6764655781253,75.1961606343587,64.8974414985871,0,78.8185436672635,15.7729388913515,58.8074934596833,81.6501933938206,27.8812406133203,49.6988280755502,28.5899166666222,88.855048444536,94.2745141983032,95.9927354292436,69.6902134002201,130.517827351888,0,54.5102675465627,144.08080291748,48.4276888711112,76.8040151481169,53.7610441023304,0,0,0,168.399017333984,0,0,0,104.303548812866,0,117.222236209446,0,0,103.621688842773,88.792330839196,105.011054992676,93.2120609283447,0,168.564361572266,59.1759634017944,85.6735158920288,0,69.4451923370361,84.5536726827675,86.8396677061569,127.834756851196,125.858665466309,114.802698771159,115.30971636091,0,0,88.2702583736844
87.0994390740114,35.7458323077241,12.2704538810606,39.4086408718773,127.429162979126,164.25456237793,116.963414771535,81.3323093625101,111.109765521966,89.1405448913574,99.0612672504626,79.2589269766778,114.908014569964,86.8191919326782,113.152976868645,114.982092050406,73.7189183235168,40.4637072873296,88.5141313726252,64.3095600448228,147.856094360352,68.3287275733017,33.2965821176355,25.3788171394577,81.9852187593104,58.7527364095052,33.0490100075153,18.2952499783739,67.8860993096739,83.2080619723298,67.2142199667526,88.8426404121595,150.197352091471,91.155465518727,51.6154967857295,141.709871292114,64.5688715352641,83.9110034787463,57.5477178727073,0,220.958129882812,0,143.798235039962,178.370936075846,0,173.84504699707,121.053119659424,0,131.717803955078,152.149124145508,183.036415100098,123.091822306315,101.304673857407,139.271413167318,114.521107717661,0,113.35071182251,64.4109078122858,94.7680849879043,133.579120982777,102.031097412109,96.3936672267291,89.9433895429832,129.332562676791,161.034814314409,123.489817680197,126.270629882812,0,167.906150817871,99.6706973775228
64.0207753767047,16.6649314926248,39.4086408718773,15.6775507689265,54.1119401583108,110.727832794189,79.8316179631831,55.0140319336626,72.2599598292647,8.63544921623395,63.9277098698402,63.3850814274379,62.9170748611976,42.6019099333105,84.4392845662435,61.1382447411032,71.5275593925925,54.4951491555015,68.7393998040093,59.504694117332,71.1143176555634,79.3400938452744,29.7756036845121,53.9393925168621,36.4715045336749,19.7872506195311,45.9725015656131,39.9351195846971,45.1595825850549,69.0929148314429,56.7596638279576,67.7678630564472,106.789251708984,55.4659327065072,64.2077561620635,113.107320513044,13.3744009048381,50.5861250915527,14.4016664965769,75.7602233886719,0,109.375615119934,83.5916297015022,125.921408653259,60.4778334299723,103.963886260986,58.9623564015264,97.4214630126953,43.8481702971877,113.905791542747,0,88.440686861674,69.5807028400655,79.7568224952335,77.7171925996479,0,97.2799741304838,76.2073883480496,80.8473052978516,71.9432902702918,23.6052046137036,66.2754896063554,57.9406957063854,83.8573936834568,84.8760452270508,89.3112980235707,66.7368899027506,0,72.6847991943359,75.1697493659125
68.1499879771265,0,127.429162979126,54.1119401583108,7.4074676048515,115.263557434082,59.7588685898554,29.8053909417507,76.7184522956081,49.9377971104213,17.2981938909748,137.267074584961,24.4064319081078,0,87.0788188568533,70.2420699596405,116.715431213379,150.212387084961,0,0,10.7059331297188,94.3487167358398,72.1840343475342,122.60013961792,16.2110377208372,0,137.77149810791,98.575927734375,10.8138080380199,71.061915428276,65.5306107016171,0,122.59058380127,60.6733247375488,76.2786170822418,117.4775390625,0,0,73.9641971588135,11.4342195987701,0,155.078564537896,110.755416031722,139.998281999068,77.7160613165961,126.746310520172,0,34.3517556522466,0,145.664880232377,143.438638687134,0,185.875305175781,0,0,11.4376143027996,143.883331298828,105.92254486084,161.730728149414,103.660164819406,0,0,202.349975585938,114.621176154693,144.419037501017,108.017803192139,0,0,134.176136440701,131.288870591384
61.5604827880859,0,164.25456237793,110.727832794189,115.263557434082,6.7192326161474,17.2883625231349,95.3310317993164,16.6548989674466,0,94.9367286419046,55.053543880068,94.1545488694135,85.9200789133708,21.8403573215691,13.8171677282941,80.2725830078125,86.1886253356934,0,75.5287475585938,107.183555603027,98.7920761108398,94.7385787963867,113.321331977844,102.053588280311,83.8269500732422,97.0115684509277,119.187765757243,103.138789367676,18.969484539859,92.0391362508138,0,9.21265959669699,54.8798027038574,30.0941990575483,0,0,0,0,0,0,0,0,0,0,0,0,0,0,0,0,132.891174316406,0,0,0,0,0,106.971110026042,0,168.249053955078,0,0,0,135.37255859375,0,159.140869140625,0,0,0,0
34.220258102417,83.8752212524414,116.963414771535,79.8316179631831,59.7588685898554,17.2883625231349,8.38684806900907,53.1035219686477,14.3435312739373,74.0239360244186,23.2025104078474,64.9398390593352,14.8257917802158,102.266827670011,24.6740390641424,12.0366530748441,113.055339813232,118.858892552993,100.190704345703,102.343891859055,45.6405348246134,94.9871889750163,77.8053492909854,85.0016065060514,55.7467519618288,0,143.577963426378,129.096890222459,69.3798927570846,32.431364388974,70.5569394130333,104.906860351562,23.4542883777414,62.1680086898804,39.3672361622532,160.854057312012,0,148.739646911621,108.818939208984,69.5180549621582,0,168.718716212681,129.970338904339,167.223535391001,111.888781229655,148.876115972346,0,118.87375831604,0,159.500165666853,0,127.863492329915,0,0,193.588241577148,151.871170043945,129.154819488525,96.7566833496094,159.793146769206,132.307039981418,0,180.019538879395,0,136.997608122278,160.293646850586,130.2193875994,0,0,158.667007446289,150.864461263021
33.2979855918231,108.509333292643,81.3323093625101,55.0140319336626,29.8053909417507,95.3310317993164,53.1035219686477,8.71279923145488,50.7523355377403,44.6640827455593,14.1518276028902,136.274763319227,38.8195483433356,139.657271248954,58.957466765832,59.5643718218563,52.8663828713553,113.44018067254,0,154.888440608978,66.811951485233,55.6004309446915,58.1913024144815,52.048453785743,40.9802550395866,0,115.665511659417,93.6401928786205,15.6315940942,27.0427984700595,13.5092734780095,145.470329284668,103.074610755557,42.3447475498491,61.9192638012326,115.58933951638,179.265991210938,143.477545166016,67.6247633525303,149.684715270996,0,137.146926879883,102.829401056817,141.589310250631,89.7143899423105,123.558661990696,220.255355834961,136.650806045532,0,133.558044910431,143.212167739868,110.302177429199,162.190770467122,0,179.214775085449,157.732236862183,128.46118927002,74.5500643412272,135.525449579412,104.29940327291,0,157.896725463867,155.391280651093,111.864401488469,138.224980914404,112.951472889293,0,0,119.732283852317,130.190447398594
12.1875106512094,110.65859858195,111.109765521966,72.2599598292647,76.7184522956081,16.6548989674466,14.3435312739373,50.7523355377403,10.6724987173697,66.6937519011459,23.7764230346959,67.3542484850497,28.9115641726956,96.2948726109096,14.3127694395419,24.7840764780884,90.442951965332,120.521317672729,94.4417196001325,102.114241600037,74.5552439235506,87.4444897795377,82.1383110914773,76.2060430052463,56.8208728468665,67.5280818939209,130.592009339152,128.12852969028,64.0893120312583,25.5497838062275,59.8738494313749,136.559563446045,18.5057401882163,62.4480955704399,50.3860626342501,136.938569641113,121.624824523926,166.006412159313,82.3463891347249,108.363708496094,190.455154418945,159.476348876953,127.373423532339,150.14110138837,103.608995437622,136.320917191044,217.791473388672,151.100640433175,0,158.651169516824,153.903384399414,137.823125839233,198.09315999349,0,141.793968200684,166.526473999023,152.198997497559,105.680422026536,150.654015974565,125.345282956174,0,183.996356201172,175.114665440151,131.124033215402,153.663274298774,135.192059392514,0,203.108406066895,154.507430485317,149.196581060236
41.310832099577,56.4435432052612,89.1405448913574,8.63544921623395,49.9377971104213,0,74.0239360244186,44.6640827455593,66.6937519011459,7.68076486609667,54.6559232050373,99.1777877807617,14.7543476724207,103.782709030878,76.4924057854547,17.5720959238885,39.8929932912191,145.920150756836,0,137.903549194336,51.7630923742271,62.2100807825724,12.1340110160787,60.99062568263,18.1851444014533,95.4916312808082,122.974466323853,95.6278460820516,39.6325524487394,62.1366365927237,45.0994197557557,121.852180480957,111.002741495768,54.7750727709602,53.2981770004051,126.186225891113,0,105.070724487305,19.6466815321069,93.3147042592366,0,114.361055374146,78.2427927214524,114.603477478027,48.8965234329451,108.078260375232,0,76.8336667378744,0,118.664108276367,100.213563919067,71.9690551757812,0,0,0,100.035628182547,0,49.3286870320638,86.6350479125977,71.4315406012592,0,0,150.761926269531,85.3209062517707,111.930211117393,87.4812060269442,0,0,119.204991149902,103.513456980387
29.5674603043533,80.6110153198242,99.0612672504626,63.9277098698402,17.2981938909748,94.9367286419046,23.2025104078474,14.1518276028902,23.7764230346959,54.6559232050373,8.85029697470632,129.647346095035,24.1913493638737,152.543298339844,33.5646606811034,57.1941386778143,58.3783912658691,142.630449182847,0,151.145296732585,17.4302752529412,71.5877257029215,85.2456154745133,75.473332955287,39.0314742654664,0,134.36670906313,114.607383207841,19.2422489594788,63.426764575194,54.6489884704351,184.02872467041,99.5917232882592,60.7872471703423,75.8530124420445,138.717473711286,0,182.901962280273,78.3307666072139,102.349841952324,0,149.873241424561,116.838780549406,155.30721105848,84.8175690109665,140.366477316998,0,83.0946459977523,0,150.552047729492,143.109983171735,117.928016662598,186.919952392578,0,0,148.929204813639,200.051910400391,97.8440004984538,145.851470947266,120.469795718723,0,0,171.915306091309,127.819216278658,153.80060315488,135.426536961606,0,204.11344909668,146.914588234641,142.847672928211
110.663245114413,65.9412175346823,79.2589269766778,63.3850814274379,137.267074584961,55.053543880068,64.9398390593352,136.274763319227,67.3542484850497,99.1777877807617,129.647346095035,12.070099704631,113.327412923177,24.5483384854106,64.408839131884,101.891894817352,123.394217173258,50.5405738371503,23.1849708590109,28.4465213598701,129.273300170898,80.7609371003651,95.7654820194951,75.2588483709393,124.544169955783,28.3307308197021,27.947040431185,62.3089634991256,129.568765004476,45.7615407116008,95.7496450993053,35.7716642084334,57.8237522809933,96.510685191435,27.8070332490147,0,113.871655782064,127.101726531982,116.969853083293,0,0,203.195663452148,180.659332275391,198.040008544922,0,212.627891540527,90.8650634200485,0,81.2156322680022,0,201.515319824219,188.95839436849,137.294286727905,94.0157202148438,110.745371666507,0,0,116.270544052124,140.991441345215,184.794532775879,67.8299729483468,99.3459513701929,100.960233451225,186.434611002604,239.021194458008,182.461380004883,95.3678202311198,155.677001953125,0,124.026398835359
30.2025128650126,0,114.908014569964,62.9170748611976,24.4064319081078,94.1545488694135,14.8257917802158,38.8195483433356,28.9115641726956,14.7543476724207,24.1913493638737,113.327412923177,8.59844470737176,161.062854766846,74.9664030588261,13.3361122624594,74.2592887878418,130.227325439453,167.86693572998,168.155960083008,15.1940567747671,81.0156555175781,54.5272693260043,109.496799122203,26.3529342510394,137.874282836914,141.783975873675,120.728916592068,41.1520238349028,73.1474127757212,85.2354653676351,132.173065185547,95.8188723902549,65.3630785260882,72.9774177074432,134.280420939128,110.065307617188,0,63.9483301499311,56.4529384613037,0,165.609234619141,119.955198742094,152.974538167318,72.1131417410714,90.120325088501,0,8.05456441831112,0,149.21107228597,166.519477844238,106.480792999268,0,0,0,44.3306697739495,0,107.394773483276,147.119037628174,94.6203211887627,0,0,0,119.453216838837,158.26491800944,122.570299784342,0,0,195.743347167969,156.669016156878
155.860488891602,55.7448229605322,86.8191919326782,42.6019099333105,0,85.9200789133708,102.266827670011,139.657271248954,96.2948726109096,103.782709030878,152.543298339844,24.5483384854106,161.062854766846,7.65373082076881,89.5181477864583,95.3846817016602,113.563326517741,93.8005820910136,46.329576673664,58.825409589951,153.682037353516,115.838695526123,80.5063696594238,104.545726231166,139.577731132507,14.227378736075,37.2971856147712,40.4703502645497,139.265717139611,78.6333824744591,144.924683707101,9.44002597500949,84.5267791748047,0,66.4988956504251,0,115.507118770054,126.645050048828,109.181797429135,0,0,0,201.140327453613,0,0,0,86.4678577423096,0,72.8586821286184,115.777114868164,0,184.547348022461,147.851152208116,93.2271132598052,98.2399252814216,0,0,127.987247467041,128.302973429362,200.027267456055,69.1182635114601,94.7467066338722,95.9750852409481,0,171.013408660889,165.272160847982,96.3999341328939,0,0,102.101003602494
8.26491545249433,134.919444274902,113.152976868645,84.4392845662435,87.0788188568533,21.8403573215691,24.6740390641424,58.957466765832,14.3127694395419,76.4924057854547,33.5646606811034,64.408839131884,74.9664030588261,89.5181477864583,6.85590668275884,24.3263242353762,72.3088912963867,121.704302469889,97.1843414306641,104.849324544271,83.5713530934375,91.3231364519168,79.7085879840682,78.7767748974083,69.1521058664977,124.80712890625,131.962627792358,123.969643165325,77.0215297763267,15.1730963732557,42.9627018914159,104.661209106445,15.617312349224,23.2993183645583,45.1461583213806,158.675804138184,0,151.99584197998,97.9908419522372,77.2257652282715,0,177.030905587333,144.463178194486,172.033930691806,109.699951171875,154.86719923753,0,152.46031665802,0,157.853754997253,0,125.343753814697,0,0,0,169.574340820312,133.362426757812,107.629263401031,159.001046074761,135.113591474645,0,117.622978210449,174.561392211914,135.623238881429,165.739228021531,134.695774736076,0,0,131.481180826823,151.408031629479
28.7138850332677,0,114.982092050406,61.1382447411032,70.2420699596405,13.8171677282941,12.0366530748441,59.5643718218563,24.7840764780884,17.5720959238885,57.1941386778143,101.891894817352,13.3361122624594,95.3846817016602,24.3263242353762,7.65579076841571,60.4196624755859,123.211519877116,0,162.052780151367,57.0324220004147,92.1637496948242,57.6625118629605,83.0065734863281,41.2969775768955,0,118.228280203683,111.452611287435,67.7689988593093,30.7485897512088,64.4280116383622,114.747497558594,32.2991850470419,80.4576975504557,24.6664042339645,0,0,0,52.3045791625977,0,0,133.161794026693,113.889242989676,169.443290710449,74.4465135846819,105.826942443848,0,0,0,161.352297973633,216.128372192383,0,0,0,0,0,0,99.83673731486,132.200206756592,98.7143724986485,0,0,199.10221862793,117.446244376046,166.984603881836,107.872550964355,0,0,144.397842407227,144.53173828125
0,66.4472174750434,73.7189183235168,71.5275593925925,116.715431213379,80.2725830078125,113.055339813232,52.8663828713553,90.442951965332,39.8929932912191,58.3783912658691,123.394217173258,74.2592887878418,113.563326517741,72.3088912963867,60.4196624755859,11.4612111546593,96.2234708345853,0,108.521671840123,147.98664855957,9.65928820968548,37.2197682260102,9.1966888787059,23.4409916799308,104.155502319336,101.714072511907,20.5711069911526,18.7958089886402,58.1772531781878,37.3969158861372,124.753041585286,0,37.7624537944794,62.4301393792984,173.442413330078,78.8332061767578,105.222191916572,87.0429077148438,0,0,131.889225006104,76.9741973876953,0,0,0,0,0,0,0,0,45.5029552317111,138.140477498372,0,145.41047668457,0,98.2600281579154,51.1961421473273,91.8871961102557,110.31761932373,0,129.860008239746,121.970402110707,86.4383539835612,0,88.1500605707583,171.492279052734,0,0,103.283206176758
101.871575944879,49.6764655781253,40.4637072873296,54.4951491555015,150.212387084961,86.1886253356934,118.858892552993,113.44018067254,120.521317672729,145.920150756836,142.630449182847,50.5405738371503,130.227325439453,93.8005820910136,121.704302469889,123.211519877116,96.2234708345853,9.02154517920374,50.2358870650783,25.5671772809386,199.979019165039,44.9872846349885,79.4871391519143,20.0630733021965,106.150430791518,61.1923473358154,38.9465893027245,59.2348668214334,105.804586122202,77.4050195128829,62.3731552294407,86.6862478637695,111.839202880859,80.8959159851074,34.9795892219277,158.919044494629,91.7882525920868,99.2403753551319,77.8932089734433,0,140.248413085938,0,158.065013340541,187.977890014648,0,163.778045654297,130.507002694266,0,147.317855834961,203.755177815755,0,132.393193171575,110.314018289248,152.750282287598,120.236341370477,0,126.152064983661,90.4396953582764,115.270549885278,161.002340698242,155.168100992839,104.122341416522,106.74161749371,148.703031539917,173.987152099609,118.595710754395,120.039283752441,0,145.060699462891,110.201110472162
126.909362792969,75.1961606343587,88.5141313726252,68.7393998040093,0,0,100.190704345703,0,94.4417196001325,0,0,23.1849708590109,167.86693572998,46.329576673664,97.1843414306641,0,0,50.2358870650783,6.6396809088513,14.3206042105703,161.116973876953,106.950939941406,96.3124198913574,90.7303881645203,0,49.68208984375,25.4465316124466,60.441775479524,144.211536407471,75.1483144306001,102.989638010661,51.1974639467147,94.3196697235107,0,62.2076907205741,219.260345458984,0,137.745895385742,148.393753051758,0,0,0,195.734710693359,0,0,0,104.46482779763,0,94.9090915256076,0,0,0,147.418930053711,109.482711791992,110.92235475428,0,0,0,174.47811126709,0,76.3672649676983,100.55674071061,108.208697971545,0,0,0,111.203786214193,0,0,119.884427388509
132.076627557928,64.8974414985871,64.3095600448228,59.504694117332,0,75.5287475585938,102.343891859055,154.888440608978,102.114241600037,137.903549194336,151.145296732585,28.4465213598701,168.155960083008,58.825409589951,104.849324544271,162.052780151367,108.521671840123,25.5671772809386,14.3206042105703,9.39743617159789,167.44189453125,84.4957953079887,94.6210812886556,72.4727999180555,133.88918195452,50.8150548545682,28.5674534957526,62.4781304210758,125.562229743371,79.0593007170124,94.3420043218703,59.5188374690872,84.3902370929718,87.660093943278,44.1572091514498,0,120.583326067243,123.750987158881,86.4822008537524,0,0,0,0,241.781478881836,0,0,116.678044936236,0,122.287475987485,0,0,143.875518798828,131.095664705549,107.26545160467,115.45483251501,0,147.772374471029,145.317985534668,134.361743633564,182.7119140625,91.8870413364508,105.671142305647,109.631521416757,0,0,169.391494750977,120.155525539232,0,0,118.476258414132
72.6214316368103,0,147.856094360352,71.1143176555634,10.7059331297188,107.183555603027,45.6405348246134,66.811951485233,74.5552439235506,51.7630923742271,17.4302752529412,129.273300170898,15.1940567747671,153.682037353516,83.5713530934375,57.0324220004147,147.98664855957,199.979019165039,161.116973876953,167.44189453125,10.4189121553018,0,93.5722272396088,128.220940329812,21.6218408917552,144.69548034668,178.633369445801,166.938135782878,20.8543143397477,73.1665250586454,105.524159113566,0,118.324614091353,68.829690700624,77.7670958669562,180.898452758789,0,0,74.5752487182617,10.2925374026974,0,146.486755371094,126.546547444661,179.756535847982,79.2342677646213,135.034630775452,0,15.0278176734614,0,149.978294372559,0,138.432151794434,0,0,0,5.60868357209598,177.971000671387,121.156574249268,156.379597981771,118.282624194497,0,193.210479736328,0,129.924135694317,136.787956237793,144.724934895833,0,0,0,148.94377746582
68.0051595842516,78.8185436672635,68.3287275733017,79.3400938452744,94.3487167358398,98.7920761108398,94.9871889750163,55.6004309446915,87.4444897795377,62.2100807825724,71.5877257029215,80.7609371003651,81.0156555175781,115.838695526123,91.3231364519168,92.1637496948242,9.65928820968548,44.9872846349885,106.950939941406,84.4957953079887,0,7.92715809329971,37.0537574078209,20.8200717505602,8.08540020248164,0,88.0056336476253,59.036239495554,19.0089330858125,17.2849599877182,17.9948191332508,146.89498647054,114.481311798096,23.4225651713518,38.3050760569807,119.56409072876,0,115.405048835568,76.920431137085,0,0,132.723117828369,103.007417678833,173.912376403809,58.0200042724609,0,0,0,0,136.361610412598,123.379053751628,99.646884971941,137.269247055054,0,144.12587483724,0,103.684799350038,61.0138326052962,97.8243184927553,100.899893188477,0,136.870736694336,125.189619912042,95.3424153945025,126.611452738444,97.9506956179571,0,0,109.003256988525,103.806524433073
60.4420973125257,15.7729388913515,33.2965821176355,29.7756036845121,72.1840343475342,94.7385787963867,77.8053492909854,58.1913024144815,82.1383110914773,12.1340110160787,85.2456154745133,95.7654820194951,54.5272693260043,80.5063696594238,79.7085879840682,57.6625118629605,37.2197682260102,79.4871391519143,96.3124198913574,94.6210812886556,93.5722272396088,37.0537574078209,6.96942778156377,40.6581662829828,16.0121226566293,66.68551099035,87.0478272949908,37.4665695528394,36.9154725873313,55.3888206773132,38.8844484131912,94.8468291671188,103.413073221842,39.4204497850858,50.0304582910832,110.26206817627,81.5941028594971,79.0844600491407,65.1833343505859,63.7810325622559,0,117.069885253906,96.4232540130615,104.49630279541,54.3522683143616,101.7603515625,107.496082305908,87.4214572906494,103.793437957764,117.250244140625,156.693181355794,56.1782110237781,109.408295024525,0,137.693294949002,143.110954284668,70.5395468917548,25.8990266272896,63.3389092874671,83.244836807251,91.4597320556641,130.268048816257,86.594074438114,69.1902079985509,104.109039669945,64.5303940354732,133.889739990234,0,83.990196574818,88.4537363405581
53.8087517478828,58.8074934596833,25.3788171394577,53.9393925168621,122.60013961792,113.321331977844,85.0016065060514,52.048453785743,76.2060430052463,60.99062568263,75.473332955287,75.2588483709393,109.496799122203,104.545726231166,78.7767748974083,83.0065734863281,9.1966888787059,20.0630733021965,90.7303881645203,72.4727999180555,128.220940329812,20.8200717505602,40.6581662829828,12.6826705126176,41.7365356698094,74.789966583252,66.6426502372188,32.9125845535336,23.5954851875762,52.2982563593323,36.9218257697657,117.128815927813,119.557566506522,59.4110691500026,39.4354760881137,141.805646654586,71.0110889781605,89.1241919763374,67.5847897055923,0,0,143.60041809082,122.156480407715,166.376537322998,72.3128080368042,178.742710113525,155.895574569702,145.699844360352,168.50358581543,161.626602935791,125.61971282959,99.7528099265993,111.8331646758,162.844484965007,137.85240502791,152.579574584961,104.802267236912,58.6802866157818,93.7792519302498,116.830394571478,126.067377090454,116.750841217041,94.8571845392335,105.55198627565,134.786190326397,102.246236524999,0,0,120.900238800049,109.955582131585
50.1430102040691,81.6501933938206,81.9852187593104,36.4715045336749,16.2110377208372,102.053588280311,55.7467519618288,40.9802550395866,56.8208728468665,18.1851444014533,39.0314742654664,124.544169955783,26.3529342510394,139.577731132507,69.1521058664977,41.2969775768955,23.4409916799308,106.150430791518,0,133.88918195452,21.6218408917552,8.08540020248164,16.0121226566293,41.7365356698094,9.7817747355413,130.425123596191,108.717263524673,56.9001329443062,12.1063481624204,62.3505775253208,45.5732424924642,143.839545355903,105.411431274414,53.5183511261546,55.7562531992875,114.331055959066,128.991958618164,131.918164316813,56.1011266412202,117.51617206846,169.399597167969,135.28692156648,94.0504063418622,131.052709093281,61.3149807885189,116.846320617375,0,111.280608110025,167.214263916016,127.272375827365,122.742980003357,88.2668008624383,151.881335788303,0,161.748016357422,125.826728596407,98.2728509169359,62.626630722849,118.145692168689,92.0539537008584,0,146.832204378568,136.01905298233,101.458564307264,128.417545080185,99.7680935329861,0,155.782119750977,114.697226842244,118.608374002818
0,27.8812406133203,58.7527364095052,19.7872506195311,0,83.8269500732422,0,0,67.5280818939209,95.4916312808082,0,28.3307308197021,137.874282836914,14.227378736075,124.80712890625,0,104.155502319336,61.1923473358154,49.68208984375,50.8150548545682,144.69548034668,0,66.68551099035,74.789966583252,130.425123596191,9.86434577629733,43.6980819810767,21.8176731347862,131.972720146179,83.9937046595982,115.846725463867,50.9913611760954,0,0,58.0051352922306,0,96.913446866549,0,85.6411943435669,0,0,0,0,0,0,0,73.7532568711501,0,64.7897995967491,0,0,188.829162597656,118.0901222229,79.6589226041521,85.1828066237429,0,164.410430908203,111.095856802804,149.391883850098,0,46.5752862756903,76.222962496675,77.2986853763679,181.063461303711,0,169.253463745117,80.3971607971191,0,0,87.1806917190552
119.656479228627,49.6988280755502,33.0490100075153,45.9725015656131,137.77149810791,97.0115684509277,143.577963426378,115.665511659417,130.592009339152,122.974466323853,134.36670906313,27.947040431185,141.783975873675,37.2971856147712,131.962627792358,118.228280203683,101.714072511907,38.9465893027245,25.4465316124466,28.5674534957526,178.633369445801,88.0056336476253,87.0478272949908,66.6426502372188,108.717263524673,43.6980819810767,14.2149203745781,34.5082199606797,107.305427472885,101.827236587453,88.9441423605252,31.872311756587,110.779785792033,99.5257086502878,61.3689502023881,167.994415283203,108.899063249068,103.85468995866,73.5953983692896,0,0,226.008728027344,177.089916229248,0,0,183.029373168945,112.357538203603,0,108.183211997703,205.679972330729,197.266021728516,150.748452559761,108.33408894151,106.442964874538,104.217030740407,0,134.157813694166,123.927698407854,121.629934964115,176.660041809082,82.3193756386086,96.6328704563403,98.8211351272908,173.285120183771,175.66926574707,148.62216554839,112.660544418707,181.946502685547,177.296895345052,110.236290280514
118.050317872245,28.5899166666222,18.2952499783739,39.9351195846971,98.575927734375,119.187765757243,129.096890222459,93.6401928786205,128.12852969028,95.6278460820516,114.607383207841,62.3089634991256,120.728916592068,40.4703502645497,123.969643165325,111.452611287435,20.5711069911526,59.2348668214334,60.441775479524,62.4781304210758,166.938135782878,59.036239495554,37.4665695528394,32.9125845535336,56.9001329443062,21.8176731347862,34.5082199606797,13.1469735830126,52.7440410115386,101.59986314541,89.0385144282196,28.6666265281023,104.637546539307,87.5840632574899,63.9605764804976,148.665850364556,78.7564988387258,88.3970723528381,62.5876890856578,0,0,190.652862548828,142.940397024155,179.599510886452,111.208508082799,155.45930480957,113.227654406305,164.375389099121,106.674273007158,173.606862848455,194.710098266602,60.9957890171936,103.584903788196,110.037883474472,106.859661424496,0,122.369681905111,67.0230608781179,96.5999201384827,148.363643352802,81.7219682101047,97.8337324483119,96.8548634944123,128.947490437826,156.624893188477,131.905964726987,114.065383968931,172.846054077148,164.343832397461,106.460925634653
40.8216165664524,88.855048444536,67.8860993096739,45.1595825850549,10.8138080380199,103.138789367676,69.3798927570846,15.6315940942,64.0893120312583,39.6325524487394,19.2422489594788,129.568765004476,41.1520238349028,139.265717139611,77.0215297763267,67.7689988593093,18.7958089886402,105.804586122202,144.211536407471,125.562229743371,20.8543143397477,19.0089330858125,36.9154725873313,23.5954851875762,12.1063481624204,131.972720146179,107.305427472885,52.7440410115386,10.1871755008246,54.4895091505989,19.7388433857673,140.57181125217,110.78884946383,48.7867319718241,54.9474709791054,121.165997695923,159.214063644409,128.993480500721,63.7207955360413,42.6174230013436,181.198905944824,140.580335283613,102.035134677769,139.611163555047,74.3305468764602,127.752666635403,0,123.943370564779,0,130.016275337764,138.423753738403,91.4559217279608,156.484855651855,0,162.601787567139,134.370637076242,101.780794567532,60.4153943232128,112.471489109944,100.223115591368,0,152.662453500848,137.041364896095,104.354959894716,128.817464593741,97.2554461587995,0,165.121276855469,109.080973078696,120.465065002441
9.28536909700844,94.2745141983032,83.2080619723298,69.0929148314429,71.061915428276,18.969484539859,32.431364388974,27.0427984700595,25.5497838062275,62.1366365927237,63.426764575194,45.7615407116008,73.1474127757212,78.6333824744591,15.1730963732557,30.7485897512088,58.1772531781878,77.4050195128829,75.1483144306001,79.0593007170124,73.1665250586454,17.2849599877182,55.3888206773132,52.2982563593323,62.3505775253208,83.9937046595982,101.827236587453,101.59986314541,54.4895091505989,7.00176217462604,13.9489274059709,92.2900020599365,11.7852019609776,10.3046588338261,25.4033774215242,138.370100975037,0,147.783049689399,85.0865302452674,85.0135583877563,222.478652954102,165.242549641927,126.879813344855,153.012533569336,92.8011064529419,148.90997842642,0,142.042324611119,110.949150085449,153.031993665193,153.178199768066,106.957697868347,163.648028564453,0,160.28466796875,163.893258231027,114.532569037543,74.8249607701455,130.335538330078,123.599829462648,86.0440673828125,149.152487860786,164.550673294067,120.50839158232,145.797811508179,115.194544956602,109.059799194336,0,131.86209453236,138.807144165039
18.4904953552038,95.9927354292436,67.2142199667526,56.7596638279576,65.5306107016171,92.0391362508138,70.5569394130333,13.5092734780095,59.8738494313749,45.0994197557557,54.6489884704351,95.7496450993053,85.2354653676351,144.924683707101,42.9627018914159,64.4280116383622,37.3969158861372,62.3731552294407,102.989638010661,94.3420043218703,105.524159113566,17.9948191332508,38.8844484131912,36.9218257697657,45.5732424924642,115.846725463867,88.9441423605252,89.0385144282196,19.7388433857673,13.9489274059709,9.41637650635151,133.801641464233,107.315416509455,19.1471320797181,39.5995038278274,123.527571678162,78.2025756835938,127.108854467219,70.921885172526,139.678016662598,0,142.343223571777,104.122737435734,148.391136169434,74.989372253418,123.238538106283,0,111.438404846191,0,121.951820373535,132.012739562988,87.611956523015,143.313519795736,0,149.307891845703,201.945449829102,96.0297369384766,58.6461623811374,97.0557364463806,97.6010155571832,0,139.719166026396,143.272119743879,94.5180107732737,121.643341742622,94.1385365903767,217.608795166016,0,105.486721385609,110.00357783118
124.979598999023,69.6902134002201,88.8426404121595,67.7678630564472,0,0,104.906860351562,145.470329284668,136.559563446045,121.852180480957,184.02872467041,35.7716642084334,132.173065185547,9.44002597500949,104.661209106445,114.747497558594,124.753041585286,86.6862478637695,51.1974639467147,59.5188374690872,0,146.89498647054,94.8468291671188,117.128815927813,143.839545355903,50.9913611760954,31.872311756587,28.6666265281023,140.57181125217,92.2900020599365,133.801641464233,6.10340168912398,132.69757270813,0,77.7501739444155,0,94.7931671142578,146.92066192627,107.011410346398,0,0,0,0,0,0,0,112.446053755911,0,110.43291418893,0,0,201.148895263672,154.484065246582,107.530983407157,118.065084775289,0,170.911376953125,138.334823608398,146.519714355469,0,79.2240539391835,105.380220343964,110.302433072604,195.960464477539,0,0,114.703511374337,0,0,116.233991241455
70.7774215698242,130.517827351888,150.197352091471,106.789251708984,122.59058380127,9.21265959669699,23.4542883777414,103.074610755557,18.5057401882163,111.002741495768,99.5917232882592,57.8237522809933,95.8188723902549,84.5267791748047,15.617312349224,32.2991850470419,0,111.839202880859,94.3196697235107,84.3902370929718,118.324614091353,114.481311798096,103.413073221842,119.557566506522,105.411431274414,0,110.779785792033,104.637546539307,110.78884946383,11.7852019609776,107.315416509455,132.69757270813,4.44252785748719,0,38.7833617246604,183.361740112305,0,0,189.759017944336,0,0,0,178.512954711914,0,174.784271240234,0,0,205.886489868164,0,0,0,0,0,0,0,0,163.529006958008,121.473045349121,193.872085571289,147.651306152344,0,0,0,160.408740997314,193.036849975586,161.491821289062,0,0,0,0
18.0593182227354,0,91.155465518727,55.4659327065072,60.6733247375488,54.8798027038574,62.1680086898804,42.3447475498491,62.4480955704399,54.7750727709602,60.7872471703423,96.510685191435,65.3630785260882,0,23.2993183645583,80.4576975504557,37.7624537944794,80.8959159851074,0,87.660093943278,68.829690700624,23.4225651713518,39.4204497850858,59.4110691500026,53.5183511261546,0,99.5257086502878,87.5840632574899,48.7867319718241,10.3046588338261,19.1471320797181,0,0,7.95749764900242,21.6646044116271,124.826390075684,66.4657974243164,187.866287231445,79.8965682983398,0,0,156.803020477295,116.653501337225,142.720865885417,81.167776743571,140.732116699219,0,176.009346008301,0,152.20836130778,0,87.4820583343506,0,0,160.096054077148,0,96.7532265981038,63.8136105007596,94.900968880489,105.231575012207,0,154.99348449707,138.02660369873,99.0503469467163,126.965203603109,96.1428368091583,0,0,89.8570404052734,116.052633013044
69.1823390225569,54.5102675465627,51.6154967857295,64.2077561620635,76.2786170822418,30.0941990575483,39.3672361622532,61.9192638012326,50.3860626342501,53.2981770004051,75.8530124420445,27.8070332490147,72.9774177074432,66.4988956504251,45.1461583213806,24.6664042339645,62.4301393792984,34.9795892219277,62.2076907205741,44.1572091514498,77.7670958669562,38.3050760569807,50.0304582910832,39.4354760881137,55.7562531992875,58.0051352922306,61.3689502023881,63.9605764804976,54.9474709791054,25.4033774215242,39.5995038278274,77.7501739444155,38.7833617246604,21.6646044116271,11.4912254389421,143.785054206848,81.2492880821228,99.195561969091,88.8356755574544,157.604614257812,0,181.685587565104,134.68573029836,169.151976013184,94.0425224304199,154.980866326226,140.916492462158,136.247378031413,105.695068359375,144.376419067383,164.463500976562,105.147840345228,112.612168410729,134.988586425781,122.2833984375,0,95.4405113778463,60.6495717514393,101.656712401147,120.172183110164,110.294921330043,114.272096975866,112.360242315086,107.203697609179,140.184376884909,99.4644857894543,143.787710825602,167.554936726888,112.605493545532,115.42618054929
155.015747070312,144.08080291748,141.709871292114,113.107320513044,117.4775390625,0,160.854057312012,115.58933951638,136.938569641113,126.186225891113,138.717473711286,0,134.280420939128,0,158.675804138184,0,173.442413330078,158.919044494629,219.260345458984,0,180.898452758789,119.56409072876,110.26206817627,141.805646654586,114.331055959066,0,167.994415283203,148.665850364556,121.165997695923,138.370100975037,123.527571678162,0,183.361740112305,124.826390075684,143.785054206848,7.66317351824249,141.933382670085,68.6073657905935,69.4416604682581,70.8064068974675,69.0472812652588,31.0047176832631,23.9444718286421,18.1092024217971,49.0442543306212,30.2560889850586,107.660237993513,61.0787853685398,162.13516998291,8.98045660943816,29.8741374825532,55.1088487593854,77.7106234961912,127.035154169256,114.336195420246,67.4849740848985,64.7274760818481,60.5147698643696,59.1384037539137,46.1093285126094,0,95.3006182857274,97.2831242143615,50.6930481058044,8.53997477437638,19.1535260538172,142.969802856445,72.2124042510986,23.0900100469589,70.7312265542837
106.711288452148,48.4276888711112,64.5688715352641,13.3744009048381,0,0,0,179.265991210938,121.624824523926,0,0,113.871655782064,110.065307617188,115.507118770054,0,0,78.8332061767578,91.7882525920868,0,120.583326067243,0,0,81.5941028594971,71.0110889781605,128.991958618164,96.913446866549,108.899063249068,78.7564988387258,159.214063644409,0,78.2025756835938,94.7931671142578,0,66.4657974243164,81.2492880821228,141.933382670085,6.50293952454791,31.6408680725098,18.3997498596652,0,0,170.790054321289,106.135741493919,128.075617472331,57.3766381880816,0,63.7041385604675,0,49.4075754406072,131.243408203125,0,65.1298326931089,54.2178635724232,68.0051275889079,58.4785368367695,0,77.0940294265747,18.2561365616816,57.9225447554337,84.8701409233941,20.5140734561276,49.3359764322504,29.8608007168452,95.9697727404143,123.554969787598,100.802450895309,73.9507668984903,113.10538482666,125.919123331706,56.2342907737765
148.951669692993,76.8040151481169,83.9110034787463,50.5861250915527,0,0,148.739646911621,143.477545166016,166.006412159313,105.070724487305,182.901962280273,127.101726531982,0,126.645050048828,151.99584197998,0,105.222191916572,99.2403753551319,137.745895385742,123.750987158881,0,115.405048835568,79.0844600491407,89.1241919763374,131.918164316813,0,103.85468995866,88.3970723528381,128.993480500721,147.783049689399,127.108854467219,146.92066192627,0,187.866287231445,99.195561969091,68.6073657905935,31.6408680725098,9.60513495743689,35.4621479815353,170.899307250977,90.284060160319,113.901483678106,70.7005073478423,111.682764079836,87.966064453125,101.281431531149,83.2856232926652,118.849994659424,80.4331199645996,99.3444494542068,103.306188201904,71.6420663742792,44.1610990526659,85.8263647460937,56.5783902650238,128.334854125977,57.5068759195732,35.9798523574527,19.7227572675238,82.1073319039694,85.9654083251953,23.4901100530206,19.0530639408401,61.4974630212939,83.4489350845565,41.6774652123451,92.1606452941895,0,95.3027231216431,50.6029616381125
97.3561987876892,53.7610441023304,57.5477178727073,14.4016664965769,73.9641971588135,0,108.818939208984,67.6247633525303,82.3463891347249,19.6466815321069,78.3307666072139,116.969853083293,63.9483301499311,109.181797429135,97.9908419522372,52.3045791625977,87.0429077148438,77.8932089734433,148.393753051758,86.4822008537524,74.5752487182617,76.920431137085,65.1833343505859,67.5847897055923,56.1011266412202,85.6411943435669,73.5953983692896,62.5876890856578,63.7207955360413,85.0865302452674,70.921885172526,107.011410346398,189.759017944336,79.8965682983398,88.8356755574544,69.4416604682581,18.3997498596652,35.4621479815353,18.9702398964196,100.417686462402,113.970137459891,77.2217623516194,45.7125710741679,78.9347004557765,12.0431871918532,71.0686924486275,66.7236081998642,57.6214843637803,57.0229977069873,69.6453440569449,74.6100091200609,74.4551343311464,55.9166118949385,72.3846749392423,55.7675845739846,86.2116375732422,74.9885545388246,27.1798278118116,61.886774663572,25.4357450677727,30.989771162178,46.1489230666304,37.2086461968608,46.6133985681507,72.244076237534,70.8341598212719,70.9285619399127,112.031265258789,53.7429485605724,57.8818505120032
0,0,0,75.7602233886719,11.4342195987701,0,69.5180549621582,149.684715270996,108.363708496094,93.3147042592366,102.349841952324,0,56.4529384613037,0,77.2257652282715,0,0,0,0,0,10.2925374026974,0,63.7810325622559,0,117.51617206846,0,0,0,42.6174230013436,85.0135583877563,139.678016662598,0,0,0,157.604614257812,70.8064068974675,0,170.899307250977,100.417686462402,7.40423581703144,147.155975341797,47.44000831604,55.1703599748157,88.1825308421301,55.3069521713257,15.7038414644853,0,16.9095308537374,0,84.656291625079,80.0707171513484,0,0,0,0,9.79683801420781,0,92.9370765686035,0,14.8426000836265,0,0,0,10.7881934818047,84.9588507580501,0,0,125.230880737305,78.058202527233,78.5802641403981
