9.21427430386332,122.960637410482,108.449649216104,71.7323963062183,84.3367248262678,69.3441268073188,53.7048131714827,41.6361297671591,12.2336686702528,49.6594206614372,64.9581786273571,108.581129504788,54.9591487601951,124.397678799099,18.8839377403259,41.8505694445442,119.767130533854,105.829592199493,127.210884094238,130.956043858682,81.7774914886992,92.8397489331432,94.3413235346476,91.0843677902222,67.7687430338028,127.855163574219,123.119824317194,125.263517055871,77.9536769403888,14.044879724345,36.0612086141689,0,70.023271448472,46.9515965103258,70.4692917908502,129.982357025146,0,165.874499003092,88.2910944620768,0,0,176.297698974609,145.193333833114,149.502888997396,72.0764236450195,161.095993041992,0,137.843650817871,0,151.389633178711,0,117.282909393311,186.112371826172,0,197.040496826172,133.864517211914,165.105099995931,0,167.562311808268,130.446411328438,222.269165039062,182.548866271973,172.696966552734,136.658958071754,162.940562656948,138.370311737061,0,200.695449829102,145.94758605957,145.274991716657
122.960637410482,12.1029689214455,49.7753483165394,20.6444946645011,128.690307617188,115.631813049316,140.057907104492,124.188723972866,137.007886250814,60.6084837615923,126.339351654053,73.0871772766113,100.784564971924,57.0469334385183,129.398338317871,95.9103479385376,50.4961956342061,54.4420628909085,71.2917734781901,65.1299892726697,120.282257080078,88.148462677002,21.7467320745243,59.02381819573,67.4490083726514,32.2361331545325,54.6032425632899,31.1736447501634,92.1386659217603,101.939956665039,112.086616516113,72.3984222412109,0,100.364344278971,55.9156711191371,0,187.524597167969,89.1762450368781,56.3331069946289,0,0,238.790969848633,162.972005208333,175.365244547526,155.990013122559,0,81.045597076416,159.281143188477,74.9882858821324,213.111389160156,0,0,90.433416868511,114.227687835693,117.6900620894,179.832565307617,130.614017486572,105.300691223145,144.413502502441,150.77778201633,62.6293280919393,97.180613273798,93.678946929166,168.494560241699,0,0,100.947792561849,0,0,119.28542973445
108.449649216104,49.7753483165394,13.2543298057591,53.3407029366829,121.3162206014,151.802733421326,123.491564632543,95.0110531652759,116.82000651704,88.3218105489557,111.591066939107,83.9921642913818,141.668582243078,83.1820155936228,124.06510699838,121.666902814593,78.7680249895368,46.400072852914,101.686493635178,72.2595537915642,221.668197631836,68.7065524067308,58.7738060298719,37.7149885420907,100.699674241683,107.824759165446,38.7286745617757,29.0741143887134,80.9456455429142,112.358657481866,83.2481821118902,92.7803369686927,166.950159246271,96.8661522463144,59.9691120500218,148.465639002183,116.414056951349,96.2353976918798,79.720781938085,229.347366333008,0,193.644276936849,159.859290515675,179.648074150085,138.815166473389,177.258785247803,152.750258309501,0,140.673435635037,170.220640938237,0,119.23368980771,111.23423887554,152.118795776367,125.881314321665,0,137.530385017395,62.071246176055,106.091833036773,151.548620986938,112.601749844021,104.022338991851,97.2845073081719,156.34164571419,167.351266043527,142.475407221546,148.830703735352,0,146.989441765679,107.460104735001
71.7323963062183,20.6444946645011,53.3407029366829,31.1932009723451,62.8733486028818,103.880073547363,79.2348197698593,63.817912530208,83.5381735176876,44.4223924533994,70.2975765006252,78.3755622276893,72.181051624355,65.5429967314332,88.9247555874362,67.948761883904,41.5006667278147,63.3924811485254,86.5692596435547,68.5890066767313,78.5237374556692,53.5874835383571,19.9780668353175,52.3752992101927,41.2464536311283,39.2268410511988,52.4552311020798,42.1320373259171,56.2530336132498,70.9076228375202,58.0671690964117,78.8995792215521,130.375246047974,57.5625756812818,67.4478920044438,79.412858096036,89.0182037353516,102.416315855803,32.6069051575016,117.326494852702,126.598106384277,98.5297345928117,78.3038395904913,96.5230469022478,29.9322670613016,99.2310519277314,107.382690429688,79.9651213751899,76.1933761009803,105.014162514426,130.180667877197,62.7807584282096,106.289880691036,128.780415126256,103.952102088928,104.502926417759,68.3436010461105,80.3016010522842,77.0983138873423,59.6984547246801,63.8359540757679,89.0986661275228,89.8417439479454,80.6420315699028,98.3162398444282,72.8773802823799,86.6978492736816,118.983653259277,76.4417877197266,103.914546571929
84.3367248262678,128.690307617188,121.3162206014,62.8733486028818,8.28222653138583,108.130311965942,60.0282197391286,52.3528517753847,89.6018636113121,52.5562646011884,25.7759959762781,144.194413837634,29.2301826422048,171.32746887207,99.469752414519,64.555460727576,0,142.291450500488,0,160.372711181641,11.1395838818285,93.0138473510742,103.160045078823,161.677733739217,19.709359050858,132.223526000977,166.700315093994,120.739448547363,15.0612544883585,93.3212727939381,105.687889099121,180.841435750326,121.437171391078,76.1677150726318,96.5414269610149,184.522438049316,142.686187744141,230.778846740723,107.187776738947,120.54390080979,0,149.605053599288,136.040474664597,153.797772274742,87.9981018066406,142.13809957337,201.363784790039,74.1409755313156,185.844657897949,167.247535069784,128.326872507731,124.924057006836,0,0,0,30.3089166073732,0,143.722599029541,193.765270233154,117.312344197477,197.665084838867,221.14741007487,187.817478179932,135.67098896449,159.013256238854,155.646625518799,0,199.522521972656,165.339120864868,174.228177584135
69.3441268073188,115.631813049316,151.802733421326,103.880073547363,108.130311965942,7.48271980886355,18.9357899482169,110.015063331241,17.7074156044854,59.5221410577947,107.959598866544,67.8966288412771,84.0412982037959,86.0703620910645,30.2292116370568,19.2075764699007,0,171.514514923096,100.165733337402,98.2114028930664,108.511444396973,147.340423583984,98.573657989502,134.262795039586,93.3999482790629,0,138.826912471226,164.298400878906,114.357410777699,16.2889992887803,124.739760080973,119.68310546875,10.4779231459616,126.119092305501,50.2545780382658,0,0,0,122.419792175293,157.406608581543,0,0,0,223.709762573242,0,182.23388671875,0,0,0,0,0,0,0,0,0,0,0,0,0,153.966086069743,0,0,179.194198608398,178.088543701172,0,0,0,0,0,0
53.7048131714827,140.057907104492,123.491564632543,79.2348197698593,60.0282197391286,18.9357899482169,10.6444553620339,60.8292433124981,15.9895032212646,68.5972009816564,36.1046719086068,86.6212982140877,27.8936513368086,102.341448051985,37.2056689078204,15.9329339008469,138.875506083171,140.799467771108,115.054176330566,139.316898052509,53.9654846694664,104.989043924083,122.144027709961,117.700692790513,65.0001423955993,110.316345214844,148.334584803669,132.407205996306,72.1494930217282,43.2361537910409,93.735209681771,142.594390869141,22.3574509058894,88.6828552436829,71.1759825964912,165.013412475586,0,197.918977525499,139.308006286621,158.888385997099,0,166.378875330875,146.144923739963,171.905669893537,104.409888131278,164.488056810596,0,104.338386774063,0,182.706396193731,0,164.573959350586,199.390125274658,0,229.72721862793,162.432160949707,145.745994567871,0,185.642204284668,136.677199084942,0,200.380851745605,189.822009542714,151.989933278301,169.697107315063,150.672707366943,0,0,164.830902099609,179.979678683811
41.6361297671591,124.188723972866,95.0110531652759,63.817912530208,52.3528517753847,110.015063331241,60.8292433124981,11.0705108374744,59.3453623422209,58.0562026633411,21.7110319587302,139.614122867584,55.2618691213124,160.937065711388,63.9390372391199,78.3473753678171,106.098419189453,120.486087650798,161.651268005371,149.162026074468,108.419739723206,67.8371943260859,85.1329729865579,81.310740527124,60.7448827009352,0,136.440185664613,102.192400205038,34.9107891400401,61.1476593514473,14.6971167781687,165.714177449544,116.674689223127,60.9901684541473,81.0792517382378,144.605783081055,188.771865844727,183.111158582899,88.6415368104592,152.23910707416,198.07092666626,147.665183799854,127.026922533128,148.571032149703,98.6193316777547,150.524943351746,200.087768554688,134.758332252502,231.155197143555,156.017073968444,146.677484512329,138.229020608438,185.733843803406,0,204.485710144043,154.816143217541,153.188125610352,139.249804360526,154.155934939177,112.944113691883,0,192.673235724954,167.660092671712,126.627138807345,152.270719057554,124.412304618142,0,188.246658325195,140.056899108887,145.814165115356
12.2336686702528,137.007886250814,116.82000651704,83.5381735176876,89.6018636113121,17.7074156044854,15.9895032212646,59.3453623422209,10.3355391478668,76.8346795813982,32.7904499347748,73.4445773377711,74.6158421491211,99.8827796936035,16.9346528965057,27.3180625451676,133.747101783752,126.296279827588,105.329471270243,129.571391029963,82.3552524830398,95.1265077461718,106.136075496674,106.365172161185,69.4724977542123,86.9896011352539,134.985283434069,130.697603089469,80.5597324915454,32.8848690600277,73.1158296601573,118.066008175121,17.855284914362,79.6856250966934,71.8580559937765,149.982772827148,0,180.333570752825,106.727174025316,168.89538269043,0,163.26282824892,144.921372853793,168.224290525758,114.201171875,162.680878117399,229.54621887207,139.314068880948,0,172.777335357666,0,154.923233032227,203.364109802246,0,243.175262451172,177.354395548503,191.723106384277,158.200286865234,180.831213491934,132.327901190454,0,195.461067786584,174.734730623206,141.802984569112,166.063935499925,147.790215735342,0,215.900436401367,164.380467224121,162.619346110026
49.6594206614372,60.6084837615923,88.3218105489557,44.4223924533994,52.5562646011884,59.5221410577947,68.5972009816564,58.0562026633411,76.8346795813982,7.16872434487609,60.4369284319323,116.197758402143,13.4489408293505,109.421421125823,82.6643062544747,20.1211852231973,85.1565851731734,112.40953454306,136.469618225098,139.387078421456,59.5835588966928,92.6388789761451,22.1411046653319,102.736985791114,22.8937999817977,92.4873121077192,111.03130903601,101.972409842013,51.5481843061225,70.3670194769181,55.9984793957369,123.953346252441,123.01598739624,61.6265520302646,90.0406156872946,85.8707614474826,192.417399088542,132.289222717285,17.9601326290565,99.3501110370343,0,117.759560267131,83.4300363288735,117.880716039779,34.1337319570429,105.893400966531,144.907897949219,91.3825607299805,142.787310791016,116.589110056559,66.023006439209,105.282920837402,187.61696472168,178.998626708984,180.790670394897,93.2093629103441,105.894847324916,86.4836591084798,130.684394836426,66.5183490018667,132.791837056478,171.506729507446,153.843011519488,89.2698048335042,101.590758429633,81.2414260476322,174.152475992839,111.857734680176,128.153907775879,116.31301429055
64.9581786273571,126.339351654053,111.591066939107,70.2975765006252,25.7759959762781,107.959598866544,36.1046719086068,21.7110319587302,32.7904499347748,60.4369284319323,11.6422018961803,139.243750708444,29.9790816589504,156.745960950851,58.5299624692989,68.2660295136121,123.054985046387,146.405627531164,164.285946316189,166.68525630406,17.2314503576787,86.2190877168075,107.126399647106,112.118279802038,48.9178485123328,160.191596984863,154.789663202622,126.642873142306,28.4118039024727,82.6204433998252,83.5741442075143,178.138802846273,114.359054221763,69.9781455300671,88.4235246667882,163.682626512316,145.784576416016,191.541381835938,112.624958439877,156.304710241464,189.009338378906,157.922186890541,144.257667261893,161.265941162109,107.394977521896,159.102140028895,226.451171875,142.108785904286,0,174.525290418027,136.70541305542,160.191680908203,215.813934326172,0,221.250427246094,160.071783015158,184.987592061361,145.293870544434,172.676431717411,127.867929284938,0,206.610015869141,185.808853149414,144.461816312912,171.576934051514,167.916698455811,0,0,150.321984185113,166.715835571289
108.581129504788,73.0871772766113,83.9921642913818,78.3755622276893,144.194413837634,67.8966288412771,86.6212982140877,139.614122867584,73.4445773377711,116.197758402143,139.243750708444,11.8776157706682,130.199640100653,27.2834769243303,72.2676724348918,82.3848094940186,116.777893066406,45.2642238627897,23.8282498222882,27.2327497928764,136.159331258138,91.0684307883768,95.6495456695557,74.8126458908725,132.933307974679,29.2583590182629,29.8842366382526,63.7251914176062,133.836442184448,50.5712127577787,102.043152419004,36.5944260084303,63.3946701874604,96.2515181879843,27.0262555843068,0,108.238699595133,133.904007805718,150.423944473267,0,0,0,197.077995300293,236.961563110352,193.856170654297,197.928497314453,97.2115783691406,0,83.4499942064285,215.210601806641,0,132.979400634766,136.849211883545,88.7730272081163,123.183469984266,0,171.534942626953,100.851501464844,171.450565338135,188.467172241211,74.8260977003309,101.729061629421,105.975291383945,201.600982666016,200.48789469401,192.417236328125,106.095719424161,0,0,136.712399800618
54.9591487601951,100.784564971924,141.668582243078,72.181051624355,29.2301826422048,84.0412982037959,27.8936513368086,55.2618691213124,74.6158421491211,13.4489408293505,29.9790816589504,130.199640100653,9.57982435386711,159.335200434146,86.9539167585827,15.021333542915,0,164.000412680886,171.830484390259,150.72952041626,14.9471992187655,121.890004475911,61.4371547698975,162.256626731471,21.4250979020795,126.105311802455,157.541193808279,134.665413705926,45.0553926770077,90.2443073645255,133.42467697807,152.292673746745,103.235855272621,100.596355438232,94.8550692176217,0,115.914965311686,168.842132568359,144.876693725586,107.41182457317,95.9935684204102,95.8519777790193,125.560201061015,142.102129308189,58.7036428971724,97.4569643352713,188.670150756836,14.5794683110241,155.096542358398,132.167922691063,70.9233589172363,162.991195678711,150.897094726562,0,0,19.894097925355,0,116.160228729248,145.146041870117,84.1134120772038,140.727508544922,183.519912719727,182.936422983805,113.630759865046,139.826561667702,186.896377563477,0,0,0,128.942318507603
124.397678799099,57.0469334385183,83.1820155936228,65.5429967314332,171.32746887207,86.0703620910645,102.341448051985,160.937065711388,99.8827796936035,109.421421125823,156.745960950851,27.2834769243303,159.335200434146,10.1080714399906,93.1534299647554,138.924683570862,121.296483357747,105.511637968176,52.9177093750391,59.7331763650769,156.955677032471,137.440555027553,86.6927626281977,123.074822998047,125.353871137246,17.7003048362267,45.7943892552077,42.8020315224951,155.096801757812,78.1238937748289,165.640548706055,13.6355546327462,86.0377681038596,134.948506164551,61.3060545714005,0,90.3998870849609,145.082304954529,59.5923422574997,0,0,0,0,187.041145324707,0,221.945510864258,88.9922468451005,0,77.9540039483755,134.65758895874,0,0,141.230270385742,91.6930951205167,115.37079501152,212.646133422852,189.157653808594,119.410830688477,168.097661336263,203.362768554688,62.7781110892267,95.1213225476263,95.0579206750536,198.600776672363,0,216.189254760742,93.6986032016035,0,0,127.4974360466
18.8839377403259,129.398338317871,124.06510699838,88.9247555874362,99.469752414519,30.2292116370568,37.2056689078204,63.9390372391199,16.9346528965057,82.6643062544747,58.5299624692989,72.2676724348918,86.9539167585827,93.1534299647554,7.83484379787371,27.772792339325,122.240793500628,120.906557538691,97.4662288318981,111.705957923137,93.9200808785179,103.506698060834,109.887878576914,108.869570486102,91.4966586954178,92.0946273803711,131.2465376562,137.629818803836,91.7165651114732,21.7830736682638,68.0543198345125,108.797963096982,17.3958248783585,42.0583903862955,58.2132886117392,165.10298538208,0,182.674899291992,104.625817616781,199.487403869629,0,172.535673522949,159.875091655834,186.743486938477,89.9457223074777,181.771634718951,0,172.129584503174,0,178.575444375315,0,144.062561035156,203.960695902507,0,0,211.271884918213,172.179943084717,158.819422403971,187.463846206665,143.342577616374,0,205.475466918945,180.925511977252,152.165150049783,170.451414025348,149.162976539741,244.161972045898,0,166.019180297852,186.844814300537
41.8505694445442,95.9103479385376,121.666902814593,67.948761883904,64.555460727576,19.2075764699007,15.9329339008469,78.3473753678171,27.3180625451676,20.1211852231973,68.2660295136121,82.3848094940186,15.021333542915,138.924683570862,27.772792339325,7.83739565120654,0,153.920422363281,0,170.037948608398,52.8500100732819,104.538876342773,67.5290735493536,124.724086284637,44.9695083856583,128.643699314283,145.765165540907,140.073230079983,75.5621820318288,25.2335965566546,83.2587089538574,180.920532226562,37.6953066242484,85.1995216369629,61.2193509737651,0,0,0,113.732452392578,117.275127683367,0,125.60237121582,132.173669433594,160.117970784505,59.5913644678452,118.906224975586,0,76.2261181785947,0,142.485214233398,75.5306015014648,0,0,0,0,116.691576004028,0,0,161.457824707031,85.6796667098999,0,176.084091186523,176.480661010742,111.390421463271,147.292419433594,0,0,0,0,0
119.767130533854,50.4961956342061,78.7680249895368,41.5006667278147,0,0,138.875506083171,106.098419189453,133.747101783752,85.1565851731734,123.054985046387,116.777893066406,0,121.296483357747,122.240793500628,0,12.6693045411229,100.031815800354,160.843307495117,125.328980532559,119.275596618652,22.7309353831489,32.6518307263854,22.6593509579415,27.7417444190949,93.532275390625,104.809577337586,31.7722722218604,34.8721146780224,96.7349022951993,80.7116249084473,125.240323066711,0,71.7083585690229,79.0024394238089,112.303955078125,0,116.610753237546,64.2348640843442,0,0,236.83464050293,149.695063273112,188.223519461496,137.960601806641,175.871116638184,162.002151489258,0,0,157.268472459581,0,102.435525735396,142.655372074672,169.830841064453,192.648534138997,0,116.277126789093,66.6163482666016,104.443998436678,114.224396072816,0,145.166386019799,115.111397269722,116.884959139565,132.477344036102,116.711843787299,0,229.555236816406,118.312074388777,127.695837086645
105.829592199493,54.4420628909085,46.400072852914,63.3924811485254,142.291450500488,171.514514923096,140.799467771108,120.486087650798,126.296279827588,112.40953454306,146.405627531164,45.2642238627897,164.000412680886,105.511637968176,120.906557538691,153.920422363281,100.031815800354,9.90688948307535,52.6310824950536,25.5364963252563,200.457790374756,63.7600864151044,81.465057166847,27.7645558031775,116.905253547639,64.1908369660378,37.2714657522793,66.5161148055695,118.784774576142,90.9425523836846,71.4428823750764,95.588328012606,180.665332794189,86.376705868706,34.3621453791677,196.566627502441,120.072853088379,107.861933719681,103.679066685268,193.028503417969,0,212.658238728841,191.782651774089,190.310876028878,231.749038696289,0,164.533050537109,0,131.362461090088,195.149337768555,0,140.946954515245,122.122613235259,158.01296488444,123.481397664772,0,182.84046681722,96.857073839973,130.157914993611,158.555095163981,108.77926158905,114.685980822589,110.911745738983,177.777791341146,201.259983062744,165.299369812012,157.844395955404,0,224.580490112305,128.078677978516
127.210884094238,71.2917734781901,101.686493635178,86.5692596435547,0,100.165733337402,115.054176330566,161.651268005371,105.329471270243,136.469618225098,164.285946316189,23.8282498222882,171.830484390259,52.9177093750391,97.4662288318981,0,160.843307495117,52.6310824950536,8.37628079023175,9.67092425472386,151.597991943359,120.400479634603,149.086700439453,97.8801847185407,0,45.865856039113,23.4686612438923,66.6862476510061,199.123229980469,80.219421227773,117.700489044189,56.8660026897084,96.4382611788236,0,57.1075081645318,0,0,155.477508544922,0,0,0,0,0,0,0,0,113.366058349609,0,100.838703155518,0,0,0,0,115.335029602051,0,0,0,0,0,0,82.1511337280273,110.460975374494,102.298116048177,0,0,0,97.6861190795898,0,0,0
130.956043858682,65.1299892726697,72.2595537915642,68.5890066767313,160.372711181641,98.2114028930664,139.316898052509,149.162026074468,129.571391029963,139.387078421456,166.68525630406,27.2327497928764,150.72952041626,59.7331763650769,111.705957923137,170.037948608398,125.328980532559,25.5364963252563,9.67092425472386,10.1010482551103,154.629922654894,95.7694278706415,97.8705775612279,77.6682860921725,139.253214297087,50.4151899530253,31.2742372818797,66.1455758909489,142.223993418168,85.6993051339021,100.938232813126,59.0821159080223,89.8655986785889,101.428283527919,42.6956695032646,184.936065673828,146.313529968262,134.22753625167,86.9547947970304,0,0,0,210.064196777344,178.741157531738,0,0,108.644896371024,0,103.217448585912,210.920211791992,0,210.128082275391,136.647598436144,105.987614222935,116.337979966316,0,0,158.288693237305,157.756117600661,199.820327758789,83.3207924979074,106.844193943569,112.926069138046,203.369210379464,217.650573730469,188.400405883789,119.028486251831,0,161.597320556641,123.908147176107
81.7774914886992,120.282257080078,221.668197631836,78.5237374556692,11.1395838818285,108.511444396973,53.9654846694664,108.419739723206,82.3552524830398,59.5835588966928,17.2314503576787,136.159331258138,14.9471992187655,156.955677032471,93.9200808785179,52.8500100732819,119.275596618652,200.457790374756,151.597991943359,154.629922654894,9.91783925213018,100.147863388062,131.634799957275,161.964595031738,19.0664606757503,149.161773681641,169.320953369141,159.413195800781,25.0968398644968,91.55998625266,108.00596150485,178.050308227539,119.203034793629,90.2368583679199,93.5326504914657,150.163696289062,0,0,136.652538299561,158.819096226846,0,155.349917602539,152.046641031901,164.740549872903,113.089876615084,158.179023892272,0,16.0207229960436,200.070510864258,167.070556640625,132.126129150391,179.681869506836,0,0,0,154.122175693512,0,0,0,126.209810256958,0,0,214.113627115885,144.72928578513,198.010748291016,174.77522277832,0,221.11149597168,152.695816040039,169.481747436523
92.8397489331432,88.148462677002,68.7065524067308,53.5874835383571,93.0138473510742,147.340423583984,104.989043924083,67.8371943260859,95.1265077461718,92.6388789761451,86.2190877168075,91.0684307883768,121.890004475911,137.440555027553,103.506698060834,104.538876342773,22.7309353831489,63.7600864151044,120.400479634603,95.7694278706415,100.147863388062,10.9549475504111,59.7686476269284,30.1246850754362,31.1409986078295,109.879201412201,99.8372121122925,65.3466819950368,27.7983716414214,30.8621517105922,22.5546455153603,143.932993570964,140.663415908813,34.474431803878,47.1983809871243,131.994633265904,175.011917114258,135.326542798211,106.039311790466,0,0,204.612205505371,132.756973973027,167.964547729492,86.760285949707,209.587615966797,0,0,203.309799194336,160.432418823242,0,112.499151050715,150.685687946823,0,174.404363250732,0,118.879410973597,95.0629790912975,121.025211996283,114.261756544847,0,162.035094230406,133.889200329781,118.500528325186,133.874082383655,115.358322157736,0,0,116.832349823742,132.781021118164
94.3413235346476,21.7467320745243,58.7738060298719,19.9780668353175,103.160045078823,98.573657989502,122.144027709961,85.1329729865579,106.136075496674,22.1411046653319,107.126399647106,95.6495456695557,61.4371547698975,86.6927626281977,109.887878576914,67.5290735493536,32.6518307263854,81.465057166847,149.086700439453,97.8705775612279,131.634799957275,59.7686476269284,8.44330000195038,52.1857860778791,27.3480436570126,67.4842132976516,85.5282758691497,40.0217849136753,57.5974549104541,80.053544746255,70.3666458725929,105.264643775092,0,58.8465396969817,77.4197446740986,97.0115776062012,142.830795288086,88.7144673795116,78.1617511950041,129.298767089844,0,142.506763458252,143.455591837565,125.320880889893,109.398432413737,208.084737141927,136.677700042725,147.481567382812,130.712736947196,159.345986684163,191.469253540039,62.4945389076515,115.600847746197,157.846076965332,130.542649586995,165.404205322266,77.3716077670245,53.706693319174,79.2748130414126,91.1423979642098,110.701039632161,116.237227359061,98.1712426447342,99.7074279785156,135.99582195282,103.06571215675,139.878622055054,0,80.4245475769043,118.539234748253
91.0843677902222,59.02381819573,37.7149885420907,52.3752992101927,161.677733739217,134.262795039586,117.700692790513,81.310740527124,106.365172161185,102.736985791114,112.118279802038,74.8126458908725,162.256626731471,123.074822998047,108.869570486102,124.724086284637,22.6593509579415,27.7645558031775,97.8801847185407,77.6682860921725,161.964595031738,30.1246850754362,52.1857860778791,16.9888290065982,73.1904052507759,87.1548054504395,72.1993213691432,41.1697718879057,48.8646547525887,85.6820680510323,50.1762569256006,126.112059326172,149.444394341831,79.7762988210919,45.4850850820857,157.483352851868,132.803904215495,103.27078518011,82.7185176038367,0,0,191.961221694946,156.616853631061,170.512109079669,157.777233123779,170.078281402588,189.501533508301,247.150802612305,128.999084472656,165.937140255883,242.539932250977,103.315378440443,125.561185124235,176.79035949707,148.291019984654,242.493804931641,118.73481123914,70.4560615600708,107.398469026008,135.209636895553,193.530349731445,125.785471943447,103.39487158337,138.47721511496,166.177082559337,126.584515773409,0,0,136.406506588585,127.618231019774
67.7687430338028,67.4490083726514,100.699674241683,41.2464536311283,19.709359050858,93.3999482790629,65.0001423955993,60.7448827009352,69.4724977542123,22.8937999817977,48.9178485123328,132.933307974679,21.4250979020795,125.353871137246,91.4966586954178,44.9695083856583,27.7417444190949,116.905253547639,0,139.253214297087,19.0664606757503,31.1409986078295,27.3480436570126,73.1904052507759,11.8552583877639,103.047284164093,121.694557048656,77.14524047995,22.5927872580253,78.4142833047358,67.5632701113217,141.269410451253,132.975673177968,66.8393347994304,86.9091353385679,121.748591528998,151.701113019671,151.289259451407,67.5757099333264,122.699878589127,185.14306640625,130.847842544806,115.772849311618,142.114028900568,69.8505495220211,129.046620046286,200.365238536488,108.733677859836,180.098709106445,144.230193932851,113.845470594323,116.27080477201,165.092014312744,203.186859130859,192.07743696733,127.136199951172,119.185876522424,113.034650222115,135.468856769604,98.6481797314736,146.26981048584,166.220384438833,149.795050124884,111.994189033278,138.218005536844,114.565827928451,246.786972045898,195.560457865397,123.733473549426,137.007102225591
127.855163574219,32.2361331545325,107.824759165446,39.2268410511988,132.223526000977,0,110.316345214844,0,86.9896011352539,92.4873121077192,160.191596984863,29.2583590182629,126.105311802455,17.7003048362267,92.0946273803711,128.643699314283,93.532275390625,64.1908369660378,45.865856039113,50.4151899530253,149.161773681641,109.879201412201,67.4842132976516,87.1548054504395,103.047284164093,11.5033834677647,47.0564946475531,29.1028300304714,123.386110406173,96.0478675478981,109.238619804382,53.1246240042089,81.6849098205566,104.264714813232,60.8906754569773,0,91.3712666829427,141.502836608887,42.0240477113163,0,0,0,0,213.017725626628,197.312278747559,0,80.8966459191364,0,65.7480875466374,112.143863677979,0,0,102.176962280273,77.7740767288208,88.838092143719,0,116.238830566406,127.751316070557,184.523338317871,170.123345947266,43.5915450785942,78.3337067029415,76.5828238195078,174.47110748291,0,167.669609069824,78.745576447707,0,126.834411621094,100.490145596591
123.119824317194,54.6032425632899,38.7286745617757,52.4552311020798,166.700315093994,138.826912471226,148.334584803669,136.440185664613,134.985283434069,111.03130903601,154.789663202622,29.8842366382526,157.541193808279,45.7943892552077,131.2465376562,145.765165540907,104.809577337586,37.2714657522793,23.4686612438923,31.2742372818797,169.320953369141,99.8372121122925,85.5282758691497,72.1993213691432,121.694557048656,47.0564946475531,16.2659727460952,36.7926804242822,129.857445242626,100.664623086727,106.835105723205,23.8646027726323,124.485945774959,118.434312881962,63.2020917604677,177.447138468424,114.081420073638,114.706258712276,74.2738481540124,0,0,0,199.462465558733,215.323992642489,173.883140563965,214.19312286377,119.532605339499,0,101.921321980004,194.486602783203,220.55534362793,157.352716445923,115.844673614502,108.032624044536,107.585649885573,0,159.628672463553,118.057280767532,145.936042971727,192.105323528421,77.6472119844877,99.1010344844785,100.670616301465,195.060252053397,195.178662386808,172.013768513997,113.437836724359,0,200.501945495605,117.295434343054
125.263517055871,31.1736447501634,29.0741143887134,42.1320373259171,120.739448547363,164.298400878906,132.407205996306,102.192400205038,130.697603089469,101.972409842013,126.642873142306,63.7251914176062,134.665413705926,42.8020315224951,137.629818803836,140.073230079983,31.7722722218604,66.5161148055695,66.6862476510061,66.1455758909489,159.413195800781,65.3466819950368,40.0217849136753,41.1697718879057,77.14524047995,29.1028300304714,36.7926804242822,17.2989943823896,61.8779681332414,109.723639590615,100.669184952639,30.4030736856456,135.544888496399,106.504961466052,69.342291534218,167.020932136698,107.778853985148,96.1686443716793,64.2057432746887,231.101539611816,0,198.156457810175,166.07259296618,184.389987564087,159.008201599121,187.111271197979,119.588872273763,217.353323364258,103.103895736694,175.871165940742,216.918655395508,99.5494647879955,113.263384220184,115.493635401232,116.166645266486,192.99732208252,132.076878302438,63.1226169319563,104.656985355858,154.399337536356,78.8316968488583,103.31293180098,97.8005029124644,158.100425741951,178.52242479168,146.493397017657,113.640314627385,0,157.494541803996,113.823546517979
77.9536769403888,92.1386659217603,80.9456455429142,56.2530336132498,15.0612544883585,114.357410777699,72.1494930217282,34.9107891400401,80.5597324915454,51.5481843061225,28.4118039024727,133.836442184448,45.0553926770077,155.096801757812,91.7165651114732,75.5621820318288,34.8721146780224,118.784774576142,199.123229980469,142.223993418168,25.0968398644968,27.7983716414214,57.5974549104541,48.8646547525887,22.5927872580253,123.386110406173,129.857445242626,61.8779681332414,12.5638054596467,78.673146732491,24.3079660567463,154.86274617513,128.141723470485,64.6115396933736,75.3366065425193,124.681603335263,158.075655619303,149.333385467529,76.2346983487489,147.643416656494,181.06404876709,148.347783127876,122.820051235324,148.658011594846,93.9979615892683,148.919772173907,215.393314361572,135.021468842335,221.205780029297,148.435918713855,148.39364666409,121.597956623751,171.075780232747,194.259002685547,197.398477554321,149.267794957654,125.244544711314,108.756549349698,137.796851819129,110.138348012571,140.06086730957,179.353916831639,149.017067033616,123.224680004806,142.54121868427,117.267777350775,243.363098144531,178.336359360639,131.392844264947,141.198143331414
14.044879724345,101.939956665039,112.358657481866,70.9076228375202,93.3212727939381,16.2889992887803,43.2361537910409,61.1476593514473,32.8848690600277,70.3670194769181,82.6204433998252,50.5712127577787,90.2443073645255,78.1238937748289,21.7830736682638,25.2335965566546,96.7349022951993,90.9425523836846,80.219421227773,85.6993051339021,91.55998625266,30.8621517105922,80.053544746255,85.6820680510323,78.4142833047358,96.0478675478981,100.664623086727,109.723639590615,78.673146732491,10.3381807908119,23.7286553707546,96.8109280770285,13.5049839261228,17.5960031671585,33.9293036522641,145.491616682573,177.489944458008,160.893127441406,87.4658803400004,0,0,172.306363557514,142.881704656089,166.801766655662,113.439010620117,185.348383868182,0,174.581193106515,205.741119384766,164.063566752842,0,135.66508265904,176.488562689887,179.737197875977,204.312271118164,173.473849487305,128.323280627911,125.475912729899,156.85484732351,126.886117195016,125.772571563721,176.319482421875,163.565153503418,136.219797187876,155.857654347139,130.973991195015,190.150054931641,218.056632995605,134.464903611403,153.576592763265
36.0612086141689,112.086616516113,83.2481821118902,58.0671690964117,105.687889099121,124.739760080973,93.735209681771,14.6971167781687,73.1158296601573,55.9984793957369,83.5741442075143,102.043152419004,133.42467697807,165.640548706055,68.0543198345125,83.2587089538574,80.7116249084473,71.4428823750764,117.700489044189,100.938232813126,108.00596150485,22.5546455153603,70.3666458725929,50.1762569256006,67.5632701113217,109.238619804382,106.835105723205,100.669184952639,24.3079660567463,23.7286553707546,12.0261855238349,147.842260742188,116.100458665328,37.424531606977,40.81151309345,124.344695499965,0,150.111698913574,71.8397390344641,174.92985534668,0,179.256690979004,125.447777894827,158.660731179374,93.941279941135,162.575508117676,0,173.597023010254,0,144.712757746379,0,117.899890043298,154.000809920462,197.084861755371,200.17951965332,236.534774780273,119.116654751569,101.149375915527,131.759701619621,111.066734898885,0,168.388323465983,143.813684432233,115.179762246129,133.243733991656,113.872265065692,0,221.48811340332,130.433780822754,130.937553405762
0,72.3984222412109,92.7803369686927,78.8995792215521,180.841435750326,119.68310546875,142.594390869141,165.714177449544,118.066008175121,123.953346252441,178.138802846273,36.5944260084303,152.292673746745,13.6355546327462,108.797963096982,180.920532226562,125.240323066711,95.588328012606,56.8660026897084,59.0821159080223,178.050308227539,143.932993570964,105.264643775092,126.112059326172,141.269410451253,53.1246240042089,23.8646027726323,30.4030736856456,154.86274617513,96.8109280770285,147.842260742188,10.8289680582121,103.070640563965,120.985134124756,74.3197631242979,214.264259338379,138.430337905884,156.216835021973,66.1050510406494,0,0,0,221.502380371094,232.64875793457,176.901397705078,0,127.099596405029,0,94.6137315466049,229.952789306641,0,206.740447998047,149.230722808838,108.3286430605,122.071044158936,0,188.118339538574,158.598556518555,175.56233215332,0,81.9539750043084,109.058948882639,110.468202899391,226.220748901367,0,210.808891296387,109.676698007891,0,0,139.283029174805
70.023271448472,0,166.950159246271,130.375246047974,121.437171391078,10.4779231459616,22.3574509058894,116.674689223127,17.855284914362,123.01598739624,114.359054221763,63.3946701874604,103.235855272621,86.0377681038596,17.3958248783585,37.6953066242484,0,180.665332794189,96.4382611788236,89.8655986785889,119.203034793629,140.663415908813,0,149.444394341831,132.975673177968,81.6849098205566,124.485945774959,135.544888496399,128.141723470485,13.5049839261228,116.100458665328,103.070640563965,4.46390321648986,81.5893859863281,41.8587321153208,0,0,232.521453857422,126.087043762207,0,0,205.018585205078,209.841156005859,216.230476379395,0,204.859212239583,0,0,0,201.477279663086,0,0,225.897979736328,0,0,0,0,0,0,176.817789077759,0,0,225.081344604492,196.370859319513,179.0712890625,0,0,0,0,0
46.9515965103258,100.364344278971,96.8661522463144,57.5625756812818,76.1677150726318,126.119092305501,88.6828552436829,60.9901684541473,79.6856250966934,61.6265520302646,69.9781455300671,96.2515181879843,100.596355438232,134.948506164551,42.0583903862955,85.1995216369629,71.7083585690229,86.376705868706,0,101.428283527919,90.2368583679199,34.474431803878,58.8465396969817,79.7762988210919,66.8393347994304,104.264714813232,118.434312881962,106.504961466052,64.6115396933736,17.5960031671585,37.424531606977,120.985134124756,81.5893859863281,8.22720214780463,32.0987351088332,114.198580423991,0,174.693471272786,78.3170781569047,168.081634521484,0,159.842239379883,128.249768307335,157.121669345432,97.6792762756348,163.825912475586,168.62353515625,107.64697265625,0,152.033851623535,0,108.814140319824,169.698501586914,0,0,0,107.981445550919,182.179489135742,133.513795035226,112.346855035349,0,167.876155308315,154.349452590942,118.976058411442,138.887042236328,114.453001532756,0,182.048202514648,120.764898935954,126.901477050781
70.4692917908502,55.9156711191371,59.9691120500218,67.4478920044438,96.5414269610149,50.2545780382658,71.1759825964912,81.0792517382378,71.8580559937765,90.0406156872946,88.4235246667882,27.0262555843068,94.8550692176217,61.3060545714005,58.2132886117392,61.2193509737651,79.0024394238089,34.3621453791677,57.1075081645318,42.6956695032646,93.5326504914657,47.1983809871243,77.4197446740986,45.4850850820857,86.9091353385679,60.8906754569773,63.2020917604677,69.342291534218,75.3366065425193,33.9293036522641,40.81151309345,74.3197631242979,41.8587321153208,32.0987351088332,11.5757713197683,163.672207302517,114.11219329834,111.333573942731,97.9985589479145,197.018859863281,0,168.232545640734,153.546131134033,184.71101101962,109.591449737549,182.109049479167,136.853797912598,156.66535949707,145.584055582682,167.940102286961,179.182327270508,124.48882392145,132.260994440393,123.379325866699,133.72378765453,180.722579956055,122.486842242154,89.7205149706672,126.88893047871,134.294467397837,109.082862854004,121.286435712848,114.516732612985,144.760133235412,165.137520530007,136.089683725864,129.611164093018,201.966461181641,147.904206169976,119.428852929009
129.982357025146,0,148.465639002183,79.412858096036,184.522438049316,0,165.013412475586,144.605783081055,149.982772827148,85.8707614474826,163.682626512316,0,0,0,165.10298538208,0,112.303955078125,196.566627502441,0,184.936065673828,150.163696289062,131.994633265904,97.0115776062012,157.483352851868,121.748591528998,0,177.447138468424,167.020932136698,124.681603335263,145.491616682573,124.344695499965,214.264259338379,0,114.198580423991,163.672207302517,10.3952757671251,121.003503799438,95.0361660068685,65.9170640818278,95.8098220825195,84.6449394226074,97.3090174928003,22.524905346493,36.4863333663633,65.7819540942157,58.2946485342707,118.197002592541,108.681047510218,134.666694641113,17.1440969630869,0,90.620854695638,94.1595426064655,126.567960739136,114.152541813457,108.889525731405,79.983767140909,104.806353495671,87.482296701205,77.5947150541156,124.273765563965,104.849298842251,115.497402907863,72.1285594781748,18.441038045856,29.4268291511399,154.554382324219,81.0989176432292,41.6536550521851,71.4992781376493
0,187.524597167969,116.414056951349,89.0182037353516,142.686187744141,0,0,188.771865844727,0,192.417399088542,145.784576416016,108.238699595133,115.914965311686,90.3998870849609,0,0,0,120.072853088379,0,146.313529968262,0,175.011917114258,142.830795288086,132.803904215495,151.701113019671,91.3712666829427,114.081420073638,107.778853985148,158.075655619303,177.489944458008,0,138.430337905884,0,0,114.11219329834,121.003503799438,8.73921925851559,45.1885751315526,19.2203443198664,0,116.491302490234,0,117.326760609945,142.965165032281,58.554088089665,124.69899113973,64.9831248692104,84.764780317034,46.2791200736563,128.895153392445,100.770920538133,42.0920011073985,58.4385172760432,78.40172996521,55.9154756735037,144.394653320312,91.2623985835484,23.1775934379393,58.9386681221627,75.5972502455315,20.171185386669,55.3682405499954,29.5544841572046,99.7245973398988,113.129801663485,101.855422973633,70.7060602628268,0,105.478977203369,60.9074905900394
165.874499003092,89.1762450368781,96.2353976918798,102.416315855803,230.778846740723,0,197.918977525499,183.111158582899,180.333570752825,132.289222717285,191.541381835938,133.904007805718,168.842132568359,145.082304954529,182.674899291992,0,116.610753237546,107.861933719681,155.477508544922,134.22753625167,0,135.326542798211,88.7144673795116,103.27078518011,151.289259451407,141.502836608887,114.706258712276,96.1686443716793,149.333385467529,160.893127441406,150.111698913574,156.216835021973,232.521453857422,174.693471272786,111.333573942731,95.0361660068685,45.1885751315526,12.898684866382,45.0832070451875,190.962898254395,164.593811035156,121.503086146602,88.3716679179692,110.492239258099,119.380091580478,115.829457581273,105.90575088501,178.620512528853,91.1670745849609,106.579177860884,131.858740488688,74.2579478602256,50.6724668637755,90.3114931534748,68.0974369479301,188.160777282715,76.1862340591279,41.5502852227694,30.7918418320348,110.315332654496,104.980755996704,36.3309974684987,26.891725909744,87.394377754708,120.774871191921,75.5562351878618,87.9975509643555,159.370218276978,112.604691664378,66.87062946794
