9.21985824270504,115.324256896973,84.237021029437,60.4401860116911,91.7231292724609,0,64.8737001419067,21.6218257348567,23.1606000282654,52.4533224244049,68.6115073780555,124.946925405729,109.125383758545,127.423274993896,14.2002695518576,11.8057270050049,113.932687759399,93.3422877321318,129.582564671834,104.840820137335,91.0744639805385,69.4114927409384,68.7250417327881,78.1862229915455,65.9394386562842,117.817878723145,101.072240599017,112.601594002639,73.8422198506307,13.4902104003606,25.8474654746068,0,75.302908261617,60.3462492502653,59.8154828183286,123.125728313739,0,146.795295206706,62.469510269165,0,0,137.411969502767,119.754378534132,137.832994842529,72.2879202100966,175.350891113281,194.448532104492,208.111968994141,179.802993774414,136.12310732328,0,98.2806749343872,175.53444519043,203.447563171387,190.497268676758,0,138.621487935384,85.0016551971435,154.764291763306,100.695755086919,0,173.906430925642,148.68157810635,107.957890394257,128.693883496662,114.046126302083,0,217.214279174805,116.937265014648,132.641631603241
115.324256896973,6.49183905502518,44.0590449196952,15.8143126550678,127.748638153076,0,90.3473358154297,142.565544128418,117.570626152886,64.9787592132706,0,57.8695406383938,112.224422454834,44.7113946401156,121.969274732802,100.491459933194,58.367793128604,46.2118237792671,67.4318122374706,46.5567539138516,0,83.4586582183838,22.3783980426939,56.9690912509787,72.1874031639995,18.6971535498628,41.8179693235573,26.8233119121627,102.720761193169,108.016236986433,104.359682950107,57.9340378182833,0,83.2756818135579,50.0277478233885,0,62.1386260986328,79.0870630173456,62.373260974884,0,0,0,177.17554473877,191.412612915039,217.887023925781,181.508636474609,87.367972056071,0,78.7058206830706,0,0,0,88.1337142357459,95.8755482991536,99.9668989181519,0,165.65348815918,67.3565063476562,125.331510543823,161.052352905273,64.5972355736627,84.3109790415004,80.1425149402921,0,0,135.232666015625,85.5804565429687,0,0,88.8828048706055
84.237021029437,44.0590449196952,10.601018631716,41.2681530457449,124.06280670166,156.020576477051,116.885133978439,90.1970981047325,108.064510243209,97.0072432623969,117.72755357158,85.8992054462433,155.530822753906,81.8254856613447,99.9728580306004,136.571186065674,82.6208555802055,34.0325231430733,87.5453764842107,54.4323728306502,146.454703591087,60.3978130817413,51.1926051053134,28.8348349486672,104.240910880924,81.3139584859212,26.5386446130025,35.6019630944903,89.5891442615654,100.791566757929,76.4949573389984,108.649585723877,152.148661295573,94.3018487930298,62.7841387361054,151.319912454356,67.6982199668884,82.4020391057749,75.7184774754411,0,0,179.904983520508,139.717056401571,171.051847669813,150.324193954468,152.949345906576,128.514151763916,0,134.017398834229,157.253873627761,0,114.106079673767,105.072996705951,146.02742767334,129.018675667899,0,126.101117235549,62.4366365915321,96.6175472868663,128.191001296043,119.191528320312,102.587330022507,83.7719618576605,134.034903160611,155.384900569916,128.306245834108,130.485443115234,0,150.610430399577,100.001629943848
60.4401860116911,15.8143126550678,41.2681530457449,23.465150494647,51.4852302719212,117.288853963216,67.7233498001099,59.9789959576899,72.0131391429142,18.5744820720505,62.4802835696041,77.5099827502407,66.7509755240546,49.0332329798226,78.3711034957677,60.710608959198,34.5369687796874,56.0788200555388,65.8448904752731,60.5596545891796,56.9425032615662,50.4900606431616,21.6194277575074,51.7667802545833,32.971237421335,20.2608121419073,48.6908520702066,36.0545454435293,50.3050646982716,69.4853107648963,52.639123989644,56.7981092480646,104.601516723633,54.1082459071174,53.1422934906733,76.8981700377031,18.9984658439954,59.2295731322406,39.8253634770711,92.1348857879639,0,103.854064941406,70.6041263761975,112.577173794017,6.85793769079755,112.443557612101,83.0634141401811,92.0499877929688,64.1383658851065,98.0634216308594,157.894485473633,59.5898926353455,80.0423586918757,70.1549898473228,87.8861463142164,102.145941416423,66.0534607696533,33.6256561082257,73.9087206522624,55.3104656150124,20.8453550586453,74.2833524273999,53.7183350917271,71.9368666361987,83.1521666726948,70.6338711420695,87.4995487758091,168.237564086914,93.7502931867327,80.4076473040459
91.7231292724609,127.748638153076,124.06280670166,51.4852302719212,7.76720631349179,0,55.8918525010298,60.3468990564346,88.4010035801296,37.4337922394418,26.9881359013644,150.398830837674,26.7583237687257,161.332794189453,99.8249484123068,50.4696879556159,0,151.421086629232,0,157.771485900879,12.0213620961468,116.893075942993,64.8247928619385,142.095326741536,19.6485617773855,0,145.632437705994,129.457401275635,14.2474120890515,90.9103759924571,100.609068477855,169.874237060547,127.267869472504,78.3007328033447,92.0903864695614,148.416915893555,0,182.722297668457,62.790583076477,26.5590822603417,0,122.583478439686,112.291509056091,135.682306425912,76.2757070440995,121.329523792361,0,50.7799658599034,0,144.272094726562,91.637393951416,146.761329650879,0,0,0,70.0452554546185,0,0,0,86.784075290926,0,191.714706420898,182.162422180176,119.192344231815,172.314101082938,138.54663848877,211.69059753418,0,0,160.004986572266
0,0,156.020576477051,117.288853963216,0,5.98752746621385,7.86429921452538,99.606320699056,16.8134405495242,115.121688842773,111.926393127441,52.9373730250767,89.9487545306866,66.7635404413397,23.3272090788638,14.232540364428,0,170.149627685547,80.529899597168,79.1684684753418,109.555786132812,89.9313888549805,0,147.550765991211,111.599637349447,0,97.7104271782769,94.9160861968994,120.479230608259,18.2241536311889,129.056106567383,86.8443641662598,9.13505965944823,0,30.8847115198771,0,0,0,0,0,0,0,0,0,0,0,0,0,0,0,0,0,0,0,0,0,0,0,0,145.137084960938,0,0,0,156.239196777344,0,158.890365600586,0,0,0,0
64.8737001419067,90.3473358154297,116.885133978439,67.7233498001099,55.8918525010298,7.86429921452538,9.77475083234896,46.6385174428715,16.8549448681926,69.0693399156843,23.3185918479899,64.2008028002592,25.8391234575603,89.9169200614647,31.1617477869244,13.5504805044108,123.781223297119,136.33197606996,111.501567840576,118.685295343399,39.8586299385585,91.3966122251568,109.386942545573,120.790009180705,61.0324181941018,96.9282875061035,132.274203390445,137.379574956121,52.6306384014274,43.0166686132341,99.0323070028554,111.411745071411,13.9635356366245,76.4793676896529,61.7274943373778,149.377106802804,0,177.226791381836,103.323449452718,88.722724369594,192.21467590332,132.552205336721,121.345530943437,144.256204223633,138.846630096436,134.507788085938,180.419502258301,133.915285587311,0,171.883104960124,0,0,196.350479125977,157.363357543945,209.219596862793,143.061635104093,173.832748413086,111.166374206543,0,111.598046948833,118.818481445312,133.093330383301,176.646866692437,125.499243640025,157.719887473366,170.030340576172,110.002685546875,0,179.125198364258,140.119895935059
21.6218257348567,142.565544128418,90.1970981047325,59.9789959576899,60.3468990564346,99.606320699056,46.6385174428715,9.39493822355427,48.2279729162295,51.9438513709236,19.6414277509407,140.701514150582,79.0024007333292,142.73763961792,32.0094804091955,65.6375125499254,110.20794889662,113.265137049909,150.551408131917,129.431178383846,78.5062384547957,62.6754542679282,79.5240050095778,77.0168156224584,59.9119243019682,150.303661346436,114.260446962406,111.775350952148,35.9913900168095,67.7479423993882,23.7697238440721,153.784280776978,106.028242902058,67.5426394728806,79.0878304270315,125.464339071245,0,151.805335792335,87.5995038804554,111.364238602774,164.102485656738,122.240844726562,110.193225850687,135.406323808351,79.1196686073586,116.618708620789,185.98412322998,137.912628173828,182.318893432617,137.744282573735,118.020785013835,134.889804224814,183.682488577706,212.903711954753,188.316482543945,123.518724060059,172.836980183919,104.813104224927,144.159007457977,97.5647893253449,0,185.29032273726,149.543187754495,113.442674658152,136.237705784985,125.057592021885,0,168.566253662109,132.935728549957,141.800759277344
23.1606000282654,117.570626152886,108.064510243209,72.0131391429142,88.4010035801296,16.8134405495242,16.8549448681926,48.2279729162295,10.5808115442173,71.6286259125166,47.0317897990473,72.516786233233,73.6186451985145,105.98011776253,16.1441304684649,32.4710866549576,131.397256469727,119.55411123907,107.802319377661,118.213775210474,79.5926255361893,88.2170137246772,93.4962638648781,100.781982452582,79.3110290212494,87.1784131954878,122.915247156937,129.145547345309,83.5872100340051,27.9174998152308,68.7887049724822,113.774266438312,14.8291329916202,84.9268812135208,50.3698446235547,144.216321994097,0,182.716635662576,84.0726903279622,111.762049484253,178.785675048828,137.196544145283,124.332787206617,150.213156021853,96.325662949506,134.654701986978,194.488116337703,169.294906616211,137.363857693142,155.121227885402,189.380950927734,166.439424133301,185.972246805827,153.061328887939,168.836387634277,151.63382297092,171.418533325195,116.614517211914,169.342381286621,114.525268848463,107.965549468994,163.710313650278,167.665661898526,126.188602647305,147.102632849557,140.571517479129,149.158986409505,181.203193664551,151.335408210754,155.853931895474
52.4533224244049,64.9787592132706,97.0072432623969,18.5744820720505,37.4337922394418,115.121688842773,69.0693399156843,51.9438513709236,71.6286259125166,7.32061186430328,61.8929933101977,120.965649706252,13.6334491834249,115.780548991579,72.6189865324232,13.1818242318736,68.934965133667,115.867600679398,137.945398504084,125.644997130049,42.0485450240874,81.8319727579753,26.1449804661943,98.8327189052806,17.5840463829918,97.1733487447103,122.67237995289,98.428049804261,43.8626171798706,70.2350434307412,51.5385288115471,127.011571611677,105.115009307861,53.98382407143,83.2610463229093,98.7243957519531,0,150.534088134766,44.4442960086622,62.9442839622498,0,99.8358507156372,94.1357281628777,120.934516906738,5.30003411490638,95.1942940988848,160.762802124023,85.7662538800921,150.246192932129,115.828170776367,0,113.035629272461,146.318809509277,164.142171859741,171.406295776367,95.3627529144287,0,90.8869501749675,123.80451965332,68.8957947194576,130.609897613525,153.806615976187,161.588383197784,88.0244618885553,101.936243057251,87.4397392272949,145.758041381836,173.508728027344,58.2154140472412,132.594917297363
68.6115073780555,0,117.72755357158,62.4802835696041,26.9881359013644,111.926393127441,23.3185918479899,19.6414277509407,47.0317897990473,61.8929933101977,11.1561745760713,133.735687652192,15.89917344333,142.933693885803,71.8818815326313,64.2461665431757,124.855381011963,157.393650495089,167.941731770833,160.980249459403,14.5140130468801,80.9400933583577,95.0778343200684,115.05976968882,60.6338037445873,151.201427459717,138.781900595163,143.654658050537,26.2953297037764,85.2675131566404,100.659143659804,153.124506632487,112.335840837671,80.9806670597621,82.1926102822016,168.174363136292,0,242.030426025391,77.7153818204805,55.4686163755564,180.457061767578,132.125765836955,120.353552633716,143.758308844544,97.6077521829044,130.849888212979,194.21457417806,132.756977485622,0,156.344984735761,142.325477600098,141.562815856934,0,0,0,130.536566925049,156.4326171875,97.0951614379883,145.835868835449,99.0075095770185,0,190.024837493896,185.452158246722,128.459190000536,164.019074353305,159.170901707241,0,210.697448730469,197.233245849609,170.585424804688
124.946925405729,57.8695406383938,85.8992054462433,77.5099827502407,150.398830837674,52.9373730250767,64.2008028002592,140.701514150582,72.516786233233,120.965649706252,133.735687652192,12.5193178913297,124.501316379856,18.55749238655,90.8808819710295,124.156170931729,129.92061920166,51.3617465499281,26.2170801348368,28.1308228832753,138.864081989635,101.61968301267,97.5720818665651,90.3019044287851,135.982769635259,30.9128328775513,29.9857845137906,53.5147610548571,144.11857141233,60.2677836996467,120.871456012859,30.7802845333813,59.8164309732157,88.0022714887346,25.4988247589853,162.70719909668,88.8725047864412,126.430687399472,91.0051460266113,0,0,147.275573730469,186.691534859794,168.9922803243,153.481404622396,0,84.7439412389483,0,65.1451841975158,160.274040222168,0,0,121.694401389674,90.1351753270022,104.382339620145,0,0,118.105339576458,142.992488861084,162.992023814808,60.0653046900683,90.3949163700389,88.6493907504612,177.355932617188,156.463258743286,166.355205535889,82.9610631167889,0,0,107.882832316609
109.125383758545,112.224422454834,155.530822753906,66.7509755240546,26.7583237687257,89.9487545306866,25.8391234575603,79.0024007333292,73.6186451985145,13.6334491834249,15.89917344333,124.501316379856,9.03097285176836,155.112041473389,96.9712691124449,18.4531639514557,134.879810333252,165.428823852539,176.172054290771,153.055992126465,12.7070039138948,160.323354085286,60.0505443149143,168.253786087036,21.45735869762,130.626043319702,166.44450044632,127.226936340332,42.5248186008828,90.479964169589,118.558619181315,165.084594726562,99.5748894911546,69.6373062133789,90.2471181582781,0,0,0,75.986629486084,50.4439200116442,0,123.370141983032,127.273410450328,142.224277496338,64.2315678066678,123.573897708115,0,90.9251743730951,0,150.299983978271,85.888557434082,0,0,214.058217366536,0,117.906134843826,0,0,0,100.771577902008,0,0,193.138636271159,128.703258968535,145.195388793945,0,0,0,0,0
127.423274993896,44.7113946401156,81.8254856613447,49.0332329798226,161.332794189453,66.7635404413397,89.9169200614647,142.73763961792,105.98011776253,115.780548991579,142.933693885803,18.55749238655,155.112041473389,7.37002329001557,132.56339302063,141.631200790405,117.947838338216,80.1044342517853,50.4944743241552,71.4557674845217,196.960906982422,156.053237915039,84.6490171341255,118.652442060198,124.965527219821,19.6842123493624,29.3772804353462,26.8566306204977,149.947117161106,80.0118396395729,132.564342167066,13.9426928881136,82.0572555943539,134.76655960083,55.8084499527015,185.245962524414,74.8657929160378,128.730463201349,61.6265214393879,206.649978637695,0,0,174.137262980143,157.442985534668,139.049524180094,190.51091003418,68.3659002164515,209.843505859375,53.437307045923,144.334869971642,177.880416870117,0,114.800314903259,83.1808591811529,100.002353150168,203.348114013672,0,103.093328052097,154.798471450806,147.012579544731,46.4150901689921,83.1537172673112,78.2847992174553,177.260330200195,173.674867248535,178.51530456543,72.9653642768534,118.70588684082,0,101.981283037286
14.2002695518576,121.969274732802,99.9728580306004,78.3711034957677,99.8249484123068,23.3272090788638,31.1617477869244,32.0094804091955,16.1441304684649,72.6189865324232,71.8818815326313,90.8808819710295,96.9712691124449,132.56339302063,8.84355930287326,51.8530260494777,109.346737289429,112.266234467597,126.639154889942,118.886640053257,96.9427581882081,80.9027103862931,79.5686312016753,92.4024863772922,83.5260631553052,96.154932975769,119.137457491444,126.498214583323,84.3972774442261,17.2267407452992,56.6522277123428,120.292347717285,11.594369498285,40.8178103700761,47.5353350851371,136.46146436838,155.461807250977,161.250555855887,90.9654267883301,105.811926269531,0,140.515454101563,128.645151248648,152.843121928553,94.1308320363363,145.577907816569,190.548657226563,209.095985412598,158.573371887207,149.499689102173,0,138.609990692139,182.492657470703,150.62434387207,158.889175415039,0,140.668874104818,102.888666697911,163.576186671402,116.24321082014,0,175.258218383789,166.166843707745,126.237459367321,145.052505016327,129.238247286889,192.906837463379,184.687927246094,132.801989237467,152.945509195328
11.8057270050049,100.491459933194,136.571186065674,60.710608959198,50.4696879556159,14.232540364428,13.5504805044108,65.6375125499254,32.4710866549576,13.1818242318736,64.2461665431757,124.156170931729,18.4531639514557,141.631200790405,51.8530260494777,7.73702659462079,95.0574111938477,141.844207763672,109.695213317871,139.28217792511,48.2797334169604,109.081661224365,66.79058378393,133.226822989328,32.0226066722607,123.552016364204,141.27299041748,124.160778045654,63.049941878513,20.8046953668996,105.399955749512,157.922963460286,29.741577524609,75.6771430969238,22.1210455929791,0,0,0,53.354663848877,82.3495546976725,0,99.978385925293,116.687992095947,143.241348266602,48.5988273620605,110.61226792769,0,101.433811187744,0,207.759689331055,72.7560348510742,0,0,0,224.731979370117,87.7816848754883,0,0,0,97.4041976928711,0,176.78303527832,170.354853312174,116.691498565674,147.264125823975,0,0,0,0,178.200408935547
113.932687759399,58.367793128604,82.6208555802055,34.5369687796874,0,0,123.781223297119,110.20794889662,131.397256469727,68.934965133667,124.855381011963,129.92061920166,134.879810333252,117.947838338216,109.346737289429,95.0574111938477,12.6419659342439,99.4401604672696,141.140853881836,112.727247649548,0,23.9368996692403,22.5591470533422,19.3073135996703,20.9423436302372,79.523991394043,99.2837520874653,29.8312025422892,33.0577242805228,88.8636435564827,69.7864912430808,125.18967590332,0,63.8991338556463,70.0987590573869,108.490718548114,0,110.423639763726,50.5843680402358,161.521591186523,0,161.180671691895,121.177784729004,135.033159891764,0,144.863114929199,145.620429992676,172.489166259766,133.879425048828,131.125112261091,0,82.0899156340352,135.411665235247,181.743133544922,166.015215555827,0,99.8632730090891,58.0819638592616,87.542882846091,98.0551490457649,0,155.406013011932,103.309823534705,102.179067911195,111.485874896283,102.165946473937,0,151.224258422852,94.9984983171735,106.686242760552
93.3422877321318,46.2118237792671,34.0325231430733,56.0788200555388,151.421086629232,170.149627685547,136.33197606996,113.265137049909,119.55411123907,115.867600679398,157.393650495089,51.3617465499281,165.428823852539,80.1044342517853,112.266234467597,141.844207763672,99.4401604672696,11.3840188333596,53.8479638792173,19.1072267275278,164.483508300781,62.5548148731257,76.4571401176723,19.8229019239042,120.364605771903,64.9147776979389,28.7687181871804,61.9768705182965,121.427960735075,93.6677286270337,71.827195491568,83.4610263109207,152.145200602214,76.1659227298502,42.3871109789283,175.741030375163,78.5863235337394,93.1800749828712,82.9251558055048,0,0,213.288963317871,170.254086143092,195.656509399414,144.763609313965,183.800797598703,119.269325256348,0,116.775437491281,180.623641967773,0,136.053025309245,105.199224481535,128.048035812378,119.498296932298,0,140.031837463379,87.8931772973802,111.525910577541,157.230620520455,75.0202560424805,99.7531195550216,95.3325511479286,173.197083028158,185.539605712891,145.121973876953,132.989933013916,0,154.393615722656,103.672818183899
129.582564671834,67.4318122374706,87.5453764842107,65.8448904752731,0,80.529899597168,111.501567840576,150.551408131917,107.802319377661,137.945398504084,167.941731770833,26.2170801348368,176.172054290771,50.4944743241552,126.639154889942,109.695213317871,141.140853881836,53.8479638792173,6.49923077930845,20.2960268091118,170.158548990885,114.55590057373,108.832329750061,85.333142513699,148.824454716274,45.3913211051265,28.3435464980487,57.8695351122875,162.110147748675,100.774917732165,119.420119505662,48.2187522507157,97.6597183227539,105.433381958008,60.8994780594929,165.135452270508,108.050073476938,127.571980067662,94.3236312866211,0,0,0,204.154323577881,191.687413533529,156.689092000326,0,100.323532333374,0,86.4923199653626,156.357559204102,0,0,128.323516498912,101.873643523281,103.283338928223,0,133.894058227539,143.454946517944,173.451586042132,206.064811706543,68.4679476180167,97.0489830859872,95.0020555576808,199.822774251302,137.634012858073,159.943759918213,98.0642265319824,0,0,109.482813596725
104.840820137335,46.5567539138516,54.4323728306502,60.5596545891796,157.771485900879,79.1684684753418,118.685295343399,129.431178383846,118.213775210474,125.644997130049,160.980249459403,28.1308228832753,153.055992126465,71.4557674845217,118.886640053257,139.28217792511,112.727247649548,19.1072267275278,20.2960268091118,9.88720781897113,170.951057434082,80.9281123408565,94.0864709276672,53.3722201135423,136.865693359375,45.9815517107014,29.2281036211425,63.4880174788389,135.939084670123,99.4693560158219,90.8987182214719,63.1530466983193,112.19176189716,86.2841432452403,43.0940152023345,173.185926818848,80.8423114664414,99.9195481382344,92.0284021277177,0,0,0,186.140060424805,182.997753143311,177.630749511719,175.439582824707,112.937429311324,0,106.351407029894,201.16083017985,0,146.30805275657,108.087479294772,113.168049559301,101.686427812319,0,139.429815928141,120.939505259196,122.4371727287,173.831063164605,79.2671734946115,94.6869860666539,97.4575329051298,170.48455619812,165.885199913612,171.988347371419,113.261470794678,0,133.230400085449,104.987135053362
91.0744639805385,0,146.454703591087,56.9425032615662,12.0213620961468,109.555786132812,39.8586299385585,78.5062384547957,79.5926255361893,42.0485450240874,14.5140130468801,138.864081989635,12.7070039138948,196.960906982422,96.9427581882081,48.2797334169604,0,164.483508300781,170.158548990885,170.951057434082,8.03732059623617,158.210060119629,83.3993940353394,126.133055369059,24.3963552350513,0,161.977517700195,159.768500694862,24.0376195401048,91.4992052873474,118.727719116211,0,115.307496706645,84.3645826067243,89.9709330849026,137.574996948242,0,0,68.7809033711751,22.1813438715741,0,122.786315466768,117.567848345555,145.76116511027,61.7475057045619,124.937584068519,0,25.596534632121,0,150.080834524972,87.8216217888726,0,0,0,0,46.3554696961903,0,103.407138824463,0,91.6896242247687,0,235.046974182129,205.317623901367,117.849872203974,159.418488566081,0,0,0,0,169.608329772949
69.4114927409384,83.4586582183838,60.3978130817413,50.4900606431616,116.893075942993,89.9313888549805,91.3966122251568,62.6754542679282,88.2170137246772,81.8319727579753,80.9400933583577,101.61968301267,160.323354085286,156.053237915039,80.9027103862931,109.081661224365,23.9368996692403,62.5548148731257,114.55590057373,80.9281123408565,158.210060119629,10.5400020127047,47.6721084407009,26.6882245135339,40.7261246605353,0,97.6502017211914,68.1780773076782,19.8189967199301,62.8142360021764,27.9196639290857,0,97.6300354003906,31.4096262405828,42.0183880735052,111.747114276886,0,121.094740041097,69.4830992282965,125.134773254395,0,146.381866455078,113.79063762318,143.748833600213,95.0193557739258,166.090913772583,182.308321634928,0,179.54426574707,122.864955647786,0,95.6077029127946,143.434431393941,166.111480712891,151.123918533325,0,104.971006647011,75.333015238745,107.283960588935,96.7747132301331,0,177.970102945964,125.04915599823,101.7461705052,113.848800614693,100.217714877324,0,226.900238037109,99.099730355399,105.693730435129
68.7250417327881,22.3783980426939,51.1926051053134,21.6194277575074,64.8247928619385,0,109.386942545573,79.5240050095778,93.4962638648781,26.1449804661943,95.0778343200684,97.5720818665651,60.0505443149143,84.6490171341255,79.5686312016753,66.79058378393,22.5591470533422,76.4571401176723,108.832329750061,94.0864709276672,83.3993940353394,47.6721084407009,7.74111494380305,48.5921287805392,26.747882750363,66.3997054767609,91.3114189571805,44.0196972441158,46.9838829060541,66.6040974085621,51.7490350257519,94.0732168382214,119.068916320801,45.4516128291929,60.3445277628691,91.2509781332577,115.013175964355,78.6556158298399,44.2245467690861,120.318389892578,0,135.72998046875,101.379573822021,114.111391703288,58.2115694681803,149.164165496826,135.366461617606,0,125.345087051392,101.166467493231,0,62.2061678504944,123.277610301971,143.991233825684,134.378542582194,0,81.8060490417481,44.4277297292437,70.0532801183065,77.0318709850311,112.005821228027,124.460929067511,77.2784290155215,82.290777686898,83.3091007933325,76.3077595684979,139.12141418457,0,69.5400004916721,97.8320056152344
78.1862229915455,56.9690912509787,28.8348349486672,51.7667802545833,142.095326741536,147.550765991211,120.790009180705,77.0168156224584,100.781982452582,98.8327189052806,115.05976968882,90.3019044287851,168.253786087036,118.652442060198,92.4024863772922,133.226822989328,19.3073135996703,19.8229019239042,85.333142513699,53.3722201135423,126.133055369059,26.6882245135339,48.5921287805392,15.322792889994,71.7979220360133,90.4279184341431,65.654538141876,52.0102303505524,58.5643625080108,79.9145494595706,49.5282583752687,121.494200134277,148.489312171936,48.2255942814182,51.4292245259966,144.615433349609,73.2280773162842,95.766432715362,69.3220141092936,181.518829345703,189.709396362305,234.884971618652,146.063433927648,175.830739071495,122.54586537679,164.215014024214,141.99733543396,0,136.293601989746,159.989801546422,195.185531616211,96.2172280274905,122.386648004705,210.201194763184,146.067136764526,161.584732055664,109.400333656455,70.6042512059212,100.470739499664,128.46746583887,0,138.418759240044,96.4953529428016,128.13153929879,138.589115098975,115.168279442803,0,159.128448486328,109.893974558512,112.925829118298
65.9394386562842,72.1874031639995,104.240910880924,32.971237421335,19.6485617773855,111.599637349447,61.0324181941018,59.9119243019682,79.3110290212494,17.5840463829918,60.6338037445873,135.982769635259,21.45735869762,124.965527219821,83.5260631553052,32.0226066722607,20.9423436302372,120.364605771903,148.824454716274,136.865693359375,24.3963552350513,40.7261246605353,26.747882750363,71.7979220360133,10.281473480237,104.274707423316,118.687485532063,86.0402711626295,19.9004944844546,79.9404864122885,65.639506242329,151.068596903483,124.936317867703,65.5027875480412,84.3728480082396,109.630589108625,153.220169067383,142.150188446045,53.7637808750131,90.4918214499232,148.147521972656,111.524762843683,98.3423983477063,121.801315918489,61.7350151639025,102.532459181857,172.163321495056,96.895997654308,174.212710062663,121.819200191858,103.217153549194,90.8013332480251,169.728370666504,186.592923845564,179.333303663466,106.495516377111,119.447742577755,61.3916890966068,126.478556028554,84.1434007786816,146.36962890625,178.594490771024,152.30057894799,95.6507835079836,115.128757875156,101.593464359574,0,152.108219146729,104.117580346894,122.088746012256
117.817878723145,18.6971535498628,81.3139584859212,20.2608121419073,0,0,96.9282875061035,150.303661346436,87.1784131954878,97.1733487447103,151.201427459717,30.9128328775513,130.626043319702,19.6842123493624,96.154932975769,123.552016364204,79.523991394043,64.9147776979389,45.3913211051265,45.9815517107014,0,0,66.3997054767609,90.4279184341431,104.274707423316,8.20229593093001,40.0693468946288,19.3693026224927,124.801274108887,74.1853632245745,122.457973480225,41.5500788584243,68.2589805603027,110.910577138265,52.236111503116,171.409873962402,64.2833368513319,121.123271179199,50.9903876384099,0,0,0,0,228.482559204102,129.214860534668,145.607292175293,59.0916114807129,0,46.5138548290497,116.655042648315,0,0,109.684865315755,74.9807458417169,80.1445856678243,175.131652832031,139.349151611328,96.5637328407981,131.733497619629,163.719668070475,34.4186952096953,73.0667376805501,69.5748719563285,185.55982208252,151.602773030599,166.640787760417,66.0676491534124,0,0,88.14617284139
101.072240599017,41.8179693235573,26.5386446130025,48.6908520702066,145.632437705994,97.7104271782769,132.274203390445,114.260446962406,122.915247156937,122.67237995289,138.781900595163,29.9857845137906,166.44450044632,29.3772804353462,119.137457491444,141.27299041748,99.2837520874653,28.7687181871804,28.3435464980487,29.2281036211425,161.977517700195,97.6502017211914,91.3114189571805,65.654538141876,118.687485532063,40.0693468946288,13.6700919454462,29.7445937678316,117.487139953904,109.165473705893,102.998012619919,18.6500288633224,121.155207016889,102.039995307922,60.7526862140714,166.858320690337,74.5510266190868,87.0501163955729,74.4069435937064,0,0,192.506484985352,170.204755009832,171.39877094942,160.183098929269,184.996003892687,98.3164123117107,212.347839355469,86.5617369515555,170.22553952535,0,126.949841022491,97.7415923951547,101.079042122339,96.5324910645316,203.347076416016,152.110394564542,115.587842719499,111.934644911024,160.543927999643,66.2374416246806,89.9190598453384,88.8488022294484,170.767017724379,153.31124941508,157.136936845451,97.7965896606445,0,153.112307230632,100.442997514156
112.601594002639,26.8233119121627,35.6019630944903,36.0545454435293,129.457401275635,94.9160861968994,137.379574956121,111.775350952148,129.145547345309,98.428049804261,143.654658050537,53.5147610548571,127.226936340332,26.8566306204977,126.498214583323,124.160778045654,29.8312025422892,61.9768705182965,57.8695351122875,63.4880174788389,159.768500694862,68.1780773076782,44.0196972441158,52.0102303505524,86.0402711626295,19.3693026224927,29.7445937678316,15.0853809990762,73.8845092684657,116.06324089898,99.3669016532178,18.8715110886599,119.051723773663,105.942248051961,63.2770107934451,163.308268547058,73.9041645679999,86.1237841781871,68.884400936152,0,0,175.31135559082,151.694612663483,178.070582144601,153.022421095106,179.3049491144,101.458343649186,187.472427368164,86.6175673166911,168.408304505429,0,96.5960964024763,101.008637394791,99.9924945985532,100.118734297015,175.265922546387,118.045695067713,66.6223559107387,97.7012951072605,140.778652216764,66.1773326166214,91.7059123841242,87.645401992136,136.336164434585,152.387070217648,131.75975934765,100.744173495569,0,131.215856698843,101.605198692895
73.8422198506307,102.720761193169,89.5891442615654,50.3050646982716,14.2474120890515,120.479230608259,52.6306384014274,35.9913900168095,83.5872100340051,43.8626171798706,26.2953297037764,144.11857141233,42.5248186008828,149.947117161106,84.3972774442261,63.049941878513,33.0577242805228,121.427960735075,162.110147748675,135.939084670123,24.0376195401048,19.8189967199301,46.9838829060541,58.5643625080108,19.9004944844546,124.801274108887,117.487139953904,73.8845092684657,10.8719759064188,78.3909428164085,46.3378385981043,152.471313476562,128.530774665601,60.7899060829084,69.128005281416,115.658567362818,134.270431518555,152.057821680288,68.3390975172502,70.4768741771894,157.762120564779,122.105380436412,106.260018704331,130.804894808469,75.6838554550003,119.14718290245,188.236357371012,125.583115011696,172.444351196289,131.483081116483,134.204476674398,107.054241274999,169.583874172635,198.584121704102,185.752316561612,122.125490066853,123.968136325959,77.5977268885899,135.870263516903,90.7409703129882,192.788513183594,188.817184448242,147.577942066947,105.801358383067,122.095769436205,108.350873434851,180.425567626953,168.358680725098,118.061829493596,128.327759959481
13.4902104003606,108.016236986433,100.791566757929,69.4853107648963,90.9103759924571,18.2241536311889,43.0166686132341,67.7479423993882,27.9174998152308,70.2350434307412,85.2675131566404,60.2677836996467,90.479964169589,80.0118396395729,17.2267407452992,20.8046953668996,88.8636435564827,93.6677286270337,100.774917732165,99.4693560158219,91.4992052873474,62.8142360021764,66.6040974085621,79.9145494595706,79.9404864122885,74.1853632245745,109.165473705893,116.06324089898,78.3909428164085,9.31453791566914,29.468588832549,89.3889097595215,11.2023531424364,11.8561565323692,31.6591465571188,127.78624420166,178.076156616211,166.912024124809,86.2648424668746,89.6707935333252,0,156.998987470354,129.224006328177,157.148910522461,85.8962102890015,169.113772305575,203.601842244466,183.655456542969,136.108139038086,143.462739467621,0,113.514526062012,169.248403549194,148.023338317871,155.396936416626,179.163887023926,130.175678253174,80.0350009373256,157.227758260874,114.508851173076,89.7580388387044,158.077296665737,156.187792750767,117.271648631376,133.636127202198,118.824992324367,99.5998001098633,174.046295166016,129.261470192357,141.600022700795
25.8474654746068,104.359682950107,76.4949573389984,52.639123989644,100.609068477855,129.056106567383,99.0323070028554,23.7697238440721,68.7887049724822,51.5385288115471,100.659143659804,120.871456012859,118.558619181315,132.564342167066,56.6522277123428,105.399955749512,69.7864912430808,71.827195491568,119.420119505662,90.8987182214719,118.727719116211,27.9196639290857,51.7490350257519,49.5282583752687,65.639506242329,122.457973480225,102.998012619919,99.3669016532178,46.3378385981043,29.468588832549,9.64555001751508,136.148986816406,113.110689435686,30.8092138838982,35.7720474178332,114.225557148127,173.77507019043,133.185292349921,70.0463658419522,131.736083984375,144.61882019043,156.188610621861,115.372955735907,140.569200197856,80.36418800354,153.824327822085,186.760356903076,200.68733215332,170.409214019775,129.450944047633,0,98.3923998354281,154.729229174162,204.027425130208,174.4329158238,0,107.7960345721,72.1886161478554,123.786174147096,97.8726277457658,190.177215576172,175.491283932248,140.790710745506,104.322668400695,117.974970024469,104.111970929132,0,180.578483581543,108.320186483449,117.881191993827
0,57.9340378182833,108.649585723877,56.7981092480646,169.874237060547,86.8443641662598,111.411745071411,153.784280776978,113.774266438312,127.011571611677,153.124506632487,30.7802845333813,165.084594726562,13.9426928881136,120.292347717285,157.922963460286,125.18967590332,83.4610263109207,48.2187522507157,63.1530466983193,0,0,94.0732168382214,121.494200134277,151.068596903483,41.5500788584243,18.6500288633224,18.8715110886599,152.471313476562,89.3889097595215,136.148986816406,5.58695771771027,96.1059248182509,116.979148864746,68.2153571956065,170.58666229248,98.4054222106934,103.22290802002,92.2194283803304,0,0,0,198.803195953369,180.221237182617,156.426610946655,0,93.2431812123356,242.083709716797,74.7951268513997,183.510925292969,0,158.143432617188,122.923619842529,96.6040998959372,101.382480226714,0,0,133.682788848877,185.189392089844,187.854095458984,62.5696159450487,93.0022024384344,91.475531891157,187.864730834961,179.683547973633,192.102355957031,92.727940826416,0,0,114.56046917564
75.302908261617,0,152.148661295573,104.601516723633,127.267869472504,9.13505965944823,13.9635356366245,106.028242902058,14.8291329916202,105.115009307861,112.335840837671,59.8164309732157,99.5748894911546,82.0572555943539,11.594369498285,29.741577524609,0,152.145200602214,97.6597183227539,112.19176189716,115.307496706645,97.6300354003906,119.068916320801,148.489312171936,124.936317867703,68.2589805603027,121.155207016889,119.051723773663,128.530774665601,11.2023531424364,113.110689435686,96.1059248182509,4.77487014970938,101.612525939941,38.8582656674269,0,0,0,121.634384155273,0,0,0,178.617609659831,181.12353515625,116.155265808105,188.802622477214,106.524108886719,0,0,178.430923461914,0,148.955413818359,164.270812988281,0,0,0,0,101.36270904541,0,153.996664047241,104.724662780762,110.298690795898,154.732444763184,156.738830566406,178.238006591797,0,0,0,0,0
60.3462492502653,83.2756818135579,94.3018487930298,54.1082459071174,78.3007328033447,0,76.4793676896529,67.5426394728806,84.9268812135208,53.98382407143,80.9806670597621,88.0022714887346,69.6373062133789,134.76655960083,40.8178103700761,75.6771430969238,63.8991338556463,76.1659227298502,105.433381958008,86.2841432452403,84.3645826067243,31.4096262405828,45.4516128291929,48.2255942814182,65.5027875480412,110.910577138265,102.039995307922,105.942248051961,60.7899060829084,11.8561565323692,30.8092138838982,116.979148864746,101.612525939941,6.9775674727171,33.9132883287711,113.216632618624,0,146.032847086589,71.6582808243601,0,0,0,114.754252265481,153.066230187049,53.5330905914307,157.436973571777,0,0,0,141.558586629232,0,92.9675824301583,157.608184814453,0,143.129638671875,0,104.020024617513,74.6761947631836,129.046511650085,99.7196484942769,0,158.449369430542,144.593748393812,104.130636189779,113.583044869559,101.241086236362,0,0,102.52804851532,124.078523736251
59.8154828183286,50.0277478233885,62.7841387361054,53.1422934906733,92.0903864695614,30.8847115198771,61.7274943373778,79.0878304270315,50.3698446235547,83.2610463229093,82.1926102822016,25.4988247589853,90.2471181582781,55.8084499527015,47.5353350851371,22.1210455929791,70.0987590573869,42.3871109789283,60.8994780594929,43.0940152023345,89.9709330849026,42.0183880735052,60.3445277628691,51.4292245259966,84.3728480082396,52.236111503116,60.7526862140714,63.2770107934451,69.128005281416,31.6591465571188,35.7720474178332,68.2153571956065,38.8582656674269,33.9132883287711,11.5981071938672,129.621405239763,84.5407121930804,94.269353599746,79.3378801345825,88.9860534667969,0,168.274685329861,129.326417803764,157.947380592083,99.8385585784912,159.767769308651,111.5576776777,223.653518676758,104.499702877469,146.885558573405,0,98.0629044790117,111.709307878867,119.258812569283,115.720350293146,188.434013366699,103.16014254823,71.2858205413818,104.843266074722,116.725023069582,104.98310546875,104.000224540347,97.150336204512,121.471278635661,128.135144109311,114.15249507867,112.65843073527,207.958267211914,114.922131856283,113.523751593255
123.125728313739,0,151.319912454356,76.8981700377031,148.416915893555,0,149.377106802804,125.464339071245,144.216321994097,98.7243957519531,168.174363136292,162.70719909668,0,185.245962524414,136.46146436838,0,108.490718548114,175.741030375163,165.135452270508,173.185926818848,137.574996948242,111.747114276886,91.2509781332577,144.615433349609,109.630589108625,171.409873962402,166.858320690337,163.308268547058,115.658567362818,127.78624420166,114.225557148127,170.58666229248,0,113.216632618624,129.621405239763,9.73168142115722,109.277239481608,97.6846747950504,58.8342644737069,85.3681882544409,95.0942371913365,54.8938173397933,27.7493261328133,29.4742369795865,64.9855063195322,60.7010735753622,108.005328950428,85.6291073041084,136.735944112142,15.4386571540047,37.463389724493,83.4196232882413,94.6160528497262,118.575730162782,105.210523303587,85.7684226845795,68.6062180557593,56.6982488632202,87.6417149581731,69.0366476317465,121.209465026855,106.792306636,118.099496648769,73.5832841595924,15.7284914856915,26.3091074060139,147.451127485795,88.6376700401306,25.8962348890893,64.8051076393343
0,62.1386260986328,67.6982199668884,18.9984658439954,0,0,0,0,0,0,0,88.8725047864412,0,74.8657929160378,155.461807250977,0,0,78.5863235337394,108.050073476938,80.8423114664414,0,0,115.013175964355,73.2280773162842,153.220169067383,64.2833368513319,74.5510266190868,73.9041645679999,134.270431518555,178.076156616211,173.77507019043,98.4054222106934,0,0,84.5407121930804,109.277239481608,8.26179563144612,42.4909549524755,11.6100022937783,0,0,141.892959594727,118.835810343424,134.30970954895,68.4593648772309,133.874198913574,62.9426850245549,125.549381256104,46.8734510350296,129.026926994324,114.416776657104,50.1950604864892,56.2012660847374,81.6625772476196,59.1511800212245,160.758041381836,87.0535837809245,20.1442149415178,64.3886238160681,75.4916856060289,17.9683919303557,48.7327844042263,28.5935148654217,98.3888041178385,101.829903125763,107.784345626831,63.1777466668023,0,102.318435668945,55.2276160725148
146.795295206706,79.0870630173456,82.4020391057749,59.2295731322406,182.722297668457,0,177.226791381836,151.805335792335,182.716635662576,150.534088134766,242.030426025391,126.430687399472,0,128.730463201349,161.250555855887,0,110.423639763726,93.1800749828712,127.571980067662,99.9195481382344,0,121.094740041097,78.6556158298399,95.766432715362,142.150188446045,121.123271179199,87.0501163955729,86.1237841781871,152.057821680288,166.912024124809,133.185292349921,103.22290802002,0,146.032847086589,94.269353599746,97.6846747950504,42.4909549524755,13.3144047848879,40.8329399840804,131.325592041016,128.501720428467,116.270966216057,86.041031314213,111.380751058717,109.366787433624,95.9105038127099,78.7545702561088,171.50868007115,82.8339816502162,103.004903010732,208.801025390625,81.6318081289098,35.6319690522003,79.3055002689362,62.5562814253348,167.253967285156,65.2861257705688,57.2270190966757,32.6140297485739,105.624071455002,70.6195175170898,25.4944224620102,26.7096915031764,73.497982955511,121.02365715824,67.7859924692158,75.6287974481997,162.398963928223,119.884906181922,59.5667306982458
