11.5225012036135,0,113.098978631507,73.6735166437486,90.8062168056682,118.082145690918,87.9587502278073,35.9113960703987,45.647597886374,79.9535612076048,73.5315599085765,132.746415530934,93.0241470336914,169.267669677734,23.3275910886805,76.0255070854636,126.407499525282,121.152095885814,159.988819122314,142.1062980228,96.8906340165572,91.2292254782472,102.514059448242,100.542862358994,85.2591965573693,0,136.148072186638,139.374736743969,90.1865268537136,21.8138012388619,29.8361039320331,0,102.774566650391,45.265083422606,71.5664907276924,144.244464287391,0,0,104.030200958252,184.604949951172,0,176.473719278971,140.38402155826,169.213105826542,77.8395385742188,168.746055603027,0,0,0,174.71766045753,215.54264831543,160.171269008092,193.004745483398,0,0,193.720550537109,180.605880737305,127.756359863281,167.382853190104,133.185011661414,0,215.604354858398,175.422956466675,143.365030924479,171.560871734619,153.374066034953,0,206.690338134766,162.712160382952,173.304826624253
0,7.49611470889305,48.3048414372383,13.8828270883171,114.24559211731,93.5379638671875,149.144478934152,132.758800506592,146.387919955783,76.7632286322554,132.952945709229,67.3298544263626,129.698867797852,56.9928825768329,129.860076904297,114.223084426508,46.0698510726293,58.2037231299528,76.8321888787406,62.1153937047071,180.778915405273,98.1308238983154,26.1402126887253,68.5464271154159,81.688484570574,25.9296436476498,57.6355600957795,29.7510201914956,100.526247809915,114.107253074646,109.504034042358,69.5463633934657,107.292724609375,0,65.1182438777043,162.749885559082,54.3961734771729,79.9076911770568,37.3372410222104,0,0,0,154.830192565918,183.024894714355,243.372543334961,171.065299987793,114.900179349459,0,101.820795507992,178.56906636556,0,119.378360493978,92.8748447711651,117.416709899902,94.3728981018066,0,137.003529866536,112.932453155518,108.637662447416,151.176330967953,69.6416835784912,85.8532383551964,80.7040702560185,160.117414686415,204.616996765137,165.211868286133,118.403084754944,0,0,98.8701038360596
113.098978631507,48.3048414372383,15.4841849960208,63.756769983392,144.900481451125,156.866954803467,136.370091798442,107.88617491209,124.191461202797,128.007865577616,129.190331946174,87.0208382097263,152.317965580867,98.0032323201497,127.28145012236,146.627033458037,95.3608413830138,52.0204517148787,86.2547348907028,71.3411482012951,159.466990152995,73.7883622781195,68.1967958344354,36.6563068849248,118.489596955597,96.2803717719184,44.0753275200965,41.27199442152,103.801053019051,125.138778696048,98.2752981191127,94.3933959801992,155.30757119315,121.747708534708,71.1014638836921,200.64575958252,81.8526800595797,98.8922727034539,77.3374745051066,199.751917521159,0,218.215326944987,182.621323605801,197.101291656494,162.41001701355,193.863952636719,147.794823782785,0,156.840991210937,202.922594706217,182.845545450846,132.450816798855,115.925828292657,161.291902451288,128.266899211987,0,148.881099772903,101.708227804433,126.721699890661,160.443299498739,121.137845993042,109.136725704973,98.5666637930075,184.225319529689,203.894333430699,161.405743975972,146.384981155396,0,187.063632965088,125.817534771162
73.6735166437486,13.8828270883171,63.756769983392,16.5222938485868,70.4884012506363,124.601773579915,89.6196222200498,66.1822260786477,89.7180579200975,32.335972468709,74.9224194475612,82.3493092193036,70.7246630532401,60.4315772687013,90.6739164179022,69.9321263631185,33.3514126497646,78.6890659072772,98.2552034204656,81.3364373075551,60.8581080229386,65.6057138532122,19.6757481267332,64.6867072480884,43.5545423461417,29.4963090541581,63.2605146535238,43.4259922887647,62.2333973135507,82.6633830986023,64.1461189721018,85.3463868697484,135.670326926491,69.0519099235535,71.8343286123889,91.9535323381424,87.5307170020209,91.7998586614081,32.7187746810913,122.191325794567,142.749404907227,118.942593661222,78.813399380477,100.05496267172,93.0307300885518,94.1503945456611,110.074704663507,160.441692352295,99.2872732208996,114.58205365463,93.5949465433757,54.8368795771264,110.069427013397,102.602416992188,112.89876440297,188.206573486328,78.5081641107118,47.2743536631266,76.5817686679751,70.3247804419939,58.789219720023,91.8015386560461,72.5506143449228,83.4930478039451,104.362324023247,79.1153722401246,140.088309151786,0,92.1509321826999,89.2999465942383
90.8062168056682,114.24559211731,144.900481451125,70.4884012506363,10.0093459073593,118.080794886539,69.3306842645009,67.7757630572893,102.765154316939,55.2349345372196,23.5273284391931,159.521850585938,39.8409739061527,189.134735107422,110.221779332578,70.0088276801171,81.7157099797175,159.27620974454,170.194351196289,172.667676289876,12.7566260443172,120.941815411603,89.0718720753988,126.210009421072,25.5133107325361,152.787338256836,161.413032980526,128.48708179329,20.6710859809566,113.342597723007,104.380781860352,0,137.85731159557,93.0760451725551,120.391126660333,149.032605997721,158.842544555664,205.816314697266,133.034966362847,35.0429668499452,0,151.781362997519,140.87891254425,153.902686164493,105.181517839432,149.150158988682,0,52.2294331759941,0,177.831041463216,162.441436004639,153.465021133423,190.555541992188,0,0,76.3257493972778,172.909721374512,150.961010742188,199.849484761556,123.98732088819,199.6123046875,210.526938302176,186.045066833496,148.482402935519,177.253261021205,159.306037902832,0,0,147.660339355469,181.183143615723
118.082145690918,93.5379638671875,156.866954803467,124.601773579915,118.080794886539,8.11444742761334,10.4744277464239,112.274886730105,18.3154789311457,75.7314088609483,102.003905711455,53.1518817951805,94.589603515625,72.2894077301025,28.8470150535814,15.4068508557338,0,142.726614413054,84.1935649671053,95.1705629984538,102.610278594188,149.087971613957,98.6129760742188,154.301991006602,112.58570912679,118.885320027669,134.81921504094,115.992998990146,136.997565405709,29.1026970830738,136.73860168457,96.4402866363525,11.9926135261133,91.5287284851074,33.8507149302876,207.556335449219,0,218.410034179688,0,142.807749430339,0,208.112874348958,182.38473815918,184.593055725098,0,201.289218139648,0,127.016240437826,0,222.083381652832,198.383163452148,0,0,177.293273925781,0,0,0,0,0,171.293284824916,0,150.896102905273,161.024040222168,198.41726902553,216.132934570312,171.949829101562,0,0,218.599800109863,185.774200439453
87.9587502278073,149.144478934152,136.370091798442,89.6196222200498,69.3306842645009,10.4744277464239,12.6462764878833,64.6788718049321,22.6488603114717,53.5716632698096,34.9581816592014,101.375956217448,32.5210226900782,152.068539428711,47.6537798378009,14.1290854105425,139.652572086879,156.700069936117,129.771583557129,159.201252280892,41.4957506285116,116.117105011713,121.374689737956,129.072360539257,82.0037732498953,137.833251953125,160.113851394653,156.963341646416,86.7352642234103,62.5074985030708,102.833957181798,157.863351004464,42.6963816218906,101.565715839988,85.0020092051962,162.28396765391,242.327041625977,208.087108612061,172.42752456665,144.910233864417,194.952697753906,171.349055920617,153.016648952778,164.686210452102,131.947625841413,156.351426508977,0,72.977765343406,175.285034179688,185.382775268555,183.455980573382,184.875324794224,212.54817199707,241.434112548828,205.508087158203,159.266214370728,195.081775665283,187.762484232585,198.540636189779,140.663483867782,0,222.824905395508,209.871836344401,155.855520244329,185.157980330003,174.605093955994,0,0,174.496771240234,187.650146484375
35.9113960703987,132.758800506592,107.88617491209,66.1822260786477,67.7757630572893,112.274886730105,64.6788718049321,15.3530935385846,62.0629355730205,60.3965866121195,28.9380556505157,159.894733208876,64.0237443587359,163.333780924479,55.4478256119827,84.4118336433142,94.1810284834642,139.578254655923,172.310687637329,158.449422796289,76.4267701541676,76.4677346079432,96.9238991303877,93.7278203829232,64.1504580857647,178.796241760254,141.749117249967,119.038027908749,41.9646960007996,81.7818900206394,31.054375395703,200.460231781006,130.14724281856,81.4003673188892,103.30664851204,142.379729010842,154.30192565918,183.543928782145,117.42202393905,144.957401617249,190.084759521484,154.303475133834,130.532710588366,149.766418766182,114.152653752541,139.432410108778,215.05204303448,155.856889724731,235.234268188477,165.116071527654,166.6129019601,150.945059842842,201.98946041531,233.054653167725,218.036695692274,141.45344543457,170.692426045736,142.750025103169,171.902685611806,121.043407445166,0,215.413488214666,172.362078827697,136.897050081721,165.692041939552,149.141820467435,0,198.058131626674,152.579196437713,159.897804517425
45.647597886374,146.387919955783,124.191461202797,89.7180579200975,102.765154316939,18.3154789311457,22.6488603114717,62.0629355730205,10.7815899046499,89.429584564209,43.4047447463098,86.2684414998079,85.6081205460457,105.86266784668,18.9473583598222,32.4914259767443,143.461908976237,136.849122696564,128.88423449707,141.309138574779,85.6976137745137,104.361755306495,108.30340133667,114.9014793068,94.7075295038247,116.647052764893,144.582580522509,142.846212831067,98.7049637295269,39.520808818531,76.4486467158415,129.334095478058,17.886526117734,84.2197307296421,65.6494290891166,161.459681663984,173.560966491699,189.697719319661,122.378665161133,175.774688027122,188.209274291992,167.838693773424,150.417105255127,165.523814053006,129.483394622803,159.924377857555,222.882659912109,111.038740158081,168.405937194824,180.236219200721,178.572891235352,175.486183166504,202.855395846897,209.707489013672,209.933905029297,0,177.134833702674,153.265704154968,187.34449089898,143.405893527544,225.734649658203,195.986345178941,185.184690324087,154.821349571491,182.284236500857,163.539874188312,179.751281738281,196.095626831055,176.951498921712,174.856774506746
79.9535612076048,76.7632286322554,128.007865577616,32.335972468709,55.2349345372196,75.7314088609483,53.5716632698096,60.3965866121195,89.429584564209,7.48545778317769,63.5955685189872,139.166974807367,14.4691414022292,129.467596633967,92.8588924664553,24.5399543215823,77.1206195354462,128.820465688994,150.036206950312,141.267859141032,35.2014359924771,92.746118927002,28.7621193874305,122.504520849748,22.5003315161755,106.369836852664,129.959860506311,108.406737471476,59.642385355833,86.8908105475487,69.5395257447465,144.841231083524,138.73682975769,72.8620961133172,114.999433232934,120.644573465983,131.501542227609,145.514339447021,108.772414616176,101.381327765329,0,132.560029463335,99.158927076954,144.382045887135,38.1594742995042,111.343287314138,185.970138549805,80.6102428436279,181.567524765477,152.479377083156,96.7018699645996,145.642206573486,161.787600199382,0,172.193560282389,135.280825297038,137.977272987366,104.421821049282,160.272731107824,102.135334079185,157.243194580078,162.250748697917,155.309075372869,122.895709055775,149.291129589081,138.361574613131,196.297718394886,173.345245361328,138.292892456055,172.937930714
73.5315599085765,132.952945709229,129.190331946174,74.9224194475612,23.5273284391931,102.003905711455,34.9581816592014,28.9380556505157,43.4047447463098,63.5955685189872,16.9457154091148,158.495602102841,33.141895139193,188.407702975803,76.9071860035239,75.7791340443311,131.762500508626,165.679611873106,178.903144249549,173.959055736811,14.6355430386385,104.117191768828,115.941150771247,119.772945793177,56.5751998195129,152.379119873047,160.472730520378,152.958028069858,28.9782921200183,103.197823252489,94.3418200835017,202.563944498698,127.088322683481,95.7930119373308,102.755384418268,164.708602712124,172.773910522461,212.500688340929,124.253514828889,146.742174288322,202.882909138997,155.673677668681,138.126735255729,152.373011864149,106.920120582152,147.27554216491,225.199136734009,145.223765129591,221.852717081706,181.719863677443,147.618458500615,176.050964920609,203.838854980469,233.967147827148,238.800197601318,151.092857503445,196.518613815308,168.922476395317,200.428984885992,125.259993199197,203.71752166748,220.998721313477,196.451809817798,148.218984096548,178.221192372988,178.984766642253,240.534942626953,202.965627034505,184.3952664462,182.073052740716
132.746415530934,67.3298544263626,87.0208382097263,82.3493092193036,159.521850585938,53.1518817951805,101.375956217448,159.894733208876,86.2684414998079,139.166974807367,158.495602102841,12.7463918774458,137.884335835775,30.488164836615,77.9645740168435,106.058189245371,129.682111805883,49.9125764235011,24.3519967892493,25.6243128301919,147.849114227295,104.146518516541,102.62070415866,96.5730071038315,152.933951142014,35.1881533969002,38.2611270973455,64.5245802564546,166.15021787371,73.3027347389627,125.625887345898,39.0482854732592,59.9872906324599,100.093758174351,26.7319283416336,0,113.288503011068,143.211772155762,64.6832342147827,0,0,178.073318481445,234.720016479492,189.563534327916,226.334335327148,229.399724324544,81.1212102669437,150.307540893555,75.6215978439885,174.296404520671,0,185.720455169678,155.61781946818,112.836541917589,125.913527312102,227.804290771484,176.639038085938,151.218393961589,171.696403503418,205.734429931641,78.7378688204116,105.659700310088,110.954635437596,213.342323303223,179.342613220215,192.329376220703,93.8587321645206,110.796649932861,0,119.876292637416
93.0241470336914,129.698867797852,152.317965580867,70.7246630532401,39.8409739061527,94.589603515625,32.5210226900782,64.0237443587359,85.6081205460457,14.4691414022292,33.141895139193,137.884335835775,10.3060053835809,180.6614112854,99.5849331503724,20.0114525186891,142.502711486816,169.06810675727,155.422078450521,169.041665297288,15.1124578041113,142.862882995605,82.2497857411702,150.392623901367,31.4920592794531,144.324493408203,172.865404764811,152.981115432013,55.3093032380867,109.062511210539,129.535572932317,0,117.219909191132,101.248460388184,104.163082725123,202.601741790771,0,0,50.6597061157227,65.396695801706,0,164.572911262512,163.981991014983,171.343975067139,153.332492828369,146.320102844238,0,14.6097010969391,0,192.457987467448,94.8735675811768,163.730010986328,213.459411621094,0,0,0,0,231.129974365234,192.668243408203,145.046480261761,0,232.532257080078,196.575520833333,155.303076825823,194.409378051758,167.897445678711,0,0,0,161.961929321289
169.267669677734,56.9928825768329,98.0032323201497,60.4315772687013,189.134735107422,72.2894077301025,152.068539428711,163.333780924479,105.86266784668,129.467596633967,188.407702975803,30.488164836615,180.6614112854,9.13518906211526,125.706789652507,165.275517599923,125.421021597726,82.0284055074056,62.9427364288814,79.6619438171387,186.170745849609,160.413375854492,90.0136736896839,133.142489624023,140.279034030053,21.0205304783596,55.6749881978305,35.2975059968852,162.983890533447,104.997223593972,169.521121554905,16.5818667107705,83.0349678039551,0,54.7593980058331,0,102.763619559152,155.636077880859,64.6243880300811,0,126.035606384277,137.224395751953,229.196319580078,128.516334533691,206.526080322266,231.714340209961,77.0330344425916,0,71.7608368932974,160.032230801053,0,194.30451965332,162.760787963867,96.3644506835937,114.866633733114,0,188.432464599609,145.366090774536,210.586296081543,214.246520996094,67.6707469992442,100.875399311384,99.0215512016204,0,159.75883102417,217.570922851562,87.9023961729358,97.8407440185547,0,102.542320013046
23.3275910886805,129.860076904297,127.28145012236,90.6739164179022,110.221779332578,28.8470150535814,47.6537798378009,55.4478256119827,18.9473583598222,92.8588924664553,76.9071860035239,77.9645740168435,99.5849331503724,125.706789652507,11.8304658173467,41.4836579109859,137.783277440954,136.590597366752,122.289642790444,135.949863138558,103.682362928923,107.014943446059,116.424133175709,114.861784119321,100.954147336075,91.5112361907959,143.289353181089,148.719712719183,107.95296440151,29.4693488065131,62.5662254831029,141.451516723633,22.1881535512751,55.5435743049571,56.729586250381,166.56752102874,0,209.46626663208,133.903202819824,169.513459777832,0,175.748982305112,158.885164794042,178.727898441144,121.406721848708,171.257360458374,202.934144973755,118.018959893121,0,191.452623536601,199.245895385742,166.585007258824,219.337515258789,0,206.55154800415,0,189.83006362915,141.872901280721,184.06360168457,150.350454760612,225.857055664062,186.848757789249,187.047169566154,160.444832099372,186.958671892893,171.060311436653,157.220321655273,220.82657623291,173.614420572917,178.173826573259
76.0255070854636,114.223084426508,146.627033458037,69.9321263631185,70.0088276801171,15.4068508557338,14.1290854105425,84.4118336433142,32.4914259767443,24.5399543215823,75.7791340443311,106.058189245371,20.0114525186891,165.275517599923,41.4836579109859,7.62071450888018,112.875782775879,161.351614536383,120.683034896851,166.304066708213,49.7771674095116,127.237046922956,83.5679982992319,135.265161402085,48.1678568511814,143.995426177979,167.870638470317,141.374706891627,95.7057698454176,55.0557720065117,103.796243719152,231.214324951172,46.2596168006027,89.5591958852915,65.4844052549722,170.564971923828,0,0,0,118.028789520264,0,169.52698059082,160.134919819079,154.195892333984,91.1678237915039,158.257986450195,0,99.6453708648682,205.832214355469,196.682536533901,69.4610900878906,172.580856323242,0,0,202.698837280273,155.841613769531,211.559494018555,0,201.006988525391,133.561948231288,0,195.371072387695,180.824760437012,166.548904418945,172.677610778809,169.205418904622,223.351577758789,0,0,175.95991007487
126.407499525282,46.0698510726293,95.3608413830138,33.3514126497646,81.7157099797175,0,139.652572086879,94.1810284834642,143.461908976237,77.1206195354462,131.762500508626,129.682111805883,142.502711486816,125.421021597726,137.783277440954,112.875782775879,11.4143551495869,105.557095209757,144.038818359375,123.514290414205,98.9893951416016,31.4861892862929,30.2075037620374,23.4865165454454,31.9627893239195,110.147630055745,111.881318086113,26.2925747789778,47.1898313882277,109.408066987991,81.2667911455572,138.736854553223,119.88549041748,83.7975558619345,86.5773203139915,120.252412414551,122.206624031067,116.784598456489,133.751552581787,145.716232299805,0,188.074142456055,149.239570270885,185.317504882812,162.262924194336,176.558046340942,193.682182312012,243.2685546875,0,169.803682847456,0,95.5629661545825,135.366350446429,179.392280578613,152.933715473522,0,115.020514598493,63.1334814552132,107.42533629132,121.836983041665,0,154.111662657365,104.146416587883,132.762093332651,141.911261848781,114.436641613226,0,0,117.235966152615,116.382037628862
121.152095885814,58.2037231299528,52.0204517148787,78.6890659072772,159.27620974454,142.726614413054,156.700069936117,139.578254655923,136.849122696564,128.820465688994,165.679611873106,49.9125764235011,169.06810675727,82.0284055074056,136.590597366752,161.351614536383,105.557095209757,12.533013468999,51.1403209175862,22.0987991305312,166.026867675781,68.7630129158152,93.4311829313226,38.1134509220579,133.522928531353,94.2958541870117,38.1273507133443,74.3160000269538,138.41859088438,110.045901706999,89.4642114831505,93.329591812626,134.028553009033,98.5062847985162,45.1314961211471,208.501293945313,78.4593048095703,116.584063312795,87.025395320012,0,0,235.718139648438,208.399688720703,220.371109008789,174.507990519206,176.515808105469,128.466106959752,0,127.157185872396,214.446888316761,193.631118774414,164.684178001002,130.370184762137,138.30542678833,133.430743074965,0,182.375065556279,117.267798105876,159.892595321413,183.878240966797,118.497010664506,113.769127118986,115.202692671826,197.91609954834,214.717934926351,188.828001542525,166.318649291992,0,166.459986368815,145.328657079626
159.988819122314,76.8321888787406,86.2547348907028,98.2552034204656,170.194351196289,84.1935649671053,129.771583557129,172.310687637329,128.88423449707,150.036206950312,178.903144249549,24.3519967892493,155.422078450521,62.9427364288814,122.289642790444,120.683034896851,144.038818359375,51.1403209175862,8.78654031998121,18.2494159765582,159.476196289062,129.338581806905,115.312821388245,101.123316401059,161.366208528218,48.706835025202,33.0895075011992,69.661967163472,180.06963289701,117.442446258545,139.650185186213,55.0575004287113,103.758463407818,125.855525970459,55.8021352438102,0,146.103664398193,183.845458984375,87.716088104248,0,0,0,248.013046264648,148.946418762207,200.131240844727,0,101.823246510824,0,97.1116357751795,0,0,0,147.44947052002,107.07049734933,133.492150806245,0,0,173.914291381836,213.922286987305,196.307800292969,83.8776654924665,109.83928609859,107.757408993061,231.792388916016,160.027477264404,0,104.055062294006,0,241.743637084961,127.524454752604
142.1062980228,62.1153937047071,71.3411482012951,81.3364373075551,172.667676289876,95.1705629984538,159.201252280892,158.449422796289,141.309138574779,141.267859141032,173.959055736811,25.6243128301919,169.041665297288,79.6619438171387,135.949863138558,166.304066708213,123.514290414205,22.0987991305312,18.2494159765582,10.3409333992453,188.02175394694,108.293998751006,104.984546217808,81.5385448627902,148.260408291147,49.4160734064439,34.0180366939542,73.3056339147283,160.468221749832,118.457735373391,122.462296987402,64.7459110494433,86.0059292512781,121.183912913005,41.0161382531536,0,112.186929122261,130.867949167887,67.6352160317557,227.80876159668,0,244.892211914062,226.195444742839,201.030008951823,191.588399251302,225.343124389648,120.174145785245,193.205978393555,112.339297231038,199.433780670166,240.397109985352,184.501320975167,169.583062308175,111.984397888184,126.70346156529,0,215.21061706543,155.745175933838,184.809679158529,212.105836995443,80.5713296228526,108.70236152222,111.052149881736,221.544319152832,194.191596984863,210.041224161784,136.619333902995,145.638244628906,223.579788208008,139.577094338157
96.8906340165572,180.778915405273,159.466990152995,60.8581080229386,12.7566260443172,102.610278594188,41.4957506285116,76.4267701541676,85.6976137745137,35.2014359924771,14.6355430386385,147.849114227295,15.1124578041113,186.170745849609,103.682362928923,49.7771674095116,98.9893951416016,166.026867675781,159.476196289062,188.02175394694,8.32779346489487,142.498453776042,0,153.43890953064,22.1678399809571,0,161.336924961635,135.638032277425,32.0154222847175,110.289636424511,134.093224661691,178.091217041016,120.868206697352,111.911429268973,105.081212457621,176.032168579102,0,0,102.508140563965,58.2251671189847,0,155.67666348544,136.728328358043,152.473672485352,93.7504238552517,142.937898446848,0,8.46726107224822,0,162.376972198486,150.90168762207,0,180.580276489258,0,0,144.011747360229,151.932754516602,0,0,115.057207071556,180.909637451172,0,194.164791870117,145.606209534865,188.611110014074,228.694076538086,0,0,0,160.346252441406
91.2292254782472,98.1308238983154,73.7883622781195,65.6057138532122,120.941815411603,149.087971613957,116.117105011713,76.4677346079432,104.361755306495,92.746118927002,104.117191768828,104.146518516541,142.862882995605,160.413375854492,107.014943446059,127.237046922956,31.4861892862929,68.7630129158152,129.338581806905,108.293998751006,142.498453776042,15.1774617382781,61.2882202897116,36.8425363176118,56.9776208632244,133.766413370768,114.892889745308,86.1570073543578,41.677400517916,87.1787454410118,35.5080703163035,134.59405263265,166.503121768727,70.3590241654854,52.7160816043134,159.269182758947,246.231307983398,141.248415042193,152.222438049316,0,0,189.752215576172,158.137488114206,190.823593139648,142.387051391602,183.120416913714,150.398040771484,0,0,177.933248901367,213.557281494141,116.903794727129,160.643120166867,214.487663269043,179.335713386536,161.16975402832,124.472158057058,84.0789677612764,130.457834114149,134.534058085417,0,182.481198447091,136.507528490725,143.070927754301,160.517916459304,125.365805838449,235.293716430664,0,132.796893920898,139.805547149093
102.514059448242,26.1402126887253,68.1967958344354,19.6757481267332,89.0718720753988,98.6129760742188,121.374689737956,96.9238991303877,108.30340133667,28.7621193874305,115.941150771247,102.62070415866,82.2497857411702,90.0136736896839,116.424133175709,83.5679982992319,30.2075037620374,93.4311829313226,115.312821388245,104.984546217808,0,61.2882202897116,10.095355685092,63.6042005227186,34.269801953507,67.7866256686023,97.2749788101683,39.0181032876446,62.5467024429229,79.3442498524984,59.508949612918,104.439208778175,161.44150797526,63.6411704430213,77.6607059652155,108.288558296535,102.382268269857,91.4449394812951,42.5088869975163,138.835098266602,0,0,121.208364920183,157.966983371311,72.1022504459728,178.332211812337,154.272323608398,0,137.340329589844,120.92843653361,238.989990234375,68.7494082197088,119.627213217995,144.712371826172,127.575165666853,0,81.9854065882017,50.8968574036943,91.4503982600881,95.3283524800496,124.710870107015,120.647748970691,89.458430517685,97.5557183200873,110.371793372609,83.128549133172,145.574416160583,113.788177490234,87.5118553638458,100.673931503296
100.542862358994,68.5464271154159,36.6563068849248,64.6867072480884,126.210009421072,154.301991006602,129.072360539257,93.7278203829232,114.9014793068,122.504520849748,119.772945793177,96.5730071038315,150.392623901367,133.142489624023,114.861784119321,135.265161402085,23.4865165454454,38.1134509220579,101.123316401059,81.5385448627902,153.43890953064,36.8425363176118,63.6042005227186,20.3068932866992,78.7248612750874,121.511383056641,74.2414788284775,50.4495536246404,67.8355778959767,93.5062329252175,66.2709765574826,134.967371986026,140.187313079834,88.3827926031551,57.8948763551906,174.06782913208,116.40905380249,116.529063673422,104.302636660062,181.08780670166,0,213.548063490126,169.57906033011,203.95519870665,172.789131164551,186.146562730944,175.125,0,179.829605102539,200.530218505859,0,107.330894944778,134.041651524535,181.03429107666,158.730355598557,196.711334228516,134.612604842227,85.2033425698549,119.479809033322,155.979106706731,143.086166381836,144.024958663517,108.550824389591,162.827277077569,177.778385911032,140.603417439149,218.268142700195,0,172.821526160607,133.464374876859
85.2591965573693,81.688484570574,118.489596955597,43.5545423461417,25.5133107325361,112.58570912679,82.0037732498953,64.1504580857647,94.7075295038247,22.5003315161755,56.5751998195129,152.933951142014,31.4920592794531,140.279034030053,100.954147336075,48.1678568511814,31.9627893239195,133.522928531353,161.366208528218,148.260408291147,22.1678399809571,56.9776208632244,34.269801953507,78.7248612750874,12.4544059374908,117.450348458639,135.730481621201,93.4435969254418,25.1102701251851,92.3126030100121,78.6333139124116,153.626623426165,138.28339444674,77.9186478131555,102.494028310371,125.352322535594,148.836659481651,161.544194677602,91.3777743666919,116.511209765348,192.050720214844,135.56203248485,116.332871299765,134.180336808629,94.8862456480662,123.182298829042,196.232793172201,132.037273248037,181.797878867701,148.307583173524,140.649336678641,111.268725605393,168.008385398171,201.599919128418,192.649034118652,143.351494925363,124.19721235242,100.088228411145,138.36240814017,105.155674759163,157.367215837751,179.523106673668,152.559284594025,118.262986001778,143.550486251731,121.507170207515,215.766448974609,207.726582118443,129.980240054247,136.501699168363
0,25.9296436476498,96.2803717719184,29.4963090541581,152.787338256836,118.885320027669,137.833251953125,178.796241760254,116.647052764893,106.369836852664,152.379119873047,35.1881533969002,144.324493408203,21.0205304783596,91.5112361907959,143.995426177979,110.147630055745,94.2958541870117,48.706835025202,49.4160734064439,0,133.766413370768,67.7866256686023,121.511383056641,117.450348458639,7.98648202175247,46.2205413511998,22.5036564006452,168.602913992746,103.689523843619,139.446418762207,47.4305076059305,93.997486114502,145.722999572754,56.7460414713079,0,91.2197662353516,0,22.9768906870196,0,0,0,0,115.277919769287,0,0,71.7295665740967,0,65.3123098535053,136.234527587891,0,197.148216247559,0,79.9065691947937,88.4922218322754,0,0,106.885398864746,141.383262634277,0,40.7804546748122,73.8242637350204,72.0471253354325,209.387351989746,0,184.942123413086,77.2573010338677,0,0,83.4425239562988
136.148072186638,57.6355600957795,44.0753275200965,63.2605146535238,161.413032980526,134.81921504094,160.113851394653,141.749117249967,144.582580522509,129.959860506311,160.472730520378,38.2611270973455,172.865404764811,55.6749881978305,143.289353181089,167.870638470317,111.881318086113,38.1273507133443,33.0895075011992,34.0180366939542,161.336924961635,114.892889745308,97.2749788101683,74.2414788284775,135.730481621201,46.2205413511998,20.6216684220723,44.0787610477817,145.276256400322,136.256598523685,125.070843534924,43.3447330225082,121.066944667271,143.399056521329,68.0563593563799,234.064392089844,93.6668101970966,127.400727754481,70.0258734667743,162.136932373047,0,212.5178565979,210.421413167318,187.669135598575,176.481287175959,235.025708516439,111.561377397224,209.456558227539,98.3007825660706,179.449410872026,188.518188476562,161.229066071687,133.881940375434,108.469234252644,111.43614418899,209.68896484375,192.725214276995,141.252528557411,166.716867870755,193.899449101201,81.0940272550628,100.328390748304,101.172485976269,205.714060907779,191.945462544759,192.092463175456,106.716781110649,143.375427246094,213.919906616211,129.642384338379
139.374736743969,29.7510201914956,41.27199442152,43.4259922887647,128.48708179329,115.992998990146,156.963341646416,119.038027908749,142.846212831067,108.406737471476,152.958028069858,64.5245802564546,152.981115432013,35.2975059968852,148.719712719183,141.374706891627,26.2925747789778,74.3160000269538,69.661967163472,73.3056339147283,135.638032277425,86.1570073543578,39.0181032876446,50.4495536246404,93.4435969254418,22.5036564006452,44.0787610477817,17.3607249471605,87.6462568003337,131.832297946658,118.586104636969,33.5355115512418,117.646890989492,126.600287448659,75.7416733873272,176.49697679089,85.1921460125897,99.3090534955171,58.4096609088737,216.921901702881,136.836199442546,197.426042730158,172.967449886698,184.69676767985,162.080819350023,178.148078418169,103.87847364848,202.683227539062,93.6603341559489,183.695449052034,207.086527044123,101.531000500347,115.466081309479,108.368411099469,114.208812659238,206.544219970703,143.544834824859,95.0853467688503,111.547039095146,160.332681314001,74.924137298375,98.0997337074069,94.1018888776583,171.321776231773,180.064424065983,164.09041387993,105.624294825963,144.659114413791,168.151037597656,121.503522118857
90.1865268537136,100.526247809915,103.801053019051,62.2333973135507,20.6710859809566,136.997565405709,86.7352642234103,41.9646960007996,98.7049637295269,59.642385355833,28.9782921200183,166.15021787371,55.3093032380867,162.983890533447,107.95296440151,95.7057698454176,47.1898313882277,138.41859088438,180.06963289701,160.468221749832,32.0154222847175,41.677400517916,62.5467024429229,67.8355778959767,25.1102701251851,168.602913992746,145.276256400322,87.6462568003337,16.691057972916,97.5004407166313,50.1014191058053,184.133550008138,154.299365703876,77.7481059537024,89.6374490860181,136.768697627076,176.799213409424,175.840113022748,121.461509335426,149.696368995288,202.684478759766,161.183175008008,128.157157447753,156.543002571521,117.16872140133,150.380798070859,217.076690673828,132.527059454667,214.313705444336,160.821073699622,148.174716949463,124.244395081426,190.009473488548,230.973075866699,204.796064376831,161.065401204427,134.945241135817,111.734581229961,155.235444952802,119.79923878168,184.909210205078,199.432147071475,162.623872881738,132.408074014837,153.047070692785,130.792271371733,228.235153198242,202.457661946615,138.281331667336,145.803975700925
21.8138012388619,114.107253074646,125.138778696048,82.6633830986023,113.342597723007,29.1026970830738,62.5074985030708,81.7818900206394,39.520808818531,86.8908105475487,103.197823252489,73.3027347389627,109.062511210539,104.997223593972,29.4693488065131,55.0557720065117,109.408066987991,110.045901706999,117.442446258545,118.457735373391,110.289636424511,87.1787454410118,79.3442498524984,93.5062329252175,92.3126030100121,103.689523843619,136.256598523685,131.832297946658,97.5004407166313,13.2666375811694,32.9141953326345,111.698946380615,13.8111125706538,19.6475352116935,43.7833959308571,162.75516966411,186.849919637044,187.774980985201,119.835645675659,188.157070159912,202.809921264648,206.178279622396,154.487265957193,184.148775765065,142.664440578885,189.552502746582,194.510242462158,164.490821838379,220.140853881836,187.59135307312,181.752365112305,133.78943429477,202.079244440252,0,209.489978027344,230.92463684082,153.648029091917,122.844446070054,157.384828186035,143.856324706653,140.317932128906,185.617393112183,174.051998291016,152.388052807553,174.728808793865,147.78813341426,203.179779052734,232.918167114258,161.167537593842,166.712915119372
29.8361039320331,109.504034042358,98.2752981191127,64.1461189721018,104.380781860352,136.73860168457,102.833957181798,31.054375395703,76.4486467158415,69.5395257447465,94.3418200835017,125.625887345898,129.535572932317,169.521121554905,62.5662254831029,103.796243719152,81.2667911455572,89.4642114831505,139.650185186213,122.462296987402,134.093224661691,35.5080703163035,59.508949612918,66.2709765574826,78.6333139124116,139.446418762207,125.070843534924,118.586104636969,50.1014191058053,32.9141953326345,14.7587270359509,151.635814666748,133.907052612305,44.3047974666657,45.8003972901306,143.670980506473,0,162.63451300727,100.70172290802,178.570861816406,190.002944946289,200.2337306096,138.876155215949,166.399733127692,92.6614384370692,181.518142336891,228.933197021484,234.300735473633,0,166.778855876762,0,119.217242852342,171.931432775549,214.60285949707,201.837589263916,179.715141296387,126.194394201603,86.6350189505272,136.162658509754,128.240076140646,0,180.633664131165,162.110173404217,133.481037494613,156.501748823962,129.212509434398,0,196.093048095703,139.565518031045,143.086379964084
0,69.5463633934657,94.3933959801992,85.3463868697484,0,96.4402866363525,157.863351004464,200.460231781006,129.334095478058,144.841231083524,202.563944498698,39.0482854732592,0,16.5818667107705,141.451516723633,231.214324951172,138.736854553223,93.329591812626,55.0575004287113,64.7459110494433,178.091217041016,134.59405263265,104.439208778175,134.967371986026,153.626623426165,47.4305076059305,43.3447330225082,33.5355115512418,184.133550008138,111.698946380615,151.635814666748,7.72290894223151,100.902458190918,0,66.022839038403,185.741302490234,130.403500366211,193.731079101562,77.772011075701,0,196.475402832031,0,0,0,0,0,92.6467528946098,0,89.1889940598432,164.517196655273,0,0,139.681396484375,110.258935928345,124.204975328947,0,233.913604736328,163.568440028599,160.376815795898,205.987312316895,88.5075256123262,112.326495729644,110.140379896442,0,141.411936442057,0,102.464861895587,126.472442626953,0,109.115896224976
102.774566650391,107.292724609375,155.30757119315,135.670326926491,137.85731159557,11.9926135261133,42.6963816218906,130.14724281856,17.886526117734,138.73682975769,127.088322683481,59.9872906324599,117.219909191132,83.0349678039551,22.1881535512751,46.2596168006027,119.88549041748,134.028553009033,103.758463407818,86.0059292512781,120.868206697352,166.503121768727,161.44150797526,140.187313079834,138.28339444674,93.997486114502,121.066944667271,117.646890989492,154.299365703876,13.8111125706538,133.907052612305,100.902458190918,5.73886270828045,63.7614154815674,42.1021251923724,210.356597900391,150.097541809082,0,170.484302520752,200.125228881836,0,211.78190612793,186.841636657715,220.633850097656,0,214.887893676758,0,0,0,209.526260375977,0,201.745147705078,0,0,0,0,205.285751342773,192.133377075195,0,190.002750396729,0,151.69792175293,164.878240966797,209.398086547852,233.607172648112,191.123550415039,0,0,0,0
45.265083422606,0,121.747708534708,69.0519099235535,93.0760451725551,91.5287284851074,101.565715839988,81.4003673188892,84.2197307296421,72.8620961133172,95.7930119373308,100.093758174351,101.248460388184,0,55.5435743049571,89.5591958852915,83.7975558619345,98.5062847985162,125.855525970459,121.183912913005,111.911429268973,70.3590241654854,63.6411704430213,88.3827926031551,77.9186478131555,145.722999572754,143.399056521329,126.600287448659,77.7481059537024,19.6475352116935,44.3047974666657,0,63.7614154815674,8.06751335883138,24.0703029791734,136.983768463135,0,184.352348327637,144.565406799316,170.317176818848,0,213.711166381836,139.217168894681,172.946359422472,193.099960327148,190.28963470459,0,227.119384765625,0,175.839369611042,0,123.345379560422,209.620844523112,0,230.145736694336,0,136.738545467979,104.491141099196,139.390335718791,132.152312906379,0,192.608637491862,160.928763495551,140.098474552757,163.7249150806,139.911970993568,0,0,163.267213609484,142.075348854065
71.5664907276924,65.1182438777043,71.1014638836921,71.8343286123889,120.391126660333,33.8507149302876,85.0020092051962,103.30664851204,65.6494290891166,114.999433232934,102.755384418268,26.7319283416336,104.163082725123,54.7593980058331,56.729586250381,65.4844052549722,86.5773203139915,45.1314961211471,55.8021352438102,41.0161382531536,105.081212457621,52.7160816043134,77.6607059652155,57.8948763551906,102.494028310371,56.7460414713079,68.0563593563799,75.7416733873272,89.6374490860181,43.7833959308571,45.8003972901306,66.022839038403,42.1021251923724,24.0703029791734,13.518120730205,159.909290607159,103.450072479248,121.587235648677,80.7384730747768,163.555858612061,0,213.575874328613,149.942992835209,180.071683883667,120.004135131836,186.712559291295,116.713618687221,0,112.271869312633,182.432161603655,0,120.548198823006,149.094473752108,150.84662967258,138.823838127984,181.726333618164,135.056666676591,104.448037754406,139.58453133323,146.010266346537,93.3814716339111,115.516192118327,115.868136257595,156.258465969201,180.571875447812,142.614749642306,135.563296508789,0,159.553453445435,156.766811486446
144.244464287391,162.749885559082,200.64575958252,91.9535323381424,149.032605997721,207.556335449219,162.28396765391,142.379729010842,161.459681663984,120.644573465983,164.708602712124,0,202.601741790771,0,166.56752102874,170.564971923828,120.252412414551,208.501293945313,0,0,176.032168579102,159.269182758947,108.288558296535,174.06782913208,125.352322535594,0,234.064392089844,176.49697679089,136.768697627076,162.75516966411,143.670980506473,185.741302490234,210.356597900391,136.983768463135,159.909290607159,10.3946383869822,134.293576812744,103.977860953062,67.3197244760942,92.9783535581647,134.549255371094,101.350963842673,26.9772353214656,79.6267527028134,73.0774798615609,80.1717692558918,128.286769351444,100.375516157884,148.305476597377,19.7832761387055,109.101658091826,107.451132315177,101.408684769062,136.537656808828,119.479486922348,0,81.9193800613009,79.093838411219,95.5951526771157,80.5900261563736,130.5400390625,112.682048968715,131.806700985735,81.830056510797,21.1963175485044,27.9421316799555,153.855575561523,75.0698547363281,53.5962722478089,76.6979563729805
0,54.3961734771729,81.8526800595797,87.5307170020209,158.842544555664,0,242.327041625977,154.30192565918,173.560966491699,131.501542227609,172.773910522461,113.288503011068,0,102.763619559152,0,0,122.206624031067,78.4593048095703,146.103664398193,112.186929122261,0,246.231307983398,102.382268269857,116.40905380249,148.836659481651,91.2197662353516,93.6668101970966,85.1921460125897,176.799213409424,186.849919637044,0,130.403500366211,150.097541809082,0,103.450072479248,134.293576812744,9.09291437890148,52.5505064617504,22.0033212686333,184.090461730957,115.680070877075,147.470982551575,136.087351117815,133.228163582938,73.088368872762,183.591693115234,68.3945986702718,112.285850524902,56.7307121059906,124.278498435507,115.482866387618,58.4431086116367,55.0481392118666,72.2054289601332,65.3923039015903,134.497787475586,106.230549494425,29.2186857652356,70.986818247828,86.9032986581129,26.7865082137345,57.2142133018762,32.9032225736784,112.425447685774,134.587883151307,111.480490400984,71.2097317114809,100.521109008789,113.986558278402,71.5359217648579
