10.5853661504152,150.126469930013,107.778012494962,76.0929140264338,93.3258932705583,0,92.6826850197532,37.4189213945126,52.1955273145788,82.4929304896174,66.8462062876946,142.344756656223,104.143319266183,171.157836914062,26.2062225154976,100.40642111642,120.939451737837,119.268978983939,156.520904541016,141.563768053812,105.338759286063,88.8162045678427,107.535219192505,95.1149446465248,90.2722414853943,0,128.86048614502,134.993457828556,88.0085470213819,21.8381741414628,33.9137407030973,159.911758422852,104.56877822876,55.3001429924598,84.2318317830062,146.422141313553,0,189.131464640299,83.9746337890625,0,0,182.885935465495,143.930945309726,165.842130307798,77.9444713592529,174.88579305013,219.694549560547,0,0,175.754151480538,171.567153930664,150.507736206055,191.637351989746,221.117370605469,0,240.958374023438,136.499284744263,184.916900634766,160.781832377116,134.053682445425,0,206.689483642578,175.795342078576,143.031193054199,165.92454693134,151.115761787661,0,188.303009033203,161.757867177327,172.438346862793
150.126469930013,7.63120935583526,51.4834708406715,14.9226010006393,0,0,131.853141784668,130.618169148763,145.776056289673,78.8443314278961,148.875229971749,64.2742688135447,0,51.4641363696517,125.836219787598,118.829208178398,52.6841603597005,52.4398475114437,74.067182992634,57.6813584393996,0,97.3305973815918,23.100892759035,79.7310768410012,86.567068249432,22.3666852796669,46.8096714254165,32.1866584100018,104.363358474359,114.836611938477,121.182153207284,69.0599297314155,106.978080749512,167.105602264404,55.4058372091364,246.787139892578,91.5395040512085,84.3600128889084,31.3077886581421,0,0,0,213.500747680664,146.221160888672,129.543525695801,0,86.4555006027222,0,87.6740440641131,0,0,110.703098297119,99.1308059692383,92.5481967926025,97.8049586613973,0,0,116.570645650228,127.363175710042,132.873767852783,58.3079312642415,86.9535575689271,82.6017477820901,160.055791219076,182.024475097656,170.437991333008,98.6065998077393,0,0,80.9131286621094
107.778012494962,51.4834708406715,15.3851615979321,67.4600849860224,126.424024581909,177.708216349284,139.404505430347,106.194256059569,127.380319566477,118.725357547883,129.082475525602,87.3806111048283,161.202784024752,88.4732908268565,124.900366135093,149.909900453356,89.3668576202393,52.9666216844167,85.7293773919764,71.5677078664771,126.523220062256,72.9714654093563,60.2625300050986,37.780913144785,113.381018547241,90.9923378729051,41.0564924807467,43.2869988486262,105.516333863195,121.152925446502,97.6175569016256,99.4382585797991,176.072214944022,121.569216189177,72.1472336303668,177.398538861956,92.1979174613953,97.8605001960002,94.1581989223674,217.400833129883,0,227.445626395089,181.783174242292,196.694256053251,145.998611450195,195.40781007964,137.821733093262,0,143.828705787659,196.196485364759,165.062530517578,123.512096645115,113.172909793175,138.950977325439,120.404900456818,0,151.117280960083,99.5804507536047,124.720843007613,162.030849353687,117.10984247381,108.201468871866,99.54069333618,178.588947334675,188.680166391226,163.097202085099,157.76488494873,0,166.289949035645,123.312683878066
76.0929140264338,14.9226010006393,67.4600849860224,17.7596634735444,64.2945436566188,131.663330078125,91.9548657735189,67.2208904346337,84.4971251621041,24.0089564404936,72.5800376010013,77.0840933380127,84.3589006239368,59.2761960208619,87.8619779148151,73.5768281151267,43.019179637005,77.6238902145672,94.1445950217869,73.0669126452112,74.3796866490291,62.2948691537511,27.4533839392783,62.1970291339745,45.0838819504451,27.5626845150516,57.1546455438586,43.0407055738575,60.8999281124193,82.0675655287824,63.0359012314084,75.4009806658771,130.841278076172,65.5319716896809,75.5940405937933,106.818312393992,58.708410543554,76.9535443392667,33.7762049594557,177.273564656576,0,108.644577026367,94.4317941864332,116.855233884325,88.0379574639457,101.849402896942,93.7162930523908,162.549209594727,74.6324069782839,120.669657265268,0,47.3687160694657,85.9095676967076,83.6392517089844,93.0284613696012,182.498519897461,87.062158474977,48.1568290778569,68.3276594622548,77.5613359791609,47.0316713039692,73.2886549551276,61.0922878180766,99.7181374786097,120.680565623056,91.5937310085502,78.6813667297363,0,89.1810642589222,85.4786336234446
93.3258932705583,0,126.424024581909,64.2945436566188,9.47338569414601,112.692713928223,70.4273041839953,67.525779267432,103.347880192487,56.1259326196852,32.2464499594487,162.181495666504,37.5335221259582,196.088745117188,112.179840144826,68.6679924556187,94.3021645545959,152.499287253932,232.488662719727,169.29695892334,10.8434511338586,115.259063175746,78.0872061593192,136.587373269571,28.5028736411957,179.76872253418,150.312918744768,132.051308928943,20.6722177291934,110.669471491938,113.219983673096,207.024703979492,123.266801834106,99.4039182662964,109.299982719815,150.942300276323,172.20166015625,229.608810424805,78.4017910911923,89.7684396381258,222.279418945312,158.787669056859,137.707421293713,161.490526755651,95.0443522465693,150.849251821677,223.196350097656,134.485404586792,0,173.483561677753,134.386114937919,138.369353158133,217.975784301758,239.262603759766,0,146.753974119822,157.359664916992,128.587875366211,192.441213607788,112.589817161091,0,231.720581054688,190.629805344802,151.603747558594,173.20512563532,158.787744794573,0,0,156.264852905273,178.176268633674
0,0,177.708216349284,131.663330078125,112.692713928223,7.12712080204105,18.2433345181457,127.752433776855,17.0360084965783,66.1693592071533,115.388625717163,50.7565959404255,110.242022832235,76.8277263641357,27.7702710786403,14.0904495326222,0,85.6331787109375,88.1493072509766,90.2103888193766,103.891056060791,82.3921432495117,194.248001098633,132.409795125326,110.524863503196,132.173938751221,143.878103256226,158.021726989746,128.355437384711,21.0880227039085,128.456119537354,0,8.81206505803211,84.0185585021973,34.3970608514202,0,0,0,0,0,0,0,0,206.495071411133,0,199.295120239258,0,0,0,193.217559814453,0,240.558837890625,0,0,0,0,0,0,0,181.280654907227,0,0,220.502258300781,188.962585449219,0,0,0,0,0,144.748428344727
92.6826850197532,131.853141784668,139.404505430347,91.9548657735189,70.4273041839953,18.2433345181457,12.5921304731775,63.4985055148866,19.932609581816,51.8892637433504,32.1215221465387,108.747625950405,32.9546505286639,115.509225572859,38.9236283749542,12.8778434480846,121.663887871636,163.913521526016,133.853733317057,156.627377101353,42.0274957333173,120.187410380983,136.750688171387,126.609860570807,85.2234024325952,177.925633748372,156.778882835344,152.851195986309,81.6054123176296,55.8635894430212,99.3517730908516,148.898045857747,43.3912078736704,98.5273742675781,81.0229891318849,162.901082238486,0,206.142051696777,117.819174848284,162.927139759064,0,169.201349657635,150.975067077145,167.5143222332,117.518141746521,157.512986906282,213.572303771973,168.580958048503,0,184.953889694889,152.902584075928,180.293322753906,198.023579915365,0,229.144592285156,166.888008117676,186.918342590332,170.827621459961,197.334400177002,133.592716756681,0,215.133724975586,202.891970316569,158.390009275047,187.38393343412,183.946125703699,0,225.024444580078,170.866017659505,188.630329297936
37.4189213945126,130.618169148763,106.194256059569,67.2208904346337,67.525779267432,127.752433776855,63.4985055148866,12.5659357150586,64.4563291631176,65.1855297395119,27.2882435218742,162.346025205126,68.2626216565148,169.897106170654,50.9184604983879,82.0406084548898,92.6417747435531,139.140617182404,170.816073698156,158.631866786791,93.5269962946574,76.3557492293132,90.5667886312029,91.1546019899546,67.6586699977778,159.996898651123,137.525218931796,118.448514321586,40.9856292293049,75.5302205860414,27.0092247373038,176.641454060872,126.76549636486,69.8318829873484,95.5784155132939,143.03406981145,0,177.630355010162,81.4315897396633,141.348293832632,192.792585754395,148.93493411685,130.222194751242,150.53946412336,90.606937721984,142.653035754136,211.232860218395,159.344335632324,199.389579772949,160.289688788199,167.539014816284,145.636191930526,193.661624028133,0,211.793942260742,140.723529366886,160.501068115234,135.237157381498,171.44930768195,115.710485280589,0,201.712367248535,174.511600006792,136.98729800929,163.357975211195,147.582622723702,0,205.423156738281,151.363698686872,159.477191976599
52.1955273145788,145.776056289673,127.380319566477,84.4971251621041,103.347880192487,17.0360084965783,19.932609581816,64.4563291631176,12.5865696081398,88.1274521967332,46.7665193134877,83.9108312804123,90.4793123678656,119.776935783592,19.667561082275,33.153726405866,149.938237508138,143.075963426144,129.524389357794,140.580948916349,92.8709406499993,106.246955666736,112.574926058451,115.641078056981,96.709714809263,121.244769287109,145.729530447222,144.834714558919,97.2109877271596,38.6976148465484,78.6556053549198,126.779965049342,13.1791199089126,79.4311235888251,62.443791023172,161.303636090509,0,188.695889282227,101.369026473074,164.692827112534,227.157745361328,164.165930735914,152.008683368972,167.795662130628,125.18135088966,158.402061706934,229.358551025391,201.561721801758,0,180.372681850145,153.182189941406,173.564596075761,201.607660466974,0,201.890796661377,163.101692199707,205.751821899414,162.607223510742,201.9072265625,138.355211200484,144.081146240234,197.077419825963,193.316076006208,155.502513105077,180.983330431076,166.793844386509,0,223.08561706543,168.47696165605,183.397039286296
82.4929304896174,78.8443314278961,118.725357547883,24.0089564404936,56.1259326196852,66.1693592071533,51.8892637433504,65.1855297395119,88.1274521967332,8.46255102355587,65.0471359665743,143.676494945179,18.4602572165928,132.692432675119,94.0788453909067,23.4371446640719,60.2066713571548,130.881806598712,144.883276852694,139.707095020222,44.1009843382117,106.971250998007,27.5386983251807,127.533899307251,24.1333006016444,107.328351616859,130.05924364445,104.926849098881,59.5013166083555,87.1486898891961,71.7028336821303,145.05034821609,78.3529993693034,69.8080728367397,105.409447152274,97.4745741624099,109.057563781738,159.113842487335,77.1784035205841,107.89384328402,0,123.050813426142,113.731918281979,123.121716246313,59.1373148466411,109.45739513744,172.604822794596,90.7303428649902,171.45544550969,138.59841586382,122.206893920898,125.528857040405,167.664886474609,186.43196105957,179.117581984576,120.117177690778,109.752392855558,160.082057952881,155.618301391602,88.4517976105815,150.706275939941,162.117068034847,158.715291341146,105.918560137694,128.478211622972,107.524284256829,234.317764282227,0,123.393017360142,173.504544067383
66.8462062876946,148.875229971749,129.082475525602,72.5800376010013,32.2464499594487,115.388625717163,32.1215221465387,27.2882435218742,46.7665193134877,65.0471359665743,15.6017728651273,159.699993619052,27.3485287017821,180.307385253906,72.6382742951907,77.4324632192465,121.887182508196,167.341454903285,174.544830322266,172.528922576904,19.8142762485339,103.542725058964,113.051337155429,118.134347243432,62.6007265722385,171.000694274902,159.077938005036,148.502533158446,28.5919343363816,100.094640510549,92.482290093455,159.045616149902,122.245356957118,86.8953214205228,96.204889257499,160.988741987843,0,202.31099319458,96.222826230644,146.492074417345,187.617098999023,154.877989253482,142.006071233511,157.104845814159,99.1251620250533,148.572792239555,224.234720865885,148.883936799603,219.658569335938,182.727274253152,150.12364897436,176.312353346083,235.750025431315,0,228.665933227539,149.890559900275,211.542073567708,158.190397135417,197.021420992338,111.834173767655,196.011698404948,217.478148324149,196.041675313314,149.592683325611,183.300421189289,176.496352386475,0,206.501978556315,182.522787306044,184.478378295898
142.344756656223,64.2742688135447,87.3806111048283,77.0840933380127,162.181495666504,50.7565959404255,108.747625950405,162.346025205126,83.9108312804123,143.676494945179,159.699993619052,11.720146720753,140.082589785258,20.3078534943571,80.1543426390815,163.462176322937,133.174258791167,52.6808446088167,23.3129417491516,26.9027038540034,150.557642618815,96.1031491983906,86.9453299070659,91.1318255470427,154.821788542452,29.0338559597311,30.5104342503518,61.758297075241,161.325797596197,75.9248837018509,111.733981998739,31.3977596021879,58.7658134961912,103.278075814247,28.0651054562985,0,117.474759238107,152.543150160048,84.1376836564806,0,0,0,218.249649047852,236.183906555176,166.254653930664,208.298400878906,82.2821291721228,0,75.4549222375355,190.999664306641,0,155.887748718262,211.808471679688,108.633470234118,127.910118375506,0,202.371490478516,136.057434082031,185.035171508789,216.953548855252,76.6137124520761,109.285736887079,107.982725270589,225.991027832031,136.543460845947,196.530563354492,101.638259098448,181.993026733398,0,135.262254333496
104.143319266183,0,161.202784024752,84.3589006239368,37.5335221259582,110.242022832235,32.9546505286639,68.2626216565148,90.4793123678656,18.4602572165928,27.3485287017821,140.082589785258,9.28719444106386,185.407935006278,102.551497824627,38.406540351152,136.038066864014,161.446196122603,157.571128845215,145.888212585449,15.4652945579089,177.452035086496,100.244820594788,154.069146728516,36.2428265171462,146.186782836914,164.42576789856,139.46230997358,51.8639407871006,101.205894088745,152.203464508057,188.133079528809,111.641517716225,120.673113250732,92.7695729988327,185.419879150391,0,165.451995849609,110.946643829346,91.1200166182085,0,171.685304260254,162.64574432373,165.435510488657,140.814783096313,157.206119630395,230.890121459961,147.413480122884,0,195.586435317993,80.7112808227539,143.357070922852,0,0,0,124.814033508301,0,0,195.592643737793,124.93003563259,0,183.111236572266,181.206726074219,158.485892966942,202.159698486328,222.930206298828,0,0,0,197.499877929688
171.157836914062,51.4641363696517,88.4732908268565,59.2761960208619,196.088745117188,76.8277263641357,115.509225572859,169.897106170654,119.776935783592,132.692432675119,180.307385253906,20.3078534943571,185.407935006278,7.70139732970502,109.622580014742,173.416883797481,137.989480336507,88.1585890141929,47.8871091154755,60.1346058106758,150.590324401855,119.216280937195,80.2228168854049,110.869413248698,142.275134323235,15.251543369232,34.7366485548099,34.4575622367757,176.120065789474,97.9281638174346,147.831461738138,13.1925084848559,77.7146814786471,104.662101745605,47.0980764918585,0,100.330036640167,153.792043413435,50.4906203842163,221.633010864258,112.868633270264,0,235.447975158691,105.791400909424,167.873330434163,0,68.2932752510751,222.541793823242,66.6223004983396,135.547328948975,0,181.129435221354,131.701156616211,96.4416293440194,112.98592376709,0,131.327087402344,138.064321344549,188.598182678223,190.769114685059,63.0150780238158,97.9042610451027,92.492879689808,0,158.164663696289,238.937744140625,93.6711732228597,0,0,94.7080219268799
26.2062225154976,125.836219787598,124.900366135093,87.8619779148151,112.179840144826,27.7702710786403,38.9236283749542,50.9184604983879,19.667561082275,94.0788453909067,72.6382742951907,80.1543426390815,102.551497824627,109.622580014742,11.0144744253927,48.0252927153451,136.431186591254,135.523590779611,122.714123968985,133.660009033826,104.473524687306,104.273778202027,110.269626002158,112.498497695659,102.009500997192,98.1155242919922,144.455612600666,142.993002801192,102.314346222953,27.5986362387423,66.7559442064773,125.216515858968,15.1983975893547,45.4913927928619,55.4502443712936,165.981515204156,156.663291931152,193.783061815345,103.42452096467,159.604729970296,210.377985636393,175.436454034621,156.300846360402,174.121451718467,123.514393310547,168.695841232936,226.549850463867,194.890904744466,120.123825073242,186.858874873792,150.464279174805,154.327257792155,204.497770309448,188.26188659668,197.103356933594,181.375518798828,178.366885986328,162.751719474792,192.489136979387,146.80831970167,106.451866149902,207.681186073705,186.208105967595,157.167085307353,184.212606746245,169.444110713593,184.966041564941,0,171.923162032147,181.562352820288
100.40642111642,118.829208178398,149.909900453356,73.5768281151267,68.6679924556187,14.0904495326222,12.8778434480846,82.0406084548898,33.153726405866,23.4371446640719,77.4324632192465,163.462176322937,38.406540351152,173.416883797481,48.0252927153451,7.15879720151659,109.521806890314,159.277528242631,186.511973063151,167.523760477702,56.9941419521968,137.670402526855,85.0124750310724,142.536167297363,51.3680321369094,141.09108339507,163.853387271657,136.770141633754,85.026791862413,72.4609256064755,111.060258632753,175.696990966797,40.6734054848,101.722004413605,101.277518076055,174.200471666124,0,182.481971740723,137.547149658203,143.986892700195,0,184.864256964789,157.989277309842,179.631236485073,167.040237426758,160.469571984333,0,210.000984191895,207.60492960612,178.378565470378,0,175.26025390625,194.961578369141,0,232.784606933594,0,0,0,201.271667480469,146.248373849051,0,201.570770263672,190.097787475586,164.452600267198,191.86005895278,153.090103149414,0,0,0,181.003707885742
120.939451737837,52.6841603597005,89.3668576202393,43.019179637005,94.3021645545959,0,121.663887871636,92.6417747435531,149.938237508138,60.2066713571548,121.887182508196,133.174258791167,136.038066864014,137.989480336507,136.431186591254,109.521806890314,12.1697102135733,108.85950075216,142.263710869683,120.524569584773,115.716743469238,30.2929253571496,30.6427364426921,24.3284744947485,30.8680383555396,133.469804763794,110.448543736964,30.0337273200387,44.2970432081266,105.537019786268,76.2309425795488,141.990898132324,0,75.8162451119259,83.280098940363,129.767209833319,120.820289611816,127.032423218684,75.6803041564094,159.357055664062,0,199.481918334961,142.919435388902,179.947939046224,98.5070927937825,170.925456455776,152.41482035319,0,141.52466583252,170.936398506165,0,93.177108518203,138.380786015437,186.141067504883,147.127293904622,0,117.277229413881,58.3962333679199,106.272191874186,113.383498959425,174.875106811523,133.788929606593,105.347701236736,131.085966444015,135.81103333183,118.250631588941,0,0,116.370110321045,117.760676624329
119.268978983939,52.4398475114437,52.9666216844167,77.6238902145672,152.499287253932,85.6331787109375,163.913521526016,139.140617182404,143.075963426144,130.881806598712,167.341454903285,52.6808446088167,161.446196122603,88.1585890141929,135.523590779611,159.277528242631,108.85950075216,12.725598603236,49.4855136332087,21.0894718708537,172.074490356445,60.8604632070798,84.9779470818383,39.0363320860629,134.06255969862,70.6881995064872,40.5750355035221,72.7975568914374,138.887437539507,107.55962010581,82.3311333346326,81.6876709979513,97.1380497859075,97.0516292546071,42.8076078473232,185.225166320801,139.133560874245,118.208428700765,95.3074025374193,0,0,216.776936848958,203.806479958927,210.540183173286,165.032684326172,219.202239990234,157.54070854187,0,114.285501333383,197.915097045898,181.482818603516,145.22141547825,136.64185889562,144.010538373675,131.488888477144,213.56494140625,177.626374380929,119.33514473655,156.106888678766,183.686323329381,101.716358947754,115.897047389138,115.15680788625,205.97916448684,192.83102077908,184.626341247559,145.136924743652,0,185.952629089355,138.797238102666
156.520904541016,74.067182992634,85.7293773919764,94.1445950217869,232.488662719727,88.1493072509766,133.853733317057,170.816073698156,129.524389357794,144.883276852694,174.544830322266,23.3129417491516,157.571128845215,47.8871091154755,122.714123968985,186.511973063151,142.263710869683,49.4855136332087,8.15401824648032,15.0868638965421,178.381195068359,123.095206366645,100.239539806659,101.072615824473,156.070472225066,47.2042617924166,32.8393424181217,66.0781314929844,176.479662577311,114.820151529194,130.4054318534,52.1553004686681,90.0963838750666,112.123239305284,58.0964162397866,226.819976806641,134.904985427856,148.142905099051,101.06462097168,0,0,0,0,230.80256652832,181.394912719727,0,105.506896209717,0,92.0348693559755,159.515953063965,223.148895263672,155.015121459961,142.440406799316,115.11313236121,125.954944610596,0,169.830490112305,134.936080932617,0,213.385597229004,84.0598496198654,110.45404176712,105.844908065155,0,166.097381591797,205.268585205078,115.844547496122,0,0,112.037984575544
141.563768053812,57.6813584393996,71.5677078664771,73.0669126452112,169.29695892334,90.2103888193766,156.627377101353,158.631866786791,140.580948916349,139.707095020222,172.528922576904,26.9027038540034,145.888212585449,60.1346058106758,133.660009033826,167.523760477702,120.524569584773,21.0894718708537,15.0868638965421,10.2499637986749,158.513538360596,96.202079196628,100.039899649079,77.188025131388,147.89690872259,51.4583901806154,32.8696866835029,69.2828680635697,158.816942003038,114.61963203899,113.313018412441,60.73422286624,78.7052345275879,111.834010954826,37.5745694289863,212.160911560059,103.121678488595,140.151090494792,121.280268260411,0,0,150.239906311035,230.11003112793,227.790560913086,185.06616973877,220.58674621582,110.630273378812,0,109.391203073355,0,201.091339111328,169.273460388184,140.672634548611,113.228715684679,123.557574069861,0,187.160499572754,129.56515045166,172.707085927327,216.67639465332,90.2338962978787,109.581572347292,111.73660977538,223.41040802002,0,195.307647705078,122.436829566956,0,0,125.671861436632
105.338759286063,0,126.523220062256,74.3796866490291,10.8434511338586,103.891056060791,42.0274957333173,93.5269962946574,92.8709406499993,44.1009843382117,19.8142762485339,150.557642618815,15.4652945579089,150.590324401855,104.473524687306,56.9941419521968,115.716743469238,172.074490356445,178.381195068359,158.513538360596,8.26890531866615,113.143848419189,138.392395019531,149.865588596889,17.6349815294938,0,123.086494445801,127.210775375366,31.3071433885817,104.256804890876,152.951412745884,0,123.189988272531,85.6107184670188,99.1431459867037,153.099422454834,0,0,73.7364111680251,111.978179068036,206.554504394531,155.852370071411,152.399951540191,165.371493999775,92.5657825469971,148.741728921222,0,136.475862356333,0,176.697229003906,107.000947570801,0,0,199.467208862305,0,141.345441182454,0,141.058158874512,0,110.087729952983,0,0,204.312644958496,149.11441021084,186.106640625,159.718048095703,0,208.597244262695,0,225.166900634766
88.8162045678427,97.3305973815918,72.9714654093563,62.2948691537511,115.259063175746,82.3921432495117,120.187410380983,76.3557492293132,106.246955666736,106.971250998007,103.542725058964,96.1031491983906,177.452035086496,119.216280937195,104.273778202027,137.670402526855,30.2929253571496,60.8604632070798,123.095206366645,96.202079196628,113.143848419189,14.7480021571268,57.3066833047586,35.6931868703322,56.0401114652986,116.853164672852,105.080297160149,83.7995956341201,39.2782732962842,85.8198843600908,35.0729879439351,160.775428771973,135.361303541395,64.525530226623,50.7755408516088,150.684216022491,0,138.284766197205,83.315842628479,173.972835540771,0,176.748641967773,153.249895064557,176.782747056749,156.126256306966,191.53874206543,175.128438313802,0,0,173.651373470531,0,116.205148287056,157.168178651391,0,180.941455417209,0,122.028975158492,103.901381843968,127.283877706235,132.271872346298,0,166.724536548961,136.007284902757,135.183383186658,151.29834319324,123.711458310757,0,0,134.01567996632,128.489808570014
107.535219192505,23.100892759035,60.2625300050986,27.4533839392783,78.0872061593192,194.248001098633,136.750688171387,90.5667886312029,112.574926058451,27.5386983251807,113.051337155429,86.9453299070659,100.244820594788,80.2228168854049,110.269626002158,85.0124750310724,30.6427364426921,84.9779470818383,100.239539806659,100.039899649079,138.392395019531,57.3066833047586,8.96853102470052,58.7909154129576,40.566643024906,60.4406858908511,88.0508791823259,41.8915419210303,63.8085244727534,78.667744576931,58.8913429808998,98.2279404985144,135.062789916992,56.770443736643,71.9018459093003,132.902980380588,114.006628036499,84.064728140831,60.7446572474944,117.735916137695,0,0,129.518281860352,159.092406639686,83.5739388465881,148.7467918396,112.330348714193,0,117.774620771408,144.552536392212,0,55.5467432075907,92.6907403128488,123.773553212484,123.268949948824,165.908569335938,92.9544123056773,21.7181101259978,79.8653278165651,112.651528952778,94.5335515975952,113.847544831115,81.0326133237302,106.401057111539,125.170392445156,98.3131174497966,137.492846171061,161.145568847656,112.94443915872,98.2765931794138
95.1149446465248,79.7310768410012,37.780913144785,62.1970291339745,136.587373269571,132.409795125326,126.609860570807,91.1546019899546,115.641078056981,127.533899307251,118.134347243432,91.1318255470427,154.069146728516,110.869413248698,112.498497695659,142.536167297363,24.3284744947485,39.0363320860629,101.072615824473,77.188025131388,149.865588596889,35.6931868703322,58.7909154129576,19.5257833315702,69.8576599232955,105.632170457106,69.0130629179213,52.9134309953395,65.8788516128305,101.340009138354,66.1005987598977,120.012349446615,158.497386932373,86.6877500449017,57.4953612969215,176.192368966562,149.480541992188,114.771273877247,110.026084136963,233.320663452148,203.207305908203,210.542703801935,170.679219281232,194.849513285869,124.034685407366,188.508626708984,166.97382245745,0,163.360397338867,190.88675403595,0,104.491119995609,131.909302958736,203.051239013672,154.652979327786,0,133.994568677293,83.8842265438026,117.249584417821,158.642108602622,154.68798828125,141.092130140825,108.198325531146,157.23548165203,178.28449734052,143.940175907586,195.115135192871,0,153.452513376872,128.774298680082
90.2722414853943,86.567068249432,113.381018547241,45.0838819504451,28.5028736411957,110.524863503196,85.2234024325952,67.6586699977778,96.709714809263,24.1333006016444,62.6007265722385,154.821788542452,36.2428265171462,142.275134323235,102.009500997192,51.3680321369094,30.8680383555396,134.06255969862,156.070472225066,147.89690872259,17.6349815294938,56.0401114652986,40.566643024906,69.8576599232955,14.3510066958175,117.447189139522,134.159730955612,95.2729051467439,28.2739245724583,94.4361544169261,83.0050447809202,160.405700683594,145.135334968567,76.4559185278987,103.701799450792,127.982561811395,146.740636189779,153.833957857299,67.2937710787343,119.943275604248,175.789352416992,144.377148061559,118.886316447946,140.047453569603,72.8697544190942,130.001391919131,192.267547607422,164.261387507121,196.061989678277,147.472600874309,154.793818882533,111.068649887124,172.918505605062,202.198649088542,188.976933615548,149.28335609436,126.556009902567,108.513410485309,138.185942108698,102.482499247838,166.287258911133,170.294999673333,153.546657427619,119.414208314225,145.905913808929,124.093031758276,0,199.685363769531,130.532986111111,141.812135435936
0,22.3666852796669,90.9923378729051,27.5626845150516,179.76872253418,132.173938751221,177.925633748372,159.996898651123,121.244769287109,107.328351616859,171.000694274902,29.0338559597311,146.186782836914,15.251543369232,98.1155242919922,141.09108339507,133.469804763794,70.6881995064872,47.2042617924166,51.4583901806154,0,116.853164672852,60.4406858908511,105.632170457106,117.447189139522,7.9611650216744,42.8774059299792,22.3544754705862,149.068725585938,85.0127204368854,133.177539825439,44.9693621727728,85.5416938781738,0,46.7392786585766,0,77.9795021783738,111.008786519368,33.9319637281085,0,126.607116699219,0,0,116.823959350586,134.000742912292,194.417098999023,62.4680672020748,0,55.6257478910992,150.697332382202,174.449096679688,166.724822998047,0,76.1403337366441,84.2073436313205,213.576797485352,0,85.2047773088728,203.986953735352,161.463478088379,39.2698526959087,70.0115556067463,68.6479513705422,0,138.174446105957,0,72.9212313396175,0,0,96.1240689204289
128.86048614502,46.8096714254165,41.0564924807467,57.1546455438586,150.312918744768,143.878103256226,156.778882835344,137.525218931796,145.729530447222,130.05924364445,159.077938005036,30.5104342503518,164.42576789856,34.7366485548099,144.455612600666,163.853387271657,110.448543736964,40.5750355035221,32.8393424181217,32.8696866835029,123.086494445801,105.080297160149,88.0508791823259,69.0130629179213,134.159730955612,42.8774059299792,17.4757049122863,39.8206732783713,143.120965640828,130.203567210366,118.548381576963,33.5285374308147,101.831643946031,127.990855555381,65.1434596143641,209.104685465495,97.7618931801088,121.593221948502,77.0691372218885,0,0,152.516334533691,198.698635646275,190.67272567749,179.318828037807,217.599403381348,103.266774606984,0,96.7970137524961,179.903132544623,0,164.754359290713,130.904635959201,108.707542603718,110.234897077753,205.752166748047,178.619998931885,128.625314783167,153.078484113826,187.186060847068,79.1359724962074,98.706579179504,99.3721009621524,208.96636489342,191.497776794434,181.697637830462,113.032029927572,158.60334777832,152.287078857422,118.552724984976
134.993457828556,32.1866584100018,43.2869988486262,43.0407055738575,132.051308928943,158.021726989746,152.851195986309,118.448514321586,144.834714558919,104.926849098881,148.502533158446,61.758297075241,139.46230997358,34.4575622367757,142.993002801192,136.770141633754,30.0337273200387,72.7975568914374,66.0781314929844,69.2828680635697,127.210775375366,83.7995956341201,41.8915419210303,52.9134309953395,95.2729051467439,22.3544754705862,39.8206732783713,16.5327832674443,90.2432213263328,129.326019199559,115.158756512403,28.9809895339023,123.53373336792,118.478872075811,73.5960323178195,175.749480738784,90.2840058287168,99.0808224310258,74.5227769194638,186.548522949219,234.705841064453,205.911003112793,171.241788598875,194.69832629922,165.821825076372,194.800851627272,98.1511269580112,193.350540161133,90.9734974861145,183.735803318024,193.985805511475,103.587987939107,115.514381661092,104.130532288618,111.219166805054,205.255020141602,144.012184453204,96.9839655958264,113.436108122054,159.624322679308,72.2882216044427,97.1323131183545,94.8485835624919,171.445119401099,184.075937747955,159.113380038861,106.531919808223,149.089660644531,173.570272233751,113.305434493545
88.0085470213819,104.363358474359,105.516333863195,60.8999281124193,20.6722177291934,128.355437384711,81.6054123176296,40.9856292293049,97.2109877271596,59.5013166083555,28.5919343363816,161.325797596197,51.8639407871006,176.120065789474,102.314346222953,85.026791862413,44.2970432081266,138.887437539507,176.479662577311,158.816942003038,31.3071433885817,39.2782732962842,63.8085244727534,65.8788516128305,28.2739245724583,149.068725585938,143.120965640828,90.2432213263328,14.6626326859935,97.3026276376777,50.9993285532378,175.408157348633,146.041321309408,75.5938322828758,85.7863423525945,138.383517179972,176.799682617188,177.577298355103,79.4862237848493,138.831407672584,191.677251180013,159.11377923148,127.780534779871,153.915567324238,96.5893477405291,150.783295057714,214.210013495551,152.874075906319,201.573875427246,155.561626851689,143.612259546916,120.230205139827,182.006356716156,216.26233215332,199.576324462891,157.118480335582,133.8975656063,120.880819727163,154.049964946025,111.700184264141,214.557750701904,191.582814171201,164.477529960766,132.56292522934,153.671444937159,130.508128112793,0,189.558911641439,139.256963282456,150.520296355217
21.8381741414628,114.836611938477,121.152925446502,82.0675655287824,110.669471491938,21.0880227039085,55.8635894430212,75.5302205860414,38.6976148465484,87.1486898891961,100.094640510549,75.9248837018509,101.205894088745,97.9281638174346,27.5986362387423,72.4609256064755,105.537019786268,107.55962010581,114.820151529194,114.61963203899,104.256804890876,85.8198843600908,78.667744576931,101.340009138354,94.4361544169261,85.0127204368854,130.203567210366,129.326019199559,97.3026276376777,13.2312674355983,33.8702206808823,128.221404605442,12.0029388212725,20.5952472811951,47.5217065314864,160.264454931962,158.715347290039,170.075990200043,97.56889631548,182.629023960658,236.472610473633,193.558179772418,153.187492381908,181.302735363996,120.850011978149,191.141476681358,208.318557739258,199.658508300781,245.540008544922,179.377041980719,0,128.29081634292,187.668080647786,0,207.838943481445,0,139.35366971565,131.472680525346,154.220937863745,143.333181554621,0,178.791542746804,175.965724635769,150.784539823457,175.657719199441,147.444729179586,0,206.428833007812,157.437531031919,169.536734367819
33.9137407030973,121.182153207284,97.6175569016256,63.0359012314084,113.219983673096,128.456119537354,99.3517730908516,27.0092247373038,78.6556053549198,71.7028336821303,92.482290093455,111.733981998739,152.203464508057,147.831461738138,66.7559442064773,111.060258632753,76.2309425795488,82.3311333346326,130.4054318534,113.313018412441,152.951412745884,35.0729879439351,58.8913429808998,66.1005987598977,83.0050447809202,133.177539825439,118.548381576963,115.158756512403,50.9993285532378,33.8702206808823,13.3546858343113,158.352771759033,126.614650726318,46.8983499303105,49.7092758592957,141.040973373939,119.914569854736,154.374659038725,79.9118425820091,167.256965637207,0,179.689619276259,139.31065167745,164.343633250186,85.639725859736,180.557484346278,191.48332824707,0,175.535781860352,163.79785987309,0,115.504154493829,167.39072644269,0,179.540839455344,0,126.818981933594,113.22119365019,134.041692806937,128.732253107294,172.165252685547,173.43705888228,163.836274125194,131.297210716762,153.679538904925,127.486220169676,218.602401733398,0,137.004179646198,137.210633369341
159.911758422852,69.0599297314155,99.4382585797991,75.4009806658771,207.024703979492,0,148.898045857747,176.641454060872,126.779965049342,145.05034821609,159.045616149902,31.3977596021879,188.133079528809,13.1925084848559,125.216515858968,175.696990966797,141.990898132324,81.6876709979513,52.1553004686681,60.73422286624,0,160.775428771973,98.2279404985144,120.012349446615,160.405700683594,44.9693621727728,33.5285374308147,28.9809895339023,175.408157348633,128.221404605442,158.352771759033,6.15633670147699,91.0879096984863,170.927795410156,67.5035420150208,0,134.289443969727,164.019790649414,99.6407051086426,0,0,0,0,0,143.52806854248,0,90.7801645067003,0,87.7918263340856,0,0,0,0,107.385038522574,139.730337524414,0,0,0,0,227.492233276367,80.245190447027,115.329626560211,107.072848510742,0,244.923614501953,0,103.817249644886,0,0,107.769844055176
104.56877822876,106.978080749512,176.072214944022,130.841278076172,123.266801834106,8.81206505803211,43.3912078736704,126.76549636486,13.1791199089126,78.3529993693034,122.245356957118,58.7658134961912,111.641517716225,77.7146814786471,15.1983975893547,40.6734054848,0,97.1380497859075,90.0963838750666,78.7052345275879,123.189988272531,135.361303541395,135.062789916992,158.497386932373,145.135334968567,85.5416938781738,101.831643946031,123.53373336792,146.041321309408,12.0029388212725,126.614650726318,91.0879096984863,4.48673963638297,121.656642913818,41.8295030891276,212.714024861654,0,0,141.790954589844,0,0,0,196.089731216431,0,0,0,0,0,108.554702758789,220.120961507161,0,0,0,151.816360473633,0,0,0,0,242.10807800293,187.042161421342,0,192.422325134277,0,205.406873703003,226.104370117188,176.453460693359,0,0,223.685134887695,219.945785522461
55.3001429924598,167.105602264404,121.569216189177,65.5319716896809,99.4039182662964,84.0185585021973,98.5273742675781,69.8318829873484,79.4311235888251,69.8080728367397,86.8953214205228,103.278075814247,120.673113250732,104.662101745605,45.4913927928619,101.722004413605,75.8162451119259,97.0516292546071,112.123239305284,111.834010954826,85.6107184670188,64.525530226623,56.770443736643,86.6877500449017,76.4559185278987,0,127.990855555381,118.478872075811,75.5938322828758,20.5952472811951,46.8983499303105,170.927795410156,121.656642913818,8.4827573959005,27.1254270153713,146.072064139626,0,194.999359130859,76.258021774292,233.76318359375,0,145.934754943848,135.265713849749,169.481183878581,96.7078002929688,175.707707214355,187.210266113281,0,0,163.316444396973,0,110.85088721742,190.657538277762,0,173.059036254883,0,121.171020879978,125.256160736084,132.550276152942,130.122645655765,218.96484375,189.095550537109,175.76863861084,135.155563831329,155.212993866807,127.380440872707,0,176.578262329102,131.249319966634,163.498400688171
84.2318317830062,55.4058372091364,72.1472336303668,75.5940405937933,109.299982719815,34.3970608514202,81.0229891318849,95.5784155132939,62.443791023172,105.409447152274,96.204889257499,28.0651054562985,92.7695729988327,47.0980764918585,55.4502443712936,101.277518076055,83.280098940363,42.8076078473232,58.0964162397866,37.5745694289863,99.1431459867037,50.7755408516088,71.9018459093003,57.4953612969215,103.701799450792,46.7392786585766,65.1434596143641,73.5960323178195,85.7863423525945,47.5217065314864,49.7092758592957,67.5035420150208,41.8295030891276,27.1254270153713,13.6966358944656,166.825412568592,104.321431477865,119.368039079146,108.944539300327,193.98169708252,0,190.428194681803,152.798578633202,183.256222195095,158.606776767307,183.793637275696,110.838935852051,0,98.3598266601562,175.106243327513,170.269256591797,118.894021911621,138.99024401213,126.925109386444,135.904419169706,0,125.573567372448,128.870019276937,139.142359261561,141.177664334657,88.1621596596458,116.165287047859,114.428184110529,152.762832877077,173.624350908067,138.837973161177,150.045837402344,0,146.96265411377,149.988654677932
146.422141313553,246.787139892578,177.398538861956,106.818312393992,150.942300276323,0,162.901082238486,143.03406981145,161.303636090509,97.4745741624099,160.988741987843,0,185.419879150391,0,165.981515204156,174.200471666124,129.767209833319,185.225166320801,226.819976806641,212.160911560059,153.099422454834,150.684216022491,132.902980380588,176.192368966562,127.982561811395,0,209.104685465495,175.749480738784,138.383517179972,160.264454931962,141.040973373939,0,212.714024861654,146.072064139626,166.825412568592,9.17571664150573,122.590131759644,106.605205611965,69.1624813774016,82.2506239149306,116.203244527181,96.3361570337317,28.2296061325737,76.2911281506877,71.1054444970025,76.9520592137387,120.01782989502,106.93121773856,143.133037567139,19.2803205216001,98.7562351226807,97.3788843836103,95.4788310442169,140.290446619834,115.196105653474,100.807871246338,77.9434509367526,78.9462647438049,90.2064896002503,75.8428634939431,159.235485839844,108.983572110263,127.950011587762,80.3810517492623,17.3706209609391,22.018114360253,150.183858235677,109.555967712402,47.0212316419103,67.0233015561815
0,91.5395040512085,92.1979174613953,58.708410543554,172.20166015625,0,0,0,0,109.057563781738,0,117.474759238107,0,100.330036640167,156.663291931152,0,120.820289611816,139.133560874245,134.904985427856,103.121678488595,0,0,114.006628036499,149.480541992188,146.740636189779,77.9795021783738,97.7618931801088,90.2840058287168,176.799682617188,158.715347290039,119.914569854736,134.289443969727,0,0,104.321431477865,122.590131759644,8.37714543482177,53.4740126991272,9.75178513561011,175.156509399414,122.291618347168,125.115270614624,145.899518585205,130.852701822917,85.1690507464939,155.040939331055,65.8809410682091,117.523677062988,58.2959176498709,132.084960460663,121.246020507813,66.9599637098091,57.0235275453137,73.6550203959147,63.62270046784,115.439544677734,104.846273149763,21.7481592926942,90.2600173950195,90.1284225267823,29.5275057604448,53.5134986499408,33.074424693062,127.177960713704,132.415337085724,115.828903706868,76.6576073844478,105.439247131348,106.632701873779,67.0924388281733
