8.6336487015152,105.709623718262,85.2746000117661,71.4397718180781,101.591441726685,75.7573877970378,82.6736199061076,27.7023208268434,40.2211735172475,62.014868332459,38.3846552666394,132.399635314941,102.007552337646,151.407649993896,18.4614111133946,103.920480092367,96.756139867446,92.372246940664,0,124.046555328369,94.8098674350315,72.2986216090974,88.2335083825248,79.9782701905366,73.0071203848512,0,103.396665736607,115.497274878191,71.8810005664825,19.4798346153393,35.4154902700494,0,77.458346973766,46.8052062626126,76.2245839026667,143.806838989258,0,162.359394836426,76.0972313514123,0,0,146.011379665799,131.138925837374,157.648195054796,96.2434605189732,145.303730773926,0,193.810485839844,0,156.009642333984,0,163.615112304688,175.902412414551,0,0,209.329696655273,161.272286987305,131.706649780273,159.803194382611,115.391687104196,0,192.118717193604,149.682929120745,124.743307715064,142.855625788371,132.814810434977,0,0,137.681645393372,140.064965565999
105.709623718262,10.2997031969663,44.3334441480711,19.2217378086153,0,0,139.416488647461,128.523557580036,125.822900598699,80.8653618549478,143.129440307617,70.8604034713552,136.410446166992,48.0376498473575,132.585311889648,126.264127557928,56.3099958472056,50.7876221205949,80.0471884409587,53.7923693930268,0,87.9634831450706,23.0416929623914,63.3877338370365,80.7434727156581,21.8885562310207,40.2953263498537,31.1902983329944,98.827604675293,125.992728362212,106.867445904276,76.2989144325256,123.497042338053,126.301846504211,57.4647652552678,0,0,94.4290313720703,72.4455865478516,171.879699707031,0,0,174.394706726074,179.563064575195,0,0,121.127571105957,0,100.772381040785,163.639633178711,0,123.245404561361,105.033668518066,132.231377919515,117.699963039822,0,207.119323730469,97.9137496948242,131.45059640067,146.388370937771,81.6141710281372,111.617680609981,104.464053140807,176.051553726196,0,130.27613067627,127.109834289551,0,0,108.707214355469
85.2746000117661,44.3334441480711,12.6343497477464,47.3764946703558,181.81009979248,137.219945907593,120.986857980197,88.0834339898989,106.158399952995,101.280944824219,106.818746614219,84.1997952991062,164.116462120643,96.7631820678711,100.584069915891,138.285633632115,77.7189258806633,33.1321416683114,107.112540245056,65.3494765619526,154.444410705566,56.581278185533,53.0830903675245,27.9443335365698,111.552809632343,112.300089836121,21.6175704556032,33.4708420091356,80.6787069236839,98.9200193174838,70.7523486010338,94.0664581298828,156.57176940918,100.660663376993,52.3314985890034,154.145441691081,78.1915551727893,95.077462299606,77.6340933330988,0,134.258987426758,180.498644510905,159.056602478027,177.941746104847,163.080422537667,179.543154035296,122.464510599772,0,164.047027587891,167.747412233937,189.941246032715,116.577006304706,106.089588419596,135.275321960449,119.933582537102,0,133.952869340485,82.2698490388932,111.012036816827,141.194748618386,105.848335266113,104.518431205852,91.2752664040146,157.406249753891,175.336217607771,145.268468396417,120.93782043457,0,161.747756958008,114.032981101047
71.4397718180781,19.2217378086153,47.3764946703558,18.0646516713111,62.5080627773119,116.051689147949,80.9412228485634,61.6900977516991,80.5023433970895,22.8286099339704,60.9340512616919,72.2358732638152,69.2403490883963,54.0332063521528,97.9397103907698,86.5107524269506,32.8304235711744,56.3460278781492,82.3454948425293,61.9222814190772,56.8590946490948,58.4753514492151,19.9148721236081,51.3243550046868,46.9953800436992,31.1459606096993,46.3230300049682,36.8153119861148,61.5671442788471,87.905591668023,61.6501212001626,72.4222063176772,119.517801072862,81.833158329555,61.6862096941453,81.8431828110306,49.749441019694,60.2870519944838,12.2290947876031,85.7277517318726,123.487953186035,93.6042013335646,76.544987150601,103.863760757446,24.9959646360142,87.6635669361461,121.285365634494,82.4375286102295,81.2671643170443,99.9656179327714,96.3679211934408,53.2436977921871,80.8478639110035,134.877201843262,108.358420095136,87.0759061177572,74.3138787321342,34.9386232816256,70.3796746700001,54.8585053302624,77.2989258766174,81.4633661416861,57.2154467933794,73.2585741061609,87.9157419489391,74.1648074774433,130.575101216634,126.482671101888,72.1191359519958,82.8069890975952
101.591441726685,0,181.81009979248,62.5080627773119,8.60649531207557,94.6404218673706,59.1511743495459,54.2557252248128,100.405736544361,50.2886571749019,17.5951912144585,145.005960464478,20.1635030427317,154.082176208496,107.99870974397,58.4282274332913,120.198287963867,246.292510986328,0,0,11.4377373009634,156.842981338501,78.053071975708,157.795227050781,18.9146558850326,148.940185546875,166.229385375977,130.677862803141,15.5978370525098,107.194707138474,131.626892436634,0,133.134172363281,89.1877128601074,98.5838192395927,143.790490722656,0,0,72.9781973361969,27.6035856829749,0,143.259636355985,128.253679699368,163.286517551967,90.5346254110336,131.103127208509,0,95.9499129027128,0,154.667548684513,128.529490470886,0,0,0,0,67.3486341125336,203.282836914062,0,236.71907043457,104.567857041651,0,0,0,128.638378806096,179.121800231934,185.503448486328,0,0,0,141.708446502686
75.7573877970378,0,137.219945907593,116.051689147949,94.6404218673706,7.67947312054667,11.8061763517266,100.187302271525,15.5745681081548,67.4446022396996,108.068011669402,59.4283673604329,87.7150228060209,72.2282134162055,31.3369533036642,16.878948895253,0,153.771507263184,0,138.826866149902,105.283242445726,139.194650268555,96.1255645751953,125.358485412598,97.8375594527633,169.039993286133,91.2972152709961,133.852320671082,119.23692855835,28.7325743237057,121.36209487915,88.3348846435547,13.3267426694299,0,34.4362616280253,0,0,0,0,0,0,0,179.721384684245,218.513412475586,0,241.632690429688,0,92.6719207763672,0,0,0,0,0,0,0,0,0,0,0,0,0,0,0,174.757194519043,0,0,0,0,0,0
82.6736199061076,139.416488647461,120.986857980197,80.9412228485634,59.1511743495459,11.8061763517266,13.9962702414498,52.7436007490376,17.0428690793809,66.9183844841375,34.8362810740528,74.7494173964409,23.8208997158331,97.8228903377757,41.5739769941242,16.6084408546081,134.387478298611,146.027928969439,89.2183456420898,115.979965209961,51.8869750360657,104.085270148663,123.203727213542,115.958294781772,71.9321844409494,153.108093261719,128.57709570492,138.761879660866,69.7148762701111,54.8305147020005,107.474911866365,114.194519996643,17.9037606081116,120.54291121165,58.3840048084011,166.69314066569,0,180.633934020996,103.109881648311,150.78800201416,0,158.361618634567,142.405727694733,159.065769917256,101.363380880917,149.426755862766,0,78.0483383705945,0,165.181468870582,163.225219726562,167.189758300781,200.141235351562,0,0,136.775972780974,238.345840454102,149.150527954102,187.294564141168,127.084292685019,0,209.363945007324,180.13603922526,141.881847599574,180.787172757662,188.551374162946,180.882476806641,0,171.068870544434,163.308428250826
27.7023208268434,128.523557580036,88.0834339898989,61.6900977516991,54.2557252248128,100.187302271525,52.7436007490376,11.4744542637891,52.2394659596901,52.8695360641842,20.593358998951,129.489386240641,51.6131699879964,162.410183993253,42.8343584997339,72.326317209593,77.8831081633872,118.356408437093,0,127.989547729492,83.7061827645373,64.147783472743,80.2238204320272,76.9548052073915,51.0615510674591,144.899178822835,122.425425706086,96.2242508472167,32.3525175182775,73.2470349191894,19.45505338112,163.244026184082,117.621795145671,77.7313513130977,86.8941492278329,134.021841430664,159.519577026367,153.393463245337,73.6262994089434,134.402797583378,170.885342915853,137.207852356416,121.727333238749,143.347711810818,91.8817311150687,130.968204862753,222.64281463623,140.414791547335,228.199172973633,147.242418774819,142.261809212821,132.437850134713,182.843146642049,0,177.780700683594,123.483874880034,141.282440879128,116.916620826721,152.307643678453,107.373226683953,0,186.904847717285,148.572821188293,117.689705437036,142.756964463454,132.966340008904,0,180.763998413086,130.942105061299,138.340007781982
40.2211735172475,125.822900598699,106.158399952995,80.5023433970895,100.405736544361,15.5745681081548,17.0428690793809,52.2394659596901,11.6541851338068,74.3670705716765,36.2453535645436,63.4892718032991,89.3117754293043,92.7082628389684,19.7682465329781,38.5691791097413,109.52959505717,118.324529590525,90.2586082790209,114.67453347483,92.7861672977031,88.2622745056653,106.693107237299,96.6515554387638,75.3039501998336,146.007043626573,120.808035210228,124.62327794234,77.3062347647471,36.5958151980888,73.6331195292993,93.6708316802979,22.3082403695205,97.7450354529209,56.1862595876058,159.743911997477,168.120513916016,175.827944123343,96.6063160837433,141.972843772487,172.6953125,151.58329299002,140.932505662938,161.226867387101,104.308058325924,143.573947811466,202.576293945312,134.736557493819,96.3438911437988,169.748751667568,151.078311920166,164.945464769999,198.246962547302,0,230.401992797852,145.553369839986,182.191805839539,161.33666405311,174.003332360998,125.480497874384,0,194.877586364746,168.167224158539,136.086805545755,166.833699343016,160.458966328548,0,200.988488769531,147.941978053043,156.369414046004
62.014868332459,80.8653618549478,101.280944824219,22.8286099339704,50.2886571749019,67.4446022396996,66.9183844841375,52.8695360641842,74.3670705716765,9.85318469236126,60.9427095382444,122.32149856155,14.7213638317719,111.896804518233,82.9893995034267,25.7884310104817,49.1032683913772,111.92728549487,134.213971819196,124.792259652274,29.9990295709906,81.8904638190019,21.7184826997222,88.0825087038198,21.0014575231453,98.2829528384738,110.305344058969,104.578406231447,55.022758745116,79.6773729889086,56.2594139755413,127.79201398577,108.342338562012,65.9987191370089,75.2886975905474,88.2266836899977,0,162.339472961426,21.3373008171717,119.429522196452,131.970916748047,108.364738999752,89.6421845520978,109.660591488793,47.8391109933244,96.4040843351388,160.121658325195,100.300946644374,157.258389790853,121.773080999201,132.676174163818,113.847624642508,149.811182657878,192.587059020996,152.714889526367,72.5919397142198,122.674753461565,110.687250773112,129.927298736572,80.302497529576,137.116985321045,183.030764493075,164.761380440848,93.1833389900826,118.065516432671,102.120155157045,165.160545349121,163.021865844727,106.369277954102,123.738897535536
38.3846552666394,143.129440307617,106.818746614219,60.9340512616919,17.5951912144585,108.068011669402,34.8362810740528,20.593358998951,36.2453535645436,60.9427095382444,13.6302013880137,137.065376811557,22.4208653730461,170.176989746094,66.8132366202089,68.5882251040345,93.8450296336207,168.958665030343,0,179.803215026855,20.1950137266288,85.590025583903,98.7132480762623,101.657730315949,56.0258651668219,135.08235168457,137.984473571777,113.99701461792,31.0508904510616,99.5011822353217,98.395269592087,189.680992126465,118.663931634691,88.9639208372249,90.0837186849486,155.638471603394,0,177.010321044922,77.403787702322,136.474089948049,179.997711181641,143.748293221715,130.583667886104,157.364616737366,88.0301306588309,136.8079550349,207.700210571289,130.836312136976,0,160.216431708085,139.428603331248,151.528242323134,193.845864868164,0,0,129.854596688045,167.526028951009,164.927851359049,164.266831715902,112.012459922176,0,201.415966033936,157.455316716974,133.17578153257,165.397090282255,162.447453718919,0,191.87537689209,142.723400115967,154.137317148844
132.399635314941,70.8604034713552,84.1997952991062,72.2358732638152,145.005960464478,59.4283673604329,74.7494173964409,129.489386240641,63.4892718032991,122.32149856155,137.065376811557,11.4205873260277,129.325924325497,22.2276881012527,65.5799043535177,99.9485177993774,121.88397386339,50.7610249029142,20.5326269632304,18.2190170787149,137.191974952573,88.562012301551,96.9135677196361,77.9054012713225,136.38923386396,31.0068027141157,26.7623737426024,47.5683341354452,134.017238963734,53.5225343081106,97.5357579940405,28.0974648013242,54.4175812379233,87.5622278849284,24.8737110027654,223.545288085938,101.674077351888,143.295627049037,66.4562787192208,0,0,213.299743652344,190.718940734863,0,148.541389465332,0,83.6507527119405,170.034164428711,68.9976265888948,229.96923828125,0,155.350336074829,146.729764302572,96.6582762555378,102.543273122687,0,140.205078125,107.809810638428,163.00168355306,189.64187113444,57.8425494484279,91.8350771477882,87.9365839116714,192.882637871636,220.51993560791,147.120666503906,85.4013702392578,0,0,142.163008553641
102.007552337646,136.410446166992,164.116462120643,69.2403490883963,20.1635030427317,87.7150228060209,23.8208997158331,51.6131699879964,89.3117754293043,14.7213638317719,22.4208653730461,129.325924325497,11.1751224536698,163.978677749634,95.7844754021024,25.7831282855243,0,163.699432373047,167.45231628418,175.866582234701,15.7999488816048,148.318305121528,98.8849912370954,178.731530761719,22.9541397376901,143.934951782227,157.337121009827,158.166415821422,56.3125088842292,100.216190734467,137.631523132324,170.93505859375,107.266329734556,112.457676887512,90.3590033740532,124.213672637939,0,0,120.678442955017,48.6611067178298,0,71.9630458101313,160.6966683524,106.624458585467,73.5170356750488,63.2538787209161,0,14.4909758987672,0,104.81879828958,70.3584051421194,0,0,0,142.666427612305,27.1442275997457,234.486877441406,222.530822753906,0,115.920962969462,0,234.679351806641,174.781616210938,102.691803267022,104.730625036991,165.001853942871,161.03923034668,114.01611328125,0,99.1688974168566
151.407649993896,48.0376498473575,96.7631820678711,54.0332063521528,154.082176208496,72.2282134162055,97.8228903377757,162.410183993253,92.7082628389684,111.896804518233,170.176989746094,22.2276881012527,163.978677749634,9.66419302285428,91.1011718483858,159.757881164551,122.469325201852,83.6368891171047,53.0888561343781,59.4307543729843,157.287803649902,133.574155807495,84.4528106689453,129.817540910509,123.624178811007,21.1294877306362,43.9406866042663,33.1312904652107,152.283874511719,80.4813564007099,152.536979311988,12.6331021432088,74.6832280312815,173.763938903809,63.873547969041,0,96.7664747238159,134.772861480713,62.3890677264137,0,0,200.761215209961,191.403129577637,0,138.948145548503,0,79.8746201132431,0,62.5091041468974,217.146110534668,0,0,137.332458496094,89.3355491638184,103.749753828972,0,165.268203735352,111.494315407493,0,188.911373138428,53.9237895062629,89.9756173768112,83.0207400281105,202.299160003662,199.560297648112,205.082148234049,83.2487207575047,101.358238220215,0,113.343974026767
18.4614111133946,132.585311889648,100.584069915891,97.9397103907698,107.99870974397,31.3369533036642,41.5739769941242,42.8343584997339,19.7682465329781,82.9893995034267,66.8132366202089,65.5799043535177,95.7844754021024,91.1011718483858,8.79401431528757,60.608243711067,120.876351278336,108.662673718064,95.1893557380228,111.605631235484,99.5733408793867,85.2820017139357,104.996449661255,92.883035797164,92.4556308715729,98.5563481648763,114.554230796412,125.976557177882,85.7619054853651,23.5929861271056,62.735538618675,100.502719455295,19.6364138232296,71.1105796416601,49.0408059838054,161.662345613752,183.113922119141,173.300534215467,107.398520559635,181.214685440063,0,170.071173326024,153.6139589507,171.71167640686,124.379211902618,166.101532755019,192.875335693359,139.647170305252,122.742645263672,174.54969136556,167.262859344482,157.550927480062,193.714962005615,0,0,168.456329345703,183.27473449707,125.297940826416,177.5519595676,140.474215043699,0,182.381676523309,168.110530372902,146.629935401832,172.308724975586,159.31473719279,0,192.036445617676,155.11037009103,167.312171936035
103.920480092367,126.264127557928,138.285633632115,86.5107524269506,58.4282274332913,16.878948895253,16.6084408546081,72.326317209593,38.5691791097413,25.7884310104817,68.5882251040345,99.9485177993774,25.7831282855243,159.757881164551,60.608243711067,8.67082897245794,101.669886271159,158.434349060059,0,166.55978902181,48.0614511004949,111.05832417806,86.987080487338,119.079663444968,40.1959353518936,146.630818984088,153.204901801215,139.93914676357,83.3786288582705,70.4053680135849,99.943505859375,0,36.6501541487668,102.291903904506,90.248544921875,0,0,183.666793823242,84.3872833251953,166.80549621582,0,169.489860534668,146.70204271589,161.30916595459,117.398063659668,164.030352274577,0,57.1839317745633,0,178.892158508301,196.485260009766,0,0,0,0,134.909601847331,228.259750366211,0,184.337692260742,133.995620091756,0,248.250732421875,186.190780639648,146.79770067003,167.766006469727,206.830520629883,0,0,0,0
96.756139867446,56.3099958472056,77.7189258806633,32.8304235711744,120.198287963867,0,134.387478298611,77.8831081633872,109.52959505717,49.1032683913772,93.8450296336207,121.88397386339,0,122.469325201852,120.876351278336,101.669886271159,10.368645813198,98.0382745742798,0,109.78239402771,151.568206787109,40.9864625191642,26.3732845389396,20.0174445588131,29.2252346034135,105.639273579915,103.208458662033,32.722074274192,33.904075243839,110.585908284263,69.9639970333018,117.545581817627,0,86.0751588736007,74.0078770035626,129.854457855225,93.3099136352539,105.662152546208,54.7992172810569,0,198.888727823893,160.648231506348,140.026071486935,160.720558166504,109.04278755188,200.570190429688,152.853321075439,0,0,170.565468379429,0,88.3377891829445,137.437232971191,149.743316650391,179.423545837402,0,107.469650757429,60.5532841269426,94.3433925398422,95.7853365120413,157.750579833984,157.500033171281,99.8293480054867,113.869421195984,147.036613001968,113.578831602625,0,0,113.96656036377,110.438844017361
92.372246940664,50.7876221205949,33.1321416683114,56.3460278781492,246.292510986328,153.771507263184,146.027928969439,118.356408437093,118.324529590525,111.92728549487,168.958665030343,50.7610249029142,163.699432373047,83.6368891171047,108.662673718064,158.434349060059,98.0382745742798,8.72317255786229,47.9067402259976,13.7160848722931,192.592834472656,49.1829793839804,77.0304702250163,22.152306015918,120.988100983376,54.9952189067625,25.0119792476899,58.3012460380695,105.627374282538,91.5102294177782,64.8034873614184,79.6624774932861,129.885518709819,84.7623764654124,33.2301880609382,168.818851470947,83.871375435277,105.080488603667,70.1403727464273,0,0,0,181.045704311795,193.751266479492,156.116775512695,160.468231201172,108.297541809082,0,123.748785400391,178.764940049913,196.519889831543,131.725870905696,115.311123878168,149.429023742676,117.451147550695,0,147.001481628418,100.919703292847,131.921667155098,154.137933904474,79.5939440046038,102.914822047479,98.5610351014017,153.72102355957,180.316360473633,150.7528405623,149.219680786133,245.275451660156,170.062947591146,121.362277751066
0,80.0471884409587,107.112540245056,82.3454948425293,0,0,89.2183456420898,0,90.2586082790209,134.213971819196,0,20.5326269632304,167.45231628418,53.0888561343781,95.1893557380228,0,0,47.9067402259976,6.50573113370902,9.29223723163148,171.431533813477,108.021041870117,118.650535583496,91.36962890625,162.320266723633,49.3357865469796,27.9334011983371,53.1786362078132,179.270309448242,83.8160166664729,0,53.8612419633835,88.1784175691151,0,58.7166936011288,0,0,181.084411621094,84.4284032185872,0,0,0,0,0,0,0,95.6358225504557,0,86.1394941834198,0,0,0,143.277389526367,106.379348972866,116.840222676595,0,0,0,0,243.295455932617,75.0069390705654,102.096268114836,96.4747453454423,210.305114746094,0,0,99.6744366814108,0,0,125.200489044189
124.046555328369,53.7923693930268,65.3494765619526,61.9222814190772,0,138.826866149902,115.979965209961,127.989547729492,114.67453347483,124.792259652274,179.803215026855,18.2190170787149,175.866582234701,59.4307543729843,111.605631235484,166.55978902181,109.78239402771,13.7160848722931,9.29223723163148,10.2878631037077,0,75.0981014670199,95.8224826994396,42.8476796662025,143.653842653547,42.4411843917506,25.5264481333908,54.2045335057,118.965252063893,99.3479146477896,86.3546451261674,53.452866447075,82.7920462664436,98.6500566270616,39.852869725532,0,101.807040874775,134.381890132509,83.8422325134277,0,0,0,193.358225504557,245.285041809082,184.169815063477,0,96.9937165423137,0,91.2905972200281,209.993891398112,204.75114440918,141.463421630859,118.862588882446,102.846214738003,104.323076116214,0,161.065756661551,137.23968963623,152.160877921365,176.662359619141,72.747138197704,97.2273946859966,93.9303115761798,193.074611663818,177.681240844727,159.113428751628,97.2954632794415,0,219.252288818359,116.29399589256
94.8098674350315,0,154.444410705566,56.8590946490948,11.4377373009634,105.283242445726,51.8869750360657,83.7061827645373,92.7861672977031,29.9990295709906,20.1950137266288,137.191974952573,15.7999488816048,157.287803649902,99.5733408793867,48.0614511004949,151.568206787109,192.592834472656,171.431533813477,0,8.82580939112755,149.203875223796,116.42454401652,176.302201704545,18.2871777639192,158.145751953125,176.186321258545,148.898569742839,26.9415173101131,102.179503511864,141.996353736291,0,122.246610458583,102.288096427917,91.9089580391938,167.929224650065,0,0,70.9174122129168,57.7112122349667,0,136.041926096721,137.454761649989,153.224014057833,71.6989296807183,128.599697182757,0,36.3981328164194,176.655532836914,173.369349760168,124.93360748291,0,0,0,0,118.870985464616,0,0,0,102.146983688953,0,186.77783203125,157.794662475586,124.618410117028,164.18414936895,216.551376342773,0,0,0,175.218139648438
72.2986216090974,87.9634831450706,56.581278185533,58.4753514492151,156.842981338501,139.194650268555,104.085270148663,64.147783472743,88.2622745056653,81.8904638190019,85.590025583903,88.562012301551,148.318305121528,133.574155807495,85.2820017139357,111.05832417806,40.9864625191642,49.1829793839804,108.021041870117,75.0981014670199,149.203875223796,11.9636800145316,56.8388725733713,28.9820933881678,59.8741096783274,122.588521957397,83.1257482743913,67.9796695560974,27.2325460145132,48.1296455076009,26.5817659265743,138.792125701904,123.476261138916,23.6710192296389,45.0273851275527,150.273700714111,114.593227386475,126.199289784848,69.2739251219196,0,0,196.345977783203,163.356428222656,177.469019208636,0,153.15256245931,166.152275085449,210.298965454102,0,157.967915852865,0,104.546585380359,144.792000155979,175.97046661377,162.200963338216,0,115.306154451872,79.2961466623389,110.323166288798,107.405552111174,0,145.058544055836,116.573815447729,124.700326283773,149.946477966309,121.992528399906,192.832397460938,0,115.792174021403,123.368595784505
88.2335083825248,23.0416929623914,53.0830903675245,19.9148721236081,78.053071975708,96.1255645751953,123.203727213542,80.2238204320272,106.693107237299,21.7184826997222,98.7132480762623,96.9135677196361,98.8849912370954,84.4528106689453,104.996449661255,86.987080487338,26.3732845389396,77.0304702250163,118.650535583496,95.8224826994396,116.42454401652,56.8388725733713,7.84908463348568,49.5599754670693,31.8591612024887,66.3651360917599,83.6670692809328,45.4804076424221,54.1813313678482,95.0684755352181,61.2547799577482,99.4754047393799,148.993927001953,85.0568909645081,68.3428768517399,149.277186075846,88.2374954223633,93.6500913276047,16.7674786906976,125.90983581543,0,149.825088500977,121.684936299044,167.805735015869,90.4325885772705,143.620600891113,141.364120483398,0,127.288917160034,134.456945146833,0,54.7021022157621,126.003952636719,157.326639811198,150.822975158691,0,73.1832718710297,33.3636017653902,71.1959313984159,83.0437700078729,100.103763580322,140.447076731715,102.056135436027,104.340319074433,136.692293167114,88.4117827902035,137.451850891113,0,93.9486312866211,117.047369384766
79.9782701905366,63.3877338370365,27.9443335365698,51.3243550046868,157.795227050781,125.358485412598,115.958294781772,76.9548052073915,96.6515554387638,88.0825087038198,101.657730315949,77.9054012713225,178.731530761719,129.817540910509,92.883035797164,119.079663444968,20.0174445588131,22.152306015918,91.36962890625,42.8476796662025,176.302201704545,28.9820933881678,49.5599754670693,14.6705573583683,77.8314165831874,105.306619937603,59.4167412547308,41.2922780276339,49.1944614805509,71.8579245193161,51.5301785127355,113.683395385742,133.360799312592,86.1817212346774,47.3937160585774,154.667529907227,109.777328491211,103.32838519119,67.0594299082853,0,132.553009033203,175.455971457741,149.616485508009,175.473746048777,123.849258422852,169.977875449441,149.693212890625,246.222640991211,157.669563293457,176.185111833655,187.326507568359,93.4331428806069,125.367035905142,197.334447224935,143.959229823521,0,113.936571522763,69.2859920375752,102.186152839076,120.368331799798,107.679901123047,124.425843928888,97.6256905514216,135.893143814993,159.747423576586,133.583287649025,174.699203491211,244.065368652344,165.702145258586,117.966537865172
73.0071203848512,80.7434727156581,111.552809632343,46.9953800436992,18.9146558850326,97.8375594527633,71.9321844409494,51.0615510674591,75.3039501998336,21.0014575231453,56.0258651668219,136.38923386396,22.9541397376901,123.624178811007,92.4556308715729,40.1959353518936,29.2252346034135,120.988100983376,162.320266723633,143.653842653547,18.2871777639192,59.8741096783274,31.8591612024887,77.8314165831874,10.4816887862204,106.146585945724,122.769219706135,97.2385108169166,22.8627875391089,88.1366800322925,71.1490431258075,148.098394293534,127.481667533753,73.6119925455563,81.8694370103919,124.800201347896,163.209130859375,144.277062733968,59.052020018751,106.328053297315,164.571922302246,123.194136436105,111.888237300614,132.176843432845,74.2923520097455,113.026306260017,183.588587443034,108.54557113214,178.195701599121,137.44741370879,115.938090591431,109.056948280334,175.960298201617,197.552276611328,183.514212036133,100.247790538482,121.914647692726,87.2410838407629,128.704724514646,96.0406554889581,170.301289876302,172.042635517736,153.868232727051,106.739982490744,132.036051402068,118.736993613532,200.447601318359,168.904121985802,115.78673447503,129.035064877843
0,21.8885562310207,112.300089836121,31.1459606096993,148.940185546875,169.039993286133,153.108093261719,144.899178822835,146.007043626573,98.2829528384738,135.08235168457,31.0068027141157,143.934951782227,21.1294877306362,98.5563481648763,146.630818984088,105.639273579915,54.9952189067625,49.3357865469796,42.4411843917506,158.145751953125,122.588521957397,66.3651360917599,105.306619937603,106.146585945724,9.41813832366131,38.9296721747317,29.2873495839299,129.066161564418,135.723021316528,142.166539705717,45.4177392697802,76.4363174438477,110.617248535156,63.0782041106113,166.870986938477,72.6996803283691,0,43.2488361954689,0,0,211.297985076904,170.848728179932,0,123.705238342285,183.322052001953,65.7028341172617,0,53.1181410402611,220.468330383301,0,102.393402099609,117.75040435791,74.5854502537454,80.1907087961833,177.670440673828,128.974227905273,109.450172424316,140.554445902507,164.253443400065,40.8105736900778,69.1257856695692,60.6535418018336,192.404174804688,173.946431477865,178.941970825195,69.7672867529171,0,0,79.9820313453674
103.396665736607,40.2953263498537,21.6175704556032,46.3230300049682,166.229385375977,91.2972152709961,128.57709570492,122.425425706086,120.808035210228,110.305344058969,137.984473571777,26.7623737426024,157.337121009827,43.9406866042663,114.554230796412,153.204901801215,103.208458662033,25.0119792476899,27.9334011983371,25.5264481333908,176.186321258545,83.1257482743913,83.6670692809328,59.4167412547308,122.769219706135,38.9296721747317,11.4308283978282,27.3256349274895,124.597374868865,102.81811060804,91.7594764969355,30.333517997604,86.1885435316298,99.9391432189941,49.0601200833022,166.01714070638,79.9781218266142,101.899550395542,56.6370737363422,0,0,0,176.707310069691,196.101848602295,152.949916294643,198.472969055176,96.1106670520924,0,83.0776417968357,182.688359941755,0,137.988737318251,106.160453998681,98.3581333089495,98.8564768620735,0,152.771351623535,125.054983956473,128.634000386277,166.424701690674,62.946034749349,91.2198451128972,86.4978166975404,187.453574371338,159.87296210395,151.830222464897,99.6162420703519,145.24382019043,158.452575683594,108.080193363763
115.497274878191,31.1902983329944,33.4708420091356,36.8153119861148,130.677862803141,133.852320671082,138.761879660866,96.2242508472167,124.62327794234,104.578406231447,113.99701461792,47.5683341354452,158.166415821422,33.1312904652107,125.976557177882,139.93914676357,32.722074274192,58.3012460380695,53.1786362078132,54.2045335057,148.898569742839,67.9796695560974,45.4804076424221,41.2922780276339,97.2385108169166,29.2873495839299,27.3256349274895,13.2334315347106,75.3001113201054,122.141584315713,98.2110643344581,21.2194996715114,114.831482179703,112.147436702953,62.7004442133142,152.691178458078,80.9248945756392,91.9482149647002,60.9771275492275,213.076655069987,113.572723388672,187.567452889902,155.23386004236,170.73209423489,153.886038603606,178.844530278986,99.8109052802863,219.227432250977,85.5859865331563,166.566443504646,196.002243041992,102.742630230382,104.322382850881,103.800177320838,106.749157312109,0,128.609670416514,71.1104025684703,104.767110410308,144.120140959087,67.6779718706685,96.5734030244694,87.3733780118439,151.810114983074,171.71185284853,144.71713946728,100.556298456272,199.421981811523,152.674101511637,109.296970848023
71.8810005664825,98.827604675293,80.6787069236839,61.5671442788471,15.5978370525098,119.23692855835,69.7148762701111,32.3525175182775,77.3062347647471,55.022758745116,31.0508904510616,134.017238963734,56.3125088842292,152.283874511719,85.7619054853651,83.3786288582705,33.904075243839,105.627374282538,179.270309448242,118.965252063893,26.9415173101131,27.2325460145132,54.1813313678482,49.1944614805509,22.8627875391089,129.066161564418,124.597374868865,75.3001113201054,11.2456900228768,91.3287846258546,42.0113198279408,168.818725585938,128.962793986003,70.4208442834083,68.6635216738637,131.131033244886,156.937779744466,136.520968944995,69.4768298467,110.470138487859,181.329553222656,144.82900859816,121.698265020953,148.111836723201,91.7720542907715,136.652545743683,199.083679199219,135.539573583902,180.837738037109,153.245653980183,130.130895502427,107.675251295302,176.628929443359,0,182.340538024902,129.050205197542,116.451049125146,88.1613942218083,124.263092614654,105.449314356283,0,183.175439743769,139.950292919528,124.000860017126,135.760787326186,117.850857718438,0,199.055945260184,117.483048711504,124.899855761461
19.4798346153393,125.992728362212,98.9200193174838,87.905591668023,107.194707138474,28.7325743237057,54.8305147020005,73.2470349191894,36.5958151980888,79.6773729889086,99.5011822353217,53.5225343081106,100.216190734467,80.4813564007099,23.5929861271056,70.4053680135849,110.585908284263,91.5102294177782,83.8160166664729,99.3479146477896,102.179503511864,48.1296455076009,95.0684755352181,71.8579245193161,88.1366800322925,135.723021316528,102.81811060804,122.141584315713,91.3287846258546,12.5450268850537,37.2982509367281,96.5935474395752,12.7722399509647,21.20600518923,36.7864393558898,162.766086284931,194.145111083984,166.024960132355,101.997634328206,176.847007751465,215.066452026367,171.050749295,151.117717597444,177.195252114154,121.253630112629,167.563854035877,150.002014160156,158.253368801541,103.643760681152,176.763054001499,174.375539779663,157.171105777516,179.909816923596,0,197.111892700195,178.425820922852,144.957231283188,139.110277696089,167.757978416351,134.855365045721,84.9245147705078,183.189675140381,159.784754943848,146.137572442752,165.372465754664,147.782249071919,114.640071868896,207.076995849609,153.110512473366,163.866956075033
35.4154902700494,106.867445904276,70.7523486010338,61.6501212001626,131.626892436634,121.36209487915,107.474911866365,19.45505338112,73.6331195292993,56.2594139755413,98.395269592087,97.5357579940405,137.631523132324,152.536979311988,62.735538618675,99.943505859375,69.9639970333018,64.8034873614184,0,86.3546451261674,141.996353736291,26.5817659265743,61.2547799577482,51.5301785127355,71.1490431258075,142.166539705717,91.7594764969355,98.2110643344581,42.0113198279408,37.2982509367281,11.6771829496152,0,119.022178932473,40.8251557995129,43.1159394593471,138.068813772763,129.557312011719,138.475588657545,71.299893216389,0,0,159.130036727242,129.77320418247,165.011569923078,98.2970199584961,153.472828280541,152.523429870605,159.066614786784,0,153.829932545507,151.140823364258,108.97264727568,166.067137195218,0,170.596963500977,0,119.356575040997,85.0168948961341,126.274712291388,109.965713051544,129.25830078125,171.679033476731,137.764616094708,120.012190507038,139.076429659182,123.154651772635,0,210.078628540039,118.881292302558,127.437270277638
0,76.2989144325256,94.0664581298828,72.4222063176772,0,88.3348846435547,114.194519996643,163.244026184082,93.6708316802979,127.79201398577,189.680992126465,28.0974648013242,170.93505859375,12.6331021432088,100.502719455295,0,117.545581817627,79.6624774932861,53.8612419633835,53.452866447075,0,138.792125701904,99.4754047393799,113.683395385742,148.098394293534,45.4177392697802,30.333517997604,21.2194996715114,168.818725585938,96.5935474395752,0,7.64799542399084,91.9563865661621,0,72.1838368635911,158.685745239258,91.8498611450195,154.599632263184,73.56591796875,0,0,0,194.244331359863,0,151.263717651367,0,102.21703414917,0,82.4341479473233,0,0,190.532081604004,150.873001098633,105.130062466576,111.634035856827,0,144.802490234375,123.329917907715,100.951118469238,185.385498046875,70.8015404325543,102.599990398853,98.5448300186081,183.289779663086,0,0,102.049322509766,0,0,109.554569244385
77.458346973766,123.497042338053,156.57176940918,119.517801072862,133.134172363281,13.3267426694299,17.9037606081116,117.621795145671,22.3082403695205,108.342338562012,118.663931634691,54.4175812379233,107.266329734556,74.6832280312815,19.6364138232296,36.6501541487668,0,129.885518709819,88.1784175691151,82.7920462664436,122.246610458583,123.476261138916,148.993927001953,133.360799312592,127.481667533753,76.4363174438477,86.1885435316298,114.831482179703,128.962793986003,12.7722399509647,119.022178932473,91.9563865661621,4.95026662114242,59.7765909830729,31.431746249444,0,0,150.583129882812,139.073333740234,0,247.77946472168,210.458947753906,184.01615524292,234.148468017578,0,204.228520711263,0,0,129.893676757812,243.727783203125,0,0,0,170.109146118164,0,0,0,0,0,170.889041355678,0,0,154.680465698242,190.867433547974,214.196416219076,162.056015014648,0,246.560653686523,0,213.836074829102
46.8052062626126,126.301846504211,100.660663376993,81.833158329555,89.1877128601074,0,120.54291121165,77.7313513130977,97.7450354529209,65.9987191370089,88.9639208372249,87.5622278849284,112.457676887512,173.763938903809,71.1105796416601,102.291903904506,86.0751588736007,84.7623764654124,0,98.6500566270616,102.288096427917,23.6710192296389,85.0568909645081,86.1817212346774,73.6119925455563,110.617248535156,99.9391432189941,112.147436702953,70.4208442834083,21.20600518923,40.8251557995129,0,59.7765909830729,8.41961727496841,31.7475705867135,147.81988634382,0,158.655532836914,85.1393039101049,157.135093688965,0,158.501051095816,133.945357608099,156.028386502653,98.4344278971354,145.566875767063,0,126.666088104248,0,159.597742080688,127.505378723145,148.012770803351,197.62313079834,0,196.524820963542,135.513018290202,154.447263929579,126.913182576497,159.883268127441,120.218559944466,0,167.431331634521,159.143783569336,132.131028576432,154.336958260372,137.744986900916,0,0,128.797492027283,143.86762491862
76.2245839026667,57.4647652552678,52.3314985890034,61.6862096941453,98.5838192395927,34.4362616280253,58.3840048084011,86.8941492278329,56.1862595876058,75.2886975905474,90.0837186849486,24.8737110027654,90.3590033740532,63.873547969041,49.0408059838054,90.248544921875,74.0078770035626,33.2301880609382,58.7166936011288,39.852869725532,91.9089580391938,45.0273851275527,68.3428768517399,47.3937160585774,81.8694370103919,63.0782041106113,49.0601200833022,62.7004442133142,68.6635216738637,36.7864393558898,43.1159394593471,72.1838368635911,31.431746249444,31.7475705867135,10.2113973238037,154.282441083123,89.6959259033203,109.806333989273,78.5610259727195,153.80890083313,0,163.089696248372,143.817612017118,171.34016882855,123.845277266069,159.508108209681,97.2784481048584,139.429894080529,90.3022575378418,174.413867684298,166.894729614258,110.433177549943,119.151629244897,122.340628729926,121.41656855533,152.079574584961,129.828388879059,93.1271791327489,118.666016806326,123.304750256965,87.0035452409224,110.572784817096,104.123328121495,139.374532007909,163.084669135599,137.200077289084,102.217044830322,177.529373168945,151.348445129395,131.389242508832
143.806838989258,0,154.145441691081,81.8431828110306,143.790490722656,0,166.69314066569,134.021841430664,159.743911997477,88.2266836899977,155.638471603394,223.545288085938,124.213672637939,0,161.662345613752,0,129.854457855225,168.818851470947,0,0,167.929224650065,150.273700714111,149.277186075846,154.667529907227,124.800201347896,166.870986938477,166.01714070638,152.691178458078,131.131033244886,162.766086284931,138.068813772763,158.685745239258,0,147.81988634382,154.282441083123,11.1100525524639,123.903016226632,97.6774027438238,66.6958760654225,89.3840197324753,71.4674248695374,70.8211072973303,26.0271911027129,49.8709293717374,69.6737845664801,78.3985349577682,111.933289471795,98.1176414030144,140.690353393555,25.7282831221271,77.2470118204753,99.0135459899902,99.5605405122617,128.754657745361,114.634305927115,78.5666915774345,82.2844575721527,93.7457616252284,88.3624304685453,78.8791708390564,162.830902099609,112.791676275949,114.86740002371,78.8568888692675,19.4668674886129,26.9610747267789,0,80.8287603204901,44.4566737174988,63.5320785170099
0,0,78.1915551727893,49.749441019694,0,0,0,159.519577026367,168.120513916016,0,0,101.674077351888,0,96.7664747238159,183.113922119141,0,93.3099136352539,83.871375435277,0,101.807040874775,0,114.593227386475,88.2374954223633,109.777328491211,163.209130859375,72.6996803283691,79.9781218266142,80.9248945756392,156.937779744466,194.145111083984,129.557312011719,91.8498611450195,0,0,89.6959259033203,123.903016226632,7.72003537939027,42.7418654747729,11.0965412691661,0,0,144.178863525391,108.406528930664,136.232963562012,70.2574622938368,133.011564254761,54.2661807448776,118.744743347168,50.0404636383057,130.598103841146,112.958209037781,53.9101211741819,54.2424841873518,71.048406346639,62.5239072086835,137.120971679688,83.3173460279192,18.4991043889208,62.2224777020906,78.6285005794111,14.183098964799,47.4804232039754,24.9591984326597,104.132343037923,124.834020761343,101.331802784313,73.1408903333876,0,105.003362383161,59.8841868882934
162.359394836426,94.4290313720703,95.077462299606,60.2870519944838,0,0,180.633934020996,153.393463245337,175.827944123343,162.339472961426,177.010321044922,143.295627049037,0,134.772861480713,173.300534215467,183.666793823242,105.662152546208,105.080488603667,181.084411621094,134.381890132509,0,126.199289784848,93.6500913276047,103.32838519119,144.277062733968,0,101.899550395542,91.9482149647002,136.520968944995,166.024960132355,138.475588657545,154.599632263184,150.583129882812,158.655532836914,109.806333989273,97.6774027438238,42.7418654747729,12.4109647176748,49.1129824259809,186.611671447754,153.495188395182,115.577214584936,83.6986566344329,107.017631589028,99.158793599982,109.888364871645,93.8699977181175,180.091055297852,79.8961457472581,104.658028764017,124.703740918959,77.0379971479758,42.9321123209956,99.8284851074219,79.6043439149857,179.689952850342,66.8034550968726,45.8843365916005,33.8595169202878,103.350867099232,100.5728515625,25.5229822794331,31.7586582398266,84.2666578355692,123.643229123563,81.1631521472456,75.5788938348944,155.486742019653,99.2075102956671,70.7701512761477
