9.70517142150202,111.834079742432,113.054269909185,75.0817743615259,88.1877533839299,75.3261566162109,84.9307593551337,26.2562282581825,36.5980649653691,72.5091291915539,80.9669544663228,129.435998280843,100.045335769653,138.325210571289,17.0424482934481,0,96.9508895874023,118.726056122463,167.030039860652,151.194111251831,107.329318237305,92.7381626791205,96.1756629943848,106.103545818161,82.3260687453237,120.027648925781,139.627935304747,139.233346539343,73.8838806078843,17.9616651300186,31.353004581073,195.554941813151,87.5695789882115,50.0953671516628,76.3299919013813,152.078651428223,0,199.820755004883,80.8821643829346,84.9596252441406,0,175.745986938477,143.468585674579,171.816934204102,99.3238662719727,166.60966352983,0,0,0,168.024028778076,0,158.745006561279,208.845764160156,0,221.737009684245,0,170.031539916992,160.417953491211,183.326397705078,129.934803278759,0,202.705764770508,190.45915222168,145.679186949859,164.493494669596,150.957220077515,0,0,0,181.231450398763
111.834079742432,7.02153695847195,53.3812479972839,22.7579812358315,97.5516052246094,117.58528137207,0,148.936325073242,144.523885091146,70.2196500398807,148.573146820068,74.2317702385687,100.846813201904,53.8983134973518,121.609588623047,105.345138931274,67.3536614009312,69.5730493279952,84.3391462285468,83.6243217282179,0,86.638173421224,25.6054211696214,85.5075225830078,81.5103736497555,27.0934060049716,64.1780152622657,29.4974985556646,97.8478450775146,161.15588684082,0,65.5346279511085,143.144247436523,108.657127380371,86.2837726419622,0,44.3061561584473,98.9044904708862,27.7961916923523,0,0,0,151.162712097168,0,0,0,107.572031656901,0,126.427139282227,0,0,0,74.6825858222114,123.903442382812,104.418759155273,0,0,89.0734481811523,0,0,102.834486961365,107.140008026699,84.6986121214353,0,134.996627807617,0,125.336283002581,0,0,85.4002103805542
113.054269909185,53.3812479972839,14.7780173752953,54.8409535073485,147.879402814593,185.866941179548,156.146833099588,101.221354985346,131.305804011366,119.051175337571,132.44475007359,110.323852126663,180.170403374566,123.403958834135,127.091010635235,164.707589285714,97.8848062269758,45.070188772698,93.1750537008047,82.0964021976177,155.40941619873,66.845859069107,70.6319620917825,38.7324074417225,122.902106410773,222.705032348633,41.4028390803939,39.9410994766435,101.233148730893,132.917668322583,96.4686339573583,105.086521821864,184.255325317383,132.169133786802,83.7798031358529,162.692190317007,96.0582088894314,99.8393386424273,120.114909066094,215.902816772461,0,199.245994567871,170.196277335838,183.601337633635,156.577674865723,201.681335449219,152.320758395725,248.225051879883,185.614456176758,188.339629634734,0,129.34147080921,113.505129510957,153.039246192345,133.647795055224,0,134.360330918256,99.9537549901892,115.288514512757,163.893283812468,128.290529251099,116.372519755567,100.169401512361,171.86921117639,192.947893316096,159.809399586804,141.99592590332,218.157913208008,184.049489339193,124.522629968051
75.0817743615259,22.7579812358315,54.8409535073485,17.9550286983622,66.1480309498775,82.7574068705241,101.463609513782,61.2499963133579,90.1213314658717,19.5512792598646,83.4187833225026,75.2989852450309,51.5729805628459,51.1290821611446,82.3229801890614,60.5764862834543,42.4897568015704,74.9841452156332,77.0745100180308,69.5762384796143,64.8952344568764,61.751194892238,24.9341504844297,57.1817954167304,43.1849439927959,21.0815917125818,60.9690948414202,35.8843311657123,61.1415036096921,86.1068682436083,63.5362106517759,62.164083404541,137.721717834473,72.616913318634,76.0792316501423,106.779328918457,62.3913944789342,71.4688877692589,19.2036093146713,99.4213027954102,0,125.900890774197,92.6068395754186,104.552115122477,25.150597314986,103.602547513522,98.6677932739258,77.5208072662354,77.8457833925883,115.406699547401,0,89.755240093578,82.1003897530692,85.9651578267415,84.3131021352915,100.549072265625,120.650326320103,90.2602424621582,86.7339560626304,70.6300052852067,58.9004387102629,94.8745278475577,70.0012468985461,89.2939029562062,126.233229160309,125.430145263672,90.9349695841471,110.147621154785,131.665283203125,79.3579807281494
88.1877533839299,97.5516052246094,147.879402814593,66.1480309498775,10.4179842947463,110.164344787598,60.1855667095152,44.7197702807239,90.965422653321,46.7483323926017,29.7732206563612,169.562519618443,32.5240893987567,151.522155761719,95.6828748328893,68.458661736035,93.0348782857259,161.571398871286,186.087615966797,187.253939819336,16.2185603969443,119.181657155355,68.6465269470215,126.945697931143,20.2479149838557,144.054916381836,182.552107377486,131.149204787388,18.5820149496159,100.479058678157,99.3677590977062,187.051116943359,131.701196289062,88.5349903764396,95.8759345525428,175.546859741211,0,237.216979980469,107.517647793418,31.7096303836422,0,150.196838945956,144.613278775602,166.533088207245,97.8435305786133,143.491167523214,0,30.364303564433,229.109436035156,171.782374064128,127.627217102051,145.254671096802,173.044845581055,0,0,23.7091981393421,171.737564086914,150.394710540771,179.373406546456,118.043369983958,0,198.185211181641,195.591427612305,129.388875261743,179.930546409205,157.467840576172,0,0,138.252530415853,194.291790008545
75.3261566162109,117.58528137207,185.866941179548,82.7574068705241,110.164344787598,8.32939962403149,11.621308877543,112.7922966697,18.3177749749983,59.5776371728806,113.038556149131,67.5350715038823,76.5048584316088,74.0389624701606,28.8556943330342,14.4658686806625,169.686599731445,159.853382534451,129.322315216064,124.037269592285,115.15070065585,110.946392059326,114.88222694397,135.706308364868,105.811630512106,89.418643951416,130.369209289551,135.09556427002,128.577398390997,23.2901321044247,118.139552525112,109.536210378011,14.62250656826,0,33.2284041124649,0,0,0,0,0,0,0,172.760223388672,206.895133972168,0,0,0,0,239.655914306641,0,0,0,0,0,0,0,0,0,0,160.835384368896,0,164.486114501953,0,186.039024353027,0,0,0,0,0,0
84.9307593551337,0,156.146833099588,101.463609513782,60.1855667095152,11.621308877543,11.2367138981163,59.610797979034,20.8988497599272,71.2911737181924,35.8247951454857,105.031658785684,20.1456636548092,105.350912984212,39.5595092201714,13.27692576439,127.837020874023,176.091410064697,165.505030632019,148.138851589627,40.9868118424545,144.445759296417,126.557850646973,149.662409426561,81.7730790066757,175.26277923584,177.175303423846,164.764213562012,75.6967867940223,43.5257329358065,108.409421659771,168.944732666016,25.8158303138313,106.329246852709,75.7162565348441,0,0,0,122.453172956194,133.147383527058,0,177.85597555978,163.453570458197,183.434085845947,134.894369125366,174.981442163861,0,175.516131591797,0,216.4885597229,0,194.278442382812,204.717910766602,0,0,128.555643081665,179.107452392578,0,200.957946777344,148.250727243134,0,246.638595581055,203.319994245257,167.471960853128,187.450644753196,180.801818847656,0,0,0,200.471321105957
26.2562282581825,148.936325073242,101.221354985346,61.2499963133579,44.7197702807239,112.7922966697,59.610797979034,10.1050853235063,56.7790721796507,55.9355055341181,21.149336611329,144.131468313712,55.0764013169304,142.839011056083,34.5701337723537,78.2514802683955,102.66229385376,118.64027561497,168.482969495985,153.336410522461,49.6505869697122,74.5629394779242,85.8358882359096,83.8588683895948,63.3207039028828,152.893768310547,133.601761772059,119.236743873915,24.4130661780922,71.9763752863957,20.2956419126774,161.979431152344,128.010094719964,65.9877075130104,87.5227810331231,147.228787141688,0,175.205492292132,76.8593152364095,154.506013393402,0,157.351213243273,130.870075355742,159.326025790856,92.784980284862,160.183630558482,0,176.691940307617,0,162.166302490234,0,141.57200886653,181.515844726563,0,195.083938598633,151.392598470052,146.372670491536,123.210473632812,159.569782616957,118.969020628507,0,194.050653076172,171.197837352753,129.778254618498,156.973658921984,139.932183159722,0,0,147.799556187221,159.452024936676
36.5980649653691,144.523885091146,131.305804011366,90.1213314658717,90.965422653321,18.3177749749983,20.8988497599272,56.7790721796507,10.0792724164223,86.5925659819277,36.9821765800266,100.874710193259,85.5222375030103,90.0276808531388,15.2725168631205,28.5082268690307,126.185733477275,140.891875829452,168.832684199015,166.080212535474,88.1681990537815,115.236950934967,107.147347394158,122.141983701472,91.8160853808108,93.03173828125,156.834306973317,152.961291076382,73.9104776237613,36.6487424717729,70.1134026805807,140.052455357143,17.9847958078305,85.7915655180465,71.4385792479223,184.689478556315,171.846176147461,195.380814985795,104.279876122108,171.966700659858,0,175.096556010999,158.097159939721,169.78064793178,120.694747924805,185.438327912361,231.627906799316,159.558006286621,0,190.126407125722,0,151.019616127014,206.398132324219,0,207.299102783203,148.716238021851,0,154.442794799805,187.155698852539,144.0740687191,0,201.270237642176,195.658652895973,157.282884997856,189.331531665943,166.679322186638,0,0,169.046432495117,197.67752532959
72.5091291915539,70.2196500398807,119.051175337571,19.5512792598646,46.7483323926017,59.5776371728806,71.2911737181924,55.9355055341181,86.5925659819277,8.86710931112163,69.8073736356126,145.936510871438,13.3027988204531,129.055593964237,87.7116263478073,21.994086657913,59.5110983237242,133.794775417873,151.792820857121,154.352592976888,35.9805537291936,88.743741888749,32.556596943401,104.831222629547,24.1323162713427,107.219842217185,137.007724573116,105.135188665895,57.0231272752669,81.8119821195249,60.9347224235535,139.163067548703,138.035680770874,66.9584636394794,87.6860674920483,106.004112243652,0,126.969440460205,29.0983806740154,105.945189317067,0,143.037933349609,103.498506818499,128.270983475905,20.4154559930166,125.296042182229,0,105.398738861084,181.637992858887,136.826528276716,72.1361236572266,117.088956197103,0,204.063756306966,202.876289367676,110.172328948975,135.001594543457,129.622705078125,138.325290134975,91.3356236544522,0,176.581340312958,168.721229553223,108.3707231982,142.668530600412,112.876468658447,211.838729858398,0,0,141.181933811733
80.9669544663228,148.573146820068,132.44475007359,83.4187833225026,29.7732206563612,113.038556149131,35.8247951454857,21.149336611329,36.9821765800266,69.8073736356126,13.6637704065723,141.517080545425,26.6225710864703,147.015308214271,47.5181134703828,72.6227129310559,100.64204798518,164.110111618042,178.008443014962,176.848251996722,20.1445212662146,108.194082683987,113.561898330162,119.703190155029,57.3080357215214,180.020111083984,165.836833416576,136.759008586407,34.6985178692032,94.9869265931484,96.5696937657204,187.578460693359,121.694201359133,85.8418483988444,91.297198511741,172.997520446777,213.811264038086,200.131391906738,111.40033976237,145.624684715913,0,170.352161026001,153.589163483166,171.72588101724,124.227558244978,167.599794857466,0,160.58895216317,0,202.061246125594,174.00708770752,153.079898071289,243.228485107422,0,220.825744628906,54.8221970893794,211.924224853516,156.678487141927,179.274075317383,133.098740437134,0,210.247780936105,191.687793129369,160.711056016449,191.580824715751,178.757731119792,238.808609008789,248.279418945312,194.392573038737,196.215074157715
129.435998280843,74.2317702385687,110.323852126663,75.2989852450309,169.562519618443,67.5350715038823,105.031658785684,144.131468313712,100.874710193259,145.936510871438,141.517080545425,13.1791087574259,144.19352645874,26.4838810094632,91.7512278331023,127.745449066162,143.252502441406,58.8783635136693,23.9921394502088,34.8090974842465,137.456743413752,110.878243340386,109.84168858682,98.0764995600214,159.606313885383,39.3560970993172,32.9165620644407,70.3833744405104,149.487274524777,68.6020165688214,129.116236848651,39.8854997717925,63.6354329109192,119.251374053955,30.4095291387571,0,125.340010506766,149.393264183631,103.719397068024,0,0,0,212.7294921875,225.492599487305,180.021110534668,233.233047485352,82.6982862579156,0,78.8939493869213,144.172607421875,0,191.802742004395,153.125633239746,104.179512191605,143.756123762864,241.935775756836,0,121.120295206706,202.426483154297,199.693448153409,70.0399994633415,110.290959339176,116.654807056338,207.18383026123,119.133964538574,0,99.5780122506672,0,0,114.984361921038
100.045335769653,100.846813201904,180.170403374566,51.5729805628459,32.5240893987567,76.5048584316088,20.1456636548092,55.0764013169304,85.5222375030103,13.3027988204531,26.6225710864703,144.19352645874,10.993895836934,174.43908996582,101.006442997464,17.0020309453728,112.9518699646,177.299768066406,180.189041137695,171.047264099121,13.0665709079424,194.38166809082,63.785775013459,172.942547389439,22.9408756128121,147.674461364746,180.727940877279,135.253206426447,45.7188017399615,108.751697929538,112.296539306641,188.524841308594,121.88072622976,115.578010559082,101.590988806958,0,0,0,103.211556025914,64.40104576637,0,165.835975646973,160.110586983817,168.125133514404,59.5122352600098,152.699221169076,0,116.57971572876,0,187.329528808594,0,0,0,0,0,62.115829539299,0,0,148.720260620117,120.706404946067,194.127258300781,228.787155151367,0,151.345085144043,176.513600667318,0,0,0,185.081039428711,189.823104858398
138.325210571289,53.8983134973518,123.403958834135,51.1290821611446,151.522155761719,74.0389624701606,105.350912984212,142.839011056083,90.0276808531388,129.055593964237,147.015308214271,26.4838810094632,174.43908996582,9.13927848445558,91.5867049379169,160.292688369751,140.361291503906,91.2775755489574,56.2453917089056,82.8888939830744,139.548243204753,147.809253692627,93.9695543334598,101.309303283691,145.901187666927,20.7581611846854,44.7655105829239,32.0593462881041,174.754014448686,69.9013100877593,153.062044143677,24.2116949779807,81.1712573423224,144.759506225586,55.1197875862691,0,112.540595054626,137.377558390299,81.4816308339437,0,0,0,0,142.868988037109,178.351107510653,0,69.7387985229492,0,65.4656691318605,154.501634597778,0,207.644393920898,163.163106282552,96.4339349365234,121.508072853088,0,0,136.910795358511,193.879028320312,200.919031143188,61.3935317945599,97.0134137004887,103.529549649602,217.94100189209,0,0,90.8283942300765,0,0,108.797314780099
17.0424482934481,121.609588623047,127.091010635235,82.3229801890614,95.6828748328893,28.8556943330342,39.5595092201714,34.5701337723537,15.2725168631205,87.7116263478073,47.5181134703828,91.7512278331023,101.006442997464,91.5867049379169,10.5653957274224,47.1978765845299,124.618382045201,135.135317173378,156.704599730823,154.973143226742,99.7712965284075,108.07014758891,107.78009832473,117.286887471269,91.6194621756315,119.183689117432,152.429395696043,149.84373328469,71.7635895779497,24.924272917641,59.6730343129488,122.118440246582,15.7433242917408,74.3587884713482,64.38722384862,172.051742553711,201.890075683594,191.82618637085,98.8917384493178,187.647192955017,0,189.471966334752,156.893291593537,182.599219743596,125.673063659668,179.56540206383,0,191.306549072266,125.222564697266,191.820413861956,218.650085449219,156.5625831604,211.285181218928,0,215.677627563477,163.606016540527,175.828312465123,143.044219970703,195.219121518342,148.18344018443,0,200.306432088216,190.875335956442,155.398943424225,185.690352006392,165.115199038857,169.157135009766,0,162.369087219238,212.219033813477
0,105.345138931274,164.707589285714,60.5764862834543,68.458661736035,14.4658686806625,13.27692576439,78.2514802683955,28.5082268690307,21.994086657913,72.6227129310559,127.745449066162,17.0020309453728,160.292688369751,47.1978765845299,8.87748320790111,165.944625854492,165.514592488607,0,0,49.5601044499597,101.272331237793,71.3083162307739,155.249337768555,46.6458380336761,135.458449363708,165.205240885417,138.461181350901,80.8196927680344,47.9617929458618,95.7255210876465,168.832221984863,32.5245136060213,117.018754959106,84.7444496154785,0,0,0,84.1373510360718,125.219705581665,0,0,127.601998223199,195.086730957031,148.94701385498,149.184388902452,0,135.458114624023,0,197.385752360026,0,0,0,0,0,57.9874839782715,0,0,0,110.165818277995,0,229.493057250977,212.491973876953,128.010538736979,145.587341308594,0,0,0,0,0
96.9508895874023,67.3536614009312,97.8848062269758,42.4897568015704,93.0348782857259,169.686599731445,127.837020874023,102.66229385376,126.185733477275,59.5110983237242,100.64204798518,143.252502441406,112.9518699646,140.361291503906,124.618382045201,165.944625854492,11.8111380376075,108.863889163768,139.09481375558,133.482053756714,111.772918701172,34.1321657199493,24.9156414187176,25.4070734359705,30.8301364585589,109.014289855957,122.178982218758,33.4109081545104,31.3155038818923,103.969595248883,69.9515880088548,173.873321533203,0,66.3577531885218,69.526906199901,131.997371673584,0,98.2788617374333,75.9291044235229,0,0,189.001490275065,147.795700171055,174.331025804792,143.28010559082,173.094724382673,195.526346842448,0,0,194.493374633789,0,89.8266359649689,152.635132980347,193.072494506836,171.311050415039,0,103.575816690354,62.2999286288307,98.613544651186,113.998406709943,0,150.639087994893,97.973272882766,116.917278187616,143.966854095459,113.751359036094,0,226.301864624023,125.674062728882,123.229798768696
118.726056122463,69.5730493279952,45.070188772698,74.9841452156332,161.571398871286,159.853382534451,176.091410064697,118.64027561497,140.891875829452,133.794775417873,164.110111618042,58.8783635136693,177.299768066406,91.2775755489574,135.135317173378,165.514592488607,108.863889163768,13.2920703318147,68.3355852445614,29.0917047230329,185.840953826904,73.0318026643727,89.5930029226809,37.0962072113653,139.771327189094,68.6291068056796,38.857685537488,69.5469445733049,128.110698974028,119.042722898306,90.7562263552363,101.349010068317,136.253179277693,103.871636216968,45.389692584284,205.027725219727,108.579266866048,118.099756776109,127.357395580837,0,0,207.556015014648,192.17386977737,210.389634132385,169.625566755022,0,155.990733676487,0,150.049465603299,205.092672909007,0,153.579104879628,120.32731072108,148.170627725535,130.292499368841,0,163.362521362305,149.591970171247,146.368538926287,190.966016292572,116.317649509596,115.467164088615,115.045866083996,191.46337370439,208.927049001058,186.982477602751,149.310557047526,0,239.549499511719,141.515105765206
167.030039860652,84.3391462285468,93.1750537008047,77.0745100180308,186.087615966797,129.322315216064,165.505030632019,168.482969495985,168.832684199015,151.792820857121,178.008443014962,23.9921394502088,180.189041137695,56.2453917089056,156.704599730823,0,139.09481375558,68.3355852445614,10.4535104873654,20.821684886199,170.279556274414,135.661414698551,122.513206019546,113.72023311738,168.85351962135,47.6691597164802,33.1885648753299,73.4637181566634,176.826987566267,137.703146761696,152.060554418671,52.0710162485563,99.8724226951599,149.309289550781,69.3419714382874,220.659271240234,135.923447926839,152.753186543783,99.384165763855,0,0,0,223.263935089111,214.545104980469,190.598510742188,0,106.804884819135,0,93.6377600337682,0,0,205.439971923828,162.575110117594,108.707683099765,135.626692936338,0,0,146.443737792969,0,209.304649353027,84.4944059992411,107.858247719217,118.126742034662,223.818977355957,225.51587677002,211.746724446615,102.635256278082,157.141845703125,0,139.93899307251
151.194111251831,83.6243217282179,82.0964021976177,69.5762384796143,187.253939819336,124.037269592285,148.138851589627,153.336410522461,166.080212535474,154.352592976888,176.848251996722,34.8090974842465,171.047264099121,82.8888939830744,154.973143226742,0,133.482053756714,29.0917047230329,20.821684886199,12.1794817624641,195.006469726562,112.150153999329,111.119578506007,90.0681248817532,166.512121037075,54.4732799816849,37.6255847724201,75.4471126723501,164.435373370567,135.649048010899,127.136760518088,66.3683725073634,108.004055316632,127.688091044523,50.1614305148627,0,127.033186912537,134.514836465159,136.050109863281,0,0,0,198.503838675363,0,186.872165679932,0,126.819269816081,0,113.889969856508,202.644617716471,0,170.394973754883,135.525841737405,119.818128536909,126.53963359197,0,164.351806640625,160.35164642334,175.876165951,224.482810974121,91.476711973852,109.371004023607,115.626704446201,222.290204366048,0,194.323984781901,110.971737356747,0,0,138.143899744207
107.329318237305,0,155.40941619873,64.8952344568764,16.2185603969443,115.15070065585,40.9868118424545,49.6505869697122,88.1681990537815,35.9805537291936,20.1445212662146,137.456743413752,13.0665709079424,139.548243204753,99.7712965284075,49.5601044499597,111.772918701172,185.840953826904,170.279556274414,195.006469726562,9.77514826351172,131.439811706543,62.104621887207,133.456007385254,17.1968862217643,141.15259552002,186.201957702637,141.077604733981,31.102682338213,102.455725510155,134.021864573161,165.565689086914,131.527573805589,78.6137725830078,96.2072325486403,176.678024291992,0,0,113.350580215454,22.7268915399373,0,154.498590946198,143.736590418322,147.947289900346,99.7409712473551,124.379272611518,0,13.5024911901058,0,197.063762664795,0,0,0,0,0,14.6242781743474,183.153701782227,0,183.636825561523,97.0685766747123,0,0,229.054275512695,109.674866782294,192.39958190918,0,0,0,0,182.039457702637
92.7381626791205,86.638173421224,66.845859069107,61.751194892238,119.181657155355,110.946392059326,144.445759296417,74.5629394779242,115.236950934967,88.743741888749,108.194082683987,110.878243340386,194.38166809082,147.809253692627,108.07014758891,101.272331237793,34.1321657199493,73.0318026643727,135.661414698551,112.150153999329,131.439811706543,12.7842302601775,53.1354760396838,32.4628255154475,39.430151772088,107.197555541992,109.855401325696,86.9958585709963,31.0571441817557,77.6200657940367,31.4408512396147,122.503789901733,159.249290466309,43.3001156392276,46.6380860742,148.041768391927,152.976043701172,124.070085196659,79.4911206873452,0,0,0,148.122402279876,182.805982317243,145.03927230835,177.78271484375,0,176.929306030273,0,170.483437856038,0,105.682867731579,169.609041360708,0,195.253224690755,0,115.369962422744,82.8868207673769,116.068981331515,115.673653669136,0,165.748592376709,126.477084766735,119.372608106323,148.769151687622,117.84603726369,204.027404785156,0,119.186932373047,137.313316345215
96.1756629943848,25.6054211696214,70.6319620917825,24.9341504844297,68.6465269470215,114.88222694397,126.557850646973,85.8358882359096,107.147347394158,32.556596943401,113.561898330162,109.84168858682,63.785775013459,93.9695543334598,107.78009832473,71.3083162307739,24.9156414187176,89.5930029226809,122.513206019546,111.119578506007,62.104621887207,53.1354760396838,9.2568802220405,52.6090460566105,34.6735676476759,72.6021997062721,99.438906663464,35.4603114004086,65.4218288566211,104.098698001438,65.1720285148264,105.653614277742,0,89.4445270191539,79.2253176116943,161.658843994141,141.892044067383,99.7743007342021,61.0053001046181,148.856699625651,0,127.784461975098,130.553309304374,173.376279558454,124.890106201172,156.277988433838,151.872578938802,0,154.779739379883,0,0,53.1902034961625,124.919241685134,0,155.2999903361,0,93.5553418209678,36.3880098082803,74.6647309389981,120.461558818817,120.364025115967,139.149106276663,81.436260576946,125.599005657694,163.21215057373,101.907658894857,154.076324462891,0,0,118.614447402954
106.103545818161,85.5075225830078,38.7324074417225,57.1817954167304,126.945697931143,135.706308364868,149.662409426561,83.8588683895948,122.141983701472,104.831222629547,119.703190155029,98.0764995600214,172.942547389439,101.309303283691,117.286887471269,155.249337768555,25.4070734359705,37.0962072113653,113.72023311738,90.0681248817532,133.456007385254,32.4628255154475,52.6090460566105,17.6083430730068,78.0085753640909,98.9972229003906,75.1304633829606,54.5309394594639,58.9355550825305,105.476504919024,67.377791259792,125.537746082653,172.553803443909,91.3686906543895,58.5639571903288,159.301335786518,88.5909186469184,103.590130700338,107.83827234904,166.667297363281,0,195.744454520089,161.980331473515,188.930116694024,147.254925409953,191.76566696167,185.714408026801,211.629328409831,0,184.643996627242,155.904418945312,98.3411082235174,132.717846596888,184.718610491071,162.804121289934,0,121.162181133113,77.4072310845583,106.479135977524,136.263907924169,156.850280761719,144.453862103549,101.758670396243,148.302486407004,180.758490394144,139.871719656639,0,0,158.955309295654,126.849536946615
82.3260687453237,81.5103736497555,122.902106410773,43.1849439927959,20.2479149838557,105.811630512106,81.7730790066757,63.3207039028828,91.8160853808108,24.1323162713427,57.3080357215214,159.606313885383,22.9408756128121,145.901187666927,91.6194621756315,46.6458380336761,30.8301364585589,139.771327189094,168.85351962135,166.512121037075,17.1968862217643,39.430151772088,34.6735676476759,78.0085753640909,13.2608294611395,120.922840507663,148.365861219518,91.8312270158956,26.4024153082962,89.2600484287197,71.9733898044373,155.075115861564,134.47226861807,71.015530271152,83.5438047934486,138.581888341192,174.433642578125,157.639681209217,62.137276807557,126.389522720786,0,143.924254405742,122.668743355521,146.673961673014,85.5984466055165,141.543989923144,212.329908370972,138.530564954204,176.880355834961,163.541380620265,147.051230430603,110.589447815406,185.085438283285,230.148731231689,197.943538120815,130.074101614952,124.828363716885,103.856675894864,144.90053634184,105.793092222175,175.951717376709,185.051486871181,154.698099055492,120.114444661114,151.454414394635,119.302127783639,201.131797790527,198.169567108154,130.081291440933,155.832737905937
120.027648925781,27.0934060049716,222.705032348633,21.0815917125818,144.054916381836,89.418643951416,175.26277923584,152.893768310547,93.03173828125,107.219842217185,180.020111083984,39.3560970993172,147.674461364746,20.7581611846854,119.183689117432,135.458449363708,109.014289855957,68.6291068056796,47.6691597164802,54.4732799816849,141.15259552002,107.197555541992,72.6021997062721,98.9972229003906,120.922840507663,7.23079154943443,42.9253842792409,26.516098311867,142.09184047154,81.3864151000977,190.503153483073,43.2496265108117,92.4867248535156,0,65.5213207530084,0,88.5585320790609,0,27.8878290653229,0,0,0,156.768569946289,210.947311401367,0,0,69.9454844074865,0,58.5404235184795,0,0,0,135.94563293457,93.7457714080811,95.6699447631836,0,0,108.051357269287,180.777156829834,215.729263305664,47.4609430454395,86.203483406824,88.6594003841577,175.707214355469,0,0,69.923063158989,0,0,193.172348022461
139.627935304747,64.1780152622657,41.4028390803939,60.9690948414202,182.552107377486,130.369209289551,177.175303423846,133.601761772059,156.834306973317,137.007724573116,165.836833416576,32.9165620644407,180.727940877279,44.7655105829239,152.429395696043,165.205240885417,122.178982218758,38.857685537488,33.1885648753299,37.6255847724201,186.201957702637,109.855401325696,99.438906663464,75.1304633829606,148.365861219518,42.9253842792409,16.9037221666337,43.4880082142364,147.847429793155,143.264522613428,126.897485735962,22.6300647252471,127.648684761741,139.024228635042,71.506993385495,196.451370239258,112.833154042562,122.96229968071,114.022713441115,233.323471069336,0,0,202.410043816817,225.533850533622,191.755422592163,223.453216552734,108.38790390427,0,94.8900023493273,207.18955078125,0,162.293770472209,124.95973772231,108.385097035688,115.73967151494,0,159.001921517508,155.290414810181,168.830805036757,205.15821907737,80.7858224764262,99.4153333421396,105.574610974505,201.775356928507,196.314103868273,202.466809082031,102.576686787695,0,214.339714050293,127.693024953206
139.233346539343,29.4974985556646,39.9410994766435,35.8843311657123,131.149204787388,135.09556427002,164.764213562012,119.236743873915,152.961291076382,105.135188665895,136.759008586407,70.3833744405104,135.253206426447,32.0593462881041,149.84373328469,138.461181350901,33.4109081545104,69.5469445733049,73.4637181566634,75.4471126723501,141.077604733981,86.9958585709963,35.4603114004086,54.5309394594639,91.8312270158956,26.516098311867,43.4880082142364,17.4271980668523,92.2743923603134,139.536017185034,117.339484725772,30.5187004564676,116.226893776341,123.813854781441,74.2122397715726,172.97744194237,97.9489147490875,97.3396307124716,86.4880860646566,208.421030680339,234.485687255859,197.325371636285,169.077759565591,184.980177952693,175.45968691508,191.388192806604,115.29906936594,219.955841064453,98.8453588080682,186.101162604566,0,98.9681086760301,110.696499797556,113.324964856047,117.682930041708,231.416999816895,131.525388563001,89.4467289775026,105.058881120719,158.252650692038,82.9763244297793,100.062689867973,95.5498478020333,164.868807460722,190.637194227898,153.013188680013,110.176269400032,237.916549682617,185.39067029953,121.03111079448
73.8838806078843,97.8478450775146,101.233148730893,61.1415036096921,18.5820149496159,128.577398390997,75.6967867940223,24.4130661780922,73.9104776237613,57.0231272752669,34.6985178692032,149.487274524777,45.7188017399615,174.754014448686,71.7635895779497,80.8196927680344,31.3155038818923,128.110698974028,176.826987566267,164.435373370567,31.102682338213,31.0571441817557,65.4218288566211,58.9355550825305,26.4024153082962,142.09184047154,147.847429793155,92.2743923603134,13.4219997984347,86.3410234762664,39.8299364856698,182.665155029297,133.045021057129,65.9272386979607,76.7192357306886,133.016903189726,170.174911499023,167.665146476344,75.1672628597337,119.129039524448,0,162.897143785881,129.492962213364,158.189490064443,95.0464320351891,161.564000809135,206.648895263672,156.119262864855,235.222712198893,169.892011393671,185.954696655273,107.34050459299,181.854599447811,223.648315429688,202.02551651001,140.655873515389,117.980959055375,103.217401027679,146.813486422523,108.262065015086,180.932083129883,196.42402381897,159.497847341984,128.257174852357,154.025897259982,122.427029863459,240.739410400391,207.474731445312,139.717609405518,165.247857804732
17.9616651300186,161.15588684082,132.917668322583,86.1068682436083,100.479058678157,23.2901321044247,43.5257329358065,71.9763752863957,36.6487424717729,81.8119821195249,94.9869265931484,68.6020165688214,108.751697929538,69.9013100877593,24.924272917641,47.9617929458618,103.969595248883,119.042722898306,137.703146761696,135.649048010899,102.455725510155,77.6200657940367,104.098698001438,105.476504919024,89.2600484287197,81.3864151000977,143.264522613428,139.536017185034,86.3410234762664,12.5140338365603,32.3996891206837,114.423633030483,14.2897846083915,18.7834404738447,35.9128125251036,169.463790893555,197.343856811523,184.859483016165,102.590003013611,175.335046621469,0,189.555288214433,156.34847433826,183.496480634136,124.924076658307,186.467635753543,0,172.451746622721,217.076812744141,183.064812038256,135.778427124023,151.927284876506,205.812473297119,0,207.510928344727,108.451553344727,156.829659895463,144.165822347005,177.411528751768,143.781162023969,154.481948852539,189.085036351131,185.453618367513,150.05607980985,175.565337018269,144.967115726111,173.945297241211,230.826301574707,163.908428737095,182.636790466309
31.353004581073,0,96.4686339573583,63.5362106517759,99.3677590977062,118.139552525112,108.409421659771,20.2956419126774,70.1134026805807,60.9347224235535,96.5696937657204,129.116236848651,112.296539306641,153.062044143677,59.6730343129488,95.7255210876465,69.9515880088548,90.7562263552363,152.060554418671,127.136760518088,134.021864573161,31.4408512396147,65.1720285148264,67.377791259792,71.9733898044373,190.503153483073,126.897485735962,117.339484725772,39.8299364856698,32.3996891206837,13.0759274392806,174.669342041016,122.491012936547,32.9335352705285,46.5944986339269,136.35614267985,186.875564575195,159.82350285848,74.2311224235121,175.400612967355,0,161.355747569691,129.229455431522,161.978681647259,105.36402214898,170.319295974005,0,234.642913818359,211.899002075195,157.94700556216,171.643997192383,107.707665242862,178.757976825421,226.814229329427,183.348648071289,0,121.115596387752,100.115443706512,140.01115237342,119.311651342055,203.437255859375,180.024454498291,164.799377104815,121.56466828031,148.294608693064,120.489444187709,0,197.143417358398,136.820766630627,149.518484288996
195.554941813151,65.5346279511085,105.086521821864,62.164083404541,187.051116943359,109.536210378011,168.944732666016,161.979431152344,140.052455357143,139.163067548703,187.578460693359,39.8854997717925,188.524841308594,24.2116949779807,122.118440246582,168.832221984863,173.873321533203,101.349010068317,52.0710162485563,66.3683725073634,165.565689086914,122.503789901733,105.653614277742,125.537746082653,155.075115861564,43.2496265108117,22.6300647252471,30.5187004564676,182.665155029297,114.423633030483,174.669342041016,8.42794078236524,105.875196184431,0,77.2620989236132,0,110.663906097412,147.610748291016,78.0165031433105,0,0,0,0,188.25659942627,205.060363769531,0,100.922198596301,0,91.7303506711275,211.599151611328,0,0,156.970623779297,104.233787353516,117.039494422174,0,0,145.444107055664,0,206.054077148438,75.7073265976376,100.98598288201,107.37671717891,0,176.396713256836,192.010772705078,101.039534681934,0,0,141.121980455187
87.5695789882115,143.144247436523,184.255325317383,137.721717834473,131.701196289062,14.62250656826,25.8158303138313,128.010094719964,17.9847958078305,138.035680770874,121.694201359133,63.6354329109192,121.88072622976,81.1712573423224,15.7433242917408,32.5245136060213,0,136.253179277693,99.8724226951599,108.004055316632,131.527573805589,159.249290466309,0,172.553803443909,134.47226861807,92.4867248535156,127.648684761741,116.226893776341,133.045021057129,14.2897846083915,122.491012936547,105.875196184431,5.63333513167387,168.351768493652,31.8833863988067,212.788940429688,0,246.183090209961,143.617683410645,0,0,0,195.625200907389,223.541961669922,133.577590942383,227.071350097656,0,0,84.9040451049805,0,0,0,0,0,0,0,0,0,0,188.80046081543,0,163.496101379395,171.328231811523,194.013374328613,0,0,0,0,234.186767578125,0
50.0953671516628,108.657127380371,132.169133786802,72.616913318634,88.5349903764396,0,106.329246852709,65.9877075130104,85.7915655180465,66.9584636394794,85.8418483988444,119.251374053955,115.578010559082,144.759506225586,74.3587884713482,117.018754959106,66.3577531885218,103.871636216968,149.309289550781,127.688091044523,78.6137725830078,43.3001156392276,89.4445270191539,91.3686906543895,71.015530271152,0,139.024228635042,123.813854781441,65.9272386979607,18.7834404738447,32.9335352705285,0,168.351768493652,7.77461956623595,30.7514145983026,155.487670898438,0,202.317708333333,81.834240436554,188.938301086426,0,190.275680541992,139.978091430664,159.888013567243,95.6009565080915,178.037927800959,0,0,0,179.446060180664,0,113.909285863241,213.42094930013,0,0,151.953323364258,150.279118855794,125.978042602539,159.308260599772,127.572978080587,0,160.005416870117,167.897948525169,127.129117427728,166.190078735352,126.30974817276,0,0,128.16375541687,164.778778076172
76.3299919013813,86.2837726419622,83.7798031358529,76.0792316501423,95.8759345525428,33.2284041124649,75.7162565348441,87.5227810331231,71.4385792479223,87.6860674920483,91.297198511741,30.4095291387571,101.590988806958,55.1197875862691,64.38722384862,84.7444496154785,69.526906199901,45.389692584284,69.3419714382874,50.1614305148627,96.2072325486403,46.6380860742,79.2253176116943,58.5639571903288,83.5438047934486,65.5213207530084,71.506993385495,74.2122397715726,76.7192357306886,35.9128125251036,46.5944986339269,77.2620989236132,31.8833863988067,30.7514145983026,13.0969618936281,120.102877298991,172.450981140137,118.050673922202,96.1921206883022,157.061394691467,0,197.494534301758,161.547156644155,180.183781550481,116.980408562554,190.99287884052,121.612904548645,192.049301147461,116.40711628307,199.10873967951,0,112.641925120214,130.344322713216,128.085836237127,134.709320068359,154.170063018799,125.698931989999,81.8244486357036,121.324463185093,136.648678758409,111.604804299094,127.923731658936,118.409107756812,146.788098989439,192.032365065355,145.015172413417,138.820881313748,0,166.609630584717,142.27955939553
152.078651428223,0,162.692190317007,106.779328918457,175.546859741211,0,0,147.228787141688,184.689478556315,106.004112243652,172.997520446777,0,0,0,172.051742553711,0,131.997371673584,205.027725219727,220.659271240234,0,176.678024291992,148.041768391927,161.658843994141,159.301335786518,138.581888341192,0,196.451370239258,172.97744194237,133.016903189726,169.463790893555,136.35614267985,0,212.788940429688,155.487670898438,120.102877298991,8.78354089371764,112.97861550071,118.768962219238,79.261941954147,96.2892261373586,0,97.1633911132812,28.0885776044216,49.2565240754929,67.956899089198,88.516497507403,135.248695278168,107.080840882801,139.359546661377,21.6713574733983,73.0925928751628,84.0553550720215,112.027787066153,148.401221439756,130.107331991196,110.167372270064,82.6876137088043,79.3253484453474,102.698042385241,78.9138119459152,0,127.483984609751,135.420671433054,83.7704406067114,20.2054405899568,37.2224927068413,158.533752441406,100.828181675502,41.7579894682661,76.7835239239824
0,44.3061561584473,96.0582088894314,62.3913944789342,0,0,0,0,171.846176147461,0,213.811264038086,125.340010506766,0,112.540595054626,201.890075683594,0,0,108.579266866048,135.923447926839,127.033186912537,0,152.976043701172,141.892044067383,88.5909186469184,174.433642578125,88.5585320790609,112.833154042562,97.9489147490875,170.174911499023,197.343856811523,186.875564575195,110.663906097412,0,0,172.450981140137,112.97861550071,8.8797600697461,53.346344537735,23.7275444472229,104.495510101318,0,154.438230726454,123.273166822351,132.501945495605,81.7025746908654,139.576455593109,73.3472411114237,101.484199523926,58.0389009868295,141.735832214355,109.89608001709,59.2191123255977,61.1278009222289,77.9760449942896,68.711309495863,140.528778076172,91.2756162370954,28.8008149649986,63.3950261233146,81.8698026005623,26.7565469387969,55.291325968139,33.5114050747717,116.020257677351,161.104612013873,109.595333300139,68.7880807664659,138.300186157227,128.334272766113,79.5873057229178
199.820755004883,98.9044904708862,99.8393386424273,71.4688877692589,237.216979980469,0,0,175.205492292132,195.380814985795,126.969440460205,200.131391906738,149.393264183631,0,137.377558390299,191.82618637085,0,98.2788617374333,118.099756776109,152.753186543783,134.514836465159,0,124.070085196659,99.7743007342021,103.590130700338,157.639681209217,0,122.96229968071,97.3396307124716,167.665146476344,184.859483016165,159.82350285848,147.610748291016,246.183090209961,202.317708333333,118.050673922202,118.768962219238,53.346344537735,14.8696807547337,50.9122599739442,162.680742536272,0,135.736108527993,97.4803373682025,126.051966904588,116.180136649839,125.957448887825,99.6063424400661,184.938579559326,108.299190644295,126.476986652801,117.26842880249,84.3631209096601,49.9230301251778,95.1396333629958,84.3967246453402,135.986099243164,61.4810812070462,47.1754637257306,34.0624341103598,113.478344466838,106.249419212341,40.3272068376441,38.7353378161159,86.4560838544198,139.386536902988,81.5948011354468,98.4803619384766,174.136240641276,119.867942555745,81.3019287625949
