11.9919263853051,103.130316162109,85.7795091521516,81.6787796020508,88.6816114807129,70.3908402919769,55.9052655949312,20.3697101536974,26.4342443858194,57.8299329421099,35.5110243168232,115.891240195623,51.54034882057,139.77136516571,14.851458938623,70.5037512779236,119.154635111491,98.0844475260245,138.278640270233,128.351875055032,81.0443428039551,65.0293922293676,108.03825378418,78.6766353221919,68.9842850959907,0,117.584428817831,113.593054976799,56.5102849195707,13.9740341953039,26.9950696850278,146.353252410889,79.4760671615601,29.8533844042428,78.6652131761823,0,144.555191040039,167.939581298828,90.4388440450033,144.849716186523,0,154.165374755859,129.952743530273,179.180114746094,104.97354888916,172.369260152181,0,139.179382324219,0,181.657458496094,0,171.446395874023,161.70100402832,0,206.633087158203,0,0,145.234436035156,162.850519816081,115.437530517578,0,178.839346749442,169.044482484156,123.64342381404,134.529537200928,165.259733200073,0,0,0,181.165878295898
103.130316162109,6.85620014820141,44.8259354061551,26.4573850631714,101.32350769043,0,127.443618774414,112.916545232137,139.526008605957,73.1889060391144,142.653425852458,54.2719891372236,113.225131988525,48.5479240173262,149.896107991536,103.766342163086,53.3633481378425,54.4550764394361,76.8851254781087,70.3301938374837,100.894790649414,79.1011180877686,33.0852973464869,68.2303006789264,80.6345684691865,19.756652550551,49.6237635435881,27.8451063691284,92.8645846422981,100.202928543091,106.821317036947,62.0066934139171,113.679443359375,89.9139404296875,78.3393382757482,0,35.0676956939697,69.1854345533583,119.580528259277,157.476974487305,0,0,190.324132283529,0,150.928802490234,164.556620279948,107.989795978253,198.497863769531,96.3614216854698,182.544855753581,0,117.505142211914,75.5566917419434,121.117869059245,95.5061812400818,0,149.706916809082,72.0009698000821,102.479947771345,130.199904701926,105.938171386719,94.606079864502,74.0732811255888,178.615413665771,183.015609741211,181.677510579427,119.396204630534,0,0,84.1737022399902
85.7795091521516,44.8259354061551,12.8077444813979,56.1261818355984,172.857192993164,157.361152648926,131.776687077114,92.1243624273637,122.513703712337,113.444361877441,127.530483419245,82.5441891290967,188.570120239258,85.096736907959,120.211976880366,128.092730385917,84.899862717609,34.1967886373657,85.337525844574,66.1344983659078,207.2880859375,67.1883212758094,43.9984667641776,21.031306609108,117.875187749448,123.140508015951,29.5038289327209,32.3367041263205,87.5736356215044,103.971728265481,74.5729006614911,103.950162506104,174.16962491549,97.0667465473043,60.4611195241821,177.259699503581,73.5284483601728,94.0922719537256,84.8473445751049,0,0,177.052987234933,156.207903925578,185.615220289964,156.492366790771,170.296052009829,134.315414973668,0,178.672058105469,185.424116281363,0,122.40311929454,109.969073839424,143.119952392578,139.470291646322,0,144.643823242187,84.5905455907186,105.895069140567,146.111373329163,150.405502319336,108.873748850934,93.8395234434173,157.943654855092,179.207281112671,158.983399527413,139.472409057617,228.116134643555,175.541439819336,123.464989099747
81.6787796020508,26.4573850631714,56.1261818355984,25.7605277563705,63.9642979939779,121.090282440186,95.9332106908162,64.1080407191367,88.7725201924642,25.5983265556859,77.3991907293146,68.352057767951,60.1021273612976,63.3025388701783,89.0426154363723,113.485649108887,37.051489477398,66.8032683756814,108.597623825073,83.3902818134853,110.853023529053,50.1375622050931,24.5096879430139,53.1433384019388,40.328419786561,35.6771800119583,62.7280906111329,34.9276619900921,53.7668765223445,56.0300774140791,52.6483486890793,88.6044622022052,119.062695821126,51.9816831100819,77.3345139044842,81.6630579630534,39.218693918652,66.5447878283124,32.9942713237944,108.807034810384,0,120.005336761475,91.4775755746024,120.108491516113,61.143031279246,142.201556396484,110.363416883681,0,99.7734263102214,118.964703877767,0,54.3475288122743,71.4703500270844,130.940989176432,69.2061058782762,110.46923828125,75.5813573201497,35.4621725466944,75.861762324969,73.2178661991173,49.5378952026367,68.93275294193,57.3609766768228,94.5015240089566,126.556212902069,81.6686911265055,128.715362548828,0,109.624031829834,96.7586763822115
88.6816114807129,101.32350769043,172.857192993164,63.9642979939779,11.2483335756051,126.93833732605,54.5567691730241,69.2538238347963,65.9415424272126,43.9960283438365,23.9679718062697,154.434182739258,21.0628860685546,159.754272460938,98.574595074321,73.0071411132812,101.297721862793,152.364451090495,0,147.068161010742,12.8444548993528,124.803298950195,68.534844566794,104.168823242188,17.2720412453437,127.826797485352,153.684013366699,139.557546234131,14.9134373170401,82.4178322263477,89.1272975603739,161.617401123047,116.154197692871,73.056425764754,79.6536784341149,156.131525675456,0,0,79.308452351888,10.6815042390996,0,67.6963177731163,129.024040809044,136.995114644368,73.0733992258708,65.7793530055455,0,23.4550267591709,0,148.08406829834,98.9635009765625,120.869831085205,0,0,0,13.6576778390766,128.808963775635,86.3988380432129,159.875592549642,69.9758936324855,0,0,192.807815551758,31.2072500867002,114.715879821777,148.406880187988,197.303970336914,0,160.470504760742,125.820709228516
70.3908402919769,0,157.361152648926,121.090282440186,126.93833732605,7.79130534100467,13.2652768691768,101.038524627686,20.572510448048,49.4591229756673,103.985195341564,73.542603386773,103.76211827596,72.1551373799642,35.5197922522022,15.2555296521154,0,174.252702713013,0,96.2599334716797,116.811965624491,144.983947753906,0,151.537677540499,98.2334245954241,79.655517578125,166.911638259888,154.943953922817,121.806602478027,23.9206675247919,109.892892103929,103.519454956055,14.4966188144028,0,41.9669107933567,0,0,225.801856994629,0,0,0,0,0,0,0,0,0,117.32487487793,0,0,0,0,0,0,0,0,0,0,0,188.263671875,0,0,0,0,0,0,0,0,0,193.917694091797
55.9052655949312,127.443618774414,131.776687077114,95.9332106908162,54.5567691730241,13.2652768691768,11.3904281133627,56.9610213721508,19.6033536702387,58.3136226492868,21.0522951488438,110.989035787146,19.8091276687032,124.983080937312,45.4241898871791,10.1064821652614,131.539843241374,145.472174105437,130.566895378961,145.217686393044,42.8426811765392,104.897974742543,125.915658950806,122.068630157633,61.6313368881517,0,151.095170134205,145.978305556557,54.4189344680492,45.4451223677583,89.798105875651,140.579581451416,29.7863532993997,81.0762193918228,71.0655780242184,153.518585205078,192.253364562988,188.818561553955,123.400535583496,84.0280194963728,0,168.161265055339,143.485173797607,195.409259796143,102.937019348145,159.702246529715,168.510971069336,47.0873923563253,0,182.440134684245,0,139.133478800456,220.40567779541,0,214.723594665527,0,166.367858886719,144.899281819661,159.604934692383,130.494260483894,165.24787902832,202.719324747721,197.04681743275,148.899846930253,173.858209228516,0,0,0,166.368804931641,180.757690429688
20.3697101536974,112.916545232137,92.1243624273637,64.1080407191367,69.2538238347963,101.038524627686,56.9610213721508,8.3554262219351,49.8082684984118,53.4893988118027,14.4986029268939,150.296203529442,53.5009344527711,164.500068664551,22.4647712414558,70.0406527311906,91.0568189620972,125.119529050939,151.410101318359,144.246539454306,77.763589436246,58.8263178203028,89.2698322642933,74.0916534898992,58.9797263076655,127.072708129883,124.223512938064,104.05151627575,29.7202849046495,40.8328198397407,11.4318069283871,160.059741680439,120.174768962557,52.3781176721727,73.0478667005981,132.910281711155,134.555086135864,169.048845291138,70.9910013752599,108.592332458496,0,140.853544023302,118.067078337377,142.124580614495,87.7773071571633,131.461704156338,218.351496378581,96.5803103976779,0,153.182373329445,0,126.816023826599,175.859130859375,0,192.034296671549,160.738677978516,141.473350016276,109.071348119665,148.412444016029,104.929525282776,0,192.723845048384,163.918624945446,119.229931059338,152.533711051941,131.019347031911,241.681900024414,211.299499511719,132.726599799262,146.568369815224
26.4342443858194,139.526008605957,122.513703712337,88.7725201924642,65.9415424272126,20.572510448048,19.6033536702387,49.8082684984118,13.4669728907676,85.9073721681322,25.7157539939398,94.7942928046511,70.6978197833487,109.190538232977,16.9580693165075,31.4182975186242,108.442629814148,134.994350070512,122.050873624361,137.568382565338,84.9101621633247,98.8209962283864,157.516814337836,111.979657078648,63.8723506670204,129.445442199707,143.275689768912,135.593139864874,74.5640536344224,32.4328897405849,75.4910796352092,129.621657009782,24.1020667499704,75.9424535873088,65.3641152628707,188.706115722656,165.671962738037,183.925632770245,91.2555583953857,0,0,176.380664825439,150.569550690828,168.176657104492,110.614898681641,157.591031854803,163.326143264771,106.382263327545,142.918411254883,195.664916992188,0,171.366412353516,206.239791870117,0,0,158.601516723633,177.016116333008,125.196063450405,188.74025132921,132.406855651311,165.681900024414,188.013159179688,184.289755428539,147.542432964973,155.636650085449,170.672552108765,146.700200398763,0,151.116493225098,186.592834472656
57.8299329421099,73.1889060391144,113.444361877441,25.5983265556859,43.9960283438365,49.4591229756673,58.3136226492868,53.4893988118027,85.9073721681322,8.44027455004618,64.4565623433966,125.798810005188,11.5917873952956,124.310347682408,101.604439544678,15.1356829171379,60.4605496724447,127.491515449856,141.285195032756,138.46035962786,31.761828522184,97.1582437403062,22.2916583131238,105.433377627669,19.8499593172302,100.366839153847,124.566806275966,101.166412866774,48.4424359760165,59.1090620517731,52.1349546152577,134.994024771231,0,52.5082378924732,85.424383347293,101.385094960531,0,164.59619140625,34.3542239424111,81.9052025851081,0,102.277226765951,94.3059037102593,112.963971455892,43.7850351490817,96.9088322775705,176.932778494699,74.4437277317047,167.703617640904,145.344444274902,70.5979699028863,100.502681905573,174.810890197754,156.072219848633,190.767155965169,96.8034067153931,105.646097283614,70.9267081306094,110.86563873291,61.580827554067,0,169.301152547201,164.469080855207,93.5422514135187,113.215861002604,97.3439622358842,180.841636657715,0,85.9487747192383,128.088740030924
35.5110243168232,142.653425852458,127.530483419245,77.3991907293146,23.9679718062697,103.985195341564,21.0522951488438,14.4986029268939,25.7157539939398,64.4565623433966,9.76135677339797,144.675298152826,26.9417822777013,158.644571940104,57.959390298084,58.7899769337972,110.60565831111,162.20527750651,161.947615189986,173.215294471154,20.8601122668797,80.9516567294881,99.9613296508789,103.408735039121,41.3261695370501,0,141.774983836486,117.394162752813,21.0980969045419,80.8896776827914,92.5828774713837,172.613255092076,119.858304636819,70.3424116073678,83.9492469512664,134.040924072266,0,174.979382324219,93.9078074863979,62.6715231895447,0,151.82629612514,132.226364644368,151.754440307617,87.9235811233521,140.506593322754,0,34.8348770394789,187.238143920898,158.078895568848,0,126.877217973982,0,181.680709838867,0,0,158.411142985026,100.687983703613,175.42077975803,114.950553767937,206.243011474609,230.238201141357,186.20465196882,140.667608607899,153.572448730469,150.430293273926,0,0,0,172.909271240234
115.891240195623,54.2719891372236,82.5441891290967,68.352057767951,154.434182739258,73.542603386773,110.989035787146,150.296203529442,94.7942928046511,125.798810005188,144.675298152826,13.470114166841,145.009333729744,27.5697226238729,79.535780530016,161.404251098633,125.860592651367,52.168344318017,17.5381103957483,20.5450479149676,144.695418688716,103.144213550496,103.955183148384,88.877276817528,144.68221454889,35.1284144329575,30.2488497172988,68.3936074205501,151.393564188255,62.1980591934418,105.916220968614,46.9455628148548,67.6921972977488,122.437128448486,32.8306349020313,174.859959920247,108.848429125409,148.553826649984,121.147565714518,215.72135925293,0,115.868789672852,202.444300333659,115.798858642578,169.495111737932,213.416244506836,76.5156459376593,156.144861857096,69.8487193790579,140.792311532157,0,192.374794006348,156.10195645419,87.6820645306561,103.15018106276,211.159729003906,199.68879699707,131.204704038558,178.571060180664,174.607399834527,85.8235521160188,86.8744787790558,97.5076497826062,186.547080993652,157.619284735786,169.883656819661,84.5748054997629,142.272094726562,0,115.134631991386
51.54034882057,113.225131988525,188.570120239258,60.1021273612976,21.0628860685546,103.76211827596,19.8091276687032,53.5009344527711,70.6978197833487,11.5917873952956,26.9417822777013,145.009333729744,10.564587852048,163.610615656926,98.3219461197507,13.5889137234782,0,189.402156829834,169.755331039429,162.063285827637,13.7730871198315,127.026979446411,94.5104738871257,179.965190342494,23.2078073612762,139.502967834473,165.527124023437,152.094535032908,46.0972362470456,87.3817484528479,114.295841890223,177.750946044922,120.093747157677,82.8564083099365,88.9365877687656,0,0,220.365737915039,37.5369701385498,71.6939908004389,0,54.1633289337158,134.742345174154,106.881540934245,55.827574561624,33.4822005317325,134.004409790039,14.2060063225346,201.673629760742,115.594782511393,54.6809791564941,133.807601928711,0,0,219.879325866699,17.4777140576086,165.400527954102,0,0,75.9044166896654,0,212.080867767334,207.34228515625,119.043744150798,149.810796101888,151.70520401001,0,122.148387908936,137.103507995605,139.930755615234
139.77136516571,48.5479240173262,85.096736907959,63.3025388701783,159.754272460938,72.1551373799642,124.983080937312,164.500068664551,109.190538232977,124.310347682408,158.644571940104,27.5697226238729,163.610615656926,9.7022975095826,104.151452469499,0,137.176976013184,119.061617851257,58.0952555493611,74.2799342346191,172.801364898682,153.214571271624,98.2515011186953,151.217231750488,135.779699581425,20.6687087543968,34.2229618746983,24.1774325114654,159.120094748104,86.6801263945443,160.591743469238,9.26190288537175,84.5806534711052,0,61.5674520394741,205.739710489909,99.6162534925673,133.039645385742,115.455177903175,0,0,153.262680053711,195.047855377197,173.95395067003,158.517753601074,213.680862426758,73.1717668035009,173.822662353516,67.1148229830013,174.712573242187,0,192.891860961914,135.409085591634,90.1358604033788,103.862380014339,0,186.213821411133,125.863156159719,163.128257751465,173.914773178101,71.2475293670038,85.8209015120605,93.9529689526687,198.713091532389,185.939804077148,191.997764587402,83.6503176638954,169.143478393555,0,110.564371155529
14.851458938623,149.896107991536,120.211976880366,89.0426154363723,98.574595074321,35.5197922522022,45.4241898871791,22.4647712414558,16.9580693165075,101.604439544678,57.959390298084,79.535780530016,98.3219461197507,104.151452469499,9.91727251733536,57.3275539398193,149.576232910156,130.500472622318,97.4591481715073,117.911707732637,97.8259431304594,96.2920377565467,152.924426269531,111.687428788766,91.0183722790944,88.7090492248535,130.275975210455,130.666646863055,83.0104229924929,20.0279370971854,66.1885299020884,111.006749620625,15.9909766542848,32.1627121834733,51.0878009259004,174.594304402669,171.312271118164,187.561909602239,135.492430686951,0,0,196.310317993164,166.067344665527,191.920372009277,134.217677525112,169.230239868164,143.54056854248,115.742147947613,124.442306518555,161.266279220581,0,181.232699076335,195.309467315674,146.806198120117,153.341255187988,171.877380371094,0,182.636688232422,194.604259490967,136.537808436973,0,167.206586091415,171.503333814216,148.322987710276,194.590347290039,189.632446289062,143.269912719727,0,0,164.371114095052
70.5037512779236,103.766342163086,128.092730385917,113.485649108887,73.0071411132812,15.2555296521154,10.1064821652614,70.0406527311906,31.4182975186242,15.1356829171379,58.7899769337972,161.404251098633,13.5889137234782,0,57.3275539398193,7.79850064338629,0,133.477254231771,0,133.80126953125,46.9303467309297,91.66162109375,83.1159744262695,122.910053888957,50.784290902274,143.793832397461,145.743438720703,150.408982981806,69.6157298810554,51.2172072340802,79.7715077400208,0,36.6042662184368,81.2219149271647,71.1842145358815,0,0,0,0,77.5883865356445,0,0,0,144.5732421875,58.6814384460449,0,0,79.9916102091471,0,0,0,0,0,0,0,0,0,0,0,103.02051671346,0,0,215.982269287109,133.489532470703,0,139.074264526367,0,0,0,0
119.154635111491,53.3633481378425,84.899862717609,37.051489477398,101.297721862793,0,131.539843241374,91.0568189620972,108.442629814148,60.4605496724447,110.60565831111,125.860592651367,0,137.176976013184,149.576232910156,0,14.3127246599489,101.25026835566,0,124.842795151931,87.6543655395508,25.8583442865864,24.4812214002965,19.4701856140795,41.4254643126746,115.885719992898,121.582630793254,34.2444363111949,52.706414566958,105.713983975924,82.5110256830851,113.056749343872,0,89.006591796875,76.0458465040776,170.128311157227,98.6806049346924,101.716217600505,57.2225647706252,144.445053100586,0,0,147.109909905328,191.866255018446,131.176180158343,159.694839477539,188.039637247721,0,197.42951965332,206.180941772461,0,77.9995692176897,140.667641639709,0,0,0,113.348895088571,46.4471687411369,96.4053931516036,112.198264728893,0,143.624659611629,94.4107076519394,128.684703413262,154.99300994873,128.658819250158,0,0,164.226104736328,140.545956929525
98.0844475260245,54.4550764394361,34.1967886373657,66.8032683756814,152.364451090495,174.252702713013,145.472174105437,125.119529050939,134.994350070512,127.491515449856,162.20527750651,52.168344318017,189.402156829834,119.061617851257,130.500472622318,133.477254231771,101.25026835566,11.2085684298968,56.5807937008061,25.6823458079798,166.589462280273,49.0794935370694,84.4682711958885,20.6923172769929,126.16670128607,76.0954612731934,31.8697504402569,63.6323039923384,114.334512450885,81.9572600573569,66.8243832131354,102.815324446734,185.102245330811,95.8775457109724,40.7392366892344,196.088455200195,98.7679744519685,113.599805863177,120.175734202067,0,0,187.525146484375,183.885116577148,212.032009124756,167.182715279715,190.830291748047,155.323862711589,0,181.163200378418,219.982246398926,0,164.037598609924,127.765369088309,116.724853515625,122.306261399213,0,157.081088256836,121.725319998605,141.27395929609,163.576693990956,0,122.712971578508,114.454829378284,160.32903113732,0,170.038249206543,174.690299987793,0,0,120.623488426208
138.278640270233,76.8851254781087,85.337525844574,108.597623825073,0,0,130.566895378961,151.410101318359,122.050873624361,141.285195032756,161.947615189986,17.5381103957483,169.755331039429,58.0952555493611,97.4591481715073,0,0,56.5807937008061,7.10238132161446,14.7548968154009,178.059321085612,108.85935419256,115.196305847168,95.6306216500022,156.482770284017,45.1570238816111,28.2199149271444,64.3627121931087,147.810253143311,86.906322479248,111.807757472992,52.8996761463307,81.5278778076172,119.619340896606,54.1588720916544,0,133.198928833008,153.016333262126,110.742708206177,0,0,202.793663024902,0,162.164962768555,213.628074645996,0,91.1840203937731,177.133766174316,86.7300837380545,223.321838378906,0,0,138.790266036987,98.201976221258,105.067927310341,0,0,154.156860351562,136.522277832031,204.274952479771,100.314053853353,94.2303091479886,101.800781737593,221.673233032227,159.001083374023,179.505925496419,99.9216364197812,0,0,122.869129180908
128.351875055032,70.3301938374837,66.1344983659078,83.3902818134853,147.068161010742,96.2599334716797,145.217686393044,144.246539454306,137.568382565338,138.46035962786,173.215294471154,20.5450479149676,162.063285827637,74.2799342346191,117.911707732637,133.80126953125,124.842795151931,25.6823458079798,14.7548968154009,10.8773712624879,158.703680855887,87.2493674493605,110.591421726772,63.8461709426063,152.339754632179,48.8901722949484,24.0897259501493,69.5078207459969,141.115190248232,91.2304116209892,94.0148345585628,69.0366159541878,86.1852948805865,100.283797524192,42.0215639268589,186.615264892578,134.003195868598,136.143532752991,109.731857299805,0,0,154.643295288086,218.734832763672,209.311065673828,183.326362609863,225.17414855957,112.044325256348,0,98.894073084781,190.155685424805,0,177.281188964844,141.747475760324,107.315373790507,108.026396326272,0,166.062637329102,140.841911315918,170.693715413411,180.580741882324,95.186502456665,102.145631127179,113.271227709452,208.812171936035,234.564453125,198.62996673584,113.683399963379,0,186.638191223145,136.673697220652
81.0443428039551,100.894790649414,207.2880859375,110.853023529053,12.8444548993528,116.811965624491,42.8426811765392,77.763589436246,84.9101621633247,31.761828522184,20.8601122668797,144.695418688716,13.7730871198315,172.801364898682,97.8259431304594,46.9303467309297,87.6543655395508,166.589462280273,178.059321085612,158.703680855887,10.5120956941912,0,117.901700019836,194.737277984619,20.8570816948774,163.702743530273,186.001884460449,172.959324730767,22.9391923954115,84.3277276590568,132.718258784367,172.505642700195,122.090324276783,81.2252852121989,84.1734508844278,0,0,0,84.9814028739929,23.2637407064438,0,130.884048461914,130.091985702515,0,92.9727752685547,134.139953613281,0,14.4537894545307,0,0,0,0,0,0,0,4.87488412857056,0,134.586654663086,0,107.907299804687,240.677444458008,223.801834106445,224.833755493164,145.285969073956,168.322601318359,141.011260986328,0,0,127.555313110352,0
65.0293922293676,79.1011180877686,67.1883212758094,50.1375622050931,124.803298950195,144.983947753906,104.897974742543,58.8263178203028,98.8209962283864,97.1582437403062,80.9516567294881,103.144213550496,127.026979446411,153.214571271624,96.2920377565467,91.66162109375,25.8583442865864,49.0794935370694,108.85935419256,87.2493674493605,0,10.733753548177,48.1938155921135,23.7629749122707,23.9124353657286,120.681874084473,104.068776626254,72.9793928430038,19.6928644752018,28.1176585256449,20.1125204698748,139.413575308663,0,29.6853675645651,42.7230770953225,132.650677680969,126.749649047852,142.874788602193,67.1490079498291,0,0,164.498168945312,129.435109225186,161.272653753107,96.9121746826172,146.876846313477,177.413055419922,205.782699584961,201.329177856445,147.216772170294,127.29817199707,91.9212182977697,161.261311531067,205.159210205078,175.332122802734,0,109.593160846889,64.9405123291016,111.787378807068,105.837929245988,0,159.423046657017,134.994393971341,112.203376076438,133.14553788129,111.289381948955,0,0,112.374502563477,119.408173031277
108.03825378418,33.0852973464869,43.9984667641776,24.5096879430139,68.534844566794,0,125.915658950806,89.2698322642933,157.516814337836,22.2916583131238,99.9613296508789,103.955183148384,94.5104738871257,98.2515011186953,152.924426269531,83.1159744262695,24.4812214002965,84.4682711958885,115.196305847168,110.591421726772,117.901700019836,48.1938155921135,11.3335343281084,44.4722019958496,29.9738388429054,73.192618723862,98.8198221440901,48.5355411681183,52.6801794903926,75.1375567118327,57.6144998530124,111.343120401556,171.289619445801,63.0146913528442,93.5936428950383,0,91.9945500691732,101.812379373086,51.3969881193978,144.949584960938,0,0,142.064170837402,126.746284484863,77.6030550870028,118.840744018555,159.305150713239,0,155.211877005441,127.993061610631,0,62.6514192543778,121.173184712728,145.321655273438,173.811012268066,0,79.4418498943378,25.2887813775609,80.9951147904267,87.2990950825058,0,140.714108722966,88.6866309326609,91.7672188392052,158.444223403931,85.8166173609292,164.509332275391,0,139.042778015137,109.310427347819
78.6766353221919,68.2303006789264,21.031306609108,53.1433384019388,104.168823242188,151.537677540499,122.068630157633,74.0916534898992,111.979657078648,105.433377627669,103.408735039121,88.877276817528,179.965190342494,151.217231750488,111.687428788766,122.910053888957,19.4701856140795,20.6923172769929,95.6306216500022,63.8461709426063,194.737277984619,23.7629749122707,44.4722019958496,15.1133032204954,70.3542856291066,114.418388366699,68.7821225729713,41.0969487833645,54.6885813312905,66.1844396193822,45.8507262209436,134.76040873808,162.056514921642,83.9837550555959,47.5312031354859,149.678283691406,93.2523494720459,100.41196649253,72.7118022021125,0,0,185.943115234375,157.041495229684,171.097929855873,122.430557250977,163.533728599548,152.938893636068,0,0,180.048640164462,0,89.7988692180024,132.459261686906,189.876480102539,156.453493118286,0,118.00058004445,65.9012417314155,101.334014713707,127.432500839233,0,141.454052907116,96.1895715864716,140.276319122314,172.428385117475,130.09490331014,157.206329345703,0,147.51462663923,138.980219159807
68.9842850959907,80.6345684691865,117.875187749448,40.328419786561,17.2720412453437,98.2334245954241,61.6313368881517,58.9797263076655,63.8723506670204,19.8499593172302,41.3261695370501,144.68221454889,23.2078073612762,135.779699581425,91.0183722790944,50.784290902274,41.4254643126746,126.16670128607,156.482770284017,152.339754632179,20.8570816948774,23.9124353657286,29.9738388429054,70.3542856291066,11.4967310927572,112.790023567141,132.04086797963,97.9254823105531,19.9061688521486,62.6486194898497,65.8841250859073,153.168760908411,145.463384291705,62.2496255137933,74.326817939156,128.356339304071,146.677228291829,163.566090510442,58.592352185391,101.715696924383,0,129.5125,112.672556479641,136.925188641215,69.9641607367927,118.750011383541,202.819849650065,64.0541426075829,179.40569152832,144.092779983174,148.432258605957,95.9464480609815,170.093712806702,200.613288879395,202.03664744984,127.203388671875,113.746142566204,66.9450764274908,120.470343047497,90.0247999088878,0,175.555313899599,150.578739762306,107.358301770464,135.520759681175,115.713979534074,213.886556625366,206.813705444336,123.492447361802,128.471127660651
0,19.756652550551,123.140508015951,35.6771800119583,127.826797485352,79.655517578125,0,127.072708129883,129.445442199707,100.366839153847,0,35.1284144329575,139.502967834473,20.6687087543968,88.7090492248535,143.793832397461,115.885719992898,76.0954612731934,45.1570238816111,48.8901722949484,163.702743530273,120.681874084473,73.192618723862,114.418388366699,112.790023567141,7.79601590408469,42.2557156123028,22.7239300552374,126.251269290322,78.0818252563477,143.983800252279,40.1217422829018,80.7676823933919,147.700218200684,59.1461870329721,173.821655273438,66.3442590501573,144.497014363607,44.6164393424988,177.108123779297,0,85.2720336914062,228.540634155273,185.432281494141,123.151062011719,0,77.5397545387005,177.268859863281,54.0183055934621,141.399417877197,0,161.114280700684,102.997759501139,78.1766067504883,74.810384088633,187.54899597168,161.856971740723,110.233837127686,0,149.292041320801,56.823419707162,72.0343142225031,72.5059137976631,182.433151245117,135.938244410924,168.875605265299,65.1537372843425,0,0,96.2319560580783
117.584428817831,49.6237635435881,29.5038289327209,62.7280906111329,153.684013366699,166.911638259888,151.095170134205,124.223512938064,143.275689768912,124.566806275966,141.774983836486,30.2488497172988,165.527124023437,34.2229618746983,130.275975210455,145.743438720703,121.582630793254,31.8697504402569,28.2199149271444,24.0897259501493,186.001884460449,104.068776626254,98.8198221440901,68.7821225729713,132.04086797963,42.2557156123028,15.0780955173843,38.1687435212232,121.447829233457,105.761932365582,102.174090982793,35.1165426630338,127.574410455877,116.838031587147,61.7321161723824,183.428170776367,97.7616584155024,97.1269914293879,108.4396645302,0,0,0,185.088292236328,195.400506337484,174.639361063639,201.269891357422,95.3932715521918,192.659507751465,95.8017648089627,189.209985097249,0,141.619391497444,104.948466692965,99.0785379165258,98.4499665272387,208.085380554199,162.093312835693,135.40940990448,132.014758505472,178.624535401662,98.9548588921042,90.0768591773855,94.4030011020018,177.04206437331,164.146915283203,166.516933572703,100.770001838321,175.623779296875,190.381729125977,113.252371176234
113.593054976799,27.8451063691284,32.3367041263205,34.9276619900921,139.557546234131,154.943953922817,145.978305556557,104.05151627575,135.593139864874,101.166412866774,117.394162752813,68.3936074205501,152.094535032908,24.1774325114654,130.666646863055,150.408982981806,34.2444363111949,63.6323039923384,64.3627121931087,69.5078207459969,172.959324730767,72.9793928430038,48.5355411681183,41.0969487833645,97.9254823105531,22.7239300552374,38.1687435212232,14.457214940563,79.4534862253176,111.228089035481,100.375023264494,20.3191232798479,117.814754779522,112.764273939462,68.4235912529637,171.023331613252,72.9657631459862,93.3671017598228,68.9603930621257,175.60251783288,150.585556030273,183.379845992379,165.23319004922,182.669835290243,152.169641812642,173.352836448829,105.413668857057,164.090213230678,98.9284772244429,184.316963552315,193.821151733398,115.962996814268,106.206575461154,102.288120283067,101.327259218501,181.609351264106,143.444049647597,87.8907391635545,108.419617808862,153.238786297534,89.2663301037204,91.4175831519947,90.858960245583,160.357941779147,185.447490046575,161.358293454941,107.088367253134,168.255874633789,164.594338311089,112.091092052505
56.5102849195707,92.8645846422981,87.5736356215044,53.7668765223445,14.9134373170401,121.806602478027,54.4189344680492,29.7202849046495,74.5640536344224,48.4424359760165,21.0980969045419,151.393564188255,46.0972362470456,159.120094748104,83.0104229924929,69.6157298810554,52.706414566958,114.334512450885,147.810253143311,141.115190248232,22.9391923954115,19.6928644752018,52.6801794903926,54.6885813312905,19.9061688521486,126.251269290322,121.447829233457,79.4534862253176,11.6981257506113,59.2560151147619,29.2213436571445,146.683745247977,133.18801947201,56.4442099823984,60.5323626400142,130.873202669448,126.596558888753,162.779988802396,69.0151174906138,53.837877535558,0,137.752075455406,115.734560474846,143.098334375089,76.9934034865032,131.081014808449,197.949022293091,70.3682757290927,228.803131103516,142.12101874813,131.019607543945,101.220836271154,171.960740930894,220.65185546875,200.222274780273,127.44083404541,120.260296630859,76.1729119226275,130.42100514379,98.777303430831,0,187.50271041305,146.253331260076,111.022256002419,140.516292128452,114.793554322713,208.303810119629,201.775421142578,122.185767993592,135.049077630043
13.9740341953039,100.202928543091,103.971728265481,56.0300774140791,82.4178322263477,23.9206675247919,45.4451223677583,40.8328198397407,32.4328897405849,59.1090620517731,80.8896776827914,62.1980591934418,87.3817484528479,86.6801263945443,20.0279370971854,51.2172072340802,105.713983975924,81.9572600573569,86.906322479248,91.2304116209892,84.3277276590568,28.1176585256449,75.1375567118327,66.1844396193822,62.6486194898497,78.0818252563477,105.761932365582,111.228089035481,59.2560151147619,10.5977828738,16.271498077072,92.0828444245574,13.0668119512289,15.0212373353601,26.6574567172782,129.228810310364,0,168.993776494806,64.8589813797562,128.19641494751,0,145.873811721802,116.807708121635,147.55854511261,79.9803786442198,131.593659718831,131.643030439104,96.2819786071777,109.481597900391,153.05286471049,0,179.869590759277,146.656967163086,138.912977600098,131.923301696777,118.639205932617,181.204391479492,128.132518005371,165.920024871826,106.047194041178,87.9483184814453,134.738140651158,152.306463530569,112.047846296192,134.23787852696,126.56539113898,153.068862915039,0,132.665044784546,136.661690848214
26.9950696850278,106.821317036947,74.5729006614911,52.6483486890793,89.1272975603739,109.892892103929,89.798105875651,11.4318069283871,75.4910796352092,52.1349546152577,92.5828774713837,105.916220968614,114.295841890223,160.591743469238,66.1885299020884,79.7715077400208,82.5110256830851,66.8243832131354,111.807757472992,94.0148345585628,132.718258784367,20.1125204698748,57.6144998530124,45.8507262209436,65.8841250859073,143.983800252279,102.174090982793,100.375023264494,29.2213436571445,16.271498077072,10.9269388879487,164.891429901123,118.199133499809,47.8925652084111,37.7261797096069,135.922838687897,135.114831288656,157.18736298879,68.9660638028925,166.531173706055,0,153.621802193778,114.320341746012,153.340993819698,79.3032639397515,141.298186082106,179.670084635417,134.57271194458,139.486831665039,145.80264600118,0,96.8631442301982,166.412270682199,190.379964192708,173.359176635742,153.485565185547,112.774618647649,71.6079405905378,117.867082903462,103.682535685125,0,165.752304077148,153.176171283333,109.158514417228,136.96040901771,113.911678949992,0,0,118.671518396448,135.377168201265
146.353252410889,62.0066934139171,103.950162506104,88.6044622022052,161.617401123047,103.519454956055,140.579581451416,160.059741680439,129.621657009782,134.994024771231,172.613255092076,46.9455628148548,177.750946044922,9.26190288537175,111.006749620625,0,113.056749343872,102.815324446734,52.8996761463307,69.0366159541878,172.505642700195,139.413575308663,111.343120401556,134.76040873808,153.168760908411,40.1217422829018,35.1165426630338,20.3191232798479,146.683745247977,92.0828444245574,164.891429901123,5.79009204974541,103.008760724749,169.898198445638,73.2324980406483,220.24072265625,114.972640991211,156.556869506836,126.986002785819,222.244781494141,130.576385498047,0,236.493766784668,149.631881713867,185.244288126628,0,94.1651538706081,161.618438720703,87.8429608399841,184.018543243408,166.611907958984,218.891174316406,130.760807037354,96.8142342968522,105.024193305474,0,208.572814941406,164.711910247803,150.981002807617,181.279551188151,102.225975545247,94.6018444504558,100.765324583022,208.762817382812,156.625312805176,175.902633666992,99.24940222082,159.981536865234,0,123.60440788269
79.4760671615601,113.679443359375,174.16962491549,119.062695821126,116.154197692871,14.4966188144028,29.7863532993997,120.174768962557,24.1020667499704,0,119.858304636819,67.6921972977488,120.093747157677,84.5806534711052,15.9909766542848,36.6042662184368,0,185.102245330811,81.5278778076172,86.1852948805865,122.090324276783,0,171.289619445801,162.056514921642,145.463384291705,80.7676823933919,127.574410455877,117.814754779522,133.18801947201,13.0668119512289,118.199133499809,103.008760724749,5.53289053382894,131.380096435547,38.2828862714096,0,0,235.883987426758,0,0,0,0,0,0,0,193.775924682617,146.882789611816,132.798817952474,0,0,0,0,0,141.771408081055,0,0,0,0,0,194.511408487956,0,0,147.822904968262,195.670150756836,0,0,0,0,0,0
29.8533844042428,89.9139404296875,97.0667465473043,51.9816831100819,73.056425764754,0,81.0762193918228,52.3781176721727,75.9424535873088,52.5082378924732,70.3424116073678,122.437128448486,82.8564083099365,0,32.1627121834733,81.2219149271647,89.006591796875,95.8775457109724,119.619340896606,100.283797524192,81.2252852121989,29.6853675645651,63.0146913528442,83.9837550555959,62.2496255137933,147.700218200684,116.838031587147,112.764273939462,56.4442099823984,15.0212373353601,47.8925652084111,169.898198445638,131.380096435547,9.01609546258725,18.8407746780166,122.042095184326,0,214.469757080078,76.0900174309226,216.72346496582,0,125.667701721191,109.842392349243,140.03927394322,88.7357157193697,124.162523905436,0,0,0,151.12785949707,0,106.99648030599,0,0,0,0,146.521026611328,164.222564697266,143.367916107178,100.355964992357,0,204.080637613932,163.113296508789,107.623345729283,148.000274658203,118.890354156494,0,0,120.933587392171,133.039037431989
78.6652131761823,78.3393382757482,60.4611195241821,77.3345139044842,79.6536784341149,41.9669107933567,71.0655780242184,73.0478667005981,65.3641152628707,85.424383347293,83.9492469512664,32.8306349020313,88.9365877687656,61.5674520394741,51.0878009259004,71.1842145358815,76.0458465040776,40.7392366892344,54.1588720916544,42.0215639268589,84.1734508844278,42.7230770953225,93.5936428950383,47.5312031354859,74.326817939156,59.1461870329721,61.7321161723824,68.4235912529637,60.5323626400142,26.6574567172782,37.7261797096069,73.2324980406483,38.2828862714096,18.8407746780166,10.9615230327015,125.604144287109,112.422138977051,124.64400100708,80.8909873962402,0,0,130.524444580078,119.748101333092,141.807519700792,80.6780982244582,148.132236056858,114.325440040001,96.0293232310902,108.641299353706,172.431931715745,0,110.753188423488,136.841861724854,122.936189350329,122.021567223777,0,110.688028335571,96.594948026869,131.665842887683,110.069077604306,107.835678100586,114.898117245368,119.574827063345,114.3122433617,156.854799371017,135.765964181083,120.399321289062,158.88786315918,99.9167327880859,139.529562314351
0,0,177.259699503581,81.6630579630534,156.131525675456,0,153.518585205078,132.910281711155,188.706115722656,101.385094960531,134.040924072266,174.859959920247,0,205.739710489909,174.594304402669,0,170.128311157227,196.088455200195,0,186.615264892578,0,132.650677680969,0,149.678283691406,128.356339304071,173.821655273438,183.428170776367,171.023331613252,130.873202669448,129.228810310364,135.922838687897,220.24072265625,0,122.042095184326,125.604144287109,16.8129946092101,121.355717976888,116.397386352221,66.9180678188211,93.0942152023315,96.2701123555501,85.7841313321826,33.2872592981184,36.4965897658576,77.522752053397,62.6833766141914,131.32150133613,89.1441147415726,107.20581817627,26.7589912678551,114.631191253662,81.1777166366577,105.648968981458,145.032425157952,128.34419756864,82.8342822005109,83.7392620173368,71.9805109124435,100.087189608715,79.0770352886569,142.773635864258,131.019798898078,130.572274370258,84.1740663348723,19.4477344293882,35.6560317342792,151.543414592743,96.0102363586426,41.610087106583,71.1500100453695
144.555191040039,35.0676956939697,73.5284483601728,39.218693918652,0,0,192.253364562988,134.555086135864,165.671962738037,0,0,108.848429125409,0,99.6162534925673,171.312271118164,0,98.6806049346924,98.7679744519685,133.198928833008,134.003195868598,0,126.749649047852,91.9945500691732,93.2523494720459,146.677228291829,66.3442590501573,97.7616584155024,72.9657631459862,126.596558888753,0,135.114831288656,114.972640991211,0,0,112.422138977051,121.355717976888,9.89751222657167,48.6264159797963,12.0781609447439,0,0,137.590774536133,129.956039428711,193.662094116211,75.1376031286576,114.286841074626,73.218065369804,0,54.9835131848083,156.707465362549,0,60.5936486797401,52.0439955535548,71.3609625498454,62.572785038276,0,93.3155464504076,25.1824601593969,75.1470468010701,78.0849951358027,29.8181158295941,48.9485868653063,32.31097935006,96.785654703776,116.847152709961,112.258984459771,66.6072887273935,0,205.757247924805,70.6792885997508
167.939581298828,69.1854345533583,94.0922719537256,66.5447878283124,0,225.801856994629,188.818561553955,169.048845291138,183.925632770245,164.59619140625,174.979382324219,148.553826649984,220.365737915039,133.039645385742,187.561909602239,0,101.716217600505,113.599805863177,153.016333262126,136.143532752991,0,142.874788602193,101.812379373086,100.41196649253,163.566090510442,144.497014363607,97.1269914293879,93.3671017598228,162.779988802396,168.993776494806,157.18736298879,156.556869506836,235.883987426758,214.469757080078,124.64400100708,116.397386352221,48.6264159797963,15.1190846871622,49.1375827298445,171.493174235026,178.548782348633,129.99675797375,97.2579430758743,123.905624453439,109.221383038689,108.17030043279,94.551087650684,153.640960057577,91.9761371612549,120.127328421565,140.877502441406,91.8052019686312,35.7959928419646,86.8502106136746,62.8692439394619,143.293315887451,71.7449567154974,62.4153713075455,30.5531353433426,108.592846269193,95.3668479919434,31.3689394517219,29.6855622018247,87.5446937827889,140.013542032687,102.227385832437,95.9364796058804,157.296166992187,120.300471379207,77.3710404239186
