8.73252041622619,122.679147338867,102.228231587129,69.863485831914,81.7420883178711,74.1368379031911,85.2166220566322,28.6576636463597,49.4690360694096,74.4194359689389,37.5194679489196,114.545460576596,103.681922912598,116.160998535156,18.4917653273052,104.802791595459,101.2291245894,99.6284404530245,131.820912679036,118.268242713248,121.884536743164,81.8773772499778,82.2935453920948,94.3618413139792,78.4814294001439,114.202278137207,117.602076614112,126.088956417097,80.0133688589243,20.5161537291323,28.9987509063129,131.486297607422,80.7180609526458,30.8024725914001,59.7377891330467,161.740936279297,0,205.697036743164,95.7578750610352,0,0,157.71620686849,141.150688171387,0,121.598182678223,168.046527862549,199.731552124023,174.485733032227,0,167.086078643799,0,123.993633270264,0,197.207580566406,201.126937866211,151.176132202148,139.864891745827,75.3639739990234,188.597198486328,127.640729791978,0,181.32199605306,161.378500545726,141.743664271395,167.146591186523,141.565515136719,0,0,130.413162231445,166.204190063477
122.679147338867,8.1552639334087,46.820033246138,10.0343498892548,92.9014739990234,0,150.820850372314,124.640881706687,131.742573664739,76.1042361834733,162.137625558036,61.6857625229718,0,52.2875146636189,130.702600097656,105.253895350865,54.3140452832592,53.9943503096297,74.6826394822862,57.9294306713602,103.480514526367,94.174843528054,22.4310077692659,74.3475909361968,85.0201854915409,20.4232562675913,54.1716760220735,31.5521919025794,99.5647010109641,125.494951477051,101.150849544641,70.3219946484233,112.608222961426,111.342456054688,62.4028321058854,234.094207763672,60.2068557739258,75.3911740920123,48.1924077669779,0,0,0,0,0,0,0,109.29518254598,0,93.9923648834229,0,0,0,87.6439590454102,112.065428415934,97.958927154541,0,0,66.5502281188965,74.3897908528646,150.119771321615,64.8005604743958,96.9263735877143,86.2418545263785,184.255752563477,178.52375793457,0,106.174296787807,0,0,122.273536682129
102.228231587129,46.820033246138,11.837695027802,54.8060812699167,127.298600769043,157.296438598633,129.512021894579,92.976826974049,116.068575317012,111.191798963045,118.391488298818,89.7954665184021,143.161259577825,115.205223560333,116.189098521821,141.151412963867,73.4957265596132,42.4167293999806,88.6882328257841,68.9571061876085,146.042048367587,63.8308615283565,51.0308795909786,31.0732075460866,107.473880049111,95.4108467102051,26.8414872234157,31.5869838599697,90.1197668833858,125.464493720981,79.7204439606721,103.088933672224,159.99612903595,108.867685079575,66.1613706818508,0,77.7577858962022,95.2557659605473,62.894910447141,181.592132568359,0,180.291122436523,180.244592519907,236.912414550781,159.579711914062,206.293420410156,136.859664916992,133.771072387695,0,168.127532958984,0,118.679571969169,108.981004805792,152.144683837891,123.168848673503,0,159.733814239502,77.8498867404076,108.836145766238,160.016847179782,93.1600112915039,109.505718426827,93.0182182378741,157.423087310791,191.418434143066,168.189018249512,202.596710205078,0,165.771377563477,133.079643794468
69.863485831914,10.0343498892548,54.8060812699167,16.3401506872062,73.2823705673218,121.342865943909,88.6579457521439,63.6976999106266,88.8626245892482,31.681991465828,81.6984641335227,61.7960672681294,85.0248126983643,46.0297784152706,87.6317019633965,79.76095550291,36.160829020959,64.7356665117987,61.0946789116695,57.1899291462981,84.0541206995646,70.0995342731476,24.8580127651976,59.7176726210008,42.6327960680843,21.5781262173631,49.1100689959482,39.518216089818,56.4862091796203,84.8502929722876,62.8930578759536,51.6353158448872,127.978670120239,70.0600102262677,74.1891513886999,68.8541971842448,50.7124403173273,72.6373116970062,29.3639023253258,157.577257792155,0,123.165479024251,87.3746842193603,106.883895874023,74.8963904380798,129.744331359863,84.8371688842773,71.889767964681,80.4906349182129,97.2193464799361,0,54.5257881863016,68.4735527038574,78.0517713758681,71.5470542907715,53.9327774047852,78.2490215301514,20.8161394897017,67.1789830525716,75.0016488467946,37.5430687963963,74.0362188339233,64.9779560756683,82.9603648924492,100.419655663627,83.0990077748018,95.672983442034,0,88.6827634175618,97.9392817361014
81.7420883178711,92.9014739990234,127.298600769043,73.2823705673218,10.2375368504372,127.746739196777,59.549383377333,71.2307657241821,96.720478409005,54.8058297329537,23.3654091987606,154.129872372276,30.2477637877326,171.752461751302,110.151325125443,72.3228324418215,82.8031539916992,159.444730970595,0,157.860229492188,14.6599964773111,100.363552093506,87.7558479309082,146.684129987444,23.8528951813963,0,153.276993645562,132.167063940139,21.050698597705,110.604008901687,112.76212310791,171.890869140625,140.809152776545,123.325523376465,113.188072858538,0,0,191.879419962565,99.0251091851129,14.9271943051412,0,152.638864557794,138.675856646369,166.423645401001,90.5687985420227,147.182337162858,0,22.8584051083483,0,180.1669921875,103.056288582938,166.442398071289,0,0,0,22.74374796854,164.074447631836,182.517959594727,0,104.874373194538,0,0,197.244232177734,133.221531781283,166.207693311903,161.820129394531,0,0,0,172.043487548828
74.1368379031911,0,157.296438598633,121.342865943909,127.746739196777,7.35016880522738,11.842803333045,116.240370633309,18.3568797993374,107.037214279175,114.11660736084,73.5259691874186,105.85772673289,75.7992224920364,25.7227971393888,16.7265963723452,0,153.174554443359,83.0727996826172,180.707233428955,116.469245910645,152.916791915894,0,144.718106842041,113.796033935547,104.917633056641,162.84303894043,145.260013198853,128.274753252665,26.0527452261888,111.815396881104,106.88134765625,12.0420977806018,63.6671867370605,35.5579435560438,0,0,0,0,0,0,0,193.575607299805,0,0,201.902770996094,0,0,0,0,0,0,0,0,0,0,0,0,0,179.597290039062,0,145.465621948242,221.089294433594,185.944692993164,185.337982177734,200.378776550293,0,0,0,0
85.2166220566322,150.820850372314,129.512021894579,88.6579457521439,59.549383377333,11.842803333045,10.3432444917201,65.4732230372156,19.0534554420342,83.5522038537545,39.0793855399659,90.4931698943932,23.2296728314706,106.499500433604,46.0072335628,15.128124274042,154.281150817871,151.069129100599,126.300478254046,156.991294273963,35.7320004463553,118.338132985433,119.153705890362,129.120152664185,89.9871640448276,98.1675910949707,150.982835444008,146.837075021532,72.7845640420456,35.911806172171,102.472991423173,129.448938369751,20.2421384555738,91.2372332981655,68.090434258984,167.451053619385,0,178.530609130859,115.602037556966,97.7324839637393,0,167.37430674235,154.766882072375,175.28245070885,113.611896938748,169.050142141489,218.950393676758,59.33620054245,0,173.591538649339,0,172.878204345703,0,0,0,116.954503452077,232.160415649414,101.306053161621,167.138412475586,133.263452751692,0,0,184.777285766602,159.086921131939,173.019669242527,176.818674723307,0,0,159.930908203125,176.36513710022
28.6576636463597,124.640881706687,92.976826974049,63.6976999106266,71.2307657241821,116.240370633309,65.4732230372156,12.5861804758702,60.4587937741829,63.4848802037393,26.3915482137572,138.731048723334,72.6925565321668,160.382866277927,50.4971327607319,83.6675705255247,96.6460397969121,113.777358104934,149.704322814941,146.678874097552,88.4172054321047,70.6484901946952,79.8326425009627,81.4800361316562,58.6830114207693,154.907297770182,126.617801940635,109.521826662231,36.7472186559802,78.97024624835,24.513870876284,169.4493449818,121.473539601202,78.7773494961896,90.8064460107258,138.75389584628,0,165.034337010877,87.2603609878405,119.919967049047,0,149.286014441288,133.76149566301,160.689020617255,96.0991302490234,151.371634871871,193.525848388672,116.224408149719,218.338348388672,157.59317452567,104.984741210938,127.705965125042,201.303596496582,0,0,119.738141377767,148.111936371902,122.464890003204,155.835140409924,117.997218126569,0,197.32516225179,161.100796843228,129.893331885672,150.333985768194,139.101066689742,0,0,138.524755205427,149.034468399851
49.4690360694096,131.742573664739,116.068575317012,88.8626245892482,96.720478409005,18.3568797993374,19.0534554420342,60.4587937741829,9.4973380576162,89.1033190845308,37.8539694733533,86.7408850559531,83.825922653696,106.277652613322,19.5042450132124,48.5839117451148,135.849805883459,122.551646032661,135.614696738161,137.430070953369,88.750736860668,106.413927058981,106.13911829768,107.931760903561,93.7964499100395,149.310230548565,136.241817731124,137.98506220347,92.8184526005043,30.1892860677237,71.8124178876781,132.193673353929,22.2220522833386,78.6780846758587,60.0691546932831,165.562456018784,145.331687927246,185.461886405945,105.526254325077,147.996157000142,0,168.454611206055,156.258152828038,181.118443806966,127.731406402588,177.247322574739,0,129.311354500907,111.41495513916,180.582407137243,0,156.798173692491,199.09196472168,0,184.699668884277,137.192102220323,166.44739825909,128.521671840123,179.589202880859,141.716794761694,153.641860961914,182.366031646729,175.493968418666,156.583148781134,174.445044180063,166.547336719654,210.832672119141,0,157.285542079381,167.851065572103
74.4194359689389,76.1042361834733,111.191798963045,31.681991465828,54.8058297329537,107.037214279175,83.5522038537545,63.4848802037393,89.1033190845308,7.20737989987748,75.7748934440575,129.944449891435,18.9759678743089,122.034357939249,89.3953124262252,20.1850468493651,62.7873751033436,132.83169647743,136.216215199438,130.891611954262,38.0475102429623,115.831251061481,24.8056146989498,124.035145527608,22.6804773994957,103.30942877103,126.044842366422,104.070258012,55.9146674363038,86.8221079109129,67.3318882638087,132.389011676495,129.721425374349,72.4468457496772,95.7670877024812,60.2158584594727,134.025093078613,157.650802612305,81.5322532653809,97.4915930141102,120.946182250977,107.157879222523,114.65568484682,121.503987630208,43.6361438035965,109.009280786282,164.223854064941,99.6556767644109,158.518962605794,164.303665161133,70.2984596888224,0,152.032470703125,205.167179107666,0,96.8927011904509,0,0,180.249092102051,74.1848849341983,155.088684082031,165.254462560018,161.763171604701,105.149290863037,159.057444254557,116.899810791016,200.61376953125,0,135.859777450562,160.375549316406
37.5194679489196,162.137625558036,118.391488298818,81.6984641335227,23.3654091987606,114.11660736084,39.0793855399659,26.3915482137572,37.8539694733533,75.7748934440575,15.6043472275754,142.167196800114,27.9816701688399,161.329281398228,54.697848306403,76.8408422514176,110.494275179776,140.750338258702,168.197539834415,157.697854614258,18.2425321563874,102.209844538774,117.3560546875,112.373996649504,66.4339012283239,166.811065673828,151.834188652699,136.987001591724,27.5089438892265,98.3986305300263,73.2227523857063,183.112322489421,127.987257003784,102.566594146019,100.828129774879,157.191645902746,0,205.703647613525,101.58350382487,74.7569100037599,210.377426147461,158.684549985421,145.64881273196,171.052610515076,105.943737131755,159.724883138327,231.009450276693,51.9564816439024,166.533889770508,181.101185353597,126.275894165039,149.543310165405,182.896957397461,0,0,67.8789605334855,177.411364237467,153.814553578695,175.943737030029,120.323200172701,0,225.718955993652,186.452150617327,150.671585143703,172.408134269714,173.796774291992,0,0,160.371098836263,173.106099809919
114.545460576596,61.6857625229718,89.7954665184021,61.7960672681294,154.129872372276,73.5259691874186,90.4931698943932,138.731048723334,86.7408850559531,129.944449891435,142.167196800114,11.3688561225173,138.803441854624,22.4738890080299,91.9158148251328,137.951504958303,122.737648813348,56.4681329357532,19.1886849665561,26.9544519919459,153.16973707411,90.4864535900431,93.5583113340231,88.9275550944282,143.526674013871,33.0633654676805,32.4181977203528,60.4717578667715,148.564395291465,94.6296663256087,115.307335192318,36.6610875644677,73.6519679289598,95.9374439685376,26.9632057652966,0,99.8216247558594,125.579449971517,62.1656075527793,160.597056070964,0,0,216.147899082729,0,148.128117879232,246.622756958008,79.7996164209702,193.602882385254,62.6058925855727,237.491526285807,0,0,125.708417256673,98.1762257839771,104.190810203552,0,204.889762878418,106.549172973633,188.539154052734,202.636312484741,58.2385167866728,95.2296629302356,93.7702414245606,215.72208404541,210.21833190918,172.000137329102,92.6724634343928,0,0,158.495263671875
103.681922912598,0,143.161259577825,85.0248126983643,30.2477637877326,105.85772673289,23.2296728314706,72.6925565321668,83.825922653696,18.9759678743089,27.9816701688399,138.803441854624,11.1873174690755,150.860711097717,104.225083969009,16.0951081113342,0,178.218994140625,152.214914957682,144.420148213704,17.6293878828379,126.293237686157,128.015502929688,182.371577453613,28.2461215713533,147.346128463745,175.239050472484,147.361962018694,47.0210882616333,110.291527891159,148.278566148546,0,124.855394471366,84.3871688842773,109.845531103746,0,0,0,106.013749016656,41.54143277792,0,151.090583987352,140.949819235966,177.536256408691,106.431193881565,152.610754200056,0,16.8707433341104,0,176.631591796875,81.1974585396903,0,0,0,0,30.1503773723637,0,0,175.622695922852,112.601589976491,0,208.879867553711,198.145724487305,148.925863727009,185.266787719727,182.355239868164,0,0,174.930816650391,0
116.160998535156,52.2875146636189,115.205223560333,46.0297784152706,171.752461751302,75.7992224920364,106.499500433604,160.382866277927,106.277652613322,122.034357939249,161.329281398228,22.4738890080299,150.860711097717,7.54724707405852,104.551844820063,151.10219335556,113.441801343645,104.162108005621,59.3111532808885,73.2180995083927,162.047758314345,160.496459960938,85.567428864773,137.974747975667,137.646744982234,18.5883758628684,24.8855726848065,37.5540908336751,159.949859046936,120.778248961543,157.179083119268,11.6859208391666,82.4128531047276,141.963352966309,59.7919448095424,0,102.066268920898,0,49.0545986924216,0,0,0,0,0,122.744155883789,212.826782226562,70.3455069200048,183.173385620117,60.5175673227318,0,190.991897583008,0,131.117343902588,91.3925718006335,130.677044677734,0,180.483520507812,101.902109418597,225.600921630859,207.908683776855,51.7499190673828,90.5021544314445,83.6704923677845,215.471064249674,186.340545654297,0,81.5399103342376,0,0,117.668260574341
18.4917653273052,130.702600097656,116.189098521821,87.6317019633965,110.151325125443,25.7227971393888,46.0072335628,50.4971327607319,19.5042450132124,89.3953124262252,54.697848306403,91.9158148251328,104.225083969009,104.551844820063,11.5502816339484,98.2171628475189,127.544679978315,115.568706995274,136.081428271382,132.818873769869,105.224625943556,101.160736850574,97.3121340966994,107.124261328405,95.0727104037089,130.352734615928,130.165401048298,136.683065997766,97.9657105197688,24.1663375320941,55.777373200985,126.366134906637,36.3530520350291,55.9192975554803,55.7501280983754,163.028677622477,166.625701904297,191.503409830729,102.978580729167,137.639994812012,0,184.72146097819,162.231682332357,185.485746111189,161.817108154297,184.791652679443,0,144.356524149577,157.152750651042,184.749097881895,230.780990600586,136.44642384847,0,183.041898091634,182.378837585449,157.657426016671,161.891183217367,119.383658515082,190.998886108398,150.350469697782,118.231163024902,176.509117126465,177.498106041733,157.297462984261,170.623157744712,157.200045108795,221.315063476562,232.161102294922,159.739665985107,172.840509142194
104.802791595459,105.253895350865,141.151412963867,79.76095550291,72.3228324418215,16.7265963723452,15.128124274042,83.6675705255247,48.5839117451148,20.1850468493651,76.8408422514176,137.951504958303,16.0951081113342,151.10219335556,98.2171628475189,9.75438023481601,0,136.534313746861,163.001403808594,180.753702799479,54.937226850595,133.151416778564,69.8428939472545,107.12377166748,40.2470970142415,136.865635681152,150.095529174805,126.217787293827,78.9304186181177,61.3714805665563,106.969676017761,176.025250244141,35.5323943933729,100.556474685669,103.808480626061,0,0,0,62.6138076782227,116.154996086569,110.122055053711,93.9696095784505,146.811889648438,184.436798095703,65.0942993164062,139.411870320638,0,78.0037473790786,203.123123168945,192.051391601562,81.407502746582,0,0,0,0,91.481372833252,0,0,169.473510742188,106.206117517808,0,0,182.468111673991,150.410568006111,190.359161376953,0,0,0,158.915786743164,0
101.2291245894,54.3140452832592,73.4957265596132,36.160829020959,82.8031539916992,0,154.281150817871,96.6460397969121,135.849805883459,62.7873751033436,110.494275179776,122.737648813348,0,113.441801343645,127.544679978315,0,14.441794598152,98.2050097567364,124.492300033569,121.513886345757,85.0259857177734,17.201649696125,29.0197822645242,27.8475671430531,28.0573374601394,98.6248707771301,110.640335776589,32.7929701011219,39.5107327979726,101.330619812012,74.3947415936378,119.421518325806,235.245513916016,86.114207131522,76.02280440475,137.089038085937,120.546240234375,97.3698218209403,53.1077338038264,0,0,0,151.003240312849,181.245005289714,152.828140258789,166.404479980469,0,235.305068969727,0,154.994894845145,0,35.5086244019785,137.28634262085,0,0,0,112.014463694503,52.7737999535649,97.3299267819989,108.365458784432,163.179306030273,131.897901535034,95.3144919565119,120.720926711139,129.460140452665,117.908346002752,193.135513305664,0,103.440753936768,123.748396653395
99.6284404530245,53.9943503096297,42.4167293999806,64.7356665117987,159.444730970595,153.174554443359,151.069129100599,113.777358104934,122.551646032661,132.83169647743,140.750338258702,56.4681329357532,178.218994140625,104.162108005621,115.568706995274,136.534313746861,98.2050097567364,10.1515515857908,55.1742980168339,19.7557053904658,172.634501865932,52.532005149597,83.3793397597325,31.5472510059056,130.20573548246,78.9195317162408,38.2669208741589,66.1365872916939,125.325352944523,101.65490854733,73.4107412158641,106.217970561981,133.873923710414,78.5568781033368,43.594930999286,183.233818054199,88.0727578943426,110.483294487,78.1852980496591,0,0,0,193.670984903971,224.490631103516,0,0,159.778781890869,245.782531738281,119.580319722493,202.63761138916,0,126.761833190918,112.472458648682,143.846749305725,122.57131245931,0,166.625923156738,105.3659324646,126.113766063343,180.016649518694,108.271545410156,111.147471994002,105.855196357954,188.608060709635,180.401138305664,188.025767008464,184.261474609375,0,179.364334106445,138.721392822266
131.820912679036,74.6826394822862,88.6882328257841,61.0946789116695,0,83.0727996826172,126.300478254046,149.704322814941,135.614696738161,136.216215199438,168.197539834415,19.1886849665561,152.214914957682,59.3111532808885,136.081428271382,163.001403808594,124.492300033569,55.1742980168339,7.07295890381,24.2986336438977,154.710205078125,100.792833830181,99.4073940458752,93.4142258707682,154.00414452186,45.368734584832,30.5119535648605,62.508112573526,155.777434455024,128.132705768505,120.320326343659,55.1585931128856,114.32344479031,106.280873298645,61.0906157295659,0,98.8008193969727,142.629364013672,122.895107269287,0,0,0,242.530807495117,0,0,0,114.550106684367,0,81.2124099731445,0,0,149.21923828125,144.680265808105,98.7500216397372,116.160356521606,0,0,131.389068603516,0,194.035251617432,74.6905747652054,99.0285990307903,97.5922078080611,0,0,176.456832885742,97.4079059254039,0,0,231.549194335938
118.268242713248,57.9294306713602,68.9571061876085,57.1899291462981,157.860229492188,180.707233428955,156.991294273963,146.678874097552,137.430070953369,130.891611954262,157.697854614258,26.9544519919459,144.420148213704,73.2180995083927,132.818873769869,180.753702799479,121.513886345757,19.7557053904658,24.2986336438977,11.1770703457101,147.688751220703,78.1059924825033,94.3883555578807,63.366841556196,140.199399174871,48.1259537572446,30.5264898935617,61.8017476082891,148.841699852134,116.332148195623,99.7599818746922,69.0762017856945,144.018207550049,92.1023326673006,54.3476054118421,156.300231933594,89.0906008206881,112.621831893921,67.3296285356794,0,0,189.185333251953,0,0,0,244.83674621582,104.214816502162,0,95.9099769592285,0,0,145.282531738281,129.337732791901,106.331164223807,105.104183637179,214.047912597656,210.855690002441,127.076217651367,103.14672088623,180.637115478516,68.1509448581272,97.5597591348735,96.6441319163253,213.661624908447,156.768394470215,0,102.297957611084,0,0,133.389477729797
121.884536743164,103.480514526367,146.042048367587,84.0541206995646,14.6599964773111,116.469245910645,35.7320004463553,88.4172054321047,88.750736860668,38.0475102429623,18.2425321563874,153.16973707411,17.6293878828379,162.047758314345,105.224625943556,54.937226850595,85.0259857177734,172.634501865932,154.710205078125,147.688751220703,8.77938959444211,136.011487325033,83.1366519927979,140.697009495326,22.4399342051202,168.395965576172,170.630604553223,153.349946305558,31.6635846201597,109.78673118945,128.341794586182,166.084609985352,131.728045569526,109.86515045166,105.160893462425,224.071716308594,0,0,103.268657684326,19.878698068902,0,153.993283932026,149.418210449219,173.216813564301,112.414739106831,153.3696021656,0,16.3577748146671,0,212.160845438639,157.528606414795,0,0,0,0,28.2738055184605,0,0,204.859420776367,113.589122863587,0,0,175.544578552246,145.310720981696,189.163925170898,0,0,174.318130493164,0,201.053192138672
81.8773772499778,94.174843528054,63.8308615283565,70.0995342731476,100.363552093506,152.916791915894,118.338132985433,70.6484901946952,106.413927058981,115.831251061481,102.209844538774,90.4864535900431,126.293237686157,160.496459960938,101.160736850574,133.151416778564,17.201649696125,52.532005149597,100.792833830181,78.1059924825033,136.011487325033,10.8683361085944,54.6461552667224,26.4636998508717,48.1516356984484,140.860171508789,93.967394609988,68.4327697204857,37.1971236020989,85.0149622258452,32.2170992839208,155.644378662109,161.885261535645,66.7190506783399,43.0933176645696,141.003159659249,110.531829833984,134.885711246067,69.8296452585856,0,0,0,144.027173822576,153.745052337646,124.396286010742,180.955471038818,162.905624389648,130.303924560547,0,157.932685852051,0,110.035661591424,172.726907348633,0,192.445999145508,177.884552001953,123.170329491567,67.8630852332482,124.671420687721,128.928244479867,0,175.277779715402,137.146081924438,128.984595053537,135.032136865564,124.174956087206,0,0,115.603622436523,124.243461227417
82.2935453920948,22.4310077692659,51.0308795909786,24.8580127651976,87.7558479309082,0,119.153705890362,79.8326425009627,106.13911829768,24.8056146989498,117.3560546875,93.5583113340231,128.015502929688,85.567428864773,97.3121340966994,69.8428939472545,29.0197822645242,83.3793397597325,99.4073940458752,94.3883555578807,83.1366519927979,54.6461552667224,9.14351600795342,55.6231448022518,35.0392709086259,64.9680988963567,85.6740052335648,40.0171362296233,55.3717577597442,85.9808833436816,60.3618264908486,100.642971272371,128.032806396484,64.4622739862513,71.1821148258229,0,81.0541797637939,80.7371821645963,14.4152899241838,137.986938476562,0,0,143.506518046061,159.739959716797,106.392822265625,154.17697652181,123.958803812663,200.486282348633,115.227706432343,176.814716339111,0,56.1611307736101,96.0771658761161,148.737692696708,188.625396728516,0,81.8909683227539,10.2161142706871,69.0613781880524,124.860690646701,101.760949452718,112.441731044224,85.2674908671819,116.320287132263,159.362218584333,108.602306886153,128.545482635498,0,131.007585525513,85.0368895530701
94.3618413139792,74.3475909361968,31.0732075460866,59.7176726210008,146.684129987444,144.718106842041,129.120152664185,81.4800361316562,107.931760903561,124.035145527608,112.373996649504,88.9275550944282,182.371577453613,137.974747975667,107.124261328405,107.12377166748,27.8475671430531,31.5472510059056,93.4142258707682,63.366841556196,140.697009495326,26.4636998508717,55.6231448022518,16.8007056054216,87.6780436887579,117.674514770508,68.0474512805259,52.1467529650881,57.0784223864148,68.6626212748317,53.7273270431466,121.669764382499,149.939351272583,76.0899602042304,49.0948853180658,132.473831176758,98.5572695050921,103.316294352214,67.0910245403973,132.553192138672,0,182.444101969401,162.199283994477,183.049251556396,0,211.08752746582,150.080673217773,0,161.997741699219,186.979466756185,0,70.5289112933519,129.191641065809,0,155.613647460938,0,129.403524552269,73.6540664024199,109.786947066,148.998269081116,109.89493560791,132.443584442139,106.925375223746,148.358996800014,163.838842119489,145.917201192755,0,0,125.507415771484,142.290852195338
78.4814294001439,85.0201854915409,107.473880049111,42.6327960680843,23.8528951813963,113.796033935547,89.9871640448276,58.6830114207693,93.7964499100395,22.6804773994957,66.4339012283239,143.526674013871,28.2461215713533,137.646744982234,95.0727104037089,40.2470970142415,28.0573374601394,130.20573548246,154.00414452186,140.199399174871,22.4399342051202,48.1516356984484,35.0392709086259,87.6780436887579,12.7044599519298,116.443904064669,135.595791510296,97.9380642153861,23.6192238827446,87.6430209360716,75.8930861347511,147.058456255042,134.529292387121,74.6574078020842,93.430768011734,126.442092217339,150.327230181013,148.144495391846,67.2410657856014,99.2781596720219,0,119.130613985929,117.719070043796,142.128609142084,67.0129909515381,117.783953710115,194.484279632568,92.2042000963797,178.449568430583,147.998732035869,85.380195072719,106.823829950071,173.41778394911,199.337849934896,202.541024780273,103.22842244179,127.865487382219,81.9684879253437,141.326655879165,92.2765761014097,155.082191467285,179.760113961356,154.014033884242,112.941380798501,136.905753235319,125.622636393928,186.184809366862,183.655685424805,124.611796351842,129.503801699038
114.202278137207,20.4232562675913,95.4108467102051,21.5781262173631,0,104.917633056641,98.1675910949707,154.907297770182,149.310230548565,103.30942877103,166.811065673828,33.0633654676805,147.346128463745,18.5883758628684,130.352734615928,136.865635681152,98.6248707771301,78.9195317162408,45.368734584832,48.1259537572446,168.395965576172,140.860171508789,64.9680988963567,117.674514770508,116.443904064669,7.52165670798149,39.855856117795,30.7038072848501,135.717842356364,123.539772482479,131.19672088623,47.264955879438,88.3118324279785,117.775398254395,62.5255508422852,137.217056274414,103.060757954915,123.483525594076,44.7130630119987,0,0,226.638076782227,0,0,0,206.097061157227,74.6834048395572,0,58.8524749290652,208.650863647461,0,0,71.7271347045898,81.9152861614617,86.569905090332,0,0,0,0,171.826113891602,33.9239327444959,73.2435287914688,70.1556093491704,177.517440795898,245.752365112305,151.993621826172,80.1658403801196,0,0,95.8829116821289
117.602076614112,54.1716760220735,26.8414872234157,49.1100689959482,153.276993645562,162.84303894043,150.982835444008,126.617801940635,136.241817731124,126.044842366422,151.834188652699,32.4181977203528,175.239050472484,24.8855726848065,130.165401048298,150.095529174805,110.640335776589,38.2669208741589,30.5119535648605,30.5264898935617,170.630604553223,93.967394609988,85.6740052335648,68.0474512805259,135.595791510296,39.855856117795,14.9560236617854,32.6863015807989,135.723494885275,128.933531553849,104.807860083329,20.6613653318288,121.454383850098,109.637377799825,61.8165707005843,0,86.6317785703219,115.574164170485,65.2161519303281,196.205688476562,0,0,187.2424861363,0,191.826138305664,192.31379699707,99.0102997673882,0,81.756339931488,170.609573364258,0,157.472562154134,109.482357570103,98.4897609859091,99.3850506441093,0,153.509712219238,110.381521860758,134.803220476423,186.393580845424,67.4511388037816,92.3729737094571,89.8949051965318,198.344556535993,210.012725830078,175.280763898577,97.9127889825392,0,0,116.444113760283
126.088956417097,31.5521919025794,31.5869838599697,39.518216089818,132.167063940139,145.260013198853,146.837075021532,109.521826662231,137.98506220347,104.070258012,136.987001591724,60.4717578667715,147.361962018694,37.5540908336751,136.683065997766,126.217787293827,32.7929701011219,66.1365872916939,62.508112573526,61.8017476082891,153.349946305558,68.4327697204857,40.0171362296233,52.1467529650881,97.9380642153861,30.7038072848501,32.6863015807989,16.4106554107321,82.6448306060419,131.884329631355,106.332367015141,28.4802116143853,129.568040370941,115.595862160266,71.649156767912,181.379571914673,74.8289047228765,94.0562566937445,56.0382662787599,159.816421508789,0,192.144770304362,167.912803255278,186.796845572335,159.890241146088,197.88547706604,103.543346877926,182.091407775879,85.0316647790664,183.893989964535,181.296047973633,76.615528826657,105.689967378657,101.24792804718,107.745479333596,193.495315551758,140.218755609849,79.8460766633352,105.654368065671,153.126369199891,68.1473897563877,95.5233506397598,91.3056427035037,160.953268603275,178.979186007851,155.460445604826,101.924014876042,143.361587524414,168.410774230957,120.782446572947
80.0133688589243,99.5647010109641,90.1197668833858,56.4862091796203,21.050698597705,128.274753252665,72.7845640420456,36.7472186559802,92.8184526005043,55.9146674363038,27.5089438892265,148.564395291465,47.0210882616333,159.949859046936,97.9657105197688,78.9304186181177,39.5107327979726,125.325352944523,155.777434455024,148.841699852134,31.6635846201597,37.1971236020989,55.3717577597442,57.0784223864148,23.6192238827446,135.717842356364,135.723494885275,82.6448306060419,13.3583401798528,89.2626312923042,40.5656240647152,168.257354736328,139.90960017613,69.4252273509211,73.457011373247,134.580697231605,148.358159383138,159.632609776088,77.9652471423644,49.1646865584741,203.395568847656,146.425817687482,127.074840642229,155.966730155945,94.7470493619404,146.606559163706,209.361560058594,56.7023942997504,213.589233398438,154.866848383194,127.281172180176,111.023662342745,187.886952209473,189.047882080078,184.988689422607,87.3331410288811,127.937567941074,89.1843593915304,144.772111630907,108.187237410385,181.656865437826,189.453122456868,156.195097395517,128.426170290708,144.066580946428,126.41566033059,0,193.092140197754,130.349789513482,137.615572785678
20.5161537291323,125.494951477051,125.464493720981,84.8502929722876,110.604008901687,26.0527452261888,35.911806172171,78.97024624835,30.1892860677237,86.8221079109129,98.3986305300263,94.6296663256087,110.291527891159,120.778248961543,24.1663375320941,61.3714805665563,101.330619812012,101.65490854733,128.132705768505,116.332148195623,109.78673118945,85.0149622258452,85.9808833436816,68.6626212748317,87.6430209360716,123.539772482479,128.933531553849,131.884329631355,89.2626312923042,11.2424618826359,32.978086136453,129.871664864676,13.6242240250065,19.868632024309,39.6465837492585,155.214987754822,0,189.361129760742,99.7562410455001,145.643472671509,0,185.722103118896,155.558268588522,188.065438747406,172.586277008057,181.268231040553,0,150.44707775116,0,183.363026358865,171.693519592285,125.245447431292,0,189.161071777344,213.093719482422,156.059172058105,150.685803375244,113.709626334054,165.517108716463,143.641673920921,128.282690048218,179.878264034496,171.728895568848,151.718715716012,168.902470444188,153.415293907052,210.957153320312,0,142.415497519753,160.731754726834
28.9987509063129,101.150849544641,79.7204439606721,62.8930578759536,112.76212310791,111.815396881104,102.472991423173,24.513870876284,71.8124178876781,67.3318882638087,73.2227523857063,115.307335192318,148.278566148546,157.179083119268,55.777373200985,106.969676017761,74.3947415936378,73.4107412158641,120.320326343659,99.7599818746922,128.341794586182,32.2170992839208,60.3618264908486,53.7273270431466,75.8930861347511,131.19672088623,104.807860083329,106.332367015141,40.5656240647152,32.978086136453,11.9976514278378,151.904607137044,120.901393127441,38.9530486980331,43.3477652395344,130.846105160921,128.352554321289,155.144622215858,75.0285178820292,170.106201171875,0,171.399810791016,134.987033563502,172.305568150112,108.708255222866,166.700963338216,0,0,180.83570098877,155.727646069649,0,110.645816360695,175.345515659877,203.390960693359,0,210.345977783203,126.798135405605,83.9124551349216,141.797517089844,122.288296096179,0,165.847161429269,152.144068372119,126.337675804394,143.035008517179,127.402876524492,175.350219726562,0,122.035813704781,136.662716706594
131.486297607422,70.3219946484233,103.088933672224,51.6353158448872,171.890869140625,106.88134765625,129.448938369751,169.4493449818,132.193673353929,132.389011676495,183.112322489421,36.6610875644677,0,11.6859208391666,126.366134906637,176.025250244141,119.421518325806,106.217970561981,55.1585931128856,69.0762017856945,166.084609985352,155.644378662109,100.642971272371,121.669764382499,147.058456255042,47.264955879438,20.6613653318288,28.4802116143853,168.257354736328,129.871664864676,151.904607137044,8.09018020267647,115.251737806532,0,73.1872463924129,0,123.91711807251,0,58.200535774231,0,0,0,0,0,0,0,96.5802872601677,0,82.5573330122171,0,0,0,0,105.305140061812,114.093276977539,0,0,0,0,191.129302978516,69.5696492724948,99.7538096369529,97.3007734766546,237.47297668457,0,0,101.837633972168,0,0,0
80.7180609526458,112.608222961426,159.99612903595,127.978670120239,140.809152776545,12.0420977806018,20.2421384555738,121.473539601202,22.2220522833386,129.721425374349,127.987257003784,73.6519679289598,124.855394471366,82.4128531047276,36.3530520350291,35.5323943933729,235.245513916016,133.873923710414,114.32344479031,144.018207550049,131.728045569526,161.885261535645,128.032806396484,149.939351272583,134.529292387121,88.3118324279785,121.454383850098,129.568040370941,139.90960017613,13.6242240250065,120.901393127441,115.251737806532,4.73623527280581,65.919054667155,40.6016011581641,211.996444702148,0,0,153.410970052083,131.153991699219,0,0,205.74272664388,0,0,211.391087849935,0,137.12873840332,133.91780090332,238.596420288086,0,0,0,0,216.739242553711,0,221.444869995117,0,0,192.255200703939,0,0,213.925186157227,201.82788848877,202.665023803711,175.607604980469,0,0,0,0
30.8024725914001,111.342456054688,108.867685079575,70.0600102262677,123.325523376465,63.6671867370605,91.2372332981655,78.7773494961896,78.6780846758587,72.4468457496772,102.566594146019,95.9374439685376,84.3871688842773,141.963352966309,55.9192975554803,100.556474685669,86.114207131522,78.5568781033368,106.280873298645,92.1023326673006,109.86515045166,66.7190506783399,64.4622739862513,76.0899602042304,74.6574078020842,117.775398254395,109.637377799825,115.595862160266,69.4252273509211,19.868632024309,38.9530486980331,0,65.919054667155,8.35481592320493,24.1700845222904,205.092544555664,0,185.678070068359,77.189270564488,172.635437011719,0,0,140.19834168752,193.710823059082,191.582534790039,0,0,0,235.507598876953,169.880748748779,0,118.97935740153,0,0,0,0,124.187738591974,144.039505004883,142.914459228516,128.529500325521,0,166.83776473999,151.385175069173,135.845762716757,144.169329833984,145.040419006348,0,0,0,137.994045257568
59.7377891330467,62.4028321058854,66.1613706818508,74.1891513886999,113.188072858538,35.5579435560438,68.090434258984,90.8064460107258,60.0691546932831,95.7670877024812,100.828129774879,26.9632057652966,109.845531103746,59.7919448095424,55.7501280983754,103.808480626061,76.02280440475,43.594930999286,61.0906157295659,54.3476054118421,105.160893462425,43.0933176645696,71.1821148258229,49.0948853180658,93.430768011734,62.5255508422852,61.8165707005843,71.649156767912,73.457011373247,39.6465837492585,43.3477652395344,73.1872463924129,40.6016011581641,24.1700845222904,11.122871037184,132.023104349772,89.1256586710612,118.717346918015,82.4890686622033,124.232716151646,0,180.293497085571,153.784060738303,186.915861649947,146.178253173828,185.257942893288,128.567440795898,124.411069234212,93.0322681773793,183.158562554253,0,107.147145871763,138.035495503743,126.729030456543,121.321420033773,152.650530497233,122.757552010672,86.8929992675781,128.412441855983,141.014233059353,90.3483978618275,114.131524759928,111.321069560443,147.393940807094,165.021531581879,148.789649963379,131.990975952148,0,134.525484085083,150.262654622396
161.740936279297,234.094207763672,0,68.8541971842448,0,0,167.451053619385,138.75389584628,165.562456018784,60.2158584594727,157.191645902746,0,0,0,163.028677622477,0,137.089038085937,183.233818054199,0,156.300231933594,224.071716308594,141.003159659249,0,132.473831176758,126.442092217339,137.217056274414,0,181.379571914673,134.580697231605,155.214987754822,130.846105160921,0,211.996444702148,205.092544555664,132.023104349772,9.55553812167615,123.59283883231,112.136086581798,69.8661345527286,80.9416630084698,88.3399302164714,92.9762501325764,26.7376962050805,51.1137682586621,70.4629323058333,58.039686835517,104.255310380963,107.296240965525,140.278188069661,16.5925675976577,96.4225025177002,84.0685130528041,107.879980833634,126.909593938471,117.227511206339,91.9513518015544,73.4595524765724,78.4670804568699,97.4404262034098,70.4666720414773,121.456367492676,116.933282862596,122.253797648185,78.0186662043422,18.2333024252151,29.4800765518312,134.441482543945,87.6663619995117,44.1659727096558,68.0416689281222
0,60.2068557739258,77.7577858962022,50.7124403173273,0,0,0,0,145.331687927246,134.025093078613,0,99.8216247558594,0,102.066268920898,166.625701904297,0,120.546240234375,88.0727578943426,98.8008193969727,89.0906008206881,0,110.531829833984,81.0541797637939,98.5572695050921,150.327230181013,103.060757954915,86.6317785703219,74.8289047228765,148.358159383138,0,128.352554321289,123.91711807251,0,0,89.1256586710612,123.59283883231,7.03213660488426,43.3533379024929,12.8574930896378,95.8813898423139,139.961402893066,127.569256502039,118.282561807071,134.708881378174,74.9214181741372,145.486526489258,63.5866300142728,100.257809956868,49.2083554114065,129.678970336914,109.992851554573,55.1557006581624,49.7912837103974,67.8125332225453,59.0513290882111,0,83.7651897229646,23.0441942383456,55.5139769157477,83.1714207689301,21.5919695582984,47.1149447275977,25.2863433275435,108.431380271912,121.050982284546,109.145472208659,61.3717626756237,142.832366943359,97.6167831420898,63.8168481588364
205.697036743164,75.3911740920123,95.2557659605473,72.6373116970062,191.879419962565,0,178.530609130859,165.034337010877,185.461886405945,157.650802612305,205.703647613525,125.579449971517,0,0,191.503409830729,0,97.3698218209403,110.483294487,142.629364013672,112.621831893921,0,134.885711246067,80.7371821645963,103.316294352214,148.144495391846,123.483525594076,115.574164170485,94.0562566937445,159.632609776088,189.361129760742,155.144622215858,0,0,185.678070068359,118.717346918015,112.136086581798,43.3533379024929,16.9161947887288,49.4776568578971,126.571217480828,164.581336975098,129.528994864795,95.0594334472999,125.085990296149,114.405118942261,113.832571190488,122.617724577586,162.476861953735,87.9429445266724,123.436862114937,144.019965171814,79.2458587436501,43.3303290069563,85.5112311943718,64.8798501846638,147.743747234344,65.7153751089529,54.6104756220718,40.7981867977319,105.022731527748,91.5901069641113,36.1518198813573,36.4874445507953,92.1832223317434,131.576985043961,93.8325668189395,89.7043252242239,176.456878662109,120.760024437538,69.2135988852557
