10.3129044358163,126.480015345982,103.666967274592,69.0755004731436,89.269026517868,88.9770612716675,58.9396033637664,32.1115819921181,27.0852191999811,64.0972338938873,54.6866110133476,145.791124001527,79.4202787834301,154.996849060059,12.818974177086,61.3517786661784,141.638350592719,107.290571080448,148.457614474826,136.032955287053,77.1005364931547,80.361855481514,87.3164535522461,90.2695145784953,74.6704580259597,0,127.26254539912,127.579803290191,74.6591537884826,12.7891548413359,27.1315668999325,157.94596862793,66.4023265838623,46.0121435349987,88.2608944133177,148.19075012207,224.520721435547,176.80339050293,81.8176271915436,149.104099273682,0,154.862494913737,127.619194984436,157.686680908203,130.318084716797,153.994572957357,0,133.871475219727,0,165.128062438965,0,126.329561233521,201.494166056315,0,0,177.001749674479,0,93.2044499715169,239.650993347168,124.417651898933,0,198.376520792643,176.987066650391,142.817162513733,157.641019123357,147.270239023062,0,0,152.676053365072,166.928497314453
126.480015345982,6.56026505914353,35.915863445292,12.7698580250985,123.970909118652,109.771003723145,176.60270690918,122.492843151093,147.134063720703,69.5562829318112,154.509086608887,58.2128866183683,95.6963360126202,48.3941816149182,139.74475513805,103.021213531494,84.9781881479117,50.0077237799616,74.7053208527742,63.1880384366188,0,94.8769336700439,19.4515157091777,63.188739865555,77.3197761029005,26.7562624675079,44.7386895321511,32.4195885337204,97.9425917000606,120.222873546459,107.355437058669,77.6834515658292,0,97.0133392333984,66.0894675865173,0,106.787921905518,75.4803256988525,38.4385200647207,157.879611968994,0,158.397682189941,132.862686157227,0,108.877166748047,161.761308670044,140.918869018555,0,81.3101111019359,0,0,172.33984375,115.905637741089,146.216812133789,117.411682128906,170.816886901855,0,92.5658645629883,123.04106648763,127.26612368497,70.8363740709093,100.925335990058,110.456183334877,165.14835357666,0,99.2523193359375,87.0187759399414,0,0,180.856725056966
103.666967274592,35.915863445292,14.0911898273683,38.1155706041955,142.88342590332,175.149238586426,148.247268835704,103.368299983477,126.810963227288,109.302000863211,122.602942743912,85.8285297222352,144.700675161261,87.2632535137708,114.265376231266,152.856247901917,78.7527209016466,42.4531046128226,93.1980667114258,65.5559114115128,138.270030975342,66.4148807947615,46.5821144097093,23.3551800941508,116.015454521346,82.4905673435756,34.4806420853653,29.1524509652245,98.2272333632448,112.199924095817,88.3934277719677,86.2441020965576,158.853652954102,116.386404461331,61.57180888688,175.021977742513,127.746003957895,90.4819035163293,52.1352361282172,194.411224365234,0,206.535668945312,169.686976346103,202.954827202691,186.727600097656,212.540420532227,0,229.987228393555,128.057080078125,189.516840154474,0,113.56151491053,102.00291397548,127.501476287842,110.398137845491,0,127.41934114344,77.0627546037946,110.515313941742,171.842806816101,105.612007141113,94.8034184773763,94.9382110960637,156.141300060131,183.663444519043,155.91996946789,157.987640380859,0,200.544158935547,114.858293926905
69.0755004731436,12.7698580250985,38.1155706041955,10.0500857283852,75.1467917069145,123.834019978841,99.5045855907684,64.9753402951616,81.3044458622671,11.6623913327554,86.8230663670434,65.8663634424624,83.1520004272461,45.2196438442712,80.8338322547605,56.7552727785977,73.0073012527154,54.6845716068977,74.2540270861457,62.0985818398965,100.259283701579,75.2921314438184,30.4763028321656,72.6646295500965,37.779041460775,25.6928376390699,43.1900099236099,43.2301399400157,50.684433232577,68.3723071956266,52.9532305386338,73.4332036336263,83.6715393066406,50.9721229131321,66.2702574987806,86.0062790711721,111.850313822428,57.3753998633658,11.5000977973853,105.18332602761,133.206281026204,123.22189394633,82.0874263000488,105.546067867639,65.6249558585031,113.436158987192,83.0759862263997,143.247365315755,67.4886807032994,106.507740925268,0,56.2137948274612,73.5950697537126,122.201040267944,80.4165603236148,142.253067016602,99.6622848510742,73.7516979490008,89.1792310899304,62.9978779254931,58.1573886871338,65.1223414738973,72.9180592922185,70.8932136939122,97.8271623404629,86.5822214090599,92.7303797403971,139.633880615234,88.5598376347468,87.7007754399226
89.269026517868,123.970909118652,142.88342590332,75.1467917069145,8.89999003617848,0,73.403893182444,59.2584255510341,92.5423585224927,59.1055590710832,19.5979769968749,182.388397216797,20.1552945744605,192.578140258789,97.6854901994978,60.7670187759399,103.90779876709,155.64453125,0,0,10.3447375741529,125.728370666504,88.9516108194987,138.111183166504,29.2288586003157,148.287582397461,167.514775243299,141.902611442234,20.489213518193,97.0521880648784,84.4574764251709,194.901870727539,0,85.474443575231,101.514120508413,0,0,0,119.724366324289,13.4680311513937,0,156.112500508626,124.789463043213,156.54273223877,95.1262925800524,152.795515136719,0,20.5628307112332,0,184.501950073242,108.005409240723,0,223.61669921875,0,0,147.521120071411,0,144.729377746582,0,107.876281830202,207.574478149414,0,0,155.69220899499,173.609341430664,0,0,0,195.273788452148,201.075088500977
88.9770612716675,109.771003723145,175.149238586426,123.834019978841,0,5.92538656493975,11.8535482578135,106.551140679253,14.1682928152769,76.8077443440755,103.590315500895,61.6099580276844,99.4209038870675,78.6346395392167,22.5078007542442,13.4670981419448,0,148.958190917969,90.0339065551758,80.2834157943726,117.118751525879,173.931335449219,0,187.314483642578,117.573226928711,71.3952967325846,107.174533081055,141.829060872396,150.131593322754,19.7316546930722,118.275606427874,100.316032409668,8.79669028235738,143.49934387207,31.2208694279194,243.304565429688,0,0,125.072059631348,0,0,211.919586181641,0,178.365982055664,0,0,0,0,0,0,0,0,0,0,0,0,0,0,0,167.753662109375,0,0,0,0,197.307998657227,0,0,0,0,0
58.9396033637664,176.60270690918,148.247268835704,99.5045855907684,73.403893182444,11.8535482578135,7.42948007029328,56.9431976295942,16.5165842886377,88.7691931580052,29.1972568072357,74.7675378218941,17.6802049948811,103.504362435176,32.3192352477852,9.35551849017536,0,150.994591324418,111.245065307617,135.713100645277,32.736949289517,141.863961537679,119.804218292236,133.549456162886,92.0695070874864,0,168.699751620822,149.628026471819,80.777405623776,39.1513751893517,95.7948121597518,0,22.3391787947655,99.2022042274475,45.4475076746757,203.616607666016,0,181.543106079102,107.128530714247,157.600281579154,0,178.368354797363,151.37788772583,185.959265136719,222.85279083252,177.218840568296,0,171.64867401123,0,191.073580423991,0,129.62646484375,0,0,0,170.342503356934,0,0,239.861770629883,125.580814826779,0,242.052108764648,0,170.138397640652,193.728317260742,188.821441650391,0,0,150.072998046875,231.655044555664
32.1115819921181,122.492843151093,103.368299983477,64.9753402951616,59.2584255510341,106.551140679253,56.9431976295942,10.3017207825789,50.072619317227,57.3747484960609,14.6632644704362,170.174329610971,50.7740744071577,170.795722961426,42.0113087106848,74.1671535968781,101.351913960775,137.434364023135,176.425085449219,151.347580876844,69.9093272597702,70.5647791605916,90.4892014397515,82.7988696264255,58.3662905730999,0,136.620515368439,116.762587055508,33.7088334885338,60.4453828633208,18.5417614969463,174.38535954402,116.817337036133,65.4175495739041,93.5683027903239,147.947552490234,0,174.485204060872,78.138360118866,131.220502460704,0,144.22347574234,117.290578160967,147.678480660043,97.6699938774109,141.085252365976,0,145.15948838454,0,157.047718593052,0,138.690971374512,200.150440761021,0,201.972625732422,139.548805482926,206.877456665039,132.115152994792,162.507259368896,102.628653231534,0,197.81883070204,163.759554776278,132.129622196127,163.136900970901,158.607432556152,0,206.659606933594,164.384997558594,157.346668879191
27.0852191999811,147.134063720703,126.810963227288,81.3044458622671,92.5423585224927,14.1682928152769,16.5165842886377,50.072619317227,11.9413990705145,80.662693052746,31.2207306775271,82.6988088668339,32.5709789763738,107.336166895353,14.9383739839451,25.0234340684321,138.46724319458,131.572451118085,114.163876409116,154.393778701056,87.5966825212751,105.405545594262,114.134777492947,114.392740673057,83.3298469731205,104.115089416504,147.773302954297,143.755088738184,81.1144698760794,29.9959820602671,73.2105670558248,161.328074645996,14.3424666177641,78.9025875971868,48.3507645547321,159.559901428223,155.611175537109,203.957107543945,96.9709556921205,148.158856588697,0,161.940621544333,145.64906839224,168.230425674303,119.269799041748,159.555723031362,0,156.183486938477,0,183.262438651843,0,157.090274810791,219.267913818359,0,0,152.482888539632,167.353004455566,153.670385742188,190.465785980225,124.449081670225,215.725105285645,224.060188293457,201.953295898437,149.063870998439,181.184588001893,173.459317720853,0,0,166.912470890925,175.528448856238
64.0972338938873,69.5562829318112,109.302000863211,11.6623913327554,59.1055590710832,76.8077443440755,88.7691931580052,57.3747484960609,80.662693052746,8.64106537776231,73.9893451637936,137.736532512464,12.3675454687099,130.361836274465,78.4500967236528,21.6829354063495,73.58456829616,122.945886948529,147.096832275391,153.668758138021,62.9822411188265,78.3099478721619,31.9944546746224,90.9092309691689,22.1279465512768,113.532996914911,134.604540723435,112.802698142068,51.7114934677745,63.5960009924571,50.1697181037602,159.302563137478,134.104312896729,49.4075358534034,64.4235802954816,115.741847991943,198.71142578125,135.518193562826,38.4778374796328,92.9172350565592,0,110.632443514737,89.4034761282114,104.823205947876,47.1250385284424,113.212423424972,0,90.4644775390625,202.546951293945,120.086917877197,53.3551559448242,0,0,232.124420166016,167.173179626465,100.996773613824,0,99.5362243652344,140.736284891764,60.6582652653489,0,207.391799926758,97.8911590576172,91.3973880343967,133.868662027212,103.654127120972,0,0,135.946440378825,120.320846557617
54.6866110133476,154.509086608887,122.602942743912,86.8230663670434,19.5979769968749,103.590315500895,29.1972568072357,14.6632644704362,31.2207306775271,73.9893451637936,10.6727989124116,167.621824565687,22.1044224028452,183.405371348063,58.2123987505303,65.0443721540046,106.463481140137,141.387429046631,151.948822021484,167.91642018911,16.7235751823897,99.1943352563041,123.947605357451,107.247204614516,65.6239434419241,176.417144775391,150.873310793504,135.039961695671,26.2863995269438,79.7614795804341,61.7117822575119,181.565452575684,112.672749296148,77.5673390842924,88.556586346223,175.051658630371,0,196.573083496094,111.742662338983,71.2225707069582,0,157.247545166016,136.506020796926,161.051612712719,105.571815321181,159.123811929876,236.731399536133,130.490147454398,0,184.884982299805,125.841572352818,161.204200744629,0,0,217.361557006836,147.65456088384,201.673614501953,184.310760498047,199.752655029297,117.030012921589,213.40355682373,190.976901245117,189.836402893066,150.557311058044,183.528644016811,172.42618560791,0,0,227.678176879883,192.786782836914
145.791124001527,58.2128866183683,85.8285297222352,65.8663634424624,182.388397216797,61.6099580276844,74.7675378218941,170.174329610971,82.6988088668339,137.736532512464,167.621824565687,12.3451801335815,117.269877115885,20.289380531193,114.264484673216,134.995006561279,136.146484375,47.1855745180215,30.1386405587475,22.6418603553396,194.505889892578,97.6431861290565,103.234090532575,91.3020890008836,166.392997741699,23.0857632689387,25.39739627452,60.7662643097359,160.406684875488,62.3448272518873,115.688016665879,31.2643666851123,59.1030808258057,124.40175819397,29.1546728719383,0,0,152.125915527344,67.6777633218204,0,0,0,0,0,136.830108642578,0,74.801828596327,0,73.3528738994988,0,0,0,154.324180603027,109.89474773407,128.146212259928,0,0,106.427845001221,0,227.622627258301,65.3047545750936,108.3647636131,109.089514788459,211.912231445312,144.460052490234,0,95.1023655941612,0,0,124.785226821899
79.4202787834301,95.6963360126202,144.700675161261,83.1520004272461,20.1552945744605,99.4209038870675,17.6802049948811,50.7740744071577,32.5709789763738,12.3675454687099,22.1044224028452,117.269877115885,9.2237878476389,162.835479736328,86.2039336940841,9.43894080682234,0,191.646838378906,0,0,12.2243935903297,148.09267171224,68.3086976339651,133.571852207184,29.1669689307133,132.429992675781,170.563078744071,156.101013183594,43.3694808924058,87.0509300589282,87.2597786398495,0,89.7042433420817,86.1769737243652,90.5170211226852,0,0,244.750534057617,0,47.7182146240683,0,165.692470550537,137.525291442871,181.634407043457,85.6916913119229,142.266334982479,0,92.4398932890459,0,160.903228759766,92.3227081298828,240.848388671875,209.86767578125,0,0,149.63695526123,0,0,0,102.330985665321,0,0,0,148.758009477095,176.102645874023,0,0,0,0,0
154.996849060059,48.3941816149182,87.2632535137708,45.2196438442712,192.578140258789,78.6346395392167,103.504362435176,170.795722961426,107.336166895353,130.361836274465,183.405371348063,20.289380531193,162.835479736328,7.94598733825712,135.560235110196,0,0,77.2234593033791,47.9469074706016,53.23147770019,0,128.447845458984,87.9299291757437,115.667502304603,149.860360860825,18.31678623286,38.8805516119127,27.0636073592645,178.242541721889,74.685025512195,150.665468488421,20.5638132348852,76.2515029907227,134.059562683105,52.3255575654565,0,93.1698558641517,169.673110961914,46.6779315306409,0,0,175.001602172852,0,0,159.984201049805,229.004409790039,79.243000793457,0,61.2112237904473,206.683853149414,0,178.206878662109,179.663459777832,97.2833087397557,108.512913174099,220.268081665039,0,117.828879038493,193.962799072266,161.87459564209,53.1205095553075,88.2846292361879,91.6964760739267,194.173461914062,0,189.802612304688,83.7416683271819,0,0,98.0482722691127
12.818974177086,139.74475513805,114.265376231266,80.8338322547605,97.6854901994978,22.5078007542442,32.3192352477852,42.0113087106848,14.9383739839451,78.4500967236528,58.2123987505303,114.264484673216,86.2039336940841,135.560235110196,7.9744504570975,35.1427109412898,124.184906959534,122.628518035275,151.946049826486,150.028218359921,89.3625586522769,89.9301345896833,97.1048441706477,97.0366689530545,84.9672630279903,88.5971641540527,139.152674876059,137.471847376511,84.2957244191629,19.0474128024355,46.921010247932,163.252639076926,14.344202291707,64.45765617595,48.158056424134,157.44031829834,0,193.682864849384,92.6269244682498,151.61619352683,0,165.751524998591,141.003202679514,168.798760324154,173.67667388916,166.164046334748,0,154.227648925781,163.672454833984,174.697145866625,198.147171020508,173.678631591797,213.013403756278,0,0,164.813226873224,0,113.89070892334,187.654421292819,129.668153860055,0,207.671121450571,185.48962688446,147.467990698404,176.083558282932,161.533049363356,0,197.970001220703,176.529881795247,172.171352988795
61.3517786661784,103.021213531494,152.856247901917,56.7552727785977,60.7670187759399,13.4670981419448,9.35551849017536,74.1671535968781,25.0234340684321,21.6829354063495,65.0443721540046,134.995006561279,9.43894080682234,0,35.1427109412898,7.17003913082503,0,112.970516204834,0,0,55.1530500860775,108.17951965332,74.5472934650925,124.542661031087,46.4264198135981,0,155.947121360085,168.071560668945,79.9574381162042,58.6540235613213,100.352004051208,194.920120239258,37.3916197401105,89.1730766296387,24.7530560713548,0,0,0,0,0,0,121.187705993652,0,0,67.2720718383789,157.037679036458,0,0,0,0,90.3819274902344,0,0,0,0,170.353164672852,0,0,0,148.086116027832,0,0,0,0,0,0,0,0,0,0
141.638350592719,84.9781881479117,78.7527209016466,73.0073012527154,103.90779876709,0,0,101.351913960775,138.46724319458,73.58456829616,106.463481140137,136.146484375,0,0,124.184906959534,0,12.7772933105253,97.2260375355565,0,134.67017364502,74.668212890625,28.4794012473309,26.5751407453232,24.4713152466705,34.351371373033,143.601593017578,116.116622552639,26.5116156918932,45.297464987936,92.4610450744629,61.5897730573431,0,0,70.8179829915365,76.7363822293569,120.570411682129,0,106.863300959269,117.480777740479,0,0,0,157.386293411255,0,0,0,0,0,0,163.724395751953,0,96.4297267368862,138.485982894897,0,162.288391113281,0,112.300547122955,51.7560323492273,95.1212804823655,116.944968541463,0,157.62453918457,97.2236319207526,123.103365325928,161.536275227865,119.967700958252,0,0,0,114.168491363525
107.290571080448,50.0077237799616,42.4531046128226,54.6845716068977,155.64453125,148.958190917969,150.994591324418,137.434364023135,131.572451118085,122.945886948529,141.387429046631,47.1855745180215,191.646838378906,77.2234593033791,122.628518035275,112.970516204834,97.2260375355565,9.79983630676546,46.8051208794117,27.7294132142354,194.072845458984,60.8291069249349,76.5617918614988,20.9523258567938,130.415043585641,67.3068589782715,31.9156182902644,64.7451929451209,125.853844149801,101.542109868675,84.1942868438282,86.4844925220196,131.875315856934,90.1929943213302,39.8754496827613,159.086555480957,132.025446573893,106.632870364499,66.5127005693389,207.011993408203,0,0,192.997027587891,198.825080871582,0,213.53466796875,140.18282699585,0,135.971267700195,185.549087524414,0,163.115251813616,116.858588094297,135.998676845006,127.177889310397,239.685943603516,165.857498168945,100.602624681261,129.812908836033,171.34231262207,95.6387710571289,109.05052805979,114.185562723051,138.319770812988,203.145360310872,179.125162298029,141.368576049805,0,0,118.602795028687
148.457614474826,74.7053208527742,93.1980667114258,74.2540270861457,0,90.0339065551758,111.245065307617,176.425085449219,114.163876409116,147.096832275391,151.948822021484,30.1386405587475,0,47.9469074706016,151.946049826486,0,0,46.8051208794117,7.64200672555855,12.5948313974508,0,110.40340423584,114.485480088454,101.85034804874,0,44.5600574371663,20.3906647675853,62.611514784495,149.213341712952,94.8412956358895,124.421146665301,45.1821737492338,93.3865831163194,122.501057942708,59.8342801990569,0,126.459790547689,0,100.621731228299,0,0,0,0,0,0,0,114.820082528251,0,94.0278175755551,0,0,0,0,108.423344506158,118.088140699599,217.305389404297,0,0,202.348236083984,0,92.6006767272949,104.543776138969,110.800179179122,0,0,0,111.279841105143,0,0,126.048179626465
136.032955287053,63.1880384366188,65.5559114115128,62.0985818398965,0,80.2834157943726,135.713100645277,151.347580876844,154.393778701056,153.668758138021,167.91642018911,22.6418603553396,0,53.23147770019,150.028218359921,0,134.67017364502,27.7294132142354,12.5948313974508,8.56151792023605,179.544403076172,98.3056232260286,112.00655907525,84.4943087246042,159.151143294114,50.130204583292,21.3136906350508,66.331073515194,146.337193348369,116.780168446364,111.778415657881,52.2226378059387,100.831501960754,106.474246245164,47.5803961449664,180.519241333008,118.917560577393,142.833662986755,79.4298130459256,0,0,0,176.290344238281,232.744018554688,0,228.608520507812,107.405187818739,0,107.758014092079,216.3154296875,0,165.245223999023,139.741540796617,109.373510163406,111.368722346791,0,155.197372436523,178.344787597656,143.868556976318,192.633731842041,80.4126365661621,105.379997636013,110.16941979704,216.003021240234,189.14729309082,227.857879638672,131.000396728516,0,0,136.980323389957
77.1005364931547,0,138.270030975342,100.259283701579,10.3447375741529,117.118751525879,32.736949289517,69.9093272597702,87.5966825212751,62.9822411188265,16.7235751823897,194.505889892578,12.2243935903297,0,89.3625586522769,55.1530500860775,74.668212890625,194.072845458984,0,179.544403076172,9.09078784711433,0,100.997513453166,146.850873674665,37.5532372174044,0,178.772510528564,157.395108904157,31.3707422219627,93.4543770565076,96.1007191051136,221.066741943359,124.950607299805,98.0094749450684,97.8338527410803,0,0,0,103.181480407715,23.7676945060047,0,161.94338117327,144.966451009115,179.865735735212,94.6199003855387,153.320806884766,0,29.3299239794413,0,0,91.7428817749023,158.535949707031,0,0,0,151.081176757812,0,122.483322143555,144.747421264648,110.213957090636,0,0,221.249504089355,150.582448196411,194.38075764974,0,0,0,0,177.599853515625
80.361855481514,94.8769336700439,66.4148807947615,75.2921314438184,125.728370666504,173.931335449219,141.863961537679,70.5647791605916,105.405545594262,78.3099478721619,99.1943352563041,97.6431861290565,148.09267171224,128.447845458984,89.9301345896833,108.17951965332,28.4794012473309,60.8291069249349,110.40340423584,98.3056232260286,0,10.0677597334648,43.5613667049555,25.2479427400623,51.993377427788,130.902420043945,109.604381500244,79.1453292049579,22.3543608504515,63.4717284917831,26.7972310099908,0,0,48.407402296324,43.1349038054965,119.118841552734,0,143.09582901001,88.457181930542,0,0,145.862640380859,126.262153625488,157.069122314453,59.7303657531738,178.619079589844,0,221.278945922852,0,165.72075007512,0,101.416870625814,173.166244506836,0,231.906883239746,0,114.707265218099,60.1861283545401,118.240722002302,127.518818749322,0,177.2685546875,148.882972717285,129.494075068721,149.865730285645,123.486376953125,0,0,126.135108947754,136.838511657715
87.3164535522461,19.4515157091777,46.5821144097093,30.4763028321656,88.9516108194987,0,119.804218292236,90.4892014397515,114.134777492947,31.9944546746224,123.947605357451,103.234090532575,68.3086976339651,87.9299291757437,97.1048441706477,74.5472934650925,26.5751407453232,76.5617918614988,114.485480088454,112.00655907525,100.997513453166,43.5613667049555,8.83342006034965,49.902826707624,31.4508257447314,74.3334079994766,93.9318688536344,31.079050062379,53.9892222624069,78.9104521974118,51.2526260810562,112.325614929199,0,53.6429066407053,67.9355274467398,88.8723504202706,99.1126708984375,55.997874553387,16.8568056683208,155.523242950439,0,147.04840196882,128.434753417969,151.29181260329,97.0061061382294,144.749191647484,0,124.074671936035,125.349957275391,126.030487060547,0,59.9266336147602,105.963720321655,187.134124755859,123.075422286987,142.272419322621,67.1617289150462,10.0010924582128,62.1866467152167,92.7057623571279,75.1063766479492,139.211837074973,64.6237798607868,73.1740563132546,113.721132986886,78.6732953093773,0,0,0,88.2268442007212
90.2695145784953,63.188739865555,23.3551800941508,72.6646295500965,138.111183166504,187.314483642578,133.549456162886,82.7988696264255,114.392740673057,90.9092309691689,107.247204614516,91.3020890008836,133.571852207184,115.667502304603,97.0366689530545,124.542661031087,24.4713152466705,20.9523258567938,101.85034804874,84.4943087246042,146.850873674665,25.2479427400623,49.902826707624,15.3623068329482,77.5187420312603,110.034788767497,66.177739097153,44.8553738954134,54.0960329172053,84.1129018051889,53.2369329104335,114.3727280753,165.299343109131,69.7940693905479,46.1594594136249,163.455924987793,0,105.05193495869,94.4815751938593,161.690048217773,0,173.165939331055,174.313179863824,206.576887003581,0,182.99774991549,0,0,143.518035888672,189.793358542702,0,102.792144504845,124.331456709881,0,141.859407212999,195.962936401367,124.233316385521,62.3436397473837,106.382305230169,139.185955711033,0,130.494035050676,106.310013228927,147.917417862836,189.584521418032,137.100289595755,0,214.067672729492,163.657246907552,131.518485450745
74.6704580259597,77.3197761029005,116.015454521346,37.779041460775,29.2288586003157,117.573226928711,92.0695070874864,58.3662905730999,83.3298469731205,22.1279465512768,65.6239434419241,166.392997741699,29.1669689307133,149.860360860825,84.9672630279903,46.4264198135981,34.351371373033,130.415043585641,0,159.151143294114,37.5532372174044,51.993377427788,31.4508257447314,77.5187420312603,11.3711518500042,126.543877049496,142.580002233661,79.6742387299729,29.3734687870775,72.9538842817578,59.2927247082315,166.935677664621,127.24689356486,61.3119573727776,75.8653061227275,135.861461119218,153.28932800293,158.992782211304,65.5003349381655,109.951530064084,188.858245849609,129.864546045764,114.791199835416,136.662845409022,74.3453780373374,126.029842879924,210.611328125,104.452571159185,199.281483968099,151.555160120914,98.6263449532645,117.029594421387,195.756999206543,203.343086242676,194.350234985352,121.146578587523,166.528999328613,94.2387076616287,146.108765386766,89.6065306342328,179.662712097168,193.45570518857,149.899828018681,117.082452507611,143.962021476344,141.995530366898,0,177.745564778646,132.503667122977,142.432917186192
0,26.7562624675079,82.4905673435756,25.6928376390699,148.287582397461,71.3952967325846,0,0,104.115089416504,113.532996914911,176.417144775391,23.0857632689387,132.429992675781,18.31678623286,88.5971641540527,0,143.601593017578,67.3068589782715,44.5600574371663,50.130204583292,0,130.902420043945,74.3334079994766,110.034788767497,126.543877049496,9.69387753734039,33.2404159275261,24.4542047761222,154.302003860474,95.6008686489529,166.619323730469,46.4570188319429,0,132.830444335938,62.3709789981013,0,83.3880805969238,0,30.8364101878384,0,0,0,0,0,152.530563354492,213.729881286621,73.4208129600242,0,57.7862086210932,0,0,174.171310424805,139.401134490967,80.5604964546535,84.2785370566628,220.230834960938,0,117.647190856934,0,144.653179168701,48.9935722553984,80.0812561192463,81.2967033115685,0,0,0,78.7908157579827,0,0,97.4670054117839
127.26254539912,44.7386895321511,34.4806420853653,43.1900099236099,167.514775243299,107.174533081055,168.699751620822,136.620515368439,147.773302954297,134.604540723435,150.873310793504,25.39739627452,170.563078744071,38.8805516119127,139.152674876059,155.947121360085,116.116622552639,31.9156182902644,20.3906647675853,21.3136906350508,178.772510528564,109.604381500244,93.9318688536344,66.177739097153,142.580002233661,33.2404159275261,11.4536295581026,31.9521792802675,142.033175853382,126.036671905282,114.52936509315,32.637510348783,77.8612518310547,131.718556365967,65.2933135738895,185.884716033936,116.801861524582,122.726801387599,57.9423298835754,181.648056030273,0,235.027252197266,197.129886203342,211.208015441895,189.253304617746,219.433911641439,100.242332285101,227.55419921875,96.7031617872786,203.069522633272,0,163.16625213623,108.040196784865,99.4187064867341,103.229674738104,0,147.535289764404,150.483669574444,141.728385755751,213.243982488459,86.6994826528761,94.9564587783813,97.8382420995214,197.93605695452,187.779860103832,172.660045078823,111.287800162179,0,231.34748840332,111.951411097503
127.579803290191,32.4195885337204,29.1524509652245,43.2301399400157,141.902611442234,141.829060872396,149.628026471819,116.762587055508,143.755088738184,112.802698142068,135.039961695671,60.7662643097359,156.101013183594,27.0636073592645,137.471847376511,168.071560668945,26.5116156918932,64.7451929451209,62.611514784495,66.331073515194,157.395108904157,79.1453292049579,31.079050062379,44.8553738954134,79.6742387299729,24.4542047761222,31.9521792802675,13.8504681074859,82.6846230369543,130.830509019378,108.768050553839,18.6176430844189,147.777220408122,122.527862940079,73.5206240155878,171.852266947428,124.617839050293,97.8395531753014,63.009056004403,205.274620056152,0,184.421139526367,175.003609934161,195.504889933268,175.466705322266,212.912509155273,108.858164898761,215.254257202148,96.0293717713192,189.50194867452,0,104.708865869241,114.443969848633,106.165013079373,112.490239151386,236.745964050293,135.611747987809,70.5625651199206,109.730070524127,155.828274408976,90.303396778722,101.789541127348,102.318478058496,163.705579173808,182.243159521194,158.697594404221,110.286334257859,165.90544128418,169.841517130534,122.291223827161
74.6591537884826,97.9425917000606,98.2272333632448,50.684433232577,20.489213518193,150.131593322754,80.777405623776,33.7088334885338,81.1144698760794,51.7114934677745,26.2863995269438,160.406684875488,43.3694808924058,178.242541721889,84.2957244191629,79.9574381162042,45.297464987936,125.853844149801,149.213341712952,146.337193348369,31.3707422219627,22.3543608504515,53.9892222624069,54.0960329172053,29.3734687870775,154.302003860474,142.033175853382,82.6846230369543,11.522399115552,77.5473715357096,30.5837633573352,179.583103724888,132.95951461792,64.1650806274943,65.5889285133646,132.252241270883,156.126190185547,164.19172223409,69.9748568957365,55.3952086589955,0,143.973255102185,119.25820134195,149.873960040864,100.305219349108,144.257635223389,229.338066101074,99.4322414398193,201.507537841797,155.62257815079,111.845729827881,105.638138180687,195.556908743722,0,0,140.462994355422,145.33247089386,87.7056436846333,143.92376336386,102.183061236427,216.696309407552,192.557793617249,158.868614408705,126.273070501245,146.499610561108,129.838678404342,0,167.047286987305,126.768652997698,144.846236092704
12.7891548413359,120.222873546459,112.199924095817,68.3723071956266,97.0521880648784,19.7316546930722,39.1513751893517,60.4453828633208,29.9959820602671,63.5960009924571,79.7614795804341,62.3448272518873,87.0509300589282,74.685025512195,19.0474128024355,58.6540235613213,92.4610450744629,101.542109868675,94.8412956358895,116.780168446364,93.4543770565076,63.4717284917831,78.9104521974118,84.1129018051889,72.9538842817578,95.6008686489529,126.036671905282,130.830509019378,77.5473715357096,8.0806345755015,21.1336743223656,109.469101539025,9.49921749422944,10.9003148623087,30.9510571341421,155.293515275164,0,180.747683438388,87.9693603515625,155.510579950669,192.154403686523,158.381838378906,136.995554415979,164.3269216265,126.14533551534,161.692689375444,0,145.370493570964,91.2445068359375,165.223096798628,208.535903930664,138.419343214769,207.502161661784,242.82958984375,222.825241088867,169.492677052816,188.245546976725,148.119148254395,163.804337056478,123.629682458916,158.290096282959,195.777801513672,196.857881673177,139.725221564971,163.004322528839,144.629418134689,0,192.147003173828,142.908444722493,157.498772184728
27.1315668999325,107.355437058669,88.3934277719677,52.9532305386338,84.4574764251709,118.275606427874,95.7948121597518,18.5417614969463,73.2105670558248,50.1697181037602,61.7117822575119,115.688016665879,87.2597786398495,150.665468488421,46.921010247932,100.352004051208,61.5897730573431,84.1942868438282,124.421146665301,111.778415657881,96.1007191051136,26.7972310099908,51.2526260810562,53.2369329104335,59.2927247082315,166.619323730469,114.52936509315,108.768050553839,30.5837633573352,21.1336743223656,9.70749144916611,151.798587799072,129.554972330729,39.0016823095935,37.2511129553731,132.96305744068,178.908317565918,168.913750784738,73.3416019502233,137.76268641154,0,154.021772766113,130.440425327846,157.552034612288,101.999787330627,143.259588050842,0,222.843002319336,202.269592285156,151.593327331543,113.611907958984,104.9363216478,184.324278089735,0,206.494812011719,148.569478352865,127.556932067871,69.115569976439,131.739393870036,109.859254665717,0,186.036950683594,156.836124297111,115.067186318911,142.820686958932,126.825191624959,0,0,130.541809399923,136.684108734131
157.94596862793,77.6834515658292,86.2441020965576,73.4332036336263,194.901870727539,100.316032409668,0,174.38535954402,161.328074645996,159.302563137478,181.565452575684,31.2643666851123,0,20.5638132348852,163.252639076926,194.920120239258,0,86.4844925220196,45.1821737492338,52.2226378059387,221.066741943359,0,112.325614929199,114.3727280753,166.935677664621,46.4570188319429,32.637510348783,18.6176430844189,179.583103724888,109.469101539025,151.798587799072,5.65312594402898,101.459983825684,161.34245300293,70.7012279992816,0,0,0,66.7168407440186,0,0,0,0,168.082015991211,0,0,104.314115524292,0,97.0513188498361,0,0,0,151.575134277344,110.001398953525,117.622681935628,0,0,163.549057006836,0,0,81.2889542352586,108.880522507888,112.341644848094,0,0,0,112.038138580322,0,0,101.867835998535
66.4023265838623,0,158.853652954102,83.6715393066406,0,8.79669028235738,22.3391787947655,116.817337036133,14.3424666177641,134.104312896729,112.672749296148,59.1030808258057,89.7042433420817,76.2515029907227,14.344202291707,37.3916197401105,0,131.875315856934,93.3865831163194,100.831501960754,124.950607299805,0,0,165.299343109131,127.24689356486,0,77.8612518310547,147.777220408122,132.95951461792,9.49921749422944,129.554972330729,101.459983825684,4.70495855564817,134.20198059082,29.9099869904695,0,0,0,0,0,0,0,0,212.37378692627,0,0,0,0,0,208.828079223633,0,0,0,0,0,0,0,0,0,175.20100402832,0,0,0,190.529083251953,0,195.205856323242,0,0,0,0
46.0121435349987,97.0133392333984,116.386404461331,50.9721229131321,85.474443575231,143.49934387207,99.2022042274475,65.4175495739041,78.9025875971868,49.4075358534034,77.5673390842924,124.40175819397,86.1769737243652,134.059562683105,64.45765617595,89.1730766296387,70.8179829915365,90.1929943213302,122.501057942708,106.474246245164,98.0094749450684,48.407402296324,53.6429066407053,69.7940693905479,61.3119573727776,132.830444335938,131.718556365967,122.527862940079,64.1650806274943,10.9003148623087,39.0016823095935,161.34245300293,134.20198059082,7.12946098204322,31.4243004572816,132.067051591544,0,138.559809366862,69.2298921724645,128.904415675572,0,149.873802185059,142.881183330829,151.171184539795,68.7037925720215,159.787731170654,0,171.616096496582,0,151.327723658362,0,114.225785827637,219.505081176758,0,206.784057617188,158.132583618164,162.50358581543,76.6355934143066,148.160845075335,112.535394556382,174.51513671875,172.515090942383,159.541525268555,123.661609117375,148.59126080407,135.948625417856,0,0,135.977398872375,146.772966238169
88.2608944133177,66.0894675865173,61.57180888688,66.2702574987806,101.514120508413,31.2208694279194,45.4475076746757,93.5683027903239,48.3507645547321,64.4235802954816,88.556586346223,29.1546728719383,90.5170211226852,52.3255575654565,48.158056424134,24.7530560713548,76.7363822293569,39.8754496827613,59.8342801990569,47.5803961449664,97.8338527410803,43.1349038054965,67.9355274467398,46.1594594136249,75.8653061227275,62.3709789981013,65.2933135738895,73.5206240155878,65.5889285133646,30.9510571341421,37.2511129553731,70.7012279992816,29.9099869904695,31.4243004572816,13.1018191018018,155.258187561035,136.933297475179,118.647495937347,85.2798462781039,153.982125600179,197.659515380859,180.627578735352,147.625875006782,168.486621338644,164.734762827555,170.142476230197,157.405410766602,173.841873168945,118.832996622721,173.392859290628,0,122.732378729459,134.474577243512,136.856261444092,133.889560552744,170.776262919108,142.980048684513,72.9113475965417,125.758706247705,126.183890303945,104.0659643809,122.61926777168,123.236318854566,135.113041821648,162.453212802693,157.868594015798,113.605617523193,166.743896484375,160.675956726074,162.251999773298
148.19075012207,0,175.021977742513,86.0062790711721,0,243.304565429688,203.616607666016,147.947552490234,159.559901428223,115.741847991943,175.051658630371,0,0,0,157.44031829834,0,120.570411682129,159.086555480957,0,180.519241333008,0,119.118841552734,88.8723504202706,163.455924987793,135.861461119218,0,185.884716033936,171.852266947428,132.252241270883,155.293515275164,132.96305744068,0,0,132.067051591544,155.258187561035,9.72908986478082,127.862162181309,110.378430149011,75.0879539372371,93.4577486442797,71.5069961547852,92.4689944662699,17.8191314268337,42.9184384249786,68.7092580956928,78.2306264171976,130.623106139047,121.200447559357,149.702204810248,22.1346408763449,95.2237148284912,90.8378626915716,106.77575221375,141.040249363069,126.101791466607,95.3628877003988,77.946688449744,78.3967074477882,98.0155797463876,75.8099256837872,143.052032470703,132.51884763203,133.255947352335,82.2751721536837,26.5959457702243,22.2375176413057,199.112342834473,89.953601360321,36.0396736593807,69.0610911922779
224.520721435547,106.787921905518,127.746003957895,111.850313822428,0,0,0,0,155.611175537109,198.71142578125,0,0,0,93.1698558641517,0,0,0,132.025446573893,126.459790547689,118.917560577393,0,0,99.1126708984375,0,153.28932800293,83.3880805969238,116.801861524582,124.617839050293,156.126190185547,0,178.908317565918,0,0,0,136.933297475179,127.862162181309,9.87923514454615,41.9635809929464,21.4777662743295,135.786445617676,143.250946044922,178.548080444336,130.102944268121,147.483561621772,75.5040750356821,160.607400417328,72.9770545612682,123.663366317749,62.0257476124011,145.095713411059,120.553475119851,63.2475845554897,56.7954590628731,75.1483766436577,59.9305819127309,0,94.3146256080041,23.5045108311478,69.6691076832433,97.6201402229692,26.84253977684,51.2090333017071,36.5988111962132,117.792807212243,136.356197020587,116.046563010546,80.7020649909973,97.9319496154785,114.327228001186,60.4020756856149
176.80339050293,75.4803256988525,90.4819035163293,57.3753998633658,0,0,181.543106079102,174.485204060872,203.957107543945,135.518193562826,196.573083496094,152.125915527344,244.750534057617,169.673110961914,193.682864849384,0,106.863300959269,106.632870364499,0,142.833662986755,0,143.09582901001,55.997874553387,105.05193495869,158.992782211304,0,122.726801387599,97.8395531753014,164.19172223409,180.747683438388,168.913750784738,0,0,138.559809366862,118.647495937347,110.378430149011,41.9635809929464,11.9155734258641,42.8584891363696,131.286935997009,141.315349578857,133.569983974723,95.8234811142268,126.362475243684,110.359365554083,118.417519787014,110.586146036784,151.799090385437,131.217782156808,121.02249107219,132.821469116211,82.9524164304628,37.0725714465896,96.7921531872872,67.6438284121297,129.633378421559,58.5533284061744,46.3995242287268,28.16916399075,106.567310333252,80.7417945861816,34.0867622789218,28.3612190464623,83.0435802420179,136.18760849082,86.9705223559358,93.7089874267578,0,109.627831988864,66.3025217547671
81.8176271915436,38.4385200647207,52.1352361282172,11.5000977973853,119.724366324289,125.072059631348,107.128530714247,78.138360118866,96.9709556921205,38.4778374796328,111.742662338983,67.6777633218204,0,46.6779315306409,92.6269244682498,0,117.480777740479,66.5127005693389,100.621731228299,79.4298130459256,103.181480407715,88.457181930542,16.8568056683208,94.4815751938593,65.5003349381655,30.8364101878384,57.9423298835754,63.009056004403,69.9748568957365,87.9693603515625,73.3416019502233,66.7168407440186,0,69.2298921724645,85.2798462781039,75.0879539372371,21.4777662743295,42.8584891363696,19.5712208919697,64.1782837671949,131.107137044271,88.9795043453094,78.8178077686901,90.3433339653199,34.4439072153088,88.9758998901246,64.0842111797233,100.892973899841,42.0249959824192,92.2728398393444,81.2019373575846,61.1653771263091,56.5492484161006,61.1047878265381,61.1578994359885,84.4715399212307,96.1502125491003,43.463525357425,64.916626727133,39.4953731464276,25.5330725595874,47.5432697758022,46.8967730933232,66.6631103355826,87.3330955606289,81.1885994206304,63.3756094952019,122.527020263672,69.4655935450118,67.4331308083591
149.104099273682,157.879611968994,194.411224365234,105.18332602761,13.4680311513937,0,157.600281579154,131.220502460704,148.158856588697,92.9172350565592,71.2225707069582,0,47.7182146240683,0,151.61619352683,0,0,207.011993408203,0,0,23.7676945060047,0,155.523242950439,161.690048217773,109.951530064084,0,181.648056030273,205.274620056152,55.3952086589955,155.510579950669,137.76268641154,0,0,128.904415675572,153.982125600179,93.4577486442797,135.786445617676,131.286935997009,64.1782837671949,8.66130266885205,120.035999298096,60.7501134473224,70.3598996186868,91.1315823458047,54.721786040426,22.6504573849186,177.086208343506,28.3304902767036,204.561676025391,109.321754338641,60.4571294516445,74.3915325164795,150.449715023949,201.156723022461,180.665789794922,11.2557128266383,136.221272786458,76.1281997680664,133.710231946862,18.8031824023208,175.267069498698,153.846111644398,131.255671781652,23.6398421426856,105.790096640188,94.122265797741,0,125.412572224935,91.2873314448765,108.521040267944
