12.7556858741196,90.4607632954915,76.587507016931,77.5972866550569,89.5843900044759,68.1800487518311,63.2220975179521,21.1184520447317,28.6161717262465,68.588159720103,24.4090782477532,104.569449518768,121.553268432617,114.444329579671,13.4517411981428,60.4967255592346,93.4023259480794,81.0537165149964,112.28975303218,101.137023978398,74.9797029495239,64.135362612058,72.0474561544565,73.518026072046,79.3366394042969,0,100.944251026827,109.074582880194,75.1143592438608,14.7362343133614,24.1415695688428,129.937629699707,79.6427559322781,20.9386920252362,64.223594084143,0,125.684310913086,141.528235117594,93.9151789347331,0,0,0,119.473871866862,136.344635009766,71.6209190368652,197.095016479492,0,178.192474365234,0,169.691190719604,0,96.0673065185547,146.180725097656,0,157.831909179688,0,0,85.9370517730713,141.258345603943,110.29027557373,0,151.335038321359,149.211380794131,118.653347015381,115.608982086182,116.1491154262,0,0,98.8970718383789,159.255359649658
90.4607632954915,9.12083313209045,38.1298134673725,14.0758321592466,103.654584248861,137.029048919678,127.04984664917,110.917031012641,124.189493179321,72.2201196465279,121.398202260335,56.548889537434,102.740986633301,40.0479858339065,124.193642714928,102.299433390299,50.9249106103724,45.5755307939317,58.9407872455876,46.1104869147544,0,83.8146766863371,24.8562136790158,58.3903398153917,79.7909953019982,18.8941036382688,40.0329192008621,25.357645077594,91.1718359727126,108.56170610948,92.1548774914864,55.9621477860671,78.6775054931641,80.1095153808594,53.903337854216,185.279220581055,0,73.9983300873728,55.3809684753418,0,0,0,129.943695068359,0,0,0,167.181896209717,0,70.0070870717366,0,0,93.1879577636719,84.9163957075639,0,85.1747477604793,165.453216552734,0,0,109.536125183105,143.143508911133,74.8956089019775,71.5783557891846,77.7481987476349,176.019053141276,0,122.258270263672,93.3097457885742,0,0,99.6157150268555
76.587507016931,38.1298134673725,10.330438085956,37.5240503804752,99.2497100830078,140.973073641459,112.79701451655,84.3587738464652,104.099817120466,105.428570175171,96.1987639985433,76.4857061519179,106.229762268066,78.2133346904408,97.9923238644655,120.290444056193,85.3732301538641,40.4068840385923,65.9904733233982,53.1825706117875,130.574987411499,62.391848178392,47.3308965665268,27.7389040662113,99.9288681764654,75.1417592366536,28.2313345427211,34.2228774949722,77.4541611879324,100.529007381863,69.8820650596123,80.7669822878954,152.659723455256,90.7817480564117,66.1248866271973,144.184136199951,71.0121742089589,78.7419403190327,48.715779883985,0,0,171.026245117188,140.413874973761,165.188090642293,143.544258117676,176.58634185791,110.495395115444,0,127.978311538696,149.168601036072,0,95.3214776711386,88.437917796408,0,111.65627784729,222.364669799805,117.057052373886,67.0198575800115,93.8961533254282,138.228530671861,128.689493815104,83.8027556497165,80.8913945593244,126.391440695905,147.592203140259,116.737638415712,124.213877360026,0,178.98789469401,97.6572111495818
77.5972866550569,14.0758321592466,37.5240503804752,18.2389954559083,49.6193256533243,87.312047958374,79.3353513948845,59.1089249769847,76.6506735189802,16.6627044326455,73.5617250520356,63.9480475879653,58.4793454950506,63.6175952795006,77.4505552474422,72.5401150630071,48.1392001551251,50.8020075061946,64.7311254119873,50.6014233744918,64.4022941589355,55.2937700285328,22.2837700142334,51.5605033617702,34.4142046574974,46.2521994876565,43.369431384797,34.9032349840414,45.6204987706324,71.4819723716522,53.6513583098407,63.4031994628906,96.0748816596137,52.8278097372789,53.65668979416,74.7576880821815,73.6232455117362,77.2917420586874,40.1809420429292,115.81313196818,109.729843139648,82.4881663852268,69.4644472415631,84.3464446258545,27.0810036442497,100.680129311301,77.9770291646322,0,62.7568976662376,87.4242450611011,0,94.6268970489502,79.5768692016602,79.1461232503255,72.9560093599207,140.049873352051,99.3639386494954,42.5002067379835,92.4054506089952,54.4236330761335,41.4968468802316,78.0281139918736,76.7073430379232,62.2988579624383,81.5674374898275,64.4188570853991,86.4169101715088,0,76.1836029052734,92.4232029914856
89.5843900044759,103.654584248861,99.2497100830078,49.6193256533243,7.6507932541845,107.748655319214,55.1129123356496,41.8653197494456,85.8587383301027,35.333447408492,17.3352510593073,140.388107299805,25.1285081339893,143.588146209717,91.1621492277316,52.7660724452285,103.564712524414,132.712635464138,154.471435546875,143.478569030762,10.5534779213049,86.3100961957659,52.8983386646618,110.208151923286,12.5673228541252,124.77618338845,128.637268066406,111.958927805831,11.2860573262385,82.806686795991,83.9855741228376,165.259262084961,127.925137837728,74.3129380267599,87.127590149168,116.218325297038,153.546661376953,0,55.3479353199834,16.8876582413019,167.612380981445,123.435868263245,98.3477212815058,123.503673682779,73.7378408114115,115.331927033475,0,31.3273443380992,0,129.713729511608,118.205484390259,0,0,0,196.845275878906,22.7544012670977,120.412437438965,89.0922622680664,117.311500549316,82.6006215757368,176.957901000977,157.736790974935,152.335693359375,105.228215924543,140.333784739176,121.480308532715,0,0,106.156753540039,133.569369229403
68.1800487518311,137.029048919678,140.973073641459,87.312047958374,107.748655319214,7.6255230356825,7.88077082438802,93.682954422971,15.2136185378707,81.7835167778863,86.6799133609485,73.8757372036786,91.6676133621571,76.3354125976562,27.8110234979794,13.8185637805764,0,158.393106842041,94.7808067321777,139.326160777699,102.615191584048,126.741691589355,114.073560078939,151.199434916178,102.186786125446,168.127212524414,133.626627995418,128.854740142822,109.940072961756,24.6754639984459,100.622797012329,94.548220316569,9.75431224882909,85.4706878662109,40.4069015046825,0,0,0,112.078367233276,120.304458618164,0,0,157.570528130782,183.564950125558,108.60863494873,0,0,0,0,174.412490844727,0,0,0,0,0,0,0,97.4991912841797,211.243072509766,145.543229239328,0,122.56787109375,158.727607727051,151.894970417023,201.895584106445,144.198145548503,0,0,0,178.119537353516
63.2220975179521,127.04984664917,112.79701451655,79.3353513948845,55.1129123356496,7.88077082438802,9.46207387815763,54.2633853412539,17.7202121450415,67.1724330082836,29.0293780276745,94.6087106806891,23.0772154357136,120.469955444336,31.9012043741663,12.4717366017422,134.62580871582,128.781090314998,129.475360729076,120.37269449234,34.3119770465359,107.985532320463,102.572867279053,110.158082107999,73.5600797571288,143.735542297363,132.537430361832,130.153833739961,58.9654441581053,49.6897838205775,81.5856311927407,144.86961295388,29.4658305791959,78.4970935953074,76.1703424181257,143.424139234755,0,168.655536227756,87.3341802295886,100.667108944484,166.479949951172,137.038236379623,121.50552267892,141.175932378354,100.885424613953,131.787912856701,232.068405151367,140.082105364118,0,144.244374980097,135.864144643148,151.605461120605,172.460891723633,0,206.334569295247,100.232186816988,150.083862304688,113.922337849935,173.883047485352,110.735966530824,0,168.699010213216,173.324928283691,121.023973773978,152.844797134399,146.680900149875,0,194.808624267578,135.20961151123,142.234548187256
21.1184520447317,110.917031012641,84.3587738464652,59.1089249769847,41.8653197494456,93.682954422971,54.2633853412539,9.07297701323817,53.6973798536518,48.5145013049743,21.9939440580789,130.704839596803,59.0692930355878,136.78450512886,41.9431399248563,69.4339299132859,109.836930847168,103.590812707135,133.461358252992,123.852441811863,46.3610925836078,60.033605747818,73.7723202296666,71.4277618126048,53.6009770046687,137.897612889608,111.91211809398,100.782000513927,22.823150597685,56.9105850560735,15.5816791256939,137.940369856985,103.446358998617,55.9927593432456,76.8052267023122,119.924768097547,132.99953918457,141.022315108985,75.4171345469716,92.2422091857247,176.502552032471,122.30022601692,102.030278157631,127.00506538783,68.2062884629375,117.713632550156,183.898307800293,130.874859619141,177.050415039062,126.328858836597,117.044752332899,125.446949481964,153.613821278448,208.965270996094,175.920406341553,107.017471190422,127.05582857132,97.5212902492947,138.48042998562,91.7436944278762,0,160.871691597833,146.543428064703,101.396482949144,128.815645918061,112.062985389463,183.67546081543,0,114.541295732771,133.530785220793
28.6161717262465,124.189493179321,104.099817120466,76.6506735189802,85.8587383301027,15.2136185378707,17.7202121450415,53.6973798536518,10.6036211606697,71.4942524614005,34.5884909208907,79.5293640639286,79.269444085508,98.6729704434754,15.8662392329667,28.0422341630384,165.626990182059,115.50358101579,110.832656409151,114.327690832778,85.2906127036679,95.3378053178974,93.3135770161947,98.7978714412652,80.9664218095342,140.383974347796,124.457311318062,123.718065705448,81.2642847868483,22.0594922066055,69.6767250944967,120.419260660807,12.9071820244547,75.3685550689697,55.1550430882772,134.730631273846,162.331951904297,157.6537059021,85.5305650280368,127.497039794922,167.862721761068,146.006923675537,122.566949971517,147.33170697513,92.4500989330058,134.095255358466,159.854782104492,151.940017700195,160.2357006073,146.510393778483,126.589599609375,155.81938680013,179.354882632985,0,189.765185546875,132.528137207031,148.051928710937,130.754450284518,164.733925529148,114.896908496139,146.299072265625,162.557048402984,158.72872620922,121.707993038337,149.120802407736,134.575997099584,137.332916259766,181.074340820312,128.800584581163,150.422878998977
68.588159720103,72.2201196465279,105.428570175171,16.6627044326455,35.333447408492,81.7835167778863,67.1724330082836,48.5145013049743,71.4942524614005,8.88033373375912,60.6991799078255,121.845286736122,10.013607292219,107.748216325231,77.3317355466693,17.1306181463522,54.3145128885905,114.304504818387,122.825464422053,129.589260101318,27.281059496151,67.4449522018433,20.190791214983,115.423585779527,17.2853859566586,96.5963813827423,118.001824071852,103.521885254544,40.0413632799311,69.7565000700258,56.0312718744878,121.496871499454,103.143147786458,52.4849388415997,68.4796244998773,89.6786369323731,0,120.671427408854,36.5536399528162,77.6261405944824,0,125.795963287354,85.6499885396754,107.024419555664,20.7453616405356,114.833523341588,0,48.8455619812012,129.377985636393,100.648019203773,0,0,136.694610595703,0,153.431549072266,70.8384165330367,95.0813064575195,66.7719472249349,109.833873748779,59.7106585967831,121.09118270874,142.208362579346,149.380863792018,77.768356380178,98.1037728445871,85.46770967756,0,110.758445739746,86.9538421630859,113.737499237061
24.4090782477532,121.398202260335,96.1987639985433,73.5617250520356,17.3352510593073,86.6799133609485,29.0293780276745,21.9939440580789,34.5884909208907,60.6991799078255,9.71490932941011,133.047259391622,19.2545937435941,144.761569213867,44.4101158927864,61.1374316372714,132.166836547852,120.24724762528,154.160934448242,148.387686356254,14.6943221239351,83.9799121053595,93.7907593825768,86.8004179126891,60.2105495901669,135.701614379883,125.823952661044,125.063891215202,22.5474996175144,79.4419674902657,71.4310190050225,164.509373057972,105.856444107859,71.3087676861964,81.2784921059704,139.162792629666,0,150.414592590332,75.7196971469455,67.4669009396728,165.230056762695,132.472494246084,110.466450585259,133.613329117673,97.2964958917527,129.714547830185,196.450103759766,120.816731427167,0,142.290191771492,131.059268951416,0,168.021827697754,0,179.783386230469,82.631206071738,129.985778808594,115.221004710478,151.831674194336,98.2112237516427,0,181.484487915039,159.810480166704,116.496891969328,145.79159749349,160.792030334473,0,0,140.121738857693,154.394847412109
104.569449518768,56.548889537434,76.4857061519179,63.9480475879653,140.388107299805,73.8757372036786,94.6087106806891,130.704839596803,79.5293640639286,121.845286736122,133.047259391622,12.7807062032282,139.084112379286,18.4354991329608,90.9880538842617,112.341060638428,108.508361816406,37.9506763252258,19.8783210864175,17.5056334871328,134.439608854406,84.6974376358149,90.0778828228221,75.9864097890819,135.932779485529,26.4742072128565,27.9158132114138,58.6294425492145,129.132921785922,75.6947325048312,90.7355255022441,23.6955791948521,67.8064471350776,84.9859213684544,27.2776498995281,0,80.2418067932129,105.766958618164,82.9045314788818,151.09619140625,0,0,189.637288774763,203.945783342634,152.958605448405,167.998657226562,91.7066580119886,0,66.2374001333158,211.468149820964,0,120.70255279541,129.56912689209,86.1603726473722,95.3210201623305,0,168.394989013672,119.402593231201,120.598486466841,178.134515762329,56.3727237757515,81.9982587597894,86.753319667344,169.233838762556,194.704935709635,180.706979751587,84.0545771916707,0,0,116.130386151766
121.553268432617,102.740986633301,106.229762268066,58.4793454950506,25.1285081339893,91.6676133621571,23.0772154357136,59.0692930355878,79.269444085508,10.013607292219,19.2545937435941,139.084112379286,8.42475275478286,142.583025845614,89.1651668117057,14.3035623792563,0,175.744145711263,161.720911661784,131.842880249023,14.7306201440535,0,59.7742422194708,0,22.9726380912443,123.10764243386,151.116461320357,128.75719270252,38.1858834934235,87.3761071291837,176.20329284668,147.542724609375,101.407595316569,75.7783557346889,85.5732322420393,0,0,0,43.3567891120911,41.0036160653951,0,165.176612854004,113.874375343323,140.319744110107,71.0216503143311,126.53316004136,0,40.634404706955,0,138.297004699707,0,0,0,0,177.271408081055,30.4906170471855,0,129.814929962158,0,83.3746917872753,0,0,211.09366607666,117.688930034637,151.522827148438,107.481079101562,0,0,130.011779785156,148.275543212891
114.444329579671,40.0479858339065,78.2133346904408,63.6175952795006,143.588146209717,76.3354125976562,120.469955444336,136.78450512886,98.6729704434754,107.748216325231,144.761569213867,18.4354991329608,142.583025845614,7.85217910961745,108.422607224563,136.374370320638,110.599395206996,91.4135133743286,51.6253869163431,68.7937647322534,147.75562286377,122.833812040441,79.7256874783348,100.339118308209,118.149605829277,14.9743560850882,30.4381753337692,30.190997603923,138.511712915757,112.943431854248,126.556881713867,8.55838430529574,89.7130676905314,101.853761461046,46.5132570003501,0,68.1068424936068,118.991064453125,58.6910217099073,0,0,0,180.005484008789,148.837356567383,129.240297819439,216.544097900391,76.5878339343601,179.696975708008,53.0292485515312,0,0,156.050379435221,126.6667137146,76.472284870763,99.520751953125,183.801732381185,166.791595458984,105.834421240765,131.001382827759,153.151475143433,40.3521266424034,73.7426910539868,73.8176208471719,166.359196980794,148.096466064453,164.321696472168,74.5070925585796,0,0,106.74079813276
13.4517411981428,124.193642714928,97.9923238644655,77.4505552474422,91.1621492277316,27.8110234979794,31.9012043741663,41.9431399248563,15.8662392329667,77.3317355466693,44.4101158927864,90.9880538842617,89.1651668117057,108.422607224563,9.21555562233321,50.5303028742472,145.484840393066,105.614112955407,122.230345993042,117.067219560043,91.3440902879503,91.8032441622969,91.672098244186,96.9856031417847,85.6260254197613,113.548057556152,120.767991137978,124.204614441638,85.4765385800442,16.7048207157072,57.1027342354001,128.987231399074,8.95536298329117,27.8819586453664,56.3259016693332,143.636401977539,153.142639160156,159.733771896362,87.459977126703,138.731686183384,219.429809570312,153.645997619629,133.108105461552,155.221422010852,91.9654722052105,159.736072540283,179.998382568359,170.117164611816,134.163772583008,147.576160618516,146.430755615234,0,163.877172851563,140.031402587891,175.364820692274,147.128302001953,141.893188476562,87.4413909912109,158.637841966417,121.91463875444,159.31226348877,163.313315651634,159.727437973022,124.631399148758,146.0335105896,130.337172042492,0,220.563461303711,133.854186318137,147.854710218641
60.4967255592346,102.299433390299,120.290444056193,72.5401150630071,52.7660724452285,13.8185637805764,12.4717366017422,69.4339299132859,28.0422341630384,17.1306181463522,61.1374316372714,112.341060638428,14.3035623792563,136.374370320638,50.5303028742472,7.87243826255657,0,125.360069274902,153.566234588623,132.721261978149,47.5069413844776,0,67.5016869189692,122.369438171387,40.6577948930528,126.735261240313,135.87294868801,131.465741051568,64.406320882398,47.628783403441,80.0741851113059,191.55305480957,32.3670737130301,80.5205785311185,92.0608776637486,137.640014648438,0,175.48949432373,62.9445904323033,94.3095766703288,172.090927124023,137.527313232422,122.641715309837,141.228161204945,72.0081237792969,99.0700149536133,0,0,0,152.929158528646,0,0,0,0,0,73.0472837175642,0,81.2763633728027,226.797027587891,94.035038363549,0,0,196.922286987305,126.068577067057,154.064895629883,106.882671356201,0,0,133.408615112305,152.23583984375
93.4023259480794,50.9249106103724,85.3732301538641,48.1392001551251,103.564712524414,0,134.62580871582,109.836930847168,165.626990182059,54.3145128885905,132.166836547852,108.508361816406,0,110.599395206996,145.484840393066,0,12.2240981081037,98.0941503724056,133.668243408203,108.656792704264,78.9040451049805,18.8739276616485,31.282250475881,18.1054095473792,26.223675945505,93.1952103834886,99.648797454834,25.3450890112131,38.9024697074252,119.366386413574,76.3202670017878,119.567242940267,0,92.7210184733073,80.4121304264775,211.297943115234,0,99.1204759385851,58.8566773358513,143.815765380859,0,165.298843383789,119.732082073505,168.875198364258,0,0,126.279930114746,0,0,112.915626525879,0,86.7187197493395,114.289960861206,0,167.011271158854,0,89.0865093273121,47.0687213351409,87.5487089689302,102.313971575569,0,134.163291482364,98.5456259768942,102.989193656228,112.998188018799,95.4151707139126,0,0,0,102.680516624451
81.0537165149964,45.5755307939317,40.4068840385923,50.8020075061946,132.712635464138,158.393106842041,128.781090314998,103.590812707135,115.50358101579,114.304504818387,120.24724762528,37.9506763252258,175.744145711263,91.4135133743286,105.614112955407,125.360069274902,98.0941503724056,7.71460922059213,45.3887975869422,17.76483658492,159.862823486328,41.8510484218134,72.5426878112456,17.9949787899084,114.997918775466,65.1941350301107,22.8696201364102,60.9345399002983,109.759385646968,92.44454074507,61.2431979727813,86.2787760779971,122.849479675293,75.8268768653441,32.9273396550951,155.404006958008,83.8482856750488,93.2337333115955,65.824279415992,0,0,192.820938110352,159.69280010721,185.852418263753,0,195.080673217773,126.558644104004,0,124.660552978516,163.503374735514,0,113.425005399264,103.392015921969,111.366180419922,105.606985788497,0,124.569220542908,85.7127187861953,112.009446820642,168.882102272727,127.213642120361,90.5234461894077,94.1866527482228,148.686297209367,171.454559326172,133.674642835345,124.592971801758,0,0,113.035245606394
112.28975303218,58.9407872455876,65.9904733233982,64.7311254119873,154.471435546875,94.7808067321777,129.475360729076,133.461358252992,110.832656409151,122.825464422053,154.160934448242,19.8783210864175,161.720911661784,51.6253869163431,122.230345993042,153.566234588623,133.668243408203,45.3887975869422,6.05348491391232,15.6617613598874,156.609310150146,93.8016217745267,101.436494246773,84.4578541209863,141.721238509468,44.3556545476998,24.4788738149796,58.2208173616143,157.216934790978,109.79840412594,98.270327094857,50.8014810813798,93.7096157073975,95.7546308180865,50.619596258137,187.755416870117,99.0007568359375,128.368195669992,72.4406617482503,0,0,0,166.657066345215,175.757766723633,160.482765197754,0,95.7745334080287,0,87.7293631131532,0,0,149.915313720703,130.199409484863,92.8529205322266,98.2254923582077,0,138.285034179688,138.220726013184,151.995609283447,215.738525390625,68.0061862945557,88.8903226658509,94.0061038728316,0,0,153.592829386393,93.9864113547585,0,0,112.39021174113
101.137023978398,46.1104869147544,53.1825706117875,50.6014233744918,143.478569030762,139.326160777699,120.37269449234,123.852441811863,114.327690832778,129.589260101318,148.387686356254,17.5056334871328,131.842880249023,68.7937647322534,117.067219560043,132.721261978149,108.656792704264,17.76483658492,15.6617613598874,7.75229352339344,0,80.0861409839831,92.0474052429199,66.0144088651372,129.068674723307,43.637074214156,30.1287348553702,62.0288010441908,126.117451026791,103.340708324986,83.4145777511003,71.5729968888419,91.7768276759556,86.7724989514018,36.2498805323566,0,88.2508331298828,102.544349866036,67.7415687336641,0,0,0,181.172299702962,189.132633209229,0,203.389572143555,118.801106770833,0,111.884370803833,181.27286529541,0,141.86289469401,108.372526986258,105.043089972602,97.7752259572347,0,169.189506530762,106.89249420166,137.4470353968,180.139157976423,0,91.1865702485952,96.110580590799,191.440709431966,189.252304077148,163.704223632812,121.098022460938,0,0,111.787861136503
74.9797029495239,0,130.574987411499,64.4022941589355,10.5534779213049,102.615191584048,34.3119770465359,46.3610925836078,85.2906127036679,27.281059496151,14.6943221239351,134.439608854406,14.7306201440535,147.75562286377,91.3440902879503,47.5069413844776,78.9040451049805,159.862823486328,156.609310150146,0,11.916194609249,0,74.7079033851624,128.657890319824,16.1514258709253,121.806179046631,149.978211720785,152.849961344401,21.6289219562038,84.8614307266098,114.426658153534,162.451446533203,113.100931294759,70.6778129577637,82.7524961207035,0,132.492858886719,233.946853637695,51.6527286529541,13.2130719622603,0,134.313299699263,104.09840742747,127.612438036048,75.728444841173,123.110232715875,0,10.3146889816251,0,137.536964416504,100.096515655518,0,0,0,0,21.1771982762872,0,0,0,81.3782302016778,0,0,171.660456339518,114.586310927932,137.155029296875,0,0,0,0,165.622505187988
64.135362612058,83.8146766863371,62.391848178392,55.2937700285328,86.3100961957659,126.741691589355,107.985532320463,60.033605747818,95.3378053178974,67.4449522018433,83.9799121053595,84.6974376358149,0,122.833812040441,91.8032441622969,0,18.8739276616485,41.8510484218134,93.8016217745267,80.0861409839831,0,10.6081991733361,42.8956746961381,23.9774189694871,19.3236978597332,105.563941955566,93.3757303986102,65.0162688961121,21.0968168565473,71.7502678500281,28.3889372673069,123.812060885959,118.336547851562,54.8206851910322,43.215515039358,137.209732055664,103.940414428711,118.846808456793,82.7624664306641,0,0,0,125.002130845014,159.628511428833,62.5284241570367,0,0,0,175.69221496582,132.758277893066,0,91.6389418235192,112.294469833374,0,150.203426361084,0,94.2072069937723,54.3130904813074,97.8461414509682,90.6372035980225,0,136.402090664568,124.46780820237,92.2733036677043,128.629653481876,92.7265880248126,0,0,92.5296096801758,105.342462392954
72.0474561544565,24.8562136790158,47.3308965665268,22.2837700142334,52.8983386646618,114.073560078939,102.572867279053,73.7723202296666,93.3135770161947,20.190791214983,93.7907593825768,90.0778828228221,59.7742422194708,79.7256874783348,91.672098244186,67.5016869189692,31.282250475881,72.5426878112456,101.436494246773,92.0474052429199,74.7079033851624,42.8956746961381,9.44288951717522,45.1901624488679,29.0256874515514,63.3781241849766,85.5950161616008,34.2568104000685,49.7525197190124,78.2302934513536,51.0397347098579,92.2535244169689,134.337238311768,62.0798436164856,56.028026057422,107.471128845215,59.164623260498,75.481340154012,57.6633388519287,0,0,137.15002822876,86.5149232272444,119.544595336914,37.9039304733276,131.436815261841,112.836418151855,0,114.119047437395,108.660515594482,0,56.0530875905355,101.303476333618,0,136.618761698405,121.638294219971,77.9129298073905,35.6290489410868,65.620730468531,73.5275561620319,82.2199449539185,119.066235224406,95.0736933358108,78.6295139111971,102.323802947998,70.4613763676133,139.44457244873,0,71.115743637085,103.753038167953
73.518026072046,58.3903398153917,27.7389040662113,51.5605033617702,110.208151923286,151.199434916178,110.158082107999,71.4277618126048,98.7978714412652,115.423585779527,86.8004179126891,75.9864097890819,0,100.339118308209,96.9856031417847,122.369438171387,18.1054095473792,17.9949787899084,84.4578541209863,66.0144088651372,128.657890319824,23.9774189694871,45.1901624488679,14.2301019315908,65.027937776504,100.540963745117,61.6829584723464,46.2797147714399,44.9565120225612,88.8815699456965,49.0940412079321,106.174789204317,136.260809326172,73.096075117588,45.8486663875763,154.101112365723,103.126955179068,89.8534581604387,62.3510946892855,0,121.89363861084,168.3807331432,134.586695972502,165.689127294029,101.017864227295,145.690426038659,141.278518676758,0,147.273040771484,158.021921386719,153.366058349609,89.5482898445108,111.239327566964,130.809219360352,141.067590236664,190.093971252441,95.6003825524274,55.1164583251125,93.0201314869589,127.345856587092,132.258941650391,120.939458458824,92.5899704186625,122.974714833527,144.090364074707,114.067231091586,0,161.485885620117,149.510866800944,106.420498037937
79.3366394042969,79.7909953019982,99.9288681764654,34.4142046574974,12.5673228541252,102.186786125446,73.5600797571288,53.6009770046687,80.9664218095342,17.2853859566586,60.2105495901669,135.932779485529,22.9726380912443,118.149605829277,85.6260254197613,40.6577948930528,26.223675945505,114.997918775466,141.721238509468,129.068674723307,16.1514258709253,19.3236978597332,29.0256874515514,65.027937776504,9.38003914853997,105.025367242115,118.959015004119,78.9057023880001,16.6186176951364,75.7183480188145,65.3723357928339,135.403121439616,122.170895503117,59.7914939647963,70.6941571343344,105.395702664814,107.327125549316,137.277825396994,48.0248994057547,92.1382771379807,152.734218597412,118.22300686187,92.8882069774313,116.788161187118,52.11242375912,106.903176165642,186.294040679932,103.691335369559,145.113166809082,115.408621300201,112.068964821952,101.720170338949,139.885737101237,163.054443359375,173.494300842285,89.9683456709891,105.150290512457,60.7279657745361,115.596357048882,79.4299758538174,131.976866149902,157.786799456622,137.940697172768,89.3184539750019,120.31032880995,96.1606171808125,0,158.997357686361,103.756376579626,111.734705893646
0,18.8941036382688,75.1417592366536,46.2521994876565,124.77618338845,168.127212524414,143.735542297363,137.897612889608,140.383974347796,96.5963813827423,135.701614379883,26.4742072128565,123.10764243386,14.9743560850882,113.548057556152,126.735261240313,93.1952103834886,65.1941350301107,44.3556545476998,43.637074214156,121.806179046631,105.563941955566,63.3781241849766,100.540963745117,105.025367242115,7.52741730559155,36.5722699690673,22.1353001436344,117.385061682724,86.7312399546305,119.988803100586,36.6810184266832,86.7250544230143,0,52.7799064091274,0,55.3185146165931,98.7240447998047,40.3201348348097,180.636795043945,0,0,0,104.648292541504,109.014872233073,181.547912597656,56.6601788838704,0,36.5128601095179,0,157.38606262207,111.720252990723,0,58.1098670959473,62.1462033589681,0,0,95.1740220876841,124.755645751953,139.056439048366,21.8320990331245,56.3949943311287,55.5650248061594,179.731982421875,150.039123535156,154.393203735352,62.3341234479632,0,0,84.0043627421061
100.944251026827,40.0329192008621,28.2313345427211,43.369431384797,128.637268066406,133.626627995418,132.537430361832,111.91211809398,124.457311318062,118.001824071852,125.823952661044,27.9158132114138,151.116461320357,30.4381753337692,120.767991137978,135.87294868801,99.648797454834,22.8696201364102,24.4788738149796,30.1287348553702,149.978211720785,93.3757303986102,85.5950161616008,61.6829584723464,118.959015004119,36.5722699690673,13.0028145055981,32.7106728651603,114.246779021613,110.687158359478,92.6586597014238,25.2050563131417,115.439488130457,103.506342163086,59.0654146866098,151.078866141183,83.6365164536696,92.4357759782884,63.3583511705158,0,219.841110229492,200.105282592773,165.191501617432,191.601834716797,164.197458902995,198.857089233398,95.5753274752399,0,77.31444165522,180.614639282227,0,126.368988672892,98.1178167542415,89.26427761539,91.2366316598221,206.176528930664,146.833465939476,121.238402198343,132.055154527937,167.241934055235,62.049639579228,82.8845315878249,86.5955449988141,172.361938158671,170.224434746636,138.015430995396,95.8681992680193,0,0,103.67770722118
109.074582880194,25.357645077594,34.2228774949722,34.9032349840414,111.958927805831,128.854740142822,130.153833739961,100.782000513927,123.718065705448,103.521885254544,125.063891215202,58.6294425492145,128.75719270252,30.190997603923,124.204614441638,131.465741051568,25.3450890112131,60.9345399002983,58.2208173616143,62.0288010441908,152.849961344401,65.0162688961121,34.2568104000685,46.2797147714399,78.9057023880001,22.1353001436344,32.7106728651603,15.1812578825511,70.6981386898005,113.454504594964,98.0672274696949,28.6536558148108,116.742748451233,101.774315887623,63.1112145063915,158.369488954544,84.4522655691419,83.117901951029,52.0604765101177,188.666458129883,183.736389160156,180.171566009521,141.703073626188,170.341288618608,144.362567554821,177.084973812103,99.5024103780431,0,83.762424055513,161.698767404708,147.97200012207,90.0230234781901,95.0624973332994,96.7488387339824,95.0909313680592,199.174870808919,120.143603634525,60.9628017723477,90.8046490866644,147.70488982074,65.8201928396483,84.5758454962171,85.8357972496484,137.270456010017,162.891346295675,132.146963510169,98.754542305356,0,140.182891845703,102.267344722041
75.1143592438608,91.1718359727126,77.4541611879324,45.6204987706324,11.2860573262385,109.940072961756,58.9654441581053,22.823150597685,81.2642847868483,40.0413632799311,22.5474996175144,129.132921785922,38.1858834934235,138.511712915757,85.4765385800442,64.406320882398,38.9024697074252,109.759385646968,157.216934790978,126.117451026791,21.6289219562038,21.0968168565473,49.7525197190124,44.9565120225612,16.6186176951364,117.385061682724,114.246779021613,70.6981386898005,9.51167909566756,74.2055703053591,36.8193513023488,148.084448964972,121.553669230143,58.2345212524911,59.3228730318942,108.58543695188,122.833030700684,136.236184861925,61.9404567148268,37.9829418589087,154.75154876709,117.310861353289,96.9195822478206,121.138403504759,62.8009556491359,117.482159205845,180.288131713867,115.374640165057,0,117.485560158931,122.012563228607,109.78681590822,145.843727698693,0,169.408430099487,56.799649418525,98.3719284351055,62.066043958272,121.153613587276,86.3648696278938,131.956100463867,159.791814769398,140.355599403381,94.0669648182909,118.014431976854,96.9864293615558,0,162.273391723633,103.077499389648,113.101382185773
14.7362343133614,108.56170610948,100.529007381863,71.4819723716522,82.806686795991,24.6754639984459,49.6897838205775,56.9105850560735,22.0594922066055,69.7565000700258,79.4419674902657,75.6947325048312,87.3761071291837,112.943431854248,16.7048207157072,47.628783403441,119.366386413574,92.44454074507,109.79840412594,103.340708324986,84.8614307266098,71.7502678500281,78.2302934513536,88.8815699456965,75.7183480188145,86.7312399546305,110.687158359478,113.454504594964,74.2055703053591,10.2905058437719,25.1626090557811,116.261138916016,12.854134440142,13.9781001825041,31.5303611233976,135.432934811241,0,147.961379496257,105.330795434805,113.699432373047,185.930023193359,150.64438863901,124.99560750764,158.800362763581,79.1517086791992,165.828866141183,198.249313354492,0,104.468739827474,140.955513954163,149.075248718262,116.344841003418,183.774642944336,166.954483032227,152.637051052517,115.333940505981,118.616866111755,74.7114231504243,177.229370964898,116.311949958801,144.823974609375,144.25417973445,151.517059931679,118.549620497854,150.065703293373,114.554197069625,123.250923156738,201.324310302734,129.165231323242,163.142824509565
24.1415695688428,92.1548774914864,69.8820650596123,53.6513583098407,83.9855741228376,100.622797012329,81.5856311927407,15.5816791256939,69.6767250944967,56.0312718744878,71.4310190050225,90.7355255022441,176.20329284668,126.556881713867,57.1027342354001,80.0741851113059,76.3202670017878,61.2431979727813,98.270327094857,83.4145777511003,114.426658153534,28.3889372673069,51.0397347098579,49.0940412079321,65.3723357928339,119.988803100586,92.6586597014238,98.0672274696949,36.8193513023488,25.1626090557811,9.85379579547529,125.674878120422,110.544653320313,36.1837737604629,38.6518238982687,112.817935398647,123.465450286865,130.515359286604,75.7198677062988,0,0,179.897328694661,115.232268709125,138.060254505702,65.4513337355394,155.154376029968,147.019470214844,0,0,134.215013161684,147.550415039062,103.21625980578,138.767846243722,0,159.935330200195,0,101.753178868975,61.3430104308855,117.170145737497,96.8801495001568,0,142.318855285645,135.297082505785,96.4170355978977,118.505672454834,99.1678087824867,0,0,109.13293762207,114.003348565871
129.937629699707,55.9621477860671,80.7669822878954,63.4031994628906,165.259262084961,94.548220316569,144.86961295388,137.940369856985,120.419260660807,121.496871499454,164.509373057972,23.6955791948521,147.542724609375,8.55838430529574,128.987231399074,191.55305480957,119.567242940267,86.2787760779971,50.8014810813798,71.5729968888419,162.451446533203,123.812060885959,92.2535244169689,106.174789204317,135.403121439616,36.6810184266832,25.2050563131417,28.6536558148108,148.084448964972,116.261138916016,125.674878120422,5.10879842242369,102.008430480957,107.099117279053,69.4699957711356,0,93.5964477539062,125.380925265225,71.377854087136,0,0,0,0,0,0,0,82.4710433959961,0,71.6113973193698,0,0,0,133.965307235718,87.3629813194275,106.476669311523,0,226.238754272461,127.366933822632,155.611139933268,153.104614257812,55.8162360558143,83.5315347074937,88.6006726803987,180.745178222656,0,0,88.7919554029192,0,0,120.298325220744
79.6427559322781,78.6775054931641,152.659723455256,96.0748816596137,127.925137837728,9.75431224882909,29.4658305791959,103.446358998617,12.9071820244547,103.143147786458,105.856444107859,67.8064471350776,101.407595316569,89.7130676905314,8.95536298329117,32.3670737130301,0,122.849479675293,93.7096157073975,91.7768276759556,113.100931294759,118.336547851562,134.337238311768,136.260809326172,122.170895503117,86.7250544230143,115.439488130457,116.742748451233,121.553669230143,12.854134440142,110.544653320313,102.008430480957,4.5407480645047,0,44.1314594813756,170.401016235352,0,178.635009765625,164.07788848877,0,0,192.648712158203,170.353098551432,182.387119293213,144.143890380859,166.63346862793,0,0,0,176.737060546875,0,0,0,0,0,124.290390014648,0,112.737335205078,197.252700805664,154.552427019392,0,144.290313720703,186.946151733398,162.165335083008,0,174.803695678711,0,0,0,174.48307800293
20.9386920252362,80.1095153808594,90.7817480564117,52.8278097372789,74.3129380267599,85.4706878662109,78.4970935953074,55.9927593432456,75.3685550689697,52.4849388415997,71.3087676861964,84.9859213684544,75.7783557346889,101.853761461046,27.8819586453664,80.5205785311185,92.7210184733073,75.8268768653441,95.7546308180865,86.7724989514018,70.6778129577637,54.8206851910322,62.0798436164856,73.096075117588,59.7914939647963,0,103.506342163086,101.774315887623,58.2345212524911,13.9781001825041,36.1837737604629,107.099117279053,0,6.80730012102572,24.7761178662037,108.38529586792,0,143.658800760905,70.6113319396973,85.3583374023438,0,126.141670227051,108.949428812663,130.813021733211,65.8487103780111,144.463012695312,0,137.377304077148,0,133.244729359945,0,104.88111114502,119.254676818848,0,164.211871337891,131.912139892578,97.0795135498047,62.7913570404053,119.091696166992,94.1554729974092,0,136.896759836297,151.57916368757,93.3497812444513,117.888386726379,92.3502937085701,0,0,0,127.080228169759
64.223594084143,53.903337854216,66.1248866271973,53.65668979416,87.127590149168,40.4069015046825,76.1703424181257,76.8052267023122,55.1550430882772,68.4796244998773,81.2784921059704,27.2776498995281,85.5732322420393,46.5132570003501,56.3259016693332,92.0608776637486,80.4121304264775,32.9273396550951,50.619596258137,36.2498805323566,82.7524961207035,43.215515039358,56.028026057422,45.8486663875763,70.6941571343344,52.7799064091274,59.0654146866098,63.1112145063915,59.3228730318942,31.5303611233976,38.6518238982687,69.4699957711356,44.1314594813756,24.7761178662037,10.9786170347155,120.581681251526,94.5955653190613,95.2139902114868,74.2565034719614,124.347316741943,0,172.630627441406,127.748296778253,148.447909740692,106.79001159668,152.274652099609,124.806763712565,0,114.677550315857,150.154636969933,0,102.052257061005,106.408724060059,107.375991821289,107.298429654992,99.4554214477539,97.4187808566623,66.58610926046,104.201836688178,107.971033283308,83.8009581565857,99.5057600866121,101.37830700945,105.499322341264,125.465414864676,100.461898803711,121.934254964193,0,112.676126480103,116.209720029669
0,185.279220581055,144.184136199951,74.7576880821815,116.218325297038,0,143.424139234755,119.924768097547,134.730631273846,89.6786369323731,139.162792629666,0,0,0,143.636401977539,137.640014648438,211.297943115234,155.404006958008,187.755416870117,0,0,137.209732055664,107.471128845215,154.101112365723,105.395702664814,0,151.078866141183,158.369488954544,108.58543695188,135.432934811241,112.817935398647,0,170.401016235352,108.38529586792,120.581681251526,10.573366061001,97.8635157267253,94.8426586011561,60.7539605942983,76.352433681488,72.1164082118443,73.990425652724,23.8032969348079,45.5384210607793,53.7982774147621,63.6207067363696,123.022132966013,69.4871133804321,130.736213005914,13.1139450957611,62.6677831922259,105.070232840145,85.7921353253451,112.074081420898,100.663997621465,74.3539990319146,71.4750051383512,59.2940075214093,81.7598608779907,66.1783407823339,113.827711105347,106.767116264722,114.304694418343,68.1486511873974,12.0646742849011,24.9592186665707,142.673126220703,89.7007675170898,19.2440175730667,53.0790547355191
125.684310913086,0,71.0121742089589,73.6232455117362,153.546661376953,0,0,132.99953918457,162.331951904297,0,0,80.2418067932129,0,68.1068424936068,153.142639160156,0,0,83.8482856750488,99.0007568359375,88.2508331298828,132.492858886719,103.940414428711,59.164623260498,103.126955179068,107.327125549316,55.3185146165931,83.6365164536696,84.4522655691419,122.833030700684,0,123.465450286865,93.5964477539062,0,0,94.5955653190613,97.8635157267253,6.45950437988696,35.8749692409853,27.3739898642337,0,0,155.367202758789,109.114119443026,124.823460049099,59.1600943113628,156.81803894043,48.0892110359974,97.6514994303385,37.7085526774525,113.713843209403,112.14426651001,49.2605637368702,48.9243376997651,67.0054651896159,51.3112909183946,108.862373352051,76.7231459984413,23.5281980273319,67.980876045227,65.3916382509119,16.5176810562573,39.5513004610094,27.0976429717908,106.680123762651,105.456020702015,89.9143665631612,64.5097373679832,0,106.415311177572,59.039908324473
141.528235117594,73.9983300873728,78.7419403190327,77.2917420586874,0,0,168.655536227756,141.022315108985,157.6537059021,120.671427408854,150.414592590332,105.766958618164,0,118.991064453125,159.733771896362,175.48949432373,99.1204759385851,93.2337333115955,128.368195669992,102.544349866036,233.946853637695,118.846808456793,75.481340154012,89.8534581604387,137.277825396994,98.7240447998047,92.4357759782884,83.117901951029,136.236184861925,147.961379496257,130.515359286604,125.380925265225,178.635009765625,143.658800760905,95.2139902114868,94.8426586011561,35.8749692409853,12.1543620476646,35.869868153564,98.1495056152344,151.468284606934,120.076687164307,78.5561013630232,108.080893300746,82.2395370483398,92.7700319630759,72.4892872194701,162.255071004232,75.8370699564616,99.7757399501306,122.597541809082,68.6522855758667,34.7212673154146,77.4576683044434,56.4341373782186,128.953595479329,61.8049558037743,38.1677554892015,19.7373392171042,106.633507204727,0,24.3347209888049,33.1826426300892,58.8355411054682,113.176418840215,52.5888877015365,75.229317135281,149.264450073242,107.144685745239,56.6191288630168
