11.4297282346003,142.651809692383,106.915173771405,69.4317774454753,104.499087742397,83.0122150518955,84.7272316688715,26.289283654492,54.2116973394399,76.0229933478615,92.1846601125356,122.079815497765,114.609302520752,114.562556266785,24.8801532539112,101.479600906372,0,107.284470867289,146.622314004337,126.961633128505,101.903656005859,83.2365111273688,112.745771620009,97.5405521124182,85.3081507963293,0,127.445742227945,129.395379156815,82.121288821441,21.1879458712551,26.7559297529683,139.341926574707,81.0762258830823,67.6478714413113,82.0781478663437,0,0,174.398559570312,88.1740428379604,0,0,159.814147949219,141.815324783325,153.565116882324,76.0612640380859,0,0,0,0,187.813529968262,0,237.87629699707,175.540512084961,0,0,242.64762878418,0,109.766240437826,189.112330118815,120.155739710881,0,194.387161254883,168.659283286647,141.901472981771,179.497207641602,144.368621826172,0,191.506637573242,0,185.378143310547
142.651809692383,6.32524265430703,45.5431208707848,45.2879044899995,87.5011356898716,133.341314697266,157.494895935059,148.550205230713,147.154954528809,67.742193484177,148.38207244873,65.3591966371279,0,45.2860624777523,137.44401877267,112.232135718977,85.6193433489118,57.9596808462432,69.8477024751551,68.766105595757,86.6324820518494,102.644680023193,20.879302567938,75.8542260742187,78.745710023692,23.6121697254744,52.2172211929106,31.4663648098142,113.491509177468,117.156442642212,123.251136779785,66.6772618848224,101.152114868164,0,69.4059510803223,0,95.8701210021973,98.8263517379761,59.3085556030273,0,0,0,179.909339904785,0,160.470329284668,0,134.133098602295,0,76.7610540390015,0,0,104.247087478638,100.009619140625,123.871864318848,123.86137898763,0,0,80.3113990783691,101.723873138428,133.291400909424,49.7624898638044,104.238371235051,83.4761044993203,162.744186401367,0,192.573257446289,97.7358741760254,0,0,99.0281372070312
106.915173771405,45.5431208707848,12.9388169252635,53.1204122346023,117.831309318542,165.234375719754,135.904178857803,100.406126356995,127.299461392111,120.144348483615,149.281858799821,93.0714791292525,182.213168424719,103.583020591736,126.097409383504,137.961469796988,93.2218278787904,45.5663261541515,92.9319450006252,80.6536556234336,199.112986973354,63.4590320095644,57.8895866369746,34.4625636480217,121.633259991023,105.199897766113,42.7275323510882,31.663555129278,86.355311040372,127.316811652205,84.6922826067641,89.2025439522483,173.730076260037,120.414249018619,66.3267247206837,144.61333211263,73.6346483964186,91.9541166748319,115.83043085734,207.823989868164,0,194.8085306341,156.735117658784,180.38796405403,156.078335062663,173.273156060113,150.119467417399,0,147.941316604614,166.359436281266,193.354500906808,107.718301761785,95.1649246908003,0,117.544625872657,0,135.17009677887,77.3989839449034,102.801247355056,153.022320868264,103.49494934082,104.21296561127,92.6517671228397,151.869694279689,175.575355247215,151.061053556554,146.732081095378,0,158.617294311523,112.196306304932
69.4317774454753,45.2879044899995,53.1204122346023,57.7082131370421,55.0421253204346,108.681830772987,93.7923833826086,74.9888836735084,86.068335894343,27.6473371754871,79.2892076052152,116.353128342401,83.1818853759766,74.0349154726288,87.9491904217264,84.2402587164016,41.3321296301945,73.2840483560727,123.777415882457,103.088549613953,76.0630269484086,52.9093518966126,23.4088038542855,50.5861547054288,45.5035135518065,77.4746009082329,97.5285745921888,37.1755154572134,59.0943923977425,77.8837563460571,55.158226209401,96.7248357137044,121.760693636808,57.4914700564216,74.7732054227358,179.003318786621,72.5640029907227,63.2570069630941,9.87422104044394,120.455858230591,0,161.563491821289,96.4826304787084,114.14741452535,82.3739923901028,141.013209533691,0,0,113.439409891764,121.257497787476,0,55.257012110743,75.4773994445801,151.508087158203,114.62042872111,186.386474609375,67.6814995175316,13.3699180969972,59.2460207370443,83.7681785034978,96.9641443888346,112.512974739075,55.1551858578909,95.1536859263545,132.922100067139,79.057903137207,0,0,89.1090418497721,83.2376105697067
104.499087742397,87.5011356898716,117.831309318542,55.0421253204346,9.32905060022424,129.265316772461,63.8635899600467,47.6144516254294,100.023653874557,26.3964762229091,30.1266882639236,162.949368286133,26.1547277592244,170.683038984026,112.42115576056,74.073696501401,0,177.70426940918,174.472157796224,182.062662760417,15.7719483422893,105.822082519531,59.5542568206787,138.019468688965,19.9735213854956,127.05179977417,166.057245890299,130.329128519694,16.8337367999519,102.968901254297,113.196853637695,174.700485229492,139.122711181641,80.4446285328966,97.997857607328,140.454650878906,0,198.46789932251,77.0334205627441,25.3296889026481,0,154.658957163493,141.130217453529,159.917984962463,100.846540323893,130.748794278619,0,35.3703176787921,0,187.110573768616,127.025817871094,164.498435974121,0,0,0,58.9036578099612,155.685195922852,0,187.976898193359,108.840610511749,0,212.070236206055,204.852348327637,129.727257689277,185.368737030029,128.887741088867,0,0,200.606582641602,177.636299133301
83.0122150518955,133.341314697266,165.234375719754,108.681830772987,129.265316772461,7.12548614112036,15.7831753869189,111.690477717275,21.6352335815209,99.5106853685881,115.381645755491,74.5137042510204,100.633368296653,103.251448767526,27.4916416102212,15.9819862311385,171.085708618164,165.217096675526,133.13452911377,136.057289123535,114.947103333705,168.938827514648,100.50287882487,152.898698594835,114.731640902433,150.783176422119,179.573454654578,162.052448770274,126.432030618602,26.6390940993679,110.788734350312,106.387519836426,11.7512047781414,141.528043746948,70.5747115007087,179.800384521484,0,0,120.045000076294,206.733169555664,0,214.446990966797,189.506412082248,203.966537475586,149.206024169922,215.434177398682,0,167.291954040527,0,204.810726165771,0,0,0,0,0,202.511352539062,0,0,214.480743408203,176.074608939035,0,0,222.309566497803,187.978525961599,239.109939575195,199.444085693359,0,0,170.072326660156,239.138641357422
84.7272316688715,157.494895935059,135.904178857803,93.7923833826086,63.8635899600467,15.7831753869189,13.0031114578016,59.6862193465081,25.2872897728644,80.3555253662988,30.0313072263238,109.133735612891,25.5980127955123,112.383544756019,62.1297547620838,17.0172258068221,133.737060546875,154.980669850317,147.106645757502,175.078136644865,41.0351653496534,136.847222720875,97.2891998291016,134.827262219088,78.2735895759489,0,157.727389921392,154.287592097691,69.5965974431181,79.2511973172361,96.9228391688984,131.565615653992,30.3185949637867,103.823835754395,98.4680518495276,177.30249786377,0,194.612838745117,112.354684268727,158.067032123434,0,174.536345943328,153.877215565862,178.146760940552,122.965019919656,169.608161741687,237.246994018555,110.715117006417,0,186.57541772091,194.389523824056,158.379425048828,211.597763061523,0,0,156.977489818226,173.642079671224,143.08438873291,192.429815673828,130.346140954631,0,216.514170328776,204.055191993713,161.013353759341,198.31294468471,175.436028374566,0,238.7275390625,0,180.858633041382
26.289283654492,148.550205230713,100.406126356995,74.9888836735084,47.6144516254294,111.690477717275,59.6862193465081,10.1436148280991,57.7000439786594,64.8286806488037,21.9201216230205,148.203398900316,66.7468200143894,162.218844193679,49.1895857839357,80.0564938216913,126.439560890198,127.091884441865,164.87789662679,158.565839414243,93.0424100062886,76.1321487835647,94.1861198213365,88.7849952343855,66.3386157964731,0,133.965779957018,117.73404409353,30.7863363829246,73.8597207021804,22.5146977142164,165.59888543023,121.642848986415,67.590513860707,87.11448656538,151.901065402561,125.690368652344,165.952694147283,84.7178552480844,140.678104307593,0,156.507704734802,132.540293143136,169.988512923078,94.3710674285889,151.390321502686,225.2822265625,135.055391584124,0,170.246708600949,147.991603851318,149.775882936874,181.655626569475,0,202.608024597168,135.814824422201,149.515571876808,104.975613098145,157.274272466961,117.534562376611,0,195.08836555481,164.19933113533,135.559891055146,160.938842281218,136.735579336843,0,195.201080322266,155.141604423523,158.824852321459
54.2116973394399,147.154954528809,127.299461392111,86.068335894343,100.023653874557,21.6352335815209,25.2872897728644,57.7000439786594,13.1876359615105,88.694480618951,38.2656034968629,95.5809098762895,84.5798665421744,108.066352438419,23.0578043548095,42.2411755281336,154.787063598633,139.82464968671,162.195182991028,154.039122790825,90.7488655355338,116.962354233686,133.719775149697,123.710055033366,93.8090298813833,96.5594253540039,149.432786746555,147.969757775841,89.5180251217705,40.9065170268523,77.336050022019,124.296347141266,20.821634538934,94.7924572559113,90.4195907428896,156.554268519084,0,190.807111104329,104.466083975399,158.364534954692,223.051986694336,169.765735767506,147.903262979013,174.607750101292,116.816389083862,170.9831870185,0,153.25650073636,129.638076782227,173.11343934106,170.164543151855,175.374435424805,202.433358328683,0,217.343658447266,172.377329145159,185.256598336356,147.641807556152,193.37191877694,133.228655940406,0,203.568825354943,191.183604390998,150.645492320752,177.615028946488,159.634685591155,0,237.705078125,180.140327453613,172.00143150047
76.0229933478615,67.742193484177,120.144348483615,27.6473371754871,26.3964762229091,99.5106853685881,80.3555253662988,64.8286806488037,88.694480618951,9.19762513633114,78.3543716017249,135.188959486941,9.0648625492156,115.978136308732,88.887829111735,23.9018062374586,143.542080688477,126.303694534302,149.643547731287,146.603096271383,24.5951420277149,71.2052920797597,25.4579969310603,120.239667640542,24.8035179666452,102.994902634039,127.836297259828,104.691398704379,51.508198003116,78.3007343565412,60.0427807701959,135.31601414536,117.167769731794,61.2006806002723,90.8577400505876,121.291656494141,114.228204727173,155.21129544576,52.2358369827271,107.779665513472,0,163.74208177839,114.778242323134,136.127044677734,24.8998685508478,119.285216129187,0,88.6526787016127,144.431011199951,132.073240915934,117.818297068278,150.074241638184,160.810748291016,0,178.385177612305,92.542933233853,141.779793633355,61.0038693745931,146.601632436117,84.2456482735233,117.445363998413,170.476973160453,158.934974956512,110.557771104382,129.467872619629,101.462693169003,171.030746459961,0,107.627548217773,149.630583445231
92.1846601125356,148.38207244873,149.281858799821,79.2892076052152,30.1266882639236,115.381645755491,30.0313072263238,21.9201216230205,38.2656034968629,78.3543716017249,12.8261889087884,150.895426527898,27.2166292125335,160.821532930647,67.7689942802356,81.2455798418094,0,173.295358409052,192.620141165597,163.246008555094,17.7834145932113,156.60130518133,101.233038584391,143.085196631295,57.3817626819015,160.04443359375,171.955332363353,196.19287516276,27.9974311791443,96.6015641330206,137.025732421875,178.656037764116,123.991874694824,87.5712854266167,93.6474233507958,174.187339782715,173.890289306641,207.819135030111,99.494896493307,146.150001525879,247.495712280273,173.320437439487,147.949448629142,175.585154900184,108.128778457642,168.05375421384,245.556228637695,135.163069517716,0,175.875650405884,128.225317273821,0,0,0,0,147.932301577843,181.763648986816,167.907768249512,181.045402526855,120.366177515152,0,0,198.388229370117,159.129359505393,194.55182320731,173.375427246094,0,244.704711914062,180.868563842773,180.562423706055
122.079815497765,65.3591966371279,93.0714791292525,116.353128342401,162.949368286133,74.5137042510204,109.133735612891,148.203398900316,95.5809098762895,135.188959486941,150.895426527898,15.2731127047425,142.553222987963,20.8204242414691,85.5268464921013,164.418054199219,139.336459109658,60.059765437323,29.5221077071757,30.3007677615971,157.211042230779,106.373251949929,103.795679532565,93.4879757615386,157.669660493925,40.6145185786773,34.2888898309852,68.4790309694078,152.191183920468,68.6246989453425,120.091198747486,44.3549328521294,65.5970968121574,117.250829820509,26.5947149652647,228.35026550293,102.758975982666,134.520251612509,125.409990583147,0,0,0,211.612200650302,0,171.622425079346,245.952392578125,108.461244855608,0,78.9213492195561,238.37678527832,0,167.292739868164,130.755504261364,101.43642616272,117.621390933082,0,0,137.831016540527,155.384448242187,193.099355909559,70.1036860726096,109.384086514307,109.071368090163,213.623178482056,223.117866516113,200.770568847656,101.086964130402,0,0,121.05895614624
114.609302520752,0,182.213168424719,83.1818853759766,26.1547277592244,100.633368296653,25.5980127955123,66.7468200143894,84.5798665421744,9.0648625492156,27.2166292125335,142.553222987963,11.5946174475253,150.959719450577,99.8134213582658,18.8655480219817,0,197.89512125651,164.900690714518,171.076553344727,17.9363335218869,196.545349121094,107.386820706454,182.895053100586,26.9211955886529,139.15478515625,180.91770362854,146.382613863264,43.0202310282921,101.684657137258,131.874270629883,164.895462036133,109.825567854885,88.7165362040202,101.837992650812,116.808403015137,0,171.292724609375,100.051287333171,107.994999617981,97.8536682128906,129.737906022505,141.950755549412,162.575243332807,95.2602124214172,133.384142950679,158.99592590332,17.2225810351034,0,150.13512468338,103.223456749549,0,0,0,0,75.7629139101455,136.084884643555,100.922752380371,221.057174682617,109.361129144771,0,0,211.597351074219,145.351720535677,135.474365821251,138.814544677734,0,0,203.479187011719,117.947715759277
114.562556266785,45.2860624777523,103.583020591736,74.0349154726288,170.683038984026,103.251448767526,112.383544756019,162.218844193679,108.066352438419,115.978136308732,160.821532930647,20.8204242414691,150.959719450577,7.57030293696316,100.37511323735,157.759129574424,138.711441040039,94.1122716100592,51.620077979583,69.4414250088721,159.994659423828,132.961569649833,82.014463284526,118.907715691461,137.541567802429,19.8075966146762,33.1620777671055,25.8196305259526,163.822178704398,84.8606356675712,152.346826791763,14.2220440953221,76.5763016325055,145.894413539342,43.993838028754,191.379013061523,82.9529332147128,130.087978363037,75.1844379477305,0,0,245.62548828125,200.695871988932,155.103927612305,141.218029567174,0,71.9769555551034,0,59.1410781502537,210.284538269043,173.563903808594,181.617851257324,156.131342569987,83.7731389848013,94.2907179127569,0,0,105.494002894351,164.946090698242,186.578852335612,49.2609705352783,85.3981091286237,83.1565321955441,209.275695800781,150.85445022583,0,83.1244801827685,0,0,103.564084936071
24.8801532539112,137.44401877267,126.097409383504,87.9491904217264,112.42115576056,27.4916416102212,62.1297547620838,49.1895857839357,23.0578043548095,88.887829111735,67.7689942802356,85.5268464921013,99.8134213582658,100.37511323735,11.2546098327187,75.1606159373226,201.354614257812,133.721660799799,145.240746926941,146.936214070742,107.47351744957,115.886619434022,135.645058949788,119.125365074645,97.2657653786628,0,144.807887191478,146.333642914941,95.6166491836173,27.4526267376557,67.1811886421213,121.159670573909,16.8675131934971,94.5419663373162,79.2317306541112,153.321171896798,138.712661743164,184.596037728446,109.14754076871,171.840630241062,236.378189086914,165.410180282593,142.267742355853,172.727740732829,113.9309425354,170.236022577053,200.013854980469,168.548500442505,0,172.640809728744,198.921869913737,176.22064781189,195.329926490784,0,233.147842407227,163.225107465472,185.759466552734,149.044546127319,195.552050590515,136.705766869766,0,191.618534088135,184.635460126518,151.487979880677,175.377844810486,162.093711506237,0,223.813018798828,167.869008382161,170.486121368408
101.479600906372,112.232135718977,137.961469796988,84.2402587164016,74.073696501401,15.9819862311385,17.0172258068221,80.0564938216913,42.2411755281336,23.9018062374586,81.2455798418094,164.418054199219,18.8655480219817,157.759129574424,75.1606159373226,9.47718090831463,0,162.408237658049,182.704021453857,174.687280654907,69.3974862328891,0,77.7502420318793,149.96063709259,57.202311782614,143.606078147888,162.260410911159,136.234353356612,80.7646708367576,97.1122154802889,98.0457892851396,166.003758748372,35.7992624025087,94.6364365435661,118.728828802341,0,0,0,109.297691345215,124.364933558873,0,178.8876953125,161.75403213501,187.533910751343,111.388334274292,162.605346679688,0,94.621335710798,0,164.640218098958,0,122.087196350098,176.310592651367,0,242.923492431641,106.968157450358,145.501129150391,96.0228996276855,212.906723022461,137.824151808216,183.334106445312,209.307017008464,197.225164794922,149.631909688314,175.499069213867,147.566696166992,0,0,124.632301330566,210.415328979492
0,85.6193433489118,93.2218278787904,41.3321296301945,0,171.085708618164,133.737060546875,126.439560890198,154.787063598633,143.542080688477,0,139.336459109658,0,138.711441040039,201.354614257812,0,14.978408302036,109.466578801473,146.351339975993,128.512486177332,0,26.5389508409996,36.7182725282462,21.3476919287966,29.4317440132406,0,120.703146616618,36.1236389893647,33.3834962187822,126.148617744446,76.563233506256,153.611221313477,0,66.8341217041016,88.0576063479231,121.222663879395,99.7892913818359,113.261833910672,70.5818208312988,0,0,0,151.40470123291,187.092287699382,190.042007446289,154.468170166016,0,0,0,162.345759073893,0,100.98714078371,128.526671207312,0,179.891784667969,0,114.482615087786,61.0076191942048,103.24493619558,128.741782052176,0,145.178535461426,104.984903232368,137.367025128533,193.870426177979,112.978166060014,0,0,110.753036499023,121.768744913737
107.284470867289,57.9596808462432,45.5663261541515,73.2840483560727,177.70426940918,165.217096675526,154.980669850317,127.091884441865,139.82464968671,126.303694534302,173.295358409052,60.059765437323,197.89512125651,94.1122716100592,133.721660799799,162.408237658049,109.466578801473,12.0624315419674,58.1845251523822,28.5987215806827,181.352380605844,69.5591822644922,79.3593364268042,33.4292245200739,131.320235464737,67.3302372523716,33.8419414062306,67.1339051720747,124.334526664332,107.677488695741,81.0563729346193,98.0921646753947,172.694667713062,96.3364740448557,45.3728384754573,231.83415222168,93.7551543194315,105.427925530966,127.027419789632,0,0,207.587779998779,187.672536214193,193.862052223899,152.654717000326,189.782821655273,133.821896870931,0,138.526889801025,197.448148091634,180.245101928711,155.348351614816,109.632118738615,142.405888875326,123.674852371216,0,141.448183926669,121.609890714605,133.261378932644,174.551557319109,99.6925303141276,104.836074375715,109.825043648316,171.783597237723,197.064331054688,177.203950148362,180.573806762695,0,0,130.477202164499
146.622314004337,69.8477024751551,92.9319450006252,123.777415882457,174.472157796224,133.13452911377,147.106645757502,164.87789662679,162.195182991028,149.643547731287,192.620141165597,29.5221077071757,164.900690714518,51.620077979583,145.240746926941,182.704021453857,146.351339975993,58.1845251523822,9.05585791973016,18.3949099052767,175.168090820312,124.06774520874,102.635044791482,102.088778224992,165.834889003209,52.316997933895,34.2402549810318,63.135070819435,171.992944817794,121.031943404559,131.356061753773,51.5648319789342,106.178125883404,135.678099822998,63.8526950049946,228.082778930664,141.860089111328,141.201700310958,134.611985524495,0,0,0,0,0,198.809219360352,0,112.012684069182,0,111.486226717631,229.598785400391,0,0,148.099648868336,118.114103953044,116.118086145279,0,0,152.528131866455,162.014073689779,209.196528116862,69.8103983330004,109.646073847867,111.299475942758,227.577243804932,0,180.591247558594,123.78268874319,0,0,125.661243214327
126.961633128505,68.766105595757,80.6536556234336,103.088549613953,182.062662760417,136.057289123535,175.078136644865,158.565839414243,154.039122790825,146.603096271383,163.246008555094,30.3007677615971,171.076553344727,69.4414250088721,146.936214070742,174.687280654907,128.512486177332,28.5987215806827,18.3949099052767,9.71301004413879,195.417994181315,100.06666626249,100.46181678772,87.3977092462427,154.340778169178,53.4891959267694,30.8443796009533,70.8033723489622,151.342326244676,115.766000698267,101.069472677339,68.6061223080284,111.905416034517,105.515012721012,44.4555533282282,0,119.665852355957,125.267951965332,131.989911397298,0,0,0,178.312850952148,0,203.459579467773,0,89.847053527832,0,124.915958949498,0,0,153.409042358398,134.368562486437,120.542477416992,121.191363360431,0,173.403701782227,147.78022257487,151.827663845486,185.078377859933,73.7126619815826,107.303320208799,111.461528586605,199.017028808594,0,176.444725036621,125.634243011475,0,0,119.179922921317
101.903656005859,86.6324820518494,199.112986973354,76.0630269484086,15.7719483422893,114.947103333705,41.0351653496534,93.0424100062886,90.7488655355338,24.5951420277149,17.7834145932113,157.211042230779,17.9363335218869,159.994659423828,107.47351744957,69.3974862328891,0,181.352380605844,175.168090820312,195.417994181315,9.95747416178573,164.970932006836,55.4358649935041,174.970158576965,16.8583273531209,118.283241271973,183.158928366268,126.798214999112,26.9086546300172,101.606303730388,113.563213572783,182.244052124023,129.476896013532,92.9963671366374,96.6421082054029,0,0,0,87.6207459189675,94.1326188784544,0,173.999909442404,146.008455495365,186.743221058565,116.783581203885,165.118426470689,0,63.2989253608548,0,179.318086242676,128.195821762085,156.276974995931,216.549293518066,0,0,145.567199925014,201.190933227539,75.3233795166016,199.808624267578,118.948432547794,0,205.921653747559,195.014633178711,152.831200724635,199.183519536799,132.179796218872,0,239.408477783203,176.517211914062,184.980714416504
83.2365111273688,102.644680023193,63.4590320095644,52.9093518966126,105.822082519531,168.938827514648,136.847222720875,76.1321487835647,116.962354233686,71.2052920797597,156.60130518133,106.373251949929,196.545349121094,132.961569649833,115.886619434022,0,26.5389508409996,69.5591822644922,124.06774520874,100.06666626249,164.970932006836,13.7474082481265,53.9843182549019,30.8904511354731,53.7650102860049,0,108.629292366352,71.4910360287576,28.7370716169445,68.6871569834907,29.2112844833524,0,139.97215461731,32.4156608647088,48.5697916300398,128.385103861491,0,131.478368405943,66.1262522446482,0,0,0,138.723466292672,162.587268829346,94.0580200619168,134.86604309082,184.225433349609,0,0,156.974642877993,0,111.072597452993,144.804665825584,187.097473144531,169.64345703125,0,113.424140457767,73.7047601146378,113.824682131832,112.905852219154,0,141.233060201009,135.293177542602,117.026182838723,148.016526721773,108.797904174567,0,0,112.452551523844,126.256611173115
112.745771620009,20.879302567938,57.8895866369746,23.4088038542855,59.5542568206787,100.50287882487,97.2891998291016,94.1861198213365,133.719775149697,25.4579969310603,101.233038584391,103.795679532565,107.386820706454,82.014463284526,135.645058949788,77.7502420318793,36.7182725282462,79.3593364268042,102.635044791482,100.46181678772,55.4358649935041,53.9843182549019,8.48824710099258,51.0456040073806,37.2814093568191,68.6076782536849,88.3560464771223,40.7710316828047,60.2589148627097,105.005438048264,50.4101362535348,98.3568895128038,157.458557128906,48.5100678174924,75.8797442747815,156.176038106283,73.3651811811659,94.5751252658125,27.7895076009962,106.368759155273,0,173.172897338867,143.753519875663,170.41744014195,19.2451721191406,0,150.439331054688,0,117.448136647542,144.044104682075,207.074737548828,64.0345696538554,106.521913725754,139.631301879883,142.25951385498,0,81.9080536116415,21.2550673810092,71.2138650848864,87.2344855214213,69.8281021118164,112.13054298868,79.6520972455986,101.06482652363,120.733020782471,87.8632077197639,183.419845581055,0,97.8368403116862,91.8477900469745
97.5405521124182,75.8542260742187,34.4625636480217,50.5861547054288,138.019468688965,152.898698594835,134.827262219088,88.7849952343855,123.710055033366,120.239667640542,143.085196631295,93.4879757615386,182.895053100586,118.907715691461,119.125365074645,149.96063709259,21.3476919287966,33.4292245200739,102.088778224992,87.3977092462427,174.970158576965,30.8904511354731,51.0456040073806,18.1987145290682,82.4787772602223,117.789573669434,69.5279947702585,43.2320257719559,58.6995262281881,93.5906243485709,58.9880571274473,144.315105438232,156.342205927922,69.5221420343775,51.9552194029825,166.425805228097,89.5878421238491,100.674384329587,92.7603281656901,0,0,193.007193429129,151.580134493633,178.588083332983,119.724084680731,164.028902326311,188.941818237305,0,0,169.649000564424,172.217758178711,105.111627478126,117.356594892229,0,151.932313464937,142.880096435547,114.541465802187,66.6132152013473,105.623977646728,140.817735992432,0,146.494261833929,99.8223558474407,144.014744118799,184.521558301202,122.156984358872,166.018783569336,236.673492431641,152.867113385882,119.595939045221
85.3081507963293,78.745710023692,121.633259991023,45.5035135518065,19.9735213854956,114.731640902433,78.2735895759489,66.3386157964731,93.8090298813833,24.8035179666452,57.3817626819015,157.669660493925,26.9211955886529,137.541567802429,97.2657653786628,57.202311782614,29.4317440132406,131.320235464737,165.834889003209,154.340778169178,16.8583273531209,53.7650102860049,37.2814093568191,82.4787772602223,13.9374920577243,118.998096362965,133.934266425823,86.7211946461373,26.0627228239773,85.4837695785433,72.842711979847,160.279964991978,135.998419080462,68.3883765296862,88.7349030924033,127.347398500185,153.558986663818,159.669378083328,67.2449435065774,115.670827865601,186.405700683594,148.553907394409,116.196567945127,149.652593107784,66.8072230204382,136.901073037762,198.361094156901,105.90551087663,0,144.271425170898,116.646450336163,110.780296774472,152.308975492205,0,193.52046585083,118.443852774705,116.230603872691,68.4541592265284,129.566459093596,98.6362078735684,125.887901306152,174.863523937407,152.300558063346,114.673255793736,138.466419847706,114.203098675024,242.659881591797,189.275090535482,121.402286080753,136.680852087859
0,23.6121697254744,105.199897766113,77.4746009082329,127.05179977417,150.783176422119,0,0,96.5594253540039,102.994902634039,160.04443359375,40.6145185786773,139.15478515625,19.8075966146762,0,143.606078147888,0,67.3302372523716,52.316997933895,53.4891959267694,118.283241271973,0,68.6076782536849,117.789573669434,118.998096362965,8.03690408498684,44.5282803176145,17.1340449683009,156.42992401123,83.8562538146973,146.019454956055,52.0222619071839,0,137.75749206543,58.4457071705868,165.449569702148,60.5508833312988,0,55.1455012025504,0,0,0,0,0,120.320003933377,0,67.6125988006592,0,52.4942977423242,191.930145263672,0,0,92.0719223022461,72.1202718294584,85.0431728363037,0,0,87.8564787644606,0,133.900604248047,34.7092521544426,71.6899379407856,71.7303677927477,179.165252685547,166.900314331055,160.075149536133,71.2412747227868,0,0,91.6270599365234
127.445742227945,52.2172211929106,42.7275323510882,97.5285745921888,166.057245890299,179.573454654578,157.727389921392,133.965779957018,149.432786746555,127.836297259828,171.955332363353,34.2888898309852,180.91770362854,33.1620777671055,144.807887191478,162.260410911159,120.703146616618,33.8419414062306,34.2402549810318,30.8443796009533,183.158928366268,108.629292366352,88.3560464771223,69.5279947702585,133.934266425823,44.5282803176145,15.9989212411448,39.6618044911575,130.885891418457,126.097000238847,114.873344349516,30.5468165292128,157.011538813664,125.377696990967,68.8537907763173,191.370328267415,103.466049712381,105.20075094336,117.050466537476,208.061492919922,0,214.485299682617,182.023074606191,212.163672707298,158.348642621722,209.550757271903,111.752088495203,0,108.266608356836,204.068533761161,203.835451761882,149.580638212316,102.301653657858,112.967606462751,106.385428150673,0,168.273834228516,139.086957959161,137.299731387368,176.390913252397,63.1850325918605,94.6472264567364,97.702417573375,188.655336652483,192.652267456055,177.887197875977,119.025512096929,162.959365844727,0,122.508802571428
129.395379156815,31.4663648098142,31.663555129278,37.1755154572134,130.329128519694,162.052448770274,154.287592097691,117.73404409353,147.969757775841,104.691398704379,196.19287516276,68.4790309694078,146.382613863264,25.8196305259526,146.333642914941,136.234353356612,36.1236389893647,67.1339051720747,63.135070819435,70.8033723489622,126.798214999112,71.4910360287576,40.7710316828047,43.2320257719559,86.7211946461373,17.1340449683009,39.6618044911575,15.0695646769953,77.5200408715641,126.927942995818,111.608741446943,23.0042843889183,134.079028431962,132.553371776234,71.7491349618429,188.923285744407,76.0931812583977,91.0587072902083,105.040493223402,162.667394002279,212.136952718099,191.487207552282,160.011624125026,181.031641205396,161.473143804641,175.404078706782,107.963164138794,181.783513387044,102.408241735186,176.841226450602,185.766055297852,103.956600977411,98.0603976530187,116.595109751527,108.514621861592,228.729904174805,143.492700346224,75.9370258703848,102.714754800459,148.943615428188,55.6319650958199,95.0080232399299,91.8175822464233,154.117712842869,190.836036419046,151.463251013505,115.809984818246,170.197166442871,202.719518025716,114.863797487686
82.121288821441,113.491509177468,86.355311040372,59.0943923977425,16.8337367999519,126.432030618602,69.5965974431181,30.7863363829246,89.5180251217705,51.508198003116,27.9974311791443,152.191183920468,43.0202310282921,163.822178704398,95.6166491836173,80.7646708367576,33.3834962187822,124.334526664332,171.992944817794,151.342326244676,26.9086546300172,28.7370716169445,60.2589148627097,58.6995262281881,26.0627228239773,156.42992401123,130.885891418457,77.5200408715641,12.0083514814075,84.4544596102925,44.8715306085437,171.72617409446,134.205959800063,66.7524374301548,73.586822678997,130.049464279346,120.01852162679,158.478952407837,74.2175381189105,130.984463953601,210.613784790039,160.310243821302,126.876173422712,159.422626184863,75.3426972594709,152.572709844633,200.386543273926,139.127433340534,0,152.69070002385,134.872923714774,118.875403587065,157.795891898019,0,187.50057903089,135.504099282351,119.27003890438,78.1350486350782,135.577839244496,105.979295083909,0,171.647257486979,148.564972863566,121.763561910853,142.89963480986,115.286177105374,194.465606689453,184.972608293806,122.658826464698,139.360736822932
21.1879458712551,117.156442642212,127.316811652205,77.8837563460571,102.968901254297,26.6390940993679,79.2511973172361,73.8597207021804,40.9065170268523,78.3007343565412,96.6015641330206,68.6246989453425,101.684657137258,84.8606356675712,27.4526267376557,97.1122154802889,126.148617744446,107.677488695741,121.031943404559,115.766000698267,101.606303730388,68.6871569834907,105.005438048264,93.5906243485709,85.4837695785433,83.8562538146973,126.097000238847,126.927942995818,84.4544596102925,9.79296127933143,31.6485810754206,89.0709678454277,10.2821283144002,16.1126857433384,43.9267368979807,157.933062962123,149.511108398438,161.867872450087,108.601062350803,173.83565051739,0,182.328847249349,149.108981108054,184.144402243874,93.1288104933135,196.574993631114,0,185.195877075195,168.660537719727,198.741970355694,0,155.444061279297,180.574279785156,0,189.208602905273,190.782577514648,159.430488586426,91.9699671128217,186.655694071452,137.62226989514,95.8479804992676,175.604873657227,173.663133216627,143.365786565145,159.796598646376,136.208193544482,0,0,147.587577819824,169.828484429253
26.7559297529683,123.251136779785,84.6922826067641,55.158226209401,113.196853637695,110.788734350312,96.9228391688984,22.5146977142164,77.336050022019,60.0427807701959,137.025732421875,120.091198747486,131.874270629883,152.346826791763,67.1811886421213,98.0457892851396,76.563233506256,81.0563729346193,131.356061753773,101.069472677339,113.563213572783,29.2112844833524,50.4101362535348,58.9880571274473,72.842711979847,146.019454956055,114.873344349516,111.608741446943,44.8715306085437,31.6485810754206,13.1121670435002,158.03018951416,118.569009707524,32.753924174963,44.2398660288898,133.218304720792,110.73998260498,153.291726827621,67.2410672342675,182.674530029297,0,164.676607131958,130.745528242323,170.403521537781,73.6920211848928,169.160612626509,156.608238220215,121.414657592773,0,150.90125244739,174.161819458008,106.530361156929,147.426983697074,0,171.901217651367,0,114.084625780164,69.93727276649,135.712399524191,110.342927102612,0,177.0816796875,152.952305745735,115.596543315062,129.438482496474,109.703982440599,0,0,114.567070751655,126.962750345866
139.341926574707,66.6772618848224,89.2025439522483,96.7248357137044,174.700485229492,106.387519836426,131.565615653992,165.59888543023,124.296347141266,135.31601414536,178.656037764116,44.3549328521294,164.895462036133,14.2220440953221,121.159670573909,166.003758748372,153.611221313477,98.0921646753947,51.5648319789342,68.6061223080284,182.244052124023,0,98.3568895128038,144.315105438232,160.279964991978,52.0222619071839,30.5468165292128,23.0042843889183,171.72617409446,89.0709678454277,158.03018951416,6.37300863894173,89.9901733398438,0,69.2937362670898,0,114.138396263123,149.973180135091,101.057996749878,0,171.006607055664,0,0,0,154.575698852539,0,106.584484702662,0,94.0619897842407,0,0,0,137.214645385742,104.079225393442,111.425827874078,0,0,140.6506690979,0,213.072231292725,74.2091784757726,105.676651087674,103.40503687341,223.183334350586,130.295532226562,0,105.702273505075,0,0,124.618850708008
81.0762258830823,101.152114868164,173.730076260037,121.760693636808,139.122711181641,11.7512047781414,30.3185949637867,121.642848986415,20.821634538934,117.167769731794,123.991874694824,65.5970968121574,109.825567854885,76.5763016325055,16.8675131934971,35.7992624025087,0,172.694667713062,106.178125883404,111.905416034517,129.476896013532,139.97215461731,157.458557128906,156.342205927922,135.998419080462,0,157.011538813664,134.079028431962,134.205959800063,10.2821283144002,118.569009707524,89.9901733398438,6.25323879066327,112.264953613281,43.8568398537843,174.009552001953,0,225.903961181641,133.318698883057,186.113265991211,0,0,190.964472452799,222.530364990234,161.186172485352,223.409866333008,0,201.341115315755,0,206.633292061942,0,0,0,0,0,223.523208618164,0,168.397964477539,0,176.796068253056,0,139.884536743164,197.851127624512,194.248861005229,204.754981994629,189.011165618896,0,0,0,219.280176798503
67.6478714413113,0,120.414249018619,57.4914700564216,80.4446285328966,141.528043746948,103.823835754395,67.590513860707,94.7924572559113,61.2006806002723,87.5712854266167,117.250829820509,88.7165362040202,145.894413539342,94.5419663373162,94.6364365435661,66.8341217041016,96.3364740448557,135.678099822998,105.515012721012,92.9963671366374,32.4156608647088,48.5100678174924,69.5221420343775,68.3883765296862,137.75749206543,125.377696990967,132.553371776234,66.7524374301548,16.1126857433384,32.753924174963,0,112.264953613281,7.08572395433695,31.9784659389466,144.188064575195,0,190.634252929688,79.8613218419692,171.666366577148,0,0,140.769124348958,177.067135620117,61.2759949179257,204.996917724609,0,0,0,155.587419782366,172.439758300781,104.938417053223,159.498489379883,0,146.684799194336,0,118.398537772042,67.1029231331565,132.117385864258,114.409877447434,0,209.670303344727,171.745223305442,116.793348584856,140.696174621582,108.661481051975,0,185.011825561523,131.548294067383,124.067668914795
82.0781478663437,69.4059510803223,66.3267247206837,74.7732054227358,97.997857607328,70.5747115007087,98.4680518495276,87.11448656538,90.4195907428896,90.8577400505876,93.6474233507958,26.5947149652647,101.837992650812,43.993838028754,79.2317306541112,118.728828802341,88.0576063479231,45.3728384754573,63.8526950049946,44.4555533282282,96.6421082054029,48.5697916300398,75.8797442747815,51.9552194029825,88.7349030924033,58.4457071705868,68.8537907763173,71.7491349618429,73.586822678997,43.9267368979807,44.2398660288898,69.2937362670898,43.8568398537843,31.9784659389466,12.8336933869819,167.14234161377,100.520806206597,116.402191986909,94.0369936186692,223.792907714844,0,184.943335396903,149.773245884822,186.095322829026,86.7731374104818,179.464707808061,170.576161702474,174.747227986654,120.094680786133,163.25022277832,0,127.49916595459,123.525406101772,0,125.872573852539,191.675231933594,128.871630765954,86.0616883670583,130.356580075351,137.101108056528,68.9496231079102,122.058508586108,119.677966556993,144.874182939529,170.192824227469,127.689507281194,179.183517456055,0,99.0881156921387,137.002972412109
0,0,144.61333211263,179.003318786621,140.454650878906,179.800384521484,177.30249786377,151.901065402561,156.554268519084,121.291656494141,174.187339782715,228.35026550293,116.808403015137,191.379013061523,153.321171896798,0,121.222663879395,231.83415222168,228.082778930664,0,0,128.385103861491,156.176038106283,166.425805228097,127.347398500185,165.449569702148,191.370328267415,188.923285744407,130.049464279346,157.933062962123,133.218304720792,0,174.009552001953,144.188064575195,167.14234161377,11.2124717297878,90.3539505004883,109.191617818979,61.678045968029,73.3424220365636,70.701545715332,87.78722851093,33.0091001813373,48.3753840065295,64.5093811298239,61.1354314924905,120.915390014648,74.8200580051967,160.001078796387,15.7008149146676,90.0867118835449,142.390268961589,95.2991579191281,141.616149902344,113.266315891579,84.0597877502441,78.4271404559796,86.0364936828613,97.51178250994,74.3381536295126,184.606719970703,124.871822703968,133.174963025904,74.2196265093337,17.1810168279843,24.193242536412,156.16342090425,113.992883046468,45.3655767682232,77.1764131870036
0,95.8701210021973,73.6346483964186,72.5640029907227,0,0,0,125.690368652344,0,114.228204727173,173.890289306641,102.758975982666,0,82.9529332147128,138.712661743164,0,99.7892913818359,93.7551543194315,141.860089111328,119.665852355957,0,0,73.3651811811659,89.5878421238491,153.558986663818,60.5508833312988,103.466049712381,76.0931812583977,120.01852162679,149.511108398438,110.73998260498,114.138396263123,0,0,100.520806206597,90.3539505004883,7.64629681267287,42.7246110098703,17.8880397533146,128.732192993164,0,151.725666046143,113.616869839755,147.226429748535,70.0531820933024,116.020988464355,69.5475282073021,0,56.4469262712596,161.400238037109,120.496847744646,66.0797906933409,41.8888442081961,77.5483649117606,55.5789205586469,0,100.78957578871,21.6547517819035,75.638980619369,81.6653430113318,16.6300528155108,49.6984290833376,31.0221197668308,120.3594871521,148.871365865072,110.220390319824,74.4320862509988,0,0,60.8636280764704
174.398559570312,98.8263517379761,91.9541166748319,63.2570069630941,198.46789932251,0,194.612838745117,165.952694147283,190.807111104329,155.21129544576,207.819135030111,134.520251612509,171.292724609375,130.087978363037,184.596037728446,0,113.261833910672,105.427925530966,141.201700310958,125.267951965332,0,131.478368405943,94.5751252658125,100.674384329587,159.669378083328,0,105.20075094336,91.0587072902083,158.478952407837,161.867872450087,153.291726827621,149.973180135091,225.903961181641,190.634252929688,116.402191986909,109.191617818979,42.7246110098703,12.4842123564616,62.6702814755374,142.90368270874,154.326594352722,127.388549080873,88.789443100555,117.347043929703,98.7409474182129,103.231161085005,95.592477622399,142.843758477105,94.9626377200292,114.279027871069,128.83643927941,93.8604642427885,42.7145975425034,83.1212032318115,65.0323319548795,159.241485595703,56.8105986993524,59.1937596147711,32.1618632195585,102.736428224123,96.7129096984863,28.3352743233902,28.0674418337437,77.990393703931,133.386668591981,103.42140081069,89.8806511561076,171.107194519043,126.352008653724,63.0326381491149
