10.7430139607003,127.786301749093,105.640633203897,61.1770067962946,108.672841389974,80.6348946889241,92.0605325271834,32.4926168240486,54.5638685533068,64.5121465340639,52.9304364307366,143.134603583294,107.815745035807,151.342379570007,20.7576586811976,174.532127380371,122.945343017578,105.063027788953,137.499066352844,128.710941391651,102.219488830566,84.115590194176,87.3379730648465,96.373624415756,79.3270083340732,102.845848083496,127.466552975005,137.125593169397,78.7529340691583,22.7396275132075,31.3981375724223,164.90293375651,87.2305452982585,28.2003976783473,67.2856774841036,126.266342163086,145.463348388672,163.217349243164,81.7786898459158,0,0,191.904350280762,123.745531717936,158.91056236854,94.5453168428861,170.435239519392,0,169.313934326172,0,159.010790311373,0,182.171360015869,153.801849365234,0,193.087860107422,222.655502319336,166.179077148438,76.8985809326172,174.88388633728,115.07705380501,0,184.7598473044,184.255545831496,122.309104021858,146.226037066916,122.861452986554,198.554428100586,229.972061157227,129.725419044495,137.193073272705
127.786301749093,7.62419287367439,58.5893155650089,31.8513341529753,142.423341751099,0,190.694152832031,136.362473805745,158.966784340995,87.9679694320216,150.90852355957,65.4617677462303,97.7080978393555,53.696044909429,161.233660888672,129.037296897487,64.8346292650377,52.2940323932023,67.5828669738769,51.1831738902073,123.035245259603,124.87106628418,25.3211158619446,105.369432687759,92.6100574957048,22.5619099428366,46.0675407020669,31.3211030412322,107.037133258322,119.632810910543,117.617957667301,66.9578089280562,144.268679300944,0,66.3194406429927,0,60.960111618042,89.1169926138485,60.1423813213002,164.931900024414,0,0,137.237731933594,0,135.830368041992,162.770492553711,127.559085845947,138.812708536784,110.24751739502,182.32640838623,0,229.738830566406,112.199869155884,0,110.222352027893,173.526733398438,0,92.2212623596191,87.6526699066162,146.683804512024,75.7715330123901,102.148884483006,98.2896223619249,181.375747680664,0,0,150.529251098633,0,0,120.539454142253
105.640633203897,58.5893155650089,13.3454833147479,93.7009464774545,129.547215779622,169.988166809082,146.113066402986,100.188962411003,122.822013781972,113.81714282717,114.047437875052,98.9398451323556,153.465742928641,115.395160840905,120.705989879637,141.281632163308,89.1225323032688,38.1857990767194,114.493799546186,77.6839504185679,170.446837531196,67.1189373481564,68.198689625181,35.4378914134783,114.053050892602,127.150360107422,34.773393824732,38.3674513665672,88.7882069088947,125.14766346939,90.5754274617013,100.084913253784,167.169892287836,121.233928811961,65.4973142734472,197.415478515625,81.378949226417,96.073199449821,77.4644037485123,192.263153076172,0,222.087509155273,162.519077207984,197.039784749349,170.447220802307,187.151748657227,153.372060775757,169.522857666016,144.279347419739,190.117057800293,0,109.747761754706,106.171273050854,151.214329189724,125.224173494088,0,131.403671891722,81.6478471898321,99.6751945087093,146.138305781438,123.958479563395,107.832401363276,95.7801237616782,150.594773473818,183.498391045464,145.409968482123,163.215042114258,0,175.310846964518,129.802457173665
61.1770067962946,31.8513341529753,93.7009464774545,14.1296720604102,52.7826825800076,110.080516815186,96.9263929202233,61.2584250404095,81.3321021035214,42.4096825618065,80.2254036481108,102.986632999621,94.0607621566109,58.9906305241808,85.0780037868361,92.6795471191406,44.0036078344418,71.8608374624541,107.043322753906,74.7641860018955,66.1253185272217,55.1061680376829,42.6581932429063,84.1720813001905,37.4261674320091,31.702061411045,51.5791510311677,43.7122666381209,51.0213596014275,67.0419205403531,52.7633115327063,80.8772283281599,115.81254537482,55.3978295175653,65.8552390916545,84.4234138488769,103.912963867188,126.819922597785,12.2190272467477,91.5219488143921,122.373077392578,90.1046245799345,82.0150329792394,100.275691986084,25.2185650868202,88.2559906641642,140.31134185791,86.3159604390462,130.834568370472,104.667153958921,145.077178955078,79.2342421667916,106.466649627686,220.745788574219,132.173937225342,77.4364151587853,94.1846195402599,84.5983335595382,123.33891413762,62.3767554062423,0,123.006385803223,123.978452220108,78.4967773839047,97.833945274353,78.9551903406779,159.2412109375,123.500396728516,90.2885882059733,105.262320298415
108.672841389974,142.423341751099,129.547215779622,52.7826825800076,7.0672641347848,115.905536998402,88.2418848402957,63.6139129985463,99.9417862945728,44.7166281857165,21.8505606225216,159.588476080644,21.824555126458,170.083038330078,117.247047356998,65.3697189164292,106.419151306152,223.398452758789,179.907638549805,199.955032348633,12.4877830684416,0,56.4617832728795,141.657531738281,17.5764950554243,142.137390136719,154.853555467394,143.915578095809,19.8866207201187,103.933071531691,88.810544695173,159.648223876953,138.416068213327,98.3282318115234,103.219334602356,121.929916381836,196.574523925781,205.760238647461,93.8714996337891,25.0531126976013,0,141.72802734375,122.489986419678,142.320872393521,88.2333617354884,137.21704994364,0,76.7342831028832,0,136.527552468436,102.292672293527,170.331466674805,0,0,238.142074584961,48.729669058254,0,178.527816772461,162.798634847005,110.296485964036,0,239.649291992188,196.747657775879,133.867035553235,154.287958984375,146.482948303223,0,0,135.723033905029,130.634883880615
80.6348946889241,0,169.988166809082,110.080516815186,115.905536998402,7.77798665646637,7.45699925416169,122.666467554429,17.5352477648966,68.9830432691072,115.302874277873,62.7662087499568,99.7502064424403,97.0021233558655,25.4452197189504,15.2976819807132,0,150.968937344021,86.5670829772949,101.479877895779,119.869731712341,0,88.9885711669922,104.848232269287,103.659161515669,78.2293319702148,155.561192830404,106.886050633022,121.530114491781,29.287806256351,123.196029663086,96.026606241862,12.1803841774844,76.2181638081868,30.1153385311092,0,0,0,137.251495361328,0,0,0,165.501190185547,202.559239705404,156.043304443359,0,0,170.477040608724,0,199.680786132812,0,0,0,0,0,212.621368408203,0,0,0,162.397020339966,0,0,135.36092376709,204.672943115234,193.940086364746,218.441864013672,0,0,0,0
92.0605325271834,190.694152832031,146.113066402986,96.9263929202233,88.2418848402957,7.45699925416169,12.4601157136064,67.8224915940807,22.4537906118057,80.4048586354672,43.4455296953206,95.3825325547603,28.1266746870051,118.353804016113,34.4406612776237,13.7384997812229,0,159.491463000958,128.949873082778,159.740822792053,76.1244933164572,132.02359814114,134.471304151747,138.006119864328,88.0700969612876,130.033774058024,167.536377334595,159.877681400465,80.4196437566708,45.392523369447,120.42758140564,173.101804097493,29.944708706769,114.791638565063,66.3176431316297,162.38482775007,217.882064819336,222.242080688477,123.626229095459,172.63274102462,0,162.963096169864,154.241238610219,166.826168060303,99.7974415829307,159.938254179778,0,147.32215387681,0,182.228082711356,173.319450378418,0,180.546493530273,0,0,156.002444585164,200.688117980957,164.510594685872,188.086502075195,136.753905105591,0,217.136547088623,194.794697352818,156.997845168941,185.3133837382,169.602061971029,0,0,165.267384120396,169.442730712891
32.4926168240486,136.362473805745,100.188962411003,61.2584250404095,63.6139129985463,122.666467554429,67.8224915940807,11.319699795178,69.0610709841474,62.4859518257168,22.7157834158495,147.712481601633,70.9775143881405,165.112936019897,45.2645286489039,76.3445354618438,118.571472167969,105.013174565378,169.060377756755,148.617593601772,101.21169510723,72.041711507634,88.3642463684082,85.1944261284374,66.187961236883,149.130952314897,133.380842424337,125.051323744295,32.8770356378404,70.053385127278,30.9490313085827,178.418438182158,125.865599215761,67.0433768932636,77.1911455308748,129.259870529175,153.509318033854,174.713987483535,83.2102257742811,131.665153503418,0,141.554512224699,119.356145767939,146.035272934858,79.8644517489842,137.616147707586,204.912536621094,133.212214660645,225.458602905273,152.616953476616,128.137823486328,146.352799064235,177.013630458287,221.62385559082,190.255383300781,134.485039847238,148.7564453125,96.7488340490005,159.158093710507,112.556398440756,183.167877197266,184.987830025809,172.250211547852,123.715817966158,137.583279745919,122.161037037966,0,192.716831207275,128.055895735578,138.456268422744
54.5638685533068,158.966784340995,122.822013781972,81.3321021035214,99.9417862945728,17.5352477648966,22.4537906118057,69.0610709841474,13.2559382495829,84.1946977268566,43.7050957506076,94.5494493552935,89.0523615115117,112.735011881048,23.9516980939096,38.5604596935973,142.479702758789,128.077776775602,111.573145895293,150.594103297371,94.0206286362776,106.508197784424,128.805987596512,115.89967112982,89.0144686829913,100.718021392822,150.549133130124,153.054705419658,91.593526498782,50.366255082708,82.7575859868162,159.723413594564,13.9374773808969,96.2993441413431,66.4785546415459,145.058521848736,190.366973876953,187.246352422805,99.9605037547924,159.328940651634,195.300170898438,156.17032068426,142.673750355296,160.538714134982,108.807766651285,153.428458513532,209.255891799927,154.072692252494,168.64168548584,169.084208853585,154.682689121791,165.895745277405,198.445495605469,198.094665527344,212.90319519043,161.474752856839,178.600613911947,153.131861877441,191.000683991805,129.269728426073,152.812774658203,207.364909035819,195.484962154079,145.526610903396,167.939016420242,153.597987349315,188.270706176758,220.986668178013,153.339036124093,168.193829180246
64.5121465340639,87.9679694320216,113.81714282717,42.4096825618065,44.7166281857165,68.9830432691072,80.4048586354672,62.4859518257168,84.1946977268566,7.75462270533573,71.5354540679833,135.200981786696,13.6346335737161,126.548670384533,91.2916260165768,20.0795029127252,94.2487419128418,119.347471436458,149.576277959914,142.971185796401,44.1718501712965,72.1740770693178,27.9505687911773,102.121657022616,23.3315968830018,108.789441943623,133.185485875831,113.032613295749,49.1069919887789,69.2710308825716,52.2570751748211,146.308735847473,120.152143239975,57.9588641812724,98.2153687575768,86.5114339192708,164.969779968262,179.288591384888,15.7288525775075,91.7389397797761,0,109.097403012789,82.0170549245981,106.177757873535,29.4772875363177,97.5920018005371,175.66047668457,54.8086497342145,196.154403686523,108.001885500821,88.4513034820557,125.443012237549,185.779184977214,0,213.37760925293,90.408960442794,139.992095947266,79.7161235809326,150.360954920451,68.8548695700509,168.899705505371,196.591724102314,183.558401942253,92.3246769187725,98.5672668294704,90.3563138385152,0,0,78.7178463406033,118.425455533541
52.9304364307366,150.90852355957,114.047437875052,80.2254036481108,21.8505606225216,115.302874277873,43.4455296953206,22.7157834158495,43.7050957506076,71.5354540679833,12.9019423691705,150.650857296982,32.1124112873611,171.138919830322,55.7835493255434,66.2924455915179,183.06524848938,116.375138722295,167.595297420726,155.095326268396,18.5332722128969,96.4967789501877,111.924934005737,102.129563106961,57.0418931009419,164.044446672712,146.341408545414,144.770636370082,27.2897069968864,92.4361804909017,65.4724986860977,178.842343648275,124.087268364139,85.4378921776487,92.3356327816013,163.698404584612,173.694625854492,179.580093383789,119.685885620117,154.532578710608,218.671661376953,157.87791933806,140.62409447564,159.166194689328,100.846333614012,152.7279583747,206.860204060872,139.280685718243,0,176.596579860634,145.272374979655,167.710409981864,206.140233357747,0,198.375068664551,150.194032571255,133.914108276367,142.45637512207,176.098058064779,123.835074188255,0,189.939185006278,180.612158573035,147.044422441265,169.796523502895,151.065670116528,0,207.719759259905,152.192736575478,172.372456400018
143.134603583294,65.4617677462303,98.9398451323556,102.986632999621,159.588476080644,62.7662087499568,95.3825325547603,147.712481601633,94.5494493552935,135.200981786696,150.650857296982,11.5737433811733,142.764473118194,15.4395183404673,91.4882393276119,152.813088099162,120.824559529622,53.7762938391139,19.5257249312316,26.1270015092297,149.671863555908,114.434078538922,103.320216638902,99.2346504025343,149.225119315538,32.0443905775969,23.1270146731789,57.6405907151943,143.87101997124,73.3317544163188,135.648542391543,27.7530596103246,66.5077063193001,113.389722650701,31.3971491406053,185.760559082031,109.225051879883,149.573840870577,92.7336054907905,0,0,0,201.820870535714,222.65572865804,147.739707946777,218.566253662109,105.710608100891,0,72.7875529532825,195.185546875,0,127.851509094238,137.912100219727,96.9933181762695,117.21948928833,217.618087768555,0,131.874834696452,158.397833506266,181.887114132152,67.1341015742375,109.968255370203,103.983160651774,196.724566650391,222.390533447266,179.793838500977,97.1272966100814,0,0,169.61205291748
107.815745035807,97.7080978393555,153.465742928641,94.0607621566109,21.824555126458,99.7502064424403,28.1266746870051,70.9775143881405,89.0523615115117,13.6346335737161,32.1124112873611,142.764473118194,11.8921683786753,158.336129252116,108.634418649124,23.6543399132404,0,194.103878445095,167.35316212972,168.0805300758,15.5827444209162,132.677342732747,76.1346435546875,156.223434448242,35.3961581225745,141.930229187012,179.163211495536,143.724868774414,47.8382141079306,104.694413704814,134.454200744629,175.220278930664,119.620834435122,103.67040802002,103.267406321963,0,0,193.369522094727,139.696521759033,93.9938671035767,0,166.71032955772,149.029413284794,167.850633115185,85.6829616970486,152.835880621886,0,23.9773155712682,224.764984130859,198.420232137044,98.3966887337821,122.138961791992,0,0,0,67.844407679671,175.474680582682,109.904960632324,194.293930053711,118.789945878088,0,0,169.534022331238,151.438477312932,176.562215019675,165.494163513184,0,0,143.458752950033,169.73841381073
151.342379570007,53.696044909429,115.395160840905,58.9906305241808,170.083038330078,97.0021233558655,118.353804016113,165.112936019897,112.735011881048,126.548670384533,171.138919830322,15.4395183404673,158.336129252116,8.52436488924731,121.4901730897,171.946690063477,135.705680847168,101.839394463433,51.3456761318704,68.069927687872,164.357626597087,144.413696289062,86.6519216284694,171.592074394226,139.098179942721,20.3255548205681,27.9829249681731,32.66725015827,159.137186686198,94.2201532717104,154.452620697021,14.5638893619338,80.338495823375,160.463297526042,66.3196728557063,0,97.6457029830578,160.925197056362,61.3733996852752,224.10920715332,0,198.835098266602,194.1123046875,233.420501708984,156.417877490704,236.922592163086,83.9676635496078,165.660758972168,68.2995057179919,0,0,168.910263061523,128.682739257812,90.1755308671431,110.779370727539,0,187.250503540039,118.958898962998,0,190.37038542095,55.2811116720976,97.43540828228,85.2958751611461,218.149620056152,206.869453430176,0,90.3899302763097,0,0,120.537499491374
20.7576586811976,161.233660888672,120.705989879637,85.0780037868361,117.247047356998,25.4452197189504,34.4406612776237,45.2645286489039,23.9516980939096,91.2916260165768,55.7835493255434,91.4882393276119,108.634418649124,121.4901730897,12.0301051566129,74.4719533758648,156.487789154053,118.744107717778,113.98266926641,139.477703799996,111.476025208183,103.187264086252,123.709484100342,109.540999505023,101.490098672984,106.464108176853,141.230018558359,145.155442896897,99.5530451980051,24.6823185405855,61.384159961998,151.763909559983,15.9667088213516,61.3901612079927,61.8276939749483,158.613957722982,0,195.567276954651,99.1734527819084,169.991292317708,0,176.103476524353,150.69032852371,176.785310745239,103.901145448076,178.920951625279,206.686458587646,156.773529746316,209.146057128906,180.112868652344,0,0,201.709635416667,0,207.359854561942,187.348805018834,175.815536499023,133.145889282227,186.682898966471,140.178165087829,0,198.114358901978,189.769323682028,148.394065354587,173.714156741188,150.356450678228,0,211.365478515625,174.792698910362,161.379704010792
174.532127380371,129.037296897487,141.281632163308,92.6795471191406,65.3697189164292,15.2976819807132,13.7384997812229,76.3445354618438,38.5604596935973,20.0795029127252,66.2924455915179,152.813088099162,23.6543399132404,171.946690063477,74.4719533758648,8.71648778045911,186.948486328125,154.51634979248,0,165.493292236328,61.7348301404283,0,82.7525062561035,0,42.3527592139908,147.40564205772,159.414054283729,146.01793579557,78.8783466941432,62.543867148242,132.436172485352,169.61491394043,41.8356560713856,120.340257263184,102.107491233132,0,0,0,110.103370666504,136.133399963379,0,200.23628616333,165.158162434896,163.90907796224,78.9192344665527,163.715413411458,0,58.2236198425293,0,185.544967651367,61.7594566345215,0,0,0,0,137.081598917643,0,160.748031616211,0,136.990685096154,0,0,229.755635579427,151.165606180827,186.946365356445,0,0,0,160.467147827148,187.236343383789
122.945343017578,64.8346292650377,89.1225323032688,44.0036078344418,106.419151306152,0,0,118.571472167969,142.479702758789,94.2487419128418,183.06524848938,120.824559529622,0,135.705680847168,156.487789154053,186.948486328125,14.4001383354339,102.890996596392,0,131.934334564209,0,22.7724517355916,32.0264450596692,21.12324094067,30.3797371746769,114.998845418294,106.269833183289,29.4554621595871,44.4643236467981,100.833035605294,76.9692268679219,128.110900878906,140.102882385254,0,82.6982125522328,120.208961486816,98.4625701904297,118.459375180696,72.0036642140356,0,0,0,134.535963205191,129.568908691406,0,153.828063964844,0,0,0,180.009017944336,0,90.8505113716091,136.414581298828,0,161.337047031948,0,110.25494048619,55.4611589290478,97.5163012464267,69.5297501246134,0,156.409876687186,98.4981758255675,121.701332545517,133.279323577881,103.563958699724,0,0,175.973526000977,110.631361119887
105.063027788953,52.2940323932023,38.1857990767194,71.8608374624541,223.398452758789,150.968937344021,159.491463000958,105.013174565378,128.077776775602,119.347471436458,116.375138722295,53.7762938391139,194.103878445095,101.839394463433,118.744107717778,154.51634979248,102.890996596392,9.71641115848498,58.0220223350086,29.561898255245,196.667205810547,59.8745691273922,79.6295920099531,20.4670403240398,126.747785365328,79.7409248352051,35.1994489036586,64.5932777206744,110.211494054773,92.9254017913691,74.5934227683992,93.7035319988544,115.122991032071,80.6208487865972,36.6162308803424,191.186986287435,85.1651993183174,103.780878099491,90.1518428666251,0,0,208.032379150391,178.953243255615,216.785068511963,155.638181050618,213.088134765625,186.991394042969,0,141.278433118548,213.123315429687,0,122.154510892671,109.805999142,173.875289916992,115.413450365869,0,144.915131160191,90.8192227473024,118.349335796077,160.373656532981,129.908676147461,103.791419844966,105.466575753199,165.002894960601,165.451131184896,155.483081579208,163.926643371582,0,178.00617980957,127.004512786865
137.499066352844,67.5828669738769,114.493799546186,107.043322753906,179.907638549805,86.5670829772949,128.949873082778,169.060377756755,111.573145895293,149.576277959914,167.595297420726,19.5257249312316,167.35316212972,51.3456761318704,113.98266926641,0,0,58.0220223350086,8.61470423091566,16.0934671406313,167.135568237305,117.171556684706,108.735893758138,101.554368518648,166.033420017787,42.6658879612269,25.1046207848267,61.763276390317,167.387449645996,91.6530560297323,119.44572202621,53.0710897665419,95.2164246764364,111.723726609174,59.074057676723,0,112.449541091919,158.256887817383,188.504501342773,0,0,0,232.946578979492,233.519645690918,149.227600097656,0,102.926278114319,0,90.8501592286876,0,0,185.986846923828,134.396850585938,107.428941345215,109.703501162322,0,0,164.660133361816,168.387664794922,214.32004292806,69.457471700815,104.541310020115,102.906134843826,213.830718994141,0,0,108.894862704807,0,0,188.191314697266
128.710941391651,51.1831738902073,77.6839504185679,74.7641860018955,199.955032348633,101.479877895779,159.740822792053,148.617593601772,150.594103297371,142.971185796401,155.095326268396,26.1270015092297,168.0805300758,68.069927687872,139.477703799996,165.493292236328,131.934334564209,29.561898255245,16.0934671406313,11.6657316939041,167.830506824312,103.840257436743,101.26689738319,81.5760301737718,153.378292014382,45.2299723589862,32.6792973906953,65.4076984721611,142.848976715751,108.548562435181,107.602579087922,60.0776085632135,91.2644134306572,99.1758259082663,42.9330025223372,0,98.3754930496216,132.315615727351,96.354807111952,0,0,0,176.212763468424,214.117218017578,192.712031046549,233.6142578125,120.998044527494,0,114.343460785715,202.616096496582,0,140.081034342448,118.963544921875,112.534330749512,106.7688380958,0,173.861198425293,142.673857794868,144.976812943168,195.792268117269,77.5976336711162,102.561494017838,104.851608840903,181.884442138672,207.071212768555,166.607423048753,126.55395193661,172.93962097168,233.878372192383,116.770722707113
102.219488830566,123.035245259603,170.446837531196,66.1253185272217,12.4877830684416,119.869731712341,76.1244933164572,101.21169510723,94.0206286362776,44.1718501712965,18.5332722128969,149.671863555908,15.5827444209162,164.357626597087,111.476025208183,61.7348301404283,0,196.667205810547,167.135568237305,167.830506824312,9.26408300901626,149.645843505859,69.3087427475873,180.369882202148,24.4339396049115,138.346382141113,183.833190114875,154.726650331079,29.2581242405998,105.374895997243,134.474599664862,169.504501342773,132.614077375235,94.0213185628255,98.8373300170898,143.365341186523,142.692367553711,216.428375244141,101.952123369489,118.400749152047,0,152.860088653564,136.19605255127,161.365053431193,81.5880712661068,139.159910599391,0,25.2070640596886,0,167.971251678467,110.821363176618,141.516403198242,0,0,0,26.2416535378239,0,123.319355010986,0,109.449209877689,0,0,181.584164428711,137.492487473921,180.394329979306,184.221189880371,0,0,167.822800772531,182.343203735352
84.115590194176,124.87106628418,67.1189373481564,55.1061680376829,0,0,132.02359814114,72.041711507634,106.508197784424,72.1740770693178,96.4967789501877,114.434078538922,132.677342732747,144.413696289062,103.187264086252,0,22.7724517355916,59.8745691273922,117.171556684706,103.840257436743,149.645843505859,11.7201772062042,55.609602572659,31.9792441935502,31.8636148702274,0,104.447081012326,64.6393938232491,27.8444723378281,39.1508629240572,30.8090312254889,155.856903076172,126.184084211077,41.4318236578078,50.3021914471188,135.404499053955,170.263229370117,141.848089599609,78.6561067581177,0,0,192.908767700195,139.873612239443,151.646235148112,145.884857177734,173.792922973633,0,0,0,148.065072866587,0,107.322088519979,151.29863858223,0,172.550632183368,0,115.826159171008,70.7660758068107,117.571074612525,108.579512304114,0,173.62830622056,130.354718017578,116.608077545532,136.584357628456,108.639613745993,0,0,105.225718758323,123.608561197917
87.3379730648465,25.3211158619446,68.198689625181,42.6581932429063,56.4617832728795,88.9885711669922,134.471304151747,88.3642463684082,128.805987596512,27.9505687911773,111.924934005737,103.320216638902,76.1346435546875,86.6519216284694,123.709484100342,82.7525062561035,32.0264450596692,79.6295920099531,108.735893758138,101.26689738319,69.3087427475873,55.609602572659,8.81152628136669,51.5313242422457,34.0382489330585,65.2691487753788,92.0423095825522,42.0378394844131,57.0125689669139,79.802663896142,53.8051559371178,102.994106837681,153.714027404785,55.2955087314953,68.220191565893,0,94.7231840653853,119.167453668056,57.6899311759255,144.141426086426,0,0,154.57137298584,132.358669281006,93.6536916097005,135.28783416748,127.961853027344,124.346094767253,140.77685508728,176.366862705776,0,71.1238170235844,114.046836853027,187.401557922363,144.493751525879,175.188346862793,76.4152551588121,49.3238212006991,96.717496213046,87.1473084870759,113.643480573382,117.162761688232,114.389556224839,90.4822657745663,133.211033291287,79.4906541768787,135.643585205078,0,81.1568908691406,92.2527530670166
96.373624415756,105.369432687759,35.4378914134783,84.1720813001905,141.657531738281,104.848232269287,138.006119864328,85.1944261284374,115.89967112982,102.121657022616,102.129563106961,99.2346504025343,156.223434448242,171.592074394226,109.540999505023,0,21.12324094067,20.4670403240398,101.554368518648,81.5760301737718,180.369882202148,31.9792441935502,51.5313242422457,16.0726676196082,72.9771747708635,127.194755554199,78.3478209776579,42.1160063307489,60.8662469055865,80.6795951722059,57.1050774450341,135.532249450684,143.492303287282,75.5298478565519,47.2908839441704,0,116.891625348259,108.347184967335,79.1779454374967,235.262298583984,0,186.810073852539,144.854224700928,180.044548621544,128.353277206421,158.078915066189,129.321594238281,198.380722045898,198.691365559896,176.898180874911,231.283966064453,98.7531742186322,131.315525844179,178.645111083984,147.279612997304,151.127197265625,117.084709137794,66.8576865484251,104.11653301292,127.943604183681,145.99462890625,142.178619384766,102.693777957796,136.802187213461,170.744239262172,122.595636563251,228.10489654541,0,157.943176269531,130.074268506921
79.3270083340732,92.6100574957048,114.053050892602,37.4261674320091,17.5764950554243,103.659161515669,88.0700969612876,66.187961236883,89.0144686829913,23.3315968830018,57.0418931009419,149.225119315538,35.3961581225745,139.098179942721,101.490098672984,42.3527592139908,30.3797371746769,126.747785365328,166.033420017787,153.378292014382,24.4339396049115,31.8636148702274,34.0382489330585,72.9771747708635,11.6134986106268,117.574193497104,137.840441226959,99.8507097346361,21.3427392820869,82.0378674503841,72.1775145381066,157.704695739746,136.375578349069,72.2889501687252,96.1071993234589,114.836214972931,151.672189076742,156.35174402014,53.832200659362,121.0321841326,163.139545440674,134.769936523438,109.842809952796,133.095509538027,66.3962486181975,123.616891621934,181.693085410378,108.673288044785,198.599244435628,139.248531655872,119.512298329671,108.19885968699,166.761868684188,204.491680145264,193.809449089898,117.049589969652,117.700405720914,71.22098353174,128.492294042646,92.975829015084,156.431894938151,187.704582779496,149.196281984362,108.760178233906,131.234350595382,107.859271898044,215.876724243164,170.786331176758,114.94381778075,129.478674547172
102.845848083496,22.5619099428366,127.150360107422,31.702061411045,142.137390136719,78.2293319702148,130.033774058024,149.130952314897,100.718021392822,108.789441943623,164.044446672712,32.0443905775969,141.930229187012,20.3255548205681,106.464108176853,147.40564205772,114.998845418294,79.7409248352051,42.6658879612269,45.2299723589862,138.346382141113,0,65.2691487753788,127.194755554199,117.574193497104,6.3909821532809,47.4648782654314,26.4318779064716,138.548463921798,85.3527763366699,144.789150238037,50.0057674610254,80.5109530639648,105.887405395508,52.4736748807257,0,63.071008682251,118.189926147461,47.3715987035206,217.700663248698,0,0,197.266498565674,0,122.426607767741,0,81.3982717340643,185.329427083333,68.2782101920157,0,0,0,103.570678710938,80.7796231783353,89.7835724966867,0,174.433486938477,116.967482566833,172.310615539551,166.382625579834,37.8529188540075,77.8842383427406,74.6168210640228,183.462443033854,172.409332275391,190.891036987305,82.3411875355,0,0,99.2720520019531
127.466552975005,46.0675407020669,34.773393824732,51.5791510311677,154.853555467394,155.561192830404,167.536377334595,133.380842424337,150.549133130124,133.185485875831,146.341408545414,23.1270146731789,179.163211495536,27.9829249681731,141.230018558359,159.414054283729,106.269833183289,35.1994489036586,25.1046207848267,32.6792973906953,183.833190114875,104.447081012326,92.0423095825522,78.3478209776579,137.840441226959,47.4648782654314,19.0962703333542,38.2735759429116,129.760455214557,120.47349843835,115.230834477143,27.6030979211303,121.976268046611,119.828723706697,66.3203009562745,181.149703979492,74.4483274126156,104.065703749765,79.9685884939658,168.295074462891,0,231.885055541992,183.44076983134,206.68959757487,181.75389661287,0,112.657421941343,170.766876220703,98.9111440800438,195.010188176082,0,144.776623044695,101.737801477368,109.69008931075,103.039430354192,0,145.899756487678,121.976696323704,141.040056228638,181.845306597258,71.0066030768938,95.9062100037257,97.8049288379105,184.613034283673,189.595621381487,167.193000446666,111.355043811958,0,162.822756086077,121.388791369784
137.125593169397,31.3211030412322,38.3674513665672,43.7122666381209,143.915578095809,106.886050633022,159.877681400465,125.051323744295,153.054705419658,113.032613295749,144.770636370082,57.6405907151943,143.724868774414,32.66725015827,145.155442896897,146.01793579557,29.4554621595871,64.5932777206744,61.763276390317,65.4076984721611,154.726650331079,64.6393938232491,42.0378394844131,42.1160063307489,99.8507097346361,26.4318779064716,38.2735759429116,17.4525534802679,80.1906921231403,119.097605361016,116.491404236528,31.9319467339087,119.247554825013,124.1062707901,67.2369451808919,173.690310934316,80.7902088853179,95.4209403207067,68.1307646589459,196.532672119141,164.85871887207,203.925681220161,163.789948282363,202.413793606228,156.590841885271,187.686530219184,115.440948207883,176.401192801339,100.139310499142,191.760099991508,218.337509155273,91.9488452104584,106.126258758618,113.544697298322,108.319423683812,178.79338200887,128.368754843007,66.9418307500373,100.039966252229,143.022616218118,71.6893162271503,99.7530980144924,94.3195705201221,148.617920152072,190.81413736651,155.083401857573,112.505617326306,135.197952270508,171.227075195312,123.835357004507
78.7529340691583,107.037133258322,88.7882069088947,51.0213596014275,19.8866207201187,121.530114491781,80.4196437566708,32.8770356378404,91.593526498782,49.1069919887789,27.2897069968864,143.87101997124,47.8382141079306,159.137186686198,99.5530451980051,78.8783466941432,44.4643236467981,110.211494054773,167.387449645996,142.848976715751,29.2581242405998,27.8444723378281,57.0125689669139,60.8662469055865,21.3427392820869,138.548463921798,129.760455214557,80.1906921231403,13.2632968956929,72.243719154986,37.5916369052915,166.003746032715,133.536165808001,62.9392438151179,69.4894781158831,117.109860892248,176.855163574219,154.693318078277,68.5268840947427,137.807022833055,0,148.308086853027,114.647024545122,139.287843191213,84.143750500679,142.570668931991,196.17779083252,125.728856425815,195.268669128418,143.045277763815,146.636344909668,113.319890463224,161.759347626657,213.827102661133,188.883370235048,146.345594406128,120.109099503786,78.8242174196074,135.781876462798,98.437641057738,195.155044555664,186.232261488173,144.339716427452,116.355209695465,131.889625627167,111.702842557085,0,186.441909790039,115.582310367638,132.188949112199
22.7396275132075,119.632810910543,125.14766346939,67.0419205403531,103.933071531691,29.287806256351,45.392523369447,70.053385127278,50.366255082708,69.2710308825716,92.4361804909017,73.3317544163188,104.694413704814,94.2201532717104,24.6823185405855,62.543867148242,100.833035605294,92.9254017913691,91.6530560297323,108.548562435181,105.374895997243,39.1508629240572,79.802663896142,80.6795951722059,82.0378674503841,85.3527763366699,120.47349843835,119.097605361016,72.243719154986,10.8246575333692,28.7758398324685,113.905267518142,13.2474580762696,16.4578720102082,37.2040958804764,129.317767403343,140.953801472982,172.760758792653,79.5973185846361,172.23391977946,0,166.509076944987,124.719431349375,161.218940455739,102.259726933071,163.475183531295,196.58683013916,144.283606211344,152.426536560059,157.539187827807,143.536636352539,117.810619354248,181.484046088325,171.514007568359,177.044797261556,185.546610514323,133.101466587612,87.9076069918546,159.932462941045,122.035344704211,0,175.035690307617,167.316125597273,125.596842649753,149.850756066477,116.071915860446,174.785888671875,189.932083129883,137.057860287753,145.124582407426
31.3981375724223,117.617957667301,90.5754274617013,52.7633115327063,88.810544695173,123.196029663086,120.42758140564,30.9490313085827,82.7575859868162,52.2570751748211,65.4724986860977,135.648542391543,134.454200744629,154.452620697021,61.384159961998,132.436172485352,76.9692268679219,74.5934227683992,119.44572202621,107.602579087922,134.474599664862,30.8090312254889,53.8051559371178,57.1050774450341,72.1775145381066,144.789150238037,115.230834477143,116.491404236528,37.5916369052915,28.7758398324685,11.095563296497,155.972542898996,124.751663414208,27.4755906723589,38.9992640644227,128.505233764648,156.776947021484,147.947254388983,68.2926471416767,147.493255615234,0,157.333167182075,119.363342102416,146.685729980469,75.5045714745155,146.527135213216,0,176.938568115234,189.412200927734,143.355856759208,151.346572875977,103.791391279891,155.017384579307,188.382141113281,175.743021347943,163.599258422852,114.163435194227,68.3038048452261,130.525246977075,106.686063196364,0,181.064423828125,153.196347261599,109.71766786485,130.732938813,109.575247215502,0,180.090255737305,108.484204517711,130.817970542021
164.90293375651,66.9578089280562,100.084913253784,80.8772283281599,159.648223876953,96.026606241862,173.101804097493,178.418438182158,159.723413594564,146.308735847473,178.842343648275,27.7530596103246,175.220278930664,14.5638893619338,151.763909559983,169.61491394043,128.110900878906,93.7035319988544,53.0710897665419,60.0776085632135,169.504501342773,155.856903076172,102.994106837681,135.532249450684,157.704695739746,50.0057674610254,27.6030979211303,31.9319467339087,166.003746032715,113.905267518142,155.972542898996,9.64165317257605,114.748040771484,173.549407958984,77.6159328307161,0,117.514247470432,166.448692321777,111.693473434448,0,0,0,213.004440307617,0,193.026379903158,239.497207641602,101.570919261259,0,92.2696699276386,0,217.250411987305,0,132.988632202148,105.955640157064,123.30470890469,0,0,143.682092030843,0,0,72.986928499662,109.776131704579,103.947492094426,0,143.808586120605,219.617774963379,107.761064980247,0,0,120.088119506836
87.2305452982585,144.268679300944,167.169892287836,115.81254537482,138.416068213327,12.1803841774844,29.944708706769,125.865599215761,13.9374773808969,120.152143239975,124.087268364139,66.5077063193001,119.620834435122,80.338495823375,15.9667088213516,41.8356560713856,140.102882385254,115.122991032071,95.2164246764364,91.2644134306572,132.614077375235,126.184084211077,153.714027404785,143.492303287282,136.375578349069,80.5109530639648,121.976268046611,119.247554825013,133.536165808001,13.2474580762696,124.751663414208,114.748040771484,5.20839643430265,146.994647216797,36.0673321655116,0,0,184.843383789062,130.864170074463,180.530807495117,0,206.034545898438,181.174787633559,216.335710525513,135.356117248535,200.515070597331,241.487945556641,126.931594848633,0,209.78624180385,0,0,241.062950134277,0,0,208.641670227051,242.932708740234,99.5013809204102,0,172.136170358369,144.295974731445,0,164.302716936384,184.240694580078,203.128440856934,181.946294148763,178.933471679688,0,187.935356140137,210.537654876709
28.2003976783473,0,121.233928811961,55.3978295175653,98.3282318115234,76.2181638081868,114.791638565063,67.0433768932636,96.2993441413431,57.9588641812724,85.4378921776487,113.389722650701,103.67040802002,160.463297526042,61.3901612079927,120.340257263184,0,80.6208487865972,111.723726609174,99.1758259082663,94.0213185628255,41.4318236578078,55.2955087314953,75.5298478565519,72.2889501687252,105.887405395508,119.828723706697,124.1062707901,62.9392438151179,16.4578720102082,27.4755906723589,173.549407958984,146.994647216797,7.28647996770839,20.2301956666099,116.54388999939,0,153.32719039917,79.1030969058766,154.346073150635,0,178.101234436035,123.742149599137,149.446687970843,99.7191886901855,155.859484863281,0,172.273056030273,0,156.556790520163,0,106.129680633545,0,0,247.58837890625,169.595945358276,105.830457687378,109.167133331299,146.156617482503,111.379595149647,0,178.767977905273,136.733092171805,121.372461401898,131.603131612142,111.141557239351,0,0,131.562347412109,122.469596015082
67.2856774841036,66.3194406429927,65.4973142734472,65.8552390916545,103.219334602356,30.1153385311092,66.3176431316297,77.1911455308748,66.4785546415459,98.2153687575768,92.3356327816013,31.3971491406053,103.267406321963,66.3196728557063,61.8276939749483,102.107491233132,82.6982125522328,36.6162308803424,59.074057676723,42.9330025223372,98.8373300170898,50.3021914471188,68.220191565893,47.2908839441704,96.1071993234589,52.4736748807257,66.3203009562745,67.2369451808919,69.4894781158831,37.2040958804764,38.9992640644227,77.6159328307161,36.0673321655116,20.2301956666099,11.871249223344,111.45348739624,101.531462097168,109.957425190107,88.7475742437901,198.960952758789,0,174.160682678223,134.051207340125,159.230544750507,102.505263401912,180.695929209391,144.548454284668,163.686180114746,137.928728103638,153.203049926758,151.638000488281,108.814333482222,119.086980183919,116.127766418457,127.279125387018,0,124.226474318393,82.3253276591398,111.305679178238,128.379705772637,96.1177869524275,119.501371303824,115.78027761724,134.644496917725,144.58521640662,118.991802675971,133.218990325928,0,122.966691589355,134.073093414307
126.266342163086,0,197.415478515625,84.4234138488769,121.929916381836,0,162.38482775007,129.259870529175,145.058521848736,86.5114339192708,163.698404584612,185.760559082031,0,0,158.613957722982,0,120.208961486816,191.186986287435,0,0,143.365341186523,135.404499053955,0,0,114.836214972931,0,181.149703979492,173.690310934316,117.109860892248,129.317767403343,128.505233764648,0,0,116.54388999939,111.45348739624,11.0179217772469,151.736389160156,109.516348621038,57.0122263365688,93.0914526546703,0,84.9877095144303,27.3123763771085,48.9426661141485,59.0270877694184,61.3953962517423,134.247322894157,91.6841641885263,141.457406194586,18.2748023129913,94.3624550955636,116.629381815592,106.7364314488,135.928246254145,118.02861571312,88.6236613099004,86.8912045405461,90.5645412868924,98.5564212486392,72.7544762100836,123.046463012695,124.945983309926,143.778314571569,77.3142927346615,24.078700610013,22.2434252000951,161.841598510742,98.1936731338501,39.4090370492837,78.172637708797
145.463348388672,60.960111618042,81.378949226417,103.912963867188,196.574523925781,0,217.882064819336,153.509318033854,190.366973876953,164.969779968262,173.694625854492,109.225051879883,0,97.6457029830578,0,0,98.4625701904297,85.1651993183174,112.449541091919,98.3754930496216,142.692367553711,170.263229370117,94.7231840653853,116.891625348259,151.672189076742,63.071008682251,74.4483274126156,80.7902088853179,176.855163574219,140.953801472982,156.776947021484,117.514247470432,0,0,101.531462097168,151.736389160156,9.3453436053768,44.0717299630709,22.2827296984477,0,0,132.768709182739,127.898089090983,166.131057739258,81.9688869737599,0,69.2494357182429,0,59.7292973057608,167.065599441528,131.910052776337,45.4130816325963,50.8620142280509,73.2060252598354,52.0203861931862,0,86.8891160753038,24.4467265188493,55.6123811522527,86.5834709912881,22.3801983941796,46.6775598706463,28.7687362543436,103.137767028809,137.350645585494,111.580706278483,73.6148578937237,0,109.254348754883,61.8495175170898
