8.88341267803873,110.535888671875,84.847571139343,62.3324164431631,66.7761428139427,92.3651428222656,73.507200717926,30.2592417792726,16.9400153627493,61.6035546324307,41.6988223739292,106.359078147195,69.2727952844956,156.6416015625,10.220367065572,91.6675491333008,133.669372558594,90.6485610310035,110.055877685547,117.645125564264,63.754574440621,60.8680882403725,71.9939740124871,73.1284470343826,68.4915242348948,176.642768859863,98.3468922679334,117.089317480723,66.7655529695399,14.9795921690307,27.3883956818385,147.088050842285,75.2249145507812,38.0636074202401,65.5031884728576,0,0,156.034515380859,88.9862095969064,0,0,157.803431193034,123.572237881747,143.724810791016,76.229061126709,173.322352091471,0,102.157348632812,0,157.975303649902,133.642044067383,87.1918869018555,0,0,0,140.799980163574,106.80265045166,147.36315536499,171.681091308594,118.758145650228,0,213.499778747559,165.392219543457,127.529290689004,149.819030761719,117.433100382487,0,0,165.124404907227,138.122528076172
110.535888671875,9.29743028797699,43.561401549806,21.9408561212827,125.161430358887,0,0,120.090746879578,145.58988494873,61.7017879486084,169.507514953613,61.9206196756074,87.9432907104492,50.1260210155517,133.623633490668,94.5254567464193,63.5260501020537,62.403464632553,69.1063374971089,62.2242641015486,81.7519378662109,102.49880472819,18.3024924755096,76.6486422410652,85.6238131744183,28.3773402236433,51.811651246428,34.7753630077884,108.452485028435,125.350867135184,99.8314181736537,73.9335498066692,104.407817840576,74.9618377685547,66.3284798110314,0,0,107.220477294922,73.5909536906651,0,0,0,0,201.735717773438,0,0,152.58415222168,0,85.2006484583804,0,0,81.0386962890625,120.674733479818,85.3450355529785,129.997873306274,121.12313079834,0,77.1832847595215,109.696973164876,136.847455342611,79.9248123168945,116.813988395359,112.310906617538,171.456146240234,206.699279785156,0,121.66487121582,0,0,99.3225250244141
84.847571139343,43.561401549806,9.58261875241635,42.0657550385452,0,163.074066162109,126.913033657387,82.9920808557638,105.081580508704,105.166258675711,86.7107481339399,87.6625764954765,152.339754104614,102.68453502655,99.5547053857283,117.327669143677,71.695397712815,45.8282477536117,95.6804046630859,71.1573603173264,170.718467712402,44.8479437409545,40.0033099317105,24.7768613640978,94.1069725319191,84.0235448564802,25.2563823151093,30.6664708485177,55.7595608132517,94.055782969947,64.507670292238,98.4988101777576,182.640813191732,97.6916812447941,49.2502759366796,153.53911336263,68.7606213887533,88.7505784871095,76.5267435709635,0,0,164.174419403076,146.979769264779,175.071424044096,111.796775817871,156.702159881592,0,0,0,169.354957580566,0,83.5502952999539,115.004955291748,0,122.391871452332,0,126.619937016414,52.3588397317304,94.8564137168553,130.647973632812,132.056396484375,123.211875915527,89.2619219474422,137.284974905161,157.912063598633,137.796441511674,0,0,0,130.951295852661
62.3324164431631,21.9408561212827,42.0657550385452,22.5461079628704,54.3918494224548,103.262855529785,85.5055490840565,57.3221098447087,83.0664813149424,15.6428901141107,70.3785962152747,58.4883562502654,75.2114586148943,47.7246086586654,81.2107416063347,70.3144760926564,40.9362429464865,58.7901675159946,71.887620806694,62.284443069554,84.6606495857239,49.5221043353717,20.090664976629,50.897523500422,44.9622344877603,33.1062188743526,52.7818566118733,42.9608630794156,49.3502235118812,61.9951916741908,51.8832488095731,72.9617221180986,103.707499912807,53.3511037588968,62.3704017822189,73.9976329803467,65.0584335327148,89.3372663497925,26.6283932695485,72.5026550292969,0,134.415962219238,78.1735176673302,84.7864347185407,12.6029386703785,114.67865447998,77.6352470397949,0,64.9029890361585,116.066241455078,0,53.6385959386826,93.8608712090386,70.8238127572196,64.1052214304606,107.162315368652,63.8926255702972,29.8159055369241,82.4194473915912,86.8087010590926,41.9200779272585,91.001193523407,71.8151783662684,70.8786768232073,109.66843523298,72.893419081165,109.563095092773,0,0,115.813241322835
66.7761428139427,125.161430358887,0,54.3918494224548,8.45143635370276,138.000427246094,63.0429860777774,38.3742509520198,82.4396905290319,39.0506982485453,18.8996057081846,157.792053222656,18.9100744831012,141.713424682617,87.4573530539488,53.9012403488159,0,0,0,0,11.7366365790652,75.2795333862305,37.737251663208,95.9943618774414,15.168263228879,0,131.661422729492,121.637213570731,14.2098743633001,87.1768998480462,76.3381729125977,0,134.975031534831,71.9816493988037,87.4308144418817,0,0,0,68.8861897117213,6.64210309108719,0,132.64995320638,169.050140380859,158.699592590332,82.0265931522145,110.797282409668,0,42.2015092311761,0,0,93.2652587890625,160.752243041992,0,0,0,24.9634075453407,0,0,0,87.8990886688232,0,0,0,75.5854778630393,0,0,0,0,0,0
92.3651428222656,0,163.074066162109,103.262855529785,138.000427246094,5.69423377838159,8.02878865949236,112.781148638044,13.3540963192873,111.122298240662,100.447525425961,61.2470906330989,105.012753486633,75.0897356669108,28.3748199519479,12.2084265218981,0,157.420822143555,78.5956904093425,92.2714042663574,113.525718688965,86.7210388183594,0,113.591903686523,120.054121017456,81.8671213785807,130.118443489075,102.35809580485,110.167636871338,19.1387890070982,101.204986572266,0,8.94165217654981,70.796142578125,25.3524912166209,0,0,0,0,0,0,0,0,0,0,0,134.820419311523,0,0,0,0,0,0,0,0,0,0,0,0,0,0,0,0,149.416702270508,0,0,0,0,0,0
73.507200717926,0,126.913033657387,85.5055490840565,63.0429860777774,8.02878865949236,8.47109632107641,51.8972259167039,19.0958231425704,89.128003574553,32.4433050494065,60.5978569590717,20.7124398430129,79.8711947631836,29.9173021343969,8.84379704942136,128.96630859375,143.764752263608,97.0644048055013,144.355191157414,37.5765744563693,108.457270812988,104.145143508911,119.044457102931,82.5797243792601,77.72412109375,141.54808920783,159.275475875191,57.7691115137178,23.9793258194176,97.170950571696,114.366449991862,14.911291345156,89.2652106814914,35.9315495120945,168.827041625977,0,0,101.567345590302,148.590441385905,0,156.223105797401,151.254756254308,171.628631591797,98.2437713623047,166.612831115723,0,59.5201827601383,0,176.763427734375,141.638072967529,0,0,0,0,127.220588684082,164.250503540039,0,0,125.762347266788,0,0,156.446380615234,147.524096171061,202.744547526042,140.036071777344,0,0,175.203384399414,0
30.2592417792726,120.090746879578,82.9920808557638,57.3221098447087,38.3742509520198,112.781148638044,51.8972259167039,10.29353615069,48.8420449776865,55.1524894254191,14.7411335018879,133.571875435965,43.8104650430856,148.692343817817,28.8811689658908,69.0441813052279,80.8586167787251,107.649270470463,152.578224182129,140.878092863122,59.019583001042,53.7689456112812,64.6726735432943,65.23951041212,50.7748857396398,129.794178009033,106.129359456655,104.113617030552,21.759753801934,52.5247128308264,19.1485689104446,163.949332101004,115.177396138509,57.2823885397059,74.0709161097209,147.954132977654,0,161.355013760653,71.5202876080523,131.078855815687,0,139.194820057262,121.602516112289,144.393022789145,80.0820583652806,135.160871641976,0,120.961729196402,0,149.457516225179,92.4275817871094,144.377651977539,207.78938293457,0,206.993438720703,128.285034688314,144.68549156189,106.88888092041,150.740672429403,96.6454434575261,0,201.073600769043,176.26688337326,117.415180573828,148.590970516205,130.578130086263,0,204.41103108724,121.922459920247,153.754525184631
16.9400153627493,145.58988494873,105.081580508704,83.0664813149424,82.4396905290319,13.3540963192873,19.0958231425704,48.8420449776865,11.1745106672275,81.4872009277344,24.0968321032288,76.1729567794271,67.0082245781829,92.9197789928581,13.8357922266564,25.658339851819,155.522811889648,118.249379137437,97.1961822509766,136.373607203646,74.0404647021437,80.1348172470375,100.21721496582,94.3773483860995,81.4738797045302,83.5764825608995,121.081559501674,141.900749810851,67.8815685748305,21.8454283633875,65.182387340216,125.082540658804,18.6346988405775,87.3622448730469,45.1240929574297,147.031196594238,0,170.948585510254,95.4853879189005,146.61393737793,0,148.412073308771,140.96001771439,165.423743752872,98.4102010726929,159.941430954706,0,129.656669616699,155.256439208984,190.615413120815,0,0,205.581695556641,0,0,152.012346540179,145.686645507812,141.921886444092,176.644757080078,121.188422530445,0,0,171.330688476562,144.232168037201,174.416343688965,174.268951416016,0,0,149.671758015951,165.077865600586
61.6035546324307,61.7017879486084,105.166258675711,15.6428901141107,39.0506982485453,111.122298240662,89.128003574553,55.1524894254191,81.4872009277344,7.00844799660855,65.7204094179215,119.224030388726,11.9820680465562,108.579699369085,77.8347895676923,22.1378378254175,74.3496868133545,114.022858495298,119.802453474565,122.709621320452,44.6279761381824,72.2236285002335,21.4117409813953,88.7111522038778,20.1477345886735,98.3901752594979,115.247672170254,106.89673419103,47.2218167915891,60.2199010339114,50.8558295632051,130.937844209893,164.209579467773,54.1367259405356,71.2295073041264,0,0,0,48.817419955605,102.223378862653,0,92.7278785705566,113.015451049805,118.050727844238,32.9302049742805,131.466938563756,165.649291992188,75.7153923034668,124.672080993652,155.335250854492,65.5963966369629,0,0,208.904663085938,187.278823852539,91.1065532977764,186.691329956055,164.36344909668,167.230285644531,65.6038938098484,156.73649597168,120.410621643066,155.543447875977,125.246929771022,110.869216918945,133.359944661458,0,0,117.128307342529,0
41.6988223739292,169.507514953613,86.7107481339399,70.3785962152747,18.8996057081846,100.447525425961,32.4433050494065,14.7411335018879,24.0968321032288,65.7204094179215,9.9203588555241,129.821886023697,22.0250435954865,142.771465648304,28.6730604531304,58.3626219511032,99.5113321940104,115.118340598212,131.84549331665,132.479359130859,14.8577026981072,63.2775614518386,97.7621510823568,76.3451537595301,44.0026517810748,141.044242858887,113.398432548771,119.781700616134,24.5579489591152,62.7208136003504,49.4330456335813,158.999575297038,108.170323562622,53.353508222864,69.3291968151628,0,0,157.103187561035,80.0131993220403,37.6297415643189,0,144.96902520316,124.296199466871,154.409648047553,88.7743391814055,138.324459300322,0,113.883835572463,0,164.480834960938,114.940007527669,132.126571655273,0,0,0,121.371328133803,138.531280517578,0,0,97.9610036442789,0,215.598045349121,185.865819295247,134.037030891136,169.076059977214,0,0,0,0,176.039911905924
106.359078147195,61.9206196756074,87.6625764954765,58.4883562502654,157.792053222656,61.2470906330989,60.5978569590717,133.571875435965,76.1729567794271,119.224030388726,129.821886023697,10.1833083307596,145.657085418701,23.5728883148211,70.4235609816157,83.0936916575712,112.575709751674,47.3686436425655,19.9997893518969,23.2959886431332,135.769618170602,96.9718750847711,91.8001539230347,93.808901829506,141.616299743652,34.2408040298977,21.2075506761824,56.6581586311074,143.493505689833,59.8057762462007,88.8184425540087,32.303906532537,61.980550342136,89.2105995525013,27.2517513136506,228.432403564453,138.137359619141,127.984280395508,69.6271531958329,0,0,0,208.195079803467,216.338745117188,189.214752197266,220.827499389648,79.6160797586246,179.218086242676,67.1616431845993,199.06591796875,0,0,137.9748878479,91.2699575179662,99.1457366943359,0,0,0,155.36799621582,157.037689208984,58.8648122629725,90.7006820217594,84.6326210122359,0,0,0,92.1210138072138,0,0,120.957557678223
69.2727952844956,87.9432907104492,152.339754104614,75.2114586148943,18.9100744831012,105.012753486633,20.7124398430129,43.8104650430856,67.0082245781829,11.9820680465562,22.0250435954865,145.657085418701,8.78492054027446,162.339569091797,92.2316389216933,11.653550326241,81.8622131347656,192.887287139893,155.142186482747,189.269622802734,11.355020489264,167.528823852539,66.4217488425119,146.982275009155,13.8453369755508,0,164.770988464355,147.900806427002,45.6157016102494,93.5928582441611,149.093723297119,154.413955688477,129.012709299723,87.9099383884006,91.0220980979616,0,0,0,82.6963362260298,45.6179739486339,0,124.655721664429,147.40337117513,148.735514322917,102.013361612956,141.45596991645,0,8.466792231951,0,0,0,0,0,0,0,76.9901479085286,0,0,0,96.2764268663194,0,0,0,136.755477905273,200.700424194336,0,0,0,0,201.137351989746
156.6416015625,50.1260210155517,102.68453502655,47.7246086586654,141.713424682617,75.0897356669108,79.8711947631836,148.692343817817,92.9197789928581,108.579699369085,142.771465648304,23.5728883148211,162.339569091797,8.16084870981624,87.7707646826039,126.689753214518,113.785180833605,99.0975003923689,50.2094963305294,57.4142664532329,161.004872639974,0,81.1239228221452,124.203077952067,125.697449328853,18.153423826489,32.8920546809132,33.9917075872271,148.214058876038,73.9229803518815,155.754313151042,16.6750888660842,77.1664131519406,137.206928253174,54.6071518812134,176.880966186523,76.6362374623616,0,59.9300679745881,0,0,0,0,187.806015014648,127.143673706055,0,78.939177793615,0,63.5027888298035,138.070297241211,0,0,107.280656814575,85.9393188267538,102.217034748622,0,0,99.9537175496419,128.043151855469,145.847376505534,52.4489925143955,87.6315642220633,79.1877992418077,0,0,0,87.3218282063802,0,0,110.550876617432
10.220367065572,133.623633490668,99.5547053857283,81.2107416063347,87.4573530539488,28.3748199519479,29.9173021343969,28.8811689658908,13.8357922266564,77.8347895676923,28.6730604531304,70.4235609816157,92.2316389216933,87.7707646826039,7.71509378662419,35.0481918846689,124.04903793335,111.071390853902,96.8744997183482,125.178389426989,83.9378970824566,70.6919357280192,99.2172812223434,85.9355731451133,82.098336704572,88.6632097417658,115.138303209059,129.633546807131,78.2609311910457,18.1318486783083,44.2918472757061,129.166770603346,12.7486634226017,41.1883231302102,39.2506752970891,160.27259572347,0,178.096735636393,101.131211706933,126.843266296387,0,149.691221872965,144.05052230835,162.624783107213,83.216833114624,151.636925506592,0,132.394486745199,128.694320678711,169.466998291016,159.878677368164,93.0131759643555,212.554641723633,0,0,148.503837585449,187.712394714355,199.127304077148,181.080066680908,123.244007788764,102.081619262695,170.989860534668,167.391114976671,140.413473105129,173.00222996303,131.397093454997,0,0,147.75358581543,148.765167236328
91.6675491333008,94.5254567464193,117.327669143677,70.3144760926564,53.9012403488159,12.2084265218981,8.84379704942136,69.0441813052279,25.658339851819,22.1378378254175,58.3626219511032,83.0936916575712,11.653550326241,126.689753214518,35.0481918846689,7.28891289023525,106.426502227783,147.890112740653,0,138.726567586263,56.0152428847093,0,64.8155604668383,131.892719268799,41.2024899314129,146.715328979492,156.345368521554,135.277009487152,70.3624341464737,28.3304185079492,84.6746622721354,160.992362976074,31.0476179162171,82.5600204467773,32.9788784980774,0,0,0,52.8593521118164,81.974494934082,0,0,202.402847290039,0,0,0,0,57.7372741699219,222.070175170898,0,0,0,0,0,0,0,0,0,0,108.542672729492,0,0,207.42236328125,177.536849975586,0,0,0,0,0,148.416458129883
133.669372558594,63.5260501020537,71.695397712815,40.9362429464865,0,0,128.96630859375,80.8586167787251,155.522811889648,74.3496868133545,99.5113321940104,112.575709751674,81.8622131347656,113.785180833605,124.04903793335,106.426502227783,12.9197298784348,93.7692022833205,125.541442871094,111.806294032506,0,21.9041596955424,29.2263280217735,18.3453565858533,32.7760710669135,98.8016197898171,92.269095632765,27.3291521167,34.7236876001943,116.551405588786,77.0479877966422,130.146784973145,0,114.287251790365,72.0067508857508,122.767196655273,0,112.536760203044,61.4415469169617,0,0,145.260055541992,137.245227813721,0,69.2310485839844,140.913436889648,0,0,0,158.035507202148,0,91.9964284776132,143.8828125,0,160.902328491211,0,115.211785452706,55.9075242943234,99.4844157830425,123.051052093506,0,147.834912618001,104.618163578094,134.344797951835,166.085342407227,113.381000518799,0,0,134.010215759277,114.496810913086
90.6485610310035,62.403464632553,45.8282477536117,58.7901675159946,0,157.420822143555,143.764752263608,107.649270470463,118.249379137437,114.022858495298,115.118340598212,47.3686436425655,192.887287139893,99.0975003923689,111.071390853902,147.890112740653,93.7692022833205,9.85794832998403,56.2651483584673,24.0573325700078,194.656478881836,56.2538422848316,80.8083498983672,25.8522220714805,118.255294758786,74.1099138259888,28.3056328454362,61.4799209978665,110.451222331584,84.5326532102099,65.5824289800982,86.8012899671282,163.309435272217,78.9600010758739,34.7352310574167,171.189498901367,87.5531794230143,104.520244495289,66.3575578664804,0,0,0,157.448649088542,190.43611907959,0,187.626235961914,0,0,136.401682535807,175.12801361084,0,123.754191080729,120.209638647131,0,132.955397172408,0,0,89.0383847554525,115.513136545817,163.059906005859,139.819869995117,114.313589438414,104.014355879564,191.011196899414,0,171.595799037388,0,0,137.231719970703,119.047721862793
110.055877685547,69.1063374971089,95.6804046630859,71.887620806694,0,78.5956904093425,97.0644048055013,152.578224182129,97.1961822509766,119.802453474565,131.84549331665,19.9997893518969,155.142186482747,50.2094963305294,96.8744997183482,0,125.541442871094,56.2651483584673,5.3386038346557,10.6212480758662,152.344917297363,141.182769775391,96.5723423204924,93.9538848876953,157.453506469727,45.6520838274734,22.7004926478554,62.4619843365742,160.138346354167,83.4737061262131,116.997398376465,50.7066480865789,86.8398635864258,0,52.6513783168793,0,88.7381210327148,125.631271362305,83.7497138977051,0,0,0,0,0,0,0,91.2887359619141,0,82.4497839235792,0,0,0,0,97.1155332482379,101.427286148071,0,0,0,0,169.172622680664,67.8231055315803,91.9942561304846,86.4931415397964,0,0,0,101.327524185181,0,0,125.224276224772
117.645125564264,62.2242641015486,71.1573603173264,62.284443069554,0,92.2714042663574,144.355191157414,140.878092863122,136.373607203646,122.709621320452,132.479359130859,23.2959886431332,189.269622802734,57.4142664532329,125.178389426989,138.726567586263,111.806294032506,24.0573325700078,10.6212480758662,11.1883723658434,148.14116414388,91.7189369921414,92.7898188859989,64.0856901697074,133.917372544607,46.3448479165335,22.6276055411658,64.7126023459368,133.398663370233,101.779006737323,92.6158052302864,52.0961403197065,105.758903980255,94.5253121445819,42.0056821871147,168.507080078125,89.8518210517036,112.992010636763,64.9658064108629,0,0,0,211.452026367188,221.398468017578,194.008499145508,176.732498168945,114.895989894867,209.308044433594,84.6968972342355,0,0,120.031524658203,120.853630065918,100.788270132882,105.401962812557,0,0,0,151.321886698405,169.486198425293,68.8261487237338,96.6554257710775,89.8177141547203,200.959747314453,0,171.566599527995,114.829498291016,0,0,100.248977661133
63.754574440621,81.7519378662109,170.718467712402,84.6606495857239,11.7366365790652,113.525718688965,37.5765744563693,59.019583001042,74.0404647021437,44.6279761381824,14.8577026981072,135.769618170602,11.355020489264,161.004872639974,83.9378970824566,56.0152428847093,0,194.656478881836,152.344917297363,148.14116414388,8.33894956164809,138.164016723633,106.370803833008,147.059303283691,16.0031235387232,0,175.02893002828,163.952098301479,22.308179669475,84.8959603850906,149.299713134766,174.48282623291,118.154673621768,76.6007457733154,81.3415448832846,189.258544921875,0,0,96.4513938006233,12.2238438355363,0,125.050337219238,136.094713846842,0,94.944896697998,133.839377811977,0,9.35513395800689,0,0,112.098899841309,0,0,0,0,7.16189289743788,0,0,0,97.4758757132071,0,0,0,152.381686909993,222.960250854492,0,0,0,0,188.945007324219
60.8680882403725,102.49880472819,44.8479437409545,49.5221043353717,75.2795333862305,86.7210388183594,108.457270812988,53.7689456112812,80.1348172470375,72.2236285002335,63.2775614518386,96.9718750847711,167.528823852539,0,70.6919357280192,0,21.9041596955424,56.2538422848316,141.182769775391,91.7189369921414,138.164016723633,9.16745432089329,43.7282407002227,22.7442894356732,31.1569600665956,147.377456665039,76.4430915211024,66.280497616735,18.1813666010361,59.7271741146944,21.8054704597975,0,134.130594889323,18.5932195510429,42.6272554378462,123.987131754557,0,135.770700073242,66.2977941953219,0,0,0,116.10283946991,144.858881632487,108.382952372233,0,0,0,0,145.00522740682,0,93.2646898122934,133.65283203125,216.951400756836,0,0,107.540263249324,69.5306096284286,128.81043341852,105.759581565857,0,0,110.377658843994,123.075379943848,127.435449080034,106.029535081651,0,0,122.667663574219,116.571449279785
71.9939740124871,18.3024924755096,40.0033099317105,20.090664976629,37.737251663208,0,104.145143508911,64.6726735432943,100.21721496582,21.4117409813953,97.7621510823568,91.8001539230347,66.4217488425119,81.1239228221452,99.2172812223434,64.8155604668383,29.2263280217735,80.8083498983672,96.5723423204924,92.7898188859989,106.370803833008,43.7282407002227,8.18839240664668,46.8868355952441,26.0226819849125,66.9022136795617,83.8329741145493,43.9689323153368,48.9423717693474,68.562873970749,50.1710362031609,102.083478869814,0,57.7197560628255,69.676314822963,0,112.858451843262,105.5340868632,56.5501385101905,127.400077819824,0,0,102.850154876709,188.436426798503,9.42478179931641,128.283248901367,154.403254191081,0,116.529468536377,0,0,68.7282751083374,147.273071289062,0,173.409717559814,118.721725463867,65.2104358673096,25.0972410348745,81.7916106348452,92.1376404762268,105.902795791626,139.976138114929,104.787465615706,119.01683807373,146.593399047852,56.1954116821289,0,0,0,0
73.1284470343826,76.6486422410652,24.7768613640978,50.897523500422,95.9943618774414,113.591903686523,119.044457102931,65.23951041212,94.3773483860995,88.7111522038778,76.3451537595301,93.808901829506,146.982275009155,124.203077952067,85.9355731451133,131.892719268799,18.3453565858533,25.8522220714805,93.9538848876953,64.0856901697074,147.059303283691,22.7442894356732,46.8868355952441,13.8038246264387,45.2647106821886,112.928802490234,42.6006123632795,44.8886557340274,44.8238730130877,75.3483162830345,43.0941242669696,121.504119179466,144.068020160382,61.1797383726992,42.392293586204,166.528877258301,103.119087219238,100.140269405284,66.5432496362803,0,0,197.322036743164,139.326545715332,161.998435974121,75.3694000244141,166.769828796387,158.606872558594,141.132598876953,0,182.279296875,215.035858154297,92.6749774567758,123.335247642116,200.349746704102,139.852737426758,0,119.604092576769,61.1505056779776,101.980419762788,134.930355418812,150.955581665039,159.971695794,101.165556789616,141.453591368919,135.918948086825,124.229871289483,0,0,140.799763997396,127.097665023804
68.4915242348948,85.6238131744183,94.1069725319191,44.9622344877603,15.168263228879,120.054121017456,82.5797243792601,50.7748857396398,81.4738797045302,20.1477345886735,44.0026517810748,141.616299743652,13.8453369755508,125.697449328853,82.098336704572,41.2024899314129,32.7760710669135,118.255294758786,157.453506469727,133.917372544607,16.0031235387232,31.1569600665956,26.0226819849125,45.2647106821886,12.5398046347569,115.692670789816,116.11333656311,80.6999399940165,16.7839178653401,67.0151796478934,62.4169040781304,147.24624464247,128.565353393555,62.2737662739997,78.7163284226591,125.461233266195,0,152.280872120577,62.7762209034725,35.7555866550941,0,127.580355608905,114.684972963377,143.887938650031,67.2080110459101,121.587260334432,212.586496988932,99.1038913211307,153.456771850586,142.921845844814,87.3259023030599,88.8279921213786,173.545176188151,207.354598999023,0,109.162870504088,113.983427320208,89.4387260783802,131.997853914897,85.143224343111,0,186.8511832101,161.281097813656,112.763681496305,138.382954262398,108.664587887851,0,0,119.987482452393,141.568572998047
176.642768859863,28.3773402236433,84.0235448564802,33.1062188743526,0,81.8671213785807,77.72412109375,129.794178009033,83.5764825608995,98.3901752594979,141.044242858887,34.2408040298977,0,18.153423826489,88.6632097417658,146.715328979492,98.8016197898171,74.1099138259888,45.6520838274734,46.3448479165335,0,147.377456665039,66.9022136795617,112.928802490234,115.692670789816,9.77148831615227,43.0849753310475,28.7350082488846,126.533715142144,89.1847801208496,117.085178375244,51.327147617135,77.8069981166295,143.480618286133,52.9925732770012,0,71.7609367370605,101.63724093967,41.511297022233,0,0,0,0,0,113.045867919922,0,65.9041724571815,0,52.1098521158825,0,0,0,111.290928840637,66.2897204589844,90.2290171747622,174.132553100586,0,74.2596305847168,0,116.282737731934,34.7876390182167,72.9991253086778,63.00349609375,0,174.991607666016,138.24690246582,68.2691911697388,0,0,99.2214958190918
98.3468922679334,51.811651246428,25.2563823151093,52.7818566118733,131.661422729492,130.118443489075,141.54808920783,106.129359456655,121.081559501674,115.247672170254,113.398432548771,21.2075506761824,164.770988464355,32.8920546809132,115.138303209059,156.345368521554,92.269095632765,28.3056328454362,22.7004926478554,22.6276055411658,175.02893002828,76.4430915211024,83.8329741145493,42.6006123632795,116.11333656311,43.0849753310475,14.2138313678864,36.1158246797171,101.73466269306,102.613689377773,84.7502567152987,26.8479183803459,136.331677950346,110.02763007936,52.6019517142415,178.711410522461,77.517892908167,97.284069011414,58.5513389269511,0,0,187.701301574707,170.730370521545,206.1923828125,171.500706481934,206.865570068359,100.370904145417,0,81.4329657554626,169.951164245605,152.782730102539,132.143446604411,107.166824785251,97.0832300522748,102.241523883961,211.480316162109,142.790199279785,104.272075108119,125.795464197795,154.231891208225,66.1632610143617,93.1580663462308,88.2684271545646,191.678780691964,162.321032206217,144.898256937663,102.761238499692,165.34733581543,169.058311462402,105.40777883222
117.089317480723,34.7753630077884,30.6664708485177,42.9608630794156,121.637213570731,102.35809580485,159.275475875191,104.113617030552,141.900749810851,106.89673419103,119.781700616134,56.6581586311074,147.900806427002,33.9917075872271,129.633546807131,135.277009487152,27.3291521167,61.4799209978665,62.4619843365742,64.7126023459368,163.952098301479,66.280497616735,43.9689323153368,44.8886557340274,80.6999399940165,28.7350082488846,36.1158246797171,15.9043836361112,72.9931053837319,114.219030307818,93.8098872920445,32.9240032967033,129.918030958909,104.419404283355,59.5171007620688,163.007778167725,86.9446856498718,94.4139380008803,58.4269955063277,165.408676147461,0,0,153.316256292935,183.418709388146,155.060549736023,188.152183532715,105.317596137524,0,84.465271641889,170.537094116211,0,89.864897780531,114.795671556054,100.237321070621,109.303643435524,183.825378417969,125.742805957794,58.8440445311769,98.5366779785519,142.713711273976,66.9966533735687,98.0331884476983,91.5288585615328,144.879246281643,186.05979684683,146.576105026972,108.285898024036,0,145.312606811523,116.400300343831
66.7655529695399,108.452485028435,55.7595608132517,49.3502235118812,14.2098743633001,110.167636871338,57.7691115137178,21.759753801934,67.8815685748305,47.2218167915891,24.5579489591152,143.493505689833,45.6157016102494,148.214058876038,78.2609311910457,70.3624341464737,34.7236876001943,110.451222331584,160.138346354167,133.398663370233,22.308179669475,18.1813666010361,48.9423717693474,44.8238730130877,16.7839178653401,126.533715142144,101.73466269306,72.9931053837319,9.6422725443677,65.8528207067961,33.1379507510551,157.611676534017,120.658204650879,54.4744514131546,58.6924218304058,121.784869624119,121.610961914062,155.010203552246,65.2896855059009,59.9199984569361,185.899536132812,134.728401184082,110.869670294281,139.09107467976,72.985529728073,133.317454944957,200.558158874512,107.487670037054,235.063949584961,142.193218549093,119.239572525024,94.6014525095622,196.602962493896,0,208.358520507812,117.751305480798,116.159859540986,89.8413737066861,128.511511720257,94.6119123325226,0,172.807235717773,143.647495985031,115.256471854329,137.021420314394,113.080458200895,243.667236328125,0,118.892005117316,142.934101682721
14.9795921690307,125.350867135184,94.055782969947,61.9951916741908,87.1768998480462,19.1387890070982,23.9793258194176,52.5247128308264,21.8454283633875,60.2199010339114,62.7208136003504,59.8057762462007,93.5928582441611,73.9229803518815,18.1318486783083,28.3304185079492,116.551405588786,84.5326532102099,83.4737061262131,101.779006737323,84.8959603850906,59.7271741146944,68.562873970749,75.3483162830345,67.0151796478934,89.1847801208496,102.613689377773,114.219030307818,65.8528207067961,9.32800499714513,20.1671621658477,104.518521785736,11.2610888035322,13.5344723414823,28.1946295827403,138.861840820312,0,147.414204406738,83.5957822251594,145.305708567301,0,152.657010396322,134.956419298726,151.380740737915,89.0228422482808,164.582938512166,0,151.665869140625,0,149.379784175328,0,89.3109985351562,0,0,0,129.916603088379,116.841278076172,120.609931945801,142.660964420864,119.435037764292,0,184.291816711426,169.34723336356,135.548016045037,148.921254475911,118.672733306885,160.349197387695,0,138.091506958008,127.795088450114
27.3883956818385,99.8314181736537,64.507670292238,51.8832488095731,76.3381729125977,101.204986572266,97.170950571696,19.1485689104446,65.182387340216,50.8558295632051,49.4330456335813,88.8184425540087,149.093723297119,155.754313151042,44.2918472757061,84.6746622721354,77.0479877966422,65.5824289800982,116.997398376465,92.6158052302864,149.299713134766,21.8054704597975,50.1710362031609,43.0941242669696,62.4169040781304,117.085178375244,84.7502567152987,93.8098872920445,33.1379507510551,20.1671621658477,10.1098182179295,155.28588104248,126.147023200989,35.3813147223542,32.6879326453049,124.216361999512,0,153.656592629173,69.3366434501879,0,0,140.093856811523,114.943652905916,145.94032917852,68.9439277648926,151.720993041992,227.958877563477,155.486770629883,0,143.907567681207,0,90.201238765273,175.538375854492,0,0,148.726913452148,113.386420773788,82.9501145102761,138.111029373972,107.649906224218,0,151.755554199219,141.227678934733,112.315973183204,132.851159769694,109.570536842031,0,0,121.000482347276,127.907568740845
147.088050842285,73.9335498066692,98.4988101777576,72.9617221180986,0,0,114.366449991862,163.949332101004,125.082540658804,130.937844209893,158.999575297038,32.303906532537,154.413955688477,16.6750888660842,129.166770603346,160.992362976074,130.146784973145,86.8012899671282,50.7066480865789,52.0961403197065,174.48282623291,0,102.083478869814,121.504119179466,147.24624464247,51.327147617135,26.8479183803459,32.9240032967033,157.611676534017,104.518521785736,155.28588104248,6.54915455715549,98.883113861084,153.093368530273,67.8852135590145,0,106.716985066732,140.469270706177,73.6255772908529,0,0,0,213.177322387695,0,170.317596435547,0,102.344860218189,0,84.9747801614464,0,0,0,153.601058959961,101.888452483387,115.059155782064,0,0,131.384521484375,0,0,69.8935378392537,99.2237354974327,93.0321538482232,0,0,0,102.310650416783,0,0,0
75.2249145507812,104.407817840576,182.640813191732,103.707499912807,134.975031534831,8.94165217654981,14.911291345156,115.177396138509,18.6346988405775,164.209579467773,108.170323562622,61.980550342136,129.012709299723,77.1664131519406,12.7486634226017,31.0476179162171,0,163.309435272217,86.8398635864258,105.758903980255,118.154673621768,134.130594889323,0,144.068020160382,128.565353393555,77.8069981166295,136.331677950346,129.918030958909,120.658204650879,11.2610888035322,126.147023200989,98.883113861084,4.96754405211001,57.7329711914062,30.2527689919627,0,0,0,126.726806640625,0,0,0,192.795013427734,0,191.206115722656,0,0,0,0,0,0,0,0,0,0,0,0,0,146.563659667969,191.1181640625,0,0,130.086441040039,203.532920837402,0,0,0,0,0,0
38.0636074202401,74.9618377685547,97.6916812447941,53.3511037588968,71.9816493988037,70.796142578125,89.2652106814914,57.2823885397059,87.3622448730469,54.1367259405356,53.353508222864,89.2105995525013,87.9099383884006,137.206928253174,41.1883231302102,82.5600204467773,114.287251790365,78.9600010758739,0,94.5253121445819,76.6007457733154,18.5932195510429,57.7197560628255,61.1797383726992,62.2737662739997,143.480618286133,110.02763007936,104.419404283355,54.4744514131546,13.5344723414823,35.3813147223542,153.093368530273,57.7329711914062,6.29287775480119,22.8640804319065,129.834579467773,0,153.272857666016,73.5009213323178,0,0,146.917638142904,124.081161117554,165.877323150635,63.8361047598032,155.776799519857,0,135.946365356445,0,147.696243286133,0,68.7935514450073,0,0,0,0,115.604872385661,0,147.364929199219,110.945508684431,0,0,197.391654968262,123.452865846695,133.690326266819,125.016528320313,0,0,0,125.023399353027
65.5031884728576,66.3284798110314,49.2502759366796,62.3704017822189,87.4308144418817,25.3524912166209,35.9315495120945,74.0709161097209,45.1240929574297,71.2295073041264,69.3291968151628,27.2517513136506,91.0220980979616,54.6071518812134,39.2506752970891,32.9788784980774,72.0067508857508,34.7352310574167,52.6513783168793,42.0056821871147,81.3415448832846,42.6272554378462,69.676314822963,42.392293586204,78.7163284226591,52.9925732770012,52.6019517142415,59.5171007620688,58.6924218304058,28.1946295827403,32.6879326453049,67.8852135590145,30.2527689919627,22.8640804319065,10.1771062640393,146.330846786499,92.0362879435221,109.368256923131,77.3384098550548,190.376876831055,0,174.946887207031,131.86129241294,156.513840762052,92.2004283905029,165.094561985561,133.455474853516,94.8486022949219,90.0871585664295,162.019711581143,136.395324707031,97.3310989097313,122.755824861072,117.315694173177,126.283278783162,130.600982666016,115.411694049835,77.5426228114537,116.14028881042,122.907441442153,74.9741455078125,108.488832303179,102.68966643292,126.854310849818,141.603637348522,131.84764289856,158.596160888672,0,118.2864112854,141.624245383523
0,0,153.53911336263,73.9976329803467,0,0,168.827041625977,147.954132977654,147.031196594238,0,0,228.432403564453,0,176.880966186523,160.27259572347,0,122.767196655273,171.189498901367,0,168.507080078125,189.258544921875,123.987131754557,0,166.528877258301,125.461233266195,0,178.711410522461,163.007778167725,121.784869624119,138.861840820312,124.216361999512,0,0,129.834579467773,146.330846786499,11.9608904116347,110.394370422363,111.251553204043,65.9487300059834,88.8830877450796,107.077835083008,90.4664852680304,29.3006382502647,36.870383256521,61.593436355111,76.2896177485838,119.532068280476,92.754131825765,136.362994884623,18.6467854099723,92.3080455235073,87.567839050293,100.617907649373,128.570289119597,115.776005981723,84.3137801488241,79.7143894812304,76.6784398604412,94.404394789665,69.3834487586335,0,118.33632583554,124.800971477774,75.9405317306519,18.3010115205093,30.860117191833,144.443540445964,81.0873500279018,31.5433111791536,63.6559693971033
0,0,68.7606213887533,65.0584335327148,0,0,0,0,0,0,0,138.137359619141,0,76.6362374623616,0,0,0,87.5531794230143,88.7381210327148,89.8518210517036,0,0,112.858451843262,103.119087219238,0,71.7609367370605,77.517892908167,86.9446856498718,121.610961914062,0,0,106.716985066732,0,0,92.0362879435221,110.394370422363,7.92076298764044,38.1581301619576,11.9482528940559,137.686676025391,0,139.602249145508,109.588451436361,132.698114162538,58.2332642512766,138.494790077209,65.9324095690692,103.749826431274,47.3127613545959,124.465189615885,100.568393707275,55.7600168664771,53.8832632670997,71.8492721788811,56.6695973895012,0,91.2943593538725,20.4745790183991,62.8814101972078,68.4696888689539,17.7059436921416,48.4013967935465,28.3014639215118,108.79416809082,121.300652742386,106.220261001587,69.1703302292597,82.2035369873047,109.393508911133,51.7418431049118
156.034515380859,107.220477294922,88.7505784871095,89.3372663497925,0,0,0,161.355013760653,170.948585510254,0,157.103187561035,127.984280395508,0,0,178.096735636393,0,112.536760203044,104.520244495289,125.631271362305,112.992010636763,0,135.770700073242,105.5340868632,100.140269405284,152.280872120577,101.63724093967,97.284069011414,94.4139380008803,155.010203552246,147.414204406738,153.656592629173,140.469270706177,0,153.272857666016,109.368256923131,111.251553204043,38.1581301619576,11.4923291123246,40.7564210801101,112.10684967041,149.405311584473,118.346300193429,91.0467090412227,115.747911246329,87.3082325411159,105.907992956979,94.0344371482974,131.990189870199,76.8780512727065,117.843792455451,127.792441734901,71.4956474304199,46.54117524572,84.4080172039214,64.9336360807163,142.485848563058,63.8659572433516,43.6811140439449,33.8796262301766,93.6549147968144,77.7962714603969,29.6695230022941,32.3097344609454,90.7679591579063,134.637266536447,88.3787784539236,85.4199802875519,164.117985534668,116.227958424886,60.7659391830134
88.9862095969064,73.5909536906651,76.5267435709635,26.6283932695485,68.8861897117213,0,101.567345590302,71.5202876080523,95.4853879189005,48.817419955605,80.0131993220403,69.6271531958329,82.6963362260298,59.9300679745881,101.131211706933,52.8593521118164,61.4415469169617,66.3575578664804,83.7497138977051,64.9658064108629,96.4513938006233,66.2977941953219,56.5501385101905,66.5432496362803,62.7762209034725,41.511297022233,58.5513389269511,58.4269955063277,65.2896855059009,83.5957822251594,69.3366434501879,73.6255772908529,126.726806640625,73.5009213323178,77.3384098550548,65.9487300059834,11.9482528940559,40.7564210801101,17.3812528760093,68.7755800667456,107.356548309326,77.9003569659065,59.5884390488816,83.57791197561,25.5315345643553,75.0023651269766,51.5396748185158,61.7215663146973,18.850996613021,86.8113922908388,62.7558003380185,33.8649290430841,55.7817623954384,66.7109886863015,56.0017725402832,65.8506294776653,47.3884122056862,25.0738316701068,51.5255025009325,34.3707720740747,12.48988224025,46.6863939591509,39.0540239466928,53.0326193558247,79.5288502861472,51.7989230029061,57.0120574726778,129.359817504883,65.671547096654,60.1512305781526
0,0,0,72.5026550292969,6.64210309108719,0,148.590441385905,131.078855815687,146.61393737793,102.223378862653,37.6297415643189,0,45.6179739486339,0,126.843266296387,81.974494934082,0,0,0,0,12.2238438355363,0,127.400077819824,0,35.7555866550941,0,0,165.408676147461,59.9199984569361,145.305708567301,0,0,0,0,190.376876831055,88.8830877450796,137.686676025391,112.10684967041,68.7755800667456,8.39730151370235,121.742411295573,46.6439157981705,81.2304566383362,85.864856901623,37.2279575069745,13.3442220422099,127.792060852051,29.0622315318291,0,101.861456734794,66.6552232106527,0,171.874323527018,230.168670654297,0,12.1794775100751,90.8372611999512,53.8284632364909,120.970344543457,21.3330975696829,0,159.24521484375,118.653138967661,14.7747863767801,95.7160300719432,142.066465377808,0,0,91.3462855021159,98.9448557886584
0,0,0,0,0,0,0,0,0,0,0,0,0,0,0,0,0,0,0,0,0,0,0,0,0,0,0,0,185.899536132812,0,0,0,0,0,0,107.077835083008,0,149.405311584473,107.356548309326,121.742411295573,6.07721401118309,9.02403319475574,121.623892211914,11.3492577025252,77.7603931427002,97.0804672241211,64.4695053100586,0,75.2182922363281,34.3038104155968,8.88128989300829,0,154.462295532227,82.2574424743652,72.4271640777588,134.268112182617,96.4204711914062,78.7490615844727,104.878955841064,110.641452789307,0,112.940168380737,98.0913681030273,109.567111968994,25.7948676598172,80.104071299235,0,10.4686925453516,0,30.4563980102539
