8973,2,242,168,15,1,48,4234,631,135,179,83,9,11,10089,8,8,844,28,166,12,98,11,508,205,6,548,182,468,10332,4627,8,38,112,447,4,0,2,60,1,0,1,23,4,28,3,0,0,0,4,0,1,3,0,1,1,2,2,3,44,0,0,2,31,5,2,0,0,2,3
2,4934,230,624,6,2,1,22,4,620,3,46,2,413,14,17,98,198,29,144,0,12,1768,38,665,2738,856,10646,72,8,30,41,0,0,92,0,1,11,44,0,0,0,1,1,1,0,0,0,5,0,0,1,1,2,6,0,0,2,5,1,5,20,49,2,0,0,3,0,1,2
242,230,17009,729,4,7,139,2466,1593,40,374,55,2,23,1202,8,132,4056,22,307,5,1230,355,12051,323,5,9809,14284,1312,494,1463,38,19,34,691,2,11,454,121,0,0,0,48,11,11,2,0,0,0,5,0,97,32,0,4,1,15,142,544,24,0,20,696,41,6,15,1,0,0,29
168,624,729,309,107,5,51,621,218,1113,135,89,14,449,286,61,2893,419,49,251,21,824,579,1886,4353,1170,1534,8075,1931,509,1442,56,9,99,275,3,4,50,461,2,0,0,24,7,299,4,5,0,58,6,0,127,13,7,17,2,117,788,170,49,94,71,205,36,4,65,5,0,1,11
15,6,4,107,16443,3,216,93,124,398,7512,6,3672,4,78,148,2,4,2,3,23342,0,49,4,4522,5,9,45,6431,133,12,0,3,8,50,1,0,1,16,475,0,20,15,15,21,40,0,56,0,3,0,1,0,0,0,157,0,0,1,223,0,0,0,52,10,0,0,0,0,3
1,2,7,5,3,4703,5288,25,1234,16,56,11,26,3,222,2946,0,6,1,2,2,1,1,6,20,0,8,2,16,226,7,1,7047,0,11,0,0,0,2,0,0,0,0,0,1,1,0,0,0,0,0,0,0,0,0,0,0,0,0,1,0,0,0,1,0,0,0,0,0,0
48,1,139,51,216,5288,57630,3725,25114,74,22706,91,12021,13,1540,5308,4,126,14,48,1484,19,5,137,368,3,276,76,2063,886,65,10,3914,22,127,1,0,1,13,11,0,10,16,17,5,12,0,55,0,6,1,1,0,0,0,6,0,1,0,80,0,2,2,32,8,0,0,0,1,3
4234,22,2466,621,93,25,3725,90376,8537,564,21548,167,195,39,15383,152,111,440,50,132,116,1617,94,3611,1425,11,1641,1971,25524,5757,13828,21,90,769,1440,16,0,15,221,24,0,49,202,70,108,77,2,11,0,38,3,19,1,0,0,19,8,41,52,466,0,10,39,266,66,21,0,1,8,29
631,4,1593,218,124,1234,25114,8537,77933,177,16325,764,805,149,27725,796,7,1703,156,388,359,349,24,2329,531,27,3034,751,1661,4951,1951,68,4115,46,558,8,1,5,48,11,0,16,56,29,32,18,0,8,3,11,0,3,2,1,1,8,2,2,12,187,1,9,26,104,14,1,0,0,2,9
135,620,40,1113,398,16,74,564,177,6604,250,54,571,312,267,1056,50,42,21,38,79,28,2828,81,13268,689,257,1445,2093,581,973,30,3,126,132,3,0,4,28,30,0,13,17,12,40,44,0,18,7,5,7,1,0,0,1,34,1,4,6,180,7,5,9,42,7,2,1,0,1,4
179,3,374,135,7512,56,22706,21548,16325,250,127473,299,7749,56,5212,459,8,138,75,121,14224,162,13,466,1749,8,518,300,14117,2850,233,29,179,91,1241,3,0,2,35,97,0,43,52,32,48,142,0,47,2,29,3,2,3,0,1,73,1,1,4,614,0,6,9,134,16,2,1,0,1,9
83,46,55,89,6,11,91,167,764,54,299,63015,85,17020,1789,1,5,522,11094,4507,47,49,31,155,43,1065,12227,1947,100,1706,109,2625,445,50,8315,0,12,5,40,2,0,1,3,1,5,0,21,1,323,1,0,0,1,31,28,0,0,3,1,6,97,149,302,5,0,0,20,0,0,7
9,2,2,14,3672,26,12021,195,805,571,7749,85,51242,26,453,3450,0,13,22,37,23773,1,6,1,2046,1,46,44,1554,330,6,7,58,2,175,1,0,1,3,30,0,80,3,11,14,300,0,4525,1,11,3,0,0,0,0,738,0,0,0,72,0,2,0,13,11,0,0,0,0,4
11,413,23,449,4,3,13,39,149,312,56,17020,26,33021,263,10,4,33,826,214,15,3,186,16,155,6960,2619,3915,43,176,30,3533,66,2,393,0,55,2,146,0,0,0,0,2,8,1,97,1,1655,2,0,1,9,160,80,1,0,25,2,6,803,468,1171,2,0,0,136,1,0,35
10089,14,1202,286,78,222,1540,15383,27725,267,5212,1789,453,263,69884,74,11,2162,334,667,276,377,40,2420,454,48,2440,885,1206,13906,5672,82,4448,104,1517,5,1,4,92,2,0,6,42,13,61,11,0,3,3,8,0,7,0,3,8,3,2,17,13,102,4,15,27,64,23,9,1,0,3,9
8,17,8,61,148,2946,5308,152,796,1056,459,1,3450,10,74,13222,0,6,0,0,187,1,95,7,1547,20,25,106,505,73,22,2,219,8,16,0,0,2,6,6,0,2,3,2,2,4,0,6,0,2,0,0,0,0,0,0,0,1,0,16,0,1,1,4,1,0,0,0,0,1
8,98,132,2893,2,0,4,111,7,50,8,5,0,4,11,0,12544,106,1,25,1,1822,5041,15869,6038,8,90,7126,4025,23,213,1,0,7,275,1,0,24,120,0,0,0,25,3,15,4,1,0,0,3,0,217,2,1,0,0,17,770,570,20,0,7,167,21,2,17,0,0,2,6
844,198,4056,419,4,6,126,440,1703,42,138,522,13,33,2162,6,106,15158,254,7167,6,589,209,7843,314,22,8150,10057,338,2287,3546,36,36,206,3691,0,4,143,94,0,0,1,10,2,8,3,1,0,2,4,0,24,39,4,7,0,4,28,67,8,0,46,229,10,6,5,0,0,0,14
28,29,22,49,2,1,14,50,156,21,75,11094,22,826,334,0,1,254,8160,4967,10,10,16,75,20,245,4666,1670,29,314,66,888,29,17,1489,1,4,2,15,0,0,0,0,1,2,0,2,1,29,0,0,0,2,17,32,0,0,2,1,2,31,161,216,1,0,0,7,0,0,4
166,144,307,251,3,2,48,132,388,38,121,4507,37,214,667,0,25,7167,4967,17325,14,103,58,607,103,118,12424,5498,122,816,419,238,30,118,6279,2,2,53,62,0,0,1,10,1,4,3,3,0,11,2,0,1,40,9,51,0,0,4,15,11,14,244,291,3,1,4,6,0,1,23
12,0,5,21,23342,2,1484,116,359,79,14224,47,23773,15,276,187,1,6,10,14,14081,0,1,1,2158,1,20,17,5075,263,5,4,33,4,140,0,0,0,4,233,0,4,7,4,12,14,1,834,0,4,1,0,0,0,1,28,0,0,0,95,2,3,0,18,4,0,0,1,0,1
98,12,1230,824,0,1,19,1617,349,28,162,49,1,3,377,1,1822,589,10,103,0,58440,353,27904,683,2,271,1055,7818,432,16108,5,1,251,4355,7,0,5,39,0,0,0,24,2,24,1,0,0,2,5,0,46,2,0,0,0,46,88,63,23,0,1,16,36,14,66,0,0,2,11
11,1768,355,579,49,1,5,94,24,2828,13,31,6,186,40,95,5041,209,16,58,1,353,11251,2032,14401,528,300,8141,1274,67,326,11,0,12,123,1,0,22,71,2,0,2,3,1,8,0,1,0,1,1,0,23,3,2,1,0,3,193,71,10,3,4,47,11,4,2,0,0,1,5
508,38,12051,1886,4,6,137,3611,2329,81,466,155,1,16,2420,7,15869,7843,75,607,1,27904,2032,64143,1944,6,3090,18566,6462,1258,13255,11,16,314,9231,8,4,204,190,1,0,2,77,10,47,13,1,0,1,9,0,607,13,3,5,0,76,1419,1655,49,0,21,709,101,21,45,0,0,2,31
205,665,323,4353,4522,20,368,1425,531,13268,1749,43,2046,155,454,1547,6038,314,20,103,2158,683,14401,1944,78257,301,582,7315,29843,1319,1629,17,12,413,605,50,0,40,701,162,1,90,340,139,515,179,3,41,2,99,4,82,12,2,0,88,85,137,92,1386,2,7,80,646,141,118,2,1,25,62
6,2738,5,1170,5,0,3,11,27,689,8,1065,1,6960,48,20,8,22,245,118,1,2,528,6,301,11701,911,7277,25,43,7,236,8,0,145,1,15,3,145,0,0,1,0,2,4,0,18,0,295,0,0,1,4,50,37,0,1,4,0,0,236,223,440,0,0,0,36,0,0,12
548,856,9809,1534,9,8,276,1641,3034,257,518,12227,46,2619,2440,25,90,8150,4666,12424,20,271,300,3090,582,911,111042,49925,640,1444,1576,4759,69,45,3073,3,37,353,398,0,0,3,28,8,11,2,51,0,171,15,0,6,199,82,353,0,7,40,79,18,123,1693,1990,15,10,7,44,1,1,170
182,10646,14284,8075,45,2,76,1971,751,1445,300,1947,44,3915,885,106,7126,10057,1670,5498,17,1055,8141,18566,7315,7277,49925,123683,4453,802,915,3185,21,93,6536,10,61,1298,946,3,0,6,132,30,35,14,44,0,242,24,0,320,326,98,406,0,47,623,1289,77,160,1854,3791,101,34,52,53,1,1,208
468,72,1312,1931,6431,16,2063,25524,1661,2093,14117,100,1554,43,1206,505,4025,338,29,122,5075,7818,1274,6462,29843,25,640,4453,70263,3715,13905,9,57,1720,2825,56,0,31,504,183,1,127,516,156,447,251,4,63,0,130,8,90,7,1,2,133,82,139,122,1670,1,14,59,772,150,172,0,0,34,63
10332,8,494,509,133,226,886,5757,4951,581,2850,1706,330,176,13906,73,23,2287,314,816,263,432,67,1258,1319,43,1444,802,3715,82477,9073,89,4209,6509,4673,14,0,9,177,6,0,11,105,27,122,16,1,4,7,24,0,9,6,1,4,3,8,12,18,164,2,12,27,151,43,11,1,0,2,16
4627,30,1463,1442,12,7,65,13828,1951,973,233,109,6,30,5672,22,213,3546,66,419,5,16108,326,13255,1629,7,1576,915,13905,9073,65805,13,33,1141,5021,43,0,20,487,3,0,12,225,37,392,15,1,1,0,48,0,57,4,1,0,4,60,82,57,303,0,10,32,301,89,111,0,0,22,37
8,41,38,56,0,1,10,21,68,30,29,2625,7,3533,82,2,1,36,888,238,4,5,11,11,17,236,4759,3185,9,89,13,5660,7,2,199,0,5,2,16,0,0,0,0,2,0,0,12,0,71,1,0,0,4,25,24,0,1,3,1,2,58,183,278,0,1,1,14,0,0,4
38,0,19,9,3,7047,3914,90,4115,3,179,445,58,66,4448,219,0,36,29,30,33,1,0,16,12,8,69,21,57,4209,33,7,10915,0,291,1,0,0,0,0,0,0,3,0,0,0,0,0,0,2,0,1,0,0,0,1,0,0,1,4,2,1,4,2,0,0,0,0,0,2
112,0,34,99,8,0,22,769,46,126,91,50,2,2,104,8,7,206,17,118,4,251,12,314,413,0,45,93,1720,6509,1141,2,0,6024,2427,6,0,2,25,0,0,1,16,4,40,2,1,0,0,5,0,0,1,1,0,0,2,5,6,36,0,2,4,34,6,7,0,0,0,2
447,92,691,275,50,11,127,1440,558,132,1241,8315,175,393,1517,16,275,3691,1489,6279,140,4355,123,9231,605,145,3073,6536,2825,4673,5021,199,291,2427,30380,1,1,32,54,1,0,5,31,8,18,9,4,1,11,7,0,17,16,7,19,1,12,33,52,49,7,67,128,35,10,13,4,0,1,13
4,0,2,3,1,0,1,16,8,3,3,0,1,0,5,0,1,0,1,2,0,7,1,8,50,1,3,10,56,14,43,0,1,6,1,13990,15,272,345,65,2,86,9321,1405,243,800,85,49,11,12019,3,50,520,82,426,83,171,63,452,595,3,923,276,1248,25891,3883,15,15,181,1060
0,1,11,4,0,0,0,0,1,0,0,12,0,55,1,0,0,4,4,2,0,0,0,4,0,15,37,61,0,0,0,5,0,0,1,15,5667,485,482,0,2,3,50,26,308,5,161,0,687,34,8,90,744,33,565,0,16,2414,198,439,2936,1977,11119,33,20,62,69,4,2,456
2,11,454,50,1,0,1,15,5,4,2,5,1,2,4,2,24,143,2,53,0,5,22,204,40,3,353,1298,31,9,20,2,0,2,32,272,485,18185,596,13,3,418,5423,1965,85,824,90,13,15,1384,17,153,4224,58,493,13,547,821,10747,238,14,18204,12614,1611,399,348,39,7,20,898
60,44,121,461,16,2,13,221,48,28,35,40,3,146,92,6,120,94,15,62,4,39,71,190,701,145,398,946,504,177,487,16,0,25,54,345,482,596,372,85,3,143,1906,451,407,266,123,38,1474,519,17,2163,623,54,331,49,312,978,1212,4321,3014,1408,3661,1526,556,380,57,14,55,319
1,0,0,2,475,0,11,24,11,30,97,2,30,0,2,6,0,0,0,0,233,0,2,1,162,0,0,3,183,6,3,0,0,0,1,65,0,13,85,17828,2,455,91,141,208,8033,14,2369,0,206,15,8,3,0,1,32243,1,5,12,8164,1,7,18,8275,479,4,1,3,35,166
0,0,0,0,0,0,0,0,0,0,0,0,0,0,0,0,0,0,0,0,0,0,0,0,1,0,0,0,1,0,0,0,0,0,0,2,2,3,3,2,3800,3804,8,2937,10,30,102,11,11,234,2392,0,0,7,1,1,0,0,1,6,0,12,5,4,384,0,1,3101,0,124
1,0,0,0,20,0,10,49,16,13,43,1,80,0,6,2,0,1,0,1,4,0,2,2,90,1,3,6,127,11,12,0,0,1,5,86,3,418,143,455,3804,87290,1867,36712,316,22706,341,10420,35,3663,8661,16,58,23,22,963,29,15,139,1139,4,197,114,3387,2444,12,13,3011,26,593
23,1,48,24,15,0,16,202,56,17,52,3,3,0,42,3,25,10,0,10,7,24,3,77,340,0,28,132,516,105,225,0,3,16,31,9321,50,5423,1906,91,8,1867,178024,8228,1617,27646,156,165,12,26739,63,358,2536,138,740,265,1843,446,9056,2998,5,3619,1554,22353,6443,20700,28,26,574,2211
4,1,11,7,15,0,17,70,29,12,32,1,11,2,13,2,3,2,1,1,4,2,1,10,139,2,8,30,156,27,37,2,0,4,8,1405,26,1965,451,141,2937,36712,8228,111525,355,10361,1075,666,109,43967,1736,39,468,98,171,467,58,62,765,1009,4,1633,434,1800,7522,123,41,10013,36,1230
28,1,11,299,21,1,5,108,32,40,48,5,14,8,61,2,15,8,2,4,12,24,8,47,515,4,11,35,447,122,392,0,0,40,18,243,308,85,407,208,10,316,1617,355,7639,276,53,1031,218,465,1657,196,76,5,78,309,165,843,206,12092,460,412,1633,1508,552,549,9,6,102,218
3,0,2,4,40,1,12,77,18,44,142,0,300,1,11,4,4,3,0,3,14,1,0,13,179,0,2,14,251,16,15,0,0,2,9,800,5,824,266,8033,30,22706,27646,10361,276,138751,220,21304,12,5070,530,56,85,47,32,14874,59,54,462,3189,0,301,228,16006,4380,48,19,103,162,1295
0,0,0,5,0,0,0,2,0,0,0,21,0,97,0,0,1,1,2,3,1,0,1,1,3,18,51,44,4,1,1,12,0,1,4,85,161,90,123,14,102,341,156,1075,53,220,52907,81,7196,1923,13,20,518,22030,3543,45,66,58,253,46,226,10880,1885,98,1549,199,3258,868,16,11699
0,0,0,0,56,0,55,11,8,18,47,1,4525,1,3,6,0,0,1,0,834,0,0,0,41,0,0,0,63,4,1,0,0,0,1,49,0,13,38,2369,11,10420,165,666,1031,21304,81,78869,4,556,4045,1,2,15,5,22192,2,0,8,1876,2,19,21,1272,644,4,4,28,7,286
0,5,0,58,0,0,0,0,3,7,2,323,1,1655,3,0,0,2,29,11,0,2,1,1,2,295,171,242,0,7,0,71,0,0,11,11,687,15,1474,0,11,35,12,109,218,12,7196,4,37804,150,1,5,26,344,132,5,1,366,17,79,3803,1306,10675,2,134,10,3646,94,1,518
4,0,5,6,3,0,6,38,11,5,29,1,11,2,8,2,3,4,0,2,4,5,1,9,99,0,15,24,130,24,48,1,2,5,7,12019,34,1384,519,206,234,3663,26739,43967,465,5070,1923,556,150,118768,163,57,791,248,417,528,93,98,686,1102,13,2228,482,2060,15010,420,94,6874,86,2978
0,0,0,0,0,0,1,3,0,7,3,0,3,0,0,0,0,0,0,0,1,0,0,0,4,0,0,0,8,0,0,0,0,0,0,3,8,17,17,15,2392,8661,63,1736,1657,530,13,4045,1,163,10287,0,4,0,0,54,1,16,8,956,4,21,93,140,124,0,0,252,1,33
1,1,97,127,1,0,1,19,3,1,2,0,0,1,7,0,217,24,0,1,0,46,23,607,82,1,6,320,90,9,57,0,1,0,17,50,90,153,2163,8,0,16,358,39,196,56,20,1,5,57,0,28935,207,12,62,2,2618,12242,7770,4267,6,213,5602,2698,125,1117,7,0,42,503
3,1,32,13,0,0,0,1,2,0,3,1,0,9,0,0,2,39,2,40,0,2,3,13,12,4,199,326,7,6,4,4,0,1,16,520,744,4224,623,3,0,58,2536,468,76,85,518,2,26,791,4,207,23491,270,10092,2,1347,328,17428,211,63,8578,8749,319,530,2833,29,5,34,6189
0,2,0,7,0,0,0,0,1,0,0,31,0,160,3,0,1,4,17,9,0,0,2,3,2,50,82,98,1,1,1,25,0,1,7,82,33,58,54,0,7,23,138,98,5,47,22030,15,344,248,0,12,270,14284,7842,5,36,16,176,9,209,12454,1037,16,206,128,713,19,12,2064
1,6,4,17,0,0,0,0,1,1,1,28,0,80,8,0,0,7,32,51,1,0,1,5,0,37,353,406,2,4,0,24,0,0,19,426,565,493,331,1,1,22,740,171,78,32,3543,5,132,417,0,62,10092,7842,28771,5,291,152,1888,108,364,14010,5068,96,630,1013,162,13,68,4191
1,0,1,2,157,0,6,19,8,34,73,0,738,1,3,0,0,0,0,0,28,0,0,0,88,0,0,0,133,3,4,0,1,0,1,83,0,13,49,32243,1,963,265,467,309,14874,45,22192,5,528,54,2,2,5,5,14764,3,2,5,3258,0,23,8,2470,933,4,1,12,19,289
2,0,15,117,0,0,0,8,2,1,1,0,0,0,2,0,17,4,0,0,0,46,3,76,85,1,7,47,82,8,60,1,0,2,12,171,16,547,312,1,0,29,1843,58,165,59,66,2,1,93,1,2618,1347,36,291,3,49461,2711,23385,1980,4,339,927,6105,605,18352,4,0,256,6443
2,2,142,788,0,0,1,41,2,4,1,3,0,25,17,1,770,28,2,4,0,88,193,1419,137,4,40,623,139,12,82,3,0,5,33,63,2414,821,978,5,0,15,446,62,843,54,58,0,366,98,16,12242,328,16,152,2,2711,13909,3825,6449,1336,623,8605,716,139,1861,19,1,44,429
3,5,544,170,1,0,0,52,12,6,4,1,0,2,13,0,570,67,1,15,0,63,71,1655,92,0,79,1289,122,18,57,1,1,6,52,452,198,10747,1212,12,1,139,9056,765,206,462,253,8,17,686,8,7770,17428,176,1888,5,23385,3825,80560,1262,15,5334,13844,5225,1178,9839,33,4,127,7386
44,1,24,49,223,1,80,466,187,180,614,6,72,6,102,16,20,8,2,11,95,23,10,49,1386,0,18,77,1670,164,303,2,4,36,49,595,439,238,4321,8164,6,1139,2998,1009,12092,3189,46,1876,79,1102,956,4267,211,9,108,3258,1980,6449,1262,69976,147,500,3882,18803,1893,1074,17,16,377,1085
0,5,0,94,0,0,0,0,1,7,0,97,0,803,4,0,0,0,31,14,2,0,3,0,2,236,123,160,1,2,0,58,2,0,7,3,2936,14,3014,1,0,4,5,4,460,0,226,2,3803,13,4,6,63,209,364,0,4,1336,15,147,8861,1015,6488,10,15,6,131,4,0,119
0,20,20,71,0,0,2,10,9,5,6,149,2,468,15,1,7,46,161,244,3,1,4,21,7,223,1693,1854,14,12,10,183,1,2,67,923,1977,18204,1408,7,12,197,3619,1633,412,301,10880,19,1306,2228,21,213,8578,12454,14010,23,339,623,5334,500,1015,159516,34752,515,1080,1157,4745,42,62,5134
2,49,696,205,0,0,2,39,26,9,9,302,0,1171,27,1,167,229,216,291,0,16,47,709,80,440,1990,3791,59,27,32,278,4,4,128,276,11119,12614,3661,18,5,114,1554,434,1633,228,1885,21,10675,482,93,5602,8749,1037,5068,8,927,8605,13844,3882,6488,34752,125620,2796,436,824,4401,20,56,5893
31,2,41,36,52,1,32,266,104,42,134,5,13,2,64,4,21,10,1,3,18,36,11,101,646,0,15,101,772,151,301,0,2,34,35,1248,33,1611,1526,8275,4,3387,22353,1800,1508,16006,98,1272,2,2060,140,2698,319,16,96,2470,6105,716,5225,18803,10,515,2796,105626,4912,2464,10,23,1203,2756
5,0,6,4,10,0,8,66,14,7,16,0,11,0,23,1,2,6,0,1,4,14,4,21,141,0,10,34,150,43,89,1,0,6,10,25891,20,399,556,479,384,2444,6443,7522,552,4380,1549,644,134,15010,124,125,530,206,630,933,605,139,1178,1893,15,1080,436,4912,144959,5622,59,7574,7151,5636
2,0,15,65,0,0,0,21,1,2,2,0,0,0,9,0,17,5,0,4,0,66,2,45,118,0,7,52,172,11,111,1,0,7,13,3883,62,348,380,4,0,12,20700,123,549,48,199,4,10,420,0,1117,2833,128,1013,4,18352,1861,9839,1074,6,1157,824,2464,5622,74276,18,2,1273,13106
0,3,1,5,0,0,0,0,0,1,1,20,0,136,1,0,0,0,7,6,0,0,0,0,2,36,44,53,0,1,0,14,0,0,4,15,69,39,57,1,1,13,28,41,9,19,3258,4,3646,94,0,7,29,713,162,1,4,19,33,17,131,4745,4401,10,59,18,3599,15,2,570
0,0,0,0,0,0,0,1,0,0,0,0,0,1,0,0,0,0,0,0,1,0,0,0,1,0,1,1,0,0,0,0,0,0,0,15,4,7,14,3,3101,3011,26,10013,6,103,868,28,94,6874,252,0,5,19,13,12,0,1,4,16,4,42,20,23,7574,2,15,10066,2,944
2,1,0,1,0,0,1,8,2,1,1,0,0,0,3,0,2,0,0,1,0,2,1,2,25,0,1,1,34,2,22,0,0,0,1,181,2,20,55,35,0,26,574,36,102,162,16,7,1,86,1,42,34,12,68,19,256,44,127,377,0,62,56,1203,7151,1273,2,2,3667,1652
3,2,29,11,3,0,3,29,9,4,9,7,4,35,9,1,6,14,4,23,1,11,5,31,62,12,170,208,63,16,37,4,2,2,13,1060,456,898,319,166,124,593,2211,1230,218,1295,11699,286,518,2978,33,503,6189,2064,4191,289,6443,429,7386,1085,119,5134,5893,2756,5636,13106,570,944,1652,35007
