9.82850568068409,128.259708404541,91.545529136973,64.8469181514922,80.1359781901042,86.7728958129883,103.107841412226,31.7660138235939,48.9477440385169,63.3732029102467,65.5873910221974,105.219693287309,120.693380567763,118.388428427956,22.184455181872,88.2091064453125,126.808059692383,101.896914296806,130.136138643537,119.33971786499,88.2284679412842,78.2937032349256,78.8368131464178,85.1834209697453,76.0393453830626,128.394077301025,106.102191187169,128.679126026866,74.9041877893301,23.0103830671846,33.3245172805139,126.678406715393,84.5508526249936,34.8917584759848,54.7576381290786,139.707731246948,0,167.332641601562,73.6753021876017,165.971160888672,0,138.838928222656,124.485087187394,179.042755126953,77.7392951420375,165.268575032552,0,0,0,141.089710235596,0,129.030288696289,181.917500813802,0,185.548217773438,165.625335693359,148.773361206055,97.8298473358154,163.280466715495,113.302618373524,0,0,170.520408630371,129.035233528383,161.882409667969,119.486747741699,0,0,136.469745635986,131.832631429036
128.259708404541,8.47154681915497,44.4321130669635,19.6685081903751,81.8529446919759,139.990447998047,123.160942077637,128.611885070801,146.5322265625,62.4575753611903,177.727732340495,71.3200273099153,145.704406738281,46.028006038712,151.075772421701,96.2090400247013,62.2057738985334,59.5218092600505,83.9566656967689,64.1023482216729,0,84.9904076258342,23.8397166552317,87.6135994760614,78.4443144719403,21.0808988289732,51.2203317357001,32.4600021910806,101.401328192817,129.575689315796,102.377190907796,69.1590978110709,0,0,68.6575199210126,0,118.336112976074,97.2778521451083,29.5167717933655,0,0,0,102.089286804199,159.954193115234,78.1871490478516,0,0,0,74.0258010864258,0,0,157.923522949219,83.8110198974609,117.790714263916,124.569564819336,0,0,10.024893283844,75.8230392456055,239.947814941406,72.0469200134277,111.342198944092,94.0289834470165,105.633079528809,0,0,144.74536895752,0,127.053909301758,143.063804626465
91.545529136973,44.4321130669635,10.1815910931022,46.2117467155509,149.474952697754,157.213490077427,129.467991561341,93.0991409113034,111.977503137774,98.4307847976685,104.518797991748,117.583067252419,154.018005371094,102.801707060441,109.828979409673,131.955968856812,74.0253509463686,41.4738344760571,92.701680616899,80.3930784467765,153.025982666016,58.2869838094324,46.8807310131234,26.7585318290132,99.8120863356457,74.2828178405762,28.2398223702192,34.2841637188966,77.5290874300933,111.264421455291,76.6557011255563,116.31558789705,168.811209427683,103.683354882633,66.7713077258098,144.920318603516,71.9530566822399,88.6760019814916,61.9634100228302,0,0,0,144.544231573741,168.768966674805,113.907193964178,165.102836608887,0,0,0,176.084518432617,0,87.0047454047449,112.242557764053,0,135.583198547363,199.935272216797,123.451799519857,64.1622332452049,97.3704939028796,149.06686369578,0,130.118781661987,93.1789760808835,153.131179623488,180.955416361491,141.952392069499,192.334838867188,0,0,115.374544604071
64.8469181514922,19.6685081903751,46.2117467155509,20.8543811099043,41.8355496843285,101.227484893799,88.7496293759813,64.4986966881007,82.7231764137198,22.2237732980236,77.2781954729999,71.1638817519284,89.2491779327393,39.3467274519277,90.4997375461605,61.8202815446697,39.0445594415094,63.1820883284321,77.0524861861248,66.7404938352061,73.3802041553316,52.3023155013334,33.1579618593983,54.1965744578826,46.1942034809446,20.8536127954467,53.4359457272128,39.5952367292469,55.6715426511681,77.5963760106175,57.091876232343,66.1509143284389,133.161846584744,62.1273690811311,67.2021932983399,92.28599802653,52.2896375656128,66.5484850311279,13.8782314380182,123.015190124512,0,0,74.8561291694641,118.091294424874,8.26377037616079,156.994031906128,74.1414260864258,0,48.2334732844912,117.316243489583,0,52.4891239376519,85.2326616140512,59.3751444135393,78.2835688871496,134.373275756836,63.3783207754804,12.6460218901562,64.2759944466984,77.6975905360008,23.8582665412984,76.5652584828122,66.1950971463831,83.706060939365,80.5735759735107,62.6135938204252,64.2555618286133,0,117.928092956543,78.5288398049095
80.1359781901042,81.8529446919759,149.474952697754,41.8355496843285,8.56910166279037,96.9741846720378,59.2298191653358,56.3582941075807,76.4284824248283,29.2914541498501,21.1564398255592,156.979611714681,30.5210557579345,149.29005241394,106.216956309783,58.6812313440684,76.8141345977783,152.889713287354,169.031898498535,183.686269124349,12.9828666988309,0,46.6462628111547,147.82706451416,16.80325809046,117.57444152832,169.291374206543,107.169948662652,19.2529904299994,96.3623736101882,83.3142967224121,0,127.734657287598,74.164270401001,95.7217449951172,116.683258056641,0,169.119873046875,69.8381214141846,17.7309997242375,0,129.116759872437,120.785158284505,141.681626383464,81.3008698962984,130.674853682518,0,51.5195167745863,0,147.296127319336,0,103.642135620117,0,0,0,34.9198471664623,0,0,130.45198059082,94.219854200902,0,0,0,117.083128782419,162.079124450684,0,0,0,0,153.871404012044
86.7728958129883,139.990447998047,157.213490077427,101.227484893799,96.9741846720378,6.98248103956149,7.77167105354628,102.910715332031,20.7179915505058,57.0005230903625,106.306163924081,59.4472971829501,88.5162679232084,86.0645980834961,35.5096274839865,13.177157977448,0,162.16148630778,165.78401184082,177.816711425781,101.665622711182,82.307991027832,85.83251953125,152.226231892904,83.0463979721069,0,166.818739891052,176.562530517578,105.487339496613,27.1957831973523,112.119558061872,91.7491989135742,9.72279655779442,0,56.4777200872248,0,0,0,107.42692565918,0,0,0,0,0,166.956039428711,199.496368408203,0,0,0,0,0,0,0,0,0,0,0,0,0,138.932952880859,0,0,0,149.940826416016,0,0,0,0,0,0
103.107841412226,123.160942077637,129.467991561341,88.7496293759813,59.2298191653358,7.77167105354628,10.0482312718924,57.5230295142871,21.520408249076,68.7454085865536,40.7724129535087,88.6828513093047,28.8542691835418,82.2737884521484,45.5883436989475,13.4355773007232,132.941608428955,145.349405137319,148.825292314802,156.58055305481,39.95338768265,120.665269952071,103.507452392578,125.177810279122,75.4967363088027,144.534983317057,147.619273918262,154.898961418553,64.0441819041664,57.5175832281263,106.65215418889,160.056132507324,13.1665736525779,115.138648986816,95.6957209879958,191.122192382812,0,197.179122924805,113.559849078839,168.478751442649,0,161.264070129395,157.424248218536,177.57259683048,122.779766845703,176.459442138672,0,53.5660303982821,0,196.26894124349,110.400543212891,187.448104858398,0,0,0,156.05658976237,0,128.365570068359,0,130.750393676758,0,221.814727783203,214.141792297363,155.358109474182,181.10493850708,0,0,0,204.678161621094,166.063181559245
31.7660138235939,128.611885070801,93.0991409113034,64.4986966881007,56.3582941075807,102.910715332031,57.5230295142871,10.7748879702801,54.4054034609447,59.1803613453047,19.3385880515021,138.204193709139,62.3983916160388,161.501054030198,43.5844764636938,74.0796385062368,88.9530688792736,122.030484875766,155.046962127686,148.899391925696,61.3835681553545,65.9953946837247,85.8931644115042,78.9270075119555,57.4218550257097,139.431492198597,118.598509900676,110.523778784765,31.0024850134229,73.4331123404398,25.9406601250051,165.452999296642,119.49145948622,69.0315383792079,81.7764068153169,137.381742954254,0,163.45956624349,79.4799323276157,139.303217569987,0,140.188884657256,124.81585138151,144.041124289376,79.7978654084382,143.783844588639,223.357116699219,133.394623496316,0,151.426042456376,124.09215037028,146.609967281944,192.495895385742,0,0,131.265494095652,149.390055656433,105.11594911901,153.144594926101,109.209026074716,0,188.42957611084,170.64817575308,125.304597524772,155.132861050692,130.006906418573,0,180.544570922852,151.786613464355,156.135675101445
48.9477440385169,146.5322265625,111.977503137774,82.7231764137198,76.4284824248283,20.7179915505058,21.520408249076,54.4054034609447,12.2771083861327,82.393874723359,32.7537261969317,83.4469310051484,79.1286540499385,98.1626389522681,20.8290311868907,28.4643300346394,142.896126883371,126.239873195073,118.483939831073,134.862940375338,79.4566084827221,94.3800895712779,125.405720710754,103.707120683276,83.3286230873927,86.9930857905635,127.470039676976,141.630383894066,73.3423736177246,37.0282975963284,69.4379726939786,132.600523107192,21.6367634896085,93.8361759185791,76.0825126606931,146.573068618774,131.170425415039,202.812976074219,99.5656776428223,155.734655206854,0,155.557382583618,144.251353945051,159.525264345366,100.478603601456,160.445403205024,0,123.415446281433,159.836471557617,188.084114768288,0,159.094004313151,197.10075378418,243.870315551758,147.884613037109,144.005598068237,157.443428039551,124.370182037354,195.685932159424,126.701218385747,187.05207824707,180.537996080187,188.384213374211,146.305013656616,178.882264273507,145.366287231445,0,0,153.404121398926,169.479114108615
63.3732029102467,62.4575753611903,98.4307847976685,22.2237732980236,29.2914541498501,57.0005230903625,68.7454085865536,59.1803613453047,82.393874723359,8.3531738980693,69.6835846710205,122.253371768528,12.441188082386,107.872968722612,84.1749154708805,20.5528378430189,72.8977030181885,116.49097442627,141.043455214727,139.085445604826,46.5873313372648,85.8199607304164,29.3030178742496,94.1161664326986,23.9394716074534,94.1701214683765,114.818214357131,100.256689759357,49.4124446828799,72.9042135261628,55.5909000173257,127.062503051758,106.52045694987,60.3027773357573,82.393140893994,109.089530944824,0,158.577751159668,78.0334128992898,105.276749674479,0,102.432862501878,108.028229208554,145.221249898275,48.3649008631706,111.811221209439,0,99.9621931711833,135.895044599261,118.858032226562,70.7840200151716,124.61417388916,0,0,188.989669799805,95.1763462739832,150.403335571289,63.6989545822144,175.002047220866,71.1032525380453,109.303424290248,188.859768676758,168.436277601454,118.459482465472,133.162204197475,130.145694732666,141.997207641602,0,110.10823059082,147.762516021729
65.5873910221974,177.727732340495,104.518797991748,77.2781954729999,21.1564398255592,106.306163924081,40.7724129535087,19.3385880515021,32.7537261969317,69.6835846710205,13.44694565946,138.906660303224,26.2942282736324,154.752525602068,51.7175944410465,70.9574232911752,123.019406318665,145.370213715926,157.014895629883,156.46791272124,19.33455789582,75.2606534133723,83.5780387291541,93.3096515590029,49.59894284226,145.620425224304,136.628928121913,147.990646540324,29.3508183763614,91.1542511461492,73.715798062828,169.23850750101,119.56509932193,85.2881566980383,88.8152422201816,140.057688395182,0,199.305290222168,99.3693630763463,136.21422812865,0,154.381981783135,135.517227906447,157.04730796814,103.718864123027,149.588593979956,0,124.657350743071,185.461288452148,175.882709634715,121.079409281413,144.608879089355,207.898788452148,0,217.145401000977,133.141024145361,137.862426757812,120.34107208252,183.010673522949,109.580228078637,0,215.749160766602,176.941294352214,145.346408445444,167.931612968445,225.201202392578,195.244155883789,0,174.642913818359,173.399327596029
105.219693287309,71.3200273099153,117.583067252419,71.1638817519284,156.979611714681,59.4472971829501,88.6828513093047,138.204193709139,83.4469310051484,122.253371768528,138.906660303224,14.8882250308423,140.501969191607,19.6477938489124,75.5474060318735,172.98405456543,125.335507202148,61.2871215425689,21.1697585418114,26.8620010154433,144.964845373275,106.863229868363,106.126152530793,97.6374517625378,143.787997933321,32.5293145658824,25.8310124224982,59.3133789404393,143.313465194702,65.3288999380847,106.001649104127,38.1166453772954,62.2195541210389,100.204730377197,27.5766079650897,0,98.2848834991455,125.054249572754,96.0371905326843,191.439559936523,0,242.737869262695,208.397832234701,203.890914916992,139.509930419922,0,91.6037183489118,116.987258911133,67.5206582627429,210.081954956055,0,0,112.370292663574,90.9010583200762,102.274577004569,0,0,134.377049763997,142.138427734375,194.164922078451,60.2002488952322,97.6812647877124,95.0762649814025,209.664212036133,0,0,89.3652835845947,0,0,132.874765668597
120.693380567763,145.704406738281,154.018005371094,89.2491779327393,30.5210557579345,88.5162679232084,28.8542691835418,62.3983916160388,79.1286540499385,12.441188082386,26.2942282736324,140.501969191607,10.152001489298,159.209159557636,105.930646538471,19.8258184276111,0,191.252123319186,165.95142364502,158.430758502032,12.1594690203451,153.3974609375,63.1377913157145,111.43970489502,19.3310836926467,159.280868530273,169.366838538128,168.100121931596,46.7718110728908,108.185025463682,136.599342346191,177.81575012207,120.169511860815,160.071754455566,99.881748853411,70.6248550415039,0,186.163589477539,68.9513969421387,67.9526684443156,0,40.7946500778198,103.473183949788,112.369668440385,65.357999256679,33.619288444519,0,10.705221673428,208.403167724609,120.147990833629,32.1239910125732,0,0,0,0,12.8084841039446,0,0,0,98.0668933126662,0,189.838180541992,0,111.207513075608,138.104095458984,0,0,0,0,98.7768478393555
118.388428427956,46.028006038712,102.801707060441,39.3467274519277,149.29005241394,86.0645980834961,82.2737884521484,161.501054030198,98.1626389522681,107.872968722612,154.752525602068,19.6477938489124,159.209159557636,6.56055264465597,92.790018553063,141.960539245605,116.972677230835,100.83231122566,47.7855658404186,63.4462424661512,160.239444986979,141.541666666667,80.1438092262514,151.5939412117,124.146799739715,15.5724936944315,38.23878078681,27.7828195099934,150.835927564044,82.7175455093384,143.07178700765,13.3427753225117,76.8474700234153,142.452243804932,56.8330283759508,0,87.0754390369762,125.141288757324,51.5194096369286,0,0,0,0,180.436058044434,141.975023269653,173.810272216797,78.4243296987003,160.882308959961,59.9240945650372,159.210166931152,0,169.494338989258,117.343082851834,84.0350543022156,93.388045501709,239.041793823242,0,118.055419006348,116.607517242432,147.682909647624,50.8027936073199,84.9990417855418,81.6369580953779,222.587699890137,0,0,85.1842954299029,125.998413085938,0,107.613580976214
22.184455181872,151.075772421701,109.828979409673,90.4997375461605,106.216956309783,35.5096274839865,45.5883436989475,43.5844764636938,20.8290311868907,84.1749154708805,51.7175944410465,75.5474060318735,105.930646538471,92.790018553063,12.0899399878178,64.0089489189354,141.238934603604,122.751674890298,106.066132197123,120.52268746875,100.951932948569,89.7466779956767,123.171356010437,101.239705763573,97.3515401327663,91.9878032207489,122.633105115421,131.78633647854,93.4468185557655,31.871744153895,61.7947109798114,113.58021666364,18.8856617121173,63.5641768162067,55.7729188457632,161.380508422852,175.657638549805,183.37548828125,102.381120681763,164.980514526367,0,179.687555948893,143.003249940418,181.884397066556,94.7709704539815,181.086296775124,0,129.756294250488,145.288805643717,182.266736984253,0,176.487949916295,0,141.875137329102,167.040439605713,173.534352620443,174.98779296875,133.437989178826,184.096522404597,142.645256865258,136.894399642944,164.471391805013,163.334420945909,151.021728277206,166.097111577573,142.261375427246,189.140533447266,0,153.494267781576,163.320585462782
88.2091064453125,96.2090400247013,131.955968856812,61.8202815446697,58.6812313440684,13.177157977448,13.4355773007232,74.0796385062368,28.4643300346394,20.5528378430189,70.9574232911752,172.98405456543,19.8258184276111,141.960539245605,64.0089489189354,7.9548122835419,0,141.646443684896,0,0,50.0350120768828,109.676773071289,68.3226458499306,124.205385480608,39.6165608496688,131.760203552246,145.43725769043,126.05014052481,69.8024266384616,81.8134891954187,84.568093733354,176.074592590332,32.9487303990752,88.3150663375854,123.681069135666,0,0,187.380737304688,90.0896237691243,131.121594746908,0,157.421279907227,142.22122446696,193.223937988281,98.3468780517578,161.236112594604,0,61.0569915771484,0,179.324310302734,0,0,0,0,0,0,0,64.0061187744141,0,117.080191612244,0,226.427963256836,151.142791748047,151.718849182129,125.194900512695,0,0,0,0,230.020080566406
126.808059692383,62.2057738985334,74.0253509463686,39.0445594415094,76.8141345977783,0,132.941608428955,88.9530688792736,142.896126883371,72.8977030181885,123.019406318665,125.335507202148,0,116.972677230835,141.238934603604,0,14.4116957478833,93.1805576828291,146.999038696289,114.645120849609,175.082122802734,24.9306003830174,32.4950973103146,22.6941745790839,34.624548155253,100.380879402161,107.580157513089,31.0878936954004,37.2561433946124,121.507075600002,82.3999929831062,117.727806091309,0,98.6534685407366,75.7091058765758,187.442749023438,0,110.220398902893,57.4655157725016,0,0,0,134.527300109863,168.671061197917,79.9854136149089,178.691345214844,133.305191040039,0,0,176.12399037679,0,94.7332444081109,132.329734802246,212.828704833984,0,0,115.679122476017,52.7028828534213,97.7768714302465,129.758517837524,0,149.829667227609,103.778568564775,134.812608264741,137.156455993652,117.147467220531,0,0,113.713062286377,126.420656840007
101.896914296806,59.5218092600505,41.4738344760571,63.1820883284321,152.889713287354,162.16148630778,145.349405137319,122.030484875766,126.239873195073,116.49097442627,145.370213715926,61.2871215425689,191.252123319186,100.83231122566,122.751674890298,141.646443684896,93.1805576828291,10.6533559418272,64.3704256373128,22.1237018934367,163.414838155111,67.3882228870748,75.2877942865545,33.9961884009295,120.978758599348,108.601808547974,33.5729964244293,66.3837244675412,121.308297411225,100.279215944037,75.9070148204453,92.9911287095812,162.08036910163,84.0607559055958,41.4011200622826,0,89.5311698913574,105.546650279652,70.6256271118813,0,0,187.030075073242,178.075988769531,208.876007080078,129.437349319458,222.258814493815,120.362358093262,0,141.972145080566,199.08540725708,0,124.405511220296,122.435743478628,145.961475372314,135.295675005232,0,147.073692321777,81.7561518805368,119.193732873717,176.36439704895,0,120.235782623291,109.823346766843,166.81208190918,193.770634969076,145.314797973633,0,0,0,127.093749455043
130.136138643537,83.9566656967689,92.701680616899,77.0524861861248,169.031898498535,165.78401184082,148.825292314802,155.046962127686,118.483939831073,141.043455214727,157.014895629883,21.1697585418114,165.95142364502,47.7855658404186,106.066132197123,0,146.999038696289,64.3704256373128,7.46271555973034,21.276276312965,169.879644775391,126.284256744385,112.274886608124,113.658979085286,154.720121002197,47.4073310540647,29.3271433470641,62.2106309582373,159.195147284146,95.616311662516,126.292589707808,50.0109247216233,94.12271828487,122.681238511029,52.6303007537042,231.467651367188,111.860219955444,138.196647644043,94.1546785990397,0,0,0,0,198.066986083984,150.791053771973,0,99.0722160339355,157.907669067383,98.6011920797414,0,0,0,134.368637084961,112.836861554314,104.13639497757,0,0,117.646778106689,164.560455322266,211.097198486328,80.5837850263042,102.889174088188,102.941127883063,230.970397949219,0,0,114.512881687709,0,0,155.160634994507
119.33971786499,64.1023482216729,80.3930784467765,66.7404938352061,183.686269124349,177.816711425781,156.58055305481,148.899391925696,134.862940375338,139.085445604826,156.46791272124,26.8620010154433,158.430758502032,63.4462424661512,120.52268746875,0,114.645120849609,22.1237018934367,21.276276312965,13.2230559872962,157.197785513742,95.3556387447616,95.30307013413,77.4934500862386,143.542443136567,50.3306525925458,31.991681153131,69.1725188488091,147.287623483627,102.627339386473,100.972640690769,62.2786286137685,111.240770467122,100.236140978538,42.2193802961746,170.554328918457,108.199600219727,115.039511914523,70.8562914325345,0,0,245.044616699219,182.840466308594,218.691696166992,154.06859588623,199.823974609375,125.620274861654,0,103.949732000178,197.469467163086,0,193.044769287109,120.54784450531,130.000846862793,113.196334240483,0,0,138.243337631226,155.714870707194,180.352892788974,82.0871170588902,102.992337336306,108.646746946774,225.58051554362,234.489135742188,168.301464080811,114.688598632812,0,157.898086547852,119.178292647652
88.2284679412842,0,153.025982666016,73.3802041553316,12.9828666988309,101.665622711182,39.95338768265,61.3835681553545,79.4566084827221,46.5873313372648,19.33455789582,144.964845373275,12.1594690203451,160.239444986979,100.951932948569,50.0350120768828,175.082122802734,163.414838155111,169.879644775391,157.197785513742,8.02681916981341,0,141.596130371094,166.893783569336,15.9327889160496,156.62060546875,170.219651794434,173.222934498506,25.5062763241359,100.41279385933,123.124392700195,175.715377807617,126.803747466116,81.6591739654541,91.7666104997907,0,0,0,90.9020729064941,19.2435985266395,0,134.956073760986,125.682233537946,167.12984085083,87.7236471176147,136.916089739118,198.817596435547,9.31049806665745,0,157.459564208984,90.712776184082,0,0,0,227.489898681641,77.1158070053373,0,0,0,96.9543387563605,198.889945983887,223.549962361654,0,139.858493381076,177.027038574219,0,0,208.699569702148,0,189.758682250977
78.2937032349256,84.9904076258342,58.2869838094324,52.3023155013334,0,82.307991027832,120.665269952071,65.9953946837247,94.3800895712779,85.8199607304164,75.2606534133723,106.863229868363,153.3974609375,141.541666666667,89.7466779956767,109.676773071289,24.9306003830174,67.3882228870748,126.284256744385,95.3556387447616,0,11.397542328748,52.8835627742259,28.6550350631032,32.4331668606614,139.948509216309,85.5545919918046,71.3061119323658,21.4129018535941,79.087704455411,29.1359903834018,136.505584716797,149.793228149414,62.2077407456964,50.6756274468589,134.129780360631,0,128.433972167969,78.8289344005096,0,0,0,116.938241322835,128.755294799805,80.9697087605794,197.149719238281,0,0,235.002799987793,137.570657348633,0,103.207725690759,142.918632507324,0,0,0,116.293250208316,71.2534854195335,125.439900595044,119.926667254904,0,159.857940673828,140.314563274384,138.091218524509,128.743882315499,110.651775706898,0,0,104.103450775146,127.123831315474
78.8368131464178,23.8397166552317,46.8807310131234,33.1579618593983,46.6462628111547,85.83251953125,103.507452392578,85.8931644115042,125.405720710754,29.3030178742496,83.5780387291541,106.126152530793,63.1377913157145,80.1438092262514,123.171356010437,68.3226458499306,32.4950973103146,75.2877942865545,112.274886608124,95.30307013413,141.596130371094,52.8835627742259,7.99322129065127,52.9523861323755,30.2231635929818,63.5546297196186,85.0283925501506,42.230834611378,56.3936478586362,81.8830865888453,60.5592806704937,101.795609214089,0,82.4728336334229,75.4855728614621,179.842803955078,0,112.498484871604,45.9594579884704,142.454586029053,0,189.373512268066,119.681223551432,111.751152038574,56.2330292463303,0,169.999038696289,0,90.5777893066406,130.64485168457,0,54.5182612875234,133.008293151855,118.131271362305,151.702896118164,0,128.500068664551,18.8433910280929,88.7712325512523,125.942704772949,99.70947265625,129.489728927612,113.319337317284,123.859386790882,137.022872924805,98.5119590759277,0,0,88.5618743896484,124.386578369141
85.1834209697453,87.6135994760614,26.7585318290132,54.1965744578826,147.82706451416,152.226231892904,125.177810279122,78.9270075119555,103.707120683276,94.1161664326986,93.3096515590029,97.6374517625378,111.43970489502,151.5939412117,101.239705763573,124.205385480608,22.6941745790839,33.9961884009295,113.658979085286,77.4934500862386,166.893783569336,28.6550350631032,52.9523861323755,16.4739123508445,58.4156135524251,108.692653656006,49.7118333853564,45.5154269220987,50.8248533514844,92.4760462210554,51.1090646420727,116.383096868342,149.757648944855,71.8349852410092,48.517361380971,164.434913635254,127.097347259521,101.133770587398,73.5688773305793,184.012786865234,0,154.296211242676,147.582885841271,166.538557434082,100.762497191734,170.908399141752,147.20686340332,0,193.681137084961,161.09753757053,0,98.5067461758508,137.849951524001,185.025136311849,150.634469604492,0,119.84941231577,63.2017014485333,105.537548947983,141.027249550333,0,152.506798517136,105.294503022316,149.337646710991,167.111381167457,122.198033311632,0,0,150.348327636719,141.473892211914
76.0393453830626,78.4443144719403,99.8120863356457,46.1942034809446,16.80325809046,83.0463979721069,75.4967363088027,57.4218550257097,83.3286230873927,23.9394716074534,49.59894284226,143.787997933321,19.3310836926467,124.146799739715,97.3515401327663,39.6165608496688,34.624548155253,120.978758599348,154.720121002197,143.542443136567,15.9327889160496,32.4331668606614,30.2231635929818,58.4156135524251,12.9748797929736,108.640255164466,125.113919405593,89.3702380083231,19.9852032745883,82.5694742036462,68.6398292316697,144.247344521915,131.471142450968,72.3708385624551,87.3199339685361,119.980012359619,0,147.676942825317,62.7244659810195,89.7642567981908,171.139984130859,132.633026462131,111.803611575856,136.193938221005,59.8457359017678,126.074326030369,202.612731933594,121.969290291391,182.181427001953,143.211870983394,124.481590270996,103.750113091818,168.625472386678,219.09928894043,0,114.312310565602,111.613698173972,76.0247797443919,132.283929907757,89.584973397193,147.17081451416,182.057118007115,154.78025970459,114.787285949424,133.454097883076,108.617957163665,178.216697692871,194.846542358398,125.413764038086,133.023052338631
128.394077301025,21.0808988289732,74.2828178405762,20.8536127954467,117.57444152832,0,144.534983317057,139.431492198597,86.9930857905635,94.1701214683765,145.620425224304,32.5293145658824,159.280868530273,15.5724936944315,91.9878032207489,131.760203552246,100.380879402161,108.601808547974,47.4073310540647,50.3306525925458,156.62060546875,139.948509216309,63.5546297196186,108.692653656006,108.640255164466,8.58150294902701,41.623818804744,26.4626899394292,127.29542388916,83.2024292169615,127.591191973005,48.4922381578866,73.2565383911133,0,50.1088950453133,164.222763061523,74.4010660807292,95.2311859130859,25.9424839217087,0,0,230.45751953125,0,143.824440002441,137.23917388916,0,74.4597326914469,0,54.0876530275507,0,0,145.181777954102,100.834827423096,75.1372953796387,84.3339819006018,0,136.10334777832,116.455760955811,0,0,37.2114986686383,74.4215604328788,67.6980547774922,0,0,0,77.2037798563639,0,0,90.7232201894124
106.102191187169,51.2203317357001,28.2398223702192,53.4359457272128,169.291374206543,166.818739891052,147.619273918262,118.598509900676,127.470039676976,114.818214357131,136.628928121913,25.8310124224982,169.366838538128,38.23878078681,122.633105115421,145.43725769043,107.580157513089,33.5729964244293,29.3271433470641,31.991681153131,170.219651794434,85.5545919918046,85.0283925501506,49.7118333853564,125.113919405593,41.623818804744,18.1958098363229,40.028489292481,121.871893018484,114.435972866259,94.5011958616034,33.1597084596293,132.045766084091,114.906553649902,65.614571696417,174.933832804362,99.8483181515255,100.679019982011,63.0702709600554,0,0,192.187393188477,167.329357147217,183.405982971191,163.553289933638,189.286491394043,106.605336656757,0,97.3837575410542,179.720012410482,0,116.440209706624,111.273771008055,103.00735883015,101.624702821035,0,158.140356881278,115.013898277283,129.604972453057,172.440170288086,74.7040729677774,97.1201350014377,98.9248345954933,181.25354309082,168.450831604004,163.43412562779,112.265791459517,126.794311523438,152.930511474609,113.275676098992
128.679126026866,32.4600021910806,34.2841637188966,39.5952367292469,107.169948662652,176.562530517578,154.898961418553,110.523778784765,141.630383894066,100.256689759357,147.990646540324,59.3133789404393,168.100121931596,27.7828195099934,131.78633647854,126.05014052481,31.0878936954004,66.3837244675412,62.2106309582373,69.1725188488091,173.222934498506,71.3061119323658,42.230834611378,45.5154269220987,89.3702380083231,26.4626899394292,40.028489292481,17.0219931461354,85.1527513799147,121.360720208755,106.642313647661,24.7410283513122,137.571233113607,119.733159629248,68.5215588654853,171.429046630859,101.849748330038,94.2933589864769,57.7862269419696,222.820617675781,0,178.004346211751,157.021738283562,183.36857808431,121.996756199428,184.032145908901,104.079223286022,0,96.1721776221409,179.128578186035,0,95.4744187474251,111.440532192862,104.605720909274,106.220451148273,0,127.066439689474,62.2708680778981,102.134125235286,156.995405915496,75.4630420446396,98.7982113003859,96.822038286753,160.122527471863,170.345768423641,149.862545600304,112.050289657881,112.190521240234,138.222030639648,114.505069365868
74.9041877893301,101.401328192817,77.5290874300933,55.6715426511681,19.2529904299994,105.487339496613,64.0441819041664,31.0024850134229,73.3423736177246,49.4124446828799,29.3508183763614,143.313465194702,46.7718110728908,150.835927564044,93.4468185557655,69.8024266384616,37.2561433946124,121.308297411225,159.195147284146,147.287623483627,25.5062763241359,21.4129018535941,56.3936478586362,50.8248533514844,19.9852032745883,127.29542388916,121.871893018484,85.1527513799147,10.3987767786708,81.7454275534259,35.3482931961305,166.927346123589,128.006706907038,63.5643220934757,67.1290372456914,124.486002513341,0,158.894471199282,68.7442268871126,128.081985999978,127.542457580566,141.715470742053,116.264231171719,142.799071727655,68.398972581697,142.529972365178,224.214176177979,111.845901125953,0,148.678402827336,148.340497970581,106.877301534017,178.257023402623,212.782806396484,184.593338012695,119.962192592764,114.037699815704,79.9277452153268,135.800307352035,101.041647638104,159.303115844727,191.134566170829,153.129227460441,122.350760514254,141.647006378174,112.676894831103,0,0,127.766202590045,143.237634083581
23.0103830671846,129.575689315796,111.264421455291,77.5963760106175,96.3623736101882,27.1957831973523,57.5175832281263,73.4331123404398,37.0282975963284,72.9042135261628,91.1542511461492,65.3288999380847,108.185025463682,82.7175455093384,31.871744153895,81.8134891954187,121.507075600002,100.279215944037,95.616311662516,102.627339386473,100.41279385933,79.087704455411,81.8830865888453,92.4760462210554,82.5694742036462,83.2024292169615,114.435972866259,121.360720208755,81.7454275534259,13.0277646191968,31.0140608977578,104.564540220111,12.2237459332509,15.8858775742355,35.1794260064004,145.497419084821,0,159.598854912652,88.8984256679729,153.535950978597,0,176.006387883967,137.158805411203,165.897119027597,83.73227713538,170.262552261353,207.499649047852,130.393562316895,133.32674734933,164.455963452657,0,116.221557617188,183.876205444336,154.147033691406,156.975282669067,190.748931884766,120.935103416443,108.367411613464,172.378069135878,133.928354309826,141.517154693604,168.358413696289,149.560503924334,141.828535774686,152.235065371491,137.588364341042,135.057510375977,0,135.707153320312,144.063454627991
33.3245172805139,102.377190907796,76.6557011255563,57.091876232343,83.3142967224121,112.119558061872,106.65215418889,25.9406601250051,69.4379726939786,55.5909000173257,73.715798062828,106.001649104127,136.599342346191,143.07178700765,61.7947109798114,84.568093733354,82.3999929831062,75.9070148204453,126.292589707808,100.972640690769,123.124392700195,29.1359903834018,60.5592806704937,51.1090646420727,68.6398292316697,127.591191973005,94.5011958616034,106.642313647661,35.3482931961305,31.0140608977578,11.6140717167866,159.795758760892,123.761917345452,41.3981174731025,36.0196512139098,128.007349236067,0,159.305298233032,69.735030305459,160.146194458008,0,152.843987782796,115.247592468262,143.949516502587,68.1372509586568,157.280219523112,214.120529174805,149.228500366211,0,144.364383220673,0,110.621108071846,144.81209564209,174.627883911133,0,191.319736480713,113.903592427572,78.2068147426698,133.834195321066,108.616389359578,0,179.716915893555,152.335563659668,119.224390758628,133.905308927043,114.650257763562,0,0,120.850990642201,135.511743493982
126.678406715393,69.1590978110709,116.31558789705,66.1509143284389,0,91.7491989135742,160.056132507324,165.452999296642,132.600523107192,127.062503051758,169.23850750101,38.1166453772954,177.81575012207,13.3427753225117,113.58021666364,176.074592590332,117.727806091309,92.9911287095812,50.0109247216233,62.2786286137685,175.715377807617,136.505584716797,101.795609214089,116.383096868342,144.247344521915,48.4922381578866,33.1597084596293,24.7410283513122,166.927346123589,104.564540220111,159.795758760892,5.96932285682894,104.546046665737,174.831764221191,72.3703084974433,0,111.308396911621,148.398071289062,99.9022190570831,0,0,0,0,174.056629180908,0,0,109.246769587199,0,92.4758157864423,211.583343505859,0,0,124.468412399292,101.133842163086,103.791953086853,0,153.69921875,143.795069376628,149.97932434082,200.759986877441,75.1604697128822,103.246825004536,102.570508504085,0,242.198760986328,202.041870117188,105.410980769566,0,0,120.030820846558
84.5508526249936,0,168.811209427683,133.161846584744,127.734657287598,9.72279655779442,13.1665736525779,119.49145948622,21.6367634896085,106.52045694987,119.56509932193,62.2195541210389,120.169511860815,76.8474700234153,18.8856617121173,32.9487303990752,0,162.08036910163,94.12271828487,111.240770467122,126.803747466116,149.793228149414,0,149.757648944855,131.471142450968,73.2565383911133,132.045766084091,137.571233113607,128.006706907038,12.2237459332509,123.761917345452,104.546046665737,4.83136554854319,0,41.3369964815907,190.13232421875,0,0,0,0,0,0,178.818522135417,0,0,0,0,0,0,212.057624816895,0,198.77961730957,0,0,0,218.595443725586,0,0,246.292175292969,170.054336547852,118.040367126465,124.642433166504,183.018321990967,216.134742736816,0,0,0,0,0,193.504280090332
34.8917584759848,0,103.683354882633,62.1273690811311,74.164270401001,0,115.138648986816,69.0315383792079,93.8361759185791,60.3027773357573,85.2881566980383,100.204730377197,160.071754455566,142.452243804932,63.5641768162067,88.3150663375854,98.6534685407366,84.0607559055958,122.681238511029,100.236140978538,81.6591739654541,62.2077407456964,82.4728336334229,71.8349852410092,72.3708385624551,0,114.906553649902,119.733159629248,63.5643220934757,15.8858775742355,41.3981174731025,174.831764221191,0,7.29815572274634,22.1101491844207,125.951908111572,0,156.84107208252,74.5597180175781,0,0,150.080337524414,127.209389686584,172.402507781982,73.2476247787476,159.473007202148,199.691818237305,0,0,173.232107543945,0,0,153.270919799805,206.184661865234,0,0,112.374584197998,77.561060333252,146.28978729248,115.158336427477,0,157.553039550781,176.102344512939,131.703639535343,142.208829243978,131.197969709124,0,0,0,164.032569885254
54.7576381290786,68.6575199210126,66.7713077258098,67.2021932983399,95.7217449951172,56.4777200872248,95.6957209879958,81.7764068153169,76.0825126606931,82.393140893994,88.8152422201816,27.5766079650897,99.881748853411,56.8330283759508,55.7729188457632,123.681069135666,75.7091058765758,41.4011200622826,52.6303007537042,42.2193802961746,91.7666104997907,50.6756274468589,75.4855728614621,48.517361380971,87.3199339685361,50.1088950453133,65.614571696417,68.5215588654853,67.1290372456914,35.1794260064004,36.0196512139098,72.3703084974433,41.3369964815907,22.1101491844207,12.0995886677735,127.680656433105,108.272308349609,113.411533117294,83.3660858295582,158.325424194336,0,176.471435546875,148.345918224704,179.530088424683,81.8214781019423,176.748330010308,123.27075958252,176.866134643555,110.394113020463,155.843178885324,0,120.753623513614,126.882208824158,124.958598545619,130.105659083316,188.446472167969,125.390631993612,71.6633329680472,126.977384420542,133.992097815689,96.8237675258091,115.546674472183,121.52171254158,144.913502502441,144.869801330566,119.059260441707,117.193740844727,0,94.4847259521484,139.476267887996
139.707731246948,0,144.920318603516,92.28599802653,116.683258056641,0,191.122192382812,137.381742954254,146.573068618774,109.089530944824,140.057688395182,0,70.6248550415039,0,161.380508422852,0,187.442749023438,0,231.467651367188,170.554328918457,0,134.129780360631,179.842803955078,164.434913635254,119.980012359619,164.222763061523,174.933832804362,171.429046630859,124.486002513341,145.497419084821,128.007349236067,0,190.13232421875,125.951908111572,127.680656433105,12.1904611126707,116.047292582194,104.101162321427,60.0898000855377,83.4097724914551,85.4596405029297,92.0685146686643,29.5328887422867,38.5479123539772,59.3815588931488,71.4008055734634,115.336073931526,83.9345638508699,147.44771714644,24.5207810638768,146.667826334635,81.136460647583,89.2851704964271,121.221931271437,108.584490099983,75.6941544406385,72.7168835199367,78.2342046101888,88.7259166936959,66.8681704994009,132.175811767578,110.358117418713,121.326530539471,75.3436610545867,16.7309857520005,21.344546835907,143.898388671875,94.7747400919596,46.2576204268313,63.0528165835255
0,118.336112976074,71.9530566822399,52.2896375656128,0,0,0,0,131.170425415039,0,0,98.2848834991455,0,87.0754390369762,175.657638549805,0,0,89.5311698913574,111.860219955444,108.199600219727,0,0,0,127.097347259521,0,74.4010660807292,99.8483181515255,101.849748330038,0,0,0,111.308396911621,0,0,108.272308349609,116.047292582194,7.44051760219488,41.014344063985,21.1394765797492,0,108.225254058838,112.883595784505,113.664600067139,133.489770742563,63.8585508767661,125.324464416504,62.1104500575095,0,52.9131635779724,120.161552877987,114.960650444031,50.8932221942478,55.1429025152678,77.4340127887148,56.1642427123753,0,93.6207709312439,22.9250921247019,71.2141913211707,71.7826772094588,24.991472292661,48.3174583085812,33.4004858807594,111.888421260949,118.452936935425,98.1184094336725,70.0730370784151,98.6439170837402,135.662757873535,58.0296580122228
167.332641601562,97.2778521451083,88.6760019814916,66.5484850311279,169.119873046875,0,197.179122924805,163.45956624349,202.812976074219,158.577751159668,199.305290222168,125.054249572754,186.163589477539,125.141288757324,183.37548828125,187.380737304688,110.220398902893,105.546650279652,138.196647644043,115.039511914523,0,128.433972167969,112.498484871604,101.133770587398,147.676942825317,95.2311859130859,100.679019982011,94.2933589864769,158.894471199282,159.598854912652,159.305298233032,148.398071289062,0,156.84107208252,113.411533117294,104.101162321427,41.014344063985,10.9570766582966,41.2035193731321,118.684339083158,167.875869750977,113.055349596379,86.7545485224821,111.411321866179,96.0913770787856,104.97981352945,105.19091275533,147.177859379695,98.0605575561523,111.486548434792,134.575755848604,63.422460356569,41.3274212971781,88.85686091719,65.8112264327539,158.905242919922,63.3958944533381,39.1394289088743,31.0142916994138,96.0421584313657,79.7015699659075,24.0838747640097,26.7362870583921,90.2156048732689,134.734069336626,77.7833903740192,91.4061449491061,155.665818350656,120.021832275391,63.6880657667572
73.6753021876017,29.5167717933655,61.9634100228302,13.8782314380182,69.8381214141846,107.42692565918,113.559849078839,79.4799323276157,99.5656776428223,78.0334128992898,99.3693630763463,96.0371905326843,68.9513969421387,51.5194096369286,102.381120681763,90.0896237691243,57.4655157725016,70.6256271118813,94.1546785990397,70.8562914325345,90.9020729064941,78.8289344005096,45.9594579884704,73.5688773305793,62.7244659810195,25.9424839217087,63.0702709600554,57.7862269419696,68.7442268871126,88.8984256679729,69.735030305459,99.9022190570831,0,74.5597180175781,83.3660858295582,60.0898000855377,21.1394765797492,41.2035193731321,18.3080616792043,69.7752415825339,153.77175394694,74.786846721089,53.1595310459357,75.6407742976085,30.0980985680142,79.4028408079219,62.0770333452923,67.128964775487,21.6302000245375,74.9821274744523,57.8000775505515,34.2613210391513,57.0927960807592,70.9844574398465,56.2816696397487,66.5403672821668,54.8018157237615,26.3151255694879,51.1732366502088,31.6903318311572,13.9543294805363,48.7664948363196,41.909686679366,55.544390347182,76.160303054096,58.6661780457748,63.9791223626388,108.378898075649,67.076697436246,64.1506827542774
