7.82883518635892,96.1738357543945,89.1456990640514,77.6208120598851,72.0597920961018,62.5870619879829,80.5794445582799,35.7243856126446,31.7801795564922,62.9236023731721,50.5815543884872,131.300263977051,92.5717859268188,0,15.0781370236544,75.3450746536255,112.77453994751,101.584902652752,130.225719451904,127.441578674316,89.6052714756557,71.9329547449684,82.0591861179897,77.0278949840872,74.0585526695367,0,118.642070550185,113.198489834803,67.0739714983764,16.927640914994,33.5252397587751,0,82.8603418138292,56.5355612635612,81.7993179783677,151.515502929688,0,162.429012298584,88.2028503417969,148.912063598633,0,0,130.609228021958,177.073788960775,86.812610081264,154.79323832194,220.175643920898,0,0,149.276443481445,0,145.131336212158,181.02953338623,0,208.094390869141,0,141.472668965658,96.3916816711426,155.099895477295,125.664957566695,0,159.334243774414,171.2117284139,130.390861188862,153.383361816406,146.397277832031,0,0,147.644345964704,154.659465026855
96.1738357543945,7.26597376380308,46.0694878573345,43.0968518710074,97.0341873168945,109.562833786011,130.757596333822,132.90732421875,144.725596618652,63.3744667003317,135.27059173584,65.8024134605936,100.306035359701,51.8178990810593,134.028985456987,101.928890359813,80.3190375537407,54.9872292695682,74.9492621951633,62.1126054420631,108.103820800781,92.4948424062421,23.3716424812887,90.3000792426032,73.8125036700388,22.8195272838776,48.7232512709292,35.365209888438,105.28357518514,114.389897798237,111.920282091413,66.9537362550434,146.724864959717,111.671003069196,66.3935056748937,0,103.137766520182,109.013371785482,70.3539338588715,144.167388916016,0,167.508941650391,131.351974487305,152.570709228516,116.705642700195,166.23486328125,102.669692993164,113.691383361816,110.747141701835,0,0,163.140914916992,105.022164662679,104.981535775321,112.986202124393,166.034683227539,144.522506713867,96.1273727416992,182.669072469076,122.248552210191,27.6629855416038,104.364758359469,105.744663511004,161.807001749674,0,164.232528686523,135.030128479004,0,239.187438964844,134.871604919434
89.1456990640514,46.0694878573345,11.2132186003177,44.4108418637331,143.627680460612,154.231208292643,124.905485638581,87.8506746292114,121.26346365583,124.605845133464,106.951654205322,87.2503662109375,143.872001647949,94.5353771391369,113.609318427014,130.405618940081,84.3270453151904,38.9275738081741,99.4337053652163,80.4926155817877,196.321224212646,66.3747930629079,42.4448107737247,31.3934333263534,105.065514971119,101.587562561035,30.907234446,26.1464715876764,85.9909756333356,95.3220676235415,73.7914662837982,94.6043238784328,157.203643188477,90.6376652481532,68.1040577461936,156.774920654297,85.182139805385,91.4635242475831,76.9114819453313,212.363159179688,0,192.301513671875,150.101944580078,173.724070035494,116.376234436035,173.719375610352,142.633088684082,0,0,166.484461757115,0,106.089349084971,108.713366352782,142.782913208008,123.549424246456,0,137.004055625514,76.7411180693528,102.446895785903,153.013100862503,0,106.624598821004,94.6102208546732,154.984585876465,178.290697224935,147.901739700981,145.172943115234,0,170.041030883789,111.619869578968
77.6208120598851,43.0968518710074,44.4108418637331,38.0491361056251,46.5305680939645,122.368252345494,87.6984678415152,64.5308322164113,98.4033939119369,10.8275815416851,74.8552614577273,81.0892023722331,54.7383504347368,73.9319766310395,97.683262837084,72.1724699565342,42.6297725902918,57.4774014104221,88.2669659782858,64.3444174623706,86.7323722839355,61.6585457964641,25.0700182627483,53.0005983700026,39.0735965568588,49.4607780484387,48.676144930002,41.2340842657465,59.1013505453896,83.4082640342587,67.2019209304413,98.2320608659224,129.255790710449,64.6702501732006,67.7044367296942,110.150101979574,35.4233242551857,70.8869341021386,22.5317630081961,118.82963180542,0,155.005372619629,88.0631926194677,148.020672480265,12.2488598187764,115.792563302176,98.4461568196615,0,80.6028971952551,128.626638524673,0,51.5807885463883,80.6669318629246,101.323518753052,66.0836808075776,0,77.5026487756948,16.8550013209146,63.9633629925013,64.4575326442719,64.6881113919345,55.6397648348302,56.0411576305773,74.1683601856232,109.137861500616,87.057269859314,92.6266492207845,0,93.3717793055943,93.0702504017314
72.0597920961018,97.0341873168945,143.627680460612,46.5305680939645,9.27704523609398,130.515133104826,59.2900964422451,41.3497902088337,89.329092562723,39.1660814280301,25.6397561328361,171.211326599121,22.7029783273246,191.503036499023,102.359979636555,58.9715457009797,81.0875244140625,167.942779541016,0,177.046939849854,13.7146487973036,102.25670115153,48.1170139908791,126.000099182129,18.5850454174038,124.232769012451,175.129089355469,122.533628023588,14.5723450037692,89.8374872884807,97.2805848555131,214.753372192383,126.45193939209,74.7920500013563,88.1463435799735,155.644053141276,0,159.543121337891,75.1671047210693,19.5157223720761,0,144.422283103249,121.381357437525,169.095186233521,85.0783831007937,141.480862299601,243.699829101562,62.629578185804,0,171.046444702148,113.476470947266,123.715305328369,0,0,0,30.6038918590004,152.811233520508,131.034957885742,176.785062789917,99.2136117669491,0,0,188.246856689453,128.48627252862,164.97232504452,134.807846069336,0,193.68962097168,144.206640879313,172.428741455078
62.5870619879829,109.562833786011,154.231208292643,122.368252345494,130.515133104826,6.36586241438961,9.4749339819744,112.244722892498,22.9650022061809,89.0497798919678,102.142819999468,68.6262969539664,86.3299379932637,82.1264841673804,24.9675872819223,12.8799057420406,0,150.718044662476,90.3123269514604,89.2780747847124,112.329859825873,148.45401763916,0,136.948898824056,120.647883675315,108.554946899414,106.109810447693,134.802311338227,120.852422172641,24.2872369085934,106.294540405273,109.150924682617,8.20663410253677,0,44.5803439030882,197.267974853516,0,140.019287109375,0,0,0,229.316146850586,186.667547607422,241.493911743164,201.091430664062,0,0,0,0,0,0,0,170.044418334961,0,159.441528320312,183.724960327148,0,0,137.745483398438,172.844334602356,0,195.569101969401,170.980209350586,179.989839172363,190.024520874023,175.187728881836,0,0,211.998580932617,0
80.5794445582799,130.757596333822,124.905485638581,87.6984678415152,59.2900964422451,9.4749339819744,8.66716729679217,63.8814159188691,15.1596082952222,72.1855542409988,29.2134048069496,92.0475969791412,22.1556855706851,97.2916726248605,33.0108987071731,11.8193076097447,119.184429168701,142.210139274597,127.842412446675,109.781007312593,43.8787435558347,110.425459311042,99.5368311955379,112.480108679795,79.3027268716563,122.833492279053,134.800256970903,138.4077808101,67.2985924977886,56.175297668918,95.3081212430387,117.213839530945,17.4196329581467,108.883975219727,76.0248843530067,166.942199707031,0,0,110.402270390437,141.637125188654,0,176.132136951793,153.876645673785,194.471163431803,112.764779663086,155.439012799944,0,125.555595397949,0,188.484638214111,138.364791870117,168.969243367513,245.558013916016,0,0,112.601717122396,0,120.316635131836,175.319981892904,120.374328776186,0,0,180.847315470378,147.349488720451,178.602044467268,161.463201522827,0,0,159.366711425781,152.42359161377
35.7243856126446,132.90732421875,87.8506746292114,64.5308322164113,41.3497902088337,112.244722892498,63.8814159188691,9.69744849214331,65.835970811638,58.2330029040952,21.1960408376862,152.708333333333,54.4649329747909,157.606834411621,38.4851357017965,78.1412548196727,105.006900310516,111.831124948272,155.989246368408,146.891056261565,102.900278649679,55.4875335844496,74.2950925018828,64.3047762082598,59.2742450254599,140.912406921387,128.479833361129,90.8304170741742,30.1841925812618,65.3472475971906,14.4980040466605,190.044013977051,116.723909399012,62.180214364952,81.6128275958243,137.769354078505,0,141.427206993103,81.0140450146733,125.117184956868,193.856857299805,153.589779940518,120.901990173986,167.277918243408,84.7405537196568,146.326140568174,230.200317382812,123.354368421766,0,158.066071770408,0,129.564679827009,169.519187927246,224.366989135742,198.177914428711,136.361030578613,147.488286635455,107.257342656453,138.728468011927,104.950724721135,0,203.243667602539,162.377816942003,120.685965202473,149.576625779096,133.062181122449,0,192.772552490234,137.147005293104,158.315649850028
31.7801795564922,144.725596618652,121.26346365583,98.4033939119369,89.329092562723,22.9650022061809,15.1596082952222,65.835970811638,10.708769082021,84.4203156691331,27.533141982313,76.8918378678579,70.7650032712863,94.0109192927678,14.315290408439,20.5083221138114,123.548992919922,135.078657090152,106.364230620555,111.651282031127,90.2823019717474,102.610096262902,116.58430480957,109.987377693586,86.675086803675,94.4249496459961,133.733068513476,132.888712261795,85.3913615792186,41.6948133804801,83.5156351460351,113.068502044678,18.7865873087246,93.0140168190002,67.6711543380835,161.861114501953,0,187.202383858817,109.579101215709,129.492939758301,0,176.118071419852,152.324646148682,196.337041681463,104.634321212769,164.029350772981,0,188.311386108398,0,186.812065370621,153.596694946289,165.091839599609,184.946619669596,155.153228759766,0,134.593694051107,198.330078125,126.611186981201,193.86399472993,128.153369546794,0,199.527816772461,172.766684898963,148.657201737922,183.280298287528,174.719259033203,148.654754638672,207.436416625977,173.418367084704,184.8313331604
62.9236023731721,63.3744667003317,124.605845133464,10.8275815416851,39.1660814280301,89.0497798919678,72.1855542409988,58.2330029040952,84.4203156691331,6.75290016774151,64.4187646083695,132.577517474139,8.75555755737614,121.064843736846,89.5992503511733,16.2969661876263,42.3032417297363,119.903117854421,141.232767740885,128.597437678157,21.575406563362,64.6095985065807,20.9301273390502,82.7756264209747,18.6660001855972,95.6140571007362,115.787616114463,103.812261969718,52.9265831901238,75.0348520078859,59.8569935302734,140.672528076172,137.323020935059,61.6323127746582,96.6547937917185,0,0,138.716613769531,42.6970636447271,86.4126475790273,0,103.599771227155,92.6764822387695,150.58821105957,49.4380128497169,100.948197013453,0,73.4376590562903,0,147.833016289605,68.3418833414714,59.7922554016113,0,0,228.163116455078,84.7562563860858,177.699579874674,36.8731460571289,126.829977035522,60.5341050610339,0,164.538808186849,165.431716918945,99.1061954009227,138.683050537109,107.386710272895,0,0,123.094731648763,163.277972412109
50.5815543884872,135.27059173584,106.951654205322,74.8552614577273,25.6397561328361,102.142819999468,29.2134048069496,21.1960408376862,27.533141982313,64.4187646083695,10.3499351871078,156.01416015625,32.587799128718,151.159380231585,44.5838894865882,62.513604888916,130.784767150879,148.594953865841,147.523615519206,158.11607699924,18.3111472279696,92.4216049194336,95.2672040303548,106.634575472938,58.3051280406982,152.933074951172,145.810646904839,112.751568829572,25.8028185130342,79.2415729216664,79.0860468416798,168.13232421875,106.970153199865,67.3177454250375,81.509887636828,147.076771327427,0,160.988082885742,82.4005429194524,86.1667794676016,227.270965576172,154.570287038045,129.490639522158,171.440093429,100.183044115702,145.807770683652,0,123.866238762351,0,170.313902791341,116.604624430339,131.768585205078,0,0,0,131.426670074463,154.758728027344,113.669918060303,159.999136352539,106.140684141002,0,0,176.442572021484,131.065995844399,165.343097686768,189.157947246845,0,195.707595825195,155.355258517795,164.08166773179
131.300263977051,65.8024134605936,87.2503662109375,81.0892023722331,171.211326599121,68.6262969539664,92.0475969791412,152.708333333333,76.8918378678579,132.577517474139,156.01416015625,14.49231479899,127.448425292969,28.5826086804912,79.4037418725356,62.1858444213867,127.556406656901,62.8317296397147,22.5118202486876,25.900242436343,158.196644592285,96.1215124286589,103.089061821832,96.815038895607,144.611683981759,35.0500716661714,29.5759122805026,65.1269273041698,162.95304997762,58.5742993997616,112.677393513341,33.741798531747,64.792405484613,113.577535629272,30.59069398422,0,111.704219818115,153.321601867676,124.097604751587,0,0,218.25244140625,188.739120483398,170.540512084961,0,0,87.4608236395794,0,71.3409273908953,0,0,0,158.003480911255,101.151899549696,116.849520094851,0,162.393737792969,150.714641571045,200.655830383301,175.460632324219,65.2902338279868,100.629243369054,104.666164725167,192.70225016276,0,0,91.1640104636168,0,0,143.187078035795
92.5717859268188,100.306035359701,143.872001647949,54.7383504347368,22.7029783273246,86.3299379932637,22.1556855706851,54.4649329747909,70.7650032712863,8.75555755737614,32.587799128718,127.448425292969,9.0077479704072,141.73802947998,90.7687980913809,13.5951178489603,0,200.959925333659,0,146.056070963542,14.1841612476546,166.480997721354,66.9791244506836,169.420038859049,16.7498128060174,134.469802856445,147.624618530273,150.551752090454,55.4829645452365,88.2946137761223,92.8771392822266,0,87.4459580641526,80.5496566772461,83.4658247969533,189.466278076172,0,0,75.446897983551,51.4148629188538,0,114.451223100935,132.816160583496,166.480949401855,77.2492654588487,46.3107837774815,0,9.67641931251741,0,201.558364868164,79.423957824707,202.025207519531,0,0,0,14.1905017884651,0,120.792427062988,0,96.3702112760158,0,0,180.975410461426,129.232356215968,147.247863769531,0,0,0,0,199.124862670898
0,51.8178990810593,94.5353771391369,73.9319766310395,191.503036499023,82.1264841673804,97.2916726248605,157.606834411621,94.0109192927678,121.064843736846,151.159380231585,28.5826086804912,141.73802947998,8.37399081007591,89.1556485198265,167.981708526611,153.874565124512,103.306714057922,50.1083944936593,74.0122685263343,188.370574951172,135.665560722351,93.6909453245971,121.916388078169,138.321590423584,25.4401757158754,39.57671450517,29.3555256610257,162.314280192057,78.4679335336836,149.103897094727,14.1263448447416,78.3557582268348,0,54.0097940722902,0,83.9812754821777,128.343395233154,108.49944190979,213.117599487305,0,100.356346130371,226.170516967773,0,145.168718973796,0,71.9135994586466,0,48.7165733600964,0,0,0,144.682022094727,96.4455996195475,108.640219085071,0,176.620788574219,115.54957707723,0,0,56.510185953249,85.8129841066756,94.679937858366,0,91.7757110595703,208.783996582031,84.3962230548992,0,0,108.363771983555
15.0781370236544,134.028985456987,113.609318427014,97.683262837084,102.359979636555,24.9675872819223,33.0108987071731,38.4851357017965,14.315290408439,89.5992503511733,44.5838894865882,79.4037418725356,90.7687980913809,89.1556485198265,8.04468238734888,46.3774456828833,133.437450408936,123.124726831631,104.732879943848,118.58497023149,96.7563016771082,92.5464263878432,112.600294225356,99.836010398724,96.6312129909395,104.208213806152,134.400665538462,131.231113876905,84.4852119807817,21.3631116507733,45.229099715125,109.265624523163,15.7228289147376,66.5969269193452,60.1790978357503,167.36761038644,0,188.771001479205,111.188836611234,132.934583028158,0,181.483160836356,160.593477415002,191.891754150391,108.437570571899,179.447894626194,0,115.885848999023,193.686950683594,187.794109178626,0,163.354649861654,203.741439819336,161.535690307617,182.146915435791,168.122105916341,167.579822540283,146.154832839966,170.611792362098,146.82324276414,0,161.642709905451,173.067937997671,154.440576996674,185.399498434628,162.574126850475,0,217.776824951172,167.34382425944,176.453547551082
75.3450746536255,101.928890359813,130.405618940081,72.1724699565342,58.9715457009797,12.8799057420406,11.8193076097447,78.1412548196727,20.5083221138114,16.2969661876263,62.513604888916,62.1858444213867,13.5951178489603,167.981708526611,46.3774456828833,8.09505420493753,0,140.586429595947,0,174.560287475586,53.7474744565019,133.767959594727,67.0972931328721,110.848663330078,42.3136683606553,129.472536087036,153.16279296875,134.888887087504,76.45050655956,75.021561050415,92.1510543823242,0,35.9751199657997,85.6307800292969,78.2773645945958,0,0,0,55.9572353363037,99.4443060557048,0,148.719027201335,93.5718460083008,0,66.2208531697591,121.12036895752,0,95.3853713989258,0,0,92.6765823364258,0,0,0,0,107.30401441786,0,0,0,89.1256243387858,0,0,0,143.574501037598,167.07682800293,165.418724060059,0,0,0,0
112.77453994751,80.3190375537407,84.3270453151904,42.6297725902918,81.0875244140625,0,119.184429168701,105.006900310516,123.548992919922,42.3032417297363,130.784767150879,127.556406656901,0,153.874565124512,133.437450408936,0,13.4000377479887,113.981194862953,157.076118469238,134.073657068713,0,19.111206568863,31.616479670216,17.3971250768273,25.0793001377675,114.807456970215,114.946160016741,30.9871384570383,39.8098103629782,125.337741427951,77.9888599872589,143.810958862305,0,87.5229793895375,94.5872005196505,161.079368591309,0,120.748917621115,60.1454088496066,0,0,0,138.4080248746,155.099622453962,0,145.293064117432,218.264724731445,0,0,188.837397257487,0,99.1037333506458,155.589131972369,209.58975982666,198.32187906901,0,113.999337332589,53.1701619675819,101.996104400241,121.048712666829,0,156.997206115723,104.36794060155,126.104914256505,157.337661743164,124.238899654812,201.075836181641,0,119.855541992187,126.833440065384
101.584902652752,54.9872292695682,38.9275738081741,57.4774014104221,167.942779541016,150.718044662476,142.210139274597,111.831124948272,135.078657090152,119.903117854421,148.594953865841,62.8317296397147,200.959925333659,103.306714057922,123.124726831631,140.586429595947,113.981194862953,10.6382511881292,60.4791364251855,22.135373640527,193.40856628418,65.4400942065798,74.9319965284165,33.7401004957242,128.112897592825,95.9196741739909,24.0285122102204,67.9539752398215,115.439104605412,89.3740783182741,70.9223330978535,99.2207914653577,129.946429859508,92.667078864645,39.3679639987457,207.734336853027,92.2970383384011,108.767211385874,67.5177065941595,216.405014038086,0,217.58650970459,198.018435668945,174.182113647461,0,223.557189941406,150.625640869141,0,138.078180948893,214.30680847168,0,139.401177039513,119.84449895223,153.303436279297,122.281680177585,0,139.61461130778,125.825086091694,135.587488475599,176.389356486003,138.136486053467,108.613523602677,108.959833344776,185.779888576931,201.87724609375,173.288766225179,0,242.071884155273,150.952575683594,123.833427238464
130.225719451904,74.9492621951633,99.4337053652163,88.2669659782858,0,90.3123269514604,127.842412446675,155.989246368408,106.364230620555,141.232767740885,147.523615519206,22.5118202486876,0,50.1083944936593,104.732879943848,0,157.076118469238,60.4791364251855,6.85861710352165,11.12635376512,169.131256103516,107.293503480799,108.935548146566,109.449907274389,148.477993011475,43.0047424629637,23.8175872166273,62.9116294179523,183.850944519043,78.402291615804,115.794735784116,49.6747394618703,90.8373919231136,120.028661092122,56.7476025895444,0,107.854539489746,173.179874420166,103.049321492513,0,0,0,187.521224975586,159.920211791992,0,0,99.5415741313588,0,87.309962708273,0,0,0,126.20240020752,105.830678812663,119.106376266479,0,229.338394165039,109.05778503418,182.282928466797,228.242156982422,77.7426721078378,102.790600847517,108.389986751644,0,0,0,97.6373469034831,152.820510864258,0,126.840454688439
127.441578674316,62.1126054420631,80.4926155817877,64.3444174623706,177.046939849854,89.2780747847124,109.781007312593,146.891056261565,111.651282031127,128.597437678157,158.11607699924,25.900242436343,146.056070963542,74.0122685263343,118.58497023149,174.560287475586,134.073657068713,22.135373640527,11.12635376512,11.4593070081517,165.325040544782,93.6444113445282,98.3817744737261,82.3775636109926,142.563571453094,53.0028464386218,32.4726524065322,71.3292746089754,145.898499488831,89.1714414095475,94.1253773713723,67.1767084573962,89.1210556030273,104.746144170346,45.4400472593728,0,109.632880361457,129.576196943011,74.2262954711914,0,0,0,209.441284179688,217.073883056641,0,202.674407958984,109.865741588451,0,102.126474314723,204.707992553711,0,180.462669372559,127.938133239746,110.640046982538,112.095380192072,0,183.685292561849,132.185594558716,157.991656253212,195.972332000732,89.728625535965,107.056250977726,111.521430336683,224.582473754883,203.845774332682,182.341760253906,111.948509216309,0,0,132.821797812857
89.6052714756557,108.103820800781,196.321224212646,86.7323722839355,13.7146487973036,112.329859825873,43.8787435558347,102.900278649679,90.2823019717474,21.575406563362,18.3111472279696,158.196644592285,14.1841612476546,188.370574951172,96.7563016771082,53.7474744565019,0,193.40856628418,169.131256103516,165.325040544782,9.54662800727356,150.57487572564,113.346714782715,176.948440551758,11.2973644628224,164.690284729004,183.688320159912,198.666576385498,31.2340081037924,88.2844448994782,139.323104858398,0,112.926092642325,88.6439450581868,88.5867981477217,0,0,0,82.9110287753018,27.8911630080225,0,158.20623588562,140.6325340271,186.080782209124,83.8397509256999,145.703839031019,0,12.4535203156055,0,170.151245117188,112.970157623291,0,0,0,0,14.2380945749164,172.684135437012,0,197.171165466309,102.486631457011,0,0,0,140.912437887753,184.777843899197,185.830764770508,0,0,0,150.007064819336
71.9329547449684,92.4948424062421,66.3747930629079,61.6585457964641,102.25670115153,148.45401763916,110.425459311042,55.4875335844496,102.610096262902,64.6095985065807,92.4216049194336,96.1215124286589,166.480997721354,135.665560722351,92.5464263878432,133.767959594727,19.111206568863,65.4400942065798,107.293503480799,93.6444113445282,150.57487572564,12.7876025588078,52.679941594669,26.5232263287191,23.4867365655611,116.369198799133,104.47429038483,84.1483160343102,23.1869627699972,62.357686042114,31.9426400033761,147.390625,126.35655670166,58.1927359954331,46.3485943151642,124.901968638102,130.999389648438,140.420046893033,68.4433269315553,0,0,212.048416137695,129.290048217773,172.34907023112,79.6042372385661,148.495513916016,0,0,0,148.804301261902,0,108.412714398096,163.071652889252,0,178.108194351196,0,114.874787710458,70.8842090145572,114.771957166805,114.249982641378,0,168.997532091643,142.849853644937,119.170412284176,143.612198402142,119.66504632273,0,0,113.100242424011,127.143179500804
82.0591861179897,23.3716424812887,42.4448107737247,25.0700182627483,48.1170139908791,0,99.5368311955379,74.2950925018828,116.58430480957,20.9301273390502,95.2672040303548,103.089061821832,66.9791244506836,93.6909453245971,112.600294225356,67.0972931328721,31.616479670216,74.9319965284165,108.935548146566,98.3817744737261,113.346714782715,52.679941594669,7.86290898344086,50.6514782626147,27.0060871388923,71.8167007501177,81.3257601346901,36.2558601333264,56.5572551928563,76.038197257302,54.7072780406581,107.513614654541,95.2918167114258,54.2818032984148,68.5003084984555,103.114320755005,54.8413276672363,67.5647207606923,18.4745054416058,135.851531982422,0,147.515701293945,122.10904490153,0,59.2653725147247,130.872520446777,118.415733337402,0,0,145.217277526855,0,66.7631809528057,120.670226505825,0,136.850410461426,106.929267883301,78.0273742675781,16.1882398549248,79.6718380070534,85.6829595404156,124.408729553223,125.704509388317,82.1477673394339,104.084621787071,132.639624023438,80.3809178026417,214.436889648438,0,75.5622984568278,92.0839764731271
77.0278949840872,90.3000792426032,31.3934333263534,53.0005983700026,126.000099182129,136.948898824056,112.480108679795,64.3047762082598,109.987377693586,82.7756264209747,106.634575472938,96.815038895607,169.420038859049,121.916388078169,99.836010398724,110.848663330078,17.3971250768273,33.7401004957242,109.449907274389,82.3775636109926,176.948440551758,26.5232263287191,50.6514782626147,15.4898936757494,53.3446107027865,126.769765218099,78.9356570122862,48.6068702185742,46.2558221475033,69.3834113899563,50.3621223749442,137.468711853027,137.585741678874,74.9829080542739,51.4902416247959,137.26516977946,108.466626167297,98.3536002506483,63.3114951937069,0,231.403594970703,182.48908996582,139.516651153564,186.179253896077,112.193008422852,154.30854373508,157.333806355794,185.778274536133,186.973571777344,178.677548302544,0,101.589531375276,133.782633911133,182.732124328613,160.566341746937,0,114.469448504805,66.3875924497188,106.5514933832,126.955938836803,0,147.536835554169,103.21701633799,135.324233591557,174.234138287996,125.72692498008,0,0,121.265203552246,135.632508191195
74.0585526695367,73.8125036700388,105.065514971119,39.0735965568588,18.5850454174038,120.647883675315,79.3027268716563,59.2742450254599,86.675086803675,18.6660001855972,58.3051280406982,144.611683981759,16.7498128060174,138.321590423584,96.6312129909395,42.3136683606553,25.0793001377675,128.112897592825,148.477993011475,142.563571453094,11.2973644628224,23.4867365655611,27.0060871388923,53.3446107027865,9.86647898358697,107.752907562256,126.552969210076,73.9442720896924,22.279806959729,80.1739650559315,66.7458523961789,148.955459594727,128.723677105374,65.7877776156301,82.1137140168084,133.932756864108,205.532272338867,144.754234313965,62.9328461023841,101.687495284028,184.767490386963,129.743492731972,113.938612967626,157.130895272279,64.1971545607279,119.115593190463,213.497680664062,76.0109181646573,0,148.866378239223,91.5749715169271,110.802492839534,177.831762041364,0,188.893325805664,103.352043474527,121.695822264019,73.9375208074396,125.618020422665,85.407607304872,0,171.029387410482,152.568376367742,111.616300858392,141.830900028399,122.571840347782,182.846969604492,189.372703552246,124.570801326207,137.911663079114
0,22.8195272838776,101.587562561035,49.4607780484387,124.232769012451,108.554946899414,122.833492279053,140.912406921387,94.4249496459961,95.6140571007362,152.933074951172,35.0500716661714,134.469802856445,25.4401757158754,104.208213806152,129.472536087036,114.807456970215,95.9196741739909,43.0047424629637,53.0028464386218,164.690284729004,116.369198799133,71.8167007501177,126.769765218099,107.752907562256,9.30928587722376,40.3078969357479,27.0903294236871,125.914120992025,85.5921918233236,121.740936279297,46.7235841496106,86.9928939819336,149.265350341797,63.65007568618,153.555358886719,78.1210997732062,0,98.9001096089681,0,0,0,192.487716674805,148.526153564453,155.630126953125,184.100936889648,59.0780477697199,0,51.1323564420543,0,0,0,113.485047340393,76.466984055259,70.6333747863769,0,148.554321289062,83.0121587117513,159.965199788411,141.820243835449,31.014559868567,66.3590064036935,64.9758188074285,0,87.3794479370117,161.680557250977,70.8338992436727,0,0,94.4612776438395
118.642070550185,48.7232512709292,30.907234446,48.676144930002,175.129089355469,106.109810447693,134.800256970903,128.479833361129,133.733068513476,115.787616114463,145.810646904839,29.5759122805026,147.624618530273,39.57671450517,134.400665538462,153.16279296875,114.946160016741,24.0285122102204,23.8175872166273,32.4726524065322,183.688320159912,104.47429038483,81.3257601346901,78.9356570122862,126.552969210076,40.3078969357479,13.0917078831249,36.5800968843562,135.313945429666,105.144964859166,100.619335507884,31.6567422028469,97.1712221781413,107.289091746012,61.9995818763483,169.874888102214,96.557245516777,110.926911197492,65.2279823401879,194.2275390625,0,131.077026367188,189.742914472307,234.93399810791,167.862098693848,209.633987426758,100.91933964816,0,89.1983256544804,207.703173828125,0,167.921699523926,111.61170728647,100.606102721332,99.7384084671263,0,185.284002304077,125.735518062816,151.414701242916,176.865333557129,70.0200317839873,92.9642223824265,96.5289711051467,180.596493530273,173.083377838135,163.097766113281,98.5091365269252,0,205.528450012207,118.641658731176
113.198489834803,35.365209888438,26.1464715876764,41.2340842657465,122.533628023588,134.802311338227,138.4077808101,90.8304170741742,132.888712261795,103.812261969718,112.751568829572,65.1269273041698,150.551752090454,29.3555256610257,131.231113876905,134.888887087504,30.9871384570383,67.9539752398215,62.9116294179523,71.3292746089754,198.666576385498,84.1483160343102,36.2558601333264,48.6068702185742,73.9442720896924,27.0903294236871,36.5800968843562,13.995817668629,73.7642152726072,113.115398190172,99.6455547654784,28.9927102587317,111.615396898846,99.5675907731056,74.9287817620069,173.401509602865,101.836017098014,96.314154818198,69.2121416873619,181.970235188802,0,186.53567759196,159.335414961273,180.086830563015,130.697230656942,184.461794535319,106.969171622549,190.833801269531,93.0227208250507,183.747606450861,0,109.896448968684,115.441973130373,108.063176117934,106.843918222477,0,134.699058138091,75.0409708166841,108.691550192598,149.118823062672,71.6814757743383,98.4956371277024,99.7158301673206,153.158693228195,178.432494269477,143.734485867657,106.662061626992,213.282272338867,167.354274749756,122.849881787321
67.0739714983764,105.28357518514,85.9909756333356,59.1013505453896,14.5723450037692,120.852422172641,67.2985924977886,30.1841925812618,85.3913615792186,52.9265831901238,25.8028185130342,162.95304997762,55.4829645452365,162.314280192057,84.4852119807817,76.45050655956,39.8098103629782,115.439104605412,183.850944519043,145.898499488831,31.2340081037924,23.1869627699972,56.5572551928563,46.2558221475033,22.279806959729,125.914120992025,135.313945429666,73.7642152726072,10.5477169565106,82.0092752831703,36.7401349612395,198.225646972656,124.647179771872,66.7343831495805,72.1205548373136,133.325158119202,145.261703491211,144.864931597028,76.7129841674602,57.2743508725018,0,154.380622009733,119.329607273245,157.817611612299,78.3397698121912,147.035514724087,192.978660583496,127.331622179817,0,157.676963329315,129.159010145399,117.284299384223,176.656788635254,183.010940551758,190.19285935622,135.987934381189,122.015446549755,78.3025475478754,131.500947304142,105.987521498765,0,183.96853498979,151.94624637652,119.451694316997,146.496746998449,122.955616419464,0,180.537322998047,132.830766950335,144.085068532583
16.927640914994,114.389897798237,95.3220676235415,83.4082640342587,89.8374872884807,24.2872369085934,56.175297668918,65.3472475971906,41.6948133804801,75.0348520078859,79.2415729216664,58.5742993997616,88.2946137761223,78.4679335336836,21.3631116507733,75.021561050415,125.337741427951,89.3740783182741,78.402291615804,89.1714414095475,88.2844448994782,62.357686042114,76.038197257302,69.3834113899563,80.1739650559315,85.5921918233236,105.144964859166,113.115398190172,82.0092752831703,9.3862736780836,29.6770673506849,92.1585783958435,8.51923262654497,17.5507951588582,40.8989502546734,159.929867880685,138.99305267334,161.692998886108,93.9690893173218,106.873767852783,0,181.394229286595,139.010132505183,179.807536824544,94.1112149015386,163.626361370087,148.862701416016,0,0,171.80088697161,0,124.766616821289,168.970158503606,143.890426635742,169.314781188965,187.484258015951,141.32738894508,108.070362677941,156.350319789006,131.498682398374,101.861404418945,157.924106325422,159.824653448061,137.120662093666,167.892374838552,139.271572772722,0,0,149.068296391913,161.771598962637
33.5252397587751,111.920282091413,73.7914662837982,67.2019209304413,97.2805848555131,106.294540405273,95.3081212430387,14.4980040466605,83.5156351460351,59.8569935302734,79.0860468416798,112.677393513341,92.8771392822266,149.103897094727,45.229099715125,92.1510543823242,77.9888599872589,70.9223330978535,115.794735784116,94.1253773713723,139.323104858398,31.9426400033761,54.7072780406581,50.3621223749442,66.7458523961789,121.740936279297,100.619335507884,99.6455547654784,36.7401349612395,29.6770673506849,10.8778038400687,158.327709197998,127.726383209229,43.424545765798,39.0379671721927,149.112747192383,163.757965087891,140.188512878418,68.6502169466567,0,0,155.136149088542,126.527148116262,173.062947591146,75.2017766634623,165.951479825107,0,0,0,152.888880762561,0,119.512405872345,163.105609600361,211.446502685547,173.235473632812,190.816543579102,123.237686991692,79.1986393677561,125.794602027306,111.362254816458,0,165.698405339168,149.903050089991,117.806604842065,150.526186404021,122.791864678411,0,182.571914672852,123.244023198667,135.465232990406
0,66.9537362550434,94.6043238784328,98.2320608659224,214.753372192383,109.150924682617,117.213839530945,190.044013977051,113.068502044678,140.672528076172,168.13232421875,33.741798531747,0,14.1263448447416,109.265624523163,0,143.810958862305,99.2207914653577,49.6747394618703,67.1767084573962,0,147.390625,107.513614654541,137.468711853027,148.955459594727,46.7235841496106,31.6567422028469,28.9927102587317,198.225646972656,92.1585783958435,158.327709197998,6.01873773223949,101.093536376953,0,71.9933911186248,0,107.526140213013,207.519409179688,153.563537597656,0,0,0,0,0,200.740097045898,0,94.6228382761885,0,88.183396709852,0,0,0,0,106.717476145426,112.882764928481,0,0,145.043529510498,0,245.732086181641,69.6959384155273,97.8195101551174,105.824407305036,0,0,0,102.114526499873,0,0,128.938552856445
82.8603418138292,146.724864959717,157.203643188477,129.255790710449,126.45193939209,8.20663410253677,17.4196329581467,116.723909399012,18.7865873087246,137.323020935059,106.970153199865,64.792405484613,87.4459580641526,78.3557582268348,15.7228289147376,35.9751199657997,0,129.946429859508,90.8373919231136,89.1210556030273,112.926092642325,126.35655670166,95.2918167114258,137.585741678874,128.723677105374,86.9928939819336,97.1712221781413,111.615396898846,124.647179771872,8.51923262654497,127.726383209229,101.093536376953,5.93815242765451,47.4675102233887,41.3369032651186,193.328979492188,0,0,0,0,0,0,181.860110473633,184.208679199219,177.049530029297,0,0,0,130.358444213867,231.345832824707,0,0,0,0,0,0,0,182.775405883789,0,180.851078380238,106.697143554688,135.818428039551,177.2373046875,190.386644635882,211.519470214844,186.369537353516,0,0,0,205.5234375
56.5355612635612,111.671003069196,90.6376652481532,64.6702501732006,74.7920500013563,0,108.883975219727,62.180214364952,93.0140168190002,61.6323127746582,67.3177454250375,113.577535629272,80.5496566772461,0,66.5969269193452,85.6307800292969,87.5229793895375,92.667078864645,120.028661092122,104.746144170346,88.6439450581868,58.1927359954331,54.2818032984148,74.9829080542739,65.7877776156301,149.265350341797,107.289091746012,99.5675907731056,66.7343831495805,17.5507951588582,43.424545765798,0,47.4675102233887,9.15198927223478,25.2894952067218,129.846249389648,0,134.683160146077,80.998291798127,0,0,167.438186645508,125.717130353374,183.285540771484,74.7353038787842,173.85844039917,0,0,0,152.622749328613,0,111.00136311849,156.722213745117,0,176.088857014974,0,116.642571149554,66.7611455917358,126.24177347819,117.254130512203,0,223.869873046875,175.155731201172,124.829557550365,149.867129643758,120.346062670256,0,0,122.117365519206,138.798008311879
81.7993179783677,66.3935056748937,68.1040577461936,67.7044367296942,88.1463435799735,44.5803439030882,76.0248843530067,81.6128275958243,67.6711543380835,96.6547937917185,81.509887636828,30.59069398422,83.4658247969533,54.0097940722902,60.1790978357503,78.2773645945958,94.5872005196505,39.3679639987457,56.7476025895444,45.4400472593728,88.5867981477217,46.3485943151642,68.5003084984555,51.4902416247959,82.1137140168084,63.65007568618,61.9995818763483,74.9287817620069,72.1205548373136,40.8989502546734,39.0379671721927,71.9933911186248,41.3369032651186,25.2894952067218,10.881719652168,157.990169949002,110.518621556899,113.730504826982,91.889394013778,103.253952026367,0,231.989784240723,141.386010781313,180.018840026855,96.5224171593076,179.9025455051,111.410759559044,128.244400024414,121.213714336527,175.86646270752,148.687965393066,120.319358825684,125.218282395515,134.848346578664,123.952071205514,0,132.720654169718,94.4351291656494,136.806603859729,129.872546400343,103.965520586286,113.976415680115,116.735313112623,137.17011617396,172.946623302641,134.555658612932,128.579481506348,238.895721435547,154.60885588328,142.251534854665
151.515502929688,0,156.774920654297,110.150101979574,155.644053141276,197.267974853516,166.942199707031,137.769354078505,161.861114501953,0,147.076771327427,0,189.466278076172,0,167.36761038644,0,161.079368591309,207.734336853027,0,0,0,124.901968638102,103.114320755005,137.26516977946,133.932756864108,153.555358886719,169.874888102214,173.401509602865,133.325158119202,159.929867880685,149.112747192383,0,193.328979492188,129.846249389648,157.990169949002,8.10035841963394,133.960075378418,101.972128522908,71.9776334961255,74.3016545976911,84.5594242640904,86.3749075119312,32.3716828374307,28.0283202271914,68.9257136562414,53.277723225859,124.81316167658,60.3214408874512,165.647930145264,10.71322883885,72.1067543029785,109.303192986382,103.468059445499,144.185772705078,123.384616977172,84.0642192840576,78.8620132446289,93.4173270916117,96.797641784668,69.5786316303426,139.00080871582,120.718966207197,125.307305027596,72.5464938244188,14.856230898813,20.5933402503026,0,81.4019961886936,24.6614289509353,72.0699329197508
0,103.137766520182,85.182139805385,35.4233242551857,0,0,0,0,0,0,0,111.704219818115,0,83.9812754821777,0,0,0,92.2970383384011,107.854539489746,109.632880361457,0,130.999389648438,54.8413276672363,108.466626167297,205.532272338867,78.1210997732062,96.557245516777,101.836017098014,145.261703491211,138.99305267334,163.757965087891,107.526140213013,0,0,110.518621556899,133.960075378418,8.64817405241043,43.2007949482311,25.6991273146618,137.216445922852,0,161.398529052734,127.356079101562,170.655050913493,62.925197634928,125.382175445557,67.9711843181301,0,53.893947669438,152.285238647461,103.685490199498,66.9911170372596,58.5659905416625,68.0571414629618,58.2572052658966,0,104.754060857436,23.2484047725251,88.5012548346268,74.2448058954164,15.8176357920741,45.8694329941025,23.9152890637049,118.325046539307,137.198789423162,112.867873813795,63.1013693491618,96.879337310791,99.1670951843262,71.4435706910633
162.429012298584,109.013371785482,91.4635242475831,70.8869341021386,159.543121337891,140.019287109375,0,141.427206993103,187.202383858817,138.716613769531,160.988082885742,153.321601867676,0,128.343395233154,188.771001479205,0,120.748917621115,108.767211385874,173.179874420166,129.576196943011,0,140.420046893033,67.5647207606923,98.3536002506483,144.754234313965,0,110.926911197492,96.314154818198,144.864931597028,161.692998886108,140.188512878418,207.519409179688,0,134.683160146077,113.730504826982,101.972128522908,43.2007949482311,13.1095191119791,43.3397554877408,164.133111317952,168.706093682183,129.844133079951,85.3630916492359,116.448021075693,108.606625874837,113.799589380373,95.5491439577133,128.50382232666,101.147084236145,112.217904019729,125.677007675171,75.3486187814296,42.7498539246903,104.029370625814,68.4930180915626,172.329460144043,74.4881632018788,42.5379784064379,24.7599742833928,106.840617166049,102.973316192627,27.6223921254296,34.2911463735408,78.4446368457825,126.147111195784,73.5275776367187,94.4471900576637,171.53193119594,109.091868456672,74.3298571641278
88.2028503417969,70.3539338588715,76.9114819453313,22.5317630081961,75.1671047210693,0,110.402270390437,81.0140450146733,109.579101215709,42.6970636447271,82.4005429194524,124.097604751587,75.446897983551,108.49944190979,111.188836611234,55.9572353363037,60.1454088496066,67.5177065941595,103.049321492513,74.2262954711914,82.9110287753018,68.4433269315553,18.4745054416058,63.3114951937069,62.9328461023841,98.9001096089681,65.2279823401879,69.2121416873619,76.7129841674602,93.9690893173218,68.6502169466567,153.563537597656,0,80.998291798127,91.889394013778,71.9776334961255,25.6991273146618,43.3397554877408,19.4133071317229,67.0517118998936,135.126940917969,100.25842666626,57.486091231887,102.902832610267,9.14032238513115,87.1550331614376,105.856724693662,62.711693082537,76.5803051572857,94.7481531663374,61.6680927276611,49.8330263167776,62.0133258740989,102.246089935303,64.7798080093904,58.6788673400879,56.6010125299015,21.6561533157072,59.609425630129,29.7810258746983,61.814289410909,50.5843820056076,39.9484510526789,53.5137218751936,77.314539439284,58.9071928192876,78.9460576375325,124.50638885498,59.3182334789331,73.9919650768915
