7.60647039996296,170.517562866211,93.2498277813555,72.8914560095056,80.7827442593045,72.0693359375,95.0728562672933,41.3617450865769,65.8980802745488,77.5086138407389,63.7426775201262,147.279018825955,105.265558242798,129.024871826172,18.1753109908562,97.705924987793,75.3746795654297,105.098691388595,140.523153686523,127.644255418044,96.9623275756836,76.8885845608181,83.5119781494141,85.7716432553246,80.7148514678147,135.779907226562,123.167690894183,118.195506460715,71.4246354520063,17.7713656576082,27.9153941764586,0,93.6428146362305,65.5867109818892,81.5716736498607,139.651672363281,0,160.40940246582,81.9551433694774,86.7092437744141,0,181.459976196289,136.407752498504,168.25838470459,85.2962395804269,198.559593200684,0,0,0,166.663282121931,0,134.808747427804,178.50537109375,0,207.665321350098,132.599472045898,146.405843098958,0,172.248546253551,126.395553023727,0,163.281051635742,158.547520446777,132.832232906944,170.446192814754,151.175148703835,0,0,161.75598526001,161.9501953125
170.517562866211,8.92872161381115,49.6318405151367,29.922211497549,0,108.790985107422,142.778457641602,100.953596115112,142.891088485718,72.4958168639296,142.642343139648,68.3529785013644,101.713237762451,58.0295128057719,143.291883680556,115.293129368832,62.9969322816381,61.8461703752217,84.8987998962402,66.0470981422914,0,107.232644762312,23.9587162692411,88.3377026028103,76.659936047312,23.5984491677302,54.6089308992955,30.58315572497,100.770490237645,124.034676771898,101.691714200107,72.0323822838919,117.196394920349,117.099857330322,70.9766783861337,0,0,101.219556172689,129.453481038411,0,0,0,0,0,0,0,125.679898579915,0,111.243299044096,0,0,0,110.9993019104,135.472286224365,112.691829299927,147.08024597168,144.460998535156,152.695571899414,135.289772033691,188.259414672852,130.881673177083,110.059239085128,107.411694302278,151.147786458333,0,0,160.744640350342,142.935440063477,0,116.085815429688
93.2498277813555,49.6318405151367,11.9631865789188,53.1445839658697,166.749081420898,156.581755694221,130.753133797351,97.3916657970798,121.069293405892,104.837571364183,109.976355258221,92.948314252338,176.662775675456,96.3924306510151,120.384839380088,133.801761920636,97.5675941467285,42.3899889959944,99.035496078919,80.7166425505322,199.393581814236,69.6878742690672,47.1364898298639,37.1531290718756,112.608560330159,126.249323163714,42.3306770563042,33.7625798481096,105.24614315033,107.848367814556,81.1992369914568,96.1518427196302,151.061047940641,97.5751760987674,71.4661712014628,178.263804626465,68.2570904095968,96.8719691295077,104.743815514349,0,0,200.595496041434,158.90953338623,188.935330559226,159.0344581604,174.292766026088,159.544690813337,0,144.193237304688,182.763472817161,0,101.987434463501,118.345511720892,164.421260288783,131.366602729349,196.648727416992,145.836434137254,83.4519947814941,112.774454990757,146.119141240274,148.610076904297,117.249463541524,98.0829415880587,163.596118525455,187.076985168457,157.219545152452,151.514045715332,0,191.135760498047,116.499975613185
72.8914560095056,29.922211497549,53.1445839658697,27.2023582757478,68.2868148140285,129.038564682007,96.9601038152521,67.0650863740051,99.5330202118689,13.6960341763888,106.984398566352,83.3733291320801,68.1315900362455,70.456796977831,96.6199822405723,84.0002292510002,39.4734564446992,63.9517196083069,91.0962810072788,69.0762073623618,146.100639343262,60.1778756249264,20.4940976102996,55.8684966720153,42.0883269722004,42.1938032557567,51.0304629316898,43.2004735166987,60.4155085193378,81.0248455622594,58.4143106123296,87.9032469529372,120.390593634711,64.6281937047055,75.1118521560956,118.804804484049,20.3399063587189,68.9210051820989,32.5395753571157,0,0,234.703750610352,102.399390480735,162.21134185791,33.2779402959914,121.315237426758,124.77033996582,0,112.124421528408,165.596543629964,0,54.1997458078329,115.820352357009,156.991798400879,91.746024661594,0,88.5201993375211,38.5272194191262,72.6675203473088,92.2252679482484,58.1031300226847,91.2064045667648,69.8769754315986,125.643342451616,136.972354888916,93.9764805843956,148.60755666097,0,73.4250679016113,109.526969909668
80.7827442593045,0,166.749081420898,68.2868148140285,9.3294337321541,117.101940409342,67.3640461887703,52.0824374428278,99.4392117602114,49.5725079822196,26.8377649173232,162.76215616862,25.7319416591943,179.126301356724,108.364621700201,66.8712602642735,0,182.386502583822,177.975746154785,0,14.2555708834092,154.672571182251,79.0145051138742,159.035072673451,22.4214218830454,160.774765014648,172.934949874878,133.634124332004,16.5780645439895,97.7023257461249,102.744270324707,0,130.780766441709,80.9585658482143,91.5692042805137,142.721221923828,0,201.37825012207,83.4294963344451,28.9117795848706,121.237319946289,150.148820193309,130.220458406391,176.014981842041,95.1694130670457,127.984256517156,206.160415649414,86.3477388090558,234.582412719727,173.126860046387,120.622380937849,0,0,0,0,36.6231875226014,159.327247619629,0,0,102.445093703992,0,234.117324829102,170.474594116211,136.703568076345,172.042047600997,163.988098144531,0,210.560394287109,161.779051208496,182.897244262695
72.0693359375,108.790985107422,156.581755694221,129.038564682007,117.101940409342,8.16260595373158,12.148127674396,113.823778513316,19.2143389237845,66.01048714774,107.592535465322,70.6027434170246,78.656780202338,73.738308081106,25.4068220870502,15.9580928290825,0,174.662600199382,90.5673703985699,98.6906784602574,107.992070083618,153.941287449428,100.817949930827,133.327307383219,88.3337563528141,78.901237487793,108.6600250668,125.344177246094,126.172442626953,25.5786684923833,111.540030343192,101.554958888463,8.93741542844973,94.9143282572428,38.1266964270144,0,0,0,119.664301554362,183.911560058594,0,0,180.983144124349,0,0,0,0,0,125.252375284831,228.640350341797,0,0,0,151.216751098633,173.632136027018,150.545837402344,0,0,0,172.757022564228,0,133.275939941406,140.567253112793,195.232308523996,208.964561462402,0,146.321090698242,0,0,0
95.0728562672933,142.778457641602,130.753133797351,96.9601038152521,67.3640461887703,12.148127674396,9.6507207576418,63.3877212254897,15.6207818983911,78.323726524741,34.8796447439212,80.2393893771701,25.3787459301494,86.8207392458056,46.1019105570107,18.0543116511239,178.277191162109,144.873132387797,106.831635008467,112.552879969279,56.2506150590993,112.011000209384,133.837807549371,128.100308980697,80.9330681675394,93.198509979248,129.259781440099,137.875541071738,72.5864887984483,63.0606303912049,112.463216172888,116.095159403483,18.3958879591529,107.022046661377,75.2496557528655,180.756275721959,0,209.53825378418,110.217685831004,130.002322673798,0,164.37033589681,160.181941916726,187.978467941284,124.920335769653,162.425485992432,179.836128234863,103.933019399643,153.988067626953,207.65338777241,193.793533325195,187.236773173014,0,184.587997436523,0,140.220551404086,164.611785888672,0,178.827095031738,127.90965005218,102.345916748047,172.413421630859,196.06846110026,159.163006233447,187.59264755249,188.907360839844,205.5966796875,211.29216003418,0,202.713043212891
41.3617450865769,100.953596115112,97.3916657970798,67.0650863740051,52.0824374428278,113.823778513316,63.3877212254897,9.8713853054503,62.9889177653966,61.3931099621218,26.0163461228862,154.492684277621,62.9093260464368,160.418553670247,46.283196214315,81.0559352341519,79.0380179541452,130.398931012835,166.397020339966,145.057722868743,122.280519287308,63.7236984817075,74.9929453986032,81.2373190757332,62.736457170649,145.784025192261,135.152645242625,95.5154916389752,34.1037486451,79.7626323276433,18.6541049433768,178.603927612305,118.585260629654,70.7212877403018,81.9520913142871,137.754266950819,148.5400390625,161.18179806796,84.6933386921883,136.662218240591,196.998733520508,154.785877086498,123.325211927626,168.946477050781,96.1376058790419,150.105019251506,0,141.766364097595,0,170.072402954102,141.658508300781,136.268154368681,193.364209493001,0,199.291564941406,138.583968162537,149.847150802612,116.224325391981,153.31696671706,112.818357190445,0,205.923522949219,155.342399809096,125.926918721998,163.687538029597,137.639170260043,0,188.427730560303,148.38831837972,156.995023727417
65.8980802745488,142.891088485718,121.069293405892,99.5330202118689,99.4392117602114,19.2143389237845,15.6207818983911,62.9889177653966,9.7646618099504,98.080359025435,38.5996571699869,77.6599427912469,78.3448250430754,86.6192172611275,17.9314042119229,32.8792834177899,0,138.84949984358,103.493887684562,118.636108993638,92.6980554778,103.308059195478,132.598190654408,117.280367374877,94.889680243931,92.5832737705164,130.544789270921,127.996942480497,89.3492645054329,37.8170843176968,84.6551877397153,112.511177825928,15.3741200390187,107.661184206876,69.1162253433715,177.429524739583,0,192.940689086914,108.005816533015,153.085332234701,0,182.248474121094,154.560991329617,186.476056780134,138.299453735352,182.93232208252,144.666296641032,114.395535786947,170.9332951137,191.553921169705,118.103584289551,171.541796003069,202.681065877279,169.70573425293,164.648143768311,191.445739746094,182.459213256836,164.636379241943,187.82470703125,140.285722265282,117.31859588623,157.586542129517,175.347914597084,159.701486979445,183.729900013317,179.772805955675,155.078253173828,0,197.561436971029,184.239464314779
77.5086138407389,72.4958168639296,104.837571364183,13.6960341763888,49.5725079822196,66.01048714774,78.323726524741,61.3931099621218,98.080359025435,7.71224732036319,68.9831246967557,133.514341690961,8.70610153466944,122.798345299177,95.0479310931581,26.0088392601944,53.4634161168879,136.103148324149,147.423453110915,132.98782980031,18.6941413489866,53.8583836345553,18.4531016799602,78.3785802623894,21.2484409907539,98.6389997445854,121.373648325602,111.258054706952,54.4855332412767,82.6080165666955,57.1472077419189,140.219389631942,102.237043380737,61.0851804380064,96.9415689195905,0,0,167.104751586914,56.8625926129958,92.3760100144606,0,114.348635586825,109.46177201044,158.446002960205,35.0023072769767,112.345929861069,0,100.370244162423,175.097449166434,138.842093331473,74.4524612426758,177.333229064941,142.459091186523,0,190.424301147461,110.300670623779,99.2135685511998,59.4903437296549,182.63444519043,76.7569500116201,0,191.928688897027,192.78901890346,112.019668579102,154.186821831597,107.560950279236,0,0,131.709823608398,122.33536529541
63.7426775201262,142.642343139648,109.976355258221,106.984398566352,26.8377649173232,107.592535465322,34.8796447439212,26.0163461228862,38.5996571699869,68.9831246967557,12.6718389620097,152.252593751938,34.5950995080914,156.577264785767,57.6200879617913,71.2850120341883,104.86051940918,160.15751767626,171.908492194282,165.011823152241,19.8227093868268,98.293689548268,103.325795173645,113.917615388569,59.7351884329191,133.915115356445,148.037707068703,113.789392256401,30.3839908091496,87.3078969293193,115.960528877546,172.739210340712,115.923874627976,84.8240414006369,84.8470313865691,139.105079650879,0,173.192588806152,100.377428393894,97.972715554993,149.87370300293,159.58605126275,136.288113614346,177.645958619959,109.4020318424,152.841960266113,0,131.894345333702,202.802665710449,179.785321426392,131.426439921061,147.680377197266,0,237.103675842285,216.837692260742,139.211788263536,163.511413574219,132.357330322266,178.769321017795,110.729349604101,0,197.487996419271,185.305809868707,145.546941157137,178.043665477208,189.526275634766,0,218.680198669434,195.954833984375,184.784155273438
147.279018825955,68.3529785013644,92.948314252338,83.3733291320801,162.76215616862,70.6027434170246,80.2393893771701,154.492684277621,77.6599427912469,133.514341690961,152.252593751938,14.6079359545072,137.756552802192,32.3061182608417,83.1009000449101,109.901170730591,147.583693186442,67.9132291044508,25.6444409445344,29.0685063145422,149.268513270787,112.608859244357,98.4727416760994,105.58753236994,147.620277638338,36.6595110633534,33.7713491311596,73.3947103004951,169.209495172268,69.0309873078,110.427357870435,48.0723548292683,64.0770769119263,119.570752825056,33.1833741374798,0,106.39487348284,149.294606295499,133.501193576389,185.109817504883,171.366806030273,0,208.349314371745,112.510482788086,185.963226318359,0,85.6016601894213,0,78.0182705732368,156.646659851074,0,0,150.931144714355,108.068365179974,135.91502904892,0,190.323852539062,162.515419006348,161.808573404948,208.716664632161,73.8081379996406,104.954238372803,112.007305342576,220.211723327637,0,205.265335083008,100.827152958623,0,0,144.530326207479
105.265558242798,101.713237762451,176.662775675456,68.1315900362455,25.7319416591943,78.656780202338,25.3787459301494,62.9093260464368,78.3448250430754,8.70610153466944,34.5950995080914,137.756552802192,9.58877055980866,151.675162682166,98.3855800874545,14.8925042611232,0,184.112768554688,166.119275606596,159.185152326311,15.9330729330217,173.726760864258,60.1374669075012,159.273658752441,16.6069682225453,108.221794128418,162.918842315674,145.420040130615,60.4310683960195,94.7426837911861,145.695322672526,167.13996887207,86.9004873633385,107.178158230252,89.9738402805445,245.887847900391,0,0,87.6030096574263,38.2380701981582,0,93.9678774144914,130.117684427897,142.048817316691,67.8669052124023,109.644401401668,0,16.0223176472896,0,126.904363632202,75.570824432373,227.31950378418,0,198.248809814453,0,20.0487648300033,164.08740234375,0,192.21084022522,95.8128219664566,0,0,187.431536356608,136.866573810577,149.022975158691,0,0,0,171.890327453613,213.684371948242
129.024871826172,58.0295128057719,96.3924306510151,70.456796977831,179.126301356724,73.738308081106,86.8207392458056,160.418553670247,86.6192172611275,122.798345299177,156.577264785767,32.3061182608417,151.675162682166,8.82561792849278,92.5935197767321,154.540828411396,132.047291755676,121.86316545548,57.8707614854581,76.7385779939849,156.907768726349,142.92166028704,90.1517635488255,139.980057634626,136.711902558491,25.3159980421868,53.2202349179132,35.6789379313301,169.967303805881,79.5084716832196,147.535109202067,25.5115700180186,71.5502824536989,201.742228190104,57.5593750250406,0,105.654381888253,0,123.363402472602,0,107.685348510742,0,217.987777709961,152.552167892456,166.767892456055,0,77.5814758225799,0,59.9395989461335,194.841278076172,0,0,156.16145324707,101.626841023021,119.94770304362,0,0,163.52995300293,168.003158569336,178.296752929688,59.3735509195635,90.7501677163639,100.109293730625,240.528175354004,139.189409891764,235.855987548828,91.9351893954807,113.763999938965,0,111.513731956482
18.1753109908562,143.291883680556,120.384839380088,96.6199822405723,108.364621700201,25.4068220870502,46.1019105570107,46.283196214315,17.9314042119229,95.0479310931581,57.6200879617913,83.1009000449101,98.3855800874545,92.5935197767321,10.4443033331265,51.9902445108463,151.927158779568,132.444152484231,103.182772341642,127.55318353598,105.075804927776,97.4590464428865,116.108006684676,111.62090635321,104.150747632113,94.0021640408424,134.559291036505,132.4324562908,91.2250263166008,27.0451074710641,53.8397156738557,114.898066329956,13.8896631441236,93.0009147855971,63.8547726242431,167.883095877511,0,191.392253112793,112.87173217981,152.792388916016,0,196.053560256958,158.078845602929,195.431372249828,127.53264702691,191.121125357492,156.740531921387,193.491790771484,155.801762390137,196.584399922689,241.725463867188,168.32539991899,208.358631134033,155.394246419271,239.534820556641,169.012842814128,172.890538995916,132.774703979492,179.979018741184,150.085523188114,133.009441375732,167.396066839045,174.878811685663,159.251361472537,186.434277621183,171.860998365614,148.811729431152,214.724494934082,163.368751525879,179.448495483398
97.705924987793,115.293129368832,133.801761920636,84.0002292510002,66.8712602642735,15.9580928290825,18.0543116511239,81.0559352341519,32.8792834177899,26.0088392601944,71.2850120341883,109.901170730591,14.8925042611232,154.540828411396,51.9902445108463,8.24221405153732,157.35986328125,153.526164054871,99.0994567871094,176.342919921875,55.2125157687975,160.356475830078,76.4637483358383,142.209405517578,48.9448348779594,138.086389329698,169.792818509615,143.307571505323,87.4520576361454,68.0620369148254,108.638822283064,177.860534667969,32.0970161489771,111.086404418945,82.6477758473363,0,0,0,67.8124656677246,114.880344935826,0,93.0869064331055,163.944620768229,0,73.5336303710938,134.37596282959,0,81.0464998881022,0,0,0,166.206802368164,0,0,0,107.260494232178,226.78401184082,0,0,120.778541564941,0,0,0,149.327222188314,176.062110900879,0,0,0,0,0
75.3746795654297,62.9969322816381,97.5675941467285,39.4734564446992,0,0,178.277191162109,79.0380179541452,0,53.4634161168879,104.86051940918,147.583693186442,0,132.047291755676,151.927158779568,157.35986328125,12.8055906581015,113.748108477632,153.711349487305,128.978461440729,124.384521484375,19.6549104260466,32.4327721625436,21.7357141651405,27.5948282542663,119.5279296875,117.921126501901,37.5935020993543,43.2990344988333,106.865580729949,77.7053010475576,159.12505086263,0,80.7746701049805,94.2767983754476,139.901233673096,97.7168273925781,112.00789611404,63.8783435268679,0,0,172.137229919434,140.111128807068,183.359121469351,104.09738667806,155.683181762695,202.882843017578,0,0,160.498689923968,0,97.9983613807035,142.375181638277,0,172.198687744141,0,117.939225520644,60.4496325643439,107.830716789483,113.684671401978,0,151.836200513338,109.81343030326,122.195571508163,151.100166320801,123.667210923028,0,0,125.989329338074,135.521348266602
105.098691388595,61.8461703752217,42.3899889959944,63.9517196083069,182.386502583822,174.662600199382,144.873132387797,130.398931012835,138.84949984358,136.103148324149,160.15751767626,67.9132291044508,184.112768554688,121.86316545548,132.444152484231,153.526164054871,113.748108477632,10.6148670469348,60.9291303487924,19.8674361938773,211.098257882254,72.4689655516599,82.8409072714792,35.5363415011294,132.599278805441,104.087878545125,31.5122879856503,73.585592293905,129.75873721846,107.342352361537,78.1864219324705,103.531662211699,123.53388150533,98.2994687216623,45.5181100217849,0,74.9430738595816,115.599780058249,100.744581037952,0,0,220.155807495117,207.305170694987,199.998683384487,0,184.570358276367,151.225006103516,0,151.50728225708,211.757303873698,0,136.014794921875,126.182222535875,143.336228847504,126.914923047263,0,162.442186991374,129.179837908064,149.586714585622,163.516845703125,163.787567138672,113.915831540358,112.844942651144,195.230489877554,220.033432006836,167.638374328613,134.637311299642,0,195.957374572754,138.362419128418
140.523153686523,84.8987998962402,99.035496078919,91.0962810072788,177.975746154785,90.5673703985699,106.831635008467,166.397020339966,103.493887684562,147.423453110915,171.908492194282,25.6444409445344,166.119275606596,57.8707614854581,103.182772341642,99.0994567871094,153.711349487305,60.9291303487924,7.39233782019254,16.2187581235836,166.739215426975,129.102276257106,116.992146083287,112.703047815959,158.525795830621,49.7567445538568,29.7636661440936,66.7153010970716,172.76463953654,94.4748420479857,123.063027336484,50.7832031287108,89.5502526051289,136.507066090902,57.5885982396052,0,127.986391448975,158.66384379069,111.271122741699,0,0,184.615127563477,234.662574768066,232.378684997559,206.392959594727,0,99.4276382322234,167.065032958984,87.8248198233245,172.95775604248,0,177.62190246582,151.602924346924,108.613377532067,120.733368569232,0,211.183715820312,172.880386352539,192.845272064209,212.950336456299,79.3825946535383,103.848795193678,108.547119505668,0,147.055999755859,189.914810180664,106.040096282959,171.423217773438,0,136.308504422506
127.644255418044,66.0470981422914,80.7166425505322,69.0762073623618,0,98.6906784602574,112.552879969279,145.057722868743,118.636108993638,132.98782980031,165.011823152241,29.0685063145422,159.185152326311,76.7385779939849,127.55318353598,176.342919921875,128.978461440729,19.8674361938773,16.2187581235836,11.0927122672191,171.45002746582,105.294163954885,103.243555443919,86.5496603008466,144.595542953954,54.2552417645351,36.9569860091523,74.1168056792021,151.203025545393,112.816999118706,96.2752886892586,70.890153421939,90.4495592984286,108.991294352214,45.8257040602793,198.182357788086,121.343732833862,135.223035657728,113.363830566406,0,0,0,0,206.771041870117,0,0,108.171706890238,0,113.688563704491,207.908798217773,0,149.398141043527,135.080251099633,116.41689608174,116.81387633561,0,187.09245300293,143.98116847447,160.52000579834,200.430252075195,94.4647551316481,111.539957232515,112.749136204311,211.259826660156,170.10075378418,179.195490519206,122.708919648201,0,174.823135375977,137.127509846407
96.9623275756836,0,199.393581814236,146.100639343262,14.2555708834092,107.992070083618,56.2506150590993,122.280519287308,92.6980554778,18.6941413489866,19.8227093868268,149.268513270787,15.9330729330217,156.907768726349,105.075804927776,55.2125157687975,124.384521484375,211.098257882254,166.739215426975,171.45002746582,9.71334299300049,178.91626739502,65.2226181030273,194.066137874828,14.5567961230956,131.056978861491,179.145879109701,157.738410949707,33.5283893911491,96.691907807598,160.236452738444,171.805519104004,118.58469404254,100.688935546875,89.3537096802617,163.723602294922,0,0,96.3250932693481,31.1582047520025,0,153.056754653518,142.110276721773,191.847229003906,92.146923828125,148.734315984389,0,37.1070197498097,0,166.939235687256,128.703439712524,226.509170532227,235.209182739258,0,0,36.9894620406322,232.617950439453,0,195.829238891602,105.766598248723,0,0,216.468231201172,146.940129989233,198.995803833008,216.92301940918,0,165.526962280273,173.837280273438,179.868835449219
76.8885845608181,107.232644762312,69.6878742690672,60.1778756249264,154.672571182251,153.941287449428,112.011000209384,63.7236984817075,103.308059195478,53.8583836345553,98.293689548268,112.608859244357,173.726760864258,142.92166028704,97.4590464428865,160.356475830078,19.6549104260466,72.4689655516599,129.102276257106,105.294163954885,178.91626739502,14.629186441639,55.6576033528646,31.3837253933783,50.7653289910519,119.455590820312,114.652156028573,87.3503883989065,31.7777987129004,74.3772552525001,35.5425001518413,158.782149420844,134.908757209778,51.5858159253839,48.4735616790466,134.933579101562,164.058609008789,147.766397588393,75.311175373113,167.815116882324,0,176.840679168701,129.776119014195,171.500686645508,77.150248955036,173.91940612793,159.373504638672,0,222.475799560547,147.705368845086,0,108.910342071693,171.421748570033,154.592758178711,174.510719299316,0,120.916209039539,76.1521042015902,125.321978527138,111.030599980741,0,190.76064180073,144.614941820686,120.715248459135,140.04831802845,120.790085202172,0,0,125.992674328032,143.298608168116
83.5119781494141,23.9587162692411,47.1364898298639,20.4940976102996,79.0145051138742,100.817949930827,133.837807549371,74.9929453986032,132.598190654408,18.4531016799602,103.325795173645,98.4727416760994,60.1374669075012,90.1517635488255,116.108006684676,76.4637483358383,32.4327721625436,82.8409072714792,116.992146083287,103.243555443919,65.2226181030273,55.6576033528646,8.04954465288228,55.1619376342151,31.300075608573,62.2336022042479,87.5995892084772,41.9955338493752,58.042517461141,83.4644932797081,54.1658363502567,107.085250854492,124.639366149902,55.2925844705233,79.8728953679403,150.655715942383,0,63.287172883749,55.7808091057671,0,0,0,128.207511901855,150.948931376139,57.8212836129325,154.862429300944,0,0,159.850598335266,137.786253356934,0,66.3268406050546,114.754241519504,0,114.896411895752,127.445732116699,110.264782860166,37.5574350112524,75.0920009768106,92.7422870945286,0,156.896940612793,60.0305705214992,107.166145822276,131.363456726074,98.8619970594134,0,0,119.492698669434,86.0381742624136
85.7716432553246,88.3377026028103,37.1531290718756,55.8684966720153,159.035072673451,133.327307383219,128.100308980697,81.2373190757332,117.280367374877,78.3785802623894,113.917615388569,105.58753236994,159.273658752441,139.980057634626,111.62090635321,142.209405517578,21.7357141651405,35.5363415011294,112.703047815959,86.5496603008466,194.066137874828,31.3837253933783,55.1619376342151,18.5635820018542,71.8575740052934,132.909062385559,77.4915383463535,49.749259764564,56.1437392710992,83.088193666711,56.8105772417714,127.846961975098,136.621679490612,78.4972246782495,55.8485183730046,163.932290818956,94.7633666992188,104.897837033539,75.7093675025551,0,0,202.467840576172,147.564431891384,190.038611209754,104.377354394822,173.633279418945,221.55842590332,166.014821370443,175.452766418457,180.525805473328,0,103.425747909738,143.854793619227,183.793098449707,163.289353609085,0,119.145935109683,66.9551027064906,113.194384632354,130.746592339049,0,146.492891669273,107.772510384426,141.513666766331,181.940130576109,129.693630297979,0,230.986114501953,141.457686742147,134.660528695712
80.7148514678147,76.659936047312,112.608560330159,42.0883269722004,22.4214218830454,88.3337563528141,80.9330681675394,62.736457170649,94.889680243931,21.2484409907539,59.7351884329191,147.620277638338,16.6069682225453,136.711902558491,104.150747632113,48.9448348779594,27.5948282542663,132.599278805441,158.525795830621,144.595542953954,14.5567961230956,50.7653289910519,31.300075608573,71.8575740052934,11.0914716709586,101.485393903832,129.911357465997,94.2015557266636,24.1832169944841,90.1953995778846,73.2103209556074,152.270692651922,125.341406545331,74.5818724664613,94.1129279563097,126.205848557608,87.2306823730469,147.366928584992,59.7081502464347,110.584395310313,199.925399780273,135.531610425313,116.218216551733,155.844080694791,64.6893747212501,127.034394936968,191.385385513306,102.140372924805,0,155.480939331055,106.577990531921,106.705300637341,172.166634114583,216.889953613281,190.338126772926,111.831486465907,118.693677629743,68.5100049814467,131.81650603445,96.2859983910343,165.494140625,185.038772583008,152.875846015082,112.167569934656,144.454725077454,122.100471702782,192.814020792643,177.027914864676,131.781631229431,142.430247867469
135.779907226562,23.5984491677302,126.249323163714,42.1938032557567,160.774765014648,78.901237487793,93.198509979248,145.784025192261,92.5832737705164,98.6389997445854,133.915115356445,36.6595110633534,108.221794128418,25.3159980421868,94.0021640408424,138.086389329698,119.5279296875,104.087878545125,49.7567445538568,54.2552417645351,131.056978861491,119.455590820312,62.2336022042479,132.909062385559,101.485393903832,9.63876768006649,42.6376566988776,29.8585801358178,149.328031539917,89.1226895650228,122.881458282471,46.8516439114298,80.1144971674139,166.085975646973,61.1196717769542,153.819625854492,122.761619567871,124.126152038574,121.840976715088,0,0,0,0,138.651794433594,0,0,79.7543341538002,0,67.6987241827923,0,0,0,0,94.9047818617387,107.343147277832,0,180.988754272461,135.239288330078,0,195.302963256836,35.3479268550873,85.4074025388624,88.0082741403967,0,0,198.014984130859,92.4812352580409,160.124618530273,0,115.002750396729
123.167690894183,54.6089308992955,42.3306770563042,51.0304629316898,172.934949874878,108.6600250668,129.259781440099,135.152645242625,130.544789270921,121.373648325602,148.037707068703,33.7713491311596,162.918842315674,53.2202349179132,134.559291036505,169.792818509615,117.921126501901,31.5122879856503,29.7636661440936,36.9569860091523,179.145879109701,114.652156028573,87.5995892084772,77.4915383463535,129.911357465997,42.6376566988776,16.2243272290829,45.2537553736361,139.574827289054,122.175620704933,107.37554916613,26.6019553973689,98.5529517860679,125.983160018921,66.7308330574156,190.552345275879,114.30978958695,122.228623369615,96.8927130959251,175.889877319336,0,0,198.331462513317,186.887728604403,181.413427016314,220.148765563965,102.43848325565,218.132034301758,88.2048028192674,192.716421830027,0,153.223245474008,115.136600948223,104.259130648238,107.307219207666,157.785095214844,157.443400989879,128.304484400256,157.756421060273,176.66878920335,73.7046433948335,97.3871509513067,98.3783244380801,209.753427124023,180.096069335938,175.669361659459,104.261111487075,0,175.246805826823,123.490076711622
118.195506460715,30.58315572497,33.7625798481096,43.2004735166987,133.634124332004,125.344177246094,137.875541071738,95.5154916389752,127.996942480497,111.258054706952,113.789392256401,73.3947103004951,145.420040130615,35.6789379313301,132.4324562908,143.307571505323,37.5935020993543,73.585592293905,66.7153010970716,74.1168056792021,157.738410949707,87.3503883989065,41.9955338493752,49.749259764564,94.2015557266636,29.8585801358178,45.2537553736361,16.831193786322,81.8922322361434,123.905356890806,98.4558968198762,34.2498853371656,111.776666156316,101.250876019452,76.5850304644312,174.198467479033,80.3421308798868,99.4151685239996,88.1069302801359,177.911590576172,163.383399963379,196.296971407804,159.003694585852,184.044768015544,160.480049659466,178.813030740489,110.429279594011,180.083015441895,97.820592095112,182.79177502888,162.948501586914,101.731029843452,118.473381695058,111.396538823797,117.392940621189,0,144.532729580871,88.1647886682729,109.689558554585,140.968482671999,73.7735431671143,105.171115549211,100.899804641385,155.048401317377,181.923427690778,151.248254199361,112.107285837973,189.679092407227,162.116144353693,126.932805848869
71.4246354520063,100.770490237645,105.24614315033,60.4155085193378,16.5780645439895,126.172442626953,72.5864887984483,34.1037486451,89.3492645054329,54.4855332412767,30.3839908091496,169.209495172268,60.4310683960195,169.967303805881,91.2250263166008,87.4520576361454,43.2990344988333,129.75873721846,172.76463953654,151.203025545393,33.5283893911491,31.7777987129004,58.042517461141,56.1437392710992,24.1832169944841,149.328031539917,139.574827289054,81.8922322361434,10.6561111222845,90.0512456078085,43.4502744419624,196.015380859375,134.656978556315,69.8346556631143,76.2948211160175,135.608333015442,0,155.171219578496,74.650382325602,33.5823076364442,210.124109903971,152.098101024139,123.454273836399,171.615093776158,86.8873913980299,152.20646931114,204.032897949219,125.681147620791,247.674926757812,164.092186016983,138.430824279785,120.606698770439,180.308454646621,219.70637512207,195.232726097107,138.948018217087,124.397940836796,86.6419659614563,143.704202383337,108.956573017594,0,181.641255696615,150.359452798333,124.630606240373,155.572491711133,124.621561205737,0,196.363740921021,132.216164779663,150.838537988209
17.7713656576082,124.034676771898,107.848367814556,81.0248455622594,97.7023257461249,25.5786684923833,63.0606303912049,79.7626323276433,37.8170843176968,82.6080165666955,87.3078969293193,69.0309873078,94.7426837911861,79.5084716832196,27.0451074710641,68.0620369148254,106.865580729949,107.342352361537,94.4748420479857,112.816999118706,96.691907807598,74.3772552525001,83.4644932797081,83.088193666711,90.1953995778846,89.1226895650228,122.175620704933,123.905356890806,90.0512456078085,11.8641142387522,31.2417058220825,101.312310741794,11.4287249723959,20.6188541100003,50.6481140198603,155.103871513815,0,174.886070598256,95.697895435506,147.697761535645,0,184.826758384705,144.783555653056,186.466908772786,96.6758654847437,187.141571848016,135.587028503418,171.086064656576,135.068677520752,181.467378888811,198.738525390625,138.32600180308,200.365602493286,172.843032836914,191.466156005859,197.947124481201,143.248408208128,96.2891634305318,169.002825948927,135.620879654057,137.695911407471,167.945768657484,171.602828369141,144.361988221033,169.317373820714,146.563757492721,117.012763977051,216.830238342285,159.089299046716,173.188406850777
27.9153941764586,101.691714200107,81.1992369914568,58.4143106123296,102.744270324707,111.540030343192,112.463216172888,18.6541049433768,84.6551877397153,57.1472077419189,115.960528877546,110.427357870435,145.695322672526,147.535109202067,53.8397156738557,108.638822283064,77.7053010475576,78.1864219324705,123.063027336484,96.2752886892586,160.236452738444,35.5425001518413,54.1658363502567,56.8105772417714,73.2103209556074,122.881458282471,107.37554916613,98.4558968198762,43.4502744419624,31.2417058220825,12.3144116791581,154.838653564453,112.787994929722,44.5708786686435,48.8812456487114,133.147827529907,0,158.599806858943,75.1615888181939,144.923873901367,0,187.551979064941,126.23494720459,161.572319984436,78.899081872434,178.272415161133,215.074773152669,0,0,165.160693242,0,109.078544715782,168.83498247932,0,179.241541544596,213.401062011719,124.084296740787,74.8905074078104,135.590453273228,114.174118631894,0,175.405735015869,155.934759388799,121.600533167521,150.99834224156,125.205709240483,0,0,134.389491489955,142.775608132102
0,72.0323822838919,96.1518427196302,87.9032469529372,0,101.554958888463,116.095159403483,178.603927612305,112.511177825928,140.219389631942,172.739210340712,48.0723548292683,167.13996887207,25.5115700180186,114.898066329956,177.860534667969,159.12505086263,103.531662211699,50.7832031287108,70.890153421939,171.805519104004,158.782149420844,107.085250854492,127.846961975098,152.270692651922,46.8516439114298,26.6019553973689,34.2498853371656,196.015380859375,101.312310741794,154.838653564453,7.17195564092367,98.2133705986871,142.479858398438,75.1207804425757,0,121.744338565403,155.491452534993,131.651245117188,0,0,0,0,163.920516967773,186.477844238281,0,97.086180404878,0,86.6955834344867,151.677947998047,0,166.623062133789,176.793635050456,106.372458648682,125.699022146372,0,0,136.898021697998,185.625617980957,209.333709716797,72.5344991796157,100.064398877974,106.989001211913,237.312316894531,0,0,102.345176553726,0,0,125.419857660929
93.6428146362305,117.196394920349,151.061047940641,120.390593634711,130.780766441709,8.93741542844973,18.3958879591529,118.585260629654,15.3741200390187,102.237043380737,115.923874627976,64.0770769119263,86.9004873633385,71.5502824536989,13.8896631441236,32.0970161489771,0,123.53388150533,89.5502526051289,90.4495592984286,118.58469404254,134.908757209778,124.639366149902,136.621679490612,125.341406545331,80.1144971674139,98.5529517860679,111.776666156316,134.656978556315,11.4287249723959,112.787994929722,98.2133705986871,5.57653584811886,152.06803894043,35.0620110663995,211.107284545898,185.166015625,159.968994140625,132.696880340576,118.578071594238,0,239.070816040039,202.222049713135,0,0,216.003036499023,132.358220418294,0,104.715682983398,0,0,0,0,149.664245605469,161.655265808105,0,0,0,220.832077026367,174.177289522611,0,153.217975071498,162.124476114909,196.242116292318,0,197.806177775065,183.650604248047,0,189.834442138672,161.357391357422
65.5867109818892,117.099857330322,97.5751760987674,64.6281937047055,80.9585658482143,94.9143282572428,107.022046661377,70.7212877403018,107.661184206876,61.0851804380064,84.8240414006369,119.570752825056,107.178158230252,201.742228190104,93.0009147855971,111.086404418945,80.7746701049805,98.2994687216623,136.507066090902,108.991294352214,100.688935546875,51.5858159253839,55.2925844705233,78.4972246782495,74.5818724664613,166.085975646973,125.983160018921,101.250876019452,69.8346556631143,20.6188541100003,44.5708786686435,142.479858398438,152.06803894043,8.96451628917652,28.605096187247,144.254035949707,0,151.668572998047,80.085420328776,0,0,173.881637573242,134.6553959566,177.564720153809,85.6380678812663,162.510705947876,0,0,0,163.095973968506,0,127.498428344727,178.83203125,0,179.292121887207,0,122.496638942409,64.8357785542806,146.900342668806,117.322242672161,0,188.05687713623,159.809433746338,128.724113375123,160.797614203559,126.443763224284,0,0,121.750126178448,156.27730094062
81.5716736498607,70.9766783861337,71.4661712014628,75.1118521560956,91.5692042805137,38.1266964270144,75.2496557528655,81.9520913142871,69.1162253433715,96.9415689195905,84.8470313865691,33.1833741374798,89.9738402805445,57.5593750250406,63.8547726242431,82.6477758473363,94.2767983754476,45.5181100217849,57.5885982396052,45.8257040602793,89.3537096802617,48.4735616790466,79.8728953679403,55.8485183730046,94.1129279563097,61.1196717769542,66.7308330574156,76.5850304644312,76.2948211160175,50.6481140198603,48.8812456487114,75.1207804425757,35.0620110663995,28.605096187247,12.2636528489162,146.426158360073,133.08447265625,117.111672183117,89.9859612601144,139.534854888916,0,155.699550628662,147.029870874742,199.08371480306,115.517639160156,174.29786491394,132.079522814069,167.210906982422,108.097835612747,179.640132904053,0,117.788408799605,143.788288116455,130.324995842533,129.990275694592,0,143.318119358372,93.3350565433502,131.798762091275,130.716180292765,93.2109184265137,120.251018322145,118.671234498882,140.860832904451,175.770908355713,145.755824590133,132.078155116031,0,143.94327545166,134.676192824905
139.651672363281,0,178.263804626465,118.804804484049,142.721221923828,0,180.756275721959,137.754266950819,177.429524739583,0,139.105079650879,0,245.887847900391,0,167.883095877511,0,139.901233673096,0,0,198.182357788086,163.723602294922,134.933579101562,150.655715942383,163.932290818956,126.205848557608,153.819625854492,190.552345275879,174.198467479033,135.608333015442,155.103871513815,133.147827529907,0,211.107284545898,144.254035949707,146.426158360073,7.97085151693294,143.224806213379,111.485192984589,65.7537788833891,78.0521411393818,96.2158012390137,83.5746361485234,32.7676189978753,40.972675678409,62.9043657514784,66.1098069554222,134.460266924919,78.6180603027344,138.611625671387,12.2012411173603,124.609165736607,102.358430862427,111.955734462592,144.718124135335,125.954245507717,76.3240093852198,85.3335938943399,74.8553812844413,104.592065493266,70.2809947603312,0,128.164432042551,131.829985687698,76.7788610916661,15.2660130093561,21.2652375904509,157.071362304688,91.676425260656,38.1127677960829,72.707580727492
0,0,68.2570904095968,20.3399063587189,0,0,0,148.5400390625,0,0,0,106.39487348284,0,105.654381888253,0,0,97.7168273925781,74.9430738595816,127.986391448975,121.343732833862,0,164.058609008789,0,94.7633666992188,87.2306823730469,122.761619567871,114.30978958695,80.3421308798868,0,0,0,121.744338565403,185.166015625,0,133.08447265625,143.224806213379,6.61648783126435,51.709596543085,22.5617599687097,106.356918334961,120.573997497559,138.115507125854,151.887475585937,133.825541687012,57.8527023807262,164.885894775391,66.7637273427602,0,51.8682710897103,140.791556464301,111.965970246688,52.5500930439342,64.1696067303419,71.0557008826214,63.2160704524805,0,106.428181330363,18.5593876058449,84.5793750866039,71.1170611637895,19.6252947439264,54.7443618073885,33.298692620065,107.654848371233,142.482500712077,100.993631635393,66.3547905123964,122.615647888184,85.3887100219727,81.8612135427969
160.40940246582,101.219556172689,96.8719691295077,68.9210051820989,201.37825012207,0,209.53825378418,161.18179806796,192.940689086914,167.104751586914,173.192588806152,149.294606295499,0,0,191.392253112793,0,112.00789611404,115.599780058249,158.66384379069,135.223035657728,0,147.766397588393,63.287172883749,104.897837033539,147.366928584992,124.126152038574,122.228623369615,99.4151685239996,155.171219578496,174.886070598256,158.599806858943,155.491452534993,159.968994140625,151.668572998047,117.111672183117,111.485192984589,51.709596543085,15.5399356948846,62.7461096946829,181.571005684989,165.661845814098,133.317194274583,91.869369770584,119.725991761302,102.088075835129,109.523613544847,108.506960322348,183.629742213658,116.253483242459,118.575596037651,138.358484903971,78.04139149189,48.618469970599,97.7091820853097,71.292086816188,190.093377685547,72.4404619241327,54.0283876747921,36.9458204663691,111.579899243611,104.996182759603,36.6727472996828,40.4107403741827,83.459863895004,136.60218852624,88.3419234325431,100.433259545303,164.649342651367,121.051380310059,80.7445222859517
