9.86372289502757,0,80.7013822443345,66.559265434742,77.1687980651855,82.480104675293,44.4627454797473,14.5670197597013,26.8486768249405,67.8369398850661,29.3475633515761,0,43.4055533379129,0,11.6865672482335,32.4332232080447,56.5762023925781,0,0,0,69.5630967513375,46.0935901641846,66.7078354358673,49.0200431460426,65.523193117172,138.333457946777,103.030482539424,95.3176012039185,50.5594523801642,12.2099616292473,25.0439152324109,0,83.1362694385005,32.0387232193094,54.9211643763951,0,0,0,84.7115707397461,0,0,0,0,171.922180175781,81.1883558793501,0,0,75.1122035980225,0,0,0,0,0,0,0,0,0,87.212791891659,0,123.981945037842,0,0,0,0,0,0,0,0,0,135.192265828451
0,5.81808984832118,37.3383498870299,40.1148578565229,0,0,0,89.724723815918,0,56.7627314905967,0,74.8394088301548,0,53.2089436651816,0,0,88.6532245212131,50.0355655944425,84.2982250560414,53.7302819711191,0,91.2266106782136,14.5367918763789,68.9146847207525,95.3098804370777,16.3246629330857,38.1963411807628,31.7165254609937,96.7432018280029,102.024688720703,97.8229315621512,68.9328267233712,0,0,51.0785080742497,0,0,71.6187591552734,70.192790222168,0,0,0,0,0,0,0,129.876993815104,0,91.701619720459,0,0,68.8112564086914,101.808619689941,0,97.7338625590007,0,0,42.3700585365295,87.0348052978516,101.784702301025,133.817707061768,114.750830894293,113.087142698226,0,0,176.546997070312,112.153175354004,0,0,103.925641059875
80.7013822443345,37.3383498870299,11.228145944846,37.6748803667803,0,80.77998046875,113.336926778158,61.7856661208132,115.131149291992,85.7075106302897,121.61393737793,73.3176071076166,0,84.6479703886015,95.0244958060128,0,70.4436117808024,24.1696108211404,72.6670380812425,62.8298833705177,125.92845916748,44.7880088815389,31.9554968407795,16.7343594852589,76.2694471147325,75.6590488433838,18.0087301570997,27.026547547211,40.3282880425259,65.3139081954956,43.1869732114367,98.4330585186298,0,57.2869466145833,33.6044227086814,0,51.8166802724202,73.235287816901,44.1399938156356,0,0,0,0,0,0,0,125.825428009033,0,108.563167572021,0,0,71.5548435846965,121.479289054871,125.350646972656,145.674169921875,0,116.247741699219,41.3545972891996,97.8371526544744,173.011535644531,136.357528686523,116.769518095872,92.5029443359375,100.444407653809,0,86.5383520126343,0,0,118.30615234375,104.578162453391
66.559265434742,40.1148578565229,37.6748803667803,39.6255819290876,70.1601524353027,185.273468017578,96.0955322864009,50.4183813353716,89.6299830239917,11.6154648181831,78.069367867929,68.7417643015621,84.9416051705678,61.8799808408007,88.0927487990435,56.7091688858835,53.9054525992721,51.344324346999,54.2142520480686,51.4939261382481,106.605895996094,48.7526209478836,25.3630044406966,44.9473421595647,45.6474430244362,9.3150320146881,39.1836932998874,38.2032304728743,46.0562676683948,64.7518673362313,50.0249817264833,58.6033895319158,142.026885986328,57.1578990088569,55.5494833690364,0,39.2320275306702,62.6404240926107,19.345988454698,0,0,0,69.0394058227539,0,18.4270079135895,0,114.723300933838,0,93.3707255045573,0,0,52.6591987609863,65.3976758655749,106.446378072103,73.1539373224432,0,66.8702507019043,52.5722591326787,70.3384601593018,59.2260680425735,36.5641707507047,60.5486994874692,59.566918204062,115.112342834473,0,0,97.8919764927455,0,0,79.9656379699707
77.1687980651855,0,0,70.1601524353027,8.3786735230026,0,50.4969272706115,36.5148288070178,58.7660321836118,27.9580124498724,20.5730109563504,0,16.9294020325967,0,97.181079864502,60.8774251937866,0,0,0,0,8.80000174752638,0,0,106.442337036133,11.5503855868622,0,0,0,13.3644555026977,72.4013558399828,64.915715304288,0,115.344184875488,75.9687179766203,92.9516128540039,0,0,0,56.7943725585938,7.52415089796293,0,0,0,0,112.944107055664,37.3249276479085,0,7.61863986501154,0,0,0,0,0,0,0,6.91432003164664,0,121.091720581055,0,126.009033203125,0,0,0,19.6606245040894,0,0,0,0,0,0
82.480104675293,0,80.77998046875,185.273468017578,0,6.56866195166289,9.08440309405275,103.847693499397,32.2015392167972,57.6305694580078,106.673603180916,52.0513801574707,107.40987812389,86.9842643737793,49.9178312061069,12.7420631670709,0,81.6217880249023,0,0,137.33219909668,137.068298339844,0,84.1755027770996,110.916597154405,0,0,120.618072509766,120.155885696411,30.861859243708,113.954458236694,0,11.9726030851698,53.5260418978604,35.8053939585783,0,0,0,0,0,0,0,0,0,0,0,0,0,0,0,0,0,0,0,0,0,0,108.421653747559,0,0,0,0,0,0,0,0,0,0,0,0
44.4627454797473,0,113.336926778158,96.0955322864009,50.4969272706115,9.08440309405275,7.45087845789647,58.8684155053691,18.1997104340418,66.7504724884033,15.685379051589,60.5769395828247,15.0097062756654,74.3769016265869,29.533760459926,9.93034463625878,0,0,96.4629516601562,0,31.4267880062165,75.1718826293945,108.857259962294,98.4088554382324,62.9835413421903,0,140.596313476562,146.898732503255,82.8297344354483,26.021322787758,75.6138343811035,0,14.8468298195147,43.2172717298483,24.2103410021023,0,0,0,132.058132171631,62.2050275802612,0,0,0,0,105.304084777832,0,0,31.3828385102121,0,0,0,0,0,0,0,48.1762709617615,0,96.1808090209961,0,0,0,0,0,130.760238647461,171.246131896973,0,0,0,0,0
14.5670197597013,89.724723815918,61.7856661208132,50.4183813353716,36.5148288070178,103.847693499397,58.8684155053691,8.80950536821268,54.8424905095345,44.890265110685,12.0610179888443,124.891693115234,52.6476476767318,0,25.9503634606416,53.7796290221038,49.6428753989083,124.865371704102,0,0,52.1101452455682,35.1579599380493,56.7498408508301,41.4575242738466,35.7013220055898,0,93.1791155946021,83.5676299385403,13.7264247205968,32.8760723416545,15.2821390127838,0,99.1056128607856,50.2640612303321,49.5900617729534,128.296379089355,0,0,64.0080189858713,67.956672668457,0,0,100.836814880371,173.308746337891,61.9264232532398,0,0,0,0,121.94172668457,0,0,0,0,0,0,0,79.790358988444,0,92.1935984802246,0,172.445236206055,0,99.8174772262573,141.733032226562,111.986557006836,0,0,136.038711547852,132.420120239258
26.8486768249405,0,115.131149291992,89.6299830239917,58.7660321836118,32.2015392167972,18.1997104340418,54.8424905095345,10.3409640783345,77.4386415481567,28.1112458578729,80.549934387207,30.8269422142913,139.57576751709,14.2892537387022,30.7749299779097,91.1569061279297,0,0,0,51.6811532477538,78.5427522659302,93.2172567579481,80.7037764655219,71.7269330435241,0,140.103749361905,136.627510070801,74.4288207231942,29.3507069693373,61.4622962011545,104.553760528564,17.0430682372778,43.0699760216225,40.6375840092118,0,0,0,111.653625488281,75.0738754272461,0,0,185.267547607422,0,97.5785171508789,0,0,56.1905844552176,0,0,0,0,0,0,0,0,0,108.461719512939,0,116.062351226807,0,0,0,143.312817891439,0,0,0,0,0,134.792556762695
67.8369398850661,56.7627314905967,85.7075106302897,11.6154648181831,27.9580124498724,57.6305694580078,66.7504724884033,44.890265110685,77.4386415481567,8.33153418415703,56.0435581510029,0,10.98907282289,120.878572463989,93.5623042457982,18.8626924783756,38.3997644536635,0,0,0,34.264185820307,48.6981138561083,20.0071351870666,63.293670801016,17.6489832488553,0,110.527458190918,81.6622650896917,38.1391838321845,66.4870237754623,47.6042722653942,0,0,65.5229079954086,63.8374292373657,0,0,0,31.4942135016123,79.8197479248047,0,0,89.1117477416992,103.443809509277,43.9789165315174,84.7804489135742,0,0,0,0,0,0,0,0,0,0,0,69.6125288009644,0,66.1270129515393,0,0,237.511444091797,71.7431533813477,0,0,0,0,143.559173583984,122.521820068359
29.3475633515761,0,121.61393737793,78.069367867929,20.5730109563504,106.673603180916,15.685379051589,12.0610179888443,28.1112458578729,56.0435581510029,8.19418035667556,136.463241577148,19.9683769221208,0,24.2009022727037,51.6575954163848,103.134895324707,120.940116882324,0,0,20.8049109364343,95.4579238891602,78.7404285430908,94.8712001127355,33.7761207171849,234.865188598633,145.371379852295,99.3830947875977,16.5538203319669,59.3989098705377,53.8549426318808,0,109.180767297745,61.6451210281224,71.0664341138757,0,0,0,71.0929641723633,27.4780402256892,0,0,128.008239746094,0,82.44371287028,0,0,29.7880794378939,0,0,0,0,0,0,0,39.4150295257568,0,111.150577545166,0,133.51708984375,0,0,0,125.251964569092,0,0,0,0,0,197.1796875
0,74.8394088301548,73.3176071076166,68.7417643015621,0,52.0513801574707,60.5769395828247,124.891693115234,80.549934387207,0,136.463241577148,11.2999801037212,0,22.4002629285258,0,0,150.667518615723,51.5170523415386,17.7351260915224,21.8139315468948,0,104.301628112793,115.662725968794,96.1935023286917,156.416346232096,34.3011643551681,30.343919371028,63.5183785922492,134.187464904785,51.9473525737894,108.907380760263,50.0862222406725,68.569388961792,0,30.1728112488716,0,115.306932067871,138.600875854492,74.2947148323059,0,0,0,0,0,0,0,78.6385633095928,0,72.4814518232024,0,0,0,134.028202056885,95.3660665976035,99.3891461394554,0,218.225524902344,120.904258728027,150.058995564779,0,83.8491145280691,91.3358535916491,104.210837028982,170.141326904297,144.725997924805,0,86.5983743106618,0,0,106.144095476936
43.4055533379129,0,0,84.9416051705678,16.9294020325967,107.40987812389,15.0097062756654,52.6476476767318,30.8269422142913,10.98907282289,19.9683769221208,0,7.96976748761326,0,55.4435943814067,12.5755479996946,82.4263305664062,0,0,0,13.733242502349,0,75.1448194330389,118.000750223796,19.9616937744688,0,170.821904500326,0,52.3653782064264,71.9644612086957,71.3124686876933,0,109.953921794891,60.1486762461036,71.9370402285927,0,0,0,0,19.8574217035879,0,49.2245197296143,0,0,118.094467163086,37.5856509032073,0,13.0801565071632,0,0,0,0,0,0,0,13.5859927420433,0,115.070133209229,0,67.1406809943063,0,0,0,44.8985977172852,0,160.022308349609,0,0,0,0
0,53.2089436651816,84.6479703886015,61.8799808408007,0,86.9842643737793,74.3769016265869,0,139.57576751709,120.878572463989,0,22.4002629285258,0,7.9739557539687,176.521713256836,0,113.580619812012,74.4292739868164,56.9823394485667,75.1091331135143,0,124.83065032959,115.811456680298,115.615516107733,165.895973205566,18.8427784845365,36.4109866646113,23.9044754525998,0,72.7679967880249,119.360483805339,15.7555139389295,78.7651621500651,0,51.4781033321281,156.161880493164,93.1460934593564,151.186159769694,36.8063205665266,0,0,0,0,243.066665649414,0,0,72.4884696308364,0,42.4224591617952,0,0,0,118.959957122803,93.9198392486572,97.4995141165597,0,0,129.803990681966,0,0,62.1061228355475,86.7524521327255,101.816891591689,0,0,190.876602172852,88.4494970293187,113.141914367676,0,103.638569404339
11.6865672482335,0,95.0244958060128,88.0927487990435,97.181079864502,49.9178312061069,29.533760459926,25.9503634606416,14.2892537387022,93.5623042457982,24.2009022727037,0,55.4435943814067,176.521713256836,7.28852674668843,29.0050197634744,0,0,0,0,84.1257595698039,0,95.4664069281684,72.1562752356896,74.0808408901776,0,118.014477157593,117.42512588501,71.9713048471988,15.6985283595645,49.8740688614223,104.549041748047,15.8307572860449,32.8140155180445,39.6281200802845,0,0,0,100.41911315918,0,0,0,0,0,93.7300872802734,0,0,0,0,0,0,0,0,0,0,0,0,97.16624886649,0,146.97700881958,0,0,0,121.579635620117,0,146.330322265625,0,0,0,138.068649291992
32.4332232080447,0,0,56.7091688858835,60.8774251937866,12.7420631670709,9.93034463625878,53.7796290221038,30.7749299779097,18.8626924783756,51.6575954163848,0,12.5755479996946,0,29.0050197634744,7.03463483517926,83.7182540893555,0,0,0,63.6269313812256,111.964736938477,56.9675907558865,88.2425765991211,31.3462229242692,0,138.106366475423,0,71.0820681485263,30.0655836849678,64.1059573037284,0,38.6278639621422,24.2079212506612,25.6566909012182,0,0,0,47.4997367858887,0,0,0,0,0,106.779521942139,0,0,0,0,0,0,0,0,0,0,0,0,0,0,80.5548375447591,0,0,0,0,0,0,0,0,0,142.202331542969
56.5762023925781,88.6532245212131,70.4436117808024,53.9054525992721,0,0,0,49.6428753989083,91.1569061279297,38.3997644536635,103.134895324707,150.667518615723,82.4263305664062,113.580619812012,0,83.7182540893555,11.5983562780032,93.173825945173,123.835609436035,124.285449981689,0,11.7347373875531,45.1051043619502,14.7473753757683,27.1865595473963,111.104034423828,107.182262794644,34.0624376771879,27.102852731639,52.5847359934161,41.4545714139347,159.185043334961,0,45.3199294697155,61.9237217490129,0,120.421112060547,105.830604553223,75.9888648986816,0,0,0,0,0,0,0,0,0,177.503494262695,0,0,93.4003562927246,0,209.745834350586,156.621871948242,0,0,62.4793048470707,119.982022094727,136.006893157959,0,168.417831420898,136.669741312663,85.2501449584961,130.644760131836,0,0,0,0,142.022593180339
0,50.0355655944425,24.1696108211404,51.344324346999,0,81.6217880249023,0,124.865371704102,0,0,120.940116882324,51.5170523415386,0,74.4292739868164,0,0,93.173825945173,8.68732344012053,56.9135070674676,19.86540132652,0,30.6580455050242,60.3119990198236,14.5896013307675,113.113150460379,68.0977290760387,20.3175807011929,49.3640881662364,105.049973169963,90.7100842793783,49.4681472835341,93.1517881913619,0,113.272438049316,24.631662052706,0,76.2603792826335,94.7097505841936,61.1474829281078,0,0,0,0,0,0,0,141.653549194336,0,87.2342529296875,0,0,0,104.386344451904,108.320337295532,120.166756221226,0,0,94.5682227190803,117.168936295943,0,104.482172012329,102.08152802566,101.667692325733,150.126846313477,0,0,0,0,0,109.35367947533
0,84.2982250560414,72.6670380812425,54.2142520480686,0,0,96.4629516601562,0,0,0,0,17.7351260915224,0,56.9823394485667,0,0,123.835609436035,56.9135070674676,6.17844660309058,15.5873340597117,0,114.261537824358,138.506042480469,95.9585950639513,148.673568725586,44.4149394517534,20.2670940305377,58.7426243501551,165.297424316406,0,113.690437655979,55.2202855348587,76.6788711547852,0,55.7127904452118,0,148.48095703125,132.393707275391,76.5466079711914,0,0,0,0,0,0,0,94.2648350705383,0,94.0082267125448,0,0,0,165.3515625,99.3570884178425,112.075348797966,0,0,122.573120117188,0,0,94.7684135437012,96.8605333683243,107.639459829619,0,0,174.999237060547,102.712320327759,0,0,109.657690194937
0,53.7302819711191,62.8298833705177,51.4939261382481,0,0,0,0,0,0,0,21.8139315468948,0,75.1091331135143,0,0,124.285449981689,19.86540132652,15.5873340597117,8.35208268260388,0,91.2085418701172,102.509155273438,65.1672272918918,144.168754577637,46.0964396588214,18.2580678867792,59.9458673753331,144.762222290039,0,97.6944974937186,69.0433684031169,0,0,34.8642106504854,185.441329956055,98.7585144042969,118.3957095676,65.3281905075599,0,0,0,0,0,0,0,107.740048264012,0,105.95704165372,0,0,0,107.46762975057,98.9796185160792,104.859270076162,0,130.217330932617,123.51993560791,127.609510040283,0,81.0228242420015,95.6242101419723,100.477409492105,0,183.228805541992,187.540161132812,107.724476405552,0,0,107.919155359268
69.5630967513375,0,125.92845916748,106.605895996094,8.80000174752638,137.33219909668,31.4267880062165,52.1101452455682,51.6811532477538,34.264185820307,20.8049109364343,0,13.733242502349,0,84.1257595698039,63.6269313812256,0,0,0,0,9.33330418759221,0,0,109.475646972656,13.2637986261779,0,0,0,24.8578129741432,74.8134572341146,64.7090952555339,0,125.509530203683,71.7846822431011,85.7994613647461,0,0,0,0,7.73022082311298,0,0,0,0,0,0,0,6.52131828765359,0,0,0,0,0,0,0,6.27264538598717,0,158.450523376465,0,119.822128295898,0,0,0,0,0,0,0,0,0,0
46.0935901641846,91.2266106782136,44.7880088815389,48.7526209478836,0,137.068298339844,75.1718826293945,35.1579599380493,78.5427522659302,48.6981138561083,95.4579238891602,104.301628112793,0,124.83065032959,0,111.964736938477,11.7347373875531,30.6580455050242,114.261537824358,91.2085418701172,0,7.74326305602015,44.676480193061,17.1987168484378,15.1334157321408,113.326973809136,83.1498661814509,59.609869962901,13.5947385988177,26.0226252101995,16.0413414479362,140.895515441895,0,42.5797272759515,33.5807426327044,139.090774536133,75.1419525146484,96.5553588867188,62.1621934641962,0,0,0,0,130.175285339355,0,0,0,124.091041564941,0,0,0,86.1237579345703,0,0,163.196823120117,0,0,57.7399530371841,91.9068705240885,93.5863220214844,0,154.101207733154,140.338864644368,101.503936767578,119.707553863525,102.586929321289,0,0,122.034332275391,118.079764229911
66.7078354358673,14.5367918763789,31.9554968407795,25.3630044406966,0,0,108.857259962294,56.7498408508301,93.2172567579481,20.0071351870666,78.7404285430908,115.662725968794,75.1448194330389,115.811456680298,95.4664069281684,56.9675907558865,45.1051043619502,60.3119990198236,138.506042480469,102.509155273438,0,44.676480193061,7.46033172415041,40.4956702922866,21.0983100712176,91.188527243478,83.7756489287031,33.8247399092317,45.8067753802203,60.9520066922849,48.6274067974044,112.502882385254,130.887023925781,50.3567634073893,54.2104080379202,0,142.488311767578,80.7731857299805,51.5277572359358,0,0,0,0,0,65.4930213479435,0,137.720890045166,0,0,0,86.6239395141602,0,0,160.735702514648,0,0,0,37.5140408884804,75.4273729324341,76.7914707010443,0,132.285972595215,83.495321697659,79.0936107635498,0,57.4444046020508,0,0,0,77.5951538085938
49.0200431460426,68.9146847207525,16.7343594852589,44.9473421595647,106.442337036133,84.1755027770996,98.4088554382324,41.4575242738466,80.7037764655219,63.293670801016,94.8712001127355,96.1935023286917,118.000750223796,115.615516107733,72.1562752356896,88.2425765991211,14.7473753757683,14.5896013307675,95.9585950639513,65.1672272918918,109.475646972656,17.1987168484378,40.4956702922866,10.6199322162868,35.0039146089375,95.7545749957745,68.6354760563389,29.5669657422722,21.1532549129482,18.2090488767934,29.1627325857295,126.03373336792,96.9690246582031,49.984624077292,35.0369986418115,0,76.7082443237305,87.0962788036891,58.299763745024,0,0,0,104.830362955729,135.638896942139,82.3352745056152,148.638763427734,173.057945251465,0,157.424911499023,124.966812133789,0,83.2499941233042,141.981847127279,0,159.193714141846,155.624557495117,97.403244972229,49.7210682905732,91.3029989569311,106.598950703939,123.65905380249,140.079291559035,110.894950162447,106.474137739702,125.028961181641,97.0440254211426,0,0,105.017959594727,112.972174904563
65.523193117172,95.3098804370777,76.2694471147325,45.6474430244362,11.5503855868622,110.916597154405,62.9835413421903,35.7013220055898,71.7269330435241,17.6489832488553,33.7761207171849,156.416346232096,19.9616937744688,165.895973205566,74.0808408901776,31.3462229242692,27.1865595473963,113.113150460379,148.673568725586,144.168754577637,13.2637986261779,15.1334157321408,21.0983100712176,35.0039146089375,8.79944429514505,110.719009399414,119.168672180176,65.4893184885165,16.1388268863553,55.2441336950005,48.6776371045645,203.408264160156,102.081703458514,51.5249626401445,63.0225933270577,0,0,0,64.6659832616006,4.73874315848717,0,0,100.552181243896,0,62.3035219882397,126.259773254395,0,0,0,136.833114624023,0,92.6145965576172,0,0,0,0,0,67.5028698962668,0,83.8286114692688,0,170.911674499512,157.589256286621,98.888885899594,135.725482940674,115.440017700195,0,0,0,110.538215637207
138.333457946777,16.3246629330857,75.6590488433838,9.3150320146881,0,0,0,0,0,0,234.865188598633,34.3011643551681,0,18.8427784845365,0,0,111.104034423828,68.0977290760387,44.4149394517534,46.0964396588214,0,113.326973809136,91.188527243478,95.7545749957745,110.719009399414,6.91843534609804,37.6271618492749,20.8219959926373,118.859825134277,0,111.69150712755,37.9811422067342,65.6013717651367,0,54.3517991110336,0,72.9262439727783,124.820449829102,28.5916521549225,0,0,0,0,0,0,0,62.332000096639,0,47.5948852767781,0,0,0,86.5641193389893,63.4324699500939,84.7563468933105,0,0,100.484731038411,151.893486022949,0,17.0043615145174,59.426548382552,65.9743123584323,0,0,138.857055664062,70.1353898299368,0,0,88.9633363996233
103.030482539424,38.1963411807628,18.0087301570997,39.1836932998874,0,0,140.596313476562,93.1791155946021,140.103749361905,110.527458190918,145.371379852295,30.343919371028,170.821904500326,36.4109866646113,118.014477157593,138.106366475423,107.182262794644,20.3175807011929,20.2670940305377,18.2580678867792,0,83.1498661814509,83.7756489287031,68.6354760563389,119.168672180176,37.6271618492749,10.4561344261327,21.2624028034379,92.7193563056715,91.9548061915806,82.7243275836769,26.9378641385891,92.3609848022461,89.6248982747396,43.4154119399841,160.48168182373,92.3947204214628,101.677511961564,57.1190159446315,0,0,0,181.770523071289,0,132.491016387939,0,91.2521084651051,0,88.6336745182673,0,0,179.691059112549,95.297303572945,95.7468708524213,96.4671806946644,0,114.972603934152,103.612572828929,109.936600240072,0,74.9601018741108,87.028854143715,91.3522074771848,159.20909576416,153.936471939087,166.817721048991,98.3632849508257,108.624786376953,0,103.439006560439
95.3176012039185,31.7165254609937,27.026547547211,38.2032304728743,0,120.618072509766,146.898732503255,83.5676299385403,136.627510070801,81.6622650896917,99.3830947875977,63.5183785922492,0,23.9044754525998,117.42512588501,0,34.0624376771879,49.3640881662364,58.7426243501551,59.9458673753331,0,59.609869962901,33.8247399092317,29.5669657422722,65.4893184885165,20.8219959926373,21.2624028034379,11.7621148683198,59.0460097304404,102.443427452674,65.8158040664521,11.3106769339012,0,96.4589095115662,54.1092703330992,178.192077636719,75.5621131734645,97.0652256669669,56.6202397691443,0,0,0,160.093048095703,0,117.832641601562,0,91.6748508425659,0,86.2374552796219,0,0,91.286750793457,103.921615213842,96.339415964587,102.811120936382,0,133.718229675293,47.5330560985877,110.773914713255,155.587753295898,80.6835920410156,92.3716761317263,97.4861678453722,126.519262695313,133.651660919189,145.69889831543,99.9665970098777,0,0,107.410429507871
50.5594523801642,96.7432018280029,40.3282880425259,46.0562676683948,13.3644555026977,120.155885696411,82.8297344354483,13.7264247205968,74.4288207231942,38.1391838321845,16.5538203319669,134.187464904785,52.3653782064264,0,71.9713048471988,71.0820681485263,27.102852731639,105.049973169963,165.297424316406,144.762222290039,24.8578129741432,13.5947385988177,45.8067753802203,21.1532549129482,16.1388268863553,118.859825134277,92.7193563056715,59.0460097304404,9.28451011198242,56.0742369038361,34.2438671568858,152.501770019531,128.654745101929,57.0484504985809,56.8181029224552,110.457290649414,0,0,61.6855613844735,35.9148567199707,0,0,105.851354980469,136.394518534342,56.2957248506092,105.24885559082,0,0,0,0,0,91.7254455566406,0,0,0,0,99.2157135009766,65.28017922644,0,87.3576620542086,0,159.43766784668,124.954177856445,95.913579305013,136.434048652649,110.237618255615,0,188.80061340332,121.678356170654,118.455984933036
12.2099616292473,102.024688720703,65.3139081954956,64.7518673362313,72.4013558399828,30.861859243708,26.021322787758,32.8760723416545,29.3507069693373,66.4870237754623,59.3989098705377,51.9473525737894,71.9644612086957,72.7679967880249,15.6985283595645,30.0655836849678,52.5847359934161,90.7100842793783,0,0,74.8134572341146,26.0226252101995,60.9520066922849,18.2090488767934,55.2441336950005,0,91.9548061915806,102.443427452674,56.0742369038361,7.85780386545251,14.2097191840279,82.5656852722168,13.228954295839,10.6866657416716,27.3667126902333,135.967025756836,0,115.102149963379,81.2654452323914,78.7612466812134,0,164.320561726888,0,147.860847473145,74.7319623947144,0,0,96.9936345418294,0,0,0,113.3125,0,0,0,0,0,72.4238224290822,0,117.381383953672,0,213.246856689453,0,112.985318320138,130.211227416992,122.313739776611,0,0,0,126.374956766764
25.0439152324109,97.8229315621512,43.1869732114367,50.0249817264833,64.915715304288,113.954458236694,75.6138343811035,15.2821390127838,61.4622962011545,47.6042722653942,53.8549426318808,108.907380760263,71.3124686876933,119.360483805339,49.8740688614223,64.1059573037284,41.4545714139347,49.4681472835341,113.690437655979,97.6944974937186,64.7090952555339,16.0413414479362,48.6274067974044,29.1627325857295,48.6776371045645,111.69150712755,82.7243275836769,65.8158040664521,34.2438671568858,14.2097191840279,9.513774825478,130.996771812439,108.014147440592,8.79808392153846,35.4237218400348,119.530097961426,0,86.9448394775391,60.695502030222,0,0,139.309257507324,111.514981079102,127.354504903158,56.4046431223551,127.913513183594,167.492340087891,0,187.840110778809,0,0,86.3951239952674,151.592864990234,180.496246337891,172.770889282227,0,100.141143798828,58.5190341297119,102.251056671143,96.4430547860952,158.014190673828,152.710075378418,138.748472213745,98.641323667584,130.540410995483,103.858093738556,0,0,113.540261404855,116.787582984337
0,68.9328267233712,98.4330585186298,58.6033895319158,0,0,0,0,104.553760528564,0,0,50.0862222406725,0,15.7555139389295,104.549041748047,0,159.185043334961,93.1517881913619,55.2202855348587,69.0433684031169,0,140.895515441895,112.502882385254,126.03373336792,203.408264160156,37.9811422067342,26.9378641385891,11.3106769339012,152.501770019531,82.5656852722168,130.996771812439,5.37659750866967,90.5196380615234,0,71.1374430381646,0,143.709225972493,138.699371337891,72.00563621521,0,0,0,0,0,0,0,87.2535542624337,0,81.4238408506699,0,0,0,143.711621602376,104.455316543579,110.520882606506,0,0,0,0,0,80.0491931350143,93.751644832636,109.967019433641,206.052642822266,0,0,99.0118976939808,0,0,110.363948398166
83.1362694385005,0,0,142.026885986328,115.344184875488,11.9726030851698,14.8468298195147,99.1056128607856,17.0430682372778,0,109.180767297745,68.569388961792,109.953921794891,78.7651621500651,15.8307572860449,38.6278639621422,0,0,76.6788711547852,0,125.509530203683,0,130.887023925781,96.9690246582031,102.081703458514,65.6013717651367,92.3609848022461,0,128.654745101929,13.228954295839,108.014147440592,90.5196380615234,5.45048110241774,70.0976400375366,33.5503684086586,0,0,0,0,0,0,0,0,0,0,0,0,0,0,0,0,0,0,0,0,0,0,0,0,0,0,129.781524658203,0,0,0,0,0,0,0,0
32.0387232193094,0,57.2869466145833,57.1578990088569,75.9687179766203,53.5260418978604,43.2172717298483,50.2640612303321,43.0699760216225,65.5229079954086,61.6451210281224,0,60.1486762461036,0,32.8140155180445,24.2079212506612,45.3199294697155,113.272438049316,0,0,71.7846822431011,42.5797272759515,50.3567634073893,49.984624077292,51.5249626401445,0,89.6248982747396,96.4589095115662,57.0484504985809,10.6866657416716,8.79808392153846,0,70.0976400375366,5.19108694031966,24.6634733156226,0,0,0,83.8511581420898,0,0,0,0,0,75.6654052734375,0,0,0,0,0,0,0,0,0,0,0,0,58.8275053694442,0,100.777498245239,0,0,0,101.530314127604,0,123.565734863281,0,0,114.696159362793,144.710380554199
54.9211643763951,51.0785080742497,33.6044227086814,55.5494833690364,92.9516128540039,35.8053939585783,24.2103410021023,49.5900617729534,40.6375840092118,63.8374292373657,71.0664341138757,30.1728112488716,71.9370402285927,51.4781033321281,39.6281200802845,25.6566909012182,61.9237217490129,24.631662052706,55.7127904452118,34.8642106504854,85.7994613647461,33.5807426327044,54.2104080379202,35.0369986418115,63.0225933270577,54.3517991110336,43.4154119399841,54.1092703330992,56.8181029224552,27.3667126902333,35.4237218400348,71.1374430381646,33.5503684086586,24.6634733156226,9.18710345711778,0,101.775351715088,96.2196299235026,64.6046765645345,0,0,184.220092773438,0,0,91.9013481140137,0,116.628603458405,0,113.531377156576,0,0,107.427070617676,110.237976074219,139.752605438232,118.119064985003,0,98.0867919921875,63.0172738243552,124.052829140111,105.74036916097,93.7112693786621,107.953562358427,113.33381362915,84.7023429870605,0,105.020500183105,135.168225606283,0,139.378033955892,126.722289345481
0,0,0,0,0,0,0,128.296379089355,0,0,0,0,0,156.161880493164,0,0,0,0,0,185.441329956055,0,139.090774536133,0,0,0,0,160.48168182373,178.192077636719,110.457290649414,135.967025756836,119.530097961426,0,0,0,0,7.1655036253799,0,90.8453036717006,64.2963511149089,69.7600695666145,72.4552297592163,33.3789245255955,23.9267109431528,22.8463501816112,67.7062862175555,38.0736393250336,148.130387356407,48.3584677794269,151.215840266301,10.9118035764837,34.4529690843947,55.8271802601061,115.297555541992,154.168518066406,132.358528724084,68.4371809117934,60.8037549654643,58.4206123982579,77.8725175984701,49.8276635263024,0,119.060775211879,96.1662489492682,42.1522909217622,9.81456736197308,14.2886635643702,154.4716796875,80.6689376831055,23.965417256265,49.2057432834013
0,0,51.8166802724202,39.2320275306702,0,0,0,0,0,0,0,115.306932067871,0,93.1460934593564,0,0,120.421112060547,76.2603792826335,148.48095703125,98.7585144042969,0,75.1419525146484,142.488311767578,76.7082443237305,0,72.9262439727783,92.3947204214628,75.5621131734645,0,0,0,143.709225972493,0,0,101.775351715088,0,5.88023296448283,34.3127474332097,19.7582525201591,0,0,0,122.862686157227,86.1056518554688,54.5424575805664,0,64.6638024313408,0,55.3379480719566,120.144844055176,0,80.5800224542618,50.490120372553,75.5401241595928,59.7797712994437,0,65.9150605452688,16.8953967895217,53.7380764070333,112.581672668457,18.6475459994486,43.9677109097662,27.199488726793,83.4320303109976,100.14086151123,93.6185755411784,76.1814480831749,0,0,52.4149837443438
0,71.6187591552734,73.235287816901,62.6404240926107,0,0,0,0,0,0,0,138.600875854492,0,151.186159769694,0,0,105.830604553223,94.7097505841936,132.393707275391,118.3957095676,0,96.5553588867188,80.7731857299805,87.0962788036891,0,124.820449829102,101.677511961564,97.0652256669669,0,115.102149963379,86.9448394775391,138.699371337891,0,0,96.2196299235026,90.8453036717006,34.3127474332097,10.0491530922264,33.5194004419064,0,0,116.562848409017,87.5996653238932,108.60283684008,85.8599681854248,90.1226871490478,74.4394105730481,0,87.605255521577,102.246843820595,75.5794143676758,60.8186354730643,42.6847391310605,71.8687456103339,62.042054271822,0,45.184092204313,34.2520984313823,21.0433026540176,85.9355640411377,93.6527061462402,24.0633116964809,26.7722418013821,52.8309495466898,104.153071594238,64.3070820497544,91.5642831590441,88.0677401224772,106.893042246501,45.1763624285577
84.7115707397461,70.192790222168,44.1399938156356,19.345988454698,56.7943725585938,0,132.058132171631,64.0080189858713,111.653625488281,31.4942135016123,71.0929641723633,74.2947148323059,0,36.8063205665266,100.41911315918,47.4997367858887,75.9888648986816,61.1474829281078,76.5466079711914,65.3281905075599,0,62.1621934641962,51.5277572359358,58.299763745024,64.6659832616006,28.5916521549225,57.1190159446315,56.6202397691443,61.6855613844735,81.2654452323914,60.695502030222,72.00563621521,0,83.8511581420898,64.6046765645345,64.2963511149089,19.7582525201591,33.5194004419064,14.9513557670623,58.4908299879594,111.27027130127,84.556529405382,54.8712617829191,81.1052830590142,9.75886431739376,62.1279979952805,70.9942069122757,36.3174632499958,21.7152859528859,78.6054556997199,57.9036766688029,36.2888745208119,49.1921787853806,81.7438559281199,58.0318166944716,78.2256751060486,54.5197633531359,19.6537866092645,50.2980981864988,31.29191420369,23.2637909812178,44.2288892923112,33.6068240337338,39.0467865341588,69.3415477696587,57.1878729455265,66.345160484314,106.493434906006,59.3833230625499,55.5615124010271
0,0,0,0,7.52415089796293,0,62.2050275802612,67.956672668457,75.0738754272461,79.8197479248047,27.4780402256892,0,19.8574217035879,0,0,0,0,0,0,0,7.73022082311298,0,0,0,4.73874315848717,0,0,0,35.9148567199707,78.7612466812134,0,0,0,0,0,69.7600695666145,0,0,58.4908299879594,10.146969305351,0,45.9063279714181,33.3726829153592,69.3276285559444,26.1962163886245,23.8384534896461,0,20.7442563333095,0,87.0214059012277,88.4501190185547,83.3752288818359,175.207611083984,0,0,10.9373454172636,0,91.0745086669922,0,16.2465576505751,0,0,0,10.663692149294,80.0098080537757,62.2719346034674,0,0,66.5446043494794,77.7256705420358
0,0,0,0,0,0,0,0,0,0,0,0,0,0,0,0,0,0,0,0,0,0,0,0,0,0,0,0,0,0,0,0,0,0,0,72.4552297592163,0,0,111.27027130127,0,6.91849164557073,9.91758197896621,103.098162333171,14.5163903388811,0,94.9771070480347,63.110348171658,105.517112731934,0,23.779473585192,12.2142410408159,0,108.589958190918,0,0,0,0,0,0,94.2194671630859,81.031120300293,85.5189666748047,166.0390625,154.607934570312,25.2114412054068,0,0,12.3209218774865,0,36.1469133764073
0,0,0,0,0,0,0,0,0,0,0,0,49.2245197296143,0,0,0,0,0,0,0,0,0,0,0,0,0,0,0,0,164.320561726888,139.309257507324,0,0,0,184.220092773438,33.3789245255955,0,116.562848409017,84.556529405382,45.9063279714181,9.91758197896621,5.97248482671712,53.9590093728697,16.949686787479,47.5787435814186,14.4431484327728,78.4157940257679,16.2981575964555,67.4100036621094,26.4508841087377,12.1724930054942,90.4472529093425,144.922225952148,0,107.384391784668,33.0923215861522,82.7311477661133,86.90195614951,122.486692810059,51.2452136712267,0,123.203290939331,141.98927116394,58.0655653783517,28.6632036331344,62.7178513376336,0,18.5382238551409,43.3977989959717,36.1359753487679
0,0,0,69.0394058227539,0,0,0,100.836814880371,185.267547607422,89.1117477416992,128.008239746094,0,0,0,0,0,0,0,0,0,0,0,0,104.830362955729,100.552181243896,0,181.770523071289,160.093048095703,105.851354980469,0,111.514981079102,0,0,0,0,23.9267109431528,122.862686157227,87.5996653238932,54.8712617829191,33.3726829153592,103.098162333171,53.9590093728697,9.59401594762671,55.2211705656133,51.2588186079217,15.3820987469099,145.334613126867,41.9393984476725,144.652028401693,21.6691839116624,81.3115374621223,40.4588741911681,98.0789260864258,146.513661702474,135.421722412109,31.001370463539,41.4811133113476,58.7732115810357,57.0621983764368,30.6801936355623,0,119.729912741142,87.0052229768486,19.0713469506392,39.2281548175095,12.6863495147696,0,114.570597076416,48.3837987723762,56.215647438504
171.922180175781,0,0,0,0,0,0,173.308746337891,0,103.443809509277,0,0,0,243.066665649414,0,0,0,0,0,0,0,130.175285339355,0,135.638896942139,0,0,0,0,136.394518534342,147.860847473145,127.354504903158,0,0,0,0,22.8463501816112,86.1056518554688,108.60283684008,81.1052830590142,69.3276285559444,14.5163903388811,16.949686787479,55.2211705656133,9.43700126505021,79.5122642755508,24.8495345500079,85.7548231901946,39.9892366514478,58.5850257873535,15.3766379275125,27.0264551307545,84.0540154593331,124.635238647461,99.8163452148438,99.0270284016927,55.0807370731339,102.70922088623,78.3130277277349,104.825563049316,61.1187044153559,0,132.459127153669,116.696636373347,65.3290338980687,25.9350239899069,61.874697856414,0,14.542875735379,47.3762946299144,36.0788861260334
81.1883558793501,0,0,18.4270079135895,112.944107055664,0,105.304084777832,61.9264232532398,97.5785171508789,43.9789165315174,82.44371287028,0,118.094467163086,0,93.7300872802734,106.779521942139,0,0,0,0,0,0,65.4930213479435,82.3352745056152,62.3035219882397,0,132.491016387939,117.832641601562,56.2957248506092,74.7319623947144,56.4046431223551,0,0,75.6654052734375,91.9013481140137,67.7062862175555,54.5424575805664,85.8599681854248,9.75886431739376,26.1962163886245,0,47.5787435814186,51.2588186079217,79.5122642755508,6.54281201451391,55.0457747207498,0,7.60016124671085,0,78.8825287690034,14.6696386407271,29.2391271674115,0,0,0,30.2298890077151,49.8100271224976,8.08137353746231,78.0109389623006,16.5501305498357,0,0,85.0674670826305,37.3219665645927,70.1860091056231,49.4223116571377,0,115.457855224609,60.5744032178606,58.4587349133058
0,0,0,0,37.3249276479085,0,0,0,0,84.7804489135742,0,0,37.5856509032073,0,0,0,0,0,0,0,0,0,0,148.638763427734,126.259773254395,0,0,0,105.24885559082,0,127.913513183594,0,0,0,0,38.0736393250336,0,90.1226871490478,62.1279979952805,23.8384534896461,94.9771070480347,14.4431484327728,15.3820987469099,24.8495345500079,55.0457747207498,9.9307619856632,143.444320678711,18.783113915494,0,20.7416670077673,46.037495331443,62.7061516898019,0,0,0,20.6967766067648,93.6491667429606,71.1943524678548,72.8577811501243,32.4235109397809,0,141.46883719308,104.162754956414,26.0184373714296,54.6241110248127,41.2411640167236,0,95.3045023137873,51.2636321418139,64.9080810961516
0,129.876993815104,125.825428009033,114.723300933838,0,0,0,0,0,0,0,78.6385633095928,0,72.4884696308364,0,0,0,141.653549194336,94.2648350705383,107.740048264012,0,0,137.720890045166,173.057945251465,0,62.332000096639,91.2521084651051,91.6748508425659,0,0,167.492340087891,87.2535542624337,0,0,116.628603458405,148.130387356407,64.6638024313408,74.4394105730481,70.9942069122757,0,63.110348171658,78.4157940257679,145.334613126867,85.7548231901946,0,143.444320678711,10.4993214308162,0,11.6643507479918,89.930217590332,0,126.55434526716,52.8520446446246,21.0104327077758,37.0920684076322,0,93.5505262195555,98.2868515297219,85.8856663382553,141.628463745117,33.0748095290706,26.1058492643729,64.785063418494,115.047341459541,64.4481467327089,121.701279912229,23.3170323367475,61.7574321276521,129.504730224609,31.2643352252347
75.1122035980225,0,0,0,7.61863986501154,0,31.3828385102121,0,56.1905844552176,0,29.7880794378939,0,13.0801565071632,0,0,0,0,0,0,0,6.52131828765359,124.091041564941,0,0,0,0,0,0,0,96.9936345418294,0,0,0,0,0,48.3584677794269,0,0,36.3174632499958,20.7442563333095,105.517112731934,16.2981575964555,41.9393984476725,39.9892366514478,7.60016124671085,18.783113915494,0,7.59246683490904,0,59.6816055991433,8.72935197592576,104.746826171875,0,0,0,12.6670962547067,0,112.776660919189,0,24.4932197217018,0,0,0,37.1515713258721,71.9392131002326,102.905204772949,0,105.83910369873,77.4435511997768,80.2841952641805
0,91.701619720459,108.563167572021,93.3707255045573,0,0,0,0,0,0,0,72.4814518232024,0,42.4224591617952,0,0,177.503494262695,87.2342529296875,94.0082267125448,105.95704165372,0,0,0,157.424911499023,0,47.5948852767781,88.6336745182673,86.2374552796219,0,0,187.840110778809,81.4238408506699,0,0,113.531377156576,151.215840266301,55.3379480719566,87.605255521577,21.7152859528859,0,0,67.4100036621094,144.652028401693,58.5850257873535,0,0,11.6643507479918,0,11.198437032506,137.593078613281,0,0,89.16437794612,49.1637000129336,88.3271353794978,0,124.176144917806,84.721750497818,115.972240209579,0,25.2650015982836,33.5180207073029,31.5816548648353,124.777322769165,86.9710291348971,135.731307256789,18.9297109536112,59.3629653930664,168.746673583984,49.8266424012314
0,0,0,0,0,0,0,121.94172668457,0,0,0,0,0,0,0,0,0,0,0,0,0,0,0,124.966812133789,136.833114624023,0,0,0,0,0,0,0,0,0,0,10.9118035764837,120.144844055176,102.246843820595,78.6054556997199,87.0214059012277,23.779473585192,26.4508841087377,21.6691839116624,15.3766379275125,78.8825287690034,20.7416670077673,89.930217590332,59.6816055991433,137.593078613281,8.1895361674799,27.7781806274996,70.0446134510607,0,120.865882873535,111.766832351685,82.3581898029034,117.840980529785,70.0001811591946,93.9018404925311,63.7683545365293,0,126.896233920393,109.217030166031,49.6372355205525,14.9175385420272,46.5711161623296,0,14.4778424163319,50.4187963331068,33.4726397520185
0,0,0,0,0,0,0,0,0,0,0,0,0,0,0,0,0,0,0,0,0,0,86.6239395141602,0,0,0,0,0,0,0,0,0,0,0,0,34.4529690843947,0,75.5794143676758,57.9036766688029,88.4501190185547,12.2142410408159,12.1724930054942,81.3115374621223,27.0264551307545,14.6696386407271,46.037495331443,0,8.72935197592576,0,27.7781806274996,7.17157241189504,84.9248428344727,0,0,0,47.1017253875732,0,84.8220825195312,82.3587112426758,42.6809675787378,0,0,0,76.272111638387,27.7628059267248,0,0,32.1120598776299,28.342206425137,25.6386621225448
0,68.8112564086914,71.5548435846965,52.6591987609863,0,0,0,0,0,0,0,0,0,0,0,0,93.4003562927246,0,0,0,0,86.1237579345703,0,83.2499941233042,92.6145965576172,0,179.691059112549,91.286750793457,91.7254455566406,113.3125,86.3951239952674,0,0,0,107.427070617676,55.8271802601061,80.5800224542618,60.8186354730643,36.2888745208119,83.3752288818359,0,90.4472529093425,40.4588741911681,84.0540154593331,29.2391271674115,62.7061516898019,126.55434526716,104.746826171875,0,70.0446134510607,84.9248428344727,11.9608233235417,93.7723828229037,129.932319641113,124.094216056492,0,20.0334551754154,25.2203678582011,18.4066026146115,18.9660642468012,116.600433349609,103.037602295747,28.364317253399,20.9782607040663,65.536004504642,45.9313526378046,0,112.442474365234,48.8715401887894,53.6879185119701
