10.9428887370207,142.178329467773,109.846491926807,79.562389831543,75.4962830543518,91.0563952128092,74.6004376411438,32.5267412907022,24.6060287438101,79.4683128992717,37.1794630992756,141.817849567958,79.7171357472738,148.114456176758,14.3645801192624,0,97.4963150024414,112.073835639715,145.263148716518,131.234527001014,58.3852021353585,89.4572902790551,72.9610612051828,101.427512311935,75.111813796194,131.856071472168,134.645824633147,137.947448007303,70.6547226188457,17.9449064762096,32.2403810487116,146.614334106445,78.3928004178134,63.58473273686,84.2135749748367,0,0,168.087921142578,109.034651756287,163.849014282227,0,233.276184082031,134.552127838135,189.725383758545,0,0,0,0,0,168.349914550781,0,112.463027954102,216.185241699219,0,0,0,144.718948364258,0,189.560489654541,134.880572727748,0,235.503463745117,198.041351318359,145.955219116211,162.890777587891,0,0,0,0,144.775959014893
142.178329467773,8.4598361022223,45.4077199700273,20.2416871481239,107.641401502821,127.894523620605,112.964530944824,119.07062372668,144.929262049058,72.9501079500789,122.381058829171,73.0377181448588,98.6587544491417,50.2082157567604,147.497608478253,104.93050348191,59.4020037976178,49.1501756525364,76.5331380462647,59.9518005010244,120.668434143066,107.028656005859,21.498841341606,79.0762630728788,81.7052345858572,22.4503697335585,48.0194232945957,31.5591654961885,106.314251807428,128.267464904785,110.553244619658,66.0287732517018,198.192672729492,101.530373206505,61.2875205802917,0,0,93.3498860872709,114.218399047852,0,0,0,199.780410766602,0,0,0,91.4318542480469,0,98.9968719482422,0,0,0,113.461986766142,111.961685180664,113.375770568848,0,162.025100708008,92.9321823120117,123.572471618652,188.885147094727,67.6256421407064,111.616506905391,108.904780864716,178.142923990885,214.370208740234,0,108.277570452009,0,0,115.21166229248
109.846491926807,45.4077199700273,15.9706553999969,44.2060912177878,138.356096903483,181.725074768066,147.369430541992,105.715946284537,142.91413526066,126.790426543265,128.533343837572,98.0505146066486,145.474068641663,90.9690910339355,129.456440217616,120.850153605143,91.1185806819371,46.1336984810469,85.4515751267898,68.5769223912004,127.943237304688,72.7415991854552,53.8343473118257,31.6088241330724,114.348007317745,102.606028747559,38.5342162856438,33.1966397050749,94.233606697677,126.993185279783,90.9063534776704,93.279548430107,178.656967163086,124.17037789718,70.7714594608438,0,51.4925518035889,90.4653196277733,56.3429058252839,0,0,0,149.541760531339,201.035116577148,139.898223876953,0,150.504665374756,0,150.776280721029,209.762329101562,0,95.9996458689372,106.122128398706,130.287940979004,114.741596341133,233.410354614258,125.411927656694,60.6557370645029,102.44812435574,158.548997879028,97.3280792236328,104.319325330306,91.4191517402098,155.236806597028,180.845545450846,161.130991082442,156.22452545166,0,0,125.63390774197
79.562389831543,20.2416871481239,44.2060912177878,16.7884780819319,71.7822382790702,117.999320983887,111.070640217174,69.4966182663862,92.3906135433599,43.6190169550652,92.7203319549561,68.2866079120313,84.4516290255955,50.6127287852569,86.5301992109605,73.1475909096854,47.1334283560256,57.8958514592419,65.6155652903547,57.9248770259676,88.6828002929688,70.2903963446142,34.5139665998128,54.4265672676751,48.5063902557799,27.7323835116641,46.9723758271287,40.0128333159645,63.73367616225,88.1756244659424,63.197475189209,74.1214093428392,120.451552391052,66.2453989932412,70.423794513657,107.3568359375,21.1178617477417,62.6199068589644,21.5690523854008,94.1079940795898,0,97.5789362589518,104.725456848145,110.678772481283,55.3082556724548,104.180652618408,109.804597854614,0,50.1848540586584,128.120831416203,116.221618652344,54.686539856704,69.3583384619819,89.6331758499146,68.7207680511475,97.6198348999023,82.9708625130031,32.4329932848612,64.7346259486066,81.5425484534537,22.8647344496942,61.0088246663411,57.5148080684944,87.8226218027611,124.506056649344,129.78291659885,56.2467000624713,0,106.722259521484,89.9303214550018
75.4962830543518,107.641401502821,138.356096903483,71.7822382790702,7.90702126177169,133.115847269694,58.6894551980449,56.3965279478015,86.0172006707442,48.1654993726496,22.2557761505737,141.483917236328,27.7570278405824,157.410720825195,89.3070731857448,65.0927972927899,104.32673034668,159.314398023817,188.929840087891,182.080218505859,11.8438285392937,124.360181535993,66.1398929172092,118.742881774902,21.6002009977252,142.03369140625,162.067422485352,144.487900352478,21.1510615478833,99.28843494562,96.444616394043,0,135.863259887695,85.854750696818,93.7929547437981,174.374710083008,0,0,101.240674336751,11.371359993348,0,155.802087263627,140.072925806046,181.586153666178,123.283742904663,92.6699785799593,0,57.715212059021,0,183.831685384115,127.886539459229,139.706298828125,0,0,0,12.7501332535463,171.488576253255,0,161.086029052734,119.159854919191,0,0,216.324910481771,102.570946563993,180.005629106001,171.722152709961,0,0,158.036178588867,173.069435119629
91.0563952128092,127.894523620605,181.725074768066,117.999320983887,133.115847269694,6.18961274789949,10.0800679048991,114.880198603091,23.1369686080373,120.638370513916,114.628669230143,61.9656982421875,98.9249024824663,122.358127593994,29.8836433484274,14.098612491553,0,187.94527943929,144.684219360352,195.745948791504,123.385986328125,0,0,161.824813842773,124.324903634878,0,190.509387969971,225.250858306885,133.400001780192,16.9627677478551,119.148125648499,96.9352874755859,8.4813119633017,95.2693354288737,38.8919498655531,0,0,0,0,0,0,0,0,0,0,0,0,0,0,246.90185546875,0,0,0,0,0,0,0,0,0,185.112620035807,0,0,167.988677978516,192.072792053223,0,0,0,0,0,0
74.6004376411438,112.964530944824,147.369430541992,111.070640217174,58.6894551980449,10.0800679048991,9.26855409137707,55.224804822201,20.4363333868312,76.6224790785048,34.4567176297101,85.1473177228655,19.9697087626592,99.4656280517578,24.5303874159547,10.9463455661547,110.205841064453,171.798961292614,136.546403884888,186.45666809082,46.397825758934,132.786140441895,93.199494934082,159.382570266724,50.9276463419704,188.652099609375,167.541542358398,170.064549150138,60.2071828937416,25.7079743500433,108.87852360652,119.144138336182,17.3156719529401,108.448712941763,42.8880452566509,179.472564697266,0,0,106.941123114692,158.732452392578,0,169.831207275391,162.672340393066,206.439399719238,0,166.427703857422,234.088500976562,0,0,190.714291381836,0,147.224945068359,0,0,0,158.858589172363,0,0,237.561431884766,148.800929862009,0,0,199.756098429362,164.215341770903,222.697151184082,0,0,0,0,184.251047770182
32.5267412907022,119.07062372668,105.715946284537,69.4966182663862,56.3965279478015,114.880198603091,55.224804822201,10.6835919700295,63.4181145912528,57.4163334257599,21.8957712911702,162.344355628604,53.5771959525068,167.213481426239,48.0031300880541,75.9121919778677,93.636312514085,115.566089777613,161.270573449513,140.841909542205,58.4309025075701,74.7081641341244,84.3646863025168,91.3254465913822,59.2067111750482,141.0934715271,136.331230564354,129.662093316294,32.842961200657,61.0017039808493,27.1160729632031,166.688366190592,120.432010944073,66.2222808600707,84.6448441309018,140.7119140625,0,168.072979266827,86.5158494246633,151.436449552837,0,164.049621582031,134.403469460909,159.399347262912,99.9582252502441,154.176708278371,215.468620300293,145.050701141357,218.900329589844,163.426376744321,0,137.788961310136,180.052551269531,0,216.94970703125,142.758594089084,149.667285694796,128.211508178711,158.774990739494,120.051901007057,0,195.228414535522,168.847772737829,130.01937300758,160.672069064054,156.17219216483,244.123458862305,230.340591430664,154.535575866699,169.894915898641
24.6060287438101,144.929262049058,142.91413526066,92.3906135433599,86.0172006707442,23.1369686080373,20.4363333868312,63.4181145912528,14.2977070135457,93.1514542010403,38.7777050700778,113.457085787595,66.0303455301938,118.08183069432,20.1190500631754,28.5688778614696,111.026070912679,141.651659311463,161.11025390625,158.482594726283,81.3157447034662,117.801833108207,104.931869208813,132.741150659872,82.9418472536267,143.870171286843,161.548300404089,164.95788848192,79.2785930190417,38.9907055276858,79.3351447119882,132.415780500932,23.1703083580497,73.3501226645856,75.6854742071522,173.747749328613,0,184.265300750732,118.097812007024,171.718927001953,0,195.49642479938,163.141621118304,189.568603743368,160.095146179199,178.161262512207,0,144.09049987793,191.885147094727,185.755729311988,163.827163696289,165.712384310636,209.79069519043,0,0,180.250442504883,169.225692749023,0,190.247436523438,154.139698863029,0,0,209.833107443417,158.665871691023,186.57959667005,175.746150970459,0,0,167.099546644423,178.265960693359
79.4683128992717,72.9501079500789,126.790426543265,43.6190169550652,48.1654993726496,120.638370513916,76.6224790785048,57.4163334257599,93.1514542010403,7.68265101218385,72.1171826976788,144.680468515249,19.5167415692469,125.999673620447,84.9025476629084,20.4417362592017,43.6036557303535,129.075457043118,153.493219163683,142.413893722906,57.5747800138262,68.7189136686779,27.7008763858952,114.796192042033,25.0018170565192,111.632199137321,131.727833789328,122.873623225137,52.977634048654,84.0705912374232,58.4205494509398,144.198327541351,148.241996765137,65.5012040645518,88.1635528984716,132.783351898193,0,135.285284042358,75.965805194996,122.358154296875,0,145.360870361328,121.961180947044,137.918832567003,0,111.663204956055,0,0,158.642979939779,139.687587738037,0,112.50240834554,155.500345865885,0,184.18726348877,97.437126159668,134.411535263062,0,161.174957275391,101.012271033393,134.698959350586,162.401162719727,156.433915032281,121.025622602822,136.750295639038,124.9035059611,174.368682861328,0,130.019561767578,126.078145345052
37.1794630992756,122.381058829171,128.533343837572,92.7203319549561,22.2557761505737,114.628669230143,34.4567176297101,21.8957712911702,38.7777050700778,72.1171826976788,13.6558716971418,156.90410677592,24.6586813589079,175.661976623535,36.5193989907796,73.4883390073423,118.364606221517,146.002658579609,176.48447672526,171.40623873756,16.7728107567408,109.503707699659,95.3199276924133,116.607853768886,40.7236044174651,0,155.941719291746,151.641254461379,35.1705518417922,93.8771816680035,79.5904569093346,189.333806355794,117.91454722469,86.8497038817987,92.8320323667147,0,0,0,100.690352981155,163.756142510308,0,171.466549464634,150.267094069261,183.022865526604,148.316743469238,163.840122477214,0,162.532276153564,0,171.126819317157,0,107.333557128906,214.132026672363,0,0,156.975550333659,225.743095397949,198.040283203125,161.721855163574,136.16377074809,0,0,210.169589233398,152.342270150569,174.272289276123,175.368515014648,0,0,171.624974568685,187.188819885254
141.817849567958,73.0377181448588,98.0505146066486,68.2866079120313,141.483917236328,61.9656982421875,85.1473177228655,162.344355628604,113.457085787595,144.680468515249,156.90410677592,14.7305254627226,148.883275349935,34.9196173279498,116.282315529717,157.439427185059,139.03709602356,52.6263875315787,27.6865206535642,34.3403663680515,145.97320098877,110.606086556902,108.028258323669,99.9195518493652,154.810969603689,37.8026324356392,33.5931270852364,65.7692759423683,149.733583450317,68.6150344410298,115.377378694939,46.4900088665507,104.476709702436,121.052367047566,33.0672580927877,0,0,157.487848917643,77.405033493042,0,0,0,0,0,167.538749694824,0,67.9418522227894,0,73.7587597800083,236.321136474609,0,0,139.727180480957,101.579688577091,119.426895404684,0,180.858749389648,157.056030273438,219.133453369141,183.467895507812,81.0026153217662,103.401654470535,105.856727811373,210.464618682861,240.442993164062,235.72705078125,96.4025003433228,0,0,225.701782226562
79.7171357472738,98.6587544491417,145.474068641663,84.4516290255955,27.7570278405824,98.9249024824663,19.9697087626592,53.5771959525068,66.0303455301938,19.5167415692469,24.6586813589079,148.883275349935,9.61206685593451,143.738632202148,92.0120077880032,15.9226782447627,0,152.708791097005,156.498352050781,187.539077758789,13.1236314227693,176.150822957357,77.5206003691021,177.663664076063,27.5061734480537,133.813101196289,160.905540017521,141.27245092392,47.7925203386816,96.2208069998895,131.328828175863,181.020111083984,115.632658243179,95.2108108520508,94.3398533128712,0,0,0,91.4270153045654,86.2015881538391,123.30330657959,49.6014710153852,150.843179321289,112.097317504883,46.8788652420044,47.7366709324621,0,8.1343533697,0,131.177173838896,0,206.472610473633,0,0,224.411773681641,7.78966635275578,0,176.278030395508,0,118.850688834689,0,152.868179321289,209.838653564453,137.040492348049,141.138534545898,0,0,0,0,95.8636474609375
148.114456176758,50.2082157567604,90.9690910339355,50.6127287852569,157.410720825195,122.358127593994,99.4656280517578,167.213481426239,118.08183069432,125.999673620447,175.661976623535,34.9196173279498,143.738632202148,7.624207517882,119.5589453125,153.98419380188,129.076647949219,86.6046050819191,52.7353663885771,72.0665473637618,148.471374511719,143.314860916138,92.6247236333742,117.85654619005,136.836389370307,20.3521103966387,37.6758562017735,29.19176671216,166.275258681353,74.8365481674292,154.444865272159,16.9437751224006,116.11651763916,152.387016296387,60.611050366482,0,91.2851954373446,0,71.2436589050293,0,0,0,0,0,164.641189575195,0,67.7734459887494,0,63.2512903222192,223.571136474609,0,0,115.789695739746,91.6124417114258,95.3812185434195,0,0,114.853950500488,155.52473449707,173.84543762207,65.6122153857807,83.8727768642802,84.5763575030911,218.741500854492,0,218.394912719727,83.6337543362183,0,0,118.629874420166
14.3645801192624,147.497608478253,129.456440217616,86.5301992109605,89.3070731857448,29.8836433484274,24.5303874159547,48.0031300880541,20.1190500631754,84.9025476629084,36.5193989907796,116.282315529717,92.0120077880032,119.5589453125,9.00103371600646,83.3289379793055,126.808833402746,128.701809804032,159.129689048318,148.549234791291,87.1631718837854,105.465937727241,105.298736341072,118.027174230906,69.5603542548037,179.288034057617,152.464030356429,154.095665044952,79.6387588408875,27.1934620819837,59.1507433036428,135.570152282715,14.1146980015596,49.1038568857554,68.5417859347321,170.256491767036,207.844223022461,201.357274373372,107.565495393714,177.554369245257,0,199.791907570579,155.641196276691,184.801049017137,182.781977335612,175.881302388509,0,203.086868286133,0,181.441930541992,0,156.761799403599,206.696179707845,0,220.957748413086,156.461780548096,167.875961303711,175.63671875,185.102718353271,141.19336074026,0,204.417514038086,196.810187961744,148.48315585997,176.967652457101,157.685785929362,0,0,171.194679953835,184.383767445882
0,104.93050348191,120.850153605143,73.1475909096854,65.0927972927899,14.098612491553,10.9463455661547,75.9121919778677,28.5688778614696,20.4417362592017,73.4883390073423,157.439427185059,15.9226782447627,153.98419380188,83.3289379793055,6.83720776078048,101.895469665527,153.648483276367,177.210876464844,0,68.4328812629946,69.0129470825195,73.4865034854773,110.103675842285,47.493730330067,143.65164232254,155.696948242187,147.48653752095,74.8830910194211,47.8041529819883,72.9504547119141,0,31.3394355368107,96.0121854146322,73.8327777385712,0,0,0,0,0,0,0,166.991195678711,0,183.51741027832,170.386403401693,0,54.5935535430908,0,0,0,0,0,0,0,168.710052490234,185.254379272461,0,210.159362792969,123.239822387695,0,0,166.6162109375,161.904960632324,199.472122192383,0,0,0,0,0
97.4963150024414,59.4020037976178,91.1185806819371,47.1334283560256,104.32673034668,0,110.205841064453,93.636312514085,111.026070912679,43.6036557303535,118.364606221517,139.03709602356,0,129.076647949219,126.808833402746,101.895469665527,14.0525532245609,104.995656022402,155.327224731445,123.11163854599,0,22.7892355322146,34.4448058027945,21.2645532391058,34.388936223017,92.4851150512695,121.642179673718,36.1269124394001,40.7473659506926,98.1292589823405,76.6277113003201,191.911560058594,0,85.4638977050781,86.6182517324175,0,0,109.546882433769,65.5510619027274,0,0,0,144.653935241699,171.842839558919,0,0,0,0,0,163.59965133667,0,51.4210374260848,139.31050491333,0,153.800804138184,0,92.4157099472849,71.3271311709755,96.2980448129609,103.684924573314,0,150.284523010254,112.242085383489,111.887093189784,137.193290710449,112.963395436605,0,0,121.673866271973,109.861401557922
112.073835639715,49.1501756525364,46.1336984810469,57.8958514592419,159.314398023817,187.94527943929,171.798961292614,115.566089777613,141.651659311463,129.075457043118,146.002658579609,52.6263875315787,152.708791097005,86.6046050819191,128.701809804032,153.648483276367,104.995656022402,13.226252377081,60.5003148463734,30.4298184219463,179.858309064593,67.6382042644962,84.3610065103435,41.6452524429545,128.892121772546,74.4122653688703,37.8067291700942,64.5151447381913,109.041988484826,108.699786538335,81.1865562676493,85.5708547804091,185.529353841146,100.788997667026,32.4858404617317,191.451210021973,77.2606989542643,106.103894114494,72.8721353331609,0,0,0,209.036427815755,203.81330871582,172.28475189209,0,120.270027160645,0,126.686639785767,200.701619466146,0,142.562577383859,115.835222937844,131.50511932373,119.438878552667,0,153.881858825684,99.4911991755168,128.576590971513,179.959957469593,102.404535293579,107.175497177749,107.832856101911,191.334270477295,202.376586914062,164.179916381836,123.865394592285,0,0,124.612125396729
145.263148716518,76.5331380462647,85.4515751267898,65.6155652903547,188.929840087891,144.684219360352,136.546403884888,161.270573449513,161.11025390625,153.493219163683,176.48447672526,27.6865206535642,156.498352050781,52.7353663885771,159.129689048318,177.210876464844,155.327224731445,60.5003148463734,7.79425474250103,18.1657002864779,174.433151245117,130.632199297894,109.997299194336,104.91479547473,165.89274597168,44.5348963533711,33.0658357439749,61.5847978628646,156.788667869568,112.601872233601,129.146246704102,51.3322604553044,170.627319335938,146.711041768392,64.0925931313906,0,128.479070027669,139.627670288086,94.2926658630371,0,0,0,204.737426757812,186.406539916992,0,0,101.173534393311,0,86.3510138744444,0,0,0,136.143479919434,100.583349293676,113.146173706055,0,207.470596313477,156.890701293945,241.63688659668,0,90.3589300537109,96.5748337891142,98.8774592030741,0,0,203.856216430664,97.3432167640099,0,0,124.987181599935
131.234527001014,59.9518005010244,68.5769223912004,57.9248770259676,182.080218505859,195.745948791504,186.45666809082,140.841909542205,158.482594726283,142.413893722906,171.40623873756,34.3403663680515,187.539077758789,72.0665473637618,148.549234791291,0,123.11163854599,30.4298184219463,18.1657002864779,10.2220055028899,191.472361246745,106.610970526978,109.109736983841,85.1392391281128,153.429267586052,50.1092671354612,32.3099551219683,66.6514023746611,137.965729643169,125.603578390786,109.242786599405,60.5328194754464,197.910339355469,115.972408254523,46.9665379533517,176.041107177734,90.8854827880859,135.149590865425,74.247451581453,0,0,229.91064453125,188.475845336914,0,179.19701385498,0,121.828389485677,0,98.7341573888605,202.29084777832,0,137.174184163411,120.06923866272,108.83170596036,104.982423029026,0,231.515808105469,172.825988769531,144.773324330648,193.647397722517,95.4751334417434,98.076050342213,101.803182588591,221.734875488281,213.319633483887,173.495817184448,105.403849953099,0,211.390068054199,124.798982620239
58.3852021353585,120.668434143066,127.943237304688,88.6828002929688,11.8438285392937,123.385986328125,46.397825758934,58.4309025075701,81.3157447034662,57.5747800138262,16.7728107567408,145.97320098877,13.1236314227693,148.471374511719,87.1631718837854,68.4328812629946,0,179.858309064593,174.433151245117,191.472361246745,7.7440378551734,0,83.8720372517904,134.910933358329,28.8505793408678,0,174.407371520996,183.139310836792,30.7224718841897,92.5633494406035,125.536124093192,0,121.732318333217,91.7548248291016,90.7007635097311,0,0,0,127.679416656494,171.299649047852,0,177.838592529297,152.562871297201,179.317367553711,187.834121704102,161.463975524902,0,20.875775384903,0,167.462310791016,0,166.158920288086,0,0,0,161.315872192383,0,233.043701171875,0,134.400795636858,0,0,0,147.999723815918,170.927093505859,0,0,0,174.405044555664,0
89.4572902790551,107.028656005859,72.7415991854552,70.2903963446142,124.360181535993,0,132.786140441895,74.7081641341244,117.801833108207,68.7189136686779,109.503707699659,110.606086556902,176.150822957357,143.314860916138,105.465937727241,69.0129470825195,22.7892355322146,67.6382042644962,130.632199297894,106.610970526978,0,13.7261376399178,55.7098479452242,35.9365904129676,32.3112709881107,137.680880228678,107.813014912828,77.9169752463187,26.7173593605887,73.5659917916734,30.101675248815,150.320331997342,0,65.2897040178987,47.8441774550933,125.988951249556,0,135.381023753773,73.697426314581,0,0,132.58171081543,142.95092502717,163.196929931641,115.631717681885,175.363262939453,183.848724365234,0,173.3623046875,143.53640238444,0,100.331141737319,170.748371124268,0,182.652839660645,0,119.229459613302,102.737364087786,126.376448816533,111.034802853073,0,170.109967549642,144.956135544821,121.172122276634,134.302744684993,118.716960208517,180.724365234375,0,128.509298324585,147.442903900146
72.9610612051828,21.498841341606,53.8343473118257,34.5139665998128,66.1398929172092,0,93.199494934082,84.3646863025168,104.931869208813,27.7008763858952,95.3199276924133,108.028258323669,77.5206003691021,92.6247236333742,105.298736341072,73.4865034854773,34.4448058027945,84.3610065103435,109.997299194336,109.109736983841,83.8720372517904,55.7098479452242,10.7185954382899,53.5430654959875,33.2743919309082,73.9309666855167,95.6982754251231,40.3775068259371,62.4793878969157,86.9776706289738,59.7941514937604,115.333475494385,133.752365112305,63.3656802654266,73.3201592862606,140.448252360026,36.3365478515625,94.91695986296,67.4753484928862,0,0,152.934041341146,127.715333121164,181.306671142578,147.710052490234,159.79438273112,115.256690979004,0,110.74341583252,149.70295715332,0,53.0942186646114,109.211044921875,128.994476318359,140.214330037435,0,80.8071794181034,16.1280090700496,65.9711990818833,121.999414505497,84.0740127563477,107.409198760986,100.280380323336,122.294337972005,161.758961268834,86.2580223083496,158.725621541341,0,119.121734619141,129.749585832868
101.427512311935,79.0762630728788,31.6088241330724,54.4265672676751,118.742881774902,161.824813842773,159.382570266724,91.3254465913822,132.741150659872,114.796192042033,116.607853768886,99.9195518493652,177.663664076063,117.85654619005,118.027174230906,110.103675842285,21.2645532391058,41.6452524429545,104.91479547473,85.1392391281128,134.910933358329,35.9365904129676,53.5430654959875,19.7028138406262,75.3185949251633,135.503653786399,72.2068245601593,44.0350362393813,64.2739351535139,103.398972184891,64.5964767115933,121.004782243208,173.719546508789,91.8657521000615,46.7111865694623,174.834476470947,133.77604675293,98.4827099149189,72.6045346162757,0,0,205.111338297526,171.133907318115,192.181661987305,177.17366027832,0,181.227760314941,0,213.939758300781,188.842994689941,0,82.9540621501643,127.582003379355,185.645202636719,161.194931927849,0,117.074921447754,65.8231881920266,106.845086697818,141.31255197525,0,141.448724700183,104.804537401189,150.623717803955,168.915534973145,155.815660476685,0,0,160.764831542969,157.199733734131
75.111813796194,81.7052345858572,114.348007317745,48.5063902557799,21.6002009977252,124.324903634878,50.9276463419704,59.2067111750482,82.9418472536267,25.0018170565192,40.7236044174651,154.810969603689,27.5061734480537,136.836389370307,69.5603542548037,47.493730330067,34.388936223017,128.892121772546,165.89274597168,153.429267586052,28.8505793408678,32.3112709881107,33.2743919309082,75.3185949251633,14.4368307785038,121.138981335484,142.665197844899,99.9139723239693,26.9313269948322,85.3152854090702,69.1037388967518,154.019869486491,126.389640221229,69.5713857292774,84.4546325045663,133.931911815297,148.435440063477,138.045297851563,73.8215003471256,28.6167783237555,0,154.78746579728,121.728502494583,153.826216484519,108.379159291585,141.877707559922,192.425257364909,69.2422601911757,167.926471710205,147.425175922673,140.270729064941,109.564554107323,169.867049217224,0,184.294240315755,27.0708799585004,126.964474580726,106.728958856492,137.616022491455,107.296765609363,148.031463623047,184.112268301157,148.044064880371,113.624048657305,144.401545456478,126.722095065647,0,0,134.123093014672,144.012775148664
131.856071472168,22.4503697335585,102.606028747559,27.7323835116641,142.03369140625,0,188.652099609375,141.0934715271,143.870171286843,111.632199137321,0,37.8026324356392,133.813101196289,20.3521103966387,179.288034057617,143.65164232254,92.4851150512695,74.4122653688703,44.5348963533711,50.1092671354612,0,137.680880228678,73.9309666855167,135.503653786399,121.138981335484,9.24645815325311,39.1254641832459,28.2238658851485,153.499504089355,115.860358683268,150.737631225586,44.2473288127354,0,129.768392562866,68.0123806811394,0,75.5110168457031,140.204742431641,18.9435895511082,201.195526123047,0,0,0,0,0,0,66.6668810844421,0,53.8309383392334,0,0,162.851440429688,0,88.2659997940063,92.7390952110291,0,144.251693725586,0,0,165.33528137207,35.7496068021084,71.7140738637824,69.0904704967659,0,0,0,65.8156670402078,0,0,0
134.645824633147,48.0194232945957,38.5342162856438,46.9723758271287,162.067422485352,190.509387969971,167.541542358398,136.331230564354,161.548300404089,131.727833789328,155.941719291746,33.5931270852364,160.905540017521,37.6758562017735,152.464030356429,155.696948242187,121.642179673718,37.8067291700942,33.0658357439749,32.3099551219683,174.407371520996,107.813014912828,95.6982754251231,72.2068245601593,142.665197844899,39.1254641832459,14.8110035035472,39.4937276038465,132.280617074748,128.515119299424,116.351086998839,28.4750779818983,158.1853686246,129.296705760127,63.9677734213715,174.416732788086,110.09804887038,113.545229593913,77.8855143397687,0,0,0,188.454709734235,213.221206665039,179.816398620605,0,107.981521394518,0,78.5081831299432,200.635870797294,0,144.416681671143,109.295703231647,100.915447658963,98.2762426555293,208.026077270508,166.134710693359,132.039723714193,151.187121847401,190.989263916016,73.2966033554077,90.9351239319234,94.7390370228953,187.017202377319,205.898586273193,170.772640429045,92.0367802410591,0,0,109.151446883743
137.947448007303,31.5591654961885,33.1966397050749,40.0128333159645,144.487900352478,225.250858306885,170.064549150138,129.662093316294,164.95788848192,122.873623225137,151.641254461379,65.7692759423683,141.27245092392,29.19176671216,154.095665044952,147.48653752095,36.1269124394001,64.5151447381913,61.5847978628646,66.6514023746611,183.139310836792,77.9169752463187,40.3775068259371,44.0350362393813,99.9139723239693,28.2238658851485,39.4937276038465,17.8716166067812,87.9783181880548,137.651027967345,116.66043131208,21.093046161247,194.756301879883,128.297839298721,72.2277932956121,176.880818684896,82.9393887996674,93.3823112686042,59.2452303120788,231.546432495117,0,195.854904174805,163.690994749678,195.393643465909,152.594334528996,193.04958597819,107.097881546021,0,83.155271382775,193.54409299578,201.251876831055,87.9374738722057,107.546179200706,103.659318596426,108.207869691669,201.612396240234,127.181206359863,64.9674281122566,104.282235221208,153.675554955524,70.8162784279552,95.6530639154966,94.0529011704296,164.399422260041,178.165701972114,159.243272508894,95.0969823087199,0,162.048478126526,115.753048835917
70.6547226188457,106.314251807428,94.233606697677,63.73367616225,21.1510615478833,133.400001780192,60.2071828937416,32.842961200657,79.2785930190417,52.977634048654,35.1705518417922,149.733583450317,47.7925203386816,166.275258681353,79.6387588408875,74.8830910194211,40.7473659506926,109.041988484826,156.788667869568,137.965729643169,30.7224718841897,26.7173593605887,62.4793878969157,64.2739351535139,26.9313269948322,153.499504089355,132.280617074748,87.9783181880548,12.4667959760948,83.7348958892299,35.0764395267701,171.628619602748,136.698097864787,65.008522624334,66.9063708868954,134.87344278608,194.589889526367,144.407334645589,78.9411090292582,148.350000152588,186.478790283203,162.604527537028,130.380689724471,162.901920081532,129.1537467555,150.153014998002,238.206649780273,118.960143195258,198.666915893555,153.087448340196,135.641607284546,113.007047765395,185.599445887974,203.341186523438,189.72859954834,144.682727690666,127.878850763494,112.789942654696,137.810383371206,115.510436647257,0,188.129498799642,157.135152311407,126.437562440362,149.875727862296,134.354019165039,0,201.729644775391,136.153349643283,149.421338717143
17.9449064762096,128.267464904785,126.993185279783,88.1756244659424,99.28843494562,16.9627677478551,25.7079743500433,61.0017039808493,38.9907055276858,84.0705912374232,93.8771816680035,68.6150344410298,96.2208069998895,74.8365481674292,27.1934620819837,47.8041529819883,98.1292589823405,108.699786538335,112.601872233601,125.603578390786,92.5633494406035,73.5659917916734,86.9776706289738,103.398972184891,85.3152854090702,115.860358683268,128.515119299424,137.651027967345,83.7348958892299,12.1339510497485,29.7492671716997,99.0793156831161,9.18987016286609,21.1781404330243,43.0330326994733,183.744059244792,0,173.874225616455,94.6855485026042,154.186435699463,0,188.624502999442,160.975305345323,183.980182320731,159.743884277344,192.007229075712,0,0,139.971880594889,176.694919586182,0,128.72046485314,183.598737444196,0,152.777102152507,191.235921223958,150.273351033529,143.555160522461,177.162649027507,143.252860034686,139.383865356445,187.227181827321,172.495023900812,154.953292643229,166.5146484375,146.646806155934,0,0,141.633543395996,168.528218078613
32.2403810487116,110.553244619658,90.9063534776704,63.197475189209,96.444616394043,119.148125648499,108.87852360652,27.1160729632031,79.3351447119882,58.4205494509398,79.5904569093346,115.377378694939,131.328828175863,154.444865272159,59.1507433036428,72.9504547119141,76.6277113003201,81.1865562676493,129.146246704102,109.242786599405,125.536124093192,30.101675248815,59.7941514937604,64.5964767115933,69.1037388967518,150.737631225586,116.351086998839,116.66043131208,35.0764395267701,29.7492671716997,12.1303833545297,146.378494262695,119.087358093262,38.9983856535882,46.0309402045633,135.153322855632,0,163.124189376831,76.4339535786555,141.361572265625,0,152.877254486084,134.378621673584,159.325206409801,153.353748321533,151.469670613607,0,0,0,148.957393148671,0,106.124082983994,182.004954746791,184.933349609375,169.968133544922,0,125.808561524348,120.919523239136,139.597799474543,112.635796229045,0,174.012588500977,164.21922994543,123.893755569071,140.78992693352,127.720518845778,0,0,138.369734870063,151.500391446627
146.614334106445,66.0287732517018,93.279548430107,74.1214093428392,0,96.9352874755859,119.144138336182,166.688366190592,132.415780500932,144.198327541351,189.333806355794,46.4900088665507,181.020111083984,16.9437751224006,135.570152282715,0,191.911560058594,85.5708547804091,51.3322604553044,60.5328194754464,0,150.320331997342,115.333475494385,121.004782243208,154.019869486491,44.2473288127354,28.4750779818983,21.093046161247,171.628619602748,99.0793156831161,146.378494262695,5.54501077196652,0,165.676322937012,73.1540868976448,0,115.771493530273,153.717277526855,88.129126739502,0,0,0,0,0,0,0,94.0921823120117,0,81.9372637271881,0,0,0,138.980422973633,94.58721334284,110.947440407493,0,215.925415039062,134.134086608887,0,0,74.3810243104634,94.0602915082659,94.4509908617529,0,139.863647460938,0,93.9842112357156,0,0,129.433329264323
78.3928004178134,198.192672729492,178.656967163086,120.451552391052,135.863259887695,8.4813119633017,17.3156719529401,120.432010944073,23.1703083580497,148.241996765137,117.91454722469,104.476709702436,115.632658243179,116.11651763916,14.1146980015596,31.3394355368107,0,185.529353841146,170.627319335938,197.910339355469,121.732318333217,0,133.752365112305,173.719546508789,126.389640221229,0,158.1853686246,194.756301879883,136.698097864787,9.18987016286609,119.087358093262,0,5.40659930414323,91.832814352853,51.7199954986572,0,0,0,133.08797454834,0,0,0,174.430114746094,0,0,218.438705444336,0,0,0,0,0,0,0,0,0,0,0,0,0,198.772636413574,0,144.264709472656,0,205.566918509347,213.947525024414,0,0,0,0,0
63.58473273686,101.530373206505,124.17037789718,66.2453989932412,85.854750696818,95.2693354288737,108.448712941763,66.2222808600707,73.3501226645856,65.5012040645518,86.8497038817987,121.052367047566,95.2108108520508,152.387016296387,49.1038568857554,96.0121854146322,85.4638977050781,100.788997667026,146.711041768392,115.972408254523,91.7548248291016,65.2897040178987,63.3656802654266,91.8657521000615,69.5713857292774,129.768392562866,129.296705760127,128.297839298721,65.008522624334,21.1781404330243,38.9983856535882,165.676322937012,91.832814352853,9.77096998489509,30.5933445263055,140.852161407471,0,183.329788208008,87.0734877219567,141.132249832153,0,158.986309051514,135.87123966217,166.78342590332,0,149.960037231445,0,0,0,157.321417490641,0,112.626069288987,197.988761901855,0,210.158798217773,0,127.171422481537,144.003529866536,150.891718183245,121.525132293701,0,197.991386413574,160.179824193319,131.770672406337,155.900682678223,136.217797712846,0,0,148.387401580811,159.31690826416
84.2135749748367,61.2875205802917,70.7714594608438,70.423794513657,93.7929547437981,38.8919498655531,42.8880452566509,84.6448441309018,75.6854742071522,88.1635528984716,92.8320323667147,33.0672580927877,94.3398533128712,60.611050366482,68.5417859347321,73.8327777385712,86.6182517324175,32.4858404617317,64.0925931313906,46.9665379533517,90.7007635097311,47.8441774550933,73.3201592862606,46.7111865694623,84.4546325045663,68.0123806811394,63.9677734213715,72.2277932956121,66.9063708868954,43.0330326994733,46.0309402045633,73.1540868976448,51.7199954986572,30.5933445263055,11.6672132277194,175.58610534668,110.587409973145,113.957026481628,84.4735709428787,0,0,196.370918273926,155.874469922936,176.733385721842,145.431574503581,168.9076171875,125.852982657296,0,120.063976287842,186.539704756303,0,125.628346579415,135.26706161499,161.340503692627,115.705384318034,169.141362508138,134.227099609375,71.1374499003092,144.794258811257,131.950596173604,92.5182647705078,109.838728259859,114.245089104835,142.369500901964,159.794978841146,140.435092163086,112.072326660156,0,136.805169677734,129.903803144182
0,0,0,107.3568359375,174.374710083008,0,179.472564697266,140.7119140625,173.747749328613,132.783351898193,0,0,0,0,170.256491767036,0,0,191.451210021973,0,176.041107177734,0,125.988951249556,140.448252360026,174.834476470947,133.931911815297,0,174.416732788086,176.880818684896,134.87344278608,183.744059244792,135.153322855632,0,0,140.852161407471,175.58610534668,9.24300763836397,131.342281341553,110.707429442743,65.9570097985206,94.9469210306803,67.7024993896484,88.5417020585802,34.4325766055142,37.6091225086958,68.7408929824829,62.9227508178936,133.359490059518,0,156.087683105469,14.6794970694513,91.4034423828125,78.8886329221054,107.878567285421,136.169445946103,124.008175621348,82.2806697421604,85.2399090283538,82.7102618584266,94.1986059949051,76.7712303319743,147.545272827148,141.179110493693,129.020645611528,74.7621366396055,17.6128091925288,23.0375861355001,161.485481262207,0,35.3909427871307,76.04714110118
0,0,51.4925518035889,21.1178617477417,0,0,0,0,0,0,0,0,0,91.2851954373446,207.844223022461,0,0,77.2606989542643,128.479070027669,90.8854827880859,0,0,36.3365478515625,133.77604675293,148.435440063477,75.5110168457031,110.09804887038,82.9393887996674,194.589889526367,0,0,115.771493530273,0,0,110.587409973145,131.342281341553,7.02299555249655,47.7557105130928,14.3915942445845,0,0,0,128.600403921945,142.676829020182,72.1532274820866,156.60765838623,74.3663420243697,111.650536855062,49.2626685333252,130.513643900553,117.941306220161,65.648588180542,58.1653052660135,69.3256023113544,61.5287651764719,0,99.8454862594604,17.3228928720325,66.4046618991428,80.860634400731,14.8966618306015,43.307448372817,29.928930374121,121.691527896457,132.751075744629,114.074845377604,60.9688847859701,0,107.88765335083,71.7872803321251
168.087921142578,93.3498860872709,90.4653196277733,62.6199068589644,0,0,0,168.072979266827,184.265300750732,135.285284042358,0,157.487848917643,0,0,201.357274373372,0,109.546882433769,106.103894114494,139.627670288086,135.149590865425,0,135.381023753773,94.91695986296,98.4827099149189,138.045297851563,140.204742431641,113.545229593913,93.3823112686042,144.407334645589,173.874225616455,163.124189376831,153.717277526855,0,183.329788208008,113.957026481628,110.707429442743,47.7557105130928,14.2179553614574,45.0603320438436,140.147439575195,0,139.047125244141,99.1259299477378,126.434285394975,121.743647257487,122.811803131104,92.9870170892454,129.87939453125,103.533378601074,118.732839496319,202.806518554688,86.0667774913075,39.2596956149552,90.6040388254019,58.3353490762818,138.606239318848,71.1107283254993,38.1026902408135,32.9005140817307,105.97759475708,116.137827555339,36.4208042980907,37.394965663803,91.9246678113418,124.63360133924,94.5332985572707,93.9934137980143,0,108.022204807826,81.0770308459247
109.034651756287,114.218399047852,56.3429058252839,21.5690523854008,101.240674336751,0,106.941123114692,86.5158494246633,118.097812007024,75.965805194996,100.690352981155,77.405033493042,91.4270153045654,71.2436589050293,107.565495393714,0,65.5510619027274,72.8721353331609,94.2926658630371,74.247451581453,127.679416656494,73.697426314581,67.4753484928862,72.6045346162757,73.8215003471256,18.9435895511082,77.8855143397687,59.2452303120788,78.9411090292582,94.6855485026042,76.4339535786555,88.129126739502,133.08797454834,87.0734877219567,84.4735709428787,65.9570097985206,14.3915942445845,45.0603320438436,11.4110590159232,57.7878406200003,110.84130859375,92.6884356703714,64.9490156844486,87.4118879818222,24.2875322985712,80.2360845117525,43.2937469281648,107.294039726257,37.1051850255141,81.4099519097768,77.483899752299,36.6555468214809,58.1244677578882,66.7649558782578,62.2085845470428,95.085816192627,68.2403427507512,21.6404403129622,56.3394212071733,37.388641614948,19.437670503531,46.9546430670533,40.2218074398289,55.7094510017929,77.6594673303457,66.8107342283368,49.0288975757101,124.644371032715,65.1064373078894,74.3811443690495
163.849014282227,0,0,94.1079940795898,11.371359993348,0,158.732452392578,151.436449552837,171.718927001953,122.358154296875,163.756142510308,0,86.2015881538391,0,177.554369245257,0,0,0,0,0,171.299649047852,0,0,0,28.6167783237555,201.195526123047,0,231.546432495117,148.350000152588,154.186435699463,141.361572265625,0,0,141.132249832153,0,94.9469210306803,0,140.147439575195,57.7878406200003,9.85676932724493,117.114082336426,63.0339025218519,73.1125207426687,90.0123341985109,54.416759281368,22.719144250021,165.910659790039,31.9575747341056,0,92.9956541004295,70.5210415233265,57.3452847798665,151.347087860107,0,153.232223510742,13.1435140677693,111.016640345256,57.9774731530084,117.824202401297,20.1495795827657,144.814559936523,177.09846496582,137.153636387416,20.5774639460446,95.8679449400926,76.8301696777344,0,135.001210530599,76.6101336325369,93.7228236728244
0,0,0,0,0,0,0,0,0,0,0,0,123.30330657959,0,0,0,0,0,0,0,0,0,0,0,0,0,0,0,186.478790283203,0,0,0,0,0,0,67.7024993896484,0,0,110.84130859375,117.114082336426,5.58336128558737,11.2856065837877,115.766357421875,22.4930481499595,40.8532447814941,108.328345021894,65.5946856689453,99.4337768554688,76.5564594268799,25.082124611688,13.7201841522612,111.852310180664,0,91.7981389363607,98.2965469360352,116.764954566956,0,0,99.4791412353516,102.369831085205,0,154.731796264648,129.036816914876,129.352265167236,22.7245733671099,0,87.4006195068359,6.5864230318675,0,31.9378721522189
