11.4194814229539,145.960123697917,95.9340025455079,78.0436684744699,105.482323279748,79.6948819547086,82.2621488453429,30.1027216125272,61.9900480639125,74.132852130466,74.9699174010235,131.746570089589,117.42610133778,150.635236740112,24.9267538959459,94.6067822774251,136.608787536621,102.965645256225,147.495647083629,133.589866862578,99.4686760902405,80.0977520913071,118.58493570181,87.7253991110789,90.8318585596587,0,122.52645426685,126.545398038976,84.9164610287773,25.4751459609003,36.2204365369373,163.174331665039,78.3365033248375,65.2659310658773,78.1446472901564,0,0,155.217720879449,85.3464910333807,0,0,186.429046630859,143.618760172526,173.035745239258,79.1665878295898,154.758102416992,0,0,0,164.079077148438,0,0,207.324211120605,0,197.314529418945,0,128.419326782227,136.470035552979,182.509302775065,119.791568211147,0,183.908715142144,165.914074125744,137.419957975062,146.574752807617,158.784515380859,0,0,0,160.182726542155
145.960123697917,6.52322294260055,42.2664659720311,25.0263024701012,105.670845031738,174.841522216797,137.604404873318,135.874049377441,155.771223449707,62.7434407756117,126.444952011108,66.4974758220169,93.027717590332,45.8486175665984,155.369324578179,110.62902879715,65.7791730136406,57.0163855900367,73.7879166739328,67.0965918167778,145.045394897461,106.083041191101,20.7832465257085,72.7192132900923,78.4254183111758,22.9775810454773,44.559403786781,30.0034277581085,104.24053738334,127.290890355264,120.515628521259,73.8801797231038,0,122.455113220215,68.4874676631047,0,93.1986157553537,94.6348321814286,62.349188486735,201.709671020508,0,0,167.344268798828,186.296071370443,96.4199676513672,178.977879842122,0,0,68.9958843231201,192.987808227539,0,51.2183322906494,98.3437309265137,123.842693328857,117.916879133745,0,120.389526367188,100.274136861165,119.831554957799,175.393648147583,61.7395738874163,103.554455820719,98.3871732231315,172.984252929688,165.927261352539,0,0,0,0,100.998132069906
95.9340025455079,42.2664659720311,12.1279414204127,45.1582796005976,135.901228097769,165.06567368684,130.752063580578,101.297646042204,119.18168654621,112.333291670855,118.082020509963,92.2205597070547,154.033065795898,83.954102367612,110.775428400465,144.310173034668,92.5968385584214,39.6191670233522,89.998850916957,68.0022078822797,163.352164324592,78.0533456990417,41.9263542175293,33.9777944296475,116.300345432236,88.6311860084534,32.94434466944,31.0906637225893,93.938307058365,111.413397588582,81.2940954952296,82.8296402747478,166.060492122875,120.06211423117,62.5967499094945,172.963455200195,78.9122137081851,90.5181354329449,91.6232902337305,199.243423461914,0,191.433163452148,157.302199374928,188.037009043236,157.3955078125,182.776360144982,141.709483806904,162.694091796875,151.32642364502,172.732747045057,169.799415588379,112.684320007728,95.2944415564098,128.718211364746,119.993983137498,0,130.720010468454,72.595488698859,101.179059799216,156.125547409058,141.930554199219,99.6335661925386,91.679033643656,171.76719156901,167.134089660645,141.656407563583,144.314676920573,0,185.467617034912,108.964753094841
78.0436684744699,25.0263024701012,45.1582796005976,47.3884493083489,73.567817179362,123.123992919922,97.1774925655789,75.9774085903956,84.0331012501436,50.9566130815459,96.3915064942603,82.0265712248973,91.838399887085,38.3016979624243,94.8047199404337,124.685223388672,43.0202527960952,61.4251768167379,68.9235137733253,60.6118116031993,106.11684690203,53.2535632813282,29.5473428637789,50.5429871138384,45.2680800892506,26.272102463297,44.8341102437076,38.1367090192602,51.6656589487514,85.536675923431,56.6306690846382,68.7553496890598,119.043378829956,63.6280611839847,73.0101648517683,65.481502532959,43.0538188048771,94.3480117797852,33.6541604112696,0,0,124.038787841797,80.2480281706779,103.005680508084,12.3304037859565,120.45076751709,0,0,45.5197541373117,99.2582833426339,53.0889091491699,76.2570242040298,94.2392700740269,0,91.8534829616547,145.140266418457,69.5725428969772,0,69.2149207674224,63.1865917690217,37.8846923426578,87.8512273183683,75.762277866232,83.7813097635905,106.994101206462,70.1408446175711,116.650657653809,0,91.3059005737305,87.4467387729221
105.482323279748,105.670845031738,135.901228097769,73.567817179362,9.07058682987841,132.096800231934,71.6139167785645,46.3710259009099,96.2047666753004,49.4041292186227,18.7493571379616,149.267456054688,31.5960927666091,0,109.18082857132,74.1435793322186,0,163.531939188639,0,184.721237182617,12.03470817869,0,79.0725555419922,138.102916717529,26.8763438938529,147.934326171875,158.37904385158,119.496166028475,17.8078180531203,104.413921715433,102.778802490234,0,134.639535522461,84.2851680755615,101.21001701355,0,0,197.657920837402,79.519650888967,37.9705527220091,0,139.457626625344,138.936149460929,154.929484605789,89.7119388115115,145.297589015294,0,101.227769067101,0,157.066897074382,123.993857489692,0,192.442794799805,0,0,128.476700685878,0,139.553559875488,0,103.350597856906,0,0,176.699054718018,139.572485060919,172.106268310547,0,0,201.822692871094,204.534454345703,178.169293212891
79.6948819547086,174.841522216797,165.06567368684,123.123992919922,132.096800231934,7.91395841231476,10.4522995429973,117.038112894694,29.3167655290303,82.7460123697917,119.230578329049,105.369366836548,95.7485888587104,78.9658851623535,19.9628121589685,15.2652634924956,0,157.012004179113,119.662679672241,175.012111118862,121.171594456264,136.541557312012,0,145.217595542349,126.378960589973,0,184.529220706127,182.833061911843,121.248059698876,24.6786216054427,113.1769598684,0,10.0411370056383,125.222262382507,66.718931833903,0,0,217.049850463867,132.402188618978,0,0,197.766815185547,177.518905639648,216.529251098633,0,215.477333068848,0,0,0,209.515121459961,0,0,0,0,0,0,0,0,233.169326782227,177.480600992839,0,0,225.105987548828,192.861285400391,190.379928588867,0,0,0,0,204.797714233398
82.2621488453429,137.604404873318,130.752063580578,97.1774925655789,71.6139167785645,10.4522995429973,10.4714956845468,59.5992423428327,21.7463051793884,70.9783969338485,35.9664914487021,127.914556980133,28.3414501750968,172.398772282387,31.4286380263079,8.99073640486342,0,154.20844262441,174.081344604492,166.843916449748,57.3794592842061,123.89649687873,127.712096744113,123.119983225106,72.9158868126691,86.8653030395508,155.471146543334,147.421635874202,63.6112521119405,52.2207650110027,106.745925394694,176.321006774902,20.189365428484,95.585070515727,85.6494057443407,171.916300455729,0,203.647314453125,97.4723636839125,144.671190572339,0,153.128040858677,144.932021295457,155.535205666078,110.460025151571,151.684666120089,0,128.583333849907,0,162.43720181783,146.256546020508,182.850860595703,197.779670715332,0,0,137.345477537675,234.053482055664,155.956411361694,185.61429977417,117.985398930909,0,202.655151367188,192.910630256899,145.819758918715,168.061340332031,155.211238316127,0,0,159.284393310547,187.490322113037
30.1027216125272,135.874049377441,101.297646042204,75.9774085903956,46.3710259009099,117.038112894694,59.5992423428327,11.9096496910304,56.650609218686,60.2857213037017,18.4581912296929,164.794952764744,49.6893082598422,162.050616154905,43.4052744176992,84.4368522583492,114.233022562663,135.997269106778,190.099244181315,163.585125537629,53.2160582200536,79.164051870624,96.7620566428245,79.837193731766,52.5040187966613,143.244926452637,138.019013145297,111.598813481732,24.4923863693602,75.9573802138524,30.5971609529744,169.087195656516,119.685405058019,72.3570100067967,88.1657995246796,136.80673828125,174.719100952148,180.146210129197,81.1460310086337,140.445498572456,0,143.827740617232,136.907822962491,150.935036543961,91.2939817355229,144.595321733524,0,123.497974395752,0,154.476823637757,153.398923238118,145.816357496308,193.324243545532,0,232.232060750326,135.430180140904,154.966706593831,139.347791399275,154.009828085851,110.53669919806,220.313079833984,189.302679208609,166.907291412354,132.994556791,161.625221411387,153.259426116943,0,0,148.432953778435,151.065508422852
61.9900480639125,155.771223449707,119.18168654621,84.0331012501436,96.2047666753004,29.3167655290303,21.7463051793884,56.650609218686,12.8053724855648,80.7249002647946,33.6004691280827,148.097195178787,76.7816188972902,174.733569203252,19.5351046261524,36.2932787964024,155.74112701416,131.295684441073,159.886225202442,152.914062094032,86.8183833045009,107.890016497988,138.597615842466,108.765303253455,81.5461863318642,162.818664550781,145.458982724916,144.986850915953,84.0828175100363,49.4837057809116,84.5657792933936,177.637473277557,26.7472193101832,96.3848148433641,93.910999136672,165.40809413365,180.817481994629,185.845245599747,94.2613758307237,147.512635015672,0,159.330599235766,148.283082282834,160.494955654802,104.561100769043,151.87162989378,0,143.711235894097,0,175.282746076584,205.429656982422,195.421714782715,211.548101806641,0,214.410308837891,136.804062769963,193.886451721191,154.703481038411,185.564383657355,122.790719060455,0,208.108335949126,182.674173815497,148.727517246004,177.585142408099,156.68272040872,0,0,160.967542860243,181.512327648344
74.132852130466,62.7434407756117,112.333291670855,50.9566130815459,49.4041292186227,82.7460123697917,70.9783969338485,60.2857213037017,80.7249002647946,9.02817003491764,73.7820673775752,129.986917997661,13.281765652259,109.883642877851,85.1242230901655,19.8129200343213,84.5473592546251,130.73635961139,139.761141459147,146.439044727999,41.8230384520765,91.2118232363746,36.4555924728362,105.324506103015,24.5274867472368,92.1672607923337,123.245989110348,95.7442355955113,54.3793385151856,84.0391727737074,63.6779074389388,143.345369338989,127.916007995605,72.3918023170831,91.881729105793,146.761581420898,136.785572052002,160.244907725941,23.8690844022927,92.2245857424852,0,119.292061328888,104.590384384681,123.139048914756,24.3417722404003,103.623944854736,0,59.8642263701468,0,130.344471613566,71.0975831349691,0,0,176.623596191406,164.873977661133,85.1155329252544,97.3162155151367,0,194.449401855469,70.5291487945253,137.665019989014,169.66525777181,166.837194061279,101.608658287469,125.906485817649,108.475123723348,0,0,125.053615570068,138.04380607605
74.9699174010235,126.444952011108,118.082020509963,96.3915064942603,18.7493571379616,119.230578329049,35.9664914487021,18.4581912296929,33.6004691280827,73.7820673775752,11.2999371000397,167.523621408563,26.6712423032879,166.449986775716,42.8683683511007,87.5773876236706,0,157.718471620141,199.226081848145,181.613710403442,15.3145554951,126.06777381897,107.950358254569,103.268279051418,63.2018514754067,0,153.210309898606,133.067625532759,28.1525458578201,100.984122631861,67.029347151355,178.22016398112,127.421089403557,86.1702118459738,99.50437179579,0,174.577331542969,196.560107838024,93.5188230690381,130.695016718166,0,156.523146137438,147.897475609413,164.131829071045,109.658961704799,157.050509293478,0,104.473753870987,0,176.562349207261,117.651593017578,152.346183776855,169.713317871094,0,0,141.740976323526,174.90934753418,177.519950866699,171.852917480469,117.066684586189,0,197.187854003906,192.433155940129,150.174994027017,186.995594569615,203.724578857422,0,0,187.890991210938,192.030262340199
131.746570089589,66.4974758220169,92.2205597070547,82.0265712248973,149.267456054688,105.369366836548,127.914556980133,164.794952764744,148.097195178787,129.986917997661,167.523621408563,15.8608615086156,126.072166789662,25.3181964621967,136.750081689017,150.140838623047,114.178126380557,45.6014985152653,26.4193877216167,31.094678833777,151.376500447591,102.335388137909,96.9253644528596,86.9514974303165,148.68482698713,29.665766410447,27.0357655120765,55.9376015706532,132.670107599515,76.2504069030568,107.149977523289,35.6527758949497,71.2097557761452,101.275110562642,28.7507394452311,0,101.813837051392,133.906047474254,110.39494450887,0,0,0,209.115610758464,0,126.883651733398,0,87.7174758911133,0,90.5674052238464,218.644729614258,0,169.859741210938,129.57158442906,97.4507617950439,108.905149606558,0,140.035346984863,129.539306640625,155.9111731393,188.162963867188,69.1137774972355,106.38618346623,115.557055463289,183.313980102539,0,183.511253356934,0,0,0,130.931483268738
117.42610133778,93.027717590332,154.033065795898,91.838399887085,31.5960927666091,95.7485888587104,28.3414501750968,49.6893082598422,76.7816188972902,13.281765652259,26.6712423032879,126.072166789662,10.8569799382229,130.245952606201,81.4314889527967,16.2886595397756,135.690761566162,191.067199707031,163.447296142578,181.437858581543,17.2325244704779,154.717926025391,107.978028535843,144.958920478821,18.465847958875,0,176.324635245583,124.923828125,52.4208471627935,92.0109348436342,129.777454376221,0,101.466076696704,104.072765774197,93.9231017617618,0,0,0,72.7952582041423,67.3577630534676,0,98.0904273986816,135.89485168457,141.769850867135,78.3579110232266,94.504971646977,0,19.9896862685996,0,135.853188514709,69.8242910173204,0,0,0,0,58.9198226903347,0,166.945785522461,0,102.756794469497,0,0,137.892864227295,137.710532474518,116.608950446634,212.32112121582,0,0,164.293510437012,111.623149326869
150.635236740112,45.8486175665984,83.954102367612,38.3016979624243,0,78.9658851623535,172.398772282387,162.050616154905,174.733569203252,109.883642877851,166.449986775716,25.3181964621967,130.245952606201,6.74731148668929,180.551120334201,180.651435852051,129.154138565063,78.6497085744684,45.6559289194334,54.4434626443045,0,138.859261406793,83.8359871970283,114.072962691144,141.659602028983,24.547877399899,29.2273541832727,17.6065952836526,156.259170687929,109.173432640407,155.128501528785,11.2971668942309,155.585547310965,149.936251831055,49.9273205572559,0,64.3122384207589,143.221589406331,44.1714442571004,0,0,0,191.767211914062,0,116.66357421875,0,81.21275583903,0,56.3785501166956,0,0,0,123.927234649658,95.9785423278809,113.796670641218,0,0,132.011093139648,171.967315673828,0,49.7861820344002,107.021933357671,103.120141370797,0,0,0,131.605575561523,0,0,132.014188766479
24.9267538959459,155.369324578179,110.775428400465,94.8047199404337,109.18082857132,19.9628121589685,31.4286380263079,43.4052744176992,19.5351046261524,85.1242230901655,42.8683683511007,136.750081689017,81.4314889527967,180.551120334201,12.467576012518,77.7601711112009,151.462194824219,120.01288242528,155.527375554464,144.029303605216,97.4532048500759,99.4471705748589,131.089490187796,102.163079219266,90.7376835038714,155.842918395996,138.088558928293,141.332047214981,96.7624675198703,23.9412871316522,67.3159172614378,167.212799919976,22.9401188363894,79.515801018682,81.9858590383787,154.306845528739,196.455123901367,181.542032591054,98.5708063003865,155.507245515522,0,152.862191772461,157.061865234375,161.675874944319,105.948394584656,154.189998033312,0,126.648244040353,0,180.379357910156,0,156.612564086914,201.016499328613,0,202.312088012695,163.85608774821,171.156215667725,148.337385813395,185.983099850741,126.493185439912,0,197.041654968262,179.670884499183,148.018090704606,175.205798921131,154.177797953288,0,0,167.272514343262,196.042268753052
94.6067822774251,110.62902879715,144.310173034668,124.685223388672,74.1435793322186,15.2652634924956,8.99073640486342,84.4368522583492,36.2932787964024,19.8129200343213,87.5773876236706,150.140838623047,16.2886595397756,180.651435852051,77.7601711112009,8.19531553532722,127.423614501953,155.127276829311,0,156.150049845378,55.8868814561425,93.4562301635742,88.1862795169537,152.452969868978,48.4719680660953,141.932245254517,164.505479431152,125.845312230727,80.9297909469379,69.5247444597263,100.114406585693,161.023651123047,33.1330022643594,103.718482168097,75.0776398446825,0,0,0,90.1339564853244,107.207787733812,0,128.037195205688,183.497970581055,166.197937011719,75.5019694737026,127.385452779134,0,85.3758430480957,0,0,87.2013816833496,0,0,0,0,87.0183113098145,0,0,219.703598022461,98.4619892835617,0,0,178.596832275391,130.167941199409,202.121673583984,0,0,0,0,211.907257080078
136.608787536621,65.7791730136406,92.5968385584214,43.0202527960952,0,0,0,114.233022562663,155.74112701416,84.5473592546251,0,114.178126380557,135.690761566162,129.154138565063,151.462194824219,127.423614501953,9.04574974412649,95.8009620813223,117.822421482631,108.574432796902,83.9048461914062,18.4696687218679,31.5963216296269,13.0484844439641,27.1598047566383,90.0443954467773,99.1309053897858,21.1814623661951,30.7362872033039,141.963653055827,81.4596522194999,138.731384277344,0,82.0491154988607,78.834629434054,119.813423156738,97.5031814575195,114.510819284539,46.3402348396762,0,0,156.074813842773,144.460805892944,181.143119812012,63.1645024617513,211.303001403809,0,183.994018554688,202.622253417969,203.394271850586,0,88.8951536495979,134.623718848595,0,144.014633178711,0,109.585879431831,50.5744026756287,93.0341277839641,126.061189751876,0,136.26993598938,107.144908933711,114.758757314374,125.994869232178,109.29032523677,0,0,117.686225891113,116.773787907192
102.965645256225,57.0163855900367,39.6191670233522,61.4251768167379,163.531939188639,157.012004179113,154.20844262441,135.997269106778,131.295684441073,130.73635961139,157.718471620141,45.6014985152653,191.067199707031,78.6497085744684,120.01288242528,155.127276829311,95.8009620813223,9.83981218734354,51.230009941031,24.002382515756,192.852005004883,59.1368755547897,75.8031337666062,25.7838692896167,123.828640894456,71.7623034885952,44.1623851744855,63.1865547407688,114.435243392409,104.209469648999,72.4577290346989,78.9089193905101,161.76052044284,86.6415462448375,36.8677566862565,181.241694132487,89.3458602318397,100.526042330582,98.0730657269878,0,0,208.098932902018,167.602694791906,202.452349090576,131.552937316895,200.952194213867,174.393707275391,0,137.955009460449,193.37185886928,0,127.451984977722,103.107436418533,0,120.255046190534,0,147.345765007867,93.0984917380593,121.147845207004,164.248577947202,134.311859130859,99.9166637261709,103.910065251384,172.205026388168,195.242219712999,155.688434753418,138.638008117676,0,136.283050537109,110.748111445729
147.495647083629,73.7879166739328,89.998850916957,68.9235137733253,0,119.662679672241,174.081344604492,190.099244181315,159.886225202442,139.761141459147,199.226081848145,26.4193877216167,163.447296142578,45.6559289194334,155.527375554464,0,117.822421482631,51.230009941031,8.06988966769655,12.841199416733,0,111.846672463924,112.317350907759,99.5665363311768,168.546434529622,45.9311794042587,24.0295871722095,55.9778410012175,154.838599709903,133.892568616224,123.965355169578,47.4420008635076,148.742233276367,117.802999814351,58.1871838522783,0,113.475262451172,133.640365600586,109.264546924167,0,0,0,0,225.210739135742,184.66748046875,0,98.4786860148112,0,113.210980928861,0,0,170.372543334961,124.879006958008,105.117225646973,111.318746673927,0,0,138.064379374186,145.529048919678,181.289352416992,78.2856519171532,107.222921339986,112.312249580471,0,211.800155639648,180.688674926758,135.159706115723,0,0,107.756141908707
133.589866862578,67.0965918167778,68.0022078822797,60.6118116031993,184.721237182617,175.012111118862,166.843916449748,163.585125537629,152.914062094032,146.439044727999,181.613710403442,31.094678833777,181.437858581543,54.4434626443045,144.029303605216,156.150049845378,108.574432796902,24.002382515756,12.841199416733,9.38112474828339,191.154022216797,92.9400618157419,97.2005118436592,68.804931113902,144.667330605643,39.5049871361774,18.9271969647828,66.0936498141368,136.769617368097,125.238088368971,105.669867616321,56.229522558359,150.870212554932,104.899337501793,42.527514997361,168.59782409668,98.9673708677292,113.905910389946,119.430176734924,201.835693359375,0,0,193.986328125,196.839340209961,194.136393229167,0,112.771728515625,0,129.756429036458,0,0,163.529531305487,109.339154776041,125.954414367676,110.023779077468,0,163.527145385742,132.699082268609,146.079113728291,201.680943806966,75.9951789038522,100.966808465459,107.050604208712,183.229665120443,193.715225219727,192.934352874756,131.640068054199,0,0,119.455260165902
99.4686760902405,145.045394897461,163.352164324592,106.11684690203,12.03470817869,121.171594456264,57.3794592842061,53.2160582200536,86.8183833045009,41.8230384520765,15.3145554951,151.376500447591,17.2325244704779,0,97.4532048500759,55.8868814561425,83.9048461914062,192.852005004883,0,191.154022216797,9.81061970428351,112.560119628906,82.2614517211914,156.928494771322,20.6235683644509,0,181.479863166809,136.480944061279,32.7242608270433,100.468579811444,128.798225879669,0,125.662807718913,93.7540269331499,96.5478061740681,0,0,208.751930236816,76.041295251181,72.7656203229984,0,149.446042841131,141.392359256744,158.568967242574,83.291013929579,142.597364355017,0,62.0223812905087,0,151.760477338518,95.037561416626,198.061401367188,0,0,0,126.629549546675,0,0,248.044540405273,105.405260959103,0,191.485694885254,200.958759307861,147.570840009554,171.517538452148,196.680038452148,0,0,219.54502360026,168.757428487142
80.0977520913071,106.083041191101,78.0533456990417,53.2535632813282,0,136.541557312012,123.89649687873,79.164051870624,107.890016497988,91.2118232363746,126.06777381897,102.335388137909,154.717926025391,138.859261406793,99.4471705748589,93.4562301635742,18.4696687218679,59.1368755547897,111.846672463924,92.9400618157419,112.560119628906,12.2624185856926,53.0516954786481,28.669369743671,48.738423115733,161.681655883789,109.751998285019,59.9805361198274,36.6016239683284,70.6585462958971,26.2361836058277,113.597724914551,132.905786514282,50.0056230252789,45.2924805111399,116.246341705322,0,137.224613117722,64.1433524908843,121.168968200684,0,152.649261474609,136.632048797607,161.603144327799,65.9126985990084,174.240482330322,0,0,0,142.74016494751,0,110.247985156614,154.590826146743,0,156.896778106689,0,110.948975912415,70.548348236084,107.726015863453,113.965780488737,0,157.913527993595,127.96945124659,116.668172067373,126.142931983584,114.517892754596,0,0,119.957492155187,118.406282010286
118.58493570181,20.7832465257085,41.9263542175293,29.5473428637789,79.0725555419922,0,127.712096744113,96.7620566428245,138.597615842466,36.4555924728362,107.950358254569,96.9253644528596,107.978028535843,83.8359871970283,131.089490187796,88.1862795169537,31.5963216296269,75.8031337666062,112.317350907759,97.2005118436592,82.2614517211914,53.0516954786481,7.76430263320552,48.2632363342717,38.6500007076819,62.6925577821985,78.8852091293668,35.7655831647784,60.8981306981632,116.599114194829,67.2731460370515,92.2592964172363,0,87.6029350974343,76.8218278080584,194.033332824707,94.9995002746582,96.4715940880053,45.0527397413102,133.459732055664,0,162.159469604492,138.634135352241,166.027481079102,34.389723072052,148.174877711705,0,0,109.050636291504,151.952082316081,0,65.6852595989521,114.300201416016,0,137.633213043213,137.434967041016,78.6649827090177,71.3525552219815,73.6834425624413,100.788746328915,0,121.282883668557,94.7142311226238,120.610816506778,138.921575927734,110.992106119792,0,0,124.697596232096,84.9448591868083
87.7253991110789,72.7192132900923,33.9777944296475,50.5429871138384,138.102916717529,145.217595542349,123.119983225106,79.837193731766,108.765303253455,105.324506103015,103.268279051418,86.9514974303165,144.958920478821,114.072962691144,102.163079219266,152.452969868978,13.0484844439641,25.7838692896167,99.5665363311768,68.804931113902,156.928494771322,28.669369743671,48.2632363342717,15.7438970762945,92.8987839221954,104.122786521912,78.8964158088251,38.8855847392478,46.4749145022374,93.8260198205238,54.2030259026119,119.285503864288,153.958783929998,77.8859370010534,50.1719828122014,169.853805541992,126.052007675171,98.4193499792659,57.762086193736,201.80086517334,183.011215209961,202.33689226423,157.454939958526,185.500802612305,112.666147793041,179.984189120206,135.384577433268,0,0,173.563651861146,0,98.6781960896083,114.447789349894,191.14306640625,146.03656463623,216.357734680176,109.902132098858,63.3590193128771,101.114216525666,147.922142326058,150.241561889648,128.915841194891,96.3044290185806,142.970485494594,154.984441375732,128.887757995605,0,0,133.417062123617,119.240350203081
90.8318585596587,78.4254183111758,116.300345432236,45.2680800892506,26.8763438938529,126.378960589973,72.9158868126691,52.5040187966613,81.5461863318642,24.5274867472368,63.2018514754067,148.68482698713,18.465847958875,141.659602028983,90.7376835038714,48.4719680660953,27.1598047566383,123.828640894456,168.546434529622,144.667330605643,20.6235683644509,48.738423115733,38.6500007076819,92.8987839221954,12.1838061883333,105.237352715164,125.422393395004,78.2482240684713,22.8827605560406,92.9566411557405,75.188227576931,156.143792152405,130.112037883085,76.014362818665,98.5178570733554,132.890796580213,157.289282480876,152.36155354608,60.2897729563088,117.856198996085,0,126.932628101071,119.093533926835,133.452702748573,63.8702876492694,125.174138943159,0,104.420764390812,0,140.368161709823,126.239762624105,116.994009571691,166.118692398071,0,193.789099121094,105.949420867428,115.11287244161,106.192250651698,134.841459018978,95.6292866196963,141.342254638672,172.29700978597,154.156991994159,115.154386848967,141.636876338237,122.043571246669,0,211.281448364258,125.800389559764,132.716125657823
0,22.9775810454773,88.6311860084534,26.272102463297,147.934326171875,0,86.8653030395508,143.244926452637,162.818664550781,92.1672607923337,0,29.665766410447,0,24.547877399899,155.842918395996,141.932245254517,90.0443954467773,71.7623034885952,45.9311794042587,39.5049871361774,0,161.681655883789,62.6925577821985,104.122786521912,105.237352715164,9.45917076972975,39.2342105415297,19.5114175244943,130.500267028809,141.308291625977,128.978916168213,42.0503606062669,0,0,64.0492987036705,0,67.3127057393392,139.715759277344,31.621280972975,0,0,0,0,0,130.749165703269,0,55.3514375125661,0,48.5159945256001,0,0,159.123184204102,97.7766036987305,79.607311630249,84.446464256004,0,0,90.0359696608323,0,144.856750488281,41.4647974099411,77.763498878479,76.6933865590767,0,0,0,80.2252818516323,0,0,65.4353512355259
122.52645426685,44.559403786781,32.94434466944,44.8341102437076,158.37904385158,184.529220706127,155.471146543334,138.019013145297,145.458982724916,123.245989110348,153.210309898606,27.0357655120765,176.324635245583,29.2273541832727,138.088558928293,164.505479431152,99.1309053897858,44.1623851744855,24.0295871722095,18.9271969647828,181.479863166809,109.751998285019,78.8852091293668,78.8964158088251,125.422393395004,39.2342105415297,11.6196143229138,25.2895473841519,129.407980126779,128.058470021992,113.315063996939,26.792797715053,185.445264180501,111.71194773272,66.362812449895,178.961822509766,92.8437259508216,99.7638556465759,88.747240364834,246.012451171875,0,195.438995361328,175.6996128874,192.201879773821,168.658323114569,202.758865356445,102.462103155595,196.367752075195,115.525022166116,186.405805645567,0,135.927587267379,98.4271192085452,111.504300317099,101.942391233977,0,146.045745567039,113.430833217076,119.59171185774,191.19738630815,78.5974780174151,92.7569320808261,96.427535965857,183.803125883404,189.87443745931,173.247425351824,122.338303999467,0,164.748126983643,108.761574146359
126.545398038976,30.0034277581085,31.0906637225893,38.1367090192602,119.496166028475,182.833061911843,147.421635874202,111.598813481732,144.986850915953,95.7442355955113,133.067625532759,55.9376015706532,124.923828125,17.6065952836526,141.332047214981,125.845312230727,21.1814623661951,63.1865547407688,55.9778410012175,66.0936498141368,136.480944061279,59.9805361198274,35.7655831647784,38.8855847392478,78.2482240684713,19.5114175244943,25.2895473841519,12.2909274414033,67.6213083167713,125.297513117317,108.771301448674,18.1701585839061,153.33618367513,121.605455196605,68.0943541169064,164.654979160854,84.9527934117301,90.3083524783575,71.2589776440031,170.139953613281,0,184.363496568468,157.626846107277,178.042272849161,142.568304273817,173.99274359809,93.6123885136501,142.823725382487,99.8049362075161,178.849545045332,0,96.723935869005,98.670263090304,98.2825112391,100.474211599313,182.715602874756,125.092128939745,59.0103081941188,96.0095596399559,149.17645401001,67.7710713727262,92.7327629354318,93.7882819844875,155.537125807542,171.496676127116,146.357226762615,108.532897547672,0,177.000212097168,107.617083711977
84.9164610287773,104.24053738334,93.938307058365,51.6656589487514,17.8078180531203,121.248059698876,63.6112521119405,24.4923863693602,84.0828175100363,54.3793385151856,28.1525458578201,132.670107599515,52.4208471627935,156.259170687929,96.7624675198703,80.9297909469379,30.7362872033039,114.435243392409,154.838599709903,136.769617368097,32.7242608270433,36.6016239683284,60.8981306981632,46.4749145022374,22.8827605560406,130.500267028809,129.407980126779,67.6213083167713,10.7256805131912,90.3982475070253,41.9677531660006,170.867937723796,133.959342787001,66.5319455408754,67.5884997561952,126.899868011475,151.696092605591,153.949068705241,68.1220138075398,71.7037056709416,230.915634155273,144.636247892637,126.571943038707,145.757489682398,70.5755693704003,144.736316758759,0,119.367569949458,0,142.112256201382,138.177750723703,112.928955486843,171.911619298598,0,185.538917541504,130.264022642771,115.127752422464,102.135790634155,134.351964182444,105.894255401167,0,177.005446800819,150.068768241189,113.784960859629,142.997944846672,116.228821020438,0,177.691520690918,125.429882791307,136.417012023926
25.4751459609003,127.290890355264,111.413397588582,85.536675923431,104.413921715433,24.6786216054427,52.2207650110027,75.9573802138524,49.4837057809116,84.0391727737074,100.984122631861,76.2504069030568,92.0109348436342,109.173432640407,23.9412871316522,69.5247444597263,141.963653055827,104.209469648999,133.892568616224,125.238088368971,100.468579811444,70.6585462958971,116.599114194829,93.8260198205238,92.9566411557405,141.308291625977,128.058470021992,125.297513117317,90.3982475070253,12.7848408222878,31.4008103491484,154.825685183207,11.3854426316707,17.8694524674852,44.7868706927048,173.455127716064,146.832899093628,173.205821173532,97.245083298002,163.850617148659,181.233596801758,173.290516444615,151.255028311662,166.118232727051,95.2397115956182,173.410883585612,169.618873596191,127.68325151716,230.147430419922,167.556628417969,0,144.563400268555,187.627914428711,148.244522094727,201.15315246582,176.355616251628,144.773496627808,131.677876281738,175.549558367048,133.76320914335,120.702827453613,182.793818155924,175.673713684082,145.417073206918,169.651223373413,144.164007747875,0,0,182.797721862793,171.913703469669
36.2204365369373,120.515628521259,81.2940954952296,56.6306690846382,102.778802490234,113.1769598684,106.745925394694,30.5971609529744,84.5657792933936,63.6779074389388,67.029347151355,107.149977523289,129.777454376221,155.128501528785,67.3159172614378,100.114406585693,81.4596522194999,72.4577290346989,123.965355169578,105.669867616321,128.798225879669,26.2361836058277,67.2731460370515,54.2030259026119,75.188227576931,128.978916168213,113.315063996939,108.771301448674,41.9677531660006,31.4008103491484,12.3783943938641,148.534845987956,116.964475795201,31.496153208272,40.5386648171296,125.080538874087,121.935466766357,160.345947884225,67.9770709998749,192.469512939453,0,171.160890960693,128.273092013354,155.128050333659,70.3994480820953,159.314192147091,0,197.115539550781,0,144.220300144619,0,114.979270935059,165.935153961182,0,203.848999023438,141.598236083984,115.218852918975,101.582955254449,131.864504555399,111.503569114423,0,171.673692491319,146.984985463759,117.575643085462,138.327918797323,117.825842948957,0,0,116.237546972326,125.853610049977
163.174331665039,73.8801797231038,82.8296402747478,68.7553496890598,0,0,176.321006774902,169.087195656516,177.637473277557,143.345369338989,178.22016398112,35.6527758949497,0,11.2971668942309,167.212799919976,161.023651123047,138.731384277344,78.9089193905101,47.4420008635076,56.229522558359,0,113.597724914551,92.2592964172363,119.285503864288,156.143792152405,42.0503606062669,26.792797715053,18.1701585839061,170.867937723796,154.825685183207,148.534845987956,7.169327037279,98.9389572143555,152.886215209961,69.1507097157565,0,154.115966796875,143.041088867188,84.2362098693848,0,0,0,0,0,0,0,94.1146519978841,0,89.9353218078613,0,0,182.874526977539,122.932205200195,128.109592437744,114.225176856631,0,0,0,150.305892944336,0,75.9115180969238,110.213604534374,114.65772405164,188.46955871582,0,0,0,0,0,125.870737075806
78.3365033248375,0,166.060492122875,119.043378829956,134.639535522461,10.0411370056383,20.189365428484,119.685405058019,26.7472193101832,127.916007995605,127.421089403557,71.2097557761452,101.466076696704,155.585547310965,22.9401188363894,33.1330022643594,0,161.76052044284,148.742233276367,150.870212554932,125.662807718913,132.905786514282,0,153.958783929998,130.112037883085,0,185.445264180501,153.33618367513,133.959342787001,11.3854426316707,116.964475795201,98.9389572143555,5.0678167418436,114.841281890869,49.7479962687339,0,0,0,131.986155192057,0,0,0,179.502248128255,0,144.072677612305,0,0,125.70955657959,0,199.944885253906,0,0,0,0,0,0,0,0,176.607727050781,175.149859619141,0,0,225.533966064453,189.261213302612,0,193.817611694336,0,0,220.957000732422,0
65.2659310658773,122.455113220215,120.06211423117,63.6280611839847,84.2851680755615,125.222262382507,95.585070515727,72.3570100067967,96.3848148433641,72.3918023170831,86.1702118459738,101.275110562642,104.072765774197,149.936251831055,79.515801018682,103.718482168097,82.0491154988607,86.6415462448375,117.802999814351,104.899337501793,93.7540269331499,50.0056230252789,87.6029350974343,77.8859370010534,76.014362818665,0,111.71194773272,121.605455196605,66.5319455408754,17.8694524674852,31.496153208272,152.886215209961,114.841281890869,8.02119253157299,25.1171555293435,109.108940124512,0,156.823804582868,71.1161520986846,157.236301422119,0,165.922348022461,137.922644528476,170.99723815918,71.9412083625793,147.638080596924,0,130.413543701172,0,178.091590881348,0,122.622412109375,0,0,0,149.258692423503,117.183753967285,0,147.995622634888,117.044360536518,0,160.351516723633,149.548835754395,123.545818282897,137.890075683594,119.559197275262,0,0,130.422286987305,164.768417358398
78.1446472901564,68.4874676631047,62.5967499094945,73.0101648517683,101.21001701355,66.718931833903,85.6494057443407,88.1657995246796,93.910999136672,91.881729105793,99.50437179579,28.7507394452311,93.9231017617618,49.9273205572559,81.9858590383787,75.0776398446825,78.834629434054,36.8677566862565,58.1871838522783,42.527514997361,96.5478061740681,45.2924805111399,76.8218278080584,50.1719828122014,98.5178570733554,64.0492987036705,66.362812449895,68.0943541169064,67.5884997561952,44.7868706927048,40.5386648171296,69.1507097157565,49.7479962687339,25.1171555293435,13.3224933844576,150.20947265625,110.958804539272,108.627847567472,81.9373144174551,197.053990681966,0,161.357172648112,152.777225008878,182.759573364258,77.7808364232381,176.601485032302,120.068851470947,140.819775899251,151.968605041504,173.191257476807,0,124.446024808017,122.387161398834,147.943145751953,139.525493303935,201.582656860352,128.981393432617,88.3985857282366,115.809647892627,127.783801932084,142.198138150302,124.097177791595,113.00685422233,140.733830210927,166.350378770095,131.964364188058,0,0,138.345753479004,140.446182861328
0,0,172.963455200195,65.481502532959,0,0,171.916300455729,136.80673828125,165.40809413365,146.761581420898,0,0,0,0,154.306845528739,0,119.813423156738,181.241694132487,0,168.59782409668,0,116.246341705322,194.033332824707,169.853805541992,132.890796580213,0,178.961822509766,164.654979160854,126.899868011475,173.455127716064,125.080538874087,0,0,109.108940124512,150.20947265625,10.8295407934704,128.989837646484,98.1396567821503,67.1036576923571,87.2896096365792,87.9750747680664,75.2801325871394,28.1733800606173,60.634128054794,62.2917819580474,86.1040965049498,119.601823574159,105.61028943743,141.193457285563,13.2847232670333,30.6773405075073,87.1114677429199,95.9930174972968,123.216256141663,108.192278462072,82.4904106140137,79.7306247438703,95.9788175310407,93.0539871851603,70.0828909118319,0,101.161796082842,120.316658794016,80.3125542840893,19.386258078994,19.2002265194962,0,0,31.5639031239356,68.000001013934
0,93.1986157553537,78.9122137081851,43.0538188048771,0,0,0,174.719100952148,180.817481994629,136.785572052002,174.577331542969,101.813837051392,0,64.3122384207589,196.455123901367,0,97.5031814575195,89.3458602318397,113.475262451172,98.9673708677292,0,0,94.9995002746582,126.052007675171,157.289282480876,67.3127057393392,92.8437259508216,84.9527934117301,151.696092605591,146.832899093628,121.935466766357,154.115966796875,0,0,110.958804539272,128.989837646484,6.28156940945724,40.425817563338,14.7554802694152,0,0,118.026229858398,117.99828175136,0,60.7548045857747,138.596725463867,57.4835332723764,112.837326049805,54.2934679628409,163.125012715658,104.939074776389,44.2043422352184,51.9909849824577,66.13147517613,55.4991581555709,0,89.1392009569251,18.0921506528277,68.0556362521264,88.6287784806217,26.130450880474,42.826426826437,30.0566243513921,119.40278665643,138.729455947876,117.497327804565,73.6706766401018,0,141.334503173828,62.150989088465
155.217720879449,94.6348321814286,90.5181354329449,94.3480117797852,197.657920837402,217.049850463867,203.647314453125,180.146210129197,185.845245599747,160.244907725941,196.560107838024,133.906047474254,0,143.221589406331,181.542032591054,0,114.510819284539,100.526042330582,133.640365600586,113.905910389946,208.751930236816,137.224613117722,96.4715940880053,98.4193499792659,152.36155354608,139.715759277344,99.7638556465759,90.3083524783575,153.949068705241,173.205821173532,160.345947884225,143.041088867188,0,156.823804582868,108.627847567472,98.1396567821503,40.425817563338,9.88186119279659,44.0900970737777,135.584700448172,157.057947794596,123.655394893582,90.1419996025432,115.588984529092,112.688715727433,113.433176698585,80.0811543671981,165.783771221454,83.4022445678711,106.157325196529,131.258974347796,86.0782783637613,36.3851081544631,98.5454322814941,65.915864080753,156.783952713013,73.4796479046345,42.3215073469643,26.529188119862,106.319120716845,0,17.968993798227,27.9376164326301,85.9571129970325,126.226264423385,71.0149576586462,78.5638144356864,158.203924560547,119.566379547119,60.6502615536938
85.3464910333807,62.349188486735,91.6232902337305,33.6541604112696,79.519650888967,132.402188618978,97.4723636839125,81.1460310086337,94.2613758307237,23.8690844022927,93.5188230690381,110.39494450887,72.7952582041423,44.1714442571004,98.5708063003865,90.1339564853244,46.3402348396762,98.0730657269878,109.264546924167,119.430176734924,76.041295251181,64.1433524908843,45.0527397413102,57.762086193736,60.2897729563088,31.621280972975,88.747240364834,71.2589776440031,68.1220138075398,97.245083298002,67.9770709998749,84.2362098693848,131.986155192057,71.1161520986846,81.9373144174551,67.1036576923571,14.7554802694152,44.0900970737777,36.2717566722148,61.4163063579702,112.297760009766,79.809639256175,65.0834406895633,83.12158452996,29.6673411658747,75.3887315011914,76.1850119272868,46.0477472091104,44.6397162450155,81.1270217272191,39.5556915652367,39.4766942468062,58.1339100364114,60.6583867073059,56.9061987393731,58.7528389284275,49.3310368844581,35.3774198855092,45.5898047505392,34.0147026591499,23.4025468908993,43.7079645237526,40.6280696403046,56.0485412395797,78.0568421233244,54.2764047050771,71.892303943634,137.888931274414,56.0509292393515,65.0866734193029
