11.1095618236655,139.19671681722,96.8018614279257,90.5381027344734,86.5521375695053,82.5407666293058,72.7821105364207,31.165725146967,33.9576541661422,85.2042211992987,44.3760240686701,122.365293554358,80.6106239318848,0,18.3814447929589,76.5141160147531,139.62970322829,104.685168701925,146.644098758698,133.320175276862,112.538761901855,80.6647435380666,141.413242340088,86.3121705867432,82.4001657839175,146.419097900391,137.783243165399,131.815718160245,72.0353000351145,16.2606597381977,28.6545722063026,0,86.9657458137063,52.2362089707301,70.0205572558573,155.149047851562,0,0,98.1874593098958,203.050827026367,0,180.485870361328,0,184.998527526855,0,194.192024230957,0,0,0,198.582447052002,0,0,208.770538330078,0,219.506072998047,0,0,167.658142089844,184.158493041992,134.251173836844,0,185.244110107422,193.141235351562,142.861079624721,175.562652587891,184.64485168457,0,0,155.251388549805,171.744467163086
139.19671681722,8.94924003433872,63.4816634547603,19.7679566812835,165.865605672201,139.558535257975,159.345326741536,119.408101654053,151.781972503662,82.2426678821294,165.452225821359,72.0472640067555,104.111388397217,62.448184415472,166.357986450195,118.721738228431,63.3810190935747,59.6071640830123,78.682338305882,63.6243984886604,130.043991088867,105.337703323364,24.19643627937,86.8565217971802,80.779978043512,25.0273535249977,61.9856526856759,31.9148397335804,114.782950331525,138.537217821394,119.73272450765,74.5207476823226,0,101.961685180664,62.4845606557439,0,59.9762306213379,0,66.4427963256836,213.029281616211,0,0,0,0,0,0,134.967478942871,0,103.548225947789,0,0,0,127.286056518555,141.235153198242,153.368453979492,0,0,36.8732624053955,147.911285400391,115.274394989014,87.0336633162065,123.617840085711,144.030790710449,190.006401062012,0,0,116.152397155762,0,0,151.367797851562
96.8018614279257,63.4816634547603,11.9885851185036,63.7872828561089,120.448788804274,183.143714904785,135.551897673014,99.5204226497859,123.348958229905,123.751986375496,129.873944879347,99.2735146187447,143.24797185262,107.823543407299,122.239800559868,144.486126491002,86.7897519593192,50.4323519528526,94.9902235269547,75.6656630026139,147.175173950195,59.6373519226909,81.7751118093729,28.1056046185533,111.622845121792,107.189585418701,29.77129614188,34.6888885782044,91.9182466028645,127.196347803102,86.9963766560696,117.572376417077,167.853408813477,120.757558761104,79.7283563006683,161.280517578125,73.1513888041178,108.632040324964,81.216862487793,0,0,0,185.047854105632,202.828481038411,0,165.473678588867,149.251139322917,0,150.365887959798,184.345520019531,0,147.917058308919,119.329244613647,152.12746887207,120.397065983262,0,148.280851745605,117.488548865685,133.478800156537,170.053812026978,115.277154922485,117.921217265882,126.106285873724,172.39685344696,211.40446472168,165.342761230469,162.16194152832,0,0,123.161298479353
90.5381027344734,19.7679566812835,63.7872828561089,15.0371843020418,70.1359768328459,111.964838663737,91.1282224984005,67.8835404425963,106.584051305597,32.7470589630912,86.2651433693735,59.4903769384731,92.0097461027258,44.4903581532267,111.069993082682,107.094220352173,50.8422156610797,64.4808704578553,69.0679532219382,58.1325654669122,94.2622482776642,75.2841084626344,44.116991370627,94.5276338709225,47.879107381244,21.6839808759649,57.2307699572899,55.5163914793629,61.9304157642584,98.0318639463437,69.8987614067583,62.6319372389052,136.808743794759,79.4510467606361,75.9617977002088,93.6130844116211,14.1913860411871,49.2614417757307,15.7260805145304,81.0110203136097,0,103.292631066364,85.3157232876482,109.400561218262,11.4160564818033,108.465499030219,84.2904932940448,115.728324890137,57.0220003128052,123.00822019577,152.837600708008,80.8560396830241,70.0603129621865,76.4446029663086,68.6977089057534,99.4210290908813,72.6450977325439,8.39947776233449,93.8814357410778,69.9460537531605,33.1057778925136,64.1839674792243,74.4257787172912,71.2178899150784,102.365186214447,87.4379229736328,83.239826965332,155.885261535645,88.1064346313477,90.9262894421089
86.5521375695053,165.865605672201,120.448788804274,70.1359768328459,9.03643640183707,120.510330200195,62.695906726753,53.0391174701416,90.0345898825547,40.902381761594,30.1502726206289,175.20369720459,27.7166511736528,165.14225769043,111.219777689352,62.0693060457706,69.2809867858887,165.173926102488,178.383483886719,180.908336094448,12.2254415428231,115.926437826718,89.7024803161621,127.823992829574,19.4550796210828,178.559097290039,151.75953909067,137.490316655086,17.2830490157331,102.347854472316,80.4283900129686,0,156.371284484863,88.6013163328171,110.187941399173,228.298736572266,0,0,83.993273417155,13.0445793718495,0,160.558846155802,145.633765326606,160.495630645752,102.468677520752,137.017815862383,0,14.1986063580388,0,172.845280647278,83.8555908203125,0,190.983131408691,0,0,36.063498597045,0,145.67333984375,0,90.4548949383675,0,224.463104248047,0,85.637039231091,169.671394935021,162.494328816732,0,218.292434692383,174.485549926758,161.643616676331
82.5407666293058,139.558535257975,183.143714904785,111.964838663737,120.510330200195,7.27172458503347,8.8503750337638,122.612112606273,21.7064000541858,50.6476378553496,118.22210559845,65.8393914269619,66.4685655212402,85.7060966491699,31.7769235491128,13.9116687366094,0,165.56864590115,98.3794212341309,196.235252380371,85.7594650268555,123.676243591309,101.098943074544,160.375247107612,106.26474571228,179.170399983724,186.63207244873,185.103972801795,140.50779800415,25.5239028225161,114.93704847856,0,12.5769332954064,86.7108764648438,41.1305549369668,0,0,0,0,0,0,0,0,0,0,247.091247558594,0,0,0,0,0,0,0,0,0,135.809692382812,0,0,0,180.794982910156,0,0,0,0,0,0,0,0,0,0
72.7821105364207,159.345326741536,135.551897673014,91.1282224984005,62.695906726753,8.8503750337638,10.7755489203986,57.4208896854708,19.5961536813144,72.6836133164626,26.5363770868094,78.8867916927159,23.16071476234,114.34243927002,28.9302130808973,11.4766315611619,138.058983435998,155.479717490947,144.860219319661,173.649654626846,44.2822950525422,114.397883847763,137.177676200867,120.654907942997,75.8284790255081,178.98664855957,165.292574251079,151.132928652184,62.7529555425927,36.0137150030955,93.4664339952066,107.070755004883,23.5528907282456,100.303353309631,67.3768487026122,166.076995849609,0,220.623397827148,112.041313171387,167.237077218515,0,179.025726318359,161.848510742188,196.124120858999,110.25910949707,171.32384784405,0,145.349733670553,0,198.949541219076,181.906814575195,0,220.532928466797,0,0,174.993762546115,0,0,221.346130371094,136.690619945526,0,0,209.630971272786,167.630173698304,200.848004659017,144.510406494141,0,0,171.522537231445,194.131271362305
31.165725146967,119.408101654053,99.5204226497859,67.8835404425963,53.0391174701416,122.612112606273,57.4208896854708,10.7072944387967,53.9433718143948,58.9893328702008,19.2481256565963,160.08876991272,57.270663332258,189.469085693359,45.2192491543623,84.0479468068769,92.6700003774543,113.239115011953,149.415441513062,149.780142015026,85.5018353095421,71.7858305857961,93.4553485197179,82.348693945469,52.9685396798359,0,139.40332125001,117.024187898535,28.6886130156747,66.1500723345343,19.4790539352593,0,128.800369262695,75.9192104544691,95.5805874819255,165.542562484741,0,0,96.2961459159851,158.21053314209,0,161.404854910714,129.722304849064,179.153618706597,0,152.656944861779,0,127.210893630981,0,175.204025268555,0,138.900672912598,0,0,192.614547729492,155.934745788574,140.830816268921,92.9835688273112,181.658996582031,107.195234420452,0,198.583526611328,200.883483886719,136.631902208515,164.005130343967,150.575199672154,0,231.553298950195,147.883377075195,175.88158641142
33.9576541661422,151.781972503662,123.348958229905,106.584051305597,90.0345898825547,21.7064000541858,19.5961536813144,53.9433718143948,9.23150792884424,93.3196985032823,33.341377180537,78.642724673792,68.8977903358398,120.732870101929,16.0153547063348,28.6462919906334,157.299498098868,134.980733642578,152.488839594523,159.222947336012,86.8448386125162,104.435718384767,162.922960801558,112.466949088724,91.7876442942018,208.244285583496,155.330991005744,145.423016848189,81.1146488881293,34.5326738632056,79.4502422891302,161.897530555725,16.5592663506738,70.3184454781669,62.7189019194477,213.538808186849,149.987213134766,0,116.246695200602,169.284451293945,0,188.270392100016,163.113673618862,204.321425217849,190.058738708496,186.930816650391,0,176.216156005859,0,205.047189076742,0,159.860916137695,208.030639648438,0,207.414222717285,141.311228434245,0,108.55517578125,182.954002380371,145.916308867626,0,205.167505900065,229.580425262451,174.856112572455,196.687794276646,187.04234568278,0,0,185.865458170573,205.441802978516
85.2042211992987,82.2426678821294,123.751986375496,32.7470589630912,40.902381761594,50.6476378553496,72.6836133164626,58.9893328702008,93.3196985032823,7.43152825193243,70.7113294270512,138.907535406259,15.4571853987058,131.293106079102,104.92741074673,21.0156071903929,88.3276589005082,130.689871534789,147.21080641313,137.978793602863,18.8755268714925,93.0793269323924,17.6196130471352,114.99495863536,18.0266532527373,108.324306122003,133.610964879965,125.402626965281,56.951241859018,89.4917537833,63.8448795464935,149.844660914221,115.415080479213,69.1228400336371,94.887576057171,114.513969421387,0,214.282119750977,23.5720169830322,88.9130402389838,0,103.380446661086,88.8485849168566,114.943465423584,16.0281539945041,96.8082046508789,169.797678629557,94.2516065526892,165.126310560438,144.820532578688,0,114.055988311768,227.595504760742,191.418579101562,0,95.9886860656738,121.220352172852,58.6283175150553,162.589214324951,65.5646315035613,170.33814239502,221.274795532227,175.069271087646,86.0288696986873,126.853093764361,118.029882158552,0,177.958160400391,103.041770935059,125.870664324079
44.3760240686701,165.452225821359,129.873944879347,86.2651433693735,30.1502726206289,118.22210559845,26.5363770868094,19.2481256565963,33.341377180537,70.7113294270512,11.9009990488535,162.121296691895,25.6275683940719,152.481491088867,18.7916201981966,78.5526794805759,112.219547748566,162.384131908417,205.100289916992,186.795953924006,16.0887609057874,104.236138126306,107.305257797241,115.888577871612,60.2113366441709,0,164.916899639627,151.39929155203,32.2648265929296,103.659600237231,82.76074795101,0,133.096915562948,94.3771403386043,112.369173336652,161.713296508789,0,212.904510498047,103.924341089585,155.872167851375,0,173.358816146851,157.350401485668,187.371071370443,111.481643676758,162.165615081787,0,119.156465581945,0,190.412723043691,191.109939575195,0,0,0,220.826766967773,147.437452778672,190.22688293457,0,202.675727844238,125.77984970335,236.396636962891,227.745399475098,0,154.668112325988,193.755293528239,0,0,233.429016113281,192.310859680176,198.809538099501
122.365293554358,72.0472640067555,99.2735146187447,59.4903769384731,175.20369720459,65.8393914269619,78.8867916927159,160.08876991272,78.642724673792,138.907535406259,162.121296691895,11.5699003945195,136.398523966471,17.9122097240276,72.7966505452889,160.002106984456,130.767759050642,57.3243354988331,20.5182712858093,25.6909398863699,181.064758300781,122.184347243536,108.788091326517,111.264686414931,151.832325501875,29.1883395417577,28.4753450971042,65.8126536351631,164.028091112773,64.7822609390781,122.782427805775,38.80177286456,65.0961268804606,119.827487652118,25.9792315961603,0,93.4159905569894,0,85.3152458667755,0,0,0,0,0,0,0,83.5067570495605,0,72.2711844598093,186.336044311523,0,0,169.504636492048,112.093814214071,122.039573082557,0,0,0,140.599906921387,176.04606628418,63.4067698539572,100.167171199147,101.705878401456,185.375030517578,204.418746948242,219.355537414551,96.2652050898625,0,0,127.326871871948
80.6106239318848,104.111388397217,143.24797185262,92.0097461027258,27.7166511736528,66.4685655212402,23.16071476234,57.270663332258,68.8977903358398,15.4571853987058,25.6275683940719,136.398523966471,11.5286721208299,155.935455322266,94.3609561500969,16.9809800096921,169.556312561035,168.836866106306,0,157.012451171875,16.2831753878378,119.705416361491,88.7089148627387,129.027105058943,19.5612484818548,148.647542317708,160.932134454901,149.358943786621,45.7192094446794,108.591023763021,107.528744379679,0,117.381194481483,114.049815368652,122.054008483887,0,0,0,139.331199645996,153.324212646484,0,196.403802490234,169.835090637207,183.340326944987,86.6527328491211,187.193918863932,0,12.8277675238523,0,201.938362121582,0,0,0,0,0,25.3056718707085,0,0,0,120.929042816162,0,0,211.351547241211,158.729395866394,183.104680379232,0,0,0,247.753326416016,146.492919921875
0,62.448184415472,107.823543407299,44.4903581532267,165.14225769043,85.7060966491699,114.34243927002,189.469085693359,120.732870101929,131.293106079102,152.481491088867,17.9122097240276,155.935455322266,7.79166139190371,106.73036315918,177.297141075134,134.595813751221,96.6986430775035,56.6231439875294,67.3823605510924,0,125.321650187174,98.1429654483137,133.57025177002,137.423922087017,19.0389718883348,36.4782813840086,39.1290242113127,180.462666829427,89.9644660949707,155.644703456334,17.179585076767,89.5973922729492,157.14427947998,65.1466875285128,0,78.1276909964425,133.700103759766,63.6841498407824,0,0,0,0,0,163.167678833008,0,80.4028301915378,0,70.5161356818747,192.550735473633,0,0,150.24942779541,97.7307937375961,117.815560840425,0,0,0,223.111785888672,0,59.1036301097651,89.4687326915229,89.7183398537923,192.93920135498,0,0,88.7534118484665,106.676612854004,0,110.629246711731
18.3814447929589,166.357986450195,122.239800559868,111.069993082682,111.219777689352,31.7769235491128,28.9302130808973,45.2192491543623,16.0153547063348,104.92741074673,18.7916201981966,72.7966505452889,94.3609561500969,106.73036315918,9.53426544337396,30.4548214648632,143.291286087036,125.095716229719,127.623381500244,147.930988202776,104.926451943137,105.02185669094,169.005011338454,112.441677347389,102.002062732687,153.552154541016,149.311394346862,151.045036603458,97.141490242698,24.7386931811411,64.0883224484758,133.378851572673,16.7807441331204,47.5031724990682,50.3302997382781,202.82445526123,0,0,131.246822357178,222.076599121094,0,210.387878417969,180.503359476725,214.006830851237,0,220.480102539062,0,0,0,204.708925519671,0,166.55859375,195.791801452637,0,212.28010559082,166.491683959961,0,0,217.89022064209,164.539433670044,0,0,220.248751831055,174.711089305389,190.926369561089,200.220021565755,0,0,207.809860229492,217.360569545201
76.5141160147531,118.721738228431,144.486126491002,107.094220352173,62.0693060457706,13.9116687366094,11.4766315611619,84.0479468068769,28.6462919906334,21.0156071903929,78.5526794805759,160.002106984456,16.9809800096921,177.297141075134,30.4548214648632,8.07061063890281,0,158.425446551779,196.798713684082,173.463972303602,55.8744635015101,120.273388332791,73.5599967212212,136.760787963867,46.5991529570685,148.261645294899,172.381285667419,159.896624141269,86.2747798495822,56.7378211388221,114.466833326552,181.509967803955,36.3346644940584,112.162622451782,94.4166698455811,0,0,0,46.0435562133789,103.167739868164,0,192.824630737305,0,0,0,0,0,0,0,0,0,0,181.074554443359,0,0,0,0,0,0,113.609962463379,0,219.849182128906,0,133.750773111979,0,0,0,0,0,0
139.62970322829,63.3810190935747,86.7897519593192,50.8422156610797,69.2809867858887,0,138.058983435998,92.6700003774543,157.299498098868,88.3276589005082,112.219547748566,130.767759050642,169.556312561035,134.595813751221,143.291286087036,0,12.1357415634477,102.184084521261,135.41054058075,121.461871147156,201.152404785156,19.4564872209206,33.9557287863323,29.1162631972815,48.383423123949,105.541220528739,112.481775372686,31.6793153359601,41.7650922164651,140.660991668701,74.4256429316519,137.627708435059,0,89.3547206454807,86.3646091174528,133.241380310059,108.436459859212,142.990264892578,92.3920387268066,110.42440032959,0,0,142.742239379883,205.358380126953,62.008430480957,168.884246826172,0,0,0,143.341893513997,0,113.857046699524,121.478322347005,0,150.38569132487,0,115.892067099517,61.4340427782409,114.407406234741,128.555072021484,169.785659790039,170.903204345703,133.774342128209,125.849626848775,178.158088684082,125.35820879255,0,0,159.388862609863,165.069427490234
104.685168701925,59.6071640830123,50.4323519528526,64.4808704578553,165.173926102488,165.56864590115,155.479717490947,113.239115011953,134.980733642578,130.689871534789,162.384131908417,57.3243354988331,168.836866106306,96.6986430775035,125.095716229719,158.425446551779,102.184084521261,10.3908550316705,58.6298113148769,21.6163674587558,190.068641662598,55.8833441263332,91.5738302042455,37.5140182309534,129.479128417224,81.7430324157079,34.7007831838282,69.9889733813693,115.997795389265,107.074660730259,75.220962168914,99.6018827010174,175.272946444425,103.283961448117,35.1582155153376,179.002319335938,94.4363479614258,115.686193395544,69.2436629314812,0,0,0,174.376121520996,212.699272155762,184.281860351562,0,137.50856590271,0,161.747051239014,218.219232177734,0,173.439311981201,128.140162856491,151.632598876953,124.161912224509,0,181.026428222656,133.938349405924,157.189427827534,197.252462387085,101.821435546875,124.527263775206,136.114330393023,197.873120117188,221.947986178928,179.190436623313,147.593444824219,0,199.811447143555,121.71372127533
146.644098758698,78.682338305882,94.9902235269547,69.0679532219382,178.383483886719,98.3794212341309,144.860219319661,149.415441513062,152.488839594523,147.21080641313,205.100289916992,20.5182712858093,0,56.6231439875294,127.623381500244,196.798713684082,135.41054058075,58.6298113148769,9.20912851165117,19.9065664653309,0,125.52208992287,112.847959331438,107.531799825033,156.613316345215,49.2364831240672,30.0580692780917,72.2743916126556,168.623579406738,132.937924030399,130.225516871402,61.4890497239788,105.635326385498,154.592395782471,53.6272665989108,0,126.635175704956,176.55973815918,85.2951923717152,0,0,0,0,0,0,0,120.573008728027,0,100.532774861654,0,0,0,161.143422444661,106.714849472046,132.151432991028,0,199.473373413086,0,176.465354919434,0,81.4889537669994,111.881025065546,112.149994030333,0,0,0,0,0,0,126.24373626709
133.320175276862,63.6243984886604,75.6656630026139,58.1325654669122,180.908336094448,196.235252380371,173.649654626846,149.780142015026,159.222947336012,137.978793602863,186.795953924006,25.6909398863699,157.012451171875,67.3823605510924,147.930988202776,173.463972303602,121.461871147156,21.6163674587558,19.9065664653309,9.58477313866477,0,98.8090271327807,98.1732957538806,92.5807105192901,144.25143765677,54.4912769725022,33.218029854143,70.9243734371005,146.401698545976,130.120458270909,112.547246591204,73.7817607879639,137.005748748779,122.28576138145,36.8840285292879,0,81.2041786193848,138.332038879395,72.4356547940162,0,0,247.523376464844,0,0,0,0,116.07915687561,0,138.760713849749,244.817474365234,0,0,127.484191470676,123.216360473633,125.042731945331,0,0,128.972747802734,176.052055358887,161.633636474609,80.4644894070096,117.611506592994,124.424269640887,220.234092712402,0,0,149.773330688477,0,0,118.524909973145
112.538761901855,130.043991088867,147.175173950195,94.2622482776642,12.2254415428231,85.7594650268555,44.2822950525422,85.5018353095421,86.8448386125162,18.8755268714925,16.0887609057874,181.064758300781,16.2831753878378,0,104.926451943137,55.8744635015101,201.152404785156,190.068641662598,0,0,8.99667687806055,136.435073852539,149.413520812988,155.004597003643,23.6774570742133,0,166.963818359375,170.900912693569,26.1222339360899,117.344030874747,97.4899559020996,0,123.305305480957,0,110.452176094055,0,0,0,81.6834945678711,146.721249389648,0,169.600024414062,152.519109090169,168.447616577148,0,171.967548370361,0,18.9228984139182,0,201.314476013184,0,0,0,0,0,37.7616326158697,0,0,0,132.071499023437,0,0,0,154.238136672974,200.167315673828,0,0,0,0,0
80.6647435380666,105.337703323364,59.6373519226909,75.2841084626344,115.926437826718,123.676243591309,114.397883847763,71.7858305857961,104.435718384767,93.0793269323924,104.236138126306,122.184347243536,119.705416361491,125.321650187174,105.02185669094,120.273388332791,19.4564872209206,55.8833441263332,125.52208992287,98.8090271327807,136.435073852539,11.3161658516925,61.6204640070597,28.2764377807695,58.0896717209953,108.99843788147,115.146680598789,71.2038846206158,30.3132525840073,83.9873616722709,30.043586204474,133.785781860352,132.516023635864,70.8146932062113,48.8445219912975,147.261795043945,169.007751464844,148.650604248047,95.6470832824707,0,0,201.347633361816,186.905705769857,219.541664123535,64.6925354003906,0,182.694381713867,0,0,212.28724822998,0,123.24248863669,164.939791870117,0,157.894844055176,0,126.897633408055,73.0279114222763,129.65994720459,143.399565124512,0,0,159.560186767578,137.458027232777,177.731234463778,144.179165431431,0,0,178.791687011719,168.437549167209
141.413242340088,24.19643627937,81.7751118093729,44.116991370627,89.7024803161621,101.098943074544,137.177676200867,93.4553485197179,162.922960801558,17.6196130471352,107.305257797241,108.788091326517,88.7089148627387,98.1429654483137,169.005011338454,73.5599967212212,33.9557287863323,91.5738302042455,112.847959331438,98.1732957538806,149.413520812988,61.6204640070597,8.4396844545204,59.3338628576537,23.6559060683316,73.7487186272939,95.5362265608318,50.6280792335034,56.9561935344212,128.313609107066,67.4650636517439,113.576468045594,0,102.899144308908,94.5275266284034,0,48.5899925231934,82.682243347168,91.7860536575317,0,0,156.099594116211,0,0,44.6898122934195,0,143.298069000244,0,146.234153747559,156.377922058105,0,64.4033607906765,188.308447265625,0,122.272481645857,0,82.184843911065,9.28420956631502,75.0118378003438,63.5573544502258,135.137357711792,129.851277669271,106.913489151001,88.1110553741455,151.723556518555,100.033576011658,121.819774627686,0,0,153.429458618164
86.3121705867432,86.8565217971802,28.1056046185533,94.5276338709225,127.823992829574,160.375247107612,120.654907942997,82.348693945469,112.466949088724,114.99495863536,115.888577871612,111.264686414931,129.027105058943,133.57025177002,112.441677347389,136.760787963867,29.1162631972815,37.5140182309534,107.531799825033,92.5807105192901,155.004597003643,28.2764377807695,59.3338628576537,17.3150008470151,90.7148628346596,124.931201228389,76.453485885408,44.8301148377865,62.9806181037522,102.882328426188,58.0275221009506,125.04975382487,154.002282778422,90.4460817224839,56.0636155834072,191.316874186198,69.7601903279622,131.260121917725,118.915875969864,175.179931640625,0,191.305892944336,171.053802490234,207.963424682617,128.244891166687,0,154.612098693848,165.263610839844,171.289566040039,208.135052490234,0,120.057417678833,136.132856941223,191.549301147461,146.853435717131,0,134.232351639692,76.664668743427,131.048472528872,153.576803107011,148.465187072754,157.148647944132,148.23438840299,153.718298681851,198.458358764648,156.381779670715,202.702667236328,0,207.222351074219,175.036999003092
82.4001657839175,80.779978043512,111.622845121792,47.879107381244,19.4550796210828,106.26474571228,75.8284790255081,52.9685396798359,91.7876442942018,18.0266532527373,60.2113366441709,151.832325501875,19.5612484818548,137.423922087017,102.002062732687,46.5991529570685,48.383423123949,129.479128417224,156.613316345215,144.25143765677,23.6774570742133,58.0896717209953,23.6559060683316,90.7148628346596,11.158154480849,108.253478450354,134.677139796473,98.2515172049915,24.646814552635,91.1111738087279,67.2652667671794,157.207427053741,138.551481882731,78.771651169748,96.1231063602267,142.705654285572,119.123626708984,172.589465054599,71.7582971832969,117.537570782562,0,140.554646666621,130.314178345695,150.949751383464,76.3929288527545,124.015497684479,234.793365478516,117.191732406616,185.983459472656,162.976062155177,154.086761474609,138.480727513631,181.57761591131,215.228019714355,193.073732648577,126.20898828751,125.104810714722,73.6654012579667,152.1276512146,35.1470642106723,0,171.186621856689,173.77721949986,117.113773240209,152.946447885953,138.829527403179,0,204.504638671875,147.1508202186,152.18451418735
146.419097900391,25.0273535249977,107.189585418701,21.6839808759649,178.559097290039,179.170399983724,178.98664855957,0,208.244285583496,108.324306122003,0,29.1883395417577,148.647542317708,19.0389718883348,153.552154541016,148.261645294899,105.541220528739,81.7430324157079,49.2364831240672,54.4912769725022,0,108.99843788147,73.7487186272939,124.931201228389,108.253478450354,7.68768360850359,46.5698702546348,23.8911686410687,157.071489969889,115.769219831987,146.286307594993,48.6437788209995,0,0,66.386262301741,0,59.6748873392741,0,44.2572228281121,0,0,0,160.216690063477,114.802925109863,0,0,70.5275340080261,0,62.8103539987576,0,0,0,86.6432774861654,79.1277335484823,79.5654283606488,0,177.561622619629,97.0236186981201,135.767354329427,0,42.7600302722003,72.9689787818251,73.7031219913567,0,138.227600097656,0,79.805865531744,0,0,129.160943603516
137.783243165399,61.9856526856759,29.77129614188,57.2307699572899,151.75953909067,186.63207244873,165.292574251079,139.40332125001,155.330991005744,133.610964879965,164.916899639627,28.4753450971042,160.932134454901,36.4782813840086,149.311394346862,172.381285667419,112.481775372686,34.7007831838282,30.0580692780917,33.218029854143,166.963818359375,115.146680598789,95.5362265608318,76.453485885408,134.677139796473,46.5698702546348,13.5373470987476,41.4213581502523,140.954378993381,146.783772903739,124.909643200662,22.227300572152,162.967241287231,143.520868937174,69.1407801883218,195.70198059082,73.7766935030619,116.089903695243,67.9330996441585,220.824142456055,0,240.872581481934,195.566324869792,246.401657104492,0,0,114.23407857011,0,93.1325150818384,205.23356628418,0,176.514185587565,127.120466868083,106.670371704102,122.476556638392,0,162.670700073242,123.385652542114,160.452037811279,163.386396408081,72.5400612063524,102.064725583738,106.608314637941,203.324281964983,206.674743652344,177.582656860352,106.014555408109,0,0,129.785857790992
131.815718160245,31.9148397335804,34.6888885782044,55.5163914793629,137.490316655086,185.103972801795,151.132928652184,117.024187898535,145.423016848189,125.402626965281,151.39929155203,65.8126536351631,149.358943786621,39.1290242113127,151.045036603458,159.896624141269,31.6793153359601,69.9889733813693,72.2743916126556,70.9243734371005,170.900912693569,71.2038846206158,50.6280792335034,44.8301148377865,98.2515172049915,23.8911686410687,41.4213581502523,17.9665617273529,83.6442058329086,145.753998645451,111.914888605341,22.6911682753996,190.700630187988,128.968734236325,73.9238607373541,185.978225708008,74.2835737864176,128.233409669664,83.0286243097569,0,0,204.346172332764,178.238852867713,213.020375569661,89.4653701782227,204.961221313477,109.788816476797,0,95.0781582442346,196.129855685764,0,150.578024183001,127.289096321647,112.946428908515,128.274134794871,0,146.683320787218,87.9479689788818,140.118866265989,137.322228096627,74.9124420416747,105.323436714752,107.410214592429,160.248850080702,198.449587504069,170.252325618968,109.305390555904,0,173.451736450195,133.340563069219
72.0353000351145,114.782950331525,91.9182466028645,61.9304157642584,17.2830490157331,140.50779800415,62.7529555425927,28.6886130156747,81.1146488881293,56.951241859018,32.2648265929296,164.028091112773,45.7192094446794,180.462666829427,97.141490242698,86.2747798495822,41.7650922164651,115.997795389265,168.623579406738,146.401698545976,26.1222339360899,30.3132525840073,56.9561935344212,62.9806181037522,24.646814552635,157.071489969889,140.954378993381,83.6442058329086,12.9638845612066,93.8146462670129,43.0091961333092,174.46118927002,132.714109693255,70.8680607129943,72.4466248892953,138.112229388693,139.965377807617,174.424463272095,78.3626070248572,148.185523421676,0,157.436948776245,134.576983840377,171.75744327279,75.2296228119821,161.733627128601,213.619979858398,70.5542094442579,0,168.361365812371,157.92512512207,130.762614440918,203.471547444661,193.34602355957,194.947471618652,138.546583504512,129.061266931994,71.4779461026192,158.367594401042,114.509322476286,0,195.311212158203,167.645221165248,129.273294681456,159.297424556324,138.028542911305,0,196.46696472168,149.13355255127,156.148230733751
16.2606597381977,138.537217821394,127.196347803102,98.0318639463437,102.347854472316,25.5239028225161,36.0137150030955,66.1500723345343,34.5326738632056,89.4917537833,103.659600237231,64.7822609390781,108.591023763021,89.9644660949707,24.7386931811411,56.7378211388221,140.660991668701,107.074660730259,132.937924030399,130.120458270909,117.344030874747,83.9873616722709,128.313609107066,102.882328426188,91.1111738087279,115.769219831987,146.783772903739,145.753998645451,93.8146462670129,11.5085841672564,31.6741583225302,142.176888359918,15.1882810506378,17.9430737287982,38.9632952783487,184.753437922551,170.954360961914,0,109.059135969295,222.13232421875,0,195.289199829102,168.966745164659,203.0791796875,114.783025741577,188.121802193778,216.890029907227,155.682907104492,100.038950602214,203.388471083208,0,152.246238708496,186.117515563965,0,206.007373809814,204.03813680013,186.016162872314,134.510159301758,181.779273986816,146.482902526855,152.599060058594,202.056228637695,213.272211710612,162.057350226208,197.301310579542,182.799169440019,0,0,200.772252400716,190.506482524257
28.6545722063026,119.73272450765,86.9963766560696,69.8987614067583,80.4283900129686,114.93704847856,93.4664339952066,19.4790539352593,79.4502422891302,63.8448795464935,82.76074795101,122.782427805775,107.528744379679,155.644703456334,64.0883224484758,114.466833326552,74.4256429316519,75.220962168914,130.225516871402,112.547246591204,97.4899559020996,30.043586204474,67.4650636517439,58.0275221009506,67.2652667671794,146.286307594993,124.909643200662,111.914888605341,43.0091961333092,31.6741583225302,11.5797647555572,171.979679107666,116.762298182437,42.1135696656318,40.1938773142535,161.646311283112,0,167.723901367187,82.2352913157145,0,0,178.152217320033,147.996640744417,181.358779907227,90.5788766961349,196.801570892334,221.038345336914,0,0,180.052448454357,0,132.85990360805,171.876007080078,207.86604309082,0,192.205866495768,125.005182981491,76.6365207784316,155.200084262424,128.444463729858,160.445007324219,157.146962483724,159.503051757812,133.882796994105,170.183981561041,143.131647818429,0,229.724273681641,149.287914276123,164.866738213433
0,74.5207476823226,117.572376417077,62.6319372389052,0,0,107.070755004883,0,161.897530555725,149.844660914221,0,38.80177286456,0,17.179585076767,133.378851572673,181.509967803955,137.627708435059,99.6018827010174,61.4890497239788,73.7817607879639,0,133.785781860352,113.576468045594,125.04975382487,157.207427053741,48.6437788209995,22.227300572152,22.6911682753996,174.46118927002,142.176888359918,171.979679107666,6.62536310909771,0,151.32844543457,81.3369846343994,0,88.9544219970703,0,77.3470287322998,0,0,0,0,0,190.656883239746,0,100.696038638844,0,90.4015764778043,0,0,0,143.266845703125,108.241475423177,119.097688947405,0,0,154.446136474609,0,0,75.058276502392,101.466048104422,106.073123231226,0,0,0,108.032565777118,0,0,150.288864135742
86.9657458137063,0,167.853408813477,136.808743794759,156.371284484863,12.5769332954064,23.5528907282456,128.800369262695,16.5592663506738,115.415080479213,133.096915562948,65.0961268804606,117.381194481483,89.5973922729492,16.7807441331204,36.3346644940584,0,175.272946444425,105.635326385498,137.005748748779,123.305305480957,132.516023635864,0,154.002282778422,138.551481882731,0,162.967241287231,190.700630187988,132.714109693255,15.1882810506378,116.762298182437,0,6.51935862830988,75.491140638079,40.0164132882964,0,0,0,0,0,0,241.849365234375,0,0,0,0,0,0,0,207.825942993164,0,0,0,0,0,0,0,0,0,142.376663208008,0,0,0,212.960952758789,244.613220214844,0,0,0,0,0
52.2362089707301,101.961685180664,120.757558761104,79.4510467606361,88.6013163328171,86.7108764648438,100.303353309631,75.9192104544691,70.3184454781669,69.1228400336371,94.3771403386043,119.827487652118,114.049815368652,157.14427947998,47.5031724990682,112.162622451782,89.3547206454807,103.283961448117,154.592395782471,122.28576138145,0,70.8146932062113,102.899144308908,90.4460817224839,78.771651169748,0,143.520868937174,128.968734236325,70.8680607129943,17.9430737287982,42.1135696656318,151.32844543457,75.491140638079,5.52510050355311,22.8171451307763,153.414535522461,0,0,106.576585557726,0,0,166.655133056641,157.19091796875,200.000661214193,0,0,0,0,0,193.029960632324,0,0,194.421295166016,0,204.109298706055,0,0,109.537773132324,0,127.984307352702,0,0,0,157.911165739361,181.389107598199,146.47370300293,0,0,0,160.249603271484
70.0205572558573,62.4845606557439,79.7283563006683,75.9617977002088,110.187941399173,41.1305549369668,67.3768487026122,95.5805874819255,62.7189019194477,94.887576057171,112.369173336652,25.9792315961603,122.054008483887,65.1466875285128,50.3302997382781,94.4166698455811,86.3646091174528,35.1582155153376,53.6272665989108,36.8840285292879,110.452176094055,48.8445219912975,94.5275266284034,56.0636155834072,96.1231063602267,66.386262301741,69.1407801883218,73.9238607373541,72.4466248892953,38.9632952783487,40.1938773142535,81.3369846343994,40.0164132882964,22.8171451307763,10.6176845860679,211.305961608887,203.166900634766,143.86411176409,103.259819162303,206.494583129883,0,187.168632507324,173.772482299805,199.150277031793,0,172.466812133789,147.918474833171,0,131.803643544515,196.051979064941,0,143.826047897339,123.693579101563,0,158.83244228363,0,130.748268127441,93.4701362022987,204.492060343424,152.954965209961,99.0264231363932,124.043297322591,146.587485419379,159.584411798522,200.481602986654,179.977554321289,0,0,192.889114379883,191.585991753472
155.149047851562,0,161.280517578125,93.6130844116211,228.298736572266,0,166.076995849609,165.542562484741,213.538808186849,114.513969421387,161.713296508789,0,0,0,202.82445526123,0,133.241380310059,179.002319335938,0,0,0,147.261795043945,0,191.316874186198,142.705654285572,0,195.70198059082,185.978225708008,138.112229388693,184.753437922551,161.646311283112,0,0,153.414535522461,211.305961608887,10.4101576542469,126.523291269938,105.096291939634,78.9384685154379,87.2892242159162,108.784008026123,80.965595847682,28.3127660431062,49.8172381965859,76.0792996542794,71.2599567520284,131.661476428692,90.1110712687175,146.617056274414,13.475438116793,100.018493652344,135.784024406882,115.635337476377,139.527729797363,131.444630530573,90.5897801717122,79.6879252081048,92.297077291152,104.809568183923,89.6917398014171,144.342216491699,131.967278978099,130.647220632342,77.7297884083553,22.2083651257962,24.5262991677643,0,82.8868713378906,40.2983270356821,70.7099066026432
0,59.9762306213379,73.1513888041178,14.1913860411871,0,0,0,0,149.987213134766,0,0,93.4159905569894,0,78.1276909964425,0,0,108.436459859212,94.4363479614258,126.635175704956,81.2041786193848,0,169.007751464844,48.5899925231934,69.7601903279622,119.123626708984,59.6748873392741,73.7766935030619,74.2835737864176,139.965377807617,170.954360961914,0,88.9544219970703,0,0,203.166900634766,126.523291269938,7.60485879591202,57.3257921901318,12.2843054577031,115.801416185167,0,171.042714436849,121.79303113152,157.499561309814,82.2148044689282,0,58.415830581665,105.3562596639,46.8084250006656,152.100650493915,143.500966389974,61.1078733444214,56.559463573032,65.7158946990967,55.1707991943072,0,108.399723277372,24.1708957069023,79.576408587004,88.8398058877062,18.6429049821436,51.8644059967971,32.0671811570424,110.196916406805,153.251008426442,114.11182774135,71.4149172747577,0,0,54.3792500856544
0,0,108.632040324964,49.2614417757307,0,0,220.623397827148,0,0,214.282119750977,212.904510498047,0,0,133.700103759766,0,0,142.990264892578,115.686193395544,176.55973815918,138.332038879395,0,148.650604248047,82.682243347168,131.260121917725,172.589465054599,0,116.089903695243,128.233409669664,174.424463272095,0,167.723901367187,0,0,0,143.86411176409,105.096291939634,57.3257921901318,12.2615747074086,72.3123822212219,151.023537855882,185.924481201172,133.489696855687,96.5798555053551,128.652263277164,124.358134799533,117.229150362104,105.605012872717,179.161107381185,91.4104569379021,123.903565193943,132.390897577459,96.1993016531301,47.8612387074784,88.0230369166324,73.4716367936211,181.211459350586,72.2730804165259,74.1443868364607,38.3378396469875,116.950833847943,78.952467473348,32.5222297985089,36.0072075982104,87.7896534833667,126.282983601888,93.7211205635186,97.9788267347548,173.930131178636,110.307632991246,109.355024203225
98.1874593098958,66.4427963256836,81.216862487793,15.7260805145304,83.993273417155,0,112.041313171387,96.2961459159851,116.246695200602,23.5720169830322,103.924341089585,85.3152458667755,139.331199645996,63.6841498407824,131.246822357178,46.0435562133789,92.3920387268066,69.2436629314812,85.2951923717152,72.4356547940162,81.6834945678711,95.6470832824707,91.7860536575317,118.915875969864,71.7582971832969,44.2572228281121,67.9330996441585,83.0286243097569,78.3626070248572,109.059135969295,82.2352913157145,77.3470287322998,0,106.576585557726,103.259819162303,78.9384685154379,12.2843054577031,72.3123822212219,12.5658581229773,49.628071879709,122.043239593506,90.1851494641808,63.4564337218103,98.9432368004459,14.9743609297306,86.8597963773287,59.2906076618702,85.5458914812873,41.6400570749965,94.1258896001534,82.6154534476144,72.0145522724498,60.6193605150495,65.4733516306117,55.3484901761896,82.8447343980944,100.221952438354,38.2388213698272,92.9698494620945,40.989984237779,19.3862304814715,50.6492929071686,51.7583438756154,57.5752549155024,85.5904352977527,66.4242865466849,62.0529816726158,0,76.1338605648134,68.9754462415236
203.050827026367,213.029281616211,0,81.0110203136097,13.0445793718495,0,167.237077218515,158.21053314209,169.284451293945,88.9130402389838,155.872167851375,0,153.324212646484,0,222.076599121094,103.167739868164,110.42440032959,0,0,0,146.721249389648,0,0,175.179931640625,117.537570782562,0,220.824142456055,0,148.185523421676,222.13232421875,0,0,0,0,206.494583129883,87.2892242159162,115.801416185167,151.023537855882,49.628071879709,8.38460958607978,127.589111328125,75.0760826278151,74.3101836811412,100.694674694355,45.7216062303503,22.2609914110294,155.699412027995,24.7799392033282,158.397384643555,108.518340747577,73.0505409684292,68.3822990764271,155.074667358398,0,164.334288163619,14.4671580154021,141.943334579468,58.5474947203009,112.275678781363,15.5117158488177,140.96728515625,154.77225310227,131.062061228651,20.5070572417945,103.179340866377,95.6888168998387,0,145.931923810173,95.0638313293457,102.513652757157
0,0,0,0,0,0,0,0,0,0,0,0,0,0,0,0,0,0,0,0,0,0,0,0,0,0,0,0,0,0,0,0,0,0,0,108.784008026123,0,185.924481201172,122.043239593506,127.589111328125,7.32981160324274,11.4934061898946,112.567886352539,12.0379121426639,54.3348138332367,107.001047242363,69.5689750785258,100.209603150686,77.7491776602609,36.1736859229712,14.7566284180237,0,189.590347290039,0,0,112.819203463468,0,107.868606567383,175.532821655273,113.316056338224,0,128.18060874939,182.753967285156,140.778325217111,25.7396454892375,89.7193984985352,99.4906311035156,9.75172361133696,0,33.4494551108976
