3722,9,362,60,23,1,39,2592,535,92,259,22,1,0,8326,5,5,548,24,105,2,438,10,1824,454,0,190,243,387,9154,1450,0,4,37,249,0,0,0,14,1,0,0,1,4,1,1,0,1,0,3,0,0,0,0,3,0,0,0,0,2,0,1,1,9,12,2,0,0,0,7
9,10377,383,1307,5,8,2,2,24,1047,7,162,25,910,40,243,107,1612,95,637,1,24,5215,111,1254,3193,974,13342,61,79,36,22,1,9,180,0,0,0,3,0,0,0,0,0,0,0,1,0,133,0,0,0,1,1,12,0,1,0,0,1,2,10,88,0,0,1,0,0,0,0
362,383,10101,412,46,6,131,784,1112,72,190,16,3,2,1304,7,64,3129,69,206,1,221,108,13054,548,11,9267,18811,942,731,846,0,15,31,190,8,0,8,7,1,0,5,6,7,2,3,1,1,6,9,0,1,119,0,41,1,3,2,13,3,0,19,30,7,6,9,0,0,1,24
60,1307,412,1454,284,7,181,78,297,2557,171,228,25,916,309,46,34,2022,88,924,24,73,429,214,2699,2261,921,3470,726,1077,359,23,13,170,573,18,0,11,762,64,0,126,113,210,134,51,5,18,65,136,5,3,24,1,64,30,5,18,22,414,6,21,59,233,274,53,0,1,13,154
23,5,46,284,14816,12,1160,140,559,5489,3389,3,11840,1,293,144,0,23,1,7,13618,22,26,54,11149,1,42,57,13107,594,68,0,13,82,158,2,0,0,68,877,0,78,7,41,56,108,0,319,0,20,11,0,0,0,0,116,0,0,1,243,0,0,0,223,26,1,0,0,2,19
1,8,6,7,12,9334,4015,14,166,150,50,58,58,5,45,11477,0,6,1,3,9,5,6,17,35,2,9,24,31,76,8,0,1713,2,111,0,0,0,0,0,0,1,0,2,0,1,0,0,0,1,0,0,0,0,0,1,0,0,1,3,0,0,0,2,2,1,0,0,1,1
39,2,131,181,1160,4015,70693,1179,15120,339,9228,59,11030,1,582,7611,1,81,5,15,3402,61,3,225,685,0,106,76,4405,630,81,0,445,37,201,2,0,3,47,37,0,58,14,35,18,41,0,20,0,15,2,0,0,0,0,40,0,1,1,167,0,0,1,105,35,1,0,0,0,22
2592,2,784,78,140,14,1179,50298,3076,228,11396,11,36,1,3361,23,4,331,6,36,2,898,24,3265,3462,1,339,396,15810,1535,11507,0,19,140,495,1,0,0,19,0,0,7,3,5,1,2,0,0,0,2,0,0,1,0,3,2,0,0,0,10,0,1,0,13,10,5,0,1,1,5
535,24,1112,297,559,166,15120,3076,39253,463,11213,347,322,10,10459,230,13,727,39,107,359,719,27,2895,1242,4,791,581,2786,3355,573,1,1152,81,988,1,0,0,60,31,0,54,20,58,9,32,0,21,0,29,1,0,8,0,2,24,1,0,2,157,0,0,4,114,66,2,0,2,2,31
92,1047,72,2557,5489,150,339,228,463,44520,633,78,5237,292,467,4606,60,316,67,353,2782,165,4501,219,26915,403,409,1909,2385,1977,1511,13,25,794,791,6,0,1,196,26,1,32,27,65,49,19,3,11,30,56,2,1,3,0,4,16,4,1,0,124,1,2,29,119,99,26,0,0,9,46
259,7,190,171,3389,50,9228,11396,11213,633,42744,14,3541,1,3143,83,0,51,1,6,2042,89,5,360,1135,1,145,120,8507,769,171,0,52,69,270,1,0,0,64,83,0,92,17,52,30,65,1,40,0,23,8,0,0,0,0,63,0,0,3,219,0,1,1,195,31,4,0,3,2,25
22,162,16,228,3,58,59,11,347,78,14,26920,3,784,460,10,13,331,1649,637,0,107,77,100,52,433,3053,1307,42,1050,58,180,399,46,12798,0,0,0,1,0,0,0,0,0,0,0,19,0,313,0,0,1,1,0,11,0,0,0,0,0,20,3,49,1,0,0,0,0,0,1
1,25,3,25,11840,58,11030,36,322,5237,3541,3,76112,5,26,4578,0,9,2,6,21769,0,41,4,3787,5,7,38,2414,56,5,0,9,6,20,0,0,0,3,13,0,36,2,14,3,62,2,214,2,3,6,0,0,0,0,23,0,0,0,16,0,0,0,19,4,0,0,0,0,12
0,910,2,916,1,5,1,1,10,292,1,784,5,11704,7,49,8,2,9,22,0,0,370,2,118,6086,63,1472,3,16,0,29,8,2,103,0,0,0,6,0,0,0,0,0,0,0,24,0,669,0,0,0,2,4,18,0,0,0,1,0,31,21,356,2,0,1,0,0,0,1
8326,40,1304,309,293,45,582,3361,10459,467,3143,460,26,7,21972,15,25,1846,83,402,72,1061,56,4511,1249,2,761,975,1357,14847,2316,0,433,121,1796,8,0,1,47,14,0,38,12,43,7,7,0,5,1,34,3,2,3,0,5,11,3,0,2,58,0,3,1,46,42,5,0,1,3,35
5,243,7,46,144,11477,7611,23,230,4606,83,10,4578,49,15,24257,1,69,11,75,92,2,232,11,723,51,90,448,135,64,13,1,225,8,22,0,0,0,2,2,0,0,0,2,2,1,0,0,14,0,0,0,0,0,2,2,0,0,0,9,0,0,3,7,1,0,0,0,0,1
5,107,64,34,0,0,1,4,13,60,0,13,0,8,25,1,11040,383,14,71,0,619,9426,6900,1911,7,210,11517,402,70,1048,0,1,69,1824,1,0,0,76,0,0,0,0,3,12,0,0,0,4,3,0,30,3,0,2,0,57,4,50,17,0,2,48,63,8,49,0,0,0,7
548,1612,3129,2022,23,6,81,331,727,316,51,331,9,2,1846,69,383,10570,482,4143,1,918,559,13095,1487,40,7187,11976,831,3397,2457,1,20,171,7343,4,2,6,26,0,0,0,4,0,4,0,3,0,5,4,0,5,106,0,224,0,11,0,13,4,4,64,38,18,11,9,0,0,2,49
24,95,69,88,1,1,5,6,39,67,1,1649,2,9,83,11,14,482,719,935,1,56,54,205,56,29,3053,2692,21,278,73,99,7,14,671,0,0,0,3,0,0,0,0,0,0,0,0,0,20,0,0,1,4,3,23,0,0,0,1,1,2,22,92,1,0,0,0,0,0,1
105,637,206,924,7,3,15,36,107,353,6,637,6,22,402,75,71,4143,935,6000,0,288,351,907,378,205,3784,4642,92,1008,316,7,4,66,2219,1,1,0,37,0,0,0,0,0,0,0,2,0,12,2,0,2,30,26,151,0,3,1,3,2,6,42,136,3,4,4,1,0,0,17
2,1,1,24,13618,9,3402,2,359,2782,2042,0,21769,0,72,92,0,1,1,0,6859,1,1,0,2046,0,1,2,1740,71,2,0,7,1,28,0,0,0,13,152,0,9,3,13,16,13,1,37,0,2,3,0,0,0,0,47,0,0,1,44,0,0,0,41,4,0,0,0,0,6
438,24,221,73,22,5,61,898,719,165,89,107,0,0,1061,2,619,918,56,288,1,23169,901,15167,683,0,105,662,4231,3306,11894,0,10,1688,15765,1,0,0,108,0,0,1,5,3,20,1,0,2,1,3,0,24,4,0,5,0,60,1,18,16,0,0,3,78,14,59,0,0,1,8
10,5215,108,429,26,6,3,24,27,4501,5,77,41,370,56,232,9426,559,54,351,1,901,23362,2181,23179,575,590,7328,833,130,1612,14,1,87,877,1,53,0,667,0,0,1,4,2,362,1,1,0,29,9,4,65,13,0,14,0,114,732,176,80,2,3,72,143,20,109,0,0,2,23
1824,111,13054,214,54,17,225,3265,2895,219,360,100,4,2,4511,11,6900,13095,205,907,0,15167,2181,52418,1972,5,3266,24676,8589,3958,10393,0,37,516,10731,2,0,4,47,2,0,4,4,7,13,0,0,0,1,6,1,14,74,1,23,0,35,6,127,10,1,6,40,28,14,23,0,0,3,18
454,1254,548,2699,11149,35,685,3462,1242,26915,1135,52,3787,118,1249,723,1911,1487,56,378,2046,683,23179,1972,56480,177,1161,6741,10096,4800,6493,3,33,1991,2296,29,0,1,470,138,2,178,60,172,133,128,4,68,34,145,22,13,16,1,14,124,26,1,10,548,0,5,28,520,187,58,0,3,20,139
0,3193,11,2261,1,2,0,1,4,403,1,433,5,6086,2,51,7,40,29,205,0,0,575,5,177,6125,314,4758,3,5,1,80,1,1,36,0,1,0,2,0,0,0,0,0,0,0,9,0,300,0,0,1,1,3,18,0,0,0,0,2,16,18,185,0,0,0,0,0,0,1
190,974,9267,921,42,9,106,339,791,409,145,3053,7,63,761,90,210,7187,3053,3784,1,105,590,3266,1161,314,56724,24876,609,649,347,117,11,34,1184,2,1,5,21,0,0,0,0,2,0,2,1,0,149,1,0,6,32,14,123,0,1,0,6,12,14,84,859,4,0,4,2,0,0,5
243,13342,18811,3470,57,24,76,396,581,1909,120,1307,38,1472,975,448,11517,11976,2692,4642,2,662,7328,24676,6741,4758,24876,87629,3324,1185,732,25,14,89,2179,4,6,7,64,3,0,2,13,8,3,1,6,0,526,12,0,16,165,47,333,0,7,3,39,17,86,236,2101,11,8,8,4,0,1,33
387,61,942,726,13107,31,4405,15810,2786,2385,8507,42,2414,3,1357,135,402,831,21,92,1740,4231,833,8589,10096,3,609,3324,44582,2260,8377,0,50,1233,3000,11,0,1,382,409,1,84,26,111,114,85,4,414,1,60,11,15,8,0,3,63,34,2,7,282,0,2,5,374,154,126,0,0,14,78
9154,79,731,1077,594,76,630,1535,3355,1977,769,1050,56,16,14847,64,70,3397,278,1008,71,3306,130,3958,4800,5,649,1185,2260,65867,12180,1,3032,11415,9032,19,0,5,210,16,0,86,54,156,26,20,0,11,3,119,4,2,9,0,15,16,3,1,8,195,0,2,4,218,240,58,0,3,14,154
1450,36,846,359,68,8,81,11507,573,1511,171,58,5,0,2316,13,1048,2457,73,316,2,11894,1612,10393,6493,1,347,732,8377,12180,40059,0,12,3302,7267,9,0,1,401,6,0,15,9,36,67,3,0,1,2,42,0,37,4,0,5,1,77,0,13,71,0,2,6,209,99,136,0,0,16,60
0,22,0,23,0,0,0,0,1,13,0,180,0,29,0,1,0,1,99,7,0,0,14,0,3,80,117,25,0,1,0,1,0,0,12,0,0,0,0,0,0,0,0,0,0,0,0,0,47,0,0,0,2,1,5,0,0,0,0,0,3,4,182,0,0,0,0,0,0,0
4,1,15,13,13,1713,445,19,1152,25,52,399,9,8,433,225,1,20,7,4,7,10,1,37,33,1,11,14,50,3032,12,0,7115,7,678,0,0,0,1,4,0,0,1,0,0,0,0,0,0,0,0,0,0,0,0,0,0,0,0,4,0,0,0,2,0,0,0,0,0,2
37,9,31,170,82,2,37,140,81,794,69,46,6,2,121,8,69,171,14,66,1,1688,87,516,1991,1,34,89,1233,11415,3302,0,7,14686,9420,6,0,2,121,4,0,8,15,50,21,3,0,0,0,32,0,1,0,0,1,4,2,0,3,40,0,1,1,81,87,19,0,0,8,35
249,180,190,573,158,111,201,495,988,791,270,12798,20,103,1796,22,1824,7343,671,2219,28,15765,877,10731,2296,36,1184,2179,3000,9032,7267,12,678,9420,58906,4,0,0,168,6,0,16,18,47,33,7,0,7,6,43,1,19,4,0,23,6,34,2,11,74,1,11,33,120,85,59,0,1,9,41
0,0,8,18,2,0,2,1,1,6,1,0,0,0,8,0,1,4,0,1,0,1,1,2,29,0,2,4,11,19,9,0,0,6,4,11760,10,216,160,26,0,88,4157,599,193,68,59,5,2,8061,7,66,730,9,359,32,111,35,436,237,0,293,976,407,7659,2683,0,17,15,1312
0,0,0,0,0,0,0,0,0,0,0,0,0,0,0,0,0,2,0,1,0,0,53,0,0,1,1,6,0,0,0,0,0,0,0,10,6334,9,474,62,0,6,18,11,778,1,9,2,246,19,48,79,620,9,1162,1,17,1174,69,673,2783,480,3011,13,22,31,0,0,2,124
0,0,8,11,0,0,3,0,0,1,0,0,0,0,1,0,0,6,0,0,0,0,0,4,1,0,5,7,1,5,1,0,0,2,0,216,9,15368,32,16,8,1056,1345,3399,67,265,16,6,1,1414,7,249,4115,6,328,9,1445,30,22225,405,1,9274,25546,1582,515,244,0,14,16,254
14,3,7,762,68,0,47,19,60,196,64,1,3,6,47,2,76,26,3,37,13,108,667,47,470,2,21,64,382,210,401,0,1,121,168,160,474,32,1088,274,7,290,443,571,5417,121,27,107,497,611,59,162,86,13,324,73,233,433,107,3389,877,123,489,1711,1834,2108,0,13,182,895
1,0,1,64,877,0,37,0,31,26,83,0,13,0,14,2,0,0,0,0,152,0,0,2,138,0,0,3,409,16,6,0,4,4,6,26,62,16,274,13162,3,875,245,660,1418,5138,22,4625,1,284,174,45,113,1,104,17100,12,726,44,11758,5,46,319,8387,411,33,0,6,19,361
0,0,0,0,0,0,0,0,0,1,0,0,0,0,0,0,0,0,0,0,0,0,0,0,2,0,0,0,1,0,0,0,0,0,0,0,0,8,7,3,6924,6834,9,57,19,51,444,29,17,8,2693,1,2,0,1,24,1,2,3,12,0,3,2,20,26,2,0,2126,0,260
0,0,5,126,78,1,58,7,54,32,92,0,36,0,38,0,0,0,0,0,9,1,1,4,178,0,0,2,84,86,15,0,0,8,16,88,6,1056,290,875,6834,68823,3669,10045,535,12668,299,8135,7,549,4792,14,288,2,64,3299,79,10,925,1135,0,289,771,4429,609,136,0,182,13,930
1,0,6,113,7,0,14,3,20,27,17,0,2,0,12,0,0,4,0,0,3,5,4,4,60,0,0,13,26,54,9,0,1,15,18,4157,18,1345,443,245,9,3669,48060,9373,870,8689,98,34,2,14325,107,102,1547,9,395,79,965,55,4134,2256,0,481,2234,25760,1690,6282,0,28,56,1871
4,0,7,210,41,2,35,5,58,65,52,0,14,0,43,2,3,0,0,0,13,3,2,7,172,0,2,8,111,156,36,0,0,50,47,599,11,3399,571,660,57,10045,9373,18292,785,12623,1405,1610,67,7228,169,70,1101,8,226,2003,337,47,4084,1282,1,980,2245,4461,3523,835,1,876,48,3787
1,0,2,134,56,0,18,1,9,49,30,0,3,0,7,2,12,4,0,0,16,20,362,13,133,0,0,3,114,26,67,0,0,21,33,193,778,67,5417,1418,19,535,870,785,29198,266,16,1978,86,800,3779,430,325,13,414,446,78,8519,182,30305,106,181,850,1723,2030,1387,0,14,262,1167
1,0,3,51,108,1,41,2,32,19,65,0,62,0,7,1,0,0,0,0,13,1,1,0,128,0,2,1,85,20,3,0,0,3,7,68,1,265,121,5138,51,12668,8689,12623,266,38913,116,8617,4,2021,301,5,79,1,18,6282,42,5,451,764,0,71,250,10117,1172,80,0,50,26,1200
0,1,1,5,0,0,0,0,0,3,1,19,2,24,0,0,0,3,0,2,1,0,1,0,4,9,1,6,4,0,0,0,0,0,0,59,9,16,27,22,444,299,98,1405,16,116,4883,78,904,546,3,11,538,471,475,111,78,5,254,25,10,380,558,100,1349,151,3,1208,5,10935
1,0,1,18,319,0,20,0,21,11,40,0,214,0,5,0,0,0,0,0,37,2,0,0,68,0,0,0,414,11,1,0,0,0,7,5,2,6,107,4625,29,8135,34,1610,1978,8617,78,51102,4,307,7418,1,9,0,5,29545,2,17,4,3589,1,5,15,2955,459,8,0,43,4,729
0,133,6,65,0,0,0,0,0,30,0,313,2,669,1,14,4,5,20,12,0,1,29,1,34,300,149,526,1,3,2,47,0,0,6,2,246,1,497,1,17,7,2,67,86,4,904,4,10285,24,1,2,7,5,34,4,0,30,0,31,3109,25,1002,3,24,0,0,51,0,53
3,0,9,136,20,1,15,2,29,56,23,0,3,0,34,0,3,4,0,2,2,3,9,6,145,0,1,12,60,119,42,0,0,32,43,8061,19,1414,611,284,8,549,14325,7228,800,2021,546,307,24,27324,51,113,1797,22,465,667,329,82,2328,1005,0,863,2316,2339,9186,2265,1,371,124,3122
0,0,0,5,11,0,2,0,1,2,8,0,6,0,3,0,0,0,0,0,3,0,4,1,22,0,0,0,11,4,0,0,0,0,1,7,48,7,59,174,2693,4792,107,169,3779,301,3,7418,1,51,20492,4,19,2,29,833,3,191,7,1970,6,15,56,226,129,8,0,3,6,65
0,0,1,3,0,0,0,0,0,1,0,1,0,0,2,0,30,5,1,2,0,24,65,14,13,1,6,16,15,2,37,0,0,1,19,66,79,249,162,45,1,14,102,70,430,5,11,1,2,113,4,16917,988,8,565,1,1747,4806,4486,4639,8,573,11726,1425,155,1915,0,0,23,589
0,1,119,24,0,0,0,1,8,3,0,1,0,2,3,0,3,106,4,30,0,4,13,74,16,1,32,165,8,9,4,2,0,0,4,730,620,4115,86,113,2,288,1547,1101,325,79,538,9,7,1797,19,988,8846,61,4323,5,1262,391,10589,1851,19,3408,12754,1172,1205,1470,0,10,41,3723
0,1,0,1,0,0,0,0,0,0,0,0,0,4,0,0,0,0,3,26,0,0,0,1,1,3,14,47,0,0,0,1,0,0,0,9,9,6,13,1,0,2,9,8,13,1,471,0,5,22,2,8,61,505,697,0,6,5,36,23,6,91,527,5,17,16,0,0,1,103
3,12,41,64,0,0,0,3,2,4,0,11,0,18,5,2,2,224,23,151,0,5,14,23,14,18,123,333,3,15,5,5,0,1,23,359,1162,328,324,104,1,64,395,226,414,18,475,5,34,465,29,565,4323,697,5387,2,206,251,1267,1047,141,2455,9473,184,541,451,0,3,13,3184
0,0,1,30,116,1,40,2,24,16,63,0,23,0,11,2,0,0,0,0,47,0,0,0,124,0,0,0,63,16,1,0,0,4,6,32,1,9,73,17100,24,3299,79,2003,446,6282,111,29545,4,667,833,1,5,0,2,12678,2,3,19,3156,0,9,24,4853,943,16,0,42,18,1203
0,1,3,5,0,0,0,0,1,4,0,0,0,0,3,0,57,11,0,3,0,60,114,35,26,0,1,7,34,3,77,0,0,2,34,111,17,1445,233,12,1,79,965,337,78,42,78,2,0,329,3,1747,1262,6,206,2,24870,986,33437,272,0,269,1575,3406,639,12399,0,5,211,10415
0,0,2,18,0,0,1,0,0,1,0,0,0,0,0,0,4,0,0,1,0,1,732,6,1,0,0,3,2,1,0,0,0,0,2,35,1174,30,433,726,2,10,55,47,8519,5,5,17,30,82,191,4806,391,5,251,3,986,10980,1392,15505,58,135,2179,792,203,1606,0,0,44,309
0,0,13,22,1,1,1,0,2,0,3,0,0,1,2,0,50,13,1,3,1,18,176,127,10,0,6,39,7,8,13,0,0,3,11,436,69,22225,107,44,3,925,4134,4084,182,451,254,4,0,2328,7,4486,10589,36,1267,19,33437,1392,68684,1660,1,4253,29569,12394,989,6591,0,5,177,9015
2,1,3,414,243,3,167,10,157,124,219,0,16,0,58,9,17,4,1,2,44,16,80,10,548,2,12,17,282,195,71,0,4,40,74,237,673,405,3389,11758,12,1135,2256,1282,30305,764,25,3589,31,1005,1970,4639,1851,23,1047,3156,272,15505,1660,60029,44,938,7136,6132,2403,2179,0,19,330,1749
0,2,0,6,0,0,0,0,0,1,0,20,0,31,0,0,0,4,2,6,0,0,2,1,0,16,14,86,0,0,0,3,0,0,1,0,2783,1,877,5,0,0,0,1,106,0,10,1,3109,0,6,8,19,6,141,0,0,58,1,44,2798,68,2723,0,0,0,2,0,0,0
1,10,19,21,0,0,0,1,0,2,1,3,0,21,3,0,2,64,22,42,0,0,3,6,5,18,84,236,2,2,2,4,0,1,11,293,480,9274,123,46,3,289,481,980,181,71,380,5,25,863,15,573,3408,91,2455,9,269,135,4253,938,68,15580,21512,443,601,199,0,14,23,485
1,88,30,59,0,0,1,0,4,29,1,49,0,356,1,3,48,38,92,136,0,3,72,40,28,185,859,2101,5,4,6,182,0,1,33,976,3011,25546,489,319,2,771,2234,2245,850,250,558,15,1002,2316,56,11726,12754,527,9473,24,1575,2179,29569,7136,2723,21512,79454,4175,2009,1059,0,24,62,2765
9,0,7,233,223,2,105,13,114,119,195,1,19,2,46,7,63,18,1,3,41,78,143,28,520,0,4,11,374,218,209,0,2,81,120,407,13,1582,1711,8387,20,4429,25760,4461,1723,10117,100,2955,3,2339,226,1425,1172,5,184,4853,3406,792,12394,6132,0,443,4175,50950,4446,14079,0,37,550,5995
12,0,6,274,26,2,35,10,66,99,31,0,4,0,42,1,8,11,0,4,4,14,20,14,187,0,0,8,154,240,99,0,0,87,85,7659,22,515,1834,411,26,609,1690,3523,2030,1172,1349,459,24,9186,129,155,1205,17,541,943,639,203,989,2403,0,601,2009,4446,79192,5978,0,859,10278,9891
2,1,9,53,1,1,1,5,2,26,4,0,0,1,5,0,49,9,0,4,0,59,109,23,58,0,4,8,126,58,136,0,0,19,59,2683,31,244,2108,33,2,136,6282,835,1387,80,151,8,0,2265,8,1915,1470,16,451,16,12399,1606,6591,2179,0,199,1059,14079,5978,23236,0,3,727,15885
0,0,0,0,0,0,0,0,0,0,0,0,0,0,0,0,0,0,0,1,0,0,0,0,0,0,2,4,0,0,0,0,0,0,0,0,0,0,0,0,0,0,0,1,0,0,3,0,0,1,0,0,0,0,0,0,0,0,0,0,2,0,0,0,0,0,0,0,0,2
0,0,0,1,0,0,0,1,2,0,3,0,0,0,1,0,0,0,0,0,0,0,0,0,3,0,0,0,0,3,0,0,0,0,1,17,0,14,13,6,2126,182,28,876,14,50,1208,43,51,371,3,0,10,0,3,42,5,0,5,19,0,14,24,37,859,3,0,1161,5,1132
0,0,1,13,2,1,0,1,2,9,2,0,0,0,3,0,0,2,0,0,0,1,2,3,20,0,0,1,14,14,16,0,0,8,9,15,2,16,182,19,0,13,56,48,262,26,5,4,0,124,6,23,41,1,13,18,211,44,177,330,0,23,62,550,10278,727,0,5,12506,1894
7,0,24,154,19,1,22,5,31,46,25,1,12,1,35,1,7,49,1,17,6,8,23,18,139,1,5,33,78,154,60,0,2,35,41,1312,124,254,895,361,260,930,1871,3787,1167,1200,10935,729,53,3122,65,589,3723,103,3184,1203,10415,309,9015,1749,0,485,2765,5995,9891,15885,2,1132,1894,78693
