11.3797168049573,116.621646336147,98.4931429524067,102.454971495129,89.0984214333927,79.9162826538086,77.868942081227,22.9102113663698,56.8764576118062,74.2493783950806,60.3735964685172,125.107949514238,96.8526094876803,120.533445570204,20.3610342497223,116.557782491048,149.448394775391,108.357682508467,134.963055830735,130.430238672205,99.001599928912,79.1870324807089,102.950899396624,84.4595576199618,76.6247270459034,122.116031646729,118.925989427813,135.302570487514,78.0399955877891,17.6366263488947,30.5336866794663,143.000401814779,80.0958285574186,54.1369289918379,78.0874568894065,0,133.141494750977,195.541768391927,75.9985384507613,111.702949523926,0,133.175567626953,100.554262797038,0,68.7537689208984,153.799476623535,189.755004882812,0,0,160.998878479004,0,118.978943961007,197.672917683919,219.238800048828,165.164810180664,0,0,99.6931813557943,157.032615661621,118.507485184015,0,195.976692199707,176.427016810367,127.768557461825,164.231353759766,133.917526245117,0,0,0,188.883926391602
116.621646336147,8.11174312211624,47.3774779222449,14.3187878462417,166.515129089355,144.946447753906,155.095615386963,144.393191826053,140.819165822622,86.2424212907293,156.269579569499,72.9537135983302,137.359661865234,58.632193050926,136.291700955095,112.53813035753,70.2865966161092,53.6000713053083,79.5384606581468,68.0869813997146,166.445434570312,95.5805013656616,32.5765888669047,64.6558401874293,92.5421956706949,23.2913393579508,47.2659346933541,38.1583677070554,113.720761025306,114.032905442374,109.049160003662,69.825258102417,114.367330551147,132.373794555664,61.4384428411722,0,63.9618368148804,90.6350778432993,79.5285599572318,0,0,0,183.682907104492,0,0,0,157.506546020508,242.848785400391,133.040285746257,0,0,125.727726745605,99.0121322044959,140.574162801107,129.478789696327,0,184.279510498047,110.214389801025,120.322490147182,153.176197475857,142.17887878418,110.895626845183,102.208797644384,153.52180480957,0,225.232467651367,0,0,0,102.300121307373
98.4931429524067,47.3774779222449,12.5134482850053,51.4976357889699,146.467271762424,178.060327703303,137.856927058493,102.661296372621,119.682057370845,128.967723552997,120.505243593508,123.24946093778,167.876815795898,161.600678077111,115.989351475574,132.351891411675,95.9284517039423,31.287037258583,142.445783715499,95.274842650802,144.092126254378,61.0434788475169,52.2070127972484,29.2329887683342,121.465086800711,151.337721252441,28.9822187451852,38.072800003422,108.06894347247,131.090356613062,85.4157395567917,161.792492675781,162.532829557146,139.635972243089,71.3349667854115,170.900405883789,71.1130736160278,96.3308064408243,93.1002753286651,154.31819152832,0,243.914627075195,174.223661249334,202.333267211914,195.079956054688,209.362106323242,153.159683227539,0,135.642547607422,190.242526054382,0,122.989671325684,111.430856307067,154.928156534831,135.266712116745,152.363815307617,128.82187300462,67.5553313891093,113.0387807092,157.460995483398,129.077484130859,119.204679064182,96.1850328015335,169.232428868612,156.154935201009,156.873180866241,148.338821411133,0,0,111.722988226475
102.454971495129,14.3187878462417,51.4976357889699,13.643384863366,66.3417956034342,91.9186538696289,128.138738697973,96.8733973280292,90.788728392526,16.6725725433704,114.18532731798,89.8459778950346,84.2485785307708,81.476736771013,128.699210030692,41.0451916544061,37.1861673086661,56.9469166754234,85.7911336605365,69.4794462203979,70.8950634002686,60.2395074547236,13.3604585187383,64.9991269539753,47.1705781311487,47.5491289054682,52.5145565785692,47.1498518106439,75.3935093036418,101.878083875102,81.2339195363662,89.9247196912766,120.465112050374,76.2251510620117,72.1898097628639,138.324089050293,41.2806118796853,61.1882202007152,46.7800157503648,0,0,212.767364501953,111.341934204102,222.007446289062,185.95051574707,152.439044952393,107.084196726481,0,106.209321639117,167.342979431152,194.419036865234,70.4258057198873,75.2222114562988,133.502532958984,88.8657430833386,0,93.9979281955295,21.6214585542679,91.4627896012931,107.310400366783,90.9361642201741,78.6904689037439,74.3352599442697,115.746940612793,119.925193786621,122.021050262451,181.333129882812,0,177.316284179688,79.1764237540109
89.0984214333927,166.515129089355,146.467271762424,66.3417956034342,9.88560507357854,108.110774993896,47.7308650250201,59.6756233416106,96.6424303745878,44.6747918092231,19.9752089028927,173.601982116699,29.9666818059846,188.560663859049,108.57802675916,62.8363203967059,105.675804138184,176.192293607272,181.838272094727,181.912292480469,10.9763871358242,110.109747750419,134.315696716309,129.603135108948,23.0499762998418,186.358304341634,159.295139936967,148.051615965994,17.5271036367375,104.467228328909,93.6561982291085,195.207855224609,139.071306864421,98.9143854777018,107.972797064134,0,0,197.716659545898,79.8484352775242,10.9080424408345,0,132.563702583313,0,163.105285644531,95.8084996541341,99.8179926872253,0,40.1398688111194,0,188.239120483398,0,111.170806884766,213.654327392578,0,0,16.0098788156396,0,0,177.192565917969,110.868814737024,0,0,225.425704956055,110.58573514765,102.230023701986,0,0,0,0,127.268707275391
79.9162826538086,144.946447753906,178.060327703303,91.9186538696289,108.110774993896,6.46693374569072,12.7379688655344,117.344855364631,23.3042426676617,64.3336540931879,114.092401337205,103.425031488592,75.5919011007219,129.127852249146,27.9438928689388,21.7687750445176,0,177.527180480957,88.1676025390625,153.640762329102,109.698279380798,0,104.153675079346,156.754806518555,90.4491350222857,157.895330429077,177.121971823952,169.14784414118,117.381495861297,22.7817166417701,123.191173553467,99.9712867736816,9.44160293220724,0,42.9829147338867,0,0,203.19841003418,144.661849975586,0,0,0,0,0,0,0,0,114.629254659017,0,0,0,0,0,0,0,0,0,0,0,184.270660400391,114.533973693848,0,0,0,0,0,0,0,0,0
77.868942081227,155.095615386963,137.856927058493,128.138738697973,47.7308650250201,12.7379688655344,10.6476953623926,53.9665672411055,22.6471902641738,74.8814197737595,20.3553201629937,129.776553679048,16.2189170228294,140.603093266487,42.6207999064706,17.1206907424619,212.273513793945,162.80404848041,153.770386133439,155.875255937336,25.8959220422281,110.934687394362,187.879969278971,132.743700002695,93.8088947389184,147.822074635824,160.287139198997,161.210288037311,61.6523227542639,48.0651560654026,105.102646663271,157.140550994873,32.1687914842171,92.0057337143842,88.245645005703,202.938232421875,189.458480834961,220.661277770996,100.333010280834,58.5156133651733,0,140.804794311523,133.364028930664,169.204383850098,163.041961669922,167.515446980794,0,28.066827002992,181.512369155884,0,0,152.496826171875,166.613082885742,220.947639465332,224.275913238525,158.242014567057,245.286560058594,0,227.735198974609,129.450249963877,0,203.002366499467,185.161911010742,165.830416870117,0,185.037170410156,195.673797607422,0,157.775588989258,0
22.9102113663698,144.393191826053,102.661296372621,96.8733973280292,59.6756233416106,117.344855364631,53.9665672411055,10.3522049507717,58.4134483265612,58.7869404879483,16.3336714730335,158.552479880197,68.0126132707338,170.855239868164,43.3875386356014,77.0937168414776,93.259703441731,129.112024670112,169.23844996861,159.786334822934,73.2671878478106,73.9252504903577,105.490371881529,86.7551565666498,56.1252536154825,164.955528622582,135.135564022488,115.909256022869,33.2338275660671,77.2188985459631,21.9703655935992,183.776255607605,121.667405962944,79.4115393789191,103.839855626913,0,148.938934326172,184.108041846234,79.3121965026856,115.128748757499,0,130.953216552734,142.574616114298,157.178590627817,88.7593587239583,146.122371673584,205.23397064209,142.761901855469,211.55029296875,181.028776380751,0,134.627074241638,205.500822179458,222.407299804688,219.174563598633,136.712723626031,176.857775006975,121.874434879848,172.243907533843,113.632254582666,194.415641784668,204.57895067003,174.074477798637,138.57550834207,168.03101348877,156.563535054525,0,0,168.809707641602,190.906779697963
56.8764576118062,140.819165822622,119.682057370845,90.788728392526,96.6424303745878,23.3042426676617,22.6471902641738,58.4134483265612,10.0279047715999,73.0687003054861,30.860854027342,126.934189321034,64.334569331935,122.97608065996,17.4577270753609,30.1549583629194,120.602922821045,131.393077334162,142.958179767315,150.076912629501,91.3480335096034,100.855654223212,108.853030177525,110.166525651818,95.5273334153402,130.530661392212,139.761845351943,150.979007131552,91.8910760689844,46.2965539310035,74.4357693264636,141.792158178381,22.2812681746089,87.40167223174,82.5339438622998,0,179.325950622559,202.048509216309,87.4724299398701,107.253426742554,230.616668701172,143.20475769043,143.944260627993,154.806471975226,89.132820892334,149.441778916579,167.638809204102,117.462225172255,153.829279581706,171.421639578683,0,148.735085227273,219.616790771484,194.670104980469,221.319886949327,0,240.328277587891,135.821266174316,192.094186782837,119.382064945442,107.608512878418,199.109943878956,197.479914188385,139.824341189477,171.131828308105,157.352427164714,225.573127746582,0,148.037307739258,179.60651550293
74.2493783950806,86.2424212907293,128.967723552997,16.6725725433704,44.6747918092231,64.3336540931879,74.8814197737595,58.7869404879483,73.0687003054861,9.50822008192333,67.3414591366483,147.367601027855,12.0336780599107,138.105258742623,107.822901767233,19.1717591667175,69.6451624356783,136.570176651229,158.699588775635,150.10240094802,41.4853049952809,78.8682072957357,31.3365211111033,116.231266385033,26.1244699235862,118.463830548918,133.779646239825,122.700088838089,53.22335737245,82.0733805662834,63.637135381284,149.213392469618,102.87733404977,78.8436088562012,116.797480963227,0,0,174.274276733398,54.8411834151657,51.8152074813843,0,115.903940200806,106.176439921061,136.433474454013,57.4284057617188,128.662759399414,0,89.5038766860962,182.317358398438,140.476028442383,125.966300964355,103.070328712463,208.993621826172,200.136520385742,208.120388793945,93.4793580373128,167.079803466797,123.71310043335,147.370559692383,85.5161342187361,161.904510498047,197.032620747884,183.778885160174,118.834431118435,141.678600311279,141.470626831055,0,0,147.352493286133,141.263345718384
60.3735964685172,156.269579569499,120.505243593508,114.18532731798,19.9752089028927,114.092401337205,20.3553201629937,16.3336714730335,30.860854027342,67.3414591366483,12.2850770004653,152.937892767099,25.0552689002476,169.184974074364,46.4595719608676,72.3541599909465,99.3285507202148,149.962548294067,177.151519577225,169.126537830154,13.0669530169663,94.4610580662319,163.238881891424,109.48701087756,69.7423776085697,165.086045485276,151.593841641759,150.840278625488,25.1421754866486,97.1273422103406,81.9421820189822,180.236466117527,124.926468849182,95.2027738551901,108.711672078008,248.166656494141,210.152496337891,202.368334960937,87.646566032183,24.9793777998005,0,149.758634567261,143.669075012207,156.792534964425,97.1788974338108,160.157509326935,197.857482910156,65.5769849467922,184.416091918945,193.742258707682,177.284378051758,0,208.561643327985,190.197082519531,216.619403076172,88.4337385559082,0,153.789421081543,212.848596191406,124.018874600402,0,221.84847946167,200.188875732422,154.869654846191,201.572001139323,171.497436523438,0,0,183.312469482422,200.015970865885
125.107949514238,72.9537135983302,123.24946093778,89.8459778950346,173.601982116699,103.425031488592,129.776553679048,158.552479880197,126.934189321034,147.367601027855,152.937892767099,10.1567639890733,143.301524228828,29.7746960566014,95.8268781114918,172.276262664795,155.70751953125,60.3245809522935,17.7417611839767,28.8060034924237,157.733740488688,110.345886230469,115.343617547419,119.374627638836,164.964915836559,36.9152286786605,27.3427941397594,61.9676246342091,172.309021303731,84.4607174827939,131.727051840888,39.1874202589825,66.9449382730432,98.9310709635417,24.4142127972193,192.32209777832,120.499294535319,148.390483856201,109.120285536114,0,0,197.115287780762,219.381576538086,153.905448913574,211.183120727539,214.39176940918,88.2971502420854,0,76.1274577730116,223.131113688151,0,181.135368347168,150.994232177734,100.473368246724,121.790861002604,0,163.725326538086,143.249318440755,176.947807312012,206.833450317383,76.8768361539257,106.52017549983,107.706131370023,225.389801025391,137.591354370117,197.011611938477,94.1105485280355,0,0,132.831345991655
96.8526094876803,137.359661865234,167.876815795898,84.2485785307708,29.9666818059846,75.5919011007219,16.2189170228294,68.0126132707338,64.334569331935,12.0336780599107,25.0552689002476,143.301524228828,9.48714350924102,154.847168530916,91.5697818960462,17.0424242320242,0,172.265533192952,160.241555452347,158.283189018853,17.8058604360976,166.86604309082,91.6540541215376,174.592828538683,16.0304483894735,151.143041502755,166.57440477259,169.660384635925,45.1567347069526,97.4838457700585,134.233819961548,170.801024350253,101.67223236587,122.285968017578,108.785712003708,0,0,0,88.1264488913796,30.8543856987213,0,176.724075317383,0,0,0,151.939002990723,171.491806030273,10.143244927728,201.575314331055,0,0,0,232.168914794922,209.647567749023,209.673164367676,20.7628655944552,0,0,0,127.444016265869,187.993881225586,211.773683547974,209.042358398438,154.791625976562,223.241912841797,0,0,0,0,0
120.533445570204,58.632193050926,161.600678077111,81.476736771013,188.560663859049,129.127852249146,140.603093266487,170.855239868164,122.97608065996,138.105258742623,169.184974074364,29.7746960566014,154.847168530916,8.77259487448837,101.683913461523,168.962850130521,130.108867645264,106.095395321316,48.4088053420861,66.8786228091218,179.603876749674,165.531091308594,100.462698611221,178.797481536865,156.421041261782,23.3510012116932,33.7996971911688,35.2238075044539,173.545272827148,98.0856020968893,159.504512786865,17.8392791044721,82.2976929102189,0,50.355521337983,198.861414591471,129.60937166214,144.492202758789,87.807707716779,0,0,163.143920898438,0,173.098132324219,194.244375610352,0,79.8084737543474,0,76.2002748546034,162.718930053711,0,221.201599121094,153.511144002279,99.3012810565056,117.553135958585,0,0,143.890617370605,137.308639526367,205.431186676025,68.4551238666881,103.672818796975,106.259673726731,224.98942565918,144.331899007161,178.035227457682,100.972519226074,88.3140182495117,0,133.305999168983
20.3610342497223,136.291700955095,115.989351475574,128.699210030692,108.57802675916,27.9438928689388,42.6207999064706,43.3875386356014,17.4577270753609,107.822901767233,46.4595719608676,95.8268781114918,91.5697818960462,101.683913461523,9.65379859750694,55.8946529157234,126.585512161255,125.889158294581,121.681451496325,127.707143332741,111.366726493835,99.2604990593065,129.031753941586,105.22983498502,102.232503213078,107.90876727634,134.107561045981,139.432840206656,99.8858314431721,18.8310265255174,59.4450917880802,125.072092692057,21.8749889873933,66.9138580210069,57.8741569309089,0,160.163665771484,197.966339111328,113.993256705148,111.279006958008,0,187.804275512695,148.453774885698,211.530548095703,124.507396697998,184.690872192383,134.227233886719,116.253852844238,145.768218994141,224.979621887207,0,124.654100036621,194.112030029297,227.430160522461,181.971289740668,241.561065673828,0,118.1164894104,201.09001159668,139.455166668959,138.561846415202,174.86147580828,176.177124320687,154.141484578451,159.225708007812,217.455942789714,140.395904541016,0,185.316772460938,178.646402994792
116.557782491048,112.53813035753,132.351891411675,41.0451916544061,62.8363203967059,21.7687750445176,17.1206907424619,77.0937168414776,30.1549583629194,19.1717591667175,72.3541599909465,172.276262664795,17.0424242320242,168.962850130521,55.8946529157234,8.39127054237428,91.2725372314453,160.454841918945,171.129165649414,155.129910188563,53.4793834981992,101.432106018066,83.0542263454861,168.040748596191,41.1450541383129,143.33765812924,154.757098662548,143.262502268741,70.9131666769193,54.6434630515083,100.976023864746,168.030498504639,43.314730186985,83.4386196136475,101.992763916651,0,0,221.786773681641,96.0439767837524,71.5410063607352,0,0,122.349250793457,118.078132629395,97.9563217163086,0,0,51.0336163838704,231.322937011719,0,0,89.9370269775391,202.970268249512,0,0,0,0,187.561248779297,0,99.9590326944987,0,238.06706237793,216.979489135742,103.508206685384,0,0,0,0,0,0
149.448394775391,70.2865966161092,95.9284517039423,37.1861673086661,105.675804138184,0,212.273513793945,93.259703441731,120.602922821045,69.6451624356783,99.3285507202148,155.70751953125,0,130.108867645264,126.585512161255,91.2725372314453,13.5575387399517,119.620126300388,176.514129638672,148.599116007487,108.768890380859,19.2059976557376,32.474551551035,23.5288606208854,42.499809524065,123.342789967855,127.843138261275,37.0660246629927,46.1068568779331,108.366421661377,74.1029571386484,124.22151184082,156.843368530273,100.977556228638,80.9299575641591,125.614406585693,0,126.23455397288,48.0627209235882,0,0,171.503662109375,134.791723887126,157.212488810221,0,0,0,0,0,168.061700439453,0,82.4425595461974,172.200604248047,0,201.361621856689,0,107.378605867044,53.9256444424999,100.841196954901,107.710035559249,0,168.602327346802,97.286376023726,121.750386406394,139.785207748413,127.930438359578,0,0,138.441255569458,135.790376663208
108.357682508467,53.6000713053083,31.287037258583,56.9469166754234,176.192293607272,177.527180480957,162.80404848041,129.112024670112,131.393077334162,136.570176651229,149.962548294067,60.3245809522935,172.265533192952,106.095395321316,125.889158294581,160.454841918945,119.620126300388,10.6861961827873,51.4953288889643,21.2323560537191,197.224431355794,61.4167972187591,86.8664273786115,24.7914488306248,144.465486082537,83.5042045532711,28.6117272097625,68.1673352608996,140.950576325604,113.154870319187,74.1535490927971,100.790139198303,152.260457865397,123.563883972168,49.0101998573758,186.483662923177,83.7171665416044,108.127166201745,93.1180459242601,213.764495849609,0,223.367351531982,185.776644388835,212.557290213449,169.841415405273,194.762171427409,168.494372558594,0,137.328931808472,214.939739990234,224.242614746094,135.270350138346,118.693966754647,144.416362338596,128.278461979125,0,167.336908976237,121.046599995006,130.848207243196,186.186004638672,114.30202553489,113.474576155613,110.389890531404,199.240004645454,196.592758178711,192.828028752254,163.632919311523,0,0,128.39570743435
134.963055830735,79.5384606581468,142.445783715499,85.7911336605365,181.838272094727,88.1676025390625,153.770386133439,169.23844996861,142.958179767315,158.699588775635,177.151519577225,17.7417611839767,160.241555452347,48.4088053420861,121.681451496325,171.129165649414,176.514129638672,51.4953288889643,7.57018219258555,13.4537446782261,185.675852457682,119.730121612549,118.751521023837,123.739378842441,170.993902712452,46.5837684677033,22.0623949505207,60.635115441849,183.80868727161,115.674521160126,128.475083743825,47.8262716060731,100.554256107496,0,56.1460302996711,0,0,159.948712158203,116.013580322266,0,0,0,217.496215820312,208.581344604492,0,0,114.874467213949,191.214996337891,97.1929563634536,0,0,0,143.251986026764,107.052844942533,120.028311774844,0,158.472984313965,157.131988525391,188.905949910482,198.551292419434,97.2296328735352,109.362222346854,111.408322053797,0,0,236.528579711914,105.589405314128,0,0,140.037211736043
130.430238672205,68.0869813997146,95.274842650802,69.4794462203979,181.912292480469,153.640762329102,155.875255937336,159.786334822934,150.076912629501,150.10240094802,169.126537830154,28.8060034924237,158.283189018853,66.8786228091218,127.707143332741,155.129910188563,148.599116007487,21.2323560537191,13.4537446782261,9.56318012020347,181.950787712546,103.448719623042,118.358861105783,96.2826181194647,166.287991537432,49.7928865047602,23.2948367864119,62.9783521558044,172.266752000672,107.943229832871,112.199808059692,63.2318022077617,96.1276469511144,154.471864700317,42.8503434211847,191.195236206055,124.472788030451,137.408645629883,110.963050495494,208.045860290527,0,220.573036193848,195.470565795898,200.999379475911,191.153610229492,242.927886962891,129.176257365459,180.102996826172,114.53361415863,191.874244689941,236.003387451172,151.255893707275,125.424684106951,124.177195344652,115.875602899279,226.159393310547,168.979709625244,130.953145708357,165.397600809733,200.680790148283,98.7346238528981,106.17119995698,110.873402699534,215.490699768066,189.486623128255,173.472912258572,129.281095958891,0,238.167907714844,123.800574933979
99.001599928912,166.445434570312,144.092126254378,70.8950634002686,10.9763871358242,109.698279380798,25.8959220422281,73.2671878478106,91.3480335096034,41.4853049952809,13.0669530169663,157.733740488688,17.8058604360976,179.603876749674,111.366726493835,53.4793834981992,108.768890380859,197.224431355794,185.675852457682,181.950787712546,8.37427155514328,97.1285247802734,108.39501953125,143.255412631565,13.0506235989215,183.007141113281,172.78695791739,182.182664686634,28.2249641884928,112.790140833999,109.608322143555,182.536508178711,136.115797189566,99.3694931030273,114.450647129732,0,0,226.707229614258,83.8010366339433,10.0016584684804,0,144.047419230143,0,211.695541381836,108.23838297526,156.15892791748,0,24.6085830292803,0,0,157.238647460938,0,0,0,0,10.5955942536509,166.878936767578,122.168563842773,0,119.222702407837,0,242.884307861328,222.872100830078,151.863955688477,0,0,0,0,0,0
79.1870324807089,95.5805013656616,61.0434788475169,60.2395074547236,110.109747750419,0,110.934687394362,73.9252504903577,100.855654223212,78.8682072957357,94.4610580662319,110.345886230469,166.86604309082,165.531091308594,99.2604990593065,101.432106018066,19.2059976557376,61.4167972187591,119.730121612549,103.448719623042,97.1285247802734,10.3763899695365,58.2035059868535,29.3069334878843,21.6764349907035,143.398857116699,111.328791046143,77.9612124809685,25.7165677403255,78.2533277137094,27.2522236049582,152.573608398438,177.155174255371,28.9269673701414,43.1464072878769,135.524271647135,0,148.053827285767,71.2246272646148,0,0,194.630233764648,130.346596968801,136.998499552409,105.781963348389,220.259643554688,0,0,0,140.237726484026,0,98.7344411155595,180.138861916282,0,0,0,123.238320182352,74.4467641711235,122.785212059544,116.046179144723,0,186.660438537598,119.719574079842,131.308870022113,144.363349914551,122.652266425055,0,0,114.543081283569,139.698425292969
102.950899396624,32.5765888669047,52.2070127972484,13.3604585187383,134.315696716309,104.153675079346,187.879969278971,105.490371881529,108.853030177525,31.3365211111033,163.238881891424,115.343617547419,91.6540541215376,100.462698611221,129.031753941586,83.0542263454861,32.474551551035,86.8664273786115,118.751521023837,118.358861105783,108.39501953125,58.2035059868535,10.9099422808323,56.1064745736174,43.6184129067619,79.3260990738869,95.3182784515677,40.874012841055,73.642769510578,97.5354038106984,67.119532551485,109.943917667165,177.722498575846,78.9201766967773,71.1794220462922,147.078353881836,147.469418843587,91.937957904957,55.565114852994,114.760139465332,0,149.869689941406,117.650261561076,150.949188232422,7.90968962510427,0,0,216.565048217773,142.451692199707,154.94807434082,0,71.1230581374395,141.947017669678,0,158.288615635463,0,82.5437473297119,33.6531168705708,82.400329044887,90.2953097716622,0,162.274323683519,68.1097421149166,126.07281934298,150.527502441406,126.418542044503,158.044692993164,0,0,141.511260986328
84.4595576199618,64.6558401874293,29.2329887683342,64.9991269539753,129.603135108948,156.754806518555,132.743700002695,86.7551565666498,110.166525651818,116.231266385033,109.48701087756,119.374627638836,174.592828538683,178.797481536865,105.22983498502,168.040748596191,23.5288606208854,24.7914488306248,123.739378842441,96.2826181194647,143.255412631565,29.3069334878843,56.1064745736174,14.6614433477279,72.4341040054957,171.960594177246,70.3790935887959,46.1106050338605,61.8492194341382,102.844149639903,55.8337462051469,181.197360992432,159.534004660214,99.1411855744153,52.7239383331774,170.628407796224,97.6600151062012,106.304167424658,71.5244967786572,173.811904907227,0,185.36513264974,161.049365997314,192.607687208388,0,191.719491577148,161.217178344727,123.650947570801,0,183.599290211995,0,99.9584991350566,135.98857717045,187.660934448242,182.12594134991,0,126.922272223013,75.1608146561517,113.528228198242,141.637417278459,143.371536254883,160.55538326761,98.5097446804752,154.298688769341,180.266153508967,145.713215531974,0,0,132.426475524902,143.38234576057
76.6247270459034,92.5421956706949,121.465086800711,47.1705781311487,23.0499762998418,90.4491350222857,93.8088947389184,56.1252536154825,95.5273334153402,26.1244699235862,69.7423776085697,164.964915836559,16.0304483894735,156.421041261782,102.232503213078,41.1450541383129,42.499809524065,144.465486082537,170.993902712452,166.287991537432,13.0506235989215,21.6764349907035,43.6184129067619,72.4341040054957,12.4502941093215,133.814847033763,143.880938134542,106.982481862455,19.988243076315,82.7211248780933,71.8738650433538,166.732841119534,125.094526220251,82.0398081265963,102.568556847075,133.598800295875,166.047743225098,166.872117089444,62.2058947699704,67.4164200152381,177.444549560547,131.099917275565,116.62955137554,134.301375924724,72.5226527246936,136.32635155277,207.818668910435,109.717412948608,201.794996643066,146.792261715593,130.234954833984,96.5288727272818,194.277104811235,218.058380126953,206.49201965332,88.4543230056763,130.526516025349,75.7218336635166,145.617930543189,96.8054493659644,184.091060638428,200.155360085624,160.445793361141,117.935241440595,140.299738084948,125.112399123436,223.335296630859,209.70442199707,127.729672518643,145.914290028234
122.116031646729,23.2913393579508,151.337721252441,47.5491289054682,186.358304341634,157.895330429077,147.822074635824,164.955528622582,130.530661392212,118.463830548918,165.086045485276,36.9152286786605,151.143041502755,23.3510012116932,107.90876727634,143.33765812924,123.342789967855,83.5042045532711,46.5837684677033,49.7928865047602,183.007141113281,143.398857116699,79.3260990738869,171.960594177246,133.814847033763,10.7392089635809,44.8541256741241,29.2002842550023,159.045357998935,101.91695437224,129.506874084473,44.437129120032,81.0697288513184,0,57.0514654154291,0,90.0633316040039,126.188752746582,94.4861333211263,0,0,0,177.514541625977,144.952716827393,0,0,80.5222131829513,0,71.2852598787085,176.28059387207,165.953430175781,215.663192749023,127.268711471558,90.6330926184561,105.959328867594,0,188.046371459961,157.243144989014,139.684982299805,201.961639404297,53.432807498508,90.718416599869,91.6246930853254,0,149.013277689616,196.763885498047,89.7574141129203,0,187.018371582031,110.431270599365
118.925989427813,47.2659346933541,28.9822187451852,52.5145565785692,159.295139936967,177.121971823952,160.287139198997,135.135564022488,139.761845351943,133.779646239825,151.593841641759,27.3427941397594,166.57440477259,33.7996971911688,134.107561045981,154.757098662548,127.843138261275,28.6117272097625,22.0623949505207,23.2948367864119,172.78695791739,111.328791046143,95.3182784515677,70.3790935887959,143.880938134542,44.8541256741241,14.3404679293955,37.2542672094996,147.473003030051,131.103408659771,101.875509419271,19.7325974857323,126.940431962933,139.97223259421,67.5601201470619,194.882695198059,84.4000303826365,103.276354272771,86.373040748365,205.039532470703,0,231.429122924805,194.9123943163,206.638119784268,190.064402988979,203.483833312988,125.269952995833,193.939994812012,111.971517657289,191.475333513532,200.504608154297,147.862834453583,111.133754365459,112.574497133354,112.91961807761,223.271911621094,164.337120056152,118.492611083984,134.839529241834,188.17547463471,94.6847339312235,102.26520791724,102.996321014916,191.873499552409,192.106929779053,181.579671686346,120.21090443929,0,0,116.983911319655
135.302570487514,38.1583677070554,38.072800003422,47.1498518106439,148.051615965994,169.14784414118,161.210288037311,115.909256022869,150.979007131552,122.700088838089,150.840278625488,61.9676246342091,169.660384635925,35.2238075044539,139.432840206656,143.262502268741,37.0660246629927,68.1673352608996,60.635115441849,62.9783521558044,182.182664686634,77.9612124809685,40.874012841055,46.1106050338605,106.982481862455,29.2002842550023,37.2542672094996,16.0018207123277,102.104125996517,122.668300481377,102.48564312874,32.5099813285173,117.38875579834,137.158389178189,71.3441557468742,189.363353184291,82.1218557617544,99.2364958375289,77.9088976516336,188.636106872559,160.126014709473,203.717618942261,174.489928877981,192.135624895192,188.591409783614,188.818207159275,125.904134114583,192.785217285156,111.001540056864,191.53977953698,184.853042602539,98.5574395552925,114.752198646082,118.967874615329,116.826969332719,217.753555297852,129.36648815118,68.734267996771,111.271920479601,155.964535795612,101.45538300128,106.561026139162,96.5116415864142,167.57335362098,195.70544459902,167.399155510796,125.242463217841,144.298858642578,197.093017578125,120.203497350862
78.0399955877891,113.720761025306,108.06894347247,75.3935093036418,17.5271036367375,117.381495861297,61.6523227542639,33.2338275660671,91.8910760689844,53.22335737245,25.1421754866486,172.309021303731,45.1567347069526,173.545272827148,99.8858314431721,70.9131666769193,46.1068568779331,140.950576325604,183.80868727161,172.266752000672,28.2249641884928,25.7165677403255,73.642769510578,61.8492194341382,19.988243076315,159.045357998935,147.473003030051,102.104125996517,11.8519910659413,88.2279009392591,34.3173036962381,193.508093697684,129.559982424877,80.3845560027332,70.3189860805249,133.250664265951,153.235816955566,176.079659695095,75.6354451617544,46.5617100080877,0,146.050011698405,132.96947519707,155.802557871892,80.2300479494292,153.785842405547,215.464782714844,92.1865330746299,0,156.297194947588,155.979614257812,102.346678535893,203.120625,231.937278747559,224.634479522705,85.0831645371078,135.872100466774,77.2286008199056,149.566424407959,110.127649677422,0,204.941434686834,169.462576548258,127.924450209855,145.691104953572,125.849258366338,0,0,133.765558579389,144.297376708984
17.6366263488947,114.032905442374,131.090356613062,101.878083875102,104.467228328909,22.7817166417701,48.0651560654026,77.2188985459631,46.2965539310035,82.0733805662834,97.1273422103406,84.4607174827939,97.4838457700585,98.0856020968893,18.8310265255174,54.6434630515083,108.366421661377,113.154870319187,115.674521160126,107.943229832871,112.790140833999,78.2533277137094,97.5354038106984,102.844149639903,82.7211248780933,101.91695437224,131.103408659771,122.668300481377,88.2279009392591,9.96659785071265,18.2082014743547,109.401236961628,12.6529583531141,22.5683687434825,31.4136521122408,142.636627197266,188.151646931966,171.09729420055,97.7718115354839,136.631215413411,0,169.264297485352,128.582285881042,186.821201324463,147.391735076904,164.025701904297,0,104.564025878906,121.939694213867,139.186103820801,0,122.651987202962,168.049269104004,160.525329589844,168.54955291748,166.535232543945,171.186756134033,112.624496459961,166.707745478703,124.746235841961,99.4910659790039,161.198762702942,162.493577406141,143.349894460042,193.395637512207,186.869043986003,0,0,133.01049041748,174.839584350586
30.5336866794663,109.049160003662,85.4157395567917,81.2339195363662,93.6561982291085,123.191173553467,105.102646663271,21.9703655935992,74.4357693264636,63.637135381284,81.9421820189822,131.727051840888,134.233819961548,159.504512786865,59.4450917880802,100.976023864746,74.1029571386484,74.1535490927971,128.475083743825,112.199808059692,109.608322143555,27.2522236049582,67.119532551485,55.8337462051469,71.8738650433538,129.506874084473,101.875509419271,102.48564312874,34.3173036962381,18.2082014743547,11.029064124003,153.573390960693,110.250475030196,42.6187838192644,31.3436204062652,115.511451721191,201.514602661133,140.210803105281,66.8880099988964,0,0,195.188598632812,129.110542297363,147.402418518066,154.673764546712,0,173.498413085938,0,0,160.368069118924,0,100.544122764042,180.331639971052,195.572875976562,170.124038696289,0,124.649482727051,87.4712115696498,145.751349894206,107.014151507861,0,181.128413480871,146.487004649882,120.363980447092,136.640663146973,129.916632218794,0,0,126.876950581868,127.538288116455
143.000401814779,69.825258102417,161.792492675781,89.9247196912766,195.207855224609,99.9712867736816,157.140550994873,183.776255607605,141.792158178381,149.213392469618,180.236466117527,39.1874202589825,170.801024350253,17.8392791044721,125.072092692057,168.030498504639,124.22151184082,100.790139198303,47.8262716060731,63.2318022077617,182.536508178711,152.573608398438,109.943917667165,181.197360992432,166.732841119534,44.437129120032,19.7325974857323,32.5099813285173,193.508093697684,109.401236961628,153.573390960693,6.33964641466373,103.790981292725,135.115295410156,73.8404356522994,0,132.263517379761,200.952308654785,144.544900258382,0,0,0,0,0,219.882415771484,0,112.529737636021,195.970596313477,98.8635186981737,192.938453674316,0,187.0498046875,135.564812796456,109.373251145886,121.021552254172,0,125.812286376953,162.969379425049,172.267702738444,221.419059753418,85.3258159471595,110.909765162938,113.481986819467,0,145.298583984375,196.766426086426,109.733773080926,0,0,146.139517974854
80.0958285574186,114.367330551147,162.532829557146,120.465112050374,139.071306864421,9.44160293220724,32.1687914842171,121.667405962944,22.2812681746089,102.87733404977,124.926468849182,66.9449382730432,101.67223236587,82.2976929102189,21.8749889873933,43.314730186985,156.843368530273,152.260457865397,100.554256107496,96.1276469511144,136.115797189566,177.155174255371,177.722498575846,159.534004660214,125.094526220251,81.0697288513184,126.940431962933,117.38875579834,129.559982424877,12.6529583531141,110.250475030196,103.790981292725,5.83627082390025,58.2464141845703,33.4479936654357,0,0,0,0,136.135589599609,0,0,0,0,0,0,182.458450317383,116.093078613281,117.013889312744,0,0,150.283081054688,157.320053100586,136.823348999023,160.051849365234,120.903526306152,0,0,0,170.55265045166,91.1696929931641,158.626391601562,153.16391318185,165.458282470703,0,0,0,0,0,0
54.1369289918379,132.373794555664,139.635972243089,76.2251510620117,98.9143854777018,0,92.0057337143842,79.4115393789191,87.40167223174,78.8436088562012,95.2027738551901,98.9310709635417,122.285968017578,0,66.9138580210069,83.4386196136475,100.977556228638,123.563883972168,0,154.471864700317,99.3694931030273,28.9269673701414,78.9201766967773,99.1411855744153,82.0398081265963,0,139.97223259421,137.158389178189,80.3845560027332,22.5683687434825,42.6187838192644,135.115295410156,58.2464141845703,9.68139293901423,16.9933426888296,0,0,0,91.6972312927246,0,0,0,127.769989013672,0,0,189.397125244141,185.745910644531,0,0,0,0,113.701395670573,0,0,0,0,0,70.9506149291992,0,125.476887512207,0,0,199.261525472005,156.799224853516,0,0,0,0,0,0
78.0874568894065,61.4384428411722,71.3349667854115,72.1898097628639,107.972797064134,42.9829147338867,88.245645005703,103.839855626913,82.5339438622998,116.797480963227,108.711672078008,24.4142127972193,108.785712003708,50.355521337983,57.8741569309089,101.992763916651,80.9299575641591,49.0101998573758,56.1460302996711,42.8503434211847,114.450647129732,43.1464072878769,71.1794220462922,52.7239383331774,102.568556847075,57.0514654154291,67.5601201470619,71.3441557468742,70.3189860805249,31.4136521122408,31.3436204062652,73.8404356522994,33.4479936654357,16.9933426888296,11.9395454086506,209.853973388672,93.9548975626628,114.296694190101,99.5281668768989,109.223327636719,0,202.426380157471,158.250440157377,206.699924468994,214.130165100098,183.919429779053,118.403929668924,134.867034912109,99.884386867947,185.650367736816,0,109.379998070853,126.281108648881,136.939987876199,129.837176622018,0,143.273425510951,107.559031256314,131.467849731445,126.699538639614,86.0981854030064,120.803962222779,112.735264947044,170.813312530518,187.740443638393,155.500160217285,133.397405836317,0,182.160491943359,130.895186021593
0,0,170.900405883789,138.324089050293,0,0,202.938232421875,0,0,0,248.166656494141,192.32209777832,0,198.861414591471,0,0,125.614406585693,186.483662923177,0,191.195236206055,0,135.524271647135,147.078353881836,170.628407796224,133.598800295875,0,194.882695198059,189.363353184291,133.250664265951,142.636627197266,115.511451721191,0,0,0,209.853973388672,9.85833790610568,154.541770935059,112.036952503225,115.904034701261,99.3157329185336,107.009735107422,99.6254319869555,32.7339015805967,48.0620713450692,80.11479139328,55.0612099129499,125.629004673928,100.891065368652,148.06755065918,22.6950331020177,81.9286127090454,91.7492553165981,107.572177712635,134.693004932809,126.331692544008,97.5982935769217,82.4171142059119,102.147192891439,100.079091074999,80.4704572719998,134.450145721436,129.949674441982,140.994785220124,80.9887872629262,21.6539831647115,21.2193417496773,0,98.8004582722982,35.720875804104,76.3714492321014
133.141494750977,63.9618368148804,71.1130736160278,41.2806118796853,0,0,189.458480834961,148.938934326172,179.325950622559,0,210.152496337891,120.499294535319,0,129.60937166214,160.163665771484,0,0,83.7171665416044,0,124.472788030451,0,0,147.469418843587,97.6600151062012,166.047743225098,90.0633316040039,84.4000303826365,82.1218557617544,153.235816955566,188.151646931966,201.514602661133,132.263517379761,0,0,93.9548975626628,154.541770935059,7.70762329012181,45.205421938825,32.6294418491166,147.646148681641,0,139.823887634277,131.903327703476,140.040628705706,84.9706145061017,196.850865681966,67.3117453725714,122.74511043842,48.5120005159834,139.601734867802,112.016094462077,63.1273189891468,56.6266329473379,81.0877890692817,66.2695990849151,129.547245025635,93.6683330535889,30.344892615871,62.0687113501809,89.1533734229692,25.7111068600762,53.6983473988322,30.8969511036012,136.941524110991,133.455616290753,122.156295522054,81.5781559944153,130.461242675781,117.964073181152,60.3282106524316
195.541768391927,90.6350778432993,96.3308064408243,61.1882202007152,197.716659545898,203.19841003418,220.661277770996,184.108041846234,202.048509216309,174.274276733398,202.368334960937,148.390483856201,0,144.492202758789,197.966339111328,221.786773681641,126.23455397288,108.127166201745,159.948712158203,137.408645629883,226.707229614258,148.053827285767,91.937957904957,106.304167424658,166.872117089444,126.188752746582,103.276354272771,99.2364958375289,176.079659695095,171.09729420055,140.210803105281,200.952308654785,0,0,114.296694190101,112.036952503225,45.205421938825,18.7963400775542,55.0905812065008,146.84885339176,184.77819442749,147.621345038553,102.884067000039,129.589918491887,130.613309358296,126.390113170842,125.692224834276,160.251695251465,148.009966532389,127.059100787286,172.338600158691,88.8745886604741,42.1500614377403,101.949515609741,70.961964480691,153.888363520304,69.79308825069,59.8120684837227,39.9755446153433,112.568691409152,123.095191955566,37.062037918636,39.2358245381506,101.364560606629,152.871152697111,101.968073386272,126.796085357666,190.423802693685,137.553258895874,89.6708824730431
