12.3001787430589,0,94.219537689355,80.6210166931152,98.6283340454102,78.7240447998047,75.6430196762085,29.4187393645315,32.6490722754735,94.9815537588937,70.9057879788535,153.018915812174,97.3850402832031,167.710632324219,17.0848648026512,0,0,99.7678378712047,125.150382995605,128.04999760219,85.26917775472,70.1580478045957,83.702039082845,74.5751868151236,80.8407675425212,0,118.002826071193,125.116911719827,74.840227313158,15.9231570122571,25.5536407429296,0,75.0824661254883,43.7019371524934,85.0629963164634,0,188.93913269043,145.326599121094,0,0,0,0,0,0,89.7930450439453,0,0,0,0,0,0,0,0,0,0,0,0,108.262313842773,156.035125732422,0,0,166.927093505859,150.258323669434,0,0,0,0,0,0,0
0,6.41300884304368,50.3712325462928,63.9763934634147,107.964168548584,0,115.454071044922,127.82223256429,137.142316182454,62.3044369703804,0,56.6083994153792,93.6639575958252,42.67246256995,121.89529800415,100.798819478353,77.9086344792293,73.6462685434442,71.8506317138672,60.5083081563314,97.7392616271973,0,23.6352248644373,70.7923346625434,77.4709810861727,23.7931434330827,43.3410541959204,30.8647170741633,111.582397884793,99.2683334350586,0,68.6124420166016,105.532539367676,0,68.9673083270038,0,24.0580049242292,79.5333658854167,66.1330028880726,0,0,0,0,0,0,0,66.1543404715402,0,66.896004597346,0,0,0,120.650566101074,120.235847473145,174.617530822754,0,0,88.6552543640137,158.265808105469,105.871046066284,55.577358518328,119.113718032837,96.8084047278579,149.734634399414,0,184.559097290039,0,0,0,140.272750854492
94.219537689355,50.3712325462928,11.2384239225668,93.96880649385,0,159.877880520291,132.770936039866,96.968991843054,116.057752842471,103.824765886579,120.918239593506,87.473867030502,138.050454457601,86.3173132304904,112.395508109339,122.468646458217,86.1017185211182,50.2263257349622,88.5334186877235,75.4885756565974,197.918716430664,66.9011560837156,70.3312788009644,29.7203977920759,105.799809358558,106.329231262207,29.5891749519213,29.511410651524,84.7851690618615,96.946299247537,86.7175613390874,88.4049640948956,172.78423239968,96.5066944284642,56.4518333471046,175.089172363281,50.1793655825652,86.4488994706841,52.055358746408,167.208084106445,0,185.915176391602,149.91070992606,187.856352586013,164.51069132487,201.168312072754,154.079441833496,0,143.519477844238,181.255395889282,0,115.931188855852,100.927424066717,0,126.790776994493,0,129.570051284063,47.8165324311819,95.6002933475014,164.149788992746,118.854190826416,107.400168253581,90.9839338059241,159.900812784831,168.118728637695,153.638166427612,134.799118041992,0,174.93776957194,113.744537353516
80.6210166931152,63.9763934634147,93.96880649385,44.209029791203,55.6313949296641,130.976472854614,101.476080711852,61.2743752463919,86.0201323776649,13.2993159728892,77.3137191638612,131.457104492188,77.4520715784143,118.245472771781,92.4325142323645,62.8362151698062,50.8661379904117,119.603868484497,0,161.463638305664,75.6738043467204,48.1655036847345,25.4928145949145,54.2318929895178,41.3051692757927,107.68910369873,136.331288146973,86.4179000960163,51.798339657121,87.6524759133657,54.9466142733672,141.166543960571,128.757126944406,66.3214272208836,82.1678137614809,0,131.671875,147.651947021484,20.782195892334,0,0,179.006469726562,83.6390088399251,152.254711151123,14.4523273894661,127.995048522949,98.7742462158203,190.551361083984,0,76.8556900024414,0,73.0793148040771,116.300437927246,0,0,72.2624225616455,57.1504344940186,41.3721673097183,110.443421999613,65.23315782547,0,102.96753692627,139.994741651747,89.5212707519531,193.811531066895,51.2349472045898,0,0,65.6376037597656,158.677124023438
98.6283340454102,107.964168548584,0,55.6313949296641,8.70820048238522,140.54118347168,54.8853396693757,40.7123149219824,105.821101298883,51.8804807334111,20.1704570585028,157.376348495483,19.7736720801062,0,109.311133150569,62.9831381329035,0,0,215.87809753418,0,10.6084014098618,144.215557098389,70.5510606032151,131.954091389974,16.3667723252606,0,0,132.491641044617,13.1702078508811,96.2265792553241,111.109941101074,178.025680541992,142.172098333185,82.0646286010742,93.8938626813459,69.9391479492188,0,0,75.6913414001465,10.464661578693,0,115.67650718689,112.306488037109,150.897491455078,84.8371326128642,74.9064867155893,0,18.5038293040018,0,168.005233764648,79.6855010986328,0,0,0,0,14.3394207563621,155.604537963867,107.014060974121,0,81.4983124647822,0,0,203.187911987305,106.494798812866,167.294914245605,0,0,0,0,132.507843017578
78.7240447998047,0,159.877880520291,130.976472854614,140.54118347168,8.36489869812897,10.9692120258421,124.583524131775,27.723533314755,109.673900286357,119.379041718274,75.2319483439128,108.121603693281,84.6306834220886,34.6872196129633,12.7424117505865,0,149.421253204346,101.784616470337,210.615234375,133.379220750597,135.463806152344,117.539381844657,145.446976294884,120.76466345787,0,144.043630327497,152.350432395935,127.275209648665,28.3946168413349,114.437163798014,144.009777069092,10.777495030403,112.752987543742,43.9482534964254,0,0,0,116.968276977539,0,0,0,0,0,122.934394836426,0,0,136.827896118164,0,0,0,0,0,0,0,0,0,0,0,173.798950195312,0,0,0,0,0,0,0,0,0,172.633758544922
75.6430196762085,115.454071044922,132.770936039866,101.476080711852,54.8853396693757,10.9692120258421,9.76301093261857,70.9562647993418,24.9399183019538,69.4170880684486,24.9933231133068,96.0244895258257,16.8756822610429,135.357163414588,30.6865975485269,12.3028002057809,196.740641276042,151.327272251674,132.050062815348,145.27214879575,33.3601444458181,99.9839878768372,114.018137346234,116.051088110506,81.7933549444184,87.6474685668945,156.926790903129,142.490604448922,75.0294579329649,43.4048652498579,103.430389478609,160.220699946086,14.5255859173678,73.8933165778576,68.6389474784972,205.200057983398,0,184.495320638021,124.274095388559,53.5469531331743,0,150.344879150391,186.653477986654,174.132175445557,114.163452148438,202.110076904297,0,56.7530835193136,216.923797607422,168.029937744141,0,0,213.935585021973,0,0,62.9520721435547,0,161.92623647054,195.097599029541,133.16317478303,0,204.872741699219,196.17665608724,150.330019836426,195.090286254883,146.340438842773,0,0,149.995819091797,185.014434814453
29.4187393645315,127.82223256429,96.968991843054,61.2743752463919,40.7123149219824,124.583524131775,70.9562647993418,9.08447784804862,65.8389249566399,60.9073076118711,16.0339782709534,157.248659769694,58.5779927241338,162.606470743815,33.696310404803,84.3242157383969,83.3525303649902,136.804579000557,170.843896865845,156.138102722168,95.1347203688188,62.9600146734473,72.518920053265,81.5880076846393,52.0671564397243,149.505844116211,136.521387273615,109.66024596222,26.3596757269403,55.6757392986215,14.6679758453615,168.233028956822,126.47926250257,53.818525557227,75.0988093754541,140.878890991211,125.147288004557,167.323603312174,83.9814932288193,73.5837383270264,0,149.360613686698,128.986922200521,150.29663933648,82.590180176955,144.811189015706,0,95.1670951843262,0,146.090026855469,0,136.296877543132,186.602989196777,0,0,113.014209747314,189.704956054688,119.943705065497,161.937853131975,107.356341398964,0,194.222175598145,172.242476806641,122.635751724243,163.850416395399,135.499109540667,0,0,128.733291625977,175.704679216657
32.6490722754735,137.142316182454,116.057752842471,86.0201323776649,105.821101298883,27.723533314755,24.9399183019538,65.8389249566399,12.0544114333742,88.209719914262,37.435781057859,99.0105163903884,79.7869230788946,138.036828679363,16.8913634464558,30.4525732149764,150.891790771484,129.344517156813,143.910226186117,158.843439468971,99.339614394741,89.7708141711874,101.49664552862,96.3547116667168,93.3239450038824,89.0049591064453,142.75526403504,144.636026200338,87.5364758422787,36.1689258614134,68.5954749612247,164.387214660645,20.9734446031557,78.4404923872514,84.4030606846787,207.268936157227,163.950256347656,174.1452930157,115.331623998182,110.358679635184,0,175.536285400391,167.513479059393,169.258923339844,121.454059801604,182.207067871094,0,128.187156677246,165.256362915039,157.633712768555,178.362991333008,0,221.454376220703,0,0,102.513210296631,0,136.661342729841,168.188369750977,133.20488304562,0,203.429433186849,183.504195674773,149.223722839355,0,171.966384887695,0,0,152.879127502441,185.350713094076
94.9815537588937,62.3044369703804,103.824765886579,13.2993159728892,51.8804807334111,109.673900286357,69.4170880684486,60.9073076118711,88.209719914262,8.14621880783335,77.4200309263457,120.839813793407,12.6133760037456,114.40631237836,94.4974437289768,20.9194273262666,81.1268144607544,132.638355800084,147.205419540405,136.295297241211,44.2724883663121,70.2274768135764,24.0499576610454,96.0385690084318,20.6720491607255,104.160227419725,116.849356359365,101.632715110319,50.7142789991278,84.9362150963317,56.6500988006592,149.373348236084,122.47800554548,64.7002132518871,88.0087607425192,0,110.232368469238,136.514862060547,72.5840270784166,84.0800501505534,0,105.053565979004,0,181.505157470703,6.73745726234508,124.485778808594,0,63.767510732015,147.396368238661,0,0,84.716682434082,185.963226318359,0,0,89.6974347432454,0,27.2866730988026,0,72.881099085654,0,177.074110031128,169.007305569119,115.068687438965,0,242.21028137207,0,0,0,172.620025634766
70.9057879788535,0,120.918239593506,77.3137191638612,20.1704570585028,119.379041718274,24.9933231133068,16.0339782709534,37.435781057859,77.4200309263457,9.80334682172924,146.795535816866,24.164576233092,160.410004806519,56.7361869539844,65.3372717341152,118.613647460938,166.300149005392,172.993148803711,200.569873809814,16.2746136502694,98.5240378087881,114.678018842425,121.206703420271,66.4659206220496,0,166.110897240272,136.540782734499,22.1097084392148,86.2058652516217,114.917264601764,166.016047159831,127.11041300847,77.2435301902833,86.2871220825273,0,167.600224812826,176.186981201172,95.1718442816483,48.1719819155606,0,165.902828979492,136.308990478516,165.507942199707,98.067496079665,162.877047220866,0,42.6124335068923,0,154.460815429688,0,0,0,0,0,50.6973150968552,0,128.229747009277,150.067771911621,113.447252256061,0,0,0,140.270656373766,166.62712097168,135.998992919922,0,0,152.092112223307,158.279154459635
153.018915812174,56.6083994153792,87.473867030502,131.457104492188,157.376348495483,75.2319483439128,96.0244895258257,157.248659769694,99.0105163903884,120.839813793407,146.795535816866,15.2117329244769,137.164850507464,21.3509781289319,80.2727333307266,0,108.075582504272,45.1214069240756,23.1681046485901,30.8693720471594,146.237903594971,99.5246559518283,98.1385351217018,84.9478977264897,146.948972429548,32.3386925280451,29.286441545606,63.815623562172,147.64821879069,59.7936753999127,100.148405075073,25.4254560870891,72.0633817614426,97.7532683478461,33.1239171652567,0,110.334674835205,138.19416809082,104.058268955776,0,0,0,0,0,0,0,104.749547958374,170.955375671387,72.7470483462016,0,0,0,133.376472473145,109.438335842556,112.604825973511,0,247.095626831055,130.631300354004,142.278450012207,0,59.9469442367554,103.072666103557,103.579182150835,0,0,0,100.142961978912,0,0,129.108299255371
97.3850402832031,93.6639575958252,138.050454457601,77.4520715784143,19.7736720801062,108.121603693281,16.8756822610429,58.5779927241338,79.7869230788946,12.6133760037456,24.164576233092,137.164850507464,8.57522564214678,190.071411132812,103.885692305743,13.9767283196372,0,153.357839584351,0,0,14.8446384303358,130.832327706473,57.8394809625088,148.179843357631,21.9370352636101,122.323551177979,188.037050519671,115.571734779759,46.3197713434213,96.4122712271554,114.99891204834,195.261383056641,127.903519330706,83.6293747943381,95.3630867877989,0,0,0,110.885643005371,15.3991258437973,0,37.9920441763742,44.0243797302246,0,57.456413269043,67.8945207595825,0,13.4702251723747,0,0,0,0,0,0,0,19.5568652163852,0,0,0,72.2901845659528,0,0,0,90.5179456075033,0,0,0,0,0,209.293563842773
167.710632324219,42.67246256995,86.3173132304904,118.245472771781,0,84.6306834220886,135.357163414588,162.606470743815,138.036828679363,114.40631237836,160.410004806519,21.3509781289319,190.071411132812,8.64636023591959,133.769240934457,118.778775024414,126.095675998264,95.0304039157167,52.3149167909213,64.411460723877,0,141.780137379964,86.445462974713,117.490895807743,144.760655721029,17.6379911688623,25.2765035677445,30.3186422772257,160.753165935648,86.9115376336234,152.402523265165,14.1843914594142,85.6529707515941,135.276195526123,60.0245299838139,0,78.5091803267195,142.109325408936,95.4731715809215,0,0,0,244.08122253418,0,170.46501159668,0,74.4029716893246,169.16047668457,58.0602813619139,0,0,0,132.910007476807,100.314756393433,110.692581176758,0,0,118.407483782087,168.472219467163,0,46.4602297501165,91.9597874538606,87.7569284595086,197.626068115234,0,0,89.8531693678636,0,0,103.993179829915
17.0848648026512,121.89529800415,112.395508109339,92.4325142323645,109.311133150569,34.6872196129633,30.6865975485269,33.696310404803,16.8913634464558,94.4974437289768,56.7361869539844,80.2727333307266,103.885692305743,133.769240934457,9.15084898936998,49.2945435498212,170.970367431641,121.681078051844,125.964127131871,150.395076594941,104.108286231828,83.5348351224263,97.2188256916247,90.7602392042739,101.210461296554,76.6624374389648,135.345084898593,140.277634345161,81.0048250015941,24.7492058933196,57.0279055562886,144.170932769775,14.7898427686362,44.2427219709624,66.3908607630283,0,137.501688639323,177.647899280895,127.924856821696,112.390086087314,0,0,147.989179611206,196.30477142334,103.723684946696,0,0,109.921872456868,104.435317993164,0,0,0,215.379821777344,0,233.719421386719,106.178038279215,0,140.243665280549,167.503311157227,141.877987289429,0,0,176.389165541705,147.94056297751,174.299078369141,143.746948242188,0,0,188.235870361328,214.178276062012
0,100.798819478353,122.468646458217,62.8362151698062,62.9831381329035,12.7424117505865,12.3028002057809,84.3242157383969,30.4525732149764,20.9194273262666,65.3372717341152,0,13.9767283196372,118.778775024414,49.2945435498212,9.88312645259275,113.153900146484,100.039360046387,216.337295532227,0,43.3800666809082,96.0510075887044,67.8143502905014,109.109898249308,44.989702085366,0,153.569597032335,129.331214904785,74.2527436316013,62.9233109400823,92.9672368367513,0,35.9430206188789,66.6417184557233,111.84526678232,0,0,0,104.192848205566,0,0,0,0,0,78.1196454366048,0,0,69.9971694946289,0,0,0,0,0,0,0,85.5024223327637,0,144.941569010417,0,73.4072875976562,0,0,115.538528442383,174.980834960938,0,0,0,0,0,0
0,77.9086344792293,86.1017185211182,50.8661379904117,0,0,196.740641276042,83.3525303649902,150.891790771484,81.1268144607544,118.613647460938,108.075582504272,0,126.095675998264,170.970367431641,113.153900146484,16.1306992985178,111.332046957577,138.341674804688,130.349456787109,0,18.5880691973044,34.3717123243746,17.3237919678588,28.0302378993382,125.758209228516,111.517418755425,28.1401751528535,38.8507223142191,146.433654785156,78.3486759185791,123.789512634277,123.794921875,124.730592091878,91.7007855502042,143.159225463867,102.713684082031,109.575557163783,87.0256510925293,0,0,0,132.256954193115,0,83.8229751586914,0,0,0,146.751739501953,0,0,16.6259874974126,118.663945515951,0,136.422027587891,0,93.3967208862305,55.7604943870369,51.4674362557275,129.084342956543,0,177.139419555664,113.926398475965,120.895051138742,0,77.8253318786621,0,0,106.343902587891,140.977292378743
99.7678378712047,73.6462685434442,50.2263257349622,119.603868484497,0,149.421253204346,151.327272251674,136.804579000557,129.344517156813,132.638355800084,166.300149005392,45.1214069240756,153.357839584351,95.0304039157167,121.681078051844,100.039360046387,111.332046957577,10.5466378001785,57.1065649085331,23.8129336534465,165.169921875,47.3140529434179,89.173287709554,24.2209174592581,128.100040066627,76.4230511983236,27.6940332967695,60.8530373604451,118.256938952844,88.3395699305985,66.7171326016029,98.6006920855978,143.942908547141,77.8455469571627,38.8010856351421,190.249504089355,64.7747315088908,99.344802291305,68.1284716779535,0,0,187.497100830078,164.352333068848,198.630928039551,168.158462524414,0,0,0,138.300313313802,0,0,155.35595703125,108.690393538702,150.449394226074,125.793518829346,0,133.313537597656,81.6427910486857,110.416646857011,205.654754638672,0,110.731561203003,105.644797685167,170.975463867188,0,181.157597859701,0,0,0,123.71336555481
125.150382995605,71.8506317138672,88.5334186877235,0,215.87809753418,101.784616470337,132.050062815348,170.843896865845,143.910226186117,147.205419540405,172.993148803711,23.1681046485901,0,52.3149167909213,125.964127131871,216.337295532227,138.341674804688,57.1065649085331,7.50268546913725,19.0390004845289,177.408966064453,122.159080736565,123.165826797485,90.8245874156123,143.269020080566,53.1134516398112,29.1133010700722,71.5150265304704,154.36353302002,95.3347516741071,108.110231839694,52.8239261411851,99.7273357225501,114.633617219471,49.4594579075687,0,97.4912185668945,0,74.2544730050223,0,0,0,193.953140258789,0,0,0,110.522578648158,0,92.7546226501465,0,0,0,138.265647888184,114.020595550537,114.319170633952,0,0,147.960151672363,198.905014038086,0,101.426549275716,107.888771458676,111.24245000986,0,0,0,123.585151672363,0,0,117.858648681641
128.04999760219,60.5083081563314,75.4885756565974,161.463638305664,0,210.615234375,145.27214879575,156.138102722168,158.843439468971,136.295297241211,200.569873809814,30.8693720471594,0,64.411460723877,150.395076594941,0,130.349456787109,23.8129336534465,19.0390004845289,14.3911095395668,0,94.0061489826924,105.907144768294,68.2062654890772,144.135122934977,55.773193359375,29.7844056418546,65.4053715095374,134.655976092229,116.191149200323,96.7112602418469,60.5143003917876,103.584058908316,98.6990301132202,47.6388256719953,218.061157226562,90.465283418313,112.892965044294,79.8364758948757,0,0,0,0,0,0,0,134.326338768005,0,116.073139667511,195.459167480469,0,187.515533447266,118.243869904549,112.588975172776,116.139140371549,0,186.107627868652,120.911936187744,130.69491496839,0,92.3111904689244,102.82506455727,108.158166453523,189.881973266602,0,150.68229675293,121.959454218547,0,193.363464355469,140.341061183384
85.26917775472,97.7392616271973,197.918716430664,75.6738043467204,10.6084014098618,133.379220750597,33.3601444458181,95.1347203688188,99.339614394741,44.2724883663121,16.2746136502694,146.237903594971,14.8446384303358,0,104.108286231828,43.3800666809082,0,165.169921875,177.408966064453,0,11.012640995822,126.776268005371,75.8953524998256,183.209331512451,13.8016705882412,0,200.784999302455,176.094421386719,29.8135616557805,94.9933518713171,128.327134450277,164.718185424805,131.506475595328,88.4898091634115,90.6665421665305,198.761734008789,0,0,90.6686096191406,16.1538020937783,0,143.665588378906,0,0,72.4584928240095,120.48931350708,0,16.5644226697828,0,0,79.5398254394531,0,0,0,0,16.1597021253485,0,0,0,83.5478937890795,0,0,0,107.12773399353,0,124.99144744873,0,0,0,0
70.1580478045957,0,66.9011560837156,48.1655036847345,144.215557098389,135.463806152344,99.9839878768372,62.9600146734473,89.7708141711874,70.2274768135764,98.5240378087881,99.5246559518283,130.832327706473,141.780137379964,83.5348351224263,96.0510075887044,18.5880691973044,47.3140529434179,122.159080736565,94.0061489826924,126.776268005371,10.7154108416487,48.2742316821513,22.4653964774176,22.2500782584641,106.812919616699,102.655615825098,70.623024733692,20.4900501415042,28.7742062801554,25.3160173992316,145.869387817383,125.893572126116,53.3600719269528,42.7181668809463,178.809280395508,110.523351669312,124.403518676758,64.9284424501307,0,0,0,124.264875411987,142.533416748047,61.7361274719238,0,0,0,0,240.60466003418,0,83.2963311122014,163.142761230469,0,0,0,104.59693145752,66.4152506499013,113.161948098077,128.161002159119,0,150.765706380208,142.121578794537,107.85708794227,132.90190633138,116.3218863351,0,0,0,144.833047485352
83.702039082845,23.6352248644373,70.3312788009644,25.4928145949145,70.5510606032151,117.539381844657,114.018137346234,72.518920053265,101.49664552862,24.0499576610454,114.678018842425,98.1385351217018,57.8394809625088,86.445462974713,97.2188256916247,67.8143502905014,34.3717123243746,89.173287709554,123.165826797485,105.907144768294,75.8953524998256,48.2742316821513,8.48374823862758,48.9444196392766,29.2126882000225,72.245115814209,93.2281536220275,34.9306157672494,53.1258083417675,83.2423464457194,53.7244855511573,112.926334804959,119.338576180594,68.8913680315018,81.9884019331499,0,71.7707613839044,113.819197463989,46.0257771730423,0,0,199.671806335449,0,0,23.8691420853138,178.171417236328,0,0,119.274992370605,0,0,51.3255887307411,127.290094815768,177.908401489258,122.647036234538,0,56.631773630778,33.1862967756279,84.0584425396389,92.8334465026855,113.629821777344,127.806207544663,119.429123607108,101.616680145264,0,60.8258183797201,0,0,0,125.019151051839
74.5751868151236,70.7923346625434,29.7203977920759,54.2318929895178,131.954091389974,145.446976294884,116.051088110506,81.5880076846393,96.3547116667168,96.0385690084318,121.206703420271,84.9478977264897,148.179843357631,117.490895807743,90.7602392042739,109.109898249308,17.3237919678588,24.2209174592581,90.8245874156123,68.2062654890772,183.209331512451,22.4653964774176,48.9444196392766,14.7143447956045,54.7149997163573,92.5032348632812,69.876298376394,35.9367317205891,49.7957639109991,62.318914686763,49.8383040116859,118.661641721372,146.068619864328,73.1580116510391,43.6096243474131,0,79.863348568187,93.1894819539064,81.8671899471643,215.940238952637,0,201.18071492513,153.362980524699,174.162078857422,77.5857941763742,178.569067382813,0,210.694076538086,199.404647827148,188.000310262044,165.514266967773,36.558739440661,133.76792755127,197.907272338867,165.113962809245,191.798751831055,106.184348179744,58.6241183647743,98.6540542093913,145.934903717041,135.247955322266,140.391163565896,99.4102644428,142.139102209182,198.219268798828,104.184016177529,0,0,0,142.618679719813
80.8407675425212,77.4709810861727,105.799809358558,41.3051692757927,16.3667723252606,120.76466345787,81.7933549444184,52.0671564397243,93.3239450038824,20.6720491607255,66.4659206220496,146.948972429548,21.9370352636101,144.760655721029,101.210461296554,44.989702085366,28.0302378993382,128.100040066627,143.269020080566,144.135122934977,13.8016705882412,22.2500782584641,29.2126882000225,54.7149997163573,12.0638637004828,119.693458557129,133.280708449227,79.8330241372329,18.9845577555554,85.1779237972793,65.2196595090107,161.936416625977,131.980327394274,60.5315609896247,78.5694108909031,139.024475097656,119.3707447052,145.43062210083,68.851030376786,28.2134530651036,0,136.919166564941,113.233306121826,153.0345186506,63.8562894372379,130.270919799805,0,51.2612023855511,0,136.43577003479,146.626449584961,108.279997253418,198.248733520508,0,209.175216674805,73.1192854245504,134.58642578125,81.474287816923,129.978365421295,88.065785521703,0,192.155499267578,153.368325525401,116.041623138575,138.907696810636,113.386508178711,0,0,135.350877126058,145.026765441895
0,23.7931434330827,106.329231262207,107.68910369873,0,0,87.6474685668945,149.505844116211,89.0049591064453,104.160227419725,0,32.3386925280451,122.323551177979,17.6379911688623,76.6624374389648,0,125.758209228516,76.4230511983236,53.1134516398112,55.773193359375,0,106.812919616699,72.245115814209,92.5032348632812,119.693458557129,6.66296849472821,44.8564056967669,22.9822626634016,144.485103607178,59.5817337036133,109.616477966309,50.1258219528198,81.2482414245605,0,53.5143842036181,0,67.4005222320557,0,82.7574396133423,0,0,0,0,0,126.176399230957,0,52.1273129781087,0,42.5354406469959,0,0,0,0,88.7166553497314,91.821550542658,0,0,84.169506072998,0,0,28.739242484695,80.0728544675387,73.267985534668,0,0,187.456130981445,76.2837104797363,0,0,121.290242513021
118.002826071193,43.3410541959204,29.5891749519213,136.331288146973,0,144.043630327497,156.926790903129,136.521387273615,142.75526403504,116.849356359365,166.110897240272,29.286441545606,188.037050519671,25.2765035677445,135.345084898593,153.569597032335,111.517418755425,27.6940332967695,29.1133010700722,29.7844056418546,200.784999302455,102.655615825098,93.2281536220275,69.876298376394,133.280708449227,44.8564056967669,13.8008757532813,29.4676318333309,126.082808784076,110.654672764165,104.939058920916,23.4885380629257,120.19024947594,98.2493958060197,61.2646522632278,190.182065963745,66.6262082475604,96.1940866459561,61.3076650242117,0,0,0,175.935656738281,205.716918945312,123.81706237793,0,113.180100846999,0,95.9855659637961,192.701402664185,0,150.432899475098,103.688202450554,111.877526187332,105.20963508392,0,161.391996557062,103.713445049221,119.006423242834,192.246317545573,75.5120498937204,94.7806800601655,97.3108888814147,171.33929334368,170.542304039001,162.613022544167,114.316861939012,0,195.366813659668,115.935714010867
125.116911719827,30.8647170741633,29.511410651524,86.4179000960163,132.491641044617,152.350432395935,142.490604448922,109.66024596222,144.636026200338,101.632715110319,136.540782734499,63.815623562172,115.571734779759,30.3186422772257,140.277634345161,129.331214904785,28.1401751528535,60.8530373604451,71.5150265304704,65.4053715095374,176.094421386719,70.623024733692,34.9306157672494,35.9367317205891,79.8330241372329,22.9822626634016,29.4676318333309,14.9388741304724,75.047373363742,121.355353341666,109.041242371382,25.0214671285109,120.144058772496,102.918355471128,64.9690120824817,179.756842719184,47.4112278337003,88.9299602297711,53.6055776861424,0,217.668548583984,177.60107421875,157.799892259681,191.105095603249,131.233642578125,187.143063863118,120.934626851763,0,93.9479187267142,183.703088057669,0,61.1078289681344,105.512728165889,114.475069871589,110.333274741795,0,137.119591606988,47.196904019899,98.9772306445773,146.453445672989,71.1884483370146,98.6252867951374,96.3242420290393,146.409911770291,158.634425571987,158.043415917291,115.328368905874,0,176.150887625558,123.425822143555
74.840227313158,111.582397884793,84.7851690618615,51.798339657121,13.1702078508811,127.275209648665,75.0294579329649,26.3596757269403,87.5364758422787,50.7142789991278,22.1097084392148,147.64821879069,46.3197713434213,160.753165935648,81.0048250015941,74.2527436316013,38.8507223142191,118.256938952844,154.36353302002,134.655976092229,29.8135616557805,20.4900501415042,53.1258083417675,49.7957639109991,18.9845577555554,144.485103607178,126.082808784076,75.047373363742,11.0424629757313,82.5119188333923,31.5230545401271,160.130068692294,130.145507118919,56.6725417098355,65.3281121695362,138.343091964722,119.651540419635,147.069179716564,76.4193721175883,20.9135530554218,177.316696166992,136.90101697368,114.271305151153,146.165776570638,68.4074525874415,142.498110857877,0,54.9155699866159,0,144.897855122884,86.9589996337891,77.6704829533895,173.518890380859,0,189.020156860352,69.6053052902222,119.128061930339,85.9149294951632,140.322103288439,99.6698117186692,0,184.522669474284,146.138077201424,121.375370632518,139.742295837402,118.488817003038,0,0,136.39049911499,154.847534179688
15.9231570122571,99.2683334350586,96.946299247537,87.6524759133657,96.2265792553241,28.3946168413349,43.4048652498579,55.6757392986215,36.1689258614134,84.9362150963317,86.2058652516217,59.7936753999127,96.4122712271554,86.9115376336234,24.7492058933196,62.9233109400823,146.433654785156,88.3395699305985,95.3347516741071,116.191149200323,94.9933518713171,28.7742062801554,83.2423464457194,62.318914686763,85.1779237972793,59.5817337036133,110.654672764165,121.355353341666,82.5119188333923,10.9891894973037,26.651000897547,100.956755065918,10.4896141208544,20.5618584310225,36.989403416851,0,153.106430053711,159.442806243896,120.112807273865,104.123615264893,0,214.491958618164,142.663159179688,0,91.5247745513916,182.160588582357,0,107.666056181255,0,0,0,0,166.332061767578,0,0,107.970043818156,135.739379882812,120.432455351858,173.424534388951,145.040553042763,132.807388305664,183.930458068848,168.63388633728,143.060894012451,0,166.951797485352,0,0,171.281196594238,169.28971862793
25.5536407429296,0,86.7175613390874,54.9466142733672,111.109941101074,114.437163798014,103.430389478609,14.6679758453615,68.5954749612247,56.6500988006592,114.917264601764,100.148405075073,114.99891204834,152.402523265165,57.0279055562886,92.9672368367513,78.3486759185791,66.7171326016029,108.110231839694,96.7112602418469,128.327134450277,25.3160173992316,53.7244855511573,49.8383040116859,65.2196595090107,109.616477966309,104.939058920916,109.041242371382,31.5230545401271,26.651000897547,10.3377082082935,164.799743652344,120.514904022217,36.2288475904794,36.489302294908,0,124.38525390625,161.032625198364,87.3080760731417,157.437393188477,0,0,117.253692626953,136.05029296875,70.6541284833636,0,0,0,0,0,0,100.326288223267,155.339324951172,0,168.409042358398,0,142.119331359863,81.7875736951828,120.356716700963,116.276487986247,0,164.731112670898,154.916761779785,118.367660522461,0,0,0,0,113.172409057617,135.299209594727
0,68.6124420166016,88.4049640948956,141.166543960571,178.025680541992,144.009777069092,160.220699946086,168.233028956822,164.387214660645,149.373348236084,166.016047159831,25.4254560870891,195.261383056641,14.1843914594142,144.170932769775,0,123.789512634277,98.6006920855978,52.8239261411851,60.5143003917876,164.718185424805,145.869387817383,112.926334804959,118.661641721372,161.936416625977,50.1258219528198,23.4885380629257,25.0214671285109,160.130068692294,100.956755065918,164.799743652344,8.43723371704632,119.66442326137,127.559734344482,71.2001543377169,0,0,153.067462158203,120.084079742432,0,0,0,0,0,0,0,114.261738459269,0,87.3969230365036,0,0,0,177.467529296875,112.737254092568,102.984764099121,0,0,117.800407409668,0,0,71.0820030939011,104.04843761165,106.664582986747,0,0,0,113.421719445123,0,0,116.848127365112
75.0824661254883,105.532539367676,172.78423239968,128.757126944406,142.172098333185,10.777495030403,14.5255859173678,126.47926250257,20.9734446031557,122.47800554548,127.11041300847,72.0633817614426,127.903519330706,85.6529707515941,14.7898427686362,35.9430206188789,123.794921875,143.942908547141,99.7273357225501,103.584058908316,131.506475595328,125.893572126116,119.338576180594,146.068619864328,131.980327394274,81.2482414245605,120.19024947594,120.144058772496,130.145507118919,10.4896141208544,120.514904022217,119.66442326137,5.41922427772815,97.1218032836914,36.8909570215579,0,0,0,210.349899291992,0,0,0,0,0,128.613304138184,0,0,145.344711303711,0,0,0,0,0,0,0,0,0,0,0,0,0,0,145.722717285156,191.0859375,0,0,0,0,0,0
43.7019371524934,0,96.5066944284642,66.3214272208836,82.0646286010742,112.752987543742,73.8933165778576,53.818525557227,78.4404923872514,64.7002132518871,77.2435301902833,97.7532683478461,83.6293747943381,135.276195526123,44.2427219709624,66.6417184557233,124.730592091878,77.8455469571627,114.633617219471,98.6990301132202,88.4898091634115,53.3600719269528,68.8913680315018,73.1580116510391,60.5315609896247,0,98.2493958060197,102.918355471128,56.6725417098355,20.5618584310225,36.2288475904794,127.559734344482,97.1218032836914,8.55830784431484,18.5043974135384,0,0,138.186325073242,103.884249369303,82.2819213867188,0,0,172.838439941406,0,76.7522277832031,0,0,0,0,0,0,70.3982162475586,0,0,0,83.3204727172852,0,111.660505930583,193.227600097656,118.673698425293,0,173.656646728516,143.601303100586,166.557723999023,123.190544128418,0,0,0,0,192.327255249023
85.0629963164634,68.9673083270038,56.4518333471046,82.1678137614809,93.8938626813459,43.9482534964254,68.6389474784972,75.0988093754541,84.4030606846787,88.0087607425192,86.2871220825273,33.1239171652567,95.3630867877989,60.0245299838139,66.3908607630283,111.84526678232,91.7007855502042,38.8010856351421,49.4594579075687,47.6388256719953,90.6665421665305,42.7181668809463,81.9884019331499,43.6096243474131,78.5694108909031,53.5143842036181,61.2646522632278,64.9690120824817,65.3281121695362,36.989403416851,36.489302294908,71.2001543377169,36.8909570215579,18.5043974135384,12.795816497392,0,78.9332444040399,110.852425336838,93.2371730804443,98.4757137298584,0,160.660537719727,141.510027567546,0,95.9201245989118,0,159.617904663086,107.318303108215,120.616210301717,0,0,117.427138328552,130.40659223284,152.079681396484,125.404008865356,105.311071395874,155.363327026367,81.3955840645256,125.290278434753,149.08080291748,125.375035603841,129.433997017997,123.464370816772,142.278465270996,193.101119995117,215.313598632812,148.9599609375,0,178.576034545898,133.574165344238
0,0,175.089172363281,0,69.9391479492188,0,205.200057983398,140.878890991211,207.268936157227,0,0,0,0,0,0,0,143.159225463867,190.249504089355,0,218.061157226562,198.761734008789,178.809280395508,0,0,139.024475097656,0,190.182065963745,179.756842719184,138.343091964722,0,0,0,0,0,0,10.8604024116127,121.975156148275,104.065078799825,72.1745361729672,81.6461230516434,78.1185760498047,37.6991071383158,32.5549944844318,28.3473612508568,69.6034155421787,45.8436857214001,126.457180625514,61.1960646765573,168.113455636161,16.5536334662309,36.9048541613988,58.2024939121344,105.870357084121,135.485443893744,125.008221374815,65.1178758712042,84.3681562454974,66.7296714782715,94.2054548417866,66.8943557075007,0,120.740099286019,125.706209103633,63.065523783927,16.2691191503071,24.807865033338,158.851783752441,78.9882545471191,30.2616262036532,70.8501689286781
188.93913269043,24.0580049242292,50.1793655825652,131.671875,0,0,0,125.147288004557,163.950256347656,110.232368469238,167.600224812826,110.334674835205,0,78.5091803267195,137.501688639323,0,102.713684082031,64.7747315088908,97.4912185668945,90.465283418313,0,110.523351669312,71.7707613839044,79.863348568187,119.3707447052,67.4005222320557,66.6262082475604,47.4112278337003,119.651540419635,153.106430053711,124.38525390625,0,0,0,78.9332444040399,121.975156148275,6.42041747722637,33.9826227101413,23.2433992169797,0,0,157.273887634277,158.699022928874,147.179317474365,65.8336826100069,0,58.8563526698521,0,45.8478911996585,143.702631632487,87.7571678161621,80.6893103226371,52.2936712578882,69.7670826911926,62.2932806015015,0,84.7477903366089,20.335766605612,63.2362290210411,69.8399816467648,16.9237800414292,51.1282357207132,31.6425247438201,111.975729806083,137.54650592804,123.825452804565,74.4442484820331,0,119.946516036987,70.6201780637105
145.326599121094,79.5333658854167,86.4488994706841,147.651947021484,0,0,184.495320638021,167.323603312174,174.1452930157,136.514862060547,176.186981201172,138.19416809082,0,142.109325408936,177.647899280895,0,109.575557163783,99.344802291305,0,112.892965044294,0,124.403518676758,113.819197463989,93.1894819539064,145.43062210083,0,96.1940866459561,88.9299602297711,147.069179716564,159.442806243896,161.032625198364,153.067462158203,0,138.186325073242,110.852425336838,104.065078799825,33.9826227101413,11.732313252977,39.4092092791393,145.426125662667,0,123.408706913149,94.8824439428069,118.022706629976,176.395446777344,112.932670723679,90.6503476229581,126.751672532823,90.4037482738495,117.30019621375,119.412069881664,63.5708166319748,42.5294247945472,91.7392087962529,72.1784158622103,146.099624633789,62.5556603384131,35.4158435248803,24.3284657507777,111.437508106232,111.299789428711,26.6078786534473,25.5640118609687,78.8621573038348,122.112315216957,87.8530178813191,93.7848062515259,107.151977539062,112.418805290671,63.5649276474656
0,66.1330028880726,52.055358746408,20.782195892334,75.6913414001465,116.968276977539,124.274095388559,83.9814932288193,115.331623998182,72.5840270784166,95.1718442816483,104.058268955776,110.885643005371,95.4731715809215,127.924856821696,104.192848205566,87.0256510925293,68.1284716779535,74.2544730050223,79.8364758948757,90.6686096191406,64.9284424501307,46.0257771730423,81.8671899471643,68.851030376786,82.7574396133423,61.3076650242117,53.6055776861424,76.4193721175883,120.112807273865,87.3080760731417,120.084079742432,210.349899291992,103.884249369303,93.2371730804443,72.1745361729672,23.2433992169797,39.4092092791393,36.6598147262226,74.6537665453824,0,83.4109216703402,49.5079164422396,88.4781101951914,11.5087909165249,77.9593538347181,77.6626855882548,60.1595256111839,67.3922487022051,81.1977285310334,64.5812241236369,42.2611117006832,55.5266508530168,72.7599105040232,59.8058876181548,74.3940162658691,58.2158421128988,13.7196233332185,51.0699451644271,34.2774557316287,40.9520366562987,47.9909524136859,37.1971972787257,50.1106515871035,77.2356608755039,56.1366421718062,80.1867056221798,109.743881225586,68.144809557044,72.1887963351594
0,0,167.208084106445,0,10.464661578693,0,53.5469531331743,73.5837383270264,110.358679635184,84.0800501505534,48.1719819155606,0,15.3991258437973,0,112.390086087314,0,0,0,0,0,16.1538020937783,0,0,215.940238952637,28.2134530651036,0,0,0,20.9135530554218,104.123615264893,157.437393188477,0,0,82.2819213867188,98.4757137298584,81.6461230516434,0,145.426125662667,74.6537665453824,9.40935386809746,0,51.1954368891392,60.018189524261,87.9316005943235,53.2352623409695,24.3991801376519,181.819305419922,19.7622828215909,0,91.1097226333618,71.1702527999878,77.0421257019043,0,0,192.33415222168,10.0058620335617,112.073745727539,0,129.856636047363,18.8441215296025,0,176.350570678711,138.083097978072,15.3212612210494,98.0826919156741,93.0522017478943,0,165.709320068359,87.9452347293977,90.4808107180016
0,0,0,0,0,0,0,0,0,0,0,0,0,0,0,0,0,0,0,0,0,0,0,0,0,0,0,217.668548583984,177.316696166992,0,0,0,0,0,0,78.1185760498047,0,0,0,0,7.53877830238138,10.8822488303288,106.640959603446,19.2276171411675,71.188268661499,104.039966930043,54.1129861559187,120.876909891764,84.0605061848958,25.3831459729568,13.6994003186437,139.404403686523,166.648986816406,0,105.077537536621,122.088320414225,88.9931449890137,75.8344993591309,97.0323783211086,101.025946935018,0,158.587158203125,106.01663462321,124.695840454102,30.1858317830541,117.4099706014,101.035140991211,10.4136342496583,73.8411922454834,32.6986936306131
0,0,185.915176391602,179.006469726562,115.67650718689,0,150.344879150391,149.360613686698,175.536285400391,105.053565979004,165.902828979492,0,37.9920441763742,0,0,0,0,187.497100830078,0,0,143.665588378906,0,199.671806335449,201.18071492513,136.919166564941,0,0,177.60107421875,136.90101697368,214.491958618164,0,0,0,0,160.660537719727,37.6991071383158,157.273887634277,123.408706913149,83.4109216703402,51.1954368891392,10.8822488303288,8.25165412177738,58.190850623788,17.619264475447,68.3902069217754,21.0613895198657,90.6993531948183,21.5711395247559,143.498565673828,32.3969413567663,13.9574348590701,100.781133890152,150.874500490584,154.181809425354,157.5792872111,36.2954297508936,104.114018334283,112.32966709137,111.233538236019,47.7843379074233,0,150.965057780724,131.440472445645,60.1507064548161,40.4477503441155,82.6926082912967,0,13.4350321707016,90.933884538923,50.0868351518302
0,0,149.91070992606,83.6390088399251,112.306488037109,0,186.653477986654,128.986922200521,167.513479059393,0,136.308990478516,0,44.0243797302246,244.08122253418,147.989179611206,0,132.256954193115,164.352333068848,193.953140258789,0,0,124.264875411987,0,153.362980524699,113.233306121826,0,175.935656738281,157.799892259681,114.271305151153,142.663159179688,117.253692626953,0,0,172.838439941406,141.510027567546,32.5549944844318,158.699022928874,94.8824439428069,49.5079164422396,60.018189524261,106.640959603446,58.190850623788,8.93906845121369,49.0897889702757,52.1508107924534,16.8028508087302,132.134959750705,41.3064931144177,175.289755249023,27.5662521868566,63.7437334889951,68.6660508314769,94.3489571629532,132.98812630063,122.286597501884,46.1251013655412,64.6380168616406,73.5858602808483,75.0916388443031,44.1650641987742,0,114.192902405466,103.225544886039,22.6666263902324,57.2708751549638,16.9044766928121,170.274740600586,113.288034439087,60.2383275771963,74.4229255087988
