9.46576019542085,0,83.1477970537841,71.2502689361572,70.1826048851013,80.0360255405821,51.3075375700202,26.6395335181117,28.5736566880096,59.7513919576009,51.6499406775981,147.257576189543,74.5920913353395,157.352890014648,10.4845945572686,47.4482663227962,139.961158752441,92.2951089115466,152.6608914462,136.239972127279,69.0285072593422,60.7787747896635,69.7206987380982,65.5068914304782,65.5416757063432,154.056518554688,120.975624439328,119.836856590774,32.7922390024677,10.0337548278582,22.4100369606434,180.293365478516,82.6531225840251,16.2612018412124,75.974767477334,130.655303955078,183.137573242188,161.052969891092,86.2947750091553,0,0,140.590235392253,114.874414115117,159.859676784939,102.172845458984,164.862586127387,0,151.287826538086,0,165.034259796143,135.579010009766,126.068313598633,188.317321777344,226.161315917969,209.954711914062,128.989532470703,163.154698689779,130.984222412109,170.743015962488,110.295802240786,0,197.817143031529,164.722384770711,120.349456297148,143.854672749837,135.822757466634,0,0,119.21097946167,144.392428080241
0,7.07346553930289,44.8193815461882,17.5562373186033,0,0,0,125.66792678833,130.04256439209,57.6657205604645,0,75.2916596817644,107.568130493164,62.182994048903,0,88.3896789550781,72.7030835358993,64.4349847016511,79.4360963572627,77.1734672454466,0,78.775868733724,31.4280467965959,74.917613851613,57.9887305403178,32.8404296440881,68.1961711136611,30.8042764929444,94.3322533369064,130.969179789225,110.789440917969,76.6826419353485,0,180.661956787109,71.6481994628906,0,0,90.2688286521218,95.6515740156174,0,0,0,170.646041870117,155.463401794434,112.410308837891,0,141.395272827148,0,118.537996628705,0,0,232.26188659668,140.774816894531,158.661776224772,146.666567484538,0,205.812194824219,0,124.446325937907,103.103660583496,110.956109619141,128.823794464567,126.407630602519,203.622924804688,0,0,131.361624145508,0,0,133.044413757324
83.1477970537841,44.8193815461882,11.5828856311244,45.7904853760298,0,143.058839416504,144.037806663984,100.811530039861,130.294554856244,99.1566135265209,113.274143565785,79.5478747291287,111.69492594401,112.167075157166,119.894688500298,132.114199320475,85.5121957397461,38.1454326804832,98.1496038818359,72.0246054550697,0,56.8392055061833,53.8883641879488,21.0923665507328,95.534979192222,122.988138198853,25.2059821238507,24.3856741694806,65.3454694823656,75.1752281490125,67.3506725870634,117.968391418457,195.271499633789,108.282864040799,50.9444318509284,167.490861563847,107.013816496905,88.4582551959589,55.0045074106573,0,0,208.405774434408,157.358410451604,190.916622287624,166.159858703613,181.234952926636,144.03342988756,0,137.267349243164,178.547369101613,165.721069335938,117.076052961678,109.202381247061,152.591533519604,133.664096788428,0,102.957795061384,75.4729720176534,95.9084115081719,149.976989746094,101.268370310465,106.249397655328,91.0776811458509,143.0406185574,169.043059539795,135.419259004815,136.550922393799,0,143.79471206665,109.23985368462
71.2502689361572,17.5562373186033,45.7904853760298,34.2532534888296,60.2949009945518,120.65266418457,98.7287683002019,69.0609253013835,103.410448594527,14.9353683644636,78.1266855512347,75.3162072866391,45.3672371914512,44.1659375264094,88.463361305103,43.181471044367,43.7702436321246,64.5842918395996,91.7258018182249,70.7162346904169,84.371639251709,47.4293758480091,35.1046539182771,47.4809804155067,39.4918695483426,23.0251925439329,57.3720273979002,40.3358492549753,44.527427489481,53.2270865856762,51.5061985563135,59.6446215750157,183.131805419922,53.9434257030487,60.5213381972855,86.3850765228271,105.695025307792,77.0932141976763,10.2513596191012,80.2095413208008,141.990280151367,130.053187052409,80.4028818303888,134.0547963018,28.6548013320336,82.405881245931,87.6850757598877,51.1076431274414,67.4640662919229,108.219003348515,168.697957356771,52.3805521404932,120.547445170085,148.463796827528,136.447742144267,0,61.1175097589907,14.8475673172691,64.902435210386,52.273901973279,36.9110351042314,112.307184569229,77.7552380525243,59.7638094197735,79.9621453966413,65.9326377079405,109.096009996202,136.278480529785,62.6380038791233,81.326231619028
70.1826048851013,0,0,60.2949009945518,8.05827407170682,135.862620035807,67.3806153149672,41.6470229574975,104.931600832472,49.9585564310958,15.6959850829038,0,18.5056665899615,0,88.8784594997283,62.5462174849077,0,0,0,0,13.787523204091,0,65.6884498596191,0,19.2330617449563,0,238.227676391602,0,10.998250297677,81.6076606224323,63.5649185180664,0,148.50651550293,77.6509565701142,90.5766778294044,0,0,0,71.6307063383215,8.57254692165641,0,132.970294475555,160.012832641602,172.804425048828,93.6816646030971,20.6574209185614,0,8.38801854400966,0,194.952916463216,0,0,0,0,0,6.99718061415163,0,0,0,89.3746225758603,0,0,209.2939453125,65.9014690944127,136.685028076172,0,0,0,172.004653930664,197.379608154297
80.0360255405821,0,143.058839416504,120.65266418457,135.862620035807,6.42408402190024,11.3617140182728,112.218005531713,37.8308086991681,96.5545866830008,123.079463518583,69.8229217529297,97.8661858053768,0,46.9767928215765,14.8874111238021,0,221.618530273438,0,0,143.46533610026,0,113.165775299072,120.988754272461,123.156069668857,0,179.625930786133,130.845262527466,124.330720424652,31.4100256327036,129.337097167969,0,9.23000953464805,100.164365768433,38.8804014160877,0,0,133.072235107422,125.744285583496,0,0,203.657424926758,215.768417358398,225.665573120117,145.210296630859,0,0,0,0,224.124862670898,0,0,0,0,0,0,0,0,0,170.265991210938,0,0,0,182.183387756348,0,0,0,0,0,0
51.3075375700202,0,144.037806663984,98.7287683002019,67.3806153149672,11.3617140182728,7.86168030737144,63.2275058807459,19.101527760395,90.6634535356001,21.831673706012,88.8052393595378,10.2700287336851,0,32.2562189283696,11.0142334632773,0,168.711484909058,0,179.280981445313,28.0949138445851,145.739896774292,110.003413200378,113.500295568396,65.9435244859793,0,167.162184098188,153.84266611735,78.7466904099813,24.3911255501909,91.0541185839423,0,26.9839422086595,68.9739973322551,37.5561086896242,159.817794799805,0,0,99.3213806152344,202.989456176758,0,180.653266906738,161.149826049805,200.881735483805,106.878345065647,161.885385131836,0,53.5781571070353,0,171.594462076823,205.550750732422,140.457901000977,0,0,0,202.65217590332,0,148.629825592041,0,140.479244626802,0,0,187.544438680013,153.408204454894,169.964874267578,162.122766113281,0,0,191.980261230469,195.005926513672
26.6395335181117,125.66792678833,100.811530039861,69.0609253013835,41.6470229574975,112.218005531713,63.2275058807459,8.97296426173835,44.0390355054846,56.5591232346468,10.7984294286201,173.486660766602,41.5677008590391,0,19.9457851972277,66.0245019821894,90.0059509277344,133.556420035984,225.077728271484,175.744537353516,43.4623638788859,66.9307155921811,79.4045628494953,75.2362705010634,50.2775772431585,0,138.905979968132,111.025537393861,26.2752866484788,39.9675790713697,16.4964704411502,0,122.04758310318,52.1536908664677,66.3786931319976,144.315465291341,131.026849746704,167.612297058105,74.7539861852472,132.25909576416,184.968292236328,147.950856889997,116.394641084491,157.707591839691,78.6523637771606,125.898750892052,0,153.63981628418,0,153.887085654519,157.722393798828,119.072471618652,165.277984619141,0,0,137.180867281827,150.720478057861,126.74280971951,181.496406555176,100.26095994788,0,195.653200785319,178.404998779297,113.421725209002,153.860778808594,137.138780503046,0,198.298009236654,151.373765127999,144.871272495815
28.5736566880096,130.04256439209,130.294554856244,103.410448594527,104.931600832472,37.8308086991681,19.101527760395,44.0390355054846,12.5445182627312,92.0579196092559,25.5731496507477,123.006724430965,22.0830931987953,144.645408630371,14.3235272339523,34.7314486053122,120.482208251953,160.504073509803,180.233564104353,176.431567055838,93.8098674047561,101.71133858817,105.241715192795,104.749222532232,82.0128254305764,0,160.818381144738,140.834809078532,67.3541462623467,32.8528411528452,91.7650625267807,0,17.7260538438038,62.7932341530819,49.5671214169147,195.962425231934,196.74723815918,193.758244105748,96.8874713352748,151.392654418945,0,167.745183944702,162.64750320847,191.878040771484,115.545240783691,162.819684258823,0,0,0,195.79068145752,0,146.721363067627,224.010284423828,0,0,0,0,167.452346801758,205.397387695312,136.096257045351,0,228.199333190918,198.308644975935,155.80073118492,186.27056650015,166.528744037335,0,0,173.174713134766,177.92638690655
59.7513919576009,57.6657205604645,99.1566135265209,14.9353683644636,49.9585564310958,96.5545866830008,90.6634535356001,56.5591232346468,92.0579196092559,9.89050824469534,70.8927506177853,133.077805201213,15.0450039316749,132.49345769109,81.3892666297623,17.9026600855384,92.2814965248108,110.934209970328,157.877590942383,127.383974456787,63.6652624893188,75.8519849469585,36.3167569752983,86.0185742932697,25.9288472479297,104.107565806462,128.061051455411,104.775726642116,42.7057529887082,68.8583795095335,56.5923408587362,140.314161028181,145.588230133057,61.0887928426701,64.4640042380001,138.973247528076,119.783663431803,186.213897705078,38.9491836397271,97.2055282592773,0,123.273389180501,81.1183566043251,153.284090169271,36.1976507218158,92.9989004135132,0,99.2655258178711,152.503921508789,137.015693028768,0,101.355388641357,153.803405761719,0,203.93782043457,103.062194824219,112.268280029297,127.177230834961,111.270167032878,65.3859598820941,142.970947265625,179.666775512695,183.538885116577,85.8376070658366,151.797876993815,113.049370852384,0,0,121.155847549438,118.464974812099
51.6499406775981,0,113.274143565785,78.1266855512347,15.6959850829038,123.079463518583,21.831673706012,10.7984294286201,25.5731496507477,70.8927506177853,8.59494535633076,0,16.8533007808987,0,32.4555732803105,64.6366378887981,75.3234786987305,139.653077697754,0,0,19.8149559337477,111.570146560669,95.3156331380208,76.5550437503391,41.3164220241512,0,177.363941192627,127.860170080307,14.7028573398463,73.6635035362217,58.0645175802297,0,126.871323903402,69.8242737859273,82.9273196757923,148.447967529297,0,158.471923828125,85.8750664847238,42.3079872131348,0,170.689402770996,144.527352333069,158.870698547363,100.706212361654,137.89542388916,0,37.2920956611633,0,172.342239379883,0,152.113639831543,206.713851928711,0,0,151.878883361816,0,110.175476074219,0,113.369669726771,0,199.923889160156,194.573657226562,127.002410655119,153.692245483398,188.859601338704,0,0,0,168.598704746791
147.257576189543,75.2916596817644,79.5478747291287,75.3162072866391,0,69.8229217529297,88.8052393595378,173.486660766602,123.006724430965,133.077805201213,0,13.2718894824806,0,21.1562932673258,169.117080688477,83.9426422119141,125.000015258789,50.0082312920633,21.2161125533343,25.4055803413089,0,93.6510557517027,112.998247100086,97.4485813015503,135.477667672294,31.2450482113085,29.9173920018107,70.9653370968537,145.164137144346,94.6039329203524,113.349699565342,39.2528639103532,64.7224054838482,132.802356719971,29.204501519898,0,129.513715303861,140.670402050018,65.4274834564754,0,0,0,227.849426269531,216.029678344727,0,0,99.4761279424032,0,75.2278681635857,0,0,173.468849182129,139.824627685547,128.06183795929,128.916674578631,0,163.537475585938,164.152498245239,165.796186659071,196.39232635498,65.8262294305337,114.314366340637,112.810060875601,224.366073608398,0,185.630091349284,106.183952251234,0,0,124.107889556885
74.5920913353395,107.568130493164,111.69492594401,45.3672371914512,18.5056665899615,97.8661858053768,10.2700287336851,41.5677008590391,22.0830931987953,15.0450039316749,16.8533007808987,0,7.25398434586859,0,73.7199526904674,11.3968730327647,0,174.252326965332,0,0,12.3600251457648,95.0171508789062,70.3378713698614,106.467069625854,17.5622446340919,167.145034790039,182.234786987305,150.964203516642,39.4496048329422,79.6678194221523,79.416314125061,0,117.465345594618,83.8759795986876,85.1235481663754,0,0,0,70.7243855794271,20.0808973842197,0,0,137.309886932373,179.505767822266,101.409725189209,28.8643749638608,0,9.35942794121022,0,154.79833984375,0,0,0,0,0,9.78013424148337,0,146.653701782227,0,109.408011118571,0,246.499084472656,0,137.572182210286,157.064834594727,0,0,0,0,0
157.352890014648,62.182994048903,112.167075157166,44.1659375264094,0,0,0,0,144.645408630371,132.49345769109,0,21.1562932673258,0,10.4578238591448,0,0,0,97.2495346069336,61.4918367312505,80.9025766709272,0,140.079010009766,113.57294467797,129.382335117885,131.583107503255,24.5958263845032,29.5998997619436,32.1352197649919,156.728015136719,110.822175979614,161.619476318359,13.2440045706005,103.141868591309,0,69.6229680174141,0,119.251261744006,0,46.2162346299646,0,0,0,233.200569152832,0,161.310836791992,0,93.9203557788201,0,77.5418483277568,0,0,196.257110595703,123.216272354126,108.989312123444,126.65869140625,0,0,161.630574703217,182.083068847656,173.560699462891,63.8100302643972,108.469788980484,100.439161484702,0,107.023918151855,0,102.312907430013,0,0,132.938633270264
10.4845945572686,0,119.894688500298,88.463361305103,88.8784594997283,46.9767928215765,32.2562189283696,19.9457851972277,14.3235272339523,81.3892666297623,32.4555732803105,169.117080688477,73.7199526904674,0,6.74419933669872,50.9984568595886,0,125.084611256917,180.306579589844,148.977842330933,92.7329636329828,84.8353252410889,102.706763099222,85.8750608171735,82.7434882349616,0,149.437229275703,145.714947349147,57.0341171278272,13.3576089970328,21.65649457664,195.68049621582,20.9579358850172,23.6569066137075,48.4438882787177,154.983612060547,139.86376953125,206.375376383464,115.239451817104,165.784683227539,0,155.207138061523,137.465552629743,177.484256744385,132.426358904157,158.305497741699,0,0,0,168.559846496582,154.9853515625,124.411735534668,214.504791259766,0,0,0,0,181.94172668457,138.057121276855,131.072742080688,0,209.969367980957,229.438743591309,136.846154761127,161.061424255371,152.555475234985,0,0,144.340789794922,179.137439303928
47.4482663227962,88.3896789550781,132.114199320475,43.181471044367,62.5462174849077,14.8874111238021,11.0142334632773,66.0245019821894,34.7314486053122,17.9026600855384,64.6366378887981,83.9426422119141,11.3968730327647,0,50.9984568595886,7.80270097587593,0,171.135055541992,0,0,91.2687669233842,0,66.1410971747504,125.769882202148,43.0919912118451,0,160.818841414018,142.447341918945,72.8555398486909,31.2945460779914,85.938409169515,0,35.4134281429313,36.1334213930018,25.508345851748,0,0,0,56.9829959869385,0,0,0,156.827728271484,181.371765136719,0,0,0,181.5078125,0,195.088439941406,182.24430847168,0,0,0,0,0,0,0,0,91.0315153939383,0,0,0,142.676612854004,0,0,0,0,0,0
139.961158752441,72.7030835358993,85.5121957397461,43.7702436321246,0,0,0,90.0059509277344,120.482208251953,92.2814965248108,75.3234786987305,125.000015258789,0,0,0,0,11.1986142421711,97.7298348563058,190.909027099609,110.757876396179,0,14.3118303069175,33.144319350349,14.1141530156888,25.5205020374722,0,116.399034697434,25.0626944000056,23.582587785858,0,64.0896526745388,137.764373779297,109.47354888916,78.4968414306641,80.6862783174257,0,0,118.128933800591,91.6613147735596,0,0,0,0,0,157.263721466064,0,157.463897705078,0,0,0,0,118.910980224609,156.603286743164,0,0,0,114.312103271484,65.319926933006,105.289232769528,96.12109375,0,181.122617449079,111.646174294608,163.973236083984,0,129.203260421753,0,0,0,138.782602945964
92.2951089115466,64.4349847016511,38.1454326804832,64.5842918395996,0,221.618530273438,168.711484909058,133.556420035984,160.504073509803,110.934209970328,139.653077697754,50.0082312920633,174.252326965332,97.2495346069336,125.084611256917,171.135055541992,97.7298348563058,8.27272678996328,53.2350307355087,14.113619553752,143.893264770508,36.5341593388932,78.4306882950197,18.678698322892,111.38422156669,89.6375679016113,32.4508889415474,62.1769811323684,100.921927948793,75.3167816385564,59.3100764994573,113.702598571777,0,105.423351287842,33.7881025891584,180.65657043457,105.164889865451,102.849773542616,73.6219539856643,0,0,227.287910461426,171.787245614188,201.929715837751,159.615112304688,193.595626831055,135.656428019206,0,139.247444152832,191.814480949851,0,129.697914123535,121.480587155211,159.215554237366,137.127032915751,0,128.511082458496,104.734330428274,120.016588949744,174.50358581543,118.261266435896,110.811642009907,109.929463544895,160.395070589506,235.851181030273,148.789401286357,171.448740641276,0,139.794937133789,123.289907704229
152.6608914462,79.4360963572627,98.1496038818359,91.7258018182249,0,0,0,225.077728271484,180.233564104353,157.877590942383,0,21.2161125533343,0,61.4918367312505,180.306579589844,0,190.909027099609,53.2350307355087,9.24991980710065,16.2581265127977,0,120.218431854248,131.090605030889,112.473210601807,155.259394327799,56.2412931081411,36.9242897250436,68.7956614144024,150.073462168376,132.529367446899,124.047586614435,54.7466533901357,0,0,65.683266314158,0,129.971076965332,160.626922607422,87.0271723611014,0,0,0,0,0,0,0,123.4183203125,0,101.24077963829,0,0,221.248062133789,145.401205698649,116.819140714758,130.799943750555,0,0,177.869084676107,160.35995760831,0,95.0732992263067,117.709734778422,117.604160007678,233.958984375,0,208.557495117188,125.696531083849,0,0,148.816627502441
136.239972127279,77.1734672454466,72.0246054550697,70.7162346904169,0,0,179.280981445313,175.744537353516,176.431567055838,127.383974456787,0,25.4055803413089,0,80.9025766709272,148.977842330933,0,110.757876396179,14.113619553752,16.2581265127977,9.78142830508451,0,80.7038985786088,105.168414388384,81.2421506352785,127.543151855469,59.8808044433594,25.2465403578524,69.8814226786296,124.607269598513,110.496945970841,95.9422266635208,71.7208293417226,0,112.763229370117,37.9063381316756,161.798248291016,128.315583970812,121.106218191294,66.6857335908072,0,0,0,0,209.368961334229,0,0,116.778604634603,0,102.728454589844,199.786361694336,0,146.196182250977,119.997302093506,126.087185117933,127.472800146175,0,130.008686065674,155.460962931315,147.887883504232,193.892486572266,85.7289083380448,108.015383647342,111.778859453065,187.327304840088,0,163.152676900228,131.220211791992,206.817489624023,223.207214355469,129.86423330596
69.0285072593422,0,0,84.371639251709,13.787523204091,143.46533610026,28.0949138445851,43.4623638788859,93.8098674047561,63.6652624893188,19.8149559337477,0,12.3600251457648,0,92.7329636329828,91.2687669233842,0,143.893264770508,0,0,10.6449525239293,116.735214233398,115.313829210069,118.178230285645,27.2257632291613,0,0,149.975944519043,20.9441971313128,88.9374243364035,113.00122833252,0,134.860336303711,80.8027813291289,92.0664085210756,0,168.315638224284,0,89.5448303222656,19.9588767064584,0,161.585754394531,0,184.33430480957,112.220672607422,152.359143575033,0,11.4676932253019,0,209.982498168945,216.878326416016,0,0,0,0,0,0,0,171.504432678223,125.111819323371,0,0,0,144.309672811757,200.584533691406,0,0,0,0,195.169860839844
60.7787747896635,78.775868733724,56.8392055061833,47.4293758480091,0,0,145.739896774292,66.9307155921811,101.71133858817,75.8519849469585,111.570146560669,93.6510557517027,95.0171508789062,140.079010009766,84.8353252410889,0,14.3118303069175,36.5341593388932,120.218431854248,80.7038985786088,116.735214233398,7.73053527676535,36.9350003210032,14.6174644731588,18.7995349527715,126.554443359375,107.087877292633,58.6446936640856,15.6890896971238,55.8808066145105,16.276410570309,0,136.078903198242,34.9931257082068,35.3347799697615,117.789318084717,0,125.049074613131,63.0461998679421,0,0,0,133.99026966095,178.137533569336,90.9219879150391,185.190994262695,216.589248657227,0,0,143.955576279584,0,91.5904307895237,162.195121765137,0,176.748626708984,0,98.4113340156023,68.0460911560059,109.479012179087,103.988070487976,0,154.665797424316,138.238956852963,98.4287736133863,114.999887084961,103.260209069998,0,0,99.5948450724284,104.695500281549
69.7206987380982,31.4280467965959,53.8883641879488,35.1046539182771,65.6884498596191,113.165775299072,110.003413200378,79.4045628494953,105.241715192795,36.3167569752983,95.3156331380208,112.998247100086,70.3378713698614,113.57294467797,102.706763099222,66.1410971747504,33.144319350349,78.4306882950197,131.090605030889,105.168414388384,115.313829210069,36.9350003210032,8.53246655710338,37.6361429774642,25.3037795091225,93.1601260301006,103.593316584458,42.0544359173562,43.7772976836013,51.016816245185,45.0021858509485,127.742782014789,135.708526611328,42.017313734014,55.6960809970006,81.704963684082,164.778427124023,108.597669073876,28.9481761408324,0,0,0,155.210880279541,179.251358032227,63.9024511064802,110.79515838623,202.403137207031,0,151.870519002279,140.309192657471,0,78.9662005106608,169.871695624457,0,176.242126464844,0,92.6320542229547,20.2117696175208,77.9326795950169,99.1639567783901,132.091923522949,147.842828992387,126.142950586912,116.091433588664,128.843238830566,108.427027309642,160.147064208984,0,113.186651229858,128.789880480085
65.5068914304782,74.917613851613,21.0923665507328,47.4809804155067,0,120.988754272461,113.500295568396,75.2362705010634,104.749222532232,86.0185742932697,76.5550437503391,97.4485813015503,106.467069625854,129.382335117885,85.8750608171735,125.769882202148,14.1141530156888,18.678698322892,112.473210601807,81.2421506352785,118.178230285645,14.6174644731588,37.6361429774642,13.1086157030183,42.3936360631178,102.134666442871,77.1919954511854,26.3429071003953,32.9481012115223,64.4081747819236,39.6888868326033,148.805935541789,101.098222732544,70.4801939725876,44.0278373971679,174.70534362793,120.699945449829,95.3953689166478,62.4364454992886,0,0,192.991119384766,157.548244476318,175.341384887695,143.388257980347,160.86659749349,168.670830862863,0,0,189.805358886719,182.921035766602,97.5806420270134,130.071308601193,175.869651100852,162.641024112701,0,108.143269410004,71.5833998031888,97.6976190619984,146.475798214183,146.412300109863,142.625150228284,100.026585140902,131.040332136483,147.038604736328,123.293106358226,219.568099975586,0,126.109764099121,108.530725930866
65.5416757063432,57.9887305403178,95.534979192222,39.4918695483426,19.2330617449563,123.156069668857,65.9435244859793,50.2775772431585,82.0128254305764,25.9288472479297,41.3164220241512,135.477667672294,17.5622446340919,131.583107503255,82.7434882349616,43.0919912118451,25.5205020374722,111.38422156669,155.259394327799,127.543151855469,27.2257632291613,18.7995349527715,25.3037795091225,42.3936360631178,9.81697107739105,106.180358039008,123.31474172152,69.8964830482055,16.0564900878191,70.7677467655761,53.7256394803167,157.169494628906,136.157115936279,62.1423833660051,71.2616209983826,129.993640019343,119.64666917589,167.800294664171,48.8223244803292,104.317443340055,192.790885925293,133.611377716064,106.01897254357,149.428087754683,58.5884218215942,117.924881194855,189.275466918945,115.987803649902,181.570018768311,148.768902975415,124.041967773438,106.332981872559,190.919550577799,0,205.253486633301,124.132338387626,120.584093093872,116.964872233073,126.686225304237,76.8068355211446,147.606506347656,169.042393684387,169.826601664225,101.083352118167,134.770279224102,122.410986527153,0,195.876974487305,125.755956888199,131.870233924644
154.056518554688,32.8404296440881,122.988138198853,23.0251925439329,0,0,0,0,0,104.107565806462,0,31.2450482113085,167.145034790039,24.5958263845032,0,0,0,89.6375679016113,56.2412931081411,59.8808044433594,0,126.554443359375,93.1601260301006,102.134666442871,106.180358039008,9.50026051342227,49.4076059319166,25.4786075578097,143.628494262695,0,175.058479309082,46.5957963907323,0,0,75.9432990074158,0,89.5244967142741,195.750900268555,35.2295554796855,0,0,0,0,0,155.621002197266,183.7939453125,84.4562157524957,0,64.4601801243411,0,0,0,120.418323040009,87.0676778157552,109.592256273542,0,0,154.437767028809,120.056930541992,155.018262863159,45.1011235918318,84.6409223066057,83.369158931807,0,0,220.486587524414,82.5220636704389,0,0,108.777365684509
120.975624439328,68.1961711136611,25.2059821238507,57.3720273979002,238.227676391602,179.625930786133,167.162184098188,138.905979968132,160.818381144738,128.061051455411,177.363941192627,29.9173920018107,182.234786987305,29.5998997619436,149.437229275703,160.818841414018,116.399034697434,32.4508889415474,36.9242897250436,25.2465403578524,0,107.087877292633,103.593316584458,77.1919954511854,123.31474172152,49.4076059319166,13.7622235559365,31.5467437204826,101.474889795388,110.919954638509,100.263452500663,19.5017848323734,113.567764282227,141.889986673991,64.2998039301958,179.81748008728,107.498056398768,102.823357481205,75.6988421957833,0,125.909141540527,222.144876098633,181.429087898948,209.282122342092,179.84979901995,202.834661483765,114.981187337852,0,101.082053521339,199.107834427445,0,149.957443237305,113.099642654555,120.051098914513,118.756944660105,0,137.149989788349,156.669451506242,128.391567245923,185.943088107639,85.886042377029,102.600849839873,104.577978428316,162.150121740393,181.491632080078,165.640802171495,114.898726697238,0,183.635437011719,119.839907306736
119.836856590774,30.8042764929444,24.3856741694806,40.3358492549753,0,130.845262527466,153.84266611735,111.025537393861,140.834809078532,104.775726642116,127.860170080307,70.9653370968537,150.964203516642,32.1352197649919,145.714947349147,142.447341918945,25.0626944000056,62.1769811323684,68.7956614144024,69.8814226786296,149.975944519043,58.6446936640856,42.0544359173562,26.3429071003953,69.8964830482055,25.4786075578097,31.5467437204826,12.4505001871197,78.0754534938348,118.136452729675,111.201826493433,26.8314942294094,127.984153747559,120.908950218788,64.4162045727229,159.644329673366,110.876420540146,89.2678538661244,58.4921322393544,195.012832641602,187.904037475586,199.438762119838,166.674630906847,198.096329592587,149.334091880105,180.967170715332,121.921682746665,0,104.603867099399,178.674163622734,197.347919464111,133.013032913208,112.732489088891,121.428131977471,121.849648452387,0,110.073050889813,79.9657407067039,98.2853121017923,155.156774778624,90.7255554464128,102.815729517212,100.143905441029,156.392217053865,177.502624511719,147.392390812669,116.900171488273,0,152.93222618103,114.392040915693
32.7922390024677,94.3322533369064,65.3454694823656,44.527427489481,10.998250297677,124.330720424652,78.7466904099813,26.2752866484788,67.3541462623467,42.7057529887082,14.7028573398463,145.164137144346,39.4496048329422,156.728015136719,57.0341171278272,72.8555398486909,23.582587785858,100.921927948793,150.073462168376,124.607269598513,20.9441971313128,15.6890896971238,43.7772976836013,32.9481012115223,16.0564900878191,143.628494262695,101.474889795388,78.0754534938348,8.46770754778727,51.7069794060527,22.3025626503881,144.763458251953,131.430449295044,54.3882708878076,57.306600462318,118.282355578978,170.791078567505,137.078283909389,62.5999011714963,117.642603792463,183.59211730957,139.913685310178,101.267991518645,151.342859587211,65.5890930857738,128.677015252452,0,117.3415807724,0,138.217912433953,134.892378125872,91.6098609746889,188.156131142064,222.403656005859,212.324367523193,142.268813650949,107.941648192325,84.8207375021542,129.607751643404,95.3644482466366,0,178.664347572932,154.940230653997,100.958590829839,127.9095504019,107.863001488234,217.26220703125,182.008840387518,110.894528981802,123.479671039987
10.0337548278582,130.969179789225,75.1752281490125,53.2270865856762,81.6076606224323,31.4100256327036,24.3911255501909,39.9675790713697,32.8528411528452,68.8583795095335,73.6635035362217,94.6039329203524,79.6678194221523,110.822175979614,13.3576089970328,31.2945460779914,0,75.3167816385564,132.529367446899,110.496945970841,88.9374243364035,55.8808066145105,51.016816245185,64.4081747819236,70.7677467655761,0,110.919954638509,118.136452729675,51.7069794060527,7.21087550582412,13.5902808333105,102.195306777954,16.0377224938435,12.4671749852854,32.9213058710884,158.02202129364,155.421752929688,150.32530670166,75.9876827663846,120.29966583252,0,175.014085388184,133.141940765381,173.889175415039,97.0698402949742,152.934030386118,0,109.410837809245,0,157.031467314689,157.008387247721,104.138025071886,178.488906860352,0,192.641662597656,210.640655517578,113.350459628635,110.703020731608,129.783954273571,127.431714221259,128.479675292969,168.744895087348,159.982984542847,128.013016420252,161.068149748303,124.163338881273,0,209.933090209961,131.690748596191,139.384110561637
22.4100369606434,110.789440917969,67.3506725870634,51.5061985563135,63.5649185180664,129.337097167969,91.0541185839423,16.4964704411502,91.7650625267807,56.5923408587362,58.0645175802297,113.349699565342,79.416314125061,161.619476318359,21.65649457664,85.938409169515,64.0896526745388,59.3100764994573,124.047586614435,95.9422266635208,113.00122833252,16.276410570309,45.0021858509485,39.6888868326033,53.7256394803167,175.058479309082,100.263452500663,111.201826493433,22.3025626503881,13.5902808333105,9.81073853318899,128.92813873291,108.844528198242,19.2488967400563,35.5052377592958,121.717790149507,157.092582702637,129.734205627441,65.3099819214876,135.721771240234,196.978500366211,149.609381539481,117.152216215391,160.872816324234,79.1107578277588,120.948791503906,145.512405395508,0,0,141.482695007324,0,90.5719346026985,171.821332295736,198.468124389648,185.865669250488,181.705673217773,102.937177422341,72.3779357274373,120.083614550139,105.408042422208,0,172.573249534324,165.311155465933,104.935597578684,130.379320656381,105.641223292197,190.786140441895,181.556411743164,108.607666778564,121.332887597986
180.293365478516,76.6826419353485,117.968391418457,59.6446215750157,0,0,0,0,0,140.314161028181,0,39.2528639103532,0,13.2440045706005,195.68049621582,0,137.764373779297,113.702598571777,54.7466533901357,71.7208293417226,0,0,127.742782014789,148.805935541789,157.169494628906,46.5957963907323,19.5017848323734,26.8314942294094,144.763458251953,102.195306777954,128.92813873291,7.85197138302039,94.9069213867188,198.614685058594,76.8239476776123,0,134.35149230957,0,70.0447916628709,0,0,0,220.439170837402,0,190.445602416992,0,108.300396169935,0,95.7079254432961,0,0,184.612617492676,144.502585517036,114.851967082304,126.913931165423,0,0,177.375394548689,188.461329142253,0,86.6036488097391,111.571044081085,110.004953271178,0,0,0,112.596096435151,0,0,142.019680520763
82.6531225840251,0,195.271499633789,183.131805419922,148.50651550293,9.23000953464805,26.9839422086595,122.04758310318,17.7260538438038,145.588230133057,126.871323903402,64.7224054838482,117.465345594618,103.141868591309,20.9579358850172,35.4134281429313,109.47354888916,0,0,0,134.860336303711,136.078903198242,135.708526611328,101.098222732544,136.157115936279,0,113.567764282227,127.984153747559,131.430449295044,16.0377224938435,108.844528198242,94.9069213867188,5.76842978691039,64.749567765456,36.0308538236116,201.417175292969,0,0,0,0,0,0,187.742309570312,231.122581481934,168.665532430013,195.264572143555,0,0,0,0,0,196.12646484375,0,0,0,0,0,0,0,206.968681335449,0,0,0,157.798416137695,0,0,0,0,0,209.593292236328
16.2612018412124,180.661956787109,108.282864040799,53.9434257030487,77.6509565701142,100.164365768433,68.9739973322551,52.1536908664677,62.7932341530819,61.0887928426701,69.8242737859273,132.802356719971,83.8759795986876,0,23.6569066137075,36.1334213930018,78.4968414306641,105.423351287842,0,112.763229370117,80.8027813291289,34.9931257082068,42.017313734014,70.4801939725876,62.1423833660051,0,141.889986673991,120.908950218788,54.3882708878076,12.4671749852854,19.2488967400563,198.614685058594,64.749567765456,7.28157031496826,13.3939737936871,114.778751373291,0,0,85.25609261649,0,0,171.537455240885,120.277599080404,180.241953923152,72.3095121383667,153.694149780273,0,162.401084899902,0,172.851013183594,0,113.083902994792,0,208.608825683594,227.028579711914,0,118.048385620117,97.8007774353027,92.3504085540771,118.061810008267,0,197.106658935547,184.109568277995,117.517941825621,129.609739303589,117.057676232379,0,0,124.804626464844,143.552262526292
75.974767477334,71.6481994628906,50.9444318509284,60.5213381972855,90.5766778294044,38.8804014160877,37.5561086896242,66.3786931319976,49.5671214169147,64.4640042380001,82.9273196757923,29.204501519898,85.1235481663754,69.6229680174141,48.4438882787177,25.508345851748,80.6862783174257,33.7881025891584,65.683266314158,37.9063381316756,92.0664085210756,35.3347799697615,55.6960809970006,44.0278373971679,71.2616209983826,75.9432990074158,64.2998039301958,64.4162045727229,57.306600462318,32.9213058710884,35.5052377592958,76.8239476776123,36.0308538236116,13.3939737936871,12.8538970039264,125.042268541124,158.614421844482,101.488961798655,73.2511107853481,173.496215820312,0,161.04564666748,134.383784750234,177.335792295394,103.612510426839,155.07763671875,156.597407531738,135.78978729248,154.321151733398,161.713792710077,0,108.109782409668,125.201316197713,146.539611816406,136.51792755127,171.668838500977,109.835946534809,94.4443562415338,110.538445437103,122.283208500255,112.135621752058,117.350815764367,115.159049117449,118.688294646937,147.284977306019,116.17734227036,155.383575439453,0,116.051544189453,129.416495276279
130.655303955078,0,167.490861563847,86.3850765228271,0,0,159.817794799805,144.315465291341,195.962425231934,138.973247528076,148.447967529297,0,0,0,154.983612060547,0,0,180.65657043457,0,161.798248291016,0,117.789318084717,81.704963684082,174.70534362793,129.993640019343,0,179.81748008728,159.644329673366,118.282355578978,158.02202129364,121.717790149507,0,201.417175292969,114.778751373291,125.042268541124,9.0301077805251,120.490406799316,115.464978394685,72.6466689400051,77.9150924682617,70.209605746799,77.0111272266933,26.7433786102408,35.6422866044462,65.0203551384015,70.3232031265895,128.73621837071,123.358837127686,146.393513997396,11.2475309545113,74.8567163467407,81.6277432441711,110.872614034017,148.418112915832,133.941781250563,87.0209208679199,86.5807537954362,65.9394382476807,100.33188495834,66.7163765719745,166.975596110026,126.078673560101,132.477062076717,66.9841089790331,10.5644560812908,27.2071801013736,182.656239827474,73.0882247642235,20.8731956754871,66.6743674565511
183.137573242188,0,107.013816496905,105.695025307792,0,0,0,131.026849746704,196.74723815918,119.783663431803,0,129.513715303861,0,119.251261744006,139.86376953125,0,0,105.164889865451,129.971076965332,128.315583970812,168.315638224284,0,164.778427124023,120.699945449829,119.64666917589,89.5244967142741,107.498056398768,110.876420540146,170.791078567505,155.421752929688,157.092582702637,134.35149230957,0,0,158.614421844482,120.490406799316,7.70361598873471,39.4867614858291,20.0835776847215,0,0,183.921808878581,130.604096902383,147.382128579276,60.3504833187069,0,80.8155997220208,104.671257019043,56.1051044324634,143.87317360772,112.995278676351,68.3609761884136,63.7425770702132,87.7576336860657,75.6338121495541,0,86.0482831682478,24.4794788651241,68.6255692518674,56.0824342080213,24.3593361587576,55.3844392301908,37.9814907168801,106.657506306966,85.2262496948242,109.834111238137,71.9102448254097,111.404296875,0,71.9777957874796
161.052969891092,90.2688286521218,88.4582551959589,77.0932141976763,0,133.072235107422,0,167.612297058105,193.758244105748,186.213897705078,158.471923828125,140.670402050018,0,0,206.375376383464,0,118.128933800591,102.849773542616,160.626922607422,121.106218191294,0,125.049074613131,108.597669073876,95.3953689166478,167.800294664171,195.750900268555,102.823357481205,89.2678538661244,137.078283909389,150.32530670166,129.734205627441,0,0,0,101.488961798655,115.464978394685,39.4867614858291,9.72848025944811,40.3094696360223,0,0,134.272981849084,95.4830385554921,128.675688596777,127.206661224365,106.307145032016,101.251809801374,0,113.04683303833,118.559052962177,128.752948948594,79.6704964637756,40.7662300553761,98.9265513266287,84.63656411065,188.647415161133,55.0909293693832,47.2356462604452,24.1644279658049,117.723679793508,103.601153055827,26.0143063510891,26.5089187603417,61.4805276524802,133.080833625793,61.1223083823474,98.0374170939128,186.543655395508,119.316793001615,69.4202711396058
86.2947750091553,95.6515740156174,55.0045074106573,10.2513596191012,71.6307063383215,125.744285583496,99.3213806152344,74.7539861852472,96.8874713352748,38.9491836397271,85.8750664847238,65.4274834564754,70.7243855794271,46.2162346299646,115.239451817104,56.9829959869385,91.6613147735596,73.6219539856643,87.0271723611014,66.6857335908072,89.5448303222656,63.0461998679421,28.9481761408324,62.4364454992886,48.8223244803292,35.2295554796855,75.6988421957833,58.4921322393544,62.5999011714963,75.9876827663846,65.3099819214876,70.0447916628709,0,85.25609261649,73.2511107853481,72.6466689400051,20.0835776847215,40.3094696360223,13.0373613869822,81.8444182078044,106.35217666626,91.3619844118754,58.8715250895267,101.615482948922,12.0079825317606,71.9493712004241,72.4922030236986,75.7769551958357,31.3342880341742,90.7720731813809,54.376872309932,39.1867264185064,65.5014297118554,97.2461895826386,80.6916019065039,85.5850909306453,55.1170569151835,35.4971922768074,49.3114401506471,33.0635446492676,17.1053054946171,53.8729622754674,39.9940430944268,43.3864861063122,67.9507174801517,58.8698955582268,71.5899491906166,134.493843078613,56.913599395752,64.4119863951648
0,0,0,80.2095413208008,8.57254692165641,0,202.989456176758,132.25909576416,151.392654418945,97.2055282592773,42.3079872131348,0,20.0808973842197,0,165.784683227539,0,0,0,0,0,19.9588767064584,0,0,0,104.317443340055,0,0,195.012832641602,117.642603792463,120.29966583252,135.721771240234,0,0,0,173.496215820312,77.9150924682617,0,0,81.8444182078044,7.63190182181734,0,45.6305185464712,54.8691434299245,111.868645154513,61.9764974975586,8.7170656002316,0,12.4932249533522,0,100.524621146066,101.39701461792,0,0,0,201.466201782227,9.77921343106443,0,0,0,13.8721149170549,0,179.64567565918,138.930953979492,10.7788843121003,93.4402110760029,78.9639485677083,0,131.549072265625,79.2727822197808,84.1674561934038
0,0,0,141.990280151367,0,0,0,184.968292236328,0,0,0,0,0,0,0,0,0,0,0,0,0,0,0,0,192.790885925293,0,125.909141540527,187.904037475586,183.59211730957,0,196.978500366211,0,0,0,0,70.209605746799,0,0,106.35217666626,0,6.86094802009527,8.48755018492186,123.982652028402,15.3862395415238,89.5735638936361,134.063147544861,68.8806482950846,98.2403888702393,92.7951431274414,26.4943129360913,15.7461778212311,0,207.118865966797,89.3435592651367,0,119.549453735352,0,100.253154754639,134.689484732492,110.026425255669,0,210.279251098633,143.623123168945,129.170127868652,21.1995739615365,99.3722966512044,0,9.86167380917457,0,36.9394438266754
140.590235392253,0,208.405774434408,130.053187052409,132.970294475555,203.657424926758,180.653266906738,147.950856889997,167.745183944702,123.273389180501,170.689402770996,0,0,0,155.207138061523,0,0,227.287910461426,0,0,161.585754394531,0,0,192.991119384766,133.611377716064,0,222.144876098633,199.438762119838,139.913685310178,175.014085388184,149.609381539481,0,0,171.537455240885,161.04564666748,77.0111272266933,183.921808878581,134.272981849084,91.3619844118754,45.6305185464712,8.48755018492186,7.88776365361662,58.7559550733667,17.8607500201603,57.4061414934695,21.861188526398,74.7550621032715,14.4205974263545,87.0411148071289,27.0482283973694,8.43006882285829,103.779008865356,166.829464224882,198.972539265951,184.668090820312,35.4722808985084,111.524928283691,109.364693450928,121.449061257499,51.7906754912363,210.400802612305,158.44227925243,137.030018383944,65.803992892674,30.4007567848081,112.697469787598,201.231719970703,23.2787766065334,87.7024178576114,68.5253439977805
