10.1920419652828,120.841300092425,90.0265463086078,76.6143951998412,98.4899865663969,70.3898226420085,73.5210477942663,32.3783382711112,27.1191915767225,67.8085591747503,57.44395988082,119.798117724332,92.368761698405,203.058219909668,16.1002745315355,94.5879611968994,104.297213236491,79.8816935384975,131.393180847168,114.830479758126,98.762574332101,70.2243975476102,102.617026951002,76.8478607896818,77.3766478508751,137.883087158203,108.124552329268,116.844056723253,76.1168334370568,23.7769618074872,31.1954189682913,186.605003356934,79.4282497224354,35.9939826991224,73.3603287558807,130.920012840858,0,201.199821472168,91.0232398574417,163.373863220215,0,156.354993380033,135.31420312609,154.814305859943,88.4017677307129,155.513373879825,0,176.789388020833,0,141.916831137917,137.493179321289,164.591407775879,0,0,184.897705078125,137.296754201253,0,125.973556518555,144.73971218533,120.894718099523,0,170.310915629069,161.90695699056,126.963082512506,146.390335083008,119.646417379379,0,0,132.912107467651,150.376610279083
120.841300092425,6.66631883903244,36.3212582034257,18.9300210025117,153.633773803711,0,141.191254933675,138.781826972961,144.605376914695,64.4578565959058,147.024216424851,73.1978593229722,97.5851593017578,54.0265784186076,134.562840094933,105.228365580241,58.9484585711831,52.5768138128963,81.0006444176962,59.1664802240983,0,99.5465512159394,18.5552681106559,67.8790154633699,89.4184575029599,19.9796479630759,43.2112091163257,38.4719164296366,133.110375467936,119.194384323923,102.97205600223,69.6282447749733,0,103.73530090332,58.0366767316927,188.471725463867,91.3657783508301,126.053504943848,83.2489280700684,138.679016113281,0,0,153.148296356201,0,81.0562438964844,181.362007141113,104.732402801514,0,88.7754713694255,0,0,0,0,120.034004211426,129.527605056763,0,0,0,130.867500305176,121.927004300631,68.1337197621663,114.502668961235,109.831975522249,143.808319091797,0,0,0,0,207.702514648438,126.231468200684
90.0265463086078,36.3212582034257,12.1939240467161,39.0543608712012,124.576652873646,141.365028381348,121.493806370822,98.8032351338391,109.315225971147,102.173522949219,112.134238317738,77.951621959084,129.650920629501,84.9471631218405,103.303705037509,127.434016141025,77.4900270687637,40.7590350910868,104.51599460178,65.583682633735,161.866165161133,70.5083070028396,48.8131757816451,27.284425154669,97.1654940790459,83.5310745239258,29.343176231503,32.6704969642305,94.7190954781681,115.62688639118,84.9375638165051,84.8129001718707,165.809115600586,107.109076040762,52.2379717534596,167.329933166504,49.3429225327133,80.3970475524436,52.8687240600586,225.118827819824,0,243.948959350586,147.963963950553,194.17907333374,112.02282333374,189.768100738525,134.731358528137,0,132.857900619507,168.217311859131,0,115.457567214966,92.1016319274902,131.901596069336,109.53348739624,176.488494873047,128.155407714844,52.0208102567696,103.415287242216,159.817320251465,107.964336395264,87.8867524209684,81.6105493603835,190.796032428741,186.951316833496,141.809950086806,0,0,142.808944702148,106.011253624632
76.6143951998412,18.9300210025117,39.0543608712012,53.3393766098335,76.705847306685,102.643720626831,115.78180367606,83.9871990503358,95.5446285895982,12.1039821762943,109.227233173001,70.2111917625774,55.515416058627,78.3451517229882,91.1770901341592,57.3945543766022,46.2014844680669,54.8295366212817,65.5545539192531,56.1143219120853,89.4047923617893,57.3467075820947,38.8783650176813,50.801850970412,43.8040622952177,20.4694389897643,41.9405803873321,40.9592798007995,59.4834546277786,80.7175240305097,55.2257220936855,82.3506583388971,115.278076171875,59.9650774002075,59.87042685801,0,68.8958128148859,92.8994512557983,61.4937539100647,68.107484181722,0,197.242462158203,112.150900896858,135.219230651855,35.7552075703939,121.504846845354,132.220916748047,0,92.6680507659912,114.458145141602,147.235458374023,40.9583246985147,94.4711723327637,146.226374308268,118.833870887756,94.1088607788086,79.2824227469308,26.7652542673308,55.2076487731934,82.568912385002,48.7462491989136,107.512977494134,88.5042572816213,115.782225227356,159.414122009277,79.2629233650539,0,0,143.609401702881,96.8235944112142
98.4899865663969,153.633773803711,124.576652873646,76.705847306685,9.62825363368183,0,64.6498776303524,36.9088541453647,97.0970876835011,41.0853670140107,24.9004700441323,180.897735595703,19.463714060419,171.632502237956,106.488579836759,53.1884589849734,91.253547668457,156.525595770942,0,177.410411834717,11.3472887051101,107.758695602417,83.0118607330322,122.121037377252,15.2375060573687,146.608968098958,150.30615917005,128.256012217204,17.3742681374699,108.680015489893,96.5701460838318,196.670333862305,160.186195373535,91.9138793945312,98.2925138286516,0,0,0,90.4882822036743,16.010910886415,0,130.998362491005,125.441295917218,148.551576341901,102.244919670953,121.997029624939,0,17.4361846961758,0,154.879837036133,0,0,0,0,0,14.2239120193661,0,121.613296508789,159.543334960938,103.904815265111,0,201.063529968262,127.931945800781,123.052544932895,154.812210083008,158.985450744629,0,0,133.97610727946,169.840721130371
70.3898226420085,0,141.365028381348,102.643720626831,0,6.46356761319221,7.93130074400925,125.473178863525,16.7597961568576,52.7555198669434,117.811049027876,60.1649333408901,83.8176145553589,75.4166213989258,25.9416915834532,12.821101240151,0,143.079063415527,0,0,0,112.692047119141,88.0875066121419,120.34427947998,114.186215718587,0,120.165515899658,96.3118693033854,134.784483337402,18.6366102398445,0,93.3742141723633,9.67990808792258,0,28.3960087198607,0,0,0,0,0,0,0,183.684829711914,0,0,0,0,0,0,172.631362915039,0,0,0,0,0,0,0,0,0,160.662857055664,0,0,0,157.916496276855,0,0,0,0,0,184.718185424805
73.5210477942663,141.191254933675,121.493806370822,115.78180367606,64.6498776303524,7.93130074400925,9.38902021896628,68.3735574846144,25.3494511371625,84.6005084450181,34.2197205356862,118.249907255173,18.6181481883168,97.792812983195,32.2853944609626,9.60791929073202,115.373626708984,137.29552276225,92.2375005086263,137.593599796295,46.1632015770728,106.537048686634,117.503831263951,104.671618501905,82.9250563773508,131.615567525228,144.421669089729,130.044665543074,71.5812683930103,36.5075580243711,113.897913748758,131.96019744873,19.9084439677703,90.7719059928519,42.6903606334606,143.535192871094,165.941635131836,165.909149169922,117.990676032172,136.183908144633,217.333145141602,161.880754852295,141.730508804321,166.083783707529,129.478412628174,158.568128492011,0,67.8870889875624,0,164.830500941123,149.823893229167,163.330749511719,183.919982910156,0,0,130.445283889771,183.474235534668,177.663417816162,196.074440002441,129.460221283196,0,186.764221191406,171.329956054688,143.389207367204,162.855894300673,158.317830657959,0,0,0,177.455617904663
32.3783382711112,138.781826972961,98.8032351338391,83.9871990503358,36.9088541453647,125.473178863525,68.3735574846144,10.782922263996,65.0239361710607,54.7686916351318,21.4316177290851,158.102847346553,65.2678927032041,180.498631795247,35.1197522696995,79.5457703439813,92.5667698199932,106.864291955393,163.787956237793,137.917302351732,54.9497599394425,66.8178175947401,88.8596624358883,73.7161168788724,58.7571794561219,0,132.410013548085,98.6413347735152,26.2299026921,70.2981762428559,20.771093713257,170.286540440151,125.186250959124,62.2240087424114,80.9063144198876,118.022771199544,133.096893310547,150.216952853733,81.627477905967,136.104725646973,0,135.002417670356,112.34475291524,134.886597998348,74.7882076731899,133.047942886353,0,115.814449310303,0,126.158099060059,134.16535949707,147.120620727539,138.354263305664,0,197.611145019531,140.132736206055,175.256368001302,118.832140922546,139.57158229662,103.842203895644,0,178.799496459961,150.757217407227,112.217709241595,131.984933426131,119.049589743981,0,179.716613769531,130.889296758743,135.537519281561
27.1191915767225,144.605376914695,109.315225971147,95.5446285895982,97.0970876835011,16.7597961568576,25.3494511371625,65.0239361710607,14.4680037704945,84.7725845054344,45.6987825793066,123.198321582061,47.2401337228427,84.4892400853774,17.0517594651334,30.0337727620782,130.5006980896,109.165918321921,132.856053582553,138.077013948538,81.9106783277533,95.8485766049089,116.612623901367,96.8679911270825,90.3801560656456,137.243376595633,135.843837438918,129.070085821685,86.4617839566389,39.9939424917244,81.0871424426297,142.144482421875,19.7363996994931,93.0457791698222,66.9614196550811,149.589883101614,149.018351236979,164.253660583496,107.025794792175,162.738887023926,0,161.74597986733,142.837133193906,162.74838023283,115.29000392713,157.033998304798,180.829132080078,139.916622706822,0,156.985153631116,150.540301852756,165.306102752686,170.404071807861,0,240.741058349609,163.56597328186,167.457443237305,148.310728593306,175.930313110352,130.924836354963,0,192.943227594549,174.90968951057,140.485825402396,167.193673064743,142.096385002136,0,203.882820129395,151.946407572428,161.531055012687
67.8085591747503,64.4578565959058,102.173522949219,12.1039821762943,41.0853670140107,52.7555198669434,84.6005084450181,54.7686916351318,84.7725845054344,7.21772861745085,85.4033901482298,136.944976481986,7.93979275973323,119.878725638041,84.2711323682766,20.2144214315554,56.8108610425677,112.288057935107,144.118977137974,129.710638486422,26.3275944660527,80.806697845459,19.0186751239581,103.812635341161,21.128394849721,91.4956362702126,115.021534454346,109.865201456039,50.4372268549601,76.9731284696752,56.4014451450255,134.736034192537,126.730905532837,56.9189010898998,78.9394558531581,95.3766010284424,0,167.355529785156,45.6166746616364,83.9635982513428,0,111.931827545166,93.0491219433871,114.339706314935,43.6453118775342,104.156467437744,0,85.9663228988647,152.086522882635,108.345376586914,134.796127319336,99.0739822387695,0,0,0,101.276048448351,0,85.4423116048177,118.804567972819,68.236836509983,132.960451126099,186.787719726562,147.329795837402,91.1589439158537,102.063302993774,81.5369317190988,186.368759155273,0,83.8479843139648,117.583872318268
57.44395988082,147.024216424851,112.134238317738,109.227233173001,24.9004700441323,117.811049027876,34.2197205356862,21.4316177290851,45.6987825793066,85.4033901482298,14.3955345572024,155.74875471327,21.7776464270707,175.909317016602,40.9308742717047,68.87785957433,102.527310943604,122.853547851245,171.496158599854,173.627676391602,16.5502837935606,83.4662185057306,104.961745272861,88.3610689566002,64.4410800154145,175.346214294434,146.972687884075,118.731613605343,34.2995679161032,94.0353892486428,73.8231024540646,179.312159220378,122.939251740774,80.7985990347982,92.1923897577152,159.138465881348,158.784703572591,185.012861463759,120.877167952688,38.9754605425729,0,163.910839989072,144.626419999864,164.106549009985,115.800505065918,152.676243332197,0,80.9655434457879,0,161.790608814784,151.134887695312,149.182474772135,177.442443847656,0,0,13.505084425372,155.401710510254,135.715637207031,165.78227474815,127.446235069862,0,188.704106648763,170.463413585316,141.789333975388,173.375400967068,150.794856678356,0,0,165.941861833845,160.021369171143
119.798117724332,73.1978593229722,77.951621959084,70.2111917625774,180.897735595703,60.1649333408901,118.249907255173,158.102847346553,123.198321582061,136.944976481986,155.74875471327,11.9433718046677,141.306144714355,22.1215097483162,112.636969884237,162.500274658203,123.326148562961,49.7520494673847,18.6661482682219,18.6565828736084,0,90.2337749435241,103.76589553833,89.0426711785166,157.562536386343,29.6482896409883,29.1297951300165,61.9486339629643,140.800551835881,74.3598088125528,95.7002264993233,43.5264605028696,82.6204886002974,87.5038158069957,28.4059077478103,0,82.549444410536,145.391272544861,95.2905904134115,0,0,217.298568725586,202.302658081055,209.596237182617,0,0,88.7357602800642,0,58.2200281090207,244.064788818359,0,138.757034301758,105.307811737061,100.736473846436,98.7105592727661,0,162.428253173828,115.250953674316,169.989799499512,200.753494262695,48.6712315101934,88.4672505228143,77.5106968709401,189.147659301758,0,164.956683349609,94.0404491424561,0,0,120.528121948242
92.368761698405,97.5851593017578,129.650920629501,55.515416058627,19.463714060419,83.8176145553589,18.6181481883168,65.2678927032041,47.2401337228427,7.93979275973323,21.7776464270707,141.306144714355,9.62189942524975,0,94.2910074623682,12.7200736589059,112.967704772949,0,0,0,13.4441155804202,133.090814590454,64.2027587890625,109.720861053467,16.1406474756758,187.170333862305,154.205085245768,127.081162952241,48.9092745002879,97.3544875215893,112.844745635986,177.933456420898,123.65343170166,86.6066980361938,94.387781216548,0,0,0,0,38.9280766277778,0,40.9284166448257,131.167919158936,129.125470842634,106.878676605225,41.0998990649269,0,16.688007694341,0,148.644731521606,0,0,137.859725952148,0,0,21.1628758857648,178.665145874023,0,152.695098876953,121.549195705316,0,0,183.614440917969,131.859098534835,0,160.111274719238,0,0,0,0
203.058219909668,54.0265784186076,84.9471631218405,78.3451517229882,171.632502237956,75.4166213989258,97.792812983195,180.498631795247,84.4892400853774,119.878725638041,175.909317016602,22.1215097483162,0,7.59359475013088,84.669230249193,197.062461853027,121.147599356515,120.747352600098,52.9610208511353,55.3010348510742,190.074020385742,138.661885579427,91.5563589579751,118.013500213623,147.109265304193,22.5218974379573,31.6542322347673,25.6356415026936,165.065263960097,54.587700063532,165.391443888346,14.4920162569606,93.3845748901367,157.14453125,41.772851211947,0,78.5416117129119,0,71.7344942959872,218.818532307943,0,0,192.938245137533,211.698959350586,131.730598449707,218.137958526611,71.7150256763805,0,53.8300006505538,231.168243408203,183.934844970703,0,104.479919433594,86.2098594078651,90.4023305452787,0,152.197174072266,107.247016906738,153.006378173828,182.371241251628,41.4209424304762,74.567615883691,64.7716918482925,196.393211364746,0,137.888539632161,81.5257505529067,0,0,129.45721244812
16.1002745315355,134.562840094933,103.303705037509,91.1770901341592,106.488579836759,25.9416915834532,32.2853944609626,35.1197522696995,17.0517594651334,84.2711323682766,40.9308742717047,112.636969884237,94.2910074623682,84.669230249193,7.73968585271113,62.3845376332601,160.727934265137,94.1925071630722,135.062498779297,127.066241756562,107.804776816533,79.580941988259,106.155501490054,85.4729310123587,92.0761214058511,115.111335754395,124.969030085406,123.979190791419,84.4103013122431,20.7739399535486,56.0222631167477,130.592532157898,16.0822504185657,56.977595006266,60.0153584129894,147.381653467814,125.256607055664,174.751571655273,95.3272084130181,164.691452026367,0,168.755106072677,144.290398509232,165.566076870622,121.248107910156,170.974146525065,0,156.22812906901,0,154.629353300054,0,129.384357452393,0,0,0,122.844997406006,147.475406646729,125.184730529785,162.61548438439,135.641925482102,109.898475646973,184.467922634549,166.905994415283,142.380430980793,157.881625088778,140.919699949377,0,0,152.054154616136,157.903395401804
94.5879611968994,105.228365580241,127.434016141025,57.3945543766022,53.1884589849734,12.821101240151,9.60791929073202,79.5457703439813,30.0337727620782,20.2144214315554,68.87785957433,162.500274658203,12.7200736589059,197.062461853027,62.3845376332601,8.64204032302638,0,134.669881820679,0,175.910018920898,37.639685121694,114.83039855957,65.9141185760498,84.7729415893555,39.0534372883101,0,148.272373962402,125.496294975281,76.5763820712849,90.5867890944848,90.1700172424316,0,36.8694086670876,110.633613586426,40.3129755655924,0,0,0,80.1063613891602,64.455020904541,0,149.939834594727,130.11803817749,148.20502726237,0,129.500408172607,0,84.8953771591187,0,0,0,0,0,0,0,0,0,0,0,112.969954750755,0,0,0,121.752105712891,0,0,0,0,0,170.908203125
104.297213236491,58.9484585711831,77.4900270687637,46.2014844680669,91.253547668457,0,115.373626708984,92.5667698199932,130.5006980896,56.8108610425677,102.527310943604,123.326148562961,112.967704772949,121.147599356515,160.727934265137,0,11.9905157677056,98.9011027018229,144.221485137939,118.448863220215,0,20.0798504920257,30.3438872825242,13.8476540939398,28.5164510100113,102.491003672282,99.3649052868557,30.0758011735416,24.9679031409024,119.77127133883,69.1904113243366,138.701357841492,0,102.878051333957,78.8250289045816,139.249046325684,83.8999252319336,91.1142790052626,88.744945526123,0,0,0,139.633325195312,0,123.515922546387,212.121017456055,0,0,0,0,0,93.0556324146412,131.529858907064,0,151.158386230469,0,100.597344665527,57.3635786731227,94.4206511575069,122.17162322998,0,145.524765014648,98.0146565437317,120.512473473182,0,105.030857510037,0,0,0,109.350716908773
79.8816935384975,52.5768138128963,40.7590350910868,54.8295366212817,156.525595770942,143.079063415527,137.29552276225,106.864291955393,109.165918321921,112.288057935107,122.853547851245,49.7520494673847,0,120.747352600098,94.1925071630722,134.669881820679,98.9011027018229,8.14517421686232,59.2740582731581,24.2670568331854,0,46.3608642878023,74.0114198714968,17.7783998833999,119.63201466436,84.550074005127,26.2198075866443,57.127340756209,113.514031562805,86.4827798487066,66.1135596719407,98.6184321812221,152.000442504883,72.9975774041538,28.9682944930517,160.039316813151,64.5022608439128,96.9573479702598,65.5060216756967,192.580703735352,0,219.266952514648,168.49153137207,223.693145751953,153.114562988281,188.333869934082,123.017704554967,0,0,196.040188598633,0,136.870862960815,108.934722709656,122.885238647461,111.208821773529,0,158.364910125732,97.6445896148682,123.735566329956,179.958892822266,0,98.4008362365892,97.3109614578719,183.753801822662,0,153.83172454834,0,0,158.226531982422,113.424099889295
131.393180847168,81.0006444176962,104.51599460178,65.5545539192531,0,0,92.2375005086263,163.787956237793,132.856053582553,144.118977137974,171.496158599854,18.6661482682219,0,52.9610208511353,135.062498779297,0,144.221485137939,59.2740582731581,6.70408098772168,9.47238952594627,0,125.456379890442,106.900845050812,113.563795852661,157.363272772895,50.2004021768985,24.0530955789696,65.6344849663812,141.327987670898,102.896598165685,105.955424308777,52.9805819133543,92.6749267578125,102.815365959616,61.5910547764715,0,96.0935134887695,150.991394042969,89.960947672526,0,0,0,0,0,0,240.069213867188,98.6300637986925,0,84.7887992858887,0,0,0,114.439231872559,103.280894646278,103.423482297072,0,0,129.98539352417,165.333236694336,0,58.942554082626,89.3716537334301,88.0011711380109,0,0,199.478668212891,0,0,0,112.669279915946
114.830479758126,59.1664802240983,65.583682633735,56.1143219120853,177.410411834717,0,137.593599796295,137.917302351732,138.077013948538,129.710638486422,173.627676391602,18.6565828736084,0,55.3010348510742,127.066241756562,175.910018920898,118.448863220215,24.2670568331854,9.47238952594627,10.3879334766483,0,101.405401010982,96.3040429767809,72.870412865807,148.086368560791,53.0424597919851,19.6869749053972,64.5690728517679,133.800742085775,106.613819757109,93.0110498616393,67.0483321021585,114.325622558594,91.6780752863909,37.8703045725406,186.458274841309,90.2594881924716,129.72034072876,70.6470371882121,0,0,0,210.188995361328,0,166.31999206543,0,108.676258087158,0,114.146481831868,0,0,135.297668457031,114.735776628767,106.794464111328,103.895976692118,0,174.693756103516,113.742304484049,143.923161315918,217.101135253906,68.3387498121995,96.1664786584599,94.36491933465,206.373251342773,0,155.528956821987,0,0,0,119.705850813124
98.762574332101,0,161.866165161133,89.4047923617893,11.3472887051101,0,46.1632015770728,54.9497599394425,81.9106783277533,26.3275944660527,16.5502837935606,0,13.4441155804202,190.074020385742,107.804776816533,37.639685121694,0,0,0,0,8.65465209517654,0,86.8820495605469,121.410675048828,14.3250604896667,146.50634765625,160.962865193685,145.464515686035,30.3850290837988,107.936407906669,146.063705444336,0,127.915767669678,100.180023193359,101.468140411377,0,0,0,184.561996459961,10.0937340773614,0,0,143.782402038574,166.152030944824,81.3493377685547,148.424271901449,0,9.69417215654624,0,0,0,0,0,0,0,8.30692388007515,0,0,0,122.261022567749,0,0,0,137.75404510498,0,0,0,0,0,164.781311035156
70.2243975476102,99.5465512159394,70.5083070028396,57.3467075820947,107.758695602417,112.692047119141,106.537048686634,66.8178175947401,95.8485766049089,80.806697845459,83.4662185057306,90.2337749435241,133.090814590454,138.661885579427,79.580941988259,114.83039855957,20.0798504920257,46.3608642878023,125.456379890442,101.405401010982,0,11.7530651044832,53.0743182408988,25.3169733053941,45.250301783346,107.970059712728,104.246861223151,69.7221431285143,29.706441931972,39.8978639165743,25.8005412732236,118.3702100118,0,33.4077693000523,43.2872169623114,128.721888822668,98.5611724853516,104.914009094238,83.7652677648208,0,0,201.317535400391,145.25867767334,178.118220011393,99.2664966583252,171.577456156413,0,0,0,153.468341573079,0,102.051318009694,145.904434204102,0,0,155.739868164062,104.02610168457,64.6955076317232,101.728002479277,121.141374397278,0,153.356833563911,114.810531167423,112.716696777344,135.699559020996,105.135512816077,0,0,115.274486541748,120.66131401062
102.617026951002,18.5552681106559,48.8131757816451,38.8783650176813,83.0118607330322,88.0875066121419,117.503831263951,88.8596624358883,116.612623901367,19.0186751239581,104.961745272861,103.76589553833,64.2027587890625,91.5563589579751,106.155501490054,65.9141185760498,30.3438872825242,74.0114198714968,106.900845050812,96.3040429767809,86.8820495605469,53.0743182408988,6.60992084691658,45.627474081412,26.6853170992502,66.8357033219448,76.9017960709327,39.6106270171289,60.0375343595232,85.8592172483119,54.7813454067247,105.108553293589,135.153562927246,61.2582772777927,65.4618145818815,98.4965724945068,76.0929171244303,91.9373781204224,105.48021663319,133.850112915039,0,158.22544670105,123.684423110064,140.183389936175,73.5168418884277,140.482834625244,158.234115600586,119.67947769165,115.670422363281,139.250666809082,162.173294067383,66.597262258115,118.619244893392,0,159.460216522217,146.696842193604,97.1355972290039,33.9377101009542,78.9691455532806,107.915881847513,107.75455792745,124.524514516195,110.913049283235,117.516942723592,120.343794504801,106.863185882568,0,0,103.589725494385,127.152351379395
76.8478607896818,67.8790154633699,27.284425154669,50.801850970412,122.121037377252,120.34427947998,104.671618501905,73.7161168788724,96.8679911270825,103.812635341161,88.3610689566002,89.0426711785166,109.720861053467,118.013500213623,85.4729310123587,84.7729415893555,13.8476540939398,17.7783998833999,113.563795852661,72.870412865807,121.410675048828,25.3169733053941,45.627474081412,14.3229300853819,67.6483472965062,107.956594052522,75.1093443683232,45.8040366954887,44.3080806148628,77.2937725975579,53.909026306512,125.200020599365,148.298227037702,62.4679798805026,47.4781328599558,155.144348568387,65.3815944867256,87.6212099818071,104.693951950073,211.146858215332,0,172.970077514648,146.376479500218,173.025807698568,137.602058410645,196.334188608023,145.892280578613,0,0,168.057564785606,0,86.7806762037299,102.823760421188,165.786094665527,136.53033274989,163.60107421875,116.117549452671,56.3281252371694,90.3080825996611,133.525228836957,146.668563842773,111.842863128299,92.5714480999493,134.576671346029,166.82327609592,125.946333408356,0,0,140.983310699463,112.120460045856
77.3766478508751,89.4184575029599,97.1654940790459,43.8040622952177,15.2375060573687,114.186215718587,82.9250563773508,58.7571794561219,90.3801560656456,21.128394849721,64.4410800154145,157.562536386343,16.1406474756758,147.109265304193,92.0761214058511,39.0534372883101,28.5164510100113,119.63201466436,157.363272772895,148.086368560791,14.3250604896667,45.250301783346,26.6853170992502,67.6483472965062,11.3261250050798,117.78976026632,121.242542437653,73.0751731520083,19.7611760633955,87.7849992917974,68.6574071738479,155.223344656137,142.353608564897,66.7950591354919,87.1234658013175,112.220613218898,113.933970133464,152.943043048565,66.3155431747437,101.784495152568,0,128.183651575966,108.995118541272,130.417265640408,73.3822184466811,124.301441001892,0,120.708066695776,167.590850830078,122.953979040911,129.876080388608,116.611889839172,162.584846496582,0,207.316986083984,124.998093629495,125.923546600342,93.9922237698994,127.39280141911,93.9363285031071,206.812683105469,172.692984147505,148.846304500804,106.164435202258,129.818825706603,110.422219198857,0,176.343816121419,122.576382899022,125.461198915994
137.883087158203,19.9796479630759,83.5310745239258,20.4694389897643,146.608968098958,0,131.615567525228,0,137.243376595633,91.4956362702126,175.346214294434,29.6482896409883,187.170333862305,22.5218974379573,115.111335754395,0,102.491003672282,84.550074005127,50.2004021768985,53.0424597919851,146.50634765625,107.970059712728,66.8357033219448,107.956594052522,117.78976026632,7.67887500594394,34.8925866447443,31.5986131390561,135.359238518609,81.2046662902832,121.759625244141,44.2212724273021,0,117.054901123047,66.7529321493813,0,54.2807088216146,0,35.6012356831477,0,0,0,0,0,146.02734375,164.680068969727,63.8794555664062,0,46.4831722064521,0,0,0,168.668319702148,72.9678132798937,80.795797030131,0,0,98.5562705993652,0,172.424331665039,26.2225942134857,72.7908125181456,55.2742808948864,165.598541259766,0,110.415962219238,96.8771947224935,0,0,96.3517906188965
108.124552329268,43.2112091163257,29.343176231503,41.9405803873321,150.30615917005,120.165515899658,144.421669089729,132.410013548085,135.843837438918,115.021534454346,146.972687884075,29.1297951300165,154.205085245768,31.6542322347673,124.969030085406,148.272373962402,99.3649052868557,26.2198075866443,24.0530955789696,19.6869749053972,160.962865193685,104.246861223151,76.9017960709327,75.1093443683232,121.242542437653,34.8925866447443,10.0106591394757,30.7181943231384,130.363168313719,109.166963847178,96.772957203236,21.5409552092173,168.150995890299,101.807049803681,54.4588775229784,162.315289815267,85.8496457476949,105.501395434868,54.0682532531393,0,0,216.015380859375,183.842932564872,211.119519551595,143.652941385905,213.570408747746,91.7995422718137,176.348587036133,82.058401556576,200.038940429688,0,152.592854817708,107.336167155832,92.5091142141691,94.0373683546148,174.534286499023,143.205787022909,101.4516137441,136.19139772303,177.564580013877,52.3089550242705,83.3570544929032,82.2332587997474,176.204135601337,0,152.297888946533,93.9720700581868,0,147.67497253418,105.625458984375
116.844056723253,38.4719164296366,32.6704969642305,40.9592798007995,128.256012217204,96.3118693033854,130.044665543074,98.6413347735152,129.070085821685,109.865201456039,118.731613605343,61.9486339629643,127.081162952241,25.6356415026936,123.979190791419,125.496294975281,30.0758011735416,57.127340756209,65.6344849663812,64.5690728517679,145.464515686035,69.7221431285143,39.6106270171289,45.8040366954887,73.0751731520083,31.5986131390561,30.7181943231384,13.0831779175499,75.25037098165,117.416700684881,98.8676855999491,43.1794958762591,105.005977630615,103.043291882771,63.1112375768555,160.612045288086,55.070499235211,84.392238587141,59.7524234983656,190.878717041016,0,179.020011901855,151.290847409156,171.750944773356,139.583879470825,190.924718221029,91.7423129611545,0,84.2988334084577,168.941260704627,0,95.5948247273763,95.6924466100232,97.7593151855469,100.965551127558,214.294876098633,139.54950205485,54.9634143603103,95.1665659892201,161.998702764511,59.2630129554055,90.2391504707285,85.6453296285661,151.334762768868,181.10090637207,143.88179397583,100.517202203924,0,139.874641418457,112.126072711255
76.1168334370568,133.110375467936,94.7190954781681,59.4834546277786,17.3742681374699,134.784483337402,71.5812683930103,26.2299026921,86.4617839566389,50.4372268549601,34.2995679161032,140.800551835881,48.9092745002879,165.065263960097,84.4103013122431,76.5763820712849,24.9679031409024,113.514031562805,141.327987670898,133.800742085775,30.3850290837988,29.706441931972,60.0375343595232,44.3080806148628,19.7611760633955,135.359238518609,130.363168313719,75.25037098165,10.9271661702098,88.3467525060398,37.2415746839147,166.52645195855,139.019774697044,63.0490418322914,75.0919546677146,118.041498935584,131.302558898926,132.562498341436,75.3062297975695,105.841060731017,161.831634521484,138.749557495117,118.751710188327,139.081916130914,92.8864747097618,139.40224638047,0,131.980437850952,0,128.985512979915,131.981734024851,115.20909009661,160.481800624302,0,0,80.8594584848689,106.670788383484,93.0777525779529,127.199969700405,104.997673131858,0,160.03127339681,149.953671836853,113.618956377026,132.557541220529,107.078816774513,0,182.269104003906,127.760027105158,134.200127533128
23.7769618074872,119.194384323923,115.62688639118,80.7175240305097,108.680015489893,18.6366102398445,36.5075580243711,70.2981762428559,39.9939424917244,76.9731284696752,94.0353892486428,74.3598088125528,97.3544875215893,54.587700063532,20.7739399535486,90.5867890944848,119.77127133883,86.4827798487066,102.896598165685,106.613819757109,107.936407906669,39.8978639165743,85.8592172483119,77.2937725975579,87.7849992917974,81.2046662902832,109.166963847178,117.416700684881,88.3467525060398,9.99327607360647,19.5380887324147,99.3221616109212,12.2195205205469,20.7961058772197,47.3294281700854,145.476806640625,178.5166015625,145.352569580078,92.1180669723018,154.7135887146,0,164.551615628329,141.025497729962,167.017342895042,109.27034034729,169.291145195395,0,158.413049697876,0,152.869001521621,174.339042663574,163.271291097005,211.976219177246,0,157.554458618164,132.073314666748,144.24443359375,127.21658706665,152.869330462287,130.809288100943,0,193.103178405762,163.361922264099,135.431755583165,161.362379407126,130.676334562756,0,0,143.979753112793,152.762378533681
31.1954189682913,102.97205600223,84.9375638165051,55.2257220936855,96.5701460838318,0,113.897913748758,20.771093713257,81.0871424426297,56.4014451450255,73.8231024540646,95.7002264993233,112.844745635986,165.391443888346,56.0222631167477,90.1700172424316,69.1904113243366,66.1135596719407,105.955424308777,93.0110498616393,146.063705444336,25.8005412732236,54.7813454067247,53.909026306512,68.6574071738479,121.759625244141,96.772957203236,98.8676855999491,37.2415746839147,19.5380887324147,11.3605210889342,156.704345703125,120.851766586304,28.0168953742225,39.0897759786663,116.485097723492,93.7942733764648,169.354858398438,69.3728806149643,144.386073521205,0,144.306960635715,119.797404729403,141.92686946972,75.6753490551098,153.155394583037,0,0,176.502578735352,127.986605309493,160.834121704102,109.016399036754,148.872451782227,0,171.574422200521,0,108.378703905189,91.5292908595159,115.12734574538,109.843690257961,0,165.795684814453,148.168046217698,108.598089746261,133.412709554036,104.125346656859,0,206.429244995117,111.518846685236,123.35992140997
186.605003356934,69.6282447749733,84.8129001718707,82.3506583388971,196.670333862305,93.3742141723633,131.96019744873,170.286540440151,142.144482421875,134.736034192537,179.312159220378,43.5264605028696,177.933456420898,14.4920162569606,130.592532157898,0,138.701357841492,98.6184321812221,52.9805819133543,67.0483321021585,0,118.3702100118,105.108553293589,125.200020599365,155.223344656137,44.2212724273021,21.5409552092173,43.1794958762591,166.52645195855,99.3221616109212,156.704345703125,10.4706853188452,97.1453475952148,193.260566711426,71.4545218441465,0,93.2413482666016,148.706169128418,0,0,0,0,0,0,204.478927612305,0,91.9258827796349,0,79.4002867353723,0,0,0,0,101.299530029297,102.960655975342,0,0,136.559768676758,0,0,64.3783462524414,90.967773661894,84.3602323639259,187.381774902344,0,0,99.6406326293945,0,0,124.512322743734
79.4282497224354,0,165.809115600586,115.278076171875,160.186195373535,9.67990808792258,19.9084439677703,125.186250959124,19.7363996994931,126.730905532837,122.939251740774,82.6204886002974,123.65343170166,93.3845748901367,16.0822504185657,36.8694086670876,0,152.000442504883,92.6749267578125,114.325622558594,127.915767669678,0,135.153562927246,148.298227037702,142.353608564897,0,168.150995890299,105.005977630615,139.019774697044,12.2195205205469,120.851766586304,97.1453475952148,5.85980845251863,0,41.7820497659537,0,0,0,0,0,0,209.575836181641,189.622594197591,194.539143880208,181.187713623047,0,0,0,176.434509277344,192.289985656738,0,0,0,0,0,0,0,0,0,159.277926127116,0,0,0,179.374547958374,0,186.004867553711,0,0,160.78532409668,0
35.9939826991224,103.73530090332,107.109076040762,59.9650774002075,91.9138793945312,0,90.7719059928519,62.2240087424114,93.0457791698222,56.9189010898998,80.7985990347982,87.5038158069957,86.6066980361938,157.14453125,56.977595006266,110.633613586426,102.878051333957,72.9975774041538,102.815365959616,91.6780752863909,100.180023193359,33.4077693000523,61.2582772777927,62.4679798805026,66.7950591354919,117.054901123047,101.807049803681,103.043291882771,63.0490418322914,20.7961058772197,28.0168953742225,193.260566711426,0,6.93601295001396,40.9562799536883,116.636005177217,0,170.495193481445,83.5850919835708,149.501139322917,0,140.841193389893,127.484924439461,143.695490519206,115.788592598655,147.601183428083,0,147.99946085612,0,133.148042214883,0,99.8282775878906,0,159.916442871094,140.244895935059,161.111667633057,106.913518269857,80.5753803253174,140.508952549526,115.134878833477,0,177.057382202148,154.448959350586,114.395632685447,135.738878250122,105.917345098547,0,191.716827392578,122.260450363159,137.437951868231
73.3603287558807,58.0366767316927,52.2379717534596,59.87042685801,98.2925138286516,28.3960087198607,42.6903606334606,80.9063144198876,66.9614196550811,78.9394558531581,92.1923897577152,28.4059077478103,94.387781216548,41.772851211947,60.0153584129894,40.3129755655924,78.8250289045816,28.9682944930517,61.5910547764715,37.8703045725406,101.468140411377,43.2872169623114,65.4618145818815,47.4781328599558,87.1234658013175,66.7529321493813,54.4588775229784,63.1112375768555,75.0919546677146,47.3294281700854,39.0897759786663,71.4545218441465,41.7820497659537,40.9562799536883,9.917089955748,140.40174621582,77.6947841644287,97.7210288176666,76.1688678605216,98.1893844604492,0,155.086348470052,140.560789067694,160.46940725821,88.6311735673384,157.220532836914,123.879122416178,146.900985717773,73.4309148788452,150.403990030289,143.576553344727,107.670814196269,106.801349053016,126.094234890408,112.415392263312,224.960678100586,119.481274302413,79.3059459754399,110.129066467285,130.659664479698,81.7107375649845,102.209519853476,100.411318177158,130.150460363592,144.303710428874,120.74500280861,127.531110127767,0,129.710344950358,133.9966424087
130.920012840858,188.471725463867,167.329933166504,0,0,0,143.535192871094,118.022771199544,149.589883101614,95.3766010284424,159.138465881348,0,0,0,147.381653467814,0,139.249046325684,160.039316813151,0,186.458274841309,0,128.721888822668,98.4965724945068,155.144348568387,112.220613218898,0,162.315289815267,160.612045288086,118.041498935584,145.476806640625,116.485097723492,0,0,116.636005177217,140.40174621582,8.77616949159281,106.327506432166,94.1114116934843,59.7668040943146,81.2282360621861,114.408424377441,83.8085203868587,24.9677394196856,28.7972276497491,58.6598173576489,65.4789595894192,114.811980962753,83.6637692451477,133.429117838542,10.2599230036337,85.8191596984863,82.1626524925232,85.019674171101,122.354335784912,111.793378942153,81.6139991283417,68.9548475684189,66.2714576721191,89.4037058055401,66.2050462458684,110.853808085124,102.997123168845,112.05951461792,68.9058798360967,9.38296504640328,11.6300675336786,150.02885945638,175.769775390625,17.0817650466872,55.0262549243756
0,91.3657783508301,49.3429225327133,68.8958128148859,0,0,165.941635131836,133.096893310547,149.018351236979,0,158.784703572591,82.549444410536,0,78.5416117129119,125.256607055664,0,83.8999252319336,64.5022608439128,96.0935134887695,90.2594881924716,0,98.5611724853516,76.0929171244303,65.3815944867256,113.933970133464,54.2807088216146,85.8496457476949,55.070499235211,131.302558898926,178.5166015625,93.7942733764648,93.2413482666016,0,0,77.6947841644287,106.327506432166,5.90618038211756,29.4979164408381,16.858098980534,142.374938964844,0,153.087566920689,106.654245359708,137.86996283898,59.5942284433465,135.61655476888,69.9236486360624,139.753540039062,48.4293288557742,109.397774436257,119.646240234375,82.228605694241,47.3967647867104,69.8241552206186,50.7600212592583,0,92.6099992990494,15.0519609274989,73.8883033473317,94.5564530063683,11.2090466093874,35.461383991975,23.8815378927204,110.919205696352,149.178782145182,92.9053072102865,72.7167542775472,0,155.916595458984,52.3501482903957
201.199821472168,126.053504943848,80.3970475524436,92.8994512557983,0,0,165.909149169922,150.216952853733,164.253660583496,167.355529785156,185.012861463759,145.391272544861,0,0,174.751571655273,0,91.1142790052626,96.9573479702598,150.991394042969,129.72034072876,0,104.914009094238,91.9373781204224,87.6212099818071,152.943043048565,0,105.501395434868,84.392238587141,132.562498341436,145.352569580078,169.354858398438,148.706169128418,0,170.495193481445,97.7210288176666,94.1114116934843,29.4979164408381,10.8225856671635,32.8095247692532,128.831869125366,157.452751159668,122.813638916016,84.2967825162128,117.277103631675,100.401836395264,112.138402952765,75.3559416912972,126.386099497477,82.5352537972586,102.647869548121,99.0897750854492,47.7824046669937,36.5724857370365,91.7251487731934,70.0469387862762,133.309616088867,62.8290902460375,31.8653629357832,17.4156123636789,94.7522391703591,69.7656983768239,25.5639257234099,24.7808192684638,68.1301963735623,114.23724345157,71.8252301716447,83.7503461837769,174.371826171875,112.383546696153,56.6315145120992
91.0232398574417,83.2489280700684,52.8687240600586,61.4937539100647,90.4882822036743,0,117.990676032172,81.627477905967,107.025794792175,45.6166746616364,120.877167952688,95.2905904134115,0,71.7344942959872,95.3272084130181,80.1063613891602,88.744945526123,65.5060216756967,89.960947672526,70.6470371882121,184.561996459961,83.7652677648208,105.48021663319,104.693951950073,66.3155431747437,35.6012356831477,54.0682532531393,59.7524234983656,75.3062297975695,92.1180669723018,69.3728806149643,0,0,83.5850919835708,76.1688678605216,59.7668040943146,16.858098980534,32.8095247692532,40.1597301782655,75.8302726745605,92.6163660685221,81.7023967449482,63.0714670835119,76.5101005164486,11.8793906241379,80.4951651389139,64.0881689523013,85.2942251477923,63.4394072532654,68.3839168178738,71.629456837972,62.7234982081822,50.2364796762881,55.6193310529336,47.7092735325246,81.5891094207764,71.6845861883724,42.9859728737667,76.1496211855035,36.6882198637331,44.9961313577799,34.7685253331327,34.180095306116,48.2496573179218,64.9787957696354,56.245552655881,73.6342134475708,0,51.6970884999921,58.945860388932
163.373863220215,138.679016113281,225.118827819824,68.107484181722,16.010910886415,0,136.183908144633,136.104725646973,162.738887023926,83.9635982513428,38.9754605425729,0,38.9280766277778,218.818532307943,164.691452026367,64.455020904541,0,192.580703735352,0,0,10.0937340773614,0,133.850112915039,211.146858215332,101.784495152568,0,0,190.878717041016,105.841060731017,154.7135887146,144.386073521205,0,0,149.501139322917,98.1893844604492,81.2282360621861,142.374938964844,128.831869125366,75.8302726745605,8.23838481208219,0,53.9389376166271,49.3736973214657,85.8627322514852,46.0764134792571,18.641906591168,0,22.7578717420909,0,96.8904478549957,61.4609395540678,74.7837028503418,139.085510253906,0,0,12.3719892734747,0,82.4698648452759,134.638540267944,15.0979489728116,0,157.340362548828,125.110176086426,13.3061536762757,93.4405028731735,74.8606742055793,0,0,84.2866526151958,93.5765618460519
