9.11864468986041,132.144890785217,93.801810253709,80.6884232612505,92.986534634152,56.5141792297363,96.4375910441081,38.5265825804021,45.3723855959555,74.4690621340716,50.4431527339817,135.301181793213,98.1351427350725,0,17.5868448144897,84.3920555114746,114.435840606689,93.2598353466356,136.898964775933,117.499142053965,122.944469451904,70.3346698284149,97.5860172271728,79.4623849291761,82.0001193247864,131.146667480469,112.78953667158,123.983220789554,73.5407700926115,19.6242230614379,27.2582617628868,175.531702677409,86.6291923522949,57.0356582232884,90.1109433796095,154.094619750977,187.789138793945,149.731876373291,90.2566368103027,112.614952087402,0,0,135.584625244141,191.472534179688,122.549538930257,159.995948791504,0,0,0,181.744939168294,0,0,161.938720703125,0,197.83544921875,0,163.793365478516,97.9770736694336,156.611824035645,128.891279137653,0,203.619018554688,182.312946864537,141.097869873047,159.159491905799,160.811538696289,0,0,163.016960144043,161.433853149414
132.144890785217,7.99557994385378,84.3843044638634,13.6112309019181,124.963182721819,0,151.151000976562,113.394671630859,160.346963246663,88.6683989077198,148.150327046712,63.9336415785777,116.199264526367,53.338974017232,147.172197093134,119.754321416219,53.9860532424029,47.5386830793845,65.8527263294567,49.8267920713016,149.447864532471,93.9851560592651,29.4024622543359,83.1513922318168,98.4437646626572,26.0788961477617,43.5743070942232,30.9303827912653,105.196324383771,129.978111982346,117.643948364258,64.3857667662881,0,114.224510886452,57.6811699720379,0,162.207244873047,79.0514640808105,124.530827840169,183.714477539062,0,0,0,0,0,0,0,0,92.7344479031033,0,0,0,117.41837310791,0,108.73929977417,0,0,0,0,156.307912190755,82.4169249534607,94.6500916481018,92.561894371396,0,0,0,0,0,0,0
93.801810253709,84.3843044638634,16.9544126504607,62.7010003354814,134.114817904443,160.288162231445,143.577558485128,104.591593823085,126.581298165766,111.149766169096,130.881283191034,88.8744781130836,159.566078186035,100.66280025906,118.09827496551,164.224675496419,95.3681791623433,46.3886131614892,88.9815719604492,72.8430667318356,156.035333179292,66.8051307409607,76.9754025141398,32.9789649185005,112.515102210566,123.053563799177,29.1039777012135,33.0739430640668,96.9051504610241,115.536279000222,86.4521145368242,97.1532160441081,174.420952430138,108.227188069333,61.7502483901516,180.349658966064,82.8716278076172,98.1216278560578,75.2479614416758,185.421909877232,0,167.657577514648,192.204042434692,187.621462735263,141.565778096517,193.595723470052,0,225.988952636719,152.83251953125,191.114110310872,0,128.019429640336,111.866481386382,0,137.94614944458,206.23168182373,128.886210123698,85.1858767997928,116.410117685795,158.599462509155,122.158988952637,129.670977637881,99.8242166578155,182.850414276123,200.90680847168,175.191847229004,0,0,181.22437613351,128.418881416321
80.6884232612505,13.6112309019181,62.7010003354814,12.0944174573244,76.2663723627726,107.053367614746,123.443726483513,84.483978507098,98.5676785580398,21.0781804792055,104.98218615214,79.9435874703936,88.7965978321276,69.2023834413579,95.3716043608529,46.2661328396555,41.3919227944512,68.021539257711,84.1801679587062,74.3932802166855,115.834242684501,65.3150242374994,24.7786902665762,54.609771507002,51.5690375054429,33.0775292469621,68.1145619626604,45.4879166345091,61.2083888506015,88.3644671034856,64.3855181489672,76.4781716823578,0,64.6620513883411,63.5793061778691,92.8216575173771,68.4890029907227,66.9174378905633,22.530298123284,78.2530100422521,0,102.071513782848,87.8897339714898,102.180583260276,11.4179050275522,109.553179705584,113.517817179362,76.4255688985189,82.7834553718567,105.839306640625,171.458801269531,57.1281705902844,105.479868359036,125.70837020874,129.60079498291,103.88601902553,85.0707694159614,16.4485194797822,75.1313236995517,59.3922180354431,70.3034637451172,115.424793590199,69.9018526216833,73.1162739340593,98.0104306977371,82.8403222744281,0,0,83.8027899265289,90.8238576253255
92.986534634152,124.963182721819,134.114817904443,76.2663723627726,12.718243953977,122.152412414551,66.9666696847578,62.1022908515241,100.362692866386,42.6561656235462,34.0780879778264,191.887153625488,37.1815383765215,167.65713936942,113.516972942352,71.6050491877965,104.110033208674,158.775069060149,180.150955200195,174.38249206543,19.6643959194494,110.426237996419,76.4530658721924,126.647388704361,33.7716628054927,149.662216186523,156.033239364624,133.488323597773,22.0867612634815,109.6327732003,111.498380954449,183.87685139974,148.328712463379,85.9896242835305,102.281971392424,193.532623291016,130.187759399414,223.864868164062,87.3410748981294,31.1901274612423,0,141.486476287842,130.037101240719,153.693526337112,100.494031254249,92.4162412062287,0,76.1404677917217,0,154.003610784357,124.009565080915,144.993464152018,203.748184204102,0,0,40.0525776308382,178.459259033203,0,202.332102457682,108.931331962836,0,194.713048299154,189.090293884277,106.471836265358,153.410742539626,156.602711995443,0,0,137.131242116292,164.447241465251
56.5141792297363,0,160.288162231445,107.053367614746,122.152412414551,6.63973213752717,13.7598259625979,123.155568903143,26.6928732034061,50.1377244429155,115.567629788829,53.0493471781413,103.057446510561,69.1700485229492,36.9083677160329,16.7245937713634,0,174.757308959961,80.0700378417969,173.873001098633,120.643363952637,147.829483032227,102.158393859863,139.034004211426,119.01424962824,69.6360931396484,138.076713562012,159.447938537598,136.443857080796,17.6475937641338,95.9006958007812,0,10.9151374666749,105.252861022949,33.1689178559088,0,0,0,0,141.295608520508,0,0,201.168884277344,0,0,0,0,0,0,0,0,0,0,0,0,0,0,0,0,157.945602416992,0,0,178.177261352539,185.211517333984,0,0,0,0,0,0
96.4375910441081,151.151000976562,143.577558485128,123.443726483513,66.9666696847578,13.7598259625979,11.6922090014249,70.4282545559108,24.2393151834046,78.5873319958196,37.3097952126405,93.1282656860351,27.319689466274,141.876239013672,58.9206302985318,11.3425512355671,140.999984741211,161.808990927304,215.119003295898,180.437078857422,53.4603364566237,123.823681018971,127.009557723999,136.117698082557,90.6584877577809,186.106491088867,161.193074731266,155.949860572815,75.8220957991389,46.1062742855777,127.282365368259,208.610336303711,22.6348304597989,117.164670424028,70.1122437613351,0,0,240.087417602539,117.492034403483,147.311964887254,0,180.04403591156,157.487983885266,181.487924804688,118.45615790872,182.35896396637,0,157.066969944881,0,199.343663533529,0,0,0,0,0,154.531887054443,239.543014526367,230.531204223633,198.960723876953,140.283323033651,0,0,202.962944030762,173.382382202148,141.452239990234,0,0,0,0,0
38.5265825804021,113.394671630859,104.591593823085,84.483978507098,62.1022908515241,123.155568903143,70.4282545559108,11.3573101070316,58.2599663540092,60.5534710158356,26.0150347127793,159.488493855794,86.3465014005962,184.51613180978,44.6450175234641,85.4966581344604,99.140847639604,114.332003068554,169.264749526978,144.958727359772,71.0729945771238,72.7047528398619,79.9104505223552,84.975236228657,60.7909724992881,163.982093811035,131.470345402447,115.321433857539,36.5729601125346,69.419682723227,24.7459770412146,177.976379394531,127.054423086984,71.3840595401784,94.0420733568145,161.733525594076,0,181.699608939035,87.7389148767444,138.239075844748,0,160.268979072571,129.913848434669,155.702264664021,97.2685174709413,158.214510271626,0,164.896832784017,0,161.416456434462,115.254455566406,146.846333312988,196.456329345703,220.957855224609,0,146.389619554792,179.462010701497,115.60391330719,182.728746202257,117.250755823956,0,216.500806808472,178.864410849179,142.815186091832,162.867561509874,158.166074752808,0,0,142.65565071106,149.356992449079
45.3723855959555,160.346963246663,126.581298165766,98.5676785580398,100.362692866386,26.6928732034061,24.2393151834046,58.2599663540092,14.5513281263984,86.1822250184238,49.6719573732934,107.060761104931,67.6932418751435,114.266715802644,20.7546379487209,31.47179735289,130.7845029329,121.197365969419,148.411787369672,141.007955785383,90.0296450483572,104.182648856685,115.923565346854,109.569086775748,91.9838984324066,146.273482827579,141.649557523449,140.139618033964,88.7489462011001,50.2830388751809,91.1525737617955,160.71321105957,27.5314415252125,91.501672354358,75.1440902840007,175.137733459473,212.571899414062,192.496411837064,119.989695957729,147.26285370784,157.158447265625,183.684852600098,155.264420898437,176.973560948526,123.957721841746,178.23766871861,0,154.667370605469,0,190.45691204071,126.858444213867,167.893441094293,201.71826171875,0,0,162.864980788458,194.9264793396,163.946729660034,208.776376163258,143.137881262063,208.785858154297,174.308013916016,191.51585786239,167.961372895674,182.948496818542,179.708226130559,0,226.735740661621,158.593975830078,183.955230712891
74.4690621340716,88.6683989077198,111.149766169096,21.0781804792055,42.6561656235462,50.1377244429155,78.5873319958196,60.5534710158356,86.1822250184238,10.0267212276746,74.8439982352565,141.708294102403,15.4207585942168,128.589713382721,92.6706384739406,21.5278074837713,69.3831224176619,125.676858650064,144.598323937618,135.798229304889,50.1333698669489,88.857327019296,30.551179861599,100.115315074652,21.2572603875476,114.536893637571,126.472261402119,110.38975549025,57.1869891522695,87.9291063373009,63.7747837268945,144.192259917388,129.851477813721,61.6416403931659,87.7804797263372,0,179.836654663086,167.79926109314,50.5982812187888,97.5610489478478,0,118.097410964966,93.7143155779157,127.731798444475,39.1616294587531,112.884654265184,245.529479980469,97.5036281238903,149.35094833374,132.90579477946,87.2559188842773,86.813362121582,0,149.593963623047,165.304890950521,95.6909249828708,140.227294921875,134.181368509928,151.95478515625,78.4172056638277,133.27571105957,172.633217705621,163.015299870418,107.483362833659,125.474855310777,136.022226333618,0,0,109.187303815569,135.164529418945
50.4431527339817,148.150327046712,130.881283191034,104.98218615214,34.0780879778264,115.567629788829,37.3097952126405,26.0150347127793,49.6719573732934,74.8439982352565,17.6942457000134,158.933648173014,26.7601609531516,175.567783355713,55.4323593661689,72.5497017642102,114.085848490397,152.812978635515,186.851015363421,175.387227521624,22.9413544222223,104.938862458016,100.256392654863,113.676130423747,76.2436954631772,178.856144496373,155.284203649725,138.925650104723,43.1553409135909,104.572230796726,93.272582781583,188.258926391602,118.793376471072,94.1491331037458,106.548582464179,204.633672078451,0,222.13733215332,106.61919468471,87.7520264065857,0,174.068088531494,148.190120870417,179.227286995231,113.257766797705,172.7686378479,0,163.415574210031,0,180.86545144358,133.806602478027,183.70491027832,213.809112548828,0,0,152.208964157105,0,159.924415588379,226.218460083008,130.700498906838,241.05256652832,210.090263366699,200.445921156141,162.87272543859,181.947938872547,189.127407073975,0,0,163.044444691051,171.397534179688
135.301181793213,63.9336415785777,88.8744781130836,79.9435874703936,191.887153625488,53.0493471781413,93.1282656860351,159.488493855794,107.060761104931,141.708294102403,158.933648173014,12.3366764611753,133.672004699707,21.9117629019597,101.657424098424,167.801419576009,131.034189224243,54.01265687884,23.1618684586309,19.6863562789053,148.079396565755,106.343066435594,106.614972376561,98.8064458746659,156.755203683036,33.903073371188,30.0096594993967,60.1412937907438,158.185922705609,62.7214751077529,113.458580081746,31.4648090127762,53.2711357389178,92.5103493967364,34.7358628215961,218.040557861328,88.6560679844448,138.881261189779,83.5972440810431,0,0,0,201.92844136556,0,0,0,104.506633213588,204.41780090332,81.8756414140974,150.052368164062,0,194.166915893555,142.241472625732,100.740809546577,118.641127487709,0,226.962127685547,147.671142578125,175.283645629883,191.108215332031,72.1931146383286,100.175329604951,103.49763557297,220.997100830078,0,0,98.5613816579183,0,0,126.196042378743
98.1351427350725,116.199264526367,159.566078186035,88.7965978321276,37.1815383765215,103.057446510561,27.319689466274,86.3465014005962,67.6932418751435,15.4207585942168,26.7601609531516,133.672004699707,11.508969336282,168.152709960938,105.333754659582,25.4452378497611,140.369400024414,172.183704921177,0,169.315710449219,23.8941135386855,142.813733418783,91.6467135293143,152.411232443417,20.928801073057,147.399822235107,188.294804573059,145.896564071243,50.8054610999156,104.906876368582,132.195002746582,0,115.962935055003,118.109250386556,112.42060983181,0,0,149.782531738281,109.675089427403,87.6243914169015,0,169.437346458435,145.497091873832,159.277192687988,103.368226877848,178.938862520106,0,27.9999237685907,0,172.839904785156,108.971717834473,0,0,0,0,149.326526165009,176.192779541016,0,161.235885620117,132.041603381817,0,0,0,166.706840515137,112.094245910645,0,0,0,185.18571472168,0
0,53.338974017232,100.66280025906,69.2023834413579,167.65713936942,69.1700485229492,141.876239013672,184.51613180978,114.266715802644,128.589713382721,175.567783355713,21.9117629019597,168.152709960938,8.89997490297756,98.4209436840481,166.577789306641,128.246912175959,101.960401916504,54.5070500982569,60.4283989603205,0,194.397758483887,97.9019750867571,147.488990020752,146.649373612962,17.9872290923519,33.7293563793056,40.8968281120769,182.155353546143,75.111646161108,159.936985651652,18.6271837446874,75.9658303694292,149.385190327962,60.070225489875,0,95.2994842529297,131.778991699219,77.8887770516532,0,0,0,0,230.768859863281,174.160797119141,0,89.3856449672154,0,73.6984076223066,185.75390625,0,0,127.061859130859,94.3810150146484,106.319943110148,216.627975463867,0,123.62789662679,0,209.374755859375,59.9120896168244,90.7742847643401,90.899317966808,0,183.61353302002,208.358276367188,85.5621560414632,0,0,144.916213989258
17.5868448144897,147.172197093134,118.09827496551,95.3716043608529,113.516972942352,36.9083677160329,58.9206302985318,44.6450175234641,20.7546379487209,92.6706384739406,55.4323593661689,101.657424098424,105.333754659582,98.4209436840481,11.1131067980981,100.41534942627,131.404519257722,111.371436363343,143.281539459229,133.529497546429,107.067406536019,90.0201839737193,113.466529220831,99.7861514999364,100.692649217645,148.77737197876,133.211833497892,140.25162854402,95.3287594106956,24.9619141538508,49.4544715053133,164.725761413574,19.2309959382896,60.1822902315812,70.1759071557418,171.143905639648,0,188.300236752159,109.511126926967,166.290073606703,0,203.315963745117,170.791642480967,187.735244750977,126.595470746358,184.344599405924,0,197.167137145996,183.881164550781,201.865905761719,174.021591186523,181.620941162109,189.008937835693,0,194.11247253418,190.822001139323,221.146916707357,162.758367919922,195.957209269206,148.396621276285,168.654922485352,195.148766653878,186.694515901453,171.208092389788,172.621974182129,175.360500335693,0,0,163.750336867112,179.405144827706
84.3920555114746,119.754321416219,164.224675496419,46.2661328396555,71.6050491877965,16.7245937713634,11.3425512355671,85.4966581344604,31.47179735289,21.5278074837713,72.5497017642102,167.801419576009,25.4452378497611,166.577789306641,100.41534942627,7.65889781872556,87.2135810852051,141.903910064697,0,154.19457244873,69.1542260221733,0,83.7762994939631,139.790401752178,49.8218546653616,152.197716346154,156.849000549316,131.514784218608,87.5070609243293,81.9883531709997,106.766168074174,0,45.0284394763765,96.1903163364955,115.504795710246,0,0,0,72.5434677124023,101.854447615774,0,119.604759216309,133.016216278076,144.280288696289,85.5619842529297,131.616085476345,0,43.7451953887939,0,0,0,0,0,0,182.721145629883,122.087605067662,127.203460693359,0,0,88.16998425652,195.424545288086,0,190.671859741211,143.802561442057,146.760050455729,0,0,0,135.75732421875,0
114.435840606689,53.9860532424029,95.3681791623433,41.3919227944512,104.110033208674,0,140.999984741211,99.140847639604,130.7845029329,69.3831224176619,114.085848490397,131.034189224243,140.369400024414,128.246912175959,131.404519257722,87.2135810852051,15.1667945943482,97.1875944137573,136.458149719238,124.287696592269,178.486793518066,28.0119559052211,26.3186766101917,24.6335094265916,41.8167014760679,114.11251449585,114.762506682297,44.7177260857333,48.8700056163348,114.05322641226,84.9908912946593,101.308937072754,0,99.946525210426,73.8246463853486,157.047409057617,100.402362823486,98.663815229367,61.7208395506206,0,0,234.402236938477,154.575640678406,188.658574422201,99.2141329447428,166.259719848633,0,0,0,182.792071533203,0,97.8062129051857,144.180908203125,0,136.635627746582,0,110.537628867409,59.5848058064779,104.346431556715,118.972493743896,0,136.602473865856,100.826896332858,144.945434025356,189.182136535645,139.291833665636,0,0,135.453411102295,131.138842496005
93.2598353466356,47.5386830793845,46.3886131614892,68.021539257711,158.775069060149,174.757308959961,161.808990927304,114.332003068554,121.197365969419,125.676858650064,152.812978635515,54.01265687884,172.183704921177,101.960401916504,111.371436363343,141.903910064697,97.1875944137573,8.24725350255462,57.6537273359595,25.9127326361577,163.807619367327,50.7050221126192,83.207912409417,21.309811665123,131.340307167327,78.3351017878606,34.9097790931073,62.7620173378581,120.076851659818,90.5306643005572,69.5084563962352,91.5604124069214,166.336386108398,67.9002626883883,30.9840482976747,160.717796325684,83.7866671970912,104.63203232629,79.1441586388482,231.205116271973,0,0,190.938052528783,194.589739481608,161.082547505697,238.057083129883,148.798925127302,0,149.220825195312,187.644586181641,0,131.172900136312,113.219743103027,144.375946044922,131.690289584073,0,198.11398824056,96.257105465593,121.447358703613,161.103938420614,97.4022407531738,125.154638361048,103.617453781077,173.9365234375,185.021596272786,162.392557144165,0,0,0,128.359227498372
136.898964775933,65.8527263294567,88.9815719604492,84.1801679587062,180.150955200195,80.0700378417969,215.119003295898,169.264749526978,148.411787369672,144.598323937618,186.851015363421,23.1618684586309,0,54.5070500982569,143.281539459229,0,136.458149719238,57.6537273359595,7.45413999475495,14.7613393897064,221.821990966797,124.43761920929,110.420868817498,107.276320343018,158.454278182983,47.8005585560601,33.3550059928384,65.324298666578,169.079354858398,117.213889355426,113.014914946123,56.9001268148422,99.7606735229492,107.680191937615,62.2448733710613,0,95.4746449788411,135.325191497803,83.8127506480497,0,0,0,0,244.809921264648,168.258674621582,0,109.295551723904,0,90.3077204227448,0,0,0,140.040088653564,106.279417419434,115.86443567276,0,145.245223999023,0,168.595802307129,191.656997680664,75.8844855172294,98.972491607666,102.364394026193,0,174.252014160156,0,107.822035569411,0,0,130.235068003337
117.499142053965,49.8267920713016,72.8430667318356,74.3932802166855,174.38249206543,173.873001098633,180.437078857422,144.958727359772,141.007955785383,135.798229304889,175.387227521624,19.6863562789053,169.315710449219,60.4283989603205,133.529497546429,154.19457244873,124.287696592269,25.9127326361577,14.7613393897064,10.4286106145365,187.677104949951,82.907490085153,102.328038637028,80.6649568544339,147.936765773322,44.0739265410172,25.8277879485851,62.2589682880952,155.663592196927,114.706698908244,94.3674836741462,57.0723421162572,208.575645446777,88.0433951235237,43.2127985943667,198.196166992188,95.4485350578062,126.572813197545,77.7733913544686,0,0,232.054428100586,209.810005187988,218.66498819987,161.333480834961,0,113.797729492188,0,92.4450112704573,203.948841639927,245.236999511719,177.020794677734,132.706129488738,113.893777574812,110.471080932617,0,176.125671386719,130.239527021136,147.731048915697,200.916374206543,71.7918121769743,95.3694102547386,99.1907202856881,214.319691975911,168.589562552316,159.841415405273,111.418115403917,0,0,114.641479855492
122.944469451904,149.447864532471,156.035333179292,115.834242684501,19.6643959194494,120.643363952637,53.4603364566237,71.0729945771238,90.0296450483572,50.1333698669489,22.9413544222223,148.079396565755,23.8941135386855,0,107.067406536019,69.1542260221733,178.486793518066,163.807619367327,221.821990966797,187.677104949951,13.0222532883384,152.888669967651,97.1030924870418,148.367766160231,28.8521031702637,227.360961914062,165.098355611165,161.107335629671,32.9068325813364,109.798963567262,135.108768463135,0,131.019153912862,96.7910710652669,104.712360830868,0,0,0,84.6803092956543,42.5775175574263,0,170.592044067383,147.238073929496,168.949404202975,109.964648655483,159.002423286438,0,167.505208969116,0,197.006251743862,130.681907653809,0,219.354278564453,0,0,141.786318824405,0,0,154.080261230469,126.755892344884,0,0,0,171.804261474609,181.665363311768,242.801651000977,0,0,158.737640380859,187.618797302246
70.3346698284149,93.9851560592651,66.8051307409607,65.3150242374994,110.426237996419,147.829483032227,123.823681018971,72.7047528398619,104.182648856685,88.857327019296,104.938862458016,106.343066435594,142.813733418783,194.397758483887,90.0201839737193,0,28.0119559052211,50.7050221126192,124.43761920929,82.907490085153,152.888669967651,15.8551909486404,61.0722778115954,37.5889883053274,45.5552384199518,141.845878601074,101.093894104665,73.9802172396995,34.0136318370732,55.6211286766772,31.3640567191133,0,168.599029541016,38.9987380176196,41.4923270784666,155.946952819824,136.176010131836,130.987119527964,72.1839634821965,183.634414672852,0,0,171.616143798828,170.930389404297,100.906538645426,0,0,153.401458740234,0,0,0,119.782863616943,153.096147537231,0,172.160995483398,0,134.808949788411,71.9015511599454,133.997880213469,137.910010274251,0,174.731219482422,136.849947754766,140.112383365631,179.314809163411,142.837246365017,0,0,136.918042500814,137.317653656006
97.5860172271728,29.4024622543359,76.9754025141398,24.7786902665762,76.4530658721924,102.158393859863,127.009557723999,79.9104505223552,115.923565346854,30.551179861599,100.256392654863,106.614972376561,91.6467135293143,97.9019750867571,113.466529220831,83.7762994939631,26.3186766101917,83.207912409417,110.420868817498,102.328038637028,97.1030924870418,61.0722778115954,9.10006993680153,53.5193448233975,39.1900573544404,79.2301013170383,92.2512028366327,47.3410432585926,60.9163805444362,108.337077596913,74.9265460968018,111.253657110806,194.522979736328,81.7539834242601,69.5773100463712,122.089141845703,95.3994903564453,102.086982727051,12.3788917793168,137.617763943142,0,164.355102539062,147.022309366862,160.010551452637,7.03559583522328,188.535995483398,127.535804748535,182.31086730957,131.099382400513,158.107833862305,0,65.1210081736247,119.261402130127,162.548370361328,147.907104492188,154.05046081543,87.4989183213976,9.12529003431781,81.8136343002319,93.5735981382173,96.6227607727051,133.979609898158,104.672701430647,112.036896896362,142.694901784261,95.1984563191732,159.639274597168,0,123.350624084473,118.883386611938
79.4623849291761,83.1513922318168,32.9789649185005,54.609771507002,126.647388704361,139.034004211426,136.117698082557,84.975236228657,109.569086775748,100.115315074652,113.676130423747,98.8064458746659,152.411232443417,147.488990020752,99.7861514999364,139.790401752178,24.6335094265916,21.309811665123,107.276320343018,80.6649568544339,148.367766160231,37.5889883053274,53.5193448233975,18.2708175378807,76.5033055924793,129.461012840271,77.7183926475501,43.5974231166905,60.4944613603268,72.2266139554585,58.8949445716773,150.928782463074,145.080787071815,71.5320824655085,51.8027532043658,175.552590506417,117.338921864827,105.802579398917,67.205630010291,175.304159981864,0,191.076583862305,167.924319180575,196.62048034668,133.052949269613,181.772622680664,184.169250488281,0,165.862838745117,198.108332497733,207.172149658203,103.783877876648,138.201812179,0,158.521466827393,220.219512939453,137.497666226901,68.4538446518189,113.333365966797,155.043179073849,151.061294555664,144.159883483887,108.208035441997,163.426506622978,181.139953613281,160.671890563965,0,240.447265625,150.087036132812,123.60841889077
82.0001193247864,98.4437646626572,112.515102210566,51.5690375054429,33.7716628054927,119.01424962824,90.6584877577809,60.7909724992881,91.9838984324066,21.2572603875476,76.2436954631772,156.755203683036,20.928801073057,146.649373612962,100.692649217645,49.8218546653616,41.8167014760679,131.340307167327,158.454278182983,147.936765773322,28.8521031702637,45.5552384199518,39.1900573544404,76.5033055924793,12.700695098541,128.991361722479,131.886680309589,95.2381166166875,23.4689889338413,97.272627214754,76.6506567565298,158.224715423584,139.395195700906,72.3683582450375,91.9948807249359,132.791331481934,150.957713656955,154.480636827873,62.8589498856488,118.398835930035,174.080688476562,142.612931489944,116.203219229014,145.47998847031,64.9917357326333,138.375932253324,220.462776184082,113.11889946979,193.811981201172,147.860678923757,150.968091328939,113.689445086888,166.251726422991,0,191.546393500434,121.10600233078,127.461459350586,83.4323413182819,146.394209428267,100.851012294233,167.801904296875,193.759924455123,159.881365154861,115.732280129972,135.828152323878,124.975196509526,187.368103027344,0,118.572682008905,128.400679815383
131.146667480469,26.0788961477617,123.053563799177,33.0775292469621,149.662216186523,69.6360931396484,186.106491088867,163.982093811035,146.273482827579,114.536893637571,178.856144496373,33.903073371188,147.399822235107,17.9872290923519,148.77737197876,152.197716346154,114.11251449585,78.3351017878606,47.8005585560601,44.0739265410172,227.360961914062,141.845878601074,79.2301013170383,129.461012840271,128.991361722479,9.53990897865672,37.6309459167805,32.1534094577539,153.163584257427,95.2060991014753,138.551926930745,43.4635919115079,86.9472579956055,146.475581577846,57.8729052949706,0,75.9044876098633,0,63.0406535012381,189.103668212891,0,0,0,0,0,0,76.4809710184733,0,66.2181681853074,0,0,0,140.148468017578,97.5246772766113,104.891293334961,232.333709716797,0,0,194.717437744141,0,55.0003146216983,88.1142699501731,91.2844708182595,224.214691162109,0,0,59.9112014770508,0,0,0
112.78953667158,43.5743070942232,29.1039777012135,68.1145619626604,156.033239364624,138.076713562012,161.193074731266,131.470345402447,141.649557523449,126.472261402119,155.284203649725,30.0096594993967,188.294804573059,33.7293563793056,133.211833497892,156.849000549316,114.762506682297,34.9097790931073,33.3550059928384,25.8277879485851,165.098355611165,101.093894104665,92.2512028366327,77.7183926475501,131.886680309589,37.6309459167805,13.5300767260619,29.0859658999019,132.681386636587,119.349765962708,105.401286656516,25.2427703875619,162.621772766113,113.976740184583,58.9426293563442,178.311065673828,88.7135191886656,122.784857466414,72.3732956668787,230.021392822266,0,246.437911987305,199.209021432059,212.196739196777,149.005770365397,0,105.765111437031,173.502700805664,84.7862384899242,201.58274230957,0,143.039765097878,120.204212400648,99.8144041999938,103.671406970598,0,156.149749755859,107.28958384196,144.581415993827,178.900084862342,66.4209563601669,92.2891528721459,93.1485350025577,194.475391387939,170.899209158761,167.628879547119,94.8047063727128,0,156.603820800781,114.363213580588
123.983220789554,30.9303827912653,33.0739430640668,45.4879166345091,133.488323597773,159.447938537598,155.949860572815,115.321433857539,140.139618033964,110.38975549025,138.925650104723,60.1412937907438,145.896564071243,40.8968281120769,140.25162854402,131.514784218608,44.7177260857333,62.7620173378581,65.324298666578,62.2589682880952,161.107335629671,73.9802172396995,47.3410432585926,43.5974231166905,95.2381166166875,32.1534094577539,29.0859658999019,16.0468335881484,93.765508995571,133.415750014251,106.228035815582,20.9427207406152,166.140267508371,113.25431462819,67.6182515761432,174.124301147461,78.642305801854,94.6180786857292,63.2433566345888,177.668653361003,0,198.440366109212,172.483882446289,191.829525614894,144.553815205892,198.309448242188,118.428190847544,231.045227050781,94.2508976584987,187.144152894312,202.858551025391,110.124335679852,106.707854159373,105.338285503965,115.06048402658,196.565444946289,138.368151578036,81.5620836221947,110.778821541091,158.202491505941,75.0065942775307,105.785101446913,94.7296828373614,168.657212626139,176.297427633534,153.097413465712,105.434537887573,0,157.359763251411,121.12796438308
73.5407700926115,105.196324383771,96.9051504610241,61.2083888506015,22.0867612634815,136.443857080796,75.8220957991389,36.5729601125346,88.7489462011001,57.1869891522695,43.1553409135909,158.185922705609,50.8054610999156,182.155353546143,95.3287594106956,87.5070609243293,48.8700056163348,120.076851659818,169.079354858398,155.663592196927,32.9068325813364,34.0136318370732,60.9163805444362,60.4944613603268,23.4689889338413,153.163584257427,132.681386636587,93.765508995571,12.9156742687816,99.4543678130491,46.5627791505857,182.599201747349,146.871789180871,67.3263136347267,75.4668679364811,151.783054351807,183.437194824219,158.284107208252,78.0552274850699,123.084336854793,205.925758361816,163.515303570291,137.770163944789,162.26496979997,91.8108035574714,164.380023860931,0,144.409731218892,0,165.876966203962,140.037968953451,115.805756261793,173.981157302856,184.376068115234,244.75927734375,145.022253723145,131.57674520156,96.7911631676458,158.44592022505,114.689953272633,0,197.269342595881,158.773908672911,130.031679332586,149.502971942608,130.513875510476,0,177.804351806641,131.231264750163,137.5576587677
19.6242230614379,129.978111982346,115.536279000222,88.3644671034856,109.6327732003,17.6475937641338,46.1062742855777,69.419682723227,50.2830388751809,87.9291063373009,104.572230796726,62.7214751077529,104.906876368582,75.111646161108,24.9619141538508,81.9883531709997,114.05322641226,90.5306643005572,117.213889355426,114.706698908244,109.798963567262,55.6211286766772,108.337077596913,72.2266139554585,97.272627214754,95.2060991014753,119.349765962708,133.415750014251,99.4543678130491,13.1064085340237,31.2515285098937,111.827470530634,14.1806903961617,20.3228711428791,43.1293408390493,163.726921590169,145.689943313599,161.830075350675,105.044460965876,168.982094955444,0,189.386254882812,162.605996496027,184.696173531669,112.32706943635,191.125344276428,0,134.145622253418,0,189.499071074695,0,141.376162634956,180.331828724254,0,207.719074249268,178.718816757202,180.394619750977,169.55206451416,173.000729487492,144.467159470111,158.41926574707,169.858641052246,170.381569562639,158.8508332168,177.339904785156,157.847108629015,0,0,158.848453644783,173.813943862915
27.2582617628868,117.643948364258,86.4521145368242,64.3855181489672,111.498380954449,95.9006958007812,127.282365368259,24.7459770412146,91.1525737617955,63.7747837268945,93.272582781583,113.458580081746,132.195002746582,159.936985651652,49.4544715053133,106.766168074174,84.9908912946593,69.5084563962352,113.014914946123,94.3674836741462,135.108768463135,31.3640567191133,74.9265460968018,58.8949445716773,76.6506567565298,138.551926930745,105.401286656516,106.228035815582,46.5627791505857,31.2515285098937,11.3361693098435,125.018287658691,141.961750030518,24.7961057200697,36.5607394987281,158.542340087891,0,157.570695495605,81.9171716388903,152.525856865777,0,184.56960550944,150.071426391602,160.449629041884,76.7594271720724,179.293846130371,239.399307250977,0,214.250366210938,166.567295074463,193.179229736328,130.944182532174,165.615951538086,218.881393432617,0,183.619883219401,147.486360549927,104.850929709042,157.97287774086,123.079860521399,0,175.721757888794,156.589812045627,129.42611052498,152.346771417662,141.245408812566,0,0,130.518469526961,151.93728958933
175.531702677409,64.3857667662881,97.1532160441081,76.4781716823578,183.87685139974,0,208.610336303711,177.976379394531,160.71321105957,144.192259917388,188.258926391602,31.4648090127762,0,18.6271837446874,164.725761413574,0,101.308937072754,91.5604124069214,56.9001268148422,57.0723421162572,0,0,111.253657110806,150.928782463074,158.224715423584,43.4635919115079,25.2427703875619,20.9427207406152,182.599201747349,111.827470530634,125.018287658691,5.44877958978925,155.065055847168,187.731409708659,76.9443392804874,0,91.2438354492188,140.716659545898,107.176834106445,0,0,0,0,0,202.36328125,0,102.546250776811,0,89.2346754074097,0,0,0,190.713882446289,101.601298014323,114.313897269113,0,0,139.692749023438,187.115829467773,217.606460571289,75.5526175362723,101.448124949137,100.157600275675,0,0,0,100.26793888637,0,0,130.865417480469
86.6291923522949,0,174.420952430138,0,148.328712463379,10.9151374666749,22.6348304597989,127.054423086984,27.5314415252125,129.851477813721,118.793376471072,53.2711357389178,115.962935055003,75.9658303694292,19.2309959382896,45.0284394763765,0,166.336386108398,99.7606735229492,208.575645446777,131.019153912862,168.599029541016,194.522979736328,145.080787071815,139.395195700906,86.9472579956055,162.621772766113,166.140267508371,146.871789180871,14.1806903961617,141.961750030518,155.065055847168,5.20764348309564,168.170478820801,34.3290604932593,0,0,0,149.050918579102,0,0,214.869567871094,216.049667358398,0,191.649307250977,222.009140014648,0,0,0,0,0,0,0,0,0,0,0,0,0,205.219485473633,0,0,0,0,0,211.841873168945,0,0,201.109260559082,0
57.0356582232884,114.224510886452,108.227188069333,64.6620513883411,85.9896242835305,105.252861022949,117.164670424028,71.3840595401784,91.501672354358,61.6416403931659,94.1491331037458,92.5103493967364,118.109250386556,149.385190327962,60.1822902315812,96.1903163364955,99.946525210426,67.9002626883883,107.680191937615,88.0433951235237,96.7910710652669,38.9987380176196,81.7539834242601,71.5320824655085,72.3683582450375,146.475581577846,113.976740184583,113.25431462819,67.3263136347267,20.3228711428791,24.7961057200697,187.731409708659,168.170478820801,9.35199352542021,36.476831260876,144.027191162109,142.688629150391,166.198358154297,81.5958954737737,132.734327588763,0,138.535903930664,142.719251360212,177.340086195204,99.9429328918457,159.070866902669,0,0,0,168.197087969099,208.838241577148,119.819391886393,190.353134155273,165.335830688477,183.394744873047,184.052940368652,149.293701171875,181.611663818359,186.510117848714,116.977366846851,155.388214111328,159.206554412842,156.502192179362,127.977166968656,149.769292354584,134.786268036941,0,0,134.090265909831,153.923977661133
90.1109433796095,57.6811699720379,61.7502483901516,63.5793061778691,102.281971392424,33.1689178559088,70.1122437613351,94.0420733568145,75.1440902840007,87.7804797263372,106.548582464179,34.7358628215961,112.42060983181,60.070225489875,70.1759071557418,115.504795710246,73.8246463853486,30.9840482976747,62.2448733710613,43.2127985943667,104.712360830868,41.4923270784666,69.5773100463712,51.8027532043658,91.9948807249359,57.8729052949706,58.9426293563442,67.6182515761432,75.4668679364811,43.1293408390493,36.5607394987281,76.9443392804874,34.3290604932593,36.476831260876,11.5143162902579,188.511804853167,93.8340854066791,113.442372048548,82.5956228429621,141.411972893609,0,176.874534606934,153.172368642446,179.813936505999,87.6620650291443,178.412085639106,124.310426712036,166.173538208008,116.778470039368,177.13325958252,0,114.651831950616,117.885559082031,130.706903185163,125.66536805124,150.636558532715,138.73620891571,76.6150121104961,125.070724512907,128.634450912476,89.1675278663635,113.83520806742,108.850575900847,142.916168093681,162.840255737305,147.773463029128,148.875982284546,0,145.084308624268,140.384864425659
154.094619750977,0,180.349658966064,92.8216575173771,193.532623291016,0,0,161.733525594076,175.137733459473,0,204.633672078451,218.040557861328,0,0,171.143905639648,0,157.047409057617,160.717796325684,0,198.196166992188,0,155.946952819824,122.089141845703,175.552590506417,132.791331481934,0,178.311065673828,174.124301147461,151.783054351807,163.726921590169,158.542340087891,0,0,144.027191162109,188.511804853167,8.92614305147734,125.222363063267,97.0475624046828,85.3843704977153,91.9350249679,110.026321411133,97.8020559240271,33.9659335942049,51.5649598307258,79.3593755933973,67.1579921974076,128.54994799874,106.144140625,137.39273556796,14.8926504465904,114.39266204834,128.977518418256,94.3227136037882,129.255441329058,110.207343277277,100.154116630554,77.7630131851703,135.485858154297,87.0643485864511,88.7650573807533,137.571594238281,106.244219682919,124.856988626834,86.0594667875806,15.8803268622149,24.5635651230703,134.887189737956,78.9106114705404,44.0652635747736,76.5318709418887
187.789138793945,162.207244873047,82.8716278076172,68.4890029907227,130.187759399414,0,0,0,212.571899414062,179.836654663086,0,88.6560679844448,0,95.2994842529297,0,0,100.402362823486,83.7866671970912,95.4746449788411,95.4485350578062,0,136.176010131836,95.3994903564453,117.338921864827,150.957713656955,75.9044876098633,88.7135191886656,78.642305801854,183.437194824219,145.689943313599,0,91.2438354492188,0,142.688629150391,93.8340854066791,125.222363063267,7.73314822241046,88.3152963974897,9.8242908603037,124.080883789062,0,128.057109832764,113.662641671988,143.499954223633,78.1540671097605,179.786285400391,67.9332630001769,123.409634399414,47.5113074438913,151.367386372884,101.029913584391,43.4614070720887,56.3075760540209,68.485085780804,61.1467919644442,132.676010131836,101.281307983398,14.0266834885866,92.9393371913744,78.9335318113628,19.0929101919486,56.5234425836994,20.4224082807251,101.899964259221,129.686541602725,131.488259164911,70.6677943638393,0,97.390858968099,65.3715096135293
149.731876373291,79.0514640808105,98.1216278560578,66.9174378905633,223.864868164062,0,240.087417602539,181.699608939035,192.496411837064,167.79926109314,222.13733215332,138.881261189779,149.782531738281,131.778991699219,188.300236752159,0,98.663815229367,104.63203232629,135.325191497803,126.572813197545,0,130.987119527964,102.086982727051,105.802579398917,154.480636827873,0,122.784857466414,94.6180786857292,158.284107208252,161.830075350675,157.570695495605,140.716659545898,0,166.198358154297,113.442372048548,97.0475624046828,88.3152963974897,17.0143162909631,51.0313715886588,137.394124865532,165.705339050293,134.301116472409,99.2573307363517,124.274569418372,112.727110602639,130.042273288303,108.548919348881,184.546975135803,121.479488372803,118.443036290188,142.660934849789,92.9447920094366,57.8206788296129,93.6081726074219,80.1497745045444,144.491767883301,75.5751857510928,60.5003930484547,34.2161704255428,109.977202506176,146.614685058594,37.4181966501243,35.3784713802089,108.029952851366,128.200317844268,103.088404254289,96.1343747307272,173.658468882243,121.56194004868,85.00460071887
90.2566368103027,124.530827840169,75.2479614416758,22.530298123284,87.3410748981294,0,117.492034403483,87.7389148767444,119.989695957729,50.5982812187888,106.61919468471,83.5972440810431,109.675089427403,77.8887770516532,109.511126926967,72.5434677124023,61.7208395506206,79.1441586388482,83.8127506480497,77.7733913544686,84.6803092956543,72.1839634821965,12.3788917793168,67.205630010291,62.8589498856488,63.0406535012381,72.3732956668787,63.2433566345888,78.0552274850699,105.044460965876,81.9171716388903,107.176834106445,149.050918579102,81.5958954737737,82.5956228429621,85.3843704977153,9.8242908603037,51.0313715886588,12.5830105510398,59.1711082930417,135.235118103027,85.3195482366225,63.8400405588604,102.453543801344,43.5001090696606,85.1951962330895,62.6901835709989,58.7093636410908,32.9289113649508,101.110751835987,70.4959904125759,38.4769971582369,66.2792862149567,67.0636130571365,58.5129066793392,60.4972155310891,61.6883496883068,25.4220454997651,61.4743408165665,47.3090436543195,17.0456459999259,55.5856672401537,39.2700548201311,64.0978085660875,91.1174580768872,65.8652983501187,52.9441871955746,0,67.9122314453125,64.2841442436572
