7.67883898603472,109.691032409668,88.8995921248097,86.8555606660389,75.9143810272217,84.1723327636719,74.5328711271286,28.1905790098381,37.9682384672619,82.898693378155,35.695769299974,120.156185997857,50.9345169067383,109.263653564453,14.6379727200235,0,0,88.591969582641,130.904711723328,113.244619048802,61.0547361373901,67.498947110287,77.1410380772182,82.1808416744894,69.513404565699,0,103.627367826609,112.861583898563,60.2506363367498,11.7009328272924,23.7183807626165,0,77.4250308445522,37.3933223836562,65.278661482405,0,0,175.781982421875,119.665065765381,0,0,147.292282104492,146.749740600586,0,0,155.562850952148,0,0,0,150.198150634766,0,0,0,0,0,0,0,0,148.397033691406,98.7279815673828,0,0,156.040397644043,125.467056274414,0,0,0,0,0,0
109.691032409668,6.16134432263779,55.605106489999,22.2897565796237,0,0,98.7113990783691,134.595305124919,123.915552775065,59.9706846950976,134.990676879883,55.6431375464615,90.2938823699951,45.2925647707249,135.871263885498,92.777193069458,51.9905577692492,42.8454064914158,62.4587693592859,52.6686997631796,0,93.9626750946045,15.2007551142072,86.9628912273206,68.5231744221279,26.4378378351713,44.871232909472,33.2961946496448,99.7124820285373,99.1002764892578,92.3383109352805,59.7780916213989,87.474796295166,99.7327301025391,53.9308917084519,0,0,70.537073059082,53.7012129390941,0,0,0,0,0,0,0,85.852897644043,0,92.586062113444,0,0,0,79.6031161717006,121.030155181885,87.3416636149089,0,0,49.278133392334,85.3318252563477,0,0,74.5890645768907,77.7382122761494,133.099815368652,0,141.900924682617,126.808994293213,0,0,81.6101016998291
88.8995921248097,55.605106489999,10.8770184793576,37.4322542698505,115.322334289551,0,112.260419519936,87.2151660602617,112.574470583598,72.4303164814794,107.370020252385,75.9029189694312,113.267616271973,89.100156050462,110.269368231011,106.081024169922,88.3294154751685,33.0123592911913,73.0536258152553,62.6743546277285,142.814849853516,58.3554404821151,49.4481089556659,23.8408630318219,93.0288114876583,86.8037757873535,26.8828882097735,22.2232181527392,85.182619257788,98.7632947222192,74.2894378521321,75.8161333719889,145.68205388387,94.8363980232401,52.5201371254975,161.995661417643,43.4886989593506,83.1229015683947,68.3702173233032,0,0,204.272308349609,135.058589935303,157.238882446289,0,147.650177001953,0,0,0,145.771549224854,0,113.085204569499,95.5808744015901,144.374786376953,114.098259277344,0,133.107462565104,54.4879416297464,96.2446333419445,134.4401512146,0,101.07137743632,86.0393507532022,132.291995708759,161.559276580811,128.836288452148,0,0,0,100.328932285309
86.8555606660389,22.2897565796237,37.4322542698505,40.6186797068204,68.6257956610786,92.5787353515625,96.7023403461163,59.9772754991558,99.2600088026917,11.5621023675797,75.7697238488631,66.3375204058661,36.276195862714,52.0326550160977,104.894885132952,33.6650474613363,36.066159536111,55.2803463935852,57.4713590444763,51.9048553426922,45.2508117306617,47.1222466851578,24.8446657402739,46.0037291925443,31.6851271658829,27.6000365747884,37.6071507390799,34.6307049037346,53.0847210845009,81.1663860503785,50.394258374319,68.5399233500163,108.354007720947,56.3777288507532,54.4580100983079,101.942755562919,24.4226457580688,50.2101903978807,14.7352042547231,0,0,109.907727050781,101.997191764213,117.918610206017,0,108.817590985979,70.61962890625,0,96.9751052856445,115.902742004395,153.683410644531,54.6171691693095,65.2480423411385,112.777646918046,69.1994468161145,85.0800514221191,65.1056762351129,24.7071189993232,59.9649214083605,68.9633838252017,78.6507212320964,59.8320557693551,53.4699569518734,77.6867421897682,114.395659706809,69.9240034543551,89.0643005371094,0,0,75.5159066622375
75.9143810272217,0,115.322334289551,68.6257956610786,8.84581991541408,119.759066263835,57.4085361207149,53.062281366805,90.9918694662881,31.2109110006919,16.5498797648055,126.105628967285,22.3414028862921,0,104.286254368471,62.0983204019481,0,196.239608764648,0,195.002471923828,11.7980579736,114.441247122628,99.6457090377808,133.519403457642,21.8146717233601,0,143.772277832031,134.251323699951,17.1987944135294,90.7043618126739,0,0,136.447113037109,82.5489835237202,87.0987927788182,0,0,0,91.5951309204102,145.355041503906,0,180.84326171875,0,178.092880249023,109.180564880371,151.394677734375,0,145.555786132812,0,0,0,0,0,0,0,8.17335309000576,0,139.628219604492,0,111.987907409668,0,213.273147583008,154.867706298828,142.016456604004,212.546752929688,0,0,0,0,0
84.1723327636719,0,0,92.5787353515625,119.759066263835,6.69285616285582,13.1355793277668,101.13877720303,24.6154593725215,57.4896087646484,97.1483326884149,47.6180591583252,82.5379167132907,71.9970092773438,35.3567388941733,13.6688397584378,0,143.328485342172,0,159.62618637085,95.8629293441772,118.647976466588,75.058967590332,131.666217803955,105.721632385254,58.7291374206543,104.806677500407,150.840915679932,118.503850790171,26.6847056486668,93.5790193997897,0,7.12314791551895,0,54.3589430722323,0,0,0,0,0,0,0,0,0,0,0,0,0,0,0,0,0,0,0,0,0,0,0,0,0,0,0,0,0,0,0,0,0,0,0
74.5328711271286,98.7113990783691,112.260419519936,96.7023403461163,57.4085361207149,13.1355793277668,9.90862158659758,49.2495076658614,16.4157623705988,60.4781169371171,30.1046134598067,73.8936353047689,22.3661426781814,97.8727268218994,36.7335861396571,12.0913671376542,135.111404418945,122.57090733846,119.729073524475,137.000202941895,31.099721546936,101.66760178863,143.541580200195,119.94822370089,70.6007414717015,57.1765327453613,122.247124000832,127.222210693359,57.669830202035,54.181539637868,84.7267463118942,105.9306640625,21.1345934619754,87.5308500017439,78.4221696546001,0,0,0,103.839922587077,159.452728271484,0,0,119.127433776855,0,0,148.764999389648,0,0,0,157.595924377441,0,0,0,0,0,53.9182376861572,0,0,149.392517089844,132.11420938243,0,0,181.169549560547,145.708874789151,0,0,0,0,0,0
28.1905790098381,134.595305124919,87.2151660602617,59.9772754991558,53.062281366805,101.13877720303,49.2495076658614,8.95520911853933,63.7470981088028,53.680264930554,17.4479732569191,145.188158475436,36.7974262847204,152.966683959961,46.4493437911972,65.7905089968727,82.6013679504395,97.8462634310395,146.55992380778,119.830582739602,26.3537794727079,61.3721565952395,66.5763599872589,79.361046399257,49.0308164346842,0,119.975181929028,96.9947270758358,28.9730940005112,67.6094510128984,14.0025945713873,162.723780314128,112.470959073021,59.68897659176,72.1779497713537,0,0,146.08510907491,70.4062126159668,142.431378682454,165.743576049805,118.911785125732,118.378074645996,149.669085693359,101.88826751709,141.340318467882,0,122.770797729492,0,152.954431152344,0,133.839977264404,0,0,0,141.422370910645,0,142.18888092041,149.093550545829,114.681724990624,0,0,143.570194244385,121.95597910881,129.098146438599,162.726348876953,0,183.429168701172,0,137.090525817871
37.9682384672619,123.915552775065,112.574470583598,99.2600088026917,90.9918694662881,24.6154593725215,16.4157623705988,63.7470981088028,11.9552178049812,80.8208237038002,47.0899547641587,72.5452560582112,56.6692297994508,81.3307475829392,17.0853241188846,21.2430043770236,150.850006103516,115.15713211383,109.594561508724,132.845778196508,66.0529249499726,94.2105895487467,107.467472076416,107.854711467852,87.0276868336927,74.0534155103895,119.182104738886,128.4780077633,82.2077230425234,40.4768909369746,70.8215414131923,104.381987304687,14.2140841040368,88.932106618528,67.3584500633627,0,183.393600463867,163.551180752841,116.203592572893,182.28352355957,0,0,182.129699707031,182.734657287598,129.799751281738,175.509300231934,0,0,0,192.382507324219,0,0,0,0,200.126037597656,111.796661376953,0,0,173.258995056152,136.029872163813,0,167.461446126302,166.018602752686,153.731002114036,205.049934387207,150.377582550049,0,0,0,0
82.898693378155,59.9706846950976,72.4303164814794,11.5621023675797,31.2109110006919,57.4896087646484,60.4781169371171,53.680264930554,80.8208237038002,5.53954287226846,71.9964969725836,114.763413388505,13.0390252267734,111.041398004191,84.3521968617159,19.4980174977981,27.4901049955746,96.2902258939521,124.852939899151,124.546168120011,12.7663910181796,47.5366733921648,15.1781043854095,67.7534243198151,18.9987722801941,95.5889856373822,110.093284251159,98.0791711012522,45.9989767838616,63.6488720150881,44.9839180857422,122.942688471154,107.751577377319,51.5332256614185,54.5906486227399,0,0,114.536412556966,53.2337856292725,0,0,0,0,138.181842803955,0,0,0,0,171.457504272461,0,0,71.2840442657471,126.234268188477,0,121.209716796875,0,0,58.9234962463379,100.568695068359,108.460293197632,0,146.377841949463,132.033602033343,129.682823181152,128.433227539062,0,0,0,0,0
35.695769299974,134.990676879883,107.370020252385,75.7697238488631,16.5498797648055,97.1483326884149,30.1046134598067,17.4479732569191,47.0899547641587,71.9964969725836,9.73894829615361,140.957131958008,19.6977012498559,162.07396697998,67.4819552293854,66.1159005831074,110.668032646179,122.442885020423,160.524869646345,149.01318583769,16.8558443355009,79.5221793165485,83.4673135545519,99.8995682459611,57.4753570264161,152.24063873291,140.863050699234,118.9050269016,32.6209543489741,78.7409942417554,58.27403866161,166.482788085938,108.494801540001,71.0618921791635,78.2483993095639,0,0,178.62073135376,99.7064844767253,166.031242370605,0,157.219401041667,128.000913831923,179.022605895996,115.306408882141,154.199666341146,0,0,0,182.599292755127,0,182.565826416016,0,0,0,7.02936722872392,0,104.27815246582,171.928146362305,119.644575966729,0,187.267906188965,179.656469171697,143.412583753798,173.106323242188,0,0,0,0,157.02562713623
120.156185997857,55.6431375464615,75.9029189694312,66.3375204058661,126.105628967285,47.6180591583252,73.8936353047689,145.188158475436,72.5452560582112,114.763413388505,140.957131958008,11.3467134805637,116.006757463728,21.9853972167369,81.61603663905,134.884459601508,112.707862854004,49.2434237895568,20.3111253790778,26.2494910700978,134.672845840454,99.974422454834,85.4691125597273,85.923425997907,130.89519425513,27.9709980958438,28.931493479797,56.4397029550146,138.180517454405,49.580351734898,98.5925581090591,27.8246454882988,60.835075378418,99.2507691634329,28.1637199794398,0,0,117.607757568359,59.6217073293833,0,0,0,0,0,0,0,92.0018142700195,0,79.7532351219048,0,0,0,142.222259521484,95.6765742301941,135.032126290458,0,0,116.617477416992,0,220.51252746582,73.2470645904541,93.3609927528783,97.7444896283357,167.475357055664,0,0,90.7146387736003,0,0,0
50.9345169067383,90.2938823699951,113.267616271973,36.276195862714,22.3414028862921,82.5379167132907,22.3661426781814,36.7974262847204,56.6692297994508,13.0390252267734,19.6977012498559,116.006757463728,8.27009854333268,154.534352620443,78.8066479272767,14.3884473027481,104.81372833252,153.84582901001,202.310592651367,139.549845377604,15.0894169693053,91.573203346946,70.6974807739258,115.211727142334,25.3024255550022,119.020680745443,133.151574816023,121.825390155499,47.843714519321,68.2667545764477,93.1084179348416,149.421081542969,99.6815157803622,66.8584480285645,62.7892457565459,0,0,0,0,0,0,147.162719726562,124.758224487305,0,0,124.505275726318,0,0,0,0,0,0,141.132202148438,0,0,0,0,0,0,100.776566399468,0,0,0,135.449719238281,0,0,0,0,0,0
109.263653564453,45.2925647707249,89.100156050462,52.0326550160977,0,71.9970092773438,97.8727268218994,152.966683959961,81.3307475829392,111.041398004191,162.07396697998,21.9853972167369,154.534352620443,7.3306693281431,84.5034984789397,142.729536056519,128.256805419922,113.449864705404,49.0430077591988,79.1501821790423,151.112373352051,0,79.1307113435533,105.843772888184,121.367750214367,15.131247510327,32.2408465081399,26.1015848526939,146.950964355469,65.761134142651,135.65283203125,13.6353652085796,75.2821205684117,145.283233642578,48.0553415354797,0,87.4063148498535,0,43.4045293653334,0,0,0,0,0,0,0,88.8368067060198,0,69.8183123424334,0,0,0,143.302658081055,85.3925647375719,103.475199018206,0,0,0,0,191.065330505371,60.6463812466325,85.2633849066657,87.3218450447267,0,177.783218383789,0,84.0447310521052,0,0,146.636131286621
14.6379727200235,135.871263885498,110.269368231011,104.894885132952,104.286254368471,35.3567388941733,36.7335861396571,46.4493437911972,17.0853241188846,84.3521968617159,67.4819552293854,81.61603663905,78.8066479272767,84.5034984789397,9.82335689420236,33.8017432918287,119.242639923096,112.921684110719,111.244281639487,131.574473158954,87.180053391716,91.7328911960715,113.499341964722,108.01737990494,94.5234091738437,93.7610880533854,118.713121274622,132.039183878386,89.6852246537168,17.8481316589734,52.8127499214414,96.992680599815,11.8072646637242,55.3428859454673,64.0414702138226,0,0,173.286818440755,108.335424804688,196.941762288411,0,215.853652954102,193.881172180176,176.386001586914,0,157.476997375488,0,0,226.078628540039,202.735260009766,0,0,172.365280151367,0,201.262751261393,122.818214416504,0,113.116348266602,175.598052978516,146.729557461209,0,0,173.57497660319,149.010566711426,0,154.663441975911,171.24201965332,0,0,195.779289245605
0,92.777193069458,106.081024169922,33.6650474613363,62.0983204019481,13.6688397584378,12.0913671376542,65.7905089968727,21.2430043770236,19.4980174977981,66.1159005831074,134.884459601508,14.3884473027481,142.729536056519,33.8017432918287,7.25258521764458,0,105.510196685791,88.9773406982422,141.031661987305,47.9819817674269,104.637836456299,59.0664923069841,103.931757609049,43.3881909274587,130.038670539856,143.460778669877,135.428362528483,68.5830738156341,46.0782366842031,102.206260681152,157.04377746582,35.785333946103,82.8628036499023,76.7028299513317,0,0,153.988525390625,0,0,0,0,0,141.689910888672,0,0,0,0,0,0,0,0,0,0,0,0,0,0,0,101.369491577148,0,0,231.62109375,155.739723205566,0,0,0,0,0,0
0,51.9905577692492,88.3294154751685,36.066159536111,0,0,135.111404418945,82.6013679504395,150.850006103516,27.4901049955746,110.668032646179,112.707862854004,104.81372833252,128.256805419922,119.242639923096,0,13.1878521887593,86.9616695457781,121.548112869263,101.705394199916,114.248313903809,21.1107881916632,28.0350684736076,21.0169064944853,23.5241612175496,107.284732818604,91.5978437303663,26.7970439360966,36.3360451101448,81.1755809783936,65.3017975353447,118.170705159505,0,70.2219906857139,73.148167860372,0,106.481400626046,90.6080497404488,53.8908353278609,0,0,0,140.02360534668,160.035975138346,0,159.154594421387,0,0,0,172.180442810059,0,64.732490199618,110.305042266846,0,133.315534973145,0,98.1797639435413,51.1526080237495,92.2160323661602,112.141352971395,0,136.068962097168,96.941965656577,118.660020010812,150.984237670898,110.83580271403,0,0,0,119.465563092913
88.591969582641,42.8454064914158,33.0123592911913,55.2803463935852,196.239608764648,143.328485342172,122.57090733846,97.8462634310395,115.15713211383,96.2902258939521,122.442885020423,49.2434237895568,153.84582901001,113.449864705404,112.921684110719,105.510196685791,86.9616695457781,7.56818563037364,59.1890095325938,21.2165043166117,160.390447998047,58.6047188016317,70.1153629376338,27.435825020224,106.612482817277,98.7368034362793,23.7056082505327,57.6531488570595,99.0181806200094,85.7199206839217,62.7855365868405,103.050020005968,146.86447736952,80.4172117345473,31.4845088615789,136.680770874023,81.9985704421997,96.3342396616936,85.3868055343628,0,0,0,153.386337280273,176.983207702637,0,175.726867675781,0,0,0,195.491953531901,0,134.736778259277,104.10806971011,168.113586425781,117.428628444672,0,169.987197875977,73.3257460960975,132.091484069824,144.70458984375,0,98.7463501406388,100.332213702267,165.511202130999,0,197.644897460938,0,0,0,104.380843162537
130.904711723328,62.4587693592859,73.0536258152553,57.4713590444763,0,0,119.729073524475,146.55992380778,109.594561508724,124.852939899151,160.524869646345,20.3111253790778,202.310592651367,49.0430077591988,111.244281639487,88.9773406982422,121.548112869263,59.1890095325938,6.46428345588964,19.4495854362241,149.361938476562,112.372557713435,92.9410664149693,99.3806312561035,133.64069245991,40.2791558605129,22.3754870096408,61.2814167545532,148.791243813255,78.3503816185928,110.483787536621,42.3584971566802,82.8105357776989,121.901277330187,52.3296449705909,0,129.06859588623,124.681484222412,82.8956069946289,0,0,0,0,0,0,0,96.1536521911621,0,83.0919947904699,0,0,0,140.945622762044,97.3305859035916,110.056137084961,0,0,0,0,168.385665893555,93.3400535583496,94.5630473821935,100.735300263013,0,0,0,95.0463083440607,0,0,150.452499389648
113.244619048802,52.6686997631796,62.6743546277285,51.9048553426922,195.002471923828,159.62618637085,137.000202941895,119.830582739602,132.845778196508,124.546168120011,149.01318583769,26.2494910700978,139.549845377604,79.1501821790423,131.574473158954,141.031661987305,101.705394199916,21.2165043166117,19.4495854362241,10.6613827953359,164.22976175944,87.3563629676556,86.8943324345414,69.168124174408,133.437973627968,41.2058111527387,19.4259093041489,66.1157526720895,120.30293615432,96.865049318133,85.0230351315429,55.5747546416063,118.217171889085,95.27995806155,41.3485806684424,0,105.539228166853,108.029817899068,87.3575868225098,0,0,0,186.441284179688,238.012634277344,191.012557983398,158.715957641602,123.445827484131,184.279281616211,86.1056990623474,161.811279296875,0,0,111.167984457577,105.358546257019,105.831002044678,0,152.212631225586,106.02516784668,154.47943006243,0,108.633644104004,94.6502111470924,100.292086772111,170.034210205078,0,129.915802001953,98.4640154157366,0,0,130.311711629232
61.0547361373901,0,142.814849853516,45.2508117306617,11.7980579736,95.8629293441772,31.099721546936,26.3537794727079,66.0529249499726,12.7663910181796,16.8558443355009,134.672845840454,15.0894169693053,151.112373352051,87.180053391716,47.9819817674269,114.248313903809,160.390447998047,149.361938476562,164.22976175944,8.22053442499978,114.856846618652,81.3047154744466,135.20192527771,15.004346845577,154.309753417969,169.192926025391,132.494692484538,25.9896886970555,77.9546477525754,104.05402247111,0,106.373629433768,65.6483896428888,72.2632456359863,0,0,0,0,126.05034942627,0,136.71644337972,0,145.186879475911,92.3349914550781,136.034331321716,0,88.7981796264648,0,136.330459594727,0,0,0,0,0,10.0566714576312,138.742721557617,0,0,92.1122750570608,0,200.984298706055,183.160140991211,123.39424472385,162.274932861328,107.258949279785,0,0,0,0
67.498947110287,93.9626750946045,58.3554404821151,47.1222466851578,114.441247122628,118.647976466588,101.66760178863,61.3721565952395,94.2105895487467,47.5366733921648,79.5221793165485,99.974422454834,91.573203346946,0,91.7328911960715,104.637836456299,21.1107881916632,58.6047188016317,112.372557713435,87.3563629676556,114.856846618652,11.1956895116659,46.5643766006621,33.0618778249399,45.7693770042607,0,92.9686682823145,72.309514872926,35.796067787712,65.1902737590553,26.0724046721856,136.798477172852,140.970426940918,58.3021531138387,47.4505477788931,0,0,113.546297073364,68.3562521773778,148.755012512207,0,0,136.582162857056,195.917714436849,0,143.348770141602,163.115371704102,0,0,132.792156219482,0,91.5305581288795,123.351264953613,0,0,0,104.441417694092,69.102934660735,115.060018443098,121.099409315321,0,150.041818237305,121.456132049561,114.859490258353,121.142021179199,104.356059604221,0,0,0,142.880958557129
77.1410380772182,15.2007551142072,49.4481089556659,24.8446657402739,99.6457090377808,75.058967590332,143.541580200195,66.5763599872589,107.467472076416,15.1781043854095,83.4673135545519,85.4691125597273,70.6974807739258,79.1307113435533,113.499341964722,59.0664923069841,28.0350684736076,70.1153629376338,92.9410664149693,86.8943324345414,81.3047154744466,46.5643766006621,7.8046292963803,43.149385918248,23.6293087737168,63.8531851176699,78.7480433332876,35.9551105104915,45.3304442336732,84.2000204144102,45.7648448381268,92.5528240418166,0,61.4682234128316,65.290312580096,0,72.0395901997884,85.9490278772561,37.6666253020124,0,0,0,122.041877746582,175.702117919922,98.6659469604492,0,0,0,136.476764678955,0,0,56.5153285680192,101.075214385986,220.995483398438,178.384043375651,0,56.8238408224923,26.0581657920085,62.9908198279303,89.8560409545898,179.909576416016,115.606422932943,96.1614440736317,114.788307189941,0,164.68180847168,144.273651123047,0,0,133.10694694519
82.1808416744894,86.9628912273206,23.8408630318219,46.0037291925443,133.519403457642,131.666217803955,119.94822370089,79.361046399257,107.854711467852,67.7534243198151,99.8995682459611,85.923425997907,115.211727142334,105.843772888184,108.01737990494,103.931757609049,21.0169064944853,27.435825020224,99.3806312561035,69.168124174408,135.20192527771,33.0618778249399,43.149385918248,15.9808627590503,54.1663936589093,117.405385971069,59.978080649773,35.5427370564131,58.7877667900095,78.5764114246502,47.3611076806399,117.190962219238,140.165157318115,75.5801584962485,46.5173838626269,126.132915496826,118.134550094604,88.4207715462288,61.508843376523,0,0,166.057189941406,141.092099364375,162.944862083152,131.466278076172,156.065296173096,125.417510986328,0,0,159.912986353824,0,93.8641312009394,110.518112316466,151.939888000488,129.593940734863,216.970993041992,108.699868966867,58.7740795933923,97.0620435814329,122.077049560547,0,119.15565328887,92.3379534411801,129.484617966872,198.297348022461,129.038707733154,0,0,0,120.179221658146
69.513404565699,68.5231744221279,93.0288114876583,31.6851271658829,21.8146717233601,105.721632385254,70.6007414717015,49.0308164346842,87.0276868336927,18.9987722801941,57.4753570264161,130.89519425513,25.3024255550022,121.367750214367,94.5234091738437,43.3881909274587,23.5241612175496,106.612482817277,133.64069245991,133.437973627968,15.004346845577,45.7693770042607,23.6293087737168,54.1663936589093,10.8345097509893,110.272454782694,117.463385092246,87.2173319191768,17.9237393734964,74.2664644967942,56.6771808214161,135.21610534668,125.894835252028,63.0950208141414,69.7715668709047,110.946766662598,168.851348876953,128.142959780809,56.051012434401,117.121580321213,166.207879638672,122.126749499091,108.228497792439,135.258438110352,81.4253866577148,126.899417965911,0,108.458971977234,200.688568115234,139.495670421703,147.90641784668,105.052002843221,154.170838356018,0,154.23828125,103.794323897943,129.575735612349,101.577411905924,119.045467195057,92.1585288265382,0,156.084697178432,132.604628887373,110.562101383402,131.403777729381,117.291765594482,203.294876098633,167.412689208984,110.812812805176,123.743197354403
0,26.4378378351713,86.8037757873535,27.6000365747884,0,58.7291374206543,57.1765327453613,0,74.0534155103895,95.5889856373822,152.24063873291,27.9709980958438,119.020680745443,15.131247510327,93.7610880533854,130.038670539856,107.284732818604,98.7368034362793,40.2791558605129,41.2058111527387,154.309753417969,0,63.8531851176699,117.405385971069,110.272454782694,6.79402129918366,30.1502293047406,22.9201040204033,130.308126722063,63.5999087165384,121.436640421549,38.590117276057,68.8149401346842,142.811248779297,48.0276199380557,0,87.2714996337891,112.142417907715,31.751224489773,0,0,0,0,0,0,0,88.6998926798503,0,73.5208407931858,0,0,0,137.741317749023,77.1177968978882,125.342627207438,0,0,0,0,0,58.2237650553385,85.7363868713379,83.1590737915039,0,0,0,81.4424461951623,0,0,0
103.627367826609,44.871232909472,26.8828882097735,37.6071507390799,143.772277832031,104.806677500407,122.247124000832,119.975181929028,119.182104738886,110.093284251159,140.863050699234,28.931493479797,133.151574816023,32.2408465081399,118.713121274622,143.460778669877,91.5978437303663,23.7056082505327,22.3754870096408,19.4259093041489,169.192926025391,92.9686682823145,78.7480433332876,59.978080649773,117.463385092246,30.1502293047406,10.548845430589,35.3799020573872,120.201841917905,86.6345861794656,90.3085999614314,14.8145237688808,103.842340741839,106.425544115962,53.0862620931963,168.976501464844,99.3353884560721,90.1770164562871,53.7421827316284,0,0,0,179.686132158552,197.944952828544,170.300567626953,160.159530639648,95.1431778499058,0,80.7715028616098,175.462749481201,197.591529846191,131.616792951311,97.746594271817,99.2119499553334,94.0190107360367,0,174.905802408854,110.688527948716,128.833914794922,167.019732666016,84.8703710174561,84.3640551808069,89.9168741435604,173.390039780561,172.680894639757,153.503255208333,93.081741672092,0,0,111.155720286899
112.861583898563,33.2961946496448,22.2232181527392,34.6307049037346,134.251323699951,150.840915679932,127.222210693359,96.9947270758358,128.4780077633,98.0791711012522,118.9050269016,56.4397029550146,121.825390155499,26.1015848526939,132.039183878386,135.428362528483,26.7970439360966,57.6531488570595,61.2814167545532,66.1157526720895,132.494692484538,72.309514872926,35.9551105104915,35.5427370564131,87.2173319191768,22.9201040204033,35.3799020573872,12.0253499285102,81.8696585028472,106.15670154445,92.3334345329465,15.6645296470621,131.485876195571,106.621305322134,59.786194309799,155.37503306071,72.6233059310913,84.518973703494,63.2018026313003,0,224.188117980957,174.68027750651,144.388384846808,163.307131812686,172.55686340332,165.504049474543,111.577033996582,0,87.9742799003919,166.093921334403,0,100.88951798934,100.089955318121,107.269575359441,104.232309322731,0,119.749490884634,59.9129473303451,97.9695161139215,149.677694808605,90.7566182063176,91.8987442878054,89.6372379515827,142.027975169891,149.802031993866,144.714130899181,98.1416400693498,0,180.638641357422,106.922778741245
60.2506363367498,99.7124820285373,85.182619257788,53.0847210845009,17.1987944135294,118.503850790171,57.669830202035,28.9730940005112,82.2077230425234,45.9989767838616,32.6209543489741,138.180517454405,47.843714519321,146.950964355469,89.6852246537168,68.5830738156341,36.3360451101448,99.0181806200094,148.791243813255,120.30293615432,25.9896886970555,35.796067787712,45.3304442336732,58.7877667900095,17.9237393734964,130.308126722063,120.201841917905,81.8696585028472,12.5231300093709,74.6290365707321,34.703849233651,151.227811813354,129.707046763102,62.1690531667074,64.5681936737608,134.537811279297,109.579048156738,127.984997293224,69.9339479764303,140.160439385308,178.976577758789,132.624290466309,116.110123671495,146.146551099874,117.263419151306,139.776836276054,0,0,0,145.110685348511,169.712707519531,109.505282986549,161.26936340332,0,0,48.4696044373786,141.451421101888,118.505532900492,126.450995936538,105.676403197272,180.882019042969,0,141.162842422235,115.857709219629,133.73375193278,118.64373217131,0,0,123.33829498291,131.091107403791
11.7009328272924,99.1002764892578,98.7632947222192,81.1663860503785,90.7043618126739,26.6847056486668,54.181539637868,67.6094510128984,40.4768909369746,63.6488720150881,78.7409942417554,49.580351734898,68.2667545764477,65.761134142651,17.8481316589734,46.0782366842031,81.1755809783936,85.7199206839217,78.3503816185928,96.865049318133,77.9546477525754,65.1902737590553,84.2000204144102,78.5764114246502,74.2664644967942,63.5999087165384,86.6345861794656,106.15670154445,74.6290365707321,7.77897194547845,35.2180754316798,82.4320899886314,9.92376404969803,13.0904105510635,31.4362078197114,0,0,155.840721130371,85.3256884256999,0,0,155.118831634521,135.126093546549,168.724754333496,0,157.038730621338,0,0,0,148.967718336317,0,107.404579162598,0,0,160.328002929688,97.5042724609375,180.419982910156,141.12873840332,151.631010055542,125.559915133885,0,159.443551635742,165.933039457902,128.490375066208,143.059181213379,116.271133422852,0,0,163.43090057373,162.337211608887
23.7183807626165,92.3383109352805,74.2894378521321,50.394258374319,0,93.5790193997897,84.7267463118942,14.0025945713873,70.8215414131923,44.9839180857422,58.27403866161,98.5925581090591,93.1084179348416,135.65283203125,52.8127499214414,102.206260681152,65.3017975353447,62.7855365868405,110.483787536621,85.0230351315429,104.05402247111,26.0724046721856,45.7648448381268,47.3611076806399,56.6771808214161,121.436640421549,90.3085999614314,92.3334345329465,34.703849233651,35.2180754316798,10.6036959747188,134.617291768392,105.703614485891,38.4403119749493,32.0146034314601,0,178.534774780273,124.662961519681,65.6014053708031,0,0,125.707794189453,137.093868255615,155.835319519043,0,157.667363484701,0,0,0,168.575553894043,0,109.102113723755,124.197845458984,0,0,0,108.766929626465,100.423877716064,129.750334306197,110.901272243924,0,0,129.310205383301,115.172101593018,164.137908935547,122.982765197754,0,0,0,145.920509338379
0,59.7780916213989,75.8161333719889,68.5399233500163,0,0,105.9306640625,162.723780314128,104.381987304687,122.942688471154,166.482788085938,27.8246454882988,149.421081542969,13.6353652085796,96.992680599815,157.04377746582,118.170705159505,103.050020005968,42.3584971566802,55.5747546416063,0,136.798477172852,92.5528240418166,117.190962219238,135.21610534668,38.590117276057,14.8145237688808,15.6645296470621,151.227811813354,82.4320899886314,134.617291768392,6.03797504947433,84.8960037231445,145.940185546875,65.2025998097546,0,124.798526763916,0,51.6928123717612,0,0,0,0,0,0,0,94.7442299979074,0,84.5429098074777,0,0,0,0,95.6632832845052,101.130824279785,0,0,0,0,0,77.1806047757467,91.29413510184,97.1031408822665,201.667556762695,0,0,96.5256079101563,0,0,0
77.4250308445522,87.474796295166,145.68205388387,108.354007720947,136.447113037109,7.12314791551895,21.1345934619754,112.470959073021,14.2140841040368,107.751577377319,108.494801540001,60.835075378418,99.6815157803622,75.2821205684117,11.8072646637242,35.785333946103,0,146.86447736952,82.8105357776989,118.217171889085,106.373629433768,140.970426940918,0,140.165157318115,125.894835252028,68.8149401346842,103.842340741839,131.485876195571,129.707046763102,9.92376404969803,105.703614485891,84.8960037231445,3.51698419339487,167.58903503418,42.899640413431,0,0,0,0,0,0,0,0,0,0,0,0,0,0,0,0,0,0,0,140.860427856445,0,0,0,0,0,0,0,180.88916015625,0,187.17008972168,0,0,0,0,0
37.3933223836562,99.7327301025391,94.8363980232401,56.3777288507532,82.5489835237202,0,87.5308500017439,59.68897659176,88.932106618528,51.5332256614185,71.0618921791635,99.2507691634329,66.8584480285645,145.283233642578,55.3428859454673,82.8628036499023,70.2219906857139,80.4172117345473,121.901277330187,95.27995806155,65.6483896428888,58.3021531138387,61.4682234128316,75.5801584962485,63.0950208141414,142.811248779297,106.425544115962,106.621305322134,62.1690531667074,13.0904105510635,38.4403119749493,145.940185546875,167.58903503418,6.39150825276595,32.8567328993856,123.470100402832,0,180.027114868164,63.850736618042,0,0,151.794296264648,138.751071929932,147.078796386719,0,131.513874053955,0,0,0,153.983489990234,0,131.918075561523,0,0,0,140.856719970703,137.149597167969,105.340888977051,166.16438293457,111.40503017719,0,156.950805664062,147.989593505859,120.26160063567,0,122.977809906006,0,0,0,123.216201782227
65.278661482405,53.9308917084519,52.5201371254975,54.4580100983079,87.0987927788182,54.3589430722323,78.4221696546001,72.1779497713537,67.3584500633627,54.5906486227399,78.2483993095639,28.1637199794398,62.7892457565459,48.0553415354797,64.0414702138226,76.7028299513317,73.148167860372,31.4845088615789,52.3296449705909,41.3485806684424,72.2632456359863,47.4505477788931,65.290312580096,46.5173838626269,69.7715668709047,48.0276199380557,53.0862620931963,59.786194309799,64.5681936737608,31.4362078197114,32.0146034314601,65.2025998097546,42.899640413431,32.8567328993856,11.1174563185713,135.314208984375,65.6619358062744,100.295729864211,78.6730035146077,0,0,0,139.86690051739,168.000802612305,130.611465454102,130.156936645508,192.98811340332,0,119.484161376953,170.767769949777,0,113.333064152644,108.717596054077,117.383818308512,110.815539191751,88.774284362793,146.334072113037,88.4078693389893,110.832222980002,120.397720675998,94.1827068328857,110.085852696345,106.188940774023,126.617606006969,145.481259155273,127.050784301758,141.80590057373,0,0,109.278508504232
0,0,161.995661417643,101.942755562919,0,0,0,0,0,0,0,0,0,0,0,0,0,136.680770874023,0,0,0,0,0,126.132915496826,110.946766662598,0,168.976501464844,155.37503306071,134.537811279297,0,0,0,0,123.470100402832,135.314208984375,8.91706768292667,104.412553405762,97.6484650321629,65.9360897258177,108.560260772705,68.5849850972493,84.0387131019875,30.7450555296163,48.1337746883028,65.3541250486632,61.4154095329315,105.234719952333,128.566261291504,124.762451171875,12.8685942418306,96.9947376251221,80.6640603807237,85.3918784117896,117.519573584535,106.25601246791,108.629259926932,69.7781766190821,74.404817086679,82.6725307040744,74.1993784035368,118.277658462524,104.484640393938,117.260585513574,73.2199526504731,15.6729047590877,24.4076893257863,133.604769388835,70.618824005127,22.1720937480097,66.1304073134018
0,0,43.4886989593506,24.4226457580688,0,0,0,0,183.393600463867,0,0,0,0,87.4063148498535,0,0,106.481400626046,81.9985704421997,129.06859588623,105.539228166853,0,0,72.0395901997884,118.134550094604,168.851348876953,87.2714996337891,99.3353884560721,72.6233059310913,109.579048156738,0,178.534774780273,124.798526763916,0,0,65.6619358062744,104.412553405762,6.55187325261911,43.7209012936323,19.8194496988371,0,0,131.774353027344,109.507933044434,134.619518280029,61.3166833613846,0,70.5582976871067,0,42.16445184234,127.555619459886,101.850171089172,51.040459565949,54.8654364652412,75.0259309584095,54.5926924387614,0,103.245168685913,17.5053956048787,80.9638938903809,73.636223577684,18.8919763716338,47.7938262584598,30.402905913413,100.48543741862,120.267462539673,102.723110722561,62.8571883753726,0,107.285283406576,71.3821509968151
175.781982421875,70.537073059082,83.1229015683947,50.2101903978807,0,0,0,146.08510907491,163.551180752841,114.536412556966,178.62073135376,117.607757568359,0,0,173.286818440755,153.988525390625,90.6080497404488,96.3342396616936,124.681484222412,108.029817899068,0,113.546297073364,85.9490278772561,88.4207715462288,128.142959780809,112.142417907715,90.1770164562871,84.518973703494,127.984997293224,155.840721130371,124.662961519681,0,0,180.027114868164,100.295729864211,97.6484650321629,43.7209012936323,9.72466110600213,38.5382951909484,152.110778808594,143.652118682861,118.266655535737,85.17832632445,110.338865993455,90.5664920806885,107.522626472732,75.143460020727,159.079689025879,102.837191263835,111.038268576666,114.40080672044,73.6768935067313,39.8640098778214,83.612021221378,58.9829907502843,186.520004272461,59.3652206760968,39.4113382383157,26.9031752250742,96.2639426607074,76.5998191833496,26.7659629775397,24.3143958907076,80.3173810314776,118.147771528789,76.7583823345675,81.7606658935547,151.416311264038,110.132177988688,57.5467540242089
119.665065765381,53.7012129390941,68.3702173233032,14.7352042547231,91.5951309204102,0,103.839922587077,70.4062126159668,116.203592572893,53.2337856292725,99.7064844767253,59.6217073293833,0,43.4045293653334,108.335424804688,0,53.8908353278609,85.3868055343628,82.8956069946289,87.3575868225098,0,68.3562521773778,37.6666253020124,61.508843376523,56.051012434401,31.751224489773,53.7421827316284,63.2018026313003,69.9339479764303,85.3256884256999,65.6014053708031,51.6928123717612,0,63.850736618042,78.6730035146077,65.9360897258177,19.8194496988371,38.5382951909484,19.876432170285,92.3465700149536,146.104927062988,85.6624368520883,69.1679305262214,91.1240801968417,8.36620490282669,87.2476545969645,51.2415852179894,133.460037231445,30.6800033245447,94.3806241732925,50.7997722625732,35.8841714899939,55.1521419268198,71.9940178504357,56.6644148835285,68.592719078064,50.497743776308,30.2258142745646,43.1359811533767,34.3123686077003,18.415919510188,47.037652411112,37.808705564868,56.4721479867543,72.6975578188272,48.8373715585086,48.4462369051847,101.328348795573,62.5884532928467,66.4390362579457
0,0,0,0,145.355041503906,0,159.452728271484,142.431378682454,182.28352355957,0,166.031242370605,0,0,0,196.941762288411,0,0,0,0,0,126.05034942627,148.755012512207,0,0,117.121580321213,0,0,0,140.160439385308,0,0,0,0,0,0,108.560260772705,0,152.110778808594,92.3465700149536,6.60947824744007,117.095028686523,58.7761584804172,46.0112574551557,83.8821351265793,49.8261099416156,15.5336645829595,0,30.7023341215503,0,104.552494972631,73.4595177968343,44.0047378540039,172.471115112305,0,0,11.487023303181,0,76.58740234375,132.895538330078,20.4132961819071,159.959732055664,234.550224304199,145.934970431858,16.959528819717,101.446625960501,128.025510787964,0,130.436813354492,97.7566146850586,89.9038641324607
0,0,0,0,0,0,0,165.743576049805,0,0,0,0,0,0,0,0,0,0,0,0,0,0,0,0,166.207879638672,0,0,224.188117980957,178.976577758789,0,0,0,0,0,0,68.5849850972493,0,143.652118682861,146.104927062988,117.095028686523,8.23911655889381,16.0065395750279,100.945604888486,14.3045883624145,56.3651733398438,95.0743841867189,68.7275677556577,85.0389779897837,74.43443552653,32.7480348973711,18.732899640473,0,153.925908406576,138.377544403076,168.930079142253,101.108736673991,130.031646728516,97.2890701293945,143.832473754883,97.5023219517299,0,132.284355163574,142.711604725231,114.566218991823,21.667130633678,99.9162991841634,97.5768051147461,9.37489567129527,101.313316345215,30.8769557380676
147.292282104492,0,204.272308349609,109.907727050781,180.84326171875,0,0,118.911785125732,0,0,157.219401041667,0,147.162719726562,0,215.853652954102,0,0,0,0,0,136.71644337972,0,0,166.057189941406,122.126749499091,0,0,174.68027750651,132.624290466309,155.118831634521,125.707794189453,0,0,151.794296264648,0,84.0387131019875,131.774353027344,118.266655535737,85.6624368520883,58.7761584804172,16.0065395750279,9.00860570475744,58.0702722161064,15.5000196993593,44.0660308764531,29.6229329152484,92.4884386477263,28.6377420795674,107.012819671631,43.2695267737028,16.0605639086687,93.3488075256348,134.587230067099,119.433388343224,150.081068479098,40.0297640825709,105.161846160889,100.070800272624,110.559498310089,64.9146263958267,0,128.272232592945,137.030303799376,61.390067523358,58.1492377501268,97.699413036478,137.396377563477,28.9269002442289,95.121379216512,73.3266420956316
146.749740600586,0,135.058589935303,101.997191764213,0,0,119.127433776855,118.378074645996,182.129699707031,0,128.000913831923,0,124.758224487305,0,193.881172180176,0,140.02360534668,153.386337280273,0,186.441284179688,0,136.582162857056,122.041877746582,141.092099364375,108.228497792439,0,179.686132158552,144.388384846808,116.110123671495,135.126093546549,137.093868255615,0,0,138.751071929932,139.86690051739,30.7450555296163,109.507933044434,85.17832632445,69.1679305262214,46.0112574551557,100.945604888486,58.0702722161064,10.152717786725,50.1359721695894,56.8495013090941,19.644626376619,112.387138649269,51.4171569442749,155.697792053223,41.1616238539616,71.5642225846,66.2800232445062,82.9665474393475,125.311872842429,104.098078726403,30.4300801233592,62.8759161234661,70.7610567676778,71.0419074361698,54.3774778061279,138.064525951039,100.118336915208,97.6782981935095,33.3719296907987,62.1637618089075,25.6365747410985,173.719253540039,109.648350715637,58.3130673242847,68.9409202564497
0,0,157.238882446289,117.918610206017,178.092880249023,0,0,149.669085693359,182.734657287598,138.181842803955,179.022605895996,0,0,0,176.386001586914,141.689910888672,160.035975138346,176.983207702637,0,238.012634277344,145.186879475911,195.917714436849,175.702117919922,162.944862083152,135.258438110352,0,197.944952828544,163.307131812686,146.146551099874,168.724754333496,155.835319519043,0,0,147.078796386719,168.000802612305,48.1337746883028,134.619518280029,110.338865993455,91.1240801968417,83.8821351265793,14.3045883624145,15.5000196993593,50.1359721695894,8.77105901702738,79.3002613586129,44.992706767012,72.3774637013617,70.9087222915384,78.9018536952504,15.3747740840652,19.3262529856571,105.772402869331,111.48439427012,116.382407624843,129.689569482756,74.8529071684275,99.1136042277018,98.7510708591394,99.4390789694705,84.176682003422,137.463306850857,117.226999640951,122.94829799818,78.3734372404755,33.0838815960259,72.504874834282,93.2488787669056,9.91977061424202,84.8882949829102,58.9009328174474
