10.9390058310497,142.57320912679,105.020240557076,91.0752569834391,86.8577949523926,127.498834882464,90.5048780441284,33.1918589424331,48.9867447328423,77.3451024223776,59.8289736400951,117.252813460979,102.934243774414,108.637585639954,16.5003790743343,79.4177856445312,110.168837229411,102.509702439642,142.870907030608,121.667412965194,77.7132720947266,84.4515036773682,124.595481236776,89.5803607335457,84.6018406338162,0,120.87059532417,135.633313655853,71.9728298815425,20.8873771653269,30.5983123918304,167.380137125651,90.6163429260254,33.0045603513718,83.9710689100247,0,0,203.040191650391,0,0,0,0,0,0,0,0,0,0,0,0,0,173.974624633789,0,0,192.366394042969,0,0,0,0,0,0,0,192.792485555013,0,0,0,0,0,0,0
142.57320912679,8.05038397732903,45.2044919390197,33.1806019518459,117.054275512695,102.813082377116,145.998963356018,130.917724609375,145.33230473445,69.4523721596752,184.236541748047,60.2304337610964,130.791637420654,45.9837780204979,147.579437732697,107.265664236886,87.6543278164334,59.5140282735659,86.4356973756034,64.7774336911778,0,109.011716206868,24.6755120618298,91.0190640011349,84.6249969507938,19.8807447759344,50.0552065862993,32.350887313562,113.1502176541,110.69100189209,112.921889927076,64.3654815998483,107.900253295898,133.423252105713,70.9051781833762,0,132.679927825928,126.774298095703,65.1670116848416,0,0,0,159.211380004883,0,0,0,118.696464538574,0,90.0723431905111,237.192199707031,0,0,129.629661560059,117.918391227722,133.854772840227,0,0,48.161449432373,151.174331665039,0,85.6987733840942,108.129327642507,107.463706142931,182.762191772461,0,201.904815673828,107.603688557943,0,0,127.330156962077
105.020240557076,45.2044919390197,12.128579768076,48.814392542317,117.504729044806,170.037328720093,142.352837769251,99.456963108951,125.384270187378,96.7398204188193,119.439116820828,114.732644324209,149.569148323753,175.339996337891,111.461068148818,130.615805053711,82.4990195026548,34.3875123176605,88.7430005820401,74.02343469469,170.662853240967,64.6848462299898,45.3897159051627,30.2159269751647,106.463866559316,181.048234558105,34.6051048409729,32.87691609926,103.03019765467,134.367619393498,88.1665661359074,96.8042106628418,168.723678588867,117.975254724896,78.5010153410589,0,178.156845092773,94.3229683248406,67.1040581597222,183.786407470703,0,0,147.999703627366,184.319272359212,231.971771240234,170.153915405273,168.607330322266,0,0,187.438910348075,0,98.1751907947017,113.069293823242,143.149932861328,131.083717346191,0,115.315691347475,60.8715906507186,101.444694742056,148.117159949409,0,119.189499024422,98.9591376147693,147.868881734212,180.675067138672,141.267517725627,0,0,157.738299051921,120.688171200636
91.0752569834391,33.1806019518459,48.814392542317,13.3962876019583,63.4725097533195,102.658243815104,151.626118251256,99.798172343861,139.970931053162,14.94700019629,124.144359800551,66.5623643294625,185.20930480957,53.0870356682019,117.732847213745,66.9943139693316,41.0390764863353,60.7248697500624,73.6371557773688,65.5311325442406,0,53.1771254568771,31.6475391749451,52.4512876004272,46.2081088564587,26.9329230755674,49.7596471777496,43.3668887659475,63.8656534924341,103.667347647927,62.4335814898287,73.43284238618,137.740750630697,93.1479100447435,71.0969500219606,89.5713729858398,126.245071411133,103.082759539286,16.3761335599054,0,0,0,140.302548217773,103.546981811523,16.8674125878707,131.476821899414,59.1813252766927,0,64.1924445412376,109.730541229248,0,60.2306051543265,163.669132232666,128.974660873413,121.710461298625,0,65.1832571029663,13.7976082328594,77.816887105306,66.8527592441492,57.4588327407837,122.126358379017,108.149680484425,72.4907054901123,138.768338521322,70.7489720582962,123.978321075439,0,65.2638498942057,65.8220504124959
86.8577949523926,117.054275512695,117.504729044806,63.4725097533195,9.7167907086344,112.368007435518,74.2578847556279,63.1368729538388,96.2469888441265,32.9228195662754,23.3419898946163,169.142503051758,34.0845446123334,165.149383544922,102.386223716736,61.0676299223663,77.1038566589355,133.770103295644,166.496587117513,176.649739192082,15.0121094655305,94.0316242641873,71.8299088111291,115.507377903636,24.2225634419464,171.527400970459,141.206448449029,121.86001266752,16.0066143887073,90.4412794475314,83.5654465033084,182.382404327393,145.186141967773,70.1156412513511,91.6166909392624,0,0,156.736251831055,93.4931259155273,4.5605226496982,0,60.7455177307129,47.287670135498,102.173077392578,0,36.7801505737305,0,42.1677742004395,210.553131103516,92.4902000427246,0,0,0,0,0,9.78156267244791,0,0,0,0,0,183.153656005859,0,43.6412509918213,0,0,0,0,0,86.2464294433594
127.498834882464,102.813082377116,170.037328720093,102.658243815104,112.368007435518,6.81455263284901,14.8974829673017,116.98692001835,31.9719395301894,66.6620032970722,120.886163330078,74.9091980743408,77.7329878997803,70.6941577593486,34.6220363421039,15.9423815611727,0,171.486199515206,118.329627227783,149.498202323914,122.350911458333,147.722361246745,120.849800109863,160.50746790568,101.68550582554,87.5147705078125,162.141689007099,145.702141154896,124.356505533854,32.4892732444264,123.911756243025,101.522399902344,7.91971309739899,130.976187896729,38.7534150360637,0,0,0,0,0,0,0,0,0,0,0,0,0,0,0,0,0,0,0,0,0,0,0,0,0,0,0,235.885070800781,0,0,0,0,0,0,0
90.5048780441284,145.998963356018,142.352837769251,151.626118251256,74.2578847556279,14.8974829673017,14.2372489646955,65.7001841310969,24.6782637713041,74.1426663208008,43.1020178081603,85.2126847815326,24.7000913278187,95.9357422192891,36.8942110912827,15.5251467732181,162.776962280273,146.196025129324,156.0448046875,151.323714289172,48.9071449161055,134.035846841746,145.265192304339,136.26536667213,94.5128409147863,129.239271375868,158.461026058921,161.622163514833,76.5493189691888,53.9729160227709,115.921156925625,132.873312632243,19.51448302944,108.71223841628,80.0850946041539,0,0,182.472724914551,201.19221496582,0,0,0,0,0,0,0,0,0,0,0,0,0,0,0,0,0,0,0,244.429061889648,0,0,0,196.797409057617,0,0,0,0,0,0,223.933975219727
33.1918589424331,130.917724609375,99.456963108951,99.798172343861,63.1368729538388,116.98692001835,65.7001841310969,14.328704465615,68.1647223208651,71.4337028503418,24.7147761315603,144.709415024977,60.4430847793329,153.780994415283,48.9166976620865,71.3273048400879,108.176414343027,114.77674893121,167.298067092896,153.863595072428,64.7533535003662,67.642123034174,105.86228615897,84.466061199919,67.9424244466818,185.683776855469,125.078825463607,114.116123908935,32.3411487371843,56.6846117170468,27.4437853839639,159.360389709473,116.785000985129,60.3819549387405,88.6554334533756,0,0,172.21467590332,122.913431803385,0,0,0,0,0,0,0,0,0,192.780120849609,0,0,0,210.184501647949,0,192.858818054199,0,161.434204101562,131.366233825684,160.194566514757,182.981994628906,0,218.803001403809,177.90585416906,136.571147918701,0,0,0,0,0,170.239959716797
48.9867447328423,145.33230473445,125.384270187378,139.970931053162,96.2469888441265,31.9719395301894,24.6782637713041,68.1647223208651,15.9635525193919,110.174152469635,48.7750477997538,92.9090487299987,82.1317333434392,86.6545600344203,24.7661335218637,31.2435412334544,132.188919430687,129.774600300306,147.930052762204,143.475112798024,93.8196732016171,111.655821891058,145.789791800759,113.824080336233,105.579776651562,97.7227920532227,140.066345331585,146.056658843778,85.6538858491973,37.4434039608869,81.0037599443648,127.63720186295,12.8881449208226,98.9126994144394,81.1211663883955,0,194.752838134766,192.969338734945,161.499954223633,0,0,0,239.668716430664,0,0,0,0,0,119.725074768066,0,0,202.352386474609,217.340141296387,164.619277954102,206.746654510498,0,0,178.561637878418,201.86948285784,141.954925537109,92.4173049926758,199.271294487847,186.930450965618,203.789978027344,0,0,0,0,0,0
77.3451024223776,69.4523721596752,96.7398204188193,14.94700019629,32.9228195662754,66.6620032970722,74.1426663208008,71.4337028503418,110.174152469635,8.13098437103686,64.3145225137313,126.571752369833,9.82613458669379,119.737572355899,93.3324074518113,20.9160886333685,51.7902662503969,119.43588031313,142.448787342418,137.128439976619,41.8131345868944,59.5759643334993,29.3786191938614,86.7426404607111,24.4185568723386,101.132470547796,118.781699255315,103.744795551487,50.0244389101362,77.1234211199211,60.3954357966012,131.531673431396,0,61.6410709983424,81.2097625967172,0,0,160.638816833496,83.698481241862,0,0,0,0,0,6.47410173823194,0,0,0,0,0,0,0,0,0,0,0,0,143.310546875,102.730045318604,0,0,169.378082275391,177.750761985779,0,0,111.701019287109,0,0,0,186.690368652344
59.8289736400951,184.236541748047,119.439116820828,124.144359800551,23.3419898946163,120.886163330078,43.1020178081603,24.7147761315603,48.7750477997538,64.3145225137313,16.379309138198,154.747052633351,23.4222190700938,159.283318592952,53.0433656969308,72.6925012316023,92.5121810913086,147.56094624446,180.604221050556,172.621274139922,18.9267006462552,90.7656288003563,124.022561350176,110.416373288016,53.588620726207,171.692846679688,149.458213433452,143.472746691023,32.0683737693238,94.6054042275641,80.2735164007688,166.587860107422,122.527467464215,80.8128917855276,99.3138088467396,0,0,189.965148925781,122.12438583374,0,0,0,0,243.659103393555,0,0,0,0,0,0,0,178.498085021973,0,221.372360229492,0,0,0,0,189.709659576416,0,0,222.44416809082,192.923683166504,0,0,0,0,0,0,0
117.252813460979,60.2304337610964,114.732644324209,66.5623643294625,169.142503051758,74.9091980743408,85.2126847815326,144.709415024977,92.9090487299987,126.571752369833,154.747052633351,14.7052548922878,165.601102193197,24.3519628195293,95.172428788289,137.0463291515,131.857187906901,79.7109545333681,23.3068916234597,30.4414004957286,146.055928548177,110.830969157972,92.2137684764632,111.655666893051,149.076751808933,34.5409162937295,26.7941420476084,54.9679347128352,157.275587025255,67.5003271586815,123.272824923197,36.013614319959,63.2088600630613,115.404955182757,33.0749669627896,0,97.0341790771484,151.456102371216,66.2648819143122,0,0,0,0,159.635955810547,166.721883773804,0,76.8769769191742,0,69.9702378774534,0,0,159.443664550781,146.526565551758,99.498320568567,106.903278456794,0,0,123.451959089799,184.956100463867,168.936544799805,73.2102593580882,99.8049808557886,96.5872461498908,190.644226074219,183.479034423828,0,97.074462890625,0,0,138.697965410021
102.934243774414,130.791637420654,149.569148323753,185.20930480957,34.0845446123334,77.7329878997803,24.7000913278187,60.4430847793329,82.1317333434392,9.82613458669379,23.4222190700938,165.601102193197,9.74216516712321,149.433868408203,109.545516674335,13.8053922018112,168.21142578125,164.505874046913,0,161.113861083984,13.9446150193753,124.539402008057,72.8239271981376,141.360077491173,34.786541466432,0,162.853391207181,140.911526073109,41.99438416219,105.455978257315,124.189251949913,192.288154602051,112.905447006226,91.343692891738,104.582580060844,0,0,220.50244140625,0,35.7001443590437,0,51.8802885214488,0,92.9379898071289,30.6563367843628,37.4054125213623,0,10.4874554976772,159.001968383789,92.5655136108398,59.4296417236328,0,199.07746887207,0,0,9.97638417239213,0,0,0,31.5188384056091,0,0,0,0,0,0,0,0,0,87.4990768432617
108.637585639954,45.9837780204979,175.339996337891,53.0870356682019,165.149383544922,70.6941577593486,95.9357422192891,153.780994415283,86.6545600344203,119.737572355899,159.283318592952,24.3519628195293,149.433868408203,8.21248995852161,90.807640428488,148.943136850993,121.492435455322,151.677730111515,52.5092335595025,77.8493514866024,159.702568054199,148.47299041748,82.3658025480714,182.046699015299,137.27065344055,19.5300120627683,23.6417829504412,31.244907567744,161.949195675734,64.9142454663309,163.126478068034,13.6686305255095,69.9665322303772,208.301803588867,47.4680321397292,0,93.5202503204346,0,56.4282498843428,219.250709533691,0,0,0,184.267265319824,149.976895904541,0,74.1374419247293,0,66.6085952637901,213.776458740234,0,0,118.723350524902,88.1483828992729,101.837545955882,0,0,117.09883972168,191.612426757812,173.429798126221,61.7839757978302,85.9944523675101,87.1694031092282,161.73844909668,126.269744873047,0,86.8035094968734,0,0,108.596911324395
16.5003790743343,147.579437732697,111.461068148818,117.732847213745,102.386223716736,34.6220363421039,36.8942110912827,48.9166976620865,24.7661335218637,93.3324074518113,53.0433656969308,95.172428788289,109.545516674335,90.807640428488,11.0788609925779,60.9466748671098,141.151654330167,117.580318149326,133.632455245308,131.747221380714,100.743139460467,94.947228881548,124.202964146932,101.661421853262,104.987978536359,103.360911342076,129.943532717325,137.53588271594,80.294814148577,24.9373611649385,61.6266070207251,126.152196382221,17.3073213855485,52.8820629090164,68.2611537078604,0,164.22705078125,185.762950897217,0,0,0,0,0,0,0,0,185.086990356445,0,130.013038635254,0,0,0,214.546920776367,209.349014282227,225.475540161133,0,226.264907836914,141.114212036133,189.312845865885,0,159.440902709961,192.951867239816,189.780967076619,0,0,0,0,0,0,0
79.4177856445312,107.265664236886,130.615805053711,66.9943139693316,61.0676299223663,15.9423815611727,15.5251467732181,71.3273048400879,31.2435412334544,20.9160886333685,72.6925012316023,137.0463291515,13.8053922018112,148.943136850993,60.9466748671098,7.91259138481744,113.990390777588,140.675606500535,194.857086181641,148.763473510742,53.4477242339741,136.627642313639,71.2421396616343,115.753201998197,59.6313092120503,125.299063364665,152.547223772321,128.03409875608,76.4172134519373,94.8516926887708,99.9194855160183,153.304229736328,52.0278157579138,95.44787173801,108.017046101888,0,0,0,0,0,0,0,0,0,0,0,0,0,0,0,0,0,0,0,0,0,0,0,0,0,0,0,193.661415100098,0,0,0,0,0,0,0
110.168837229411,87.6543278164334,82.4990195026548,41.0390764863353,77.1038566589355,0,162.776962280273,108.176414343027,132.188919430687,51.7902662503969,92.5121810913086,131.857187906901,168.21142578125,121.492435455322,141.151654330167,113.990390777588,12.7776249421005,102.081976566588,133.171489291721,125.486417236328,0,24.809621352604,28.8461188671441,24.2070213997384,32.3531245368063,124.974876403809,111.701215362549,39.4235899555127,50.9708315698873,120.967620849609,74.1945614840815,0,0,93.0381974440355,77.6040733907175,0,0,104.503935241699,55.0986818522215,0,0,0,148.995755513509,0,0,0,0,0,0,0,0,52.1299672992262,125.121587480818,0,163.891619364421,0,91.8801623450385,59.0408580819356,100.740292917484,77.8462057113647,0,0,90.679728152147,100.040588378906,0,121.046463012695,0,0,0,102.91828591483
102.509702439642,59.5140282735659,34.3875123176605,60.7248697500624,133.770103295644,171.486199515206,146.196025129324,114.77674893121,129.774600300306,119.43588031313,147.56094624446,79.7109545333681,164.505874046913,151.677730111515,117.580318149326,140.675606500535,102.081976566588,11.7046919622248,62.6466982309797,25.6486269716301,172.355545043945,65.141231245724,67.5555136466728,33.1598885884521,125.004686286783,134.790753479004,30.0383814630175,67.0641822736052,124.104958154708,112.190746218806,78.1259302441611,95.1582505075555,159.85094587538,103.908813874303,41.5301604307716,168.206690470378,131.874543931749,106.568441735244,84.1950077414513,193.251434326172,0,0,171.52055497603,210.607308523996,178.318725585938,182.089626312256,153.194566999163,0,136.712135314941,190.015772501628,0,129.199440805536,118.289975199206,138.937881469727,121.8023954119,0,148.44574033297,89.3016663167014,125.225136144837,159.358024597168,115.783237457275,110.607105526682,110.694534140831,173.705141339983,170.865188598633,160.187831333705,0,0,0,133.47130600287
142.870907030608,86.4356973756034,88.7430005820401,73.6371557773688,166.496587117513,118.329627227783,156.0448046875,167.298067092896,147.930052762204,142.448787342418,180.604221050556,23.3068916234597,0,52.5092335595025,133.632455245308,194.857086181641,133.171489291721,62.6466982309797,7.05636061605944,22.3721808963214,0,120.855505060267,102.616456985474,111.880304748948,158.549933584113,49.8407571013545,24.3280089545278,62.3604709453035,168.237717858676,105.0009097305,126.390933496812,43.0013804081893,128.46322716607,112.534494098864,57.7307445015676,189.465515136719,124.740544128418,136.542321523031,79.9517810528095,0,0,0,0,0,154.223724365234,0,115.340333938599,0,94.8403465270996,151.973098754883,0,0,142.066480636597,106.226284825525,108.517847890439,0,187.635971069336,121.700110299247,162.747029622396,189.894065856934,79.5801870172674,101.252081867514,103.93568204992,219.102508544922,148.249313354492,160.871566772461,115.904696873256,0,0,132.112404318417
121.667412965194,64.7774336911778,74.02343469469,65.5311325442406,176.649739192082,149.498202323914,151.323714289172,153.863595072428,143.475112798024,137.128439976619,172.621274139922,30.4414004957286,161.113861083984,77.8493514866024,131.747221380714,148.763473510742,125.486417236328,25.6486269716301,22.3721808963214,13.8929842745639,0,99.4130020333295,91.2668775019755,90.5660776756179,153.082051318625,49.0256759798205,25.8836891807566,71.7255998874516,153.788737894694,106.475609291179,103.992450866319,65.0937359333038,123.687959844416,103.33749309339,43.3365929793471,193.442565917969,106.143689836775,124.045405829131,74.7248284476144,0,0,0,183.049875895182,221.337585449219,169.538131713867,0,115.830852508545,0,103.684980219061,221.792194366455,0,143.985122680664,122.57067118193,106.772204081217,109.473750511805,0,150.934432983398,109.921497344971,143.980348798964,215.291645050049,101.042184829712,101.27731924346,109.276748370612,189.045160929362,170.523628234863,184.126042683919,85.6152038574219,0,0,134.6354414044
77.7132720947266,0,170.662853240967,0,15.0121094655305,122.350911458333,48.9071449161055,64.7533535003662,93.8196732016171,41.8131345868944,18.9267006462552,146.055928548177,13.9446150193753,159.702568054199,100.743139460467,53.4477242339741,0,172.355545043945,0,0,9.60930055967012,139.744425455729,79.2302532196045,143.514384269714,21.6759203149447,153.883453369141,163.414738972982,160.798224312919,28.9485683738973,101.864181006515,108.579956054688,0,135.254949569702,88.7340835571289,100.168132237026,0,0,0,0,0,0,0,0,0,0,0,0,0,0,0,0,0,0,0,0,0,0,0,0,0,0,0,0,0,0,0,0,0,0,0
84.4515036773682,109.011716206868,64.6848462299898,53.1771254568771,94.0316242641873,147.722361246745,134.035846841746,67.642123034174,111.655821891058,59.5759643334993,90.7656288003563,110.830969157972,124.539402008057,148.47299041748,94.947228881548,136.627642313639,24.809621352604,65.141231245724,120.855505060267,99.4130020333295,139.744425455729,14.1318165076096,51.9387581610266,31.4500837988094,61.2035633446945,140.39885075887,105.881259378634,75.5572833417925,38.8792111109839,81.9053922367557,31.0182483472458,126.30707804362,168.180089950562,72.5553773284718,49.9317838316029,0,0,143.427575683594,74.3601157874392,0,0,0,193.68376159668,0,0,213.739227294922,0,0,0,0,0,118.005629799583,210.022644042969,210.071472167969,0,0,120.361518272987,71.8405172766709,135.412681291688,116.730135917664,0,167.444526672363,154.688263575236,120.792279561361,0,128.802965164185,159.270248413086,0,0,155.890403747559
124.595481236776,24.6755120618298,45.3897159051627,31.6475391749451,71.8299088111291,120.849800109863,145.265192304339,105.86228615897,145.789791800759,29.3786191938614,124.022561350176,92.2137684764632,72.8239271981376,82.3658025480714,124.202964146932,71.2421396616343,28.8461188671441,67.5555136466728,102.616456985474,91.2668775019755,79.2302532196045,51.9387581610266,8.84745209936838,51.1718734521429,41.6601114695145,65.7672886473097,75.424040005972,41.4545926146859,61.9592195387503,120.25368024865,72.3280820203317,97.2135788888642,0,116.076195660759,66.7135785261125,175.350494384766,0,101.744731140137,48.6052222251892,190.566909790039,0,0,156.189125061035,142.943935394287,0,226.493087768555,97.9000396728516,0,124.494724273682,107.69197845459,0,84.4241720199585,132.45259475708,117.413177490234,153.688105265299,0,128.68932723999,32.942349137931,84.1357871055603,115.340924072266,105.866744995117,127.935106658936,101.616994935323,116.418611526489,151.500427246094,0,0,0,0,112.861663818359
89.5803607335457,91.0190640011349,30.2159269751647,52.4512876004272,115.507377903636,160.50746790568,136.26536667213,84.466061199919,113.824080336233,86.7426404607111,110.416373288016,111.655666893051,141.360077491173,182.046699015299,101.661421853262,115.753201998197,24.2070213997384,33.1598885884521,111.880304748948,90.5660776756179,143.514384269714,31.4500837988094,51.1718734521429,16.6499156824712,74.7451362150194,185.333786010742,73.2995906885404,50.002779303106,72.0442462209174,102.206404272511,56.6377454953087,130.980990600586,167.020807439631,97.4444429983501,52.2071220043955,0,0,110.283278236093,65.120005896083,0,0,0,181.783482869466,0,145.005828857422,190.92310333252,220.846969604492,0,165.560668945312,228.6865234375,0,103.268984937502,136.406366475423,199.381896972656,200.106521606445,0,117.520607240738,67.6266685308412,107.265401657591,134.70038487361,162.291412353516,148.482311793736,108.916392105416,148.39688873291,0,167.814157867432,0,0,0,126.25532586234
84.6018406338162,84.6249969507938,106.463866559316,46.2081088564587,24.2225634419464,101.68550582554,94.5128409147863,67.9424244466818,105.579776651562,24.4185568723386,53.588620726207,149.076751808933,34.786541466432,137.27065344055,104.987978536359,59.6313092120503,32.3531245368063,125.004686286783,158.549933584113,153.082051318625,21.6759203149447,61.2035633446945,41.6601114695145,74.7451362150194,14.7440915975332,119.076000849406,132.247864460025,96.9088758972248,30.6911034933966,85.8110168604435,73.5983124936347,157.198223229611,139.685062953404,71.8570208951651,87.0284967792315,0,0,157.77400165134,89.3774164261357,20.7931266396134,0,76.005054473877,0,89.9603500366211,61.9305858612061,60.0889373779297,223.815246582031,41.2693789456342,167.15456237793,0,0,143.014723968506,167.302518572126,201.732330322266,205.423513793945,20.4994889172641,134.54798634847,70.3086651072783,154.333705357143,29.5815889835358,163.909790039062,197.031770978655,168.119132995605,74.6423176985521,118.378936767578,169.546100616455,0,0,128.612716674805,123.646416982015
0,19.8807447759344,181.048234558105,26.9329230755674,171.527400970459,87.5147705078125,129.239271375868,185.683776855469,97.7227920532227,101.132470547796,171.692846679688,34.5409162937295,0,19.5300120627683,103.360911342076,125.299063364665,124.974876403809,134.790753479004,49.8407571013545,49.0256759798205,153.883453369141,140.39885075887,65.7672886473097,185.333786010742,119.076000849406,9.22463047495286,42.6320154670855,30.1736157806466,146.052063751221,77.6810422347764,154.685325622559,44.9065770754,68.8861726125081,0,64.3986302334726,0,88.1906769275665,138.069183349609,42.2799920141697,0,0,0,0,0,152.733278910319,0,84.3868192252466,0,63.6885221654719,0,0,0,137.31990814209,85.7411504285089,91.8884997558594,0,0,134.966428756714,0,165.13037109375,48.1826728502909,80.3118449564513,80.8472216372587,191.271110534668,0,0,89.649729309082,0,0,111.226292536809
120.87059532417,50.0552065862993,34.6051048409729,49.7596471777496,141.206448449029,162.141689007099,158.461026058921,125.078825463607,140.066345331585,118.781699255315,149.458213433452,26.7941420476084,162.853391207181,23.6417829504412,129.943532717325,152.547223772321,111.701215362549,30.0383814630175,24.3280089545278,25.8836891807566,163.414738972982,105.881259378634,75.424040005972,73.2995906885404,132.247864460025,42.6320154670855,17.5059236441937,40.7822474342101,130.158556164534,112.154519378903,121.19191494566,21.1317542917488,142.397552783673,128.223319193522,68.0168322426309,169.779983520508,105.116907281391,107.278236630319,75.9170362816094,0,0,185.005615234375,180.051024216872,195.301514689128,157.800787607829,176.181945800781,107.904083251953,0,88.5144486981769,188.229328155518,0,168.084518432617,110.230464935303,107.070438518391,103.932760985264,0,152.08383669172,108.810886552599,130.396163768338,186.951161702474,71.0325393019051,94.5229407958323,99.4046919461526,181.629091186523,175.523775736491,160.959079433132,101.847551932702,0,0,124.508166713991
135.633313655853,32.350887313562,32.87691609926,43.3668887659475,121.86001266752,145.702141154896,161.622163514833,114.116123908935,146.056658843778,103.744795551487,143.472746691023,54.9679347128352,140.911526073109,31.244907567744,137.53588271594,128.03409875608,39.4235899555127,67.0641822736052,62.3604709453035,71.7255998874516,160.798224312919,75.5572833417925,41.4545926146859,50.002779303106,96.9088758972248,30.1736157806466,40.7822474342101,18.0327873615993,91.5551149267351,120.609662019289,113.269052984325,36.7510948495032,147.994621276855,120.446813476562,72.8440862740017,186.197900390625,114.900300035979,98.1055336474257,65.7461956612755,212.785591125488,0,189.025421142578,164.65211450486,198.985318320138,174.148794174194,175.132297515869,113.448414490832,0,93.3713022611327,184.432188464749,0,101.010680648516,114.263815338849,111.75462823568,108.584335027154,0,131.212772369385,75.6608106571041,106.445247987474,159.070193481445,74.6954104240904,100.034453433085,101.138115912575,163.32836900794,180.937808492909,165.969814300537,111.229401482476,154.229553222656,0,126.08383608641
71.9728298815425,113.1502176541,103.03019765467,63.8656534924341,16.0066143887073,124.356505533854,76.5493189691888,32.3411487371843,85.6538858491973,50.0244389101362,32.0683737693238,157.275587025255,41.99438416219,161.949195675734,80.294814148577,76.4172134519373,50.9708315698873,124.104958154708,168.237717858676,153.788737894694,28.9485683738973,38.8792111109839,61.9592195387503,72.0442462209174,30.6911034933966,146.052063751221,130.158556164534,91.5551149267351,16.9827783846347,81.6563677431226,53.9863375378493,173.681293487549,133.709496584806,68.682834488394,79.3327284804593,169.582412719727,0,168.100452740987,92.076904296875,0,0,0,0,0,0,202.568832397461,0,0,0,0,0,152.817944117955,188.573867797852,0,245.772903442383,0,139.635074615479,118.691205342611,158.064023237962,118.846321411133,0,197.527452468872,173.037676811218,138.193406422933,173.164042154948,163.094886779785,0,0,136.513366699219,182.033940633138
20.8873771653269,110.69100189209,134.367619393498,103.667347647927,90.4412794475314,32.4892732444264,53.9729160227709,56.6846117170468,37.4434039608869,77.1234211199211,94.6054042275641,67.5003271586815,105.455978257315,64.9142454663309,24.9373611649385,94.8516926887708,120.967620849609,112.190746218806,105.0009097305,106.475609291179,101.864181006515,81.9053922367557,120.25368024865,102.206404272511,85.8110168604435,77.6810422347764,112.154519378903,120.609662019289,81.6563677431226,13.9855161171027,34.1130476872933,97.2543386510901,13.7471492316532,18.439551975306,47.206760772773,0,127.96768951416,188.410699462891,153.574676513672,0,0,0,0,217.139068603516,0,0,138.793994903564,0,115.975234985352,0,0,0,186.498947143555,135.364459991455,164.235637664795,0,0,199.446266174316,191.599298095703,0,107.353843688965,176.686845218434,172.26584427445,165.311836242676,137.74967956543,0,115.847385406494,0,0,0
30.5983123918304,112.921889927076,88.1665661359074,62.4335814898287,83.5654465033084,123.911756243025,115.921156925625,27.4437853839639,81.0037599443648,60.3954357966012,80.2735164007688,123.272824923197,124.189251949913,163.126478068034,61.6266070207251,99.9194855160183,74.1945614840815,78.1259302441611,126.390933496812,103.992450866319,108.579956054688,31.0182483472458,72.3280820203317,56.6377454953087,73.5983124936347,154.685325622559,121.19191494566,113.269052984325,53.9863375378493,34.1130476872933,13.6322608075648,168.623920016819,126.971659907588,36.8827826226465,44.2874616609801,0,0,173.992797157981,91.8458066667829,0,0,0,139.993423461914,0,118.250381469727,0,0,0,236.43196105957,0,0,152.475209554036,199.34107208252,205.545059204102,0,0,151.051692962646,101.69034131368,154.944012535943,136.887359619141,154.284484863281,168.553759256999,162.051767237046,126.826366424561,162.137313842773,131.514979044596,0,0,138.397888183594,154.405181884766
167.380137125651,64.3654815998483,96.8042106628418,73.43284238618,182.382404327393,101.522399902344,132.873312632243,159.360389709473,127.63720186295,131.531673431396,166.587860107422,36.013614319959,192.288154602051,13.6686305255095,126.152196382221,153.304229736328,0,95.1582505075555,43.0013804081893,65.0937359333038,0,126.30707804362,97.2135788888642,130.980990600586,157.198223229611,44.9065770754,21.1317542917488,36.7510948495032,173.681293487549,97.2543386510901,168.623920016819,6.78301632466254,98.4985847473145,118.672546386719,75.2583306168711,0,115.092115922408,0,76.399525382302,0,0,0,177.171340942383,0,157.593175252279,0,100.744512176514,0,86.4298566579819,0,0,0,147.195518493652,104.721927296032,107.416986280872,0,0,133.875877380371,160.749420166016,229.459777832031,77.1694412231445,99.8894930603684,103.259209234064,0,0,176.813766479492,100.025064970318,0,0,125.656024387905
90.6163429260254,107.900253295898,168.723678588867,137.740750630697,145.186141967773,7.91971309739899,19.51448302944,116.785000985129,12.8881449208226,0,122.527467464215,63.2088600630613,112.905447006226,69.9665322303772,17.3073213855485,52.0278157579138,0,159.85094587538,128.46322716607,123.687959844416,135.254949569702,168.180089950562,0,167.020807439631,139.685062953404,68.8861726125081,142.397552783673,147.994621276855,133.709496584806,13.7471492316532,126.971659907588,98.4985847473145,4.70477845496473,110.398666381836,35.1002810167306,0,0,0,0,0,0,0,0,0,0,0,0,0,136.174789428711,0,0,0,0,0,0,0,0,0,0,0,0,192.08016204834,193.55419921875,0,0,0,0,0,0,0
33.0045603513718,133.423252105713,117.975254724896,93.1479100447435,70.1156412513511,130.976187896729,108.71223841628,60.3819549387405,98.9126994144394,61.6410709983424,80.8128917855276,115.404955182757,91.343692891738,208.301803588867,52.8820629090164,95.44787173801,93.0381974440355,103.908813874303,112.534494098864,103.33749309339,88.7340835571289,72.5553773284718,116.076195660759,97.4444429983501,71.8570208951651,0,128.223319193522,120.446813476562,68.682834488394,18.439551975306,36.8827826226465,118.672546386719,110.398666381836,8.94683366970912,35.9840993115524,0,0,209.672256469727,0,0,0,0,0,0,0,0,0,0,159.593078613281,0,0,153.086486816406,0,0,0,0,0,0,181.136688232422,0,171.852325439453,130.513290405273,165.714393615723,139.346580505371,0,0,0,0,0,0
83.9710689100247,70.9051781833762,78.5010153410589,71.0969500219606,91.6166909392624,38.7534150360637,80.0850946041539,88.6554334533756,81.1211663883955,81.2097625967172,99.3138088467396,33.0749669627896,104.582580060844,47.4680321397292,68.2611537078604,108.017046101888,77.6040733907175,41.5301604307716,57.7307445015676,43.3365929793471,100.168132237026,49.9317838316029,66.7135785261125,52.2071220043955,87.0284967792315,64.3986302334726,68.0168322426309,72.8440862740017,79.3327284804593,47.206760772773,44.2874616609801,75.2583306168711,35.1002810167306,35.9840993115524,11.9893431339156,0,129.766192626953,110.11876930729,91.4030726114909,0,0,197.297063191732,162.086041768392,210.059494018555,245.609191894531,0,144.164099799262,0,106.002876683285,0,0,116.168815231323,133.730187502774,147.416948954264,130.363396469428,0,140.78793988909,85.3708455702838,121.0824389886,148.503929138184,102.0758934021,124.353361129761,121.343481714585,157.991659164429,244.833526611328,152.246785481771,147.208585739136,0,0,137.810385483962
0,0,0,89.5713729858398,0,0,0,0,0,0,0,0,0,0,0,0,0,168.206690470378,189.465515136719,193.442565917969,0,0,175.350494384766,0,0,0,169.779983520508,186.197900390625,169.582412719727,0,0,0,0,0,0,12.307764718747,134.193677902222,110.948307418823,97.6841750008719,98.5879779052734,88.0470390319824,98.1754565031632,22.7330438765426,61.4547993305516,75.780814017019,53.7347109518319,124.398877885607,84.4193115234375,180.238784790039,23.2680938091051,0,93.6062563382662,107.897065626303,138.875051710341,123.380553505637,92.4773864746094,83.5886091752486,107.611135864258,104.534757513749,80.0938616456657,127.14018758138,121.959624039499,132.292538473051,77.1171178199715,21.2600728930837,28.550637892253,173.902565002441,101.010642107795,35.993814069062,69.6566139354262
0,132.679927825928,178.156845092773,126.245071411133,0,0,0,0,194.752838134766,0,0,97.0341790771484,0,93.5202503204346,164.22705078125,0,0,131.874543931749,124.740544128418,106.143689836775,0,0,0,0,0,88.1906769275665,105.116907281391,114.900300035979,0,127.96768951416,0,115.092115922408,0,0,129.766192626953,134.193677902222,8.47222499754339,40.9669566495078,25.8401471624947,102.712121073405,0,145.779950459798,123.389791870117,147.181811579952,68.3036037670669,168.882272992815,65.5465874855335,0,50.4529994392142,143.033430530179,103.092178344727,80.6114597320557,55.8461712453967,72.9612105662429,59.0020961646574,0,94.3681780871223,21.595788089569,84.6182200221692,82.8064747050133,21.0114273193418,47.2769366675847,33.284202046224,120.341129426033,116.731385623707,107.451448440552,61.2548539011102,0,147.438130696615,71.9396403354147
203.040191650391,126.774298095703,94.3229683248406,103.082759539286,156.736251831055,0,182.472724914551,172.21467590332,192.969338734945,160.638816833496,189.965148925781,151.456102371216,220.50244140625,0,185.762950897217,0,104.503935241699,106.568441735244,136.542321523031,124.045405829131,0,143.427575683594,101.744731140137,110.283278236093,157.77400165134,138.069183349609,107.278236630319,98.1055336474257,168.100452740987,188.410699462891,173.992797157981,0,0,209.672256469727,110.11876930729,110.948307418823,40.9669566495078,11.4862047950856,43.5840320469855,130.063113285945,174.320671081543,132.387155151367,82.666291106428,122.447152659681,90.0820176344651,106.994978031968,97.5795239948091,118.761602783203,92.4973699396307,126.01988104058,126.773456573486,73.7135815620422,37.5729615318429,84.9124160928929,62.3903923285269,137.7552734375,65.6717032456201,42.5337548303871,29.1416890017497,95.9428191593715,98.8526268005371,26.5561148911935,30.5500606934962,86.3385034756173,133.655803044637,97.9066075103672,90.842077255249,162.036181640625,118.616173638238,78.3837347441162
0,65.1670116848416,67.1040581597222,16.3761335599054,93.4931259155273,0,201.19221496582,122.913431803385,161.499954223633,83.698481241862,122.12438583374,66.2648819143122,0,56.4282498843428,0,0,55.0986818522215,84.1950077414513,79.9517810528095,74.7248284476144,0,74.3601157874392,48.6052222251892,65.120005896083,89.3774164261357,42.2799920141697,75.9170362816094,65.7461956612755,92.076904296875,153.574676513672,91.8458066667829,76.399525382302,0,0,91.4030726114909,97.6841750008719,25.8401471624947,43.5840320469855,17.5888644531854,51.2526523188541,75.343620300293,157.116494178772,95.1497141113281,126.240718654558,11.1887179526006,118.88557434082,48.5234500663868,87.5426940917969,38.7883397931034,121.109601917833,64.4261175791423,39.0469911639537,58.1248468907385,68.1577701125034,57.9797722670719,0,48.3073185948076,23.9421317069225,48.484263536296,37.4793540530317,11.2131432195201,44.3806736570768,42.0858269178641,60.6374480055177,87.4532318115234,60.0394491187493,65.4955609639486,132.554712931315,60.9517514155461,68.3739347457886
0,0,183.786407470703,0,4.5605226496982,0,0,0,0,0,0,0,35.7001443590437,219.250709533691,0,0,0,193.251434326172,0,0,0,0,190.566909790039,0,20.7931266396134,0,0,212.785591125488,0,0,0,0,0,0,0,98.5879779052734,102.712121073405,130.063113285945,51.2526523188541,10.9797717545924,136.975103525015,66.2390749277892,62.7767272777245,96.5431338041994,37.5880870391322,30.8802147588928,165.934925426136,27.9420997383887,152.499827067057,102.80363527776,60.6815909586455,76.5647893633161,154.982420548149,186.276606241862,159.677259172712,12.4948401346895,136.322835922241,56.4112416097563,127.36553365534,18.3612701614348,137.498865763346,150.106894828178,112.397359727304,30.5313761412998,93.8846901214148,120.810367075602,193.317329406738,128.86668311225,83.7439962953002,93.0993122808712
0,0,0,0,0,0,0,0,0,0,0,0,0,0,0,0,0,0,0,0,0,0,0,0,0,0,0,0,0,0,0,0,0,0,0,88.0470390319824,0,174.320671081543,75.343620300293,136.975103525015,7.49505904565674,9.15775386034554,120.049160710088,23.4637287795268,42.5792922973633,109.517856934491,62.062104733785,101.505791404031,81.9584678201114,39.411606785358,12.6869122791434,0,168.554377964565,94.5427932739258,101.285003662109,119.861692428589,164.654792785645,0,123.379763285319,138.511315482003,66.2394256591797,166.265910557338,146.083504310021,134.16181640625,23.6524901503608,133.198101806641,122.640179951986,10.0902855399071,182.895500183105,29.9624775484275
0,0,0,0,60.7455177307129,0,0,0,0,0,0,0,51.8802885214488,0,0,0,0,0,0,0,0,0,0,0,76.005054473877,0,185.005615234375,189.025421142578,0,0,0,0,0,0,197.297063191732,98.1754565031632,145.779950459798,132.387155151367,157.116494178772,66.2390749277892,9.15775386034554,11.3392313872341,61.7922611013253,19.8067354411897,54.5343438177994,36.4305332947567,72.6804056751485,29.8762963110923,89.3432780940358,33.3276264690272,15.7862495474731,158.776030222575,145.072065979895,121.500661577497,155.140693119594,47.2533668379076,123.098918914795,123.931964238485,137.573495799098,79.4476509127642,88.3921527862549,148.791550250764,152.7730030733,71.6247127647653,53.1218541006544,117.639114379883,106.436045328776,19.4597664915454,113.219469070435,60.2563222748517
0,159.211380004883,147.999703627366,140.302548217773,47.287670135498,0,0,0,239.668716430664,0,0,0,0,0,0,0,148.995755513509,171.52055497603,0,183.049875895182,0,193.68376159668,156.189125061035,181.783482869466,0,0,180.051024216872,164.65211450486,0,0,139.993423461914,177.171340942383,0,0,162.086041768392,22.7330438765426,123.389791870117,82.666291106428,95.1497141113281,62.7767272777245,120.049160710088,61.7922611013253,13.1250594861468,63.3434150483316,75.902201534657,23.6956359075074,137.133489608765,75.1826214674042,165.632302024148,46.9953385025887,95.7073891379616,98.5110144875266,94.3750248142537,138.312964827926,119.358300586399,58.543527803923,65.7310277411023,99.9428331889803,74.1168167679753,66.7530604886106,137.324789259169,112.160041062018,121.793961256857,29.4884001334835,50.7862535752537,29.6848298418638,166.057891845703,116.822044516509,62.7810383830185,82.1221779204201
0,0,184.319272359212,103.546981811523,102.173077392578,0,0,0,0,0,243.659103393555,159.635955810547,92.9379898071289,184.267265319824,0,0,0,210.607308523996,0,221.337585449219,0,0,142.943935394287,0,89.9603500366211,0,195.301514689128,198.985318320138,0,217.139068603516,0,0,0,0,210.059494018555,61.4547993305516,147.181811579952,122.447152659681,126.240718654558,96.5431338041994,23.4637287795268,19.8067354411897,63.3434150483316,14.9071228707717,102.860510939259,39.284608021597,76.1313393592834,88.1161475088082,89.8083557891846,20.1246017635311,31.9565006239323,134.021310011546,128.04611714441,123.683756692069,140.576920110257,90.4856553203181,115.701943054199,136.533765755448,119.408634067939,99.9826457662393,120.655456542969,137.832153894881,147.617741355949,85.3842209890803,41.659181642169,85.5850136882127,124.076172401165,9.25360152754635,95.0021202619686,59.0315907044419
0,0,231.971771240234,16.8674125878707,0,0,0,0,0,6.47410173823194,0,166.721883773804,30.6563367843628,149.976895904541,0,0,0,178.318725585938,154.223724365234,169.538131713867,0,0,0,145.005828857422,61.9305858612061,152.733278910319,157.800787607829,174.148794174194,0,0,118.250381469727,157.593175252279,0,0,245.609191894531,75.780814017019,68.3036037670669,90.0820176344651,11.1887179526006,37.5880870391322,42.5792922973633,54.5343438177994,75.902201534657,102.860510939259,6.84880625960899,70.5631938934326,123.825566530228,10.7411555833959,114.29399172465,98.4650142218477,15.163234893924,49.1719670793903,111.14299473864,132.207901424832,121.243917690487,17.6641184460949,68.0216385977609,27.9261723758956,89.2152334572612,20.8810328154474,92.8886656761169,106.712805272743,93.3050378440453,54.9471531200409,76.1979739864667,65.3267732439094,143.252883911133,150.617332458496,60.4686665610662,87.7791299516228
