11.3141164451783,0,87.2559575702166,66.4113138834635,94.8887719726562,66.0954711914062,71.8999717838162,27.3629590122498,33.8491229192646,63.8651584868735,47.925101796555,113.862714131673,105.868833007812,135.47455851237,13.6463928806861,63.9483852386475,100.288383483887,89.6827579460035,135.858678109305,126.018329795347,107.999979654948,68.5158265896414,103.668944910953,77.5032745443496,77.892053398219,112.646522521973,117.719892260395,119.29043449033,70.2855206337882,12.5622776578671,28.8580349167658,146.747192382812,82.5481112249966,57.6160563593325,82.9662329276896,132.502777099609,178.478462219238,166.712767333984,84.0705137252808,138.210922241211,0,165.736129760742,149.622457330877,151.988019307454,76.7786500930786,138.566407775879,0,0,0,174.011991228376,0,139.522779464722,189.010219867413,0,213.367315673828,135.695251464844,159.189376831055,97.1526620047433,181.5644934518,121.654231025177,0,190.911507054379,170.54427700951,132.595218718998,148.486137390137,176.507809956868,0,0,110.289039611816,156.588633219401
0,7.39981390265473,76.1194610595703,23.8499907542552,100.884635925293,0,145.680493672689,150.118701934814,149.288459777832,56.1913283321273,140.034177144368,87.1762924194336,97.0323143005371,52.5455686810074,128.694402694702,94.3615528987004,73.8552181537335,58.9315933651394,76.8456005520291,74.4073739302786,148.87100982666,87.8252833973278,18.9578563909207,87.9873398372105,68.4163627624512,24.7982046694475,58.0814817428589,30.5345713955753,104.569772391484,103.796567770151,122.720865885417,64.4751722717285,143.601715087891,109.476501464844,64.8541078770414,0,134.891019185384,99.308627916419,65.743495464325,0,0,0,0,0,104.637855529785,198.128746032715,97.0396408081055,0,99.304816025954,191.539512634277,0,0,111.088859558105,120.051503499349,126.163611602783,0,129.427833557129,106.621821085612,112.868539810181,134.040023803711,89.7809244791667,113.932954078497,103.182049899631,171.414830525716,0,137.281234741211,121.734718322754,0,0,118.682943725586
87.2559575702166,76.1194610595703,12.4289272537384,59.0002695918083,116.924305386013,159.703914642334,136.661175570645,91.4667623756905,115.32089045996,96.7490142822266,100.584724306735,100.291235795662,183.217402140299,128.172534179687,109.177286472689,130.974781036377,80.7305632273356,39.7610552897999,98.4743217799975,88.074078916772,162.467432657878,60.7559821573649,51.709557700403,28.2843184185542,91.8857596529974,102.354438781738,38.3988068077458,25.3594148612037,75.875404272752,116.912789938276,81.4691388202926,96.6041382683648,171.899018721147,98.2586870501118,62.4052382556031,168.898220607213,101.828460269504,98.2273373212971,92.7092268466949,0,0,200.344100952148,162.397156756857,193.753565701571,175.073527526855,179.188694545201,151.0910987854,0,0,184.573955383301,0,113.723751147588,113.926565400397,163.09567565918,133.626438516966,0,128.825668334961,71.7875702873109,104.674062144217,153.429292328504,0,115.138369706961,95.9110659565434,155.631979074051,181.252922821045,148.246877882216,0,231.797515869141,156.840295410156,115.772406380132
66.4113138834635,23.8499907542552,59.0002695918083,36.1839004570876,63.6999714234296,98.7102142333984,91.7216156707413,66.5381299922993,82.7973800294428,26.2074425347727,73.7233728823454,77.9341935211757,99.7168705749512,59.1263100925245,87.0899446609572,69.5253448486328,48.9224935303007,64.700011935987,89.6462504977272,78.2318660100301,88.584250740383,55.9061881779555,26.251674186539,70.0236972980812,40.7879413684826,32.1481361598411,57.9457536405676,40.0423741226233,57.5986733849232,72.931056437049,56.8924806037762,70.5497324908221,115.822789705717,50.7221207391648,61.8371659792387,132.769775390625,89.0553741455078,96.1182042138051,45.3347124305426,81.3185424804688,0,187.666002909342,102.515309950885,0,66.4428206852504,126.037502288818,123.212395985921,63.6565844217936,95.3872993824094,137.812459309896,0,90.3871436648899,114.634199489247,118.791157313756,111.37820317195,81.691104888916,103.736072833721,41.8709618091583,119.653298695882,75.2778198677197,93.0479130744934,109.5816562248,87.37710073752,119.546081820401,126.933131694794,98.4072131106728,111.693809509277,0,76.8231288364955,102.273076490922
94.8887719726562,100.884635925293,116.924305386013,63.6999714234296,9.70614725894428,114.283573519799,80.9477439520185,72.0424475987752,96.6612097422282,49.7938773785026,24.1036612853393,157.689942536531,28.9352403379818,157.077545166016,105.767708134387,63.1856538951397,0,169.950764465332,180.565232710405,177.215894063314,13.0179479002671,128.243946075439,80.8178370549129,126.082545810276,23.0145031154782,156.62646484375,150.792380905151,138.267530059814,14.4556970710118,99.2847969285063,104.058379309518,168.380783081055,129.947051738871,79.7382258038188,93.5946241760254,0,145.626266479492,157.521362304688,73.8587526174692,14.7617557477385,0,129.040941678561,125.846361432757,166.098670959473,84.562559660091,127.76884267345,0,22.41637480039,0,163.341951810397,118.161550733778,0,204.151077270508,0,0,18.8582675138693,0,131.43839263916,183.658004760742,90.9450905099679,189.666275024414,203.218444824219,166.405895233154,132.472564892891,175.911708831787,147.3740234375,0,219.385192871094,171.885864257812,163.033710479736
66.0954711914062,0,159.703914642334,98.7102142333984,114.283573519799,7.73935943538576,12.7945310069686,112.910378592355,20.4852387927986,61.0202420142389,111.198822795481,71.1058689464222,83.79536857027,111.204241010878,23.3672731320925,15.179040196081,0,156.635835266113,104.76993560791,92.9120864868164,103.787665423225,0,127.690935770671,111.818991088867,97.7314215606114,77.138557434082,127.442758832659,125.522322845459,118.241083621979,24.2087044269224,110.067073822021,120.491765340169,13.8569230858639,0,41.8970095316569,0,0,209.949844360352,0,0,0,0,0,0,128.602428436279,0,0,0,0,213.252014160156,0,0,0,0,0,0,0,0,0,168.25651877267,0,0,158.415252685547,188.230555216471,183.485450744629,181.954025268555,0,0,0,0
71.8999717838162,145.680493672689,136.661175570645,91.7216156707413,80.9477439520185,12.7945310069686,11.0570928282397,78.1033853433497,17.7512331106024,54.2884509174536,36.3251424912746,89.7038335959117,29.0225172094142,96.6522407531738,35.2227892845342,17.1552296481165,150.2175877889,149.139554635072,118.020271470812,133.396173303778,62.6308697764931,127.739325332642,112.333290100098,124.869878455053,74.6778747646176,131.884892272949,147.873994540324,151.183282908827,84.7815390742909,44.9903238312562,111.190254564638,134.694982528687,22.1791449546624,111.428132308157,73.5337922689077,191.096720377604,0,198.995193481445,110.369647273311,100.236850838912,0,171.753271102905,153.744378662109,196.924050467355,104.315413284302,152.890461540222,125.117599487305,118.135100731483,234.011627197266,203.095381516677,173.394276936849,151.296745300293,0,0,199.970260620117,120.391859485257,179.602142333984,105.079669952393,219.671272277832,126.472268093838,0,222.925933837891,208.228132459852,161.15782697273,208.980090332031,207.970260620117,0,0,219.033569335938,211.872833251953
27.3629590122498,150.118701934814,91.4667623756905,66.5381299922993,72.0424475987752,112.910378592355,78.1033853433497,7.90487857402211,55.9721044099527,60.1040782002569,16.3981812175567,149.985132613272,109.249104054769,161.796178181966,38.8686765496148,87.4442768096924,102.908634821574,117.745379682302,165.241073021522,154.764794551965,129.096142951478,65.3374053232954,83.3609671062893,72.2878615415939,62.992392605107,0,123.059503928151,109.115175150345,31.5009635558812,62.7569720803393,18.5455764683035,167.097396850586,122.661659316261,59.2905799697494,70.514339287404,149.64813709259,0,174.832657470703,81.5432470667432,129.869341169085,182.755645751953,159.911299387614,127.991778254509,162.449076565829,85.9463255482335,136.39894935063,188.708999633789,113.940149579729,0,160.304213932582,151.54084777832,138.523211797078,190.752701392541,0,214.744021097819,126.358968098958,145.270961414684,112.205602645874,163.574320293608,111.734908910189,194.814422607422,194.639495186184,177.293689836775,128.857880855429,162.563288721545,139.715014219284,226.034912109375,0,151.283520785245,154.407830751859
33.8491229192646,149.288459777832,115.32089045996,82.7973800294428,96.6612097422282,20.4852387927986,17.7512331106024,55.9721044099527,13.3458077188454,79.4530786463344,30.4253009377035,83.9571897610515,75.2207367573702,101.298903608322,18.6808376815622,28.0792439008412,137.918645222982,128.636206688315,119.470225197928,133.839413242486,92.3260346117953,99.1518139704036,137.221405616173,106.862451559426,81.2562197664445,125.008977617536,138.978647195275,134.158094417069,81.6100305375944,35.0070665935,84.5704402431718,126.991939421623,21.3794756837032,87.6995750911652,74.8645521390069,174.750020345052,0,187.030221262286,96.9007427843311,136.354078865051,212.821273803711,164.638902452257,158.044074806007,181.601184082031,104.408151209354,150.556971885063,189.540664672852,120.987875994514,190.15682220459,181.55325012207,122.168495178223,140.905082702637,204.843915303548,0,177.994374084473,135.513007424094,173.682243347168,141.278945922852,203.429873875209,127.191933882288,229.253158569336,197.920119628906,187.281761331761,152.122303500705,187.085607088529,180.816593170166,135.437561035156,0,187.464065551758,183.744077242338
63.8651584868735,56.1913283321273,96.7490142822266,26.2074425347727,49.7938773785026,61.0202420142389,54.2884509174536,60.1040782002569,79.4530786463344,8.41104773259811,60.6039051724904,123.817780358451,15.7132289987102,112.937949268058,88.5746110113044,20.7819994518815,98.7736993789673,130.472109827502,148.150320053101,131.539254408616,63.3579901059469,71.4834262530009,24.4190781651161,98.077920740301,24.1067164421564,93.3154017329216,126.940328826904,98.9412473061423,52.5553614434306,81.887253585371,62.5321492467608,129.989895236108,128.714796447754,64.1784725189209,92.8151678466797,0,199.702331542969,167.210929870605,45.5299169087814,91.2052516937256,163.823776245117,118.732260567801,109.369269561768,172.086619059245,59.3692120990238,111.584391445584,164.20014444987,72.4385569095612,160.062282167632,146.781568908691,70.8068073497099,152.328109741211,209.215110778809,187.653096516927,196.00373840332,88.1921957712325,190.833104451497,163.944499969482,0,71.6478523415437,159.712959289551,172.522885357892,167.279845101493,109.875692873585,163.724528503418,152.280451456706,167.40495300293,0,0,140.459580993652
47.925101796555,140.034177144368,100.584724306735,73.7233728823454,24.1036612853393,111.198822795481,36.3251424912746,16.3981812175567,30.4253009377035,60.6039051724904,10.4054860387172,147.634574823212,25.0147138512966,165.611829485212,54.2156377113581,70.0649868515303,108.633789910211,136.296795337231,173.125426854843,167.47344480242,17.2196375432721,82.1549526759556,98.3443772792816,90.3679920903752,56.1988865126066,192.258377075195,131.82398047814,122.42325914008,33.250945237637,85.9056192394733,86.5444450378418,174.712337917752,124.660491277301,73.4052416173423,86.6444040557338,203.033721923828,184.934906005859,169.171486349667,82.1413873057825,67.1902686066098,0,157.178685506185,132.389950959579,162.767093658447,92.8366311863491,146.260925083944,0,93.4321478020911,205.997009277344,163.466180735621,124.583713531494,154.587281799316,179.208999633789,191.319900512695,196.508169555664,114.751148039835,215.928657531738,112.049625396729,183.725424194336,105.903408391551,0,205.973079334606,182.936904104132,144.576157023888,178.306314641779,163.109486897786,0,0,218.355178833008,167.159320537861
113.862714131673,87.1762924194336,100.291235795662,77.9341935211757,157.689942536531,71.1058689464222,89.7038335959117,149.985132613272,83.9571897610515,123.817780358451,147.634574823212,13.9441589013104,142.967529452577,26.0968268717669,87.3911740650259,96.670970916748,112.577793545193,47.5626736634817,25.2857517981899,23.4305885852793,151.27900834517,101.703819365728,96.4738288292518,93.2148544144456,152.466045987779,43.1666222122354,32.8900307091399,66.0897075872404,150.31576302711,64.3743223822691,113.475609433334,35.4473602121217,72.4478916397364,90.7356782393022,35.0847282101766,232.683433532715,124.3319272995,143.158075793036,154.088443756104,190.850692749023,0,219.560394287109,225.877917480469,193.983386993408,182.67702738444,230.137046813965,94.0635523401705,0,88.3178894767422,209.375350952148,0,151.744407653809,148.787707192557,105.501865688123,112.54756552713,0,156.357192993164,128.198543972439,168.541554377629,189.130319448618,83.0303637596869,105.488191435169,113.142964998133,200.334674541767,198.113754272461,0,98.8250650733408,110.95654296875,213.347946166992,150.535320281982
105.868833007812,97.0323143005371,183.217402140299,99.7168705749512,28.9352403379818,83.79536857027,29.0225172094142,109.249104054769,75.2207367573702,15.7132289987102,25.0147138512966,142.967529452577,9.33178492218866,158.050799650304,98.2630828934349,18.9020384698269,199.007858276367,190.706457773844,164.223304346988,167.325532179612,13.6530661001746,184.157450358073,85.4830703735352,170.7487159729,30.0575029910167,142.888407897949,174.256468982231,151.895916581154,47.7723999646659,99.2631677246094,158.756261652166,174.968146187919,109.024158662209,95.1313190460205,98.8346657752991,0,0,0,100.347408460534,46.012739906606,0,171.537836710612,192.480979919434,133.18070602417,88.9389703114827,139.235681152344,0,17.1892233556406,0,169.096364339193,82.0611182318793,0,0,0,0,55.1387099129813,0,0,0,107.87468154386,0,199.844184875488,243.117218017578,178.47756652832,0,141.155609130859,0,0,0,0
135.47455851237,52.5455686810074,128.172534179687,59.1263100925245,157.077545166016,111.204241010878,96.6522407531738,161.796178181966,101.298903608322,112.937949268058,165.611829485212,26.0968268717669,158.050799650304,8.41808982780272,104.475799167857,152.326166593111,146.554962158203,89.496736748274,47.8490286327544,71.2561808876369,162.060150146484,129.789041519165,82.7319536485089,110.742237854004,132.475783461231,19.8935980849963,27.2605299346204,27.2457192350995,158.371211242676,85.3425079139503,171.973272705078,10.9984981660316,89.0421370824178,0,60.2023977033931,233.716232299805,112.276015337776,154.943781926082,120.300275756092,0,124.227516174316,142.518474578857,234.818771362305,123.133605957031,157.155088551839,208.564575195312,83.4546264165855,0,76.1906135648141,162.530954996745,172.403579711914,178.421905517578,161.465840148926,97.4187509342116,104.688393481024,0,213.488265991211,121.526244027274,168.366764831543,195.586757659912,66.5052031368189,95.923078806852,100.97737678079,0,157.244407653809,166.660873413086,90.7146298601911,0,0,110.025198574724
13.6463928806861,128.694402694702,109.177286472689,87.0899446609572,105.767708134387,23.3672731320925,35.2227892845342,38.8686765496148,18.6808376815622,88.5746110113044,54.2156377113581,87.3911740650259,98.2630828934349,104.475799167857,9.49341363415938,33.8347164145461,170.563188825335,115.498876066466,119.030516544465,128.029562985086,99.8298068270587,90.2712737216225,110.662668016222,96.9604967156517,96.1994893012305,85.2665583292643,134.123305540648,131.61107137301,86.3506762822129,20.8952153120703,67.9912261181648,128.907582146781,21.0462436961215,83.8674155044556,62.6664455241877,189.890405273437,190.145401000977,186.138189697266,103.566339846011,142.152803594416,0,193.987789916992,150.444514660125,180.806325639997,95.459644214527,178.250655247615,0,169.104391098022,154.074478149414,183.437655131022,0,151.056963920593,191.924482557509,168.951670328776,203.283763885498,127.262269761827,156.756072998047,133.934220450265,187.68880185214,140.254700887561,159.36555480957,199.202130126953,183.285193634033,153.148217815823,171.649917057582,152.381654219194,156.61247253418,0,166.068747384208,163.53782081604
63.9483852386475,94.3615528987004,130.974781036377,69.5253448486328,63.1856538951397,15.179040196081,17.1552296481165,87.4442768096924,28.0792439008412,20.7819994518815,70.0649868515303,96.670970916748,18.9020384698269,152.326166593111,33.8347164145461,7.43623187848766,0,145.310397677951,0,178.398727416992,58.5502765149955,95.8433990478516,69.4009019820417,130.081227983747,42.4235367210446,131.395227704729,166.755330403646,131.097404162089,76.8861808569535,30.6395471127828,90.9099941253662,0,36.7297168261384,75.9221706390381,67.6658193414862,146.273483276367,0,172.879760742188,82.1456108093262,100.628317696708,0,0,0,0,94.4278366088867,130.466850280762,238.354110717773,60.864185333252,193.661870320638,150.623901367188,71.9706954956055,0,0,0,198.2392578125,0,190.622543334961,0,0,109.127678249193,175.634384155273,221.54638671875,166.319221496582,154.91667175293,216.358940124512,0,0,0,0,0
100.288383483887,73.8552181537335,80.7305632273356,48.9224935303007,0,0,150.2175877889,102.908634821574,137.918645222982,98.7736993789673,108.633789910211,112.577793545193,199.007858276367,146.554962158203,170.563188825335,0,14.3911706240035,97.1853689143532,132.865503311157,120.635897742377,117.155204772949,19.7903949980589,35.3421446678536,19.6697370806727,34.7256881997518,102.95015335083,108.659324645996,32.8699172386512,40.1084072416248,124.600911276681,77.4936331276582,139.367539723714,122.763702392578,73.5426330566406,77.8865949301411,157.142692565918,0,127.551868725848,59.8059389560572,0,0,0,146.328267669678,183.215560913086,0,169.082096099854,0,0,169.428604125977,196.349960327148,0,98.8033003471267,153.847666520339,0,170.043428039551,0,115.10317770408,56.2347081480355,104.806256882688,116.961179900588,167.369743347168,157.456206730434,117.785884673939,133.416036333357,155.703689575195,121.976262615573,212.495147705078,0,123.122735977173,115.429607911543
89.6827579460035,58.9315933651394,39.7610552897999,64.700011935987,169.950764465332,156.635835266113,149.139554635072,117.745379682302,128.636206688315,130.472109827502,136.296795337231,47.5626736634817,190.706457773844,89.496736748274,115.498876066466,145.310397677951,97.1853689143532,12.2939966438776,54.2022059536187,26.9085111071095,179.632534450955,56.014916049589,77.2925514876842,24.225073537263,124.346516669551,74.3013149759044,39.5111097976162,63.3036217969795,119.65694470756,95.796322209166,69.3759238988439,83.8691678590412,139.73044128418,87.0341063990737,38.6051350626603,188.956481933594,98.0092582702637,109.67265900088,105.859831134925,179.551406860352,0,224.599014282227,175.190518830952,208.414717102051,154.876419830322,181.500183105469,140.172252361591,0,142.941423143659,193.418403379379,203.224365234375,135.404928738954,116.203167029141,144.944693429129,123.565896827054,0,152.149324351344,102.752986065753,127.947795018952,166.095009117796,113.923160552979,114.15649974506,109.282234777209,180.307666554171,191.032177607218,155.918153351428,159.123662948608,0,157.724617004395,130.203682539198
135.858678109305,76.8456005520291,98.4743217799975,89.6462504977272,180.565232710405,104.76993560791,118.020271470812,165.241073021522,119.470225197928,148.150320053101,173.125426854843,25.2857517981899,164.223304346988,47.8490286327544,119.030516544465,0,132.865503311157,54.2022059536187,10.2109206219946,18.8728678715489,181.760866800944,124.416627036201,125.033000564575,101.208888332049,167.984078543527,50.0289874751393,29.9030041218663,59.6342899811268,165.219375174386,93.5585768652744,117.743459994976,48.7270514492941,99.2752693010413,120.223507881165,61.4561953147252,231.362289428711,113.485560825893,148.307788085937,155.389644276012,0,0,168.276275634766,184.461349487305,0,183.529678344727,234.818649291992,96.6642391942128,0,98.2610674004806,0,0,170.745506286621,149.101963749638,110.987527102516,117.878473367777,0,180.005844116211,145.581380844116,172.570346069336,207.520112779405,88.1579497487921,111.013170303012,113.630007311503,221.63525390625,0,180.483464558919,109.862927109448,0,0,122.908449808757
126.018329795347,74.4073739302786,88.074078916772,78.2318660100301,177.215894063314,92.9120864868164,133.396173303778,154.764794551965,133.839413242486,131.539254408616,167.47344480242,23.4305885852793,167.325532179612,71.2561808876369,128.029562985086,178.398727416992,120.635897742377,26.9085111071095,18.8728678715489,9.36556573197381,169.215106201172,103.605849052878,110.816212198009,87.3885548969728,151.150770568848,52.9052439770067,26.8655095760374,62.7680485212389,152.070068552524,94.292256761135,100.907442109338,63.4221175432205,96.5598951975505,107.256239700317,48.7138747914078,191.482261657715,123.656522115072,134.374061084184,124.971651395162,186.964950561523,0,0,224.704772949219,237.338821411133,168.737640380859,188.193695068359,110.474237503544,0,110.529919044644,172.633209228516,0,147.094005584717,136.192037052578,113.520257688036,112.854730828603,0,196.243977864583,141.05533061308,165.380176391602,202.129800796509,89.0929935161884,107.755370512832,110.507186310304,220.959869384766,199.643902587891,166.496551513672,114.519068284468,0,0,124.603857585362
107.999979654948,148.87100982666,162.467432657878,88.584250740383,13.0179479002671,103.787665423225,62.6308697764931,129.096142951478,92.3260346117953,63.3579901059469,17.2196375432721,151.27900834517,13.6530661001746,162.060150146484,99.8298068270587,58.5502765149955,117.155204772949,179.632534450955,181.760866800944,169.215106201172,8.31057929179248,169.648586273193,72.146728515625,194.99600982666,21.8609988926296,0,185.085645948138,185.812232971191,30.0972274786695,100.017862485554,157.27925491333,174.043762207031,123.882886308612,97.1146799723307,99.426736744172,0,150.433883666992,0,91.5953886450791,15.2153773921045,0,138.744032224019,0,231.435508728027,102.775094283255,132.893374851772,0,8.5527604026559,0,208.085357666016,121.652732849121,0,0,232.954635620117,0,12.6021724545824,0,134.561157226562,0,81.5627321174138,0,0,198.121734619141,148.395036379496,207.741233825684,207.336944580078,0,0,0,0
68.5158265896414,87.8252833973278,60.7559821573649,55.9061881779555,128.243946075439,0,127.739325332642,65.3374053232954,99.1518139704036,71.4834262530009,82.1549526759556,101.703819365728,184.157450358073,129.789041519165,90.2712737216225,95.8433990478516,19.7903949980589,56.014916049589,124.416627036201,103.605849052878,169.648586273193,12.5916918177183,52.7702323918046,28.6329811170205,27.0706686249629,132.502075195312,104.745630626836,77.0605461619725,27.5582403196412,65.5656737026415,28.7991370749425,139.182052612305,150.982347276476,47.174314557409,43.28336007938,124.676062447684,141.575624465942,140.554838158618,69.3086572075245,0,0,195.496520996094,126.816388734629,159.65651957194,84.1440918445587,162.437805175781,244.951446533203,0,0,156.164369371202,0,102.716577584403,163.288258361816,201.515655517578,183.922753228082,197.37614440918,118.172824387323,68.5912722537392,121.088814517355,108.08128210638,0,168.785976525509,151.150624463158,118.296420540608,128.310808008367,117.163466483924,192.327629089355,0,121.649026919634,122.741738789876
103.668944910953,18.9578563909207,51.709557700403,26.251674186539,80.8178370549129,127.690935770671,112.333290100098,83.3609671062893,137.221405616173,24.4190781651161,98.3443772792816,96.4738288292518,85.4830703735352,82.7319536485089,110.662668016222,69.4009019820417,35.3421446678536,77.2925514876842,125.033000564575,110.816212198009,72.146728515625,52.7702323918046,7.99619820912866,49.8924403084649,28.9684149660691,67.955018669404,95.6488160829286,38.8406871030566,58.6704260454612,82.20859844344,60.229071928723,99.822675817153,180.205307006836,46.7947294616699,61.1149727781463,163.592971801758,116.692927042643,109.390603110904,68.7678379562666,0,0,0,130.53093846639,151.440505981445,81.1703381008572,147.428443908691,158.532780965169,0,127.486963589986,167.620536804199,0,63.2300509655569,131.883023229139,182.242547607422,149.954824175153,134.19938659668,80.7067964217242,44.3039669807141,81.743573826757,103.880185472204,137.817474365234,138.529620456696,110.068972178868,115.996764521445,97.1281204223633,102.051239013672,148.945035298665,0,78.6293487548828,114.01827944242
77.5032745443496,87.9873398372105,28.2843184185542,70.0236972980812,126.082545810276,111.818991088867,124.869878455053,72.2878615415939,106.862451559426,98.077920740301,90.3679920903752,93.2148544144456,170.7487159729,110.742237854004,96.9604967156517,130.081227983747,19.6697370806727,24.225073537263,101.208888332049,87.3885548969728,194.99600982666,28.6329811170205,49.8924403084649,17.2170855133049,65.0497008045255,133.27800314767,74.0096057032491,41.2917803243069,49.6139849972413,88.9022450148347,54.7001128326077,120.172932017933,152.709295975535,69.3822942898597,50.4844080607811,181.463559468587,123.412925720215,108.260331152967,72.2301471554503,160.215148925781,0,201.768838065011,159.72933018672,196.627138410296,128.110174912673,171.560721588135,177.63941192627,187.20133972168,186.736913045247,188.438897797556,0,101.348277430048,132.445436820006,189.583349609375,156.270206516072,0,119.799893782076,67.5581162120884,108.846378721702,127.192796589416,216.57470703125,146.516770573973,107.16522088901,145.364553896586,155.635132733513,127.189085818934,210.610397338867,0,149.706643676758,118.469892871697
77.892053398219,68.4163627624512,91.8857596529974,40.7879413684826,23.0145031154782,97.7314215606114,74.6778747646176,62.992392605107,81.2562197664445,24.1067164421564,56.1988865126066,152.466045987779,30.0575029910167,132.475783461231,96.1994893012305,42.4235367210446,34.7256881997518,124.346516669551,167.984078543527,151.150770568848,21.8609988926296,27.0706686249629,28.9684149660691,65.0497008045255,11.8506985799798,110.175725041014,127.52299407106,90.4305190534759,20.5992284403054,84.3443267650455,72.0873575509313,144.632951175465,128.953237144692,66.8344213615764,81.820278604522,135.697974410712,152.470167160034,154.620112999938,61.481312586629,111.618308251364,0,140.444034352022,115.46552765044,150.312354487758,64.1987277022087,125.468725098504,183.317398071289,98.2675833090758,182.31456451416,148.839077641887,109.046863902699,105.706127817491,177.463386867357,220.686012268066,188.691090477837,111.581349193186,123.670032233523,74.4374256134033,136.988408272083,95.2985776334569,164.848252868652,176.15048668271,162.159861709132,115.003255551879,138.096875035486,122.006414243153,177.451797485352,174.995147705078,122.95398774439,139.301985920339
112.646522521973,24.7982046694475,102.354438781738,32.1481361598411,156.62646484375,77.138557434082,131.884892272949,0,125.008977617536,93.3154017329216,192.258377075195,43.1666222122354,142.888407897949,19.8935980849963,85.2665583292643,131.395227704729,102.95015335083,74.3013149759044,50.0289874751393,52.9052439770067,0,132.502075195312,67.955018669404,133.27800314767,110.175725041014,8.83966829400246,45.1096839558694,27.6668104603011,145.942650290097,100.83898824056,209.929306030273,47.9813555183761,91.6121492385864,0,70.6426307453829,0,104.937649653508,100.498580932617,95.0343672275543,0,0,0,0,183.077583312988,158.920685768127,193.816268920898,70.9557457355538,0,67.6245904675957,108.455139160156,0,111.766464233398,144.17414855957,83.1774909370824,95.1849725511339,0,0,112.820843505859,0,183.103218078613,37.4470184472891,80.7941383903148,81.6492607030604,0,0,0,78.2568072663977,0,0,97.3502235412598
117.719892260395,58.0814817428589,38.3988068077458,57.9457536405676,150.792380905151,127.442758832659,147.873994540324,123.059503928151,138.978647195275,126.940328826904,131.82398047814,32.8900307091399,174.256468982231,27.2605299346204,134.123305540648,166.755330403646,108.659324645996,39.5111097976162,29.9030041218663,26.8655095760374,185.085645948138,104.745630626836,95.6488160829286,74.0096057032491,127.52299407106,45.1096839558694,15.5861615728054,38.1774618037396,121.73063822105,113.844305486528,108.405835375374,26.315257598769,113.71976067409,126.676397375158,66.1580721709871,176.215511028583,93.6626156361898,104.502673898705,100.335758826312,0,151.388381958008,0,179.782686233521,207.185493469238,164.014343049791,195.656091308594,97.3716732128246,185.136474609375,95.2694013710309,197.152308377353,0,144.042962581553,110.922268830393,107.078707652049,107.306637825033,0,155.323414658055,129.871564020876,138.622893750668,179.930996656418,79.6251725808168,99.6285906993314,99.9286983582107,190.204204983181,179.489454096014,158.548647822166,104.71663970278,135.260894775391,181.247955322266,114.108487825136
119.29043449033,30.5345713955753,25.3594148612037,40.0423741226233,138.267530059814,125.522322845459,151.183282908827,109.115175150345,134.158094417069,98.9412473061423,122.42325914008,66.0897075872404,151.895916581154,27.2457192350995,131.61107137301,131.097404162089,32.8699172386512,63.3036217969795,59.6342899811268,62.7680485212389,185.812232971191,77.0605461619725,38.8406871030566,41.2917803243069,90.4305190534759,27.6668104603011,38.1774618037396,17.4183848570828,92.4573517326674,110.279032833393,104.336967564972,23.5316692468058,121.974738799774,97.3747817616404,68.5709642779105,170.073230605528,98.780849431887,99.2979109023056,78.2782713386677,184.09928894043,139.983268737793,199.725298309326,166.633708173578,193.329044133967,162.214434496562,181.264135451544,94.0110919932627,166.836223602295,92.2551691931647,185.530184354396,244.789169311523,109.672126406174,112.42317958988,110.094731277528,112.582991655256,169.289443969727,138.314102386475,76.4933876916533,106.281611257694,159.028500140737,70.7487049597066,103.174190467177,98.0887537081342,163.586433678343,188.250824928284,156.732189696969,101.532211786414,177.192053900825,162.390186691284,115.455816285507
70.2855206337882,104.569772391484,75.875404272752,57.5986733849232,14.4556970710118,118.241083621979,84.7815390742909,31.5009635558812,81.6100305375944,52.5553614434306,33.250945237637,150.31576302711,47.7723999646659,158.371211242676,86.3506762822129,76.8861808569535,40.1084072416248,119.65694470756,165.219375174386,152.070068552524,30.0972274786695,27.5582403196412,58.6704260454612,49.6139849972413,20.5992284403054,145.942650290097,121.73063822105,92.4573517326674,10.5595079411029,79.9695731415419,28.7187848733142,166.508273784931,131.953472344772,59.399342922869,65.6957744791538,139.855966796875,162.22719039917,163.826703252019,74.0975369680286,62.2665906525865,172.479843139648,155.882652282715,124.756686436445,160.490318964986,80.1633098977835,138.949025760997,209.812049865723,109.413145065308,210.945434570312,155.040678520423,118.568365308974,108.862499074039,179.234711964925,204.546073913574,203.017107963562,74.9143159140104,135.764115560622,83.6770420982724,146.083735077075,106.739180057468,201.796371459961,187.230596189146,166.371008446468,123.82753519085,144.234885243322,128.108102391978,0,196.755249023438,130.983825328738,144.701554471796
12.5622776578671,103.796567770151,116.912789938276,72.931056437049,99.2847969285063,24.2087044269224,44.9903238312562,62.7569720803393,35.0070665935,81.887253585371,85.9056192394733,64.3743223822691,99.2631677246094,85.3425079139503,20.8952153120703,30.6395471127828,124.600911276681,95.796322209166,93.5585768652744,94.292256761135,100.017862485554,65.5656737026415,82.20859844344,88.9022450148347,84.3443267650455,100.83898824056,113.844305486528,110.279032833393,79.9695731415419,11.8910600435622,35.581557620608,101.280118411349,18.9125061666738,13.9709112680354,30.8892521730857,157.570345098322,167.673385620117,167.1139012146,87.2917724008913,138.350048828125,0,178.010899353027,137.953604246441,197.903636932373,99.4509094052198,167.455566101074,145.300140380859,146.126806259155,141.647931098938,172.338488769531,0,129.356128858483,171.40129676232,169.612747192383,167.974781036377,145.616704305013,139.192933082581,98.25891382554,169.77208644322,130.09890577052,151.279254368373,159.196308738307,160.226844162237,139.507705595812,160.728760492234,139.599238308993,0,0,139.793004816229,153.395897714715
28.8580349167658,122.720865885417,81.4691388202926,56.8924806037762,104.058379309518,110.067073822021,111.190254564638,18.5455764683035,84.5704402431718,62.5321492467608,86.5444450378418,113.475609433334,158.756261652166,171.973272705078,67.9912261181648,90.9099941253662,77.4936331276582,69.3759238988439,117.743459994976,100.907442109338,157.27925491333,28.7991370749425,60.229071928723,54.7001128326077,72.0873575509313,209.929306030273,108.405835375374,104.336967564972,28.7187848733142,35.581557620608,11.7135021266502,149.44569905599,125.087838363647,43.0357341387542,35.1122836712428,140.704107284546,0,152.752119095599,72.1555275387234,0,0,193.380462646484,122.37363532038,168.026049804687,71.9383349032015,141.616238911947,219.096232096354,171.571792602539,0,153.456664428711,0,103.555201212565,167.268397739955,213.90397644043,174.279177856445,218.109970092773,122.946066356841,73.5595468395818,136.587878081758,109.298907277016,0,178.527672809103,160.076151189116,119.105648957966,133.127461075783,121.05072938553,0,194.709350585938,117.834137507847,127.189256374653
146.747192382812,64.4751722717285,96.6041382683648,70.5497324908221,168.380783081055,120.491765340169,134.694982528687,167.097396850586,126.991939421623,129.989895236108,174.712337917752,35.4473602121217,174.968146187919,10.9984981660316,128.907582146781,0,139.367539723714,83.8691678590412,48.7270514492941,63.4221175432205,174.043762207031,139.182052612305,99.822675817153,120.172932017933,144.632951175465,47.9813555183761,26.315257598769,23.5316692468058,166.508273784931,101.280118411349,149.44569905599,7.17148525727299,101.895815168108,0,74.9466070255763,0,124.549495442708,151.725296020508,125.949673207601,0,0,0,0,162.589263916016,211.364990234375,0,96.1027466456095,0,94.3302669590244,0,0,0,158.552215576172,108.041330688477,111.877331920506,0,182.911636352539,141.299055099487,180.543395996094,182.506103515625,72.5255420207977,106.187377555154,109.805698882469,0,182.532775878906,0,102.915931326444,136.612411499023,0,111.467180692233
82.5481112249966,143.601715087891,171.899018721147,115.822789705717,129.947051738871,13.8569230858639,22.1791449546624,122.661659316261,21.3794756837032,128.714796447754,124.660491277301,72.4478916397364,109.024158662209,89.0421370824178,21.0462436961215,36.7297168261384,122.763702392578,139.73044128418,99.2752693010413,96.5598951975505,123.882886308612,150.982347276476,180.205307006836,152.709295975535,128.953237144692,91.6121492385864,113.71976067409,121.974738799774,131.953472344772,18.9125061666738,125.087838363647,101.895815168108,6.7508030661081,58.9476470947266,40.771964055397,196.469848632812,0,177.701904296875,136.631160736084,137.861265563965,0,0,185.534787859235,0,134.84072303772,178.51766204834,0,161.705520629883,119.935033798218,229.167388916016,0,151.730369567871,0,0,0,131.691162109375,169.141761779785,112.336952209473,154.482727050781,176.233285152551,133.189601898193,185.683064778646,159.751712799072,180.976058959961,0,0,159.612564086914,0,0,163.292663574219
57.6160563593325,109.476501464844,98.2586870501118,50.7221207391648,79.7382258038188,0,111.428132308157,59.2905799697494,87.6995750911652,64.1784725189209,73.4052416173423,90.7356782393022,95.1313190460205,0,83.8674155044556,75.9221706390381,73.5426330566406,87.0341063990737,120.223507881165,107.256239700317,97.1146799723307,47.174314557409,46.7947294616699,69.3822942898597,66.8344213615764,0,126.676397375158,97.3747817616404,59.399342922869,13.9709112680354,43.0357341387542,0,58.9476470947266,7.38088067152244,22.9825789684218,0,0,163.019613265991,69.1594756768674,0,0,191.910919189453,129.068946202596,170.634712219238,88.4143657684326,164.763698577881,0,82.1415557861328,0,159.401733398438,0,122.259876251221,183.169380187988,0,183.334426879883,0,108.057155609131,67.3253274214895,125.442840576172,111.147094549135,0,143.679649353027,140.087928771973,121.235195922852,106.293403625488,104.302355448405,0,0,107.427124023438,114.572369166783
82.9662329276896,64.8541078770414,62.4052382556031,61.8371659792387,93.5946241760254,41.8970095316569,73.5337922689077,70.514339287404,74.8645521390069,92.8151678466797,86.6444040557338,35.0847282101766,98.8346657752991,60.2023977033931,62.6664455241877,67.6658193414862,77.8865949301411,38.6051350626603,61.4561953147252,48.7138747914078,99.426736744172,43.28336007938,61.1149727781463,50.4844080607811,81.820278604522,70.6426307453829,66.1580721709871,68.5709642779105,65.6957744791538,30.8892521730857,35.1122836712428,74.9466070255763,40.771964055397,22.9825789684218,11.4944012505687,158.810821533203,108.041677856445,108.909691367106,83.7261576993125,141.555372238159,0,0,147.384392709443,171.668025425502,110.274847507477,156.352722167969,131.0109835538,114.449245452881,112.477785895852,185.597780015734,0,114.742462912759,122.088776801042,147.158521798941,131.706077473958,158.278900146484,131.14793325025,78.9841453150699,116.228181979435,123.864768255325,112.912902832031,123.713333568634,115.090102491538,130.143737792969,145.765464089134,130.586137809005,139.419758723332,0,134.263222376506,132.440747578939
132.502777099609,0,168.898220607213,132.769775390625,0,0,191.096720377604,149.64813709259,174.750020345052,0,203.033721923828,232.683433532715,0,233.716232299805,189.890405273437,146.273483276367,157.142692565918,188.956481933594,231.362289428711,191.482261657715,0,124.676062447684,163.592971801758,181.463559468587,135.697974410712,0,176.215511028583,170.073230605528,139.855966796875,157.570345098322,140.704107284546,0,196.469848632812,0,158.810821533203,12.9351673123178,125.988305872137,103.391932380706,72.9725994403546,90.0223659276962,60.2400321960449,82.3316358781197,31.3709413691109,56.0896929411998,76.4802232318454,71.0018965731915,116.938894520635,72.0141657315768,173.850303649902,24.2355274582413,87.6694728306362,114.687145233154,103.0388122622,132.576039490876,119.672870725294,91.8124328189426,87.9344418793917,96.0545985481956,97.3918482101471,78.2910271020339,152.496734619141,119.373048175645,127.547898695204,73.347770927939,19.0453945083421,37.923539354501,137.028167724609,92.6835483974881,23.7881049560547,62.820807669146
178.478462219238,134.891019185384,101.828460269504,89.0553741455078,145.626266479492,0,0,0,0,199.702331542969,184.934906005859,124.3319272995,0,112.276015337776,190.145401000977,0,0,98.0092582702637,113.485560825893,123.656522115072,150.433883666992,141.575624465942,116.692927042643,123.412925720215,152.470167160034,104.937649653508,93.6626156361898,98.780849431887,162.22719039917,167.673385620117,0,124.549495442708,0,0,108.041677856445,125.988305872137,6.28734008145009,45.6475103289582,22.2103191688657,120.852340698242,0,121.590770721436,112.817293439593,157.236640930176,55.7525943943545,140.315162658691,68.4035224914551,85.3111216227214,56.6795658755612,137.337845651727,87.4809494018555,61.6239664582,54.9321636599792,81.8946769938749,64.2155007551491,0,105.440833643863,16.6218581719669,78.7680776571926,55.8208565331115,26.1442626194358,54.1182867628933,34.2011522793557,113.981278852983,125.204050400678,91.4838612874349,64.1456667900085,109.065216064453,112.345623016357,56.803532309566
166.712767333984,99.308627916419,98.2273373212971,96.1182042138051,157.521362304688,209.949844360352,198.995193481445,174.832657470703,187.030221262286,167.210929870605,169.171486349667,143.158075793036,0,154.943781926082,186.138189697266,172.879760742188,127.551868725848,109.67265900088,148.307788085937,134.374061084184,0,140.554838158618,109.390603110904,108.260331152967,154.620112999938,100.498580932617,104.502673898705,99.2979109023056,163.826703252019,167.1139012146,152.752119095599,151.725296020508,177.701904296875,163.019613265991,108.909691367106,103.391932380706,45.6475103289582,17.0439346300756,56.2162265071162,131.25512494539,137.807443618774,136.298108090637,88.6222858498757,128.847540292326,107.611005319131,105.279504883066,108.84862916013,144.366972351074,105.479709278453,117.235060850599,127.235059102376,76.9607908483495,43.6115932758513,101.355279650007,74.8630371142719,168.109954833984,70.8429733970935,61.221508595122,27.9208639512652,97.7752178450276,131.179986572266,39.4538195717741,38.0329393642432,89.6382616253791,129.742204597586,87.6139178144521,105.678900037493,173.116237095424,115.002788624865,71.6265103426847
