15801,0,746,75,25,5,91,7910,1279,47,688,39,25,6,16006,12,8,1396,35,109,30,602,19,2182,176,1,632,393,547,22249,9812,4,29,23,161,1,2,25,36,1,0,3,11,3,20,5,0,0,0,7,0,4,13,0,5,1,2,7,14,103,0,19,42,63,8,6,0,0,2,6
0,1896,5,224,3,0,3,2,3,498,3,26,6,293,4,13,39,81,18,19,2,11,1942,14,633,2059,80,7790,29,13,3,50,1,2,47,0,3,23,8,0,0,0,0,0,2,2,5,0,26,2,0,0,7,9,10,0,2,3,4,6,6,86,135,3,0,1,4,0,0,5
746,5,15625,128,18,4,91,2535,973,5,734,67,9,5,1087,6,30,8419,69,163,3,1042,97,11504,223,1,6519,9626,1971,466,472,18,11,31,1109,28,18,1647,64,0,0,9,46,22,5,7,4,0,0,50,0,96,373,10,71,0,41,63,995,49,0,312,2337,67,20,36,0,1,5,106
75,224,128,123,136,5,87,308,251,787,230,106,25,380,203,36,559,380,42,60,23,892,740,244,7085,752,425,8336,1664,527,921,54,26,126,312,4,2,59,51,2,0,3,17,0,21,14,6,3,43,3,0,18,44,7,26,2,13,10,30,114,12,132,258,55,8,19,13,0,7,11
25,3,18,136,17560,31,932,75,666,639,5866,27,8346,5,271,192,0,10,11,6,19494,2,13,9,6569,2,20,50,12109,531,14,2,87,43,100,0,1,1,156,1769,0,26,7,6,86,161,0,271,0,13,9,0,1,0,0,1528,0,3,2,886,1,2,4,39,4,1,0,1,1,4
5,0,4,5,31,5698,4352,28,1147,31,69,44,132,9,461,3685,0,5,3,3,34,0,3,5,53,1,7,10,32,395,4,3,4736,0,30,0,0,1,0,0,0,0,0,0,2,0,0,0,0,1,0,0,0,0,0,0,0,0,0,14,0,0,1,3,2,1,0,0,0,0
91,3,91,87,932,4352,92220,803,30713,282,11724,240,21520,53,3616,4901,3,78,45,22,1791,40,5,79,784,5,113,101,1100,1901,108,12,5021,19,185,3,0,5,54,38,0,8,15,7,20,40,1,13,1,13,3,3,0,0,1,31,1,2,2,267,0,4,9,66,5,3,0,0,1,2
7910,2,2535,308,75,28,803,70645,6312,206,15519,53,75,9,12091,38,24,647,26,33,47,1215,36,2475,1230,0,1151,1418,26353,5234,16561,6,101,839,1183,8,0,50,171,7,1,18,64,22,62,56,1,7,0,28,1,12,26,0,6,12,11,8,42,621,2,46,105,232,29,32,1,0,11,26
1279,3,973,251,666,1147,30713,6312,81753,337,18948,588,2454,80,29532,1168,3,590,98,131,1042,247,13,941,1605,7,726,523,2630,5263,698,31,4822,63,388,3,0,31,158,40,1,18,37,15,64,74,4,17,2,35,1,2,6,0,5,22,2,4,14,697,1,25,47,225,26,16,1,0,3,13
47,498,5,787,639,31,282,206,337,7247,536,28,834,229,152,1261,20,29,12,13,72,24,2564,22,18791,576,50,2049,2294,206,112,31,20,16,75,0,1,2,118,22,1,14,10,3,74,90,9,32,29,5,17,1,2,3,6,63,3,2,0,379,2,27,49,49,5,3,4,0,0,5
688,3,734,230,5866,69,11724,15519,18948,536,131440,114,13858,28,5013,265,9,154,39,28,17067,140,16,356,2701,3,403,468,7899,3999,157,9,252,164,641,1,4,17,301,360,0,69,23,20,175,365,0,102,1,29,14,5,3,1,5,228,2,4,5,1801,0,11,38,131,11,6,0,0,1,13
39,26,67,106,27,44,240,53,588,28,114,57640,98,6738,607,14,18,1872,11531,4650,55,126,39,411,69,284,5409,2148,94,1870,113,1400,849,11,7240,2,8,29,8,1,0,1,5,4,9,2,133,0,337,3,0,4,14,76,57,0,1,9,13,26,31,439,425,13,2,0,99,1,1,14
25,6,9,25,8346,132,21520,75,2454,834,13858,98,73985,17,843,2848,1,12,19,13,23046,3,8,10,1823,5,41,64,1316,900,11,7,393,4,128,0,0,0,23,194,0,6,2,2,30,30,0,173,0,3,9,0,0,0,0,105,0,0,0,161,0,4,1,10,0,1,0,0,0,0
6,293,5,380,5,9,53,9,80,229,28,6738,17,17730,68,13,2,43,777,92,7,8,311,25,118,3813,1612,4764,25,185,5,4075,120,0,326,1,34,13,41,0,1,2,1,4,30,2,664,0,2056,3,1,3,5,245,145,0,1,21,5,8,173,834,1105,0,2,1,429,0,0,29
16006,4,1087,203,271,461,3616,12091,29532,152,5013,607,843,68,92080,222,7,1110,155,191,596,474,18,1654,757,3,863,634,1871,15766,1709,28,3762,50,477,5,2,25,108,11,0,5,47,14,37,26,0,4,3,36,0,8,9,3,4,9,5,7,22,433,1,25,80,180,14,11,1,0,7,8
12,13,6,36,192,3685,4901,38,1168,1261,265,14,2848,13,222,12014,0,9,0,3,166,4,61,7,1191,21,3,144,184,150,4,0,365,2,11,1,0,1,4,7,0,0,0,0,5,2,1,2,3,2,1,0,0,0,1,0,1,0,0,23,1,1,2,6,2,0,0,0,0,0
8,39,30,559,0,0,3,24,3,20,9,18,1,2,7,0,12635,152,4,36,1,5262,8150,11868,3579,2,62,8574,1126,21,107,6,1,6,278,2,0,93,389,0,0,0,10,1,0,4,0,0,1,3,0,426,26,0,10,0,137,580,1457,57,2,42,229,56,4,62,1,0,4,44
1396,81,8419,380,10,5,78,647,590,29,154,1872,12,43,1110,9,152,40160,1387,11569,9,1326,256,15028,316,23,11041,15924,626,2074,2362,79,30,99,5456,9,50,1065,89,1,0,1,38,10,10,2,13,0,14,31,1,61,735,21,249,0,29,77,337,57,6,1119,2255,34,24,51,8,0,2,90
35,18,69,42,11,3,45,26,98,12,39,11531,19,777,155,0,4,1387,9443,6733,6,36,20,192,28,205,6662,3200,35,427,52,808,92,8,1392,1,7,20,11,0,0,1,1,0,3,1,119,0,190,0,0,2,27,105,111,0,1,4,5,9,38,597,600,3,0,6,67,0,0,6
109,19,163,60,6,3,22,33,131,13,28,4650,13,92,191,3,36,11569,6733,19982,5,170,46,739,50,83,9147,4086,79,665,232,160,48,20,3957,2,12,61,24,1,0,0,1,1,3,1,31,0,51,1,0,8,72,51,240,0,3,17,25,8,39,788,935,2,5,4,22,0,0,28
30,2,3,23,19494,34,1791,47,1042,72,17067,55,23046,7,596,166,1,9,6,5,15300,4,1,6,1852,0,28,16,2079,668,12,1,132,3,109,0,1,0,41,1213,0,12,0,2,38,56,0,405,0,2,1,0,0,1,0,1448,0,1,0,331,0,0,1,12,2,1,0,0,0,0
602,11,1042,892,2,0,40,1215,247,24,140,126,3,8,474,4,5262,1326,36,170,4,82714,853,25532,1729,2,242,2033,10617,1064,28773,5,9,489,11346,7,4,87,537,0,0,1,71,3,16,2,1,0,0,18,0,280,40,2,9,1,315,399,363,485,0,33,137,284,44,314,2,0,39,75
19,1942,97,740,13,3,5,36,13,2564,16,39,8,311,18,61,8150,256,20,46,1,853,8497,2250,9878,803,74,10473,593,56,202,17,1,25,263,2,3,84,53,0,0,0,6,1,9,2,3,0,24,2,0,127,29,5,14,1,34,52,290,47,4,80,266,31,2,10,9,0,1,13
2182,14,11504,244,9,5,79,2475,941,22,356,411,10,25,1654,7,11868,15028,192,739,6,25532,2250,94432,918,7,1820,16171,5042,2091,9289,22,19,162,11122,6,6,1057,490,1,0,7,77,7,13,20,4,1,3,33,0,1481,156,5,59,0,419,822,7151,162,1,131,2064,240,17,209,1,0,10,263
176,633,223,7085,6569,53,784,1230,1605,18791,2701,69,1823,118,757,1191,3579,316,28,50,1852,1729,9878,918,83977,264,322,5700,23549,1532,1245,17,103,440,786,51,4,133,1565,114,0,102,403,124,646,360,6,78,10,248,11,170,46,4,36,138,114,226,208,4416,5,105,264,1710,172,224,3,4,49,138
1,2059,1,752,2,1,5,0,7,576,3,284,5,3813,3,21,2,23,205,83,0,2,803,7,264,7434,496,6298,17,30,1,218,8,0,51,0,13,1,20,0,0,0,0,2,8,2,198,0,735,1,0,1,7,76,54,0,0,10,0,4,130,451,576,0,0,0,188,0,0,7
632,80,6519,425,20,7,113,1151,726,50,403,5409,41,1612,863,3,62,11041,6662,9147,28,242,74,1820,322,496,73826,22843,1038,1260,324,1590,121,37,2468,26,150,729,136,0,1,0,48,4,36,5,370,2,532,22,0,47,874,333,1109,0,33,61,128,64,195,4763,5632,36,33,49,228,2,3,148
393,7790,9626,8336,50,10,101,1418,523,2049,468,2148,64,4764,634,144,8574,15924,3200,4086,16,2033,10473,16171,5700,6298,22843,125457,3807,1300,710,4082,111,81,7664,83,383,6028,754,4,2,20,176,55,120,42,772,8,1480,173,1,671,2711,733,2297,5,250,638,4359,291,656,10090,20943,228,96,206,569,9,20,690
547,29,1971,1664,12109,32,1100,26353,2630,2294,7899,94,1316,25,1871,184,1126,626,35,79,2079,10617,593,5042,23549,17,1038,3807,83867,4009,15196,13,184,1663,3555,50,10,111,866,316,1,76,435,103,386,352,2,82,2,173,9,117,48,2,16,239,84,168,179,3509,1,54,199,1353,173,244,0,1,43,88
22249,13,466,527,531,395,1901,5234,5263,206,3999,1870,900,185,15766,150,21,2074,427,665,668,1064,56,2091,1532,30,1260,1300,4009,110335,6856,97,8588,5209,3145,11,2,50,216,20,0,10,76,12,82,25,2,8,8,30,0,23,26,5,26,6,16,17,35,534,7,76,122,247,42,44,0,0,11,19
9812,3,472,921,14,4,108,16561,698,112,157,113,11,5,1709,4,107,2362,52,232,12,28773,202,9289,1245,1,324,710,15196,6856,70915,3,40,1114,7175,12,0,61,414,0,0,3,101,10,74,6,3,1,0,25,0,108,21,1,10,1,126,137,118,646,0,23,97,366,64,198,0,1,42,52
4,50,18,54,2,3,12,6,31,31,9,1400,7,4075,28,0,6,79,808,160,1,5,17,22,17,218,1590,4082,13,97,3,1727,28,0,213,0,15,6,15,0,0,0,0,1,1,0,192,0,293,0,0,0,8,125,97,0,1,4,2,2,64,550,571,0,1,0,122,2,0,13
29,1,11,26,87,4736,5021,101,4822,20,252,849,393,120,3762,365,1,30,92,48,132,9,1,19,103,8,121,111,184,8588,40,28,13837,1,429,1,0,1,6,5,0,0,7,0,8,2,0,2,4,1,0,2,0,0,0,1,2,1,1,66,2,3,8,18,0,0,2,0,0,1
23,2,31,126,43,0,19,839,63,16,164,11,4,0,50,2,6,99,8,20,3,489,25,162,440,0,37,81,1663,5209,1114,0,1,7933,781,0,0,4,49,0,0,1,12,2,6,4,0,1,0,1,0,4,2,0,1,0,2,19,3,86,0,2,5,40,2,12,0,0,4,7
161,47,1109,312,100,30,185,1183,388,75,641,7240,128,326,477,11,278,5456,1392,3957,109,11346,263,11122,786,51,2468,7664,3555,3145,7175,213,429,781,34193,5,10,329,112,8,0,0,33,7,16,7,11,2,17,9,0,91,157,13,75,1,43,76,421,147,5,313,777,92,11,51,13,0,12,51
1,0,28,4,0,0,3,8,3,0,1,2,0,1,5,1,2,9,1,2,0,7,2,6,51,0,26,83,50,11,12,0,1,0,5,10185,22,518,130,64,1,142,12218,606,36,619,46,26,2,8324,7,24,722,54,299,36,256,22,493,579,1,481,315,1706,16096,2494,4,18,625,427
2,3,18,2,1,0,0,0,0,1,4,8,0,34,2,0,0,50,7,12,1,4,3,6,4,13,150,383,10,2,0,15,0,0,10,22,2729,172,448,1,0,2,21,3,753,2,37,3,385,19,6,87,353,34,237,0,19,1866,79,626,1874,669,7507,11,17,24,40,1,4,141
25,23,1647,59,1,1,5,50,31,2,17,29,0,13,25,1,93,1065,20,61,0,87,84,1057,133,1,729,6028,111,50,61,6,1,4,329,518,172,22978,486,19,4,186,2186,669,37,481,47,5,11,1766,6,187,7179,84,779,9,703,238,15444,399,5,13044,11093,2417,473,580,14,7,47,825
36,8,64,51,156,0,54,171,158,118,301,8,23,41,108,4,389,89,11,24,41,537,53,490,1565,20,136,754,866,216,414,15,6,49,112,130,448,486,265,31,2,47,765,84,908,165,62,36,398,185,4,3438,365,17,239,22,1316,1195,2343,6484,813,862,6183,1464,302,1488,21,1,129,499
1,0,0,2,1769,0,38,7,40,22,360,1,194,0,11,7,0,1,0,1,1213,0,0,1,114,0,0,4,316,20,0,0,5,0,8,64,1,19,31,22289,3,1315,128,268,96,11435,6,4280,0,356,58,0,4,2,3,25570,9,1,8,9144,0,6,20,3691,394,9,0,13,29,124
0,0,0,0,0,0,0,1,1,1,0,0,0,1,0,0,0,0,0,0,0,0,0,0,0,0,1,2,1,0,0,0,0,0,0,1,0,4,2,3,9104,1721,4,2810,25,26,119,38,4,319,3784,0,2,6,2,4,0,0,4,29,1,5,7,18,351,0,2,3438,1,149
3,0,9,3,26,0,8,18,18,14,69,1,6,2,5,0,0,1,1,0,12,1,0,7,102,0,0,20,76,10,3,0,0,1,0,142,2,186,47,1315,1721,109334,954,36497,114,30738,306,14402,10,3376,4099,8,44,37,28,3032,101,2,129,1571,0,87,96,3594,1144,42,5,2159,31,372
11,0,46,17,7,0,15,64,37,10,23,5,2,1,47,0,10,38,1,1,0,71,6,77,403,0,48,176,435,76,101,0,7,12,33,12218,21,2186,765,128,4,954,59024,2433,203,12834,73,129,4,10529,21,74,2138,85,588,62,2202,124,4184,2625,0,900,709,23569,4146,14449,3,42,352,886
3,0,22,0,6,0,7,22,15,3,20,4,2,4,14,0,1,10,0,1,2,3,1,7,124,2,4,55,103,12,10,1,0,2,7,606,3,669,84,268,2810,36497,2433,84201,54,10444,880,1163,49,40299,684,11,152,93,100,580,243,10,390,909,3,316,192,3461,5432,146,26,6683,33,1124
20,2,5,21,86,2,20,62,64,74,175,9,30,30,37,5,0,10,3,3,38,16,9,13,646,8,36,120,386,82,74,1,8,6,16,36,753,37,908,96,25,114,203,54,9838,144,26,1241,251,149,1906,65,78,12,61,163,20,1217,32,15054,519,236,2509,812,137,80,9,1,34,85
5,2,7,14,161,0,40,56,74,90,365,2,30,2,26,2,4,2,1,1,56,2,2,20,360,2,5,42,352,25,6,0,2,4,7,619,2,481,165,11435,26,30738,12834,10444,144,145205,74,17196,0,6419,271,12,93,9,33,14062,249,9,362,8391,1,118,200,16648,2098,114,3,117,109,661
0,5,4,6,0,0,1,1,4,9,0,133,0,664,0,1,0,13,119,31,0,1,3,4,6,198,370,772,2,2,3,192,0,0,11,46,37,47,62,6,119,306,73,880,26,74,49049,49,3136,1160,13,12,364,11280,3164,17,70,29,159,42,655,6045,1298,54,1060,86,1715,769,12,7881
0,0,0,3,271,0,13,7,17,32,102,0,173,0,4,2,0,0,0,0,405,0,0,1,78,0,2,8,82,8,1,0,2,1,2,26,3,5,36,4280,38,14402,129,1163,1241,17196,49,91310,4,852,7491,0,3,6,11,33555,5,9,10,3038,1,9,24,306,394,5,1,103,3,151
0,26,0,43,0,0,1,0,2,29,1,337,0,2056,3,3,1,14,190,51,0,0,24,3,10,735,532,1480,2,8,0,293,4,0,17,2,385,11,398,0,4,10,4,49,251,0,3136,4,27414,42,2,8,16,219,98,1,0,168,8,37,4173,1003,6950,3,42,3,4475,37,0,182
7,2,50,3,13,1,13,28,35,5,29,3,3,3,36,2,3,31,0,1,2,18,2,33,248,1,22,173,173,30,25,0,1,1,9,8324,19,1766,185,356,319,3376,10529,40299,149,6419,1160,852,42,119061,112,35,860,149,368,538,565,20,1178,1601,7,851,522,4893,20352,964,23,4239,133,2340
0,0,0,0,9,0,3,1,1,17,14,0,9,1,0,1,0,1,0,0,1,0,0,0,11,0,0,1,9,0,0,0,0,0,0,7,6,6,4,58,3784,4099,21,684,1906,271,13,7491,2,112,13855,0,2,3,1,138,2,8,6,1080,4,6,36,82,55,2,0,161,0,23
4,0,96,18,0,0,3,12,2,1,5,4,0,3,8,0,426,61,2,8,0,280,127,1481,170,1,47,671,117,23,108,0,2,4,91,24,87,187,3438,0,0,8,74,11,65,12,12,0,8,35,0,23277,261,8,96,0,8125,6234,10780,2854,9,171,7979,491,55,1277,4,0,50,606
13,7,373,44,1,0,0,26,6,2,3,14,0,5,9,0,26,735,27,72,0,40,29,156,46,7,874,2711,48,26,21,8,0,2,157,722,353,7179,365,4,2,44,2138,152,78,93,364,3,16,860,2,261,17978,427,11413,3,1646,241,12339,273,21,5885,8232,789,652,2076,23,4,54,5592
0,9,10,7,0,0,0,0,0,3,1,76,0,245,3,0,0,21,105,51,1,2,5,5,4,76,333,733,2,5,1,125,0,0,13,54,34,84,17,2,6,37,85,93,12,9,11280,6,219,149,3,8,427,10903,7485,2,41,10,122,9,106,5790,1204,20,146,84,256,62,7,907
5,10,71,26,0,0,1,6,5,6,5,57,0,145,4,1,10,249,111,240,0,9,14,59,36,54,1109,2297,16,26,10,97,0,1,75,299,237,779,239,3,2,28,588,100,61,33,3164,11,98,368,1,96,11413,7485,26117,7,450,120,1514,114,197,13508,5408,205,420,990,110,19,46,5961
1,0,0,2,1528,0,31,12,22,63,228,0,105,0,9,0,0,0,0,0,1448,1,1,0,138,0,0,5,239,6,1,0,1,0,1,36,0,9,22,25570,4,3032,62,580,163,14062,17,33555,1,538,138,0,3,2,7,11071,6,0,10,4981,0,9,7,378,295,1,2,34,12,89
2,2,41,13,0,0,1,11,2,3,2,1,0,1,5,1,137,29,1,3,0,315,34,419,114,0,33,250,84,16,126,1,2,2,43,256,19,703,1316,9,0,101,2202,243,20,249,70,5,0,565,2,8125,1646,41,450,6,89277,696,26380,1731,3,195,1358,12472,398,25019,3,7,243,7147
7,3,63,10,3,0,2,8,4,2,4,9,0,21,7,0,580,77,4,17,1,399,52,822,226,10,61,638,168,17,137,4,1,19,76,22,1866,238,1195,1,0,2,124,10,1217,9,29,9,168,20,8,6234,241,10,120,0,696,10095,3970,7995,452,342,7620,255,69,720,11,1,56,344
14,4,995,30,2,0,2,42,14,0,5,13,0,5,22,0,1457,337,5,25,0,363,290,7151,208,0,128,4359,179,35,118,2,1,3,421,493,79,15444,2343,8,4,129,4184,390,32,362,159,10,8,1178,6,10780,12339,122,1514,10,26380,3970,92141,1241,5,1934,15622,6772,486,7563,12,12,135,8018
103,6,49,114,886,14,267,621,697,379,1801,26,161,8,433,23,57,57,9,8,331,485,47,162,4416,4,64,291,3509,534,646,2,66,86,147,579,626,399,6484,9144,29,1571,2625,909,15054,8391,42,3038,37,1601,1080,2854,273,9,114,4981,1731,7995,1241,91090,112,299,3214,19506,2185,3731,12,36,886,1440
0,6,0,12,1,0,0,2,1,2,0,31,0,173,1,1,2,6,38,39,0,0,4,1,5,130,195,656,1,7,0,64,2,0,5,1,1874,5,813,0,1,0,0,3,519,1,655,1,4173,7,4,9,21,106,197,0,3,452,5,112,6758,896,6732,3,6,4,228,0,0,54
19,86,312,132,2,0,4,46,25,27,11,439,4,834,25,1,42,1119,597,788,0,33,80,131,105,451,4763,10090,54,76,23,550,3,2,313,481,669,13044,862,6,5,87,900,316,236,118,6045,9,1003,851,6,171,5885,5790,13508,9,195,342,1934,299,896,79913,23782,424,519,496,851,49,33,1888
42,135,2337,258,4,1,9,105,47,49,38,425,1,1105,80,2,229,2255,600,935,1,137,266,2064,264,576,5632,20943,199,122,97,571,8,5,777,315,7507,11093,6183,20,7,96,709,192,2509,200,1298,24,6950,522,36,7979,8232,1204,5408,7,1358,7620,15622,3214,6732,23782,96596,1626,395,840,1834,18,67,3874
63,3,67,55,39,3,66,232,225,49,131,13,10,0,180,6,56,34,3,2,12,284,31,240,1710,0,36,228,1353,247,366,0,18,40,92,1706,11,2417,1464,3691,18,3594,23569,3461,812,16648,54,306,3,4893,82,491,789,20,205,378,12472,255,6772,19506,3,424,1626,116444,4756,9134,7,62,1426,3110
8,0,20,8,4,2,5,29,26,5,11,2,0,2,14,2,4,24,0,5,2,44,2,17,172,0,33,96,173,42,64,1,0,2,11,16096,17,473,302,394,351,1144,4146,5432,137,2098,1060,394,42,20352,55,55,652,146,420,295,398,69,486,2185,6,519,395,4756,137960,4912,19,5833,9696,3242
6,1,36,19,1,1,3,32,16,3,6,0,1,1,11,0,62,51,6,4,1,314,10,209,224,0,49,206,244,44,198,0,0,12,51,2494,24,580,1488,9,0,42,14449,146,80,114,86,5,3,964,2,1277,2076,84,990,1,25019,720,7563,3731,4,496,840,9134,4912,63041,4,8,1593,8137
0,4,0,13,0,0,0,1,1,4,0,99,0,429,1,0,1,8,67,22,0,2,9,1,3,188,228,569,0,0,0,122,2,0,13,4,40,14,21,0,2,5,3,26,9,3,1715,1,4475,23,0,4,23,256,110,2,3,11,12,12,228,851,1834,7,19,4,581,12,1,109
0,0,1,0,1,0,0,0,0,0,0,1,0,0,0,0,0,0,0,0,0,0,0,0,4,0,2,9,1,0,1,2,0,0,0,18,1,7,1,13,3438,2159,42,6683,1,117,769,103,37,4239,161,0,4,62,19,34,7,1,12,36,0,49,18,62,5833,8,12,13669,1,1191
2,0,5,7,1,0,1,11,3,0,1,1,0,0,7,0,4,2,0,0,0,39,1,10,49,0,3,20,43,11,42,0,0,4,12,625,4,47,129,29,1,31,352,33,34,109,12,3,0,133,0,50,54,7,46,12,243,56,135,886,0,33,67,1426,9696,1593,1,1,6788,1385
6,5,106,11,4,0,2,26,13,5,13,14,0,29,8,0,44,90,6,28,0,75,13,263,138,7,148,690,88,19,52,13,1,7,51,427,141,825,499,124,149,372,886,1124,85,661,7881,151,182,2340,23,606,5592,907,5961,89,7147,344,8018,1440,54,1888,3874,3110,3242,8137,109,1191,1385,42734
