12.3325745870642,0,101.90494991219,69.9624557152992,93.1137069702148,75.6013870239258,92.9785620498657,26.1480487987242,39.1095551369591,70.9380228284379,77.3539517066058,118.085912704468,120.109023384426,151.837738037109,20.4795038483722,103.361549377441,113.984614054362,113.619592368112,154.744490883567,135.059537506104,93.1563736308705,88.4309804845739,109.524781227112,97.0815446670741,88.1595326832363,0,125.593638070622,127.995840941237,77.0479152336549,24.631490989143,34.4704678702999,160.35424041748,82.8319123586019,41.4267878165612,77.9080837504069,189.397979736328,0,170.036426544189,74.7597092522515,191.175567626953,0,150.270835876465,122.47448348999,177.110207451714,88.5042190551758,148.748814900716,0,184.324676513672,0,159.284764971052,0,114.564268112183,194.043395996094,0,0,0,0,139.518541971842,157.526028719815,117.49074976495,0,189.716064453125,164.493760761462,134.406538986578,155.853873116629,128.818968031141,0,0,0,144.767791748047
0,8.81788478423964,47.1651791539685,16.5112335136887,111.762189229329,0,176.015117645264,145.195631027222,169.493747711182,79.7318028767904,171.283958435059,69.2289972788171,112.945910135905,57.5889468357481,153.871891021729,110.964307657878,56.6136632821499,57.3044711599747,82.4085136939739,65.1203495308205,106.557727813721,94.8428077697754,24.7989241925772,71.0433767518001,86.0368379480699,23.4226697721896,51.1361334441138,31.7926916636639,113.069944208319,126.56213923863,102.049821036203,69.5502871760616,0,126.113864898682,58.1666584185955,0,150.911911010742,101.522822825114,56.4754104614258,0,0,0,0,0,120.581600189209,0,117.69580078125,0,103.185738627116,0,0,147.224594116211,100.664962005615,129.861773173014,130.211278915405,175.837989807129,137.257217407227,84.6351799964905,122.529985427856,0,90.4240846633911,104.595789530921,106.078517188013,0,0,104.605140686035,107.563977922712,0,0,99.3192520141602
101.90494991219,47.1651791539685,16.1753264866654,62.1715936168792,154.197366333008,168.915127563477,132.840045600209,103.703497669417,122.910838318488,119.310563049316,134.841340967127,90.9869215371725,176.418677882144,98.6937567727608,116.676501970156,134.129674275716,96.9683404650007,44.5210856810332,94.4784765040621,69.3882342562017,163.166411179763,66.4667112914224,59.2960983735544,34.3539774770414,121.1331229881,105.887009938558,32.2631506678195,33.7055454672766,95.4849313194602,120.402573646172,82.2027822231481,97.2148596869575,164.699452354794,125.592334710279,69.7077877020031,160.020568847656,88.7811553478241,89.8292447829592,53.8325673589167,184.865135192871,0,182.513563791911,158.210673014323,184.956815636676,0,192.686635335286,137.581130394569,0,141.322515869141,173.48412547392,162.506317138672,110.297966735004,107.857799922194,142.710045554421,120.965557643345,0,143.195997384878,69.6939011378004,102.717408702549,161.210122002496,118.991203308105,108.518080695731,93.9031489767679,160.489443063736,191.671397282527,141.980915251232,152.625180053711,0,181.333129882812,115.304471246127
69.9624557152992,16.5112335136887,62.1715936168792,33.458327874039,67.3835870128567,112.912606811523,89.8995621151394,62.588924814106,81.6483934388544,29.962732347681,94.5369395995408,74.4812526106834,85.9045581287808,50.7222621434017,83.5394133322365,100.013576870873,41.2423669323367,69.3524868032132,83.0576168060303,72.8397299796343,81.7023280217097,54.9332593402089,29.2774481765585,67.6183014776905,42.9232379477384,24.4392098755512,46.9313896384588,39.8327269169729,56.4117684629228,69.9803348920161,53.085110925422,68.9713192320707,118.746982150608,61.9398141764908,69.3412213843414,92.8186702728271,61.4808019002279,83.0066307385762,36.8779958130477,121.46791229248,0,107.005221557617,79.3124535504509,125.990818023682,78.2090822855632,143.826874732971,88.4547335306803,118.184051513672,59.5921381995791,105.255599975586,134.12296295166,63.0265724833419,93.6941092809041,122.076050652398,89.4080690082751,196.883850097656,69.5390303178267,70.2187869548798,99.8653906504313,90.1099104162765,49.8229182561239,74.5485096102447,74.2468576749166,94.7546351418566,158.444003582001,80.4371957778931,73.0638111114502,0,67.98570728302,70.510090637207
93.1137069702148,111.762189229329,154.197366333008,67.3835870128567,9.2122082007278,125.762561798096,67.7665969696513,75.2599993766622,105.496930321982,50.3988621057558,26.3308753789354,172.313887162642,38.4923423622187,0,112.142955980803,73.6426950285706,83.0078392028809,173.416143798828,191.145614624023,176.536209106445,18.3845617692784,69.3346557617188,66.8839179992676,165.536396026611,24.7719002907673,119.626068115234,176.078787231445,135.690426635742,18.9651226276343,108.520193838304,132.474914550781,0,144.162921142578,91.351250346114,109.780061619256,154.40007019043,0,156.598236083984,85.6770663261414,60.3914456388407,0,142.621933432186,137.778661092122,164.269212245941,85.1508231784986,150.796236594518,0,129.823682388702,0,156.736163052646,111.016282823351,245.803421020508,219.325836181641,0,0,120.27119550705,0,0,202.408729553223,100.555503175697,0,0,167.377632141113,135.989802472003,172.58093600803,0,0,0,155.132522583008,177.148597717285
75.6013870239258,0,168.915127563477,112.912606811523,125.762561798096,5.72570679216762,8.55782475504887,125.757989671495,20.2822904974248,58.3583116531372,121.357812064035,66.0288524940366,85.5230533793821,87.9710339137486,28.5705993203123,13.5176833027586,0,174.378413609096,95.7017669677734,0,121.25004695012,151.763740539551,92.9306163787842,167.112182617188,99.3467014019306,107.706186930339,139.660294426812,167.762059020996,121.197836558024,26.4824718231051,121.741990225656,189.28369140625,8.30845352874191,158.848850250244,34.7682985613423,212.362976074219,0,181.881958007812,0,153.45246887207,0,0,0,0,0,0,0,133.925716400146,0,0,0,0,0,0,0,0,0,0,0,181.352569580078,0,0,165.594680786133,188.91136932373,188.04426574707,0,0,0,0,0
92.9785620498657,176.015117645264,132.840045600209,89.8995621151394,67.7665969696513,8.55782475504887,11.8883021008503,60.6326941491652,21.2828124017326,81.0615485478373,43.9695322076502,93.0601877696078,28.3058148055999,136.484932255101,33.4975042516265,16.7378824474162,135.603218078613,147.873058702227,131.244872373693,151.179614702861,55.7837011364923,131.223304054954,125.852803911482,126.082764960216,85.861653395647,146.303184509277,150.578096666771,154.251530217189,76.3606130732924,50.5126745777679,112.571776081332,128.944899559021,15.4359295514464,101.722568833983,70.9006448476873,166.116636657715,0,206.292831420898,99.8766870913298,139.480234315124,0,160.620291045218,138.134589603969,170.223923165458,114.602167212445,168.189403533936,238.500991821289,124.468958883575,0,172.697069440569,159.67764004794,204.472026824951,238.287933349609,0,0,140.760809050666,163.112747192383,159.536430358887,194.587268535907,128.597748825231,0,216.167209625244,188.751396627987,147.27268277086,174.455213928223,160.725059509277,0,0,207.601257324219,171.994999779595
26.1480487987242,145.195631027222,103.703497669417,62.588924814106,75.2599993766622,125.757989671495,60.6326941491652,11.6627948113516,55.0088688787682,61.2080714556636,28.3998727682221,161.018517411273,62.6108884516451,174.992765460098,42.2813753343448,75.5076551437378,116.568912706877,131.505496326432,181.929771824887,157.907646687826,73.7236303147816,81.1553091904213,104.42813816777,83.2080990456992,67.3589796423912,0,138.113353895104,120.812661858304,29.5524393454985,71.8091551037479,27.1696725052277,174.232045100285,116.214810616629,67.4769816122585,89.2672313222726,171.897735595703,0,160.653366088867,98.0430738387569,126.852700733003,0,147.942461242676,120.628985934787,143.586954850417,103.321782430013,149.101558876038,0,146.457617759705,222.924530029297,148.434815840288,133.141138712565,141.499749450684,186.982535226004,227.505172729492,195.467872619629,152.949496269226,177.819072723389,127.47249880704,156.826643444243,110.942770250801,0,192.784582386846,158.294152329088,127.054067466291,142.25078087884,124.913621266683,0,0,132.280318040114,140.695944892036
39.1095551369591,169.493747711182,122.910838318488,81.6483934388544,105.496930321982,20.2822904974248,21.2828124017326,55.0088688787682,12.1583316537356,81.4775972797643,48.8020200484911,96.3973439769437,85.5391125644612,137.798915863037,23.2394515229891,37.34208386582,148.677904129028,135.786666831751,136.353721134246,149.431637103741,95.3874219571753,119.944227616417,126.827565361472,115.299614858973,94.0106555421149,114.063598632812,143.099024534826,144.815371953004,88.1668208024847,37.4532751832266,80.3288047763944,156.2362112748,12.605582443831,92.322712131909,67.4804941940934,157.214457920619,190.21452331543,173.940711669922,108.450586160024,149.127749675029,185.1298828125,165.369732220968,143.08681028435,175.038879394531,124.240232086182,168.584277890763,0,146.7470703125,161.533531188965,172.226559565617,165.141270955404,174.533109029134,198.598678588867,0,224.696263631185,154.002594687722,165.600115458171,150.526764339871,181.653109830969,131.979579734802,0,207.681221008301,176.437218646614,148.60442342678,170.370972769601,153.01602313393,159.501846313477,209.072998046875,154.126066728072,173.829041290283
70.9380228284379,79.7318028767904,119.310563049316,29.962732347681,50.3988621057558,58.3583116531372,81.0615485478373,61.2080714556636,81.4775972797643,8.62464629889106,83.8678641648128,135.460433844364,19.3213045314489,128.895015866475,81.2043256353825,23.2707542684525,38.9315729083437,126.204879760742,159.326559884208,146.878766196115,20.5215716974032,78.2167611122131,25.0781038179272,101.409035405805,15.9622413047733,110.108044429196,126.45476228157,118.015564330017,55.9434105903437,72.2217910408974,54.4135568594631,142.775532967704,131.470690409342,62.5275601003772,78.6315504743698,0,101.248085021973,141.965688069661,26.6238189712773,73.9217284336563,0,120.899554116385,95.0016274085412,151.002756500244,43.1926960387787,105.221916471209,153.783172607422,85.012434891292,173.106964111328,142.72562789917,66.9326685269674,0,146.639617919922,207.479278564453,0,85.8804417171994,0,78.0829391479492,121.810134887695,60.9520513453382,96.9761505126953,184.962139892578,173.458883846507,100.662468878777,145.857213973999,114.446910858154,0,0,0,116.998788452148
77.3539517066058,171.283958435059,134.841340967127,94.5369395995408,26.3308753789354,121.357812064035,43.9695322076502,28.3998727682221,48.8020200484911,83.8678641648128,15.0732547094511,155.060180164519,33.9777358575596,184.029864591711,59.6227427369715,76.9271638570738,123.276331583659,172.135676613337,167.743878291203,180.016708374023,20.6818505990742,132.719184875488,161.271693836559,125.207909498265,68.9183017914998,0,174.612129715254,152.042807056058,41.0758501883121,98.4378199751934,115.93875968747,194.327503204346,128.082502973841,93.5960093679882,103.988050501874,155.518585205078,0,180.793958391462,106.461990093363,130.915015271245,141.235763549805,164.641209920247,140.871575020455,171.712684537158,104.608156986374,164.216081025737,0,146.623209755376,218.551788330078,187.019903885691,129.317233436986,159.677490234375,226.665634155273,0,226.416915893555,147.634388590247,181.303512573242,150.188701629639,199.510432316707,121.423519329615,0,243.879104614258,178.824273916391,151.456568876568,183.404390716553,160.857310295105,0,0,191.404412841797,181.921341235821
118.085912704468,69.2289972788171,90.9869215371725,74.4812526106834,172.313887162642,66.0288524940366,93.0601877696078,161.018517411273,96.3973439769437,135.460433844364,155.060180164519,13.9900560036385,143.31388255528,26.2809258175924,85.0937488843036,126.562674713135,128.621490927304,55.1756860583436,26.0209464396797,28.2947461173531,143.302088144663,108.323140267214,97.9089602133385,105.716183016554,149.263539073231,30.8449160166436,27.978907060582,70.0257916951619,155.971699749982,71.9001374764876,110.378378271087,34.3907593658992,60.7169447580973,123.254703776042,26.311304117651,0,106.754330226353,139.152288957076,70.0132281833225,0,0,0,190.118907928467,0,231.318115234375,242.725082397461,86.5273119608561,211.662887573242,75.9233648663475,208.082443237305,0,187.576072692871,147.831934611003,102.66601896286,113.640525416324,0,185.597946166992,118.745014614529,155.157350713556,205.7711353302,62.3214330905821,110.540283873275,116.225063581973,193.886163330078,216.156600952148,0,102.221944874731,0,0,100.922843933105
120.109023384426,112.945910135905,176.418677882144,85.9045581287808,38.4923423622187,85.5230533793821,28.3058148055999,62.6108884516451,85.5391125644612,19.3213045314489,33.9777358575596,143.31388255528,11.0374704887409,163.764898300171,102.166637604495,16.7035109652646,93.582514444987,186.068216959635,170.256456163194,175.162643432617,17.6936163975513,159.446784973145,68.8428729289287,169.010202581232,15.7241946824701,165.478328704834,181.383486270905,159.630639319326,59.1628002961123,102.693143941842,140.328638076782,182.717346191406,115.3883971012,103.281821302934,103.084857921472,108.462844848633,0,220.694010416667,96.9495739936829,95.0015122660339,0,110.415635303058,141.557288805644,120.275659021342,69.310215486299,54.1161040082797,141.408248901367,15.254679675551,0,114.10263995735,90.2690204273571,0,229.494644165039,0,0,30.8753991379693,0,108.639875411987,185.786358642578,105.9827935846,0,0,193.418869018555,132.093992367996,128.914642168128,188.074478149414,0,0,159.215237426758,118.808151418513
151.837738037109,57.5889468357481,98.6937567727608,50.7222621434017,0,87.9710339137486,136.484932255101,174.992765460098,137.798915863037,128.895015866475,184.029864591711,26.2809258175924,163.764898300171,8.44764321421426,110.733518953677,168.938865661621,115.795862534467,102.016353895079,52.1588995334188,75.530149810791,180.018103027344,149.744435628255,87.3597552502742,132.460439046224,142.33387411935,21.3784876047728,50.0349191562097,44.1976505108693,168.32305354698,96.7271228001035,158.391448126899,15.8149777368184,91.5302373250326,203.969215393066,59.8973334109197,0,88.9504008822971,143.158520380656,51.8581890431485,214.912831624349,0,0,0,0,184.353176116943,0,75.5343730324193,0,68.9307163500241,139.961441040039,192.615158081055,0,172.336460113525,95.506950378418,111.378831574411,0,0,122.408541227642,196.918970743815,171.166900634766,53.8003964981838,94.8379810531704,97.124888750689,217.073104858398,116.310195922852,0,87.8216907794659,0,0,124.102516174316
20.4795038483722,153.871891021729,116.676501970156,83.5394133322365,112.142955980803,28.5705993203123,33.4975042516265,42.2813753343448,23.2394515229891,81.2043256353825,59.6227427369715,85.0937488843036,102.166637604495,110.733518953677,11.9563020577406,38.7365080118179,150.847086906433,126.765740144301,121.836263166155,140.719520484345,97.2238962337994,101.895978676845,119.901593808775,110.709979773023,101.165524636063,99.309315999349,135.830602575231,139.545372598478,95.9901647798943,19.5860471906593,67.9007414997079,127.237334031325,6.89641693082184,66.4621332464697,52.459340459721,162.450347900391,199.404846191406,176.664627972771,103.212901188777,161.255893707275,0,189.814538138253,140.515414485225,179.730843177209,134.588878631592,189.921908291903,0,125.961534118652,113.553810119629,173.085112351638,0,185.494655609131,209.437004089355,0,0,180.21167755127,0,133.753456115723,176.396154494513,139.055163776958,221.631973266602,215.487600708008,171.811873279918,147.91462635994,165.949909210205,143.050913843615,0,0,138.683166503906,163.716307830811
103.361549377441,110.964307657878,134.129674275716,100.013576870873,73.6426950285706,13.5176833027586,16.7378824474162,75.5076551437378,37.34208386582,23.2707542684525,76.9271638570738,126.562674713135,16.7035109652646,168.938865661621,38.7365080118179,8.924462145958,83.8313842773437,152.630274091448,164.825823465983,189.218719482422,58.3676003574776,209.910400390625,78.698738558539,134.338039051403,41.2874382132647,146.665320502387,157.495853770863,143.52855238274,84.9441262950068,85.2710591316223,111.404413223267,167.078694661458,33.6108941831789,100.68656984965,96.2830974790785,0,0,0,0,102.100834846497,99.293327331543,114.961730957031,122.087984085083,148.290794372559,58.3113001446391,118.812395731608,0,82.5821317036947,0,158.931083679199,68.8565907796224,0,0,0,0,93.7311471303304,0,0,0,95.0501528326071,0,172.561462402344,189.682772827148,129.686962890625,154.873649597168,0,0,0,0,0
113.984614054362,56.6136632821499,96.9683404650007,41.2423669323367,83.0078392028809,0,135.603218078613,116.568912706877,148.677904129028,38.9315729083437,123.276331583659,128.621490927304,93.582514444987,115.795862534467,150.847086906433,83.8313842773437,13.665193086181,109.138685153081,0,134.873812198639,148.996246337891,22.6198052165893,24.2086399013194,21.5022629720502,37.5860637387204,78.5542097091675,117.535469665527,25.445273054242,36.1933509246228,109.393148942427,80.321207695819,0,0,115.706427680122,79.3937871504803,144.839950561523,116.947540283203,111.632434129715,47.0747523819659,0,0,0,143.013097381592,166.532520294189,149.741661071777,175.833393096924,164.680892944336,0,145.941070556641,196.314275105794,0,89.5474015716323,136.332792394301,0,154.907755533854,0,108.825307556627,50.1571073339659,98.5344762515929,122.598919367386,0,146.323894153942,106.177802111106,125.659960144445,142.008050537109,111.655687921697,0,0,154.035690307617,130.049354248047
113.619592368112,57.3044711599747,44.5210856810332,69.3524868032132,173.416143798828,174.378413609096,147.873058702227,131.505496326432,135.786666831751,126.204879760742,172.135676613337,55.1756860583436,186.068216959635,102.016353895079,126.765740144301,152.630274091448,109.138685153081,11.1685389900264,54.942151658329,26.7233841978695,183.468612670898,76.3155826730357,78.9412815387432,31.5160513171776,128.706214954007,77.2290738423665,31.9865763578336,71.7530197775365,124.668877202376,114.327529503317,81.7246850027025,100.696601104736,180.411251361553,116.897668441137,36.3487825689469,0,104.675807952881,106.679977374724,77.6657341965684,161.790161132812,0,0,182.505401611328,195.598693847656,221.664176940918,207.318321228027,150.715763727824,0,144.134284973145,202.672424316406,0,135.067107064383,122.901837108981,131.570859636579,126.969381668988,0,160.609691820647,97.2867485437638,128.988560893748,170.728720721077,127.125396728516,112.720687335825,110.740837105645,178.82287173801,164.865005493164,170.099090576172,168.061096191406,0,0,132.316101837158
154.744490883567,82.4085136939739,94.4784765040621,83.0576168060303,191.145614624023,95.7017669677734,131.244872373693,181.929771824887,136.353721134246,159.326559884208,167.743878291203,26.0209464396797,170.256456163194,52.1588995334188,121.836263166155,164.825823465983,0,54.942151658329,7.21726846958316,19.0581689012019,189.427921295166,127.221095493862,114.716999816895,116.849416013624,168.134750366211,47.8207096506338,29.8992598547036,67.3464490598713,169.151249186198,103.070004683274,122.120412190755,52.2448079378709,103.409608968099,133.568422953288,61.6055754542642,0,93.1724052429199,136.818141937256,81.5152371724447,0,0,0,0,0,0,239.625045776367,102.69438680013,0,97.4214650280071,0,0,0,182.221969604492,108.953925476074,113.293857281025,0,0,120.560905456543,170.874870300293,195.728118896484,78.0031876997514,108.456229229363,110.407492592697,223.15788269043,0,0,107.822401566939,0,0,117.30387878418
135.059537506104,65.1203495308205,69.3882342562017,72.8397299796343,176.536209106445,0,151.179614702861,157.907646687826,149.431637103741,146.878766196115,180.016708374023,28.2947461173531,175.162643432617,75.530149810791,140.719520484345,189.218719482422,134.873812198639,26.7233841978695,19.0581689012019,13.1451755115381,178.339935302734,107.612697915027,99.910339537121,78.5796864032745,148.342881159996,53.3094325230039,34.1231060628791,72.6822055791565,146.215624987069,121.946563680729,100.937034749687,69.7685537899242,84.6800177437919,120.399676277524,44.5453269621588,0,107.670310974121,120.611120005123,77.750339669241,0,0,0,202.095062255859,0,0,202.279220581055,132.545189857483,0,110.510350227356,219.809865315755,0,149.835184733073,130.829916301527,114.490850257874,111.019158499581,0,171.598848978678,123.089803907606,153.105434711163,183.861857096354,83.9584865570068,103.352313952012,110.699103051896,198.600019454956,0,170.211486816406,106.888405936105,0,183.93522644043,131.84107763117
93.1563736308705,106.557727813721,163.166411179763,81.7023280217097,18.3845617692784,121.25004695012,55.7837011364923,73.7236303147816,95.3874219571753,20.5215716974032,20.6818505990742,143.302088144663,17.6936163975513,180.018103027344,97.2238962337994,58.3676003574776,148.996246337891,183.468612670898,189.427921295166,178.339935302734,10.7278824257312,173.477096557617,69.7487564086914,196.095401763916,21.7976419768276,0,179.637896728516,152.02294921875,35.1171937212207,96.2821204273413,155.232557932536,0,129.542080243429,102.131642659505,98.8784770522007,0,0,184.584823608398,138.452522277832,63.4015722205798,0,148.937192440033,141.471153804234,151.982016563416,87.9463308403291,157.76404147678,226.753692626953,31.6003711434859,0,188.373319837782,126.953812047055,148.73747253418,0,0,0,66.5448224213872,0,97.889087677002,0,106.96659748975,168.610641479492,222.277503967285,198.055002848307,145.884305885039,186.114178466797,168.020202636719,0,0,126.581169128418,172.618959699358
88.4309804845739,94.8428077697754,66.4667112914224,54.9332593402089,69.3346557617188,151.763740539551,131.223304054954,81.1553091904213,119.944227616417,78.2167611122131,132.719184875488,108.323140267214,159.446784973145,149.744435628255,101.895978676845,209.910400390625,22.6198052165893,76.3155826730357,127.221095493862,107.612697915027,173.477096557617,12.2636375399322,58.6484277075464,32.5905063987238,50.8067292218306,133.113464355469,102.911758337702,75.8682561477571,29.9166729410071,68.8771635743296,29.2580487411586,145.179092407227,148.249969482422,57.7462148407466,44.5020671725202,120.303009033203,226.34651184082,138.428460962632,62.0857154281051,0,0,159.673639933268,141.262904447668,154.666956583659,120.189804077148,192.305516560872,167.486999511719,176.688766479492,0,166.441332135882,0,108.146182782254,153.545974731445,229.233978271484,186.161499023438,198.247711181641,114.838398909822,69.0744548604646,122.275762367249,119.113875929132,0,176.813209025065,136.670256128851,121.238009134928,134.643064371745,112.91429510498,0,0,110.517618560791,124.129255631391
109.524781227112,24.7989241925772,59.2960983735544,29.2774481765585,66.8839179992676,92.9306163787842,125.852803911482,104.42813816777,126.827565361472,25.0781038179272,161.271693836559,97.9089602133385,68.8428729289287,87.3597552502742,119.901593808775,78.698738558539,24.2086399013194,78.9412815387432,114.716999816895,99.910339537121,69.7487564086914,58.6484277075464,7.75846704983813,54.2686386182872,32.2862667240162,64.55300205383,87.1218224497675,36.0098513256895,60.2032425958283,106.893906204789,73.1171049005845,100.506973444029,162.149917602539,75.262585957845,75.6893883499445,0,0,106.822366027832,14.3241464162926,121.893501281738,0,140.832962036133,118.179218292236,214.523239135742,86.4204483032227,177.978307088216,0,0,147.841602325439,0,98.7025451660156,54.4687965656149,118.25804977417,185.229512532552,146.677249908447,142.619033813477,64.593618604872,39.6882017983331,77.6625142701915,95.8686141967773,0,124.310069656372,98.132085783141,104.113095806491,0,107.660638809204,121.019756317139,0,0,68.276793162028
97.0815446670741,71.0433767518001,34.3539774770414,67.6183014776905,165.536396026611,167.112182617188,126.082764960216,83.2080990456992,115.299614858973,101.409035405805,125.207909498265,105.716183016554,169.010202581232,132.460439046224,110.709979773023,134.338039051403,21.5022629720502,31.5160513171776,116.849416013624,78.5796864032745,196.095401763916,32.5905063987238,54.2686386182872,19.619480871731,90.8388299616227,122.111961364746,75.4047633960035,51.6106308991991,60.4287140218999,106.036204652096,56.1177650774956,138.120815570538,157.398485819499,96.7593518558301,56.7849180766502,211.775131225586,117.538948059082,105.087537886108,79.2513849055967,172.808578491211,0,194.208843994141,152.829371614276,192.784194946289,124.681909833636,175.912850952148,168.154685974121,162.488372802734,177.051071166992,179.57470035553,202.138565063477,100.547327388529,135.70218686445,170.089538574219,147.648756844657,178.976348876953,114.380141038161,66.8083433208093,109.399886646393,137.999956083535,137.406539916992,143.745559123025,106.649439309911,142.5349337297,176.908737182617,135.45943846526,0,0,170.407624986437,140.288663007211
88.1595326832363,86.0368379480699,121.1331229881,42.9232379477384,24.7719002907673,99.3467014019306,85.861653395647,67.3589796423912,94.0106555421149,15.9622413047733,68.9183017914998,149.263539073231,15.7241946824701,142.33387411935,101.165524636063,41.2874382132647,37.5860637387204,128.706214954007,168.134750366211,148.342881159996,21.7976419768276,50.8067292218306,32.2862667240162,90.8388299616227,9.93245948769045,113.191719793504,132.241241578133,87.4894469344263,29.7909191320569,84.2882730896129,73.1792554003638,153.296915690104,142.919389088949,71.2080317506003,89.9525427705913,126.25093536377,135.781244277954,139.867030108417,56.0428808533319,94.9233162376318,78.6704406738281,124.728005468318,102.11367092996,134.607174647337,63.2228695963331,124.077659191229,181.590484619141,110.023307173593,171.851600646973,134.895684832618,94.4481735229492,109.031026015411,161.730306376582,219.843170166016,187.920415878296,100.948538810328,119.221021628078,91.6342572858257,133.986821964809,84.4628400080795,130.978500366211,167.306575775146,150.065674432719,106.069969701225,129.701976482685,106.7475975824,0,0,120.607387396005,127.571629318536
0,23.4226697721896,105.887009938558,24.4392098755512,119.626068115234,107.706186930339,146.303184509277,0,114.063598632812,110.108044429196,0,30.8449160166436,165.478328704834,21.3784876047728,99.309315999349,146.665320502387,78.5542097091675,77.2290738423665,47.8207096506338,53.3094325230039,0,133.113464355469,64.55300205383,122.111961364746,113.191719793504,7.28761479899603,43.05441992264,25.6608781373407,167.210792541504,75.7890961964925,0,43.9278626033238,78.5837593078613,0,53.686996259997,0,97.8535530090332,0,35.3789584145826,202.450088500977,0,0,0,0,147.716939290365,210.859146118164,73.2865941183908,163.806579589844,55.7686656272317,0,0,0,0,82.1830724443708,99.5456220838759,0,0,81.4282150268555,0,0,43.3076007101271,77.0743201235507,76.2631971391581,204.094314575195,114.822418212891,0,77.3100166320801,0,0,55.7445945739746
125.593638070622,51.1361334441138,32.2631506678195,46.9313896384588,176.078787231445,139.660294426812,150.578096666771,138.113353895104,143.099024534826,126.45476228157,174.612129715254,27.978907060582,181.383486270905,50.0349191562097,135.830602575231,157.495853770863,117.535469665527,31.9865763578336,29.8992598547036,34.1231060628791,179.637896728516,102.911758337702,87.1218224497675,75.4047633960035,132.241241578133,43.05441992264,18.4789778284979,41.4576526563621,135.989136189626,124.741611267204,108.331047072777,32.6673525592997,113.476984659831,142.914854983066,63.7207244651418,193.288986206055,96.3217889224782,102.310809487828,59.2465714320802,221.807563781738,0,0,192.959457397461,184.196679251535,194.264419555664,177.701217651367,105.06719823984,0,87.8896193443357,182.219118754069,222.450523376465,142.35247152823,114.136475302956,105.139859928804,105.962517856907,0,188.552700805664,121.495668320429,138.385438601176,189.858757382347,73.6053681373596,94.5513756107545,97.8780661195631,190.679803287282,195.221633911133,162.409284319196,102.309515754096,0,232.543884277344,120.145839810371
127.995840941237,31.7926916636639,33.7055454672766,39.8327269169729,135.690426635742,167.762059020996,154.251530217189,120.812661858304,144.815371953004,118.015564330017,152.042807056058,70.0257916951619,159.630639319326,44.1976505108693,139.545372598478,143.52855238274,25.445273054242,71.7530197775365,67.3464490598713,72.6822055791565,152.02294921875,75.8682561477571,36.0098513256895,51.6106308991991,87.4894469344263,25.6608781373407,41.4576526563621,17.5826959946804,79.6471235297911,131.324666073448,106.39145061477,41.1201909663349,150.006064860026,125.181450382356,72.3784030815486,190.863641357422,90.1293296436272,93.4067224760479,51.1008155073856,207.534657796224,0,186.223407321506,159.845078349113,184.500793457031,154.346871512277,177.67030695865,112.080702742176,177.800109863281,86.6488175212654,174.208858380999,202.19066619873,97.6767420582957,113.514406997233,105.13893509813,108.782824531596,0,134.484609413147,61.5361298228527,102.174918854708,152.507801434466,70.4966633866876,97.9403898550475,95.6277282173475,156.083296004252,184.866814676921,156.342885854293,100.407886608227,0,178.930226135254,119.740440722333
77.0479152336549,113.069944208319,95.4849313194602,56.4117684629228,18.9651226276343,121.197836558024,76.3606130732924,29.5524393454985,88.1668208024847,55.9434105903437,41.0758501883121,155.971699749982,59.1628002961123,168.32305354698,95.9901647798943,84.9441262950068,36.1933509246228,124.668877202376,169.151249186198,146.215624987069,35.1171937212207,29.9166729410071,60.2032425958283,60.4287140218999,29.7909191320569,167.210792541504,135.989136189626,79.6471235297911,13.7213705352473,84.0812185346266,34.6585765765513,173.760729703036,137.179549535116,70.7790621321675,72.5668880265115,127.967991965158,145.173583984375,155.701486222287,67.9433861980001,122.61357105455,162.584314982096,148.888421286999,118.129074586641,150.063396574322,90.8944193692815,148.996279599556,183.610542297363,137.676868540446,207.811019897461,146.124704978045,126.516477711995,115.080771577572,170.97261832101,211.127250671387,200.912132263184,135.588687019348,121.150101776717,92.9030252000306,140.259686451574,104.282184015515,193.950805664062,184.971057510376,154.699673008919,121.87239359881,142.234140496505,110.41524902397,215.076507568359,198.524887084961,128.78854598999,140.97236178903
24.631490989143,126.56213923863,120.402573646172,69.9803348920161,108.520193838304,26.4824718231051,50.5126745777679,71.8091551037479,37.4532751832266,72.2217910408974,98.4378199751934,71.9001374764876,102.693143941842,96.7271228001035,19.5860471906593,85.2710591316223,109.393148942427,114.327529503317,103.070004683274,121.946563680729,96.2821204273413,68.8771635743296,106.893906204789,106.036204652096,84.2882730896129,75.7890961964925,124.741611267204,131.324666073448,84.0812185346266,11.792806866454,46.2623375096381,110.176991462708,11.1423674924182,21.063278939168,39.6903318948401,134.709526062012,0,170.20234375,88.603712111253,155.244188181559,0,175.350739252,130.116038689247,168.056325209768,127.687580871582,185.218109824441,149.475646972656,120.849353790283,129.089447021484,155.028255960216,148.09157371521,112.849931716919,183.531958007813,159.681406656901,168.976585388184,117.956672668457,132.92343374399,110.766660902235,172.084122009277,125.799261292692,0,162.257347954644,175.009085613748,136.572600521716,157.121696472168,128.28306833903,0,0,149.23352595738,151.319624527641
34.4704678702999,102.049821036203,82.2027822231481,53.085110925422,132.474914550781,121.741990225656,112.571776081332,27.1696725052277,80.3288047763944,54.4135568594631,115.93875968747,110.378378271087,140.328638076782,158.391448126899,67.9007414997079,111.404413223267,80.321207695819,81.7246850027025,122.120412190755,100.937034749687,155.232557932536,29.2580487411586,73.1171049005845,56.1177650774956,73.1792554003638,0,108.331047072777,106.39145061477,34.6585765765513,46.2623375096381,12.3171587113925,150.764907836914,125.612422943115,44.9652054991041,38.9671150099581,121.115631797097,0,144.183645075018,63.8642515427995,131.351926167806,0,152.075756072998,117.952331296859,150.977436828613,99.1157904125395,159.829801459061,0,140.082594299316,0,145.001251426903,0,96.1923545723531,159.815789116753,180.344451904297,184.116806030273,212.776382446289,116.034497191941,80.3727888989804,134.680956177792,106.018058660079,0,180.10538482666,149.062636575581,115.310820072255,125.62441981389,109.050269511209,0,201.744750976562,113.327424937281,123.417230224609
160.35424041748,69.5502871760616,97.2148596869575,68.9713192320707,0,189.28369140625,128.944899559021,174.232045100285,156.2362112748,142.775532967704,194.327503204346,34.3907593658992,182.717346191406,15.8149777368184,127.237334031325,167.078694661458,0,100.696601104736,52.2448079378709,69.7685537899242,0,145.179092407227,100.506973444029,138.120815570538,153.296915690104,43.9278626033238,32.6673525592997,41.1201909663349,173.760729703036,110.176991462708,150.764907836914,6.66588619326039,106.00594329834,219.327339172363,70.655839659951,0,123.916084289551,151.183959960938,60.0059376884909,191.605026245117,0,0,0,0,220.685668945312,0,103.297890981038,0,84.2934625338664,0,0,0,141.217658996582,104.376023708246,105.894723256429,0,0,162.841862996419,0,0,70.8265300897451,100.201892805688,101.212448699565,0,0,0,98.1211996459961,0,0,0
82.8319123586019,0,164.699452354794,118.746982150608,144.162921142578,8.30845352874191,15.4359295514464,116.214810616629,12.605582443831,131.470690409342,128.082502973841,60.7169447580973,115.3883971012,91.5302373250326,6.89641693082184,33.6108941831789,0,180.411251361553,103.409608968099,84.6800177437919,129.542080243429,148.249969482422,162.149917602539,157.398485819499,142.919389088949,78.5837593078613,113.476984659831,150.006064860026,137.179549535116,11.1423674924182,125.612422943115,106.00594329834,5.03752089309109,166.529006958008,33.0563789415359,0,0,0,0,195.806518554688,0,0,167.892059326172,197.433410644531,0,0,0,173.285537719727,0,0,0,0,0,0,0,0,0,0,0,171.472544743465,0,183.185699462891,210.81290435791,188.708316802979,182.778717041016,0,0,0,0,0
41.4267878165612,126.113864898682,125.592334710279,61.9398141764908,91.351250346114,158.848850250244,101.722568833983,67.4769816122585,92.322712131909,62.5275601003772,93.5960093679882,123.254703776042,103.281821302934,203.969215393066,66.4621332464697,100.68656984965,115.706427680122,116.897668441137,133.568422953288,120.399676277524,102.131642659505,57.7462148407466,75.262585957845,96.7593518558301,71.2080317506003,0,142.914854983066,125.181450382356,70.7790621321675,21.063278939168,44.9652054991041,219.327339172363,166.529006958008,9.31779642144844,36.7839238173135,150.076583862305,157.716384887695,168.644233703613,84.2018451690674,159.861607869466,0,171.784723917643,125.978818453275,170.890092737534,107.959722518921,153.863347221823,0,112.346887588501,0,147.604681226942,138.907508850098,106.985794067383,183.407646179199,0,220.482086181641,150.893646240234,151.08838780721,61.5698026021322,156.443988800049,110.546327605961,0,0,188.107042312622,129.448458229623,149.107567420373,118.302494395863,0,0,141.564254760742,137.075085957845
77.9080837504069,58.1666584185955,69.7077877020031,69.3412213843414,109.780061619256,34.7682985613423,70.9006448476873,89.2672313222726,67.4804941940934,78.6315504743698,103.988050501874,26.311304117651,103.084857921472,59.8973334109197,52.459340459721,96.2830974790785,79.3937871504803,36.3487825689469,61.6055754542642,44.5453269621588,98.8784770522007,44.5020671725202,75.6893883499445,56.7849180766502,89.9525427705913,53.686996259997,63.7207244651418,72.3784030815486,72.5668880265115,39.6903318948401,38.9671150099581,70.655839659951,33.0563789415359,36.7839238173135,12.6322210181963,107.010749816895,92.5090560913086,108.081102048434,78.7366232928108,172.769365310669,0,183.842920939128,142.473886980329,160.809679471529,131.133751502404,181.738169670105,136.969995498657,147.882446289062,129.832372665405,162.110576629639,193.509857177734,121.798268440442,128.657877212916,129.694653679343,125.93581036159,154.215148925781,133.053159377154,81.066703508485,125.919372558594,126.562861614346,95.6378707885742,114.735800520282,113.656210706325,143.727495956421,165.19342880249,130.143027054636,127.523733139038,0,152.209020614624,145.768721580505
189.397979736328,0,160.020568847656,92.8186702728271,154.40007019043,212.362976074219,166.116636657715,171.897735595703,157.214457920619,0,155.518585205078,0,108.462844848633,0,162.450347900391,0,144.839950561523,0,0,0,0,120.303009033203,0,211.775131225586,126.25093536377,0,193.288986206055,190.863641357422,127.967991965158,134.709526062012,121.115631797097,0,0,150.076583862305,107.010749816895,12.1347708440509,122.081615447998,105.926131992165,62.7232764300178,87.3915920257568,91.1236267089844,87.3564416673448,25.6919082403183,30.8782894751018,66.2205959285071,77.7465303658636,130.089941204719,87.2325390861148,138.950702667236,16.0621824984513,91.4717636108398,108.397530555725,106.455746838921,145.369967493518,120.507963930327,83.8846767970494,92.3660701794571,65.6969334072537,99.3596290490879,76.6354750430945,122.552375793457,118.021606105542,130.609900355339,81.5481973119745,17.3065518171053,31.9357257961508,135.166275024414,79.7506790161133,23.225682676655,67.7418575736241
0,150.911911010742,88.7811553478241,61.4808019002279,0,0,0,0,190.21452331543,101.248085021973,0,106.754330226353,0,88.9504008822971,199.404846191406,0,116.947540283203,104.675807952881,93.1724052429199,107.670310974121,0,226.34651184082,0,117.538948059082,135.781244277954,97.8535530090332,96.3217889224782,90.1293296436272,145.173583984375,0,0,123.916084289551,0,157.716384887695,92.5090560913086,122.081615447998,7.60636067335605,42.096959309807,30.0850830150373,108.797859191895,139.798538208008,139.250087738037,141.72088432312,147.240176518758,78.2601093649864,171.446543375651,64.9163793511347,103.928908030192,47.5151906052256,137.651539195668,117.563182067871,65.0006019786253,54.8118488727472,69.1200681686401,61.6305771281286,146.861167907715,119.494945526123,21.0482989231196,74.217767055218,86.21977480904,21.3866195932473,48.8231672012188,32.7293264922642,116.499661652938,133.01665687561,107.732398139106,68.0151387264854,84.3735961914062,0,59.8085054537145
170.036426544189,101.522822825114,89.8292447829592,83.0066307385762,156.598236083984,181.881958007812,206.292831420898,160.653366088867,173.940711669922,141.965688069661,180.793958391462,139.152288957076,220.694010416667,143.158520380656,176.664627972771,0,111.632434129715,106.679977374724,136.818141937256,120.611120005123,184.584823608398,138.428460962632,106.822366027832,105.087537886108,139.867030108417,0,102.310809487828,93.4067224760479,155.701486222287,170.20234375,144.183645075018,151.183959960938,0,168.644233703613,108.081102048434,105.926131992165,42.096959309807,12.314964169481,42.0439832396805,153.978261311849,173.688733418783,125.654182550118,91.4940276557235,117.4635363816,115.493575462928,107.276388636807,92.4568522958194,192.803353627523,100.418177554482,109.314643823388,127.597782019413,76.5622018512927,33.4124985711425,78.1970897286625,67.2092597109931,193.20645904541,69.7044470372407,45.906866321316,33.0104581487504,113.380800557691,115.087852478027,34.5286734769734,30.6765226623722,89.7520804059854,125.094580207073,79.1721906661987,89.1136532659116,181.604354858398,120.976336669922,86.9797210969787
