18433,0,237,78,10,6,97,4735,419,63,514,44,58,0,15196,75,1,708,18,151,18,154,13,662,142,1,151,168,362,9537,5720,2,16,91,270,0,0,8,4,0,0,0,15,0,7,2,0,1,0,3,0,2,1,0,0,0,4,4,3,21,0,2,16,37,8,14,0,0,2,4
0,2963,46,547,0,0,0,3,6,337,1,88,7,532,4,2,27,55,37,32,1,10,2513,9,105,1371,214,9584,33,5,2,74,0,0,79,0,2,10,18,0,0,0,0,2,1,0,3,0,37,0,0,0,5,8,5,0,0,4,1,2,17,51,171,1,0,1,9,0,0,2
237,46,15508,284,2,3,87,1560,610,25,169,66,12,7,936,10,26,6481,129,801,0,656,63,11205,218,2,8572,16410,1994,145,1031,4,9,22,731,2,14,420,51,0,0,0,21,3,3,3,2,0,0,10,0,34,86,2,7,0,14,101,133,17,0,96,1000,49,5,17,0,0,1,9
78,547,284,607,110,2,97,570,236,1044,219,68,53,166,226,27,1096,197,24,81,13,768,1343,207,5300,375,404,7286,2280,394,920,25,13,152,224,11,7,7,55,6,0,9,54,21,67,22,5,2,11,10,0,54,10,7,4,3,21,99,11,177,9,43,163,206,29,53,3,0,12,13
10,0,2,110,23130,1,518,74,182,282,6227,8,6036,1,161,125,0,7,0,3,29882,1,8,6,2593,1,10,16,15041,140,10,0,9,4,27,1,0,1,28,2074,1,92,80,57,90,335,1,650,0,18,6,1,0,0,0,2096,1,0,0,660,0,0,1,343,12,1,0,2,2,9
6,0,3,2,1,4228,7294,22,1799,15,52,10,54,4,500,3539,0,6,0,0,7,3,0,4,15,0,0,2,16,199,7,0,3137,0,26,0,0,0,0,0,0,0,1,1,0,0,0,0,0,0,0,0,0,0,0,0,0,0,1,5,0,0,0,1,0,1,0,0,0,0
97,0,87,97,518,7294,70363,2675,24824,154,21588,108,13035,31,2186,9719,1,78,18,21,1574,10,6,88,781,3,84,55,2157,452,126,6,3242,50,185,2,0,1,37,43,0,44,102,86,54,132,0,89,0,36,0,3,1,1,0,49,1,2,4,362,0,0,4,222,14,7,0,2,2,8
4735,3,1560,570,74,22,2675,65358,6854,399,19643,121,183,11,14321,65,12,639,40,130,139,786,82,2509,1345,1,848,581,14468,5551,23011,9,79,904,1425,13,1,16,94,70,0,97,390,160,148,326,2,47,0,95,4,43,12,2,1,57,30,21,29,899,0,9,56,785,85,131,0,2,27,42
419,6,610,236,182,1799,24824,6854,89805,209,14221,595,1138,90,26767,1307,3,593,98,161,383,125,25,791,1462,22,479,290,2241,1366,1180,25,2479,141,828,11,1,16,56,29,0,60,269,128,101,154,1,39,3,78,2,11,1,0,0,39,6,6,9,547,0,5,32,427,38,34,0,1,13,16
63,337,25,1044,282,15,154,399,209,13989,224,109,1092,348,165,797,10,38,9,16,90,43,3777,51,16470,265,134,1680,1986,293,444,55,10,92,170,3,1,1,50,62,0,18,98,31,66,80,0,22,18,25,5,13,3,2,1,38,7,4,6,328,9,16,44,213,18,41,4,0,8,7
514,1,169,219,6227,52,21588,19643,14221,224,134720,191,13202,26,7243,245,1,91,25,34,16765,64,20,237,1814,10,195,103,11387,2510,528,10,136,86,549,3,2,8,61,467,2,187,284,180,146,789,1,401,0,63,7,7,0,0,0,476,4,7,5,1454,1,2,12,709,43,25,0,4,11,15
44,88,66,68,8,10,108,121,595,109,191,60150,85,12140,718,8,8,462,7650,3628,24,53,143,194,68,1197,8636,2693,95,483,103,2406,146,66,8036,0,9,10,29,0,0,1,9,1,2,1,56,0,480,5,0,0,3,41,15,0,2,11,4,14,279,162,514,5,1,3,100,1,3,16
58,7,12,53,6036,54,13035,183,1138,1092,13202,85,72981,16,771,5710,0,9,9,8,16532,3,36,9,2929,1,41,70,4164,287,13,9,77,2,106,2,0,0,3,269,0,85,27,34,29,242,0,4821,0,9,4,3,0,0,0,772,0,1,1,210,0,1,3,121,14,3,0,1,2,8
0,532,7,166,1,4,31,11,90,348,26,12140,16,27035,79,5,0,7,103,12,5,0,727,1,57,6274,3196,5437,15,45,5,5719,23,0,399,1,27,6,67,0,0,1,0,5,18,0,338,1,3334,4,2,0,6,30,4,0,0,28,0,10,2157,162,1152,2,4,3,329,2,1,30
15196,4,936,226,161,500,2186,14321,26767,165,7243,718,771,79,94408,177,5,1469,144,372,378,292,46,1762,901,21,655,500,1963,13013,5814,48,3752,328,1316,11,1,15,28,8,0,16,144,60,47,55,0,15,2,26,2,14,2,2,1,11,5,16,13,232,0,10,58,259,33,48,0,0,10,11
75,2,10,27,125,3539,9719,65,1307,797,245,8,5710,5,177,10545,0,14,0,3,153,1,34,10,726,3,9,49,153,18,14,1,239,1,15,0,0,1,1,10,0,1,2,7,1,8,0,7,0,2,0,1,0,0,0,4,1,0,0,13,0,0,2,10,0,0,0,0,1,0
1,27,26,1096,0,0,1,12,3,10,1,8,0,0,5,0,23263,64,4,12,0,7215,9601,15920,2499,0,62,11417,1147,8,125,1,0,4,242,0,0,25,340,0,0,0,11,1,2,3,0,0,0,2,0,525,9,1,0,0,265,693,1119,78,0,10,227,103,2,62,0,0,1,13
708,55,6481,197,7,6,78,639,593,38,91,462,9,7,1469,14,64,24921,701,10289,3,1126,81,9985,234,4,12005,8585,628,1121,3384,10,14,135,4957,1,37,129,48,0,0,1,11,6,2,2,2,0,1,7,0,13,76,6,11,0,14,53,45,23,2,141,555,42,3,22,1,0,3,11
18,37,129,24,0,0,18,40,98,9,25,7650,9,103,144,0,4,701,6465,5031,8,24,18,120,18,62,6288,1594,35,168,57,242,12,11,1211,0,17,9,16,0,0,0,1,1,0,1,18,0,110,1,0,2,8,49,15,0,1,10,4,3,79,202,561,3,0,2,45,0,0,14
151,32,801,81,3,0,21,130,161,16,34,3628,8,12,372,3,12,10289,5031,19281,3,150,37,830,46,9,12632,3545,142,432,478,31,5,70,4507,0,50,37,28,0,0,0,4,2,1,0,5,0,9,3,0,3,32,10,28,0,4,9,12,2,21,250,580,4,1,4,5,1,0,15
18,1,0,13,29882,7,1574,139,383,90,16765,24,16532,5,378,153,0,3,8,3,11145,2,1,5,1315,0,18,13,5505,159,9,3,26,3,35,0,0,0,8,917,0,26,31,17,32,126,0,331,0,7,2,0,0,0,0,484,1,1,0,186,0,0,4,80,3,2,0,0,0,1
154,10,656,768,1,3,10,786,125,43,64,53,3,0,292,1,7215,1126,24,150,2,60096,726,31460,409,0,237,3596,6161,484,20822,0,2,344,8000,7,1,25,219,0,0,1,37,3,15,4,0,0,1,8,0,441,8,2,2,0,538,196,345,124,0,4,90,424,49,328,0,0,65,27
13,2513,63,1343,8,0,6,82,25,3777,20,143,36,727,46,34,9601,81,18,37,1,726,11688,1986,8162,833,204,11766,1400,132,368,87,1,69,246,1,8,12,29,0,0,0,17,2,9,4,4,1,47,3,0,51,5,2,4,1,28,65,63,66,29,38,113,77,6,41,7,0,7,6
662,9,11205,207,6,4,88,2509,791,51,237,194,9,1,1762,10,15920,9985,120,830,5,31460,1986,86428,508,0,1541,22059,5294,783,10033,4,8,208,9279,2,2,320,296,2,0,3,89,11,12,8,1,0,1,12,0,739,27,1,2,0,249,1521,2305,78,0,28,1686,227,18,75,0,0,8,22
142,105,218,5300,2593,15,781,1345,1462,16470,1814,68,2929,57,901,726,2499,234,18,46,1315,409,8162,508,67473,45,407,4324,21178,1075,1255,10,45,317,542,42,4,47,460,263,1,238,1050,431,588,698,10,150,3,227,21,259,20,4,8,207,183,125,145,3306,1,36,147,2386,247,457,1,9,109,110
1,1371,2,375,1,0,3,1,22,265,10,1197,1,6274,21,3,0,4,62,9,0,0,833,0,45,11344,169,3904,6,17,1,270,7,1,127,1,11,2,20,0,0,0,0,1,1,0,45,0,586,1,0,0,0,36,8,0,0,6,0,0,328,132,501,2,1,1,85,0,0,9
151,214,8572,404,10,0,84,848,479,134,195,8636,41,3196,655,9,62,12005,6288,12632,18,237,204,1541,407,169,68717,25445,1306,470,467,1757,38,53,4278,10,326,285,229,0,1,1,20,15,9,2,132,4,780,15,1,10,282,240,163,1,10,63,55,28,583,2095,5443,27,9,30,275,1,3,114
168,9584,16410,7286,16,2,55,581,290,1680,103,2693,70,5437,500,49,11417,8585,1594,3545,13,3596,11766,22059,4324,3904,25445,129087,4308,474,551,2616,22,92,7089,20,578,1886,1118,5,0,6,146,37,50,17,186,4,1273,72,0,270,605,413,331,1,88,2141,1506,188,1072,4311,15675,225,34,73,380,0,6,265
362,33,1994,2280,15041,16,2157,14468,2241,1986,11387,95,4164,15,1963,153,1147,628,35,142,5505,6161,1400,5294,21178,6,1306,4308,72488,2524,10171,16,50,906,2035,43,3,58,264,536,1,286,825,379,401,897,2,233,4,190,13,284,20,4,7,274,265,123,169,2660,2,30,143,2132,256,517,1,5,124,89
9537,5,145,394,140,199,452,5551,1366,293,2510,483,287,45,13013,18,8,1121,168,432,159,484,132,783,1075,17,470,474,2524,74516,6362,43,2159,4107,2790,7,0,4,22,4,0,8,110,17,43,13,1,10,3,24,0,59,4,0,2,8,28,14,11,133,0,17,36,274,30,104,2,0,21,13
5720,2,1031,920,10,7,126,23011,1180,444,528,103,13,5,5814,14,125,3384,57,478,9,20822,368,10033,1255,1,467,551,10171,6362,74894,7,35,788,7275,18,1,24,60,2,1,1,154,10,64,8,1,1,1,32,0,199,7,3,1,1,230,57,72,247,1,11,56,625,114,327,0,1,66,35
2,74,4,25,0,0,6,9,25,55,10,2406,9,5719,48,1,1,10,242,31,3,0,87,4,10,270,1757,2616,16,43,7,1206,7,1,247,0,16,3,18,0,0,0,0,2,7,1,62,0,539,1,0,0,4,60,9,0,1,7,4,3,358,207,752,1,1,0,147,0,0,15
16,0,9,13,9,3137,3242,79,2479,10,136,146,77,23,3752,239,0,14,12,5,26,2,1,8,45,7,38,22,50,2159,35,7,7742,1,356,0,0,0,1,1,0,1,7,0,2,2,0,4,1,0,0,0,0,0,0,1,0,0,0,8,0,0,1,14,3,1,0,0,0,0
91,0,22,152,4,0,50,904,141,92,86,66,2,0,328,1,4,135,11,70,3,344,69,208,317,1,53,92,906,4107,788,1,1,6952,1301,2,0,0,9,1,0,0,28,3,8,2,1,1,0,5,1,31,2,1,0,2,20,10,8,30,0,0,3,95,9,53,0,0,8,7
270,79,731,224,27,26,185,1425,828,170,549,8036,106,399,1316,15,242,4957,1211,4507,35,8000,246,9279,542,127,4278,7089,2035,2790,7275,247,356,1301,37560,3,18,52,55,1,0,1,40,5,14,11,7,2,12,10,1,51,21,21,17,1,63,80,78,58,20,140,445,132,11,72,8,0,9,12
0,0,2,11,1,0,2,13,11,3,3,0,2,1,11,0,0,1,0,0,0,7,1,2,42,1,10,20,43,7,18,0,0,2,3,9594,2,191,52,9,3,75,8415,692,105,343,101,15,11,13113,5,17,333,96,174,8,74,16,87,113,0,692,237,240,17706,3976,8,12,560,480
0,2,14,7,0,0,0,1,1,1,2,9,0,27,1,0,0,37,17,50,0,1,8,2,4,11,326,578,3,0,1,16,0,0,18,2,3904,45,535,1,0,0,6,2,454,2,28,9,113,9,19,134,55,18,48,0,12,4779,32,298,3292,318,7545,51,4,14,23,0,1,50
8,10,420,7,1,0,1,16,16,1,8,10,0,6,15,1,25,129,9,37,0,25,12,320,47,2,285,1886,58,4,24,3,0,0,52,191,45,22218,225,8,7,219,4408,1662,45,791,105,10,39,2101,10,51,6813,178,474,6,730,174,9774,122,1,13599,13605,2735,471,392,27,10,51,733
4,18,51,55,28,0,37,94,56,50,61,29,3,67,28,1,340,48,16,28,8,219,29,296,460,20,229,1118,264,22,60,18,1,9,55,52,535,225,570,19,3,62,510,161,1105,115,73,38,287,195,37,1078,386,39,63,11,445,1737,677,2307,1148,609,7898,1099,182,386,24,4,94,218
0,0,0,6,2074,0,43,70,29,62,467,0,269,0,8,10,0,0,0,0,917,0,0,2,263,0,0,5,536,4,2,0,1,1,1,9,1,8,19,27481,1,458,214,93,498,6048,5,5682,0,52,105,1,2,2,1,30295,0,1,0,4469,1,0,6,6476,104,2,0,7,15,32
0,0,0,0,1,0,0,0,0,0,2,0,0,0,0,0,0,0,0,0,0,0,0,0,1,0,1,0,1,0,1,0,0,0,0,3,0,7,3,1,8233,7301,34,4407,8,40,38,10,2,1169,2018,0,2,2,1,6,0,0,1,9,0,11,1,10,451,2,0,3884,1,69
0,0,0,9,92,0,44,97,60,18,187,1,85,1,16,1,0,1,0,0,26,1,0,3,238,0,1,6,286,8,1,0,1,0,1,75,0,219,62,458,7301,97440,1461,32975,316,18850,119,12238,10,2644,8662,4,16,16,9,1506,3,3,12,775,1,127,52,1784,1729,32,10,3443,35,336
15,0,21,54,80,1,102,390,269,98,284,9,27,0,144,2,11,11,1,4,31,37,17,89,1050,0,20,146,825,110,154,0,7,28,40,8415,6,4408,510,214,34,1461,88539,9487,1056,29662,205,148,20,18255,53,65,1497,170,333,152,1045,75,2388,1923,3,1903,1133,13455,6562,13918,18,72,1390,1836
0,2,3,21,57,1,86,160,128,31,180,1,34,5,60,7,1,6,1,2,17,3,2,11,431,1,15,37,379,17,10,2,0,3,5,692,2,1662,161,93,4407,32975,9487,92187,554,16325,605,744,55,33146,1098,6,225,105,94,289,21,11,153,1096,5,1301,304,2082,4966,272,40,6976,85,974
7,1,3,67,90,0,54,148,101,66,146,2,29,18,47,1,2,2,0,1,32,15,9,12,588,1,9,50,401,43,64,7,2,8,14,105,454,45,1105,498,8,316,1056,554,12357,470,37,3927,76,403,1601,198,34,12,9,299,51,2408,38,16208,401,74,1620,2674,373,566,7,5,169,175
2,0,3,22,335,0,132,326,154,80,789,1,242,0,55,8,3,2,1,0,126,4,4,8,698,0,2,17,897,13,8,1,2,2,11,343,2,791,115,6048,40,18850,29662,16325,470,161468,77,16352,8,5525,299,12,62,18,13,12310,27,10,138,3793,0,277,160,12318,1984,97,5,65,194,801
0,3,2,5,1,0,0,2,1,0,1,56,0,338,0,0,0,2,18,5,0,0,4,1,10,45,132,186,2,1,1,62,0,1,7,101,28,105,73,5,38,119,205,605,37,77,63864,33,4476,1220,5,5,1427,9920,1531,20,157,27,450,39,413,11808,1660,59,1196,483,5938,480,23,13293
1,0,0,2,650,0,89,47,39,22,401,0,4821,1,15,7,0,0,0,0,331,0,1,0,150,0,4,4,233,10,1,0,4,1,2,15,9,10,38,5682,10,12238,148,744,3927,16352,33,87141,4,323,4065,2,1,6,0,26941,0,23,2,2175,3,14,35,1575,280,8,3,27,13,235
0,37,0,11,0,0,0,0,3,18,0,480,0,3334,2,0,0,1,110,9,0,1,47,1,3,586,780,1273,4,3,1,539,1,0,12,11,113,39,287,0,2,10,20,55,76,8,4476,4,25504,110,2,3,27,136,25,0,5,101,14,20,2451,957,4553,8,59,29,7000,28,3,277
3,0,10,10,18,0,36,95,78,25,63,5,9,4,26,2,2,7,1,3,7,8,3,12,227,1,15,72,190,24,32,1,0,5,10,13113,9,2101,195,52,1169,2644,18255,33146,403,5525,1220,323,110,136874,167,23,873,350,452,207,91,24,274,703,9,3531,774,1332,14194,2135,104,7484,155,2156
0,0,0,0,6,0,0,4,2,5,7,0,4,2,2,0,0,0,0,0,2,0,0,0,21,0,1,0,13,0,0,0,0,1,1,5,19,10,37,105,2018,8662,53,1098,1601,299,5,4065,2,167,11364,0,2,1,0,82,0,28,0,351,7,11,56,95,223,1,0,36,3,30
2,0,34,54,1,0,3,43,11,13,7,0,3,0,14,1,525,13,2,3,0,441,51,739,259,0,10,270,284,59,199,0,0,31,51,17,134,51,1078,1,0,4,65,6,198,12,5,2,3,23,0,28185,68,3,8,0,4175,8573,9570,4449,4,49,9294,2369,86,758,0,0,140,240
1,5,86,10,0,0,1,12,1,3,0,3,0,6,2,0,9,76,8,32,0,8,5,27,20,0,282,605,20,4,7,4,0,2,21,333,55,6813,386,2,2,16,1497,225,34,62,1427,1,27,873,2,68,27768,1758,11731,0,2013,61,12247,63,3,8318,7244,537,321,3798,42,4,35,7335
0,8,2,7,0,0,1,2,0,2,0,41,0,30,2,0,1,6,49,10,0,2,2,1,4,36,240,413,4,0,3,60,0,1,21,96,18,178,39,2,2,16,170,105,12,18,9920,6,136,350,1,3,1758,18997,9539,3,144,11,473,9,90,15219,1327,45,221,470,255,30,19,3265
0,5,7,4,0,0,0,1,0,1,0,15,0,4,1,0,0,11,15,28,0,2,4,2,8,8,163,331,7,2,1,9,0,0,17,174,48,474,63,1,1,9,333,94,9,13,1531,0,25,452,0,8,11731,9539,20585,0,301,21,1383,15,6,14578,2064,92,255,994,37,5,30,3671
0,0,0,3,2096,0,49,57,39,38,476,0,772,0,11,4,0,0,0,0,484,0,1,0,207,0,1,1,274,8,1,0,1,2,1,8,0,6,11,30295,6,1506,152,289,299,12310,20,26941,0,207,82,0,0,3,0,14378,1,0,0,1868,1,6,5,3151,252,7,2,11,9,144
4,0,14,21,1,0,1,30,6,7,4,2,0,0,5,1,265,14,1,4,1,538,28,249,183,0,10,88,265,28,230,1,0,20,63,74,12,730,445,0,0,3,1045,21,51,27,157,0,5,91,0,4175,2013,144,301,1,72220,654,28652,368,0,414,1499,7557,400,31198,4,0,168,9376
4,4,101,99,0,0,2,21,6,4,7,11,1,28,16,0,693,53,10,9,1,196,65,1521,125,6,63,2141,123,14,57,7,0,10,80,16,4779,174,1737,1,0,3,75,11,2408,10,27,23,101,24,28,8573,61,11,21,0,654,16784,2043,3686,790,105,13009,1014,84,422,10,1,101,140
3,1,133,11,0,1,4,29,9,6,5,4,1,0,13,0,1119,45,4,12,0,345,63,2305,145,0,55,1506,169,11,72,4,0,8,78,87,32,9774,677,0,1,12,2388,153,38,138,450,2,14,274,0,9570,12247,473,1383,0,28652,2043,88373,292,4,2887,10499,5796,199,8849,20,2,72,7632
21,2,17,177,660,5,362,899,547,328,1454,14,210,10,232,13,78,23,3,2,186,124,66,78,3306,0,28,188,2660,133,247,3,8,30,58,113,298,122,2307,4469,9,775,1923,1096,16208,3793,39,2175,20,703,351,4449,63,9,15,1868,368,3686,292,59599,114,93,2034,13596,685,584,2,18,343,396
0,17,0,9,0,0,0,0,0,9,1,279,0,2157,0,0,0,2,79,21,0,0,29,0,1,328,583,1072,2,0,1,358,0,0,20,0,3292,1,1148,1,0,1,3,5,401,0,413,3,2451,9,7,4,3,90,6,1,0,790,4,114,9886,136,3877,3,6,1,50,4,2,39
2,51,96,43,0,0,0,9,5,16,2,162,1,162,10,0,10,141,202,250,0,4,38,28,36,132,2095,4311,30,17,11,207,0,0,140,692,318,13599,609,0,11,127,1903,1301,74,277,11808,14,957,3531,11,49,8318,15219,14578,6,414,105,2887,93,136,107167,20893,565,1023,1370,2682,54,126,5063
16,171,1000,163,1,0,4,56,32,44,12,514,3,1152,58,2,227,555,561,580,4,90,113,1686,147,501,5443,15675,143,36,56,752,1,3,445,237,7545,13605,7898,6,1,52,1133,304,1620,160,1660,35,4553,774,56,9294,7244,1327,2064,5,1499,13009,10499,2034,3877,20893,135220,2819,451,1146,2640,12,81,5246
37,1,49,206,343,1,222,785,427,213,709,5,121,2,259,10,103,42,3,4,80,424,77,227,2386,2,27,225,2132,274,625,1,14,95,132,240,51,2735,1099,6476,10,1784,13455,2082,2674,12318,59,1575,8,1332,95,2369,537,45,92,3151,7557,1014,5796,13596,3,565,2819,98679,2166,6167,4,21,1577,2183
8,0,5,29,12,0,14,85,38,18,43,1,14,4,33,0,2,3,0,1,3,49,6,18,247,1,9,34,256,30,114,1,3,9,11,17706,4,471,182,104,451,1729,6562,4966,373,1984,1196,280,59,14194,223,86,321,221,255,252,400,84,199,685,6,1023,451,2166,170610,4884,56,4710,8269,3138
14,1,17,53,1,1,7,131,34,41,25,3,3,3,48,0,62,22,2,4,2,328,41,75,457,1,30,73,517,104,327,0,1,53,72,3976,14,392,386,2,2,32,13918,272,566,97,483,8,29,2135,1,758,3798,470,994,7,31198,422,8849,584,1,1370,1146,6167,4884,98322,18,15,1368,12465
0,9,0,3,0,0,0,0,0,4,0,100,0,329,0,0,0,1,45,5,0,0,7,0,1,85,275,380,1,2,0,147,0,0,8,8,23,27,24,0,0,10,18,40,7,5,5938,3,7000,104,0,0,42,255,37,2,4,10,20,2,50,2682,2640,4,56,18,1930,14,1,371
0,0,0,0,2,0,2,2,1,0,4,1,1,2,0,0,0,0,0,1,0,0,0,0,9,0,1,0,5,0,1,0,0,0,0,12,0,10,4,7,3884,3443,72,6976,5,65,480,27,28,7484,36,0,4,30,5,11,0,1,2,18,4,54,12,21,4710,15,14,9028,1,429
2,0,1,12,2,0,2,27,13,8,11,3,2,1,10,1,1,3,0,0,0,65,7,8,109,0,3,6,124,21,66,0,0,8,9,560,1,51,94,15,1,35,1390,85,169,194,23,13,3,155,3,140,35,19,30,9,168,101,72,343,2,126,81,1577,8269,1368,1,1,7941,721
4,2,9,13,9,0,8,42,16,7,15,16,8,30,11,0,13,11,14,15,1,27,6,22,110,9,114,265,89,13,35,15,0,7,12,480,50,733,218,32,69,336,1836,974,175,801,13293,235,277,2156,30,240,7335,3265,3671,144,9376,140,7632,396,39,5063,5246,2183,3138,12465,371,429,721,51863
