10.2603883891316,110.491653442383,97.791864698967,80.5669081299393,80.0287014887883,74.6559392143698,68.13861112679,26.6563170819383,42.0752895605165,80.9096114085271,52.2185625605558,126.658465335244,106.187079934513,121.61697769165,16.0345124559406,90.7225082397461,93.8594767252604,98.9685959440626,139.411756896973,124.43932762146,79.2941868661464,83.6775768246271,80.8167346738419,92.8517043733027,86.060493830821,0,117.803846273336,127.808710625831,78.904856927324,21.1836063806965,28.1084505414766,129.29447555542,72.7572591304779,42.4303127081216,74.9164261146828,149.289611816406,0,160.299377441406,78.0880613327026,0,0,192.066444396973,143.769862651825,175.622186761153,134.541709899902,181.111846923828,0,0,0,178.978905172909,0,126.666709899902,194.633903503418,243.393432617188,0,171.971488952637,144.130897521973,105.527053833008,169.952632141113,127.515330208672,0,189.787200927734,151.355868946422,141.328423219569,161.169387817383,153.835922241211,0,206.048934936523,0,170.326904296875
110.491653442383,7.37602329783211,37.8544289356953,16.1002940954985,0,0,133.067942301432,115.499794006348,127.303529219194,69.7343934036437,140.218953132629,62.0316016674042,130.945959091187,54.941969566303,132.790207999093,107.111650138066,67.6446980563077,54.7601948131215,69.3064642875425,65.5242505175002,0,93.0291352272034,23.0994518545567,86.4425601252803,72.5475796732663,21.5989017464639,52.9759976115881,30.6189668744383,97.4586161860713,117.57070039448,98.7433406284877,65.9084456125895,103.777709960938,110.439488983154,64.0367930143782,0,136.616546630859,94.1349182128906,67.0950645446777,141.106002807617,0,0,0,195.40283203125,131.708396911621,214.432258605957,72.9926601409912,130.449935913086,81.8738119705864,0,0,0,119.891105651855,108.539764404297,115.958333969116,0,0,0,0,110.614559173584,82.1724249032827,99.01469373703,97.188988777899,168.530738830566,228.010971069336,151.417533874512,91.9784774780273,0,0,121.638675689697
97.791864698967,37.8544289356953,12.6275453217612,43.9746118617612,141.876247406006,171.808795166016,139.919942005571,92.0456021241696,129.565831804705,112.745364665985,113.62878274384,84.0967973601382,166.632257461548,89.1036309634938,122.863588052754,151.574396769206,83.6942518911054,46.9099507723305,88.5642072813852,77.6153073156266,135.987528991699,64.6463173206036,71.1271940813226,31.8922442179113,104.148815536499,78.3534507751465,33.9545187091986,31.8170656097968,84.7260695940598,122.036770131466,80.4253044783154,90.663289802019,190.410927908761,115.033280508859,59.2333333860664,156.454406738281,90.1342329297747,87.1283805444658,78.2182212126882,134.888977050781,0,186.131901550293,155.15289846567,187.780278986151,153.479621887207,203.063870747884,150.093605041504,182.160690307617,154.326416015625,182.592039628462,163.251449584961,110.91872215271,106.720242198885,164.517056274414,127.425598144531,182.1181640625,127.220141819545,107.735501469793,99.5084087165795,151.350648917404,98.8505020141602,107.450015154752,91.0945797399484,147.984653845066,202.193032400949,159.230393303765,205.428405761719,219.922180175781,136.221939086914,105.19978938027
80.5669081299393,16.1002940954985,43.9746118617612,34.0406774862678,80.6317298195579,116.896133422852,100.579339000157,63.3915348255888,80.9562888529109,31.1167186307011,83.5883416591547,74.3758014927249,125.937614758809,60.2768501230876,82.346158379414,85.0418431599935,36.3918054842153,67.5958625952818,77.0272547747638,67.1916932702702,90.824359687599,52.5117290626318,25.7693282686928,56.6028911938245,40.123652913075,28.3475231145667,49.0751258203178,35.5370860942586,51.6420702674049,72.779680532029,55.9520850457555,75.2395148644081,131.066444396973,64.4729622288754,64.1677562091111,88.875935963222,72.2078819274902,66.3125937110499,21.5304924974736,91.2362511374734,0,110.629191807338,81.6855570729574,103.668855479066,64.4011376531501,122.616902414958,93.8314997355143,178.63890838623,73.8753203784718,105.540187421052,58.1402206420898,68.0821949592004,100.766501307487,126.637898445129,118.509777577718,142.626200358073,78.2487008775984,49.2947066368595,88.0709682570563,60.5047939077685,84.4202605353461,105.181546483721,72.7232929819448,74.8958387717926,97.3029153113272,83.5350882451337,104.514458974202,0,80.8231010437012,99.2442268089012
80.0287014887883,0,141.876247406006,80.6317298195579,8.08140038852232,142.130036671956,48.3887703412726,74.4765296466109,97.0000493501362,49.5303316807401,25.324876074206,157.195869445801,23.5905330655167,184.779586791992,109.526196568807,68.4078062459042,108.588607788086,166.779246738979,0,153.490524291992,13.5460918061635,0,100.449815114339,134.346711592241,18.9226970713339,0,160.139478410993,137.913624412135,16.9019121384128,106.502834353827,116.148686363584,0,136.157575334821,91.8182669067383,96.7280085245768,95.0993576049805,205.281066894531,143.846298217773,74.364096232823,18.855398902419,0,144.277439549284,121.407358111757,147.755465189616,94.1812334368306,60.8821540373832,0,81.0429531705063,190.387084960938,149.579136588357,109.064645940607,0,0,179.158767700195,0,20.9857751178808,0,0,228.106643676758,96.2325699995012,0,240.44645690918,198.863578796387,99.0007201419374,138.595240116119,151.969078063965,0,0,216.434951782227,145.401335144043
74.6559392143698,0,171.808795166016,116.896133422852,142.130036671956,7.4571802638001,11.1571865100092,114.792389502892,22.8143183191898,83.8001241048177,113.127647614815,69.0793654497932,116.435552336953,84.3811902999878,30.7543766329987,12.6055947542616,0,211.699569702148,98.597541809082,110.291157531738,126.577513302074,155.610936482747,119.816902160645,90.7323201497396,114.234294755118,0,110.384485880534,125.670341491699,131.77436433015,21.6718325283944,124.052703857422,93.8860916137695,9.8417445789137,142.737103780111,36.3622696206376,0,0,0,117.785579681396,0,0,216.012756347656,237.289321899414,213.383731842041,0,0,0,0,0,238.500900268555,0,0,0,0,0,0,220.487457275391,0,128.030090332031,168.855630493164,0,0,232.836563110352,175.43571472168,203.775939941406,0,0,0,0,196.556045532227
68.13861112679,133.067942301432,139.919942005571,100.579339000157,48.3887703412726,11.1571865100092,9.20872201424603,65.470326672978,19.286998586813,51.8819721561589,29.437306846599,86.8468725938063,29.6535464428089,104.86345429854,25.5395864458394,10.2464379954273,105.469497680664,150.342099931505,116.664821624756,142.106819152832,43.2391548151679,116.472985007546,105.823468428392,148.855242895702,89.1914719837468,151.312267303467,150.001443590437,154.42001920133,83.8607488998188,33.2075495708732,102.815328636169,156.849632263184,24.6328708612823,61.5565503133486,67.574669047473,156.50617980957,0,220.096759796143,97.8787719726563,162.364706039429,0,165.628484453474,157.010024297805,176.432951274671,127.584817674425,159.818287868126,0,158.009521484375,142.639694213867,193.197767991286,105.117763519287,180.601323445638,217.924034118652,192.949951171875,147.747817993164,151.034184542569,159.938690185547,0,223.722793579102,137.398619842529,0,197.296971638997,203.391582489014,158.223121404648,191.483648300171,181.196997506278,0,0,190.82280476888,198.28727722168
26.6563170819383,115.499794006348,92.0456021241696,63.3915348255888,74.4765296466109,114.792389502892,65.470326672978,11.8447285334742,58.5628312540353,63.8545553376403,22.284660840197,154.476465920841,71.7703943252563,167.473773193359,42.1470843831115,78.5541195502648,103.933619806322,110.609656150101,154.680207252502,139.916514610177,78.4290517910872,66.9569598925157,75.1967137405296,79.9773023268026,65.1464831570712,165.773551940918,120.466756910518,113.476040032738,34.4859907407859,63.9212602241784,21.433567027229,163.999436811967,119.610158114963,66.0507322966078,92.7717672850281,152.139916640062,169.401866912842,156.049399289218,86.4260650957134,131.025037002563,197.957427978516,147.183588148672,132.084582451062,149.522451071215,112.164442879813,142.974610710144,217.022186279297,133.520228299228,238.219818115234,160.579480703253,143.53258972168,134.757928848267,198.399675641741,213.150904337565,188.842594146729,135.819367591371,158.741047995431,124.548232608371,163.835532388569,111.29323928875,181.187126159668,188.599023546491,165.6686360003,125.400502426284,153.980176757813,148.354229076489,0,189.841888427734,151.282584381104,153.949363369412
42.0752895605165,127.303529219194,129.565831804705,80.9562888529109,97.0000493501362,22.8143183191898,19.286998586813,58.5628312540353,11.4312005408146,80.8561146345295,33.1232315174959,83.8533142512232,67.8329736406531,109.113560676575,16.2801945897212,32.5812328148957,119.910471866005,124.033898340861,115.929918016706,127.157723388672,85.7712590075478,111.355304956436,92.1552487905923,121.390175110703,90.8051950396094,97.1053815569196,138.748931959018,138.946635023992,89.88998404681,39.1774948466187,73.9912418997532,106.324993133545,13.0604244321338,94.8182460616969,68.6793750023355,166.150202433268,0,182.391474405924,115.083910508589,147.709394182478,212.000427246094,169.351944852466,150.643817348952,169.34109583497,133.849747877855,164.824681725301,224.444964599609,159.682928085327,161.959114074707,176.206193181395,166.461967468262,165.893175125122,211.349563598633,223.876434326172,217.297050476074,158.607938913199,173.218461256761,140.318859577179,192.280052185059,131.59001868214,78.3497543334961,213.777651468913,184.605441185736,145.106802775065,168.796160396453,163.200836925972,0,209.453033447266,172.534423828125,180.933961968673
80.9096114085271,69.7343934036437,112.745364665985,31.1167186307011,49.5303316807401,83.8001241048177,51.8819721561589,63.8545553376403,80.8561146345295,7.97344789337775,66.3603321447269,135.278290812174,16.4541658391114,126.966528397572,85.9733654165866,22.187414463708,48.7148781897316,119.723893449113,141.916491508484,139.400186846333,46.162854072102,84.2768692805849,24.2580702804904,102.834565785726,20.5205769950606,101.207222223282,124.780616871362,98.9015992756908,46.773051916565,79.4100669709263,65.5813404410226,135.083357867073,126.263332366943,72.5401499006483,102.54456131218,107.975881576538,0,163.271492004395,14.2151196668314,96.422470293547,155.371994018555,142.134447370257,92.1056753158569,125.712398182262,54.3682464361191,119.657735188802,0,110.966642591688,155.020239830017,137.787603759766,62.711373255803,0,165.504898071289,191.728042602539,181.489204406738,102.676283377188,149.98041788737,87.412467956543,161.97662226359,75.7542911474256,136.78722076416,173.63306145919,162.10843234592,101.748822937012,139.530456924438,99.9927894592285,0,0,88.5896326700846,115.89708404541
52.2185625605558,140.218953132629,113.62878274384,83.5883416591547,25.324876074206,113.127647614815,29.437306846599,22.284660840197,33.1232315174959,66.3603321447269,10.7174317431392,161.685464978218,24.8498133891051,174.324701482599,51.351708832938,70.4789614213251,116.979861172763,145.444735781352,174.120240953234,168.627142447012,17.2370445526676,95.2247547515451,118.58997853597,107.166182455809,68.9781845220809,0,142.610006636762,137.019808574237,33.7369214813564,96.105521516558,83.9396821101686,188.390464782715,117.102347430061,82.4435734489398,94.0295810876069,181.932620239258,0,179.179148623818,89.8650526231335,121.632500755253,187.959083557129,147.664052910568,135.976320547015,153.160902072222,101.898661533249,148.332622375939,213.803581237793,141.713297229603,229.552963256836,171.83379532119,121.592875445331,173.90637588501,203.274167742048,0,0,141.475210460651,180.614070347377,150.516562461853,180.584628877186,110.417254684852,0,203.416290283203,186.865006666917,137.97069204537,162.961517709201,171.874730278464,0,0,171.754628499349,178.902991158622
126.658465335244,62.0316016674042,84.0967973601382,74.3758014927249,157.195869445801,69.0793654497932,86.8468725938063,154.476465920841,83.8533142512232,135.278290812174,161.685464978218,12.3925815319429,151.095258859488,24.2043388897098,84.531571890024,143.889472961426,116.592765359318,53.7236844083689,23.5609552725555,23.5793044953493,147.431100972493,104.379360600522,101.37859411554,101.098895359402,150.941700776418,33.8573191505713,27.6770085910178,63.0935943679533,152.939291876716,67.0376808545024,111.081141153971,41.0345514479175,63.9833651912594,107.139047468031,27.8368661162238,0,104.457504272461,158.355451311384,73.0762891769409,0,0,204.852233886719,206.340215047201,223.783050537109,149.928176879883,227.515914916992,60.2235239924807,0,60.101133117594,185.465942382812,0,150.061340332031,147.311410268148,104.599382082621,113.365363336379,0,185.765289306641,144.423112869263,159.547243754069,204.762063598633,55.0662173501688,96.3281616324326,102.778370343354,209.306558609009,132.360504150391,188.778516133626,90.9717993805374,125.706035614014,0,123.145212907058
106.187079934513,130.945959091187,166.632257461548,125.937614758809,23.5905330655167,116.435552336953,29.6535464428089,71.7703943252563,67.8329736406531,16.4541658391114,24.8498133891051,151.095258859488,10.3278496292812,160.468975830078,105.145704553811,20.8632511480639,106.54515838623,182.801179673937,179.660611833845,169.587980790572,13.1877541521586,139.993988037109,72.6473163107167,187.910983276367,26.8785697946865,157.682367960612,169.864053039551,155.430364990234,52.3148216669919,104.229254401669,132.320652354847,177.003224690755,129.842625346937,98.2911694049835,99.4159446058602,0,0,210.232727050781,74.2532691955566,58.4475786328316,0,119.025432718211,134.36800587972,139.710681312963,100.03571472168,106.839716536658,0,11.1538144603148,0,112.664652824402,107.941938400269,0,0,0,225.731140136719,32.3179684660249,0,0,221.949234008789,116.832158114459,0,215.579386393229,0,116.716557911464,154.669317881266,240.004028320312,0,0,163.367980957031,231.083526611328
121.61697769165,54.941969566303,89.1036309634938,60.2768501230876,184.779586791992,84.3811902999878,104.86345429854,167.473773193359,109.113560676575,126.966528397572,174.324701482599,24.2043388897098,160.468975830078,7.69126832366724,97.0476540275242,172.123969444862,163.49813079834,107.323534393311,59.9859022533192,68.1378641673497,158.627670288086,150.501148223877,93.4664800402144,124.702359676361,139.590222676595,20.455438877525,31.5974083502766,37.4545935161062,160.985119628906,79.8920744832357,160.607234608043,10.8089816863867,79.3458219128986,161.333887736003,55.6140342629873,200.675247192383,112.501229095459,132.065686543783,67.1156173085057,0,0,0,215.878616333008,0,168.485473632812,224.663299560547,57.3035394837256,0,59.5542557789325,169.559056091309,0,0,127.539943695068,97.6475249781753,106.932526284076,0,168.526580810547,131.986030578613,165.245956420898,195.855336507161,46.2653750427186,90.4988213863099,94.8092786538309,240.747940063477,186.480926513672,0,88.31101850184,0,0,103.283893839518
16.0345124559406,132.790207999093,122.863588052754,82.346158379414,109.526196568807,30.7543766329987,25.5395864458394,42.1470843831115,16.2801945897212,85.9733654165866,51.351708832938,84.531571890024,105.145704553811,97.0476540275242,8.21489769813403,66.3324412663778,113.575990804036,116.028225179138,115.723487437855,127.122653161912,98.4802822633223,102.079226785077,91.5494262549528,113.05591183324,95.2473100105723,94.0486087799072,129.485107553922,138.150777391166,94.0684903729224,22.1986489174911,63.1651499359429,107.434823843149,11.5321471173909,64.3338802517868,51.4517662712568,171.163672054515,192.667633056641,184.717076619466,109.137270100911,158.274257236057,0,177.395577864213,153.962228362625,172.557085773138,150.478187561035,180.72413444519,168.125198364258,194.277211507161,93.1069259643555,183.032216175493,132.09294128418,157.650767008464,230.986216227214,205.766299438477,213.140391031901,179.093752347506,181.614716269753,136.485946655273,196.435806274414,136.842952679984,0,192.824556986491,184.994346445257,149.860768154935,180.055872300092,166.471728577906,173.192504882812,227.525817871094,167.028022179237,168.250182469686
90.7225082397461,107.111650138066,151.574396769206,85.0418431599935,68.4078062459042,12.6055947542616,10.2464379954273,78.5541195502648,32.5812328148957,22.187414463708,70.4789614213251,143.889472961426,20.8632511480639,172.123969444862,66.3324412663778,7.74605976516299,81.3717651367188,149.559550358699,0,186.85221862793,60.7006445930118,139.46630859375,75.6123757443186,148.488384246826,42.637255488044,140.904596964518,164.158225165473,134.538552694763,73.5633759522086,79.504812968861,98.8171053799716,165.795583089193,32.8310943668171,94.3076198101044,118.894166183472,0,139.684585571289,0,79.2794745309012,124.707654953003,0,154.210876464844,151.467063903809,155.777885437012,67.5873804959384,133.644096374512,0,99.1666534423828,209.150947570801,119.603294372559,70.9812164306641,0,0,0,0,122.660179138184,0,0,0,109.605166435242,0,189.850875854492,190.841049194336,135.30826846036,218.024780273438,0,0,0,0,193.340515136719
93.8594767252604,67.6446980563077,83.6942518911054,36.3918054842153,108.588607788086,0,105.469497680664,103.933619806322,119.910471866005,48.7148781897316,116.979861172763,116.592765359318,106.54515838623,163.49813079834,113.575990804036,81.3717651367188,12.441972128739,98.6885865290362,130.557434082031,115.038999938965,97.0279744466146,26.0432551513492,28.6309618894111,24.0368905016962,23.8055320190229,0,113.718588692801,27.1041734527784,41.8191205243949,89.8547571746396,71.5083342599154,157.67366027832,0,83.1086943054199,80.8658340036053,134.633923339844,158.061307907104,108.11112506573,57.0319856007894,0,0,0,136.591871327367,159.036271095276,180.273803710938,174.145664215088,222.60041809082,0,205.147766113281,150.414442443848,223.190277099609,95.0263404846191,137.247742176056,0,184.682581583659,148.508056640625,108.500742459297,54.0572331426875,100.59829328832,111.082756171792,0,140.711931081919,102.284847108278,113.687245853612,132.806144714355,115.433509318034,0,0,120.40007346017,114.227380540636
98.9685959440626,54.7601948131215,46.9099507723305,67.5958625952818,166.779246738979,211.699569702148,150.342099931505,110.609656150101,124.033898340861,119.723893449113,145.444735781352,53.7236844083689,182.801179673937,107.323534393311,116.028225179138,149.559550358699,98.6885865290362,9.0172444028928,60.3606050262451,20.3709986654397,163.198542022705,68.6134502086639,80.9750363364148,33.260549886419,122.808135308717,0,28.5279248283526,64.1572347821967,114.367718540021,91.1573239510364,76.8270061166092,108.508862495422,120.337230682373,90.0432973071196,37.6974900233034,0,113.551460266113,108.807118685052,84.9498021525721,206.164596557617,0,205.877741495768,182.863664245605,220.352275303432,191.046246337891,0,115.7666015625,224.432357788086,145.760811941964,213.875048319499,0,139.847460820125,118.737747747248,134.417982918876,119.812356802133,211.264012654622,154.343872070312,117.342749913534,126.73991870065,176.904209899902,132.334964752197,110.880778216899,108.222786430035,175.127602025082,206.18117980957,157.812359280056,0,0,0,118.697212219238
139.411756896973,69.3064642875425,88.5642072813852,77.0272547747638,0,98.597541809082,116.664821624756,154.680207252502,115.929918016706,141.916491508484,174.120240953234,23.5609552725555,179.660611833845,59.9859022533192,115.723487437855,0,130.557434082031,60.3606050262451,8.13280206169545,12.8159452801433,169.604057312012,135.728773498535,108.116492422003,104.561345693227,156.905820509967,48.3633331630541,27.9713268206408,63.6842940777138,162.097027778625,97.1431702367517,125.962367913662,52.8611353556315,97.4983846730199,108.328833262126,59.5941082178394,0,98.3795013427734,155.988906860352,69.3289649963379,0,0,0,0,198.347297668457,187.308059692383,0,103.489598846436,0,94.3264656460162,197.59651184082,0,0,117.998302459717,106.089621543884,113.205542246501,0,0,162.090438842773,161.551839192708,178.447138468424,72.3835444132487,98.0958176552551,102.56646045049,245.612594604492,192.851501464844,182.133689880371,101.721938663059,145.584808349609,0,119.605538845062
124.43932762146,65.5242505175002,77.6153073156266,67.1916932702702,153.490524291992,110.291157531738,142.106819152832,139.916514610177,127.157723388672,139.400186846333,168.627142447012,23.5793044953493,169.587980790572,68.1378641673497,127.122653161912,186.85221862793,115.038999938965,20.3709986654397,12.8159452801433,9.7730393459587,186.551203409831,97.9329273298675,101.256082201761,74.3120145646752,140.155703810395,52.4078460534414,22.526040871325,70.3841184908456,128.626669731693,104.647073609687,98.4996587095589,63.0842901973401,89.5711701004593,100.18001756214,44.1483110967283,211.372650146484,114.71441078186,133.074095648688,95.3134365081787,0,0,219.558776855469,181.494125366211,191.026611328125,197.055099487305,228.718467712402,110.67624206543,0,93.573291015625,220.687652587891,0,168.247538248698,126.235952758789,115.841915794041,111.108209960938,0,152.673370361328,129.942741394043,151.138358306885,191.514587402344,79.3865533911664,99.9419785903881,107.349865285759,205.986882527669,170.81760152181,192.154144287109,115.838232421875,0,0,122.767332753827
79.2941868661464,0,135.987528991699,90.824359687599,13.5460918061635,126.577513302074,43.2391548151679,78.4290517910872,85.7712590075478,46.162854072102,17.2370445526676,147.431100972493,13.1877541521586,158.627670288086,98.4802822633223,60.7006445930118,97.0279744466146,163.198542022705,169.604057312012,186.551203409831,8.229517536485,126.01141204834,117.045541763306,137.899257459139,18.6844859822008,146.690040588379,177.199983723958,160.656467437744,29.7342007520906,101.07568438674,108.97869085229,161.488082885742,127.407731919062,89.2596265157064,96.0906011247143,232.064529418945,0,225.214447021484,78.2174082669345,70.615928177981,0,153.911335089268,156.035437583923,162.253172623484,93.6010724385579,146.757136508558,0,131.984284596271,0,173.146667480469,107.04531582919,0,0,0,0,106.220891487749,216.038547515869,0,169.063613891602,107.835653969901,0,216.775329589844,201.5654296875,131.916605139678,188.198130289714,193.098307291667,0,0,210.532363891602,118.596038818359
83.6775768246271,93.0291352272034,64.6463173206036,52.5117290626318,0,155.610936482747,116.472985007546,66.9569598925157,111.355304956436,84.2768692805849,95.2247547515451,104.379360600522,139.993988037109,150.501148223877,102.079226785077,139.46630859375,26.0432551513492,68.6134502086639,135.728773498535,97.9329273298675,126.01141204834,12.6413397451629,51.1483323495084,34.9371439040236,34.1681294227228,150.485931396484,106.180497728913,84.9183561519701,27.6577612064516,63.5102944774986,31.8226667916775,149.484502156576,159.875823974609,65.9919406966408,53.8096283177684,133.040291786194,0,132.992841193017,67.3904207117417,156.574086507161,0,172.499692281087,125.29679107666,169.589787801107,120.989855957031,154.782140096029,182.590713500977,183.71656036377,169.470733642578,157.213777414958,0,106.999958079348,159.18186340332,208.996463775635,218.439614868164,164.808128356934,112.918004592978,66.7951773749458,117.336132916169,109.906308016331,0,170.423938206264,138.615574068236,117.30159329408,136.029702872873,118.949095284429,0,0,121.82608971229,119.308004324777
80.8167346738419,23.0994518545567,71.1271940813226,25.7693282686928,100.449815114339,119.816902160645,105.823468428392,75.1967137405296,92.1552487905923,24.2580702804904,118.58997853597,101.37859411554,72.6473163107167,93.4664800402144,91.5494262549528,75.6123757443186,28.6309618894111,80.9750363364148,108.116492422003,101.256082201761,117.045541763306,51.1483323495084,8.606161983208,56.265485478665,29.3026230488426,63.3019114701205,88.0192667238974,44.4613295225545,51.1372992552401,69.8245001480042,53.8843303894192,99.4233890332674,120.515604291643,62.0677744483948,68.8861835790977,139.653180440267,99.9127502441406,95.0047105550766,9.32202063627777,122.854883829753,0,168.192418878729,126.200245884487,147.578778584798,102.509145736694,138.477533128526,102.843124389648,145.614700317383,137.06485193426,132.862240600586,104.854774475098,61.9699432791733,121.169017537435,164.382537841797,152.908164978027,0,68.2373779296875,23.2972052858231,82.5209069388253,83.2191530863444,113.723797607422,133.362796783447,97.7287105262702,97.3291678733014,122.585389917547,92.9604279538418,144.60595703125,0,126.244839986165,104.429067929586
92.8517043733027,86.4425601252803,31.8922442179113,56.6028911938245,134.346711592241,90.7323201497396,148.855242895702,79.9773023268026,121.390175110703,102.834565785726,107.166182455809,101.098895359402,187.910983276367,124.702359676361,113.05591183324,148.488384246826,24.0368905016962,33.260549886419,104.561345693227,74.3120145646752,137.899257459139,34.9371439040236,56.265485478665,17.4462298515138,62.6602367204193,107.157609939575,66.4558544392269,54.1482129032369,58.1374528678834,90.0812910397847,56.7033277538829,122.93616104126,149.073622131348,93.7664040198693,52.8810439018591,167.051077948676,119.460149129232,98.8729812421776,76.0227884048534,237.228576660156,0,187.80256652832,155.160541958279,183.244625194653,133.762651616877,191.794896443685,159.136243184408,205.249389648438,209.91796875,181.015007250237,157.817479451497,103.527512197419,139.878858976275,176.147006225586,155.984457081762,173.083923339844,118.166553211523,69.2663713618575,110.021244640678,136.534273487653,0,151.95422676818,104.383349955082,140.834383542653,167.596004126207,133.866121692818,0,0,149.07408396403,122.527115446148
86.060493830821,72.5475796732663,104.148815536499,40.123652913075,18.9226970713339,114.234294755118,89.1914719837468,65.1464831570712,90.8051950396094,20.5205769950606,68.9781845220809,150.941700776418,26.8785697946865,139.590222676595,95.2473100105723,42.637255488044,23.8055320190229,122.808135308717,156.905820509967,140.155703810395,18.6844859822008,34.1681294227228,29.3026230488426,62.6602367204193,12.0889605924725,103.472743225098,127.932878033145,82.302565362015,21.3726403387373,87.5625496114518,71.5219530316399,143.281739298503,135.484498596191,78.3179723256367,92.8900366387,129.247406911042,116.458869934082,158.429257074992,59.9962414191188,111.745146137959,0,128.441511645949,114.439916930447,134.512924355237,79.1661727769034,128.378288840923,193.721304999457,117.129471553456,209.041938781738,144.835339084748,104.105315144857,113.711806370662,172.917370024182,192.63617960612,185.086881365095,116.757713532784,130.673220316569,103.321063137054,135.284977902648,92.9717647074997,157.880157470703,194.161379337311,155.698530236069,109.602773348097,135.685155864105,125.41752243042,0,193.255971272786,127.485069465637,137.857530212402
0,21.5989017464639,78.3534507751465,28.3475231145667,0,0,151.312267303467,165.773551940918,97.1053815569196,101.207222223282,0,33.8573191505713,157.682367960612,20.455438877525,94.0486087799072,140.904596964518,0,0,48.3633331630541,52.4078460534414,146.690040588379,150.485931396484,63.3019114701205,107.157609939575,103.472743225098,7.19812538271396,40.249623003169,25.0104773836671,175.409530639648,87.5330426833209,128.312819163005,37.4802476127676,80.2205795288086,126.581298828125,57.8669267781576,0,81.7470245361328,106.803344726562,35.7020856993539,0,0,0,0,0,185.945022583008,0,69.0340582105848,0,61.566857252548,210.491744995117,0,0,117.506664276123,82.4261199103461,91.4462591807048,0,0,106.872291564941,0,159.775489807129,43.2725258410816,76.7679340794401,77.6775048305171,212.06307220459,144.569747924805,162.893630981445,79.1957631654377,0,0,84.366145324707
117.803846273336,52.9759976115881,33.9545187091986,49.0751258203178,160.139478410993,110.384485880534,150.001443590437,120.466756910518,138.748931959018,124.780616871362,142.610006636762,27.6770085910178,169.864053039551,31.5974083502766,129.485107553922,164.158225165473,113.718588692801,28.5279248283526,27.9713268206408,22.526040871325,177.199983723958,106.180497728913,88.0192667238974,66.4558544392269,127.932878033145,40.249623003169,14.2071387447955,34.8907128469694,125.399486863402,108.000500203296,103.556941667503,21.1518700396814,98.4705815996442,114.679255786243,59.277720566285,187.694083580604,102.286279799063,109.27470192133,82.5924167526501,203.556869506836,165.267883300781,219.687756008572,188.709310091459,187.471768188477,175.641302038122,216.522782759233,102.00779552783,183.397720336914,90.2340938363756,184.019788048484,194.813323974609,139.24931751598,111.441393150474,103.374349271062,100.128299743231,0,172.694676912748,134.824652862549,152.865937061799,175.823471069336,72.1316959478293,90.7700117043139,95.3703215321452,191.180428641183,164.274241694698,162.590379213032,97.3587556318803,138.731106567383,187.187454223633,110.009467214346
127.808710625831,30.6189668744383,31.8170656097968,35.5370860942586,137.913624412135,125.670341491699,154.42001920133,113.476040032738,138.946635023992,98.9015992756908,137.019808574237,63.0935943679533,155.430364990234,37.4545935161062,138.150777391166,134.538552694763,27.1041734527784,64.1572347821967,63.6842940777138,70.3841184908456,160.656467437744,84.9183561519701,44.4613295225545,54.1482129032369,82.302565362015,25.0104773836671,34.8907128469694,14.6685101150707,88.8255173521615,126.747998232341,112.178079945172,25.7598889012104,112.476997375488,121.549512201426,66.7461589334942,173.203295898437,95.0575167049061,88.1327274572654,65.1607663676804,179.034452819824,0,186.131525675456,161.854639530182,184.172276464002,152.634638595581,200.482632563664,101.673133488119,201.462005615234,88.7100636324019,186.332307815552,175.926016235352,105.968758650429,109.804507802327,102.221207913796,103.240055024424,163.381488800049,128.274514175043,82.6032654242082,103.380844494898,151.787398949098,70.2088057010732,93.0595543579038,91.9010631664876,150.358848836162,173.466579198837,157.102730136447,98.0089733394112,122.483238220215,174.096618652344,110.280894439621
78.904856927324,97.4586161860713,84.7260695940598,51.6420702674049,16.9019121384128,131.77436433015,83.8607488998188,34.4859907407859,89.88998404681,46.773051916565,33.7369214813564,152.939291876716,52.3148216669919,160.985119628906,94.0684903729224,73.5633759522086,41.8191205243949,114.367718540021,162.097027778625,128.626669731693,29.7342007520906,27.6577612064516,51.1372992552401,58.1374528678834,21.3726403387373,175.409530639648,125.399486863402,88.8255173521615,11.7602170532205,83.9576112524668,41.8577182573781,162.544994007457,136.868843260266,70.6373024786594,75.1696928070813,134.148736041525,175.315628051758,154.649156899288,72.0644503042732,101.435176298556,181.037902832031,140.788099944999,120.776078875653,141.231738608956,96.7308611359986,139.048924711647,176.749322509766,133.407525244425,201.218313598633,147.373991302297,112.955504954945,115.561751693976,182.5266716697,230.232925415039,203.577581552359,133.334886191026,121.334430394548,95.2125871336305,140.775099860297,100.203210328755,177.681126912435,193.194481926995,153.649091468667,118.402482571506,139.841242988606,127.183184865316,0,179.787246704102,135.851019340649,137.570370094449
21.1836063806965,117.57070039448,122.036770131466,72.779680532029,106.502834353827,21.6718325283944,33.2075495708732,63.9212602241784,39.1774948466187,79.4100669709263,96.105521516558,67.0376808545024,104.229254401669,79.8920744832357,22.1986489174911,79.504812968861,89.8547571746396,91.1573239510364,97.1431702367517,104.647073609687,101.07568438674,63.5102944774986,69.8245001480042,90.0812910397847,87.5625496114518,87.5330426833209,108.000500203296,126.747998232341,83.9576112524668,9.13315643013227,26.9735601616033,87.7542857417354,10.7455403874314,14.5870218665149,33.9524566543555,173.287363052368,123.868392944336,178.546920112942,89.1501358879937,157.909247903263,0,175.216660844519,152.173672506254,176.93178023579,123.234724934896,182.492621973941,176.354835510254,208.285751342773,128.98949432373,178.82264465332,194.028621673584,129.294702657064,179.842105865479,173.576039632161,162.375862969293,183.73900604248,132.059098093133,120.878116416931,160.039711608887,135.850771439943,99.3204860687256,164.375011062622,171.067140662152,143.662242595966,171.006481586803,147.918829200381,163.213104248047,187.151397705078,158.976254272461,170.368409100701
28.1084505414766,98.7433406284877,80.4253044783154,55.9520850457555,116.148686363584,124.052703857422,102.815328636169,21.433567027229,73.9912418997532,65.5813404410226,83.9396821101686,111.081141153971,132.320652354847,160.607234608043,63.1651499359429,98.8171053799716,71.5083342599154,76.8270061166092,125.962367913662,98.4996587095589,108.97869085229,31.8226667916775,53.8843303894192,56.7033277538829,71.5219530316399,128.312819163005,103.556941667503,112.178079945172,41.8577182573781,26.9735601616033,10.6974795683425,155.313735961914,112.819196573893,18.1319249420725,38.7196860307984,146.427961534069,242.554748535156,143.088571512474,73.1920481270372,141.302165222168,194.198974609375,167.467759874132,129.562208002264,162.343586209454,132.116480740634,168.505868209036,191.174932861328,194.774642944336,0,162.060694000938,129.412979125977,106.737927286248,172.441402088512,205.774703979492,182.130508422852,182.649932861328,115.668240255938,72.2563388130882,137.957095450543,116.93444582584,0,178.476558685303,154.286031622636,119.908392613986,145.691937607985,125.655506134033,218.728530883789,210.3779296875,132.802417755127,133.896776687267
129.29447555542,65.9084456125895,90.663289802019,75.2395148644081,0,93.8860916137695,156.849632263184,163.999436811967,106.324993133545,135.083357867073,188.390464782715,41.0345514479175,177.003224690755,10.8089816863867,107.434823843149,165.795583089193,157.67366027832,108.508862495422,52.8611353556315,63.0842901973401,161.488082885742,149.484502156576,99.4233890332674,122.93616104126,143.281739298503,37.4802476127676,21.1518700396814,25.7598889012104,162.544994007457,87.7542857417354,155.313735961914,5.46535884066367,100.467326572963,169.591529846191,67.5435584421908,0,121.156158447266,0,68.5621757507324,0,0,0,0,0,186.883758544922,0,90.4250245705629,0,81.7937195944408,186.155166625977,0,0,136.069869995117,96.2488500277201,109.132341272691,0,0,0,0,227.562744140625,65.4819569838674,93.2502872527592,100.172494906824,211.679494222005,0,180.42658996582,94.9031201238218,0,0,130.83826751709
72.7572591304779,103.777709960938,190.410927908761,131.066444396973,136.157575334821,9.8417445789137,24.6328708612823,119.610158114963,13.0604244321338,126.263332366943,117.102347430061,63.9833651912594,129.842625346937,79.3458219128986,11.5321471173909,32.8310943668171,0,120.337230682373,97.4983846730199,89.5711701004593,127.407731919062,159.875823974609,120.515604291643,149.073622131348,135.484498596191,80.2205795288086,98.4705815996442,112.476997375488,136.868843260266,10.7455403874314,112.819196573893,100.467326572963,5.32930712556999,100.902097320557,32.2712820732771,0,0,0,0,0,0,0,203.478740692139,216.108310699463,223.905899047852,0,104.759101867676,0,90.1435585021973,194.395263671875,0,0,0,0,0,0,0,183.075302124023,0,173.105275472005,117.223541259766,141.540371704102,177.476409912109,187.130333533654,232.008651733398,199.117172241211,115.067848205566,0,0,178.57453918457
42.4303127081216,110.439488983154,115.033280508859,64.4729622288754,91.8182669067383,142.737103780111,61.5565503133486,66.0507322966078,94.8182460616969,72.5401499006483,82.4435734489398,107.139047468031,98.2911694049835,161.333887736003,64.3338802517868,94.3076198101044,83.1086943054199,90.0432973071196,108.328833262126,100.18001756214,89.2596265157064,65.9919406966408,62.0677744483948,93.7664040198693,78.3179723256367,126.581298828125,114.679255786243,121.549512201426,70.6373024786594,14.5870218665149,18.1319249420725,169.591529846191,100.902097320557,8.59206792512738,38.6522288039452,145.279523213704,0,155.677421569824,80.4222688982564,133.820858001709,0,166.353038330078,134.898815155029,162.95405461238,104.708349227905,182.779095458984,228.016662597656,174.658899943034,0,161.960899353027,157.78694152832,117.919862535265,169.359970092773,0,224.147727966309,166.452529907227,120.122583007812,90.4109193902267,150.856676228841,121.692263328423,0,182.141960144043,172.468182881673,131.317234503256,153.617611646652,140.708034688776,0,186.57275390625,156.119513617622,159.780439203436
74.9164261146828,64.0367930143782,59.2333333860664,64.1677562091111,96.7280085245768,36.3622696206376,67.574669047473,92.7717672850281,68.6793750023355,102.54456131218,94.0295810876069,27.8368661162238,99.4159446058602,55.6140342629873,51.4517662712568,118.894166183472,80.8658340036053,37.6974900233034,59.5941082178394,44.1483110967283,96.0906011247143,53.8096283177684,68.8861835790977,52.8810439018591,92.8900366387,57.8669267781576,59.277720566285,66.7461589334942,75.1696928070813,33.9524566543555,38.7196860307984,67.5435584421908,32.2712820732771,38.6522288039452,11.0476976515845,163.855206807454,122.571388831505,105.227866747103,84.791819470994,125.87580871582,0,174.87532043457,154.601162093026,182.127755737305,141.022506713867,188.089108058384,98.8170824050903,202.308532714844,100.567211004404,185.281726837158,0,119.251965416802,126.882030018589,126.595320961692,121.690910339355,196.575688680013,136.154464891222,89.3826591719442,120.265345438894,133.5790161432,95.9128689013029,111.683613967896,109.81971464659,139.940893334857,163.143392709585,143.171122643255,122.784715270996,208.32991027832,151.887170791626,126.764145299008
149.289611816406,0,156.454406738281,88.875935963222,95.0993576049805,0,156.50617980957,152.139916640062,166.150202433268,107.975881576538,181.932620239258,0,0,200.675247192383,171.163672054515,0,134.633923339844,0,0,211.372650146484,232.064529418945,133.040291786194,139.653180440267,167.051077948676,129.247406911042,0,187.694083580604,173.203295898437,134.148736041525,173.287363052368,146.427961534069,0,0,145.279523213704,163.855206807454,12.9130933281711,121.74709777832,131.855224956166,74.9253763834635,95.4980418993079,92.2361338933309,91.3992898305257,32.2395421327343,45.0047073367846,83.0977346102397,73.0466767783117,121.552371081184,134.121332670513,150.085001373291,23.2103511722824,99.2913987295968,79.1179149945577,107.098486492891,133.131517371353,126.930198523416,103.012292755975,83.9583449461022,77.9239828528428,103.112511938745,84.1019771291249,149.593112945557,129.837087228265,145.838146327697,88.6778502016436,20.25799591223,34.90599709041,142.860879262288,80.0682083656048,22.864379365921,54.8917822289875
0,136.616546630859,90.1342329297747,72.2078819274902,205.281066894531,0,0,169.401866912842,0,0,0,104.457504272461,0,112.501229095459,192.667633056641,139.684585571289,158.061307907104,113.551460266113,98.3795013427734,114.71441078186,0,0,99.9127502441406,119.460149129232,116.458869934082,81.7470245361328,102.286279799063,95.0575167049061,175.315628051758,123.868392944336,242.554748535156,121.156158447266,0,0,122.571388831505,121.74709777832,7.57928529554915,53.5239692834707,19.4400626674531,96.2402404785156,133.629871368408,162.249908447266,136.123683081733,154.363299369812,74.7040747236113,166.160166422526,62.8540203431073,106.973173522949,54.807700139826,134.66372013092,112.105631706042,73.759123432393,59.8836548947498,70.8427365369136,59.3586772027677,0,105.121923966841,17.9199767970013,89.186487727695,80.6395450703985,27.5771549666219,54.0285628607048,32.0752268173808,113.899590363374,129.29945269498,117.908453316524,64.5817509141079,91.213139851888,0,66.6705638051823
