10.3383773092071,112.76439666748,86.8892147216377,88.7825930277507,73.3061110474343,69.751091003418,75.8227962611877,33.4710531773197,29.1774794202381,79.1376841227214,53.217018573692,140.028283811083,71.3008803633956,134.260877990723,11.6957315301557,65.2711925506592,152.945872715541,90.7909389049803,139.910304888557,115.016647873638,75.3438817281572,74.1931917454169,111.229152170817,72.8241828906755,77.6392412055029,130.725903828939,107.728332626343,122.875914744268,64.1583865288373,10.1907432517853,20.5166553989331,146.670369466146,104.118565877279,19.6993623493121,73.021908000776,145.216415405273,0,170.910307312012,85.850882212321,139.187072753906,0,0,128.108453638413,155.707214355469,89.7267732620239,187.997093200684,0,72.4181442260742,0,157.52562713623,0,169.155166625977,179.42903137207,0,199.702728271484,88.9293975830078,128.50170135498,103.041677202497,181.901554652623,121.595270565578,0,192.04541015625,177.241886485707,130.552674380216,163.773239135742,145.020157708062,185.683715820312,0,0,192.006045532227
112.76439666748,7.35483654960721,46.3751765213444,60.2500635139213,94.9943180084229,0,148.30377070109,125.007781982422,145.790602684021,65.2984262221406,149.304412841797,81.4817738626517,122.356539408366,62.5406380224064,118.239232381185,100.707815551758,59.5332807692806,62.9880037329866,84.9890001678467,67.8799266987019,162.514228820801,97.6153762605455,22.5693379444346,68.3634734253783,80.2376876264916,22.0906231555533,55.1462869840248,32.7239634494147,110.727777564007,104.877713521322,91.0991071618122,66.3850323359172,157.568454742432,141.955307006836,71.5934473287564,0,13.5352606773376,73.3978443145752,14.333982060353,153.318664550781,0,0,182.127082824707,0,94.4498062133789,175.726898193359,130.972164916992,0,123.679365539551,170.863240559896,0,84.4722849527995,91.0917164729192,141.816455841064,109.765729904175,0,0,79.6324768066406,109.424448013306,176.274042129517,0,98.9943691253662,83.6358686737392,137.218978881836,0,0,137.990930557251,0,0,108.622025923295
86.8892147216377,46.3751765213444,14.8010542599473,48.6697557080876,133.403556346893,151.343811035156,141.666690310916,87.1941572171505,122.535694527226,96.5793224832286,115.918359467478,99.8818989315548,0,133.7630859375,109.355658207383,134.3821849823,84.3031552388118,35.5809069580326,94.2708745635716,70.296070098877,158.775838678533,55.8340760705755,60.3025481125404,21.9133965926148,117.492993672689,115.914978027344,30.2245460571363,27.167015510565,59.4914836327142,109.07722297951,66.2745916776064,118.122852961222,191.480239868164,108.668525920195,71.1021147491735,191.283182779948,78.2407580784389,96.517780759895,57.8936812518394,213.531875610352,0,210.287166595459,155.053823965567,195.860119628906,144.488761901855,186.812835693359,143.164796829224,0,144.821184158325,170.63550894601,0,119.182041985648,111.679144877772,183.71639251709,135.9865897394,0,124.456390380859,97.3292795419693,112.544620513916,150.660870869954,134.569297790527,105.669450930027,93.1417322985082,159.61669921875,166.542353312174,148.624720646785,153.63500213623,0,0,115.820025929233
88.7825930277507,60.2500635139213,48.6697557080876,8.06402370364396,72.2309085779023,177.477005004883,106.281267547607,66.9395419426684,106.98121225609,11.7071904807255,90.9676813761393,123.769979623648,89.3876478775688,116.506613793311,91.435263373635,47.4461779594421,42.9582101195606,78.9907709478022,122.744632720947,93.1134993756404,97.2367789404733,53.9732270018424,28.8271591318065,57.3851955290194,41.1984140231427,88.9989596417076,79.9812888296027,52.0790614312974,56.9185017750336,85.7959806654188,55.6625788047591,125.935413742065,156.309841156006,53.3926188151042,79.2738419106479,76.090274810791,173.496078491211,69.3588910420736,24.6826229095459,69.9939406258719,0,233.126571655273,130.770790100098,97.0299352010091,36.9391061782837,99.8063907623291,219.744003295898,88.3783760070801,176.088241577148,165.876025390625,41.4969291687012,57.1299463272095,100.624254226685,183.294830322266,0,0,85.1409999623018,51.812812260219,85.1181420356997,65.0338644711477,0,109.238570286677,72.9455660581589,86.3388827732631,121.721352713449,82.720522017706,180.561965942383,0,0,68.394323348999
73.3061110474343,94.9943180084229,133.403556346893,72.2309085779023,10.1316002975434,111.477719116211,67.0077010796163,22.6105243194831,68.378264467644,39.5808874886149,24.4361079122738,143.436196645101,21.8551220845257,155.116923740932,84.5950123827222,64.4979341544357,74.9435755411784,154.557422931378,186.768402099609,157.840067349947,15.3523839920322,89.1072859191895,58.1656598514981,115.025609175364,18.0547639475628,140.172092437744,154.46878633045,117.314650707934,15.5045378448508,83.0110938150686,83.5903456631829,0,132.781562260219,72.6082210399486,88.0075478827816,0,0,159.304893493652,79.019870242557,13.0846790652526,0,113.125078837077,149.371366228376,177.978797912598,98.5422053337097,60.5224230696515,0,20.6772472818526,0,181.193023681641,106.713045120239,129.914970397949,240.515869140625,0,195.780776977539,14.8734722680683,149.585566202799,106.967239379883,150.938850402832,110.845117346033,0,210.134567260742,170.369985792372,105.925159428801,165.369491577148,145.534243774414,0,0,0,156.391960144043
69.751091003418,0,151.343811035156,177.477005004883,111.477719116211,7.09368989758231,10.8060463037735,106.496274774725,25.173748214374,74.3017147609166,111.503817138672,68.7202221484894,75.955926683214,81.438880443573,30.5692749573143,14.3902089474289,0,112.041091918945,87.6406195504325,0,108.263440813337,80.6274490356445,0,125.542366027832,107.76875443892,94.5787124633789,113.631128311157,115.159095070579,124.815157572428,24.9781859979843,115.186382293701,107.135058085124,9.9684249916711,0,40.2960828616295,0,0,0,0,0,0,0,0,0,0,0,0,0,0,0,0,0,0,0,0,0,0,0,0,158.907348632812,0,165.814422607422,0,194.596801757812,0,0,0,0,0,0
75.8227962611877,148.30377070109,141.666690310916,106.281267547607,67.0077010796163,10.8060463037735,8.35091562504333,60.7429266482648,19.0299904164332,69.632208411758,22.7576089215227,80.7959003885284,20.8155579326392,94.8646723584431,24.3257403722421,11.534120209653,112.40265244704,167.916303412859,118.247558124249,133.93033320109,34.0766789911106,123.37160622733,110.051745605469,128.810861880963,77.770449393788,100.046857016427,142.319002621416,143.932471780216,71.5082105449047,41.6381325785473,113.177350343977,126.843546637173,19.4689613764325,94.7559014013258,61.4483881893015,153.939468383789,164.145874023438,221.056335449219,104.886957268966,161.859494527181,0,200.485458374023,158.312393535267,186.865031651088,110.877209981283,0,145.547485351562,45.3930972063983,149.817783355713,204.956562042236,0,162.796927315848,240.433731079102,158.342758178711,0,0,173.888763427734,132.929301452637,179.487384796143,140.515394210815,0,183.916358947754,186.828966926126,158.296306999362,185.633722941081,166.089631398519,0,0,0,186.3103515625
33.4710531773197,125.007781982422,87.1941572171505,66.9395419426684,22.6105243194831,106.496274774725,60.7429266482648,9.76270548665462,53.5227971992174,62.6038412339617,14.1087218609305,154.241475514003,53.810267162323,149.924392700195,53.6324601778473,77.2608279025916,77.2776131629944,112.223983959276,158.458869934082,142.722380103135,77.262119783674,62.6608281898499,75.5960133870443,77.7851792605208,37.8023151231741,126.493270874023,120.711914784624,98.1939230407311,18.1893072106602,50.3789143541304,17.9022308024752,193.70107014974,124.891947577981,54.905458627979,77.1516556223111,141.922459602356,123.539413452148,169.941580878364,73.5036429253177,136.462148666382,0,155.444122314453,119.553469960282,167.102964613173,71.8104983620022,193.721562703451,217.783248901367,140.934560139974,0,162.074631585015,0,136.506395780123,180.301376342773,0,0,0,142.772026062012,96.349878411544,153.413030562862,109.802352461096,0,201.050247192383,147.883508046468,123.288584329996,154.113756942749,128.743803532918,226.141586303711,0,128.358985900879,157.719630241394
29.1774794202381,145.790602684021,122.535694527226,106.98121225609,68.378264467644,25.173748214374,19.0299904164332,53.5227971992174,10.5483383198052,101.212653497253,21.8191429317825,86.2486695810653,50.2458211976506,93.1221183218607,12.112676849096,34.8832030989422,121.67357304891,133.682027379894,112.998876932505,132.32337578795,64.1905802126681,103.941941139026,115.667473085465,115.520862514137,73.3274146484027,112.528403743621,137.656815074574,134.946846700033,78.5922427978516,41.4269393375691,80.0992431326227,122.164722578866,18.9261474835193,93.4741716384888,63.8035375843877,181.335149129232,201.176132202148,200.77587890625,101.879479947297,135.460273742676,0,175.634523391724,145.46677385966,186.508767378958,106.97015108381,181.142260742187,124.163795471191,102.07544708252,153.026580810547,181.248425483704,132.191757202148,167.215874808175,0,179.745014190674,184.189064025879,205.612731933594,156.540639241536,124.650130589803,171.48095703125,133.568790513116,145.166839599609,186.927667097612,182.591720234264,148.472287145154,176.372404210708,173.627989027235,204.847526550293,0,163.769813537598,188.71309368427
79.1376841227214,65.2984262221406,96.5793224832286,11.7071904807255,39.5808874886149,74.3017147609166,69.632208411758,62.6038412339617,101.212653497253,9.47428214601999,78.7311062003082,140.881186248563,11.1102655321318,132.070429806256,97.5959071658907,21.3053002114612,44.2102283199182,122.043872632478,150.026341293797,134.555581323032,28.4831679110624,81.7811923027039,26.8141490641223,107.651432037354,25.2541140315171,101.102268097679,130.988483428955,103.492978189241,57.0596562726998,96.6025166945024,60.399234053146,140.724788329181,140.775093078613,61.9244667806743,119.847560100674,0,0,167.322166442871,37.3679848339247,64.0789272785187,0,92.7317352294922,97.9971957736545,122.523017883301,61.6664097412773,156.198299407959,185.550564575195,122.665148417155,200.802185058594,163.976150512695,62.1782493591309,139.711306254069,206.850757598877,207.549082438151,210.369041442871,72.8738149007161,119.55020904541,83.0903569735014,136.440997123718,80.1336544581822,0,166.642125447591,169.142348656288,117.141028694485,170.629272460938,114.294951121012,0,0,171.19709777832,159.854715983073
53.217018573692,149.304412841797,115.918359467478,90.9676813761393,24.4361079122738,111.503817138672,22.7576089215227,14.1087218609305,21.8191429317825,78.7311062003082,9.93799260766731,135.878056740274,26.3495991170005,142.87998046875,24.4469685756718,61.5512661259836,101.097364959717,156.445599212646,154.549944790927,160.061329594365,20.9397559898785,87.2948006716641,95.4115242852105,110.967249083288,50.5080682548088,180.955807495117,147.702058553696,129.921721218887,19.4853740428316,71.2773965157618,85.6273580426755,182.018819173177,109.842186169747,69.2205941150292,84.3606800877342,0,167.289474487305,180.304334368025,103.432874386127,77.3891415697463,0,168.698852539062,169.421281814575,179.719253540039,115.22443151474,166.184393746512,0,44.8509865838128,0,198.770985921224,0,171.372792561849,0,0,0,56.7557470321655,144.85897064209,136.333752718839,177.175493512835,129.669984525793,175.354217529297,214.071802775065,179.187170918783,156.445939664487,183.617714775933,154.066596984863,0,0,169.709949493408,189.311712646484
140.028283811083,81.4817738626517,99.8818989315548,123.769979623648,143.436196645101,68.7202221484894,80.7959003885284,154.241475514003,86.2486695810653,140.881186248563,135.878056740274,13.7255067152325,127.897193321815,30.7373714248064,78.690885864179,116.996449904008,142.890759554776,53.7177274064479,27.7698755454546,31.860369515917,126.610389391581,118.533717372961,107.260268964266,105.028692714146,151.034151509603,47.2092701716515,31.5635945260134,77.3938211889456,144.32197079416,62.2464111106886,115.223450868026,49.7233786175845,63.3506106156569,145.043035507202,31.8278541878183,0,114.994945526123,154.098644256592,95.1827941894531,184.531677246094,0,143.53938293457,225.099360148112,152.634735107422,172.737655639648,0,93.8947092926447,133.274276733398,83.9720487482408,157.825551605225,0,176.923843383789,172.074565887451,117.991893880508,125.852462158203,0,169.442398071289,162.640674591064,163.509602864583,196.092827536843,119.334806442261,119.323952115815,126.701545661223,201.714804077148,183.728734970093,198.403945922852,113.874533092274,152.60417175293,0,132.434029928068
71.3008803633956,122.356539408366,0,89.3876478775688,21.8551220845257,75.955926683214,20.8155579326392,53.810267162323,50.2458211976506,11.1102655321318,26.3495991170005,127.897193321815,9.95235901810811,151.370475158691,84.5080742231819,15.3051395585792,134.12666659885,169.587646885922,161.349307250977,170.30739997415,15.3885044656316,101.912661743164,83.1860974175589,141.506285927512,23.4533620644267,130.813585917155,159.043310483297,153.151427573346,53.9477036030807,90.7003238876711,112.1094476609,153.226643562317,109.069806134259,87.7941052852533,90.3107791749558,0,0,231.824127197266,77.7750606536865,26.6756569789006,0,44.2656163302335,146.475517272949,169.454635620117,93.5431137084961,44.7718319892883,0,10.8166540515087,201.795417785645,175.851420084635,56.8881425857544,142.034622192383,0,192.043090820312,0,15.814354300499,160.617492675781,135.529754638672,174.573596954346,110.537168842472,0,208.426853179932,202.654724121094,123.710273742676,208.662582397461,175.289169311523,0,0,0,169.873107910156
134.260877990723,62.5406380224064,133.7630859375,116.506613793311,155.116923740932,81.438880443573,94.8646723584431,149.924392700195,93.1221183218607,132.070429806256,142.87998046875,30.7373714248064,151.370475158691,10.4458014666191,86.6676059522127,152.272928873698,126.506284273588,117.263707967905,61.1210708814292,93.2953226956454,126.260927283246,136.167375183105,95.3224815030403,140.941846720378,143.023668545396,22.9970460998271,43.176049949346,34.330309619848,159.841671214384,73.7479125976563,166.956395467122,20.7824733104315,79.3090476989746,206.322158813477,54.1662114950327,0,104.669807434082,144.687515258789,95.8841620551215,176.843139648438,0,147.325336456299,185.887084960938,172.096951802572,176.492904663086,0,81.7350353305623,0,53.3146421163801,154.735635757446,0,0,122.795783996582,115.788813591003,123.304664611816,0,190.251815795898,171.730430603027,181.617500305176,205.928754806519,77.2870648701986,106.088779538177,116.22153529117,212.640686035156,131.019337463379,0,103.390587458535,144.674647013346,0,116.97181175495
11.6957315301557,118.239232381185,109.355658207383,91.435263373635,84.5950123827222,30.5692749573143,24.3257403722421,53.6324601778473,12.112676849096,97.5959071658907,24.4469685756718,78.690885864179,84.5080742231819,86.6676059522127,7.44103446490683,39.559855267553,131.914566463894,113.99147661404,119.89659131368,114.066207252665,82.6362500153306,98.004203670281,107.305026029929,97.489907439037,88.0762748925261,97.2967097942646,125.884265911667,127.257949510546,77.2181634045541,18.9882435756737,61.3199504701157,107.502186749433,15.5748242313284,28.4549240445244,48.1933285039342,160.126457214355,0,171.917897542318,100.645311737061,162.296157836914,0,174.794464111328,140.518879940635,196.991136030717,103.47520213657,180.151831054688,204.649475097656,125.232022603353,137.265434265137,184.888565063477,154.272186279297,171.934427261353,179.841590881348,181.470956420898,156.427604675293,129.179153442383,179.082880655924,107.678011322021,182.61296971639,129.394430389404,132.884063720703,161.457869558623,168.835207144419,147.84162126021,174.365423838298,146.829206986861,146.533388137817,0,169.543258666992,186.493021184748
65.2711925506592,100.707815551758,134.3821849823,47.4461779594421,64.4979341544357,14.3902089474289,11.534120209653,77.2608279025916,34.8832030989422,21.3053002114612,61.5512661259836,116.996449904008,15.3051395585792,152.272928873698,39.559855267553,8.77786774852697,99.3536689758301,166.997467041016,0,180.094131469727,59.7867348137803,143.060877482096,69.6885632106236,151.052569580078,46.7024061053181,0,152.795945485433,130.921777230722,86.4231597675997,63.4418551601581,100.065496172224,134.04899597168,35.6376601740257,86.6958758036296,56.0975332588985,134.481094360352,0,0,0,111.582946777344,0,0,124.861157735189,246.605087280273,58.4446220397949,0,0,76.3254241943359,0,172.249252319336,0,164.59375,0,0,0,0,0,188.361236572266,165.204483032227,117.240285555522,0,0,197.326971435547,145.930555979411,162.799591064453,156.62016805013,0,0,193.546676635742,0
152.945872715541,59.5332807692806,84.3031552388118,42.9582101195606,74.9435755411784,0,112.40265244704,77.2776131629944,121.67357304891,44.2102283199182,101.097364959717,142.890759554776,134.12666659885,126.506284273588,131.914566463894,99.3536689758301,13.6888923003292,106.850657401325,149.699031352997,122.847785949707,115.224536895752,15.5920568387804,26.0920484013831,15.8140615607997,30.269702876441,103.007532392229,118.59720266433,26.9060808989069,31.880715145319,107.581306139628,69.6646856866489,132.158187279334,200.550582885742,73.4704872131348,91.8347634145062,184.598612467448,151.086114501953,115.168352710957,69.113221076227,173.51676940918,0,172.317672729492,145.21688164605,175.579906116832,105.598098754883,174.99973042806,211.731231689453,189.63737487793,0,174.201265970866,0,39.2544676112526,137.077100541857,167.159484863281,182.222696940104,197.462982177734,109.752342312835,65.5451523504759,102.436892550496,119.693211274989,0,144.999211992536,103.562820500436,138.613200378418,160.628129005432,111.589502825056,172.877807617188,0,122.514343261719,114.442776073109
90.7909389049803,62.9880037329866,35.5809069580326,78.9907709478022,154.557422931378,112.041091918945,167.916303412859,112.223983959276,133.682027379894,122.043872632478,156.445599212646,53.7177274064479,169.587646885922,117.263707967905,113.99147661404,166.997467041016,106.850657401325,9.87650816647847,54.6980077345038,15.7224911300641,172.264847975511,64.1622947523671,82.1714550040619,22.5398074131404,127.772293390464,75.7315815734863,33.8483269338203,68.1943930720321,105.92328536601,87.9518731720112,68.3794788700519,106.073190961565,136.056193033854,94.9251596533734,40.1018165470885,208.869110107422,108.569091796875,119.670384179978,81.6046061308488,201.318370819092,0,195.193288167318,181.212074915568,214.924326116388,150.759170532227,205.471038818359,139.033012390137,0,147.436111450195,202.983001708984,0,142.019553736637,128.331730897399,179.393185424805,129.563008252312,0,174.135641098022,121.687663714091,144.557531810942,181.958335571289,118.746631622314,117.530970334086,112.964098374792,186.7544921875,207.307932535807,175.863808265099,146.016334533691,0,191.236373901367,132.635392718845
139.910304888557,84.9890001678467,94.2708745635716,122.744632720947,186.768402099609,87.6406195504325,118.247558124249,158.458869934082,112.998876932505,150.026341293797,154.549944790927,27.7698755454546,161.349307250977,61.1210708814292,119.89659131368,0,149.699031352997,54.6980077345038,9.62261790322872,26.4349410727424,151.265553401067,127.61370976766,116.951347896031,107.516569479188,171.5072996078,56.5980413924816,35.5568775566829,70.7757194412554,157.501697741057,94.1701479282509,115.315147827719,53.7989462298626,98.6979297735752,125.925708952404,57.2539719459148,204.429840087891,127.078096008301,150.686239624023,159.352884928385,0,150.578323364258,0,207.565299987793,177.998994307085,0,205.771102905273,102.086060437289,0,99.4904047201949,163.898042761761,0,162.068725585938,159.925425720215,109.997920878449,131.19304076485,0,216.178237915039,167.281188964844,169.672604370117,212.700637817383,113.981663790616,110.836346586394,119.562922263632,0,170.394827035757,187.38786315918,105.610381584167,165.232655843099,0,122.379707760281
115.016647873638,67.8799266987019,70.296070098877,93.1134993756404,157.840067349947,0,133.93033320109,142.722380103135,132.32337578795,134.555581323032,160.061329594365,31.860369515917,170.30739997415,93.2953226956454,114.066207252665,180.094131469727,122.847785949707,15.7224911300641,26.4349410727424,13.6844785319333,169.231729507446,98.5552621945178,103.514256770794,61.1771165402644,142.790946507858,57.8271620334723,42.4336875268715,70.727146549988,128.557313791911,94.7715435882113,84.77161786663,84.44936122065,99.9168368748256,108.865592218214,45.1106438614375,205.543978881836,117.468610127767,134.687117622012,103.987797241211,0,0,0,206.403549194336,208.434926350911,166.18766784668,230.046188354492,119.539309593939,0,112.247057914734,192.05432434082,0,150.610980563694,128.332393948994,126.965218026297,120.806430311088,0,0,141.68852927468,158.06526999638,191.629809379578,87.212082862854,112.916082873422,116.11828759318,209.336761474609,180.840410020616,183.941136169434,124.604676288107,0,0,130.980334550906
75.3438817281572,162.514228820801,158.775838678533,97.2367789404733,15.3523839920322,108.263440813337,34.0766789911106,77.262119783674,64.1905802126681,28.4831679110624,20.9397559898785,126.610389391581,15.3885044656316,126.260927283246,82.6362500153306,59.7867348137803,115.224536895752,172.264847975511,151.265553401067,169.231729507446,11.876005944102,123.877601623535,103.123958769299,146.822467638099,33.0797658010379,162.572430419922,171.05437198762,151.253854071957,37.3208196820396,86.392365437809,106.884086290995,170.229221888951,110.535476915764,80.3220864666833,83.692960785017,0,0,0,98.5474312522195,17.3411453022893,0,163.873962402344,155.100939750671,196.210781097412,118.74489763048,155.595764160156,208.875122070312,11.9245170879689,0,204.51649983724,0,152.28067779541,0,0,207.668685913086,8.17474250128103,159.549777984619,132.386534118652,189.894226074219,136.811723115709,195.995956420898,186.907600402832,204.395626068115,148.659980958508,149.217102050781,167.395849609375,190.440277099609,0,0,176.604881286621
74.1931917454169,97.6153762605455,55.8340760705755,53.9732270018424,89.1072859191895,80.6274490356445,123.37160622733,62.6608281898499,103.941941139026,81.7811923027039,87.2948006716641,118.533717372961,101.912661743164,136.167375183105,98.004203670281,143.060877482096,15.5920568387804,64.1622947523671,127.61370976766,98.5552621945178,123.877601623535,11.1830854015442,49.8452412899997,22.1633406106764,18.8063368826068,113.932486724854,110.747781380595,74.9438634497426,18.117342587732,67.2867374312406,25.3832880478444,168.617372512817,173.38842010498,27.566328683415,38.3851858282138,142.176075744629,125.371612548828,149.142672402518,89.0162788839901,0,0,165.613510131836,141.436173502604,162.238589477539,107.327911376953,181.133094787598,0,0,0,142.339861188616,163.332122802734,102.596919203704,160.894374593099,0,170.50451321072,0,117.370992560136,73.7689380645752,116.227366298296,119.454368217319,0,174.927680460612,127.116341604313,125.4353196462,132.216403961182,117.224306878589,0,0,132.354092915853,144.665011882782
111.229152170817,22.5693379444346,60.3025481125404,28.8271591318065,58.1656598514981,0,110.051745605469,75.5960133870443,115.667473085465,26.8141490641223,95.4115242852105,107.260268964266,83.1860974175589,95.3224815030403,107.305026029929,69.6885632106236,26.0920484013831,82.1714550040619,116.951347896031,103.514256770794,103.123958769299,49.8452412899997,7.99001564050909,49.8700782513954,24.5730710191428,65.1968680472762,93.5487361278349,41.3538895434543,57.2459003892663,87.4875245345266,53.497126283604,107.752927850794,161.580810546875,54.9849946639117,84.327068120337,110.920585632324,0,110.507618459066,63.206800142924,95.1745071411133,0,164.22011311849,125.181448255266,184.872817993164,74.0536905016218,144.259605407715,161.795374552409,0,140.175533294678,131.309598922729,0,54.6695666032679,163.788326263428,0,139.740825653076,146.466186523438,98.1953931288286,24.8849704846615,88.1415340235976,94.9379312787737,179.537658691406,138.470834520128,93.7724925959222,107.118361733176,134.575405883789,89.3099489540889,159.343673706055,0,76.2217502593994,151.564838409424
72.8241828906755,68.3634734253783,21.9133965926148,57.3851955290194,115.025609175364,125.542366027832,128.810861880963,77.7851792605208,115.520862514137,107.651432037354,110.967249083288,105.028692714146,141.506285927512,140.941846720378,97.489907439037,151.052569580078,15.8140615607997,22.5398074131404,107.516569479188,61.1771165402644,146.822467638099,22.1633406106764,49.8700782513954,15.3219585366986,59.1104394024924,113.966973524827,60.7102071154632,50.0001800565204,56.0405528148351,75.1705891749656,47.5091199645662,135.576865059989,187.257827758789,84.7822408461033,46.9382332589074,184.393838882446,114.51741833157,106.446982579354,90.2096959068662,161.231760660807,0,185.341269356864,158.008776907193,188.195683002472,101.379489353725,175.17292262486,140.708374023438,224.846748352051,0,175.966541065889,0,87.7066473460238,138.687121720748,191.254168701172,156.469185256958,0,120.66630724252,80.0686768880705,105.747727307959,145.131391413072,192.263305664062,143.90379386478,100.971926655007,153.333373292964,182.534514290946,131.492073768793,0,235.898986816406,176.903468540737,133.572351154528
77.6392412055029,80.2376876264916,117.492993672689,41.1984140231427,18.0547639475628,107.76875443892,77.770449393788,37.8023151231741,73.3274146484027,25.2541140315171,50.5080682548088,151.034151509603,23.4533620644267,143.023668545396,88.0762748925261,46.7024061053181,30.269702876441,127.772293390464,171.5072996078,142.790946507858,33.0797658010379,18.8063368826068,24.5730710191428,59.1104394024924,13.0783375379386,118.332808385921,133.643938781738,86.9209352606573,21.701155373073,87.8620603810186,64.0856639452217,149.887087080214,124.089500427246,66.9858106147827,97.5568843739373,132.291990007673,108.023567199707,152.722272571765,63.3348784641609,113.738191981892,0,151.729844156901,112.077355064536,156.222088643949,75.3756230611937,144.030405680339,236.289848327637,104.662468592326,209.410827636719,147.31928915136,126.943952287946,110.283522856863,173.483022516424,209.153111775716,211.311229705811,116.115993287828,117.401739689342,66.2523717501807,135.383965608116,101.190229729703,0,178.634023850964,146.420402833565,116.897869795524,141.311833783615,112.949520900332,224.370910644531,211.503204345703,133.112985784357,146.896020071847
130.725903828939,22.0906231555533,115.914978027344,88.9989596417076,140.172092437744,94.5787124633789,100.046857016427,126.493270874023,112.528403743621,101.102268097679,180.955807495117,47.2092701716515,130.813585917155,22.9970460998271,97.2967097942646,0,103.007532392229,75.7315815734863,56.5980413924816,57.8271620334723,162.572430419922,113.932486724854,65.1968680472762,113.966973524827,118.332808385921,8.22512769517704,44.22051946483,32.362929658672,153.199224472046,81.8010956093117,118.961262294224,41.8937448703491,83.8509021335178,0,64.8867638173528,188.16291809082,28.8396911621094,165.786972045898,93.9482688903809,190.703063964844,0,0,0,193.086952209473,0,0,105.715657454271,0,90.8741307939802,0,0,0,123.005493164062,97.5991833026593,107.462634495326,0,194.831390380859,149.109598795573,0,198.234245300293,0,96.1278078556061,103.117247772217,214.120635986328,105.298004150391,0,105.043316795712,0,0,120.437000910441
107.728332626343,55.1462869840248,30.2245460571363,79.9812888296027,154.46878633045,113.631128311157,142.319002621416,120.711914784624,137.656815074574,130.988483428955,147.702058553696,31.5635945260134,159.043310483297,43.176049949346,125.884265911667,152.795945485433,118.59720266433,33.8483269338203,35.5568775566829,42.4336875268715,171.05437198762,110.747781380595,93.5487361278349,60.7102071154632,133.643938781738,44.22051946483,16.4766648942251,41.0292407764028,104.743811714054,105.326839527898,94.3661041933308,26.3645345746508,106.925364407626,121.718035405225,67.0800458766796,189.706580200195,109.185745575849,115.185612951803,93.1345270651358,204.995880126953,124.2509765625,175.791165669759,188.738281673855,180.070359340934,164.307765197754,203.278987884521,100.6807473104,185.933113098145,94.8897575908007,171.902649364252,146.403671264648,153.261088053385,114.181717001874,106.255055936281,107.04877421595,0,164.623992919922,141.345030254788,146.742690722148,179.919714736938,97.6809759502169,98.4576084789993,99.9346324650698,196.767643855168,166.457554136004,174.011044722337,101.758840552727,143.345853169759,160.890686035156,116.658912706979
122.875914744268,32.7239634494147,27.167015510565,52.0790614312974,117.314650707934,115.159095070579,143.932471780216,98.1939230407311,134.946846700033,103.492978189241,129.921721218887,77.3938211889456,153.151427573346,34.330309619848,127.257949510546,130.921777230722,26.9060808989069,68.1943930720321,70.7757194412554,70.727146549988,151.253854071957,74.9438634497426,41.3538895434543,50.0001800565204,86.9209352606573,32.362929658672,41.0292407764028,15.0359190766798,85.3112080611719,109.899715164027,107.283286386676,29.5780429693947,119.825039311459,116.678667769473,73.7565736498345,183.771293377054,82.6245454619913,98.280427361118,54.798270517985,165.77143826692,171.293975830078,191.683066628196,160.91141748843,188.010589082362,154.580265045166,182.720615989284,108.206031589574,179.828079223633,102.316694439817,176.969698079427,180.159072875977,90.1026402303943,115.18209886455,109.964302619067,113.781316337438,196.203079223633,129.045901348716,86.1212729670971,107.907386114271,149.812208724896,99.9358901977539,104.235627008864,94.034678047136,163.591489914925,176.068340368438,157.504351743718,108.413691868056,168.932843526204,164.560159683228,120.458485217321
64.1583865288373,110.727777564007,59.4914836327142,56.9185017750336,15.5045378448508,124.815157572428,71.5082105449047,18.1893072106602,78.5922427978516,57.0596562726998,19.4853740428316,144.32197079416,53.9477036030807,159.841671214384,77.2181634045541,86.4231597675997,31.880715145319,105.92328536601,157.501697741057,128.557313791911,37.3208196820396,18.117342587732,57.2459003892663,56.0405528148351,21.701155373073,153.199224472046,104.743811714054,85.3112080611719,9.49442427002476,79.1571824298534,31.6639886100775,172.156555175781,125.956698989868,59.8494725848001,72.0159963000304,132.839673419331,166.847986857096,159.282335154216,72.9076199782522,97.5416499953116,0,151.565241846545,113.715692849306,158.785284246056,83.7731751766302,160.379428697669,197.299011230469,79.9071467717489,208.393218994141,154.022021235252,119.59773127238,120.433013691622,177.754124232701,0,208.009521484375,108.59122467041,129.651789395314,86.6669616083945,144.759400217157,105.292133462346,0,194.397734578451,146.32092817353,120.829394235523,147.483578364054,116.999657803271,0,197.956364949544,142.08589553833,156.081280708313
10.1907432517853,104.877713521322,109.07722297951,85.7959806654188,83.0110938150686,24.9781859979843,41.6381325785473,50.3789143541304,41.4269393375691,96.6025166945024,71.2773965157618,62.2464111106886,90.7003238876711,73.7479125976563,18.9882435756737,63.4418551601581,107.581306139628,87.9518731720112,94.1701479282509,94.7715435882113,86.392365437809,67.2867374312406,87.4875245345266,75.1705891749656,87.8620603810186,81.8010956093117,105.326839527898,109.899715164027,79.1571824298534,10.3461600467626,19.693166322675,96.0564115657363,11.6764758558502,17.4893107168453,28.5607978706528,155.315771102905,0,169.442665100098,116.715621601452,125.829355875651,0,180.326717376709,154.210818204013,179.15234375,109.345809512668,187.31357828776,133.011840820312,97.6180801391602,145.494895935059,167.300776163737,151.028900146484,146.092280069987,170.398502349854,159.473058064779,163.692693710327,0,0,110.155708503723,183.160967508952,134.790929600812,0,152.229374389648,161.947763483575,147.915620968666,166.739233398438,144.325200681333,156.894962310791,0,0,180.079238891602
20.5166553989331,91.0991071618122,66.2745916776064,55.6625788047591,83.5903456631829,115.186382293701,113.177350343977,17.9022308024752,80.0992431326227,60.399234053146,85.6273580426755,115.223450868026,112.1094476609,166.956395467122,61.3199504701157,100.065496172224,69.6646856866489,68.3794788700519,115.315147827719,84.77161786663,106.884086290995,25.3832880478444,53.497126283604,47.5091199645662,64.0856639452217,118.961262294224,94.3661041933308,107.283286386676,31.6639886100775,19.693166322675,9.28715674664846,166.122194925944,121.468235015869,42.3495396342704,37.4457974985569,133.511105219523,124.080833435059,149.57427444458,70.627627698681,160.161042349679,0,0,116.13224029541,159.745434100811,81.2351553002182,171.248830159505,216.018188476562,0,0,158.4777135849,0,110.795324621066,170.617239379883,0,175.471578979492,108.260551452637,119.307226205801,76.9828490162944,125.581199645996,108.814678050854,144.363067626953,173.115171160017,152.794926217886,119.471556873645,145.421627807617,117.277742835913,0,210.982452392578,122.256341552734,149.333789825439
146.670369466146,66.3850323359172,118.122852961222,125.935413742065,0,107.135058085124,126.843546637173,193.70107014974,122.164722578866,140.724788329181,182.018819173177,49.7233786175845,153.226643562317,20.7824733104315,107.502186749433,134.04899597168,132.158187279334,106.073190961565,53.7989462298626,84.44936122065,170.229221888951,168.617372512817,107.752927850794,135.576865059989,149.887087080214,41.8937448703491,26.3645345746508,29.5780429693947,172.156555175781,96.0564115657363,166.122194925944,9.35903481255952,101.570573425293,169.23509979248,70.1205846613104,234.094055175781,98.1427205403646,144.3642578125,129.248270670573,0,0,160.577911376953,227.710060119629,211.500259399414,143.487411499023,213.765090942383,98.18646068573,0,94.3737460091,179.810461044312,0,0,145.488247680664,110.359604330624,126.77001159668,0,213.059875488281,160.306243896484,194.020304361979,239.067962646484,100.201253024015,108.525540351868,114.898369434902,196.983200073242,142.479655265808,193.338363647461,102.322646054355,166.731216430664,0,122.067558924357
104.118565877279,157.568454742432,191.480239868164,156.309841156006,132.781562260219,9.9684249916711,19.4689613764325,124.891947577981,18.9261474835193,140.775093078613,109.842186169747,63.3506106156569,109.069806134259,79.3090476989746,15.5748242313284,35.6376601740257,200.550582885742,136.056193033854,98.6979297735752,99.9168368748256,110.535476915764,173.38842010498,161.580810546875,187.257827758789,124.089500427246,83.8509021335178,106.925364407626,119.825039311459,125.956698989868,11.6764758558502,121.468235015869,101.570573425293,6.19229018163931,0,41.9907533315023,0,0,0,176.537033081055,0,0,0,198.152297973633,0,119.764801025391,0,154.760543823242,0,0,0,0,0,0,164.520690917969,0,0,0,164.086929321289,0,159.397755940755,0,169.82590230306,154.576499938965,185.244705200195,215.353286743164,181.34741973877,0,0,0,0
19.6993623493121,141.955307006836,108.668525920195,53.3926188151042,72.6082210399486,0,94.7559014013258,54.905458627979,93.4741716384888,61.9244667806743,69.2205941150292,145.043035507202,87.7941052852533,206.322158813477,28.4549240445244,86.6958758036296,73.4704872131348,94.9251596533734,125.925708952404,108.865592218214,80.3220864666833,27.566328683415,54.9849946639117,84.7822408461033,66.9858106147827,0,121.718035405225,116.678667769473,59.8494725848001,17.4893107168453,42.3495396342704,169.23509979248,0,7.55421188482951,31.203881363074,139.963559468587,0,174.002044677734,70.7814061781939,136.575514475505,0,0,119.813697542463,149.391809082031,79.1872460842133,166.426208496094,0,81.3190460205078,0,157.47459564209,0,120.359234619141,212.500183105469,0,0,0,117.924062456403,84.4493372599284,127.165740966797,109.837603065057,0,186.826466878255,171.427526473999,124.217494258174,143.98380279541,114.843482123481,0,0,158.653900146484,182.916893005371
73.021908000776,71.5934473287564,71.1021147491735,79.2738419106479,88.0075478827816,40.2960828616295,61.4483881893015,77.1516556223111,63.8035375843877,119.847560100674,84.3606800877342,31.8278541878183,90.3107791749558,54.1662114950327,48.1933285039342,56.0975332588985,91.8347634145062,40.1018165470885,57.2539719459148,45.1106438614375,83.692960785017,38.3851858282138,84.327068120337,46.9382332589074,97.5568843739373,64.8867638173528,67.0800458766796,73.7565736498345,72.0159963000304,28.5607978706528,37.4457974985569,70.1205846613104,41.9907533315023,31.203881363074,10.5771580805626,169.431549072266,109.761140550886,117.661636526925,87.7617664994865,142.661864144462,0,185.619955444336,162.242392645942,196.55419921875,132.886176109314,193.714769635882,130.15376673518,134.999034881592,121.871076965332,184.098152160645,0,131.614136166043,132.396325743044,137.799074121424,136.219106284521,0,140.384991814108,98.3924097333636,128.066545877497,141.295033351631,104.597845077515,127.170710952561,115.010962104133,154.73070086463,196.413902282715,152.239338905581,125.581455728282,184.010406494141,157.998931884766,144.943687879122
145.216415405273,0,191.283182779948,76.090274810791,0,0,153.939468383789,141.922459602356,181.335149129232,0,0,0,0,0,160.126457214355,134.481094360352,184.598612467448,208.869110107422,204.429840087891,205.543978881836,0,142.176075744629,110.920585632324,184.393838882446,132.291990007673,188.16291809082,189.706580200195,183.771293377054,132.839673419331,155.315771102905,133.511105219523,234.094055175781,0,139.963559468587,169.431549072266,10.5995450217925,128.118780035722,109.267412407454,76.7270827293396,81.7882043457031,71.5981140136719,40.0464044272445,20.1253386828933,20.0860961121315,69.4046527862549,33.6423430944744,135.951701456187,101.703741264343,150.181910639224,10.0844850585644,45.7083019256592,83.727815246582,103.960071007999,137.424266010523,122.533502754543,83.2310035228729,93.8377513079576,68.5295733642578,103.197566261428,69.8410836841892,139.532540130615,127.203749047229,129.480937710278,72.3905738849152,13.6999086207491,22.0122809688026,150.046106191782,99.4147783006941,34.423578121044,80.4350847317937
0,13.5352606773376,78.2407580784389,173.496078491211,0,0,164.145874023438,123.539413452148,201.176132202148,0,167.289474487305,114.994945526123,0,104.669807434082,0,0,151.086114501953,108.569091796875,127.078096008301,117.468610127767,0,125.371612548828,0,114.51741833157,108.023567199707,28.8396911621094,109.185745575849,82.6245454619913,166.847986857096,0,124.080833435059,98.1427205403646,0,0,109.761140550886,128.118780035722,7.8121875686439,47.8441806720896,18.208244795149,86.7343063354492,0,167.300256729126,113.819998677572,155.146555582682,58.6858777179839,135.171817355686,72.9134883132635,96.4659671783447,57.8904185365376,135.368376413981,98.2829189300537,61.2714580908054,59.3454573893408,78.6190212985926,64.3828845057927,0,95.5481731414795,19.8710236704262,69.9779085172277,70.9849306298135,21.0072094274316,50.2684628363938,33.0099685980957,96.0116859884823,121.859529404413,108.177417509017,72.3233378805765,120.503733317057,99.031982421875,69.8120455443859
170.910307312012,73.3978443145752,96.517780759895,69.3588910420736,159.304893493652,0,221.056335449219,169.941580878364,200.77587890625,167.322166442871,180.304334368025,154.098644256592,231.824127197266,144.687515258789,171.917897542318,0,115.168352710957,119.670384179978,150.686239624023,134.687117622012,0,149.142672402518,110.507618459066,106.446982579354,152.722272571765,165.786972045898,115.185612951803,98.280427361118,159.282335154216,169.442665100098,149.57427444458,144.3642578125,0,174.002044677734,117.661636526925,109.267412407454,47.8441806720896,15.1551342943419,49.4883997971844,131.223653411865,0,135.346594317695,91.7088886824521,129.219551152022,118.013676643372,112.929514101932,105.794288698832,178.031616210938,103.904372603805,125.17474408296,143.439901351929,85.7674988833341,41.0770719795643,95.1425140153116,62.4540275685927,170.034484863281,67.9059156046973,64.5160652120063,32.2101513043799,112.144606342054,125.837075914655,30.804564523221,31.5586187370726,89.2146534452542,135.862938173356,91.8250899359865,92.8331123590469,173.104988098145,119.32319347675,79.5387753639512
