7.2714957385667,134.455093383789,92.7260725879669,80.5865562901352,71.311105940077,80.1665725708008,67.365048495206,22.3820115393392,37.458646660592,78.9592682123184,23.8103197109098,142.274890899658,105.668934958322,175.633931477865,14.2770632499218,105.899006525675,114.692644119263,100.429630860198,131.698729515076,131.831593322754,107.543823242188,74.1337758124163,117.977299499512,79.3830299026826,79.0914094467794,0,127.481873142263,130.481867005225,54.7741427094329,15.9574752413766,23.1190874142017,163.396106719971,86.1078440348307,40.6491556065057,75.7765287628973,165.480377197266,175.44465637207,165.089569091797,83.5550050001878,0,0,0,168.733939034598,155.667205810547,0,173.449295043945,0,0,0,166.762359619141,0,119.856506347656,191.157257080078,0,0,0,133.139621734619,95.503791809082,162.524085998535,138.746141052246,0,209.290145874023,184.769995117188,147.441967176354,163.959777832031,139.773611450195,0,0,163.707176208496,192.411565144857
134.455093383789,8.5738661724538,46.0473953786522,18.5527052760847,0,128.963165283203,0,127.902095794678,138.585770743234,80.072881353183,156.410415649414,72.7168402976178,94.5608406066895,56.4978805680599,151.419135353782,110.297220865885,77.3784925998786,68.2306373884093,83.6317697412827,76.1422665084618,0,98.2957191467285,32.5077177769429,67.1535611629486,87.6446128660633,24.4457427239307,60.7688655097886,33.7838512766195,101.392733630012,120.30222429548,119.825461069743,76.2082731246948,114.196795145671,126.284069061279,80.8535247076125,0,118.380222320557,86.6252059936523,54.4137229919434,0,0,0,0,223.458892822266,123.806785583496,0,138.257078552246,0,100.091084162394,0,0,0,116.052324295044,117.778905232747,105.979403177897,0,174.229583740234,168.931823730469,149.878326416016,136.862838745117,84.6005954742432,105.424437557358,111.177642059326,170.902145385742,234.965347290039,0,137.251011657715,0,0,131.713146209717
92.7260725879669,46.0473953786522,12.3921858511649,49.5125381551637,124.177906990051,190.375595092773,142.264713759275,100.615119297703,133.195195109528,123.944630432129,123.039384261422,101.116793957162,141.665793709133,110.052473660173,123.382690547668,160.901102701823,100.563705732238,41.5808226499015,97.2748174533038,79.387593133109,166.124959309896,72.5973583412531,51.5294039225499,30.8209652517,118.023721731392,114.92945098877,36.4855086483817,35.0461655529103,86.7413787957044,128.707021051524,89.1917288376386,102.562567029681,188.582631429036,117.4822786422,69.1814967089686,183.59375,90.0795145901767,102.605301425882,64.4143004306527,175.514755249023,0,189.762153625488,165.746209913684,193.995080947876,151.593678792318,183.672430855887,149.883099555969,181.121780395508,166.19870867048,195.250254704402,203.550628662109,125.234792436872,117.998778458798,166.734706333705,137.281062361123,0,145.996772483543,88.447585218093,115.102369648137,157.124012901669,114.377301534017,114.115289196336,105.465041648756,165.003620457005,0,184.964309692383,169.981099446615,0,0,137.133192274306
80.5865562901352,18.5527052760847,49.5125381551637,23.4121960236854,93.9643255615234,132.939113616943,98.5903112972484,76.1976525808118,106.142313362896,20.8780975528353,94.9884016617485,81.2514543595252,71.5418552007431,58.2794306802934,97.2207819522578,87.2166306177775,50.201306094362,73.7702185840813,80.5810688420346,77.8739695009978,104.84886932373,63.4764822553126,29.883497123395,58.883667851415,47.3369643798539,29.7621202287642,62.3690475455681,44.1542069760481,59.3727777150988,84.9601408095587,67.1474252927231,70.0955299066038,127.717338562012,71.3343073059531,76.1927319082595,121.945238749186,105.224950154622,67.9580809743781,19.8187653568813,94.0086059570312,0,143.478187561035,112.891141562626,174.257653808594,68.9566355705261,128.519649852406,101.321527608236,99.7083511352539,92.3896761394682,137.704771188589,60.6493377685547,62.8989119477324,90.8997526986258,106.657574335734,117.880678523671,142.197423934937,81.0343114217122,22.3054072327084,74.2583151348567,76.3102091380528,72.1986142396927,100.202024640535,76.9488407287045,97.8209206430536,113.296782644171,92.7844714674839,110.692054748535,234.494689941406,61.6543121337891,111.324709574382
71.311105940077,0,124.177906990051,93.9643255615234,8.7603556441552,132.532386779785,66.0825858568623,53.8524854399941,93.4363901417726,51.7400244056721,23.5635160128204,180.084157307943,34.5539869540328,176.848114013672,100.674492503321,80.2457567850749,92.4028472900391,137.991000584194,0,223.289779663086,14.302569269803,139.090777079264,97.4049940109253,129.124937693278,22.7666743755227,0,154.09969329834,121.945779164632,15.9542344869539,98.2555694133915,100.757981300354,0,140.81276957194,80.4887312527361,94.0473494529724,0,0,0,113.873640060425,10.1626101937694,0,147.592378616333,150.413987636566,170.408211844308,92.4260215759277,127.162339528402,0,56.334902048111,0,180.306713104248,0,140.506729125977,0,0,0,22.1358903458244,207.243713378906,0,0,99.875502838627,0,185.426483154297,210.544509887695,137.494659867398,177.089370727539,175.459167480469,0,0,0,0
80.1665725708008,128.963165283203,190.375595092773,132.939113616943,132.532386779785,6.1932355299282,9.44219416491472,119.387580871582,25.3334203888133,46.846923828125,114.291800181071,66.7415766832305,44.7662649154663,77.3430907909687,28.088476474099,11.6711851677412,0,140.710563659668,94.9663378397624,96.2155707223075,139.530578613281,92.2669067382812,157.697486877441,116.433166503906,136.258438110352,61.2578010559082,95.5637268066406,117.53938293457,134.34460231236,26.2928068563805,124.172463989258,103.716175079346,8.67636173276025,59.3019777933756,38.6289485187065,210.425430297852,0,0,145.113388061523,0,0,0,0,0,0,0,136.083358764648,0,124.019233703613,0,0,0,0,0,0,0,0,0,0,191.420196533203,0,0,139.588394165039,0,0,0,0,0,0,0
67.365048495206,0,142.264713759275,98.5903112972484,66.0825858568623,9.44219416491472,7.62396384519866,65.0410619438506,18.530796177243,78.8505984691151,17.0080720991101,94.8711653622714,20.9193652978531,86.6046705627441,36.7090179282579,9.90299376383743,202.533950805664,158.49585899353,132.019047207303,175.341156454647,39.3930392971597,151.549460561652,115.991063435872,142.266189575195,80.7523764007684,0,166.778221747779,165.71144843824,67.8715084623225,44.4553091284569,114.983002072289,158.995579528809,25.6568373306699,83.2379657200405,59.337750998603,189.909740447998,0,209.062108357747,126.016673617893,104.35697555542,0,180.06184387207,158.999077005589,190.176787156325,112.408516354031,177.56246478741,0,84.8920283847385,0,192.74335193634,138.357864379883,150.575958251953,225.076202392578,0,0,171.552722930908,196.60977935791,0,214.496551513672,140.123094326112,0,209.67945098877,193.617197672526,164.549256044276,194.169500177557,169.290579223633,0,0,195.911529541016,173.712677001953
22.3820115393392,127.902095794678,100.615119297703,76.1976525808118,53.8524854399941,119.387580871582,65.0410619438506,8.30541470464537,62.1597248776258,70.924493325337,13.0211850192256,171.499110751682,48.4922611436179,183.011618477958,31.9890242343324,73.1294143676758,99.5408401489258,121.11772182349,172.74467585637,159.826185515433,40.6380559093547,68.8213790241553,90.3693284988403,79.9340165855396,57.0701511080107,0,141.109198129588,125.39363384418,29.9679547029006,54.8911396688151,17.1961629035614,169.222205025809,126.694653828939,77.5638712336508,93.0921143451369,151.88996887207,157.710220336914,167.168280029297,96.7169614519392,191.656127929688,0,164.446211073134,136.385588665398,167.214930216471,107.055500030518,154.729660987854,200.391647338867,139.697252909342,210.897613525391,181.38582938058,0,149.913132667542,181.937573750814,0,219.441131591797,0,180.878768920898,118.949554443359,166.200948079427,125.600772065936,200.103134155273,195.704291603782,180.599374705348,138.325936410941,173.042868477958,149.40421295166,0,0,155.016777038574,163.115460713704
37.458646660592,138.585770743234,133.195195109528,106.142313362896,93.4363901417726,25.3334203888133,18.530796177243,62.1597248776258,11.0085558903378,98.8672407678811,30.0382203987242,96.2984291856939,34.0119523191402,91.9073283591967,16.0262345588022,23.0332714649018,142.908248053657,138.226610825656,130.334362220764,158.594566766147,76.2782881973136,108.437319437663,135.155512945993,118.563370554879,97.3074130761819,93.9466236659459,159.978873426707,155.975362856188,86.9362955140549,36.1531613793319,75.1797525140871,135.619123458862,30.9422842780069,43.9220643524253,60.1042512094454,184.571432113647,0,206.625908591531,121.894431736158,126.467754364014,0,204.656210327148,172.321608693976,201.423219299316,125.616434599224,188.746710459391,0,136.911683400472,101.50944519043,204.686270462839,0,156.21534576416,209.338587443034,0,227.035888671875,189.226745605469,173.61058807373,129.004453659058,198.158111572266,151.290836117132,0,214.023751395089,197.409602115029,164.901176391602,188.517987205869,185.375685918899,0,0,184.324863433838,195.041862487793
78.9592682123184,80.072881353183,123.944630432129,20.8780975528353,51.7400244056721,46.846923828125,78.8505984691151,70.924493325337,98.8672407678811,8.62903500199558,79.2816351203508,145.594408534822,13.9283816775479,133.299490936279,98.0170312050061,19.0177776860634,47.5508197437633,141.05345131147,157.590081108941,150.296547444661,68.2161019189017,72.0035423578001,24.5530270448961,119.403532813577,24.6800018520727,117.185880971509,139.717176003031,113.881986793859,54.0573145630194,85.553789433311,61.830391532931,156.724517822266,149.734026227679,74.3233865908054,100.664312512463,120.89222869873,145.531982421875,145.829765319824,61.3248210525513,96.964400040476,0,112.52409362793,106.085732743547,142.757601224459,42.0385229718554,108.352734929865,198.566339111328,88.7652535872026,208.329315185547,131.633085123698,62.1944877624512,120.044110107422,163.255981445312,0,180.031799316406,106.706051781064,223.257949829102,86.4999725341797,219.225006103516,64.0565659971929,219.507110595703,181.28647740682,187.533992767334,101.045650416407,139.924979618617,146.44667561849,186.743453979492,148.676208496094,117.281288146973,144.681571960449
23.8103197109098,156.410415649414,123.039384261422,94.9884016617485,23.5635160128204,114.291800181071,17.0080720991101,13.0211850192256,30.0382203987242,79.2816351203508,8.75620765953127,178.963751220703,28.497049557301,185.878506469727,34.6709645798172,73.0834766056227,0,156.945016622543,199.714709472656,182.091625047767,18.3819207573176,115.048696023447,115.712893676758,118.19585960294,53.6502565768603,0,157.699623053414,145.119347563887,20.6630658252493,96.7773768984038,83.1155622426201,0,123.07841389974,92.3641175916118,97.5215497491484,243.463714599609,0,0,141.370820363363,37.9917402917689,0,165.882227579753,152.979141780308,180.675570678711,102.21722462972,177.58659769694,0,67.3987385062284,0,184.929229736328,0,0,204.809936523438,0,0,82.3583121299744,0,174.993713378906,210.950317382812,126.86552445432,0,223.98429107666,192.472972106934,155.80339458071,189.72151184082,185.697840372721,0,0,0,205.011245727539
142.274890899658,72.7168402976178,101.116793957162,81.2514543595252,180.084157307943,66.7415766832305,94.8711653622714,171.499110751682,96.2984291856939,145.594408534822,178.963751220703,12.995388595816,182.612827301025,30.2320850228927,114.53487081626,73.7928285598755,149.087885856628,61.0944384729609,22.0908213343701,34.0793602322679,0,115.396065629047,111.926703229047,89.6203156934177,165.493834686279,34.0202739865376,32.5746972847847,72.6731904485847,163.279644775391,73.3479274848495,120.148911943107,40.9609825446237,64.1825099327195,115.260780703637,33.227544192127,0,108.233516693115,152.794900258382,101.852912902832,0,0,0,214.744247436523,130.489410400391,167.376831054688,0,87.6434076333762,0,72.5475258349471,216.352973937988,0,0,159.327584160699,108.956490071615,143.044060154965,0,0,152.421625137329,184.663131713867,212.0546875,77.4986446568223,120.935731897213,112.326237554136,228.961181640625,137.817729949951,0,95.3237266102056,0,0,140.979867723253
105.668934958322,94.5608406066895,141.665793709133,71.5418552007431,34.5539869540328,44.7662649154663,20.9193652978531,48.4922611436179,34.0119523191402,13.9283816775479,28.497049557301,182.612827301025,9.32023845733625,157.242309570312,97.6522616309089,11.7655880047911,0,160.609805297852,0,183.700091552734,14.9610262051294,0,57.8224798838298,147.537321090698,24.2089824352081,144.404663085938,165.481715611049,138.15346399943,48.8405843993722,104.256902445918,0,0,116.418367658343,109.045403616769,108.132412147522,0,0,233.868850708008,123.258766174316,42.605839769891,0,141.019698551723,146.525039672852,171.946599324544,90.9431797907903,137.532058503893,0,11.6343884191578,0,198.332690429687,55.5238170623779,0,0,0,0,10.6385141642197,0,0,173.395690917969,109.352094650269,0,208.786117553711,209.440256754557,131.253392581282,194.503021240234,177.36051940918,0,0,0,177.702160644531
175.633931477865,56.4978805680599,110.052473660173,58.2794306802934,176.848114013672,77.3430907909687,86.6046705627441,183.011618477958,91.9073283591967,133.299490936279,185.878506469727,30.2320850228927,157.242309570312,8.80261398713484,103.335693454742,135.807754516602,165.300998687744,91.9640665146911,56.5517084210418,72.4804641146993,0,156.184761895074,99.2688391814361,125.835230181294,149.811010654156,20.7250905477872,42.2778491804419,39.9362177460146,178.753761291504,72.4020293362169,157.732338799371,13.9155956477458,70.1794110416027,140.13316192627,52.2226484670394,0,108.84763978657,163.464711507161,86.8662320137024,0,0,0,189.496002197266,181.124687194824,156.964653015137,0,81.5496261237448,0,73.9952629862378,0,0,206.076354980469,195.604263305664,102.277603290699,132.114233016968,0,0,131.511893463135,182.072280883789,184.753311157227,67.6997214472571,108.506971713194,100.61652408649,220.080856323242,131.953029632568,194.413528442383,89.6140105383737,0,0,126.461457061768
14.2770632499218,151.419135353782,123.382690547668,97.2207819522578,100.674492503321,28.088476474099,36.7090179282579,31.9890242343324,16.0262345588022,98.0170312050061,34.6709645798172,114.53487081626,97.6522616309089,103.335693454742,8.47390540303842,36.9601667009551,153.615877787272,125.15420989321,136.434065038508,150.301299146427,95.7931629478509,93.8865498148077,120.495333931663,106.356861365953,100.11327917773,0,153.857595515974,151.536809046009,84.3960062651427,21.3605501416202,56.1750207269216,159.420991685655,23.8750208818306,33.9902024050976,69.1070894354303,184.068912506104,0,198.914010184152,117.247295781186,235.795516967773,0,222.954307556152,171.163402012416,198.177533236417,146.886611938477,204.37503306071,221.588643391927,0,169.17529296875,203.675219581241,0,189.640341186523,204.406845092773,0,196.310989379883,0,171.689096304087,179.565841674805,196.201974487305,162.22273867058,120.045387268066,203.48281028054,195.901472794382,162.696374075753,188.837422246518,179.654394710765,243.536331176758,0,201.229125976562,196.670707702637
105.899006525675,110.297220865885,160.901102701823,87.2166306177775,80.2457567850749,11.6711851677412,9.90299376383743,73.1294143676758,23.0332714649018,19.0177776860634,73.0834766056227,73.7928285598755,11.7655880047911,135.807754516602,36.9601667009551,7.5210441928708,0,151.084101359049,0,95.7545852661133,64.2165289486156,156.850875854492,71.7874221801758,125.034379577637,56.5261741229466,151.052452087402,166.920764923096,143.679943250573,92.7451559586958,41.8994585037231,101.358436584473,0,37.6287629553612,117.454013824463,65.2782434735979,0,0,0,0,0,0,0,0,0,50.5718593597412,159.792144775391,0,57.9149284362793,0,206.308135986328,0,0,0,0,0,0,0,0,0,128.440022786458,0,0,0,189.334030151367,0,0,0,0,0,0
114.692644119263,77.3784925998786,100.563705732238,50.201306094362,92.4028472900391,0,202.533950805664,99.5408401489258,142.908248053657,47.5508197437633,0,149.087885856628,0,165.300998687744,153.615877787272,0,15.1297310501761,125.74215524093,167.668402099609,144.540461222331,0,16.360008511904,38.1112749750124,17.0927222046789,21.1685684333436,120.514310836792,134.986876992618,30.0871922989175,29.7507575890597,112.800654166085,76.7231775389777,143.793128967285,0,75.7366218566895,92.0858916146415,0,0,123.887086700975,68.8764571538047,216.109634399414,0,0,136.171903610229,155.037933349609,123.922630310059,220.518249511719,0,0,0,172.336410522461,156.520004272461,58.8671594778697,161.213677724202,0,219.377243041992,0,121.556796773275,70.3403002688759,117.711863517761,131.511277297447,0,159.103898700915,125.193635543187,133.329133107112,171.148110525949,123.519544813368,0,0,117.284382411412,132.992346869575
100.429630860198,68.2306373884093,41.5808226499015,73.7702185840813,137.991000584194,140.710563659668,158.49585899353,121.11772182349,138.226610825656,141.05345131147,156.945016622543,61.0944384729609,160.609805297852,91.9640665146911,125.15420989321,151.084101359049,125.74215524093,10.8614324700077,54.6302999143068,28.1088576106291,193.009521484375,69.1199278238182,95.254304852402,27.635094015383,140.420980611425,78.8486932754517,42.3870870636081,71.0822600899519,122.270000467348,113.83689949758,85.9402866970554,90.2670902839074,145.786868702282,105.201610777113,45.3987328144133,196.335586547852,104.853046962193,116.887474975586,83.9573091245165,0,0,219.217864990234,215.733064923968,216.871574401855,172.951583862305,223.205642700195,151.498972756522,0,135.522460350624,207.816028594971,0,174.425126817491,129.350144147873,138.94566414573,134.19237149348,0,168.682195027669,151.797839694553,155.885040495131,221.000424194336,120.070030212402,118.859947648482,122.531904236772,190.003117370605,214.909286499023,195.006039937337,153.486457824707,0,0,136.627090090797
131.698729515076,83.6317697412827,97.2748174533038,80.5810688420346,0,94.9663378397624,132.019047207303,172.74467585637,130.334362220764,157.590081108941,199.714709472656,22.0908213343701,0,56.5517084210418,136.434065038508,0,167.668402099609,54.6302999143068,8.21917654210239,19.9762806887653,0,107.635590830157,126.292020263672,91.5027271270752,180.762377057757,47.4428586829199,31.9937413508634,72.3438719847812,163.961836751302,108.804013356124,129.051234755405,55.1523958017797,96.1359569004604,115.305211580717,64.1447837479018,0,109.128814697266,167.552820841471,98.4618184016301,0,0,0,0,0,0,0,100.763080536373,0,87.8931466341019,176.597015380859,0,0,161.320735931396,110.973161512806,136.633736673991,0,227.883529663086,181.852142333984,185.005920410156,0,88.0032590564929,109.130240484579,108.353653285814,0,144.95930480957,205.16382598877,97.627285907143,0,0,135.780661010742
131.831593322754,76.1422665084618,79.387593133109,77.8739695009978,223.289779663086,96.2155707223075,175.341156454647,159.826185515433,158.594566766147,150.296547444661,182.091625047767,34.0793602322679,183.700091552734,72.4804641146993,150.301299146427,95.7545852661133,144.540461222331,28.1088576106291,19.9762806887653,10.6814548203913,224.009963989258,99.0449024573305,116.216566903251,72.2826366361715,169.382237911224,55.2888736519762,30.9906254398458,71.6492005546233,152.86918018886,120.482949091289,108.335338123509,64.6716571065177,98.9271938926295,109.701303754534,50.8506952016932,0,150.783824920654,169.606446658864,100.789447021484,0,0,0,231.022109985352,0,205.145111083984,213.060363769531,112.195293617249,0,105.528078040298,219.013885498047,0,177.912811279297,142.525826087365,116.978284133108,127.536713409424,0,181.559303283691,159.736582438151,181.565200805664,0,86.2588709513346,112.717201668876,113.559774402551,0,226.730773925781,190.865646362305,113.552237726027,0,0,130.546024958293
107.543823242188,0,166.124959309896,104.84886932373,14.302569269803,139.530578613281,39.3930392971597,40.6380559093547,76.2782881973136,68.2161019189017,18.3819207573176,0,14.9610262051294,0,95.7931629478509,64.2165289486156,0,193.009521484375,0,224.009963989258,9.37306040537407,152.119070053101,108.507514953613,145.427001953125,24.8542548562387,201.163131713867,148.145462036133,172.229583740234,29.8391759891574,97.5215388781404,149.228927612305,0,128.200988769531,79.6180610656738,89.0242721384222,0,0,0,0,22.6676547733943,0,178.02490234375,151.792957305908,0,101.887143816267,168.678807576497,0,11.5368124015147,0,186.095504760742,0,0,0,0,0,23.0465468300713,228.023162841797,147.582992553711,0,125.113773461544,0,246.1572265625,221.805549621582,163.142360687256,0,0,0,0,0,203.26774597168
74.1337758124163,98.2957191467285,72.5973583412531,63.4764822553126,139.090777079264,92.2669067382812,151.549460561652,68.8213790241553,108.437319437663,72.0035423578001,115.048696023447,115.396065629047,0,156.184761895074,93.8865498148077,156.850875854492,16.360008511904,69.1199278238182,107.635590830157,99.0449024573305,152.119070053101,12.7263950229076,61.7942453612227,31.3381782504028,25.3692751344062,126.402496337891,115.02466196447,78.74839271687,24.3994737288115,58.6353276558972,34.7786007542734,155.348382568359,130.970799763997,50.238500312883,41.8968464830439,171.947927856445,0,138.78737004598,74.1248274150648,0,0,0,152.23247006065,184.607106526693,126.962935553657,183.879135131836,200.435470581055,0,175.490539550781,173.472619628906,0,121.280094123278,166.931938171387,0,191.571759541829,0,128.277070736666,83.2522433810764,130.811877806981,130.193567156792,0,159.98745325992,136.267593940099,135.474143081241,150.443065145741,126.608487654705,165.792404174805,0,130.235261281331,141.128518809443
117.977299499512,32.5077177769429,51.5294039225499,29.883497123395,97.4049940109253,157.697486877441,115.991063435872,90.3693284988403,135.155512945993,24.5530270448961,115.712893676758,111.926703229047,57.8224798838298,99.2688391814361,120.495333931663,71.7874221801758,38.1112749750124,95.254304852402,126.292020263672,116.216566903251,108.507514953613,61.7942453612227,8.74263232267792,57.3479196335506,27.7006143719847,84.3338724070974,107.125909577555,44.9586995810741,54.9614211535006,90.8543650309245,68.8756797480029,121.283506642217,150.502991416238,67.2597581716684,81.5127652154453,82.0654907226562,130.952026367188,91.8087985016579,22.4096114005166,116.743713378906,0,134.760120391846,149.74338277181,0,82.3061393737793,122.01961517334,172.54901776995,0,146.05061176845,132.493713378906,0,91.6971954345703,135.822776249477,190.742729187012,144.988557815552,116.044635772705,114.66404914856,26.2826590287058,96.0835013071696,91.5924608442518,0,146.205921630859,111.65223351503,126.578863525391,166.625727335612,94.8447479248047,0,0,0,155.041203816732
79.3830299026826,67.1535611629486,30.8209652517,58.883667851415,129.124937693278,116.433166503906,142.266189575195,79.9340165855396,118.563370554879,119.403532813577,118.19585960294,89.6203156934177,147.537321090698,125.835230181294,106.356861365953,125.034379577637,17.0927222046789,27.635094015383,91.5027271270752,72.2826366361715,145.427001953125,31.3381782504028,57.3479196335506,16.5457923017649,57.6462688744068,140.806340535482,82.2619456627016,48.9953035642782,56.2353355239151,88.677251554607,59.0638791097506,128.669470650809,149.637320382254,72.7182799180349,45.8933689856321,247.221008300781,133.870549519857,109.641413378292,93.8135001842792,205.929733276367,0,209.08381652832,173.490158081055,182.732154846191,160.006600516183,190.776395797729,180.467237472534,178.757415771484,176.011965942383,196.160526820592,0,111.371496025627,138.278606160482,200.701469421387,154.716888026187,0,138.89704509448,71.4764740751519,118.808959273566,149.3907631652,144.116129557292,141.53866423774,111.06696248899,158.319499518928,191.194132486979,138.88099416097,146.820915222168,0,197.636337280273,144.901587542366
79.0914094467794,87.6446128660633,118.023721731392,47.3369643798539,22.7666743755227,136.258438110352,80.7523764007684,57.0701511080107,97.3074130761819,24.6800018520727,53.6502565768603,165.493834686279,24.2089824352081,149.811010654156,100.11327917773,56.5261741229466,21.1685684333436,140.420980611425,180.762377057757,169.382237911224,24.8542548562387,25.3692751344062,27.7006143719847,57.6462688744068,12.4119053550276,135.956103668213,144.378617543188,85.4181905492026,16.3652113451339,87.7783024892623,72.203762241986,153.426461356027,159.602464463976,75.0154328772994,89.3425196177924,141.00343132019,185.951278686523,159.406719970703,67.9997129769161,111.626745128632,0,131.938718362288,119.151483789534,154.041085293418,65.8716853104329,125.702276722485,220.987421671549,106.748445304664,212.965621948242,158.174282618931,96.8732204437256,120.139680116073,194.76164855957,0,206.091506958008,119.297279682565,127.397525709503,90.584329404329,134.979924519857,87.6553287297913,183.647399902344,192.632328578404,162.355469658261,118.159247294409,150.355466288905,134.471503604542,231.647827148438,200.775863647461,127.211266257546,153.280002125523
0,24.4457427239307,114.92945098877,29.7621202287642,0,61.2578010559082,0,0,93.9466236659459,117.185880971509,0,34.0202739865376,144.404663085938,20.7250905477872,0,151.052452087402,120.514310836792,78.8486932754517,47.4428586829199,55.2888736519762,201.163131713867,126.402496337891,84.3338724070974,140.806340535482,135.956103668213,9.19228576082755,40.4021078321669,31.7419690245651,163.938980102539,84.8913086785211,151.533004760742,45.243066410442,74.8020011901855,0,66.2842188143949,0,81.8576377868652,154.015907287598,59.1555573145548,0,0,0,0,0,155.79313659668,0,84.5696579615275,0,73.770154934485,224.661605834961,0,0,0,83.2268676757812,104.514375106148,0,0,109.564365386963,173.196838378906,154.361267089844,47.6857934151926,85.7109525641616,83.9249112447103,224.94123840332,0,0,86.1479615431566,0,0,117.888250986735
127.481873142263,60.7688655097886,36.4855086483817,62.3690475455681,154.09969329834,95.5637268066406,166.778221747779,141.109198129588,159.978873426707,139.717176003031,157.699623053414,32.5746972847847,165.481715611049,42.2778491804419,153.857595515974,166.920764923096,134.986876992618,42.3870870636081,31.9937413508634,30.9906254398458,148.145462036133,115.02466196447,107.125909577555,82.2619456627016,144.378617543188,40.4021078321669,14.4462372780018,39.6739136642774,131.605349679279,136.208450798606,120.060067101245,28.3972369219973,111.058862081388,122.448997558594,67.1022426656227,194.944185529436,96.3103138093025,116.054217776737,80.4515096119472,245.579345703125,0,218.754684448242,202.200759887695,204.865002102322,168.276931762695,224.279842376709,109.446641316133,0,94.3945768092706,203.702990080181,0,165.56310933431,118.011219471425,116.157324896918,117.316589965322,0,187.027782733624,134.515339745416,162.6106300354,199.609242757161,80.795163269043,104.592922093678,106.236536270452,190.936369578044,199.926781102231,171.88724093967,101.496806954438,0,174.385696411133,127.51128653324
130.481867005225,33.7838512766195,35.0461655529103,44.1542069760481,121.945779164632,117.53938293457,165.71144843824,125.39363384418,155.975362856188,113.881986793859,145.119347563887,72.6731904485847,138.15346399943,39.9362177460146,151.536809046009,143.679943250573,30.0871922989175,71.0822600899519,72.3438719847812,71.6492005546233,172.229583740234,78.74839271687,44.9586995810741,48.9953035642782,85.4181905492026,31.7419690245651,39.6739136642774,16.6676870532613,77.4397131047812,136.862167270956,117.566698932008,22.3895535307309,137.82544033344,125.910147094727,77.6021136251516,192.828189352284,100.49260667313,103.108963645476,70.2603748898609,187.946060180664,0,220.063311258952,184.015619489882,203.608567737398,172.377833472358,204.21000289917,116.650233785434,204.836936950684,103.917524120804,205.345584221606,0,122.042916124038,119.77258617546,119.684709575814,122.715596329676,205.050643920898,153.659096247033,82.284513648,120.550679735918,159.096582900646,87.7196355720915,109.508199841573,107.861188712691,171.511520004272,203.969797594794,166.741575387808,113.924320923155,172.106643676758,203.112561035156,129.856947652949
54.7741427094329,101.392733630012,86.7413787957044,59.3727777150988,15.9542344869539,134.34460231236,67.8715084623225,29.9679547029006,86.9362955140549,54.0573145630194,20.6630658252493,163.279644775391,48.8405843993722,178.753761291504,84.3960062651427,92.7451559586958,29.7507575890597,122.270000467348,163.961836751302,152.86918018886,29.8391759891574,24.3994737288115,54.9614211535006,56.2353355239151,16.3652113451339,163.938980102539,131.605349679279,77.4397131047812,10.2767855178933,79.867803014949,40.6670344324311,168.177393595378,138.094186147054,69.5037069245057,78.7649450526518,140.877819202564,0,148.629061989162,67.7822186573442,29.0905739861199,0,165.512614658901,130.356095193138,168.124996351159,91.0236147471837,157.799720668793,0,80.7783840791679,219.233200073242,159.21957468432,115.854273986816,121.657259941101,193.09997177124,0,203.238818359375,107.283763961792,126.437731424967,105.106734838241,140.412299965912,113.485904859037,0,187.553189086914,150.315911628831,127.550018053627,152.248282577818,135.331921035437,0,205.215911865234,136.378687005294,152.416717190213
15.9574752413766,120.30222429548,128.707021051524,84.9601408095587,98.2555694133915,26.2928068563805,44.4553091284569,54.8911396688151,36.1531613793319,85.553789433311,96.7773768984038,73.3479274848495,104.256902445918,72.4020293362169,21.3605501416202,41.8994585037231,112.800654166085,113.83689949758,108.804013356124,120.482949091289,97.5215388781404,58.6353276558972,90.8543650309245,88.677251554607,87.7783024892623,84.8913086785211,136.208450798606,136.862167270956,79.867803014949,11.6416510958566,23.1640411603768,104.150411878313,14.6890975392036,17.9109873572842,41.8749271782205,166.066016235352,0,184.67688814799,94.2047984030394,165.280746459961,0,199.620764992454,158.245312645322,188.500522389131,139.831826104058,198.525754292806,196.749198913574,178.991144816081,99.2009691510882,186.362769884941,0,136.971242523193,194.157417297363,230.396759033203,197.048397827148,174.799774169922,150.074093726373,116.96401650565,164.299847342751,150.676316356659,175.571548461914,177.293501586914,183.249902059866,153.734595065647,179.360404192391,159.099838593427,0,0,165.623048400879,194.64275560881
23.1190874142017,119.825461069743,89.1917288376386,67.1474252927231,100.757981300354,124.172463989258,114.983002072289,17.1961629035614,75.1797525140871,61.830391532931,83.1155622426201,120.148911943107,0,157.732338799371,56.1750207269216,101.358436584473,76.7231775389777,85.9402866970554,129.051234755405,108.335338123509,149.228927612305,34.7786007542734,68.8756797480029,59.0638791097506,72.203762241986,151.533004760742,120.060067101245,117.566698932008,40.6670344324311,23.1640411603768,10.6012179807236,161.077327728271,131.086765834263,26.6560462176101,39.1581649048183,143.635434892443,0,165.427028198242,79.2526740773519,0,187.580612182617,199.345024108887,142.885454859052,177.941560533312,108.106642659505,190.250308990479,174.887222290039,0,219.481775919596,166.885310872396,0,122.412724344354,182.372940063477,229.023569742839,192.346154349191,0,128.076292359984,112.101325171334,138.068789418538,125.869245890025,0,178.721563611712,178.095637130737,135.486064352048,160.049505710602,136.786921134362,231.511734008789,0,126.965038299561,174.573459625244
163.396106719971,76.2082731246948,102.562567029681,70.0955299066038,0,103.716175079346,158.995579528809,169.222205025809,135.619123458862,156.724517822266,0,40.9609825446237,0,13.9155956477458,159.420991685655,0,143.793128967285,90.2670902839074,55.1523958017797,64.6716571065177,0,155.348382568359,121.283506642217,128.669470650809,153.426461356027,45.243066410442,28.3972369219973,22.3895535307309,168.177393595378,104.150411878313,161.077327728271,6.39226855736039,94.8062057495117,145.17977142334,77.5230185693974,0,108.680960083008,157.224294026693,94.0122645696004,0,0,0,0,0,166.165588378906,0,97.321300201416,0,90.2382862875907,0,0,213.021011352539,132.846252441406,103.886787777855,134.462382316589,0,0,0,203.1806640625,201.049285888672,81.6891799063053,110.84860937936,107.778111387356,235.947326660156,0,186.668472290039,98.4615592956543,0,0,115.288968404134
86.1078440348307,114.196795145671,188.582631429036,127.717338562012,140.81276957194,8.67636173276025,25.6568373306699,126.694653828939,30.9422842780069,149.734026227679,123.07841389974,64.1825099327195,116.418367658343,70.1794110416027,23.8750208818306,37.6287629553612,0,145.786868702282,96.1359569004604,98.9271938926295,128.200988769531,130.970799763997,150.502991416238,149.637320382254,159.602464463976,74.8020011901855,111.058862081388,137.82544033344,138.094186147054,14.6890975392036,131.086765834263,94.8062057495117,5.2643407384021,65.6616256713867,32.0269513944621,0,0,0,154.666412353516,0,0,0,0,0,0,0,0,0,103.3024559021,0,0,0,0,0,0,0,0,0,0,187.282417297363,0,174.826416015625,179.528648376465,212.156799316406,0,0,0,0,0,0
40.6491556065057,126.284069061279,117.4822786422,71.3343073059531,80.4887312527361,59.3019777933756,83.2379657200405,77.5638712336508,43.9220643524253,74.3233865908054,92.3641175916118,115.260780703637,109.045403616769,140.13316192627,33.9902024050976,117.454013824463,75.7366218566895,105.201610777113,115.305211580717,109.701303754534,79.6180610656738,50.238500312883,67.2597581716684,72.7182799180349,75.0154328772994,0,122.448997558594,125.910147094727,69.5037069245057,17.9109873572842,26.6560462176101,145.17977142334,65.6616256713867,9.53629019458499,33.5317680669792,172.023651123047,0,182.029525756836,81.1453488894871,149.413177490234,0,203.25617980957,146.578991557277,183.354547119141,127.832646052043,179.658660888672,0,0,185.131988525391,179.116004096137,0,122.103464399065,205.678756713867,0,213.731506347656,0,130.871666272481,107.231517098167,140.118836085002,139.815738902372,0,190.700970649719,170.178364345006,143.983573982307,163.203069051107,144.847180808463,0,0,172.086532592773,146.890446133084
75.7765287628973,80.8535247076125,69.1814967089686,76.1927319082595,94.0473494529724,38.6289485187065,59.337750998603,93.0921143451369,60.1042512094454,100.664312512463,97.5215497491484,33.227544192127,108.132412147522,52.2226484670394,69.1070894354303,65.2782434735979,92.0858916146415,45.3987328144133,64.1447837479018,50.8506952016932,89.0242721384222,41.8968464830439,81.5127652154453,45.8933689856321,89.3425196177924,66.2842188143949,67.1022426656227,77.6021136251516,78.7649450526518,41.8749271782205,39.1581649048183,77.5230185693974,32.0269513944621,33.5317680669792,10.8065217263161,174.689949035645,136.663130018446,119.006484012978,83.1718929451956,191.781372070312,0,193.357426961263,161.588215964181,206.365488052368,121.863588968913,194.112318559126,124.938670022147,0,108.094898768834,199.221664428711,0,123.830192319808,145.74270398689,138.298249678178,139.524181874593,0,147.280157018591,102.809626473321,133.271874249992,154.731968272816,102.068225513805,128.17316661534,123.896745596039,152.255018776994,179.186485290527,152.00854738297,130.632542419434,162.232162475586,154.314666748047,162.634708751332
165.480377197266,0,183.59375,121.945238749186,0,210.425430297852,189.909740447998,151.88996887207,184.571432113647,120.89222869873,243.463714599609,0,0,0,184.068912506104,0,0,196.335586547852,0,0,0,171.947927856445,82.0654907226562,247.221008300781,141.00343132019,0,194.944185529436,192.828189352284,140.877819202564,166.066016235352,143.635434892443,0,0,172.023651123047,174.689949035645,11.0129440580589,121.737047576904,126.485250657605,77.0826965587561,89.5461277961731,97.4473648071289,61.5768173553131,31.5390933525913,54.2840613393767,71.1713459368834,61.139205536285,145.767977516123,104.272045612335,161.601208335475,24.0694514005463,82.5652351379395,87.2058017079423,114.60196893192,147.732387215751,131.033494930075,123.010789489746,78.072971172722,81.6390432160476,101.626930515941,76.7050297697714,0,138.155444922814,143.776914930835,85.9185050903483,20.2475418110587,31.721923594684,163.235422406878,103.801781972249,37.623882775896,80.2913615307077
175.44465637207,118.380222320557,90.0795145901767,105.224950154622,0,0,0,157.710220336914,0,145.531982421875,0,108.233516693115,0,108.84763978657,0,0,0,104.853046962193,109.128814697266,150.783824920654,0,0,130.952026367188,133.870549519857,185.951278686523,81.8576377868652,96.3103138093025,100.49260667313,0,0,0,108.680960083008,0,0,136.663130018446,121.737047576904,8.37906458979489,41.6758379255022,15.6416702570145,0,0,151.20858001709,133.5361328125,137.015902592586,75.5234875003667,145.778264363607,75.7480889833891,102.074775695801,62.1517032727803,145.082918802897,131.212783813477,71.3233545815072,56.7478031768799,78.0002443267078,64.0163820187251,0,100.840038723416,28.317750047255,88.2302102904389,82.5867546192114,23.0641333593864,51.6213211653586,32.4875046897036,117.886702401297,144.548077265422,126.709722631118,80.2174502478705,121.653175354004,98.3045959472656,63.6749148777553
165.089569091797,86.6252059936523,102.605301425882,67.9580809743781,0,0,209.062108357747,167.168280029297,206.625908591531,145.829765319824,0,152.794900258382,233.868850708008,163.464711507161,198.914010184152,0,123.887086700975,116.887474975586,167.552820841471,169.606446658864,0,138.78737004598,91.8087985016579,109.641413378292,159.406719970703,154.015907287598,116.054217776737,103.108963645476,148.629061989162,184.67688814799,165.427028198242,157.224294026693,0,182.029525756836,119.006484012978,126.485250657605,41.6758379255022,12.0299413424866,43.2523984865109,147.64776468277,0,147.030579975673,102.633591618882,133.173128255208,108.086977121781,122.460812971199,101.133565650796,143.419405850497,100.108036651611,132.939760327638,182.421012878418,67.5088456966534,50.9728760056514,108.508044116902,76.4785120632844,141.226794651576,66.4391707560349,50.0296741295303,35.5754349294902,110.349889893965,57.050173441569,37.619836616131,35.3333959231662,96.585088821667,150.630931945801,99.3478170358218,98.0153611924913,0,144.548629173866,77.6301078626845
83.5550050001878,54.4137229919434,64.4143004306527,19.8187653568813,113.873640060425,145.113388061523,126.016673617893,96.7169614519392,121.894431736158,61.3248210525513,141.370820363363,101.852912902832,123.258766174316,86.8662320137024,117.247295781186,0,68.8764571538047,83.9573091245165,98.4618184016301,100.789447021484,0,74.1248274150648,22.4096114005166,93.8135001842792,67.9997129769161,59.1555573145548,80.4515096119472,70.2603748898609,67.7822186573442,94.2047984030394,79.2526740773519,94.0122645696004,154.666412353516,81.1453488894871,83.1718929451956,77.0826965587561,15.6416702570145,43.2523984865109,11.7785842602432,80.9877596537272,146.514801025391,98.3672900077624,67.7945261711442,105.726842062814,26.2000900931742,100.254380880618,70.3111395474138,100.31411895752,55.5337628731619,105.813167143559,71.4817417689732,63.7474268088069,60.8443767293294,82.4627385495314,61.2526088014862,134.324814796448,73.9797043564296,31.3772227515306,81.412291283701,41.2335156908359,24.419148674744,52.2718596724105,40.3970556632693,62.5880029043939,90.6193298573567,70.7031490028679,75.2010605755974,146.662443161011,73.637685911996,77.0805975670038
0,0,175.514755249023,94.0086059570312,10.1626101937694,0,104.35697555542,191.656127929688,126.467754364014,96.964400040476,37.9917402917689,0,42.605839769891,0,235.795516967773,0,216.109634399414,0,0,0,22.6676547733943,0,116.743713378906,205.929733276367,111.626745128632,0,245.579345703125,187.946060180664,29.0905739861199,165.280746459961,0,0,0,149.413177490234,191.781372070312,89.5461277961731,0,147.64776468277,80.9877596537272,9.55444894133772,0,66.2124961088544,96.6975738038408,99.6619431803546,56.2935284494564,27.1322895401407,231.305969238281,38.4482600780271,216.326644897461,116.259637035023,72.7544782729376,0,193.905487060547,0,202.531216430664,17.1597251395463,138.408151626587,82.9081013997396,133.721385320028,24.29247742965,181.115966796875,181.933424377441,160.954607424529,17.3555490890818,116.352403016848,128.238555908203,0,156.716807047526,90.8898315429688,120.931779280953
