10.8786486231129,112.890617370605,99.2077856591179,73.3386321434608,85.6126117706299,71.4922426011827,82.8671325775514,33.8377793124263,36.422945022845,83.8466285358776,30.7296025781566,129.300528462728,101.529103730854,135.624193191528,20.4645553437254,113.805793762207,116.073750305176,110.528648501537,151.305726793077,140.496460396903,97.3621711730957,81.0010961212727,100.114010620117,90.5253069893746,86.1184338033199,90.5816040039062,121.978600458268,125.049320546232,76.8348500890639,18.2555397771035,37.4143762298228,0,79.1578130307405,65.2144371315285,73.1807916613593,140.594146728516,0,166.442774454753,84.0360565185547,0,0,179.202598571777,149.814122336251,165.472155761719,89.3881149291992,137.709869384766,0,0,0,164.879512786865,0,147.024108886719,191.890182495117,0,244.314437866211,0,134.244232177734,108.088394165039,177.123558892144,132.523957645192,0,182.885902404785,168.260783604213,133.166055134365,158.514241536458,154.32676076889,0,0,181.868270874023,147.870768229167
112.890617370605,7.5872644747595,44.6747529078753,17.5317103488663,97.4392365486391,132.391136169434,134.817199707031,130.314959012545,132.484970092773,76.351262957032,133.402709960938,65.6166109508938,92.9113362630208,40.2900760387552,133.493255615234,115.942395624125,65.1687485323114,52.2388911303352,67.9988072043971,60.4323203277588,0,103.883691575792,21.2450112464204,75.2893505096436,78.8632302948397,19.9058703380272,43.3742142692445,29.889660975401,106.340736019996,120.254285176595,108.730712890625,73.233057975769,194.009674072266,80.952326965332,61.0925648576122,0,50.7509372417743,79.3442378044128,90.0556400299072,0,0,202.373092651367,207.312889099121,189.378997802734,138.035446166992,0,130.392387390137,0,80.9462153116862,145.040252685547,0,75.9997005462646,88.4655597292144,109.78825378418,94.388500213623,0,146.223052978516,68.3119258880615,103.614085303413,134.289245605469,83.2715782165527,82.516316860537,79.0290317052527,149.043469746908,193.09058380127,199.950561523438,0,0,0,106.489604187012
99.2077856591179,44.6747529078753,16.6047936035053,58.7221740279087,124.187551534401,164.62446975708,123.942001753324,97.635374225901,121.194235327353,111.887024773492,113.019054737567,86.9379641862721,160.741068964419,87.9315387479108,117.669072128547,147.575828103458,80.3448942696176,42.3571205636649,83.0941284030092,69.2982920225676,157.188003963894,71.1419636165654,49.1248449826951,33.2776079158301,102.110545216436,77.9617462158203,36.7180120783821,35.9061897830503,90.4006488559683,109.644074600554,87.0834933221713,93.2883169991629,165.630228996277,112.469262627994,64.1616472673563,163.221647996169,79.3091907043457,96.3059618424396,112.523526327951,127.587253570557,0,183.629749843052,163.819783952501,184.686221148517,135.881701301126,177.089822622446,139.439935164018,0,141.471801757812,176.064791165865,191.468437194824,116.41581176309,104.968423716902,145.83316192627,128.593065851385,0,148.270556422642,89.4087089795745,113.122751930269,145.838340759277,142.645669119699,109.32650390625,95.5398112147479,165.424304199219,180.649726466129,158.986762814405,0,0,193.246861775716,115.248783817998
73.3386321434608,17.5317103488663,58.7221740279087,13.9331350229224,54.1276174711701,104.390878295898,79.4265113580422,67.5229606628418,84.371309594263,36.9439048880858,67.0902752534521,58.5680077241199,71.8575926560622,35.6359232420325,88.901092426197,102.165719571321,32.4516868054675,63.0717063316932,67.0187506902786,65.8741374278632,64.0791928059346,60.2501268509107,25.6115021233086,55.6352411080863,40.656967778344,22.6142354922853,44.5531190928056,34.7878822541547,55.0548070850487,77.8318660992842,56.8184947737111,74.6715175628662,142.97954305013,60.4145784063654,62.0639215243065,121.408633145419,34.8550459806584,67.0831091087985,15.0570968468984,102.783764309353,0,119.56018371582,91.790794816128,128.256018418532,58.6266262748025,96.4616851806641,75.1476700305939,59.1610641479492,65.8662093740995,120.45762125651,0,52.5287449048913,70.2370151651317,67.4165378808975,62.3787550645716,0,75.8272774832589,52.1508673887986,74.0106051146094,65.1436099027976,46.4945362558905,56.5989281683917,61.1789676547891,85.9349843263626,111.476910821323,83.1195729789087,90.9162349700928,0,99.8732635498047,75.3809155055455
85.6126117706299,97.4392365486391,124.187551534401,54.1276174711701,10.7617481364189,90.0255308151245,58.933024174722,60.8388107266777,89.9494370767626,42.5049307436791,27.9263264844465,157.517373657227,31.4401874610741,153.332876586914,101.99116846033,58.8104767608643,84.5695892333984,156.068294818585,189.242960611979,154.694737752279,10.9717991485773,107.732852172852,60.1362210620533,105.179584727568,21.7550656155138,123.653700395064,156.692265828451,112.760467584582,17.126499574227,93.6583126452397,94.761449062463,0,127.60889078776,78.1862312230197,88.2074350078454,115.924526977539,148.979064941406,177.072677612305,77.9121677875519,22.1989583436346,0,120.673799843624,122.273193090102,147.564537859978,70.2405684565155,94.0078731252436,185.086639404297,23.4559655124844,0,149.970505905151,96.2356929779053,129.489818572998,174.580604553223,192.50553894043,220.816184997559,23.0531941173969,142.476303100586,123.844722747803,176.257398332868,87.8440169923914,0,224.083770751953,174.974184036255,93.4049482416224,144.911189867103,140.07068340595,0,0,138.401958465576,145.420084817069
71.4922426011827,132.391136169434,164.62446975708,104.390878295898,90.0255308151245,7.36466736177749,18.2167546887027,109.128653764725,15.8764316681974,58.7233993742201,104.2242789175,77.1036998203823,69.9839502808395,140.681033325195,24.5161650301326,15.467754679924,116.362503051758,163.186167144775,82.8271636962891,81.70263671875,92.9275363683701,135.048603057861,94.2462289983576,146.282186171588,69.3803013982,124.521541595459,188.209213256836,151.340240970735,109.006286914532,23.9761652534658,117.73680305481,0,8.67508374813077,106.622316360474,65.2282094540803,0,0,0,0,0,0,0,170.929046630859,178.947090148926,85.3600769042969,0,0,95.8446235656738,0,189.838821411133,104.68773651123,0,245.698471069336,0,0,131.921813964844,0,0,238.925735473633,145.297197977702,0,0,0,135.199645996094,0,0,0,0,193.703964233398,0
82.8671325775514,134.817199707031,123.942001753324,79.4265113580422,58.933024174722,18.2167546887027,12.4419831026806,58.7033931250819,22.5383360725634,61.4570460817707,32.3311955964507,116.977363030887,24.2097897922506,153.404428896697,64.2321585497984,22.0434655984914,116.044219970703,139.738087385129,145.824645451137,158.096757343837,30.3512476699499,106.007883211462,117.04351348877,116.166841064278,71.9617453105665,136.685626983643,143.075833706146,144.838305240207,62.7477007195666,68.0661707660562,101.082291225217,184.383201599121,32.2420665790426,91.7170569808395,84.2470130067531,174.82980485396,0,179.185598754883,75.3976652357313,114.300448989868,0,142.343060753562,146.530849345679,165.983128267176,88.8902979311736,153.595544603136,0,145.220376968384,217.426010131836,166.243612538213,119.758829752604,196.248527526855,201.307395935059,0,0,149.937158696792,181.17134475708,198.354507446289,200.677991867065,123.178924867771,0,220.203132629395,183.07819590849,143.638864467455,165.709882012729,167.194873046875,0,0,147.557403564453,174.613192240397
33.8377793124263,130.314959012545,97.635374225901,67.5229606628418,60.8388107266777,109.128653764725,58.7033931250819,9.09577131119823,63.7790633899148,59.9712101077357,18.0030609155768,153.539052086907,82.3470031172037,156.205870757232,64.4282648476955,82.7426934065642,92.9112601396514,135.020795712526,158.288445608956,151.802295489189,86.0596076874506,73.3005569153017,101.646699552183,83.1142115281705,62.4733677777377,171.402450561523,133.208149291422,109.680534774345,36.2675453452552,50.1662594961405,24.1422284803239,164.090667724609,115.506832449777,71.6911998231769,92.4663954608208,138.869367027283,149.752704620361,168.754058837891,68.3285541782131,120.585727104774,179.986030578613,138.802714252472,125.76015986377,152.202885922519,90.2621512020336,139.278446816109,208.890491485596,154.220101356506,0,159.511605451207,138.119579315186,142.857287432696,188.391879081726,0,223.937026977539,138.405512746175,156.655372924805,122.052814737956,156.073641047131,111.686634407939,0,200.36475686466,160.134459648603,124.472210686955,152.692037502925,136.726042368155,0,190.871307373047,136.055902163188,147.577269771643
36.422945022845,132.484970092773,121.194235327353,84.371309594263,89.9494370767626,15.8764316681974,22.5383360725634,63.7790633899148,15.9870087207628,80.8250832401849,46.9235127651131,106.668495786363,85.3866453860029,140.126680681782,21.0332514185218,30.0485464449388,153.813905334473,131.901970681428,129.271032922062,148.216790777492,92.0180909957511,103.89704554376,128.671116129557,113.721922570678,84.670398914342,125.86269124349,140.44989243781,142.875054498707,86.2478357623308,36.5810923708007,80.1938696005049,165.013702392578,15.1760524497213,93.3860902250483,82.9390482622034,170.511075973511,161.75146484375,184.481614854601,87.8339462280273,134.553415775299,0,143.300532934801,145.728656640214,162.525379887334,103.64492084669,153.662991333008,126.31812286377,147.428314844767,149.262405395508,177.611732619149,205.70280456543,175.005564371745,192.843605041504,0,0,128.621601398175,172.626316615513,179.47829284668,185.698030017671,131.476006623052,0,196.644028799874,185.530241336463,144.442680465841,169.341102034957,158.798733949661,0,0,160.013608595904,163.410279635725
83.8466285358776,76.351262957032,111.887024773492,36.9439048880858,42.5049307436791,58.7233993742201,61.4570460817707,59.9712101077357,80.8250832401849,8.09849194967294,65.9394947138982,134.173610571659,13.2058868081241,119.914607176489,87.7150496301197,23.5438429562292,58.0336843392788,125.936691615892,149.79012298584,136.953858511788,47.1538334320753,88.8704367927883,24.7901295001159,101.403359157938,18.428245775533,103.296124006573,126.715227083395,103.606829231478,51.4735967845021,77.9799377105245,63.3350925578938,123.490158081055,112.971781049456,64.1560114558588,76.7418213153708,136.497816467285,123.133338928223,161.753171648298,42.7942473338201,86.7664273579915,0,106.543833027715,82.8903366088867,124.096516079373,36.2306459473401,97.2173739624023,200.770050048828,71.5605812072754,165.603816441127,127.407759094238,61.221095085144,227.98225402832,163.99702671596,0,165.253639221191,89.1755240156844,113.289102281843,76.1547546386719,156.523788452148,60.5565722684683,171.209548950195,173.33242893219,168.484056472778,94.2579760931234,117.558722723098,89.4637078179254,0,0,127.881215413411,116.398714701335
30.7296025781566,133.402709960938,113.019054737567,67.0902752534521,27.9263264844465,104.2242789175,32.3311955964507,18.0030609155768,46.9235127651131,65.9394947138982,13.5487740148471,146.724572160509,23.7239305251929,166.288871765137,74.0387383499021,68.4119577447083,120.194370470549,158.760432055873,168.679712395919,168.528586493598,21.8056439583492,87.2030010652006,108.541055118336,103.136826370702,59.0116093257286,141.159642537435,141.876585006714,126.757775929052,28.509363404974,90.3713607474835,82.9094775773321,172.534408569336,116.453531973703,77.8826998501289,90.406017381851,157.684328493865,170.391728719076,192.630078996931,76.9940782912234,64.4360470339474,172.210494995117,142.199784245984,134.136903333414,160.296692095305,88.6978360811869,148.774726574774,0,140.409278682021,0,176.450883076986,119.560557229178,143.620168897841,197.424470689562,0,229.930399576823,139.498430011215,174.107240949358,170.12347539266,169.319376118978,110.023520755768,0,213.360454014369,182.285995171995,138.110273801002,172.4355004113,167.644157996544,0,197.41463797433,163.783871459961,167.934204839891
129.300528462728,65.6166109508938,86.9379641862721,58.5680077241199,157.517373657227,77.1036998203823,116.977363030887,153.539052086907,106.668495786363,134.173610571659,146.724572160509,14.2956231014091,136.408480089764,26.2831874508979,82.619271001743,164.892614746094,123.665520611931,53.6479949126075,23.7745535443986,30.6616081462839,143.269509535569,95.9041804982655,83.4486137691297,88.5099301969624,147.532919497103,34.9253237448798,27.0185588548446,54.8489331827535,149.375821200284,62.854885594895,102.306176547346,28.491197301041,63.9469179256942,104.455709349434,29.2764260282881,187.987345377604,111.158780779157,144.216738382975,53.4461793570683,0,116.166084289551,0,221.084106445312,155.665435791016,178.77926381429,218.452560424805,79.3345173151806,0,73.435206440209,152.004118601481,0,143.685877482096,150.388502938407,106.377542900317,110.55066257053,0,169.244064331055,151.94885635376,150.260375976562,200.507654825846,67.1772021832673,101.177274278774,103.712190654002,207.646614074707,203.566543579102,185.964492797852,90.9561425067009,160.213500976562,0,91.4531285903033
101.529103730854,92.9113362630208,160.741068964419,71.8575926560622,31.4401874610741,69.9839502808395,24.2097897922506,82.3470031172037,85.3866453860029,13.2058868081241,23.7239305251929,136.408480089764,10.3674774336893,152.435424804688,97.900193343113,20.1107512776625,78.3710606892904,177.282211303711,147.431650797526,185.738271077474,14.631069762824,171.549945286342,77.8047337849935,161.418139563666,26.4420687196307,140.506618499756,170.692587716239,136.167986505682,45.5054898265106,95.0552798223229,147.207656012641,0,101.237366051509,85.2065838780896,90.8609089851379,207.277420043945,0,192.846145629883,84.9843130111694,47.4710572393317,0,72.1014722470884,142.385433408949,104.110663722938,73.2272267341614,51.3614157594545,147.464053344727,9.36552822441595,0,121.353489430745,68.8275465284075,0,192.053176879883,200.309326171875,157.550735473633,39.0667725018093,0,0,162.583450317383,104.632860950588,0,189.810709635417,0,141.393396337827,124.697260821307,223.114008585612,0,133.604118347168,141.031682332357,121.436020406087
135.624193191528,40.2900760387552,87.9315387479108,35.6359232420325,153.332876586914,140.681033325195,153.404428896697,156.205870757232,140.126680681782,119.914607176489,166.288871765137,26.2831874508979,152.435424804688,8.20533932605786,127.998755485781,155.152191162109,115.825993347168,74.145744662131,48.1988654501644,62.6738096468008,177.365333557129,138.823593139648,74.5980313920045,134.84765625,127.855346994952,16.2105576771455,36.9998263725479,33.4877285214606,152.353556546298,100.046588740398,155.900757598877,17.5411491667487,108.407736344771,128.66236441476,58.4488307275429,177.502380371094,102.298151550293,130.391387091743,38.7358970415025,210.625137329102,214.713470458984,0,0,166.919448852539,148.821827316284,210.746932983398,67.5609201211424,0,56.8287437056205,146.59205354963,0,149.018600463867,135.116362508138,95.8754516286948,97.6237985116464,0,175.685195922852,125.091737316501,145.806739807129,171.508625793457,60.7613596235003,92.2247162718362,93.7604939072997,0,166.437465961163,166.06226348877,82.0001376833234,138.793170166016,0,104.920054408482
20.4645553437254,133.493255615234,117.669072128547,88.901092426197,101.99116846033,24.5161650301326,64.2321585497984,64.4282648476955,21.0332514185218,87.7150496301197,74.0387383499021,82.619271001743,97.900193343113,127.998755485781,10.5062945162606,70.2754682947378,121.03422164917,125.213307889809,119.83969611248,140.780658958784,100.186202398382,98.5012314930161,123.663004684448,108.564257488968,94.5961608176641,101.457155863444,136.342981813617,139.663981314881,93.843664609275,25.7797273332057,68.3761739989773,134.671901702881,15.5973183231549,73.3787750189121,62.4789979560702,157.729576746623,0,182.693058013916,105.32881963253,143.655730565389,0,167.394461949666,155.697147450549,175.96952866063,114.423988059715,174.942269493552,217.929206848145,146.183415730794,161.19292640686,183.135511610243,200.506927490234,150.327828840776,211.21509636773,203.915168762207,229.016301472982,196.772312164307,167.785289965178,164.302139282227,185.172871180943,139.660114143834,155.913330078125,193.862739562988,188.601065667121,150.847390343912,179.504018673952,158.792451629639,0,228.130828857422,163.986020256491,176.162854003906
113.805793762207,115.942395624125,147.575828103458,102.165719571321,58.8104767608643,15.467754679924,22.0434655984914,82.7426934065642,30.0485464449388,23.5438429562292,68.4119577447083,164.892614746094,20.1107512776625,155.152191162109,70.2754682947378,8.25140970836079,97.7635006374783,164.684412956238,168.189071655273,175.812262398856,50.3820253389072,131.082702636719,78.1983326560573,133.471809974084,41.294613777013,140.377653503418,155.68069152832,132.102912273222,78.7701972803304,79.3637835916165,101.091607284546,0,39.5316987273717,91.1901469511144,104.456027735835,161.53923034668,204.255233764648,0,86.4001216888428,105.881129616185,0,118.02326965332,137.085394287109,163.045700073242,85.2140331268311,141.329127225009,0,91.7394768851144,0,174.458221435547,108.289047241211,0,0,0,203.714729309082,118.531268033114,172.931449890137,0,0,108.380106184218,0,187.22639465332,0,146.149457411333,0,200.3701171875,0,0,149.689147949219,0
116.073750305176,65.1687485323114,80.3448942696176,32.4516868054675,84.5695892333984,116.362503051758,116.044219970703,92.9112601396514,153.813905334473,58.0336843392788,120.194370470549,123.665520611931,78.3710606892904,115.825993347168,121.03422164917,97.7635006374783,11.7058199770783,103.250560991692,145.507536570231,123.693855632435,0,40.5374162872918,26.7835492633127,26.2288559942001,31.9729849524834,96.5443904876709,112.280931745257,29.3633276635469,49.9406810140743,95.8718814849854,75.2338946596897,140.246810913086,0,91.5719847679138,73.8766769458243,173.587326049805,147.780868530273,109.935187163176,58.1175867716471,0,0,157.806015014648,136.633699753705,147.864860534668,83.92056239735,158.633060455322,0,0,182.472076416016,179.467798868815,174.922431945801,87.9304102207394,149.788323974609,162.594650268555,156.716985066732,0,108.468609145925,49.5781493064685,95.4904250987157,87.4390003889936,0,152.54358326305,88.6773281511235,123.652131260032,163.712565830776,117.231646039845,0,219.409881591797,141.486503601074,117.141340026855
110.528648501537,52.2388911303352,42.3571205636649,63.0717063316932,156.068294818585,163.186167144775,139.738087385129,135.020795712526,131.901970681428,125.936691615892,158.760432055873,53.6479949126075,177.282211303711,74.145744662131,125.213307889809,164.684412956238,103.250560991692,11.5922624813072,51.2095111557932,25.6408654432276,183.822764805385,70.5276068537264,79.2790285746257,28.8210020690943,129.849422980534,84.7057168143136,39.4054289412683,66.6752403099433,129.946425073434,104.030760881515,79.1672012174418,76.4317997523716,162.088538818359,89.6941809088497,42.606403046755,200.329701741536,90.5242700409471,108.318239517794,118.104910169329,0,0,0,197.261926269531,194.441693623861,155.992601667132,228.911849975586,135.645782470703,0,120.474442331414,229.028289794922,0,144.19325764974,113.342495706346,132.596100489298,124.057077317011,0,160.667157854353,118.478419167655,139.035207665485,168.381555786133,101.919137221116,110.149746188532,109.569245757818,184.776264190674,192.225443522135,172.004122924805,128.120162963867,0,0,119.695622479474
151.305726793077,67.9988072043971,83.0941284030092,67.0187506902786,189.242960611979,82.8271636962891,145.824645451137,158.288445608956,129.271032922062,149.79012298584,168.679712395919,23.7745535443986,147.431650797526,48.1988654501644,119.83969611248,168.189071655273,145.507536570231,51.2095111557932,9.05615959729374,18.4105348928617,165.97590637207,109.660820515951,101.402150080754,95.7342308268828,155.104203965929,50.5953421757139,33.512092639671,62.6841781757496,148.278951263428,95.511980586115,116.464420187062,53.3307557626204,96.7599160330636,111.94508524144,57.4435479408993,202.578684488932,107.216751734416,140.114929199219,60.5864402308609,0,0,243.503952026367,0,177.953201293945,167.082194010417,189.432746887207,92.528527408176,0,87.5706199887155,176.26273727417,0,0,146.884210759943,102.826565358176,107.902295909208,0,0,141.132195608956,171.886808395386,195.997926712036,74.5061092042086,102.408647261839,104.928749928277,223.032104492188,180.165573120117,0,99.2212014576745,130.345588684082,208.590225219727,111.834755938986
140.496460396903,60.4323203277588,69.2982920225676,65.8741374278632,154.694737752279,81.70263671875,158.096757343837,151.802295489189,148.216790777492,136.953858511788,168.528586493598,30.6616081462839,185.738271077474,62.6738096468008,140.780658958784,175.812262398856,123.693855632435,25.6408654432276,18.4105348928617,9.03144153726971,208.920028686523,102.154776697573,96.0643391927083,83.7633591422552,149.263849440075,50.6772004869249,29.2032667297115,64.3747209840576,144.3993882953,112.539871567405,102.006302542315,62.0391532724554,112.637513478597,102.889340142784,49.5143498369329,177.254043579102,102.804282244514,124.368640019343,76.5327359979803,245.643753051758,0,0,209.325180053711,183.813331604004,188.857353210449,0,103.101552457226,189.123687744141,100.983158484437,213.631538391113,0,143.033483505249,126.357265969981,107.122361990122,107.605928688567,0,170.466186523438,141.208336966378,161.814799382136,182.275676727295,82.8943286086574,103.370635065539,109.380296321209,199.185458713108,194.792828030056,183.850611368815,105.386131980202,0,0,111.027099948459
97.3621711730957,0,157.188003963894,64.0791928059346,10.9717991485773,92.9275363683701,30.3512476699499,86.0596076874506,92.0180909957511,47.1538334320753,21.8056439583492,143.269509535569,14.631069762824,177.365333557129,100.186202398382,50.3820253389072,0,183.822764805385,165.97590637207,208.920028686523,9.33008149762727,0,221.598175048828,165.925694465637,21.1872441762331,0,177.823710123698,151.421870984529,29.0894992663034,94.3900729966748,122.015270868937,0,114.27885983785,84.8225944836934,88.7091230458227,170.774597167969,0,0,77.2576866149902,12.4448645813313,120.601989746094,136.7840015806,133.214096198648,157.778784531813,84.6548916360606,142.2590221027,0,30.7781547719035,0,170.643882751465,104.547650655111,0,0,0,0,26.2392613647365,230.521011352539,0,0,100.578045343388,0,0,193.544021606445,121.358558620967,173.016176011827,146.002914428711,0,0,155.445358276367,146.938751220703
81.0010961212727,103.883691575792,71.1419636165654,60.2501268509107,107.732852172852,135.048603057861,106.007883211462,73.3005569153017,103.89704554376,88.8704367927883,87.2030010652006,95.9041804982655,171.549945286342,138.823593139648,98.5012314930161,131.082702636719,40.5374162872918,70.5276068537264,109.660820515951,102.154776697573,0,14.6557947372689,55.6450687628142,37.325045164917,64.7367105371042,101.562210083008,110.961480744031,89.2095869167147,37.0859057797995,67.4494389196671,35.0150926169194,0,145.32165309361,52.1547940310132,45.3087947259611,158.994590759277,201.115783691406,138.209865993924,74.7244479839618,0,209.644378662109,161.75260925293,160.335503339767,218.107276916504,93.5865218298776,158.768730163574,187.542572021484,0,185.238357543945,178.015014648438,0,104.684239840415,156.113376818205,0,176.669494628906,0,115.81073128907,73.3013393084208,115.771750445958,117.121413760715,167.259780883789,161.387450081962,137.799634234111,125.937117789132,163.708807945251,124.166364066208,0,0,134.592930263943,126.164605761331
100.114010620117,21.2450112464204,49.1248449826951,25.6115021233086,60.1362210620533,94.2462289983576,117.04351348877,101.646699552183,128.671116129557,24.7901295001159,108.541055118336,83.4486137691297,77.8047337849935,74.5980313920045,123.663004684448,78.1983326560573,26.7835492633127,79.2790285746257,101.402150080754,96.0643391927083,221.598175048828,55.6450687628142,8.12594497207705,52.6113197682442,33.9871362100137,62.3489693861741,84.4094145282421,34.8115974898238,66.0332495975857,100.084244067852,69.0979793895375,96.4385007222493,128.390686035156,94.8756910470816,72.685115927237,0,102.17346496582,108.690864562988,76.8016986846924,0,0,118.281715393066,143.687273025513,149.699348449707,72.9294328689575,174.279922485352,151.459274291992,0,126.446077982585,162.245155334473,0,54.1146068910582,107.775350682876,228.872650146484,127.229860479181,141.197296142578,69.5884069086431,69.1422244707743,68.4974722892615,80.764916034455,111.197456359863,130.92973836263,76.8591223662754,136.242873297797,164.468795776367,76.8619090186225,149.6533203125,0,148.61164855957,73.2148499122033
90.5253069893746,75.2893505096436,33.2776079158301,55.6352411080863,105.179584727568,146.282186171588,116.166841064278,83.1142115281705,113.721922570678,101.403359157938,103.136826370702,88.5099301969624,161.418139563666,134.84765625,108.564257488968,133.471809974084,26.2288559942001,28.8210020690943,95.7342308268828,83.7633591422552,165.925694465637,37.325045164917,52.6113197682442,18.1339817510337,56.0868286634508,122.833916346232,66.3745676794061,53.8774526366953,58.8151054566187,91.1998663344065,63.2042164892239,113.357098897298,153.644429683685,80.1924272435052,45.5889831201997,157.619650268555,105.875449331183,110.336801140229,100.965163548787,0,0,179.018398708767,162.607180218364,175.404582811439,119.699482095653,167.79037251192,194.299601963588,212.573822021484,177.79857635498,181.593838065011,0,99.575845763243,135.497775382184,212.267539978027,155.343602180481,188.333763122559,123.557012443334,69.2606208214393,108.963790428232,121.783647360829,133.9676806132,147.598207993941,101.348207696598,142.663116485474,181.415206432343,140.784169254747,168.435333251953,239.119415283203,157.962908608573,129.296599099802
86.1184338033199,78.8632302948397,102.110545216436,40.656967778344,21.7550656155138,69.3803013982,71.9617453105665,62.4733677777377,84.670398914342,18.428245775533,59.0116093257286,147.532919497103,26.4420687196307,127.855346994952,94.5961608176641,41.294613777013,31.9729849524834,129.849422980534,155.104203965929,149.263849440075,21.1872441762331,64.7367105371042,33.9871362100137,56.0868286634508,12.241918753961,108.263652729538,132.468762291802,85.8797511045588,22.6281792178532,79.7816948739478,72.9953917332747,144.797507603963,116.438074552096,69.2414436947096,81.837332872244,122.80315666868,131.776615142822,167.962555595066,56.3433915081187,97.4253615626582,0,114.582690695058,110.320657067242,137.433874450954,65.4220450596932,121.599808696451,202.072819519043,109.576925443566,186.249799728394,144.897470642397,111.581020008434,108.62678201575,169.33155672478,184.481094360352,189.3364739669,110.195480564662,119.786208343506,96.9493021392822,134.290074598222,87.3602460711314,148.280192057292,173.731825147356,147.741418794821,109.990928465261,136.948415935663,120.180293103386,0,174.115653038025,121.369035794185,129.547935167948
90.5816040039062,19.9058703380272,77.9617462158203,22.6142354922853,123.653700395064,124.521541595459,136.685626983643,171.402450561523,125.86269124349,103.296124006573,141.159642537435,34.9253237448798,140.506618499756,16.2105576771455,101.457155863444,140.377653503418,96.5443904876709,84.7057168143136,50.5953421757139,50.6772004869249,0,101.562210083008,62.3489693861741,122.833916346232,108.263652729538,8.4259683291895,42.4528224876949,20.4805460795611,0,72.4783655802409,165.075296020508,44.8046124776204,0,166.155197143555,48.0518317007804,0,74.9190795898437,117.4964427948,16.5191614493895,168.794570922852,0,0,223.034271240234,0,163.353435516357,0,60.9569243305134,0,53.7331765045473,167.472702026367,0,0,114.687721252441,70.6998540366568,74.4399903730913,0,0,103.700384775798,138.815599441528,136.449884414673,47.0519572467339,72.5014362456692,72.7607876272763,0,175.200586954753,0,71.7389788420304,0,0,92.8834981918335
121.978600458268,43.3742142692445,36.7180120783821,44.5531190928056,156.692265828451,188.209213256836,143.075833706146,133.208149291422,140.44989243781,126.715227083395,141.876585006714,27.0185588548446,170.692587716239,36.9998263725479,136.342981813617,155.68069152832,112.280931745257,39.4054289412683,33.512092639671,29.2032667297115,177.823710123698,110.961480744031,84.4094145282421,66.3745676794061,132.468762291802,42.4528224876949,17.0960510522915,39.4693772623858,136.777353137147,114.235906701339,114.126857958342,33.2868843055104,123.324526977539,122.512788391113,65.223281350083,180.657506942749,76.9619632648055,104.347507098249,71.7811509035946,147.276184082031,165.95866394043,190.437678019206,190.302429199219,183.155942644392,181.449844360352,212.384647369385,93.9482246280946,226.517120361328,89.1474677686021,184.118611335754,239.105506896973,129.35147857666,104.229731277493,99.2069180437908,99.9757462882739,0,141.662865956624,126.452173709869,145.366764989393,165.342462417927,74.722130355835,95.2617555523569,97.293696218813,195.369742075602,177.80787229538,164.318688004105,95.9045014939867,130.352096557617,177.836143493652,103.283908435277
125.049320546232,29.889660975401,35.9061897830503,34.7878822541547,112.760467584582,151.340240970735,144.838305240207,109.680534774345,142.875054498707,103.606829231478,126.757775929052,54.8489331827535,136.167986505682,33.4877285214606,139.663981314881,132.102912273222,29.3633276635469,66.6752403099433,62.6841781757496,64.3747209840576,151.421870984529,89.2095869167147,34.8115974898238,53.8774526366953,85.8797511045588,20.4805460795611,39.4693772623858,15.6293092504431,84.3197107406451,122.696174734276,103.380761601452,26.2530117562709,143.668162918091,116.363594494729,69.8854118909591,161.865927802192,74.5376925386434,96.0890949863405,65.695970891937,189.873718261719,0,179.086418151855,160.207542043337,181.824715423584,156.218606131417,173.315153642134,95.414365272522,178.626686096191,88.4394765542268,180.963311395725,196.208892822266,95.3943288338617,101.452677494268,101.899130758838,101.460611216227,225.896965026855,132.020859347787,81.7583893278371,104.629003643177,135.277899470898,76.6221172842715,95.1421755633777,92.8350658175007,153.974903615316,180.96763697757,155.82560981248,99.5234429607653,168.103625706264,153.931379699707,105.077286677805
76.8348500890639,106.340736019996,90.4006488559683,55.0548070850487,17.126499574227,109.006286914532,62.7477007195666,36.2675453452552,86.2478357623308,51.4735967845021,28.509363404974,149.375821200284,45.5054898265106,152.353556546298,93.843664609275,78.7701972803304,49.9406810140743,129.946425073434,148.278951263428,144.3993882953,29.0894992663034,37.0859057797995,66.0332495975857,58.8151054566187,22.6281792178532,0,136.777353137147,84.3197107406451,13.3448717574884,82.2279518562251,43.703929557053,154.014404296875,132.068860446706,68.9886653555938,66.1108769357228,130.147104806851,143.39108022054,169.016737042051,69.9740994771322,50.3586979176286,204.659343719482,136.432358574321,121.822768548459,146.478358061417,76.786683670462,141.655350614185,189.500047810872,131.450909285112,230.337287902832,152.765523319244,144.453356170654,120.902474816166,179.206634998322,206.208976745605,189.768274160532,131.596480971888,122.939204805038,106.194003471961,139.363517254214,94.9898877566255,167.428787231445,192.999130942605,145.991419731816,117.343116945953,144.261058141315,124.073592347789,246.88525390625,197.342014857701,130.267623388467,136.054410543402
18.2555397771035,120.254285176595,109.644074600554,77.8318660992842,93.6583126452397,23.9761652534658,68.0661707660562,50.1662594961405,36.5810923708007,77.9799377105245,90.3713607474835,62.854885594895,95.0552798223229,100.046588740398,25.7797273332057,79.3637835916165,95.8718814849854,104.030760881515,95.511980586115,112.539871567405,94.3900729966748,67.4494389196671,100.084244067852,91.1998663344065,79.7816948739478,72.4783655802409,114.235906701339,122.696174734276,82.2279518562251,12.1284760158828,29.8611790983782,105.141813798384,8.78739215327232,17.3096397940469,39.4856067220144,158.04348786672,122.067230224609,177.450712415907,97.997835278511,125.7145652771,0,161.592128541734,142.191936813782,167.928777600898,100.704149373372,167.172782506698,217.337814331055,165.808283124651,177.51554107666,173.993851841086,161.037851969401,144.817739698622,177.922553429237,0,181.815223693848,185.797584533691,153.104461669922,165.063265800476,167.17724108696,124.434550857544,171.271308898926,169.305293273926,176.556377611662,137.878313540504,166.187894350523,144.773370710831,0,185.470306396484,153.874730834961,154.414005279541
37.4143762298228,108.730712890625,87.0834933221713,56.8184947737111,94.761449062463,117.73680305481,101.082291225217,24.1422284803239,80.1938696005049,63.3350925578938,82.9094775773321,102.306176547346,147.207656012641,155.900757598877,68.3761739989773,101.091607284546,75.2338946596897,79.1672012174418,116.464420187062,102.006302542315,122.015270868937,35.0150926169194,69.0979793895375,63.2042164892239,72.9953917332747,165.075296020508,114.126857958342,103.380761601452,43.703929557053,29.8611790983782,12.8956314213758,145.644649505615,114.762951484093,41.9689222075918,35.1979493333573,138.760044313827,118.068504333496,152.895164807638,72.6321947117044,0,0,169.033860948351,134.145337191495,163.415821164153,77.4725212642125,170.803052902222,200.442525227865,0,0,158.447474827276,135.020858764648,110.712006639314,176.473900931222,172.428314208984,180.685485839844,0,120.608116376968,100.60313129425,131.962973788566,110.72188747927,181.935028076172,180.434136962891,145.729146276202,122.404499295658,148.889403281956,129.007225993665,245.674591064453,183.996606445312,136.355364199038,135.843754221598
0,73.233057975769,93.2883169991629,74.6715175628662,0,0,184.383201599121,164.090667724609,165.013702392578,123.490158081055,172.534408569336,28.491197301041,0,17.5411491667487,134.671901702881,0,140.246810913086,76.4317997523716,53.3307557626204,62.0391532724554,0,0,96.4385007222493,113.357098897298,144.797507603963,44.8046124776204,33.2868843055104,26.2530117562709,154.014404296875,105.141813798384,145.644649505615,6.35916796652209,114.371285756429,132.181594848633,72.5014896080142,0,129.96989440918,0,62.1013025556292,0,0,0,0,0,184.955223083496,210.569366455078,91.0942993164062,0,83.7086796283722,0,0,0,165.97053527832,105.9756933359,102.191120147705,0,0,154.304466247559,0,229.217819213867,77.4277954101562,108.955379180908,108.934723895529,0,188.250503540039,180.541473388672,96.9712720598493,0,0,115.472713470459
79.1578130307405,194.009674072266,165.630228996277,142.97954305013,127.60889078776,8.67508374813077,32.2420665790426,115.506832449777,15.1760524497213,112.971781049456,116.453531973703,63.9469179256942,101.237366051509,108.407736344771,15.5973183231549,39.5316987273717,0,162.088538818359,96.7599160330636,112.637513478597,114.27885983785,145.32165309361,128.390686035156,153.644429683685,116.438074552096,0,123.324526977539,143.668162918091,132.068860446706,8.78739215327232,114.762951484093,114.371285756429,5.47335173061778,53.7396570841471,40.3273832943975,177.993347167969,0,0,0,0,0,198.781489054362,179.641263326009,207.62858581543,121.572654724121,0,0,0,0,205.636627197266,0,0,0,0,160.471969604492,0,0,0,0,166.950909701261,0,0,187.427001953125,182.290495554606,200.955871582031,191.697525024414,0,0,175.481643676758,191.07984161377
65.2144371315285,80.952326965332,112.469262627994,60.4145784063654,78.1862312230197,106.622316360474,91.7170569808395,71.6911998231769,93.3860902250483,64.1560114558588,77.8826998501289,104.455709349434,85.2065838780896,128.66236441476,73.3787750189121,91.1901469511144,91.5719847679138,89.6941809088497,111.94508524144,102.889340142784,84.8225944836934,52.1547940310132,94.8756910470816,80.1924272435052,69.2414436947096,166.155197143555,122.512788391113,116.363594494729,68.9886653555938,17.3096397940469,41.9689222075918,132.181594848633,53.7396570841471,8.76720383809269,26.3442207566743,140.368178776332,185.994873046875,184.940216064453,78.1445094837862,119.974826812744,0,151.611061604818,128.413800811768,156.892934799194,88.238179397583,157.677841186523,0,0,197.535217285156,160.758581797282,141.468246459961,114.886527061462,198.397163391113,240.136093139648,0,160.879722595215,126.617277145386,124.852190653483,154.702021026611,111.972621330848,0,178.920788574219,161.024742398943,123.700042101802,154.580203873771,130.696686683817,0,0,139.934965406145,157.263454568797
73.1807916613593,61.0925648576122,64.1616472673563,62.0639215243065,88.2074350078454,65.2282094540803,84.2470130067531,92.4663954608208,82.9390482622034,76.7418213153708,90.406017381851,29.2764260282881,90.8609089851379,58.4488307275429,62.4789979560702,104.456027735835,73.8766769458243,42.606403046755,57.4435479408993,49.5143498369329,88.7091230458227,45.3087947259611,72.685115927237,45.5889831201997,81.837332872244,48.0518317007804,65.223281350083,69.8854118909591,66.1108769357228,39.4856067220144,35.1979493333573,72.5014896080142,40.3273832943975,26.3442207566743,10.7773785247033,144.38263501619,96.5229206085205,118.803084286776,92.3735551100511,143.658014297485,0,142.529657999674,140.796579944844,159.202623540705,94.1663979923024,159.645934295654,152.527205834022,167.755325317383,110.518050267146,166.037310191563,0,107.186112642288,128.18826726965,122.537927900042,136.627172851563,0,122.956863979124,98.2194128036499,126.190104919072,118.83710744381,115.76420211792,120.02800491333,117.389035486112,136.527608795166,163.256784121195,136.623798736154,173.066385904948,185.048408508301,132.079171180725,148.26821729872
140.594146728516,0,163.221647996169,121.408633145419,115.924526977539,0,174.82980485396,138.869367027283,170.511075973511,136.497816467285,157.684328493865,187.987345377604,207.277420043945,177.502380371094,157.729576746623,161.53923034668,173.587326049805,200.329701741536,202.578684488932,177.254043579102,170.774597167969,158.994590759277,0,157.619650268555,122.80315666868,0,180.657506942749,161.865927802192,130.147104806851,158.04348786672,138.760044313827,0,177.993347167969,140.368178776332,144.38263501619,11.1256685260503,131.884617892179,99.445143344512,72.6047409602574,86.0377669535892,68.9534606933594,83.0878668376378,26.2036738706743,54.2540351822383,72.5565622921648,73.5118691488144,125.233628877339,99.4846937815348,135.311487434736,17.9837911488032,98.7259124755859,108.287453333537,100.037655132139,133.202119080917,115.21502364969,91.6779634191635,86.3411527420209,104.677220375307,94.3479861697635,75.9360637688489,131.466803995768,119.97489908641,120.856455865157,79.1992809836929,17.5832457492202,33.1396068055784,137.12057195391,98.6956466674805,34.2300221345788,67.9127932543657
0,50.7509372417743,79.3091907043457,34.8550459806584,148.979064941406,0,0,149.752704620361,161.75146484375,123.133338928223,170.391728719076,111.158780779157,0,102.298151550293,0,204.255233764648,147.780868530273,90.5242700409471,107.216751734416,102.804282244514,0,201.115783691406,102.17346496582,105.875449331183,131.776615142822,74.9190795898437,76.9619632648055,74.5376925386434,143.39108022054,122.067230224609,118.068504333496,129.96989440918,0,185.994873046875,96.5229206085205,131.884617892179,7.91144671862258,45.6900032715686,9.53277955110797,118.135437011719,0,139.410588582357,117.180634442498,130.013060483066,75.3513179808739,133.745401382446,69.320072487609,127.477338155111,49.9662154605675,135.686361850836,110.070616585868,54.4922823862987,51.7103276248148,72.4365751559918,58.6877063641445,139.019638061523,92.8653583526611,26.3548934323895,61.7709868252277,83.7255380356417,24.4908532180016,48.9716506062359,32.5995916795457,109.432049399928,131.603263191555,103.781534512838,67.062555767241,128.55712890625,125.016583251953,57.909799848284
