9.23646793443733,117.566314697266,99.0784268697103,62.1468589801033,75.9041506449382,67.9287730625698,56.3976730780579,21.9327754489251,12.7415168977349,60.7395825505432,45.9853110131019,132.806985473633,73.0538569859096,0,10.6739798349443,63.1013280695135,105.784839630127,95.1222500808366,133.813955688477,117.657828529282,76.150338864794,72.1474558333276,62.0413292050362,80.1687321114329,63.1265382650893,0,119.565619262695,118.309731748683,65.2817898230589,13.6946157442597,27.2621354124616,0,76.4225036076137,31.513300461023,76.9322120760694,138.938962300618,151.103866577148,157.468885875884,92.5582421620687,0,0,147.718368979061,134.774624095244,153.186200310202,97.8891995747884,145.550785064697,0,129.930633544922,0,158.657692591349,154.571235656738,102.2741726962,171.543905258179,204.704025268555,189.861850738525,151.703053792318,123.103595618046,85.4191009521484,139.2691822052,116.727480207171,0,168.265104021345,170.396586736043,120.020209273247,145.912538316515,129.243908119202,0,175.226181030273,119.480063218337,138.541072336833
117.566314697266,6.68878010327287,32.5121490478516,59.0010571479797,0,0,0,125.560272216797,137.924865722656,55.1265846904199,0,67.4896668482871,82.5978813171387,53.7913307468641,117.02477645874,106.869125366211,53.6219923141155,47.5633540247001,74.3124035596848,55.9711779785156,118.344200134277,88.8154632568359,20.0906942482301,65.3548872989157,62.9479895158248,21.0382022597328,47.967804222332,24.4133030691337,87.2878674098423,105.084206899007,102.22453918457,59.7247994585735,0,0,60.1958287926607,0,0,105.549060397678,45.0556881314232,0,0,0,150.595733642578,245.393432617188,158.641723632812,0,94.4618927001953,0,98.2720746994019,0,0,0,104.698036193848,140.370162963867,125.718873596191,0,0,0,89.6600519816081,0,78.2370497385661,109.762579887144,100.972197513954,0,0,141.584045410156,113.252380371094,0,0,73.5269165039062
99.0784268697103,32.5121490478516,10.3508494850897,106.703520880805,126.049092610677,161.94314956665,120.501481366445,85.2075813806104,105.728366259742,121.375925931064,99.031477897644,89.5364034380232,119.651034109933,123.130485534668,108.154559222135,115.746710404106,49.273836680821,38.5952998820866,89.1010518507524,67.8767317295074,127.804747445243,50.6522297064463,58.033006077721,20.9203298839037,89.5485828036354,75.3889923095703,24.9054920666934,22.4041809306945,70.1189882622504,114.16186666181,72.4113348397342,99.7422866821289,167.549743652344,114.53909640842,49.8265841923801,157.727035522461,70.5339031982422,86.2948727869104,68.1717213872653,142.770355224609,127.811019897461,182.33971786499,144.787755792791,189.175193786621,106.282981872559,174.800805664062,104.723197937012,207.705505371094,0,180.001878526476,0,96.2081680297852,100.456208723682,155.231160481771,123.556440602178,0,119.72531501283,76.8877096176147,93.3916163213287,132.931648981004,0,109.719576633338,87.6648699317993,119.921538719764,164.968342372349,130.288728122053,0,0,144.995803833008,97.9473619962993
62.1468589801033,59.0010571479797,106.703520880805,20.8493166545342,59.2516227815209,104.16711807251,89.9990494251251,51.0477972002508,74.5790242125348,10.4259551210804,71.4601666710594,129.666321974534,65.0141315460205,110.63801574707,77.2850875464099,61.9857275221083,50.1895233957391,111.50215442364,123.366399765015,119.699481964111,69.1378199603107,45.6189331903727,10.9190275753246,59.0857884463142,33.1585909974667,91.4531813976811,105.218068739947,99.2054738310194,45.0994990028493,70.2515994486106,53.636510314798,121.475301742554,116.534894943237,58.2707696749469,61.7858868583304,104.757795810699,78.5343856811523,106.008568899972,19.0433783164391,62.593416758946,0,86.5481444767543,70.5324079725477,99.5350341796875,22.0188716675018,78.2134953141212,0,83.0945066564223,155.842651367188,90.7576030731201,59.4983047485352,67.7227804010565,122.32612991333,0,150.926055908203,61.8459608895438,62.5650767926817,104.709056854248,71.7337459382557,44.4212483681238,0,0,141.111185073853,63.6617151637973,97.6517589024135,66.7808141147389,0,0,100.769689287458,81.6933426327176
75.9041506449382,0,126.049092610677,59.2516227815209,9.2360325447803,143.000991821289,48.8770220577717,32.8637477130425,82.7285588264465,35.7207528627836,17.6461395697603,176.098770141602,22.9474296867003,0,94.067259652274,51.6202981736925,0,0,0,0,11.5356120644079,118.870941162109,71.9732756614685,101.291175842285,15.4020681767204,0,147.911834716797,121.832221984863,10.8106347114578,89.4841625110523,63.6845779418945,0,0,79.2423000074413,89.3261926070504,0,153.750930786133,0,53.4421990712484,10.109243316468,0,143.660311772273,121.528607177734,155.034968058268,76.7938322022904,78.6912622738602,0,15.3917856860668,0,153.579154968262,116.107370649065,0,0,0,0,8.71348569596067,159.970169067383,195.158218383789,0,88.6681809799344,157.528350830078,0,195.258445739746,96.9342496123495,169.232872009277,0,0,0,0,0
67.9287730625698,0,161.94314956665,104.16711807251,143.000991821289,5.98582245606699,10.1259941192601,101.328631718953,22.5182234775016,104.003270582719,108.866732461112,64.118590037028,100.806498267434,84.3492259979248,35.2969224707594,14.9347245078976,0,160.45967571552,80.5351638793945,0,0,145.198745727539,142.533290863037,140.914494832357,114.183690106427,98.2651329040527,133.842127990723,147.609853108724,113.499404059516,25.1996489561805,138.800186157227,0,8.38160903378301,85.0190048217773,32.1333694128017,184.87299601237,0,0,0,0,0,0,173.87939453125,220.744364420573,131.307144165039,199.989898681641,0,0,0,209.504901885986,0,141.709838867188,0,0,0,0,143.270065307617,119.16724395752,0,165.361189100477,0,0,0,169.503705111417,189.833312988281,183.997840881348,0,0,0,174.505485534668
56.3976730780579,0,120.501481366445,89.9990494251251,48.8770220577717,10.1259941192601,8.10808377333094,58.0254804739138,17.8135207549314,73.5645257816758,23.2408986173808,66.4858797513522,19.6119657714349,104.960273742676,25.7601711249054,11.4011347378226,150.894451141357,138.180860307482,149.106951713562,164.39242515564,29.7935036052725,101.950289662679,102.021253458659,111.512018428129,72.130412748402,0,144.619729339761,131.45872933524,58.3686890692081,26.4432066209453,87.7848414370888,120.147308349609,20.7534121300783,55.7456462061083,56.3674997356203,170.3759765625,171.214736938477,202.696749005999,106.302922058105,0,0,167.945184458857,149.182683944702,176.705826653375,131.97530025906,156.478256225586,0,80.9342375993729,0,186.901044099227,188.686416625977,159.111553955078,190.041320800781,0,0,165.287048339844,169.180946350098,129.805285862514,165.641910552979,128.304876634291,0,129.637588500977,204.527114868164,138.948860294563,167.298314412435,164.153248378209,0,223.388534545898,154.539047241211,160.670232645671
21.9327754489251,125.560272216797,85.2075813806104,51.0477972002508,32.8637477130425,101.328631718953,58.0254804739138,7.11891735734463,32.4743255130628,48.820488719841,7.75334293672009,133.270986557007,43.1906999860491,0,23.6138410254675,58.5962889298149,83.1621599197388,95.7514571009988,138.688735961914,118.955690878409,41.9363994598389,58.3710008388342,60.3485712911568,69.2182130246866,49.6472293233768,129.391815185547,112.562845910897,100.848433027355,14.3807809455539,37.7552071366266,17.98061032357,0,104.686560494559,44.730896245371,67.9561960188191,122.088029649523,139.162307739258,146.498187383016,74.0166575113932,149.167182922363,0,133.399427223206,114.563332777757,142.92213848659,82.2405364172799,136.243165899206,197.52522277832,133.444043731689,0,147.055060927932,103.632438659668,89.0454917907715,162.397722516741,0,188.940246582031,108.9580078125,122.713297526042,85.4033719698588,143.188336236136,101.224324573842,0,165.456324768066,157.240606580462,109.273527691355,134.473082344487,126.705961273938,0,186.366589864095,121.836150674259,131.809585135324
12.7415168977349,137.924865722656,105.728366259742,74.5790242125348,82.7285588264465,22.5182234775016,17.8135207549314,32.4743255130628,8.97582815074693,72.8801145699858,23.1107335511646,79.4765280544168,31.9921500648069,81.4639026096889,12.2864294565698,26.8310214908137,103.352191925049,115.514997205576,126.878813492624,139.365823932722,83.5720982166047,84.5374733094246,85.0866952960411,93.1936439037774,75.1775536180533,0,133.009148170208,124.531713351757,70.1962929091819,28.0236041685786,60.6605728478421,97.3586730957031,14.7292824307616,56.0624154327262,52.2334680707673,159.190673828125,178.273071289062,160.43252473719,93.6957780589228,141.792640686035,0,153.102663421631,137.031108227405,163.548406963107,109.841194152832,153.840447545052,0,137.126588185628,128.843521118164,164.806129584878,135.386722564697,125.951179504395,188.775485992432,0,198.677688598633,168.880109151204,142.697816371918,103.391667938232,173.525468444824,126.274992668023,0,197.378084818522,177.372683489764,131.105907034809,163.627736716435,155.622321573893,0,199.072916666667,145.272985076904,153.542752168616
60.7395825505432,55.1265846904199,121.375925931064,10.4259551210804,35.7207528627836,104.003270582719,73.5645257816758,48.820488719841,72.8801145699858,8.43272598114123,72.3542036182152,122.712713542737,11.0269356691705,113.471140081232,75.1441377572225,15.5754721774611,67.8878402709961,108.370455278669,124.574295891656,117.311479128324,36.2409545431201,61.5239027084843,21.5244535954916,85.2800059463039,15.3650035566224,88.8691899275579,107.931582793346,94.4822524748237,43.3621006770687,67.9234239179536,53.4633685300506,126.628460693359,114.777932167053,58.1019001894219,59.2882530316526,77.2254524230957,98.9655647277832,122.625846862793,58.5309643268585,74.0481187729608,0,117.610150423917,106.555366134644,132.46887425014,38.1865535428127,101.818055470785,175.383099365234,90.305856068929,165.442607879639,127.501262371357,69.231023311615,34.917537689209,108.626914978027,165.756820678711,0,85.1391830444336,104.945868355887,57.7730397444505,0,59.3496562245223,147.159057617188,185.688991546631,162.627628326416,82.6297422066713,88.0267311731974,84.7844621758712,157.685638427734,165.377868652344,84.514554977417,108.737658067183
45.9853110131019,0,99.031477897644,71.4601666710594,17.6461395697603,108.866732461112,23.2408986173808,7.75334293672009,23.1107335511646,72.3542036182152,8.64099695368316,148.276205698649,22.3341047544302,143.478912353516,45.4940422870075,56.0579912662506,117.186893463135,115.504189920425,168.518417358398,146.590237753732,15.6692445065679,76.5725420633952,87.888544400533,85.0448063425935,40.5127525263774,132.019775390625,127.761817724055,113.668976198394,18.2241948267765,80.873067467158,58.196260294783,0,115.884635925293,73.0476861966067,82.9634130067559,160.867164611816,178.009521484375,171.395111083984,96.2992192840576,61.2280127565626,183.171661376953,150.911694694968,130.417768261101,160.325887096171,103.7839747111,144.672451995997,0,101.604108666474,0,170.392832530629,149.718173435756,138.984034729004,0,0,0,148.287023397592,155.356182098389,106.750657399495,134.787661743164,111.28692303189,0,207.426422119141,163.013018290202,128.209025196407,164.447012467818,159.47378370497,0,197.456085205078,169.527172088623,157.414422427907
132.806985473633,67.4896668482871,89.5364034380232,129.666321974534,176.098770141602,64.118590037028,66.4858797513522,133.270986557007,79.4765280544168,122.712713542737,148.276205698649,12.4071557933613,0,20.6631249529826,78.2711148713764,0,130.992515563965,48.8441935898365,24.7164198185733,30.440631557039,0,89.7604619806463,99.124325581086,76.1086697073544,138.204636710031,32.3053738426462,39.4464596259821,57.1192531982077,128.548461110968,51.8689521812531,107.364928029378,46.8224505655828,62.0722157262987,97.7161912761751,28.3953556254193,0,104.644465519832,135.927131652832,70.9553664752415,0,0,0,0,0,135.429946899414,226.209289550781,85.7874029523375,0,80.0949796671783,0,0,0,130.949117560136,94.9572779541016,106.275554900474,0,181.919667561849,140.740381876628,157.671728515625,0,68.7009454580454,93.4698599308872,98.2325348164994,188.254211425781,191.770790100098,184.433242797852,93.9462643607718,0,0,121.61932849884
73.0538569859096,82.5978813171387,119.651034109933,65.0141315460205,22.9474296867003,100.806498267434,19.6119657714349,43.1906999860491,31.9921500648069,11.0269356691705,22.3341047544302,0,8.25377266705978,0,90.638819364401,15.9928685450646,0,136.330335617065,205.288345336914,134.387756347656,12.2629969217201,83.9416097005208,57.7620496749878,102.737513615535,26.1500361220995,0,138.870545196533,114.154672622681,42.8233335744906,91.4561525363367,88.6042903264364,154.138885498047,89.1829086303711,83.3003428290872,90.4418685566295,116.937278747559,0,0,84.8084678649902,22.6302887302334,0,133.225867557526,138.840866088867,156.277008692423,70.8948848948759,93.3939909165905,0,8.98765757875201,0,163.239641462054,118.472813924154,0,0,0,0,15.8264406252207,0,111.009788513184,0,94.8721742379038,0,0,0,124.254985809326,171.719183349609,139.818893432617,0,0,141.203872680664,162.536795043945
0,53.7913307468641,123.130485534668,110.63801574707,0,84.3492259979248,104.960273742676,0,81.4639026096889,113.471140081232,143.478912353516,20.6631249529826,0,7.44596402212749,101.222860063825,0,115.872039794922,79.2408752441406,56.1047682704696,84.1360816955566,0,0,91.5856496071329,83.2663269042969,113.983248392741,15.2632071263182,26.7052534392031,27.2510521125302,127.818206787109,67.3222493656346,154.537368774414,10.9277318216638,78.2043357849121,0,58.5037368260897,0,91.0806690851847,0,52.9710502624512,0,0,0,0,238.588287353516,162.645370483398,0,77.2892522954229,0,54.5113909743475,0,0,0,146.223236083984,89.859137304898,97.4626761542426,0,156.60400390625,141.186950683594,204.760131835938,0,63.4014117857989,89.0081339443431,93.082993489833,0,221.124465942383,164.082168579102,91.5853158702021,0,0,107.773077392578
10.6739798349443,117.02477645874,108.154559222135,77.2850875464099,94.067259652274,35.2969224707594,25.7601711249054,23.6138410254675,12.2864294565698,75.1441377572225,45.4940422870075,78.2711148713764,90.638819364401,101.222860063825,7.94930844921696,42.6133066844014,95.4708938598633,113.574960322738,134.647134399414,131.732335377889,93.0093743924741,85.3831645202637,78.2864662806193,93.2611045438653,82.2551344727025,74.3706016540527,135.813223481178,131.544310824972,78.7477625634603,17.6982196159452,46.3544470896858,0,17.231145450351,34.7869928677877,40.8754064078643,151.113831329346,151.306274414062,168.705841064453,103.899610682896,101.705772399902,187.888378143311,167.973826817104,140.696357727051,170.537102355957,103.868626213074,166.834973302381,0,179.425422668457,0,170.67248033796,173.924072265625,117.221199989319,192.277381896973,0,188.488967895508,155.861640930176,135.790770007718,100.506286903664,161.893982887268,127.580485394611,0,194.480841500419,169.995918273926,132.321746514189,159.310305143657,140.682807922363,140.894760131836,236.227478027344,127.18065516154,163.871411358869
63.1013280695135,106.869125366211,115.746710404106,61.9857275221083,51.6202981736925,14.9347245078976,11.4011347378226,58.5962889298149,26.8310214908137,15.5754721774611,56.0579912662506,0,15.9928685450646,0,42.6133066844014,7.39238857354629,126.649230957031,121.531830310822,168.116546630859,164.339050292969,52.3802662762729,97.000363667806,64.0635594685872,100.573019239638,33.612965490994,0,136.0054063797,131.034724308894,66.7089270909627,37.3941530205987,97.3294982910156,0,40.9004445605808,50.2259659400353,84.9021402994792,0,0,0,50.7873382568359,108.630142211914,0,149.242416381836,117.100486755371,0,57.9654818943569,132.858943939209,0,0,0,0,76.9795455932617,0,0,0,0,75.0369415283203,180.281768798828,0,114.511756896973,91.3488674163818,0,0,0,140.826629638672,180.580810546875,0,0,0,0,138.644256591797
105.784839630127,53.6219923141155,49.273836680821,50.1895233957391,0,0,150.894451141357,83.1621599197388,103.352191925049,67.8878402709961,117.186893463135,130.992515563965,0,115.872039794922,95.4708938598633,126.649230957031,12.4456662005562,92.4782745838165,113.825592041016,104.538962227958,0,15.0355654915104,30.1530486942962,13.5603896277926,25.5405732135993,90.13161277771,92.8774692768953,25.5728418206771,38.7795424163914,147.201797485352,76.0663194154438,0,0,63.4679470062256,68.9262643832605,131.222686767578,0,104.641908982221,85.4013503225226,0,0,0,154.88756942749,0,0,156.741124471029,0,0,0,176.156494140625,0,100.10743630899,131.903274536133,0,127.821833292643,0,107.565013298622,48.7677504734622,95.7187618871373,113.678215026855,0,138.882369041443,100.178651763172,114.801663325383,125.665840148926,106.948526000977,0,0,95.1956481933594,97.5411442347935
95.1222500808366,47.5633540247001,38.5952998820866,111.50215442364,0,160.45967571552,138.180860307482,95.7514571009988,115.514997205576,108.370455278669,115.504189920425,48.8441935898365,136.330335617065,79.2408752441406,113.574960322738,121.531830310822,92.4782745838165,8.84092344450068,54.3879818263119,26.3180403227826,135.292694091797,51.6179282746664,78.3959320711802,20.8221492802515,110.168301414041,60.0679221520057,28.7196710777538,56.3006603135282,103.444876305308,95.3195545513605,73.4090219999518,85.859141031901,174.454259236654,89.0618866769891,36.4883134181943,188.831115722656,79.9727223714193,97.715377054501,60.6680046672552,0,0,187.897094726562,165.690167513761,0,202.61988067627,0,134.096118927002,0,123.794097900391,185.590597299429,0,135.169823590447,107.291963740758,122.733944363064,122.244573193927,0,153.44505220301,99.96593997353,118.2932471198,157.197383880615,128.137227376302,107.659253672252,99.8264652705021,164.774716545554,185.482541402181,153.150853937322,127.87873840332,0,157.539901733398,107.426363909686
133.813955688477,74.3124035596848,89.1010518507524,123.366399765015,0,80.5351638793945,149.106951713562,138.688735961914,126.878813492624,124.574295891656,168.518417358398,24.7164198185733,205.288345336914,56.1047682704696,134.647134399414,168.116546630859,113.825592041016,54.3879818263119,7.30525854734376,18.6840352141018,0,132.838410695394,108.716789810746,85.7589567303658,142.647206624349,48.6710705344133,26.3979144673439,59.1893626028935,157.344856262207,101.531780913636,116.711568538959,63.4026850800016,82.9875831604004,112.244934979607,56.4020375895992,0,122.998626708984,143.898086547852,72.9737367341013,0,0,166.288970947266,184.864898681641,0,0,0,96.2586602105035,0,97.9533292568796,217.001663208008,0,170.651580810547,134.672610282898,98.8645281424889,106.301295590091,0,0,0,174.642959594727,0,78.7050417119806,96.8160134021147,99.5432887763084,0,0,195.108833312988,101.544438490227,0,155.310127258301,124.016089944278
117.657828529282,55.9711779785156,67.8767317295074,119.699481964111,0,0,164.39242515564,118.955690878409,139.365823932722,117.311479128324,146.590237753732,30.440631557039,134.387756347656,84.1360816955566,131.732335377889,164.339050292969,104.538962227958,26.3180403227826,18.6840352141018,10.4502822630898,0,88.4923177333693,92.9745677693685,66.4608122428915,125.960509922193,46.9491997624303,22.360138667018,65.3900987307231,129.166498520795,109.213449223288,96.3208058314402,72.6327903270721,189.163551330566,98.3073640983796,46.9909072525714,0,102.551104068756,118.815524476947,62.8512480149575,0,0,0,173.299263000488,0,0,0,122.959520780123,0,107.633602778117,174.494328816732,0,149.426956176758,118.434810741528,105.300493748983,103.514965765817,0,149.878499348958,120.339107513428,141.761809609153,0,78.544755738357,98.4960792636363,99.2431318900164,159.560619354248,0,180.339502970378,108.304598853702,0,184.442932128906,124.115863800049
76.150338864794,118.344200134277,127.804747445243,69.1378199603107,11.5356120644079,0,29.7935036052725,41.9363994598389,83.5720982166047,36.2409545431201,15.6692445065679,0,12.2629969217201,0,93.0093743924741,52.3802662762729,0,135.292694091797,0,0,7.17866136917352,110.34139251709,79.7243118286133,111.644096374512,15.0992169847212,0,160.545672098796,140.428451538086,22.9294474413134,91.4497612189718,121.293144226074,0,125.103231430054,79.9979176166629,87.226078498182,160.424896240234,150.533241271973,0,85.7138690948486,11.9633495287182,0,147.497669513409,135.623784383138,158.009593963623,80.2117789008401,139.301243217624,0,9.31074067668393,188.919784545898,176.345077514648,92.1984367370605,0,0,0,0,115.663521236844,168.173767089844,0,0,97.4097174457537,0,0,0,127.009736733358,0,183.238975524902,0,0,215.617370605469,157.746475219727
72.1474558333276,88.8154632568359,50.6522297064463,45.6189331903727,118.870941162109,145.198745727539,101.950289662679,58.3710008388342,84.5374733094246,61.5239027084843,76.5725420633952,89.7604619806463,83.9416097005208,0,85.3831645202637,97.000363667806,15.0355654915104,51.6179282746664,132.838410695394,88.4923177333693,110.34139251709,10.770245126902,42.8160636291472,23.5535349038826,21.2974180974592,104.743278503418,97.5923554981854,65.9848225596614,24.9615558457182,29.7195244340952,23.8396769377651,0,0,48.690038775498,37.1029810458728,128.17573928833,113.935890197754,124.599409103394,65.9105180377609,173.185386657715,0,166.084922790527,127.921283086141,163.054086049398,103.234681871202,164.671421813965,155.837181091309,0,0,139.273405151367,0,96.4136961195204,139.339351777107,193.300064086914,158.823173522949,167.940902709961,106.119948958501,63.5070485103698,101.013241925829,109.018969535828,113.940376281738,163.428082206032,123.823921078541,105.683017759833,124.769744720459,107.293955134666,0,0,102.307354532878,102.720739291264
62.0413292050362,20.0906942482301,58.033006077721,10.9190275753246,71.9732756614685,142.533290863037,102.021253458659,60.3485712911568,85.0866952960411,21.5244535954916,87.888544400533,99.124325581086,57.7620496749878,91.5856496071329,78.2864662806193,64.0635594685872,30.1530486942962,78.3959320711802,108.716789810746,92.9745677693685,79.7243118286133,42.8160636291472,7.65597672721871,39.2285567523146,16.4071857900052,67.1779455267865,83.482067843615,38.3192811387384,44.8304864063657,62.7479303528591,47.0097930049717,104.627619171143,125.55729675293,46.9512634277344,52.934403089689,93.4888549804687,94.9717102050781,99.8317531663544,67.4070360395643,151.147270202637,0,123.836708068848,103.580746650696,148.951192220052,61.2800389925639,121.657218933105,138.669733683268,114.368682861328,123.891007423401,96.6670383654143,0,59.1937795526841,119.812482924688,130.70569229126,129.92707824707,0,68.0955475848654,39.6395303769545,70.3148320579529,70.8919669622662,108.475016276042,129.040866639879,111.260050650204,75.1514328432755,97.4728583133582,73.120872349415,0,0,77.3885769563563,88.0959634452031
80.1687321114329,65.3548872989157,20.9203298839037,59.0857884463142,101.291175842285,140.914494832357,111.512018428129,69.2182130246866,93.1936439037774,85.2800059463039,85.0448063425935,76.1086697073544,102.737513615535,83.2663269042969,93.2611045438653,100.573019239638,13.5603896277926,20.8221492802515,85.7589567303658,66.4608122428915,111.644096374512,23.5535349038826,39.2285567523146,14.6272419384096,36.4924863841799,105.232237243652,58.0139457976595,36.8867268508006,43.5363301496426,40.5054167081703,50.8866295172631,89.449089050293,134.214962005615,81.6700313568115,40.7606542920618,148.460358513726,110.571086536754,95.5784460661287,84.9484077029758,0,0,149.400990804036,145.488857184516,172.815071692834,140.185618591309,158.045105975607,142.138125949436,0,153.152099609375,166.7077089507,0,99.9387251201429,113.45245537722,159.95453898112,145.650557163783,0,112.398633080122,58.9269497446167,100.492243208692,125.958113147366,140.708312988281,121.761057153603,97.7966336322653,121.468763326453,140.959395141602,117.144365248337,0,0,125.033961956318,104.100247445714
63.1265382650893,62.9479895158248,89.5485828036354,33.1585909974667,15.4020681767204,114.183690106427,72.130412748402,49.6472293233768,75.1775536180533,15.3650035566224,40.5127525263774,138.204636710031,26.1500361220995,113.983248392741,82.2551344727025,33.612965490994,25.5405732135993,110.168301414041,142.647206624349,125.960509922193,15.0992169847212,21.2974180974592,16.4071857900052,36.4924863841799,11.0585002692792,95.6430013556229,109.002327189726,61.7796758980412,14.8413804218525,73.1003181622479,56.2423521621264,123.853579203288,129.852333068848,62.4213698990142,62.7139882643613,118.294265600351,105.989364624023,135.707580008158,55.6087673133779,72.2391544995101,159.784229278564,118.674554878306,101.213410904158,127.931704148889,53.8431737245701,111.253279739357,189.583358764648,100.95563384127,172.563751220703,134.827192501759,93.1221819338591,85.9805549172794,158.583209228516,246.90966796875,177.030072021484,104.857105294454,96.6143406813707,63.9092483173717,111.532021827304,74.8277122110745,140.08850479126,162.016429356166,133.323451450893,94.4766069029735,124.294486798738,104.889960289001,0,167.665029907227,106.157679283013,114.584635353088
0,21.0382022597328,75.3889923095703,91.4531813976811,0,98.2651329040527,0,129.391815185547,0,88.8691899275579,132.019775390625,32.3053738426462,0,15.2632071263182,74.3706016540527,0,90.13161277771,60.0679221520057,48.6710705344133,46.9491997624303,0,104.743278503418,67.1779455267865,105.232237243652,95.6430013556229,7.90226256910417,37.1929297597497,24.0509410390259,134.730684916178,70.8153092233758,135.351893107096,38.6781823537121,84.9124984741211,109.640838623047,50.3485437152029,0,91.5141334533691,149.869110107422,43.5601274490356,0,0,0,117.995147705078,0,197.586563110352,0,74.4616307660568,0,69.0377883825409,0,0,0,113.17013835907,83.0405784078164,86.5895869445801,0,0,145.560211181641,146.817733764648,133.935958862305,50.3611429929733,76.020489165772,74.7424563872509,0,0,168.341033935547,79.7038786186362,0,0,85.3091201782227
119.565619262695,47.967804222332,24.9054920666934,105.218068739947,147.911834716797,133.842127990723,144.619729339761,112.562845910897,133.009148170208,107.931582793346,127.761817724055,39.4464596259821,138.870545196533,26.7052534392031,135.813223481178,136.0054063797,92.8774692768953,28.7196710777538,26.3979144673439,22.360138667018,160.545672098796,97.5923554981854,83.482067843615,58.0139457976595,109.002327189726,37.1929297597497,12.4229359310083,32.4405592520457,106.062145944054,119.687606765975,105.068268286411,26.0693840266702,123.61620426178,119.93957600695,62.0338291975751,192.283180236816,99.9954801892477,100.806018666523,53.8414628856162,235.031066894531,0,185.701553344727,166.541996002197,185.345336914062,196.89973449707,200.106170654297,94.7063487702352,0,92.2675200555728,181.883504530963,225.00634765625,138.835283406576,103.95192896196,95.9446724424971,99.6953721558307,0,158.823838667436,128.694309234619,124.215309333801,181.556626637777,72.0759952740791,91.2833525216167,90.3944450124405,159.730166480655,174.391278948103,154.088542414647,96.2519597553072,0,174.756219482422,108.325983130414
118.309731748683,24.4133030691337,22.4041809306945,99.2054738310194,121.832221984863,147.609853108724,131.45872933524,100.848433027355,124.531713351757,94.4822524748237,113.668976198394,57.1192531982077,114.154672622681,27.2510521125302,131.544310824972,131.034724308894,25.5728418206771,56.3006603135282,59.1893626028935,65.3900987307231,140.428451538086,65.9848225596614,38.3192811387384,36.8867268508006,61.7796758980412,24.0509410390259,32.4405592520457,12.6985684982406,75.1612954815497,115.819266078311,101.539883857351,21.0179566660257,105.982860565186,108.036288064624,60.8912592498752,165.746103140024,78.3954793404842,89.756659999681,49.7424666714154,0,0,174.219287109375,156.130645146446,178.973851984197,163.196706499372,172.784847683377,100.623530267955,0,94.031255197751,177.318816612507,0,103.728095211826,103.000772967811,102.45476688986,103.95878760512,0,120.151903252853,62.0910313121709,98.6982666247001,145.865310513243,71.6969944673426,94.613266063552,90.0558907194178,130.674480168506,158.418872608858,145.438614154684,101.886265359274,0,156.103823852539,103.412747840359
65.2817898230589,87.2878674098423,70.1189882622504,45.0994990028493,10.8106347114578,113.499404059516,58.3686890692081,14.3807809455539,70.1962929091819,43.3621006770687,18.2241948267765,128.548461110968,42.8233335744906,127.818206787109,78.7477625634603,66.7089270909627,38.7795424163914,103.444876305308,157.344856262207,129.166498520795,22.9294474413134,24.9615558457182,44.8304864063657,43.5363301496426,14.8413804218525,134.730684916178,106.062145944054,75.1612954815497,9.39450881388292,66.5836893945173,27.363852138138,150.107833862305,119.647564782037,52.5085238615365,56.2144565223695,120.691516549247,131.768531799316,135.504598261236,71.0961769735737,25.5442859416312,169.839553833008,134.14052310921,109.555058064553,139.758863753924,78.2382716637153,129.457985099202,174.45845413208,105.464529208283,210.373901367188,139.544399794999,115.180027770996,91.6730478986909,154.688596320875,222.135131835938,197.471857244318,138.545128631592,104.078231407953,72.2913877718916,119.691064031501,96.8289259530596,0,163.296059608459,139.230887785412,103.995789269716,127.829955530167,111.58201283716,0,175.889975914588,106.048813496161,118.799000802519
13.6946157442597,105.084206899007,114.16186666181,70.2515994486106,89.4841625110523,25.1996489561805,26.4432066209453,37.7552071366266,28.0236041685786,67.9234239179536,80.873067467158,51.8689521812531,91.4561525363367,67.3222493656346,17.6982196159452,37.3941530205987,147.201797485352,95.3195545513605,101.531780913636,109.213449223288,91.4497612189718,29.7195244340952,62.7479303528591,40.5054167081703,73.1003181622479,70.8153092233758,119.687606765975,115.819266078311,66.5836893945173,8.84926679754988,20.4786361097255,87.5352719624837,16.178433342229,13.04456409928,25.1682624989697,139.016794967651,0,151.392049840979,95.1579491464715,95.2629795074463,194.133773803711,167.877976127293,140.556890982169,163.329381030539,94.6660235268729,164.598069690523,177.84992980957,166.438606262207,154.192403157552,160.088965968082,169.4365234375,108.788310417762,173.635222625732,207.075007120768,159.568455505371,161.83805847168,115.934030935305,87.1298008671513,129.320726639185,124.996728459343,0,160.374398549398,168.571701685588,125.119319638339,146.948165893555,129.953095238488,122.577976226807,0,135.434813422126,131.923665485685
27.2621354124616,102.22453918457,72.4113348397342,53.636510314798,63.6845779418945,138.800186157227,87.7848414370888,17.98061032357,60.6605728478421,53.4633685300506,58.196260294783,107.364928029378,88.6042903264364,154.537368774414,46.3544470896858,97.3294982910156,76.0663194154438,73.4090219999518,116.711568538959,96.3208058314402,121.293144226074,23.8396769377651,47.0097930049717,50.8866295172631,56.2423521621264,135.351893107096,105.068268286411,101.539883857351,27.363852138138,20.4786361097255,7.93613167704264,0,122.43084526062,27.5390208445242,38.8873927011562,130.36307144165,120.817245483398,137.12036090427,75.4882049190188,0,0,145.929325866699,124.851839173515,157.820453462147,74.2596534929777,148.082871246338,178.661209106445,0,0,147.210492036781,0,95.3534256664675,158.225063323975,201.667900085449,171.729333877563,160.160636901855,107.75944368189,68.963590422673,105.622164894553,110.07357859892,0,167.688240744851,154.041142145793,108.040316572093,129.802896455277,112.642690390468,0,196.13222249349,106.876407847685,110.537687186735
0,59.7247994585735,99.7422866821289,121.475301742554,0,0,120.147308349609,0,97.3586730957031,126.628460693359,0,46.8224505655828,154.138885498047,10.9277318216638,0,0,0,85.859141031901,63.4026850800016,72.6327903270721,0,0,104.627619171143,89.449089050293,123.853579203288,38.6781823537121,26.0693840266702,21.0179566660257,150.107833862305,87.5352719624837,0,4.68980678079274,101.012255350749,0,66.6031470962718,194.595169067383,105.561973571777,0,65.6184049907484,0,0,0,0,0,0,0,91.5107921801115,0,89.9184307163045,0,0,182.823211669922,130.731479644775,98.7400952852689,116.217187064035,0,0,154.654144287109,206.801544189453,156.541091918945,72.1722569783529,94.5649645936255,99.2491903719695,0,170.347152709961,0,98.9469336684869,0,0,123.734146118164
76.4225036076137,0,167.549743652344,116.534894943237,0,8.38160903378301,20.7534121300783,104.686560494559,14.7292824307616,114.777932167053,115.884635925293,62.0722157262987,89.1829086303711,78.2043357849121,17.231145450351,40.9004445605808,0,174.454259236654,82.9875831604004,189.163551330566,125.103231430054,0,125.55729675293,134.214962005615,129.852333068848,84.9124984741211,123.61620426178,105.982860565186,119.647564782037,16.178433342229,122.43084526062,101.012255350749,4.32508146015975,63.8127641677856,33.993145096302,196.751739501953,0,0,120.884460449219,0,247.799041748047,200.185440063477,180.401412963867,201.847839355469,0,186.271041870117,0,0,0,208.831726074219,0,0,0,133.138259887695,0,0,0,0,208.943359375,157.919929504395,0,121.119895935059,135.776077270508,168.044330596924,219.188873291016,0,0,0,0,0
31.513300461023,0,114.53909640842,58.2707696749469,79.2423000074413,85.0190048217773,55.7456462061083,44.730896245371,56.0624154327262,58.1019001894219,73.0476861966067,97.7161912761751,83.3003428290872,0,34.7869928677877,50.2259659400353,63.4679470062256,89.0618866769891,112.244934979607,98.3073640983796,79.9979176166629,48.690038775498,46.9512634277344,81.6700313568115,62.4213698990142,109.640838623047,119.93957600695,108.036288064624,52.5085238615365,13.04456409928,27.5390208445242,0,63.8127641677856,7.49836525475695,26.0130251171454,131.152206420898,125.610321044922,134.644585418701,85.1161759694417,81.1447296142578,0,159.473210652669,122.935271086516,157.376839531793,93.4728889465332,148.696041107178,175.028259277344,139.233379364014,171.885025024414,144.231605529785,0,97.1805288141424,148.328030904134,0,196.647872924805,174.657043457031,105.980102266584,69.1910990546731,114.389615145597,107.269060448755,0,181.164363861084,175.507836478097,111.46706691357,129.133815150107,113.96644115448,0,0,112.671406085675,124.441659291585
76.9322120760694,60.1958287926607,49.8265841923801,61.7858868583304,89.3261926070504,32.1333694128017,56.3674997356203,67.9561960188191,52.2334680707673,59.2882530316526,82.9634130067559,28.3953556254193,90.4418685566295,58.5037368260897,40.8754064078643,84.9021402994792,68.9262643832605,36.4883134181943,56.4020375895992,46.9909072525714,87.226078498182,37.1029810458728,52.934403089689,40.7606542920618,62.7139882643613,50.3485437152029,62.0338291975751,60.8912592498752,56.2144565223695,25.1682624989697,38.8873927011562,66.6031470962718,33.993145096302,26.0130251171454,9.71464647815772,133.310437520345,111.014416285924,98.6339225205295,73.3572062616763,0,0,148.704306708442,132.265454841383,160.556221644084,91.5371001394171,150.203877082238,123.06189434345,153.818145751953,101.437213049995,153.823235066732,123.898887634277,97.949765812267,111.634372234344,122.243521297679,118.791612686649,0,103.545472621918,69.6805308546339,102.155261151202,116.125542410826,84.3179717430702,113.591137785661,102.227091194551,117.736388959383,140.66654928107,116.042715046504,109.810659885406,151.285171508789,119.488594642052,114.83868870265
138.938962300618,0,157.727035522461,104.757795810699,0,184.87299601237,170.3759765625,122.088029649523,159.190673828125,77.2254524230957,160.867164611816,0,116.937278747559,0,151.113831329346,0,131.222686767578,188.831115722656,0,0,160.424896240234,128.17573928833,93.4888549804687,148.460358513726,118.294265600351,0,192.283180236816,165.746103140024,120.691516549247,139.016794967651,130.36307144165,194.595169067383,196.751739501953,131.152206420898,133.310437520345,9.18015766236238,105.98416355678,98.6958312336196,67.0524669647217,85.2655448913574,73.2032592773437,75.6808887057834,24.9184565531945,35.5475124265633,64.4817758278769,64.6552894275517,112.595671622984,84.6491236132245,141.727508544922,12.199511573432,43.0050430297852,63.8028518058158,99.5138178738681,128.670392256517,115.4651384751,80.7520030287446,81.593679745992,63.2406923214119,90.9766206034908,70.9318502879019,0,113.552881953926,122.288793783272,68.2050421302616,12.9114733324784,23.5250119195384,141.653411865234,71.7257175445557,34.3910188853184,45.4020141750933
151.103866577148,0,70.5339031982422,78.5343856811523,153.750930786133,0,171.214736938477,139.162307739258,178.273071289062,98.9655647277832,178.009521484375,104.644465519832,0,91.0806690851847,151.306274414062,0,0,79.9727223714193,122.998626708984,102.551104068756,150.533241271973,113.935890197754,94.9717102050781,110.571086536754,105.989364624023,91.5141334533691,99.9954801892477,78.3954793404842,131.768531799316,0,120.817245483398,105.561973571777,0,125.610321044922,111.014416285924,105.98416355678,7.40231380119008,41.1338453400001,22.8346456303741,99.6660842895508,0,116.691149393717,98.2936417429071,166.116828918457,57.5626309387327,123.630033493042,64.4514551435198,92.2642517089844,50.7129614361487,124.811900668674,105.678599887424,45.1843036760258,49.1139140595171,73.3628190203411,56.0288260805923,0,79.3520001591863,22.1485173957725,56.4341380164737,57.8740516434545,21.8630965791186,44.7669541883881,24.9420160710323,78.6466354370117,113.266263689314,99.4432351248605,67.1723789801964,0,96.1640625,52.9114259134127
157.468885875884,105.549060397678,86.2948727869104,106.008568899972,0,0,202.696749005999,146.498187383016,160.43252473719,122.625846862793,171.395111083984,135.927131652832,0,0,168.705841064453,0,104.641908982221,97.715377054501,143.898086547852,118.815524476947,0,124.599409103394,99.8317531663544,95.5784460661287,135.707580008158,149.869110107422,100.806018666523,89.756659999681,135.504598261236,151.392049840979,137.12036090427,0,0,134.644585418701,98.6339225205295,98.6958312336196,41.1338453400001,10.5420702968503,44.7244900757412,153.440906524658,157.213205973307,119.39210867715,81.4715640912807,112.775669205141,108.557980673654,106.060618660667,88.0542777668346,136.498615264893,104.131912231445,103.413602352438,126.331948280334,74.9363983004701,40.4734058453737,84.1531140645345,65.6838803202025,158.09992090861,62.9736959941352,59.6583359860584,22.6055075061667,90.5484437165437,146.832644144694,34.3151422673037,23.3174262483253,60.3883599540562,119.285117957831,76.9812302543419,102.991680145264,165.012189592634,104.250252859933,57.9017290263981
92.5582421620687,45.0556881314232,68.1717213872653,19.0433783164391,53.4421990712484,0,106.302922058105,74.0166575113932,93.6957780589228,58.5309643268585,96.2992192840576,70.9553664752415,84.8084678649902,52.9710502624512,103.899610682896,50.7873382568359,85.4013503225226,60.6680046672552,72.9737367341013,62.8512480149575,85.7138690948486,65.9105180377609,67.4070360395643,84.9484077029758,55.6087673133779,43.5601274490356,53.8414628856162,49.7424666714154,71.0961769735737,95.1579491464715,75.4882049190188,65.6184049907484,120.884460449219,85.1161759694417,73.3572062616763,67.0524669647217,22.8346456303741,44.7244900757412,37.8945021009715,75.0967664718628,121.003183152941,72.1536736368131,56.2798485925668,80.2302098898363,27.6772628857929,71.9219016284477,67.5639889828571,67.5966472625732,34.5721436471956,81.9437629964092,81.1699839697944,35.0187444380898,53.2784592856222,68.2507743835449,58.0375051766514,92.2093073527018,44.6035727444149,21.0664785330313,51.0404423103333,34.9683507502283,27.1900071360767,49.8539658764363,37.0653014761849,42.2515082780827,74.1064800107202,58.9488580373296,67.4380379845114,104.138584136963,53.5449830858331,56.1972638128119
0,0,142.770355224609,62.593416758946,10.109243316468,0,0,149.167182922363,141.792640686035,74.0481187729608,61.2280127565626,0,22.6302887302334,0,101.705772399902,108.630142211914,0,0,0,0,11.9633495287182,173.185386657715,151.147270202637,0,72.2391544995101,0,235.031066894531,0,25.5442859416312,95.2629795074463,0,0,0,81.1447296142578,0,85.2655448913574,99.6660842895508,153.440906524658,75.0967664718628,8.9115297559191,124.636157989502,54.8516839140205,108.079973856608,101.090353077856,29.001110770055,12.3134907866422,137.526626586914,28.8131747776016,0,99.3661301281987,42.4064806735877,0,0,0,182.833938598633,11.336570958593,141.219390869141,0,0,15.8057792488458,0,225.120880126953,124.76872253418,10.8685307156597,98.9862397370515,99.3653888702393,0,145.716420491536,90.1419243812561,87.0152634068539
