10.1820033702373,0,96.5110762484595,77.8256772693835,94.8682736483487,65.0758501688639,98.5982645096317,40.0576761614418,59.8212060805131,84.3595782249205,24.7423573356975,123.86778471205,95.0898366655622,173.700973510742,20.7603535585306,121.70320892334,102.910438537598,103.559075968974,151.741670496324,131.275611584003,90.3548721962787,80.2403679249449,95.560633795602,87.3961784996672,83.0317920027979,0,115.483258849783,128.775800153542,80.0651929501288,17.3438640655588,38.1793704965433,151.176998683384,97.7819183349609,58.941189289093,87.6406939728091,166.201225280762,0,180.495346069336,94.9954106648763,141.744789123535,0,0,143.921692657471,173.2708871024,0,174.852545601981,0,0,0,181.615404401507,0,192.280792236328,196.529224395752,0,0,0,203.153717041016,117.044848632813,176.150165557861,128.899377556257,0,217.414291381836,186.117006089952,139.947260856628,180.028409090909,162.271113077799,0,0,153.455383300781,173.284703572591
0,6.76444290602169,47.6167746205484,19.9367135553229,154.553237915039,139.449325561523,162.071830749512,152.886966705322,163.593355178833,76.5248248166051,0,80.0076736211777,124.692825317383,54.3753903864501,151.606820424398,120.383883361816,75.5081367492676,57.9576141517479,78.2328178970902,75.0447007908541,0,103.438652038574,27.8403026061039,93.9047035943894,86.6895905677976,23.2618928132307,61.7731268347763,32.3021288010836,117.133526970358,131.692995071411,120.435284932454,73.2363620557283,0,98.1364776611328,75.5250841522217,0,70.961612701416,102.243856758907,108.208922915988,0,0,0,222.865539550781,0,0,0,0,0,113.952932993571,199.177734375,0,128.880111694336,112.418573379517,147.121627807617,118.461259841919,0,0,0,134.624938964844,149.489085606166,0,111.092560648918,111.738646374808,191.692662556966,0,0,161.887115478516,0,0,98.6691017150879
96.5110762484595,47.6167746205484,15.7959602743278,55.4871534927512,167.274586486816,176.93214225769,146.320773695234,108.251360620643,139.042237431256,109.503925925807,120.142700452071,119.796327590942,197.282315572103,166.610149383545,122.180322384662,134.533156840007,106.357523301068,48.7383990282601,101.729833749624,76.0562813789756,211.420684051514,75.0137200963577,58.7731706419987,36.7103300023938,124.375621168581,124.349872589111,37.5234498780705,32.7105385565089,101.579503161819,113.66736789439,88.2513696862721,105.063155522422,150.750209263393,123.114428976308,71.6108771504482,0,105.610977172852,100.699847493602,73.0597953796387,211.92707824707,0,0,183.126536729601,206.785984039307,173.874606323242,201.63942972819,169.445640563965,0,163.815795898438,199.795797729492,0,127.392847313071,111.653578191772,172.643630981445,142.485144824516,0,139.920427004496,107.861165046692,116.689378483713,167.484157070037,167.004806518555,116.845688546988,104.32678869602,171.718271995077,180.493158976237,160.510754903158,0,0,173.714965820312,120.077263527728
77.8256772693835,19.9367135553229,55.4871534927512,25.0061718791901,82.9317964826311,106.878523508708,107.956339777732,75.719124377798,104.5660593718,24.3385027832276,122.976665165113,94.2417054506812,123.994020819664,64.2704875886355,99.5162866694446,80.6461232159589,38.5989522591855,76.6834827581534,92.2357063293457,74.6178696922269,120.004496510824,60.253323610673,27.7912089781563,55.5843147060828,49.161943138578,31.8137269525353,63.6912050848018,41.1144462847293,63.1064728331369,81.7800555086543,61.4007453013974,84.1829647551802,126.171939849854,65.4984318882368,71.5398274189717,104.588172149658,80.8874702453613,105.586884891286,25.4868391752243,75.1834716796875,0,143.619711558024,108.755725860596,150.693612416585,66.065059767829,134.616107940674,178.508237202962,0,104.073652628306,99.3312889547909,0,52.0363733498334,120.903267895734,133.648631355979,122.421422576904,0,71.3908060446553,15.8528235488468,68.1526172035619,62.9467702256036,90.6891510703347,121.931857794523,101.788081706181,80.9056777040402,95.601267351423,78.107811877602,138.300409317017,0,85.7357139587402,98.2266384760539
94.8682736483487,154.553237915039,167.274586486816,82.9317964826311,12.6590394822131,113.587363144447,81.0205919874475,82.9544435378608,106.996584458785,55.093323610831,36.0096117944362,176.344031333923,32.4524976652389,183.400029500326,118.65893271695,71.390543607076,100.16284942627,207.442504882812,177.679056803385,199.821955362956,17.8710508957993,160.756767272949,94.2511474609375,149.899839921431,30.0273911892585,0,174.815524631076,144.137029136099,22.2049382950963,112.229835345591,108.258369044254,213.466995239258,148.751772880554,109.749970436096,105.278895248066,149.416122436523,161.091354370117,207.986846923828,80.3242109912937,52.97644068828,0,155.856037718909,141.90410326348,169.141812642415,113.351026965726,156.275459696035,0,68.27837904355,0,184.786507857473,147.361413002014,173.773895263672,0,0,0,41.8084700462811,158.283714294434,91.3129577636719,194.529182434082,108.309807626658,0,230.683731079102,198.211483764648,142.983985404968,190.731144714355,154.325202941895,220.352325439453,0,184.798334757487,166.29670715332
65.0758501688639,139.449325561523,176.93214225769,106.878523508708,113.587363144447,7.46928064727902,11.66225393057,113.483111426944,20.8920842083701,58.3532817265759,122.310719847679,69.6371257676991,77.5971032049423,95.2166549976055,42.9073677137786,16.5145671991005,151.392562866211,145.450054168701,94.7830294095553,141.491168430873,113.295425923665,93.6209335327148,114.731051635742,178.349151611328,82.8187603853187,113.211313883464,133.079313579359,156.656919424874,123.778602693139,25.4194371937756,126.825815836589,136.447499956403,15.9982404719314,58.298038482666,38.2432947627834,0,0,0,0,0,0,247.102951049805,184.75412495931,199.656799316406,0,214.127349853516,0,207.446426391602,0,0,0,0,0,0,222.694290161133,145.177398681641,0,0,0,177.018763224284,0,151.967414855957,0,173.034391403198,0,0,0,0,0,0
98.5982645096317,162.071830749512,146.320773695234,107.956339777732,81.0205919874475,11.66225393057,12.9758691907717,69.6732409491806,24.5334225081478,85.6344859410846,40.7833161263956,105.438681449297,28.5918344480282,105.365279313995,56.4323187442861,15.7202225234632,151.393442789714,160.993567936004,145.730490218761,180.58328115529,53.3351358062019,124.621814808947,120.369417826335,135.193660007434,90.436007780399,116.442560831706,162.454953862817,159.536528924499,76.5887009590825,69.6447720963117,128.638324835362,149.935978976163,30.2482808774168,116.347731413665,88.8747829618908,189.697952270508,0,216.923721313477,107.496701195126,169.759302048456,0,178.747053019206,160.605606861604,189.033194859823,128.120853000217,179.288006455151,0,139.59302862067,0,205.727718777127,140.186416625977,153.51252746582,0,0,0,174.709186553955,230.338279724121,141.559516906738,211.807342529297,142.583912146545,0,181.072372436523,186.739265441895,166.694155591599,202.870573777419,204.093744913737,245.05583190918,213.744087219238,193.344579060872,214.548519134521
40.0576761614418,152.886966705322,108.251360620643,75.719124377798,82.9544435378608,113.483111426944,69.6732409491806,12.6848772688356,72.2486749382405,68.8169705091204,23.284440814269,161.337978856704,76.9588254245359,170.941058819111,54.4570054089895,87.2025052612903,112.927661602314,134.092482197538,176.143971318784,161.705911636353,106.756043542895,74.2293846141972,93.4781606159513,85.0690928901114,69.4330952973374,197.811309814453,142.88489356775,105.687321570824,32.3377326337212,63.0891072574582,30.1736797112565,179.213202452048,128.588874549196,78.1626097076568,91.0125356935987,163.66051829945,0,180.703246634347,83.6184706832423,158.763062613351,0,162.949520576291,138.400583486088,163.841848706442,115.338503910945,156.478259939896,0,137.93869527181,0,171.997169494629,154.350217819214,146.573752955387,202.812898635864,0,217.582794189453,150.208521525065,171.057006835938,111.656425476074,161.129885432696,120.194741531157,0,203.057545661926,169.609210596675,141.372243402547,167.106169079977,171.177081298828,0,234.82893371582,167.105355156793,163.658599853516
59.8212060805131,163.593355178833,139.042237431256,104.5660593718,106.996584458785,20.8920842083701,24.5334225081478,72.2486749382405,12.9999214490484,96.2034480507309,53.0702905998999,79.553847740545,97.0900333390371,89.2297378222148,23.2493163461349,50.2111365337565,135.001007080078,148.498558644827,115.6045002122,155.465715192028,101.714022772882,114.743901585424,132.162986755371,124.791362476484,100.434558974849,94.092128499349,146.399670756706,154.197858603897,92.408338001232,47.554204368919,101.652801190653,120.521464496578,21.0563192202526,100.631075712351,63.1639672671661,188.349727085658,0,207.558371225993,113.197268829346,178.95491394043,0,179.091193644206,170.356141789754,186.598124468768,158.27119178772,181.762989807129,0,166.648580551147,160.513244628906,198.935630602714,199.996541341146,187.752133178711,192.468742370605,0,226.301081339518,183.537599563599,218.484518432617,173.197645823161,195.074464586046,147.678875569944,221.337219238281,173.06526184082,203.614981333415,169.083534201598,205.857590170468,189.284173148019,0,0,196.545496622721,194.767857869466
84.3595782249205,76.5248248166051,109.503925925807,24.3385027832276,55.093323610831,58.3532817265759,85.6344859410846,68.8169705091204,96.2034480507309,8.94380407221367,80.075881308503,141.411058698382,10.2612770233683,124.418710579683,99.3260582786987,21.938939572951,70.6271195267186,132.1515049029,156.972884634267,149.456840698978,42.8261880794337,73.935506077136,24.4374053941401,100.547535280638,21.5849081599272,105.02173497584,137.318192996367,112.024695822156,59.1483451573011,82.495438526952,61.880199950082,143.848928663466,127.158149719238,60.1986147442135,85.90781638346,0,0,174.838595072428,42.7002986401928,120.711244855608,0,127.608448301043,106.152304107068,137.642459106445,57.9179049173991,123.702918593948,207.659912109375,104.787484868368,185.866228739421,126.107905301181,118.022151947021,102.639790852865,187.470191955566,184.747940063477,208.734497070312,110.971541086833,129.112220177284,94.3709154129028,146.622468566895,83.7617755342824,172.936874389648,198.119520040659,192.328185590725,104.771000870136,125.013640594482,109.464276123047,217.346624755859,0,129.468688964844,133.799478912354
24.7423573356975,0,120.142700452071,122.976665165113,36.0096117944362,122.310719847679,40.7833161263956,23.284440814269,53.0702905998999,80.075881308503,14.0953487950002,167.128746517121,38.0280631083518,179.771048651801,49.2724434659834,87.4781354370117,78.3166580200195,160.859937991736,186.052074432373,180.342142922538,24.8360713200891,88.9964656829834,133.740156555176,95.1432650854828,85.1902185723982,211.099464416504,158.618004192006,157.684580360971,30.9209480123246,106.9412298294,87.7959329670873,195.988683600175,132.859710089051,103.889238630022,103.305841965475,192.324081420898,0,198.169647216797,112.616356312145,169.199529815138,0,171.153105263398,152.060518188477,190.726426517262,123.883687700544,175.821728761169,0,155.380102934661,0,199.200916963465,161.032858276367,152.991251627604,0,0,0,166.444968384582,0,157.229377746582,184.072772979736,130.766845451023,0,226.602653503418,210.682171630859,158.761421652401,209.182682991028,148.819519042969,0,0,163.482009887695,175.530685424805
123.86778471205,80.0076736211777,119.796327590942,94.2417054506812,176.344031333923,69.6371257676991,105.438681449297,161.337978856704,79.553847740545,141.411058698382,167.128746517121,16.1058281010392,153.793082489364,25.9066000723296,87.2518245014718,143.838864644368,127.017367045085,59.7125273738589,27.2159685318763,29.0811285938178,165.207793111387,113.596435289125,107.782860636711,106.243013039613,162.748470884381,39.7848233328925,30.0051491171924,72.3298698095983,169.343818814147,70.21614042161,104.383548617363,38.2409286566402,69.9667233439973,100.540101114909,32.4800244609356,0,116.049475449782,153.079986572266,108.727675628662,0,0,0,213.898752848307,0,176.703455607096,0,88.7646693229675,168.824119567871,84.1812846415752,204.864234924316,0,165.030136108398,130.695861816406,107.710424535415,118.578375596267,240.529495239258,167.907180786133,116.028484344482,167.469411214193,199.744115976187,76.1652290480477,111.23665685239,119.422176010429,206.912992477417,226.571357727051,0,105.217848749444,0,0,127.520708084106
95.0898366655622,124.692825317383,197.282315572103,123.994020819664,32.4524976652389,77.5971032049423,28.5918344480282,76.9588254245359,97.0900333390371,10.2612770233683,38.0280631083518,153.793082489364,12.1693488951243,165.230681548247,107.294140861736,15.8110554151249,157.53857421875,205.052127293178,175.636494563176,172.787755629596,16.3517800672011,139.698144095285,135.031310272217,190.524671766493,19.3630451861622,164.562433878581,184.987259222537,166.222108094589,55.0711183913748,107.26772804302,136.768515450614,179.184855869838,119.275151897121,111.700569788615,101.93559923916,0,0,194.763320922852,96.228232383728,150.379059358077,0,135.585346044496,150.531024456024,172.754242938498,93.9780773586697,123.679625305475,0,15.5273228184006,168.62565612793,149.841025797526,137.84587097168,0,0,0,177.944702148438,20.0480390801752,0,185.949905395508,164.464874267578,126.767092998608,204.336608886719,181.572479248047,201.469441731771,158.105505752563,164.056495666504,226.6767578125,201.329879760742,125.843971252441,0,214.428596496582
173.700973510742,54.3753903864501,166.610149383545,64.2704875886355,183.400029500326,95.2166549976055,105.365279313995,170.941058819111,89.2297378222148,124.418710579683,179.771048651801,25.9066000723296,165.230681548247,10.3693613683216,95.5674545430691,157.394970980558,120.486865997314,139.974910389293,56.0345572265924,92.8174102180883,179.211886319247,161.172983169556,93.9936138369932,162.363836669922,139.502758904507,21.7676743167264,42.6904494935332,37.0822105428583,176.281093597412,86.1782163986432,166.503750271267,19.0110405045895,82.7837202208383,153.045384724935,56.9172904205322,231.570877075195,103.107986225801,161.915757986215,87.8687310218811,0,0,0,198.870445251465,148.332590738932,163.128692178165,0,85.5574505427112,0,77.8947500205902,156.970764160156,0,198.930038452148,122.909271240234,101.610769988797,113.091810801673,0,182.253402709961,114.434034276892,149.283813476562,177.781285603841,69.4606958328317,98.8848032732313,100.704440544699,226.233573913574,203.476547241211,0,94.9253055157649,0,0,129.9938361428
20.7603535585306,151.606820424398,122.180322384662,99.5162866694446,118.65893271695,42.9073677137786,56.4323187442861,54.4570054089895,23.2493163461349,99.3260582786987,49.2724434659834,87.2518245014718,107.294140861736,95.5674545430691,12.8811072726091,76.8106584484074,147.059281741872,131.084531563126,122.267816959728,150.617620335685,112.830481584713,100.098074596875,110.445737915039,106.722950165837,104.026787674893,112.433407919747,139.710944148472,147.275857272768,98.4035536341788,35.1651566664726,69.1641157374152,127.141779939005,15.923930964181,61.8251859104566,67.66315702079,187.16214458759,230.445388793945,199.17097269694,115.477212485621,177.643136291504,0,190.552273062773,167.41125413969,200.859261184442,139.476880645752,190.340198581502,129.776138305664,134.499532063802,150.572901407878,201.190976193077,0,161.961241722107,225.297045898437,0,187.779815673828,188.169805526733,199.771357945033,157.876298904419,189.347195307414,151.305685562271,105.49585723877,193.961496526545,194.654318040417,163.603777226484,197.181531929675,171.393031908118,210.800659179688,0,177.984163072374,186.589855418486
121.70320892334,120.383883361816,134.533156840007,80.6461232159589,71.390543607076,16.5145671991005,15.7202225234632,87.2025052612903,50.2111365337565,21.938939572951,87.4781354370117,143.838864644368,15.8110554151249,157.394970980558,76.8106584484074,8.95565807701684,196.631454467773,151.33404194225,186.704495239258,179.950735909598,61.4166944565312,111.733275413513,80.3153360861319,152.585619608561,46.7172925456041,146.221169415642,173.180605752128,141.813356081645,84.4158597635039,76.2544079036503,110.461903042263,187.036695861816,37.1673301323173,107.926906292255,97.741771283357,0,0,230.293258666992,113.562699127197,141.039002554757,0,157.864872523717,174.180623372396,182.305418014526,0,155.827013015747,0,119.363138834635,0,0,0,134.428239822388,0,0,0,114.602998733521,148.046325683594,94.2577819824219,139.93278503418,140.883277229641,0,208.02033996582,194.194540023804,163.476161956787,0,119.066032409668,0,0,0,209.765159606934
102.910438537598,75.5081367492676,106.357523301068,38.5989522591855,100.16284942627,151.392562866211,151.393442789714,112.927661602314,135.001007080078,70.6271195267186,78.3166580200195,127.017367045085,157.53857421875,120.486865997314,147.059281741872,196.631454467773,14.8432576086913,113.202332123466,158.217144012451,139.305629457746,83.6367721557617,27.833839760759,33.0629545486172,21.8733034074163,34.3638858532841,105.89634958903,130.855903508113,41.3552715357993,40.1783723269871,101.737950960795,74.4230155628689,149.792041015625,139.032867431641,75.0789093017578,80.7050858720284,137.051307678223,0,126.411627111301,57.2505332946777,0,0,222.526123046875,143.34325187437,153.119602203369,184.45677947998,169.845644632975,194.684852600098,0,0,172.351264366737,0,95.3446095572033,154.79575582651,197.828552246094,194.149036407471,0,108.910636034199,54.1020527549181,105.234149791386,74.6333140379153,0,165.165054321289,106.533532339594,122.085462754773,140.379465605083,117.672586806277,0,0,126.759176635742,125.642840231619
103.559075968974,57.9576141517479,48.7383990282601,76.6834827581534,207.442504882812,145.450054168701,160.993567936004,134.092482197538,148.498558644827,132.1515049029,160.859937991736,59.7125273738589,205.052127293178,139.974910389293,131.084531563126,151.33404194225,113.202332123466,14.9951693182681,68.6691491276385,29.8349968119019,219.3600025177,70.5680595668848,78.8753927742563,28.7985787125716,139.193959322843,109.495715671115,37.1580275580134,72.7408697533317,120.647585189491,100.849029662879,77.0544261826838,101.464337031047,125.091200123663,91.1808441348192,41.4250673504533,227.120849609375,122.124454498291,111.597762624472,81.2473445827678,198.116714477539,184.334732055664,230.653244018555,191.540250142415,216.088714599609,156.404506138393,206.824523925781,159.685537719727,0,163.169292994908,229.328231811523,186.940948486328,138.045786476135,122.447374213232,152.775398254395,141.124370706492,0,148.802662120146,118.207254600525,131.290512623506,172.346457481384,157.444839477539,121.732662803248,115.817663587854,184.663421630859,225.241724014282,165.152491519326,158.20760345459,0,0,132.647734578451
151.741670496324,78.2328178970902,101.729833749624,92.2357063293457,177.679056803385,94.7830294095553,145.730490218761,176.143971318784,115.6045002122,156.972884634267,186.052074432373,27.2159685318763,175.636494563176,56.0345572265924,122.267816959728,186.704495239258,158.217144012451,68.6691491276385,9.48518538015645,26.4907684544263,188.196845372518,128.393123528896,123.67495259931,128.355060376619,167.879479980469,64.178520365658,33.6594064669125,71.0731622248812,185.06613207878,99.2447201777727,130.376691954476,55.6105918963703,98.7444812910897,126.53840552436,67.2823649980883,0,135.19700012207,149.783707682292,127.939336776733,0,0,0,229.587982177734,164.55339050293,215.329933166504,0,123.941664475661,0,108.240946903407,0,0,243.750579833984,147.335545626554,118.025352373515,121.835990775345,0,0,148.963829040527,202.806350708008,211.926325480143,92.9242258071899,114.602680213649,120.400125022924,208.082595825195,149.401657104492,211.313323974609,121.085614637895,152.439651489258,0,149.236882890974
131.275611584003,75.0447007908541,76.0562813789756,74.6178696922269,199.821955362956,141.491168430873,180.58328115529,161.705911636353,155.465715192028,149.456840698978,180.342142922538,29.0811285938178,172.787755629596,92.8174102180883,150.617620335685,179.950735909598,139.305629457746,29.8349968119019,26.4907684544263,14.6276268168864,179.211960792542,105.739009671741,112.018280138288,102.365243514571,158.558310917446,55.5987090216743,42.0847087104463,75.3924942735249,158.38161272616,113.671518869371,101.277415781284,72.4693967048158,100.095278058733,104.368650046728,52.7557593883545,0,114.749531216092,127.857130075866,102.568117141724,0,0,0,206.820393371582,223.451843261719,196.389556884766,226.008743286133,139.865058898926,233.53141784668,121.536340601304,238.41227722168,236.953277587891,168.092627631293,128.875110305358,127.670919299126,118.982334655008,0,194.061892700195,153.617700364855,159.399723933293,201.994027031793,89.3564425075755,113.885790432611,120.193835086414,220.999481201172,211.309534708659,192.291589355469,128.872723020356,0,213.784599304199,140.732983907064
90.3548721962787,0,211.420684051514,120.004496510824,17.8710508957993,113.295425923665,53.3351358062019,106.756043542895,101.714022772882,42.8261880794337,24.8360713200891,165.207793111387,16.3517800672011,179.211886319247,112.830481584713,61.4166944565312,83.6367721557617,219.3600025177,188.196845372518,179.211960792542,11.8167447042883,175.712692260742,116.93741607666,172.78298441569,23.0370838959904,0,185.561588596653,177.728730519613,28.7769021368723,107.696811186962,152.399841308594,192.386545453753,131.379869829144,122.922361585829,102.166717222759,0,0,0,103.508783834952,37.1406095172212,0,138.78952050209,154.171257808291,169.879525756836,107.288339805603,142.760513663292,0,13.746395736203,0,183.576187133789,132.020351409912,0,0,0,0,25.9383016734672,0,137.574802398682,0,101.915556749247,0,224.569641113281,208.185572306315,159.153700614462,209.40446472168,0,0,0,0,144.837265014648
80.2403679249449,103.438652038574,75.0137200963577,60.253323610673,160.756767272949,93.6209335327148,124.621814808947,74.2293846141972,114.743901585424,73.935506077136,88.9964656829834,113.596435289125,139.698144095285,161.172983169556,100.098074596875,111.733275413513,27.833839760759,70.5680595668848,128.393123528896,105.739009671741,175.712692260742,14.7846990642599,56.2838283121361,38.7061289514998,59.4901913178826,155.725811004639,116.864932488958,83.4765876382777,33.5036663718011,75.6114512414643,31.3321727503458,197.238970438639,151.28416115897,46.6033304178196,49.2050260568976,141.702407073975,0,144.789854569869,108.097536904471,0,0,0,135.46979997423,178.070110614483,96.8611561457316,181.158933003743,192.064590454102,112.696487426758,224.477381388346,158.88245344162,0,108.329987538325,188.939168930054,0,201.868657430013,195.008392333984,122.953854891149,74.7537123979841,126.910880872938,115.159844240181,0,183.092578887939,146.197892107282,123.753292237446,151.941160202026,125.438096489705,0,0,124.648937898524,141.923317718506
95.560633795602,27.8403026061039,58.7731706419987,27.7912089781563,94.2511474609375,114.731051635742,120.369417826335,93.4781606159513,132.162986755371,24.4374053941401,133.740156555176,107.782860636711,135.031310272217,93.9936138369932,110.445737915039,80.3153360861319,33.0629545486172,78.8753927742563,123.67495259931,112.018280138288,116.93741607666,56.2838283121361,9.94562780740282,53.8570810468493,36.3306901366857,71.3889038528221,107.273505849746,46.416639704251,60.2424213921635,72.3149704706101,60.7541359096554,113.658009120396,166.284820556641,53.9781956438158,63.6136343435581,95.9813957214355,0,106.343020262542,65.207083384196,0,0,143.21605682373,113.4991889227,178.050033569336,89.7934385935466,129.191766738892,0,0,163.305573896928,119.513829549154,0,70.359263743525,123.900691223145,171.789741516113,170.532299041748,0,97.7570795626254,34.6302257273571,87.1500735855103,87.3208120172674,147.558670043945,154.392831910331,99.152494328134,101.743466684093,129.689916610718,115.113587273492,179.806369781494,0,0,123.431748867035
87.3961784996672,93.9047035943894,36.7103300023938,55.5843147060828,149.899839921431,178.349151611328,135.193660007434,85.0690928901114,124.791362476484,100.547535280638,95.1432650854828,106.243013039613,190.524671766493,162.363836669922,106.722950165837,152.585619608561,21.8733034074163,28.7985787125716,128.355060376619,102.365243514571,172.78298441569,38.7061289514998,53.8570810468493,19.6216415544174,81.0980444900672,118.056460062663,80.8807775800909,53.2505106542815,56.0963900093512,95.6630809417229,57.4635328651855,151.157873535156,138.268034501509,70.3662920566584,49.4013235254559,180.502428690592,122.795337677002,108.084289616069,74.4790356681946,177.327053070068,0,206.06773630778,164.757956804548,180.444351196289,182.365021705627,187.405789888822,0,213.518951416016,0,170.650902488015,0,103.455128777254,141.851119563265,169.323390960693,178.414931233724,0,120.891746480197,67.681955208324,113.578916019299,133.187314331532,0,154.805227279663,110.899482326353,153.780197681728,171.926775693893,126.748685736405,0,0,161.279789515904,133.64025982221
83.0317920027979,86.6895905677976,124.375621168581,49.161943138578,30.0273911892585,82.8187603853187,90.436007780399,69.4330952973374,100.434558974849,21.5849081599272,85.1902185723982,162.748470884381,19.3630451861622,139.502758904507,104.026787674893,46.7172925456041,34.3638858532841,139.193959322843,167.879479980469,158.558310917446,23.0370838959904,59.4901913178826,36.3306901366857,81.0980444900672,14.5574676356221,117.136620863204,146.559277633736,102.569654911962,33.8961073352495,91.2857266375613,74.7234200456147,159.710903809134,132.36758295695,73.5201316730551,89.3231633260637,137.034944279989,207.381057739258,169.394860912505,65.0361101797164,133.672491099383,0,135.690234643442,118.997218371349,147.388652801514,86.0174004431484,136.211611508504,216.01372273763,96.9148198954264,205.562613854041,151.318971332751,133.035551452637,104.765658864435,182.976068636266,215.898468017578,200.288461538462,128.085001687443,128.238994473725,77.0282675701639,144.601088213774,95.7038123261646,184.666458129883,192.512475726248,174.973807121726,114.545740754194,146.605808932325,124.716619460309,221.884719848633,199.031574249268,129.320356369019,142.445384277344
0,23.2618928132307,124.349872589111,31.8137269525353,0,113.211313883464,116.442560831706,197.811309814453,94.092128499349,105.02173497584,211.099464416504,39.7848233328925,164.562433878581,21.7676743167264,112.433407919747,146.221169415642,105.89634958903,109.495715671115,64.178520365658,55.5987090216743,0,155.725811004639,71.3889038528221,118.056460062663,117.136620863204,10.6287144460148,51.7475275764465,32.6395187428314,142.700263645338,100.079771253798,140.555284500122,52.2393032178328,78.1950905539773,113.449691772461,67.3317550404867,0,89.2837631225586,111.136951446533,50.0434300331842,0,0,0,246.081680297852,0,145.750694274902,0,90.1322292751736,0,74.1307262621428,0,0,0,102.931053161621,108.937270669376,104.497201792399,0,0,107.687732696533,189.411552429199,145.743667602539,39.868071446052,94.7737202862509,96.621661680018,193.409027099609,199.385986328125,177.209075927734,98.4117016262478,0,189.585266113281,115.952590942383
115.483258849783,61.7731268347763,37.5234498780705,63.6912050848018,174.815524631076,133.079313579359,162.454953862817,142.88489356775,146.399670756706,137.318192996367,158.618004192006,30.0051491171924,184.987259222537,42.6904494935332,139.710944148472,173.180605752128,130.855903508113,37.1580275580134,33.6594064669125,42.0847087104463,185.561588596653,116.864932488958,107.273505849746,80.8807775800909,146.559277633736,51.7475275764465,22.6599692699778,52.6495542611492,145.149788534641,119.969649111154,108.489746606508,32.400012772357,106.984411609707,129.479484156558,77.7726585735457,194.016192118327,103.581471727605,107.817019936301,90.4657919721783,224.36311340332,0,230.699096679688,200.73596341845,210.292423248291,181.802488983655,207.522120549129,114.711723424211,242.571868896484,103.242669590184,204.221800804138,197.312515258789,150.233772669083,112.879394575672,117.318597760504,115.826362617263,0,179.748090108236,140.685064930027,142.409190185547,186.380997917869,89.1148828294542,106.314405196206,109.010107648442,200.5527759552,192.952788216727,182.14710374312,114.651761342965,0,166.589589436849,127.290499661138
128.775800153542,32.3021288010836,32.7105385565089,41.1144462847293,144.137029136099,156.656919424874,159.536528924499,105.687321570824,154.197858603897,112.024695822156,157.684580360971,72.3298698095983,166.222108094589,37.0822105428583,147.275857272768,141.813356081645,41.3552715357993,72.7408697533317,71.0731622248812,75.3924942735249,177.728730519613,83.4765876382777,46.416639704251,53.2505106542815,102.569654911962,32.6395187428314,52.6495542611492,19.0349074288466,85.3599897767396,127.487245034851,111.367981220299,39.9894480038529,118.466027540319,121.932121851111,77.104259855413,201.830360861386,106.347865166203,101.416016863962,66.2555904455118,211.919804890951,139.515533447266,219.077053833008,181.579537993024,210.992973729184,178.274960125194,198.036800168595,128.815139839241,0,104.072225467579,215.636931065151,206.446711222331,115.474757395293,117.206044525796,125.537095833368,120.899786263369,175.314697265625,134.462742402592,80.7912111259696,112.843666690398,148.150233572851,79.4018183589852,109.795209259178,105.359275810152,167.477648548244,195.822899528172,167.98206654533,118.780667877197,0,192.564630126953,126.984962208357
80.0651929501288,117.133526970358,101.579503161819,63.1064728331369,22.2049382950963,123.778602693139,76.5887009590825,32.3377326337212,92.408338001232,59.1483451573011,30.9209480123246,169.343818814147,55.0711183913748,176.281093597412,98.4035536341788,84.4158597635039,40.1783723269871,120.647585189491,185.06613207878,158.38161272616,28.7769021368723,33.5036663718011,60.2424213921635,56.0963900093512,33.8961073352495,142.700263645338,145.149788534641,85.3599897767396,13.6430773941584,90.3818918350844,46.5697986472799,175.593101501465,137.897485564027,67.5822487667467,76.3505629826678,145.636768341064,168.413223266602,173.723672144621,82.1312356627131,154.331863074903,0,156.836349159662,130.710287108335,162.18979641699,95.7093397678473,160.061594215883,206.327545166016,139.114922484306,0,165.260169534122,145.997350804946,118.529915404046,181.558211215707,228.523951212565,209.797904968262,153.864319196429,137.742044956564,90.5294845408963,153.542298457933,106.050356204804,0,189.334735870361,169.777824612114,126.292799183115,158.617402130703,131.552618369695,0,203.815631103516,140.325392460478,156.302938418918
17.3438640655588,131.692995071411,113.66736789439,81.7800555086543,112.229835345591,25.4194371937756,69.6447720963117,63.0891072574582,47.554204368919,82.495438526952,106.9412298294,70.21614042161,107.26772804302,86.1782163986432,35.1651566664726,76.2544079036503,101.737950960795,100.849029662879,99.2447201777727,113.671518869371,107.696811186962,75.6114512414643,72.3149704706101,95.6630809417229,91.2857266375613,100.079771253798,119.969649111154,127.487245034851,90.3818918350844,14.2496997134214,25.9817020746913,107.179168305574,14.3656924040767,20.8272126645679,39.6164790792757,183.935606115005,0,180.028604578089,102.693741242782,185.206587219238,0,180.331461706827,152.600659663861,191.468620032595,109.068962097168,188.467464167897,214.697822570801,151.97421836853,152.070753479004,184.506507084287,154.980049133301,123.381335817534,183.545179367065,142.620147705078,189.68561469184,205.248026529948,163.4990745827,99.262077331543,183.200482177734,138.424574380068,117.810241699219,171.207766771317,177.627612876892,147.613748862288,179.138271639424,155.749390980554,0,223.206909179688,165.099526062012,175.409821192423
38.1793704965433,120.435284932454,88.2513696862721,61.4007453013974,108.258369044254,126.825815836589,128.638324835362,30.1736797112565,101.652801190653,61.880199950082,87.7959329670873,104.383548617363,136.768515450614,166.503750271267,69.1641157374152,110.461903042263,74.4230155628689,77.0544261826838,130.376691954476,101.277415781284,152.399841308594,31.3321727503458,60.7541359096554,57.4635328651855,74.7234200456147,140.555284500122,108.489746606508,111.367981220299,46.5697986472799,25.9817020746913,14.0457964297021,161.945195515951,152.429656982422,31.6613486570229,36.6145715432853,150.95153093338,144.590591430664,157.90381789789,83.201350121271,153.808949788411,214.273468017578,171.965689266429,138.849888962966,172.364603678385,90.7594004434252,160.178128560384,0,202.861679077148,0,163.906867675781,0,110.737163266269,183.616729736328,0,171.419860839844,0,135.511917852586,82.3128211880908,147.963013354643,116.795362852932,0,190.356040367713,158.375050789969,126.923292107857,156.141445789522,131.033673422677,0,0,144.732038324529,145.691399624473
151.176998683384,73.2363620557283,105.063155522422,84.1829647551802,213.466995239258,136.447499956403,149.935978976163,179.213202452048,120.521464496578,143.848928663466,195.988683600175,38.2409286566402,179.184855869838,19.0110405045895,127.141779939005,187.036695861816,149.792041015625,101.464337031047,55.6105918963703,72.4693967048158,192.386545453753,197.238970438639,113.658009120396,151.157873535156,159.710903809134,52.2393032178328,32.400012772357,39.9894480038529,175.593101501465,107.179168305574,161.945195515951,10.1363931710441,105.286604589346,0,82.1754156844493,0,125.655148400201,162.983111063639,123.310852305094,0,0,0,225.041046142578,162.320999145508,177.851697649275,0,109.174753935441,0,97.8828631821863,207.416381835938,0,228.632339477539,144.821298487046,112.309557058872,123.280668507452,0,164.561447143555,149.930305989583,201.832588195801,201.097383117676,91.0553803443909,114.180403335766,115.108164487079,233.600026448568,209.403620402018,204.68729019165,110.892239595583,0,0,147.18300374349
97.7819183349609,0,150.750209263393,126.171939849854,148.751772880554,15.9982404719314,30.2482808774168,128.588874549196,21.0563192202526,127.158149719238,132.859710089051,69.9667233439973,119.275151897121,82.7837202208383,15.923930964181,37.1673301323173,139.032867431641,125.091200123663,98.7444812910897,100.095278058733,131.379869829144,151.28416115897,166.284820556641,138.268034501509,132.36758295695,78.1950905539773,106.984411609707,118.466027540319,137.897485564027,14.3656924040767,152.429656982422,105.286604589346,6.40096811345872,83.7208913167318,33.503312066833,0,0,0,154.444839477539,0,0,0,197.858108520508,0,0,226.140113830566,0,0,130.106575012207,241.611740112305,0,220.462814331055,149.97021484375,161.00528717041,0,0,0,0,146.055679321289,182.52389187283,105.354736328125,180.731700897217,169.93221609933,202.423963546753,236.760589599609,0,0,0,198.041885375977,0
58.941189289093,98.1364776611328,123.114428976308,65.4984318882368,109.749970436096,58.298038482666,116.347731413665,78.1626097076568,100.631075712351,60.1986147442135,103.889238630022,100.540101114909,111.700569788615,153.045384724935,61.8251859104566,107.926906292255,75.0789093017578,91.1808441348192,126.53840552436,104.368650046728,122.922361585829,46.6033304178196,53.9781956438158,70.3662920566584,73.5201316730551,113.449691772461,129.479484156558,121.932121851111,67.5822487667467,20.8272126645679,31.6613486570229,0,83.7208913167318,7.84129819245737,29.13336539312,149.077141655816,0,171.338590621948,80.276459607211,133.744915008545,0,164.185583496094,135.666216130842,167.897429246169,85.6376609802246,181.696258544922,0,0,212.263214111328,166.986245897081,186.070266723633,107.767505645752,0,0,0,159.650833129883,121.679758344378,92.5257415771484,162.483418273926,118.385392354882,0,194.120742797852,202.440757751465,129.189582304521,157.300892966134,123.104508486661,0,0,144.042038657449,140.980153656006
87.6406939728091,75.5250841522217,71.6108771504482,71.5398274189717,105.278895248066,38.2432947627834,88.8747829618908,91.0125356935987,63.1639672671661,85.90781638346,103.305841965475,32.4800244609356,101.93559923916,56.9172904205322,67.66315702079,97.741771283357,80.7050858720284,41.4250673504533,67.2823649980883,52.7557593883545,102.166717222759,49.2050260568976,63.6136343435581,49.4013235254559,89.3231633260637,67.3317550404867,77.7726585735457,77.104259855413,76.3505629826678,39.6164790792757,36.6145715432853,82.1754156844493,33.503312066833,29.13336539312,12.8219452407163,166.703117370605,128.617535591125,118.737021289294,89.0290322915102,121.744402567546,0,204.19077192034,143.002757191658,176.705393174115,137.390679099343,167.163793945313,214.557083129883,101.113868713379,128.790481567383,161.637758608218,202.864761352539,119.192710009488,134.14486176627,140.968188476562,147.442606745539,176.491821289062,142.524608612061,89.3942512330555,130.040754427855,130.171398753402,107.053349812826,140.759199571609,126.165559199045,134.557529288278,159.561942050332,131.312246894836,162.456197738647,0,152.237024307251,156.116034115062
166.201225280762,0,0,104.588172149658,149.416122436523,0,189.697952270508,163.66051829945,188.349727085658,0,192.324081420898,0,0,231.570877075195,187.16214458759,0,137.051307678223,227.120849609375,0,0,0,141.702407073975,95.9813957214355,180.502428690592,137.034944279989,0,194.016192118327,201.830360861386,145.636768341064,183.935606115005,150.95153093338,0,0,149.077141655816,166.703117370605,12.7791985627564,135.144569396973,125.707438798384,78.4462893942128,99.0811330401708,139.706965128581,76.556666548823,25.0999269821091,35.9721757426146,77.6193450927734,60.5154318105162,129.398455374581,100.455164337158,160.296607971191,18.5447104328094,43.196521282196,92.2150714510963,116.064847642548,146.079632845792,136.02574469493,96.6686522960663,96.1104075416686,76.8662077222552,106.122505330151,83.7274316075336,149.035202026367,127.793556175857,158.557158730247,83.4730146713613,19.5882829126995,23.6181342940028,169.795725504557,84.123397064209,51.8764822823661,83.1985952530173
0,70.961612701416,105.610977172852,80.8874702453613,161.091354370117,0,0,0,0,0,0,116.049475449782,0,103.107986225801,230.445388793945,0,0,122.124454498291,135.19700012207,114.749531216092,0,0,0,122.795337677002,207.381057739258,89.2837631225586,103.581471727605,106.347865166203,168.413223266602,0,144.590591430664,125.655148400201,0,0,128.617535591125,135.144569396973,7.09464229784823,49.850722471873,27.4786299323734,0,0,0,146.243250165667,162.197131565639,76.0068285619351,149.262073516846,58.0857009887695,0,51.1968567102475,154.954193115234,107.66605682373,74.6795892715454,55.9753766879914,75.2329760099712,66.9323721798984,0,100.56423441569,24.4277126977619,79.0701621483112,79.9733837483724,21.6116205908203,55.7482757862931,31.0551140694768,113.149510701497,145.14404296875,109.789793014526,69.1684902875851,0,107.907615661621,75.7911808225844
180.495346069336,102.243856758907,100.699847493602,105.586884891286,207.986846923828,0,216.923721313477,180.703246634347,207.558371225993,174.838595072428,198.169647216797,153.079986572266,194.763320922852,161.915757986215,199.17097269694,230.293258666992,126.411627111301,111.597762624472,149.783707682292,127.857130075866,0,144.789854569869,106.343020262542,108.084289616069,169.394860912505,111.136951446533,107.817019936301,101.416016863962,173.723672144621,180.028604578089,157.90381789789,162.983111063639,0,171.338590621948,118.737021289294,125.707438798384,49.850722471873,17.270361063425,50.9409536241411,142.862474308457,189.692169189453,147.132833943415,104.445949615541,136.862152656939,114.034567052668,122.044446279836,109.795954238537,175.39567565918,123.898813883464,138.529154756438,159.867264380822,86.2933780980665,48.5492148601914,91.0108311053404,72.2033159490945,208.691700526646,71.9004204336758,52.3960820282398,40.3561758257916,112.851257730518,79.3362668355306,35.3781058991811,37.3722476721586,94.0609801573796,148.710731111724,95.2138983734213,98.0607125418527,197.083171299526,127.314145844558,68.6379425953596
