11.6979045819033,141.437641906738,102.759588572714,78.2725340459765,95.8267619920814,0,94.9177149103043,41.6051387287266,62.8487954749717,77.2644761630467,31.957475655335,120.947459659061,91.3486862182617,139.377802068537,20.5229440997537,115.072075583718,128.181599934896,107.966832811309,152.051646145907,129.701586296222,77.99399493603,85.8178467834626,92.6168109812635,92.2618601108026,88.7963281623067,212.3076171875,118.759943650978,129.460547355105,87.6459374875599,21.7911671122118,43.7620316974383,152.800069173177,84.3876678466797,76.7672896208586,95.3516645903635,184.520584106445,0,177.34156703949,107.149461364746,146.991966247559,0,180.368522644043,151.194386017628,187.960830688477,98.6125233968099,185.67951965332,228.614974975586,215.374504089355,0,186.976839505709,126.769195556641,173.244430541992,200.775393168132,0,0,201.674957275391,180.871528625488,114.199859619141,179.773064168294,134.975429205247,0,216.95578511556,190.624438870338,147.821384641859,181.115270233154,149.858805338542,0,0,157.113595581055,165.0603515625
141.437641906738,11.0618968355245,46.7383826399503,27.2064506960105,0,142.156892564562,146.433720179967,139.247881208147,136.558867863246,80.1659418437902,141.236717224121,73.2339121704102,162.250636630588,57.3646144441828,145.738540921892,127.203575134277,76.4203459306197,57.9820111802045,89.1569799276499,69.6608817123785,0,118.066071374076,27.7090924404628,89.8328429050133,88.1790319530663,26.8938305443738,54.4990844563541,34.915302040805,118.868285810444,127.827311285611,110.234512046531,72.3707395079275,108.189281887478,111.497362772624,66.6560226275766,0,76.8533010482788,103.884067853292,71.0346278381348,192.479385375977,0,0,140.477973937988,198.261123657227,214.252532958984,0,125.281360626221,0,114.659758605957,198.59691619873,0,0,117.446447372437,151.622598648071,134.031397247314,0,130.674987792969,98.9899431864421,123.654377746582,178.412155151367,81.9378829956055,122.115651695474,113.914666393191,170.852905273438,216.514068603516,202.351913452148,132.519142150879,0,0,179.577184041341
102.759588572714,46.7383826399503,12.0533310709008,53.9961297709243,132.448672485352,153.927883911133,150.168844709209,107.36005376389,138.086437810602,112.500502651178,128.174614360794,121.049454550141,191.452453613281,142.569493103027,122.373914668397,145.023778703478,99.532030762219,41.1054541570915,95.3733088585638,70.2408055042961,206.438022613525,76.6737888745814,54.4304248323932,36.1178213669091,127.572707084155,139.200885772705,37.4910807409954,32.7509957600358,108.863807369001,117.269087481651,90.042414281054,100.896578508265,175.672299194336,132.808684065535,71.6640447560807,201.480387369792,99.129250893226,99.0984301913316,63.1386768010658,201.043334960938,0,221.689923095703,187.927025626687,202.749421861437,170.476621355329,197.642463684082,147.808853149414,191.306243896484,157.129308428083,207.641916910807,0,128.324520991399,112.225081575131,158.971268971761,137.617552874839,0,149.886255972726,100.384669440133,113.693045422458,170.530965584975,123.465319315592,121.497049713135,102.369164325804,174.458424201378,197.171148681641,161.151269611559,183.890640258789,0,141.505096435547,124.270009665654
78.2725340459765,27.2064506960105,53.9961297709243,27.5405852142218,73.5524130397373,118.76319970025,122.049949193405,79.9707809611729,104.384896410926,26.915876632645,100.312045609324,84.0637361968773,101.522748661041,72.8285070710712,99.0775705530009,87.1463320732117,40.1630766256737,84.3628529057358,107.846656386917,88.3671180797073,106.667448458464,59.1899847962738,28.7086575678607,56.6346453388187,46.6032974215498,34.2559923703439,63.1999851380936,41.7450371755672,64.3154872506781,84.0652963968913,60.87581246613,85.6387268066406,125.180725097656,68.4375066317045,71.4492292366776,99.7356862386068,106.972928183419,80.5367954641149,15.8137994438115,87.7982460890359,0,109.203691291809,86.9418044472761,118.181650034587,19.5762420124478,98.9240220345107,127.67234148298,84.0670456886292,106.715251922607,118.513232491233,76.8227062225342,57.660418230247,100.473587101903,131.94043636322,118.119361437284,86.1782617279978,77.3267604873841,20.8805378760061,78.0101262676182,60.9368088059838,82.5733795801798,100.268903473277,83.6880711453781,79.8955072549673,108.639034631117,79.6816603398956,136.529483795166,129.001525878906,81.0153171832745,98.2920628083058
95.8267619920814,0,132.448672485352,73.5524130397373,12.8186955454843,108.02869076199,83.2163009643555,77.6416622444435,112.929958949013,52.6544532699585,36.363994287932,173.26272922092,37.5417917674197,194.487995147705,116.131459471237,77.0695771030262,108.349812316895,189.533004760742,188.683420817057,199.810325622559,18.4934641419862,138.373741149902,151.036918640137,147.850793457031,27.2212365987496,180.208827972412,173.56349029541,145.825889314924,22.8651036979801,118.44501849759,98.9850435256958,190.77645111084,145.628873825073,167.923412322998,109.372659705151,0,0,191.086507161458,135.314154191451,110.452422246504,232.234664916992,166.176063018591,153.128360384987,170.946840004843,99.4806510988346,158.350593005486,220.895751953125,128.35789503214,0,191.647728881836,147.335526275635,229.894973754883,0,0,0,133.325587866963,185.231460571289,183.292816162109,204.044540405273,119.504861721966,0,0,206.878395080566,148.478752109647,193.178475952148,154.749473571777,0,0,198.992477416992,205.808280251243
0,142.156892564562,153.927883911133,118.76319970025,108.02869076199,7.00062598196022,10.6902512665519,119.84860885975,15.2454309355412,59.726437886556,129.942052643875,63.5528431262,84.1280893818025,85.0943529908086,36.3156007212661,15.1540394732404,0,139.487823486328,95.4614832560221,115.575096823952,116.151386402271,126.88399887085,108.810934448242,128.74250793457,97.4889261311498,78.2413730621338,115.05307091607,152.129917399089,130.264986882444,24.5570615408616,102.063273111979,111.074966430664,14.8138742467005,81.8256454467773,36.8455748658886,0,0,0,0,0,0,209.826316833496,205.050633748372,217.125640869141,96.6004638671875,218.230204264323,0,126.869705200195,0,0,0,0,0,0,0,238.834579467773,0,0,225.718276977539,185.32864634196,0,0,210.942893981934,184.336959838867,204.879852294922,0,0,0,0,0
94.9177149103043,146.433720179967,150.168844709209,122.049949193405,83.2163009643555,10.6902512665519,13.7419584894388,70.9021647749056,24.2602193974876,88.3537515339098,43.6300664997507,91.0602589317815,36.5984848917187,99.7497397691776,55.5404873993563,15.802508942655,159.740028381348,174.659339904785,120.5852938758,164.972312927246,55.4530603657226,123.612128948343,143.20980919732,140.501362887296,98.5082971559105,121.876898193359,162.552616750957,161.999241464506,81.1369477616432,52.3097030279291,131.968923348647,142.751800537109,30.7869160792464,117.880398704892,79.3967129210351,186.47241973877,0,213.608484903971,145.918755849202,158.691553826426,0,188.761313929702,170.179864562384,189.164456524426,123.760117892561,184.394102662474,0,138.86417461086,0,193.92746808452,157.080284118652,226.835311889648,228.523025512695,0,0,178.653629302979,188.910288492839,229.571853637695,193.30903116862,146.621646771416,154.40071105957,220.712036132812,221.59084777832,171.936780481753,200.051645739325,168.67455291748,0,0,190.831967163086,208.49492754255
41.6051387287266,139.247881208147,107.36005376389,79.9707809611729,77.6416622444435,119.84860885975,70.9021647749056,13.4640351534491,77.2970548647813,73.9392989937586,24.959143735954,160.065883463079,73.300594429297,179.448312668573,56.6345924847224,91.5330211220449,105.268536800808,133.244998386928,179.513157653809,161.446567823907,122.850834558176,77.8737544479797,109.765222682509,87.3192100667899,74.1078790635286,196.110572814941,141.026821262661,110.871120997072,33.6998687606449,68.4937589255456,33.3969624206471,187.245530969956,132.717856785036,83.6356527973229,93.3892617651842,182.166375296456,0,178.757011251247,113.007897377014,142.230832962763,0,167.87494585591,142.531618226249,162.568374831955,116.120939663478,161.804629846053,0,143.544990539551,220.517883300781,171.33765505438,174.831256866455,152.177370171798,198.939344926314,234.12109375,0,159.755322265625,168.410927405724,134.838231173429,164.379267730713,128.388071737557,0,214.21880868765,171.618381268045,143.02628010654,166.137293888972,156.640807015555,0,213.15495300293,174.646204630534,176.3302563754
62.8487954749717,136.558867863246,138.086437810602,104.384896410926,112.929958949013,15.2454309355412,24.2602193974876,77.2970548647813,13.4633446004749,100.737136852242,52.1054909658618,81.1927038278641,99.5629248132511,92.3777158598333,23.9140237042881,49.3100632461138,169.002374013265,148.141126149419,115.485489725415,152.96614739598,101.904241376628,119.192592661004,121.189002264114,126.229057271484,107.325364491374,88.9835772080855,147.117993880142,152.980148083409,100.752023845586,41.3936685671993,106.354589343071,118.821962462531,17.37941876037,120.774254900344,63.0648910897957,193.671186174665,174.894958496094,207.589721679688,127.085088689277,173.629377841949,0,189.027791203679,173.249047996584,191.244733216333,135.213740212577,189.183894617417,0,185.021820068359,172.854827880859,200.103375059186,184.32618077596,189.780647277832,231.788806915283,156.289413452148,0,185.755370601531,198.2134878976,180.898137410482,203.357083129883,156.517418732514,180.135665893555,213.477465311686,200.335318172679,173.279822056688,200.245949535835,189.622392134233,153.135452270508,0,191.674446105957,198.98441212972
77.2644761630467,80.1659418437902,112.500502651178,26.915876632645,52.6544532699585,59.726437886556,88.3537515339098,73.9392989937586,100.737136852242,9.52594996834234,85.7467589643266,137.782500501992,27.5260882267923,128.495836324625,100.925284243645,28.2192217947998,69.3746990097894,121.598683653759,156.615567987615,149.398779460362,54.2609344347559,94.6939678849845,28.1048678800619,113.461358547211,25.8824962220457,109.190046705745,130.603468192892,112.544339110986,61.5385957028587,87.5142519752386,65.012834258924,143.96827569777,144.654625574748,69.3816860492413,85.2423486902646,97.8688151041667,124.768756866455,177.886047744751,35.191404811123,109.805378198624,140.715911865234,128.373208144615,113.752790992643,144.344737497965,64.052129813603,128.431749935808,189.496371459961,109.926628417969,193.203055381775,142.580383749569,98.9541575113932,74.0714111328125,173.830058171199,196.863483428955,216.000244140625,113.745585528287,128.401649475098,0,149.269243876139,82.3823284382443,206.16136932373,193.109965931286,184.982160628469,103.281278788486,127.586116282145,124.372753688267,185.307383219401,0,0,142.108243306478
31.957475655335,141.236717224121,128.174614360794,100.312045609324,36.363994287932,129.942052643875,43.6300664997507,24.959143735954,52.1054909658618,85.7467589643266,14.8364138586874,163.033072672617,38.7414787091057,170.046352039684,52.5065295671209,85.0341979013362,137.938575744629,186.045311147516,182.432287680136,181.525743103027,25.4194530349219,96.3866371683555,145.016766357422,108.702736006843,84.2453705683193,174.102993011475,170.374314597801,151.993594161324,32.5698347779994,108.66063350203,88.0353785496132,199.994136386447,134.51633445584,99.6137699436497,106.273807794408,181.168045043945,0,229.987594604492,149.501015345256,51.0201208688075,0,179.414103612109,156.23031913628,179.796956915604,113.145824306059,176.256006552133,0,158.530932319085,0,198.256765456427,161.95812722911,243.062850952148,227.271494547526,0,0,164.763201763755,214.208312988281,160.008804321289,198.185977172852,135.28212304915,0,221.565223693848,194.542902628581,166.785301178221,200.966179125237,223.778864542643,0,0,236.827621459961,205.73485364412
120.947459659061,73.2339121704102,121.049454550141,84.0637361968773,173.26272922092,63.5528431262,91.0602589317815,160.065883463079,81.1927038278641,137.782500501992,163.033072672617,14.2177120040666,150.569248931577,26.7232901037943,83.572108327126,140.858077185495,122.077826605903,65.3780885251265,24.6495159675262,26.3868453906259,154.71101054316,121.201404864971,109.512549838504,123.938760398091,164.008938620276,37.561301535644,30.7614115969032,68.153375570949,167.666333991361,70.5817681155362,116.406353809794,34.1758759559658,66.9150972102605,118.73696344549,31.8596014679301,209.604232788086,136.585385894775,153.894755772182,92.8505210876465,216.755447387695,0,226.110122680664,222.563645796342,228.659149169922,177.740200042725,232.014602661133,89.1940326690674,237.609222412109,80.810045156393,216.628189086914,0,177.120895385742,147.852364857992,113.489034082982,128.047551709552,0,0,124.302825927734,182.248772757394,211.345747514205,74.9544200897217,113.012580484957,113.010260934699,218.176455543155,230.665283203125,190.46614074707,103.549714121325,177.84440612793,0,145.738368352254
91.3486862182617,162.250636630588,191.452453613281,101.522748661041,37.5417917674197,84.1280893818025,36.5984848917187,73.300594429297,99.5629248132511,27.5260882267923,38.7414787091057,150.569248931577,14.1213410411922,161.944957386364,95.3014113281319,21.6367385866064,136.736645507813,197.379588826497,171.74532415928,180.722158680791,19.5114672941309,170.755535888672,95.9977811177572,168.81786828292,28.6359686664016,156.663385009766,181.087556087609,160.307565053304,62.2079428343906,111.941299677518,146.090316772461,183.929048810686,121.198579262043,87.5856691996257,106.549974232565,233.259506225586,0,157.612167358398,168.687705993652,105.086255881127,0,163.444628197806,152.433495759964,167.00532409668,110.574468270326,159.819315494635,0,23.1861124070233,206.056442260742,195.779280229048,128.520589556013,133.779373168945,0,0,0,135.220881891775,0,184.310241699219,203.703819274902,121.097766746359,0,220.406768798828,238.113235473633,157.084776530894,190.047556023849,189.401977539062,0,205.999534606934,155.98169708252,188.395840962728
139.377802068537,57.3646144441828,142.569493103027,72.8285070710712,194.487995147705,85.0943529908086,99.7497397691776,179.448312668573,92.3777158598333,128.495836324625,170.046352039684,26.7232901037943,161.944957386364,10.2756869851185,98.5608971672219,175.142177092723,136.218271255493,105.355457447193,57.2153062792631,80.4491410004465,163.190405368805,155.823100498744,97.9513224341861,161.502283477783,142.015438626962,26.0355261921372,45.6074034877842,38.3000095462988,175.020518493652,90.3387279810082,167.695416041783,21.1802677024401,78.3836269378662,152.327404785156,54.7773971465475,0,117.227971553802,146.875333786011,71.5906381960268,214.197940826416,0,228.199172973633,208.045864868164,156.039688110352,178.760820879255,242.120056152344,82.3106081066213,238.273544311523,70.4554078581922,205.442886352539,191.961669921875,0,151.007232666016,100.058143328423,117.220629915278,240.131126403809,0,130.885555267334,191.905082702637,196.024219512939,62.4923384743912,100.543175309937,98.261007189499,222.106959025065,171.11600112915,171.922454833984,93.3428387112088,105.723892211914,0,135.344451904297
20.5229440997537,145.738540921892,122.373914668397,99.0775705530009,116.131459471237,36.3156007212661,55.5404873993563,56.6345924847224,23.9140237042881,100.925284243645,52.5065295671209,83.572108327126,95.3014113281319,98.5608971672219,12.9050152296565,92.4712054695882,147.198089931322,130.790788776892,118.782094687343,145.808613908758,109.047917439573,101.628219402198,116.489897753741,107.373069754561,106.453235710529,104.943331400553,137.997127430498,145.424663654502,101.249267161293,32.5663748197998,75.8705257079287,118.577508685233,13.7196277528318,64.2418539066507,57.2698580625632,187.809524536133,0,206.818550763811,118.203686556973,176.208299001058,0,204.23589849472,171.304681131395,197.305379530963,141.072621065028,193.459516126056,207.916417439779,184.27649974823,143.930371602376,201.839008732846,191.192263285319,167.091262817383,220.706504821777,0,220.215173339844,186.40330657959,192.962757110596,158.341150071886,194.88372589821,156.797330994537,0,212.146514165969,201.817816483347,169.120802850331,201.832910253647,180.845933096749,0,240.084644317627,176.301844278971,194.175246605506
115.072075583718,127.203575134277,145.023778703478,87.1463320732117,77.0695771030262,15.1540394732404,15.802508942655,91.5330211220449,49.3100632461138,28.2192217947998,85.0341979013362,140.858077185495,21.6367385866064,175.142177092723,92.4712054695882,10.399660564351,113.859428405762,171.639642154469,155.263347625732,141.274284362793,61.6634939399132,127.872264099121,90.2034438993873,138.637659345354,57.5092072349163,159.933251857758,175.510827128092,151.309462464886,91.2676291179841,80.7874635696411,123.225473676409,177.163078308105,37.5727989226291,122.999952697754,104.028315516881,0,0,194.588399251302,155.381530761719,132.006042148756,0,146.52561340332,158.311260223389,190.322950575087,108.751983642578,150.516711165265,0,117.981290181478,203.064229329427,199.599456787109,135.556560516357,0,247.447631835938,0,229.595840454102,121.367975870768,189.209030151367,0,0,130.952596074885,0,225.855000813802,208.939806256975,162.910184399835,179.981960296631,199.946189880371,0,0,175.356719970703,229.219787597656
128.181599934896,76.4203459306197,99.532030762219,40.1630766256737,108.349812316895,0,159.740028381348,105.268536800808,169.002374013265,69.3746990097894,137.938575744629,122.077826605903,136.736645507813,136.218271255493,147.198089931322,113.859428405762,13.5597101255983,110.945106122134,155.273722330729,131.470389099121,163.499308268229,34.4874865306146,28.2708152783777,24.5881771388712,33.5941442630295,90.9035313924154,122.03216009429,33.6209616985,46.3031671419703,116.674177903395,75.1630445686951,168.193857828776,0,74.6630148206438,82.2434287363169,134.64395904541,0,124.85422583686,110.215204874674,0,0,181.618316650391,148.084945678711,201.813424246652,159.249645233154,192.926689147949,0,0,207.974868774414,157.88276163737,0,94.7887664034024,149.216036224365,0,163.410251617432,187.999206542969,116.322626202312,58.5658628717432,106.511118223407,127.923376380073,0,171.400927493447,104.179408214845,131.298224650638,141.188878866342,113.21010247255,0,0,119.491993427277,116.979559927276
107.966832811309,57.9820111802045,41.1054541570915,84.3628529057358,189.533004760742,139.487823486328,174.659339904785,133.244998386928,148.141126149419,121.598683653759,186.045311147516,65.3780885251265,197.379588826497,105.355457447193,130.790788776892,171.639642154469,110.945106122134,13.5224206018292,72.2761157109187,27.1624015639282,201.934230457653,60.6963064670563,73.068800870891,27.3004329592891,136.541580591925,87.0972476535373,37.4890763773493,73.7611425972071,128.302860194113,103.553646703797,78.404851938745,117.947922363281,134.678342819214,96.3534503812375,38.4069095830448,187.775787353516,106.082622528076,113.82990553968,90.4708308730014,197.42470703125,191.036636352539,0,191.436743083753,221.3134765625,174.986456734794,224.441593170166,137.21804300944,0,172.544352940151,201.097846984863,0,145.503967039047,123.434182210685,160.868385314941,148.000893312342,236.609741210938,163.426634979248,117.169026523166,134.527632941662,181.049174526282,138.592445373535,129.639376222042,120.291730739049,186.156490672718,201.395926581489,170.441801888602,164.568477630615,0,188.670293807983,137.919291904994
152.051646145907,89.1569799276499,95.3733088585638,107.846656386917,188.683420817057,95.4614832560221,120.5852938758,179.513157653809,115.485489725415,156.615567987615,182.432287680136,24.6495159675262,171.74532415928,57.2153062792631,118.782094687343,155.263347625732,155.273722330729,72.2761157109187,8.72955810254885,23.1625828991611,175.22312105619,143.700735727946,139.173814137777,128.586301950308,171.717019588389,62.1321653798849,35.1247353429432,70.440388377604,199.810808035044,109.725988824489,132.495614668902,58.0465586956174,97.3565612233013,120.224431355794,63.948162495993,0,124.12624613444,159.852926345099,112.748974482218,233.045776367188,0,0,225.736165364583,178.015548706055,0,0,106.174655914307,0,105.678701473188,0,0,0,147.603827953339,118.959693761972,130.790703894387,0,0,0,210.159530639648,221.155978393555,93.2856924122778,116.082291408359,120.686034500474,237.236728668213,175.62483215332,218.946929931641,120.735555540841,0,0,161.216600690569
129.701586296222,69.6608817123785,70.2408055042961,88.3671180797073,199.810325622559,115.575096823952,164.972312927246,161.446567823907,152.96614739598,149.398779460362,181.525743103027,26.3868453906259,180.722158680791,80.4491410004465,145.808613908758,141.274284362793,131.470389099121,27.1624015639282,23.1625828991611,13.6556790051451,173.800181797573,107.340188299963,107.106643235056,97.919576841058,155.882482048924,57.7275650304392,35.7949539217555,72.7280451545709,163.692704885284,124.804851716446,106.230141139421,67.9530106234108,103.544019126892,110.900987710526,46.6088327451527,202.797653198242,124.668466982634,128.258669838977,94.5220957438151,0,0,222.86279296875,210.768067253961,213.168800354004,205.517644246419,227.265879313151,119.637796719869,0,116.458011272342,210.932043457031,0,175.015705108643,129.80688833579,123.44926934872,122.775290437178,0,176.100288391113,161.79288075765,151.670941980874,194.22819519043,90.880154365717,114.339565087198,117.553105063294,218.80902557373,206.444290161133,187.702663421631,127.42642834312,0,0,129.587400328438
77.99399493603,0,206.438022613525,106.667448458464,18.4934641419862,116.151386402271,55.4530603657226,122.850834558176,101.904241376628,54.2609344347559,25.4194530349219,154.71101054316,19.5114672941309,163.190405368805,109.047917439573,61.6634939399132,163.499308268229,201.934230457653,175.22312105619,173.800181797573,12.9014987673305,136.558859507243,195.018753051758,153.549100494385,22.605791953758,0,189.974858965193,187.053300476074,29.6131699930299,104.981746434335,141.690351632925,185.66789855957,129.171588224523,88.8030677068801,100.571289797442,210.663314819336,0,0,133.20045042038,62.6420722669373,0,164.78853846078,151.979257654261,171.585443457779,101.481998034886,162.266089832715,0,49.6461823559547,0,186.576561375668,155.172462463379,0,0,0,0,150.666513125102,202.746315002441,237.674270629883,164.724960327148,120.611144537973,179.821756998698,204.25358581543,213.254827880859,151.343372107693,205.857206072126,0,0,202.242797851562,227.610061645508,207.218846638997
85.8178467834626,118.066071374076,76.6737888745814,59.1899847962738,138.373741149902,126.88399887085,123.612128948343,77.8737544479797,119.192592661004,94.6939678849845,96.3866371683555,121.201404864971,170.755535888672,155.823100498744,101.628219402198,127.872264099121,34.4874865306146,60.6963064670563,143.700735727946,107.340188299963,136.558859507243,16.9000392746293,60.845362983323,39.5578154740349,55.6170110413522,0,119.299314852114,88.4520810838417,40.4834671801814,79.1169960790878,32.8537072858529,164.760845184326,133.456347147624,43.5146857351518,49.9268046733765,139.019775390625,0,156.345611027309,84.2924207051595,167.179229736328,0,193.448947906494,147.414147423916,170.745669555664,114.53685092926,180.855141775949,167.305801391602,0,0,166.022798810686,220.813346862793,113.663062621233,169.730818804573,207.845375061035,201.189245605469,163.167816162109,128.799309472243,79.0634152447736,128.0579129497,132.078848361969,0,187.108284844293,144.464659590948,134.449939630682,155.406154167361,125.462452089166,0,0,125.653909091292,136.72922372818
92.6168109812635,27.7090924404628,54.4304248323932,28.7086575678607,151.036918640137,108.810934448242,143.20980919732,109.765222682509,121.189002264114,28.1048678800619,145.016766357422,109.512549838504,95.9977811177572,97.9513224341861,116.489897753741,90.2034438993873,28.2708152783777,73.068800870891,139.173814137777,107.106643235056,195.018753051758,60.845362983323,8.97780392116868,55.5413862777862,37.0115732351006,77.5232459763835,96.4014587247903,43.067329080765,62.4490420575339,85.6283980750387,62.9381659931453,115.429297919022,152.601619720459,68.0221782922745,72.5581284969225,156.134384155273,128.946258544922,87.9886835428109,43.6816184918086,177.11952718099,0,0,126.426287514823,209.854751586914,156.150375366211,180.207015991211,155.967236328125,0,167.368560791016,156.462253570557,0,61.9179395456783,127.346163431803,173.857643127441,169.6888256073,0,95.1995529667024,20.1548558225234,76.3785484657086,109.852929956773,173.383550008138,150.255329398222,82.7155710994103,120.284432341413,132.045159022013,117.092151641846,154.255716959635,202.900344848633,110.655242919922,119.741634845734
92.2618601108026,89.8328429050133,36.1178213669091,56.6346453388187,147.850793457031,128.74250793457,140.501362887296,87.3192100667899,126.229057271484,113.461358547211,108.702736006843,123.938760398091,168.81786828292,161.502283477783,107.373069754561,138.637659345354,24.5881771388712,27.3004329592891,128.586301950308,97.919576841058,153.549100494385,39.5578154740349,55.5413862777862,20.5225447703486,73.0591629413344,189.136978149414,77.6993281024739,57.5146379940798,66.4343500378623,94.4500628384677,61.1998651615993,160.427893066406,121.496594111125,72.570455292293,58.9622409946732,168.225986480713,139.051834106445,110.169491376589,108.085973770892,185.060833740234,142.948989868164,215.333025614421,171.926035029714,197.634450472318,170.403680165609,184.342400687081,184.667282104492,0,184.893264770508,183.694058736165,0,105.794567754279,151.197976042095,195.843503679548,182.539865112305,212.452239990234,126.943559675074,74.7965599175655,115.861741971476,150.759918558112,0,159.238640273827,113.234145045096,158.822372155255,174.953972101212,132.708927310243,169.559509277344,0,140.803851318359,138.073703220912
88.7963281623067,88.1790319530663,127.572707084155,46.6032974215498,27.2212365987496,97.4889261311498,98.5082971559105,74.1078790635286,107.325364491374,25.8824962220457,84.2453705683193,164.008938620276,28.6359686664016,142.015438626962,106.453235710529,57.5092072349163,33.5941442630295,136.541580591925,171.717019588389,155.882482048924,22.605791953758,55.6170110413522,37.0115732351006,73.0591629413344,14.7779188292461,119.589771747589,141.300322170457,101.122985584095,32.170771929676,97.269704676278,79.3449967709955,157.895843775132,139.36019081905,82.1400132297484,92.5259769561139,140.941428431758,115.991157531738,172.46352021033,70.9448299362109,123.178529180874,158.570724487305,145.104111342595,124.741602957498,150.52903888409,82.7130669786337,139.172248840332,203.435206095378,132.449509564568,201.035648121553,155.880537562615,138.753229064941,120.442742230141,189.063507912376,223.445001220703,217.255834406072,126.365499790737,131.385051502901,107.442447566986,156.890185257484,104.025700727635,0,192.739292098815,171.018655015184,119.851060286332,150.945990521684,129.391553845322,239.939071655273,202.749801635742,134.961782693863,144.869130639469
212.3076171875,26.8938305443738,139.200885772705,34.2559923703439,180.208827972412,78.2413730621338,121.876898193359,196.110572814941,88.9835772080855,109.190046705745,174.102993011475,37.561301535644,156.663385009766,26.0355261921372,104.943331400553,159.933251857758,90.9035313924154,87.0972476535373,62.1321653798849,57.7275650304392,0,0,77.5232459763835,189.136978149414,119.589771747589,9.43291566398409,48.8223482601056,32.3446597960402,151.209466822007,108.936026206383,152.973823547363,50.2840942309962,81.5911801656087,0,70.5811428725719,0,81.1030317942301,125.431820869446,32.7502661100248,0,0,0,0,0,154.863445281982,0,84.8280549482866,0,61.8358269183088,135.093658447266,0,0,99.8144226074219,94.2087751116071,98.7619075775146,0,0,107.196952056885,133.761169433594,182.228267669678,38.1996577032681,89.4669407231147,83.5209221171442,0,174.469650268555,0,82.4224502809586,0,0,109.953589005904
118.759943650978,54.4990844563541,37.4910807409954,63.1999851380936,173.56349029541,115.05307091607,162.552616750957,141.026821262661,147.117993880142,130.603468192892,170.374314597801,30.7614115969032,181.087556087609,45.6074034877842,137.997127430498,175.510827128092,122.03216009429,37.4890763773493,35.1247353429432,35.7949539217555,189.974858965193,119.299314852114,96.4014587247903,77.6993281024739,141.300322170457,48.8223482601056,18.9942570906239,47.4040377614472,143.573270246094,123.113507678275,109.559296165974,31.1761640949674,108.237542944439,139.039480133057,70.1822120545996,202.674146379743,110.330154220779,110.08813516656,82.3690960884094,220.679035186768,0,224.946050008138,199.9523501926,194.318066245631,175.668952203566,211.021759033203,110.136611610331,214.39234161377,100.602758082637,199.848190307617,218.838451385498,158.994791367475,115.118089497269,116.861098260896,116.519343983666,0,175.843087447317,136.782602750338,135.472531308833,183.710508854017,84.1293858679656,105.577986181722,107.009853602433,199.005358014788,193.466923849923,181.226665790264,113.364213896192,187.625923156738,204.477788289388,119.218545674312
129.460547355105,34.915302040805,32.7509957600358,41.7450371755672,145.825889314924,152.129917399089,161.999241464506,110.871120997072,152.980148083409,112.544339110986,151.993594161324,68.153375570949,160.307565053304,38.3000095462988,145.424663654502,151.309462464886,33.6209616985,73.7611425972071,70.440388377604,72.7280451545709,187.053300476074,88.4520810838417,43.067329080765,57.5146379940798,101.122985584095,32.3446597960402,47.4040377614472,18.9907840487547,91.602311924577,138.137809375448,114.004814183162,37.3768583746405,129.440833525224,131.611584896511,74.6497324477795,210.00035434299,99.8432350392244,102.007754335394,68.3356407734571,202.185631491921,213.669662475586,218.665914916992,185.942918716376,207.567219382838,177.34119089912,203.932010866561,120.936834797106,209.886306762695,106.298145121825,206.590005727915,198.16127166748,115.426686544004,117.540709820211,123.069885953138,123.539548139006,209.037909371512,141.204924563144,82.4286841973824,114.008251330187,169.764799323295,87.513588365302,111.411044780175,105.487705064819,173.208938521373,198.330929226345,175.48346496582,121.199626179812,191.254047393799,174.264254760742,126.640833771638
87.6459374875599,118.868285810444,108.863807369001,64.3154872506781,22.8651036979801,130.264986882444,81.1369477616432,33.6998687606449,100.752023845586,61.5385957028587,32.5698347779994,167.666333991361,62.2079428343906,175.020518493652,101.249267161293,91.2676291179841,46.3031671419703,128.302860194113,199.810808035044,163.692704885284,29.6131699930299,40.4834671801814,62.4490420575339,66.4343500378623,32.170771929676,151.209466822007,143.573270246094,91.602311924577,15.1666815891165,97.624426638603,52.5090343630388,188.759420776367,141.601765358285,77.3920668291996,80.5769316231886,154.709694660885,163.837055206299,177.808874178333,83.4948347216455,123.682282689911,194.390884399414,170.978055221244,136.236302371686,168.970157823255,104.671192537403,166.527604400876,230.244272867839,159.932824294632,248.055221557617,170.786617256745,161.659764376554,130.965081865137,192.248861312866,228.746849060059,212.582800547282,161.153305236607,147.210991838853,121.316147730901,164.387672652912,120.246960631494,195.943710327148,204.058529535929,171.469808821245,135.510678764209,159.392182471468,136.295669863478,0,205.862594604492,144.82693753,159.342104051934
21.7911671122118,127.827311285611,117.269087481651,84.0652963968913,118.44501849759,24.5570615408616,52.3097030279291,68.4937589255456,41.3936685671993,87.5142519752386,108.66063350203,70.5817681155362,111.941299677518,90.3387279810082,32.5663748197998,80.7874635696411,116.674177903395,103.553646703797,109.725988824489,124.804851716446,104.981746434335,79.1169960790878,85.6283980750387,94.4500628384677,97.269704676278,108.936026206383,123.113507678275,138.137809375448,97.624426638603,13.2890546818461,31.7758565613943,114.717933972677,13.4124424524542,20.0931279038001,48.1983047279276,176.091987609863,161.274383544922,180.914374865018,105.558748245239,157.5317843207,0,201.440737043108,159.584412275855,193.261946953668,127.507805328369,194.993557620358,0,179.324468612671,136.374931335449,191.658165283203,205.683323451451,147.56479771932,196.958751971905,238.148930867513,183.351026746962,201.40804901123,163.680385317121,134.960262298584,189.084835211436,144.640276274329,0,198.711694570688,187.840310160319,156.799120520822,185.099473274794,160.646298756319,0,0,170.829457900103,181.349368446752
43.7620316974383,110.234512046531,90.042414281054,60.87581246613,98.9850435256958,102.063273111979,131.968923348647,33.3969624206471,106.354589343071,65.012834258924,88.0353785496132,116.406353809794,146.090316772461,167.695416041783,75.8705257079287,123.225473676409,75.1630445686951,78.404851938745,132.495614668902,106.230141139421,141.690351632925,32.8537072858529,62.9381659931453,61.1998651615993,79.3449967709955,152.973823547363,109.559296165974,114.004814183162,52.5090343630388,31.7758565613943,14.6545664253312,168.44769744873,116.510681152344,48.1815962445909,34.5447062141561,155.102162411338,185.942489624023,163.119301551996,81.94666568653,172.899398803711,0,186.695772806803,139.32286994774,173.612620173274,109.595583234515,186.860017664292,239.407974243164,191.073112487793,228.932029724121,170.258864159678,213.335067749023,114.531836591448,183.804419381278,0,206.267328898112,0,134.740120704728,92.7243104117257,150.168165549254,123.635883580988,0,199.853645324707,163.479121854936,132.368894783847,158.464506993528,128.837490005998,246.451934814453,183.945114135742,141.240784645081,147.229593186151
152.800069173177,72.3707395079275,100.896578508265,85.6387268066406,190.77645111084,111.074966430664,142.751800537109,187.245530969956,118.821962462531,143.96827569777,199.994136386447,34.1758759559658,183.929048810686,21.1802677024401,118.577508685233,177.163078308105,168.193857828776,117.947922363281,58.0465586956174,67.9530106234108,185.66789855957,164.760845184326,115.429297919022,160.427893066406,157.895843775132,50.2840942309962,31.1761640949674,37.3768583746405,188.759420776367,114.717933972677,168.44769744873,9.23407100108891,107.183648986816,178.628494262695,81.7334847870995,0,129.322173563639,168.013145446777,95.497700871648,0,243.335144042969,0,216.032491048177,189.354545593262,177.812507629395,0,104.557244796753,0,95.62449780026,176.736518859863,0,0,149.142121632894,113.474840111495,125.557364277456,224.82958984375,198.942611694336,146.346501668294,198.186825561523,231.853230794271,77.8285463121202,113.883716711575,113.029429803745,0,165.659233093262,209.110665893555,109.811346605089,148.363891601562,0,131.781814575195
84.3876678466797,108.189281887478,175.672299194336,125.180725097656,145.628873825073,14.8138742467005,30.7869160792464,132.717856785036,17.37941876037,144.654625574748,134.51633445584,66.9150972102605,121.198579262043,78.3836269378662,13.7196277528318,37.5727989226291,0,134.678342819214,97.3565612233013,103.544019126892,129.171588224523,133.456347147624,152.601619720459,121.496594111125,139.36019081905,81.5911801656087,108.237542944439,129.440833525224,141.601765358285,13.4124424524542,116.510681152344,107.183648986816,5.80311256507418,75.1090850830078,36.7680860252497,0,0,234.417602539062,178.953079223633,0,0,228.602005004883,204.286010742188,231.596676635742,193.293060302734,224.811958312988,0,0,122.781221008301,238.515365600586,0,166.484497070312,156.720886230469,134.640533447266,0,246.919677734375,0,191.524887084961,0,189.206820170085,102.40714263916,169.401779174805,160.690063476562,200.817199707031,237.269950866699,0,125.734062194824,0,0,0
76.7672896208586,111.497362772624,132.808684065535,68.4375066317045,167.923412322998,81.8256454467773,117.880398704892,83.6356527973229,120.774254900344,69.3816860492413,99.6137699436497,118.73696344549,87.5856691996257,152.327404785156,64.2418539066507,122.999952697754,74.6630148206438,96.3534503812375,120.224431355794,110.900987710526,88.8030677068801,43.5146857351518,68.0221782922745,72.570455292293,82.1400132297484,0,139.039480133057,131.611584896511,77.3920668291996,20.0931279038001,48.1815962445909,178.628494262695,75.1090850830078,7.98745557565131,25.7478764067639,187.999961853027,243.251510620117,202.784469604492,78.0997529029846,138.528076171875,0,195.870162963867,145.234827353738,179.474204430213,108.915069580078,190.255165100098,0,0,0,163.11149998715,0,158.298069000244,189.57487487793,0,0,0,159.315896987915,124.501324971517,165.704599652972,128.59720252171,0,0,198.626927185059,139.08061212393,168.465168692849,140.872440338135,0,0,145.718635559082,162.853248596191
95.3516645903635,66.6560226275766,71.6640447560807,71.4492292366776,109.372659705151,36.8455748658886,79.3967129210351,93.3892617651842,63.0648910897957,85.2423486902646,106.273807794408,31.8596014679301,106.549974232565,54.7773971465475,57.2698580625632,104.028315516881,82.2434287363169,38.4069095830448,63.948162495993,46.6088327451527,100.571289797442,49.9268046733765,72.5581284969225,58.9622409946732,92.5259769561139,70.5811428725719,70.1822120545996,74.6497324477795,80.5769316231886,48.1983047279276,34.5447062141561,81.7334847870995,36.7680860252497,25.7478764067639,12.7615124299168,163.404310438368,146.016426086426,122.009537491144,101.62270511725,177.698582172394,0,200.682791137695,152.748148474895,181.387383233933,141.327928879682,190.780507768903,93.2033818562825,196.809392293294,111.362051922342,189.109098776793,167.41352335612,122.258548595287,151.826006469727,150.954228719076,144.294988816784,190.611793518066,140.136547537411,90.9997498084759,128.848561816745,137.212929829735,120.522963205973,133.125444132487,125.19449010911,150.100863828892,177.599251338414,138.823810632678,149.689880371094,0,154.291048322405,153.703022118771
184.520584106445,0,201.480387369792,99.7356862386068,0,0,186.47241973877,182.166375296456,193.671186174665,97.8688151041667,181.168045043945,209.604232788086,233.259506225586,0,187.809524536133,0,134.64395904541,187.775787353516,0,202.797653198242,210.663314819336,139.019775390625,156.134384155273,168.225986480713,140.941428431758,0,202.674146379743,210.00035434299,154.709694660885,176.091987609863,155.102162411338,0,0,187.999961853027,163.404310438368,13.4210272102331,184.777435302734,122.441778110552,82.5830422845811,101.230790843134,94.3059329986572,94.5316583486704,25.7092071097238,64.505292657946,89.9504741962139,82.23449113591,134.860797224374,101.820003650807,153.563646316528,26.581380092578,92.1412487030029,112.040036010742,119.003893211312,144.352839406331,133.572357983059,100.067658786116,85.6885894676308,80.2090239304763,103.212904909109,88.2109844571068,131.036033630371,130.090414974529,154.143798941997,91.6334519550227,21.8115852877933,32.1548126510365,157.147671508789,95.3826374254729,51.1946672737052,84.8049854854886
0,76.8533010482788,99.129250893226,106.972928183419,0,0,0,0,174.894958496094,124.768756866455,0,136.585385894775,0,117.227971553802,0,0,0,106.082622528076,124.12624613444,124.668466982634,0,0,128.946258544922,139.051834106445,115.991157531738,81.1030317942301,110.330154220779,99.8432350392244,163.837055206299,161.274383544922,185.942489624023,129.322173563639,0,243.251510620117,146.016426086426,184.777435302734,7.7561865950837,46.6089764912923,25.1992550217772,119.180709838867,0,152.819282531738,137.462134866153,147.254635620117,71.6451992290035,165.110328674316,74.1546704610189,145.456637064616,55.2973516446735,164.240345001221,115.086186303033,77.4471650557085,56.5781984609716,85.4576414403781,64.8069024361855,0,105.220542907715,29.4100738374314,62.8785070939498,81.8880432569064,22.0222110544951,56.3197780370973,33.6131829488066,123.50422000885,151.213175296783,123.320757779208,75.2259432036301,84.0226745605469,0,61.370654608074
