11.3569148668345,137.374439239502,61.6540535203573,59.1685067359437,65.9135886059692,61.3499861100141,37.6180993598819,31.2416076274311,18.0876020279135,59.3870278735493,38.4318972169795,111.740209938823,31.9852695199123,116.173175048828,12.7755374695794,33.5563310232378,51.3200903564203,88.6230655904281,127.439413343157,116.681834759629,61.988276917805,48.3636150488117,54.3404319201197,49.0504230519044,62.6336913875767,0,105.991235849592,112.155132479784,36.4084065868134,8.03137755850528,19.8644186346541,0,72.4695665588379,18.184830290288,60.1309330724614,140.170211791992,117.711334228516,138.656888643901,78.3207201276507,67.6702626546224,170.44149017334,140.041634368896,139.925624302455,164.505802578396,110.362343924386,0,222.296493530273,137.836517333984,115.489517211914,150.960450490316,163.650592803955,100.407934922438,163.818879071404,160.473922729492,152.946960449219,0,126.415844145275,77.9518221341647,123.315023295085,117.347939046224,137.226959228516,165.472645686223,149.297340223524,121.412805601608,155.597026279994,122.946480786359,0,169.275756835938,144.480937957764,137.519730885824
137.374439239502,6.18637646618386,36.0529371408316,16.0800137939848,0,0,0,115.050659179688,112.173477172852,66.8985529073079,163.807861328125,66.8812461360808,154.918788909912,62.6072868468269,136.189960479736,0,51.0640095074972,52.2234977336412,69.7452637808664,52.644507452499,136.411193847656,81.7697597503662,16.8275028410355,55.7258608997732,75.0250134621897,25.7185265222378,48.4570031594539,27.8721194622655,103.13544178009,0,104.898003896077,68.2537066141764,0,0,48.7959949925261,0,16.637243270874,66.3820558630902,38.9032669067383,0,0,0,0,0,88.135612487793,0,123.575811386108,0,127.099617004395,191.790130615234,0,0,91.6359252929688,118.228538513184,95.7112350463867,0,0,17.1821220397949,77.7555770874023,138.253194173177,72.8200583457947,107.349373608101,92.0719928118139,116.396636962891,0,142.708302815755,0,0,0,69.0135326385498
61.6540535203573,36.0529371408316,11.8619230021639,41.3993895774664,150.758997599284,107.449421473912,102.09180748981,75.2370602534368,96.5837673736234,91.9584748404367,111.383470302675,73.2938510007964,114.710744857788,0,85.5816931905626,103.852377947639,81.6710090637207,36.9899082586517,73.3408639472828,55.6617052384555,140.920078277588,57.1363809473374,42.6959832146054,14.9512255309887,81.9157240390778,131.738939285278,23.4749517412812,21.0635601619947,61.4103405322904,55.8716827406275,47.4297346084372,0,120.555699666341,85.6679034877468,41.4807098333036,145.727007248822,57.3702497402159,82.7110405217737,56.0378785226859,0,143.154647827148,184.548614501953,141.428976876395,176.191874186198,0,125.427337646484,128.505428314209,0,0,164.96821975708,0,111.805003826435,94.4043600508673,136.288118362427,101.748613762133,0,114.725833892822,56.5285664383246,88.7413523429568,151.564131673177,0,95.1660601339033,82.2590909484745,129.614627656483,124.921913146973,133.26777787642,135.10173034668,0,0,94.484938808422
59.1685067359437,16.0800137939848,41.3993895774664,16.9658166715139,86.841284942627,102.657202826606,80.008158577813,61.139436486062,77.0771207019536,13.1377025480722,80.0609855651855,83.3182263288669,64.2618804051326,71.447108913254,81.9986720358857,73.0677766555395,50.5894468599042,59.4274332790631,75.6707131958008,64.4842036467332,96.5325811386108,46.8709642233463,17.1496464101966,54.7496502616189,33.6501314801517,41.8884241690441,59.5682735664044,39.6860344561495,48.4553136238441,72.3720231870326,52.5600628183293,84.2208413516774,116.633833312988,54.8788626988729,51.6646047247533,90.1509411151593,31.2856429020564,57.8527017533779,20.4447788788528,97.6544240315755,161.048675537109,90.7964948018392,68.9978325583718,100.978067498458,33.441095919121,102.104251861572,135.06681950887,77.5613903999329,185.127563476562,98.9638233184814,83.8964347839355,67.2442864009312,74.3308842976888,140.521105448405,109.809774225408,122.812194824219,64.4717447757721,46.336222966512,79.2449080944061,54.5493622655454,92.6403472900391,111.377559744793,69.6919525256172,63.6177512741089,101.551014709473,65.76914646751,0,0,101.237997055054,80.9694079022075
65.9135886059692,0,150.758997599284,86.841284942627,9.05655998996088,106.652333831787,59.0292075261993,36.192326480605,65.202859556724,55.1407171511183,24.7652308615628,142.194426642524,14.688921799997,0,97.5741917635943,72.7496520996094,0,136.042022705078,0,166.427734375,9.83668895686075,125.801895141602,123.632312774658,139.838756016323,21.4286689796384,127.118278503418,183.349456787109,160.792770385742,14.1843890381628,83.7535125989855,110.720114571708,0,113.314765236594,72.909239972648,78.682861156195,72.6613616943359,0,0,107.091250101725,11.533453604477,0,77.2577667236328,132.925186157227,94.9793523152669,85.7863159179688,26.0146767298381,143.514312744141,9.51242867606638,0,84.8220909118652,0,0,0,0,0,9.89368061002646,0,144.090621948242,0,43.0946233945015,0,0,0,69.5873395272021,90.2417308262416,0,0,0,78.0456924438477,98.6330906794621
61.3499861100141,0,107.449421473912,102.657202826606,106.652333831787,7.61039394732483,9.31344122254886,88.5312516348703,20.7024269902844,89.6587130228678,99.8883946736654,64.5785345854583,82.623759481642,0,32.4614115096881,16.6176139508046,84.5150299072266,122.302157084147,104.407355308533,102.118288040161,96.7881454959992,116.374977111816,96.5495834350586,100.923521859305,98.380989074707,71.3767242431641,116.936124420166,112.284657287598,110.605043538411,22.3807775271141,130.889452616374,0,9.90858700378827,73.555884552002,32.9697273276573,0,0,0,0,0,0,0,0,213.881057739258,0,0,0,0,0,0,0,0,0,197.83039855957,0,0,0,0,146.047691345215,0,0,175.543655395508,131.019683837891,179.570537567139,0,162.110717773438,0,0,0,0
37.6180993598819,0,102.09180748981,80.008158577813,59.0292075261993,9.31344122254886,8.73209422930431,46.1768216252632,17.5083476069168,74.4386991135618,16.1074721753222,85.7771882943228,16.1016471128918,96.500244140625,33.8523938882077,10.1615059214053,78.7163039581685,124.468176643803,134.423583984375,129.900588798523,30.9429001190736,88.6872024536133,75.5209427817923,96.4903178581825,54.190233716913,101.560842514038,132.408039480016,126.204392716691,61.3561109782136,39.8484219592322,78.6155064322732,0,12.2640538259326,69.7664411899655,55.8791436331613,149.018792288644,0,172.448455810547,106.867891788483,54.0065367727569,0,0,0,187.028383890788,115.535544395447,168.018508911133,195.112182617188,164.759735107422,0,172.024012247721,168.784477233887,123.631494522095,0,0,0,0,145.243741989136,97.4272732942001,140.000483512878,132.514646714733,0,130.755264282227,184.007212320964,143.770713003058,167.491238911947,153.703817367554,0,0,158.07201385498,173.675291061401
31.2416076274311,115.050659179688,75.2370602534368,61.139436486062,36.192326480605,88.5312516348703,46.1768216252632,10.3596410195802,30.9761078877777,41.2507896715281,13.3447318616892,129.136435592384,35.7369800743075,135.892440795898,26.0587791863722,48.7016648792085,62.4396488666534,109.044318085507,136.541148537084,124.899644034249,39.6044709257324,49.2062328464382,61.9042898813883,42.3345714059854,30.4479602609238,161.221855163574,106.774653318378,99.3375188729304,18.1862641197388,38.7762585185733,16.2642811660201,0,102.109801691229,46.6887437324692,54.5475003433845,133.893318721226,0,156.543680463518,77.3033096790314,37.6817724704742,0,157.281764984131,126.790787378947,149.884845188686,89.1534173654955,169.294419606527,0,0,0,146.75687344869,0,96.9718780517578,164.08738899231,0,178.388146972656,145.815795898438,134.50634765625,74.4132862091064,135.507663726807,109.593709290917,160.997146606445,159.748125943271,160.290607761692,116.675701212439,153.45059967041,126.727546360182,0,180.82666015625,132.944574991862,131.315609523228
18.0876020279135,112.173477172852,96.5837673736234,77.0771207019536,65.202859556724,20.7024269902844,17.5083476069168,30.9761078877777,11.0075878784633,69.7470050338627,23.9987489976542,80.8102011753963,22.2517973528777,82.6261892318726,15.9301496037227,31.1902636029805,76.3311936514718,114.350365626661,130.831295331319,126.827472353445,49.4146619832448,93.8539616511418,74.1329750392748,82.6551535244646,52.0669476042516,85.3150231497628,128.814151543837,122.618226902459,64.4638584868866,34.4494378210559,75.6600975244224,102.318161010742,19.5785709515174,58.0796082993628,51.9933871955969,152.718202070756,0,171.234242757161,97.973751377415,63.0409359109813,194.524993896484,161.201019287109,133.116839599609,184.939193725586,119.048576803768,147.742626190186,155.576629638672,165.380847930908,100.726867675781,167.407396589007,138.317352294922,121.560822879567,0,177.80354309082,0,0,143.711141798231,97.9981278064204,148.499911172049,129.435253880959,0,173.944179534912,158.714031219482,138.860433045983,168.38120880127,143.250418813605,0,0,154.657836914062,149.177086860903
59.3870278735493,66.8985529073079,91.9584748404367,13.1377025480722,55.1407171511183,89.6587130228678,74.4386991135618,41.2507896715281,69.7470050338627,7.60687111555429,53.2363902458778,112.956378391811,12.067116504485,109.829931097161,79.696530781095,15.5782840215313,21.9145799294496,112.217076619466,124.875398254395,126.130175999233,48.6965252195086,63.6776218414307,19.3529460875469,70.6969783782959,16.4560605673145,91.3571655914948,114.122252280896,106.773731858518,41.3796029174632,74.3770419705299,56.1282776767768,124.158845084054,95.744260152181,63.9552636146545,62.6844653765361,108.695149739583,102.416442871094,154.286231994629,39.2068866577148,0,209.976898193359,127.038865831163,90.0045654990456,138.052745056152,53.2115253847699,105.016388893127,174.601112365723,62.6026573181152,140.632308959961,125.798206329346,0,75.3452847798665,0,184.979344685872,177.253471374512,111.38646697998,97.5492604573568,51.7342730785938,103.708676656087,74.6773809644911,0,185.612991333008,163.813506493202,87.429534766985,146.727783203125,105.976889801025,0,0,112.646123886108,106.232184776893
38.4318972169795,163.807861328125,111.383470302675,80.0609855651855,24.7652308615628,99.8883946736654,16.1074721753222,13.3447318616892,23.9987489976542,53.2363902458778,8.79763875920452,140.02999260312,18.1648195005926,174.928451538086,22.8451931312533,55.4732908010483,119.508076477051,146.486455535889,169.038162231445,158.393313598633,19.9643293681956,109.486156463623,89.6933591630724,91.3429586410522,27.31652519382,220.436447143555,147.213406517392,130.906097412109,14.6573694138908,82.2043372086263,78.3769438370414,0,113.099286324637,73.3575376783099,83.2588324789274,145.298639933268,152.297546386719,178.917892456055,99.4916667938232,17.7860045336187,0,193.273330688477,132.981357574463,183.694206237793,95.1899032592773,163.839279174805,0,166.701721191406,0,165.631698608398,0,160.216112772624,0,0,0,0,144.732803344727,98.8485374450684,0,127.917816944611,0,189.19514465332,169.393836975098,134.679589295999,153.741353352865,145.990697224935,0,0,160.207885742188,167.241808573405
111.740209938823,66.8812461360808,73.2938510007964,83.3182263288669,142.194426642524,64.5785345854583,85.7771882943228,129.136435592384,80.8102011753963,112.956378391811,140.02999260312,8.85474096338165,130.168754128849,13.0356598103556,74.0470645153753,102.816018513271,122.205918600393,53.4425256438415,11.3495402738767,21.0749708985599,136.645795186361,121.425707303561,91.4028872814807,100.919550479144,127.110549926758,24.5241074295705,16.957083022694,54.12462619195,131.675019239768,66.1838151511131,108.618257574133,17.3270811623123,66.1066787345278,105.072343826294,30.4929122249397,207.209217071533,124.006564331055,131.502007378472,150.136798858643,0,117.06290108817,121.7724609375,0,116.133462587992,138.512420654297,178.667610168457,69.8328391017102,0,66.99635358422,118.572260720389,0,169.73659769694,131.853541056315,87.6405030731462,102.338187640646,165.719718933105,169.345367431641,118.678375244141,150.872472261128,179.749244689941,60.7519522060048,89.4856579557378,94.4180625526578,188.549654279436,110.08919708252,161.934257507324,83.824029754948,109.181411198207,156.129257202148,99.4948221489235
31.9852695199123,154.918788909912,114.710744857788,64.2618804051326,14.688921799997,82.623759481642,16.1016471128918,35.7369800743075,22.2517973528777,12.067116504485,18.1648195005926,130.168754128849,7.95815148304067,128.696718215942,64.909456728239,7.33299652479506,78.5140235207298,131.992141723633,133.257404327393,133.104391479492,14.4269602231634,0,62.9073886871338,86.0038956536187,30.0954785025895,118.811431884766,125.271439552307,117.544499715169,41.0110595894118,82.9691949531214,71.1871594020298,0,92.3495500352648,75.5355923136727,75.8536147572636,155.374145507812,105.204895019531,0,75.1706275939941,45.5014416694641,0,41.7174719546704,0,92.1812300682068,72.9998448689779,38.083865088978,202.256973266602,9.77344706742963,0,107.998397827148,58.0706539154053,96.4993998209635,0,0,0,11.3454544734231,132.769592285156,81.9197115216936,221.099090576172,80.4585590362549,0,0,178.911804199219,126.384910774231,118.720359802246,0,0,0,124.156684875488,0
116.173175048828,62.6072868468269,0,71.447108913254,0,0,96.500244140625,135.892440795898,82.6261892318726,109.829931097161,174.928451538086,13.0356598103556,128.696718215942,6.36922032648593,79.7373240975773,126.705589294434,117.943327903748,97.9731769561768,66.685439825058,60.6744228363037,125.834609985352,0,88.2686391944316,124.013583592006,121.018799185753,14.3018109926424,13.9731973564262,19.574263664886,149.750640869141,66.6316802978516,145.376892089844,7.54424680766118,92.761773109436,0,50.4816020889282,0,0,149.387405395508,141.601615905762,0,119.910057067871,127.250350952148,0,114.115657806396,153.075206756592,138.555252075195,75.5649685045568,0,18.3388999566006,129.077033996582,0,0,0,88.1210504259382,110.577824183873,188.345169067383,0,186.723373413086,0,171.509043375651,60.5768106900729,89.8045645683042,95.5210706679547,171.823516845703,119.171463012695,0,90.029983859592,116.151693344116,0,108.175498962402
12.7755374695794,136.189960479736,85.5816931905626,81.9986720358857,97.5741917635943,32.4614115096881,33.8523938882077,26.0587791863722,15.9301496037227,79.696530781095,22.8451931312533,74.0470645153753,64.909456728239,79.7373240975773,8.4444815263396,29.1710553069582,83.0029488622615,100.357239211388,106.783412218094,110.00123518416,93.0954083367765,91.1682516733805,79.3602493018435,78.14207346686,73.3171892831492,91.1939735412598,114.201813440156,111.370442206871,81.8510442332319,18.8224662508312,55.3792706246702,104.214912414551,18.7182904380211,25.5625742517076,41.3967567433197,160.677841186523,146.24755859375,156.770294189453,91.1824798583984,99.2453559875488,189.705085754395,181.548321533203,142.661378648546,187.697158813477,124.498018264771,184.153503417969,142.389470418294,0,0,190.92887878418,150.255798339844,131.503123356746,166.666175842285,161.087181091309,149.805506388346,0,143.88568947532,100.920087941488,137.885867436727,134.367157092993,179.037261962891,156.838353157043,152.510042826335,144.501533084446,191.09912109375,141.220913854139,141.945655822754,203.562713623047,136.668548583984,166.750014671913
33.5563310232378,0,103.852377947639,73.0677766555395,72.7496520996094,16.6176139508046,10.1615059214053,48.7016648792085,31.1902636029805,15.5782840215313,55.4732908010483,102.816018513271,7.33299652479506,126.705589294434,29.1710553069582,6.85090959756231,73.3491566306666,109.85982131958,116.865093231201,124.042110443115,60.5156182375821,91.365119934082,65.7727097963032,79.5941543579102,36.8002885182699,0,126.864405118502,124.809549604143,67.5136838597575,19.9740783922341,73.5700603061252,0,43.1012885085935,44.5755232297457,42.3086979834588,155.065780639648,0,0,91.1387145996094,81.6532516479492,0,177.183120727539,0,193.564483642578,118.873859405518,152.4931640625,0,0,0,0,0,125.149513244629,0,0,0,0,140.711090087891,98.873420715332,133.3974609375,125.157493591309,0,0,0,133.278472206809,0,0,0,0,0,143.665042877197
51.3200903564203,51.0640095074972,81.6710090637207,50.5894468599042,0,84.5150299072266,78.7163039581685,62.4396488666534,76.3311936514718,21.9145799294496,119.508076477051,122.205918600393,78.5140235207298,117.943327903748,83.0029488622615,73.3491566306666,13.2311619584535,101.359565869184,128.161522674561,119.436810043623,119.865151541574,13.7525047080758,39.5075170101705,13.1238785886974,20.2175282358691,117.32209693061,109.49054427374,35.1703753163177,42.6059562231521,63.1113051852664,49.7653548121452,106.779190063477,105.135178702218,49.1904264556037,49.9354778089021,109.011367797852,86.3214092254639,100.224817869042,69.0726519266764,164.902038574219,159.742904663086,0,148.816184997559,159.661687215169,0,161.117965698242,180.210601806641,0,0,140.584289550781,128.318695068359,96.2364857710527,142.592233484442,201.516845703125,164.973350524902,154.904083251953,110.468259984797,58.6968536577727,99.538699931149,106.346284637451,168.824035644531,158.935483720568,100.374260335729,109.627090941084,128.371574401855,101.383156601264,0,0,102.933868408203,113.862336269645
88.6230655904281,52.2234977336412,36.9899082586517,59.4274332790631,136.042022705078,122.302157084147,124.468176643803,109.044318085507,114.350365626661,112.217076619466,146.486455535889,53.4425256438415,131.992141723633,97.9731769561768,100.357239211388,109.85982131958,101.359565869184,9.28051310766402,57.7841049622152,16.5516840633135,161.763359069824,43.9638277595898,78.9735511779785,16.6168330649719,112.690861831477,87.6864704555935,27.3828520226973,54.9573409075433,106.341071753913,66.2871437875848,56.8264858924109,0,119.469459533691,108.58718252182,38.8537704788989,167.966466267904,70.1934742246355,98.2246569960865,63.3580084408031,0,0,0,147.518341064453,0,0,0,133.671496073405,0,0,153.945999145508,0,139.312080383301,103.423405762996,134.003512332314,100.989292921218,0,136.737345377604,93.6961116790771,118.981354409076,158.757442474365,79.0495147705078,101.377748524571,94.5213995782615,155.836802891323,145.781372070312,148.195485115051,111.170440673828,0,0,106.865041954573
127.439413343157,69.7452637808664,73.3408639472828,75.6707131958008,0,104.407355308533,134.423583984375,136.541148537084,130.831295331319,124.875398254395,169.038162231445,11.3495402738767,133.257404327393,66.685439825058,106.783412218094,116.865093231201,128.161522674561,57.7841049622152,5.67318419501762,12.6902356064518,203.690818786621,99.2064666748047,100.894104548863,102.597521353459,145.396982828776,43.8102920275776,16.9028294739838,62.6112449466481,142.206622475072,94.2035382588704,110.672696080701,49.8479760487874,90.676705678304,124.038317362467,43.5875030216717,218.569793701172,134.116132100423,149.447964986165,69.7377471923828,0,0,138.913177490234,0,158.25267791748,0,0,88.781757620878,0,79.9030871758094,0,0,0,130.640155792236,97.9051687589256,103.523355454665,0,177.738739013672,143.312203543527,153.869428362165,0,87.057058888097,96.4409301027339,97.7884419287291,0,160.83602142334,164.040298461914,98.5934247468647,140.436447143555,0,129.752591609955
116.681834759629,52.644507452499,55.6617052384555,64.4842036467332,166.427734375,102.118288040161,129.900588798523,124.899644034249,126.827472353445,126.130175999233,158.393313598633,21.0749708985599,133.104391479492,60.6744228363037,110.00123518416,124.042110443115,119.436810043623,16.5516840633135,12.6902356064518,7.55774199382679,149.046440124512,101.697762051144,98.0874380558095,91.2905506807215,131.857931852341,51.1782590874069,18.7663156495816,58.4286003694725,123.549266270229,90.3157478968302,88.1968793051583,52.1840782165527,115.350823835893,114.197046453303,38.9804741673285,191.859348297119,112.384746551514,125.610916646322,89.5684188842773,0,0,0,176.671177455357,184.704914093018,0,0,105.037212071794,0,102.083443450928,200.727142333984,0,146.823479788644,121.342394861682,107.125733855972,102.459261313729,0,161.397903442383,116.44504699707,150.661940630744,180.255406697591,70.9256649506398,97.8419362623915,96.3129800182879,172.119155883789,0,162.217855453491,109.376169057993,0,192.850692749023,118.712603683472
61.988276917805,136.411193847656,140.920078277588,96.5325811386108,9.83668895686075,96.7881454959992,30.9429001190736,39.6044709257324,49.4146619832448,48.6965252195086,19.9643293681956,136.645795186361,14.4269602231634,125.834609985352,93.0954083367765,60.5156182375821,119.865151541574,161.763359069824,203.690818786621,149.046440124512,8.3694992728133,120.942515563965,113.780842009045,128.67918548584,20.3858146587385,0,164.420661078559,166.061081830193,21.1087215064996,81.3704814910889,120.053303527832,0,112.446865769683,70.1442774969434,78.2472498703688,110.471035548619,0,0,120.996411641439,15.8189748381391,0,96.2214584350586,0,122.675308227539,91.5781421661377,33.4885548353195,0,6.51546608883402,0,121.087506975446,0,141.340530395508,0,0,0,13.7078617711862,152.291854858398,128.210561116536,192.885963439941,42.7736117623069,0,0,194.316696166992,59.0564627343036,86.8008609347873,0,0,0,77.0036239624023,104.40101146698
48.3636150488117,81.7697597503662,57.1363809473374,46.8709642233463,125.801895141602,116.374977111816,88.6872024536133,49.2062328464382,93.8539616511418,63.6776218414307,109.486156463623,121.425707303561,0,0,91.1682516733805,91.365119934082,13.7525047080758,43.9638277595898,99.2064666748047,101.697762051144,120.942515563965,8.6624039625315,44.7532451344046,16.9144315281328,30.7841216609592,142.992031097412,109.182377208363,66.4867087363557,19.3301896849099,59.8477929115295,18.660035155643,0,131.300985336304,58.2343123753866,29.4871026343345,114.867790222168,0,123.715608808729,56.6405801773071,0,0,206.626541137695,119.419532775879,153.388244628906,112.549186706543,142.296005249023,0,0,0,153.133369445801,0,102.502320029519,151.363928574782,0,137.611015319824,0,111.064939986828,73.5079397004226,105.010032953001,111.434046554565,149.589263916016,146.041759490967,124.690227718144,116.758906948951,115.645606994629,107.545460292271,0,0,89.0519027709961,107.229093451249
54.3404319201197,16.8275028410355,42.6959832146054,17.1496464101966,123.632312774658,96.5495834350586,75.5209427817923,61.9042898813883,74.1329750392748,19.3529460875469,89.6933591630724,91.4028872814807,62.9073886871338,88.2686391944316,79.3602493018435,65.7727097963032,39.5075170101705,78.9735511779785,100.894104548863,98.0874380558095,113.780842009045,44.7532451344046,8.44927811641372,44.27004416686,12.8406891841597,63.4983926549688,92.8731456746785,47.3755564032819,45.7972661997253,64.5179629855686,48.7014751248616,100.214398520333,104.195867538452,42.2841581272174,43.0371916299117,116.485582987467,57.4485418796539,55.1465241616232,48.267939057461,0,117.461471557617,0,88.5477409362793,138.370379130046,61.4450596654138,80.5022430419922,163.928301130022,86.7875633239746,0,115.195529937744,75.2818145751953,62.0331262773083,101.624975522359,168.999938964844,155.900292714437,0,75.2769921196832,52.6422470920491,66.9836491695067,80.0481728447808,94.8232803344727,158.184690375077,76.9861027841215,92.4416487260298,102.907414245605,73.2845814861829,0,0,85.2258377075195,76.078648067656
49.0504230519044,55.7258608997732,14.9512255309887,54.7496502616189,139.838756016323,100.923521859305,96.4903178581825,42.3345714059854,82.6551535244646,70.6969783782959,91.3429586410522,100.919550479144,86.0038956536187,124.013583592006,78.14207346686,79.5941543579102,13.1238785886974,16.6168330649719,102.597521353459,91.2905506807215,128.67918548584,16.9144315281328,44.27004416686,10.3353529301935,49.9081178248539,113.220645904541,65.3105148370055,33.5428111223474,32.6084356722231,52.8338288546044,34.2632294979875,0,104.405708312988,61.2968601045154,38.3075464609507,152.817721557617,61.3598115340523,86.3603912173849,76.6181331210666,174.692687988281,0,177.540512084961,146.400615692139,138.158905029297,0,151.648193359375,140.274342346191,0,0,154.055917527941,0,94.2193870061561,105.038639505704,166.57670211792,141.385524456318,0,112.967809456546,61.0740377924778,96.5160177644367,115.014260827041,0,143.120420373004,92.0056905373585,125.384127208165,137.376392364502,111.760720859874,140.77751159668,187.863174438477,110.917274475098,104.299950759475
62.6336913875767,75.0250134621897,81.9157240390778,33.6501314801517,21.4286689796384,98.380989074707,54.190233716913,30.4479602609238,52.0669476042516,16.4560605673145,27.31652519382,127.110549926758,30.0954785025895,121.018799185753,73.3171892831492,36.8002885182699,20.2175282358691,112.690861831477,145.396982828776,131.857931852341,20.3858146587385,30.7841216609592,12.8406891841597,49.9081178248539,9.07933904196507,96.2127755688083,120.286240600586,75.6897382303985,15.4921969396508,70.8020163208899,56.8661782164323,129.846649169922,101.78039894104,57.4435033798218,57.4017805712564,119.424650391536,128.508897399902,142.372989177704,59.2183203810737,68.0909167395698,162.401790618896,136.199961768256,103.326532050745,138.653538949149,72.6020935927765,129.829718453544,200.556884765625,95.568098449707,0,124.275829587664,117.705590565999,90.500234449232,167.658512115479,0,171.193649291992,147.064765930176,111.753861127581,62.963547871375,106.371820165756,92.2354467893502,143.221448262533,163.136998494466,138.73341254032,101.391481607334,134.812730153402,110.445403346309,0,169.005294799805,122.271151616023,124.073017883301
0,25.7185265222378,131.738939285278,41.8884241690441,127.118278503418,71.3767242431641,101.560842514038,161.221855163574,85.3150231497628,91.3571655914948,220.436447143555,24.5241074295705,118.811431884766,14.3018109926424,91.1939735412598,0,117.32209693061,87.6864704555935,43.8102920275776,51.1782590874069,0,142.992031097412,63.4983926549688,113.220645904541,96.2127755688083,6.56667627775277,34.2241082105949,29.360175758256,144.826601028442,84.8285706837972,136.67728805542,38.4454228786322,75.9599304199219,103.558197021484,55.6557124616571,0,85.6935729980469,135.960578918457,0,0,0,0,0,121.347213745117,131.899063110352,0,73.1362556777634,0,71.5236556529999,0,0,0,184.00959777832,96.104645680573,109.984301249186,0,0,0,0,0,62.7430309057236,95.8232019980123,99.8222572557854,175.558441162109,175.529871622721,0,84.9670576798288,104.456874847412,0,103.252015686035
105.991235849592,48.4570031594539,23.4749517412812,59.5682735664044,183.349456787109,116.936124420166,132.408039480016,106.774653318378,128.814151543837,114.122252280896,147.213406517392,16.957083022694,125.271439552307,13.9731973564262,114.201813440156,126.864405118502,109.49054427374,27.3828520226973,16.9028294739838,18.7663156495816,164.420661078559,109.182377208363,92.8731456746785,65.3105148370055,120.286240600586,34.2241082105949,10.3567733580147,21.1799263031181,100.787185610794,96.2788659037559,87.7729094972002,6.90341092714728,98.7124432155064,113.859364923441,54.4426156806397,164.067663574219,84.6456645468007,98.1426463127136,90.2621790885925,0,0,0,160.124883015951,166.543505859375,157.443435668945,200.348648071289,89.5531730294228,0,82.862026538489,191.888652801514,0,151.275575002035,97.6328091045002,95.4527399586178,93.730724470956,0,161.430480957031,132.575625610352,153.376662360297,176.599151611328,69.9115475990789,88.6102825467795,85.1882492750799,181.414521650835,148.681455230713,159.446229389736,97.4145060374324,154.742828369141,0,102.548499089138
112.155132479784,27.8721194622655,21.0635601619947,39.6860344561495,160.792770385742,112.284657287598,126.204392716691,99.3375188729304,122.618226902459,106.773731858518,130.906097412109,54.12462619195,117.544499715169,19.574263664886,111.370442206871,124.809549604143,35.1703753163177,54.9573409075433,62.6112449466481,58.4286003694725,166.061081830193,66.4867087363557,47.3755564032819,33.5428111223474,75.6897382303985,29.360175758256,21.1799263031181,12.2027375745812,75.5653830501503,95.3137274808662,93.3654881645651,5.89640303169976,108.800629025414,114.870799255371,57.6568712884187,165.925518382679,55.8211839525226,87.5555728680242,60.4147082001086,0,184.477813720703,180.539877755301,154.596540935969,164.675896384499,137.190490321109,180.59130859375,103.914673922355,0,90.5566091035542,162.545431657271,138.792373657227,110.337526196631,97.6654992058048,106.586126718766,98.7381258800776,0,123.459600214373,54.5846157818064,97.0163471411306,143.096195295745,64.962953209877,94.6466464423544,87.6559953983142,137.84655250387,169.422572544643,146.679632955523,109.583052145468,128.550491333008,167.913766479492,103.761617835564
36.4084065868134,103.13544178009,61.4103405322904,48.4553136238441,14.1843890381628,110.605043538411,61.3561109782136,18.1862641197388,64.4638584868866,41.3796029174632,14.6573694138908,131.675019239768,41.0110595894118,149.750640869141,81.8510442332319,67.5136838597575,42.6059562231521,106.341071753913,142.206622475072,123.549266270229,21.1087215064996,19.3301896849099,45.7972661997253,32.6084356722231,15.4921969396508,144.826601028442,100.787185610794,75.5653830501503,10.4715994618292,53.7992091604757,27.6137563433267,0,113.532696723938,54.809307897321,53.6498368422562,124.618511381603,112.777821350098,140.411825850203,68.4771919954307,20.441681840203,165.198145548503,145.077387695312,112.190596187816,149.609331738818,81.5669729795387,140.132229958811,207.700225830078,128.181998116629,197.013946533203,139.542843849428,134.405492609197,94.8983306884766,155.296396006709,170.562622070312,162.877999556692,149.776145935059,109.389836874353,75.5652232880288,115.927483298562,100.173559731646,151.283149719238,154.273586273193,145.592982276011,109.139652981674,139.619613037109,112.324101727993,0,184.91916402181,128.552427404067,123.371500059616
8.03137755850528,0,55.8716827406275,72.3720231870326,83.7535125989855,22.3807775271141,39.8484219592322,38.7762585185733,34.4494378210559,74.3770419705299,82.2043372086263,66.1838151511131,82.9691949531214,66.6316802978516,18.8224662508312,19.9740783922341,63.1113051852664,66.2871437875848,94.2035382588704,90.3157478968302,81.3704814910889,59.8477929115295,64.5179629855686,52.8338288546044,70.8020163208899,84.8285706837972,96.2788659037559,95.3137274808662,53.7992091604757,8.11088238007753,14.0666242685826,0,11.5295310166208,13.169329916116,27.2391530974819,146.608662923177,159.315795898438,133.448954264323,107.114059448242,94.1213281419542,0,160.609397888184,152.341435750326,179.75,0,226.314361572266,115.476430257161,0,119.275501251221,159.775128173828,0,111.158332824707,221.404594421387,144.839935302734,157.356597900391,0,134.775252532959,88.9631958007812,131.261091868083,133.153107091,161.364749908447,148.753367424011,138.689904928207,144.290195630944,0,139.226360321045,0,0,0,150.952635628837
19.8644186346541,104.898003896077,47.4297346084372,52.5600628183293,110.720114571708,130.889452616374,78.6155064322732,16.2642811660201,75.6600975244224,56.1282776767768,78.3769438370414,108.618257574133,71.1871594020298,145.376892089844,55.3792706246702,73.5700603061252,49.7653548121452,56.8264858924109,110.672696080701,88.1968793051583,120.053303527832,18.660035155643,48.7014751248616,34.2632294979875,56.8661782164323,136.67728805542,87.7729094972002,93.3654881645651,27.6137563433267,14.0666242685826,8.7461509445658,0,116.183163234166,56.9326093241853,30.8584347316998,121.319512367249,134.490081787109,117.976003919329,68.9541904615319,152.227432250977,185.016708374023,158.414855957031,122.641807556152,165.760452270508,92.5891380310059,190.835189819336,0,124.7236328125,0,138.370772141677,114.529739379883,104.136041873839,146.938993181501,202.590049743652,147.84300994873,0,113.219358415746,74.7879931131999,109.763867429985,112.550210571289,188.060455322266,167.086504255022,126.739319040805,115.310765179721,143.186496734619,110.502433050246,0,0,104.900225321452,115.42822994656
0,68.2537066141764,0,84.2208413516774,0,0,0,0,102.318161010742,124.158845084054,0,17.3270811623123,0,7.54424680766118,104.214912414551,0,106.779190063477,0,49.8479760487874,52.1840782165527,0,0,100.214398520333,0,129.846649169922,38.4454228786322,6.90341092714728,5.89640303169976,0,0,0,4.22378752393872,0,0,74.7985374450684,0,0,0,89.5544662475586,0,0,0,0,0,0,0,93.1637107230521,0,90.8248850504557,0,0,0,0,103.248158194802,109.353614807129,0,0,0,0,0,54.805738067627,100.405770301819,101.373045744719,0,0,0,108.341932932536,0,0,0
72.4695665588379,0,120.555699666341,116.633833312988,113.314765236594,9.90858700378827,12.2640538259326,102.109801691229,19.5785709515174,95.744260152181,113.099286324637,66.1066787345278,92.3495500352648,92.761773109436,18.7182904380211,43.1012885085935,105.135178702218,119.469459533691,90.676705678304,115.350823835893,112.446865769683,131.300985336304,104.195867538452,104.405708312988,101.78039894104,75.9599304199219,98.7124432155064,108.800629025414,113.532696723938,11.5295310166208,116.183163234166,0,4.97330824421079,58.3053334554036,37.3410187212626,0,0,0,0,130.11487197876,0,0,177.130744934082,207.685638427734,0,0,0,0,0,210.908508300781,0,137.434463500977,177.765289306641,0,0,0,0,0,165.135009765625,186.415466308594,0,0,151.464546203613,183.810424804688,0,180.411758422852,0,0,0,0
18.184830290288,0,85.6679034877468,54.8788626988729,72.909239972648,73.555884552002,69.7664411899655,46.6887437324692,58.0796082993628,63.9552636146545,73.3575376783099,105.072343826294,75.5355923136727,0,25.5625742517076,44.5755232297457,49.1904264556037,108.58718252182,124.038317362467,114.197046453303,70.1442774969434,58.2343123753866,42.2841581272174,61.2968601045154,57.4435033798218,103.558197021484,113.859364923441,114.870799255371,54.809307897321,13.169329916116,56.9326093241853,0,58.3053334554036,7.11445080564263,30.1643131654313,0,0,0,74.4101285934448,80.8153777122498,0,164.549926757812,131.091354370117,0,0,0,0,0,0,179.534805297852,0,121.297883351644,143.401233673096,0,0,0,121.029800415039,69.550256729126,117.28422328404,130.352409362793,0,0,143.041454315186,126.908614022391,148.70719909668,114.640190972222,0,0,0,115.350496927897
60.1309330724614,48.7959949925261,41.4807098333036,51.6646047247533,78.682861156195,32.9697273276573,55.8791436331613,54.5475003433845,51.9933871955969,62.6844653765361,83.2588324789274,30.4929122249397,75.8536147572636,50.4816020889282,41.3967567433197,42.3086979834588,49.9354778089021,38.8537704788989,43.5875030216717,38.9804741673285,78.2472498703688,29.4871026343345,43.0371916299117,38.3075464609507,57.4017805712564,55.6557124616571,54.4426156806397,57.6568712884187,53.6498368422562,27.2391530974819,30.8584347316998,74.7985374450684,37.3410187212626,30.1643131654313,10.0632962164283,139.567524501256,75.4811761856079,94.4743469238281,82.0524552868259,86.5334832327706,185.140274047852,167.486184692383,120.190994262695,159.480700174967,111.156667709351,0,105.803912618886,162.319931030273,81.6545192173549,162.62825012207,150.858800252279,100.192263974982,100.095006682656,118.035262351812,97.1076161218068,180.173126220703,110.063615163167,69.3265661351821,103.014076721492,123.473847082106,96.2904500094327,104.073157607006,97.5400010442159,126.798488062078,131.584666252136,115.554779236575,116.794314575195,153.947525024414,126.851696014404,113.578204068271
140.170211791992,0,145.727007248822,90.1509411151593,72.6613616943359,0,149.018792288644,133.893318721226,152.718202070756,108.695149739583,145.298639933268,207.209217071533,155.374145507812,0,160.677841186523,155.065780639648,109.011367797852,167.966466267904,218.569793701172,191.859348297119,110.471035548619,114.867790222168,116.485582987467,152.817721557617,119.424650391536,0,164.067663574219,165.925518382679,124.618511381603,146.608662923177,121.319512367249,0,0,0,139.567524501256,6.18412392338773,106.76955871582,85.0717174700726,59.2720616874048,68.0454988479614,52.6071857105602,34.0281574803014,21.2749531118884,25.0121770940717,65.9534842173259,46.1557056197637,118.320254218869,59.4143577640892,130.031051635742,9.64157623835657,15.7192323489856,56.0137405890923,90.0647134675088,124.416836819406,107.629492728941,60.1248929407689,67.6721855640411,58.2745652034365,72.7426217239096,61.1749790074275,142.626617431641,100.607585238348,111.722575514856,57.9904588197733,8.22174830885701,20.1161219531389,129.776859283447,188.184646606445,18.0514736826458,68.0481301839801
117.711334228516,16.637243270874,57.3702497402159,31.2856429020564,0,0,0,0,0,102.416442871094,152.297546386719,124.006564331055,105.204895019531,0,146.24755859375,0,86.3214092254639,70.1934742246355,134.116132100423,112.384746551514,0,0,57.4485418796539,61.3598115340523,128.508897399902,85.6935729980469,84.6456645468007,55.8211839525226,112.777821350098,159.315795898438,134.490081787109,0,0,0,75.4811761856079,106.76955871582,5.72600100834048,36.1952548153632,12.5386653219289,0,0,126.85400390625,93.7252268791199,107.233047485352,53.030657517649,114.091743469238,72.8460698335067,0,58.3546865541641,100.477055867513,0,49.9481109479152,47.2737403534271,74.7862025669643,50.4653413332426,0,61.4366022745768,17.7960838268195,53.8369189349088,57.7419165279088,27.6799626472137,52.1751786920409,26.9865383749324,95.9682126045227,188.765533447266,76.3462731043498,68.1975789751325,0,0,48.6000200371993
138.656888643901,66.3820558630902,82.7110405217737,57.8527017533779,0,0,172.448455810547,156.543680463518,171.234242757161,154.286231994629,178.917892456055,131.502007378472,0,149.387405395508,156.770294189453,0,100.224817869042,98.2246569960865,149.447964986165,125.610916646322,0,123.715608808729,55.1465241616232,86.3603912173849,142.372989177704,135.960578918457,98.1426463127136,87.5555728680242,140.411825850203,133.448954264323,117.976003919329,0,0,0,94.4743469238281,85.0717174700726,36.1952548153632,12.4159121032797,42.3122725963593,0,124.506870269775,121.103960545858,72.3500271165875,121.996361682765,96.5214233398438,104.082834712795,75.0779713340428,132.041617075602,65.0408782958984,99.2183614620727,121.592655181885,67.2001521551787,20.2885145627121,73.9129822201199,47.1756949705236,132.751768112183,57.6841572689345,36.2457328358212,16.8803618666352,89.8911265472868,0,17.7624165440554,25.7589755241001,55.6431232779432,95.7291636375865,53.6697550712121,0,110.124374389648,99.9952281316121,49.5261185070825
78.3207201276507,38.9032669067383,56.0378785226859,20.4447788788528,107.091250101725,0,106.867891788483,77.3033096790314,97.973751377415,39.2068866577148,99.4916667938232,150.136798858643,75.1706275939941,141.601615905762,91.1824798583984,91.1387145996094,69.0726519266764,63.3580084408031,69.7377471923828,89.5684188842773,120.996411641439,56.6405801773071,48.267939057461,76.6181331210666,59.2183203810737,0,90.2621790885925,60.4147082001086,68.4771919954307,107.114059448242,68.9541904615319,89.5544662475586,0,74.4101285934448,82.0524552868259,59.2720616874048,12.5386653219289,42.3122725963593,7.80478222384775,92.3784289360046,101.620730856191,76.2282681320653,57.7336603485712,87.367185832268,11.2568990881034,87.3255106016647,93.6363911348231,68.5052584838867,95.7691913604736,76.0647965522662,62.7940086364746,38.0638840334325,49.9247186719385,98.1214592673562,55.4631368819981,91.9413828849792,50.326518577834,13.610375853735,43.6395360365671,30.2384537974663,61.2396076240203,50.3228423362957,35.2551258583069,46.4314915137696,72.2451430464213,50.0914706846806,104.355583190918,106.652683258057,54.0598286220006,50.8410074707386
67.6702626546224,0,0,97.6544240315755,11.533453604477,0,54.0065367727569,37.6817724704742,63.0409359109813,0,17.7860045336187,0,45.5014416694641,0,99.2453559875488,81.6532516479492,164.902038574219,0,0,0,15.8189748381391,0,0,174.692687988281,68.0909167395698,0,0,0,20.441681840203,94.1213281419542,152.227432250977,0,130.11487197876,80.8153777122498,86.5334832327706,68.0454988479614,0,0,92.3784289360046,9.71813422524472,122.345859951443,63.314171810246,56.207064969199,92.3496180467827,48.5180797202914,18.9846648901665,151.84091796875,16.5068338783876,0,87.25260144402,83.9245685484351,104.443473815918,164.32389831543,183.705612182617,0,9.76720374669494,114.203707377116,78.6890518188477,125.696605682373,17.8784898724346,144.180084228516,157.535873413086,162.813535690308,9.0211151195635,83.739608670329,94.1537475585938,0,113.257115681966,77.8203032725566,76.5948793965001
