6.70410436762966,119.108015696208,88.9117214859173,77.6181067228317,70.0569603553185,50.5067766260218,36.8840047882052,21.916786174655,17.5589172580058,56.1304839952056,44.0309267676899,120.378413702312,72.2835242983321,138.589378967285,9.30145526431134,29.9205235134472,132.748640060425,89.3780682458699,129.667613983154,110.042298981638,73.2231058612947,79.3887977600098,61.456980805648,84.035140265488,64.6329742653301,164.597396850586,106.147128222419,115.368181182117,65.6352271408819,10.8328524188518,32.2375833218109,150.811237335205,59.6333964261142,35.4420570917656,64.9477489279788,127.129244705726,128.923080444336,148.877061208089,79.7095546722412,147.985496520996,165.410034179688,161.064618624174,117.258573106899,151.745677774603,87.3788110833419,152.186236346209,192.280136108398,119.57079410553,196.187545776367,145.650823162448,0,104.952749633789,168.396718343099,220.041366577148,183.360321044922,144.174381256104,119.434804049405,96.7796507941352,141.124855735085,110.84052098051,0,168.072642008464,165.618878936768,110.450221184925,134.155778048331,113.269052132548,0,193.379577636719,119.098468282948,128.383609313965
119.108015696208,7.61921654459021,44.4271719342186,18.5276857903129,0,168.03076171875,165.38200378418,113.316730205829,151.387481689453,64.3831795386548,110.688331604004,55.738024081214,0,38.9987882143798,0,112.110858917236,66.3723725711598,50.8594803435079,84.1427810668945,51.9888809859151,0,90.8114489931049,14.1382750000728,79.8320252438809,83.5312508803148,28.0306189363867,42.8635447184245,28.1821713907336,103.421722412109,106.794410400391,98.2920737266541,63.0727296617296,0,83.8794370378767,49.716309703288,168.209976196289,42.9625540733337,89.1113266944885,66.1880772000267,0,0,0,146.084849039714,0,0,0,88.0119049072266,0,81.971088231996,0,0,134.12744140625,72.5071247645787,89.6061654090881,83.3331499407368,0,129.345199584961,122.465415106879,119.797906494141,124.867492675781,61.6344434131275,74.510223638816,77.997016213157,135.070037841797,164.186584472656,117.624797821045,106.357471466064,0,0,83.2281496865409
88.9117214859173,44.4271719342186,11.3629790794018,39.938161101501,0,157.59838104248,123.855497670728,81.9669241308125,112.101408473424,115.216087036133,89.6437883893025,79.7663844763409,165.975196838379,80.8524064856061,91.5986934306651,131.769325256348,63.6464597802413,44.1488733625827,78.3816299438477,77.5119173174999,142.761291503906,64.2443225079982,38.1448930638059,26.0841663508981,92.4429334402084,66.4484176635742,26.2967498832116,28.3600332360327,65.007325924402,98.8185983276367,52.5042654460238,88.8060856819153,188.501525878906,106.740786234538,48.5075984269204,153.143686467951,75.1591024649771,83.8780256346729,61.6742123532886,0,239.981628417969,0,142.752199784066,171.555686950684,120.994206237793,164.899812062581,122.422979354858,187.924087524414,125.977283296131,160.402454969618,0,115.824123485668,97.0192272258255,131.485655975342,112.211501375834,202.75456237793,117.02122129243,55.7128495545366,96.1941086530685,163.46197868796,120.556081598455,90.6328793820735,88.1167287923148,143.774516484509,175.701904296875,123.473593222128,129.205497741699,0,146.820247650146,97.1197336477827
77.6181067228317,18.5276857903129,39.938161101501,22.7688071589137,49.8487305117644,115.29306862571,74.4901367840282,57.9876717520177,74.5395687670114,37.4795567245894,64.5702306111654,58.3322552436036,54.1247447297928,40.2516286989897,80.6749813280608,78.9810675212315,43.7039744113417,54.5808805928577,63.2492262033316,58.0742632824442,71.4974627494812,46.7927073518435,29.6181638628603,42.2381461276257,31.6414099146381,23.5998040066122,44.7468074327159,38.0750787075522,47.6026805649534,69.4719500464026,47.2031289167279,64.489710924102,121.620450337728,57.7448778732047,53.389193879711,124.438739575838,38.9878530502319,57.3098217890813,48.6967390796594,114.977528163365,0,111.205323537191,114.640220719941,140.043839954195,60.8138643264771,111.403109232585,82.8564115524292,109.77250213623,60.2127371719203,130.274379730225,0,55.6571827324069,70.7489037513733,104.868254441481,84.9389497417293,122.838668823242,88.6493370056152,76.9471739360264,74.0513832834032,70.346812679343,37.9507367587784,62.97752442298,65.3997894954818,112.181759478999,145.986274719238,93.2591220631319,92.6148972144494,0,87.2837855021159,76.4029313164788
70.0569603553185,0,0,49.8487305117644,9.18715942929395,110.382369041443,59.0048367274747,48.2380346733591,72.382344715179,42.0843429322336,16.5039263242022,165.236373901367,30.0697204866956,0,87.4791832857354,62.407408878721,0,116.07349395752,0,0,13.0663176500912,0,70.7135944366455,88.9091567993164,20.0362016205128,0,144.343998718262,120.248219299316,10.6140790105596,86.0964477971657,76.2691807746887,0,113.815974934896,75.4851823060409,80.1459430895354,153.020219802856,0,0,70.145328275619,23.9316136872215,0,133.610177612305,118.389100356329,152.774372703151,86.0784621565309,109.841326571752,0,21.0737410151307,0,153.001841545105,122.761543273926,0,0,0,0,17.3067330026254,0,116.488774108887,0,87.7988911122084,188.528747558594,185.650573730469,187.109687805176,121.008015628194,152.430248260498,192.508590698242,208.186264038086,0,0,185.552739461263
50.5067766260218,168.03076171875,157.59838104248,115.29306862571,110.382369041443,7.74193173293492,12.5872049341963,103.009323341259,22.6730492953927,96.8209183575356,103.23907149755,163.688097953796,99.8040371864073,0,29.1593216388686,17.5156745911895,0,0,0,0,112.447334520745,85.706916809082,109.302820205688,148.806476593018,108.086720620432,0,171.418251037598,153.301803588867,107.264814410293,20.8803133148745,108.967408316476,0,8.64413243517823,70.3469349254261,26.4521395754908,155.202368842231,0,0,112.869667053223,0,0,178.383850097656,154.845776627703,186.413543701172,121.198384736714,213.891649881999,0,0,0,181.666147232056,0,146.240051269531,200.63614654541,0,200.630310058594,0,158.538177490234,113.66286315918,189.197285970052,149.745045661926,0,0,0,149.681245399244,165.290735517229,154.182833353678,0,0,154.991237640381,161.979104614258
36.8840047882052,165.38200378418,123.855497670728,74.4901367840282,59.0048367274747,12.5872049341963,8.76204440230156,52.4317330956459,18.0995819876558,71.4024152253804,23.5636672964843,159.788833194309,19.3416308359582,161.585941314697,32.6978295954922,11.5207053637324,0,140.842616489955,0,173.728988647461,35.8447067214118,143.951942443848,92.0689648714933,119.392701830183,71.419176665308,0,148.415673658583,150.127468274987,66.2865268054406,33.4557786000309,95.4279218820425,220.196166992188,30.1494877331731,76.8039314930256,44.8581678685935,147.699854800576,0,185.812850952148,86.9092566448709,156.091655955595,0,149.346077138727,137.231993173998,162.597029388928,113.822971534729,154.964296045438,0,51.3970126656925,0,172.755270724826,0,152.127789815267,214.985061645508,0,0,145.26782989502,167.17756652832,129.314242553711,117.122573852539,116.469232187643,0,195.443130493164,198.128189086914,133.13688389259,159.67211390904,146.091423034668,0,213.483306884766,137.81191444397,176.192004864032
21.916786174655,113.316730205829,81.9669241308125,57.9876717520177,48.2380346733591,103.009323341259,52.4317330956459,8.4145074360885,52.5351887822699,50.6313887663562,13.6304422534052,136.247741471476,50.4879901279465,150.260336592391,17.466912621879,74.5547425842285,108.325734138489,83.9565610476453,136.098112742106,111.818929072789,29.2660441748208,66.4516775608063,74.6592606613316,64.7091054916382,51.2220952694233,137.564692179362,109.601924148401,106.012591586751,23.3522784287921,50.9415534521647,25.0047304286068,156.122199249268,111.333069745232,60.9424731911689,74.8362657323457,130.303514653986,157.391119384766,147.005810546875,78.8279688985724,132.277755010696,0,129.826061496487,111.88455261847,144.512827346574,81.0352644220099,134.365766588847,209.361801147461,123.179421318902,0,146.517599440113,136.281885782878,116.217939376831,169.56601524353,0,179.895084381104,137.220378875732,132.454587554932,106.757405980428,150.400585752545,95.0037636723079,0,162.957009633382,159.396044783159,107.877078695169,135.808945494813,114.632750086038,0,0,131.80632019043,134.601743768763
17.5589172580058,151.387481689453,112.101408473424,74.5395687670114,72.382344715179,22.6730492953927,18.0995819876558,52.5351887822699,11.9105240589637,72.4862537503563,28.7376836890623,140.255745861981,52.9407358167014,179.150686899821,13.0365340938473,34.6433728446043,0,124.293953217656,151.221282958984,148.729758453369,75.7355346159797,91.7237195968628,104.730322577737,97.2744230055651,76.5627559501506,0,137.618015971405,127.661298293476,78.5659493633012,26.1550285744256,85.8261209993946,173.930815378825,14.94173401888,74.0009035805399,52.7340496979465,144.919705317571,0,172.415744781494,95.8736167907715,162.027375539144,0,158.2765063724,134.516716391952,163.024557365003,111.507230973782,159.614144020892,0,140.384695281982,0,159.713122974743,160.228790283203,179.315742492676,172.491889953613,0,204.559331258138,137.433178294789,160.448791503906,134.771744948167,160.990256365608,123.334824445578,0,194.10188293457,181.261759757996,130.340384726289,154.69978375502,142.16998524136,0,189.359436035156,153.076104164124,158.180204430405
56.1304839952056,64.3831795386548,115.216087036133,37.4795567245894,42.0843429322336,96.8209183575356,71.4024152253804,50.6313887663562,72.4862537503563,8.63992916172178,66.45995041287,126.621794806586,11.2993990688998,106.11445657309,74.7964418329899,22.8701382107931,72.5440612792969,100.509917519309,0,124.396428426107,22.5759408770448,70.4325712585449,24.5459818503422,98.9368003845215,21.6222591525847,98.7184853553772,120.338434759176,101.854120431487,42.7827013746787,64.9757161031575,52.8355917912403,119.744082132975,108.857558314006,61.1043600392896,66.9720333730142,90.0687548319499,0,137.077827453613,49.9833955764771,98.8440153160874,152.136322021484,117.474331195538,90.9993968042834,127.849363907524,44.6125109082177,112.545577049255,0,97.1431512451172,0,125.746967184133,0,83.2897491455078,155.215690612793,0,185.96794128418,97.4539633251372,99.931999206543,53.5959278106689,127.414513327859,60.9046942277388,0,148.629692077637,154.674795532227,80.2245655895704,105.571992874146,94.7213557914451,0,238.673446655273,111.200303649902,121.397410688729
44.0309267676899,110.688331604004,89.6437883893025,64.5702306111654,16.5039263242022,103.23907149755,23.5636672964843,13.6304422534052,28.7376836890623,66.45995041287,9.61106927522405,146.396366119385,26.2844593159179,153.959708077567,34.0351490742022,70.7080820104578,127.428949356079,95.7561996359574,156.920623779297,118.36135968295,16.3228110174181,69.3976833343506,102.628069231587,78.9769949043322,52.4350262774605,0,116.411902529128,107.949314624588,24.4027197100714,74.338446275985,57.1820755004883,158.304290771484,114.086177104228,73.4224717619089,81.1073735078852,162.095314216614,159.954568481445,151.059625244141,84.5703286702654,49.7867295745856,198.786804199219,142.391080296558,127.841327151971,158.315649297352,104.726342050653,150.286271768023,0,126.298182769471,192.52864074707,159.272188669228,148.883571624756,151.923475265503,176.496055603027,0,184.29118347168,140.880776490404,156.014757792155,132.230196784524,166.397041320801,105.13406562586,212.403289794922,196.47668762207,157.370123545329,132.821344841553,165.148497284436,156.473977602445,0,193.682399749756,144.175804138184,168.710365442129
120.378413702312,55.738024081214,79.7663844763409,58.3322552436036,165.236373901367,163.688097953796,159.788833194309,136.247741471476,140.255745861981,126.621794806586,146.396366119385,14.2577444053114,0,15.6601844762787,117.727463722229,141.610061645508,98.9548546927316,41.6475667473617,21.401958048009,15.768722593378,0,86.3513763427734,83.6039177744012,86.1390435973929,134.414014180501,31.9133062516214,21.4582819358203,58.0139608617826,121.973064253065,92.3328113736414,93.0718706544623,33.3680534884784,78.3726623535156,82.7413449605306,27.3499660119616,0,97.2258529663086,119.587086995443,110.657592773438,0,0,0,204.024291992188,0,190.06649017334,0,104.831427940956,0,82.780558904012,190.146377563477,0,0,120.890387217204,108.226671218872,120.558048502604,0,178.103393554688,110.570899963379,164.709664662679,0,70.4424350622928,98.2512829120343,102.305667152888,0,0,0,107.358705591272,0,0,101.63498878479
72.2835242983321,0,165.975196838379,54.1247447297928,30.0697204866956,99.8040371864073,19.3416308359582,50.4879901279465,52.9407358167014,11.2993990688998,26.2844593159179,0,9.92955672221428,221.221099853516,92.2384101322719,9.57541366028559,0,209.318084716797,0,190.740226745605,14.4402768949434,0,93.8457112993513,138.164311726888,15.3326724299984,137.196197509766,140.750061035156,144.119921875,42.4902906878428,90.063501916046,150.128193664551,0,110.568280475896,85.8978912432988,86.6778411865234,134.291206359863,0,0,69.1680309589093,87.0877325018657,0,131.627241390507,118.161562690735,145.203695388067,77.0068693161011,137.510159181626,156.130783081055,12.4140814268439,0,153.884181976318,0,0,0,0,184.446212768555,12.2330569099277,0,132.546656799316,213.458099365234,101.216303669454,0,0,184.372940063477,124.244158798794,144.47528566633,193.63916015625,0,201.235748291016,179.658950805664,146.654338489879
138.589378967285,38.9987882143798,80.8524064856061,40.2516286989897,0,0,161.585941314697,150.260336592391,179.150686899821,106.11445657309,153.959708077567,15.6601844762787,221.221099853516,6.29843959167386,138.864971796672,164.26318359375,0,90.6768861067923,53.389185246733,54.9210511817307,222.451263427734,132.289522806803,71.5705086050682,105.848937832579,99.5117046649639,16.1524335536422,17.2557708468772,19.2794421481661,145.041610717773,137.735996007919,129.124963760376,8.7536433137775,130.080047607422,146.110992431641,56.2124934106503,0,102.435262952532,140.696029663086,100.769306727818,210.205169677734,0,0,0,0,164.967936197917,0,94.258293999566,0,68.2443880365792,0,0,0,107.34928894043,102.002458844866,117.917311096191,0,0,118.87722996303,146.346038818359,162.420818328857,53.8257315218237,96.4824122502254,89.1663330441429,217.211883544922,0,0,90.8423175811768,0,0,110.347232818604
9.30145526431134,0,91.5986934306651,80.6749813280608,87.4791832857354,29.1593216388686,32.6978295954922,17.466912621879,13.0365340938473,74.7964418329899,34.0351490742022,117.727463722229,92.2384101322719,138.864971796672,6.93832086511526,39.9081336098748,0,99.0146473388672,134.149505615234,123.178329185203,94.7108647633184,86.7943754196167,85.1617840358189,86.8498833634471,79.410601436228,176.183181762695,117.583322336242,116.399362650004,83.8726143909886,15.5927086715126,66.0485688335491,166.808540344238,12.6912598283437,27.8633698559206,35.8546986985243,144.948463439941,0,154.777036394392,102.969601313273,130.285444259644,176.08772277832,166.238399505615,139.551627274398,171.31706607703,103.108349767225,168.750149863107,199.087707519531,114.345555305481,0,167.727097511292,0,147.279874801636,190.339797973633,204.394454956055,207.877433776855,145.368574142456,150.097225189209,123.768915616549,167.627914428711,128.166622951113,0,157.986383056641,178.300942314996,130.813930313157,154.167704663958,135.253382050589,0,193.182334899902,151.242835998535,146.068152816207
29.9205235134472,112.110858917236,131.769325256348,78.9810675212315,62.407408878721,17.5156745911895,11.5207053637324,74.5547425842285,34.6433728446043,22.8701382107931,70.7080820104578,141.610061645508,9.57541366028559,164.26318359375,39.9081336098748,7.8496100015539,0,0,0,0,64.8055942172096,80.509147644043,79.6089668273926,106.383491516113,39.0470371716562,142.624908447266,155.898264567057,148.188270568848,68.4128228902817,38.29108007415,71.5014495849609,0,39.3950595734226,95.2825830459595,40.1408243633452,110.333164215088,0,0,0,203.095275878906,0,182.573486328125,130.668050130208,155.384382247925,56.1844329833984,156.894416809082,0,0,0,200.581108093262,0,0,0,0,0,0,0,0,0,117.506887435913,0,0,170.540100097656,127.005854034424,158.78574625651,0,0,0,0,156.12607828776
132.748640060425,66.3723725711598,63.6464597802413,43.7039744113417,0,0,0,108.325734138489,0,72.5440612792969,127.428949356079,98.9548546927316,0,0,0,0,15.321515015875,85.1729381879171,132.752922058105,103.909943716867,0,17.0119900343019,28.9762705513628,17.2035400720964,20.4401309632923,92.2417424519857,100.547268643099,25.1335227008411,32.7415000272834,78.7975945723684,54.2409547502241,0,0,75.1532562255859,62.2585138729241,0,120.568016052246,84.6746561186654,47.7083338223971,0,0,0,123.258918762207,0,0,0,163.148330688477,0,0,0,0,21.3413230295365,123.541297912598,0,123.727527618408,0,103.514108657837,48.2324276616023,89.6821227571858,59.7282171982985,0,145.922905604045,96.262893490675,98.4329249064128,107.807609558105,104.335026909323,0,0,100.762214660645,96.3174133300781
89.3780682458699,50.8594803435079,44.1488733625827,54.5808805928577,116.07349395752,0,140.842616489955,83.9565610476453,124.293953217656,100.509917519309,95.7561996359574,41.6475667473617,209.318084716797,90.6768861067923,99.0146473388672,0,85.1729381879171,8.7754396892843,46.2027606964111,23.5390396199483,173.612731933594,43.285862126034,66.8289783047695,17.5098951896012,114.413241068522,73.2781904220581,21.9055084809526,59.8974927357662,98.3300924428304,84.0346738836309,55.5997506842113,83.7897117614746,0,71.5526086405704,26.7361254876368,173.08674621582,86.2693926964277,105.784733385653,84.800303867885,0,0,0,165.073398335775,185.934400285993,153.596603393555,174.402381896973,121.535143418746,0,119.011648351496,184.926727294922,0,119.004984174456,110.489451437285,121.804057401769,106.92619525685,0,157.762386322021,89.109595259575,116.971383879456,155.847995758057,95.7883580525716,100.910144561192,101.984724752161,151.890197372437,166.630272759332,155.755946912264,143.647489547729,0,161.844955444336,111.245258585612
129.667613983154,84.1427810668945,78.3816299438477,63.2492262033316,0,0,0,136.098112742106,151.221282958984,0,156.920623779297,21.401958048009,0,53.389185246733,134.149505615234,0,132.752922058105,46.2027606964111,6.77806672270517,10.0701920482132,0,0,102.73193359375,112.956513144753,0,50.7222557673379,12.2616792800803,66.6182720931535,127.779067993164,124.998184204102,124.567584991455,58.8287621957284,0,0,66.9285980417759,0,0,0,74.3465881347656,0,0,0,0,0,0,0,94.6208953857422,0,96.4201071602958,0,0,0,0,0,124.033645629883,0,0,0,0,0,89.3278388977051,108.161086559296,112.659976758455,0,0,0,0,0,0,182.21501159668
110.042298981638,51.9888809859151,77.5119173174999,58.0742632824442,0,0,173.728988647461,111.818929072789,148.729758453369,124.396428426107,118.36135968295,15.768722593378,190.740226745605,54.9210511817307,123.178329185203,0,103.909943716867,23.5390396199483,10.0701920482132,6.61748717929413,0,88.6950825585259,87.905033192736,78.7010834442213,143.545230865479,38.5806938131512,20.2746823009128,60.6389463304812,117.823106196889,98.1201570888871,90.6942048470179,61.767037709554,146.581741333008,85.6587800690622,34.4228254446115,190.803848266602,103.620534624372,123.534030914307,105.169464111328,0,0,0,184.457331339518,0,166.313598632812,0,103.530001958211,0,94.1769439697266,0,0,0,105.000782012939,107.303071863511,105.58242602681,0,0,116.409399552779,151.038939339774,0,80.4076937161959,101.065402485774,103.933173874446,184.265090942383,0,164.902221679688,112.589429681951,0,0,108.145592498779
73.2231058612947,0,142.761291503906,71.4974627494812,13.0663176500912,112.447334520745,35.8447067214118,29.2660441748208,75.7355346159797,22.5759408770448,16.3228110174181,0,14.4402768949434,222.451263427734,94.7108647633184,64.8055942172096,0,173.612731933594,0,0,8.90926306747351,0,118.108810424805,0,17.0861106271628,211.1923828125,0,124.937438964844,25.8012573443692,90.4880824618869,130.649448394775,0,119.994076121937,83.1481051058383,86.4806117161064,203.13272857666,0,0,86.004586612477,58.7193225909253,0,144.35768799043,134.999368273522,164.115760020721,97.3941706702823,154.215063551552,0,16.3271157295706,0,174.099198532104,120.29061126709,0,0,0,0,19.1626661238463,0,126.77131325858,0,110.344125036795,0,0,225.913162231445,140.2729188786,194.346973964146,184.437370300293,0,0,0,178.100985209147
79.3887977600098,90.8114489931049,64.2443225079982,46.7927073518435,0,85.706916809082,143.951942443848,66.4516775608063,91.7237195968628,70.4325712585449,69.3976833343506,86.3513763427734,0,132.289522806803,86.7943754196167,80.509147644043,17.0119900343019,43.285862126034,0,88.6950825585259,0,9.26447115808296,42.6434332998044,19.5737385292963,24.4546348757023,86.8296600341797,96.6616601030489,64.7409501385006,16.8170508709391,57.6510911256002,19.7325544728348,136.774215698242,136.574111938477,50.3072991689046,40.270574626282,123.377067565918,128.640627543132,109.992482020937,63.451955518152,0,0,0,148.070730209351,0,130.746398925781,207.630630493164,183.852001190186,172.217041015625,180.806102752686,180.251551310221,0,84.8005437533061,136.642109957608,167.382148742676,149.633984565735,0,102.463463919503,66.7853287846209,109.500786259489,113.559505462646,154.962524414062,137.089410543442,121.567097037179,103.481736077203,116.426020304362,104.668908157349,167.009643554688,0,103.762564341227,116.797370498245
61.456980805648,14.1382750000728,38.1448930638059,29.6181638628603,70.7135944366455,109.302820205688,92.0689648714933,74.6592606613316,104.730322577737,24.5459818503422,102.628069231587,83.6039177744012,93.8457112993513,71.5705086050682,85.1617840358189,79.6089668273926,28.9762705513628,66.8289783047695,102.73193359375,87.905033192736,118.108810424805,42.6434332998044,8.37672733890582,43.0814853742119,25.817895148159,64.419622964927,71.4343008519858,34.7588051509353,43.2181284640803,57.7401428954596,45.0596334439655,90.4894685011644,102.329920768738,50.4349553226645,54.7208459892529,107.984384155273,76.175651550293,73.3731484004429,56.2637506153273,124.948396046956,0,134.967971801758,128.323790777297,177.333730061849,72.6138164813702,139.545777320862,110.708862304688,124.831016540527,107.578507741292,172.685409545898,0,44.8747662630948,94.5005762736003,143.262723286947,100.472432223233,124.415445327759,100.804364613124,30.7463123029278,96.8235736769073,81.8254790434966,86.5559580485026,108.475466008772,93.7462131733797,106.984232935412,103.628613063267,95.1075481746508,143.313746643066,0,94.8403263092041,98.8772638494318
84.035140265488,79.8320252438809,26.0841663508981,42.2381461276257,88.9091567993164,148.806476593018,119.392701830183,64.7091054916382,97.2744230055651,98.9368003845215,78.9769949043322,86.1390435973929,138.164311726888,105.848937832579,86.8498833634471,106.383491516113,17.2035400720964,17.5098951896012,112.956513144753,78.7010834442213,0,19.5737385292963,43.0814853742119,12.8604449816385,59.2985966100633,96.5846831003825,72.7711431208746,37.9634862405188,33.9911695880166,78.7879436230112,32.5432323011762,112.181224822998,130.17497253418,62.1944757441884,39.0115909084981,165.466479301453,112.180589155717,89.7183547513066,53.8791295202155,0,0,177.888156890869,149.849925879276,181.470087224787,112.687183925084,168.421444702148,139.75505150689,0,142.328290303548,175.924944196429,0,47.7699185518118,112.376541259766,166.40514831543,133.49571861854,0,110.704247922313,57.3887289068049,93.6858769013053,135.491379737854,134.58088684082,119.484072219096,95.4645998140193,133.236301306522,138.521717495388,130.357914628654,161.491516113281,0,124.709346226283,106.964832081514
64.6329742653301,83.5312508803148,92.4429334402084,31.6414099146381,20.0362016205128,108.086720620432,71.419176665308,51.2220952694233,76.5627559501506,21.6222591525847,52.4350262774605,134.414014180501,15.3326724299984,99.5117046649639,79.410601436228,39.0470371716562,20.4401309632923,114.413241068522,0,143.545230865479,17.0861106271628,24.4546348757023,25.817895148159,59.2985966100633,9.66576152244722,91.7382596333822,115.551766531808,58.2604586879543,20.0783708547996,72.7887184011946,57.7837739988371,144.543037414551,117.237290082659,64.597311849718,73.5031287341282,116.738865930894,144.139233398438,123.457546234131,49.5835637434935,113.404641170128,176.003883361816,119.5837180728,100.582578293689,131.893807931799,63.6629040724748,120.895220537883,0,102.693472726004,0,134.249561674032,85.430908203125,90.3387497493199,155.066276550293,0,157.878601074219,105.436553955078,111.604610736553,88.6684997433522,135.374704270136,76.0503579054156,158.794342041016,154.667888416963,148.162054174087,97.7504920548185,121.983820405396,105.69795211792,0,178.430374145508,114.676312214619,121.963772960545
164.597396850586,28.0306189363867,66.4484176635742,23.5998040066122,0,0,0,137.564692179362,0,98.7184853553772,0,31.9133062516214,137.196197509766,16.1524335536422,176.183181762695,142.624908447266,92.2417424519857,73.2781904220581,50.7222557673379,38.5806938131512,211.1923828125,86.8296600341797,64.419622964927,96.5846831003825,91.7382596333822,8.70069361224545,40.2593572561633,18.243021879987,107.263885498047,113.482078552246,117.385713577271,49.2595658173432,0,82.8711700439453,45.454497418811,0,84.2464692252023,0,78.2198957555434,0,0,0,0,0,170.119812011719,0,73.0831992107889,0,57.6795711895892,0,0,168.758422851562,103.331776936849,84.1567335128784,81.4030945606721,0,131.117370605469,134.207053375244,135.743934631348,155.849075317383,39.9649232412989,73.6847089767456,73.2259317699232,0,179.114593505859,0,78.787448367557,0,0,76.8622709421011
106.147128222419,42.8635447184245,26.2967498832116,44.7468074327159,144.343998718262,171.418251037598,148.415673658583,109.601924148401,137.618015971405,120.338434759176,116.411902529128,21.4582819358203,140.750061035156,17.2557708468772,117.583322336242,155.898264567057,100.547268643099,21.9055084809526,12.2616792800803,20.2746823009128,0,96.6616601030489,71.4343008519858,72.7711431208746,115.551766531808,40.2593572561633,10.6858938686995,18.4299729273026,112.406099197354,103.634088852609,83.5462551618539,20.0706928616557,204.018956502279,117.043707968972,54.8939086046242,173.688614908854,78.5271446668631,120.102011563485,83.7508371202208,0,0,0,174.08589630127,206.376811981201,164.318200683594,200.98458480835,103.376242703231,161.832992553711,92.6404958341958,186.005836486816,0,143.318397521973,97.4981414548812,106.84461524916,98.6784203532138,0,141.825754605807,120.506485201278,130.29449693212,162.932388305664,75.8344066741189,93.0381707324257,95.801295850016,184.742253984724,167.458977835519,156.904116117037,107.118967652321,0,169.369491577148,97.1699523925781
115.368181182117,28.1821713907336,28.3600332360327,38.0750787075522,120.248219299316,153.301803588867,150.127468274987,106.012591586751,127.661298293476,101.854120431487,107.949314624588,58.0139608617826,144.119921875,19.2794421481661,116.399362650004,148.188270568848,25.1335227008411,59.8974927357662,66.6182720931535,60.6389463304812,124.937438964844,64.7409501385006,34.7588051509353,37.9634862405188,58.2604586879543,18.243021879987,18.4299729273026,11.8490510088584,68.1815920697344,118.419405832849,92.1160324406741,14.7488481205689,170.228144327799,109.11295116649,58.4066998862695,158.091227213542,82.2787162585136,86.3023481531445,72.6617066664152,185.467397054036,0,168.696645100911,149.749770918703,183.651779174805,160.868888310024,168.438730576459,108.721168108684,191.102798461914,92.5442269290914,167.985191345215,0,120.577188592208,99.9600337199028,112.447635628584,100.080895014452,205.50927734375,132.614837383402,52.4430092978287,97.7807037592814,125.337464287168,76.8331327782021,94.1953449287112,95.3246382799851,148.202596664429,180.160498399001,141.831821300365,110.47482412706,0,142.746377563477,99.917275157288
65.6352271408819,103.421722412109,65.007325924402,47.6026805649534,10.6140790105596,107.264814410293,66.2865268054406,23.3522784287921,78.5659493633012,42.7827013746787,24.4027197100714,121.973064253065,42.4902906878428,145.041610717773,83.8726143909886,68.4128228902817,32.7415000272834,98.3300924428304,127.779067993164,117.823106196889,25.8012573443692,16.8170508709391,43.2181284640803,33.9911695880166,20.0783708547996,107.263885498047,112.406099197354,68.1815920697344,10.9634418899538,68.4177289760677,23.3998282950682,151.115485451438,111.240351359049,60.2677962627411,58.3690864818099,110.041675434038,144.958095974392,130.305795014794,66.390449628438,127.187671689634,169.985894339425,128.91212839937,105.780351813196,139.572038115011,72.7533914372449,137.765073136895,0,111.310733113144,183.8791847229,139.831964539319,118.500406901042,91.4023509979248,145.131112471871,184.521957397461,168.136541578505,125.622376699296,100.505620042817,80.8093819592996,118.348265747924,90.8320082141512,184.147649129232,163.517331314087,142.088584983742,102.138794337664,118.186732741738,99.4853334534518,202.685020446777,0,107.236264028047,115.494317174672
10.8328524188518,106.794410400391,98.8185983276367,69.4719500464026,86.0964477971657,20.8803133148745,33.4557786000309,50.9415534521647,26.1550285744256,64.9757161031575,74.338446275985,92.3328113736414,90.063501916046,137.735996007919,15.5927086715126,38.29108007415,78.7975945723684,84.0346738836309,124.998184204102,98.1201570888871,90.4880824618869,57.6510911256002,57.7401428954596,78.7879436230112,72.7887184011946,113.482078552246,103.634088852609,118.419405832849,68.4177289760677,6.13334603654432,22.0137066301839,148.060586547852,8.17670496606837,12.2860152562253,29.0171671044971,136.694728407749,129.751873016357,146.035652770996,89.8104210647882,170.102236175537,194.387054443359,164.465134662131,129.676373619666,170.411228795205,93.2665077817123,166.479078369141,174.276138305664,114.298278808594,179.258325195312,161.488254371056,0,102.61688542366,159.081605021159,0,187.227389017741,157.569500605265,116.270531587822,89.8948594093323,131.718650817871,125.185715014096,0,167.187683868408,159.920433616638,117.956344012148,140.695514628762,114.69356568378,198.088539123535,227.18669128418,117.747214544387,130.066945567276
32.2375833218109,98.2920737266541,52.5042654460238,47.2031289167279,76.2691807746887,108.967408316476,95.4279218820425,25.0047304286068,85.8261209993946,52.8355917912403,57.1820755004883,93.0718706544623,150.128193664551,129.124963760376,66.0485688335491,71.5014495849609,54.2409547502241,55.5997506842113,124.567584991455,90.6942048470179,130.649448394775,19.7325544728348,45.0596334439655,32.5432323011762,57.7837739988371,117.385713577271,83.5462551618539,92.1160324406741,23.3998282950682,22.0137066301839,9.51412327785996,145.330345153809,116.998878479004,19.0971532150339,33.8668836204778,117.630365433231,140.066150241428,119.907625834147,59.9849560412955,177.102226257324,166.379592895508,174.222798665365,112.938664539751,153.31846509661,73.2964567542076,152.884590148926,0,0,174.315628051758,141.881691963442,0,97.4065730014694,144.587644075093,150.062652587891,153.079003043797,171.897336324056,102.502654310586,72.47387943171,114.778372551413,107.061237239036,128.918296813965,141.868609619141,142.224328810169,99.5217752025973,113.587983684175,104.137307874849,225.365600585938,0,107.483365907774,106.939368643412
150.811237335205,63.0727296617296,88.8060856819153,64.489710924102,0,0,220.196166992188,156.122199249268,173.930815378825,119.744082132975,158.304290771484,33.3680534884784,0,8.7536433137775,166.808540344238,0,0,83.7897117614746,58.8287621957284,61.767037709554,0,136.774215698242,90.4894685011644,112.181224822998,144.543037414551,49.2595658173432,20.0706928616557,14.7488481205689,151.115485451438,148.060586547852,145.330345153809,4.1809440530049,212.616165161133,0,80.6840189023125,0,148.593200683594,126.318588256836,146.913342793783,0,0,0,0,0,0,0,113.042598179408,0,97.4577474391207,228.303237915039,0,0,0,111.511005401611,121.772294998169,0,0,0,0,0,81.6134288787842,115.111872303243,115.294873935073,0,0,0,122.723933826793,0,0,103.613662719727
59.6333964261142,0,188.501525878906,121.620450337728,113.815974934896,8.64413243517823,30.1494877331731,111.333069745232,14.94173401888,108.857558314006,114.086177104228,78.3726623535156,110.568280475896,130.080047607422,12.6912598283437,39.3950595734226,0,0,0,146.581741333008,119.994076121937,136.574111938477,102.329920768738,130.17497253418,117.237290082659,0,204.018956502279,170.228144327799,111.240351359049,8.17670496606837,116.998878479004,212.616165161133,5.00307290138218,53.0681608517965,30.045328859772,0,0,0,120.85375213623,0,219.593383789062,188.894111633301,160.480432128906,196.338668823242,113.263996124268,180.864700317383,0,0,0,201.155204772949,0,145.189834594727,223.326583862305,0,0,0,0,114.448585510254,156.285934448242,159.890286959135,0,0,0,150.684830277054,163.681025187174,147.10947672526,0,0,0,175.556655883789
35.4420570917656,83.8794370378767,106.740786234538,57.7448778732047,75.4851823060409,70.3469349254261,76.8039314930256,60.9424731911689,74.0009035805399,61.1043600392896,73.4224717619089,82.7413449605306,85.8978912432988,146.110992431641,27.8633698559206,95.2825830459595,75.1532562255859,71.5526086405704,0,85.6587800690622,83.1481051058383,50.3072991689046,50.4349553226645,62.1944757441884,64.597311849718,82.8711700439453,117.043707968972,109.11295116649,60.2677962627411,12.2860152562253,19.0971532150339,0,53.0681608517965,7.86824385309261,23.0958843799653,116.665464401245,102.740839640299,130.998119990031,76.7461145189073,88.783073425293,0,176.090794881185,124.609202239473,159.247617449079,84.7976194682874,165.611637115479,160.062683105469,133.039367675781,0,154.405756863681,140.045257568359,96.6900131225586,149.527811686198,0,221.337600708008,142.149719238281,105.427400512695,82.6891109759991,112.924302237374,115.89100630387,0,131.38737487793,134.915079752604,108.181330028333,120.872718604835,105.185821034084,0,0,113.277724129813,120.250110161014
64.9477489279788,49.716309703288,48.5075984269204,53.389193879711,80.1459430895354,26.4521395754908,44.8581678685935,74.8362657323457,52.7340496979465,66.9720333730142,81.1073735078852,27.3499660119616,86.6778411865234,56.2124934106503,35.8546986985243,40.1408243633452,62.2585138729241,26.7361254876368,66.9285980417759,34.4228254446115,86.4806117161064,40.270574626282,54.7208459892529,39.0115909084981,73.5031287341282,45.454497418811,54.8939086046242,58.4066998862695,58.3690864818099,29.0171671044971,33.8668836204778,80.6840189023125,30.045328859772,23.0958843799653,9.53885236758949,135.829104879628,79.8679115988991,96.1856858995226,68.6695882011862,149.14533996582,0,179.347900390625,132.662562851679,176.080753803253,114.658133408119,173.939521789551,117.920871480306,119.32160949707,104.409972463335,173.996190752302,0,107.159069890561,111.071476194594,124.166872660319,109.143959738991,117.917167663574,108.433412461054,71.6458739856682,113.135967301734,127.155702311198,84.5497218540737,99.9804701739193,103.203406450618,121.108437463009,134.951599597931,119.225033526151,110.456309231845,183.814559936523,138.524300257365,116.080274167268
127.129244705726,168.209976196289,153.143686467951,124.438739575838,153.020219802856,155.202368842231,147.699854800576,130.303514653986,144.919705317571,90.0687548319499,162.095314216614,0,134.291206359863,0,144.948463439941,110.333164215088,0,173.08674621582,0,190.803848266602,203.13272857666,123.377067565918,107.984384155273,165.466479301453,116.738865930894,0,173.688614908854,158.091227213542,110.041675434038,136.694728407749,117.630365433231,0,0,116.665464401245,135.829104879628,10.0689887141003,113.277052945869,109.842320535035,82.8800838712662,93.1161662062554,80.8612851229581,46.6593416516143,23.7259811168965,34.2787513100647,58.9358577728271,74.7176695302328,112.049370545607,97.1273886772894,139.686114788055,18.7915205795803,65.5804364864643,78.9684215414113,97.1839479745603,134.043713951111,114.009991659715,87.896006657527,68.541794023139,77.933596795209,91.4871412081769,69.2334490300894,148.23762512207,108.183526244045,119.162110026757,70.4462456217983,14.6861627478044,14.4870714999114,139.844721476237,80.3594078650841,38.1915651026131,51.5243105916392
128.923080444336,42.9625540733337,75.1591024649771,38.9878530502319,0,0,0,157.391119384766,0,0,159.954568481445,97.2258529663086,0,102.435262952532,0,0,120.568016052246,86.2693926964277,0,103.620534624372,0,128.640627543132,76.175651550293,112.180589155717,144.139233398438,84.2464692252023,78.5271446668631,82.2787162585136,144.958095974392,129.751873016357,140.066150241428,148.593200683594,0,102.740839640299,79.8679115988991,113.277052945869,8.23868244074679,57.4453194647124,17.623677083606,0,0,162.158584594727,104.27457113266,149.258967808315,74.1838969728023,139.989728927612,62.6028941392899,193.583808898926,49.0558094522227,120.227910783556,0,60.3704214096069,45.4887737903512,68.6941694641113,51.4852367536048,0,84.1016777625451,18.2031083292646,60.7415325903768,75.6230705976486,19.2476604284564,42.1202838437898,29.7680747988777,104.824204089595,105.1021841726,89.2854822722959,70.7888409296672,0,104.229934692383,46.9528283806911
148.877061208089,89.1113266944885,83.8780256346729,57.3098217890813,0,0,185.812850952148,147.005810546875,172.415744781494,137.077827453613,151.059625244141,119.587086995443,0,140.696029663086,154.777036394392,0,84.6746561186654,105.784733385653,0,123.534030914307,0,109.992482020937,73.3731484004429,89.7183547513066,123.457546234131,0,120.102011563485,86.3023481531445,130.305795014794,146.035652770996,119.907625834147,126.318588256836,0,130.998119990031,96.1856858995226,109.842320535035,57.4453194647124,15.1917465885094,43.661660220172,137.549789428711,88.1764678955078,127.870747616417,82.1478913949074,126.381284870085,125.719664001465,110.34312061983,85.6663339138031,225.81575012207,89.0653550720215,115.155119781494,0,60.9056802684978,33.8413555074161,87.9807124137878,74.145982387454,163.216735839844,74.617179311555,37.4993794475598,25.6164981441145,104.05062514085,91.4933776855469,25.3873130043757,22.980666477445,68.2916406927676,122.550235566639,70.9673935291379,91.9452161287007,157.112838745117,101.585852305094,57.208702267262
79.7095546722412,66.1880772000267,61.6742123532886,48.6967390796594,70.145328275619,112.869667053223,86.9092566448709,78.8279688985724,95.8736167907715,49.9833955764771,84.5703286702654,110.657592773438,69.1680309589093,100.769306727818,102.969601313273,0,47.7083338223971,84.800303867885,74.3465881347656,105.169464111328,86.004586612477,63.451955518152,56.2637506153273,53.8791295202155,49.5835637434935,78.2198957555434,83.7508371202208,72.6617066664152,66.390449628438,89.8104210647882,59.9849560412955,146.913342793783,120.85375213623,76.7461145189073,68.6695882011862,82.8800838712662,17.623677083606,43.661660220172,37.6648919802268,69.3241101528736,101.96410369873,67.7269852378152,56.2332346266208,79.6234015201,38.9199870345816,82.5686448794692,68.5208148589501,52.6993361663818,47.6055595185459,81.6928834199905,57.983898639679,41.8152731244539,55.3905832043338,65.0857305526733,63.4125676849742,68.7802634700652,42.4733454564769,34.598020808576,38.0900027515577,26.2510584288561,24.1428187528238,45.0420454826755,38.2091723112183,46.7505538391931,69.7852435793195,48.5287166210759,73.5442679384921,0,53.2003828684489,55.0849280948481
147.985496520996,0,0,114.977528163365,23.9316136872215,0,156.091655955595,132.277755010696,162.027375539144,98.8440153160874,49.7867295745856,0,87.0877325018657,210.205169677734,130.285444259644,203.095275878906,0,0,0,0,58.7193225909253,0,124.948396046956,0,113.404641170128,0,0,185.467397054036,127.187671689634,170.102236175537,177.102226257324,0,0,88.783073425293,149.14533996582,93.1161662062554,0,137.549789428711,69.3241101528736,8.16947015043823,115.763383865356,53.1815825589821,74.6762351160464,94.060522400931,59.2004717531658,25.0069850221344,0,38.2367870591512,0,106.888701514042,74.2572573957772,0,172.304977416992,0,145.331985473633,12.9411601608166,169.054595947266,95.5359001159668,101.573516845703,20.7690486650821,0,157.958791351318,183.284301757812,15.8488957085773,103.896428851574,153.894256591797,0,136.034650802612,103.207115665559,103.640945294581
