8.71058762283315,144.885387420654,93.5421271621297,65.8976836378557,93.6999630398221,73.5182711283366,93.1777395768599,29.2348034802771,36.2122373141296,71.7363085332124,34.384638792985,118.329830169678,99.6838314658717,126.64875793457,13.9205935428483,102.093944125705,122.325272878011,100.038389864221,133.563237508138,116.106657606183,92.9699748357137,79.3233506083488,92.1580372860557,89.5060865882338,79.5031516721743,130.038234710693,127.708573376691,124.187236528455,80.2685648620704,18.0010105505601,39.0114641281663,127.646865844727,74.9262504577637,53.1792471749442,63.4682598013096,134.173873901367,0,160.945750713348,82.2676257257876,0,0,145.950819227431,147.670644319974,156.819990975516,108.321304321289,134.832772391183,0,135.208711242676,199.524658203125,160.862863540649,158.198425292969,126.00334777832,208.267471313477,0,0,153.439590454102,143.080955505371,91.626843770345,170.045010036892,115.929735501607,0,200.609432220459,167.55965423584,129.585651916504,158.570575111791,130.373389748966,0,0,147.013885498047,137.758316040039
144.885387420654,6.81484436460316,36.0829440222846,25.0250818935441,0,0,134.134066990444,113.656737857395,140.115573120117,73.9891898493287,120.602456410726,70.9402845001221,106.420572553362,57.4891288712708,135.927926497026,103.919760760139,43.9639091362824,51.663727917514,81.5084013938904,70.6901548634405,0,111.036819934845,28.9981354767498,53.4360298633575,77.3216295138774,32.3717928590753,63.6554135239643,29.3105052904737,96.2880082899524,136.95859670639,116.808663368225,67.9235645820355,128.205810546875,0,57.1707753720491,0,46.6839966773987,79.7899052756173,44.5828734806606,179.055328369141,0,184.698165893555,141.517395019531,192.494003295898,107.605484008789,159.977043151855,94.5856971740723,0,98.4365485862449,182.248596191406,0,129.650451660156,99.1825218200684,114.992901611328,120.786322021484,0,117.11111831665,0,117.470376014709,128.190242004395,80.7448465824127,91.5856378728693,86.6544883818853,154.295934041341,170.955978393555,130.838302612305,111.873695373535,0,0,119.151411056519
93.5421271621297,36.0829440222846,10.6998422463845,44.5212145423889,148.721288045247,152.540745735168,120.852349887688,95.1643272902559,114.148623413634,123.643934076483,105.772111860422,88.7926125980559,153.264085006714,104.24290339152,110.538918272879,126.077537899926,95.9901356506348,42.3315140311244,86.4551154064531,70.3201249250432,139.07688999176,59.5692731823955,42.4517571258545,30.4477002631654,117.325425639905,170.924751281738,35.2251805496097,33.5825989753321,90.3468087566093,112.799982708385,84.4510960699807,99.7256405300564,156.970734306004,101.968610672724,58.0428220362445,156.325482686361,67.456539390827,82.7068611520786,63.5110593464064,178.652435302734,0,188.554495917426,155.763492255375,178.716603766547,157.35071182251,174.730582173665,137.296536763509,174.174530029297,143.973239898682,175.087526957194,0,121.370390543124,96.609072119994,144.292636871338,115.400441616396,205.716979980469,131.901611328125,70.162936430711,103.74832596176,141.571137475186,125.371780395508,89.2530520675774,84.7846933752441,156.756471063673,178.134143066406,148.848602930705,0,0,139.194137573242,95.2073875732422
65.8976836378557,25.0250818935441,44.5212145423889,25.3142422486183,59.4025540245904,118.56602191925,75.0195932211043,58.4877332763024,83.5964670521063,39.5344134536396,68.3856155533285,83.5404440694385,74.7590353133831,59.2869651125849,88.4119587428679,88.5990924835205,33.1580458755596,68.5140331140622,69.3986449675127,72.9431344985962,55.6528888816264,54.9897704550599,23.1613438306908,54.0553078619483,37.8182227716227,35.8418097139155,56.5794588918904,33.8048300747364,57.0329100640266,74.2389667630196,54.3621052624585,65.4918479132898,112.307529449463,54.7104379213773,64.7893509044314,85.0479740566678,41.6061170578003,63.1596265898811,23.821300914933,85.8492475237165,0,105.892323420598,84.6382949206294,103.301629929315,30.5309795022011,90.8681027838524,110.785488673619,77.1686149597168,99.1833880969456,105.342352820224,0,55.1404323647492,92.7115885416667,98.2550716400146,82.1904024548001,64.961607615153,69.0433244134626,29.5037703297355,66.5354740976994,53.6890288754094,84.9475734935087,72.2000793413927,63.6605162284744,71.2128296701532,93.9913877567775,71.4320598993546,119.729499816895,0,66.4554609571184,78.6501007799832
93.6999630398221,0,148.721288045247,59.4025540245904,8.14728665909268,109.208680289132,59.2340801850106,63.5698016285896,98.4444511167465,42.3915527320347,27.3212813172786,158.513032913208,30.5158864078546,168.863716125488,111.311916381836,61.8553111168646,77.7469215393066,161.044128417969,168.57893371582,187.988876342773,14.717965641705,75.1176605224609,60.5070972442627,155.38423538208,15.1818789052478,0,171.776660694796,141.932111104329,16.7951845656421,97.1739825325451,119.082610236274,172.41674041748,130.551483154297,80.5494918823242,102.709977269173,149.14697265625,156.687423706055,0,60.7073459625244,14.8407758397077,0,142.75442191882,117.83351462228,144.081894874573,81.086946773529,111.766107351008,0,77.6565133304131,0,178.340659005301,163.371841430664,150.575424194336,0,212.844970703125,205.610656738281,23.7959754106058,220.60009765625,0,163.474891662598,71.2403025596373,198.472991943359,195.199325561523,175.62618637085,64.6424557802056,150.377124786377,0,0,0,0,125.083178202311
73.5182711283366,0,152.540745735168,118.56602191925,109.208680289132,6.67833073495646,8.66737967354055,103.007967948914,16.6802258040579,77.7926690237863,104.744677766841,62.5543105026771,80.7047438157343,76.1137130737305,26.2146033118753,11.9809091008234,0,148.100915908813,85.6881256103516,0,99.7905591328939,146.093338012695,118.058860778809,142.038027954102,99.6627629019997,0,159.122060139974,169.017599252554,121.55390488474,17.0192187627157,106.642156600952,0,8.04393083386904,0,38.055551969088,0,0,0,0,0,0,179.656929016113,0,192.772994995117,197.739837646484,212.437637329102,0,0,0,184.519546508789,0,0,0,0,0,0,227.577255249023,0,206.706924438477,151.859832763672,0,0,0,168.4091796875,0,0,0,0,0,0
93.1777395768599,134.134066990444,120.852349887688,75.0195932211043,59.2340801850106,8.66737967354055,10.7758487731086,60.188493602848,20.0158022177013,73.5087502821036,30.4056139636831,139.603694548581,25.0205401745427,146.367726220025,57.2814487921813,12.6412024290803,127.060861587524,134.548659379666,171.046350847211,157.453677778484,34.3134650868938,105.898994338345,115.289650508336,109.224035892581,77.0403507241415,159.004992167155,154.051095850327,143.053252506256,68.6716055749664,71.7128597973076,97.724072912465,168.444808483124,14.1318037360348,113.495086669922,101.652076162261,143.235849652972,188.366477966309,173.971624894576,89.6327289853777,121.040619401371,209.375770568848,148.842774232229,142.884420416328,163.672664188838,118.336759567261,146.584621054227,228.237373352051,129.436399618785,0,175.137355804443,154.459983825684,171.472776624891,196.585494995117,227.350257873535,233.115478515625,141.86769147851,162.540687561035,174.310073852539,185.796112754128,118.451291739466,102.800811767578,218.019634246826,183.404582683857,137.312642504718,173.729101761528,169.039341976768,0,209.345657348633,159.254566192627,182.955364772252
29.2348034802771,113.656737857395,95.1643272902559,58.4877332763024,63.5698016285896,103.007967948914,60.188493602848,9.79732816505592,59.3622607807878,55.5557991503747,23.0570515958854,148.297881465172,61.7394711026278,157.928096313477,52.4763805169242,77.7563311544697,96.2696009184185,120.24381971148,158.935916946595,143.961636833064,78.4023912169717,65.4878207127555,94.1288883375085,78.5041330514178,62.5981402051433,155.098529815674,133.911221405487,112.888503197888,39.4701434509108,68.4013782238414,23.9809690228162,164.247730976826,113.985072435652,83.489774665054,91.3450046351431,142.490142822266,147.427131652832,156.546216891362,82.4639842078799,123.830406188965,0,138.602175551194,133.675599416097,152.577276250368,98.5064419337681,134.237995666208,173.574859619141,122.109888349261,213.864250183105,169.384294237409,147.095812988281,133.519016981125,177.379762649536,216.906509399414,216.223739624023,124.055148344774,156.43902349472,128.063905889338,150.257832904195,105.973892300628,178.838432312012,181.841988399111,162.041232893202,123.454699021243,160.959785059879,136.371391296387,0,165.37028503418,124.717695236206,162.729349136353
36.2122373141296,140.115573120117,114.148623413634,83.5964670521063,98.4444511167465,16.6802258040579,20.0158022177013,59.3622607807878,10.0521211750466,85.218224459855,35.2648492923353,85.6305556147681,80.1568595460352,98.7003368377686,18.2411076360655,29.965973368377,138.548161097935,126.375477592636,140.083908353533,147.948012850178,87.1285038370835,99.1590910472905,115.115237366919,105.51692629192,92.5191860554823,104.953839111328,144.850248039642,139.48886479966,88.6010941010375,38.7319070783103,79.2493651654808,131.557318716338,15.1671777047982,86.435957475142,69.1312662248488,168.624206542969,154.36926487514,168.739323151417,102.961813885233,155.346086629232,216.074935913086,160.028003203563,155.647211334922,168.879507962395,135.259951664851,164.509311969464,203.216674804688,133.999722530967,132.221626281738,185.114190396396,191.834823608398,157.159661187066,194.471940782335,136.640998840332,214.206802368164,157.203646452531,158.270080566406,147.656090872628,180.902896765507,134.607472606251,107.59548441569,187.649379861766,174.940896270472,146.538546816353,173.381499047373,154.576366293019,210.324615478516,0,162.568449020386,172.955131081974
71.7363085332124,73.9891898493287,123.643934076483,39.5344134536396,42.3915527320347,77.7926690237863,73.5087502821036,55.5557991503747,85.218224459855,7.76063563214667,64.8852084881468,144.315520777847,12.9690713956267,130.126261434247,93.187857580579,21.5947508774661,65.6342666023656,127.121012115479,161.378235450158,142.679299281194,40.6715341450013,85.7771434369294,29.7335939040147,105.911753926958,17.0977368050538,108.251532399756,134.761562446495,106.75264474106,48.0236975381853,75.098531509745,62.3377945570953,140.568429079923,116.574059077672,57.3442682145952,77.94771940746,77.8121515909831,143.105444335938,138.566357748849,44.4961264765992,87.0719694519043,0,155.575178146362,102.900577969021,152.419228293679,24.2697171775662,105.852682899026,171.333888244629,101.693298975627,165.255490722656,125.267520480686,61.6699028015137,90.9734481811523,176.423210144043,195.348108927409,170.758143107096,98.6075127643088,156.263130187988,64.5945453643799,138.743815104167,65.2599778905645,150.241394042969,167.238614218576,162.32920450239,102.571398091871,129.280484008789,108.107412639417,187.300760904948,0,158.066665649414,141.125974655151
34.384638792985,120.602456410726,105.772111860422,68.3856155533285,27.3212813172786,104.744677766841,30.4056139636831,23.0570515958854,35.2648492923353,64.8852084881468,11.9622495119138,144.137552537416,23.986605031108,165.211395676072,47.7309161441686,71.1930577556292,110.166745503743,134.155815156038,163.124832516625,155.356377728217,18.4515224325249,73.7429682413737,98.0999598503113,88.2909246899203,63.4940108147814,157.084842681885,145.244464880948,136.426502748815,32.1014683643058,83.0647932673107,74.3728384833118,168.449427091158,115.627342375198,106.71386555263,87.4510126970952,143.228088378906,154.721057891846,169.857760342685,85.1479714287652,40.2740730799161,0,145.774989211213,132.706445636171,163.251435925884,94.3409686538408,142.203788690619,218.592567443848,129.053312101564,197.661903381348,182.152341975722,159.484736633301,153.916616439819,184.327262878418,195.591130574544,203.151872907366,66.5907659160424,141.195816040039,126.73041229248,174.735862731934,108.367678327659,221.61693572998,189.013139423571,173.0849609375,133.538288650932,169.474772905049,148.716975620815,214.798690795898,202.627700805664,151.929629007975,179.975988769531
118.329830169678,70.9402845001221,88.7926125980559,83.5404440694385,158.513032913208,62.5543105026771,139.603694548581,148.297881465172,85.6305556147681,144.315520777847,144.137552537416,11.8358233290431,133.190934224344,25.24636599964,75.5889278320912,152.563700358073,126.575841267904,65.7360779102032,17.6812678731872,22.1278649317577,134.593936066129,107.198874504335,106.61915316647,108.382399465136,147.49811518052,32.9070868202336,31.5625216535445,58.7803864712862,153.290118955797,73.8980707635271,123.041993199563,33.8490702491602,66.0475942406556,99.1934462047759,28.374681382725,0,92.8074432373047,137.396182184634,75.0756672450474,156.624969482422,0,223.542840576172,204.103050231934,201.869247436523,177.712799072266,222.094593811035,77.6864809054081,174.262107849121,70.7733722568787,171.203907012939,0,189.662317911784,135.328805541992,85.7356342597296,98.4398238533422,180.784683227539,240.324371337891,144.933649698893,204.337161254883,189.23754119873,59.4678672264362,83.2925692979477,91.3580341637801,203.25146484375,164.691988263811,172.587379455566,84.5668189560158,0,0,106.430942403859
99.6838314658717,106.420572553362,153.264085006714,74.7590353133831,30.5158864078546,80.7047438157343,25.0205401745427,61.7394711026278,80.1568595460352,12.9690713956267,23.986605031108,133.190934224344,8.86458305139595,157.206120967865,95.0177514242811,15.8031131453106,0,163.64343043736,162.149486541748,162.687517293294,16.0744610367383,142.243169148763,97.2707425897772,139.185102844238,22.2819078411037,147.709156581334,158.765409078943,151.555994362667,51.369770530927,93.4328029893509,133.307052612305,167.697249730428,100.788681914841,97.7671508789062,100.174243209386,0,0,0,89.7581221636604,96.8032939093454,0,139.391778275773,136.036360931396,164.914166902241,81.6346158114347,141.207156215806,0,8.20056754853456,200.39591217041,171.506233215332,66.3320617675781,134.212188720703,0,221.251747131348,206.633834838867,106.425897352836,0,0,194.839599609375,110.506397727906,182.66658782959,186.88117980957,211.602411270142,136.027532426138,185.929002761841,161.081329345703,175.045623779297,0,0,170.232884724935
126.64875793457,57.4891288712708,104.24290339152,59.2869651125849,168.863716125488,76.1137130737305,146.367726220025,157.928096313477,98.7003368377686,130.126261434247,165.211395676072,25.24636599964,157.206120967865,9.44205713799042,94.7406102041913,160.150597792405,114.821169339694,107.111047506332,59.6446863614596,67.6397448694983,150.678077697754,133.109764099121,93.2954043884942,144.161006164551,140.866644974154,15.9357678697581,54.3485655784607,32.6396808407849,165.796475410461,93.8191395998001,177.324818004261,19.7739142896296,85.8908928462437,109.525688171387,68.0855080966292,0,114.505678350275,131.375952500563,50.6506802485539,0,0,185.625534057617,200.763575962612,180.670603434245,162.236543273926,222.763628641764,68.8716426812088,200.06086730957,62.8807596997318,142.118770252575,232.343780517578,158.426658630371,139.666802724202,80.2662467031768,104.450547557766,180.908309936523,150.730735778809,141.823837280273,197.160715738932,187.631111907959,49.2245203866733,79.1771529945167,84.9035283393666,210.041506449382,199.173530578613,164.345355987549,79.6025015212394,137.629102071126,0,101.48841120402
13.9205935428483,135.927926497026,110.538918272879,88.4119587428679,111.311916381836,26.2146033118753,57.2814487921813,52.4763805169242,18.2411076360655,93.187857580579,47.7309161441686,75.5889278320912,95.0177514242811,94.7406102041913,8.77361049219633,35.8454212704718,121.976689852201,120.800309961744,113.030066958742,135.96474263425,95.6758288796322,95.1887464472678,123.053273337228,102.299946537252,99.9001220566615,106.081214541481,136.787191588073,134.623189209238,100.681912187549,26.2365340269529,63.7886322610378,110.02895874908,9.63208597826718,80.029546224154,50.0958859393926,149.917528788249,200.188848876953,174.966812860398,107.887149398391,157.194056193034,219.340972900391,173.912492752075,155.831704971638,178.217962236547,148.119500160217,176.559198705161,169.369160970052,159.336823599679,149.814214706421,182.788678620991,161.166107177734,170.67953936259,210.769340515137,149.502893447876,181.283577658913,168.707736206055,157.187007904053,133.20798034668,182.634784991925,143.282663228926,114.356953938802,170.573130407999,177.163114599279,149.005673542961,179.347767848595,159.751284672664,141.301106770833,192.813995361328,162.742638905843,177.872291564941
102.093944125705,103.919760760139,126.077537899926,88.5990924835205,61.8553111168646,11.9809091008234,12.6412024290803,77.7563311544697,29.965973368377,21.5947508774661,71.1930577556292,152.563700358073,15.8031131453106,160.150597792405,35.8454212704718,6.99901978864944,0,139.329162597656,177.444086710612,160.351844787598,55.1578022638957,125.214122772217,76.2504490778996,108.123927525112,42.7297222224149,143.829349517822,165.668261108398,135.139748789098,71.9469296552133,92.2474661421502,86.9766774177551,177.289016723633,31.1106899919468,92.7981643676758,111.20765282126,0,132.869075775146,155.797359466553,129.480270385742,0,0,155.404373168945,168.178538004557,151.976501464844,0,163.503408813477,0,0,0,0,0,0,0,222.682922363281,0,94.05908203125,0,0,0,142.169485909598,0,188.454578399658,183.075115966797,157.887596130371,211.711725870768,149.623550415039,0,0,0,196.735534667969
122.325272878011,43.9639091362824,95.9901356506348,33.1580458755596,77.7469215393066,0,127.060861587524,96.2696009184185,138.548161097935,65.6342666023656,110.166745503743,126.575841267904,0,114.821169339694,121.976689852201,0,11.1368381233003,98.5815307433347,128.694755554199,121.302759408951,90.4393615722656,25.3805726511194,27.2525892510385,20.7356940981688,31.6321291922782,102.96864427839,106.87614970737,30.032133078257,36.7833411113841,112.249039840698,71.5089636888969,122.789417266846,0,90.3646006584167,76.3694325341119,131.759037017822,110.845528235802,104.038740825653,48.1187333930029,119.572784423828,0,147.032302856445,131.323268205692,165.031732732599,108.117548624674,162.622153388129,187.019004821777,0,151.420806884766,187.515997314453,0,85.7402388964984,127.829520730411,188.037551879883,154.082626342773,0,104.073900064461,52.2665901184082,94.1139191975669,98.5662627410889,131.601783752441,147.53690919422,105.293910874749,120.028199047776,142.365823364258,111.594902487362,0,0,96.8277481079102,105.935028076172
100.038389864221,51.663727917514,42.3315140311244,68.5140331140622,161.044128417969,148.100915908813,134.548659379666,120.24381971148,126.375477592636,127.121012115479,134.155815156038,65.7360779102032,163.64343043736,107.111047506332,120.800309961744,139.329162597656,98.5815307433347,10.7820229518125,61.370320289854,21.8373579541993,185.185019356864,57.7828868118922,73.5419373018988,37.0828762624838,129.429863193171,82.397590637207,33.2536935709568,62.6360153276375,117.333599369276,98.3025436365532,69.3614181638388,110.843460083008,163.911117553711,84.9962245647724,38.7276042046165,181.47526550293,76.9349133481262,97.5493075608166,71.2304115728898,203.964701334635,0,217.021591186523,177.348325532058,188.394940925367,143.507843017578,189.165489196777,0,203.032958984375,141.169793701172,185.129137541118,0,132.714024658203,110.438110351562,141.399428049723,112.417278089021,199.463806152344,157.460330963135,120.332063757855,130.38956451416,161.039724147066,119.522193908691,96.0087220145134,97.6302409264601,167.011231607466,202.753518240792,151.762003217425,135.742080688477,0,0,110.951016400311
133.563237508138,81.5084013938904,86.4551154064531,69.3986449675127,168.57893371582,85.6881256103516,171.046350847211,158.935916946595,140.083908353533,161.378235450158,163.124832516625,17.6812678731872,162.149486541748,59.6446863614596,113.030066958742,177.444086710612,128.694755554199,61.370320289854,7.46101956243916,16.8507073347424,149.122530255999,118.170515309209,112.378852844238,102.455848277699,160.819717407227,42.5195826027128,33.8512408094991,63.657752477932,161.418439398872,118.194757866137,123.199246456749,50.6626591733161,99.9014649824663,137.235908508301,60.3628879559793,209.526290893555,96.8233693440755,134.414952791654,122.545272827148,0,0,185.96223449707,217.296457926432,146.619491577148,222.764541625977,224.194595336914,89.3659728477741,0,86.7259129023148,168.87978108724,0,0,137.953203201294,88.6325688680013,99.149790809268,234.865989685059,144.799041748047,147.218818664551,161.776092529297,203.483787536621,67.045027775551,86.5129777068025,94.0024291502839,216.829286847796,137.619314829508,170.195251464844,90.6524579322944,151.024765014648,0,121.113478342692
116.106657606183,70.6901548634405,70.3201249250432,72.9431344985962,187.988876342773,0,157.453677778484,143.961636833064,147.948012850178,142.679299281194,155.356377728217,22.1278649317577,162.687517293294,67.6397448694983,135.96474263425,160.351844787598,121.302759408951,21.8373579541993,16.8507073347424,12.3204365940864,148.354176112584,75.9866409682276,92.716818376021,72.9158598460246,146.947187120669,44.8041299127899,28.7203066380129,65.6812515896906,142.427482857192,113.050061656547,88.0278144897706,63.9535191940935,152.702362605504,99.0203026562202,40.6430248348583,170.165786743164,86.1784662519183,117.520129969863,69.876224676768,222.696533203125,0,218.974201202393,184.639904785156,199.177721890536,169.918045043945,209.356977844238,110.787451850043,206.379203796387,111.299496650696,197.446199205187,0,144.685494995117,118.421877311938,94.0123595035437,100.470572005871,0,153.275759015765,121.074732462565,155.578203027899,170.718793981216,82.550007203046,89.6350245954256,98.9696599469177,186.704644908076,204.022262573242,165.704859924316,93.7655698988173,0,188.429428100586,108.636300600492
92.9699748357137,0,139.07688999176,55.6528888816264,14.717965641705,99.7905591328939,34.3134650868938,78.4023912169717,87.1285038370835,40.6715341450013,18.4515224325249,134.593936066129,16.0744610367383,150.678077697754,95.6758288796322,55.1578022638957,90.4393615722656,185.185019356864,149.122530255999,148.354176112584,10.21895633501,152.914413452148,80.7448253631592,157.686274528503,17.7533661543779,136.155578613281,153.817156728109,155.128922503927,29.5382370828546,90.4286473817463,138.462885538737,159.594791412354,114.338676847261,83.1486968994141,89.5676413512811,151.134170532227,129.41682434082,240.336074829102,71.9825241906302,67.1785593896904,0,130.300096727454,111.108406066895,140.063154715079,83.1827144622803,123.233579386198,0,56.569791998182,203.553470611572,167.602463061993,133.301063537598,138.847961425781,0,240.153564453125,0,89.8043950535491,0,116.551685333252,182.974924723307,91.3600477336365,216.348281860352,205.343990325928,197.699229431152,116.866219691032,160.40763537089,187.977447509766,0,0,0,164.206805229187
79.3233506083488,111.036819934845,59.5692731823955,54.9897704550599,75.1176605224609,146.093338012695,105.898994338345,65.4878207127555,99.1590910472905,85.7771434369294,73.7429682413737,107.198874504335,142.243169148763,133.109764099121,95.1887464472678,125.214122772217,25.3805726511194,57.7828868118922,118.170515309209,75.9866409682276,152.914413452148,13.4016326092842,52.4305700706173,32.7327718402232,43.7013335655988,0,107.702629617282,73.2352192563094,36.0067532285932,45.8128815757606,32.6808650393692,153.714823404948,128.250156402588,57.2696347114367,43.1297021231039,131.892496490479,153.540046691895,123.623097689647,73.3050631617641,128.40559387207,0,194.455871582031,145.119576815901,150.467276509603,110.000852584839,181.621482849121,191.361961364746,0,0,160.418671502007,0,103.098169980424,161.392472700639,200.775238037109,176.241147722517,160.546539306641,113.000814734858,86.2194662888845,117.18921063084,107.375269251284,0,158.663113911947,131.069858762953,122.678293804194,137.204792950604,116.662298722701,0,0,103.192898090069,124.962345289147
92.1580372860557,28.9981354767498,42.4517571258545,23.1613438306908,60.5070972442627,118.058860778809,115.289650508336,94.1288883375085,115.115237366919,29.7335939040147,98.0999598503113,106.61915316647,97.2707425897772,93.2954043884942,123.053273337228,76.2504490778996,27.2525892510385,73.5419373018988,112.378852844238,92.716818376021,80.7448253631592,52.4305700706173,9.20353114372499,50.8156055879515,29.7630852224833,73.2932001552838,89.7020558107246,48.0298428990783,53.7447602515127,81.244195181748,50.3919612628071,100.705623279918,168.601547241211,54.2926122029622,60.5278617000081,69.4561748504639,79.9206560850143,72.0766916862596,20.667003652837,156.171058654785,0,147.993202209473,123.826836978688,136.456918716431,78.7730547587077,124.766021728516,134.745873769124,0,131.477899377996,120.268623938927,0,50.5386558097879,99.0742681594122,166.846761703491,126.729591369629,144.255302429199,68.4755084260981,14.9541450070508,65.8492317769065,65.0480782190959,113.498928833008,125.97316568548,79.7341268374897,83.9134590232765,119.800264086042,63.5698889347545,145.663336617606,0,66.129524230957,72.0033623622014
89.5060865882338,53.4360298633575,30.4477002631654,54.0553078619483,155.38423538208,142.038027954102,109.224035892581,78.5041330514178,105.51692629192,105.911753926958,88.2909246899203,108.382399465136,139.185102844238,144.161006164551,102.299946537252,108.123927525112,20.7356940981688,37.0828762624838,102.455848277699,72.9158598460246,157.686274528503,32.7327718402232,50.8156055879515,16.8008210869106,67.9129407544322,139.607921600342,68.1611324150509,47.6419183561056,58.3236092633336,92.5668923091721,51.6433426276866,150.842728248009,152.135188016025,82.5233649229392,57.8266005659314,155.481140136719,90.5535906198863,91.4325537298407,70.715446023941,196.051040649414,0,182.996765136719,155.32256127413,178.398447309222,152.70677947998,167.096505598588,0,203.037200927734,160.135353088379,169.223736826579,0,96.1179637781779,122.004686487783,174.988975524902,144.348332595825,197.189392089844,119.21760802301,72.4158721154974,101.692205543446,132.530073249631,167.524230957031,138.058773538341,94.2844773844421,142.575374903937,172.721923510234,142.799602319699,169.129577636719,228.906127929688,134.442868041992,110.680206067634
79.5031516721743,77.3216295138774,117.325425639905,37.8182227716227,15.1818789052478,99.6627629019997,77.0403507241415,62.5981402051433,92.5191860554823,17.0977368050538,63.4940108147814,147.49811518052,22.2819078411037,140.866644974154,99.9001220566615,42.7297222224149,31.6321291922782,129.429863193171,160.819717407227,146.947187120669,17.7533661543779,43.7013335655988,29.7630852224833,67.9129407544322,8.99969565031214,114.444451074433,132.840174784263,96.5336846501542,21.7687515282284,81.9729319434982,71.5920421463967,149.924619998572,126.195277077811,70.1917034620308,88.9091760360869,114.090046124581,144.28573899042,144.045750712791,58.3468812294006,98.9210106234684,166.636074066162,120.699358123203,112.629534418803,131.59233073272,65.1664751808115,111.629737866095,192.737053765191,103.79110957127,185.283055114746,139.943911622063,115.676934755765,104.313147418904,160.469538311626,202.085604858398,182.660005841936,96.1192351885078,112.375352300992,77.4647754531309,133.256848183824,86.6784909553934,172.568187289768,174.863834132319,151.710915132002,102.239088330095,125.788890099968,110.994694750931,198.008666992188,168.736798967634,110.355047023043,131.148648422376
130.038234710693,32.3717928590753,170.924751281738,35.8418097139155,0,0,159.004992167155,155.098529815674,104.953839111328,108.251532399756,157.084842681885,32.9070868202336,147.709156581334,15.9357678697581,106.081214541481,143.829349517822,102.96864427839,82.397590637207,42.5195826027128,44.8041299127899,136.155578613281,0,73.2932001552838,139.607921600342,114.444451074433,8.49267112916399,32.3099895983111,25.4103483880607,137.533213297526,135.398153940837,141.944742838542,40.3730237483978,0,135.404716491699,60.6851017152941,0,72.9094947814941,126.213724136353,39.4898391381288,180.805023193359,0,0,190.466400146484,0,176.324714660645,0,60.4626565881678,197.787246704102,58.2620077211995,163.956924438477,0,0,89.209846496582,66.7010473251343,79.6350656509399,0,0,111.895362854004,135.57186126709,155.393397739955,39.9282499595925,62.610453712495,66.9166706872365,192.536827087402,88.9850540161133,155.663726806641,68.8583528281998,106.892593383789,0,92.7557697296143
127.708573376691,63.6554135239643,35.2251805496097,56.5794588918904,171.776660694796,159.122060139974,154.051095850327,133.911221405487,144.850248039642,134.761562446495,145.244464880948,31.5625216535445,158.765409078943,54.3485655784607,136.787191588073,165.668261108398,106.87614970737,33.2536935709568,33.8512408094991,28.7203066380129,153.817156728109,107.702629617282,89.7020558107246,68.1611324150509,132.840174784263,32.3099895983111,12.4411187748396,37.4952299345016,135.777671828534,126.946706649686,116.202779028151,23.5932426286423,126.215681522451,122.886539132254,55.8036633702155,169.898247528076,74.7598089876428,97.443899034955,63.115369938038,209.658096313477,0,200.730594090053,176.398388185363,193.225236422774,163.781000577486,199.037714640299,96.342087801765,196.278717041016,87.0302004431873,181.171594892229,0,151.519404888153,101.375621537031,85.9252319891206,91.8004222881398,210.708786010742,146.112007141113,129.139818191528,134.53101606369,170.753888530116,60.8651091618324,80.6098423139753,85.3520830850123,188.812925471816,165.364655848912,158.971139526367,88.4222897411098,147.63112487793,172.549224853516,97.8896313776735
124.187236528455,29.3105052904737,33.5825989753321,33.8048300747364,141.932111104329,169.017599252554,143.053252506256,112.888503197888,139.48886479966,106.75264474106,136.426502748815,58.7803864712862,151.555994362667,32.6396808407849,134.623189209238,135.139748789098,30.032133078257,62.6360153276375,63.657752477932,65.6812515896906,155.128922503927,73.2352192563094,48.0298428990783,47.6419183561056,96.5336846501542,25.4103483880607,37.4952299345016,15.4136489818779,80.9761371741958,127.567474793551,106.38091868831,26.0148862282917,142.278484344482,109.688214592312,61.2477981432512,154.572731865777,70.7234800973012,84.7551228940994,52.3209013547298,193.080426025391,175.798309326172,187.16289046004,157.565954860501,182.389603397302,147.594512939453,183.188475398694,101.476503981346,188.792199134827,89.1933528110571,174.546138239133,196.268299102783,92.9824857769242,101.007537094353,94.8705467114783,96.3356360350732,189.017566257053,127.966610063825,72.1366843786929,97.8412385440867,143.382093332991,65.8780470919018,84.3874627467784,85.728600924166,154.083124101427,171.727857708931,146.894135280628,97.0462391911721,155.521936035156,163.201562245687,99.1619525397632
80.2685648620704,96.2880082899524,90.3468087566093,57.0329100640266,16.7951845656421,121.55390488474,68.6716055749664,39.4701434509108,88.6010941010375,48.0236975381853,32.1014683643058,153.290118955797,51.369770530927,165.796475410461,100.681912187549,71.9469296552133,36.7833411113841,117.333599369276,161.418439398872,142.427482857192,29.5382370828546,36.0067532285932,53.7447602515127,58.3236092633336,21.7687515282284,137.533213297526,135.777671828534,80.9761371741958,12.6934322907813,83.6853289336795,39.8036890161085,162.905544965695,130.257454304755,61.9353169322326,72.5721897441645,121.552704459743,148.364065261114,142.82185341846,70.7080143400766,82.9501503598318,183.185394287109,137.246503829956,119.837292704863,143.324990420331,92.516510090075,133.421943937273,197.124736785889,127.716284306844,206.033338274275,147.625425550673,151.06171299861,111.331327170808,166.461789688974,205.979393592248,204.90141938862,119.41497287029,118.201141867939,95.432274222374,134.253691470238,98.5554942199266,184.225571852464,180.199298313686,156.104793134254,115.793142345621,133.288001153021,116.47300461217,242.866439819336,182.820491443981,115.440180215491,141.932307183743
18.0010105505601,136.95859670639,112.799982708385,74.2389667630196,97.1739825325451,17.0192187627157,71.7128597973076,68.4013782238414,38.7319070783103,75.098531509745,83.0647932673107,73.8980707635271,93.4328029893509,93.8191395998001,26.2365340269529,92.2474661421502,112.249039840698,98.3025436365532,118.194757866137,113.050061656547,90.4286473817463,45.8128815757606,81.244195181748,92.5668923091721,81.9729319434982,135.398153940837,126.946706649686,127.567474793551,83.6853289336795,10.9577549811169,38.5002420240457,120.078540802002,12.9493814794706,14.9022459490843,37.3524795535501,140.187766483852,157.494537353516,167.988241444463,87.6141695976257,134.821833523837,211.017547607422,155.808719854245,137.25087751661,162.774773403187,110.002916049957,163.442229823062,0,154.069550009335,125.417504882812,165.812812871518,209.583129882812,130.64372959137,175.937202453613,154.080823898315,188.150674438477,151.349857711792,132.158778579147,96.1295562320285,165.144974309748,122.334760593383,167.988739013672,164.088956979605,170.084420142236,132.427609575544,153.795761617025,130.994920414986,131.977633158366,212.541046142578,135.854702631632,166.900586809431
39.0114641281663,116.808663368225,84.4510960699807,54.3621052624585,119.082610236274,106.642156600952,97.724072912465,23.9809690228162,79.2493651654808,62.3377945570953,74.3728384833118,123.041993199563,133.307052612305,177.324818004261,63.7886322610378,86.9766774177551,71.5089636888969,69.3614181638388,123.199246456749,88.0278144897706,138.462885538737,32.6808650393692,50.3919612628071,51.6433426276866,71.5920421463967,141.944742838542,116.202779028151,106.38091868831,39.8036890161085,38.5002420240457,10.9565007826124,148.459180831909,116.346839523315,37.1364943981171,37.7615618187329,126.234461720785,139.900007629395,140.4808642329,70.5991513899976,191.854064941406,179.693061828613,154.115604248047,127.401497728243,150.400320937953,87.67180397397,174.052848815918,194.075403849284,143.420758056641,211.189872741699,150.257915538746,0,104.383154051644,166.439735412598,221.03141784668,194.041450500488,175.031995137533,112.196464008755,74.1764622883624,131.86560723541,103.889828850241,186.105743408203,173.893138387929,147.880058804074,114.611848931825,133.881817344009,116.968187885098,207.86767578125,172.805564880371,121.064714629075,124.679045626992
127.646865844727,67.9235645820355,99.7256405300564,65.4918479132898,172.41674041748,0,168.444808483124,164.247730976826,131.557318716338,140.568429079923,168.449427091158,33.8490702491602,167.697249730428,19.7739142896296,110.02895874908,177.289016723633,122.789417266846,110.843460083008,50.6626591733161,63.9535191940935,159.594791412354,153.714823404948,100.705623279918,150.842728248009,149.924619998572,40.3730237483978,23.5932426286423,26.0148862282917,162.905544965695,120.078540802002,148.459180831909,6.38805201369152,103.423625946045,0,71.2602873278094,211.268508911133,102.168566385905,136.725460476345,94.4999753166647,0,0,0,191.307495117188,212.995220184326,0,196.83561706543,91.1926877158029,0,80.8743495650703,173.216247558594,0,175.706741333008,134.388389587402,88.0977773561582,98.5931001143022,0,135.728294372559,131.747282028198,0,201.523882548014,63.064064913457,85.5217929684738,89.8635327994696,232.971003214518,180.718236287435,193.126866658529,89.999606183467,0,175.900741577148,113.410992516412
74.9262504577637,128.205810546875,156.970734306004,112.307529449463,130.551483154297,8.04393083386904,14.1318037360348,113.985072435652,15.1671777047982,116.574059077672,115.627342375198,66.0475942406556,100.788681914841,85.8908928462437,9.63208597826718,31.1106899919468,0,163.911117553711,99.9014649824663,152.702362605504,114.338676847261,128.250156402588,168.601547241211,152.135188016025,126.195277077811,0,126.215681522451,142.278484344482,130.257454304755,12.9493814794706,116.346839523315,103.423625946045,5.00719687612714,0,39.8577044529118,0,177.704010009766,214.152420043945,146.12663269043,0,222.232482910156,0,183.607620239258,194.986905415853,0,207.423015594482,0,162.465454101562,0,212.468485514323,0,189.614288330078,0,0,150.51293182373,0,0,216.240142822266,0,178.711592240767,0,174.251064300537,188.7854347229,171.938364301409,186.946731567383,207.71696472168,0,0,0,225.527801513672
53.1792471749442,0,101.968610672724,54.7104379213773,80.5494918823242,0,113.495086669922,83.489774665054,86.435957475142,57.3442682145952,106.71386555263,99.1934462047759,97.7671508789062,109.525688171387,80.029546224154,92.7981643676758,90.3646006584167,84.9962245647724,137.235908508301,99.0203026562202,83.1486968994141,57.2696347114367,54.2926122029622,82.5233649229392,70.1917034620308,135.404716491699,122.886539132254,109.688214592312,61.9353169322326,14.9022459490843,37.1364943981171,0,0,7.43422289121113,17.5029121590164,119.396174430847,152.551528930664,0,90.3357830047607,0,0,133.665790557861,126.778996361627,157.581712995257,96.7246398925781,142.245811462402,194.825744628906,0,0,150.782608032227,0,129.799842834473,170.781810760498,0,0,0,106.822617530823,93.7308588027954,128.347399393717,104.221074829102,205.51628112793,193.927332560221,152.623991830008,113.193847171844,133.899018181695,119.351768493652,224.500076293945,0,133.772605895996,144.299324035645
63.4682598013096,57.1707753720491,58.0428220362445,64.7893509044314,102.709977269173,38.055551969088,101.652076162261,91.3450046351431,69.1312662248488,77.94771940746,87.4510126970952,28.374681382725,100.174243209386,68.0855080966292,50.0958859393926,111.20765282126,76.3694325341119,38.7276042046165,60.3628879559793,40.6430248348583,89.5676413512811,43.1297021231039,60.5278617000081,57.8266005659314,88.9091760360869,60.6851017152941,55.8036633702155,61.2477981432512,72.5721897441645,37.3524795535501,37.7615618187329,71.2602873278094,39.8577044529118,17.5029121590164,10.0911296188881,149.544069290161,93.4049070950212,97.4027164738353,79.5166504875062,144.617723737444,0,160.689526028103,144.951322254382,165.028119223458,118.62124464247,167.407679781001,153.41389380561,174.163860321045,115.52303477696,165.197732077705,170.35041809082,112.444408352092,115.856367066849,110.929228918893,112.357827897505,155.23476155599,124.081357088956,80.1164330376519,113.800363900321,118.392593095109,83.1718156748804,101.166519471329,100.949566595895,135.339998848418,142.81759262085,125.27561850626,113.353833978826,192.950843811035,119.178793589274,123.865987265982
134.173873901367,0,156.325482686361,85.0479740566678,149.14697265625,0,143.235849652972,142.490142822266,168.624206542969,77.8121515909831,143.228088378906,0,0,0,149.917528788249,0,131.759037017822,181.47526550293,209.526290893555,170.165786743164,151.134170532227,131.892496490479,69.4561748504639,155.481140136719,114.090046124581,0,169.898247528076,154.572731865777,121.552704459743,140.187766483852,126.234461720785,211.268508911133,0,119.396174430847,149.544069290161,8.93642105041558,112.9404296875,103.65670717441,67.804661358104,95.7199261005108,248.867736816406,94.8592397178092,27.7159421024648,60.7343804633364,66.3743261521862,85.6760766559177,128.346475325568,112.672458648682,139.619095611572,21.9638152357558,62.9028759002686,91.3628564314409,94.9170268989238,129.387741758112,116.03882682668,96.4521553039551,70.2285438336824,84.928944531609,92.5487257684027,74.7579338664938,155.911276245117,116.511449201391,128.766409274751,81.3943013144363,18.8333223252388,24.9790527443675,153.135389709473,86.7899062058021,37.3274794527002,71.7620906303669
