10.2761095883152,91.243595123291,92.6841990330836,66.7102991405286,77.8534943716867,78.3650563557943,89.0928737095424,28.5151736112413,47.4464493910911,67.6101270675659,64.5647230750383,110.112512969971,95.210701575646,115.714497884115,18.4672318689635,0,107.613837432861,93.3204689328633,153.540374755859,120.552849509499,82.9376746283637,75.2446858380292,104.178473711014,78.5060190501278,81.0179746638346,0,116.808580893057,128.638104594838,69.7023361901895,14.744526984323,37.83699143706,162.759582519531,83.781440041282,46.3622107756765,79.3860009610653,135.878921508789,0,175.586168561663,89.2976794772678,150.187164306641,0,187.804214477539,141.876298343434,158.881187438965,84.5991714477539,179.298797607422,0,0,0,171.867929077148,0,155.082416534424,194.457824707031,0,231.004974365234,0,152.853569030762,97.6583786010742,162.204182216099,123.402257880386,0,197.012641906738,162.570863037109,134.663702847665,159.258707219904,144.308176676432,0,0,130.311462402344,164.842305501302
91.243595123291,7.68016378347416,41.8685747666792,12.0646453060259,140.838249206543,148.599853515625,154.094816589355,109.832904270717,125.29440723766,72.5776788073415,124.036598205566,68.8700965198118,105.18759358724,51.4507473762645,128.674035292405,108.168018730319,69.5758046775029,53.6339689694918,72.5653516981337,71.7186776036801,0,81.8596394856771,31.4628643672558,48.7810689505045,69.3288475282302,28.172008879414,53.6236581840978,29.3412374111326,113.05500348409,121.873734368218,103.043420618231,80.566762804985,0,128.362119674683,52.3760498232312,171.056655883789,0,87.8519105457124,88.7557029724121,178.904190063477,0,0,169.774963378906,202.782745361328,88.7877197265625,0,105.315029144287,199.424667358398,90.1565189361572,0,0,81.249382019043,97.244359588623,122.491277058919,128.40252494812,160.992630004883,0,61.1219520568848,122.488896369934,149.306297302246,98.262760925293,85.0598860383034,80.1914025484505,150.968623161316,169.241012573242,183.007034301758,143.194127400716,0,0,128.246494293213
92.6841990330836,41.8685747666792,12.8076837012946,44.2141717065241,117.141798655192,156.661436716715,138.013440377989,93.7782182447981,117.710220342649,111.039478810628,107.464065863465,86.649426073131,170.319027709961,106.274948332045,111.545917650842,139.337951660156,102.14505789015,43.5136692130026,94.0013086070185,83.8770959340981,147.914724985758,61.3796503720584,45.8704071842672,28.259945927631,115.191713756985,108.485258102417,31.4891971329716,32.8436029355342,99.5180680928239,109.969196127887,83.535873606292,101.096976956454,165.331503506364,106.87576090905,61.2901539791804,165.971187884991,102.548621313913,90.1620521447776,56.2934465652857,165.277715682983,0,200.704450819227,152.063938941485,189.013070205162,123.445439058192,176.754502729936,136.215746427837,223.438163757324,155.880160522461,176.57248824682,0,106.718868915851,104.020162108083,139.566696970086,122.709193799623,0,134.914508611506,94.5406275590261,99.6788654327393,145.672611497853,115.039549255371,103.705202156613,88.9432003547431,157.620249002921,182.411821448285,149.647667451338,147.681650797526,0,178.238052368164,121.776281395737
66.7102991405286,12.0646453060259,44.2141717065241,20.3867386112565,49.5555565516154,124.550033569336,91.0692166222466,66.1607929124191,79.8942080861297,16.7975878767345,69.7226226959739,66.9615761287629,70.2426408529282,54.3928159180037,89.680820714211,67.5440021242414,39.938443910708,70.9469323309299,72.0205365349265,76.4677420015688,56.0306373878762,75.2111018455192,23.4672482925415,58.1810062310813,41.713119630489,23.360263435901,54.3559335894504,36.3528902424639,60.6066687460869,79.3031886437251,61.2266798059201,70.2944178194613,124.633838947003,62.1685132685396,69.345770517985,85.5643793741862,92.2619934082031,88.6469338065699,16.983584012304,105.371065775553,0,127.545207977295,90.086041319604,119.145613098145,23.7756944364972,189.136413574219,103.139133453369,129.223168690999,76.388237953186,117.781633589003,0,74.8955764770508,114.966423034668,126.682503700256,129.205244064331,167.243537902832,139.834325517927,24.6830826172462,85.4753541617558,78.1636080698924,77.5082193102155,117.725275386464,71.2201246363776,92.7355068751744,117.932921409607,119.13349609375,88.1318893432617,0,88.0758743286133,93.5891523361206
77.8534943716867,140.838249206543,117.141798655192,49.5555565516154,8.78886379054679,108.320966720581,64.2732544307467,65.2480311271472,99.0782745702943,40.1421704418445,24.8465464138979,0,28.0753075292467,188.129890441895,101.357635140419,63.3225690448095,69.8727097144494,158.959414672852,0,166.215505981445,14.4553904902595,62.0458128792899,58.3879436765398,98.915278162275,14.9623435519308,0,137.066010157267,110.117879821033,17.3435356121286,91.8672435921683,86.5609909057617,0,144.878368377686,71.8868683406285,88.0241985321045,148.3575146993,0,191.63454691569,78.5488962809245,30.2874695618543,138.536514282227,139.425295791626,124.481078400904,153.376817152235,90.4094924123664,119.495379962367,195.787296295166,42.2844006031823,180.923736572266,183.706062861851,112.611834208171,142.066772460938,0,161.04313659668,0,23.8140012249136,131.580047607422,200.156593322754,159.24494934082,105.997604552103,0,188.995140075684,188.006678263346,120.37354004746,159.50885797316,0,0,0,0,141.162593494762
78.3650563557943,148.599853515625,156.661436716715,124.550033569336,108.320966720581,6.67840273870011,8.72266440186936,113.20103225708,26.6268971111758,55.0697907667894,110.974619240596,67.2066266290073,69.0888198049445,86.9853019714355,25.2981752051491,13.3585312366486,0,138.936836242676,0,0,112.901020050049,128.972309112549,86.5337066650391,142.592702738444,85.3181686401367,0,147.418969726562,141.317152023315,127.176609712489,20.723587379329,103.136936187744,0,10.4626680167852,197.705505371094,39.0316433130309,189.17204284668,0,0,0,0,0,0,220.093215942383,209.303649902344,0,0,0,0,0,0,0,0,0,0,0,0,0,0,0,180.538214111328,0,0,0,179.415501912435,177.101867675781,0,0,0,0,0
89.0928737095424,154.094816589355,138.013440377989,91.0692166222466,64.2732544307467,8.72266440186936,10.8737197975889,66.1072868185059,21.5925084414594,41.9878400837082,35.0075189848333,95.7982191509671,24.3933877810151,89.4293301900228,29.6639179848709,13.4792557189248,119.342980702718,154.035092902906,90.8964004516602,190.399959564209,46.2232612506989,110.073604994554,119.774886498084,130.603401080516,75.3454245191477,141.300945281982,159.291768739549,155.296835918816,69.122442898634,54.6307056625454,116.19673632269,235.819580078125,15.3008436516766,102.309928894043,89.397904274872,196.184711456299,0,204.614288330078,137.738204956055,153.680030015799,0,179.851988572341,156.224487529081,185.520077228546,125.827664462003,173.770835876465,248.589889526367,128.957349174901,0,200.24821472168,0,186.343955993652,209.982309977214,0,0,164.329553604126,0,0,203.312774658203,143.273401705424,0,206.288972642687,197.119851430257,160.280750693344,193.815731048584,204.801088968913,0,238.837112426758,206.834655761719,197.25764465332
28.5151736112413,109.832904270717,93.7782182447981,66.1607929124191,65.2480311271472,113.20103225708,66.1072868185059,10.3630330386995,59.8446125331302,71.1867161303495,21.1565030664388,152.595742225647,54.7450950181459,192.471961975098,46.2177375224519,85.2611701117622,81.8542349473485,133.56824645018,0,157.499394008092,94.8798980712891,63.1665280066009,86.8437572877799,80.329671051413,66.0657294317288,185.837249755859,127.209546495851,108.0947035356,31.4312661651234,70.4031598537609,19.7456303134714,165.105159759521,125.709490966797,59.2491805039717,84.96355335431,158.417938232422,165.466598510742,165.355469113305,90.7788289388021,128.474943014292,0,159.313017527262,136.519452826921,167.464345411821,101.980942620171,157.614624910576,206.853937784831,137.031519889832,0,170.263646697998,0,142.886900220599,193.86314646403,219.29801940918,180.380958557129,138.688268661499,177.724957275391,131.216808064779,151.616595785958,116.687296238813,226.380493164062,186.873748779297,167.342617504413,135.067001123748,163.991330464681,164.501991271973,0,235.360214233398,172.050537802956,161.821530151367
47.4464493910911,125.29440723766,117.710220342649,79.8942080861297,99.0782745702943,26.6268971111758,21.5925084414594,59.8446125331302,11.6136542585165,86.0862985942178,34.376039867707,96.3304586661489,64.2722887857613,109.366498506986,15.1720811079169,43.0569558251988,124.091802450327,128.108386610958,167.410308034796,161.182487487793,87.155890507741,94.8141201966198,100.253325195312,105.96722046848,85.958271624437,0,143.871164677975,144.713999355541,84.3419832702239,40.6121814530378,79.2935239566139,166.339101882208,26.3689821901867,103.810863797627,95.4257750250021,165.394883155823,167.927703857422,185.37675757547,102.90583262724,146.439131456263,0,175.218965397325,149.072166712938,169.168844982586,124.245603470575,167.135247239789,223.462562561035,138.056879448168,0,179.206835313277,171.214996337891,163.434434509277,205.232127075195,239.104553222656,222.444023980035,159.22013092041,197.980837735263,156.113599141439,184.890117492676,134.850812134066,0,203.947053455171,187.809930004424,152.432277887897,181.911509650094,170.799384117126,0,0,179.491903305054,188.724468655056
67.6101270675659,72.5776788073415,111.039478810628,16.7975878767345,40.1421704418445,55.0697907667894,41.9878400837082,71.1867161303495,86.0862985942178,8.3428646197387,69.0543068049504,134.529043912888,11.513920296462,122.887570378432,91.9908580122323,21.6934851671295,53.1231721521734,127.309560241699,137.79020690918,142.286633809408,29.5293156396259,58.9794465065002,20.0594167300963,96.0490592718124,23.4263413172704,105.876307916464,118.514877897868,105.048173227557,56.411203649044,80.0236133972553,60.1916667115107,138.91180562973,127.253030395508,63.5601836756656,100.090466472081,113.921661376953,0,140.360752105713,13.0660164939033,96.2564195905413,0,155.831302642822,88.7298722267151,114.547723558214,12.9056344125006,129.589650472005,0,91.8426620483398,180.374069213867,110.894479017991,62.4661960601807,111.154281616211,162.751159667969,231.635498046875,173.491836547852,98.1585856846401,153.531805674235,65.8305149078369,192.843866984049,85.8705128213634,175.771419525146,164.606110254923,166.755263434516,113.017785494445,106.544470045302,87.6005579630534,221.389343261719,0,163.364135742188,156.529136657715
64.5647230750383,124.036598205566,107.464065863465,69.7226226959739,24.8465464138979,110.974619240596,35.0075189848333,21.1565030664388,34.376039867707,69.0543068049504,13.3670089280903,149.014875888824,25.7506989304492,158.293292236328,64.1134695299581,75.2590207622279,103.20572011611,144.272107358839,172.665554046631,165.14023844401,15.2024718506569,74.2564613407124,102.123325166248,99.573287865775,58.3745047641914,170.151870727539,140.90330073164,128.84238965503,32.9153595947653,92.2120240546538,88.370131462243,0,124.035862370541,79.3791191264707,94.6407204131599,176.114489237467,0,181.503963470459,100.678350912558,88.1585817450701,225.280975341797,169.248823438372,139.455686512108,171.108212855474,105.031535596733,154.664715612466,231.98811340332,133.718754429623,0,197.753775424645,176.736595153809,153.805224874745,200.107846941267,0,204.21114730835,41.5246327881586,199.786148071289,176.819320678711,173.561759159483,123.354958778722,203.307388305664,198.076951599121,177.751370535956,147.286572524611,184.968780811016,196.024152483259,0,231.334503173828,173.732413658729,196.531632034867
110.112512969971,68.8700965198118,86.649426073131,66.9615761287629,0,67.2066266290073,95.7982191509671,152.595742225647,96.3304586661489,134.529043912888,149.014875888824,11.7472142316113,139.482663726807,21.5868119651056,80.2899031890066,161.070907592773,131.381251525879,54.2141501682776,22.2365500496136,19.4864896343988,164.674840291341,99.0534313283068,97.0200969784759,106.18005194413,143.381913539342,29.9764426293827,25.547965244203,60.191760782668,160.980108533587,54.3759105380746,119.092785147733,36.5714905495962,64.2828195013967,107.870862440629,26.943098660379,0,134.104049682617,136.110605027941,0,0,0,0,213.528869628906,228.489730834961,0,242.624984741211,107.647892422146,0,88.2596037522802,0,0,131.513374328613,145.358116149902,106.935615221659,116.643559592111,0,153.790908813477,168.338111877441,171.590538024902,185.632152557373,71.5754059685601,102.24374100014,100.556384452484,0,244.270874023438,152.774490356445,105.584789791623,0,0,124.100903320312
95.210701575646,105.18759358724,170.319027709961,70.2426408529282,28.0753075292467,69.0888198049445,24.3933877810151,54.7450950181459,64.2722887857613,11.513920296462,25.7506989304492,139.482663726807,9.13273806681176,159.171059744699,96.7864398233397,20.0160549139527,93.1136703491211,170.572366333008,168.746166229248,0,13.0425237133013,96.0655415852865,72.4357141565393,150.725532531738,30.2412642805964,138.676177978516,161.671897888184,131.237857001168,52.5915615743101,99.8594913442847,121.442778015137,176.989624023438,115.385673063347,96.4026830572831,96.5504870414734,0,0,222.492309570312,115.240320841471,40.7351191180249,129.220016479492,70.1981815442647,153.686636022619,106.426009658695,81.0522993905204,27.7299758338607,148.352117919922,14.3529486004466,165.822380065918,105.959539309415,82.3259134292603,0,166.768966674805,173.482162475586,0,16.2117450859694,0,184.514282226562,191.781066894531,120.763938810767,0,185.926303863525,196.283866882324,107.73273139069,127.212173013126,170.715408325195,188.275375366211,130.48020362854,0,141.623090108236
115.714497884115,51.4507473762645,106.274948332045,54.3928159180037,188.129890441895,86.9853019714355,89.4293301900228,192.471961975098,109.366498506986,122.887570378432,158.293292236328,21.5868119651056,159.171059744699,9.39277918750512,85.6860528673444,168.521377563477,139.249599456787,106.008684794108,49.9999628450099,65.9008540160267,177.442947387695,155.40732828776,89.5861438859812,143.0882497515,126.100859017208,22.1228930879339,36.5317407948596,33.1102786507608,180.717086791992,67.9278852323823,151.504104614258,20.0102805707402,78.6116980017685,224.944320678711,50.371122554463,0,78.5842208862305,146.743125915527,106.173539479574,0,0,0,0,0,0,0,83.6989749908447,0,71.4716102661874,179.067153930664,0,205.724517822266,132.583862304688,94.8661347264829,120.684645758735,0,0,135.260391235352,165.72917175293,208.566352844238,52.8003152391593,96.7238294693731,90.6281788745861,214.484680175781,103.563102722168,207.640747070312,85.1726104177105,103.295524597168,0,120.564089848445
18.4672318689635,128.674035292405,111.545917650842,89.680820714211,101.357635140419,25.2981752051491,29.6639179848709,46.2177375224519,15.1720811079169,91.9908580122323,64.1134695299581,80.2899031890066,96.7864398233397,85.6860528673444,7.71647340173097,58.5720262527466,115.184938829999,115.3076361374,105.485425949097,148.342078154942,95.8390121930911,88.8012664078349,114.954753474185,96.9593426409085,100.302659067507,0,134.499163707424,143.289882461858,76.9302769202211,21.8955129007406,65.9666531044952,121.489192199707,19.3107432432411,72.7711957295736,75.8675002740213,164.17068699428,0,180.728257430227,115.988970438639,174.557540045844,0,220.701728820801,165.813671959771,189.766667842865,114.432222275507,195.051988389757,225.305297851562,194.906066894531,0,187.18348220299,0,156.374183273315,216.758126395089,0,220.654319763184,0,161.339795430501,131.365944602273,169.890918986003,144.742826964363,213.44743347168,194.994010416667,181.948793110095,154.699396476746,170.976961612701,172.410217285156,0,0,166.861296081543,178.301273890904
0,108.168018730319,139.337951660156,67.5440021242414,63.3225690448095,13.3585312366486,13.4792557189248,85.2611701117622,43.0569558251988,21.6934851671295,75.2590207622279,161.070907592773,20.0160549139527,168.521377563477,58.5720262527466,7.32796356189386,171.208038330078,178.273651123047,176.444473266602,183.357467651367,51.3582758652537,117.601089477539,73.3537168626661,120.496524810791,52.9227162767165,144.164854569869,152.438321113586,137.312107196753,82.9640131426287,93.4744597214919,103.848823547363,167.917022705078,37.7373570063927,89.6777172088623,131.981588363647,0,0,173.436904907227,0,164.838180541992,0,0,150.847026824951,211.095779418945,65.3474559783936,0,0,54.2182976858956,0,0,0,113.489906311035,210.644378662109,215.456558227539,0,0,0,172.741367340088,0,160.399193572998,0,214.219619750977,198.682291666667,167.890521458217,0,130.618057250977,0,0,0,0
107.613837432861,69.5758046775029,102.14505789015,39.938443910708,69.8727097144494,0,119.342980702718,81.8542349473485,124.091802450327,53.1231721521734,103.20572011611,131.381251525879,93.1136703491211,139.249599456787,115.184938829999,171.208038330078,11.2046016601019,105.004981255656,141.39820098877,123.273860584606,125.227411905924,28.9595770399485,28.9793719464733,22.4795456191611,25.712142178712,131.087294006348,109.623926283438,33.9625408515242,50.379629611969,92.4124167400858,74.6098165986764,112.265625,129.985168457031,79.7396955182475,82.4288822952195,136.883566483207,87.2640914916992,123.909536812522,96.517399421105,136.597057766385,0,159.506861368815,138.272585605053,166.337665904652,57.2068905300564,151.336557515462,191.304499816895,175.443705240885,200.550389607747,160.00716882003,0,89.3435760478534,151.636450507424,209.886672973633,184.492528279622,199.521255493164,115.657389432064,54.1332427377099,98.6261739814638,107.775881994674,0,155.060198084513,104.872314200077,112.462945358559,142.940446284779,115.613449607197,227.302780151367,0,116.913237831809,131.385346443422
93.3204689328633,53.6339689694918,43.5136692130026,70.9469323309299,158.959414672852,138.936836242676,154.035092902906,133.56824645018,128.108386610958,127.309560241699,144.272107358839,54.2141501682776,170.572366333008,106.008684794108,115.3076361374,178.273651123047,105.004981255656,9.03473936591186,48.2598702482475,18.017197771322,0,50.4846279540657,80.1841602399082,25.2368472070312,125.958063951979,103.202712719257,27.3205210794528,67.3350301234189,132.90387712492,96.8184169219888,71.3954115582457,92.8165615817957,145.730965387254,90.9772024945515,44.8480563389553,233.171203613281,94.9877744821402,108.270515441895,84.488671022303,218.348266601562,0,0,177.343954722087,210.037553575304,131.189678955078,198.640823364258,141.857225036621,238.55859375,136.344235102336,208.353959825304,0,141.699121263292,119.043035203132,140.030557071461,120.902386612362,0,160.91302280426,108.934449076653,130.603758352774,170.466929068932,115.735431671143,111.018058788908,106.847962299098,180.854566301618,200.553270975749,165.47678474758,148.295481363932,0,207.841758728027,125.702422508827
153.540374755859,72.5653516981337,94.0013086070185,72.0205365349265,0,0,90.8964004516602,0,167.410308034796,137.79020690918,172.665554046631,22.2365500496136,168.746166229248,49.9999628450099,105.485425949097,176.444473266602,141.39820098877,48.2598702482475,7.2549264109651,12.5810733609514,163.521530151367,110.855140686035,112.237230088976,111.073694362197,165.419004440308,54.7357925415039,19.100030885124,62.9205501638257,175.836659749349,90.9054237458764,125.549630641937,48.2343164388179,87.7583740897801,157.171234130859,60.5483865682145,196.943939208984,96.9562606811523,147.611325581868,0,0,0,0,0,0,0,0,98.5059461240415,0,100.622506303054,215.186248779297,0,161.328277587891,182.44514465332,105.219642978244,137.7344789505,0,195.261528015137,163.867065429688,164.183502197266,232.629348754883,75.4042089092198,106.091663139097,104.551424835667,0,183.573383331299,242.628051757812,107.292002049888,0,160.520141601562,148.893438339233
120.552849509499,71.7186776036801,83.8770959340981,76.4677420015688,166.215505981445,0,190.399959564209,157.499394008092,161.182487487793,142.286633809408,165.14023844401,19.4864896343988,0,65.9008540160267,148.342078154942,183.357467651367,123.273860584606,18.017197771322,12.5810733609514,10.0948939447459,164.882934570312,89.2158845155709,104.157345380939,80.688940380412,150.207647262081,55.4811472362942,25.5133623297038,69.4421060587683,155.241736493792,114.618363417831,96.4172250355194,60.0566646965183,107.924503326416,104.303388294421,48.4506898948249,0,73.3726062774658,128.658133552188,98.8613624572754,0,0,0,219.836369832357,183.174255371094,0,0,113.276068725586,0,108.985736743824,222.050182342529,0,158.411800384521,127.843764543533,111.868694051107,115.079864501953,0,167.088554382324,169.051319122314,160.990599381296,195.234115600586,79.3401967064809,105.436745714329,106.269792126255,191.357086181641,0,166.879165649414,109.363446712494,153.558654785156,0,122.462975025177
82.9376746283637,0,147.914724985758,56.0306373878762,14.4553904902595,112.901020050049,46.2232612506989,94.8798980712891,87.155890507741,29.5293156396259,15.2024718506569,164.674840291341,13.0425237133013,177.442947387695,95.8390121930911,51.3582758652537,125.227411905924,0,163.521530151367,164.882934570312,7.84180423245409,0,53.8509058952332,161.946854909261,19.5784669276051,0,152.177093505859,104.374690246582,33.911294709096,96.6386683394269,127.594989776611,0,136.663840399848,72.8478172302246,92.7321832629218,0,0,173.820434570312,65.4748497009277,17.9896915786935,245.00260925293,163.45437113444,132.349268086751,153.342957178752,89.2027904192607,136.494975533979,0,24.5536183232353,0,137.886641184489,143.171646118164,161.890312194824,0,0,0,16.2711127620854,0,0,0,108.909525373341,0,0,191.85319519043,140.343895138011,158.018826293945,0,0,0,0,148.601387023926
75.2446858380292,81.8596394856771,61.3796503720584,75.2111018455192,62.0458128792899,128.972309112549,110.073604994554,63.1665280066009,94.8141201966198,58.9794465065002,74.2564613407124,99.0534313283068,96.0655415852865,155.40732828776,88.8012664078349,117.601089477539,28.9595770399485,50.4846279540657,110.855140686035,89.2158845155709,0,10.2833402740159,52.1713132263845,27.1937446004715,49.8051286205271,123.760101318359,99.5244964157326,74.599424306375,23.8049223437341,64.4370321071647,29.421114262783,148.979789733887,152.450941467285,69.402330533196,47.8777489175363,129.429680294461,0,139.499648890544,125.874449157715,138.418637443991,0,179.842597961426,137.175194104513,161.509196632787,73.0063254334206,160.9831199646,202.050689697266,214.622337341309,197.898086547852,149.11887381627,143.149894714355,107.58287835999,165.589396158854,199.061561584473,185.49326578776,169.480911254883,118.578951860669,68.7078902207685,120.648052113031,110.266833018108,0,162.390621753449,142.574494844907,116.957933690271,135.623098408092,115.830078229656,0,0,119.672625541687,137.976316134135
104.178473711014,31.4628643672558,45.8704071842672,23.4672482925415,58.3879436765398,86.5337066650391,119.774886498084,86.8437572877799,100.253325195312,20.0594167300963,102.123325166248,97.0200969784759,72.4357141565393,89.5861438859812,114.954753474185,73.3537168626661,28.9793719464733,80.1841602399082,112.237230088976,104.157345380939,53.8509058952332,52.1713132263845,8.02925314714869,51.4094581262697,26.8108452403373,72.2565132751944,92.3819157965829,43.0084233147356,72.4710059895235,91.1753680788238,58.8006218159993,110.771146612652,146.26383972168,69.7672719221849,70.742296149091,82.5132312774658,127.986656188965,101.989507675171,91.7940194266183,101.765760595148,0,0,95.3211062749227,146.084001541138,36.5400690309929,132.792189025879,142.669296264648,0,152.643250359429,128.509953689575,0,52.4466462666667,130.182314191546,172.855832417806,134.826008932931,0,72.4513346071597,13.1593794939172,64.3362769205636,71.4755133578652,153.092594691685,132.639703538683,81.0933296350804,79.2278346917568,111.61246733232,70.7193970574273,148.266387939453,0,77.1688559395926,87.6694717407227
78.5060190501278,48.7810689505045,28.259945927631,58.1810062310813,98.915278162275,142.592702738444,130.603401080516,80.329671051413,105.96722046848,96.0490592718124,99.573287865775,106.18005194413,150.725532531738,143.0882497515,96.9593426409085,120.496524810791,22.4795456191611,25.2368472070312,111.073694362197,80.688940380412,161.946854909261,27.1937446004715,51.4094581262697,14.188846961878,67.7370938582298,132.360652923584,79.2038991523035,47.6194294297126,60.4416968392854,88.4790842971291,53.9372467332216,130.095329920451,147.489784028795,86.9312594776422,54.7274959772156,150.469133758545,149.638845443726,97.582937185963,91.2442918821823,145.946829223633,0,191.827980041504,152.409290797819,178.34120990384,90.476690243452,179.212799598431,184.044008890788,153.571029663086,220.069702148438,178.055670884076,0,100.204649027256,147.685656722711,186.0888671875,164.569284096742,161.660171508789,123.546405399449,67.5426729147775,107.457898634194,135.427819883669,173.219985961914,155.534439023861,102.416596132788,136.348574805678,170.476959560228,134.278101358454,189.847518920898,238.302581787109,152.137600708008,142.757139165351
81.0179746638346,69.3288475282302,115.191713756985,41.713119630489,14.9623435519308,85.3181686401367,75.3454245191477,66.0657294317288,85.958271624437,23.4263413172704,58.3745047641914,143.381913539342,30.2412642805964,126.100859017208,100.302659067507,52.9227162767165,25.712142178712,125.958063951979,165.419004440308,150.207647262081,19.5784669276051,49.8051286205271,26.8108452403373,67.7370938582298,11.7160891937928,104.636218204293,121.324821858973,82.9801444824388,23.1187490577625,87.4843460200158,71.424756579229,153.077472050985,132.556625547863,74.4415795015207,93.4545138925155,136.477059441644,109.153472900391,147.363164736901,72.0390027364095,118.271918103052,167.567810058594,148.116940442254,119.658971709939,150.480217962554,69.2190754466587,136.385513475678,210.256908162435,128.65512232347,219.828536987305,155.443654248095,121.550928497314,97.5479762035867,175.557685089111,197.865982055664,183.749488830566,122.384086245582,115.942443243348,69.339421081543,137.530085744421,100.577002778133,181.069778442383,172.064987182617,152.338685078036,112.515460247665,144.953812582451,122.306745502311,203.701487223307,185.358599344889,119.788702011108,148.866298328746
0,28.172008879414,108.485258102417,23.360263435901,0,0,141.300945281982,185.837249755859,0,105.876307916464,170.151870727539,29.9764426293827,138.676177978516,22.1228930879339,0,144.164854569869,131.087294006348,103.202712719257,54.7357925415039,55.4811472362942,0,123.760101318359,72.2565132751944,132.360652923584,104.636218204293,8.15408338921176,42.3401377408524,31.9965937769216,137.560077667236,90.3369750976562,0,48.5526553769655,81.7999093191964,189.305084228516,66.3543382399153,0,113.811698913574,176.679092407227,29.3548774719238,0,0,0,0,221.638366699219,0,0,115.945890808105,0,76.8381552956321,0,0,135.835052490234,99.5114364624023,106.496725559235,105.486340332031,0,0,176.093521118164,198.43522644043,0,40.5103291784014,96.2438645306756,88.0260937302201,201.542938232422,0,0,90.3082328372531,0,0,142.356567382812
116.808580893057,53.6236581840978,31.4891971329716,54.3559335894504,137.066010157267,147.418969726562,159.291768739549,127.209546495851,143.871164677975,118.514877897868,140.90330073164,25.547965244203,161.671897888184,36.5317407948596,134.499163707424,152.438321113586,109.623926283438,27.3205210794528,19.100030885124,25.5133623297038,152.177093505859,99.5244964157326,92.3819157965829,79.2038991523035,121.324821858973,42.3401377408524,13.5932587224813,32.3930429163559,135.163952367163,115.749247281057,103.520226006369,22.2981382237237,114.533539454142,106.277126744588,57.4695815848653,190.675722122192,71.4127146662498,105.320321121918,111.714633710457,200.821713256836,0,232.127090454102,179.890271700346,213.763301391602,180.928200941819,214.950564066569,101.19322309307,247.001434326172,98.9900641017794,197.489826660156,197.21337890625,150.49955190931,102.515213445685,103.449195065836,102.431539140735,0,164.694798699741,133.777489676404,143.832247257233,177.429424239928,69.2515875263374,94.0876615168572,94.4751033315656,199.330998620322,178.534526478161,167.981912001124,104.227580168753,0,165.237635294596,115.781484603882
128.638104594838,29.3412374111326,32.8436029355342,36.3528902424639,110.117879821033,141.317152023315,155.296835918816,108.0947035356,144.713999355541,105.048173227557,128.84238965503,60.191760782668,131.237857001168,33.1102786507608,143.289882461858,137.312107196753,33.9625408515242,67.3350301234189,62.9205501638257,69.4421060587683,104.374690246582,74.599424306375,43.0084233147356,47.6194294297126,82.9801444824388,31.9965937769216,32.3930429163559,16.3686181478395,85.1661780672889,132.153179283931,113.593488690437,24.8212001061156,131.889401390439,121.496033169576,62.8876926022919,166.641231536865,68.4401350727788,91.4712945282613,64.8647476025482,188.997880935669,205.635620117188,209.214073181152,159.662163792234,192.769189898887,112.340932184336,192.507060915925,111.46953747657,179.884600321452,99.0235627432176,179.020323663009,185.694671630859,108.60053565145,106.367025678298,109.605896327807,107.921141184293,186.565200805664,142.540934178736,79.6181179864745,106.281187139379,149.48194814858,72.6101851772697,97.8909536186894,90.6963269795657,151.86867611853,176.354908395321,155.205763061523,104.777514333943,169.759429931641,160.949240684509,123.004207975301
69.7023361901895,113.05500348409,99.5180680928239,60.6066687460869,17.3435356121286,127.176609712489,69.122442898634,31.4312661651234,84.3419832702239,56.411203649044,32.9153595947653,160.980108533587,52.5915615743101,180.717086791992,76.9302769202211,82.9640131426287,50.379629611969,132.90387712492,175.836659749349,155.241736493792,33.911294709096,23.8049223437341,72.4710059895235,60.4416968392854,23.1187490577625,137.560077667236,135.163952367163,85.1661780672889,12.460405304558,80.7034143339739,35.3162922488444,0,138.52924931303,68.8256490239557,75.9002531491793,134.867813888861,139.393440246582,165.434135437012,85.3519537695523,121.90596215252,174.146820068359,160.475934766686,127.86710599172,160.722649401772,93.830746975812,151.102494856347,215.806775919596,143.914380467733,0,166.457772475023,130.680759429932,131.92560035304,184.76591823412,231.812210083008,208.793970281428,138.376042712819,145.577037726508,91.1389057018139,148.652546192038,111.349344939555,0,183.659052530924,164.422236893817,129.782983714137,157.080990954657,137.203888814957,0,185.828526814779,139.617131885729,155.158882564969
14.744526984323,121.873734368218,109.969196127887,79.3031886437251,91.8672435921683,20.723587379329,54.6307056625454,70.4031598537609,40.6121814530378,80.0236133972553,92.2120240546538,54.3759105380746,99.8594913442847,67.9278852323823,21.8955129007406,93.4744597214919,92.4124167400858,96.8184169219888,90.9054237458764,114.618363417831,96.6386683394269,64.4370321071647,91.1753680788238,88.4790842971291,87.4843460200158,90.3369750976562,115.749247281057,132.153179283931,80.7034143339739,12.5395280294149,30.8452045786044,96.961844044347,11.5293840695295,16.1000320313411,35.5666463256604,148.962773409757,180.857192993164,166.694819670457,114.483645439148,158.916012468009,0,200.142305646624,151.27423028023,183.208813985189,92.2332437449488,180.35273677281,226.15998840332,171.687850258567,217.465538024902,180.356402243337,0,134.772133074309,187.255579630534,0,181.886727905273,178.174587249756,140.488231113979,99.6350686209542,174.913800557454,131.744662826126,103.414184570312,191.758161104642,173.364859407598,141.242239587101,167.906407918016,151.192886047363,149.127868652344,0,159.247003827776,165.543704106258
37.83699143706,103.043420618231,83.535873606292,61.2266798059201,86.5609909057617,103.136936187744,116.19673632269,19.7456303134714,79.2935239566139,60.1916667115107,88.370131462243,119.092785147733,121.442778015137,151.504104614258,65.9666531044952,103.848823547363,74.6098165986764,71.3954115582457,125.549630641937,96.4172250355194,127.594989776611,29.421114262783,58.8006218159993,53.9372467332216,71.424756579229,0,103.520226006369,113.593488690437,35.3162922488444,30.8452045786044,11.4494635247133,149.632648468018,124.490890278536,47.8364611249982,38.9111515743667,136.191784894025,164.864486694336,144.061261957342,86.7559136100437,147.28396987915,179.106002807617,178.076904296875,132.559977122716,160.378581746419,76.5429363990015,161.947772725423,199.007934570312,196.688369750977,226.111602783203,158.585623214494,0,110.318778103796,179.183583577474,206.298416137695,193.939935302734,0,120.395819489594,78.4016613826574,139.058439062276,111.437927047412,0,172.953275964615,165.022581053174,117.249129775326,143.688915252686,119.951425913218,0,188.653381347656,127.254967082631,138.195405883789
162.759582519531,80.566762804985,101.096976956454,70.2944178194613,0,0,235.819580078125,165.105159759521,166.339101882208,138.91180562973,0,36.5714905495962,176.989624023438,20.0102805707402,121.489192199707,167.917022705078,112.265625,92.8165615817957,48.2343164388179,60.0566646965183,0,148.979789733887,110.771146612652,130.095329920451,153.077472050985,48.5526553769655,22.2981382237237,24.8212001061156,0,96.961844044347,149.632648468018,8.87005981383232,99.3620608294452,143.73551940918,72.8182378822649,0,148.733581542969,152.495559692383,104.790827433268,0,0,0,244.581909179688,0,166.775741577148,0,104.604801177979,0,93.5830002869068,188.609771728516,0,190.183395385742,145.106689453125,111.918416341146,128.521265347799,0,205.991226196289,174.48258972168,203.59992980957,0,73.7704108909324,110.440654680567,105.981602945964,0,154.230880737305,0,104.383584079972,0,0,125.408676147461
83.781440041282,0,165.331503506364,124.633838947003,144.878368377686,10.4626680167852,15.3008436516766,125.709490966797,26.3689821901867,127.253030395508,124.035862370541,64.2828195013967,115.385673063347,78.6116980017685,19.3107432432411,37.7373570063927,129.985168457031,145.730965387254,87.7583740897801,107.924503326416,136.663840399848,152.450941467285,146.26383972168,147.489784028795,132.556625547863,81.7999093191964,114.533539454142,131.889401390439,138.52924931303,11.5293840695295,124.490890278536,99.3620608294452,4.87489306383458,134.162322998047,32.7024832685332,0,0,176.764701843262,0,0,0,217.915618896484,199.888702392578,220.831558227539,128.169357299805,231.376164754232,0,0,0,0,0,157.557220458984,0,152.837539672852,0,205.048324584961,0,0,0,175.432888911321,0,159.280258178711,180.322441101074,181.895774841309,222.118118286133,225.715301513672,0,0,234.877487182617,199.682830810547
46.3622107756765,128.362119674683,106.87576090905,62.1685132685396,71.8868683406285,197.705505371094,102.309928894043,59.2491805039717,103.810863797627,63.5601836756656,79.3791191264707,107.870862440629,96.4026830572831,224.944320678711,72.7711957295736,89.6777172088623,79.7396955182475,90.9772024945515,157.171234130859,104.303388294421,72.8478172302246,69.402330533196,69.7672719221849,86.9312594776422,74.4415795015207,189.305084228516,106.277126744588,121.496033169576,68.8256490239557,16.1000320313411,47.8364611249982,143.73551940918,134.162322998047,9.82575259411647,30.8536904544755,147.181774902344,0,147.017446729872,77.2748908996582,100.84380976359,0,151.861704508464,139.23452351888,182.29792175293,68.9403822157118,148.560399373372,0,179.339096069336,0,159.901587804159,0,108.961038861956,204.990783691406,0,200.495051066081,132.064636230469,122.198947906494,84.2728897094727,150.178576382724,118.2424598887,0,177.647033691406,169.086317363538,123.278574007051,153.318677775065,119.17500099769,0,0,127.274197896322,133.759857177734
79.3860009610653,52.3760498232312,61.2901539791804,69.345770517985,88.0241985321045,39.0316433130309,89.397904274872,84.96355335431,95.4257750250021,100.090466472081,94.6407204131599,26.943098660379,96.5504870414734,50.371122554463,75.8675002740213,131.981588363647,82.4288822952195,44.8480563389553,60.5483865682145,48.4506898948249,92.7321832629218,47.8777489175363,70.742296149091,54.7274959772156,93.4545138925155,66.3543382399153,57.4695815848653,62.8876926022919,75.9002531491793,35.5666463256604,38.9111515743667,72.8182378822649,32.7024832685332,30.8536904544755,10.8324774429902,149.888621648153,104.735716819763,104.992995988562,105.396970922297,159.629822998047,0,183.42183303833,146.256579855214,175.372913469587,108.630062466576,183.631791251046,133.885609944661,210.840911865234,121.015023158147,180.821874031654,195.31714630127,115.564971532577,118.861898275522,126.387557547433,111.443810723045,199.392951965332,127.307573276096,90.415324234381,127.781016156973,129.605019562633,98.2272462844849,112.444988878467,106.245412867222,141.644288890858,172.83947851719,135.93453679766,131.577519008092,183.172729492188,158.352043151855,136.428597842946
135.878921508789,171.056655883789,165.971187884991,85.5643793741862,148.3575146993,189.17204284668,196.184711456299,158.417938232422,165.394883155823,113.921661376953,176.114489237467,0,0,0,164.17068699428,0,136.883566483207,233.171203613281,196.943939208984,0,0,129.429680294461,82.5132312774658,150.469133758545,136.477059441644,0,190.675722122192,166.641231536865,134.867813888861,148.962773409757,136.191784894025,0,0,147.181774902344,149.888621648153,9.96378447679634,157.938278198242,111.898455012311,68.2653451807359,104.502918243408,97.839225769043,95.3260931066565,24.427431302469,72.4783421741198,72.5999044044731,80.6596239498683,125.080667564668,119.508645308645,152.333452525892,26.9477000166856,111.131816864014,107.861657847529,105.353234727143,138.830757141113,127.638911921085,106.8690366745,84.9683681084559,79.9846500049938,102.259301048309,83.2352381057883,124.307464599609,122.688075321173,134.636064043697,89.1923233056294,27.4978881026569,32.6702897027459,145.798881530762,83.8130932976218,45.0837882912677,80.4091976832916
0,0,102.548621313913,92.2619934082031,0,0,0,165.466598510742,167.927703857422,0,0,134.104049682617,0,78.5842208862305,0,0,87.2640914916992,94.9877744821402,96.9562606811523,73.3726062774658,0,0,127.986656188965,149.638845443726,109.153472900391,113.811698913574,71.4127146662498,68.4401350727788,139.393440246582,180.857192993164,164.864486694336,148.733581542969,0,0,104.735716819763,157.938278198242,6.73049919827597,42.116660841456,13.2555721973089,95.1519953409831,95.2099990844727,137.690818786621,112.161616189139,149.022682189941,71.969687377376,146.34449005127,59.6708534028795,91.8832845687866,59.2647597097581,145.218286340887,103.642824935913,66.0247957441542,55.3087041173662,83.8307616192362,58.8611901818889,142.435104370117,120.57912902832,23.9860924657734,68.3536224365234,80.6413980842611,18.475652985432,47.9676899049409,28.965914336314,102.403652954102,122.062402205034,111.918879191081,69.9955177307129,98.3258323669434,0,71.157904624939
175.586168561663,87.8519105457124,90.1620521447776,88.6469338065699,191.63454691569,0,204.614288330078,165.355469113305,185.37675757547,140.360752105713,181.503963470459,136.110605027941,222.492309570312,146.743125915527,180.728257430227,173.436904907227,123.909536812522,108.270515441895,147.611325581868,128.658133552188,173.820434570312,139.499648890544,101.989507675171,97.582937185963,147.363164736901,176.679092407227,105.320321121918,91.4712945282613,165.434135437012,166.694819670457,144.061261957342,152.495559692383,176.764701843262,147.017446729872,104.992995988562,111.898455012311,42.116660841456,13.0342571891151,44.1362750245796,117.694367408752,172.009471893311,152.428826093674,92.9916996683032,131.222229265831,108.349893244301,122.926327969735,121.593789573607,160.438492222836,101.393903585581,120.207610397829,141.59898147583,84.4076094588613,41.0344512670359,109.41022644043,71.7582430389902,164.307922363281,63.9971736993108,55.3533024434166,33.986694116558,114.76750715627,119.234685262044,31.4514920625112,33.6882361334875,75.7742981360509,138.614050587268,92.206043104025,103.242614110311,181.984875488281,119.052632298963,79.5385754984668
