10.0477591076591,107.738342285156,100.195067788953,63.9753172717877,82.592227935791,100.447731018066,87.9331067403158,38.1402839544095,55.1348847867457,63.5632434562401,68.8672004026525,133.539128780365,94.5674209594727,156.44416809082,15.8600907029575,0,0,106.053669798955,145.610946655273,132.655420232702,0,82.423507933921,103.859040737152,93.6375203163795,79.1644642939333,0,124.085392780793,138.83237999073,74.5857703361066,18.4915841545547,28.4220138248177,168.34309387207,89.4349787394206,60.6410116681866,84.8044394198979,156.335195922852,0,168.660607077859,88.2884615489415,146.475082397461,0,191.928546905518,127.913609857429,169.65034866333,90.7861884788231,159.603339059012,201.968551635742,0,0,158.403156704373,0,110.140641530355,204.578903198242,0,0,0,146.65295955113,156.166455586751,153.241356589577,120.782405367765,0,200.486456734794,182.630373084027,130.394977308299,150.555520571195,137.478570598446,0,208.824737548828,137.694326128278,158.132781982422
107.738342285156,7.21018677118337,46.408986586933,11.0380679966924,0,0,131.142532348633,137.967028299967,151.85474480523,71.0950987237131,131.252105712891,77.0968613624573,91.1538963317871,58.2469319008492,160.469927469889,101.951513671875,59.5850239971228,58.7404886037817,81.606895174299,71.4534834706506,0,94.9058716717888,25.8260501264524,67.5690504986307,79.368654739566,26.0780453293785,60.2020879130793,34.4342207055253,109.354943980341,115.154861450195,119.439212799072,76.7444117069244,123.189794540405,148.439430236816,68.1347030589455,0,106.419512430827,127.238808949788,92.2736949920654,153.970855712891,0,0,193.600845336914,192.041692097982,98.6952514648438,233.082977294922,104.066808064779,0,103.299242951149,205.85929107666,0,103.649089813232,114.429567337036,103.350776672363,135.257113865444,0,0,80.4307823181152,99.0963172912598,148.639872233073,94.5517158508301,116.043793216828,110.859296062536,176.469512939453,0,0,136.996545791626,0,0,0
100.195067788953,46.408986586933,12.5337429725504,47.273952792972,123.304763793945,0,137.207871336686,98.6793373377802,118.022173617169,112.09263948713,116.808613888688,100.186681747437,168.837421417236,116.572868347168,119.302609517478,167.190898895264,88.8416621300482,39.6087674218644,98.9851860046387,84.2168958652427,170.003875732422,65.1055236038409,52.8717514529373,34.2635630851753,115.200583321708,100.789033889771,39.1989147032712,33.9025327921749,81.9265964148825,126.501922452248,81.5490946863212,102.831977638038,161.572791205512,122.667634010315,63.0510574323402,184.259807811064,70.8911286015664,95.269122503234,63.2557620086004,174.990432739258,0,207.835594177246,165.270779988412,194.569639594994,159.69165316495,187.916607943448,133.91990814209,0,187.329795837402,185.104127332899,228.071304321289,123.044774373372,114.024252132494,148.951103210449,136.96031528049,0,135.183019330425,78.9277816456594,108.404458045959,155.764767964681,177.403518676758,113.843179282424,96.8832131714597,168.154607772827,209.009237881364,156.856462287903,159.431333269392,0,189.525093078613,121.259869250622
63.9753172717877,11.0380679966924,47.273952792972,21.9172346401662,65.2606244867498,203.815986633301,106.523735334288,65.2487341302921,94.9867939439792,26.9498226742845,78.9897762173218,99.583730061849,86.050698224236,76.9968179454854,89.1107268402542,79.3867330551147,49.7960823182881,67.0865894499279,96.6191482543945,81.3939521750625,105.194755554199,56.4725135805811,36.6990158290558,62.4290535394165,47.9138855137438,39.060815047423,65.0111191411403,43.3906036030964,57.6925725267118,82.7567623740748,58.462134683749,99.3373229617164,134.125075531006,65.1780106499082,72.9066963343657,74.3992233276367,14.812748559316,67.5368226858286,23.1673422673853,90.2761207580566,0,103.717915852865,116.70422944289,163.369546990646,65.2050031026204,121.223279512846,98.9443333943685,0,103.881299155099,162.105915251232,180.932022094727,75.3232671564276,75.5027487219834,114.49292755127,120.442893395057,127.323070526123,89.8939657665434,72.8286978069105,103.507744789124,77.5555959035115,17.3495040621076,87.9182469294621,59.7418201157723,114.009374424563,121.681637191772,87.4185238542228,152.228454589844,0,89.1582472059462,102.206997871399
82.592227935791,0,123.304763793945,65.2606244867498,8.76921449035532,89.385632832845,66.6069920279763,72.7372996807098,96.4839312813499,37.754469897337,16.7935985760749,164.952239990234,16.694253713757,190.495811462402,108.341647755016,56.8118107088151,56.2181205749512,150.538208007812,0,193.733825683594,12.5104304727965,0,65.1927050076998,135.506024678548,15.5172191346402,0,178.558429718018,142.728997124566,14.0444057143306,105.117510425801,0,198.825164794922,159.335105895996,78.075112286736,103.206664590275,148.746398925781,158.146385192871,210.07852935791,77.7654557909284,52.8861094699113,0,154.217028410538,133.359298778716,161.991788228353,87.2235475427964,145.379518186891,0,83.2177029267336,0,199.530542373657,109.530158996582,139.435592651367,178.924728393555,0,0,91.4532261993574,0,181.791404724121,141.135520935059,101.098875569773,176.999893188477,203.478507995605,181.494200134277,124.641298158669,160.974402533637,143.678943634033,0,0,160.927047729492,184.622097015381
100.447731018066,0,0,203.815986633301,89.385632832845,7.37643556516835,9.2142295214051,120.658498764038,26.7371678670247,67.7520405999545,111.719270879572,63.9091934790978,78.4002804756165,82.6669785635812,35.3963710205464,14.9794501751134,0,135.939571380615,89.5353469848633,0,94.1815338134766,99.7624053955078,159.210372924805,116.596638997396,88.3469649420844,0,151.65053431193,133.575934727987,135.324374728733,28.7994280132637,106.170043945312,106.193195343018,13.0161512224334,0,34.4911935806274,212.654891967773,0,0,0,0,0,0,175.817993164062,0,140.215026855469,0,0,0,144.767547607422,0,0,0,0,0,0,0,0,0,0,0,0,0,0,177.525012969971,0,0,0,0,0,0
87.9331067403158,131.142532348633,137.207871336686,106.523735334288,66.6069920279763,9.2142295214051,11.6487903805177,59.7831583083177,23.7811223648418,74.4044027764813,28.3230445171991,83.7765671367377,16.5154290647604,110.64904522366,43.8502383875833,13.0604098437687,117.715423583984,158.991041439096,121.405414581299,187.729703358241,41.0345703760783,139.548847198486,167.948713684082,139.4794352413,85.3233850002289,88.1235473632812,167.891188825187,153.438604591537,67.8305679616594,55.1045109195224,119.434659140451,152.253389630999,19.8567174033834,103.326188128927,66.2050472376298,183.83823285784,0,199.646217346191,121.060656054267,149.682383888646,227.785858154297,166.006394417055,155.193993980502,182.654676396796,128.597618103027,161.437176968189,0,74.2504205201802,0,199.665350341797,163.779479980469,170.122743225098,233.372400919596,0,0,155.567166945514,210.461176554362,163.564586094448,196.144684855143,137.506334393523,0,219.305319892036,194.472134797469,161.051129902879,205.586779142681,178.374694259078,0,0,158.43531036377,194.553529103597
38.1402839544095,137.967028299967,98.6793373377802,65.2487341302921,72.7372996807098,120.658498764038,59.7831583083177,11.7255301261534,58.5020688775468,61.8076562959004,21.4614643974371,154.180374145508,44.2019972143502,168.394974626814,48.8691173732662,88.9578831412575,95.3967361450195,145.397930883086,180.88455418178,166.754543690199,60.5389891085417,81.7759931494161,93.7882475852966,84.1267286828963,67.6605823052013,162.860801696777,140.204514607686,113.516288409576,31.4909449551838,72.4732134694763,23.6576188453123,179.240363226997,134.399509301346,70.9177533735116,93.7892306156117,147.70811610068,143.184906005859,167.097254164675,86.6406286653266,139.13538140517,217.530161539714,161.039088513478,128.471099514431,159.986758573212,99.3554104677181,143.204471194977,213.744818115234,154.734654513272,0,164.310920531047,157.34856262207,145.299368722098,200.261313847133,0,218.257669448853,150.490473349889,157.551129109151,126.084369038427,158.134840280732,115.836277440571,0,199.969041523181,167.035489355999,128.548198343575,156.751909633578,137.795284167338,0,209.531247820173,146.45168440077,162.2201691349
55.1348847867457,151.85474480523,118.022173617169,94.9867939439792,96.4839312813499,26.7371678670247,23.7811223648418,58.5020688775468,13.4196140036601,87.9375313232685,34.3127464549266,91.4945578231592,83.5702852346958,103.267526705403,20.6916036878663,46.479062349024,167.268126593696,136.800168778898,142.636881402198,167.824067995932,93.4819894873578,109.827753768855,129.713489867093,112.638905105811,91.3426202060481,100.103584289551,148.463964924639,157.275293569307,84.6775142391557,45.7921234936436,79.8931918404319,165.227054185134,29.5147469549485,101.107417713512,70.1164728421193,167.005145954636,156.029563903809,184.030259888748,120.124315822826,178.369206355168,240.473861694336,169.529496042352,151.260377226963,175.993715084858,130.571892945663,160.95689805972,226.235645294189,166.964929580688,230.626454671224,184.145267622811,151.850341796875,167.335716247559,206.313670567104,241.933181762695,226.475779942104,176.403474595812,172.318648020426,160.842857762387,186.798690054152,138.64274358677,0,209.220009897269,191.378993972076,151.629639039332,180.614692424906,164.649501024387,236.367141723633,241.915664672852,161.600399632608,181.09544808524
63.5632434562401,71.0950987237131,112.09263948713,26.9498226742845,37.754469897337,67.7520405999545,74.4044027764813,61.8076562959004,87.9375313232685,8.05475250748197,81.1191223912269,139.403536036395,9.77748537201812,124.224588158017,89.779555275861,23.2104914963141,96.266540813446,128.463325416649,147.044758319855,140.009144956415,23.250823972702,74.7074999601945,28.9898948467204,119.37144137967,21.6698283140072,106.42917877307,124.813282833824,112.82097499326,52.7470849431079,82.1951851038147,63.1623187954143,147.721003668649,140.847477595011,67.301317117982,107.627265187053,125.38245010376,180.304672241211,175.492050170898,73.9151622009277,92.6147764252453,0,148.09613494873,133.472806531329,136.926055908203,54.3424769083659,115.360494498747,192.770660400391,106.735280990601,162.56469746125,152.959479195731,0,105.837944030762,177.222229003906,185.751708984375,206.148462931315,102.298924922943,119.515146255493,220.821899414062,129.040616716657,73.1287405426438,142.441966247559,196.707346191406,175.325930946752,124.817079001326,128.456308364868,128.938061523438,175.027488708496,0,137.246215820312,182.364387512207
68.8672004026525,131.252105712891,116.808613888688,78.9897762173218,16.7935985760749,111.719270879572,28.3230445171991,21.4614643974371,34.3127464549266,81.1191223912269,11.4541747051814,150.376545629769,23.4453023739048,160.14867401123,52.459889694443,75.5264003669823,104.374984741211,154.347817049188,165.073954990932,183.54873429968,17.3693030235064,119.65670264851,126.510469507288,105.338426737496,65.5966727238516,178.307881673177,152.129827471075,131.728855195253,27.6095321902803,95.2857964464521,96.141966245451,182.193346659342,126.290721757071,83.4197425616563,95.5380363987813,164.084723336356,174.443923950195,174.848036289215,95.0232304603823,144.857699147957,224.814727783203,161.779337964739,139.383833166912,168.809985487674,112.044766686179,152.146899532551,0,128.684278467868,242.687739054362,183.152857700241,161.425929676403,171.219832972476,213.345355987549,0,230.49015045166,154.631488959827,182.608681572808,139.524366378784,175.253545045853,115.02219358257,0,204.431285692298,189.080243905385,142.806965783032,179.682739993176,164.150304749955,0,233.936854044596,172.064697265625,180.296425683158
133.539128780365,77.0968613624573,100.186681747437,99.583730061849,164.952239990234,63.9091934790978,83.7765671367377,154.180374145508,91.4945578231592,139.403536036395,150.376545629769,14.0958407382733,149.313513755798,27.8408148068035,78.3899568946828,187.146545410156,119.243202209473,73.698773929051,23.8864376117796,22.5085053337545,146.682811737061,115.362735646566,109.850877878617,111.558564543724,164.005228528789,39.0429126961287,38.7173376459563,67.7277834616604,154.275527843531,68.8480812942281,132.42365613191,36.1805565980535,65.0733007589976,113.33659140269,29.9181640667804,237.08268737793,132.376434326172,136.96072101593,110.674295043945,0,0,242.449905395508,207.927931213379,214.107971191406,190.519153594971,236.821151733398,87.4585567474365,0,84.7909721299714,236.750066121419,0,165.832221984863,160.323757595486,118.358781337738,133.899119208841,0,177.880485534668,142.459711710612,164.328012354234,198.807162693569,72.0453160193659,118.743192036947,120.271894172386,211.440806797573,227.382400512695,206.499258858817,110.424352499155,0,212.859146118164,149.649241129557
94.5674209594727,91.1538963317871,168.837421417236,86.050698224236,16.694253713757,78.4002804756165,16.5154290647604,44.2019972143502,83.5702852346958,9.77748537201812,23.4453023739048,149.313513755798,8.25259286235613,152.980819702148,102.55456882053,15.1844739279535,0,190.903361002604,179.479827880859,198.650466918945,12.0531804673205,0,77.8664766947428,148.763829549154,20.2120090025344,0,169.233528137207,152.994158694619,43.6717952173999,112.103731031542,139.727444966634,0,135.288768474872,89.3645915985107,103.963553817184,121.032615661621,0,0,82.2125492095947,73.466309190833,0,84.3531115722656,143.19241859173,171.915142483181,62.7752365699181,76.549404932105,0,10.9231558590655,0,171.346190134684,116.955780029297,194.523048400879,0,0,0,13.4729268776713,195.393028259277,0,166.800704956055,105.432223656598,0,215.845901489258,181.903261820475,133.613952285365,144.825839996338,185.826515197754,0,0,101.196533203125,155.324422200521
156.44416809082,58.2469319008492,116.572868347168,76.9968179454854,190.495811462402,82.6669785635812,110.64904522366,168.394974626814,103.267526705403,124.224588158017,160.14867401123,27.8408148068035,152.980819702148,10.4550128085169,94.2546406914206,172.701860700335,151.066333225795,137.83899230957,60.8028294358935,96.2802716391427,0,153.486743927002,95.0137590102633,161.969107818604,147.727293277609,21.966064749023,45.6025887420275,39.7882689942965,169.508227030436,83.6378199973803,162.137338389521,21.1179228405091,79.2047496448864,195.346466064453,57.3038420344156,0,90.8177447319031,0,119.182625579834,213.022552490234,0,0,230.402450561523,170.646347045898,182.425598144531,230.255208333333,60.3812572917,237.254745483398,69.4826968848372,118.718208312988,0,202.1123046875,185.96662902832,118.004756291707,132.316480196439,0,0,0,209.649948120117,188.23402065701,64.3384037724248,117.651080109352,104.590162807423,222.72420501709,116.043670654297,216.791107177734,110.851291111537,0,216.873397827148,144.655878067017
15.8600907029575,160.469927469889,119.302609517478,89.1107268402542,108.341647755016,35.3963710205464,43.8502383875833,48.8691173732662,20.6916036878663,89.779555275861,52.459889694443,78.3899568946828,102.55456882053,94.2546406914206,11.1576612050285,56.9937702941895,129.558074951172,127.836328814329,120.946081907853,153.73482571589,107.762200037638,101.661675729301,132.30655670166,111.756981512232,102.124292040152,100.903247608858,145.323334685952,149.095527357357,93.5527582081618,22.9044155252587,62.7851134800217,130.510661913001,26.5252340514259,65.9112474239939,56.3433525748584,172.87362241745,0,194.893785978618,102.84541768476,152.647232055664,246.500701904297,191.85071345738,155.526301018735,185.451166185282,115.023861926535,184.413513709759,233.284507751465,119.59895324707,158.077117919922,187.57123044642,0,161.229532718658,207.089809417725,175.012390136719,230.922401428223,226.518417358398,174.026887257894,157.569900989532,189.141723632812,141.912813425064,135.293045043945,212.451941448709,192.206068674723,154.741498401783,173.692952926845,160.4835531696,0,0,163.326383681524,180.766604539825
0,101.951513671875,167.190898895264,79.3867330551147,56.8118107088151,14.9794501751134,13.0604098437687,88.9578831412575,46.479062349024,23.2104914963141,75.5264003669823,187.146545410156,15.1844739279535,172.701860700335,56.9937702941895,9.83770635666869,0,148.127590179443,136.091189066569,185.749004364014,47.5652233362198,0,80.3159920264935,140.323577880859,43.0218372948932,154.167309570313,172.44505518133,143.849092909869,81.9197828029764,73.0335054738181,92.3930282592773,191.079261779785,34.61865951298,109.460003444127,83.6539533403185,177.359909057617,0,0,112.634386698405,87.6750793457031,0,178.664703369141,171.711669921875,201.128486633301,56.8924763997396,127.700239562988,0,81.8140888214111,227.907028198242,155.542434692383,55.9213218688965,0,0,0,210.501754760742,114.630704243978,0,0,0,114.460428237915,167.790969848633,233.882843017578,191.953592936198,163.4948387146,0,0,0,0,0,0
0,59.5850239971228,88.8416621300482,49.7960823182881,56.2181205749512,0,117.715423583984,95.3967361450195,167.268126593696,96.266540813446,104.374984741211,119.243202209473,0,151.066333225795,129.558074951172,0,16.1016955571129,110.762534752321,149.373626708984,125.351061021959,0,24.146743867862,33.4101469084959,17.8163569332085,39.8669767855394,114.37001953125,110.476946929405,32.2510545094808,43.9092517559894,117.121173858643,64.3687002182007,165.339797973633,0,69.1862463951111,92.9696159864727,146.348098754883,95.8831920623779,108.16757760921,86.7862024307251,0,0,211.861251831055,164.918599004331,185.191429831765,144.052131652832,179.578958364633,150.474273681641,0,169.114723205566,196.754985809326,0,79.3007643784015,141.069447411431,181.610980224609,164.391084671021,0,107.931484261739,54.7867380815192,103.22149661346,105.783274430495,122.273155212402,147.562455802128,102.97593365528,141.578761206733,181.335561116536,126.904479980469,184.115219116211,0,123.943367004395,118.902268496427
106.053669798955,58.7404886037817,39.6087674218644,67.0865894499279,150.538208007812,135.939571380615,158.991041439096,145.397930883086,136.800168778898,128.463325416649,154.347817049188,73.698773929051,190.903361002604,137.83899230957,127.836328814329,148.127590179443,110.762534752321,10.1061675978817,54.915128992211,24.9319136416708,0,65.108525044969,88.2006821909258,29.7632912370988,138.44146069506,93.0987731085883,30.3531788387881,68.7609189850816,125.735239240858,113.497940685523,89.5095891740378,121.491358075823,181.522989196777,103.273815699986,42.6452545230489,212.732625325521,91.4664734431675,108.971611966792,88.7676853724888,198.020355224609,0,219.719169616699,184.174216406686,210.189326763153,182.069756825765,194.121640886579,159.996280670166,229.335586547852,153.752082824707,198.720530016669,0,137.6117866834,123.737574625823,161.403567504883,132.992795545001,209.874465942383,153.023829493029,104.675957679749,135.449525375366,186.940749032157,94.2955474853516,116.314392475267,111.574971536219,187.025541485481,212.04877281189,172.263214637493,135.636083984375,0,0,131.655298387682
145.610946655273,81.606895174299,98.9851860046387,96.6191482543945,0,89.5353469848633,121.405414581299,180.88455418178,142.636881402198,147.044758319855,165.073954990932,23.8864376117796,179.479827880859,60.8028294358935,120.946081907853,136.091189066569,149.373626708984,54.915128992211,8.89422625885575,13.9197410155747,0,120.062152515758,124.618142700195,111.642367124557,179.91854422433,49.3455909729004,34.3309829401324,77.1736789855957,176.553628104074,107.848838387466,137.490003797743,59.1116444766521,97.7701296419711,160.397201538086,60.618577694136,0,118.38941192627,156.553237915039,85.1626586914062,0,0,0,241.616203308105,0,0,0,91.8126438685826,0,93.4699489339193,0,0,174.702209472656,144.615631103516,109.614389038086,122.978514237837,0,0,155.63075764974,172.610524495443,0,76.0851727803548,119.459169404403,116.958290553329,226.855827331543,231.046081542969,184.090957641602,110.113306218928,0,0,172.439626693726
132.655420232702,71.4534834706506,84.2168958652427,81.3939521750625,193.733825683594,0,187.729703358241,166.754543690199,167.824067995932,140.009144956415,183.54873429968,22.5085053337545,198.650466918945,96.2802716391427,153.73482571589,185.749004364014,125.351061021959,24.9319136416708,13.9197410155747,11.2399695581796,0,87.0743791883237,110.337195565767,57.1237967298423,156.327401264604,53.3036199904777,37.2744463930635,74.7259326531545,146.914782092829,131.379549890137,107.31463432312,78.2413263213768,102.830757264168,120.011499435183,47.4328714302119,0,105.273454284668,132.774779280996,96.01331039097,0,0,220.095352172852,204.192886352539,223.487594604492,200.915195465088,210.953979492188,127.197676482024,0,107.220746752242,212.801071166992,0,150.055930193733,137.367987023025,120.200594584147,128.260892814764,0,177.353485834031,117.040462124732,158.303453523819,193.216525738056,82.5360310077667,114.161463073555,113.926429008401,201.123011271159,188.981353759766,184.461296081543,118.643410507514,179.164184570312,199.987747192383,137.751315858629
0,0,170.003875732422,105.194755554199,12.5104304727965,94.1815338134766,41.0345703760783,60.5389891085417,93.4819894873578,23.250823972702,17.3693030235064,146.682811737061,12.0531804673205,0,107.762200037638,47.5652233362198,0,0,0,0,7.41030905629,0,67.2931327819824,0,17.0773538424229,0,187.848846435547,186.379862467448,29.5967643286837,109.985484267726,132.819905598958,0,143.131423950195,108.412307739258,101.735446506076,0,0,0,74.9534301757812,26.412533833947,0,130.116431554159,156.494798024495,162.758758544922,90.4619771784002,142.657469773904,0,20.3593502377763,0,0,0,0,0,0,0,28.1993828135883,0,0,0,99.5497870545638,0,0,218.703086853027,136.92505645752,0,0,0,0,0,100.924781799316
82.423507933921,94.9058716717888,65.1055236038409,56.4725135805811,0,99.7624053955078,139.548847198486,81.7759931494161,109.827753768855,74.7074999601945,119.65670264851,115.362735646566,0,153.486743927002,101.661675729301,0,24.146743867862,65.108525044969,120.062152515758,87.0743791883237,0,14.1099222468713,54.9955723816958,30.3353564682441,18.6165295319937,135.944000244141,107.532111217872,70.2244332269748,24.9486123338467,67.0430115948046,32.4291563554748,162.954460779826,119.606782836914,23.7393657727805,44.1978034303048,144.078690962358,117.94649887085,137.703514792702,77.0716523804121,0,0,186.587565104167,150.09351238306,196.120180402483,89.9849282503128,192.460607910156,171.37043762207,0,225.601150512695,172.769458273183,0,103.170623069495,161.333643826571,205.61094156901,176.396128336589,0,115.532981660631,82.2988066869239,114.854149802494,126.220332977878,0,167.733548420232,140.908259003899,127.746647310257,142.339526724308,111.896911632248,0,0,115.898862361908,126.039353971128
103.859040737152,25.8260501264524,52.8717514529373,36.6990158290558,65.1927050076998,159.210372924805,167.948713684082,93.7882475852966,129.713489867093,28.9898948467204,126.510469507288,109.850877878617,77.8664766947428,95.0137590102633,132.30655670166,80.3159920264935,33.4101469084959,88.2006821909258,124.618142700195,110.337195565767,67.2931327819824,54.9955723816958,8.64631019644631,55.0308479760822,30.378082036972,80.4380237174922,95.6007742419022,44.8438999104819,59.1905912821241,91.7634684244792,53.6793808233543,116.012969688133,156.917994181315,52.4925889554231,68.6308772630425,0,98.9360198974609,83.818006291109,111.853924274445,123.776129586356,0,0,154.50383309757,150.086705525716,88.1208343505859,164.045845031738,151.082870483398,132.262512207031,144.714463710785,194.561106363932,0,63.6472622064444,125.217219034831,188.147430419922,153.848098754883,135.401407241821,92.0632845306396,29.6955828951974,78.4333236431253,98.1744745615366,114.338906288147,161.873416989349,87.1079151253951,131.585552331173,135.046941757202,97.2572914572323,0,0,54.9892578125,126.94311246005
93.6375203163795,67.5690504986307,34.2635630851753,62.4290535394165,135.506024678548,116.596638997396,139.4794352413,84.1267286828963,112.638905105811,119.37144137967,105.338426737496,111.558564543724,148.763829549154,161.969107818604,111.756981512232,140.323577880859,17.8163569332085,29.7632912370988,111.642367124557,57.1237967298423,0,30.3353564682441,55.0308479760822,16.3515717697094,77.7621142704375,0,79.2787656035185,54.8077039552876,57.4609452700158,98.6006965637207,64.5337953994283,145.026258341471,157.770773943733,86.016783004658,56.0137655410047,166.344415283203,88.9812329610189,103.718044510124,84.9286146358568,0,0,206.297899246216,166.347427124673,198.960633341471,156.007654825846,177.49561436971,150.205891002308,0,204.898473103841,193.846276503343,0,85.4322235873785,139.615401027965,181.455010986328,166.761287689209,208.050582885742,119.779094717597,68.5566930600575,111.693683808213,145.720545812484,197.99528503418,134.892680766611,103.496728323627,153.200750982482,182.087801419772,135.811645873605,205.246688842773,230.848960876465,133.180400212606,132.685278479733
79.1644642939333,79.368654739566,115.200583321708,47.9138855137438,15.5172191346402,88.3469649420844,85.3233850002289,67.6605823052013,91.3426202060481,21.6698283140072,65.5966727238516,164.005228528789,20.2120090025344,147.727293277609,102.124292040152,43.0218372948932,39.8669767855394,138.44146069506,179.91854422433,156.327401264604,17.0773538424229,18.6165295319937,30.378082036972,77.7621142704375,12.4535472850171,124.824333945473,136.457075356589,97.2516940122998,23.5044213217118,96.322540897816,77.2228309667166,161.960009256999,151.046761104039,75.130075055685,107.366757513872,133.154442433561,133.712593078613,152.662490215498,69.560819403128,105.826569403491,196.307746887207,137.589057258938,118.617628547958,149.140887178896,69.7332462830977,121.665416899182,193.72029876709,128.8431527274,173.748988560268,156.963646034142,135.699730613015,110.4851260049,184.523031870524,205.287670135498,205.272235107422,120.062087065785,124.384361402123,92.6462654431661,130.858073438917,80.4517676514092,167.799682617188,190.446913644169,158.74064235364,118.151482699468,147.317491434891,125.092698714826,219.024040222168,194.430042266846,128.642046957305,149.995799372746
0,26.0780453293785,100.789033889771,39.060815047423,0,0,88.1235473632812,162.860801696777,100.103584289551,106.42917877307,178.307881673177,39.0429126961287,0,21.966064749023,100.903247608858,154.167309570313,114.37001953125,93.0987731085883,49.3455909729004,53.3036199904777,0,135.944000244141,80.4380237174922,0,124.824333945473,8.89639238424079,47.9551663272352,26.1040897772223,157.941455078125,98.2753219604492,156.307716369629,54.7501152356466,84.41845703125,174.083267211914,67.254133249584,0,58.3697668711344,129.284519195557,56.6794033050537,206.981811523438,0,0,0,0,148.372268676758,144.445510864258,68.2492257436117,0,62.9839114275846,0,0,0,117.702308654785,90.0580673217773,118.638165791829,0,0,149.78369140625,0,166.433296203613,44.0123906061053,85.8131821950277,76.3412593707704,232.220672607422,99.9928512573242,0,84.7182945838341,82.126838684082,0,111.34760538737
124.085392780793,60.2020879130793,39.1989147032712,65.0111191411403,178.558429718018,151.65053431193,167.891188825187,140.204514607686,148.463964924639,124.813282833824,152.129827471075,38.7173376459563,169.233528137207,45.6025887420275,145.323334685952,172.44505518133,110.476946929405,30.3531788387881,34.3309829401324,37.2744463930635,187.848846435547,107.532111217872,95.6007742419022,79.2787656035185,136.457075356589,47.9551663272352,16.8149251562488,38.4640425866048,134.681238953324,134.19606635817,121.722392051707,32.7807209525874,129.908399431893,140.316596325533,67.8555775898456,205.015118916829,104.206119332995,105.134025962264,77.199041722895,208.675440470378,213.371360778809,211.700556437174,193.8877183394,208.530062791778,187.909392038981,193.917327880859,115.827663821266,0,94.3001329128559,207.668274728875,0,148.297892823511,117.155583230106,115.457086115933,115.766070560688,202.648986816406,166.780216428969,130.880915363018,151.546072483063,177.349808256505,73.8566390105656,103.207255564917,101.379940179773,192.894933728204,202.638874053955,187.334004555979,111.085766299018,0,179.951019287109,128.242887587774
138.83237999073,34.4342207055253,33.9025327921749,43.3906036030964,142.728997124566,133.575934727987,153.438604591537,113.516288409576,157.275293569307,112.82097499326,131.728855195253,67.7277834616604,152.994158694619,39.7882689942965,149.095527357357,143.849092909869,32.2510545094808,68.7609189850816,77.1736789855957,74.7259326531545,186.379862467448,70.2244332269748,44.8438999104819,54.8077039552876,97.2516940122998,26.1040897772223,38.4640425866048,18.0717563183321,81.5011287477978,138.094213281067,127.899792681158,38.4106092889075,117.782193162706,131.426173309782,70.372723480325,186.050908015325,75.0166691022041,96.087497627754,65.7467710269668,201.282859802246,0,212.858415302477,170.247289702246,195.768334406072,145.799412431388,196.80653193959,111.907015442848,190.497283935547,90.7556482355205,193.05640449053,231.438903808594,110.447655337619,117.829951962771,115.56380833726,122.767860791199,193.300712585449,134.445273033658,63.1318444189339,107.268460303515,159.773234951881,72.5474311094233,107.519375886349,97.7663716620558,165.277729165064,204.704377394456,165.273770158009,116.259938542436,182.692916870117,193.211715698242,126.508903117495
74.5857703361066,109.354943980341,81.9265964148825,57.6925725267118,14.0444057143306,135.324374728733,67.8305679616594,31.4909449551838,84.6775142391557,52.7470849431079,27.6095321902803,154.275527843531,43.6717952173999,169.508227030436,93.5527582081618,81.9197828029764,43.9092517559894,125.735239240858,176.553628104074,146.914782092829,29.5967643286837,24.9486123338467,59.1905912821241,57.4609452700158,23.5044213217118,157.941455078125,134.681238953324,81.5011287477978,11.2842292575993,90.2820487735094,46.0218600840078,175.833166758219,142.451100903888,68.5909653791386,79.0815313780021,131.436197333866,131.16746673584,155.930081685384,78.0794863119358,118.652774352144,206.001312255859,151.025331714926,125.038191558968,158.437660966994,83.7843071262488,144.919929096956,198.008563571506,151.505244900482,220.448471069336,157.532290910727,158.327706654867,111.033120402371,181.802786900447,217.413326263428,206.500310897827,149.503783953479,121.503684380475,92.4300824791003,131.22763778285,105.938127604398,0,191.970500716244,156.885140733316,125.324404636853,140.234830774813,120.582506206051,0,196.200017929077,122.33784649977,148.079676565812
18.4915841545547,115.154861450195,126.501922452248,82.7567623740748,105.117510425801,28.7994280132637,55.1045109195224,72.4732134694763,45.7921234936436,82.1951851038147,95.2857964464521,68.8480812942281,112.103731031542,83.6378199973803,22.9044155252587,73.0335054738181,117.121173858643,113.497940685523,107.848838387466,131.379549890137,109.985484267726,67.0430115948046,91.7634684244792,98.6006965637207,96.322540897816,98.2753219604492,134.19606635817,138.094213281067,90.2820487735094,12.1301710621519,34.6410600477016,122.493100525903,22.2909829226345,22.2857298097909,42.643658896209,162.51256601434,217.087844848633,181.714324951172,103.197384731586,181.492713928223,0,207.698525565011,152.879323601316,190.634917468559,105.304263175071,188.203574829102,0,146.85498046875,179.495330810547,177.422273423937,0,129.946359227915,205.684751238142,0,215.154416402181,192.992691040039,143.936966971065,123.5204966863,162.981766187228,140.125561276604,175.581016540527,207.525807380676,183.47354994149,147.355792705829,161.02064704895,147.350951882014,0,206.175811767578,147.945254734584,168.57850678113
28.4220138248177,119.439212799072,81.5490946863212,58.462134683749,0,106.170043945312,119.434659140451,23.6576188453123,79.8931918404319,63.1623187954143,96.141966245451,132.42365613191,139.727444966634,162.137338389521,62.7851134800217,92.3930282592773,64.3687002182007,89.5095891740378,137.490003797743,107.31463432312,132.819905598958,32.4291563554748,53.6793808233543,64.5337953994283,77.2228309667166,156.307716369629,121.722392051707,127.899792681158,46.0218600840078,34.6410600477016,11.3950215442582,157.573439378005,127.457018852234,40.0639621498733,42.6564816495631,136.417586760087,159.819931030273,161.915859153054,81.4596114807129,0,0,170.072363717215,131.012002872285,170.564662388393,89.275842622269,172.600399865044,190.780031840007,0,229.663986206055,157.202787417457,171.848159790039,111.22823760583,182.874501546224,176.436996459961,197.071472167969,217.779490152995,117.965618528664,94.8406957520379,119.755560937589,119.945698885994,0,191.025122249828,165.796899170435,124.717516147972,135.387145322912,119.551231180618,0,232.46240234375,122.958724332143,143.501680316347
168.34309387207,76.7444117069244,102.831977638038,99.3373229617164,198.825164794922,106.193195343018,152.253389630999,179.240363226997,165.227054185134,147.721003668649,182.193346659342,36.1805565980535,0,21.1179228405091,130.510661913001,191.079261779785,165.339797973633,121.491358075823,59.1116444766521,78.2413263213768,0,162.954460779826,116.012969688133,145.026258341471,161.960009256999,54.7501152356466,32.7807209525874,38.4106092889075,175.833166758219,122.493100525903,157.573439378005,8.39386750082854,112.823227601893,131.190505981445,78.4023959916522,205.819473266602,143.184936523438,191.902493286133,107.911196899414,220.519317626953,0,0,0,0,208.509979248047,0,95.7343591054281,0,89.9144298346468,0,0,186.070068359375,138.691591262817,113.59128112793,129.359395853678,0,0,160.688278198242,0,242.938064575195,77.0754996509087,120.211316383491,114.199443871376,231.770379638672,0,0,111.818089294434,0,237.116577148438,127.98095703125
89.4349787394206,123.189794540405,161.572791205512,134.125075531006,159.335105895996,13.0161512224334,19.8567174033834,134.399509301346,29.5147469549485,140.847477595011,126.290721757071,65.0733007589976,135.288768474872,79.2047496448864,26.5252340514259,34.61865951298,0,181.522989196777,97.7701296419711,102.830757264168,143.131423950195,119.606782836914,156.917994181315,157.770773943733,151.046761104039,84.41845703125,129.908399431893,117.782193162706,142.451100903888,22.2909829226345,127.457018852234,112.823227601893,6.32561064760916,68.2762670516968,34.2346321135426,212.689109802246,0,0,140.764266967773,0,0,0,197.322530958388,217.133331298828,169.209526062012,203.378509521484,0,0,0,0,0,159.276214599609,188.406661987305,0,188.668304443359,0,0,177.832855224609,154.45351155599,194.399531971325,0,156.075490315755,162.112817382812,199.197657267253,227.073226928711,204.771934509277,0,0,170.749389648438,230.981109619141
60.6410116681866,148.439430236816,122.667634010315,65.1780106499082,78.075112286736,0,103.326188128927,70.9177533735116,101.107417713512,67.301317117982,83.4197425616563,113.33659140269,89.3645915985107,195.346466064453,65.9112474239939,109.460003444127,69.1862463951111,103.273815699986,160.397201538086,120.011499435183,108.412307739258,23.7393657727805,52.4925889554231,86.016783004658,75.130075055685,174.083267211914,140.316596325533,131.426173309782,68.5909653791386,22.2857298097909,40.0639621498733,131.190505981445,68.2762670516968,9.70042478693301,27.7150047780524,158.200891113281,0,166.345415751139,91.6199749708176,206.909881591797,0,160.500045776367,135.105352665828,172.780688117532,89.902754733437,160.565942764282,0,0,0,167.521653395433,0,114.563605675331,196.515223185221,0,0,0,124.609543302166,79.0450032552083,127.683018852683,124.023110894596,0,207.703102111816,181.25216783796,129.56689477869,139.099752674932,123.34051667883,0,205.33137512207,130.421263122559,138.275478363037
84.8044394198979,68.1347030589455,63.0510574323402,72.9066963343657,103.206664590275,34.4911935806274,66.2050472376298,93.7892306156117,70.1164728421193,107.627265187053,95.5380363987813,29.9181640667804,103.963553817184,57.3038420344156,56.3433525748584,83.6539533403185,92.9696159864727,42.6452545230489,60.618577694136,47.4328714302119,101.735446506076,44.1978034303048,68.6308772630425,56.0137655410047,107.366757513872,67.254133249584,67.8555775898456,70.372723480325,79.0815313780021,42.643658896209,42.6564816495631,78.4023959916522,34.2346321135426,27.7150047780524,11.9627686964554,172.102891286214,109.140711648124,109.589441630655,83.7051310655547,147.853042602539,0,188.395706176758,158.78982814442,201.23054377238,106.467196464539,189.357270377023,181.468037923177,0,116.492769189783,188.021985021131,0,119.943379759789,130.664919730945,134.517999267578,135.511952107747,168.116958618164,124.49030889981,83.8466124534607,121.160988838442,157.751319425652,106.705895857377,124.124633290409,115.782934942165,145.703373166185,168.404215858096,138.87834002308,162.224717034234,0,123.835124969482,151.931183338165
156.335195922852,0,184.259807811064,74.3992233276367,148.746398925781,212.654891967773,183.83823285784,147.70811610068,167.005145954636,125.38245010376,164.084723336356,237.08268737793,121.032615661621,0,172.87362241745,177.359909057617,146.348098754883,212.732625325521,0,0,0,144.078690962358,0,166.344415283203,133.154442433561,0,205.015118916829,186.050908015325,131.436197333866,162.51256601434,136.417586760087,205.819473266602,212.689109802246,158.200891113281,172.102891286214,11.4661432294552,113.390015920003,124.69203116677,69.7089364061651,95.8495289729192,69.6195411682129,51.6577322050842,28.6740170653639,49.3838313355738,67.1583471393904,75.9571677017212,123.840004344978,98.5321884155273,162.034185791016,14.8607733666908,45.7082742055257,84.5665781744595,115.977711168925,148.042401174481,134.827960850642,102.752287864685,86.8835287865172,85.7374529935876,103.800645998944,79.1835515581328,0,135.616208271206,146.217024978326,83.6548519466042,20.241455529786,31.428932792469,166.648040771484,87.9551514845628,34.2084413323292,78.838265124459
0,106.419512430827,70.8911286015664,14.812748559316,158.146385192871,0,0,143.184906005859,156.029563903809,180.304672241211,174.443923950195,132.376434326172,0,90.8177447319031,0,0,95.8831920623779,91.4664734431675,118.38941192627,105.273454284668,0,117.94649887085,98.9360198974609,88.9812329610189,133.712593078613,58.3697668711344,104.206119332995,75.0166691022041,131.16746673584,217.087844848633,159.819931030273,143.184936523438,0,0,109.140711648124,113.390015920003,6.59316320657272,40.84708430316,12.3768044109925,118.581720987956,0,169.055999755859,111.634739802434,144.459418094519,70.2295219188428,141.576509094238,69.0512480417887,106.790851593018,47.2559850462552,147.215483801705,112.708416461945,65.4992099175086,64.6155348247952,89.7672566005162,75.5866876515475,0,82.4604923248291,22.6429521615171,63.4116514296759,81.3249691294437,16.7172266290335,57.9808215506963,33.0342287092111,118.820194468779,146.89366367885,110.782924228244,71.8760033584223,144.079319000244,129.756271362305,76.9918647221157
168.660607077859,127.238808949788,95.269122503234,67.5368226858286,210.07852935791,0,199.646217346191,167.097254164675,184.030259888748,175.492050170898,174.848036289215,136.96072101593,0,0,194.893785978618,0,108.16757760921,108.971611966792,156.553237915039,132.774779280996,0,137.703514792702,83.818006291109,103.718044510124,152.662490215498,129.284519195557,105.134025962264,96.087497627754,155.930081685384,181.714324951172,161.915859153054,191.902493286133,0,166.345415751139,109.589441630655,124.69203116677,40.84708430316,10.6711090201958,45.9774908112317,149.587020874023,191.619952392578,149.318653791379,97.3073449162224,128.75766715206,120.31143098719,114.790396479152,103.515132710085,152.515966415405,120.968153635661,121.470280401463,139.270900726318,93.0794212553236,54.6436434910449,105.871324999579,83.1263358686223,179.157485961914,62.4057500440235,45.7127326491189,30.6029692706128,122.622179667155,0,36.1185999299957,36.8223164893443,82.8548670512874,143.386878650593,101.629310532372,117.99517027537,179.739025660924,134.36631266276,80.9896450042725
