11952,6,946,200,60,12,146,9558,628,252,1317,114,120,2,12770,6,3,1373,120,516,133,318,35,1916,438,0,577,338,1880,9748,4978,1,19,16,238,14,1,13,63,3,1,4,42,16,30,7,0,1,0,39,0,4,3,1,3,0,3,3,10,158,0,4,20,95,4,43,1,0,6,5
6,2850,139,227,0,0,4,9,9,293,1,89,6,1333,8,22,54,127,54,189,1,12,3126,29,234,2561,944,15200,32,7,4,103,0,0,202,0,5,6,7,0,0,0,0,0,1,1,0,1,14,0,0,0,2,2,15,0,0,1,1,2,11,45,96,1,0,2,2,0,0,1
946,139,27368,619,10,11,93,1655,1190,23,594,92,5,8,1915,0,53,4784,212,1013,1,408,578,18548,130,1,11446,12671,1639,425,484,8,7,15,1628,5,104,736,59,0,0,2,53,5,1,3,7,0,1,12,1,14,263,5,44,0,19,171,178,37,1,168,1926,36,6,38,0,0,1,72
200,227,619,231,52,4,109,444,465,758,157,117,23,709,347,23,2041,438,98,442,12,1204,1858,2579,3055,1097,1626,12529,1623,869,1358,90,6,133,717,5,9,15,113,0,0,1,21,5,21,6,0,5,20,12,1,20,13,4,11,3,59,165,82,80,34,50,117,48,8,65,1,0,1,11
60,0,10,52,14994,12,333,26,212,157,3718,15,4952,2,233,266,1,0,6,2,19319,2,1,6,5202,0,12,18,10119,380,12,2,11,3,130,4,0,0,58,519,1,32,69,30,91,237,0,89,0,18,3,1,1,0,0,274,0,1,1,1451,1,0,1,369,8,4,0,1,2,6
12,0,11,4,12,8442,6256,20,2379,39,66,318,181,48,391,2483,0,6,23,5,65,1,4,7,46,7,55,30,37,489,1,14,12037,0,487,1,0,0,3,0,0,0,1,1,0,0,0,0,1,2,0,0,0,0,1,0,0,0,1,7,0,1,1,7,2,1,0,0,0,0
146,4,93,109,333,6256,70767,659,24107,126,13722,673,19131,72,2873,8800,0,58,99,74,2571,28,8,70,352,3,300,140,2357,1706,16,32,3681,7,766,9,0,2,34,18,0,15,73,27,22,41,0,6,3,35,0,1,1,1,1,7,2,2,7,343,2,4,14,206,7,8,2,0,0,5
9558,9,1655,444,26,20,659,59444,3271,475,12993,31,86,5,4040,6,6,351,35,113,28,887,89,3233,945,0,1002,512,26078,5929,17773,1,17,146,675,63,1,21,216,6,0,22,213,79,87,45,1,1,0,137,0,14,10,0,1,5,16,20,86,633,0,3,71,488,51,128,1,0,9,33
628,9,1190,465,212,2379,24107,3271,81049,360,7572,1148,1166,121,35273,1184,2,542,357,562,740,360,65,758,1379,12,2201,612,3797,4249,251,57,4846,21,1439,33,3,20,171,37,1,47,265,137,85,115,1,13,2,159,1,17,3,0,9,17,12,10,28,1093,6,26,58,710,41,76,0,1,10,22
252,293,23,758,157,39,126,475,360,6631,82,64,782,645,398,1127,52,29,27,37,71,80,1444,83,13682,222,168,1200,1713,1013,974,40,10,142,285,6,0,2,80,39,0,3,18,12,55,41,0,22,5,21,1,1,0,0,0,32,2,4,3,314,4,3,14,90,7,13,0,0,2,2
1317,1,594,157,3718,66,13722,12993,7572,82,77582,67,9851,12,4632,94,2,70,40,63,15689,255,25,539,837,3,617,171,20416,3279,386,8,41,21,822,14,3,8,68,301,1,54,179,75,99,348,0,67,0,64,3,5,2,0,1,137,2,6,17,1993,0,1,24,764,18,20,0,0,2,16
114,89,92,117,15,318,673,31,1148,64,67,64293,132,4940,779,26,11,372,12443,2372,79,113,75,304,51,370,10510,2413,104,1038,95,1168,452,39,5939,0,3,6,23,1,0,0,4,0,3,0,18,0,246,3,0,0,8,31,20,1,2,5,14,7,123,183,254,11,0,4,31,0,1,4
120,6,5,23,4952,181,19131,86,1166,782,9851,132,72889,30,858,2838,0,5,18,11,17807,3,30,4,1282,3,69,61,1080,754,1,7,76,0,392,5,0,0,9,72,0,9,7,10,20,35,0,611,0,4,5,0,0,0,1,531,2,0,0,140,0,2,1,32,4,2,0,0,1,2
2,1333,8,709,2,48,72,5,121,645,12,4940,30,17677,71,49,4,11,248,61,6,2,1351,10,256,8732,897,7644,7,69,3,2825,68,0,487,1,10,1,88,0,0,0,2,0,8,0,64,1,1191,0,0,0,0,55,20,0,0,9,1,15,538,173,233,4,0,2,54,0,1,8
12770,8,1915,347,233,391,2873,4040,35273,398,4632,779,858,71,80821,54,9,1279,397,1001,997,311,85,1656,899,18,2422,650,3321,13051,1030,38,3749,17,1655,20,3,23,100,11,1,5,129,44,72,23,0,2,3,95,0,5,12,1,4,1,9,11,20,422,3,18,53,295,34,80,1,2,4,14
6,22,0,23,266,2483,8800,6,1184,1127,94,26,2838,49,54,12297,0,2,3,2,228,0,59,4,1770,8,22,116,206,64,5,4,175,1,21,2,0,0,4,5,0,0,1,0,1,1,0,5,0,2,0,0,0,0,2,0,0,0,0,12,0,1,2,6,0,0,0,0,0,0
3,54,53,2041,1,0,0,6,2,52,2,11,0,4,9,0,15225,53,4,15,0,6890,11100,21330,1605,1,97,7533,1591,17,349,3,0,6,256,0,1,43,142,0,0,0,17,1,1,2,1,0,0,3,0,317,23,0,4,0,56,493,1029,32,0,11,329,46,4,46,0,0,0,30
1373,127,4784,438,0,6,58,351,542,29,70,372,5,11,1279,2,53,15575,424,5463,10,566,170,7807,67,2,2820,10816,328,2397,1618,8,6,90,2713,5,49,188,72,0,1,0,13,2,0,0,3,0,2,8,0,12,105,3,42,0,2,28,40,9,3,198,673,6,4,21,3,0,0,35
120,54,212,98,6,23,99,35,357,27,40,12443,18,248,397,3,4,424,13905,6442,14,20,37,176,20,295,7089,2591,51,320,64,368,43,13,1457,0,12,8,22,0,0,1,5,0,1,0,23,0,139,0,0,2,9,51,71,0,0,3,2,5,126,335,468,2,2,3,30,0,0,7
516,189,1013,442,2,5,74,113,562,37,63,2372,11,61,1001,2,15,5463,6442,19245,8,129,85,1080,40,131,12357,6744,151,1323,453,94,13,79,3437,2,69,54,103,0,0,0,3,0,1,0,10,0,29,5,0,5,57,39,228,0,2,5,23,5,33,799,1070,6,3,10,15,0,0,27
133,1,1,12,19319,65,2571,28,740,71,15689,79,17807,6,997,228,0,10,14,8,16337,1,5,5,3366,1,36,26,3806,1073,1,8,43,2,360,1,1,1,26,681,0,16,20,11,36,70,0,949,0,13,2,0,0,0,1,249,0,2,0,517,0,2,2,122,4,4,0,0,0,2
318,12,408,1204,2,1,28,887,360,80,255,113,3,2,311,0,6890,566,20,129,1,77563,1362,31261,520,1,147,2509,9310,849,19555,0,5,98,8028,8,0,47,141,2,0,0,22,4,6,2,1,0,0,3,1,143,15,0,3,0,225,343,474,71,0,8,152,100,16,252,0,0,12,56
35,3126,578,1858,1,4,8,89,65,1444,25,75,30,1351,85,59,11100,170,37,85,5,1362,16572,5356,8804,737,433,17254,1461,366,1062,67,4,86,710,1,4,37,48,0,0,0,15,0,0,2,1,0,8,8,0,80,9,0,7,0,50,311,241,36,2,24,168,57,4,42,1,0,2,13
1916,29,18548,2579,6,7,70,3233,758,83,539,304,4,10,1656,4,21330,7807,176,1080,5,31261,5356,119753,638,5,2706,25093,7694,2060,9781,4,15,85,11875,8,17,1002,191,0,0,1,210,16,12,19,9,2,1,25,1,840,349,3,37,1,189,1236,6107,127,2,90,3971,236,12,179,1,0,4,162
438,234,130,3055,5202,46,352,945,1379,13682,837,51,1282,256,899,1770,1605,67,20,40,3366,520,8804,638,52775,115,250,2878,15359,1973,1598,20,11,271,592,137,0,24,687,162,5,99,575,228,426,284,1,64,4,432,4,45,13,1,6,130,45,75,63,2941,0,9,74,1560,116,311,0,0,47,75
0,2561,1,1097,0,7,3,0,12,222,3,370,3,8732,18,8,1,2,295,131,1,1,737,5,115,8907,875,6742,5,5,1,349,3,1,131,0,4,0,40,0,0,0,0,0,5,0,32,1,526,0,0,0,1,34,12,1,0,3,0,3,201,138,197,1,0,0,47,0,0,2
577,944,11446,1626,12,55,300,1002,2201,168,617,10510,69,897,2422,22,97,2820,7089,12357,36,147,433,2706,250,875,106013,37921,978,608,205,1738,80,17,6136,24,249,266,343,0,0,2,35,2,5,0,87,0,303,17,1,5,243,239,921,0,9,31,56,23,375,3494,4483,18,10,40,71,0,7,135
338,15200,12671,12529,18,30,140,512,612,1200,171,2413,61,7644,650,116,7533,10816,2591,6744,26,2509,17254,25093,2878,6742,37921,125351,5302,615,373,2522,50,37,11139,29,377,1778,593,2,1,0,230,17,9,15,97,2,427,69,2,368,916,259,989,2,51,756,2071,116,495,3831,9845,159,22,177,96,1,6,331
1880,32,1639,1623,10119,37,2357,26078,3797,1713,20416,104,1080,7,3321,206,1591,328,51,151,3806,9310,1461,7694,15359,5,978,5302,86068,8543,14203,8,35,1303,4159,146,2,53,603,343,5,122,760,343,340,518,5,80,1,456,13,107,33,1,12,169,200,199,315,4394,0,18,229,2286,180,732,0,4,60,130
9748,7,425,869,380,489,1706,5929,4249,1013,3279,1038,754,69,13051,64,17,2397,320,1323,1073,849,366,2060,1973,5,608,615,8543,110543,9639,22,3869,4992,3703,43,1,13,238,21,0,8,183,49,109,23,1,0,1,128,0,29,9,1,4,5,74,59,48,592,7,18,58,388,51,254,1,1,24,46
4978,4,484,1358,12,1,16,17773,251,974,386,95,1,3,1030,5,349,1618,64,453,1,19555,1062,9781,1598,1,205,373,14203,9639,57423,0,1,343,6011,30,0,31,257,1,0,2,84,23,52,7,1,0,0,58,0,94,13,0,4,0,229,282,220,262,0,9,43,232,55,368,0,0,25,65
1,103,8,90,2,14,32,1,57,40,8,1168,7,2825,38,4,3,8,368,94,8,0,67,4,20,349,1738,2522,8,22,0,1221,10,0,233,0,0,1,12,0,0,0,0,0,1,0,12,0,146,0,0,0,3,25,14,0,0,0,0,1,129,114,184,0,0,0,25,0,0,0
19,0,7,6,11,12037,3681,17,4846,10,41,452,76,68,3749,175,0,6,43,13,43,5,4,15,11,3,80,50,35,3869,1,10,14842,0,729,0,0,0,0,0,0,0,6,0,2,1,0,0,1,3,0,0,0,1,0,0,0,0,2,7,1,0,2,2,2,4,0,0,1,1
16,0,15,133,3,0,7,146,21,142,21,39,0,0,17,1,6,90,13,79,2,98,86,85,271,1,17,37,1303,4992,343,0,0,2852,886,7,0,1,36,1,1,0,18,5,11,1,0,0,0,12,0,7,1,0,0,0,16,13,6,62,0,1,4,46,14,45,0,0,0,6
238,202,1628,717,130,487,766,675,1439,285,822,5939,392,487,1655,21,256,2713,1457,3437,360,8028,710,11875,592,131,6136,11139,4159,3703,6011,233,729,886,29147,15,41,147,89,8,0,2,60,18,28,9,8,0,9,40,0,47,74,11,107,0,48,130,321,175,19,344,830,152,24,153,8,0,11,46
14,0,5,5,4,1,9,63,33,6,14,0,5,1,20,2,0,5,0,2,1,8,1,8,137,0,24,29,146,43,30,0,0,7,15,17886,13,347,200,53,7,353,8411,469,222,924,206,346,6,12370,22,18,484,83,542,165,280,127,250,1033,1,1266,402,928,22445,7150,13,14,507,583
1,5,104,9,0,0,0,1,3,0,3,3,0,10,3,0,1,49,12,69,1,0,4,17,0,4,249,377,2,1,0,0,0,0,41,13,6325,236,1086,0,1,2,37,3,274,0,25,5,156,25,10,88,629,22,328,0,7,2033,64,209,3490,736,6875,14,6,42,15,1,5,202
13,6,736,15,0,0,2,21,20,2,8,6,0,1,23,0,43,188,8,54,1,47,37,1002,24,0,266,1778,53,13,31,1,0,1,147,347,236,25480,365,3,2,50,4212,392,29,118,127,5,42,1380,3,65,7471,127,1007,2,254,506,10456,150,2,15693,17509,1347,169,1868,43,4,19,496
63,7,59,113,58,3,34,216,171,80,68,23,9,88,100,4,142,72,22,103,26,141,48,191,687,40,343,593,603,238,257,12,0,36,89,200,1086,365,314,54,5,56,645,311,536,126,68,26,171,676,30,1453,595,60,663,25,810,2562,1920,4366,859,2007,6282,1357,255,956,28,8,97,362
3,0,0,0,519,0,18,6,37,39,301,1,72,0,11,5,0,0,0,0,681,2,0,0,162,0,0,2,343,21,1,0,0,1,8,53,0,3,54,16384,4,291,200,114,142,9196,4,4009,0,150,32,2,2,1,1,20859,1,1,4,7674,0,8,8,7515,319,12,0,3,69,110
1,0,0,0,1,0,0,0,1,0,1,0,0,0,1,0,0,1,0,0,0,0,0,0,5,0,0,1,5,0,0,0,0,1,0,7,1,2,5,4,8570,5235,31,3161,13,101,92,46,11,1053,1851,0,1,2,0,15,0,0,1,23,2,4,3,18,653,0,2,6177,1,146
4,0,2,1,32,0,15,22,47,3,54,0,9,0,5,0,0,0,1,0,16,0,0,1,99,0,2,0,122,8,2,0,0,0,2,353,2,50,56,291,5235,88782,1256,26589,180,21177,152,10087,35,5463,5267,2,7,10,5,1831,10,6,34,1186,0,42,52,1360,2638,22,4,2765,49,839
42,0,53,21,69,1,73,213,265,18,179,4,7,2,129,1,17,13,5,3,20,22,15,210,575,0,35,230,760,183,84,0,6,18,60,8411,37,4212,645,200,31,1256,112809,3363,603,26770,270,118,47,14706,14,86,1604,136,892,106,1200,242,3973,2039,1,3318,2821,15586,7566,19735,31,42,1632,1760
16,0,5,5,30,1,27,79,137,12,75,0,10,0,44,0,1,2,0,0,11,4,0,16,228,0,2,17,343,49,23,0,0,5,18,469,3,392,311,114,3161,26589,3363,68584,480,13593,465,1416,70,38114,900,12,37,18,59,737,70,19,188,1350,2,342,251,1240,5091,118,18,10212,59,1386
30,1,1,21,91,0,22,87,85,55,99,3,20,8,72,1,1,0,1,1,36,6,0,12,426,5,5,9,340,109,52,1,2,11,28,222,274,29,536,142,13,180,603,480,7408,216,6,959,63,755,1955,44,23,3,34,100,23,2087,37,17742,454,98,856,1937,301,561,3,13,60,120
7,1,3,6,237,0,41,45,115,41,348,0,35,0,23,1,2,0,0,0,70,2,2,19,284,0,0,15,518,23,7,0,1,1,9,924,0,118,126,9196,101,21177,26770,13593,216,116332,33,12247,9,7765,80,15,31,7,19,14226,41,22,162,3697,0,105,187,8127,3176,110,1,111,430,1418
0,0,7,0,0,0,0,1,1,0,0,18,0,64,0,0,1,3,23,10,0,1,1,9,1,32,87,97,5,1,1,12,0,0,8,206,25,127,68,4,92,152,270,465,6,33,59760,21,7420,393,6,12,458,10911,4305,16,125,18,339,20,358,6997,1353,61,691,630,2323,393,54,11595
1,1,0,5,89,0,6,1,13,22,67,0,611,1,2,5,0,0,0,0,949,0,0,2,64,1,0,2,80,0,0,0,0,0,0,346,5,5,26,4009,46,10087,118,1416,959,12247,21,53584,2,1086,2065,0,1,2,3,26460,0,12,1,1888,1,9,30,1631,649,4,1,78,17,557
0,14,1,20,0,1,3,0,2,5,0,246,0,1191,3,0,0,2,139,29,0,0,8,1,4,526,303,427,1,1,0,146,1,0,9,6,156,42,171,0,11,35,47,70,63,9,7420,2,21831,79,1,0,8,403,101,3,0,62,8,26,3249,766,4127,6,72,6,2839,68,1,890
39,0,12,12,18,2,35,137,159,21,64,3,4,0,95,2,3,8,0,5,13,3,8,25,432,0,17,69,456,128,58,0,3,12,40,12370,25,1380,676,150,1053,5463,14706,38114,755,7765,393,1086,79,144271,253,15,329,68,314,865,185,122,566,2375,2,1835,749,2038,14401,1586,31,10753,175,2147
0,0,1,1,3,0,0,0,1,1,3,0,5,0,0,0,0,0,0,0,2,1,0,1,4,0,1,2,13,0,0,0,0,0,0,22,10,3,30,32,1851,5267,14,900,1955,80,6,2065,1,253,8979,0,3,0,0,89,1,45,0,1238,8,6,57,79,105,1,0,31,1,22
4,0,14,20,1,0,1,14,17,1,5,0,0,0,5,0,317,12,2,5,0,143,80,840,45,0,5,368,107,29,94,0,0,7,47,18,88,65,1453,2,0,2,86,12,44,15,12,0,0,15,0,33729,103,2,28,0,3992,4863,11506,2862,2,37,5283,1146,62,676,2,0,35,229
3,2,263,13,1,0,1,10,3,0,2,8,0,0,12,0,23,105,9,57,0,15,9,349,13,1,243,916,33,9,13,3,0,1,74,484,629,7471,595,2,1,7,1604,37,23,31,458,1,8,329,3,103,24339,215,8423,1,1887,478,13812,167,6,4425,9778,317,222,4930,14,1,59,6273
1,2,5,4,0,0,1,0,0,0,0,31,0,55,1,0,0,3,51,39,0,0,0,3,1,34,239,259,1,1,0,25,1,0,11,83,22,127,60,1,2,10,136,18,3,7,10911,2,403,68,0,2,215,14181,8816,0,22,16,126,9,379,11973,2358,17,64,231,670,14,8,1582
3,15,44,11,0,1,1,1,9,0,1,20,1,20,4,2,4,42,71,228,1,3,7,37,6,12,921,989,12,4,4,14,0,0,107,542,328,1007,663,1,0,5,892,59,34,19,4305,3,101,314,0,28,8423,8816,24883,0,363,132,1450,75,274,9653,7933,141,282,2016,133,3,77,6753
0,0,0,3,274,0,7,5,17,32,137,1,531,0,1,0,0,0,0,0,249,0,0,1,130,1,0,2,169,5,0,0,0,0,0,165,0,2,25,20859,15,1831,106,737,100,14226,16,26460,3,865,89,0,1,0,0,13906,1,0,3,2763,0,7,7,4088,868,8,0,33,49,503
3,0,19,59,0,0,2,16,12,2,2,2,2,0,9,0,56,2,0,2,0,225,50,189,45,0,9,51,200,74,229,0,0,16,48,280,7,254,810,1,0,10,1200,70,23,41,125,0,0,185,1,3992,1887,22,363,1,85779,858,24744,869,2,125,1023,11353,511,29213,1,0,244,8528
3,1,171,165,1,0,2,20,10,4,6,5,0,9,11,0,493,28,3,5,2,343,311,1236,75,3,31,756,199,59,282,0,0,13,130,127,2033,506,2562,1,0,6,242,19,2087,22,18,12,62,122,45,4863,478,16,132,0,858,15851,4411,7011,727,265,9697,677,286,1811,7,0,165,539
10,1,178,82,1,1,7,86,28,3,17,14,0,1,20,0,1029,40,2,23,0,474,241,6107,63,0,56,2071,315,48,220,0,2,6,321,250,64,10456,1920,4,1,34,3973,188,37,162,339,1,8,566,0,11506,13812,126,1450,3,24744,4411,125544,1270,4,2950,23076,8420,440,11180,10,5,96,8328
158,2,37,80,1451,7,343,633,1093,314,1993,7,140,15,422,12,32,9,5,5,517,71,36,127,2941,3,23,116,4394,592,262,1,7,62,175,1033,209,150,4366,7674,23,1186,2039,1350,17742,3697,20,1888,26,2375,1238,2862,167,9,75,2763,869,7011,1270,77334,162,155,2476,20702,1555,3781,1,34,476,869
0,11,1,34,1,0,2,0,6,4,0,123,0,538,3,0,0,3,126,33,0,0,2,2,0,201,375,495,0,7,0,129,1,0,19,1,3490,2,859,0,2,0,1,2,454,0,358,1,3249,2,8,2,6,379,274,0,2,727,4,162,11328,1114,4139,4,1,6,79,0,0,112
4,45,168,50,0,1,4,3,26,3,1,183,2,173,18,1,11,198,335,799,2,8,24,90,9,138,3494,3831,18,18,9,114,0,1,344,1266,736,15693,2007,8,4,42,3318,342,98,105,6997,9,766,1835,6,37,4425,11973,9653,7,125,265,2950,155,1114,79359,27971,235,495,1941,1599,10,56,3584
20,96,1926,117,1,1,14,71,58,14,24,254,1,233,53,2,329,673,468,1070,2,152,168,3971,74,197,4483,9845,229,58,43,184,2,4,830,402,6875,17509,6282,8,3,52,2821,251,856,187,1353,30,4127,749,57,5283,9778,2358,7933,7,1023,9697,23076,2476,4139,27971,143178,2905,333,1380,1312,3,88,4946
95,1,36,48,369,7,206,488,710,90,764,11,32,4,295,6,46,6,2,6,122,100,57,236,1560,1,18,159,2286,388,232,0,2,46,152,928,14,1347,1357,7515,18,1360,15586,1240,1937,8127,61,1631,6,2038,79,1146,317,17,141,4088,11353,677,8420,20702,4,235,2905,71745,2494,12617,5,23,1111,2170
4,0,6,8,8,2,7,51,41,7,18,0,4,0,34,0,4,4,2,3,4,16,4,12,116,0,10,22,180,51,55,0,2,14,24,22445,6,169,255,319,653,2638,7566,5091,301,3176,691,649,72,14401,105,62,222,64,282,868,511,286,440,1555,1,495,333,2494,184953,2837,17,5447,7630,3908
43,2,38,65,4,1,8,128,76,13,20,4,2,2,80,0,46,21,3,10,4,252,42,179,311,0,40,177,732,254,368,0,4,45,153,7150,42,1868,956,12,0,22,19735,118,561,110,630,4,6,1586,1,676,4930,231,2016,8,29213,1811,11180,3781,6,1941,1380,12617,2837,115172,19,4,677,10341
1,2,0,1,0,0,2,1,0,0,0,31,0,54,1,0,0,3,30,15,0,0,1,1,0,47,71,96,0,1,0,25,0,0,8,13,15,43,28,0,2,4,31,18,3,1,2323,1,2839,31,0,2,14,670,133,0,1,7,10,1,79,1599,1312,5,17,19,1957,3,1,365
0,0,0,0,1,0,0,0,1,0,0,0,0,0,2,0,0,0,0,0,0,0,0,0,0,0,0,1,4,1,0,0,0,0,0,14,1,4,8,3,6177,2765,42,10212,13,111,393,78,68,10753,31,0,1,14,3,33,0,0,5,34,0,10,3,23,5447,4,3,18109,1,900
6,0,1,1,2,0,0,9,10,2,2,1,1,1,4,0,0,0,0,0,0,12,2,4,47,0,7,6,60,24,25,0,1,0,11,507,5,19,97,69,1,49,1632,59,60,430,54,17,1,175,1,35,59,8,77,49,244,165,96,476,0,56,88,1111,7630,677,1,1,4314,1243
5,1,72,11,6,0,5,33,22,2,16,4,2,8,14,0,30,35,7,27,2,56,13,162,75,2,135,331,130,46,65,0,1,6,46,583,202,496,362,110,146,839,1760,1386,120,1418,11595,557,890,2147,22,229,6273,1582,6753,503,8528,539,8328,869,112,3584,4946,2170,3908,10341,365,900,1243,48438
