9.80056311068445,120.360107421875,84.0358909542414,68.0286751556396,75.95968653361,82.7880462010701,71.8790193845148,32.9431747508663,51.5742177234334,59.9749845928616,49.0188335557733,104.433809246933,77.6270006815592,175.365585327148,14.4956122793251,79.4014886220296,120.298021952311,87.9690944563275,126.527367210388,109.185876565386,70.573139534857,72.7294068726354,72.1414051600865,73.4092933220754,74.5350198266713,0,108.884429085399,117.518441284902,69.1458650477389,18.419561152557,25.8707720858354,154.373031616211,80.0832334819593,78.5354329049587,74.9675251616149,132.058332715716,129.162109375,156.855961726262,75.8060414753263,108.459698994954,194.005569458008,161.361705780029,128.099363781157,166.824233055115,78.5605332692464,144.539618355887,0,166.643844604492,0,144.802249615009,0,134.43023109436,161.330012003581,198.451431274414,181.632522583008,0,113.402826944987,116.734095255534,171.89945602417,114.041596859316,0,172.885845184326,165.986404418945,127.177169317948,123.831197738647,118.542815984682,227.932952880859,0,122.307323455811,170.018795776367
120.360107421875,7.47055971806509,45.9737527010252,42.0093377266686,0,0,158.203708648682,128.745425754123,133.781624688043,69.6084804209426,138.408294677734,62.6502094483108,95.6038869222005,44.889659223392,127.575247764587,108.206646312367,66.8701077920419,56.0045064490611,75.609621613114,58.9745465737802,185.845611572266,93.6477486292521,27.7318738181852,76.1124138667666,74.9038623418563,19.3405554639041,48.9422018123885,31.1737011931131,106.895019292831,120.530162266323,113.715755462646,61.8664448191819,0,0,65.4140628871351,0,67.1398132324219,120.069876352946,83.8678763253348,0,0,0,0,0,90.71875,168.995407104492,0,152.398498535156,79.8983083452497,0,0,0,108.140232086182,116.26876449585,117.069892374674,0,0,131.930923461914,140.337509155273,129.528614044189,82.4788790616122,109.898567199707,108.310184518496,181.561859130859,0,149.463287353516,108.984134674072,0,0,124.043075561523
84.0358909542414,45.9737527010252,13.3110227352153,46.5184506892388,105.161563110352,130.675804831765,136.166134659962,87.3019391592896,109.204197885209,107.741029822308,100.398380690552,92.5670095941295,132.459783935547,111.516725540161,104.33174181109,0,86.3393562604796,45.5539348364175,79.6621485476224,64.1774101671556,177.872009277344,64.6370160065445,41.6214101520789,32.2257863042142,100.562765268179,81.5384140014648,33.9655608517003,28.8948192513645,72.5904123761292,97.9977894861558,78.1742894156905,102.561619758606,135.351830618722,101.010426839193,55.0525347811584,160.223968505859,67.2585838391231,90.3833302259445,78.4323696847689,0,0,204.714744567871,157.988489690817,194.082977294922,121.588966369629,174.172597249349,120.828353881836,0,153.16520690918,174.30180867513,141.448715209961,108.840101514544,100.522683814451,151.416787719727,121.301827517423,0,127.832973279451,59.5913016559088,100.727528732814,151.564028971904,90.506103515625,109.992051260812,88.1481092617395,153.688430574205,189.783671061198,133.820849167673,0,0,166.201751708984,97.0167525609334
68.0286751556396,42.0093377266686,46.5184506892388,23.3262424479315,57.924787741441,109.257526397705,87.6973056618227,58.062327707136,74.7152800283124,20.3943371367014,73.1609795685786,71.6422868060251,90.934928479402,52.4305482495823,82.5741553182904,52.2004197162131,43.2421937612621,60.985082312806,69.6717843814772,59.7809021375837,115.980005264282,52.3097365971816,19.9204084497222,52.0803279336824,36.3455721057573,23.140102835058,49.3945881185496,39.324081665768,55.1352982359467,70.5100739021433,52.7091019283514,63.0057360331217,124.509166717529,54.9509179251535,61.12363954435,114.807640838623,51.5563589731852,95.4198262532552,30.403342483318,0,0,93.8848571777344,91.8205666314988,126.415097045898,61.1174129758562,98.4398015340169,0,56.604126739502,63.2639485359192,93.3507671356201,80.686897277832,67.6879232406616,100.00662788978,95.0001659393311,105.874470103871,123.949231465658,68.5017695022842,17.5874782937946,81.47676900538,83.1966226816177,40.7919824403875,105.737248840332,88.817971726768,98.5622363090515,83.3950786590576,67.5022108224722,155.94873046875,0,74.2031555175781,71.8653495094993
75.95968653361,0,105.161563110352,57.924787741441,8.95377311447994,117.986054738363,68.7579517078113,76.5677803479708,87.8304952315564,48.7087277151217,24.6633597701515,154.074864705404,24.6235003916724,182.020347595215,100.322961422507,57.3628245690711,111.404312133789,0,181.728012084961,171.423667907715,12.4615741464821,93.7928085327148,62.9169502258301,145.505251566569,19.8994203109734,0,166.678082784017,145.490937974718,15.369909329051,99.9013654106542,92.1010405222575,186.873733520508,133.190485174006,95.6743596394857,97.9030011103703,138.799671173096,0,0,76.47717975748,43.8548888907497,184.307662963867,140.388112783432,121.782706661501,148.481979115804,91.8713886135227,136.436504026003,0,100.185797289516,0,159.318001217312,95.3594233194987,146.954956054688,197.178756713867,0,0,71.1483705348342,0,166.255081176758,209.593948364258,103.095446291502,181.769790649414,0,198.898986816406,132.269114812215,170.763812065125,178.810804367065,0,212.902816772461,167.70238494873,165.378481547038
82.7880462010701,0,130.675804831765,109.257526397705,117.986054738363,9.64879794175578,18.0829966930325,112.489085769653,30.320835157922,73.0318394196339,114.377469380697,62.2791802388317,84.218418311019,84.2955223719279,38.8633893786184,20.2291586638169,0,161.396268208822,86.493988700535,105.999885559082,110.167698317308,97.2786026000977,95.8042526245117,128.998658316476,90.0755565477454,114.62693459647,105.689723344283,110.919175974528,125.365218085212,22.7306901779643,127.772178649902,98.4142232622419,9.88115465156737,0,32.0008671092791,174.444152832031,0,0,138.43364461263,0,0,0,208.265029907227,217.475234985352,0,0,0,0,133.998809814453,193.215225219727,0,0,0,0,183.133453369141,0,0,0,150.436935424805,161.692443847656,0,181.9619140625,163.517349243164,186.866995675223,191.449600219727,186.864456176758,0,0,0,0
71.8790193845148,158.203708648682,136.166134659962,87.6973056618227,68.7579517078113,18.0829966930325,13.0152410742457,59.3221286084836,25.7813964427005,64.7998773256938,23.1051044068832,82.5918909104051,25.9127977322338,102.464241557651,45.8113431752952,12.4705389621583,0,153.071431916336,130.304858121005,149.027305242178,44.2454127660757,101.18813432966,107.873857498169,127.900844138009,86.4479462179271,120.404632568359,138.149790420532,143.134311567034,62.7658322900344,48.2317077277833,121.156213283539,124.560314416885,20.6333610846341,110.929443359375,59.9375076069844,176.427673339844,0,200.710563659668,108.829433441162,158.047761069404,0,163.072053019206,143.672956074754,167.58240141692,114.364658355713,157.360057365604,0,143.365222930908,175.500076293945,164.824198041643,0,207.253036499023,191.676406860352,197.354263305664,230.784622192383,155.382781982422,197.49486541748,125.070617675781,182.559171404157,129.68435666721,192.443519592285,169.440341949463,175.673702784947,146.099394974199,177.36277117048,164.062986373901,168.709739685059,0,0,187.216815185547
32.9431747508663,128.745425754123,87.3019391592896,58.062327707136,76.5677803479708,112.489085769653,59.3221286084836,9.20336170198057,51.1528791356473,53.6858170840615,17.8328948951268,148.318227214198,62.5582720956137,157.760922241211,55.529415231589,81.0326855977376,84.288823445638,97.7649297143659,154.397532217843,130.778925060171,92.5297524588449,64.2912254032449,62.540915907099,63.8452469064398,67.5864320805464,0,117.804561318038,105.648712798953,26.0111580033986,67.7672283608026,18.4917559226108,165.147613525391,126.957120558795,64.8333376531732,84.3398354254829,122.081142122783,126.378677368164,144.059325445266,69.3988740709093,149.99536895752,0,149.306718306108,118.055512155166,145.825792143616,75.8834979616363,141.854966396756,214.634017944336,112.09691619873,0,135.676548755952,0,122.573203495571,162.892456054688,0,191.885375976562,170.509390258789,120.487687587738,96.4488170623779,145.766031930613,105.418830045968,0,235.95182800293,151.990724053181,114.269978132404,127.882835088992,109.83736872673,222.226333618164,0,125.402803209093,136.118943879099
51.5742177234334,133.781624688043,109.204197885209,74.7152800283124,87.8304952315564,30.320835157922,25.7813964427005,51.1528791356473,10.6966845546331,71.714022535748,24.3069392501899,81.9144771987968,73.0052063853622,102.267188552983,14.4479404751993,26.327286508035,118.958446502686,124.429556139281,125.84563247296,136.182832059487,88.9336806812802,86.0985095447964,98.6891929626465,95.7270239676523,76.0066345911946,93.0590578715007,130.268390601789,129.624519909129,66.8936661074028,37.6484878505362,76.671490688248,129.608504178231,20.287482534614,100.807330903553,53.0837523584319,142.420599966338,139.707298278809,183.340440368652,85.7209760208576,135.90940228024,211.293167114258,153.52533510898,129.870101496858,155.379853018879,89.9524414511288,146.283331365171,225.999664306641,152.944442749023,173.010025024414,156.33734644284,213.134231567383,151.272787206313,189.728388468424,0,190.140670776367,148.312544430003,158.536465962728,142.411894989014,169.235352924892,119.182253182316,143.513636271159,179.513552152194,177.721754666032,133.037014652306,164.345050346561,137.477101275795,0,182.247222900391,158.350470733643,175.416087757457
59.9749845928616,69.6084804209426,107.741029822308,20.3943371367014,48.7087277151217,73.0318394196339,64.7998773256938,53.6858170840615,71.714022535748,9.54278233216334,76.4935335298864,120.100722789764,12.5580628146906,114.662750374254,76.2585775480798,28.4420062349027,49.3769805981563,115.954555643016,129.007440355089,136.10364078831,43.512139105461,64.2464109420776,24.6425285780199,88.537693759045,20.5774030357473,96.2116023914234,116.652715682983,102.492659784953,51.2159595701058,69.6282691993224,55.9519366317216,133.394701004028,107.256867218018,56.1696088817758,75.490135621188,117.237168629964,0,129.319580078125,24.0340583562851,92.2493974734575,0,129.405049641927,98.1664295196533,123.324371337891,35.0630420511419,94.6625338298519,0,67.5558383248069,162.483941650391,119.952767871675,80.8224639892578,111.339332580566,0,0,0,90.9405705928802,182.632499694824,88.8013191223145,137.241063435872,58.7622171389829,132.287231445312,179.338185628255,160.731520516532,102.315013080173,142.236336844308,122.077275789701,0,0,107.703418731689,118.598411560059
49.0188335557733,138.408294677734,100.398380690552,73.1609795685786,24.6633597701515,114.377469380697,23.1051044068832,17.8328948951268,24.3069392501899,76.4935335298864,10.8781350612677,145.204800278393,29.8093164637057,168.410171508789,44.8127937979855,76.9817102716324,133.730754852295,130.670387268066,159.977239990234,148.301460508316,16.2643311174462,79.1850652806899,107.88648147583,77.2606484195518,58.9421959584189,178.011210123698,128.497718761574,131.268517789785,26.3344429124462,90.3972543487828,51.5038524934047,171.234767913818,126.779509753716,90.2088334219796,93.5241896172219,158.181841714042,146.435104370117,176.211738586426,83.7426406635958,100.457967596593,222.749313354492,152.619722578261,131.150076669022,162.597688903809,99.3400673143791,154.637599265438,0,128.373079442266,0,157.352614283562,173.297276814779,163.666719055176,205.204330444336,0,170.084701538086,146.543880434802,152.357002258301,146.949812571208,158.332890678855,115.574556085612,0,176.786193847656,169.429334322611,140.785380797861,173.565280914307,170.767682647705,0,0,132.320713043213,178.833862304688
104.433809246933,62.6502094483108,92.5670095941295,71.6422868060251,154.074864705404,62.2791802388317,82.5918909104051,148.318227214198,81.9144771987968,120.100722789764,145.204800278393,13.1437645464384,135.98683126045,24.072028523032,86.5142992041689,96.6480036515456,107.380575006658,49.9830086000504,25.8572298241689,26.1117128398125,140.5018279643,94.6025877758465,99.8662099202474,81.7504303455353,147.736126619227,42.1097775845914,29.6211762822094,62.3934360678839,139.739967419551,72.3378851546947,85.7625039753161,42.4443000242726,64.2120874455545,90.362614264855,29.7487173828739,0,115.458847045898,125.490102132161,77.2331282574198,208.586227416992,0,0,188.428039550781,0,155.727086385091,0,91.1307957967122,0,73.6211706642213,230.810801188151,0,0,133.527708053589,104.773228799143,110.399634933472,207.756393432617,154.123016357422,135.51540222168,141.340809413365,181.037133353097,68.3921782020631,95.7047403887973,99.4716364042027,195.284140846946,0,176.75248336792,96.0733937909526,0,192.02522277832,105.338359832764
77.6270006815592,95.6038869222005,132.459783935547,90.934928479402,24.6235003916724,84.218418311019,25.9127977322338,62.5582720956137,73.0052063853622,12.5580628146906,29.8093164637057,135.98683126045,9.91780440289121,152.723445638021,97.8531007922335,15.5587021162848,0,156.479194641113,154.512777964274,159.676026084206,15.134787084011,140.327100118001,61.4521813710531,149.552656173706,24.8171842062901,136.49927520752,166.035405255746,150.061108573538,49.4159941814564,99.2839580100791,121.88892364502,174.610305786133,112.883144479049,0,97.8675465681115,126.310160827637,0,0,131.573526170519,48.4739079674085,0,67.254330529107,172.415930611747,148.057685089111,64.6959327697754,117.185358319964,0,14.5073439306206,0,146.048435211182,61.435717010498,0,0,0,208.816940307617,11.4359415273433,196.460968017578,0,0,107.521893610273,0,219.338394165039,225.419830322266,153.071467041969,128.033500671387,164.010856628418,0,0,242.35302734375,88.8792533874512
175.365585327148,44.889659223392,111.516725540161,52.4305482495823,182.020347595215,84.2955223719279,102.464241557651,157.760922241211,102.267188552983,114.662750374254,168.410171508789,24.072028523032,152.723445638021,8.90888307134632,107.777639362174,147.530839569715,121.966442108154,110.583580710671,55.7865449382413,80.4896639839548,152.016089121501,178.478019714355,84.7311015323213,115.092630004883,119.041320830584,23.283695000249,30.9360851967747,41.1080603835659,150.642850603376,78.661933456642,148.690628051758,17.0262556730962,82.4194687114042,0,53.7508728802816,230.540313720703,76.0243675231934,167.880828857422,61.2172745574604,0,0,0,222.837272644043,0,143.066877365112,0,68.8254569172859,157.09700012207,55.1404141522975,0,0,0,0,94.1329249988903,117.860496520996,0,0,131.029317220052,210.905029296875,178.001400756836,50.9088762737118,94.7432943796147,89.8990980975106,212.142189025879,0,216.04914855957,94.1623381155509,0,201.17399597168,103.914385795593
14.4956122793251,127.575247764587,104.33174181109,82.5741553182904,100.322961422507,38.8633893786184,45.8113431752952,55.529415231589,14.4479404751993,76.2585775480798,44.8127937979855,86.5142992041689,97.8531007922335,107.777639362174,8.45140831518367,50.6721368012605,152.297789679633,112.534573302221,133.396369069289,130.656101745087,93.5323550340046,89.0303392440943,88.8745932635139,89.2616128760259,88.48518116986,103.760978274875,126.663276829865,128.136798154391,80.0847458510613,23.7064694058675,55.3394566797516,119.917849289744,16.4859985755774,57.9093452902401,47.4411761972479,147.172095870972,135.77064259847,164.95060796323,97.9516025543213,131.059519334273,196.277389526367,175.509533691406,141.376349870549,168.227009513161,99.7466524971856,150.182891845703,0,198.694381713867,136.279983520508,157.117377512079,0,122.761911010742,188.481709798177,176.994094848633,187.756740570068,157.309280395508,159.480539957682,119.43107882413,169.734229278564,131.483339680315,118.85720316569,167.606093088786,178.972981147046,141.828889413607,168.016447628246,136.390183353424,152.830200195312,203.614372253418,140.05125617981,160.546744755336
79.4014886220296,108.206646312367,0,52.2004197162131,57.3628245690711,20.2291586638169,12.4705389621583,81.0326855977376,26.327286508035,28.4420062349027,76.9817102716324,96.6480036515456,15.5587021162848,147.530839569715,50.6721368012605,8.63228868406711,0,155.151184082031,118.83876546224,173.769706726074,52.4257378410875,0,70.0789026163392,135.145887374878,35.7585517915629,130.644858360291,145.634437907826,135.78526786278,76.6743300910135,50.5202726274729,103.191091918945,136.314203262329,42.2704644230434,113.757637023926,66.8724119095575,167.486457824707,0,0,137.747509002686,94.8312637329102,0,0,110.166404724121,0,71.5943145751953,127.069694519043,0,78.3215957641602,0,123.596717834473,0,0,0,0,224.493919372559,0,0,0,0,118.053637822469,0,200.430297851562,198.211868286133,158.402408599854,0,0,0,0,0,0
120.298021952311,66.8701077920419,86.3393562604796,43.2421937612621,111.404312133789,0,0,84.288823445638,118.958446502686,49.3769805981563,133.730754852295,107.380575006658,0,121.966442108154,152.297789679633,0,16.5454044187167,105.456620990105,134.358562469482,122.688704427083,0,17.287805798334,30.6481761452744,18.7867677575481,34.1082723838889,130.906845092773,106.23907887567,34.6813723866278,41.4148344505065,92.6035907969755,67.8098521628831,143.039057413737,0,75.5502122243245,77.7776674479246,0,84.9727096557617,109.995721861374,56.4596505500901,0,0,0,133.116164263557,146.34228515625,92.333984375,169.314033508301,235.969421386719,0,0,144.981285095215,0,63.8840493087889,118.979935355808,0,146.838975906372,0,110.086447102683,59.4000998143008,95.5808054267839,116.780740261078,0,149.276905406605,95.998399241717,118.8966093478,129.575746536255,104.724767602008,0,0,0,101.019710413615
87.9690944563275,56.0045064490611,45.5539348364175,60.985082312806,0,161.396268208822,153.071431916336,97.7649297143659,124.429556139281,115.954555643016,130.670387268066,49.9830086000504,156.479194641113,110.583580710671,112.534573302221,155.151184082031,105.456620990105,8.78673193432546,49.3960706647837,20.7891849846537,175.663059997559,58.3817165057988,74.7348611719468,28.3042794371806,131.151727135502,66.9493293762207,47.936405440087,62.512051011331,120.069272064581,89.8108781409552,65.7305377163315,116.62610912323,171.241874694824,84.4585563659668,32.1114755786744,178.908999633789,76.016023051982,105.692159855619,69.3123847643534,0,246.83464050293,0,175.411544799805,218.556297302246,0,0,129.061182657878,0,146.583335876465,193.840257644653,0,120.188067118327,110.625944809687,154.741663614909,117.487456548782,0,139.433364868164,94.7102349145072,126.068334579468,170.398166232639,123.412666320801,107.889600156534,103.816571835069,181.331942240397,167.158199310303,149.887525285993,137.721209208171,0,0,113.323761422294
126.527367210388,75.609621613114,79.6621485476224,69.6717843814772,181.728012084961,86.493988700535,130.304858121005,154.397532217843,125.84563247296,129.007440355089,159.977239990234,25.8572298241689,154.512777964274,55.7865449382413,133.396369069289,118.83876546224,134.358562469482,49.3960706647837,9.73614419524252,17.1939829151588,167.940945216588,116.390859603882,111.757949210502,91.1566761840474,153.089234161377,47.0469892404847,37.2459609791025,67.7533093875368,152.456908581304,114.581210279465,111.648946166039,54.7573561616566,97.3347246036973,109.987395066481,59.3646606963713,0,103.183094660441,141.967011451721,94.2038213556463,0,0,235.513198852539,216.10451965332,0,172.341735839844,0,97.4184202111286,0,83.4228373465778,0,0,194.639289855957,150.78557756212,108.568744135838,114.570747160576,0,0,134.998146057129,158.984703063965,205.785696411133,73.5363408043271,100.74964861514,101.859438447871,220.567481994629,212.443878173828,159.574396769206,106.033280944824,0,0,115.72991507394
109.185876565386,58.9745465737802,64.1774101671556,59.7809021375837,171.423667907715,105.999885559082,149.027305242178,130.778925060171,136.182832059487,136.10364078831,148.301460508316,26.1117128398125,159.676026084206,80.4896639839548,130.656101745087,173.769706726074,122.688704427083,20.7891849846537,17.1939829151588,9.8139917208765,181.231565475464,93.4601687350014,98.223245418773,69.8262272499226,150.455035209656,47.0165424492523,34.225686572541,65.9495364027374,143.320293603354,103.612466176351,86.2562057545643,73.7027016903492,148.203809298002,89.8159666906429,39.6736088752192,197.585578918457,83.9914724930473,117.529539744059,73.9416317615694,0,0,0,192.836537679036,0,216.084884643555,0,119.571073913574,0,105.075311858079,205.052810668945,0,134.130291748047,119.840862341094,114.684281373635,106.438891829106,0,140.342681884766,114.028343200684,146.459763236668,195.853948974609,77.8001156431256,99.2334104401895,101.605310015812,177.90035756429,178.497746785482,170.852786254883,118.66628112793,0,0,105.439201920121
70.573139534857,185.845611572266,177.872009277344,115.980005264282,12.4615741464821,110.167698317308,44.2454127660757,92.5297524588449,88.9336806812802,43.512139105461,16.2643311174462,140.5018279643,15.134787084011,152.016089121501,93.5323550340046,52.4257378410875,0,175.663059997559,167.940945216588,181.231565475464,7.67929814624664,102.991737365723,124.56294708252,146.223680114746,16.5579878745586,203.382339477539,174.762373182509,172.420685988206,23.7822400150459,96.3727564673944,167.666885375977,183.116270065308,123.961072345113,119.020969390869,91.8842540423075,138.583312988281,167.684295654297,227.825958251953,99.5474945948674,18.7469630430448,0,135.329871058464,129.36701965332,159.769181685014,86.3986655341254,149.162114470346,0,12.0429943220884,0,153.98898432805,105.296314239502,0,0,0,231.237838745117,39.3392815972907,0,169.73454284668,0,108.81877848996,0,223.793670654297,206.904266357422,143.271289200079,221.043598175049,188.028282165527,0,0,0,178.107429504395
72.7294068726354,93.6477486292521,64.6370160065445,52.3097365971816,93.7928085327148,97.2786026000977,101.18813432966,64.2912254032449,86.0985095447964,64.2464109420776,79.1850652806899,94.6025877758465,140.327100118001,178.478019714355,89.0303392440943,0,17.287805798334,58.3817165057988,116.390859603882,93.4601687350014,102.991737365723,11.2817360171603,47.6360307993168,27.0213230302583,36.489132554256,130.206115722656,110.519034482995,59.899376968028,23.8360582110193,68.6297799886607,30.4632834722001,0,110.079431152344,58.0687972866759,51.8626115617612,110.365458488464,0,126.885257315128,67.4696414217036,146.21350479126,0,0,140.77360534668,191.350528717041,120.676058451335,178.280540466309,175.379333496094,0,0,136.782216389974,131.956497192383,104.857758795465,141.454670715332,0,149.951695760091,0,108.722557237413,64.4165929455104,110.817631636994,111.588206868776,0,159.927585601807,124.686197983591,118.943749160767,113.833002567291,107.148424511864,0,0,102.438983281453,112.025781222752
72.1414051600865,27.7318738181852,41.6214101520789,19.9204084497222,62.9169502258301,95.8042526245117,107.873857498169,62.540915907099,98.6891929626465,24.6425285780199,107.88648147583,99.8662099202474,61.4521813710531,84.7311015323213,88.8745932635139,70.0789026163392,30.6481761452744,74.7348611719468,111.757949210502,98.223245418773,124.56294708252,47.6360307993168,9.10535638134692,49.4990236712891,26.9885117858174,62.3930337199362,82.9906872403539,40.1337613020599,56.9785587407399,64.9307700766892,47.4177822447093,105.983763281979,111.074083328247,51.2704143967739,60.9643601242925,74.6225128173828,103.793117523193,96.5860866855931,34.114108979702,0,0,0,115.251970926921,0,0,140.460182189941,121.094223022461,0,123.192702293396,135.581390380859,0,56.7850044250488,107.985749138726,0,146.351841517857,0,66.3924993133545,15.2276146473225,72.7037894854407,95.7834570142958,130.24267578125,134.44208240509,96.8751413140978,100.293739787319,102.976085662842,68.2260375249953,166.417205810547,0,137.161121368408,80.5677117567796
73.4092933220754,76.1124138667666,32.2257863042142,52.0803279336824,145.505251566569,128.998658316476,127.900844138009,63.8452469064398,95.7270239676523,88.537693759045,77.2606484195518,81.7504303455353,149.552656173706,115.092630004883,89.2616128760259,135.145887374878,18.7867677575481,28.3042794371806,91.1566761840474,69.8262272499226,146.223680114746,27.0213230302583,49.4990236712891,16.6235060935661,70.8290019139974,94.7962341308594,63.0295377915996,44.7745034111191,43.1507511689256,79.6628307731406,46.4244611439999,120.590473175049,122.536264038086,77.2017441693474,51.1774094335857,157.773397445679,87.1811115040499,101.249801746148,71.2170172886075,0,0,181.525253295898,148.062200310117,184.496891975403,122.515330632528,179.78509842722,157.452306111654,193.74739074707,149.311309814453,170.300908203125,144.917526245117,91.24512646993,118.391881751468,161.576583862305,136.488050512365,195.292343139648,120.063269034895,68.3155394310319,104.249412391079,139.26548346572,154.293151855469,137.220697360569,97.6636768745493,143.032047174745,172.568499247233,132.31748753553,164.986633300781,0,146.955917358398,112.546052108576
74.5350198266713,74.9038623418563,100.562765268179,36.3455721057573,19.8994203109734,90.0755565477454,86.4479462179271,67.5864320805464,76.0066345911946,20.5774030357473,58.9421959584189,147.736126619227,24.8171842062901,119.041320830584,88.48518116986,35.7585517915629,34.1082723838889,131.151727135502,153.089234161377,150.455035209656,16.5579878745586,36.489132554256,26.9885117858174,70.8290019139974,12.5755920739854,100.3241322393,125.454309906006,83.3246584899563,26.4085417002919,84.4035591680389,72.9885721803457,139.540665435791,135.705861178311,73.7796877336678,88.8929210482417,118.14950077029,0,145.535236040751,57.6806837662165,107.983489519284,179.612097167969,124.082821239125,106.47133615245,134.644178423965,58.4085518519084,117.665327099008,180.939270019531,85.2187217473984,159.239585876465,127.552521052184,93.7978267669678,107.265764533149,165.098916273851,194.315979003906,201.260772705078,113.986906022292,118.352662658691,82.6529918416341,132.409177507673,88.1401420601044,0,179.217271592882,146.907782168002,106.830636166304,131.856768246355,107.553126516066,0,0,123.222440029712,133.557278340658
0,19.3405554639041,81.5384140014648,23.140102835058,0,114.62693459647,120.404632568359,0,93.0590578715007,96.2116023914234,178.011210123698,42.1097775845914,136.49927520752,23.283695000249,103.760978274875,130.644858360291,130.906845092773,66.9493293762207,47.0469892404847,47.0165424492523,203.382339477539,130.206115722656,62.3930337199362,94.7962341308594,100.3241322393,8.52335485885263,40.317961844308,29.355984253227,144.914263916016,89.693098449707,127.52352142334,48.2363432526247,93.5285873413086,218.507232666016,62.7605208040194,0,71.9077672958374,0,49.9821309566498,0,0,0,0,0,160.565634155273,0,63.8609462976456,132.773239135742,52.942163514547,0,0,0,80.7787857055664,80.5798089644488,109.614770889282,188.160614013672,0,86.1228205362956,0,148.199920654297,43.7199632160699,77.5922084753064,77.4112506033805,187.251388549805,0,0,83.6995239257812,0,0,64.466236114502
108.884429085399,48.9422018123885,33.9655608517003,49.3945881185496,166.678082784017,105.689723344283,138.149790420532,117.804561318038,130.268390601789,116.652715682983,128.497718761574,29.6211762822094,166.035405255746,30.9360851967747,126.663276829865,145.634437907826,106.23907887567,47.936405440087,37.2459609791025,34.225686572541,174.762373182509,110.519034482995,82.9906872403539,63.0295377915996,125.454309906006,40.317961844308,13.9012947952123,32.5570914610972,116.446673722842,110.41923122657,104.582322823129,19.6314560686623,104.773489284515,115.030196245979,57.0009465749136,172.922962824504,73.7594089278256,104.838554697826,65.3015642638804,0,0,201.710899353027,176.110190691267,205.092666625977,153.558679199219,0,97.1271126407316,0,80.2324900485501,192.246389052447,243.647369384766,142.736682128906,104.782752143012,102.491783237856,101.256563184575,0,153.260330200195,119.99846624559,142.45563684191,196.522596276325,70.1382998250325,92.3440845764632,94.052268363311,193.83171081543,167.14354095459,162.780910491943,104.902201800279,0,149.378311157227,105.27784842032
117.518441284902,31.1737011931131,28.8948192513645,39.324081665768,145.490937974718,110.919175974528,143.134311567034,105.648712798953,129.624519909129,102.492659784953,131.268517789785,62.3934360678839,150.061108573538,41.1080603835659,128.136798154391,135.78526786278,34.6813723866278,62.512051011331,67.7533093875368,65.9495364027374,172.420685988206,59.899376968028,40.1337613020599,44.7745034111191,83.3246584899563,29.355984253227,32.5570914610972,15.6742473995737,75.8111253365711,117.202079475217,103.367094167755,35.0299638103248,106.84702041626,119.441207679542,63.2911228132329,171.830335682836,72.9705597449993,92.5933621045039,61.7897123333576,206.608200073242,212.570404052734,0,152.223674906855,193.107548433192,134.450621710883,190.837385050456,105.079645923732,174.923530578613,83.2868351813502,178.449080757473,171.530143737793,80.2392506184785,103.534970595847,104.261804764795,106.771343640056,212.298675537109,122.342881595387,61.1269553906072,98.4079871571392,147.928831166235,70.57644231777,96.5553657852368,90.7306933967276,141.178537524721,182.538118189031,140.907087854073,109.621536652247,143.483276367188,150.380624135335,104.164620229485
69.1458650477389,106.895019292831,72.5904123761292,55.1352982359467,15.369909329051,125.365218085212,62.7658322900344,26.0111580033986,66.8936661074028,51.2159595701058,26.3344429124462,139.739967419551,49.4159941814564,150.642850603376,80.0847458510613,76.6743300910135,41.4148344505065,120.069272064581,152.456908581304,143.320293603354,23.7822400150459,23.8360582110193,56.9785587407399,43.1507511689256,26.4085417002919,144.914263916016,116.446673722842,75.8111253365711,12.2409209495429,80.6951860845138,49.8192769665286,163.960689544678,134.88842250279,64.7064435011775,69.7623009490233,122.194940697657,146.117340087891,141.744154444281,70.3160331245283,111.46077511679,199.555480957031,148.592386089387,117.749614504764,146.168031053015,82.3307919558357,143.675959760158,200.944033813477,127.783998680115,208.22673034668,137.753394143623,140.353889465332,108.271175919292,157.206560308283,193.34797668457,183.816140492757,141.944382165311,114.656316261292,80.1459311097112,126.820744008867,106.820664649342,0,190.305606418186,142.282355062826,122.641002606636,133.169245868259,108.233542489224,0,190.343574523926,128.454309972127,128.818036651611
18.419561152557,120.530162266323,97.9977894861558,70.5100739021433,99.9013654106542,22.7306901779643,48.2317077277833,67.7672283608026,37.6484878505362,69.6282691993224,90.3972543487828,72.3378851546947,99.2839580100791,78.661933456642,23.7064694058675,50.5202726274729,92.6035907969755,89.8108781409552,114.581210279465,103.612466176351,96.3727564673944,68.6297799886607,64.9307700766892,79.6628307731406,84.4035591680389,89.693098449707,110.41923122657,117.202079475217,80.6951860845138,10.1991623599998,23.6888598620811,100.461434797807,11.8303770238221,16.2630797821837,41.4806753504833,139.991664265477,164.578033447266,153.280838012695,86.2594511208414,121.149327959333,0,192.277603149414,140.70328492545,172.294604865872,89.3211425641261,166.130985757579,208.714630126953,0,133.120697021484,153.270536780357,0,121.125175476074,178.69130452474,180.241287231445,151.300350189209,198.457922363281,123.701546746331,91.5224608081882,141.6882092158,127.988413720518,112.74921635219,156.489011552599,163.673020198427,134.637346837938,139.675898533241,124.630211357057,133.212783813477,228.770324707031,124.325790087382,137.438910608706
25.8707720858354,113.715755462646,78.1742894156905,52.7091019283514,92.1010405222575,127.772178649902,121.156213283539,18.4917559226108,76.671490688248,55.9519366317216,51.5038524934047,85.7625039753161,121.88892364502,148.690628051758,55.3394566797516,103.191091918945,67.8098521628831,65.7305377163315,111.648946166039,86.2562057545643,167.666885375977,30.4632834722001,47.4177822447093,46.4244611439999,72.9885721803457,127.52352142334,104.582322823129,103.367094167755,49.8192769665286,23.6888598620811,10.0233896135518,0,195.646133422852,36.3047016716559,29.7036939909962,124.438788859049,0,126.662716527139,66.6847050737314,196.755737304688,0,177.009887695312,125.419796807425,167.433680327042,74.5639971953172,161.865685599191,168.977920532227,0,0,141.527833346663,0,99.8014389200413,152.710002605732,0,156.977897644043,0,108.717047945381,65.8033414394297,108.35216144215,111.003865016326,0,169.624330308702,147.94980851994,116.274080539572,117.07763560902,107.470291697461,0,0,109.156884155273,108.999851754995
154.373031616211,61.8664448191819,102.561619758606,63.0057360331217,186.873733520508,98.4142232622419,124.560314416885,165.147613525391,129.608504178231,133.394701004028,171.234767913818,42.4443000242726,174.610305786133,17.0262556730962,119.917849289744,136.314203262329,143.039057413737,116.62610912323,54.7573561616566,73.7027016903492,183.116270065308,0,105.983763281979,120.590473175049,139.540665435791,48.2363432526247,19.6314560686623,35.0299638103248,163.960689544678,100.461434797807,0,8.60864442845625,108.715634918213,0,73.269449635125,0,0,126.817863464355,81.6098299026489,0,0,0,0,0,175.249282836914,0,89.0160090128581,0,83.26774529235,0,0,0,119.576207478841,108.469791259766,118.634404318673,0,0,0,0,183.495788574219,72.8855424925338,101.027131666217,101.220007564711,0,0,0,105.942919006348,0,0,0
80.0832334819593,0,135.351830618722,124.509166717529,133.190485174006,9.88115465156737,20.6333610846341,126.957120558795,20.287482534614,107.256867218018,126.779509753716,64.2120874455545,112.883144479049,82.4194687114042,16.4859985755774,42.2704644230434,0,171.241874694824,97.3347246036973,148.203809298002,123.961072345113,110.079431152344,111.074083328247,122.536264038086,135.705861178311,93.5285873413086,104.773489284515,106.84702041626,134.88842250279,11.8303770238221,195.646133422852,108.715634918213,5.5779416404023,0,35.9570794622267,0,0,0,0,0,0,0,179.57698059082,0,184.575340270996,208.564346313477,0,0,128.037033081055,207.084360758464,0,0,0,176.534957885742,0,0,0,0,171.498252868652,176.120339529855,179.592529296875,0,149.071510314941,190.036643981934,205.656951904297,165.215984344482,0,0,145.374099731445,201.442031860352
78.5354329049587,0,101.010426839193,54.9509179251535,95.6743596394857,0,110.929443359375,64.8333376531732,100.807330903553,56.1696088817758,90.2088334219796,90.362614264855,0,0,57.9093452902401,113.757637023926,75.5502122243245,84.4585563659668,109.987395066481,89.8159666906429,119.020969390869,58.0687972866759,51.2704143967739,77.2017441693474,73.7796877336678,218.507232666016,115.030196245979,119.441207679542,64.7064435011775,16.2630797821837,36.3047016716559,0,0,7.02166146349272,28.03588837587,135.032476152693,0,128.946899414062,74.8038420147366,139.89501953125,191.774978637695,0,127.640646192763,158.231887817383,74.2339886752042,129.290573120117,0,0,0,141.818646113078,0,100.02645111084,163.431167602539,0,0,0,111.375427722931,70.9680739182692,112.195196787516,113.988429038755,0,228.220336914062,153.702142715454,116.106312129809,118.895519801549,110.525716145833,0,0,0,122.774669647217
74.9675251616149,65.4140628871351,55.0525347811584,61.12363954435,97.9030011103703,32.0008671092791,59.9375076069844,84.3398354254829,53.0837523584319,75.490135621188,93.5241896172219,29.7487173828739,97.8675465681115,53.7508728802816,47.4411761972479,66.8724119095575,77.7776674479246,32.1114755786744,59.3646606963713,39.6736088752192,91.8842540423075,51.8626115617612,60.9643601242925,51.1774094335857,88.8929210482417,62.7605208040194,57.0009465749136,63.2911228132329,69.7623009490233,41.4806753504833,29.7036939909962,73.269449635125,35.9570794622267,28.03588837587,11.6528137782452,155.543090820312,77.9314133248678,105.95767450657,76.8925143895524,138.614572525024,0,179.224136352539,151.350400034587,169.657132466634,92.5055931636265,172.374725341797,109.089673042297,0,103.177458021376,165.299017524719,0,108.177440237492,113.967797356683,140.909784490412,117.866546488254,0,120.409928480784,78.0204995668851,116.799086526176,131.485953412737,83.9071663304379,108.472969698351,104.75693980757,138.732998596994,138.114480654399,120.731309180166,133.267393112183,0,115.463299837979,119.840749491816
132.058332715716,0,160.223968505859,114.807640838623,138.799671173096,174.444152832031,176.427673339844,122.081142122783,142.420599966338,117.237168629964,158.181841714042,0,126.310160827637,230.540313720703,147.172095870972,167.486457824707,0,178.908999633789,0,197.585578918457,138.583312988281,110.365458488464,74.6225128173828,157.773397445679,118.14950077029,0,172.922962824504,171.830335682836,122.194940697657,139.991664265477,124.438788859049,0,0,135.032476152693,155.543090820312,10.9939544486824,111.915921137883,103.942475882319,63.485715751648,85.0843793761055,71.8233969552176,44.5110762841978,35.2313840646634,46.6077221644713,56.968662536896,64.4404057857794,118.85952299544,65.8640051329067,138.850571950277,15.3999892638013,21.0542073249817,73.6320343017578,96.3114467652376,125.648379682058,113.16993790799,66.9574956258138,71.9955976077488,55.4208507087287,89.8090623016357,69.0399779516407,146.205764770508,113.580816073064,121.861930657382,77.6910915641949,18.9707862955447,25.3960292878518,146.313861553486,73.927348273141,33.2683072757909,59.912116572542
129.162109375,67.1398132324219,67.2585838391231,51.5563589731852,0,0,0,126.378677368164,139.707298278809,0,146.435104370117,115.458847045898,0,76.0243675231934,135.77064259847,0,84.9727096557617,76.016023051982,103.183094660441,83.9914724930473,167.684295654297,0,103.793117523193,87.1811115040499,0,71.9077672958374,73.7594089278256,72.9705597449993,146.117340087891,164.578033447266,0,0,0,0,77.9314133248678,111.915921137883,7.40562184955763,43.2288466227257,9.90471741266233,0,159.407791137695,175.209938049316,107.760018632219,136.871439615885,73.2034457965489,0,61.9088771057129,106.848773193359,42.3742463160784,126.68484375,108.248592376709,32.5680629340085,48.2648300631816,66.6321549849077,54.9924692875001,0,72.8325353349958,21.0111497982464,68.701303511858,73.8540386583246,22.081459129369,44.8183664057566,25.6428064180894,106.205142429897,126.364477793376,97.7093009040469,70.1148081461589,77.4396057128906,90.8353591918945,42.8952672882835
156.855961726262,120.069876352946,90.3833302259445,95.4198262532552,0,0,200.710563659668,144.059325445266,183.340440368652,129.319580078125,176.211738586426,125.490102132161,0,167.880828857422,164.95060796323,0,109.995721861374,105.692159855619,141.967011451721,117.529539744059,227.825958251953,126.885257315128,96.5860866855931,101.249801746148,145.535236040751,0,104.838554697826,92.5933621045039,141.744154444281,153.280838012695,126.662716527139,126.817863464355,0,128.946899414062,105.95767450657,103.942475882319,43.2288466227257,11.8794708981619,47.1384792118856,175.605336507161,167.97826385498,140.219098510742,90.1041292406102,125.073279478112,114.984351322569,112.34415578034,81.7071615204098,191.558450317383,81.1986491793678,109.088811609019,144.50309753418,70.3947516221266,35.6235960998173,83.052758644885,65.5314644715992,220.487998962402,62.1305704717561,50.1266735589551,22.7173061636266,105.323358968099,70.9086380004883,32.2530334943994,31.6437375810895,65.223398280834,125.734879984658,61.3748821691476,87.8131025447402,172.55456161499,111.537691618267,55.104938614753
