12.3281055497896,106.388652801514,101.226073488276,71.3636480537621,112.286254035102,81.3207842508952,85.2734679456027,35.1045793305722,41.0473278982641,80.6659202575684,77.226863245092,120.403402328491,104.868279400994,129.339230624112,19.3769064572897,65.5341110229492,124.511797818271,110.009672987461,144.475652868097,139.041484476725,119.472673416138,83.5776986144963,85.855574625843,89.5342707949254,89.5451294092032,135.625961303711,136.552195739746,131.429648884797,88.892280321317,19.2425097911759,35.4517541267551,149.564655303955,88.6540694236755,56.8882424566481,80.9634264991397,119.256385803223,0,172.112001691546,86.9264099597931,0,0,173.108337402344,141.974646457406,174.2955078125,84.6203563524329,149.211642456055,0,188.513404846191,221.826553344727,164.744241887873,0,147.696549309625,181.856872558594,0,0,0,151.169989585876,124.769147872925,165.106539916992,132.198778016227,0,188.908241271973,183.336054801941,140.279909937835,155.108808517456,136.80898030599,0,0,153.470692952474,135.178033192952
106.388652801514,9.16606672726943,45.9403177045055,17.3893862802278,130.335858917236,0,176.241138458252,137.995588620504,153.972991307577,80.1143392214675,152.088976542155,67.5379050317472,112.181810167101,55.7565871967989,143.089839935303,109.348967301218,63.830006495766,60.3771530409991,78.4069590732969,68.7970827123621,136.26099395752,109.95773747762,27.4940445856424,75.3450782034132,89.7942967452881,23.2853696671781,55.4890586505146,32.0661454414114,119.941304706392,131.296044667562,98.929936335637,72.3257573035456,0,114.828102111816,70.9613058540259,0,0,111.312494277954,30.6916952133179,0,0,0,0,0,152.271476745605,0,0,0,92.6513153076172,0,0,0,127.416458129883,0,96.8836402893066,0,151.164154052734,128.862096150716,154.92346736363,168.735012817383,68.5108604431152,118.192312694731,104.850375476184,218.678558349609,0,0,117.948127746582,0,0,0
101.226073488276,45.9403177045055,17.1970531176811,47.5984786283305,138.013859219021,175.329188537598,150.390566296048,108.833436854289,130.220008740009,120.618642171224,132.988535800827,110.230226039886,188.239028930664,145.977389017741,119.2474028199,157.777111477322,82.8969678973207,37.4116610288247,94.695001294536,76.3035229614803,187.460444132487,73.0883038846264,56.6131206836019,35.1396625123284,126.333788501973,171.310217285156,37.5095265669153,37.8810584303866,107.705165495252,120.213246472261,89.7389170620661,114.228668212891,184.072883019081,121.425824972299,76.2128434066439,182.490866767036,86.7755391047551,96.2048539163895,88.78476304828,0,0,200.315638224284,194.418276535837,200.252473310991,155.868766784668,217.17121887207,142.687417166574,0,133.331784566243,173.853138093025,181.119750976562,116.832391619682,117.097516889696,163.864079793294,142.966691879999,0,139.344722239176,90.5659652931103,107.351394224975,171.221508764452,142.330444335938,122.028451242755,96.1316361867293,173.847383117676,183.371431477865,161.756467884985,0,0,178.333953857422,118.305350093518
71.3636480537621,17.3893862802278,47.5984786283305,24.444003638251,63.8712722539115,110.901372736151,94.7783336893717,70.869785191193,96.1189719330813,28.434529991393,80.2730762461821,64.7066176322199,92.9085218584215,52.5428283536382,91.3208713242502,77.7748130272175,36.8215254757571,64.0814015288996,87.146079903782,73.8902186374275,74.0575298081096,67.1647999685319,36.2750081620362,55.2853966236247,45.6753048794244,31.2161914146994,56.345809039224,42.8474489817253,62.6665725284153,82.1966761203424,59.9526797998271,77.1955262568959,175.02513885498,72.4593365366866,70.1099020079639,85.9171800613403,58.2606549263,77.7642245357984,18.992718556348,85.3744463239397,0,111.901659965515,84.2696403503418,122.945299588717,19.5632904543393,112.021899883564,87.9973008897569,77.6166670057509,73.3866341908773,125.102573830741,97.5497792561849,62.3271713496754,94.9800731434542,106.445987224579,82.5289400100708,108.512647151947,103.579606489702,50.9796155657087,71.5637554934972,61.8718251473195,45.0137032667796,70.5154806703002,61.8682294980747,85.0333676778648,100.512103413427,89.9672852806423,81.0394897460938,157.630310058594,106.009769439697,88.1140537261963
112.286254035102,130.335858917236,138.013859219021,63.8712722539115,9.35993412908901,128.870233154297,69.756406217008,56.8745899719446,98.7550576763389,48.8511926284987,18.641443623632,166.649871826172,31.579265124216,183.96760559082,113.176590659402,58.6236753110532,104.787572383881,159.678102493286,209.565999348958,176.063873291016,15.0114089354316,106.719043731689,77.2750936065401,113.375181310317,20.9453535958752,167.033340454102,164.475803722035,133.842609228677,18.7440992506198,101.290461702167,98.9097595214844,0,180.659088134766,88.867104732629,104.420612792969,148.746963500977,0,187.594055175781,83.211028943743,142.791593538298,0,156.770318933435,140.631536344203,160.121199544271,89.0000102431686,152.925803438239,225.087173461914,52.537011734144,201.722198486328,172.658983866374,100.008013556985,0,0,0,213.767135620117,145.338328423901,151.552108764648,177.000198364258,192.567469278971,116.325886604717,0,212.459030151367,192.990909576416,146.481332745468,177.925397600446,171.176420211792,0,0,156.298889160156,172.08335723877
81.3207842508952,0,175.329188537598,110.901372736151,128.870233154297,7.4491012952434,13.0726558907366,127.662477454361,22.3948962311694,73.9884311131069,115.445623016357,79.2837134651516,94.4357943448153,88.1795864105225,28.8085206506641,15.9212088530506,0,168.682450866699,144.345380147298,0,126.675003051758,154.624621073405,181.336929321289,171.391583091334,106.817663828532,109.397266387939,186.310397338867,145.0479777943,131.54662437439,17.1740387426408,113.261161804199,0,7.23118452560533,0,30.0631447576707,0,0,236.658767700195,128.448455810547,237.44499206543,0,0,188.872942606608,0,0,0,0,0,0,236.993835449219,0,0,0,0,0,0,0,0,0,171.813077290853,0,0,0,187.99690246582,200.683410644531,178.396118164062,0,0,0,0
85.2734679456027,176.241138458252,150.390566296048,94.7783336893717,69.756406217008,13.0726558907366,12.136672672733,58.52799758668,22.4347872299156,74.0923604348406,34.6762844929682,103.976772985151,30.4847752205157,105.926910302578,47.7573563719778,15.1466118309162,128.673528231107,167.730229105268,144.75399424235,169.906444549561,61.6490211925287,119.503082809448,113.388732478304,136.558659393008,73.2932788694007,137.587879180908,162.426482494061,147.04221029044,67.7326120906577,39.0241704791643,129.895221165248,153.636386108398,21.5718972913804,101.761892155903,77.6169452165303,224.482782999674,0,201.797431945801,118.951187133789,166.359237365723,0,175.676494713986,161.223099470139,173.828665806697,153.671190534319,168.064685609606,0,161.069101969401,0,180.813720009544,152.090316772461,196.347524007161,0,0,0,170.150982892072,177.593434651693,200.390754699707,194.760791354709,139.37385758652,0,219.412536621094,211.487882173978,164.500538365122,192.49622881854,184.933313470138,0,0,189.359800066267,186.924597603934
35.1045793305722,137.995588620504,108.833436854289,70.869785191193,56.8745899719446,127.662477454361,58.52799758668,10.8035122798232,59.5837239626981,65.5893986130284,24.1603366079175,166.122559300175,59.1365166692173,172.684058147928,43.1967037056236,85.6683642493354,98.1941893030909,146.392547967461,186.373264312744,174.278812900666,85.6581891604832,78.6644156972567,86.9460801845644,93.4839573895076,66.0070631591828,157.564472198486,144.926834772168,113.789028255153,37.9410897508214,74.6927758633831,27.0913479717557,185.34681447347,136.532688656369,74.3308400570897,87.1906128053274,145.014204314261,0,169.007680719549,86.3383173437162,144.145331573486,188.567118326823,163.415310847295,135.390081373142,173.042273722904,91.2378672758738,157.052048484048,207.126653035482,160.552811384201,0,167.201938810803,107.336061477661,155.541015361917,206.068266296387,233.880828857422,211.344904581706,154.504217186753,160.971084594727,159.008067204402,166.419071732906,121.497263292139,0,215.003411429269,177.784449809306,139.787452620035,158.403478792398,145.210256476151,247.302124023438,192.741811116536,147.095581879487,161.306785282336
41.0473278982641,153.972991307577,130.220008740009,96.1189719330813,98.7550576763389,22.3948962311694,22.4347872299156,59.5837239626981,13.6954615526883,81.6113146675958,33.4698590482453,93.3754016829291,84.7408528191214,104.675894687702,20.5453651752858,30.8918781164013,143.244939095633,143.148885717197,136.190747180617,168.742702939095,89.5280669244819,108.676240418331,127.645696557086,118.668496535973,101.211766904943,102.791301806768,154.984500410593,137.83420446435,90.576759988926,31.6076480378842,93.0040611357576,125.664873395647,18.2619271137582,90.623617112195,68.1751864486938,174.846021652222,146.921035766602,191.461068895128,105.018988943508,155.085994720459,185.703712463379,177.150514138711,151.291215968641,182.237175817075,127.093200005425,170.417508000913,189.56196085612,187.005506896973,0,187.689836890952,153.21496963501,181.396760940552,214.871360778809,0,147.738677978516,174.262018057016,187.09256199428,163.834313286675,188.416589355469,139.463684635398,0,209.955540974935,197.508334106445,155.346334385331,176.958257222347,160.862775849133,0,0,170.628035805442,185.200666327226
80.6659202575684,80.1143392214675,120.618642171224,28.434529991393,48.8511926284987,73.9884311131069,74.0923604348406,65.5893986130284,81.6113146675958,8.48426851236991,76.0907869074512,139.484183111111,22.912503963701,133.546846933633,83.821887749892,21.0163095853268,82.643145720164,130.073046201235,159.430341547186,144.893676356265,43.3735886504268,87.4519179849064,25.4829379980951,107.198357814067,25.2575914822503,109.763918306205,132.663644509872,116.204231509894,58.2427442959788,93.1134846837897,62.2447814744772,142.270299275716,116.61011505127,82.7364624977112,122.062873456302,79.2001075744629,0,179.329437255859,22.6352271540412,101.407052208396,0,140.32780456543,91.4529436249094,118.038139343262,28.5233416131565,117.021793481075,0,82.1995974949428,196.933776855469,157.747237014771,60.3954391479492,147.410664876302,191.861901855469,0,166.096537272135,113.88831032647,160.450663248698,147.35888671875,171.715432303292,77.1861866010606,168.779708862305,185.576926095145,168.224843726968,107.432794215761,129.633862559001,104.874558040074,204.391403198242,198.794311523438,75.2278671264648,118.94269997733
77.226863245092,152.088976542155,132.988535800827,80.2730762461821,18.641443623632,115.445623016357,34.6762844929682,24.1603366079175,33.4698590482453,76.0907869074512,13.9111692371038,160.635465643379,29.9912415013955,171.739779823705,49.5610317975967,75.5984853322074,113.66097984314,166.67601285662,186.435758417303,190.836026509603,15.76101138218,102.525323430181,105.019794718424,114.227817440919,64.402869518977,169.191600799561,171.748129192152,139.949219303607,33.6625603106069,96.1486803021999,93.2921365303329,186.576955795288,128.00881542879,88.3984781822062,92.0452860775112,204.203464508057,177.103088378906,191.941497802734,111.488746546492,155.96541595459,243.052764892578,174.05410785675,153.15947422926,177.796806533615,111.341905856351,166.799518435383,234.918525695801,149.663851429233,0,187.204513311386,142.573421825062,191.840248955621,226.995018005371,0,237.883743286133,160.274816394347,183.26747639974,190.685062408447,199.428088378906,129.604651227879,0,0,204.753129686628,160.862805292421,186.685696263467,170.422611909754,0,219.616546630859,187.189573015485,183.385646362305
120.403402328491,67.5379050317472,110.230226039886,64.7066176322199,166.649871826172,79.2837134651516,103.976772985151,166.122559300175,93.3754016829291,139.484183111111,160.635465643379,12.1779650429536,158.960622514997,27.0913816268408,90.2832724398734,126.522431945801,140.020769119263,56.4121093417499,22.6035866838078,24.913014274423,162.544909667969,106.227317203175,101.154334333606,85.3155967167446,155.647348374587,33.2974603939275,30.4079721138668,58.3470058570012,156.211165259866,68.609887552569,120.485082414415,40.8705843503556,77.1249218816343,112.650288548963,31.4612799865734,0,86.9389012654622,147.68138885498,67.7025173187256,0,0,0,209.289376395089,0,177.568008422852,0,98.489460215849,0,83.037006194016,0,0,0,143.73217010498,109.311983744303,120.80468350365,0,0,141.144677480062,156.97339630127,209.126408894857,71.2121666888801,104.060229578326,105.221227110018,210.461437988281,238.817230224609,216.681177775065,101.038415444864,0,0,153.894538879395
104.868279400994,112.181810167101,188.239028930664,92.9085218584215,31.579265124216,94.4357943448153,30.4847752205157,59.1365166692173,84.7408528191214,22.912503963701,29.9912415013955,158.960622514997,10.8645859892021,166.120452880859,105.610310567936,23.0232516709565,110.321194966634,172.431456429618,181.732322692871,177.106552124023,16.7923807896058,156.966500854492,87.7115526835124,178.227929251535,31.1025018168411,150.495700073242,194.585206773546,162.403346736257,48.2379551096933,109.129274805242,148.709882100423,192.494229125977,122.71969304766,104.554061126709,101.91294503212,0,0,228.712341308594,127.115745544434,138.698187010629,0,122.333903572776,157.99980872018,138.120798110962,91.4332288106283,162.404261879299,0,14.7044782619777,0,137.655651637486,68.0464744567871,0,210.222610473633,0,0,28.7890712915353,0,0,182.413955688477,127.432908025281,0,207.856491088867,221.916467285156,162.633677582243,106.944012233189,201.459945678711,0,147.914939880371,0,121.527072906494
129.339230624112,55.7565871967989,145.977389017741,52.5428283536382,183.96760559082,88.1795864105225,105.926910302578,172.684058147928,104.675894687702,133.546846933633,171.739779823705,27.0913816268408,166.120452880859,8.12739444627685,99.9519466703588,164.519614325629,162.946862792969,133.834165638891,62.9193941338422,84.7727518815261,165.623532613118,171.245259602865,96.6534501711528,204.634985605876,148.390373097295,21.0286537016189,22.6729842462449,32.8990964638415,188.033484903971,79.7713175906411,166.497970581055,20.2656300311625,88.9903804234096,206.002426147461,54.6414392210161,0,95.2345644632975,142.122779846191,65.5513436453683,0,0,0,236.264640808105,0,149.432815551758,0,96.9818778404823,0,50.1864075544718,226.348831176758,0,198.144226074219,172.615366617839,109.368966944077,122.336371527778,0,0,116.344984054565,229.15412902832,214.618139266968,61.1097112135454,106.774151409374,101.285586609647,216.431171417236,175.014129638672,239.411895751953,95.9175051734561,0,0,125.386924743652
19.3769064572897,143.089839935303,119.2474028199,91.3208713242502,113.176590659402,28.8085206506641,47.7573563719778,43.1967037056236,20.5453651752858,83.821887749892,49.5610317975967,90.2832724398734,105.610310567936,99.9519466703588,10.9174344079091,64.0809249423799,128.788201105027,127.513812525459,125.099290774419,149.534587017902,106.119551898223,96.9887049216056,109.354958180019,104.401067479226,107.171478244041,97.8380701541901,144.651967172774,140.031072121723,89.7242095453374,22.8700454485669,60.5156529127303,118.378218650818,17.5137071360387,59.1653853371913,62.8763511205289,166.709069388253,0,183.378213882446,104.821112015668,154.261602401733,0,183.255666732788,154.574957079461,191.564090304905,100.614089541965,167.312108640318,227.58512878418,171.987959543864,131.214004516602,192.094291404442,0,177.089307512556,217.318099975586,196.02485148112,189.588226318359,192.520286560059,165.885323486328,162.13452911377,173.464730189397,139.057334426128,0,182.649084472656,190.705479236359,154.327438314548,175.774813884013,160.378223020639,0,236.264755249023,154.113310072157,185.911099885639
65.5341110229492,109.348967301218,157.777111477322,77.7748130272175,58.6236753110532,15.9212088530506,15.1466118309162,85.6683642493354,30.8918781164013,21.0163095853268,75.5984853322074,126.522431945801,23.0232516709565,164.519614325629,64.0809249423799,8.10409033500408,167.844421386719,156.09970327524,184.635673522949,0,58.8483146532314,138.99141998291,77.2657032921201,141.61472593035,42.6438745008696,146.911886427138,163.782005896935,141.579169651247,79.302812077055,40.5787698314303,102.592584609985,167.634750366211,37.3477469074483,55.246620351618,69.7513670921326,0,0,211.31965637207,64.970947265625,112.628171284993,0,114.419281005859,163.344411214193,182.06078338623,105.191583633423,140.513277053833,0,77.9466934204102,0,211.585990905762,73.0501556396484,0,0,0,0,99.8309758504232,0,0,0,129.755973815918,0,175.809127807617,195.560707092285,146.307404951616,139.989776611328,0,0,0,169.431762695312,153.158676147461
124.511797818271,63.830006495766,82.8969678973207,36.8215254757571,104.787572383881,0,128.673528231107,98.1941893030909,143.244939095633,82.643145720164,113.66097984314,140.020769119263,110.321194966634,162.946862792969,128.788201105027,167.844421386719,14.310688763262,110.129497624043,145.387321472168,142.250230698358,125.155471801758,23.8876053954225,30.0360593618471,24.7996668477846,36.4480503879276,135.602093287877,125.963064624417,36.3375799176933,56.9637705240567,122.150793570059,81.2694657592773,134.155860900879,0,96.7188582420349,81.0949141012656,169.527444458008,0,114.986684117998,52.0712040481567,156.146377563477,0,176.549514770508,155.305212593079,172.274250030518,98.6748008728027,173.364934285482,0,0,0,193.644458770752,0,102.616968707649,153.188648023103,158.697708129883,167.810699462891,0,122.333852219856,66.8632577260335,103.077621508108,126.117407839063,0,164.022977327046,103.928397445118,141.71116933515,173.700904259315,124.536392756871,0,0,128.97216796875,123.529846191406
110.009672987461,60.3771530409991,37.4116610288247,64.0814015288996,159.678102493286,168.682450866699,167.730229105268,146.392547967461,143.148885717197,130.073046201235,166.67601285662,56.4121093417499,172.431456429618,133.834165638891,127.513812525459,156.09970327524,110.129497624043,11.7306148590337,63.0578968115201,29.5631276626065,167.22550201416,65.3407951377127,95.944095174107,32.0890267847658,137.501725137645,97.0937722524007,40.0360021326193,68.7944597672392,136.97296672222,109.141200799585,84.7311426328457,121.859476216634,205.404214477539,101.950500360699,44.8114158190025,198.045761108398,91.3615310668945,116.301292902307,114.408402473696,0,0,0,204.218819358132,210.342433929443,157.376475863987,217.415542602539,161.585231781006,0,147.414375305176,220.657501220703,202.913818359375,148.104096912202,123.489728417727,168.277740478516,127.962293897356,0,164.772271997788,119.90541862039,142.577070147078,181.662529500326,141.939041137695,124.506977779109,112.20270763512,195.311358477618,196.668100357056,194.294573270358,0,0,0,138.449359130859
144.475652868097,78.4069590732969,94.695001294536,87.146079903782,209.565999348958,144.345380147298,144.75399424235,186.373264312744,136.190747180617,159.430341547186,186.435758417303,22.6035866838078,181.732322692871,62.9193941338422,125.099290774419,184.635673522949,145.387321472168,63.0578968115201,9.44898296174328,23.052616404813,178.145004272461,119.543827793054,118.624002838135,102.509276501886,176.67529133388,50.6878602460083,40.1821160742655,65.9637407046392,178.763598124186,109.541223486674,134.135183623343,57.5843480461788,96.110907236735,139.034143720354,58.8553035766359,0,117.267509460449,154.982666015625,76.1461797078451,0,0,0,233.204467773438,0,199.873916625977,0,105.238616140265,0,90.6058152342496,245.814895629883,0,203.914708455404,165.943223317464,113.755618689195,132.614697331968,0,0,111.558135986328,171.740412394206,218.630193074544,71.5824811165793,109.049382680257,108.756046447754,239.871795654297,0,240.519577026367,106.487130834701,0,0,143.75279881404
139.041484476725,68.7970827123621,76.3035229614803,73.8902186374275,176.063873291016,0,169.906444549561,174.278812900666,168.742702939095,144.893676356265,190.836026509603,24.913014274423,177.106552124023,84.7727518815261,149.534587017902,0,142.250230698358,29.5631276626065,23.052616404813,11.324571263035,186.970687866211,97.6851583364617,111.08560333252,79.7374030670694,163.372222231145,52.1893996284122,30.6793096344657,73.437926448953,159.994598269463,128.534123632643,109.895834604899,74.7300261757591,235.069717407227,116.841129737564,46.2503451617995,0,140.024885177612,134.789095878601,112.942856343587,0,0,0,212.304721832275,242.926239013672,191.378982543945,0,132.970801762172,0,102.480813485605,0,0,163.259180704753,132.401014418829,117.455499013265,124.739385986328,0,173.663913726807,153.020033836365,169.53502473377,201.875061035156,91.69591861301,108.484973294747,112.31418969934,209.060557047526,219.420303344727,158.638763427734,127.160035027398,0,0,160.640822601318
119.472673416138,136.26099395752,187.460444132487,74.0575298081096,15.0114089354316,126.675003051758,61.6490211925287,85.6581891604832,89.5280669244819,43.3735886504268,15.76101138218,162.544909667969,16.7923807896058,165.623532613118,106.119551898223,58.8483146532314,125.155471801758,167.22550201416,178.145004272461,186.970687866211,9.82028177028004,171.180740356445,88.847319689664,175.524381365095,21.6548655587731,160.010459899902,178.061975097656,145.761100042434,28.6402612564771,109.725710973083,148.411754608154,0,136.796586990356,104.282963434855,98.8461531400681,180.307373046875,0,0,91.5407935551235,119.485354428439,161.53645324707,167.69083366394,154.404211191031,162.743665967669,100.009820443613,165.511872168301,0,13.4136405017799,206.407745361328,191.638774871826,139.745758056641,0,0,0,0,78.7520489406586,0,0,0,125.088987029759,204.382766723633,0,185.719223022461,160.942594973627,178.678316752116,173.751831054688,0,0,0,149.372039794922
83.5776986144963,109.95773747762,73.0883038846264,67.1647999685319,106.719043731689,154.624621073405,119.503082809448,78.6644156972567,108.676240418331,87.4519179849064,102.525323430181,106.227317203175,156.966500854492,171.245259602865,96.9887049216056,138.99141998291,23.8876053954225,65.3407951377127,119.543827793054,97.6851583364617,171.180740356445,14.1382886268755,59.8910722941261,34.6819990534472,55.7151774100296,138.266261100769,122.624315119235,85.4440129889163,34.3893090089072,72.9161342951395,36.2069634886184,157.480350494385,166.417455037435,48.1973267746308,48.941883233742,166.683209228516,0,146.426339149475,92.7321320685787,149.040542602539,0,182.800043741862,147.257210908113,223.438743591309,93.7675687517439,180.668914794922,207.382110595703,167.948638916016,0,172.477156205611,0,112.961582048712,177.742874839089,0,168.057376098633,214.187576293945,124.744026875292,73.467534767954,121.591035003457,126.147807681507,0,188.210867563883,144.333395697854,135.961278475248,157.781151771545,125.645615139523,0,226.366729736328,119.939885457357,136.436440652876
85.855574625843,27.4940445856424,56.6131206836019,36.2750081620362,77.2750936065401,181.336929321289,113.388732478304,86.9460801845644,127.645696557086,25.4829379980951,105.019794718424,101.154334333606,87.7115526835124,96.6534501711528,109.354958180019,77.2657032921201,30.0360593618471,95.944095174107,118.624002838135,111.08560333252,88.847319689664,59.8910722941261,9.88282374053175,58.2646151429669,41.6567602302595,71.9302058844731,97.86905907728,43.6514367764597,68.5955963740629,93.499728479329,56.1967509402288,118.553206787109,0,59.0935495816744,86.7612042931037,146.693725585938,0,109.474595031738,18.9958279166423,135.186126708984,179.952362060547,199.065419514974,156.413983917236,141.754762268066,115.418396843804,164.247326850891,149.58349609375,151.510173797607,130.188802083333,179.43709564209,0,60.5230118659235,136.180128097534,175.716700236003,135.21486227853,169.633272806803,77.2437460157606,53.2923704110659,69.4919625356141,120.682886547512,131.221466064453,149.550553003947,96.149329237677,134.640910868742,153.25105381012,104.717099380493,0,0,0,120.122231674194
89.5342707949254,75.3450782034132,35.1396625123284,55.2853966236247,113.375181310317,171.391583091334,136.558659393008,93.4839573895076,118.668496535973,107.198357814067,114.227817440919,85.3155967167446,178.227929251535,204.634985605876,104.401067479226,141.61472593035,24.7996668477846,32.0890267847658,102.509276501886,79.7374030670694,175.524381365095,34.6819990534472,58.2646151429669,18.8456507918437,70.426251268473,150.182576497396,83.7189535912047,54.4190498012094,64.0338533358233,95.7643192713793,63.0523930631077,162.622151692708,176.474946022034,82.1229689707522,54.6249835963461,180.855431556702,139.647674560547,112.278633911338,68.4930852900399,0,247.896301269531,201.471128675673,166.775564224001,196.923890304565,127.532077186986,188.394557189941,175.306491427951,0,0,192.279723240779,0,109.363367504078,141.096309979757,166.118240356445,157.045519902156,232.937469482422,129.190971202291,80.9327903874013,110.842843046517,143.342792056856,125.07506942749,163.657280908872,110.345608040139,159.061873377865,173.490895713248,139.563390452959,0,0,157.510320027669,133.701097990337
89.5451294092032,89.7942967452881,126.333788501973,45.6753048794244,20.9453535958752,106.817663828532,73.2932788694007,66.0070631591828,101.211766904943,25.2575914822503,64.402869518977,155.647348374587,31.1025018168411,148.390373097295,107.171478244041,42.6438745008696,36.4480503879276,137.501725137645,176.67529133388,163.372222231145,21.6548655587731,55.7151774100296,41.6567602302595,70.426251268473,13.4754893312038,125.444007908694,143.751714997892,99.8100731529423,24.9692039264984,91.3769395120401,72.0737401570188,174.930856068929,182.475975036621,76.7071095980131,109.103079989875,139.231690282407,240.739273071289,160.619187204461,73.3333292202074,127.715808908563,180.661514282227,159.512365186537,123.326940327942,152.30446137163,71.158848455974,141.016195320789,210.346768188477,118.859972476959,185.873580932617,160.466980624509,124.04697227478,128.265145089891,178.440921436657,198.59741973877,207.255271911621,124.904845418809,128.383837754559,85.1048615773519,139.066468945672,107.774983589714,242.223922729492,193.672960917155,167.689353179932,124.101060404448,143.666222357832,126.515329020593,220.748352050781,173.451133728027,124.748616600037,141.330299030651
135.625961303711,23.2853696671781,171.310217285156,31.2161914146994,167.033340454102,109.397266387939,137.587879180908,157.564472198486,102.791301806768,109.763918306205,169.191600799561,33.2974603939275,150.495700073242,21.0286537016189,97.8380701541901,146.911886427138,135.602093287877,97.0937722524007,50.6878602460083,52.1893996284122,160.010459899902,138.266261100769,71.9302058844731,150.182576497396,125.444007908694,9.38129511539557,45.5727662956749,23.5575135035806,162.658613477434,82.8394813537598,132.620655059814,48.5553098965998,96.3747673034668,133.564037322998,57.4822417912858,0,71.4125008583069,159.100296020508,43.3541211605072,0,0,240.413818359375,243.695327758789,0,0,0,77.0935830336351,0,59.0805322964986,0,0,0,0,87.6233155992296,108.37330191476,0,162.459762573242,106.895046234131,217.165588378906,161.096181233724,36.9865911079176,82.1710092332628,76.3838333974961,0,0,0,78.2552984757857,0,0,105.707835197449
136.552195739746,55.4890586505146,37.5095265669153,56.345809039224,164.475803722035,186.310397338867,162.426482494061,144.926834772168,154.984500410593,132.663644509872,171.748129192152,30.4079721138668,194.585206773546,22.6729842462449,144.651967172774,163.782005896935,125.963064624417,40.0360021326193,40.1821160742655,30.6793096344657,178.061975097656,122.624315119235,97.86905907728,83.7189535912047,143.751714997892,45.5727662956749,17.7173751166351,41.333959351818,148.757718845869,131.878659683066,125.204005396226,29.1340756820094,139.212362743559,132.935793558757,66.6055967384734,190.79337310791,102.834484100342,112.81662435117,93.4670357539736,0,0,214.625061035156,186.409820556641,223.029197692871,173.318995666504,208.339935302734,110.12233505249,0,91.5630534800087,210.679748535156,0,158.9636654324,113.32408189282,115.565517867239,111.003484736728,0,170.056779649523,129.666750793457,154.029829479399,182.867013113839,79.2047524792807,99.5775464164766,100.23252300861,200.39828139085,202.530258178711,182.174816676549,114.308703483419,0,219.201560974121,128.406957353864
131.429648884797,32.0661454414114,37.8810584303866,42.8474489817253,133.842609228677,145.0479777943,147.04221029044,113.789028255153,137.83420446435,116.204231509894,139.949219303607,58.3470058570012,162.403346736257,32.8990964638415,140.031072121723,141.579169651247,36.3375799176933,68.7944597672392,65.9637407046392,73.437926448953,145.761100042434,85.4440129889163,43.6514367764597,54.4190498012094,99.8100731529423,23.5575135035806,41.333959351818,17.0669554097802,100.847354100083,130.792319438602,108.239546598564,22.6061622914839,125.296727861677,122.007221527916,74.0792813072475,175.488405704498,105.897605455839,100.572748229574,70.6449460645693,170.034317016602,0,201.304793039958,175.743210579585,191.766222414763,148.98788989674,200.713696289063,107.546034352848,176.417327880859,85.2485226081765,188.048674938725,187.690777587891,120.016145006816,120.82160341441,108.968945151881,115.18424281648,0,147.796991941308,100.584956816513,112.82237930864,164.8668032208,68.8833320173499,102.690206112124,98.1706667609803,170.423419973468,179.920781649076,153.692890857515,104.431141506542,0,162.078178405762,123.769076183864
88.892280321317,119.941304706392,107.705165495252,62.6665725284153,18.7440992506198,131.54662437439,67.7326120906577,37.9410897508214,90.576759988926,58.2427442959788,33.6625603106069,156.211165259866,48.2379551096933,188.033484903971,89.7242095453374,79.302812077055,56.9637705240567,136.97296672222,178.763598124186,159.994598269463,28.6402612564771,34.3893090089072,68.5955963740629,64.0338533358233,24.9692039264984,162.658613477434,148.757718845869,100.847354100083,13.3041952767693,91.1615779288587,38.766245196605,193.219820658366,148.956946563721,71.0558902452327,74.3592112201384,140.473139582454,203.360193888346,171.552431678772,85.5625356648066,146.866055101451,169.896982828776,165.108259077196,129.556222295187,166.510328790944,83.4582405874174,158.804561628812,200.22620010376,110.8006239324,176.641098022461,166.061313074285,125.680362867272,134.158964040328,180.312181091309,235.106071472168,194.332489013672,153.523572557428,133.376699760779,108.42887847488,151.723814218986,117.87469725308,181.853713989258,202.420591990153,172.002189237018,135.733965414661,148.744081576299,127.054986504947,0,198.234687805176,138.875717757584,148.57816272974
19.2425097911759,131.296044667562,120.213246472261,82.1966761203424,101.290461702167,17.1740387426408,39.0241704791643,74.6927758633831,31.6076480378842,93.1134846837897,96.1486803021999,68.609887552569,109.129274805242,79.7713175906411,22.8700454485669,40.5787698314303,122.150793570059,109.141200799585,109.541223486674,128.534123632643,109.725710973083,72.9161342951395,93.499728479329,95.7643192713793,91.3769395120401,82.8394813537598,131.878659683066,130.792319438602,91.1615779288587,12.3315553605169,31.3568168244193,99.0861360168457,16.7569452989516,17.1092499898097,45.2944440797834,151.078186798096,0,180.394335065569,106.088322121756,0,0,202.192841847738,153.501480057923,185.915110996791,90.7112281267033,199.656743367513,244.346374511719,176.035893758138,109.34282430013,190.814723205566,193.768539428711,138.897092183431,201.037684122721,0,217.262020111084,0,139.090102455833,110.272429539607,164.999228490542,143.670704934075,0,184.468233548678,176.678300599794,149.8022055268,164.262112299601,145.573292892591,172.319122314453,207.094184875488,152.221265792847,161.752936321756
35.4517541267551,98.929936335637,89.7389170620661,59.9526797998271,98.9097595214844,113.261161804199,129.895221165248,27.0913479717557,93.0040611357576,62.2447814744772,93.2921365303329,120.485082414415,148.709882100423,166.497970581055,60.5156529127303,102.592584609985,81.2694657592773,84.7311426328457,134.135183623343,109.895834604899,148.411754608154,36.2069634886184,56.1967509402288,63.0523930631077,72.0737401570188,132.620655059814,125.204005396226,108.239546598564,38.766245196605,31.3568168244193,13.603089767345,201.29647064209,155.29109954834,32.7849646298925,40.8702658786796,142.543461390904,0,153.966908482143,82.7070319626358,151.818206787109,0,178.745184762137,134.985363408139,179.61025797526,77.2240132418546,176.018596942608,174.061660766602,207.760650634766,0,162.811990133146,0,117.057903760745,172.037156105042,207.385955810547,172.564676920573,155.955780029297,122.508690990101,80.0659742482503,133.917939573346,118.070183056823,0,184.752246856689,155.874896692347,126.639711363274,144.510019396172,123.844840530955,0,0,129.022361229206,135.70639849211
149.564655303955,72.3257573035456,114.228668212891,77.1955262568959,0,0,153.636386108398,185.34681447347,125.664873395647,142.270299275716,186.576955795288,40.8705843503556,192.494229125977,20.2656300311625,118.378218650818,167.634750366211,134.155860900879,121.859476216634,57.5843480461788,74.7300261757591,0,157.480350494385,118.553206787109,162.622151692708,174.930856068929,48.5553098965998,29.1340756820094,22.6061622914839,193.219820658366,99.0861360168457,201.29647064209,5.94916918524751,124.092685154506,167.550231933594,76.4173235656916,0,97.1451606750488,0,88.6740322113037,0,0,0,0,0,0,0,98.7764101028442,0,89.654726836641,0,0,185.112075805664,0,142.43665822347,121.964595249721,0,0,132.022476196289,0,237.271011352539,72.2343306908241,105.794206746419,110.091284260605,241.774765014648,0,0,114.820666313171,0,0,0
88.6540694236755,0,184.072883019081,175.02513885498,180.659088134766,7.23118452560533,21.5718972913804,136.532688656369,18.2619271137582,116.61011505127,128.00881542879,77.1249218816343,122.71969304766,88.9903804234096,17.5137071360387,37.3477469074483,0,205.404214477539,96.110907236735,235.069717407227,136.796586990356,166.417455037435,0,176.474946022034,182.475975036621,96.3747673034668,139.212362743559,125.296727861677,148.956946563721,16.7569452989516,155.29109954834,124.092685154506,5.03727553484868,47.8904190063477,38.4191119804811,0,0,0,0,0,0,0,202.814521789551,0,0,0,0,0,0,212.942398071289,0,0,0,0,0,0,0,0,0,194.687203979492,0,144.559677124023,168.518630981445,200.094607543945,211.073425292969,0,0,0,0,0
56.8882424566481,114.828102111816,121.425824972299,72.4593365366866,88.867104732629,0,101.761892155903,74.3308400570897,90.623617112195,82.7364624977112,88.3984781822062,112.650288548963,104.554061126709,206.002426147461,59.1653853371913,55.246620351618,96.7188582420349,101.950500360699,139.034143720354,116.841129737564,104.282963434855,48.1973267746308,59.0935495816744,82.1229689707522,76.7071095980131,133.564037322998,132.935793558757,122.007221527916,71.0558902452327,17.1092499898097,32.7849646298925,167.550231933594,47.8904190063477,7.32075173485494,43.6529692233078,165.506988525391,0,130.134948730469,106.017555236816,246.568237304688,0,237.494827270508,139.739540100098,161.458000183105,81.2347089327299,175.287689208984,0,0,0,173.388005574544,247.647857666016,107.251307678223,206.254699707031,0,0,0,133.489335536957,57.2539649963379,128.6986231486,132.451583579735,0,176.733181762695,175.584056854248,142.5088002631,142.508232116699,126.914257743142,0,0,121.671081542969,149.936798095703
80.9634264991397,70.9613058540259,76.2128434066439,70.1099020079639,104.420612792969,30.0631447576707,77.6169452165303,87.1906128053274,68.1751864486938,122.062873456302,92.0452860775112,31.4612799865734,101.91294503212,54.6414392210161,62.8763511205289,69.7513670921326,81.0949141012656,44.8114158190025,58.8553035766359,46.2503451617995,98.8461531400681,48.941883233742,86.7612042931037,54.6249835963461,109.103079989875,57.4822417912858,66.6055967384734,74.0792813072475,74.3592112201384,45.2944440797834,40.8702658786796,76.4173235656916,38.4191119804811,43.6529692233078,13.1638801517381,160.038731892904,158.782489776611,120.874827914768,86.9222241302035,155.229919433594,0,176.814898681641,158.10934270223,196.637451171875,127.916119384766,193.655385971069,134.319079399109,0,113.889529105945,193.411086470992,0,123.610702226747,145.572476492988,124.746523175921,131.935653099647,0,133.618727450901,101.993172327677,123.482627102877,148.832151821681,98.9466423988342,123.828536419829,118.938493338085,156.94665819251,177.271886698405,146.735029666982,147.489529418945,0,158.031973520915,157.069123268127
119.256385803223,0,182.490866767036,85.9171800613403,148.746963500977,0,224.482782999674,145.014204314261,174.846021652222,79.2001075744629,204.203464508057,0,0,0,166.709069388253,0,169.527444458008,198.045761108398,0,0,180.307373046875,166.683209228516,146.693725585938,180.855431556702,139.231690282407,0,190.79337310791,175.488405704498,140.473139582454,151.078186798096,142.543461390904,0,0,165.506988525391,160.038731892904,12.9848805106575,152.653816223145,105.602320447175,68.3224840666118,123.018105570475,0,111.843879754992,35.8909529687644,72.6248774019877,77.4177676752994,79.7032240786642,121.733967385641,127.165302124023,166.915245056152,21.6069519313449,31.0468526567732,113.675183614095,107.111427431386,141.139209096025,127.412203522979,97.641283902255,91.7826557749326,122.398675101144,98.0580963812584,89.5768148020694,0,123.266666073269,128.688783507749,91.4622718986424,24.650666885597,35.8592001729719,164.898994445801,80.5402205617804,42.9674352231233,88.0575222291808
0,0,86.7755391047551,58.2606549263,0,0,0,0,146.921035766602,0,177.103088378906,86.9389012654622,0,95.2345644632975,0,0,0,91.3615310668945,117.267509460449,140.024885177612,0,0,0,139.647674560547,240.739273071289,71.4125008583069,102.834484100342,105.897605455839,203.360193888346,0,0,97.1451606750488,0,0,158.782489776611,152.653816223145,8.24204777291218,45.8230419158936,21.7932580271338,123.924468994141,146.294509887695,133.518480300903,143.130741119385,159.659385681152,70.6931860213889,141.314692179362,71.0089735830984,105.521003723145,41.1113544599145,161.532390594482,110.295729244457,77.6752898476341,62.507863386622,73.1605481465658,64.6520749727885,0,85.8127670288086,24.0330368170635,88.0024933991609,83.9499092270843,19.3728116047489,55.8712599969679,29.7235279038114,120.510442560369,125.043627929688,119.349191938128,67.9538232629949,0,109.435478210449,73.7710716247559
172.112001691546,111.312494277954,96.2048539163895,77.7642245357984,187.594055175781,236.658767700195,201.797431945801,169.007680719549,191.461068895128,179.329437255859,191.941497802734,147.68138885498,228.712341308594,142.122779846191,183.378213882446,211.31965637207,114.986684117998,116.301292902307,154.982666015625,134.789095878601,0,146.426339149475,109.474595031738,112.278633911338,160.619187204461,159.100296020508,112.81662435117,100.572748229574,171.552431678772,180.394335065569,153.966908482143,0,0,130.134948730469,120.874827914768,105.602320447175,45.8230419158936,16.1240963195184,55.3226053714752,190.915873209635,171.889984130859,142.703924451556,104.254705281691,127.483228508948,113.288049390239,143.679010845366,105.914487650365,204.650043688322,93.7145065307617,123.075879506712,154.942302280002,96.6041451454163,48.3042261574773,86.8940494996715,81.0331157126078,194.552299499512,89.7901899681717,63.4340268876817,34.9736334661772,121.351717339187,142.328006744385,42.8253445226594,35.327173150106,114.800713792902,142.622695747239,100.611861408291,105.223637172154,184.911782515676,149.940969027006,77.4721015930176
