9.24481303201526,130.101219177246,93.1990903510643,69.2136454886578,88.9964407215948,85.8565153757731,88.5369612452496,27.4150100272755,35.6937407954176,64.994777928228,59.3572148230018,130.844500633978,91.3275691986084,149.105911254883,14.6808930416295,105.602924346924,132.744945526123,97.459453834495,138.816696166992,119.938867897823,84.6013364058275,73.9978182327344,89.5376697887074,88.3276954813206,78.0460661307148,0,111.004275033469,120.736853790283,75.1614346814408,14.2958043988388,28.2874895666581,154.736434936523,106.614319888028,51.9382610593523,86.4224327928531,145.011512756348,136.210090637207,167.395143706223,94.3111022949219,165.535858154297,0,154.302780151367,138.0195532768,154.33706580268,102.772249395197,198.002488878038,0,147.96159362793,0,168.099556370785,158.655075073242,135.504638671875,198.246173858643,0,0,0,167.57026163737,133.377801895142,170.038387044271,124.696573257446,0,185.948265075684,167.245002365112,135.44739951157,153.352644406832,138.244944058932,0,0,156.550086975098,150.337054443359
130.101219177246,7.98297823989202,38.9568902790668,25.5192551944719,105.294384002686,136.607246398926,160.787977218628,136.390525817871,140.708436754015,72.1454875136867,139.839799880981,73.5587314683564,107.077868374911,56.1212581353744,148.577065944672,107.340831393287,49.3594494935508,55.7033445718405,80.1183108011881,71.5215138454063,105.311408996582,107.104458148663,20.8751255083052,66.5436742936058,80.6684439029334,33.0264178750685,50.5507040707122,31.4353860652406,104.140081787109,115.29961681366,110.109066210295,82.0909787738134,0,146.569076538086,68.202520275116,0,56.4875106811523,75.152153317291,71.978530111767,172.800514221191,0,0,143.551595587479,172.790051269531,109.712128272423,159.579534357244,95.2450750524347,0,92.020435748714,178.278991699219,134.571258544922,105.689898681641,89.036183493478,104.784299214681,123.443264770508,223.088394165039,129.311892700195,75.1580368041992,89.4032677544488,129.759026160607,74.6397583253922,86.3193395694573,68.630642117952,158.050997840034,0,136.867511325412,134.428511619568,0,138.154235839844,83.2124344320858
93.1990903510643,38.9568902790668,13.7182706072771,52.1360947559575,122.484655380249,169.322309705946,138.729485524692,95.7133131818809,123.528586946532,106.168119956707,111.50817153606,86.4642394007748,173.883053080241,97.9202129657452,112.461214933288,138.083786010742,83.6947103801527,43.7912767714398,89.2336952053771,76.5946839500118,149.015348434448,63.3106010267359,45.9922613472774,27.4351549135474,115.242752214273,0,28.493487026292,33.7315758959533,85.2459513753385,109.008319235875,64.1862483942222,96.8139556081671,174.752638432018,99.4970235991896,64.1855441639932,182.43274307251,74.4134193035441,95.7113828331437,62.7781793951444,222.338165283203,0,201.685392379761,160.412572800905,189.843064773914,156.406518936157,187.131771269299,151.39727083842,227.333564758301,141.752388424344,182.857319913169,0,129.175207598456,111.227064852856,149.526897248768,137.091576122847,180.112297058105,141.402337607691,80.3656289424802,105.749372799958,155.130100439626,124.065514628092,111.422784498261,93.5795351230677,168.317149889351,179.100604767495,150.48858530768,162.286358642578,232.600524902344,167.875038146973,113.515436870296
69.2136454886578,25.5192551944719,52.1360947559575,20.789227694273,68.7706173488072,109.047251383464,96.6965920951929,66.6203374116317,82.5921475996051,20.2995732042826,82.9389832503312,101.664386251698,78.0179190635681,73.2048744333201,91.0668306235807,81.999361038208,30.3625826549224,71.1713700258642,81.7118721008301,75.7522527254545,78.6733226776123,60.9480462981017,22.5096236670313,52.3157218857065,43.0368965367505,25.5189386497844,58.3608732497949,38.7967073807273,58.5338699490416,79.8152201432448,60.9181568658964,98.7442636489868,122.235336635424,68.2609369784971,69.7644217134726,82.3637707233429,93.0481096903483,91.272403717041,16.209323115268,120.796049245199,0,108.637840517106,87.7761842839858,107.640256314664,32.6666064805622,109.690475463867,134.748652140299,114.118993318998,110.409583227975,113.187445627132,100.818143208822,54.9920732926349,79.4676426478795,165.749711608887,143.668848673503,102.266895675659,88.0759774949816,37.9396041598585,71.3959093322024,64.6410015010032,107.400760650635,102.385218726264,75.7117337385813,82.1427946878859,93.3464206994749,79.5007431030273,115.867057800293,109.95726776123,91.8179732428657,99.0090352739607
88.9964407215948,105.294384002686,122.484655380249,68.7706173488072,8.27942886155009,134.74651421441,62.4172015770062,73.4376710158128,98.7099338581688,49.2891046315774,32.9309396144799,0,28.1305117849811,0,105.763622965131,65.1893290351419,0,190.842021942139,0,167.587829589844,14.5630267744738,114.107303619385,68.3710186170495,145.733183288574,15.0270341918539,0,161.271028619064,136.72718706318,21.6348352081301,105.684624684321,118.100465502058,0,157.487603505452,94.637321359971,100.893304417642,155.213623046875,0,193.168360392253,95.1938095092773,16.648123387834,0,128.935450008937,138.791317270763,149.355639335437,91.9571010428415,125.369598178912,0,31.9139958897606,0,167.760265774197,91.4864095052083,154.497817993164,0,0,0,18.1274112654798,141.634747823079,170.775665283203,0,100.378266307724,0,0,167.784906659807,74.2515820785676,135.605098430927,162.720031738281,0,0,160.365567525228,163.254625956217
85.8565153757731,136.607246398926,169.322309705946,109.047251383464,134.74651421441,7.51706340743884,16.2457991750654,117.229380369186,35.6232469882595,77.5196956634522,118.487741230615,92.1127630060369,103.533050147286,85.1347579956055,27.2003528737791,17.202856305363,163.373352050781,175.990259806315,151.334325790405,139.21205663681,127.256303363376,147.076300048828,114.466194152832,144.239935441451,116.27201461792,80.6033630371094,191.606273287819,157.905568186442,129.76363426976,26.7198024298015,122.075542776925,147.546388414171,11.8967013001075,177.968185424805,42.8956355807147,180.301712036133,0,220.595489501953,132.622524261475,226.114379882812,0,211.957172393799,189.731949655633,218.202813284738,185.029463195801,211.270516967773,0,0,0,208.359051174588,0,171.161804199219,0,0,0,0,0,0,229.650680541992,169.439801384421,0,0,196.218032836914,189.447634887695,207.10244473544,177.765111923218,0,0,174.071067810059,191.730033874512
88.5369612452496,160.787977218628,138.729485524692,96.6965920951929,62.4172015770062,16.2457991750654,11.559766069376,64.7758301122591,30.8763922263253,78.3947556462399,34.2909526073836,174.67876985338,24.4732461173901,189.964766737994,37.6811110228729,12.7248255305954,166.019630432129,166.459431357013,180.414327870245,173.647676908053,36.174018287462,114.197717297462,133.840060710907,139.66666313036,81.376921435477,0,164.314339702885,166.383987375439,85.1093603553604,56.1940565472088,125.618992929873,192.404717105559,20.8739393430572,129.671638388383,102.156969535888,179.570225642278,174.346733093262,201.807287693024,132.5476101962,158.416997792769,0,167.887729076629,164.732529058689,178.628950805664,137.619285855974,171.584855435499,234.652252197266,155.779700201911,235.859161376953,193.987613562382,161.319061279297,173.946158272879,216.67317199707,237.445205688477,235.208480834961,165.27205657959,188.519689559937,178.706862449646,208.639854713723,145.467686075913,208.357020060221,215.00902577993,200.284088314281,163.86173511633,190.118905269738,177.379369374868,0,225.359504699707,202.963851928711,198.756517410278
27.4150100272755,136.390525817871,95.7133131818809,66.6203374116317,73.4376710158128,117.229380369186,64.7758301122591,12.5517315048528,64.3779265279664,63.3780329808468,22.9291043539763,158.314765642274,63.418505000253,176.740607261658,58.362033384931,81.0945464424465,94.3829584121704,109.799611182835,185.337333679199,121.426744378131,47.9819232527988,71.3928731862086,101.019710437672,83.6042448268608,65.3950489418977,182.592798868815,132.111878603604,115.608497432261,31.669765614959,69.0206346102011,21.4652353725074,180.658819901316,123.931975685871,70.5818926642923,88.1799131099562,142.605879696933,164.404716491699,174.222517160269,89.5329392643298,140.987692612868,0,151.755159343373,135.726277790013,156.355274852953,104.957167430096,155.447842850224,209.312316894531,153.060230618431,233.114082336426,168.650480303083,157.051790237427,135.279533794948,196.632184542142,226.777450561523,197.599792480469,161.200624254015,154.945521644924,121.207446394296,169.830509270562,120.319093576705,0,202.968351999919,171.662653605143,135.78402029569,158.373995052361,140.016112286112,0,170.066818237305,144.044320913462,158.072020279734
35.6937407954176,140.708436754015,123.528586946532,82.5921475996051,98.7099338581688,35.6232469882595,30.8763922263253,64.3779265279664,12.2809760527891,86.0070213304762,37.3651121592889,163.091840696988,86.0867037773132,183.583156871796,14.3611479337178,38.9598866771402,161.334591258656,138.838754737941,183.456511864295,162.21677464763,87.5164165349133,104.974471217146,139.082885510994,120.937914984567,91.2368728490203,141.727540969849,151.281272842109,150.106643490881,91.5226229833224,33.7200707914011,85.9157860126136,189.339372058247,23.0929796918998,115.02294172181,97.2850719100551,158.00120478091,175.026784261068,196.707954951695,121.896985735212,167.923666580864,187.116729736328,162.972409990099,154.7352357546,170.001277020103,123.969220638275,165.478937823956,231.442148844401,180.137404701926,227.308639526367,187.790875244141,189.136426289876,171.08745320638,219.974587758382,225.151911417643,222.900970458984,176.652395248413,192.04471206665,160.515364187735,191.244705458819,142.560103627433,151.566772460938,209.911371866862,193.516143087278,155.144800073526,183.886750539144,170.973303295317,245.671783447266,231.634506225586,162.822336832682,182.769057379829
64.994777928228,72.1454875136867,106.168119956707,20.2995732042826,49.2891046315774,77.5196956634522,78.3947556462399,63.3780329808468,86.0070213304762,8.68777892999865,79.5779279278171,136.75927154541,17.7685048985309,133.832805597894,85.0420913696289,21.163657333858,56.5175292308514,124.915107727051,141.755266189575,126.252476778897,49.7728470675464,65.868334521986,25.6334618223014,107.426056543986,23.4001837872489,107.685400107811,131.792377965591,109.551283946268,53.0209854441292,79.041610553818,60.035066941727,149.539685788362,118.306022644043,67.51601764134,85.4269896244657,105.331189836775,149.559951782227,173.701036725725,49.2595329284668,97.43646178707,118.167907714844,107.845966512507,109.142005946901,140.423120117187,37.3290518267771,112.217804653954,147.937553405762,82.0515368374911,173.041501080548,131.216548317357,76.2449111938477,88.5038102467855,121.02197265625,237.851791381836,230.19221496582,108.735088250576,127.624147751752,81.6451988538106,154.722250366211,84.6301996698639,189.335178375244,197.400610605876,179.721929277693,107.068806504065,131.081939132125,104.012577580471,188.750986735026,0,99.5792376200358,109.383508682251
59.3572148230018,139.839799880981,111.50817153606,82.9389832503312,32.9309396144799,118.487741230615,34.2909526073836,22.9291043539763,37.3651121592889,79.5779279278171,14.3162646148686,163.111225891113,23.218338016637,184.107073974609,65.4060452470941,71.7285178502401,136.939975738525,161.743824005127,189.013221740723,166.439025878906,22.7294520309693,81.41668368359,103.960796356201,111.136691663518,65.1692451264981,0,151.761193169488,134.610635612124,32.2897017978017,99.7999095292203,96.8150000744555,187.366680145264,128.186115607787,96.6916261672974,96.8077795007299,183.434086390904,171.611557006836,180.87162399292,142.499240330287,146.021538633518,181.706161499023,161.485009218739,149.656502405802,168.206766272104,103.80070784112,163.061403290609,245.176666259766,143.164102563491,0,192.693165370396,159.863046646118,175.615661621094,223.131301879883,0,0,160.156674583486,177.361764907837,174.197463989258,180.422853088379,131.035339795626,174.003494262695,209.295217895508,191.13111324968,157.158577536777,200.386259191176,182.497758178711,0,0,174.680859375,198.292006174723
130.844500633978,73.5587314683564,86.4642394007748,101.664386251698,0,92.1127630060369,174.67876985338,158.314765642274,163.091840696988,136.75927154541,163.111225891113,14.8443687738248,172.268797302246,26.44287558626,152.564715112162,159.426255544027,128.576679484049,40.1647917553368,22.5177297783421,20.8902960370106,168.885284423828,105.383147765543,104.595315469278,92.8052742815018,161.380981445312,42.7055290222168,38.4173279906968,73.1212018914849,157.161904311762,67.7193206084636,116.380220171771,53.8580610485612,65.8167122211862,108.994163513184,31.0965919421501,0,95.4977994646345,148.704196675618,102.404773712158,0,0,0,218.585998535156,234.470397949219,198.602406819661,0,102.559219798104,189.319969177246,90.7021793052798,231.51033782959,193.496231079102,162.042916870117,138.3488575862,109.691564099542,118.462937831879,0,181.892749786377,146.465326309204,156.153142929077,186.591177368164,77.755072579455,105.863675114146,111.241915031882,211.704412841797,194.388031005859,0,105.825714033477,0,175.025177001953,128.088213348389
91.3275691986084,107.077868374911,173.883053080241,78.0179190635681,28.1305117849811,103.533050147286,24.4732461173901,63.418505000253,86.0867037773132,17.7685048985309,23.218338016637,172.268797302246,10.9961084274342,235.608383178711,98.5083657967028,18.6747875854051,116.528938293457,173.717848205566,0,173.920257568359,16.1356996119254,150.776211547852,74.3115310668945,166.37813229031,30.998358300996,0,198.296069805439,150.097557678223,48.1480034586383,97.5993508897835,123.210069656372,0,117.791377084297,107.073887143816,103.078976117648,189.731491088867,170.345189412435,199.379867553711,121.391004562378,46.9987931816407,0,155.310073927337,152.349032526431,138.506596491887,99.4431186611369,144.735742813882,0,16.4441896840778,0,181.051664564345,112.845166778564,208.557998657227,247.016342163086,221.963500976562,0,35.8408016940563,164.317672729492,162.210861206055,0,115.228670377731,0,0,194.330380249023,123.339729107032,170.153321743011,206.225868225098,239.130187988281,0,0,172.864646911621
149.105911254883,56.1212581353744,97.9202129657452,73.2048744333201,0,85.1347579956055,189.964766737994,176.740607261658,183.583156871796,133.832805597894,184.107073974609,26.44287558626,235.608383178711,10.9676699296789,167.733834102236,176.265391031901,121.053248935276,107.333779335022,63.3199208577474,83.7113661589446,0,163.877624511719,92.048688670296,125.506755371094,155.004870766088,24.5371176197935,39.922096997202,39.0967915130864,175.33519660102,101.118151520238,145.161742470481,17.1175209163899,104.366026242574,137.783422851563,69.7733428825166,192.141876220703,88.6157910577182,150.29313659668,68.3515083567302,240.959808349609,0,0,181.599304199219,211.305938720703,163.276672764828,0,83.542666289766,0,61.806337391625,243.654403686523,0,0,143.578080919054,114.102859310988,131.718835127981,0,231.104888916016,119.943400192261,160.237747192383,187.764199150933,64.2794250704889,111.980337158972,104.033841011741,226.677861531576,137.149318695068,0,95.4658369817654,0,0,113.691992078509
14.6808930416295,148.577065944672,112.461214933288,91.0668306235807,105.763622965131,27.2003528737791,37.6811110228729,58.362033384931,14.3611479337178,85.0420913696289,65.4060452470941,152.564715112162,98.5083657967028,167.733834102236,9.08138751459072,46.733927486507,140.259410313198,118.395495675244,165.042096224698,144.641741833656,101.002858881919,97.0937344914904,126.715577376516,108.651330001711,100.597699052544,0,136.668499396061,141.933767387969,93.7755552550094,15.2623879063174,66.4067104907907,170.559725674716,13.034562721411,86.871467641882,85.5040885099208,160.813252040318,150.463466644287,180.494995355606,114.699596263744,173.638087463379,0,186.594334920247,161.374905791106,178.32012270208,140.042429837314,193.802241007487,234.705160522461,179.691780090332,0,186.750614748163,190.893741607666,137.171244621277,209.862984551324,223.732872009277,219.919469197591,158.739181518555,177.046062469482,153.937382037823,186.238530476888,146.349516507662,209.769416809082,206.951321738107,185.029516446388,160.033532010831,176.641485691071,164.9641679417,0,218.061157226562,195.28010559082,183.660787245807
105.602924346924,107.340831393287,138.083786010742,81.999361038208,65.1893290351419,17.202856305363,12.7248255305954,81.0945464424465,38.9598866771402,21.163657333858,71.7285178502401,159.426255544027,18.6747875854051,176.265391031901,46.733927486507,8.62482118127051,98.669771194458,156.131500244141,199.186447143555,124.428703308105,49.3419247130434,120.014770507812,75.8717511710474,126.187882995605,50.7056195755899,146.074043273926,167.026605224609,141.043988297625,78.2107539592973,55.9788684368134,140.411313374837,204.6796875,42.8509705631608,92.8544591267904,66.7998760768345,0,0,179.567352294922,129.354568481445,100.674198150635,0,186.648412068685,160.357131958008,0,0,163.772022792271,0,82.2193298339844,0,182.719123840332,0,0,0,0,0,134.450359344482,0,0,0,139.318772210015,0,229.682144165039,189.782836914062,160.030939835768,182.38207244873,146.852310180664,0,0,0,0
132.744945526123,49.3594494935508,83.6947103801527,30.3625826549224,0,163.373352050781,166.019630432129,94.3829584121704,161.334591258656,56.5175292308514,136.939975738525,128.576679484049,116.528938293457,121.053248935276,140.259410313198,98.669771194458,10.9383817013771,101.576322539514,0,128.725646972656,197.548629760742,21.9441430005,24.9139094904755,18.4779929524208,23.7099339431238,93.2328777313232,114.112694459803,25.6653591001953,36.1717581787417,112.735405604045,77.7110662419745,132.707623995267,169.653533935547,79.5705315726144,85.8534828348363,193.871337890625,103.184743245443,111.782723974009,73.8227149963379,0,0,195.401077270508,155.411196621982,181.950245448521,123.053583145142,177.790400913783,165.589164733887,182.123268127441,136.662490844727,174.833410644531,0,98.9194539015128,149.396723175049,172.218246459961,169.090194702148,0,114.412268468111,72.3938034779927,106.727470524738,117.12497029406,166.051261901855,149.768229166667,99.7373490510164,127.061343997133,113.920506795247,115.416043735991,0,0,109.374565124512,119.152840218893
97.459453834495,55.7033445718405,43.7912767714398,71.1713700258642,190.842021942139,175.990259806315,166.459431357013,109.799611182835,138.838754737941,124.915107727051,161.743824005127,40.1647917553368,173.717848205566,107.333779335022,118.395495675244,156.131500244141,101.576322539514,8.66005693679634,53.1937891123246,23.1191010243508,184.970111423069,68.3796802962815,85.8862858454386,23.4061548630852,131.218526026408,87.6178455352783,39.8035939789937,68.5274967042849,130.100297264066,97.3642971029814,73.7619019572155,110.534659012504,179.699283893292,83.0981214746856,39.5871212851851,188.2998046875,89.1502174801297,112.595654787841,83.2471563021342,168.773849487305,0,217.696620941162,177.311720998664,210.792161051432,155.388258361816,178.197006225586,132.611475894326,0,135.419430202908,198.269006582407,226.755905151367,144.201592309134,118.392410081008,138.156480577257,128.331775559319,194.638702392578,153.381156401201,116.610255050659,129.978945717293,188.473466600691,99.9578541842374,109.753669165769,109.02510376568,181.893541373459,189.622104351337,167.514857700893,163.872823079427,172.000991821289,168.208262125651,130.386584231728
138.816696166992,80.1183108011881,89.2336952053771,81.7118721008301,0,151.334325790405,180.414327870245,185.337333679199,183.456511864295,141.755266189575,189.013221740723,22.5177297783421,0,63.3199208577474,165.042096224698,199.186447143555,0,53.1937891123246,8.53584756707472,9.46042659800432,0,143.42467212677,105.595091247559,120.262323552912,161.743072509766,50.1487893545499,26.5749575282307,69.3629101097829,179.651208496094,95.4521192169189,115.900245666504,60.5420253076981,102.305150032043,130.317767551967,64.4028454610746,0,118.658870697021,175.081130981445,94.3349564870199,0,0,0,181.182235717773,0,182.779571533203,0,105.955166186317,0,99.5396836838632,174.331848144531,0,183.168273925781,127.074366251628,110.228626970975,115.103827056885,0,0,169.255615234375,0,214.483711242676,86.8321941375732,106.88421823619,110.047770905603,239.737701416016,196.033317565918,188.566787719727,110.449599822362,0,0,135.926569257464
119.938867897823,71.5215138454063,76.5946839500118,75.7522527254545,167.587829589844,139.21205663681,173.647676908053,121.426744378131,162.21677464763,126.252476778897,166.439025878906,20.8902960370106,173.920257568359,83.7113661589446,144.641741833656,124.428703308105,128.725646972656,23.1191010243508,9.46042659800432,8.61127850816228,0,94.852435781732,102.219399938044,78.0460553148183,152.881794682256,50.8972498404013,25.3555890947544,73.3571610592854,140.008739195008,112.365259755956,97.903468933915,69.2318761825561,101.678469489602,100.302754150909,40.0103094502829,151.720062255859,91.7804058922662,135.178980450298,95.5055274963379,0,0,0,198.920451572963,231.242349243164,195.631647745768,0,113.298397064209,0,105.081495761871,199.362286376953,0,169.112614101834,120.924038152585,110.672654120477,110.009278793335,0,173.318498091264,161.525440562855,158.850232050969,196.533096313477,83.8307247319497,102.193499976985,107.888278686048,188.455574035645,198.208264668783,181.641106499566,109.326660688533,242.139617919922,0,118.215109290146
84.6013364058275,105.311408996582,149.015348434448,78.6733226776123,14.5630267744738,127.256303363376,36.174018287462,47.9819232527988,87.5164165349133,49.7728470675464,22.7294520309693,168.885284423828,16.1356996119254,0,101.002858881919,49.3419247130434,197.548629760742,184.970111423069,0,0,11.1506994142708,122.37495803833,99.4294586181641,147.466772715251,24.9342592003979,0,178.183412031694,153.909616152445,35.8323737259995,103.901202937304,128.883389064244,0,138.533587137858,102.543286530868,95.7213826365285,0,178.161155700684,198.648040771484,148.213320050921,50.0280711617906,0,148.340255799841,149.341699741505,160.919332387496,96.8262234477254,146.985098155825,0,51.5018356893851,0,181.493907727693,106.147958374023,173.552833557129,225.90412902832,0,0,112.826732409819,153.983306884766,185.805465698242,174.731689453125,123.356655797033,0,0,196.240653991699,142.620057218385,175.793938084653,187.561912536621,0,0,0,170.972171020508
73.9978182327344,107.104458148663,63.3106010267359,60.9480462981017,114.107303619385,147.076300048828,114.197717297462,71.3928731862086,104.974471217146,65.868334521986,81.41668368359,105.383147765543,150.776211547852,163.877624511719,97.0937344914904,120.014770507812,21.9441430005,68.3796802962815,143.42467212677,94.852435781732,122.37495803833,11.778116885034,53.6529688195766,28.4967358549154,63.393200753304,115.306900024414,110.34254222446,66.8695713048485,28.663239419167,72.1941240098741,25.5703611563716,157.209414164225,138.037045288086,25.400657158221,48.6690154174275,145.733237130301,168.113876342773,151.342340322641,107.791130065918,153.810546875,0,194.36784362793,158.492476592193,174.253917694092,131.371203104655,194.710833740234,177.993037632533,201.904525756836,211.488388061523,166.812593460083,0,110.491458630932,162.795037642769,206.4443359375,193.050389607747,0,122.537430687692,88.3842793590618,120.782314070478,128.210929713298,219.57470703125,184.994354248047,134.158108313878,131.144035726242,142.319888659886,123.323641094142,0,0,122.927815340003,130.380441018809
89.5376697887074,20.8751255083052,45.9922613472774,22.5096236670313,68.3710186170495,114.466194152832,133.840060710907,101.019710437672,139.082885510994,25.6334618223014,103.960796356201,104.595315469278,74.3115310668945,92.048688670296,126.715577376516,75.8717511710474,24.9139094904755,85.8862858454386,105.595091247559,102.219399938044,99.4294586181641,53.6529688195766,8.4459955816125,52.908677503532,33.2386713460482,71.0290152212986,96.1853891137528,34.2280293613407,60.0127072811936,99.6849966049194,60.7071538843366,116.819546575132,119.055824279785,70.4092331963616,68.8985422801676,109.1345799764,100.980079650879,70.1286634469961,31.0665983642851,133.217942810059,0,150.309566497803,133.460552427504,141.515846252441,80.2383346557617,144.822432518005,133.793268839518,133.707550048828,126.979257632525,178.8949608436,100.97290802002,59.4832720223567,129.995705922445,177.927093505859,138.919702529907,141.792446899414,78.4250752725151,37.1140916795906,71.9624281319958,100.254737042366,106.636806488037,146.569294553815,64.5135824614101,109.71184128406,127.622319902693,87.124730837095,148.122009277344,0,106.34924030304,90.5780557772008
88.3276954813206,66.5436742936058,27.4351549135474,52.3157218857065,145.733183288574,144.239935441451,139.66666313036,83.6042448268608,120.937914984567,107.426056543986,111.136691663518,92.8052742815018,166.37813229031,125.506755371094,108.651330001711,126.187882995605,18.4779929524208,23.4061548630852,120.262323552912,78.0460553148183,147.466772715251,28.4967358549154,52.908677503532,15.644012014043,84.6868516611603,0,67.048488943625,46.5170951371475,62.0227880149052,93.8482734139244,52.9392518147036,127.211166699727,148.512333796575,70.0028125718862,53.6758310342915,174.855676269531,113.417314009233,105.993292554677,63.9861572137936,0,0,180.322294235229,170.466913784251,194.004439916366,173.249523925781,185.517881120954,192.03125,173.350463867188,161.737925211589,189.253207524618,200.473052978516,105.862689334772,140.827297065831,182.229763031006,167.48321463845,188.349960327148,125.124049184611,82.618222210238,115.619808405306,144.731151190671,0,149.480448653058,107.375826082617,153.786057616309,165.158899407638,135.768059090822,0,0,140.981526511056,132.734544372559
78.0460661307148,80.6684439029334,115.242752214273,43.0368965367505,15.0270341918539,116.27201461792,81.376921435477,65.3950489418977,91.2368728490203,23.4001837872489,65.1692451264981,161.380981445312,30.998358300996,155.004870766088,100.597699052544,50.7056195755899,23.7099339431238,131.218526026408,161.743072509766,152.881794682256,24.9342592003979,63.393200753304,33.2386713460482,84.6868516611603,13.0019634437484,119.694835755883,134.868757956698,83.6409008840087,22.7061018023232,92.0707029504186,82.7354043126989,161.008116340637,135.051585038503,76.3929084290849,98.2716578683833,131.717032841274,137.523867289225,153.253166256529,81.4732330743369,122.986774870254,186.468975830078,136.968418074703,123.905958878152,141.252735360463,76.5112781366591,132.368032860871,195.63830449031,122.584647807669,189.691070556641,155.62389235063,127.185995542086,103.244558352516,177.439444065094,209.796635945638,212.283966064453,128.179501505293,118.61478729623,89.7986579663826,138.831415203256,106.328459974847,200.270294189453,186.961824103967,161.438459875229,121.617206063457,140.97891306915,122.806787095539,173.841720581055,178.184773763021,127.353033763606,138.955150346814
0,33.0264178750685,0,25.5189386497844,0,80.6033630371094,0,182.592798868815,141.727540969849,107.685400107811,0,42.7055290222168,0,24.5371176197935,0,146.074043273926,93.2328777313232,87.6178455352783,50.1487893545499,50.8972498404013,0,115.306900024414,71.0290152212986,0,119.694835755883,10.4769504645888,48.0267329359259,29.2782595721322,146.080863952637,63.5003878275553,162.34814453125,56.2164764609388,88.7250417073568,0,76.0379388453597,177.564788818359,82.4110505845812,106.641159057617,68.9345373085567,0,0,0,220.543884277344,0,151.062193650466,203.683174133301,82.0739528388734,0,69.071417783286,0,0,0,70.2100296020508,86.2193636011194,102.843558571555,0,0,132.488049316406,0,165.278342352973,52.1345009980378,81.1655554799639,80.6460068024785,222.547637939453,171.358144124349,0,88.2690898462669,128.18798828125,0,113.084147713401
111.004275033469,50.5507040707122,28.493487026292,58.3608732497949,161.271028619064,191.606273287819,164.314339702885,132.111878603604,151.281272842109,131.792377965591,151.761193169488,38.4173279906968,198.296069805439,39.922096997202,136.668499396061,167.026605224609,114.112694459803,39.8035939789937,26.5749575282307,25.3555890947544,178.183412031694,110.34254222446,96.1853891137528,67.048488943625,134.868757956698,48.0267329359259,14.1546012348259,35.089417290819,132.787983431573,115.573162241185,101.127402991218,22.5202231493639,150.495073748064,104.121309738655,61.5380066762348,196.045510864258,89.9182821503768,110.010168711344,111.129524919722,0,175.548233032227,228.102635701497,181.849668986003,210.714684271043,177.39511771824,222.445829603407,112.40504351202,220.831878662109,97.8946807432844,197.910076664943,184.352493286133,155.297489019541,107.053183046414,109.300028600376,106.631940792364,0,169.355342102051,133.135182297021,142.835558613454,180.879763475105,80.6843295613475,96.9383707707168,98.798273775496,189.977637396918,185.612201799665,180.87766495962,108.822412980471,199.774597167969,161.308979034424,111.480185077708
120.736853790283,31.4353860652406,33.7315758959533,38.7967073807273,136.72718706318,157.905568186442,166.383987375439,115.608497432261,150.106643490881,109.551283946268,134.610635612124,73.1212018914849,150.097557678223,39.0967915130864,141.933767387969,141.043988297625,25.6653591001953,68.5274967042849,69.3629101097829,73.3571610592854,153.909616152445,66.8695713048485,34.2280293613407,46.5170951371475,83.6409008840087,29.2782595721322,35.089417290819,15.2568429748773,83.2067790844214,125.772856913424,113.635726963708,32.0401777960581,138.784675961449,125.944043832667,72.4218588695398,185.380048828125,84.8312806135771,94.8771064282657,55.8301743005823,206.971255493164,142.475799560547,196.041393280029,167.962765339785,197.59970659079,161.918363519617,189.522342158299,114.148415886292,195.084131028917,95.7527885885214,197.426140332744,195.26259358724,99.7583394840064,111.046032452013,113.298336686315,111.194399619418,234.827865600586,131.39121383188,77.54653267416,107.34029896079,154.193842870787,81.6098163119394,99.7308533885252,94.2277551285428,164.527749297816,177.769519805908,166.734887334227,109.420378302649,136.60559463501,186.084267510308,115.147553437985
75.1614346814408,104.140081787109,85.2459513753385,58.5338699490416,21.6348352081301,129.76363426976,85.1093603553604,31.669765614959,91.5226229833224,53.0209854441292,32.2897017978017,157.161904311762,48.1480034586383,175.33519660102,93.7755552550094,78.2107539592973,36.1717581787417,130.100297264066,179.651208496094,140.008739195008,35.8323737259995,28.663239419167,60.0127072811936,62.0227880149052,22.7061018023232,146.080863952637,132.787983431573,83.2067790844214,14.3532233475657,88.3959879971543,50.6823191520311,169.365618192233,135.745169009802,71.3058829995187,74.8696113394904,135.061885716365,149.793956120809,159.121164397331,93.8230474240312,113.034995011661,188.013275146484,151.773188888195,131.368860930488,153.792379771962,93.6564472826516,151.635706046473,207.881780287799,121.745048731823,222.542770385742,160.115934324538,165.031700134277,114.596281171285,184.249706361352,208.668706258138,210.352020263672,148.360745640983,128.216068199703,102.929383871985,144.139721008118,113.639964225523,207.377294921875,198.490953307221,165.56048878261,133.11892201817,144.384428489268,126.784820715341,0,187.846374511719,127.481016290599,144.176682519131
14.2958043988388,115.29961681366,109.008319235875,79.8152201432448,105.684624684321,26.7198024298015,56.1940565472088,69.0206346102011,33.7200707914011,79.041610553818,99.7999095292203,67.7193206084636,97.5993508897835,101.118151520238,15.2623879063174,55.9788684368134,112.735405604045,97.3642971029814,95.4521192169189,112.365259755956,103.901202937304,72.1941240098741,99.6849966049194,93.8482734139244,92.0707029504186,63.5003878275553,115.573162241185,125.772856913424,88.3959879971543,10.0565561567103,27.6295497776838,105.130412778993,16.6083110869651,13.4502457509934,33.6422678567376,151.47688405654,180.332633972168,173.751322021484,102.327054744813,173.433289591471,0,178.484679713394,159.0268673267,178.023185941908,128.257611549507,189.939598592122,192.997830200195,165.540604224572,157.689680099487,183.423862367164,168.47651163737,124.679304917653,184.90762201945,195.772632598877,197.780614852905,199.481915610177,138.151730464055,120.237597258195,165.877427467933,139.672584416316,131.01579284668,177.688971455892,171.443761584828,153.305428208387,161.101575004984,144.667032623291,0,0,149.460146286908,163.838404893875
28.2874895666581,110.109066210295,64.1862483942222,60.9181568658964,118.100465502058,122.075542776925,125.618992929873,21.4652353725074,85.9157860126136,60.035066941727,96.8150000744555,116.380220171771,123.210069656372,145.161742470481,66.4067104907907,140.411313374837,77.7110662419745,73.7619019572155,115.900245666504,97.903468933915,128.883389064244,25.5703611563716,60.7071538843366,52.9392518147036,82.7354043126989,162.34814453125,101.127402991218,113.635726963708,50.6823191520311,27.6295497776838,12.1856056316192,166.216401100159,124.499655540953,41.7002002645894,40.5132994644135,136.158485910167,107.530735015869,148.711522325177,98.2153312182817,161.780759175618,211.392837524414,170.279679581926,141.094489840319,165.824896928741,100.095051405165,183.057025251717,207.137683105469,173.648844401042,0,161.475319819664,0,111.050769063999,184.669438114873,226.36604309082,198.238868713379,167.058174133301,123.473497040207,88.1452893525167,126.237900098864,121.254116263441,0,182.311507860819,156.030142767955,130.551402515173,144.469630320361,126.662622048111,0,211.117652893066,124.910020253015,131.517257632631
154.736434936523,82.0909787738134,96.8139556081671,98.7442636489868,0,147.546388414171,192.404717105559,180.658819901316,189.339372058247,149.539685788362,187.366680145264,53.8580610485612,0,17.1175209163899,170.559725674716,204.6796875,132.707623995267,110.534659012504,60.5420253076981,69.2318761825561,0,157.209414164225,116.819546575132,127.211166699727,161.008116340637,56.2164764609388,22.5202231493639,32.0401777960581,169.365618192233,105.130412778993,166.216401100159,9.17048164876548,116.951738993327,136.055603027344,79.0934933517533,0,128.171688842773,159.119995117188,129.007664998372,0,0,0,212.645716349284,240.459442138672,203.05269241333,0,105.684706006731,0,96.454694647538,205.731948852539,0,203.416473388672,146.479995727539,116.120833714803,130.982829354026,0,0,147.186229705811,165.458511352539,228.800776163737,87.0026681688097,116.238591865871,117.222512489927,0,202.759287516276,0,111.830410986832,0,0,126.910782623291
106.614319888028,0,174.752638432018,122.235336635424,157.487603505452,11.8967013001075,20.8739393430572,123.931975685871,23.0929796918998,118.306022644043,128.186115607787,65.8167122211862,117.791377084297,104.366026242574,13.034562721411,42.8509705631608,169.653533935547,179.699283893292,102.305150032043,101.678469489602,138.533587137858,138.037045288086,119.055824279785,148.512333796575,135.051585038503,88.7250417073568,150.495073748064,138.784675961449,135.745169009802,16.6083110869651,124.499655540953,116.951738993327,5.87175168419955,155.568394470215,37.4287154941108,213.282764434814,0,0,128.819107055664,0,0,217.305530548096,196.704271756686,212.060053507487,164.759536743164,213.784675598145,0,232.700256347656,141.345397949219,220.952273050944,0,211.458938598633,0,0,0,0,173.234283447266,201.830139160156,156.545913696289,177.325262112088,0,133.732856750488,157.491540091378,194.349761340083,203.309980912642,183.695785522461,143.593688964844,0,192.363316853841,0
51.9382610593523,146.569076538086,99.4970235991896,68.2609369784971,94.637321359971,177.968185424805,129.671638388383,70.5818926642923,115.02294172181,67.51601764134,96.6916261672974,108.994163513184,107.073887143816,137.783422851563,86.871467641882,92.8544591267904,79.5705315726144,83.0981214746856,130.317767551967,100.302754150909,102.543286530868,25.400657158221,70.4092331963616,70.0028125718862,76.3929084290849,0,104.121309738655,125.944043832667,71.3058829995187,13.4502457509934,41.7002002645894,136.055603027344,155.568394470215,8.92737741040047,36.8862729963514,167.543922424316,174.908025105794,155.174801793592,114.792626953125,179.352432250977,0,180.147724696568,143.955991547683,157.957664489746,105.40662044949,185.691567557199,194.15788269043,158.107231140137,197.265800476074,163.526572779605,0,109.668516755104,156.675445556641,198.024063110352,175.242767333984,192.367314656576,122.018295867534,93.564714550972,133.022150336372,121.969869038415,0,176.841187371148,175.200542926788,133.877652243962,140.583026885986,123.904172608347,0,0,121.994295501709,140.598954573922
86.4224327928531,68.202520275116,64.1855441639932,69.7644217134726,100.893304417642,42.8956355807147,102.156969535888,88.1799131099562,97.2850719100551,85.4269896244657,96.8077795007299,31.0965919421501,103.078976117648,69.7733428825166,85.5040885099208,66.7998760768345,85.8534828348363,39.5871212851851,64.4028454610746,40.0103094502829,95.7213826365285,48.6690154174275,68.8985422801676,53.6758310342915,98.2716578683833,76.0379388453597,61.5380066762348,72.4218588695398,74.8696113394904,33.6422678567376,40.5132994644135,79.0934933517533,37.4287154941108,36.8862729963514,12.6601206741689,159.895158555773,99.408411026001,114.103802839915,86.5972611904144,177.666249956403,225.415878295898,191.866543769836,161.993238288665,175.458224647924,151.70553894043,184.289581298828,163.967037200928,142.698698043823,138.112828670404,173.641976558801,191.346527099609,115.679274129868,130.51138604856,142.700661621094,124.359197775523,207.97815246582,124.739792372051,103.453571073471,126.739455019195,135.041962759835,106.478606612594,120.708419647976,117.928158187396,148.327413756272,156.355603959825,133.957707931746,129.168558938163,0,142.57604598999,131.423304578993
145.011512756348,0,182.43274307251,82.3637707233429,155.213623046875,180.301712036133,179.570225642278,142.605879696933,158.00120478091,105.331189836775,183.434086390904,0,189.731491088867,192.141876220703,160.813252040318,0,193.871337890625,188.2998046875,0,151.720062255859,0,145.733237130301,109.1345799764,174.855676269531,131.717032841274,177.564788818359,196.045510864258,185.380048828125,135.061885716365,151.47688405654,136.158485910167,0,213.282764434814,167.543922424316,159.895158555773,8.52424847828153,136.794013977051,122.289000940687,73.8446518421173,100.355070371886,83.296257019043,93.999476627637,23.0166789922176,62.9997239173653,71.3731458563554,89.0344116489093,128.412598586664,116.715046932823,147.487008361816,25.3068985948981,93.4863611857096,87.9606463114421,118.425696350807,142.587945630473,130.571058358719,99.9030021031698,84.3109401834422,74.4752276385272,109.547574412028,90.6935612878134,139.952298845564,125.966224989966,142.699721539607,90.0125575882068,17.575930668739,37.7168769379387,161.255594526018,91.746711730957,49.7430666633274,81.5254860025771
136.210090637207,56.4875106811523,74.4134193035441,93.0481096903483,0,0,174.346733093262,164.404716491699,175.026784261068,149.559951782227,171.611557006836,95.4977994646345,170.345189412435,88.6157910577182,150.463466644287,0,103.184743245443,89.1502174801297,118.658870697021,91.7804058922662,178.161155700684,168.113876342773,100.980079650879,113.417314009233,137.523867289225,82.4110505845812,89.9182821503768,84.8312806135771,149.793956120809,180.332633972168,107.530735015869,128.171688842773,0,174.908025105794,99.408411026001,136.794013977051,7.07971281386629,47.4033768478705,29.7826898686943,115.371049245199,0,139.625575256348,119.903916383401,138.262924957275,78.7210482567458,154.549173990885,73.7481117248535,147.63639831543,56.4917306675253,144.00906419754,103.147857249867,86.4734926638396,61.2937681674957,75.5612041868012,69.5081062745512,143.493629455566,104.721960279677,18.41004632342,60.2158074329809,82.6000360302652,22.2616535352834,47.0313015735056,31.9380442177284,111.420578296368,128.26844356371,116.886093987359,76.657604044134,116.382949829102,89.3242263793945,69.8124915176297
