9471,4,462,5,4,0,9,6067,423,12,605,5,9,8,14047,2,6,439,8,55,7,373,13,1158,44,1,266,214,126,7801,6824,3,3,83,123,0,0,0,5,0,0,0,0,0,2,0,0,0,0,0,0,0,0,1,0,0,1,1,0,2,0,0,1,0,0,0,0,0,0,0
4,4798,101,1128,5,0,2,11,21,417,7,206,2,343,14,12,169,642,135,700,1,32,4404,168,1260,2633,841,1774,70,23,43,66,0,9,670,0,0,0,41,0,0,0,0,0,0,0,0,0,0,0,0,0,7,2,12,0,0,0,0,4,10,12,4,3,0,0,0,0,0,2
462,101,24886,126,17,2,52,3640,1438,124,454,64,12,14,1465,9,123,6315,124,740,1,1585,135,20093,581,24,16998,30188,3107,665,2486,68,10,196,1827,1,0,7,147,0,0,2,3,1,7,2,2,1,0,2,0,2,28,1,9,1,0,3,8,24,0,10,11,10,5,1,1,0,0,2
5,1128,126,1367,10,0,3,90,49,3310,52,113,4,374,27,40,211,380,102,235,0,61,2049,412,2667,757,498,576,213,59,79,59,1,39,391,3,1,9,287,2,0,6,10,6,204,7,1,2,0,3,0,27,19,3,13,3,7,372,18,186,4,21,22,52,14,6,0,0,2,12
4,5,17,10,17148,0,281,250,165,241,5103,2,3800,0,58,44,6,6,0,0,19703,6,54,31,6128,3,20,55,8217,99,19,1,4,25,33,0,0,0,13,2315,0,14,7,4,3,135,0,109,0,2,0,0,0,0,0,1230,0,0,0,128,0,0,1,285,3,0,0,0,0,0
0,0,2,0,0,1403,1721,5,126,22,18,1,52,1,29,1869,1,2,0,0,1,1,1,6,8,0,3,3,8,156,2,0,2979,0,4,0,0,0,0,0,0,0,0,0,0,0,0,1,0,0,0,0,0,0,0,0,0,0,1,0,0,0,0,0,0,0,0,0,0,0
9,2,52,3,281,1721,64796,249,11657,61,12027,32,15336,20,533,2904,3,11,4,3,1099,13,2,68,194,5,38,41,1408,567,35,4,1752,11,77,0,0,0,5,0,0,2,1,0,2,1,0,30,0,1,0,0,0,0,0,1,0,0,0,18,0,0,1,5,1,1,0,0,0,0
6067,11,3640,90,250,5,249,81028,4731,699,10332,30,50,14,10594,101,113,396,14,81,19,3126,109,6021,3289,9,954,1977,39212,2298,21605,10,23,714,1027,3,0,1,75,2,0,14,21,10,20,31,0,8,0,1,0,1,1,0,1,6,2,3,4,320,0,0,5,88,16,4,0,0,2,2
423,21,1438,49,165,126,11657,4731,46190,223,12856,123,1500,57,14594,307,15,665,33,112,555,579,61,2540,608,18,1129,872,1563,1786,1615,20,315,177,444,3,0,1,53,1,0,14,8,1,5,13,0,17,0,1,0,1,3,1,1,3,0,4,1,90,2,3,3,26,5,1,0,0,0,1
12,417,124,3310,241,22,61,699,223,17643,542,41,1115,60,74,1293,96,61,11,52,47,46,6450,135,23598,119,128,613,1349,265,156,21,2,148,205,2,0,0,99,0,0,7,7,4,58,8,0,4,0,3,0,2,0,0,0,4,2,8,0,184,0,0,2,72,13,8,0,0,1,3
605,7,454,52,5103,18,12027,10332,12856,542,82073,58,6023,40,5122,93,30,52,10,19,11933,211,42,613,1718,8,195,317,22098,2206,564,14,79,173,661,1,0,0,47,4,0,9,15,5,15,23,0,41,0,0,0,1,0,0,1,14,2,2,1,225,1,0,6,50,7,0,0,0,0,1
5,206,64,113,2,1,32,30,123,41,58,40887,86,5076,211,1,23,127,10041,4122,16,28,120,60,114,964,6860,5634,32,623,22,1866,45,9,5956,0,5,1,23,0,0,0,0,0,1,0,17,1,79,0,0,0,3,50,32,0,0,5,0,3,73,24,107,0,1,1,12,0,0,3
9,2,12,4,3800,52,15336,50,1500,1115,6023,86,68281,39,910,2559,3,7,15,5,16299,4,9,15,5534,14,31,41,853,1126,9,8,221,4,242,0,0,0,2,63,0,21,1,0,0,14,0,5390,0,1,2,0,0,0,0,481,0,0,0,14,0,1,0,1,0,0,0,0,0,0
8,343,14,374,0,1,20,14,57,60,40,5076,39,13588,127,6,10,25,287,99,10,3,173,23,132,4886,314,4170,17,313,10,252,32,4,944,0,2,0,12,0,0,0,0,0,0,0,18,0,93,1,0,0,2,24,11,0,0,3,0,0,103,31,86,0,0,0,25,0,0,2
14047,14,1465,27,58,29,533,10594,14594,74,5122,211,910,127,49024,20,20,1051,39,201,274,806,42,3250,339,34,1071,788,742,9704,5910,27,1368,335,551,0,0,0,45,1,0,3,3,0,4,0,0,11,3,1,0,0,4,0,2,1,0,3,2,37,3,1,2,9,2,2,0,0,0,1
2,12,9,40,44,1869,2904,101,307,1293,93,1,2559,6,20,10322,3,1,0,0,67,3,60,11,604,10,6,29,140,44,7,2,529,14,12,0,0,0,3,1,0,0,0,0,0,0,0,3,0,0,0,0,0,0,0,0,0,0,0,6,0,0,0,0,0,0,0,0,0,0
6,169,123,211,6,1,3,113,15,96,30,23,3,10,20,3,15102,282,15,108,0,7399,3764,15132,4282,18,294,9424,2838,27,357,13,0,10,700,0,0,0,9,0,0,0,0,0,12,0,0,0,0,0,0,848,1,0,0,2,4,25,3,13,0,0,1,2,0,1,0,0,0,1
439,642,6315,380,6,2,11,396,665,61,52,127,7,25,1051,1,282,18782,131,3024,4,1662,356,10042,501,69,6620,10096,479,930,3609,27,10,263,1887,2,2,23,190,0,0,1,3,1,2,1,1,0,2,6,0,12,70,2,30,0,3,5,8,9,2,46,35,1,6,2,0,0,0,8
8,135,124,102,0,0,4,14,33,11,10,10041,15,287,39,0,15,131,4490,2483,5,35,75,89,51,902,6042,5894,19,89,26,953,6,15,1485,0,5,3,29,0,0,0,0,1,1,0,13,0,12,0,0,0,2,72,59,0,0,2,1,0,47,37,188,0,0,0,5,0,0,5
55,700,740,235,0,0,3,81,112,52,19,4122,5,99,201,0,108,3024,2483,13458,0,247,208,781,255,964,9314,11725,94,219,369,175,2,71,3261,0,11,7,144,0,0,0,0,0,1,0,15,0,4,1,0,1,28,53,168,0,2,3,2,6,60,108,228,1,3,1,11,0,0,25
7,1,1,0,19703,1,1099,19,555,47,11933,16,16299,10,274,67,0,4,5,0,6768,4,4,7,1909,2,9,8,3091,333,3,5,42,5,96,0,0,0,1,174,0,1,1,0,0,0,0,301,0,0,0,0,0,0,0,242,0,0,0,1,0,0,0,1,1,0,0,0,0,0
373,32,1585,61,6,1,13,3126,579,46,211,28,4,3,806,3,7399,1662,35,247,4,70069,346,34851,708,11,357,2171,7368,401,29464,6,5,393,8580,0,0,0,12,1,0,0,0,0,15,1,0,0,0,0,0,293,0,0,1,0,0,13,1,6,0,2,4,1,1,0,0,0,0,2
13,4404,135,2049,54,1,2,109,61,6450,42,120,9,173,42,60,3764,356,75,208,4,346,20138,1018,17792,548,352,3972,1009,61,216,49,3,33,848,1,0,0,62,0,0,1,4,0,42,2,0,0,1,0,0,3,0,0,0,0,0,123,2,27,1,1,4,13,4,2,0,0,0,0
1158,168,20093,412,31,6,68,6021,2540,135,613,60,15,23,3250,11,15132,10042,89,781,7,34851,1018,82976,1428,25,4933,30636,11614,1267,13733,28,31,404,10127,3,0,22,312,0,0,0,4,2,15,4,1,1,0,1,0,266,24,0,14,1,2,49,47,39,2,12,34,7,5,2,0,0,1,9
44,1260,581,2667,6128,8,194,3289,608,23598,1718,114,5534,132,339,604,4282,501,51,255,1909,708,17792,1428,98080,243,637,5643,28659,798,1009,36,9,432,1124,3,1,4,361,198,0,44,82,32,263,56,1,14,1,9,0,20,4,1,2,80,10,67,6,1120,0,2,6,316,52,20,0,0,6,11
1,2633,24,757,3,0,5,9,18,119,8,964,14,4886,34,10,18,69,902,964,2,11,548,25,243,5052,1364,3641,7,84,18,297,10,2,812,0,0,0,6,0,0,0,0,0,0,0,3,0,11,0,0,0,0,12,6,0,0,0,0,1,24,11,30,0,1,0,2,0,0,0
266,841,16998,498,20,3,38,954,1129,128,195,6860,31,314,1071,6,294,6620,6042,9314,9,357,352,4933,637,1364,131592,55996,678,782,1279,2194,21,157,4592,0,10,5,186,0,0,0,2,1,6,2,18,0,16,2,0,2,51,81,148,0,2,5,6,10,64,115,270,3,3,2,11,0,0,27
214,1774,30188,576,55,3,41,1977,872,613,317,5634,41,4170,788,29,9424,10096,5894,11725,8,2171,3972,30636,5643,3641,55996,122062,6270,781,1540,3180,19,206,13158,1,4,7,173,0,0,3,1,1,28,0,7,1,33,0,0,20,14,56,76,0,2,23,12,44,55,53,167,12,4,4,15,0,1,14
126,70,3107,213,8217,8,1408,39212,1563,1349,22098,32,853,17,742,140,2838,479,19,94,3091,7368,1009,11614,28659,7,678,6270,95268,1286,20762,11,14,1119,2813,4,0,0,127,8,0,22,16,10,71,20,0,8,0,3,0,34,1,0,1,17,1,21,5,371,0,0,6,102,15,2,0,0,2,5
7801,23,665,59,99,156,567,2298,1786,265,2206,623,1126,313,9704,44,27,930,89,219,333,401,61,1267,798,84,782,781,1286,82900,7990,88,1030,8998,3607,1,0,1,39,3,0,1,10,1,18,4,1,14,1,2,0,1,3,1,1,1,0,4,0,85,5,1,9,22,5,1,1,0,0,1
6824,43,2486,79,19,2,35,21605,1615,156,564,22,9,10,5910,7,357,3609,26,369,3,29464,216,13733,1009,18,1279,1540,20762,7990,61894,9,24,766,2214,0,0,1,37,0,0,2,2,0,24,1,1,3,0,0,0,33,4,0,1,0,1,5,7,31,0,0,3,13,1,2,0,0,0,1
3,66,68,59,1,0,4,10,20,21,14,1866,8,252,27,2,13,27,953,175,5,6,49,28,36,297,2194,3180,11,88,9,612,5,4,504,0,2,0,9,0,0,0,0,0,0,0,2,1,20,0,0,1,2,11,5,0,0,1,0,0,16,11,30,0,0,0,10,0,0,0
3,0,10,1,4,2979,1752,23,315,2,79,45,221,32,1368,529,0,10,6,2,42,5,3,31,9,10,21,19,14,1030,24,5,1459,5,108,0,0,0,0,0,0,0,0,0,0,0,0,2,1,0,0,0,0,0,0,0,0,0,0,2,2,0,0,1,0,0,0,0,0,0
83,9,196,39,25,0,11,714,177,148,173,9,4,4,335,14,10,263,15,71,5,393,33,404,432,2,157,206,1119,8998,766,4,5,9096,1940,1,0,0,20,1,0,6,0,0,18,0,0,2,0,0,0,0,0,0,0,0,0,1,2,28,0,1,1,15,2,3,0,0,1,2
123,670,1827,391,33,4,77,1027,444,205,661,5956,242,944,551,12,700,1887,1485,3261,96,8580,848,10127,1124,812,4592,13158,2813,3607,2214,504,108,1940,39869,1,2,22,337,1,0,2,6,3,22,2,11,3,11,6,0,82,60,34,109,2,2,28,27,43,38,85,170,14,6,3,5,1,2,24
0,0,1,3,0,0,0,3,3,2,1,0,0,0,0,0,0,2,0,0,0,0,1,3,3,0,0,1,4,1,0,0,0,1,1,13638,44,568,41,8,1,126,11261,5490,63,737,30,7,4,24931,4,14,847,47,412,19,364,27,744,363,3,589,502,730,19506,8839,6,20,452,308
0,0,0,1,0,0,0,0,0,0,0,5,0,2,0,0,0,2,5,11,0,0,0,0,1,0,10,4,0,0,0,2,0,0,2,44,6790,180,1445,1,0,4,23,36,257,13,50,0,425,74,0,86,2001,158,1578,0,39,4401,298,1027,3159,1532,6691,13,123,69,120,0,13,350
0,0,7,9,0,0,0,1,1,0,0,1,0,0,0,0,0,23,3,7,0,0,0,22,4,0,5,7,0,1,1,0,0,0,22,568,180,8784,229,8,0,374,3485,2908,35,661,36,9,44,1897,1,68,7290,129,1019,9,1096,194,12376,323,14,11763,18015,2642,441,1720,82,7,38,535
5,41,147,287,13,0,5,75,53,99,47,23,2,12,45,3,9,190,29,144,1,12,62,312,361,6,186,173,127,39,37,9,0,20,337,41,1445,229,1722,13,0,26,172,57,2079,49,41,3,526,60,3,10,685,126,828,6,28,1706,211,1509,2821,1565,1319,300,159,78,72,2,16,258
0,0,0,2,2315,0,0,2,1,0,4,0,63,0,1,1,0,0,0,0,174,1,0,0,198,0,0,0,8,3,0,0,0,1,1,8,1,8,13,20563,0,739,382,123,135,11265,0,4985,0,52,15,1,2,1,5,32160,11,24,15,10776,1,5,29,18204,72,14,0,0,3,8
0,0,0,0,0,0,0,0,0,0,0,0,0,0,0,0,0,0,0,0,0,0,0,0,0,0,0,0,0,0,0,0,0,0,0,1,0,0,0,0,5014,745,0,356,8,4,2,34,0,85,3226,0,1,0,1,3,0,0,1,5,0,1,0,2,418,0,0,2749,0,1
0,0,2,6,14,0,2,14,14,7,9,0,21,0,3,0,0,1,0,0,1,0,1,0,44,0,0,3,22,1,2,0,0,6,2,126,4,374,26,739,745,98591,3687,18876,164,50095,26,20021,5,1057,1959,14,57,5,25,1944,282,7,424,2247,0,118,208,3512,400,227,3,1011,23,72
0,0,3,10,7,0,1,21,8,7,15,0,1,0,3,0,0,3,0,0,1,0,4,4,82,0,2,1,16,10,2,0,0,0,6,11261,23,3485,172,382,0,3687,148162,12144,400,28306,26,151,3,17621,18,147,1671,29,322,266,4506,48,5455,4879,0,1219,1782,64284,3244,31262,9,24,226,408
0,0,1,6,4,0,0,10,1,4,5,0,0,0,0,0,0,1,1,0,0,0,0,2,32,0,1,1,10,1,0,0,0,0,3,5490,36,2908,57,123,356,18876,12144,93191,104,17609,162,710,33,29062,310,21,859,42,310,369,1171,45,2583,955,3,1238,1072,4420,1721,2076,18,2143,42,223
2,0,7,204,3,0,2,20,5,58,15,1,0,0,4,0,12,2,1,1,0,15,42,15,263,0,6,28,71,18,24,0,0,18,22,63,257,35,2079,135,8,164,400,104,12360,203,5,2311,14,54,1206,234,70,4,36,397,105,8208,107,22686,49,39,654,957,371,351,14,1,75,156
0,0,2,7,135,0,1,31,13,8,23,0,14,0,0,0,0,1,0,0,0,1,2,4,56,0,2,0,20,4,1,0,0,0,2,737,13,661,49,11265,4,50095,28306,17609,203,149758,10,13677,2,3730,78,47,225,10,69,26697,458,21,792,9918,0,206,445,31063,1312,779,1,36,53,150
0,0,2,1,0,0,0,0,0,0,0,17,0,18,0,0,0,1,13,15,0,0,0,1,1,3,18,7,0,1,1,2,0,0,11,30,50,36,41,0,2,26,26,162,5,10,21012,3,3580,745,1,6,66,2335,784,2,42,20,77,31,472,1278,1196,18,862,38,1022,272,12,3573
0,0,1,2,109,1,30,8,17,4,41,1,5390,0,11,3,0,0,0,0,301,0,0,1,14,0,0,1,8,14,3,1,2,2,3,7,0,9,3,4985,34,20021,151,710,2311,13677,3,94189,0,168,5276,0,1,1,0,41772,2,4,5,10094,0,0,4,991,50,6,1,19,1,6
0,0,0,0,0,0,0,0,0,0,0,79,0,93,3,0,0,2,12,4,0,0,1,0,1,11,16,33,0,1,0,20,1,0,11,4,425,44,526,0,0,5,3,33,14,2,3580,0,14758,78,0,6,4,421,66,0,1,216,6,36,3879,186,3186,4,100,4,177,45,0,106
0,0,2,3,2,0,1,1,1,3,0,0,1,1,1,0,0,6,0,1,0,0,0,1,9,0,2,0,3,2,0,0,0,0,6,24931,74,1897,60,52,85,1057,17621,29062,54,3730,745,168,78,89609,49,17,1628,141,810,127,624,52,1674,608,5,1373,1165,1389,14432,4323,34,673,196,1630
0,0,0,0,0,0,0,0,0,0,0,0,2,0,0,0,0,0,0,0,0,0,0,0,0,0,0,0,0,0,0,0,0,0,0,4,0,1,3,15,3226,1959,18,310,1206,78,1,5276,0,49,10752,0,1,0,0,274,2,6,1,394,0,1,2,44,32,0,0,128,0,0
0,0,2,27,0,0,0,1,1,2,1,0,0,0,0,0,848,12,0,1,0,293,3,266,20,0,2,20,34,1,33,1,0,0,82,14,86,68,10,1,0,14,147,21,234,47,6,0,6,17,0,19744,131,10,53,5,7356,3173,13099,2490,9,51,4935,2193,44,594,1,0,43,399
0,7,28,19,0,0,0,1,3,0,0,3,0,2,4,0,1,70,2,28,0,0,0,24,4,0,51,14,1,3,4,2,0,0,60,847,2001,7290,685,2,1,57,1671,859,70,225,66,1,4,1628,1,131,11686,202,3320,2,1679,753,12876,438,65,5982,9002,830,1318,2577,11,7,111,693
1,2,1,3,0,0,0,0,1,0,0,50,0,24,0,0,0,2,72,53,0,0,0,0,1,12,81,56,0,1,0,11,0,0,34,47,158,129,126,1,0,5,29,42,4,10,2335,1,421,141,0,10,202,1364,1183,0,33,91,80,37,307,3727,3114,11,246,38,330,26,9,1236
0,12,9,13,0,0,0,1,1,0,1,32,0,11,2,0,0,30,59,168,0,1,0,14,2,6,148,76,1,1,1,5,0,0,109,412,1578,1019,828,5,1,25,322,310,36,69,784,0,66,810,0,53,3320,1183,5979,3,236,405,923,167,523,7551,10839,114,937,445,97,11,99,2434
0,0,1,3,1230,0,1,6,3,4,14,0,481,0,1,0,2,0,0,0,242,0,0,1,80,0,0,0,17,1,0,0,0,0,2,19,0,9,6,32160,3,1944,266,369,397,26697,2,41772,0,127,274,5,2,0,3,13728,10,3,11,8689,0,3,21,6322,91,14,0,4,3,8
1,0,0,7,0,0,0,2,0,2,2,0,0,0,0,0,4,3,0,2,0,0,0,2,10,0,2,2,1,0,1,0,0,0,2,364,39,1096,28,11,0,282,4506,1171,105,458,42,2,1,624,2,7356,1679,33,236,10,67457,151,38355,3107,2,295,1174,14747,1766,32149,0,3,1218,5199
1,0,3,372,0,0,0,3,4,8,2,5,0,3,3,0,25,5,2,3,0,13,123,49,67,0,5,23,21,4,5,1,0,1,28,27,4401,194,1706,24,0,7,48,45,8208,21,20,4,216,52,6,3173,753,91,405,3,151,24132,1104,14234,830,431,6105,146,58,92,74,0,6,233
0,0,8,18,0,1,0,4,1,0,1,0,0,0,2,0,3,8,1,2,0,1,2,47,6,0,6,12,5,0,7,0,0,2,27,744,298,12376,211,15,1,424,5455,2583,107,792,77,5,6,1674,1,13099,12876,80,923,11,38355,1104,70345,1634,11,2219,18384,8855,1366,9402,11,9,156,4995
2,4,24,186,128,0,18,320,90,184,225,3,14,0,37,6,13,9,0,6,1,6,27,39,1120,1,10,44,371,85,31,0,2,28,43,363,1027,323,1509,10776,5,2247,4879,955,22686,9918,31,10094,36,608,394,2490,438,37,167,8689,3107,14234,1634,100424,116,239,4743,46045,2011,2164,31,9,396,842
0,10,0,4,0,0,0,0,2,0,1,73,0,103,3,0,0,2,47,60,0,0,1,2,0,24,64,55,0,5,0,16,2,0,38,3,3159,14,2821,1,0,0,0,3,49,0,472,0,3879,5,0,9,65,307,523,0,2,830,11,116,7918,420,3870,1,11,4,249,1,1,69
0,12,10,21,0,0,0,0,3,0,0,24,1,31,1,0,0,46,37,108,0,2,1,12,2,11,115,53,0,1,0,11,0,1,85,589,1532,11763,1565,5,1,118,1219,1238,39,206,1278,0,186,1373,1,51,5982,3727,7551,3,295,431,2219,239,420,73561,30756,451,687,872,459,18,39,831
1,4,11,22,1,0,1,5,3,2,6,107,0,86,2,0,1,35,188,228,0,4,4,34,6,30,270,167,6,9,3,30,0,1,170,502,6691,18015,1319,29,0,208,1782,1072,654,445,1196,4,3186,1165,2,4935,9002,3114,10839,21,1174,6105,18384,4743,3870,30756,94462,2847,947,1056,944,19,87,3607
0,3,10,52,285,0,5,88,26,72,50,0,1,0,9,0,2,1,0,1,1,1,13,7,316,0,3,12,102,22,13,0,1,15,14,730,13,2642,300,18204,2,3512,64284,4420,957,31063,18,991,4,1389,44,2193,830,11,114,6322,14747,146,8855,46045,1,451,2847,177498,3077,29096,5,9,738,2366
0,0,5,14,3,0,1,16,5,13,7,1,0,0,2,0,0,6,0,3,1,1,4,5,52,1,3,4,15,5,1,0,0,2,6,19506,123,441,159,72,418,400,3244,1721,371,1312,862,50,100,14432,32,44,1318,246,937,91,1766,58,1366,2011,11,687,947,3077,105186,11219,57,1594,13840,5866
0,0,1,6,0,0,1,4,1,8,0,1,0,0,2,0,1,2,0,1,0,0,2,2,20,0,2,4,2,1,2,0,0,3,3,8839,69,1720,78,14,0,227,31262,2076,351,779,38,6,4,4323,0,594,2577,38,445,14,32149,92,9402,2164,4,872,1056,29096,11219,95204,7,18,2212,3320
0,0,1,0,0,0,0,0,0,0,0,12,0,25,0,0,0,0,5,11,0,0,0,0,0,2,11,15,0,1,0,10,0,0,5,6,120,82,72,0,0,3,9,18,14,1,1022,1,177,34,0,1,11,330,97,0,0,74,11,31,249,459,944,5,57,7,136,13,0,90
0,0,0,0,0,0,0,0,0,0,0,0,0,0,0,0,0,0,0,0,0,0,0,0,0,0,0,0,0,0,0,0,0,0,1,20,0,7,2,0,2749,1011,24,2143,1,36,272,19,45,673,128,0,7,26,11,4,3,0,9,9,1,18,19,9,1594,18,13,4328,4,314
0,0,0,2,0,0,0,2,0,1,0,0,0,0,0,0,0,0,0,0,0,0,0,1,6,0,0,1,2,0,0,0,0,1,2,452,13,38,16,3,0,23,226,42,75,53,12,1,0,196,0,43,111,9,99,3,1218,6,156,396,1,39,87,738,13840,2212,0,4,6253,1281
0,2,2,12,0,0,0,2,1,3,1,3,0,2,1,0,1,8,5,25,0,2,0,9,11,0,27,14,5,1,1,0,0,2,24,308,350,535,258,8,1,72,408,223,156,150,3573,6,106,1630,0,399,693,1236,2434,8,5199,233,4995,842,69,831,3607,2366,5866,3320,90,314,1281,48251
