12.3476223647815,153.409896850586,89.2608363081366,108.401649475098,100.515846252441,0,109.156053331163,25.294010293136,61.6447385152181,91.7438138326009,26.7964182435974,117.066519165039,111.482788085938,107.529385566711,19.9088062679096,93.9863357543945,120.025260925293,93.9849076933633,137.351859092712,120.245891917836,105.991474696568,74.933492225872,103.734759404109,84.379596693734,97.7563441016457,117.569038391113,107.044452954056,123.998677262636,86.5590998937213,24.058429285649,33.1305332065048,151.04195912679,71.8890584309896,44.0191179068692,68.0925145032929,0,0,0,114.352674865723,0,0,0,0,0,92.8762016296387,0,0,0,0,0,0,0,0,168.127975463867,0,0,211.358963012695,197.123748779297,0,95.155876159668,0,0,149.650329589844,0,0,0,0,0,0,0
153.409896850586,7.69822002296996,60.4664491710096,11.80040047397,99.1463836669922,0,158.919990539551,116.49567898837,151.690560477121,75.0064917182465,129.582108633859,67.7342424670469,97.6747283935547,55.183260764742,145.97516141619,99.6613858540853,56.3383200944528,58.0912362155142,73.3056946083351,60.4053036934989,81.4031524658203,91.5810790061951,20.7450236573639,71.4148162206014,79.008055795942,19.9137718493704,58.7067755518855,37.5313467471414,97.3919472830636,132.214351488196,110.420543227085,73.8187080152107,0,108.603005303277,63.1105178889944,0,0,0,22.0474382958761,0,0,0,0,0,0,0,0,0,0,0,0,0,79.918208530971,164.724411010742,71.8913888931274,0,0,0,0,121.980419158936,66.4992652893066,60.1523043314616,92.3632535934448,157.143864949544,0,0,0,0,0,88.1686630249023
89.2608363081366,60.4664491710096,14.6191416489755,61.0271457793221,119.773650225471,134.051315307617,136.336597149189,99.2439753721049,117.369277832074,106.500881195068,119.333410842828,95.5585824847221,165.73975499471,158.916287558419,114.141277347083,124.885420057509,91.9491070693101,35.314558458215,90.8183463311965,72.3787931442261,149.283599853516,66.5899784364911,72.1096549705223,32.0770864710126,108.574465818947,81.0997533798218,35.7940868330726,36.953150888492,88.1453354426968,118.386825372223,82.0653311866766,93.7419995700612,159.21756439209,89.7406884991393,68.8471640679245,170.295379638672,0,105.845179966518,71.8757499123917,0,0,202.802352905273,169.905029296875,187.94987487793,106.245216369629,190.067687988281,147.150695800781,153.898376464844,0,218.441581726074,0,112.782176971436,115.096417290824,192.191375732422,137.188364664714,198.548416137695,0,85.6071192423503,120.23570728302,155.979166666667,0,98.3671669006348,143.603551691229,182.774546813965,187.031719970703,142.16926574707,138.92219543457,0,0,118.072154998779
108.401649475098,11.80040047397,61.0271457793221,11.0631210514465,54.4213968276978,0,108.586718241374,67.4667602962918,102.774321497703,10.3094941167313,77.9723144677969,81.4407123126815,124.315153121948,64.3966946015383,132.659553810402,33.2570262670517,30.6032326955931,59.1766557392321,83.4390619689343,69.9431269544236,0,67.7246400489182,15.131460451975,58.5841304075371,27.7361992623952,34.9473944566996,60.8140205666722,67.7325958808263,64.5566758527442,97.5105880478681,75.1043228439138,83.2963067394192,104.959602355957,68.6361577938764,64.7607869492163,102.903495788574,14.3341884613037,55.7508129543728,16.4371499450365,69.6324920654297,0,86.1975708007812,95.6804878234863,115.346631368001,20.4005355086981,83.3744735717773,88.8561935424805,63.837718963623,0,125.368230183919,0,42.4305745583993,61.7081788715563,78.9449234008789,79.9586909367488,88.3299153645833,74.5242903573172,15.1306785819351,67.5008004506429,52.1949003691314,50.1375260353088,55.4292061215355,65.3747490969571,69.9315908872164,106.612130846296,73.5287971496582,0,0,101.045825958252,69.3117605845134
100.515846252441,99.1463836669922,119.773650225471,54.4213968276978,8.53932566920277,0,51.0581420681231,53.049631477356,79.1707925045129,37.5489615127753,21.0258492408209,159.484382629395,17.4808959889412,0,116.418362979231,58.1256374445828,80.6841990152995,137.625335693359,0,0,10.9879839722229,97.802978515625,60.3545178307427,124.971032665622,14.5442838458339,124.439999898275,141.154326629639,122.585846918279,17.2824413740419,103.098730800128,90.8992460150468,177.28515625,139.584915161133,74.5646607971191,96.0577100118001,0,0,0,57.8421328617976,7.27699216251497,0,79.2372976030622,100.817844935826,79.5853881835938,66.8582102457682,34.3211822580408,0,14.0538041547898,0,148.930160522461,0,0,0,0,0,10.8709927132459,0,0,0,51.1812061481178,0,0,176.235092163086,25.4068360797146,132.474901835124,0,0,0,0,0
0,0,134.051315307617,0,0,6.08584394866198,22.0863373256021,97.2416442871094,36.3439950261797,54.6732853976163,113.096719106038,59.4399604797363,98.7215369297908,83.7953567504883,35.0055623876637,14.8837297540607,90.6864013671875,186.53360748291,0,0,131.261245727539,90.9002304077148,107.699081420898,131.725877126058,83.6680631637573,0,192.596176147461,156.183629353841,103.430134773254,21.3117639407133,111.391483306885,0,13.2532381139053,0,51.6940040588379,0,0,0,0,0,0,0,0,0,0,0,0,122.266677856445,0,0,0,0,0,0,0,0,0,0,151.413513183594,0,0,0,0,0,0,0,0,0,0,0
109.156053331163,158.919990539551,136.336597149189,108.586718241374,51.0581420681231,22.0863373256021,9.31857881803072,57.5979371434713,23.3928375469735,72.6305272461938,24.1782996608321,109.386901259422,16.5023215939026,129.053311538696,73.4576611617269,13.52542304927,134.230125427246,164.059557828036,153.935955047607,158.930801391602,35.8946445393931,117.90471473107,91.1716957092285,132.357012804817,67.1611712740869,139.442904663086,152.378958049573,158.075217642435,49.697083207694,70.4625492768733,102.170787157331,123.639434814453,43.0185102839448,90.3241403753107,86.2213472886519,0,0,0,87.5723495483398,0,0,161.180244445801,117.008262634277,0,117.164451599121,149.670639038086,0,47.949382019043,0,192.343627929688,0,0,0,0,0,158.39631652832,0,0,0,114.058939615885,0,0,189.0673828125,142.137518310547,176.537872314453,173.556991577148,0,0,0,0
25.294010293136,116.49567898837,99.2439753721049,67.4667602962918,53.049631477356,97.2416442871094,57.5979371434713,10.4708503402279,56.1083686883443,50.9985372191335,17.1605869201187,148.405988820394,73.7456433105469,163.400333404541,42.9995478212507,68.2508816105304,88.9141215434117,115.040824938302,163.037495204381,144.372484371986,74.5012943870143,70.0471215513526,89.1728589819112,86.9475883492757,56.1942886492879,150.73814646403,124.907372000832,115.399130042177,35.5141762143299,70.5049946812363,28.8650192191661,164.476945495605,121.380137236222,61.4170560756651,84.5409687788832,134.867866516113,0,203.77165222168,77.3883917744954,123.086288452148,0,132.685288565499,120.834531511579,146.229090881348,81.7365396499634,131.435326606997,0,98.1300668716431,0,187.103988647461,0,85.1453399658203,174.165603637695,0,240.434524536133,138.017543792725,184.822219848633,85.8993822733561,171.700550079346,99.5318011522293,0,0,184.460540771484,117.6142355312,146.013621330261,150.97177696228,0,0,125.888252258301,137.200157165527
61.6447385152181,151.690560477121,117.369277832074,102.774321497703,79.1707925045129,36.3439950261797,23.3928375469735,56.1083686883443,12.5388943672438,74.2730578948564,35.3622899354617,102.448948557784,76.1693957678477,117.516747859486,20.9672561879515,46.0769130445847,155.349933878581,124.471818863718,149.795596036044,145.75059400286,69.3390158816501,101.524551516782,124.55627366363,111.976182273805,81.3199066582479,122.355313195123,134.074093692803,144.727081482564,79.5127443654066,67.952855137401,74.5789644507063,144.428981399536,59.6518966909439,81.9276659044169,86.4605505316107,149.727335611979,0,181.123245239258,112.046149919618,145.036163330078,0,161.745611463274,154.366773605347,172.118850708008,109.302865600586,155.766153188852,0,99.0497999752269,0,167.534362792969,0,124.696350097656,181.104365030924,185.656143188477,224.585205078125,132.315762837728,0,133.676649093628,218.671844482422,123.915032026503,197.987770080566,220.164128621419,153.032272338867,146.140860630916,182.402072143555,158.955093383789,0,0,0,187.341018676758
91.7438138326009,75.0064917182465,106.500881195068,10.3094941167313,37.5489615127753,54.6732853976163,72.6305272461938,50.9985372191335,74.2730578948564,8.38375942006928,59.6555146995066,135.988463052889,8.20029774717151,131.530949783325,102.528745290395,17.5813824186377,39.9321230550607,125.695406178959,145.114679509943,142.628407404973,38.6917448246733,78.5531592161759,29.4255253918596,102.463229935258,19.3209883087176,103.742847025895,132.567211031914,101.76274159293,52.027875949755,84.4664943335191,60.6947499055129,146.825374784924,119.734001159668,60.0950571008631,86.9362269331769,93.7905197143555,0,0,27.9323002882678,0,0,101.742822919573,83.4719249180385,112.624109268188,31.7119063015642,87.9246635437012,0,24.5935137271881,0,120.859001159668,0,65.0632991790771,0,0,0,87.6090927124023,97.9417953491211,37.4952216148376,0,65.0018339260765,0,0,154.346981048584,85.4466145833333,106.786128704364,94.6095266342163,0,0,79.670280456543,107.161740620931
26.7964182435974,129.582108633859,119.333410842828,77.9723144677969,21.0258492408209,113.096719106038,24.1782996608321,17.1605869201187,35.3622899354617,59.6555146995066,11.2720535430174,152.066439793028,19.8095577324464,157.23622379303,50.7154834544179,76.9617491281161,98.7236010233561,140.553674110999,167.282879638672,167.781545538651,14.5587370487168,95.4131817207517,99.8528266180129,106.349923038949,58.5777041642852,147.714625358582,145.953414486616,138.953044157299,31.8015146145336,91.5177831009963,67.4165889557372,169.674810137068,123.076442670219,77.2030683969487,91.2168296259939,135.798355102539,0,0,83.1859877566074,31.1548473834991,0,152.805981106228,136.341888936361,147.330972290039,90.2615000406901,144.626278752866,0,59.1273952577172,0,0,0,120.494659423828,0,0,189.450698852539,101.384099619729,174.611465454102,113.045597076416,197.877334594727,108.787519904243,168.7939453125,0,180.978594462077,125.506124572754,171.601967947824,0,0,0,0,159.743118286133
117.066519165039,67.7342424670469,95.5585824847221,81.4407123126815,159.484382629395,59.4399604797363,109.386901259422,148.405988820394,102.448948557784,135.988463052889,152.066439793028,10.7154956617572,144.798786695613,29.746218553108,85.1952891056007,151.843948364258,131.500966942829,75.202649965061,19.3012678402376,22.1414518644947,157.230555534363,129.873807907104,99.848951848348,123.121477826436,151.919631422612,38.1125823096121,29.2546537817046,56.4386389210667,158.489481449127,58.2903887471648,118.015380859375,43.7716165171559,67.2928375244141,126.010912577311,29.8014341023562,0,109.573960876465,134.190612792969,69.8839000204335,0,0,0,0,0,183.340774536133,0,83.2877466538373,142.375579833984,78.4620859170262,0,0,0,157.155263264974,97.7311967468262,101.187564849854,0,0,140.946719360352,0,188.407557169596,47.1763500056855,102.32274723053,88.6394579521964,0,126.998008728027,158.996459960938,93.4139982859294,0,0,110.960881551107
111.482788085938,97.6747283935547,165.73975499471,124.315153121948,17.4808959889412,98.7215369297908,16.5023215939026,73.7456433105469,76.1693957678477,8.20029774717151,19.8095577324464,144.798786695613,8.54953468300365,160.529112204527,99.7961556193593,11.1947030426702,83.8780237833659,181.204208374023,167.254180908203,167.348623657227,12.7193728900481,104.425281524658,95.3351283603244,162.881478881836,9.50118165913152,158.391229901995,162.48398048647,176.417265915289,46.4186720182859,100.071482307746,137.688039991591,167.347423553467,111.357762643115,94.0966529846191,99.4143639556633,0,0,0,94.3731842041016,17.5877934410459,0,35.582307270595,137.155715942383,0,0,44.685565676008,0,8.43707964875924,0,81.6980438232422,53.1391487121582,0,0,0,0,13.723111184372,0,0,0,75.8621347972325,0,214.727355957031,0,141.181488037109,0,0,0,0,0,0
107.529385566711,55.183260764742,158.916287558419,64.3966946015383,0,83.7953567504883,129.053311538696,163.400333404541,117.516747859486,131.530949783325,157.23622379303,29.746218553108,160.529112204527,8.25032439393649,89.882027363214,161.823750813802,129.298461151123,135.448297729492,52.2267997887907,80.3887414257936,172.1724609375,179.067454020182,86.5583240972089,167.651502858038,145.205761591593,19.605337115716,58.9427332096039,33.1258015282148,166.376472024357,68.4744856593708,154.895050811768,29.6646014783118,84.1351354122162,139.085512161255,56.7166992163254,0,112.424518585205,0,66.9547627766927,0,0,0,0,0,0,0,76.2464940812853,0,77.9178756385721,239.389404296875,0,0,125.384399414062,90.1700391769409,108.302201704545,0,0,139.861910502116,0,0,42.5678534461457,90.8039300980107,87.9735790518827,0,0,0,91.1960385131836,0,0,95.5003662109375
19.9088062679096,145.97516141619,114.141277347083,132.659553810402,116.418362979231,35.0055623876637,73.4576611617269,42.9995478212507,20.9672561879515,102.528745290395,50.7154834544179,85.1952891056007,99.7961556193593,89.882027363214,12.8982326757241,85.2412847518921,139.623149871826,120.152972692314,137.941488217085,141.383056754497,104.667617408028,97.1749181108498,127.444219861712,107.397728394728,107.199287785893,110.769258611342,132.769459935463,146.980947204048,103.679604671715,31.7116900237749,58.9816335010044,125.898394831905,19.8875148960373,52.6561693191528,77.6819934844971,0,0,0,135.342729356554,179.446807861328,0,192.923736572266,169.502400716146,0,116.040605545044,0,0,114.422113591974,125.327423095703,238.317611694336,0,0,199.355297088623,0,185.603538513184,183.967041015625,0,126.358057657878,199.852851867676,139.260429382324,148.718894958496,224.620742797852,207.051643371582,169.651727464464,212.724433898926,180.1044921875,0,0,0,193.512313842773
93.9863357543945,99.6613858540853,124.885420057509,33.2570262670517,58.1256374445828,14.8837297540607,13.52542304927,68.2508816105304,46.0769130445847,17.5813824186377,76.9617491281161,151.843948364258,11.1947030426702,161.823750813802,85.2412847518921,7.95406845426218,74.7752304077148,192.811187744141,0,0,40.2988686917433,144.307088216146,70.6483670552572,129.634929310192,39.7597797027487,133.725944519043,163.475794474284,125.384248404667,70.9686677660261,91.0892445390875,103.970686776297,189.003845214844,44.1423335264671,89.7949319566999,117.438327789307,0,0,0,65.9452845255534,55.8854141235352,0,0,0,0,0,0,0,34.5270640055339,0,0,0,0,0,0,0,0,0,0,0,91.3199221293132,0,0,0,0,0,0,0,0,0,0
120.025260925293,56.3383200944528,91.9491070693101,30.6032326955931,80.6841990152995,90.6864013671875,134.230125427246,88.9141215434117,155.349933878581,39.9321230550607,98.7236010233561,131.500966942829,83.8780237833659,129.298461151123,139.623149871826,74.7752304077148,12.3033421110624,104.532376282604,147.222312927246,120.083956612481,0,18.3848048123271,23.0203235367279,23.8907018556123,33.3513267796377,99.4116995069716,111.208407551253,31.5929256085123,37.5849215970063,131.07876558657,76.4061197767071,130.52069913424,0,98.1927131652832,79.8771070671082,0,0,0,109.393914116753,0,0,0,0,0,50.5980784098307,0,0,0,0,0,0,10.1796945946397,152.845932006836,0,0,162.599754333496,50.9101753234863,42.4141918945312,9.36749887466431,87.5084652533898,0,0,177.081192016602,102.89501953125,0,102.978294372559,0,0,0,88.5928726196289
93.9849076933633,58.0912362155142,35.314558458215,59.1766557392321,137.625335693359,186.53360748291,164.059557828036,115.040824938302,124.471818863718,125.695406178959,140.553674110999,75.202649965061,181.204208374023,135.448297729492,120.152972692314,192.811187744141,104.532376282604,10.1335213643118,69.8842814205257,24.7585282830334,183.643455505371,60.0602855056919,82.9748561409082,32.5422259371871,129.544554491481,73.2555121269779,40.049511564066,71.9050269291254,119.971307599221,108.169352160218,64.2984368452969,120.138121710883,157.634979248047,71.3051131360884,48.875165241385,182.214111328125,94.4209480285645,124.505506432575,77.2722141667416,0,0,218.657989501953,197.435770670573,193.613616943359,136.235359191895,172.246170043945,103.190467834473,0,120.793407440186,212.291392008464,0,108.16370010376,123.354886954171,162.11157989502,121.363960266113,0,182.865834554036,91.5253997802734,128.039651870728,167.520870632595,67.8865699768066,122.025401405666,123.362880379813,196.723922729492,193.429321289062,153.190231323242,0,0,0,129.314146995544
137.351859092712,73.3056946083351,90.8183463311965,83.4390619689343,0,0,153.935955047607,163.037495204381,149.795596036044,145.114679509943,167.282879638672,19.3012678402376,167.254180908203,52.2267997887907,137.941488217085,0,147.222312927246,69.8842814205257,7.89166536713496,22.4450388569242,176.498599243164,130.494881766183,107.279322814941,112.01023839029,159.277824551451,46.9751097262566,34.1348478789363,60.2867712678447,164.304440146998,104.089824547928,123.768880697397,50.8382950909866,88.3153902689616,109.34037882487,52.1153885696874,0,111.366606140137,144.528447469076,73.3384888747643,0,0,0,0,216.415237426758,180.685028076172,0,98.1876355684721,0,98.3520126342773,0,0,0,134.687469482422,104.650483025445,107.747751526913,0,0,133.493629455566,125.400344848633,0,66.1431750033764,109.52173532022,93.4118466478713,0,0,0,104.830563354492,0,0,148.783485412598
120.245891917836,60.4053036934989,72.3787931442261,69.9431269544236,0,0,158.930801391602,144.372484371986,145.75059400286,142.628407404973,167.781545538651,22.1414518644947,167.348623657227,80.3887414257936,141.383056754497,0,120.083956612481,24.7585282830334,22.4450388569242,9.90334826276461,0,91.1330537525748,95.4867447889768,73.6763933794752,144.179762836531,47.9505957211696,38.2552024152419,66.1436828966283,144.214012389487,127.542311437598,88.2567008207161,69.3578201729911,192.320693969727,93.8605713105538,43.8248352664484,0,103.422854336825,154.203725542341,71.1491959359911,0,0,0,0,0,182.349334716797,0,112.018665568034,0,109.948398590088,204.344985961914,0,133.014373779297,126.327041353498,111.254580515736,106.556122007824,0,162.047805786133,143.15616607666,159.192626953125,213.157620747884,71.3350715637207,109.939764587967,93.4206543972618,191.584381103516,193.156021118164,158.540252685547,101.214421358975,0,0,115.166305541992
105.991474696568,81.4031524658203,149.283599853516,0,10.9879839722229,131.261245727539,35.8946445393931,74.5012943870143,69.3390158816501,38.6917448246733,14.5587370487168,157.230555534363,12.7193728900481,172.1724609375,104.667617408028,40.2988686917433,0,183.643455505371,176.498599243164,0,7.68591428176449,152.859954833984,72.4419078826904,129.369696480887,14.211586942343,160.531799316406,177.365875244141,169.245630264282,24.77386768317,104.443277674036,125.542671203613,177.091702270508,125.687687828427,83.1272758483887,99.7224087715149,0,0,0,97.7053375244141,10.5882012542637,0,121.70092010498,133.201553344727,0,0,0,0,14.5992501423604,0,0,0,0,0,0,0,5.76869906768326,0,0,0,69.6896820068359,0,0,0,129.950622558594,179.481719970703,0,0,0,0,0
74.933492225872,91.5810790061951,66.5899784364911,67.7246400489182,97.802978515625,90.9002304077148,117.90471473107,70.0471215513526,101.524551516782,78.5531592161759,95.4131817207517,129.873807907104,104.425281524658,179.067454020182,97.1749181108498,144.307088216146,18.3848048123271,60.0602855056919,130.494881766183,91.1330537525748,152.859954833984,14.0178520074487,58.3298231521783,36.3855774904822,48.4670086284142,127.920908147638,102.640466641979,84.2208596830926,42.0447750933525,89.1844759611715,36.6329008579788,154.066876729329,149.239367675781,36.8574460923823,52.5518411253994,0,0,0,107.338672637939,169.871246337891,0,0,0,0,76.4775431315104,248.91828918457,0,0,0,0,0,21.7709650358649,0,0,148.818756103516,0,0,68.7252564063439,141.080825805664,129.053779602051,0,217.335586547852,162.196710586548,114.611053466797,155.427383422852,0,0,0,0,156.130073547363
103.734759404109,20.7450236573639,72.1096549705223,15.131460451975,60.3545178307427,107.699081420898,91.1716957092285,89.1728589819112,124.55627366363,29.4255253918596,99.8528266180129,99.848951848348,95.3351283603244,86.5583240972089,127.444219861712,70.6483670552572,23.0203235367279,82.9748561409082,107.279322814941,95.4867447889768,72.4419078826904,58.3298231521783,9.99580787239014,62.0400025680632,37.293883536346,54.2782722389611,92.3936289007013,43.2306488370607,61.4539266648685,122.087468882076,70.9917475382487,102.254007456254,196.214838663737,67.32404200236,68.5741047184422,181.569046020508,0,0,33.0805509936425,0,0,138.654037475586,124.778759002686,0,34.1543735663096,157.290130615234,0,0,115.862045288086,0,0,45.4186083475749,0,0,0,0,0,11.9270296736461,58.9937705993652,107.553635773835,76.4660110473633,108.132019042969,171.138298034668,129.222340510442,150.338977813721,111.035331726074,0,0,0,0
84.379596693734,71.4148162206014,32.0770864710126,58.5841304075371,124.971032665622,131.725877126058,132.357012804817,86.9475883492757,111.976182273805,102.463229935258,106.349923038949,123.121477826436,162.881478881836,167.651502858038,107.397728394728,129.634929310192,23.8907018556123,32.5422259371871,112.01023839029,73.6763933794752,129.369696480887,36.3855774904822,62.0400025680632,17.4472738206272,84.609202209307,124.173780670166,61.6420099361659,51.1987210191842,61.4171915999045,107.448818676474,61.0141735222737,133.814863204956,163.482926645587,74.8140875891884,55.9119069699863,180.267425537109,0,115.187964699485,69.0200103613047,0,0,0,162.468299865723,206.726936340332,122.84979095459,183.184810638428,134.346633911133,139.71321105957,0,175.580444335938,0,16.9776570707335,117.930551211039,0,155.581026349749,176.319183349609,159.391403198242,67.5397060939244,121.813079184674,157.214597261869,183.295555114746,130.485033035278,125.150262271657,182.800813947405,191.741705322266,134.868125915527,0,0,175.995178222656,116.712889777289
97.7563441016457,79.008055795942,108.574465818947,27.7361992623952,14.5442838458339,83.6680631637573,67.1611712740869,56.1942886492879,81.3199066582479,19.3209883087176,58.5777041642852,151.919631422612,9.50118165913152,145.205761591593,107.199287785893,39.7597797027487,33.3513267796377,129.544554491481,159.277824551451,144.179762836531,14.211586942343,48.4670086284142,37.293883536346,84.609202209307,10.3279137202786,110.09365954615,137.217142724916,86.830463169442,16.8328186181024,90.2944818272029,72.8836426484455,160.574440002441,131.991004096137,68.1698784916489,93.2769239330631,140.41500600179,161.220718383789,148.637187957764,56.6932874029693,8.78168801707451,0,123.084573919123,108.71924163074,128.305736303329,61.1773625653053,119.722307068961,204.325256347656,81.6023122242519,208.066024780273,148.620883517795,0,71.1951079368591,173.195835113525,222.987899780273,194.46866607666,42.0519170284271,128.871898651123,64.7272199374526,139.203372955322,76.2559470759971,0,184.760498046875,161.456816355387,105.061325073242,133.354195961585,128.199898910522,0,0,114.641863505046,136.835135719993
117.569038391113,19.9137718493704,81.0997533798218,34.9473944566996,124.439999898275,0,139.442904663086,150.73814646403,122.355313195123,103.742847025895,147.714625358582,38.1125823096121,158.391229901995,19.605337115716,110.769258611342,133.725944519043,99.4116995069716,73.2555121269779,46.9751097262566,47.9505957211696,160.531799316406,127.920908147638,54.2782722389611,124.173780670166,110.09365954615,7.8975253781438,45.8868321631311,29.548823249304,148.393571036203,81.5194144930158,131.588578965929,41.6203209398572,88.8492031097412,118.804840087891,54.3930046570125,0,0,0,58.423833211263,0,0,0,0,0,0,0,75.1295801798503,0,78.6278353604403,0,0,0,0,77.7239901224772,64.2464319864909,0,0,0,0,162.729614257812,35.6186179320017,89.3480647693981,70.1581432978312,0,131.439086914062,0,89.521354675293,0,0,0
107.044452954056,58.7067755518855,35.7940868330726,60.8140205666722,141.154326629639,192.596176147461,152.378958049573,124.907372000832,134.074093692803,132.567211031914,145.953414486616,29.2546537817046,162.48398048647,58.9427332096039,132.769459935463,163.475794474284,111.208407551253,40.049511564066,34.1348478789363,38.2552024152419,177.365875244141,102.640466641979,92.3936289007013,61.6420099361659,137.217142724916,45.8868321631311,18.290206061128,47.9205661118265,134.502504877636,121.539972724817,94.6913209338035,48.5870492598526,150.298432849702,96.8117244015833,62.9229185913498,0,109.493186187744,129.050370788574,72.0643447958013,0,0,0,195.687599182129,196.902130126953,128.659346262614,214.081031799316,98.232607099745,0,102.481941699982,207.701240539551,0,164.542621612549,123.14454426485,101.532860932527,106.644212310379,0,163.699558258057,154.619087219238,153.477230072021,170.062310791016,64.4004354476929,109.685772904106,92.9074128468831,186.528182983398,191.52353922526,161.395095825195,110.090042807839,0,0,109.010209260163
123.998677262636,37.5313467471414,36.953150888492,67.7325958808263,122.585846918279,156.183629353841,158.075217642435,115.399130042177,144.727081482564,101.76274159293,138.953044157299,56.4386389210667,176.417265915289,33.1258015282148,146.980947204048,125.384248404667,31.5929256085123,71.9050269291254,60.2867712678447,66.1436828966283,169.245630264282,84.2208596830926,43.2306488370607,51.1987210191842,86.830463169442,29.548823249304,47.9205661118265,18.9050046211029,79.9272016601319,132.763529217045,106.521887806484,42.8382640600204,164.234219199733,108.432646594001,71.0475207279656,122.043426513672,120.831798553467,130.901608058384,75.3705767703194,0,0,195.928329467773,187.700866699219,247.108871459961,116.525051116943,0,100.061904907227,188.439102172852,95.7177773677942,0,0,90.547082901001,153.158175332206,110.294426373073,121.058105067203,0,155.603981018066,68.0682698954707,123.435850143433,158.110904173418,70.3939804077148,112.85028781531,99.9722400368331,174.633541742961,190.638988494873,169.305959701538,114.902739969889,0,195.334564208984,134.191876547677
86.5590998937213,97.3919472830636,88.1453354426968,64.5566758527442,17.2824413740419,103.430134773254,49.697083207694,35.5141762143299,79.5127443654066,52.027875949755,31.8015146145336,158.489481449127,46.4186720182859,166.376472024357,103.679604671715,70.9686677660261,37.5849215970063,119.971307599221,164.304440146998,144.214012389487,24.77386768317,42.0447750933525,61.4539266648685,61.4171915999045,16.8328186181024,148.393571036203,134.502504877636,79.9272016601319,12.4314760154529,93.1951979552606,39.2042870515115,176.237615411932,136.130094800677,60.1888634747325,69.5507138940816,135.509006500244,0,0,76.237168259508,65.5759422779083,0,133.930594010787,122.537414073944,135.400463867188,75.4451997783822,142.37434387207,0,94.6882781982422,0,158.979014078776,0,50.4505517062019,181.917556762695,0,200.465057373047,110.365899815279,128.716659545898,82.5746091206868,165.978207397461,103.397991848763,0,0,189.360093434652,121.912192475562,154.856474812826,137.690101623535,0,0,132.03148651123,155.352301025391
24.058429285649,132.214351488196,118.386825372223,97.5105880478681,103.098730800128,21.3117639407133,70.4625492768733,70.5049946812363,67.952855137401,84.4664943335191,91.5177831009963,58.2903887471648,100.071482307746,68.4744856593708,31.7116900237749,91.0892445390875,131.07876558657,108.169352160218,104.089824547928,127.542311437598,104.443277674036,89.1844759611715,122.087468882076,107.448818676474,90.2944818272029,81.5194144930158,121.539972724817,132.763529217045,93.1951979552606,13.1888710000086,30.1489966783416,95.7855398004705,14.6246024518337,18.4863470790121,26.1891413450836,170.135391235352,0,148.294372558594,106.181996663411,181.598561604818,0,131.612045288086,159.430686187744,189.034225463867,108.012377844916,152.895225524902,135.030563354492,122.05345753261,93.5848541259766,227.340148925781,0,135.179885864258,206.027989705404,127.036430358887,183.600784301758,164.108535766602,0,118.707674026489,0,131.249911409266,70.0115409851074,171.16162109375,146.707544962565,147.062829451127,186.215774536133,164.911087036133,110.791511535645,0,0,160.367706298828
33.1305332065048,110.420543227085,82.0653311866766,75.1043228439138,90.8992460150468,111.391483306885,102.170787157331,28.8650192191661,74.5789644507063,60.6947499055129,67.4165889557372,118.015380859375,137.688039991591,154.895050811768,58.9816335010044,103.970686776297,76.4061197767071,64.2984368452969,123.768880697397,88.2567008207161,125.542671203613,36.6329008579788,70.9917475382487,61.0141735222737,72.8836426484455,131.588578965929,94.6913209338035,106.521887806484,39.2042870515115,30.1489966783416,12.4209576009159,163.4228515625,123.82710647583,36.6419101838343,35.9256461781215,0,0,148.988586425781,102.313935769571,0,0,139.498237609863,145.726448059082,0,77.970630645752,122.091316223145,184.61360168457,126.270184834798,0,0,0,80.0412586096561,151.00467300415,0,187.3154296875,0,154.524459838867,77.7318710327148,143.857746669224,112.106544494629,0,0,145.363141377767,126.021932748648,187.917388916016,168.692970275879,0,0,0,160.653274536133
151.04195912679,73.8187080152107,93.7419995700612,83.2963067394192,177.28515625,0,123.639434814453,164.476945495605,144.428981399536,146.825374784924,169.674810137068,43.7716165171559,167.347423553467,29.6646014783118,125.898394831905,189.003845214844,130.52069913424,120.138121710883,50.8382950909866,69.3578201729911,177.091702270508,154.066876729329,102.254007456254,133.814863204956,160.574440002441,41.6203209398572,48.5870492598526,42.8382640600204,176.237615411932,95.7855398004705,163.4228515625,6.46891724517922,115.219340515137,152.879909515381,71.6971557783702,0,124.737827301025,0,117.755605909559,0,0,0,0,0,0,0,121.607345581055,184.013626098633,87.5588321685791,0,0,161.004455566406,167.6064453125,99.7410202026367,135.661120605469,0,0,118.609603881836,0,0,69.8279449939728,97.7991561889648,102.268522135417,0,0,0,102.304030609131,0,0,0
71.8890584309896,0,159.21756439209,104.959602355957,139.584915161133,13.2532381139053,43.0185102839448,121.380137236222,59.6518966909439,119.734001159668,123.076442670219,67.2928375244141,111.357762643115,84.1351354122162,19.8875148960373,44.1423335264671,0,157.634979248047,88.3153902689616,192.320693969727,125.687687828427,149.239367675781,196.214838663737,163.482926645587,131.991004096137,88.8492031097412,150.298432849702,164.234219199733,136.130094800677,14.6246024518337,123.82710647583,115.219340515137,5.05659211196664,102.790120697021,39.6990663298854,0,0,0,0,0,0,0,0,0,0,0,0,134.115425109863,127.407531738281,0,0,0,0,0,0,0,0,0,0,180.689010620117,93.6527252197266,0,0,184.684783935547,0,0,0,0,0,0
44.0191179068692,108.603005303277,89.7406884991393,68.6361577938764,74.5646607971191,0,90.3241403753107,61.4170560756651,81.9276659044169,60.0950571008631,77.2030683969487,126.010912577311,94.0966529846191,139.085512161255,52.6561693191528,89.7949319566999,98.1927131652832,71.3051131360884,109.34037882487,93.8605713105538,83.1272758483887,36.8574460923823,67.32404200236,74.8140875891884,68.1698784916489,118.804840087891,96.8117244015833,108.432646594001,60.1888634747325,18.4863470790121,36.6419101838343,152.879909515381,102.790120697021,9.3775452234657,18.6274150455121,166.660140991211,0,0,80.6212615966797,114.117706298828,0,142.331799825033,0,0,63.0472289191352,0,0,125.214309692383,0,0,0,0,0,0,0,0,0,59.7868309020996,161.36222076416,109.961179733276,0,146.567230224609,205.593536376953,132.512811279297,181.42211151123,148.219273885091,0,0,154.317657470703,159.074615478516
68.0925145032929,63.1105178889944,68.8471640679245,64.7607869492163,96.0577100118001,51.6940040588379,86.2213472886519,84.5409687788832,86.4605505316107,86.9362269331769,91.2168296259939,29.8014341023562,99.4143639556633,56.7166992163254,77.6819934844971,117.438327789307,79.8771070671082,48.875165241385,52.1153885696874,43.8248352664484,99.7224087715149,52.5518411253994,68.5741047184422,55.9119069699863,93.2769239330631,54.3930046570125,62.9229185913498,71.0475207279656,69.5507138940816,26.1891413450836,35.9256461781215,71.6971557783702,39.6990663298854,18.6274150455121,12.0476058209142,130.716537475586,112.679126739502,127.753451260653,70.8192246321047,125.843040466309,0,172.617218017578,164.929571787516,180.114191691081,76.3035952828147,163.344184875488,104.481965498491,129.350629170736,111.196696194735,187.039225260417,0,81.6552291497952,121.477520624797,115.768758661607,113.51477330759,145.891624450684,152.430877685547,80.4141317095075,123.756182917842,129.869776348735,72.0287316974841,114.488523685231,106.849217403636,145.666193825858,187.787033081055,162.144154866536,117.009364318848,179.946533203125,168.189331054688,116.692262013753
0,0,170.295379638672,102.903495788574,0,0,0,134.867866516113,149.727335611979,93.7905197143555,135.798355102539,0,0,0,0,0,0,182.214111328125,0,0,0,0,181.569046020508,180.267425537109,140.41500600179,0,0,122.043426513672,135.509006500244,170.135391235352,0,0,0,166.660140991211,130.716537475586,10.7857820426531,117.489231283014,101.953117115397,96.8076049060356,64.7906289100647,113.945281982422,65.6474325240604,23.5997662802973,28.8687211270324,72.0636626349555,41.6372543047694,107.040620676676,79.0062931605748,140.633220672607,23.7656853311181,67.1705722808838,92.5651089804513,94.7821107929685,131.855436284491,114.693776158453,71.1794118379292,68.9879031548133,109.600936607078,85.1626490418629,72.6210895990209,133.581232706706,107.871279828212,123.720895394861,71.0542849606031,15.9329481858615,23.6447765209756,143.857668558757,97.9219425201416,28.1851714965516,63.0342289193884
0,0,0,14.3341884613037,0,0,0,0,0,0,0,109.573960876465,0,112.424518585205,0,0,0,94.4209480285645,111.366606140137,103.422854336825,0,0,0,0,161.220718383789,0,109.493186187744,120.831798553467,0,0,0,124.737827301025,0,0,112.679126739502,117.489231283014,9.91758321950292,57.5836636119419,7.72348445394047,83.3341751098633,0,133.485774993896,120.803010360054,146.250682195028,74.2325670561438,124.854644188514,78.9476972198486,0,56.3972674470789,141.474524936161,0,63.967068428217,54.4385724389392,78.3462372791918,58.9662603951226,0,96.420343154516,26.3963706122829,71.6156050918886,77.4388710549419,26.7304090361461,52.8392954395583,37.1361090344817,129.17550600492,123.864680096386,101.812897060228,71.4070963859558,0,105.221933805026,59.5604343632289
0,0,105.845179966518,55.7508129543728,0,0,0,203.77165222168,181.123245239258,0,0,134.190612792969,0,0,0,0,0,124.505506432575,144.528447469076,154.203725542341,0,0,0,115.187964699485,148.637187957764,0,129.050370788574,130.901608058384,0,148.294372558594,148.988586425781,0,0,0,127.753451260653,101.953117115397,57.5836636119419,16.9193710909515,48.9332580899568,121.357656478882,0,113.109061093254,94.9580752642288,111.742731989004,96.7286966596331,100.743696157943,112.071322547065,152.546473185221,94.7649085304954,116.316307281028,116.642303466797,83.5872013989617,42.7935425734487,103.642666365749,75.2581401203519,146.853223164876,71.2918019329544,61.7927870308001,32.5002013032831,104.060096669861,94.7285314287458,42.7825916013294,41.2048736704875,90.1285558775643,120.868037537382,84.0112641767014,94.5506545276177,166.679460797991,102.301824368929,70.60522525823
114.352674865723,22.0474382958761,71.8757499123917,16.4371499450365,57.8421328617976,0,87.5723495483398,77.3883917744954,112.046149919618,27.9323002882678,83.1859877566074,69.8839000204335,94.3731842041016,66.9547627766927,135.342729356554,65.9452845255534,109.393914116753,77.2722141667416,73.3384888747643,71.1491959359911,97.7053375244141,107.338672637939,33.0805509936425,69.0200103613047,56.6932874029693,58.423833211263,72.0643447958013,75.3705767703194,76.237168259508,106.181996663411,102.313935769571,117.755605909559,0,80.6212615966797,70.8192246321047,96.8076049060356,7.72348445394047,48.9332580899568,7.97838003585563,29.6178973271297,0,77.4307261246901,61.5944752582284,96.9890355561909,8.90557495271317,68.1037965112803,64.1538559983416,69.7441902160645,42.4532028858199,115.496417681376,32.8467890421549,61.7731372833252,53.5570893002253,62.4785940079462,54.3602274834822,65.6546262105306,94.379020009722,15.248404038749,66.6178485816124,25.0927549966366,20.5177021982483,45.6570953161953,46.746707309639,51.4509328079224,92.9920616149902,80.8248559022561,58.5402091874017,113.565845489502,65.4801712036133,58.0174990217815
0,0,0,69.6324920654297,7.27699216251497,0,0,123.086288452148,145.036163330078,0,31.1548473834991,0,17.5877934410459,0,179.446807861328,55.8854141235352,0,0,0,0,10.5882012542637,169.871246337891,0,0,8.78168801707451,0,0,0,65.5759422779083,181.598561604818,0,0,0,114.117706298828,125.843040466309,64.7906289100647,83.3341751098633,121.357656478882,29.6178973271297,6.8451227138393,0,49.3436711921743,44.1966850220845,77.8910399956432,24.3010075392546,18.92954167689,0,13.5567861059604,0,93.9012888394869,56.9524897257487,124.34366607666,140.364280700684,148.809448242188,153.877389526367,9.06938238322587,91.4616026444869,55.7313693364461,115.67820892334,11.0972713232262,134.202438354492,136.462678527832,106.871389191726,12.616064351526,89.9399947590298,88.5475507463728,0,0,63.7131779988607,103.497530937195
0,0,0,0,0,0,0,0,0,0,0,0,0,0,0,0,0,0,0,0,0,0,0,0,0,0,0,0,0,0,0,0,0,0,0,113.945281982422,0,0,0,0,8.4477898164912,15.1041446647388,0,19.2551989180318,45.6237630844116,108.800193786621,66.7766151428223,55.0512533748851,0,31.1592694114236,13.3823698369598,0,151.327606201172,0,178.680969238281,69.0430704752604,0,0,111.56103515625,75.4134651184082,0,204.509063720703,0,150.383026123047,24.6712373044502,0,0,15.4019300785876,0,51.1699333190918
0,0,202.802352905273,86.1975708007812,79.2372976030622,0,161.180244445801,132.685288565499,161.745611463274,101.742822919573,152.805981106228,0,35.582307270595,0,192.923736572266,0,0,218.657989501953,0,0,121.70092010498,0,138.654037475586,0,123.084573919123,0,0,195.928329467773,133.930594010787,131.612045288086,139.498237609863,0,0,142.331799825033,172.617218017578,65.6474325240604,133.485774993896,113.109061093254,77.4307261246901,49.3436711921743,15.1041446647388,9.03441774793252,50.3056799932841,19.6113711020835,64.1237393065197,26.0678456721376,95.6785284189077,15.7129441272676,108.751182556152,64.0113631909821,13.5145824146612,109.367808205741,127.802120811061,148.190844726562,149.318807678223,37.4135032789207,99.1409945386521,118.545333862305,105.00738975237,46.9302153326322,0,139.004862898487,129.590875588931,62.6218734102532,79.3716617012024,88.151457463067,160.576782226562,33.7109435305044,97.0996712394383,102.039708985223
0,0,169.905029296875,95.6804878234863,100.817844935826,0,117.008262634277,120.834531511579,154.366773605347,83.4719249180385,136.341888936361,0,137.155715942383,0,169.502400716146,0,0,197.435770670573,0,0,133.201553344727,0,124.778759002686,162.468299865723,108.71924163074,0,195.687599182129,187.700866699219,122.537414073944,159.430686187744,145.726448059082,0,0,0,164.929571787516,23.5997662802973,120.803010360054,94.9580752642288,61.5944752582284,44.1966850220845,0,50.3056799932841,9.92210474276546,53.5218477612349,59.5831991672516,18.0729467088423,133.000900561993,50.4841432381939,155.297475179036,38.748501389801,74.2343906826443,78.8822144359147,93.6804695791431,142.816782194993,122.715544303752,46.1800390042757,73.2534728805806,92.8332684834798,82.9080211929615,46.4412749912632,0,112.463299664442,112.029773016436,25.0929196270429,66.9601401347855,28.0708612567457,159.589006212023,121.004122416178,67.0049758168448,85.3109462494944
0,0,187.94987487793,115.346631368001,79.5853881835938,0,0,146.229090881348,172.118850708008,112.624109268188,147.330972290039,0,0,0,0,0,0,193.613616943359,216.415237426758,0,0,0,0,206.726936340332,128.305736303329,0,196.902130126953,247.108871459961,135.400463867188,189.034225463867,0,0,0,0,180.114191691081,28.8687211270324,146.250682195028,111.742731989004,96.9890355561909,77.8910399956432,19.2551989180318,19.6113711020835,53.5218477612349,9.5829135746215,81.8392700048593,33.4295969960149,69.7562851846954,69.3095586749869,91.1457544962565,18.6816068280794,30.5038811329872,117.298954191662,119.580548029978,139.375746772403,142.850973609186,66.0556630907343,95.9127006856526,125.09126095242,103.716080407509,68.8258239686177,113.175661722819,129.343463047256,133.940304015999,67.4330791529487,59.5689825731817,72.9532132672437,149.686183929443,21.284155747293,89.9405749184745,83.189426866882
