9.25963077034965,119.511890411377,95.7841631632147,63.1109673546963,79.0970368636282,60.704150934329,38.310660840048,25.8235959745245,24.033140220046,62.2072318646548,44.7818814953368,135.905923707145,62.3727123169672,165.055254618327,8.73070599284077,49.4340076446533,0,95.6053524691959,144.378899324857,123.518631248623,83.0388785044352,61.2613055229187,63.5346510960506,76.1682950996217,65.9500346940661,160.477462768555,121.954667794404,133.319106008492,59.3977772914247,11.9432980206633,27.2882143813649,159.43631199428,73.7194656603264,37.1567776302497,83.9589186208001,149.509479522705,0,176.310069492885,82.6141225641424,138.800342559814,0,187.719120025635,146.09713101387,152.236840384347,144.0461769104,161.144332885742,0,0,0,173.540776570638,0,0,183.489776611328,207.561050415039,183.84977722168,0,0,0,176.585353306362,127.782480793615,0,207.292190551758,181.231989773837,134.791864639673,177.810195922852,160.472932815552,0,0,0,164.935684204102
119.511890411377,6.86717270944536,53.8008976830377,19.7686411677486,0,0,146.839630126953,0,0,59.097586855681,0,60.2766294076409,84.4535369873047,49.4186203854143,0,107.727184295654,68.7756512959798,64.682764561971,66.8824557551631,51.3376582119916,0,80.7544891357422,21.3694115750605,83.2055315290179,58.6208102816627,17.7194125230918,57.3393279075623,26.0808360011569,113.96438852946,0,93.5940475463867,64.1148847692153,0,86.1112569173177,39.8477092040212,151.356948852539,113.354080200195,97.4589714637169,74.6154179573059,0,0,0,0,0,0,0,103.51277923584,0,96.4794733683268,0,0,0,79.9596939086914,117.858263969421,100.143782043457,0,0,115.399200439453,91.9232056935628,137.221530151367,63.4319515228271,102.177148965689,95.1376382866684,128.875305175781,0,140.457397460938,108.263404846191,0,0,85.7278633117676
95.7841631632147,53.8008976830377,9.95518081829705,47.0580484026717,0,93.2846755981445,142.484348297119,89.2325330880972,139.894081115723,100.159144592285,105.27906121148,78.8934386936964,173.007598876953,90.5511991712782,103.834098907838,0,73.5211217403412,27.2837448799101,82.3362712722888,64.6715723865362,0,66.1884179751078,46.026196558022,21.6762837805671,98.2170227050781,105.380264282227,32.3128642150008,35.1871678871761,57.7048525773392,91.279869259105,67.1601828925783,93.1431907985521,162.684310913086,96.7952216653263,48.1064329620794,178.030415852865,129.657572428385,100.767432572792,77.3269245219681,0,0,200.747512817383,157.031136946245,0,172.282684326172,168.10871887207,147.617126464844,159.290954589844,159.293986002604,197.353652954102,0,124.706985249239,107.200556282685,156.961637496948,130.970529079437,0,119.679366556803,87.6454052558312,106.629190811871,145.304490152995,133.853302001953,118.25922224501,101.610365015328,143.40359025843,198.386871337891,133.88303527832,160.013758341471,0,186.261795043945,106.87258854197
63.1109673546963,19.7686411677486,47.0580484026717,16.4601141633594,66.0383639115554,106.73780456543,89.4851660551848,51.4656632285825,84.5492484709796,12.434414394989,65.5222173568306,50.6884324746054,62.4515667401827,38.2472707322097,83.6704050784079,56.9676975157203,49.8047684519572,63.1527535746417,72.0315415859222,83.9281482361911,89.055263634884,46.8289823804583,27.7676039225416,47.8788388378142,32.6158102104552,18.9528854459861,60.104479083532,37.2302785024082,43.3888143990858,66.0093662564347,48.4917400860396,62.284276564916,116.195148916805,46.3378711874554,63.9816958236694,91.0148544311523,40.993848880132,64.2498750889555,19.9389014701112,70.8743000030518,135.360366821289,103.941278660551,72.882006656081,104.221718995467,23.3959963169504,84.130975151062,88.2877353668213,70.8396148681641,38.5721231287176,107.685094833374,80.2452189127604,67.1957699168812,69.8962071736654,78.9797123500279,84.4749087379092,105.772253672282,72.288836924235,38.1774660650506,65.0125765692104,51.106101153087,23.8315331752484,76.6555818830218,62.1233650110741,65.2222444706393,103.047342412612,70.4028461825463,58.5206817626953,174.19856262207,85.592737197876,87.0274988810221
79.0970368636282,0,0,66.0383639115554,7.66837770438653,125.894529724121,70.9549393796635,43.0306721672493,82.2942539124977,50.2962630782016,21.7183699335664,136.934448242188,25.7155688009712,0,90.7743592262268,64.420813369751,0,0,0,0,11.6099286696421,86.2831192016602,89.0326059129503,0,16.8130277749846,0,217.484390258789,125.230857849121,14.505577527918,93.0636408770526,104.982864379883,0,133.253413009644,80.0505537986755,88.0752185058594,0,0,0,77.7368563334147,11.2822046355596,139.949172973633,172.871347699847,144.716260274251,163.478215535482,125.830751691546,135.947633916681,0,103.438510894775,0,172.448394775391,141.248611450195,0,0,0,0,13.8941320419312,0,0,0,96.791262606065,0,0,0,121.282953174298,155.221313476562,0,0,0,0,180.775054931641
60.704150934329,0,93.2846755981445,106.73780456543,125.894529724121,7.71060218079336,17.7343909324328,106.894608857616,33.6625373073934,100.636571796124,105.84646281258,62.8778741836548,89.0406097412109,70.9372512817383,34.6170802151484,15.9052749727032,0,134.657127380371,101.949142456055,0,106.621633911133,116.361171722412,94.7940266927083,101.469934735979,106.779036856317,0,164.388841247559,159.698860168457,107.767195632777,33.7320572495951,109.731642586844,117.855743408203,12.7107260906249,75.0673927307129,38.7734843775169,188.676818847656,0,0,125.493484048282,154.449012756348,0,211.699444580078,174.907939910889,236.057556152344,161.821797688802,192.797492980957,0,0,0,215.542663574219,0,0,0,0,0,0,0,0,173.12149810791,162.207115760216,0,0,0,175.976814814976,205.166229248047,191.862007141113,0,0,0,187.440887451172
38.310660840048,146.839630126953,142.484348297119,89.4851660551848,70.9549393796635,17.7343909324328,9.08870869584161,52.0379456803309,17.1002041913928,86.5660240680357,22.8608026747495,76.7242738087972,18.9000728583389,86.1280097961426,32.4845473251884,14.5211899103797,0,102.55919342041,108.678318023682,134.307010650635,41.8647342823595,97.5431416829427,87.9219025748117,124.954147338867,74.2620816587198,0,176.778920491536,146.63200378418,54.7425271494405,40.671734057428,90.6516892217821,0,17.360025420785,74.0836577675559,47.7745359345978,175.917251586914,0,0,103.09757147895,175.467697143555,226.317092895508,198.376387023926,164.30501644428,180.407918294271,128.441875457764,159.199237823486,0,135.005737304688,0,211.85910542806,174.910057067871,0,0,0,0,185.999801635742,0,0,0,149.784198864086,0,0,0,159.75095814672,174.92805480957,0,0,230.031463623047,0,189.725444793701
25.8235959745245,0,89.2325330880972,51.4656632285825,43.0306721672493,106.894608857616,52.0379456803309,9.21275862936553,47.1762546727828,52.5687828946997,13.5527142479832,141.364932307491,38.9741381512175,137.389015197754,22.4429643550563,64.0911825815837,93.760550181071,103.072187391378,155.300928115845,128.684801944467,52.4302472576262,59.3223522186279,57.3559284210205,79.0525677204132,49.4981436850306,0,121.742250970069,107.205817426715,19.8120521953501,43.1602262366349,14.8959942886746,141.000818888346,117.134127659584,44.3971498839463,59.3353729841005,143.522050684149,0,164.705837249756,73.9063180994104,113.794175201992,168.438835144043,144.115188881203,121.382512167226,142.731362292641,93.596155166626,127.302788821134,0,107.825517708915,0,152.133688638377,121.950232696533,100.68302154541,0,0,240.599456787109,153.279448075728,116.163139343262,121.476446151733,157.990005493164,97.3797047040849,0,185.741516113281,188.469030761719,111.724190081339,154.057400512695,125.625042724609,0,0,154.034859975179,158.712572512419
24.033140220046,0,139.894081115723,84.5492484709796,82.2942539124977,33.6625373073934,17.1002041913928,47.1762546727828,10.1920334560976,83.4819522537552,17.5372008633957,80.830771891276,29.7611377790455,88.8147476196289,15.5290726144229,31.4289469136085,125.599040985107,130.842323303223,145.595863342285,160.241421508789,60.2816728637332,84.768669128418,81.0943294618188,127.747667312622,78.611339688789,0,154.230290730794,157.339211357964,73.5994499991922,27.2312596723729,78.8166449546814,0,17.9882153750003,65.020825014276,49.1418274522738,163.162588500977,0,0,101.255471850198,164.484425136021,0,181.963097890218,152.948546176487,176.635350227356,119.462399800618,158.540148221529,0,125.919395446777,0,191.62420823839,195.160133361816,127.019836425781,0,0,0,233.107543945312,135.411697387695,0,162.800872802734,135.212011311849,0,0,0,149.501138150692,191.051413143382,152.525817871094,0,0,196.058662414551,194.157791137695
62.2072318646548,59.097586855681,100.159144592285,12.434414394989,50.2962630782016,100.636571796124,86.5660240680357,52.5687828946997,83.4819522537552,7.92341668575218,65.080641677048,128.507747943585,9.84372390218871,107.83155254985,75.6935552172186,18.6230932134834,41.1305014292399,95.6205006917318,126.801020304362,123.33255259196,71.2559822797775,50.892774283886,12.494963314526,70.1144746541977,22.0754670134563,92.0461485862732,115.537001658294,97.9049050283904,39.6942735075178,65.1936019241685,53.6951402444334,128.373301188151,119.8680727005,51.2951806386312,67.191449043446,146.142425537109,0,116.926105499268,54.7876461029053,120.767883300781,0,173.796002705892,112.793042696439,118.707656860352,63.4241739908854,110.284617287772,0,66.7236037254333,140.589721679688,124.042060852051,84.7480049133301,52.1196823120117,0,0,185.938774108887,118.617904663086,108.656158447266,79.845329284668,116.234033203125,68.0252659376278,124.620971679688,173.313819885254,130.853709084647,95.628848904469,162.367256164551,0,180.295181274414,0,128.397506713867,125.379976908366
44.7818814953368,0,105.27906121148,65.5222173568306,21.7183699335664,105.84646281258,22.8608026747495,13.5527142479832,17.5372008633957,65.080641677048,8.52009487793376,145.326707839966,25.547319037385,0,42.2355021610055,67.4877162368209,0,119.354988098145,0,0,18.2310650821365,83.6566429138184,81.9235019683838,111.600887298584,35.7966916223398,0,131.206850687663,124.314409891764,16.604095970634,84.2482570197231,41.8193391333235,0,119.050999082368,65.0870230444546,84.2901732274728,147.243020629883,0,0,94.1898129781087,146.076205662319,152.195068359375,163.174626159668,136.066245028847,152.220720926921,112.820983886719,149.156555869363,0,109.61067199707,0,165.756234741211,160.066024780273,0,0,0,0,157.734115600586,0,0,152.467407226562,120.442871574883,0,0,0,134.334838631227,158.599690755208,0,0,0,141.512348175049,163.814290364583
135.905923707145,60.2766294076409,78.8934386936964,50.6884324746054,136.934448242188,62.8778741836548,76.7242738087972,141.364932307491,80.830771891276,128.507747943585,145.326707839966,11.4430387127489,122.856278737386,18.2159825852924,92.3961649442974,93.7612638473511,101.012203216553,48.1033295645858,18.608410477905,20.1642515371946,138.85410563151,103.62274312973,103.034174467388,88.3569410916032,142.050621032715,24.9721960902038,25.2858390212633,50.695802437375,117.056134665885,60.6531487732685,111.871673677406,24.1325455318193,66.5165680173844,103.748596627372,30.6065677405965,0,126.469678243001,149.874076298305,65.3216654459635,0,0,0,180.928833007812,0,0,0,96.5536828474565,0,79.0017976227754,0,0,0,138.410438537598,116.107048543294,116.559051513672,0,158.640716552734,113.932034301758,166.642425537109,191.792495727539,66.7462759017944,110.706005308363,110.348573198203,0,226.850662231445,176.458694458008,106.379880804765,0,0,96.336198425293
62.3727123169672,84.4535369873047,173.007598876953,62.4515667401827,25.7155688009712,89.0406097412109,18.9000728583389,38.9741381512175,29.7611377790455,9.84372390218871,25.547319037385,122.856278737386,8.92611677347544,0,69.9776323351557,10.1723310776049,0,0,0,0,15.2412770604608,122.227432250977,59.8249216715495,123.12841796875,24.7240496135138,0,155.23544883728,130.652009963989,36.7662015660908,88.0097079380699,91.9138594733344,0,105.270824625035,81.7081612807054,89.4624248195339,130.982894897461,0,0,85.5501708984375,141.045837402344,0,188.87700398763,129.453011322021,188.143618774414,88.073122660319,151.013421630859,0,24.5425074365404,0,170.253707885742,195.115020751953,0,0,0,0,130.516016642253,0,0,0,101.858500595093,0,0,0,122.437863276555,0,0,0,228.229049682617,179.191055297852,0
165.055254618327,49.4186203854143,90.5511991712782,38.2472707322097,0,70.9372512817383,86.1280097961426,137.389015197754,88.8147476196289,107.83155254985,0,18.2159825852924,0,8.27642760432579,75.5736999511719,62.8532543182373,127.72819519043,68.1734255622415,47.5166351592619,68.3857292574505,0,122.99166615804,88.3037862265982,106.498947143555,119.128771887885,15.9836843475005,28.9517929320914,25.0363857375624,121.429041726249,81.4483936854771,127.651769491342,12.061509195029,78.1209629603795,119.902034759521,48.0852110991852,0,85.0801843007406,205.333923339844,69.9694061279297,0,0,0,0,0,130.900821685791,0,83.4991311418249,197.666763305664,68.9320872890792,0,0,0,112.199768066406,104.132266998291,106.138955489449,0,0,126.596452713013,183.276000976562,153.495922088623,57.0147896828736,101.952780757632,96.012345876573,0,0,0,91.5096060060987,0,0,92.3841816295277
8.73070599284077,0,103.834098907838,83.6704050784079,90.7743592262268,34.6170802151484,32.4845473251884,22.4429643550563,15.5290726144229,75.6935552172186,42.2355021610055,92.3961649442974,69.9776323351557,75.5736999511719,7.88330166883736,34.7925428610582,94.5137329101562,109.027845963188,152.074631324181,135.181080599444,84.5666905562701,79.0690205891927,72.2974939346313,81.7497779210409,80.0893623483269,0,134.423807768695,141.584299632481,66.5324003138027,13.9988930103727,40.2535663592263,0,17.544120762661,30.1051959018673,43.6992532893736,170.463283538818,0,0,100.483165872508,211.97541809082,0,195.688116073608,158.169658537834,183.090286254883,203.125793457031,165.363082885742,0,0,0,172.81022644043,0,0,0,0,0,0,153.984924316406,131.171569824219,164.440418243408,141.859014337713,0,219.021509806315,191.321553548177,152.028559730166,202.332824707031,0,0,0,161.507736206055,0
49.4340076446533,107.727184295654,0,56.9676975157203,64.420813369751,15.9052749727032,14.5211899103797,64.0911825815837,31.4289469136085,18.6230932134834,67.4877162368209,93.7612638473511,10.1723310776049,62.8532543182373,34.7925428610582,6.26739897043118,0,0,0,0,64.3944472764668,83.7035446166992,55.1513280134935,101.425395965576,43.8984862626201,0,0,139.880847167969,57.5075509872795,34.9034248393971,80.5985708236694,0,54.6046231676649,78.6873873197115,33.8973123488888,0,0,0,90.3309015546526,0,0,0,145.112289428711,179.454382324219,68.1113052368164,157.774993896484,0,67.5245513916016,0,0,84.8958969116211,0,0,0,0,0,135.826110839844,0,0,115.936899457659,0,0,0,132.777153015137,201.790008544922,0,0,0,0,0
0,68.7756512959798,73.5211217403412,49.8047684519572,0,0,0,93.760550181071,125.599040985107,41.1305014292399,0,101.012203216553,0,127.72819519043,94.5137329101562,0,13.0955565629719,89.050891658238,0,113.219137018377,0,14.1953324519865,33.5912512094404,16.0690542950929,14.0945662901828,0,105.063063430786,26.5791567229973,21.2306776090397,50.1176090240479,44.8627248563265,119.388175964355,0,30.1849966049194,69.3845109829957,0,0,120.446858919584,43.8601319956225,0,0,0,0,0,0,151.735687255859,0,0,0,0,0,111.650978088379,137.307102203369,0,161.954040527344,0,130.29606628418,91.3553605079651,118.52556648901,178.352066040039,0,143.772674560547,124.935949271066,103.156089782715,122.659713745117,82.1636962890625,0,0,0,131.90147857666
95.6053524691959,64.682764561971,27.2837448799101,63.1527535746417,0,134.657127380371,102.55919342041,103.072187391378,130.842323303223,95.6205006917318,119.354988098145,48.1033295645858,0,68.1734255622415,109.027845963188,0,89.050891658238,9.60115572511058,64.473140749157,28.7586546501291,0,45.9945486999501,68.7545520743144,22.1082393220631,115.457689557757,86.6654457092285,23.6398316644455,64.683404500469,83.3168661312181,84.0082717559024,74.1143263894982,99.7246837615967,164.258628845215,79.6081125952981,31.8056389094346,0,132.762847900391,107.854891419277,100.964987564087,0,0,222.887786865234,165.762896219889,226.444442749023,0,179.079071044922,177.078533172607,0,197.138160705566,0,0,132.668617248535,116.719215497579,162.08415222168,138.370059331258,0,116.382033211844,110.184795837402,117.923560942235,180.453536987305,155.945449829102,123.552309728552,110.995952681536,142.040524996244,0,148.506092071533,151.803161621094,0,0,112.848579406738
144.378899324857,66.8824557551631,82.3362712722888,72.0315415859222,0,101.949142456055,108.678318023682,155.300928115845,145.595863342285,126.801020304362,0,18.608410477905,0,47.5166351592619,152.074631324181,0,0,64.473140749157,7.96085655580098,18.418143725493,0,122.900900099013,104.509578523182,99.9476660490036,120.845987955729,43.3025367507935,29.9333222936283,67.0207051466236,124.329414367676,129.667702216607,125.718225115296,51.0611414261806,91.0230865478516,119.221160888672,65.9238941868146,203.877456665039,98.2943912082248,156.368749936422,85.8829818725586,0,0,0,0,0,0,0,101.19718569801,0,92.2210959567819,0,0,0,161.076099395752,120.048567520945,119.92250765287,0,0,151.477528163365,165.040700912476,0,81.3382768069997,120.173918053412,117.908753247531,173.939483642578,0,0,110.51214263916,0,0,120.608374023438
123.518631248623,51.3376582119916,64.6715723865362,83.9281482361911,0,0,134.307010650635,128.684801944467,160.241421508789,123.33255259196,0,20.1642515371946,0,68.3857292574505,135.181080599444,0,113.219137018377,28.7586546501291,18.418143725493,10.2558823125602,156.735092163086,93.0732162475586,102.151504062471,72.7035741047957,136.904223124186,54.2590096447919,36.4197302481653,68.4625594037084,105.315351460775,109.985068881364,102.034215109006,65.2940773620605,178.616872151693,97.4004243569931,47.0922322188282,192.038116455078,106.309309005737,133.534839846053,92.6600020726522,0,0,0,231.787368774414,238.108779907227,0,177.938018798828,118.615462832981,0,97.2195287431989,0,0,161.174387613932,122.867034346969,119.699213174673,110.17557176493,0,0,115.954886696555,146.446114837146,201.220916748047,78.9779207953091,111.718458306299,116.301253846261,177.86190032959,0,189.659225463867,121.688683191935,0,0,134.674515724182
83.0388785044352,0,0,89.055263634884,11.6099286696421,106.621633911133,41.8647342823595,52.4302472576262,60.2816728637332,71.2559822797775,18.2310650821365,138.85410563151,15.2412770604608,0,84.5666905562701,64.3944472764668,0,0,0,156.735092163086,8.55726125262353,100.863079071045,92.5911917252974,137.133438110352,23.4347490532431,0,0,182.781387329102,23.3096792741905,90.5162713313448,144.095308939616,0,114.972792184481,89.5924130101358,89.2508151974298,163.539283752441,0,0,107.307389692827,177.60050201416,180.890197753906,179.899841308594,162.83420308431,184.858509063721,108.499683380127,156.11610921224,0,14.1376713514328,0,204.036315917969,163.088310241699,132.656692504883,0,0,0,167.299926757812,0,0,156.739669799805,130.974064388791,0,0,0,150.797318231492,184.81135559082,0,0,0,143.278244018555,0
61.2613055229187,80.7544891357422,66.1884179751078,46.8289823804583,86.2831192016602,116.361171722412,97.5431416829427,59.3223522186279,84.768669128418,50.892774283886,83.6566429138184,103.62274312973,122.227432250977,122.99166615804,79.0690205891927,83.7035446166992,14.1953324519865,45.9945486999501,122.900900099013,93.0732162475586,100.863079071045,9.6070215952957,41.1818984923737,17.0701197920805,10.9345117697837,112.074073791504,97.7717169927171,51.0506144566628,16.9853790022994,51.245527566563,18.5146187028738,137.75868733724,0,51.6572841722138,40.2399248474064,124.144752502441,0,134.752696697529,46.5297598524408,0,196.230682373047,0,124.79332447052,0,91.2599716186523,124.245956420898,0,0,0,0,0,121.729272842407,145.848215103149,0,0,0,113.983186721802,100.017320486215,119.609129088266,101.675132751465,176.843322753906,143.562534332275,134.784015053197,112.396336364746,115.728801727295,116.262030029297,0,0,96.7861137390137,135.13953944615
63.5346510960506,21.3694115750605,46.026196558022,27.7676039225416,89.0326059129503,94.7940266927083,87.9219025748117,57.3559284210205,81.0943294618188,12.494963314526,81.9235019683838,103.034174467388,59.8249216715495,88.3037862265982,72.2974939346313,55.1513280134935,33.5912512094404,68.7545520743144,104.509578523182,102.151504062471,92.5911917252974,41.1818984923737,8.86931098375944,42.6704352833327,13.207523697963,65.0233339879705,94.3768159009865,36.7358818905765,44.6601264578385,54.893834027377,44.1540861745034,105.762148857117,105.673555755615,35.3124184891513,52.554049770461,129.9404296875,89.8834371566772,86.6721425737653,48.8305003682121,117.569633483887,0,129.106739044189,105.830632527669,0,78.2099395165077,136.218643188477,112.368576049805,87.2135581970215,113.641661794562,0,0,77.9558488405668,122.946825812845,160.301177978516,128.662722015381,119.705169677734,85.2495797101189,72.2466959842416,82.7676360216428,84.483402188619,102.088203776966,131.257584779159,81.5124630665828,105.826570722792,108.957069396973,125.954532146454,0,0,72.8163833618164,90.8620931185209
76.1682950996217,83.2055315290179,21.6762837805671,47.8788388378142,0,101.469934735979,124.954147338867,79.0525677204132,127.747667312622,70.1144746541977,111.600887298584,88.3569410916032,123.12841796875,106.498947143555,81.7497779210409,101.425395965576,16.0690542950929,22.1082393220631,99.9476660490036,72.7035741047957,137.133438110352,17.0701197920805,42.6704352833327,14.1518130578596,40.5990588645305,87.4115409851074,61.4035248937423,37.1819008972724,27.5781260012613,44.4340606581352,35.9647988688799,110.167147318522,125.775152206421,65.7322691917419,44.6184527632127,151.523485183716,164.377166748047,108.057933692768,55.3497126265748,0,0,144.842784881592,139.175392150879,0,93.7988662719727,135.486968994141,173.562377929688,0,123.023391723633,192.725593566895,0,109.380176855593,123.109147862026,165.465713500977,141.2419921875,0,118.73245716095,92.8548363579644,110.358323035302,135.227971394857,166.976089477539,144.786433118455,107.739268209246,134.372413211399,132.497798919678,119.568609714508,199.195526123047,0,106.852703094482,112.99112877479
65.9500346940661,58.6208102816627,98.2170227050781,32.6158102104552,16.8130277749846,106.779036856317,74.2620816587198,49.4981436850306,78.611339688789,22.0754670134563,35.7966916223398,142.050621032715,24.7240496135138,119.128771887885,80.0893623483269,43.8984862626201,14.0945662901828,115.457689557757,120.845987955729,136.904223124186,23.4347490532431,10.9345117697837,13.207523697963,40.5990588645305,9.20288181030758,90.7636104159885,124.395626905488,69.8228520917221,15.263242858129,70.8082594824075,55.8094367924359,133.832672119141,118.116204311973,58.0311199769675,68.3784881271321,141.835407802037,0,136.930929395888,62.8352198269278,118.079073588053,138.76188659668,142.178167014286,114.399852908387,144.68964053423,77.5959426879883,122.802460403442,0,101.981830869402,174.562835693359,152.653727827401,111.000468662807,140.140670776367,0,0,0,143.811619685246,122.473330688477,110.630419413249,138.438933152419,85.7218418059969,0,0,151.943450927734,104.054573110458,156.772590637207,123.156147003174,0,0,132.87496693929,151.013565063477
160.477462768555,17.7194125230918,105.380264282227,18.9528854459861,0,0,0,0,0,92.0461485862732,0,24.9721960902038,0,15.9836843475005,0,0,0,86.6654457092285,43.3025367507935,54.2590096447919,0,112.074073791504,65.0233339879705,87.4115409851074,90.7636104159885,8.39960009171747,46.156821157418,19.736788030134,115.673877716064,73.8334632873535,146.948608398438,51.5588359015329,0,0,43.9243218271356,0,67.0601208209991,89.0683670043945,43.6742272298844,0,0,0,0,0,109.176037597656,0,64.000213470459,0,57.852447966842,0,0,172,0,74.8207664489746,85.0927376998098,0,0,100.162680699275,0,135.063499450684,41.101148258556,76.5586916233206,74.1767329020673,0,0,0,78.7091977154767,0,0,76.5103257123162
121.954667794404,57.3393279075623,32.3128642150008,60.104479083532,217.484390258789,164.388841247559,176.778920491536,121.742250970069,154.230290730794,115.537001658294,131.206850687663,25.2858390212633,155.23544883728,28.9517929320914,134.423807768695,0,105.063063430786,23.6398316644455,29.9333222936283,36.4197302481653,0,97.7717169927171,94.3768159009865,61.4035248937423,124.395626905488,46.156821157418,17.3122792469493,42.0088247541384,92.5650364197144,116.386703659816,103.32137743476,26.1629454744509,168.502698262533,123.693375469887,71.0904876076053,186.005592346191,107.169690345315,114.485007938444,91.1418919563293,0,0,0,174.46812778049,0,166.838775634766,197.525808334351,99.0841479897499,0,91.5388016662598,160.483764648438,0,145.314371109009,109.306152390271,112.218831306494,108.41433329439,0,147.072113037109,137.917894363403,132.044122436523,170.696993741122,74.3599459249762,106.976820256002,107.065404346829,161.166645343487,186.248906453451,159.284420013428,111.655300189922,128.891830444336,223.451400756836,115.458614095052
133.319106008492,26.0808360011569,35.1871678871761,37.2302785024082,125.230857849121,159.698860168457,146.63200378418,107.205817426715,157.339211357964,97.9049050283904,124.314409891764,50.695802437375,130.652009963989,25.0363857375624,141.584299632481,139.880847167969,26.5791567229973,64.683404500469,67.0207051466236,68.4625594037084,182.781387329102,51.0506144566628,36.7358818905765,37.1819008972724,69.8228520917221,19.736788030134,42.0088247541384,14.2543969165082,71.8831135778544,124.64608500554,104.998571871279,23.0135273911549,156.124590555827,105.692572752635,65.471494428058,185.025834655762,94.797591815485,101.09740077654,75.6424635335019,0,0,222.637049357096,164.346083554355,170.028030395508,149.511205336627,188.384118652344,95.6438845688442,150.797317504883,82.0070919702517,191.294852120536,167.484359741211,120.124027970908,106.2951081068,109.476482418034,107.825878297289,0,121.464707447932,98.2851784506509,110.553367690442,152.506430956782,62.7708194349065,104.326282170564,99.7718722471244,152.500137510754,177.998717625936,142.148950485956,106.144288166915,0,146.397791544596,108.690194695084
59.3977772914247,113.96438852946,57.7048525773392,43.3888143990858,14.505577527918,107.767195632777,54.7425271494405,19.8120521953501,73.5994499991922,39.6942735075178,16.604095970634,117.056134665885,36.7662015660908,121.429041726249,66.5324003138027,57.5075509872795,21.2306776090397,83.3168661312181,124.329414367676,105.315351460775,23.3096792741905,16.9853790022994,44.6601264578385,27.5781260012613,15.263242858129,115.673877716064,92.5650364197144,71.8831135778544,9.30104069866653,66.5976333396847,41.1785991207162,132.612300327846,125.575483978772,45.7890589037656,50.9856216222652,125.398991394043,0,149.095315382216,61.5049874391622,117.034348246257,167.622965494792,139.827460908053,112.485144297282,143.028565453701,76.2559737356085,125.807836233401,0,103.587417602539,170.081123352051,153.881515979767,118.852677408854,108.93660736084,174.424911499023,216.676910400391,194.359474182129,145.245354788644,123.523937225342,116.498876571655,126.485903989921,89.6237054805451,149.021453857422,168.534637451172,153.01899295383,105.885771037146,148.593048858643,119.313932939009,0,199.685279846191,125.838764190674,149.184790111723
11.9432980206633,0,91.279869259105,66.0093662564347,93.0636408770526,33.7320572495951,40.671734057428,43.1602262366349,27.2312596723729,65.1936019241685,84.2482570197231,60.6531487732685,88.0097079380699,81.4483936854771,13.9988930103727,34.9034248393971,50.1176090240479,84.0082717559024,129.667702216607,109.985068881364,90.5162713313448,51.245527566563,54.893834027377,44.4340606581352,70.8082594824075,73.8334632873535,116.386703659816,124.64608500554,66.5976333396847,8.55205916873212,21.8968553930488,154.731666564941,17.0286735378702,18.3474301612496,31.2343007655417,162.254998779297,0,148.328067779541,85.253121451726,177.414443969727,0,186.635620117188,154.802638926405,177.630425886674,128.063158035278,166.873406546456,0,135.099243164062,0,180.349049886068,151.712982177734,0,216.367904663086,0,0,0,144.250831604004,0,159.36512298584,128.105589760674,0,177.124087015788,168.30488851796,140.224394117083,183.342591285706,134.68501663208,0,0,214.379150390625,146.357533772786
27.2882143813649,93.5940475463867,67.1601828925783,48.4917400860396,104.982864379883,109.731642586844,90.6516892217821,14.8959942886746,78.8166449546814,53.6951402444334,41.8193391333235,111.871673677406,91.9138594733344,127.651769491342,40.2535663592263,80.5985708236694,44.8627248563265,74.1143263894982,125.718225115296,102.034215109006,144.095308939616,18.5146187028738,44.1540861745034,35.9647988688799,55.8094367924359,146.948608398438,103.32137743476,104.998571871279,41.1785991207162,21.8968553930488,8.73915086097939,141.608853508444,116.784706115723,34.4792782092849,38.9539655983552,151.973051071167,0,142.034655761719,62.4438708748404,106.240074157715,0,160.580825805664,122.746617736816,162.763165283203,95.1494598388672,137.759854125977,0,108.454330444336,186.940719604492,164.062545776367,0,120.821736653646,176.497379302979,199.968673706055,157.151077270508,153.72477722168,115.284255981445,152.659306844076,134.975603534329,115.565489196777,167.272450764974,169.107749352088,146.865897079994,121.145565481747,149.028516769409,118.882583618164,0,0,128.871295928955,145.242745399475
159.43631199428,64.1148847692153,93.1431907985521,62.284276564916,0,117.855743408203,0,141.000818888346,0,128.373301188151,0,24.1325455318193,0,12.061509195029,0,0,119.388175964355,99.7246837615967,51.0611414261806,65.2940773620605,0,137.75868733724,105.762148857117,110.167147318522,133.832672119141,51.5588359015329,26.1629454744509,23.0135273911549,132.612300327846,154.731666564941,141.608853508444,6.83079862891901,0,0,78.049088642515,0,107.532206217448,153.840347290039,83.1536064147949,0,0,0,0,0,0,214.603225708008,100.087275981903,0,84.4084726689936,238.608291625977,0,0,135.030303955078,107.966073688708,108.583848135812,0,0,166.961975097656,0,139.288482666016,77.3514381109499,120.025736752678,114.75809613909,0,0,0,107.328309492631,0,0,95.9748415265765
73.7194656603264,0,162.684310913086,116.195148916805,133.253413009644,12.7107260906249,17.360025420785,117.134127659584,17.9882153750003,119.8680727005,119.050999082368,66.5165680173844,105.270824625035,78.1209629603795,17.544120762661,54.6046231676649,0,164.258628845215,91.0230865478516,178.616872151693,114.972792184481,0,105.673555755615,125.775152206421,118.116204311973,0,168.502698262533,156.124590555827,125.575483978772,17.0286735378702,116.784706115723,0,6.54938292427021,66.2178840637207,45.4913877419063,216.452049255371,0,0,141.638350350516,0,230.550521850586,0,193.400992584229,203.296401977539,0,201.047557830811,0,0,0,234.518905639648,0,0,0,0,0,0,182.025146484375,205.844360351562,0,199.484663009644,0,0,0,190.146120707194,0,0,0,0,232.448226928711,217.226684570312
37.1567776302497,86.1112569173177,96.7952216653263,46.3378711874554,80.0505537986755,75.0673927307129,74.0836577675559,44.3971498839463,65.020825014276,51.2951806386312,65.0870230444546,103.748596627372,81.7081612807054,119.902034759521,30.1051959018673,78.6873873197115,30.1849966049194,79.6081125952981,119.221160888672,97.4004243569931,89.5924130101358,51.6572841722138,35.3124184891513,65.7322691917419,58.0311199769675,0,123.693375469887,105.692572752635,45.7890589037656,18.3474301612496,34.4792782092849,0,66.2178840637207,6.88899609634319,14.2418989924161,146.147083282471,0,111.137573242188,60.7608424006282,132.67737197876,0,154.758356730143,121.897683643159,163.439102172852,0,143.294717641977,0,0,0,151.671325683594,176.027770996094,110.280578613281,0,0,0,0,0,0,109.466177804129,113.466323661804,0,0,145.533340454102,123.731321234452,0,97.3654899597168,0,0,0,188.952606201172
83.9589186208001,39.8477092040212,48.1064329620794,63.9816958236694,88.0752185058594,38.7734843775169,47.7745359345978,59.3353729841005,49.1418274522738,67.191449043446,84.2901732274728,30.6065677405965,89.4624248195339,48.0852110991852,43.6992532893736,33.8973123488888,69.3845109829957,31.8056389094346,65.9238941868146,47.0922322188282,89.2508151974298,40.2399248474064,52.554049770461,44.6184527632127,68.3784881271321,43.9243218271356,71.0904876076053,65.471494428058,50.9856216222652,31.2343007655417,38.9539655983552,78.049088642515,45.4913877419063,14.2418989924161,12.1965656352512,123.190338134766,93.5458526611328,118.484884882548,66.3473982129778,0,0,180.365493774414,142.59571647644,173.856460571289,139.218727111816,168.430094401042,134.672134399414,0,99.3447189331055,0,147.513763427734,125.023959568569,138.453643798828,120.001319885254,118.953343200684,0,133.831423441569,107.451189908114,121.962080828349,137.052933586968,70.0560315450033,126.1064449001,121.690465136786,146.788843078613,153.847564697266,146.966646830241,100.204635620117,0,0,129.671969604492
149.509479522705,151.356948852539,178.030415852865,91.0148544311523,0,188.676818847656,175.917251586914,143.522050684149,163.162588500977,146.142425537109,147.243020629883,0,130.982894897461,0,170.463283538818,0,0,0,203.877456665039,192.038116455078,163.539283752441,124.144752502441,129.9404296875,151.523485183716,141.835407802037,0,186.005592346191,185.025834655762,125.398991394043,162.254998779297,151.973051071167,0,216.452049255371,146.147083282471,123.190338134766,12.3081581411085,193.752624511719,112.06849215893,71.5160309473674,92.4984107971191,69.5725514729818,37.4192287355876,29.3328984966671,38.1801838153684,74.9635265090249,30.7581567004051,128.196545084969,37.1214092666028,144.249073028564,16.5319052230681,31.3521245982912,62.1935931166557,103.523120712448,140.204253782709,119.932232780457,102.516141282751,70.8380183755916,65.5690026642174,91.4915447139261,70.2454080168052,166.558982849121,125.602355245817,136.483608419245,64.3761172511978,14.6851467540674,17.390015119453,162.46789855957,88.2091852460589,55.7112812144416,70.9395222974998
0,113.354080200195,129.657572428385,40.993848880132,0,0,0,0,0,0,0,126.469678243001,0,85.0801843007406,0,0,0,132.762847900391,98.2943912082248,106.309309005737,0,0,89.8834371566772,164.377166748047,0,67.0601208209991,107.169690345315,94.797591815485,0,0,0,107.532206217448,0,0,93.5458526611328,193.752624511719,6.47111406323261,51.5696404647827,12.3627773491916,0,0,0,140.578971862793,161.727157592773,55.3550600754587,143.302398681641,60.1948486639529,0,49.4089267015875,0,0,43.2405685424805,58.8141606238581,70.3516749427432,58.4042863051097,0,0,26.9867960496899,61.8109823226929,56.8372280925786,19.022547569752,53.9843039634207,30.2702316603752,88.6361618041992,130.537017822266,131.960634231567,64.182073990504,0,114.281135559082,65.5043917263255
176.310069492885,97.4589714637169,100.767432572792,64.2498750889555,0,0,0,164.705837249756,0,116.926105499268,0,149.874076298305,0,205.333923339844,0,0,120.446858919584,107.854891419277,156.368749936422,133.534839846053,0,134.752696697529,86.6721425737653,108.057933692768,136.930929395888,89.0683670043945,114.485007938444,101.09740077654,149.095315382216,148.328067779541,142.034655761719,153.840347290039,0,111.137573242188,118.484884882548,112.06849215893,51.5696404647827,10.771482298702,50.1497437149558,0,166.613006591797,137.573622662088,86.9277354944731,126.277720420591,139.057248433431,100.04712745265,78.0713715066715,0,86.2509475708008,129.406713932119,129.228952407837,80.1240811665853,38.4786146351253,81.8358614501953,56.1610536376635,0,67.7822015116534,47.7084320773598,21.2717056056006,116.464764186314,128.295181274414,27.8886121226151,31.1239411713137,59.7037507162667,125.332183965047,57.8696414823189,110.492071787516,152.830004374186,103.421350860596,59.3613857737127
82.6141225641424,74.6154179573059,77.3269245219681,19.9389014701112,77.7368563334147,125.493484048282,103.09757147895,73.9063180994104,101.255471850198,54.7876461029053,94.1898129781087,65.3216654459635,85.5501708984375,69.9694061279297,100.483165872508,90.3309015546526,43.8601319956225,100.964987564087,85.8829818725586,92.6600020726522,107.307389692827,46.5297598524408,48.8305003682121,55.3497126265748,62.8352198269278,43.6742272298844,91.1418919563293,75.6424635335019,61.5049874391622,85.253121451726,62.4438708748404,83.1536064147949,141.638350350516,60.7608424006282,66.3473982129778,71.5160309473674,12.3627773491916,50.1497437149558,10.711560737095,49.0130501338414,121.623996734619,92.5140073039744,54.6964019545935,87.7769268901408,12.4792264409821,74.7709846991997,56.4056444622221,45.7541053771973,36.675300760334,92.3926231074454,48.6397420883179,39.5707545640238,69.8765142050134,82.4562373441808,93.2511201103528,123.470797729492,57.4965401331584,31.5586878862423,48.0534000017157,28.8324785232544,16.2189472002466,61.7241761471744,37.1034050378628,48.6228128588477,83.5558042029812,59.9372818614161,63.8447756645007,139.485669453939,63.1226848817207,73.8840198293764
138.800342559814,0,0,70.8743000030518,11.2822046355596,154.449012756348,175.467697143555,113.794175201992,164.484425136021,120.767883300781,146.076205662319,0,141.045837402344,0,211.97541809082,0,0,0,0,0,177.60050201416,0,117.569633483887,0,118.079073588053,0,0,0,117.034348246257,177.414443969727,106.240074157715,0,0,132.67737197876,0,92.4984107971191,0,0,49.0130501338414,7.67792128923628,114.985450744629,64.8700555977614,57.4823740229887,96.2188231365101,38.0141259514459,13.0564342333166,142.33696492513,21.8094425743482,165.413497924805,105.52695941925,64.9482026100159,0,201.280258178711,0,0,11.2273318106623,0,36.2756618923611,0,13.9969818329213,0,192.293202718099,178.167256673177,12.5883051873631,104.376302552455,103.702631632487,0,135.399538040161,81.6982752482096,96.0246341493395
0,0,0,135.360366821289,139.949172973633,0,226.317092895508,168.438835144043,0,0,152.195068359375,0,0,0,0,0,0,0,0,0,180.890197753906,196.230682373047,0,0,138.76188659668,0,0,0,167.622965494792,0,0,0,230.550521850586,0,0,69.5725514729818,0,166.613006591797,121.623996734619,114.985450744629,7.62943235205833,10.5368491123274,101.225622558594,15.1238844634381,55.1391463279724,97.2687714065331,66.4961873568021,76.8162509918213,68.5986194610596,30.6616276791221,14.3829253339085,147.366924285889,84.7795715332031,154.55592918396,175.734573364258,109.118779420853,107.310871124268,85.7104759216309,118.74778175354,79.5721549306597,0,114.138389587402,110.598336356027,103.142426857582,27.2807362354977,118.934524536133,0,12.7113636624159,80.0450820922852,31.9431639914817
187.719120025635,0,200.747512817383,103.941278660551,172.871347699847,211.699444580078,198.376387023926,144.115188881203,181.963097890218,173.796002705892,163.174626159668,0,188.87700398763,0,195.688116073608,0,0,222.887786865234,0,0,179.899841308594,0,129.106739044189,144.842784881592,142.178167014286,0,0,222.637049357096,139.827460908053,186.635620117188,160.580825805664,0,0,154.758356730143,180.365493774414,37.4192287355876,0,137.573622662088,92.5140073039744,64.8700555977614,10.5368491123274,8.60933583611419,56.9589230246046,14.1180005581099,63.2710965085537,25.6319503218178,82.8663977163809,26.604558398011,111.170362472534,33.2346335165876,18.9791201113763,85.5140777587891,157.458866466175,130.830120849609,172.072028831199,41.4525727742502,95.9811274210612,92.7046802227314,129.243319920131,49.5624233897303,0,165.166347400562,152.004737642076,53.6111074179924,40.3089499374935,100.495036315918,0,14.9077072515674,88.8812912835015,52.2043248465979
