10.8301035994186,130.976474761963,103.241563887823,121.245311737061,92.855846949986,161.099761962891,80.0907973051071,38.1115749732409,54.0035185509392,132.195300292969,53.5773632277935,130.181318743476,97.7628465540269,168.335971069336,17.5093407658849,0,155.153057522244,109.694541680692,152.262803213937,131.938124520438,102.071535110474,79.0164168813954,144.734670003255,105.454784586589,99.4998311494526,154.826065063477,153.999216180099,143.170441956647,80.4586132386151,21.2367320717857,36.0023034240085,175.034675598145,80.6782759589118,45.0344425939745,83.2419843940095,0,0,205.567504882812,140.344401041667,76.7055969238281,0,0,0,0,0,0,0,0,0,0,0,161.231170654297,184.445388793945,0,0,0,0,0,176.271734237671,145.959933689662,0,187.249389648438,171.818389892578,0,0,0,225.445907592773,0,0,0
130.976474761963,6.16592769010351,52.8788043703352,20.8999451219037,0,0,0,153.87528567844,145.340367635091,83.3397409428549,176.28125,74.3290007313093,0,58.7598985777099,147.498285293579,134.328247070312,50.2823226153851,61.8843269226657,82.5262715021769,69.1813725713474,0,106.380667792426,20.5017092839781,91.7100237404428,91.4409400595993,26.9268642924379,65.4097686332205,34.6169687660003,107.209310913086,115.911404485288,107.054436819894,72.0589306480006,0,0,72.3477582706241,0,60.103235244751,72.5649960835775,17.3640489697456,0,0,0,172.807250976562,0,0,0,133.064673287528,0,112.251175403595,169.468185424805,0,71.7797088623047,131.99396104079,124.990214347839,106.354797363281,0,0,32.7795035839081,81.7525151570638,142.780018199574,107.153453826904,102.202950596809,116.798183441162,194.079154968262,0,0,114.038279215495,154.843627929688,0,119.411540985107
103.241563887823,52.8788043703352,11.1531120520655,52.5288761237572,168.860027313232,0,141.998124199945,98.4400821467114,134.288487550557,127.182688163989,131.257534723212,99.7592537989382,132.281216430664,104.419262576413,125.592044665422,139.428382873535,76.572143098384,39.8927030738198,92.9943683051364,71.7388214967394,157.538928985596,64.8346138717006,60.8685548405447,26.5742525616889,115.171658870152,88.5104022555881,39.2661508138894,40.1916805251061,89.3928852715456,127.709535499117,76.1098812392264,96.0222141936019,171.229088783264,119.40092086792,79.000679279509,176.181713104248,80.0772304534912,95.7219730140889,58.1435849389365,184.536514282227,0,248.02604675293,181.492938497792,214.077072143555,173.919286092122,199.739983694894,143.098413640803,0,137.647008722479,191.83154296875,0,125.745446099175,109.337082310727,154.534500667027,124.606353597438,192.303833007812,142.691007513749,86.8252963256836,111.047983066588,158.894856379582,153.259574890137,111.810514047326,100.574639639728,184.106020609538,173.600204467773,136.099418640137,131.740374247233,0,0,118.050079345703
121.245311737061,20.8999451219037,52.5288761237572,7.09503812427762,67.1273968219757,0,104.483663831438,67.5760893570749,120.73326756404,26.5337874072569,95.6308106509122,90.7274097998937,86.1337534586589,64.7257552032471,132.446617126465,71.8808269500732,44.8051343077705,66.3326415561494,94.9629707336426,85.9684886932373,0,80.5896147591727,20.7314288856786,58.0976259446558,41.4400911678669,18.522793965268,60.1646231911399,40.8310411121984,65.6726027897426,117.144854112105,96.1318010602679,81.6938535902235,146.61051940918,95.5960083007812,75.3698431471704,0,76.6278699239095,53.3897015922948,10.2638691266378,88.2706557379828,0,194.969680786133,105.705879211426,160.015651702881,37.7264448363205,101.363061523437,113.133508682251,0,108.284979733554,0,0,48.7614714189009,88.0063070817427,88.8697738647461,101.826747894287,103.841997782389,74.6081651386462,25.1977472980466,65.6625999379381,64.0286343237933,42.7397656440735,77.2993350028992,60.6443120411464,87.284052734375,115.356050491333,108.253887939453,118.585445404053,0,101.839366912842,114.126087188721
92.855846949986,0,168.860027313232,67.1273968219757,10.0344560340817,0,80.818634254345,55.427988698927,102.833248536978,49.3891158266964,19.6262803415622,202.756149291992,28.2761503244012,183.279251098633,109.353099307498,75.5389823913574,88.1368798149957,175.577690124512,221.922866821289,0,13.5523834235991,129.212463378906,65.374863973478,124.641790008545,16.0169289924039,153.085006713867,210.716255187988,160.369744364421,21.0413343098636,107.061303274972,121.716941833496,195.521820068359,152.483516693115,99.0778980255127,111.08431994915,128.023357391357,0,216.068229675293,0,8.74652080952291,0,194.79264831543,109.262596130371,152.076553344727,76.8548290028292,29.2613691405246,0,28.017265668707,0,141.411473592122,66.9577407836914,0,0,0,0,10.4244398042853,0,118.642715454102,162.003506469727,79.4665444383343,0,0,177.950764973958,32.2986850371728,160.989789962769,152.286529541016,0,0,0,206.822189331055
161.099761962891,0,0,0,0,6.98053372704341,7.75535827872556,124.192671203613,14.5817051720708,50.2109432220459,146.791229248047,56.8195690355803,94.3301639556885,77.8410797119141,33.7735005276544,11.5857156339248,0,0,0,212.094223022461,0,0,113.351295471191,122.930500030518,93.532901763916,0,103.098449707031,113.344215393066,155.312721252441,23.3340704681676,90.9256744384766,91.4723434448242,12.2571801522641,0,34.0490038907981,0,0,0,0,0,0,0,0,0,0,0,0,0,0,0,0,0,0,0,0,0,0,0,0,0,0,0,0,0,0,0,0,0,0,0
80.0907973051071,0,141.998124199945,104.483663831438,80.818634254345,7.75535827872556,10.3929975400901,78.235292122052,19.1318599140421,57.7256179834024,35.9213849883067,104.690805769803,16.2743372049507,121.675916498358,40.1686588461662,8.42066430679123,158.696699959891,159.725807054908,181.781179428101,180.322598176844,32.8965067204421,137.616389570565,120.414419809977,147.00945319199,96.3021834380645,153.684223175049,169.50484406002,164.81306180087,90.0281481334141,42.0624718053274,114.556098417802,164.259988051194,25.9004789258433,117.784467448359,78.0216410655786,0,0,213.127754211426,0,137.135218811035,0,183.912704467773,144.960702078683,0,100.91918182373,170.015019008092,142.189590454102,35.5340393959208,0,0,0,139.149612426758,0,0,154.401123046875,147.057739257812,203.166137695312,165.238876342773,213.604473114014,134.713886987595,0,244.155639648438,218.555404663086,157.645357055664,187.923503875732,0,0,0,0,204.740913391113
38.1115749732409,153.87528567844,98.4400821467114,67.5760893570749,55.427988698927,124.192671203613,78.235292122052,12.6263163434218,71.5418261737242,66.5129702274616,24.2832332352034,150.356993055344,78.0849245480842,184.038508488582,57.3980461998836,99.3079670497349,116.347534755491,113.509804247644,166.032673251244,142.777091895678,71.8174504211971,79.4553822305607,106.540895787681,93.9468858072239,56.9446036083686,179.549021402995,156.879372532713,141.523657761151,28.8592282210065,72.3799666911692,30.9978825324357,173.990776909722,131.813415050507,68.4124394447084,93.0645795243287,0,174.404296875,182.418049059416,135.719217936198,109.344547271729,0,142.084720611572,135.88180620917,172.485504150391,81.2267061869303,144.676870346069,232.903030395508,149.276016235352,208.920867919922,163.31999206543,0,136.506796264648,185.37629699707,209.530639648438,206.026165008545,122.263749440511,175.164585113525,126.765543937683,169.401674747467,104.599746330925,0,217.381641387939,178.598690960858,128.417021274567,165.21540222168,0,0,0,137.928756713867,178.929012298584
54.0035185509392,145.340367635091,134.288487550557,120.73326756404,102.833248536978,14.5817051720708,19.1318599140421,71.5418261737242,12.928084887115,106.194892287254,40.7528751771193,86.7097206186892,78.8183111562138,116.661413328988,24.1615543875175,16.251405091376,158.00004378609,145.850678996937,172.336610991379,164.416093722257,89.9822543067654,128.407688401501,153.641764640808,134.533320826547,102.623110431174,116.016961669922,169.70880663566,166.538920625162,96.667280131864,45.4002043161065,93.0304419436131,133.097558021545,25.934203460646,84.6064629260405,88.4550520208203,194.425323486328,0,198.002555847168,174.383598327637,130.390289306641,0,188.692123413086,151.823143005371,0,126.445020039876,197.687902832031,0,109.684965133667,124.094680786133,0,0,183.696646118164,229.706245422363,0,226.900165557861,147.907695770264,0,176.335021972656,203.911961873372,141.026569142061,0,211.986933390299,193.315937042236,168.135208977593,0,0,0,0,191.914840698242,182.276473999023
132.195300292969,83.3397409428549,127.182688163989,26.5337874072569,49.3891158266964,50.2109432220459,57.7256179834024,66.5129702274616,106.194892287254,8.25110280119126,75.9485254973368,151.704753572979,15.1858198493605,140.876969225266,122.126557540894,19.106571442632,82.9634248945448,133.433509580551,163.805415226863,154.058399927048,42.8869446480628,144.232675170898,28.320024040265,112.822312972125,19.9852361220818,124.55277376553,146.476354552478,134.644878498667,56.7927637267186,104.727711428129,134.010564804077,153.980450752454,131.426742553711,99.0565115610759,124.943445190182,0,79.9380826950073,140.492218017578,66.3821604251862,78.8546039036342,0,103.797142028809,84.7621854146322,83.1867141723633,31.6951488363064,112.213844299316,196.929769897461,77.8291615077427,185.121615600586,128.807342529297,82.5418834686279,86.2862272262573,185.889106750488,216.691604614258,176.366218566895,123.743611653646,132.577938079834,46.231083413829,156.621651368983,60.0161882715193,122.677749633789,190.757668631417,153.328783768874,90.9014368526271,126.194533211844,0,186.445411682129,0,109.826883951823,118.403172302246
53.5773632277935,176.28125,131.257534723212,95.6308106509122,19.6262803415622,146.791229248047,35.9213849883067,24.2832332352034,40.7528751771193,75.9485254973368,16.6833892445815,159.477889849985,24.8953932629638,171.692043728299,41.7542208842305,91.740773337228,125.987620798747,153.814345380385,197.581224714007,180.367234191895,15.6857641909937,124.795534047213,102.491592580622,128.709340585245,75.0985398930996,0,178.716346552343,162.8213359375,38.921229614974,103.214007578639,77.551234417716,196.663325590246,133.995171203613,103.400477975102,110.747960420412,0,0,193.369361877441,171.475728352865,21.1690666954316,0,227.547698974609,141.574716567993,184.524200439453,103.7489104498,163.728909810384,244.053115844727,39.367785634533,223.349945068359,217.923545837402,0,167.868591308594,215.374465942383,0,0,153.12899017334,185.158645629883,137.132493972778,180.192071702745,126.73892004915,0,227.925338745117,199.416905721029,159.001877351241,182.637344360352,0,0,0,0,192.613243103027
130.181318743476,74.3290007313093,99.7592537989382,90.7274097998937,202.756149291992,56.8195690355803,104.690805769803,150.356993055344,86.7097206186892,151.704753572979,159.477889849985,12.9982183691286,144.071806044806,21.2044926996901,88.6584071986303,144.414665222168,128.253289344983,63.3149220324008,20.5559143647825,30.3640343389013,132.744323730469,126.223960381342,104.145865270334,116.075090441608,162.479199902765,32.417145052029,30.6880507847311,70.7691157021057,155.190576680501,59.9856667725457,115.895615844727,29.6793340425804,61.5328282644582,104.015985412598,30.450439626418,235.845077514648,108.793081183183,137.837771606445,107.774607340495,234.724922180176,0,0,215.830459594727,231.424865722656,189.013671875,219.464828491211,85.0087174356983,170.596176147461,73.2867515545843,0,0,147.479389190674,141.049924384223,109.708921745642,130.898391299778,0,191.191299438477,139.085524422782,170.723108079698,201.727792739868,87.4341011047363,111.408527832031,108.38995439934,214.980743408203,231.8857421875,187.526634216309,92.9430100290399,0,0,130.31977335612
97.7628465540269,0,132.281216430664,86.1337534586589,28.2761503244012,94.3301639556885,16.2743372049507,78.0849245480842,78.8183111562138,15.1858198493605,24.8953932629638,144.071806044806,9.24160750542579,173.842570713588,98.435435743217,13.775418592683,112.97002919515,191.808963775635,231.887435913086,213.256683349609,13.5907287776508,137.849200439453,104.314964294434,145.51104090764,35.6983364081774,150.408027648926,191.278691609701,187.808148470792,49.1348676860168,105.271022304412,144.850249699184,0,119.662435695103,148.598480224609,113.397505215236,121.876861572266,0,0,74.4804153442383,34.1634326043676,0,31.021900177002,159.115203857422,140.164901733398,43.3782405853271,33.5743539333344,0,10.906090705726,0,0,46.385648727417,0,0,0,0,17.3115144592744,0,148.071548461914,207.348457336426,90.0689005533854,0,0,0,106.559922717866,174.162658691406,0,0,0,0,0
168.335971069336,58.7598985777099,104.419262576413,64.7257552032471,183.279251098633,77.8410797119141,121.675916498358,184.038508488582,116.661413328988,140.876969225266,171.692043728299,21.2044926996901,173.842570713588,8.46689146456725,103.610602633158,176.17434387207,123.919302368164,108.756358010428,55.216430203668,92.1650134325027,180.542831420898,140.055938720703,93.1955697027993,129.567255166861,157.367457119254,21.2089877194747,20.4788599620024,39.6005241662835,164.929737784646,80.4150482460305,144.073528289795,11.7997513622839,83.9392532579827,0,68.8525131263925,0,107.819678606306,129.169487609863,88.0191015096811,0,0,0,210.57107035319,203.168697357178,185.76407623291,0,74.846157273697,236.914840698242,66.3470393262926,210.986400604248,0,0,125.701934011359,95.6908032487078,118.169770770603,198.731948852539,208.534942626953,126.559232611405,156.254791895548,190.645553588867,72.4532097952707,97.448229664128,93.7446753136625,203.741508483887,213.505523681641,189.440246582031,87.3175959175016,143.093566894531,0,114.342793551358
17.5093407658849,147.498285293579,125.592044665422,132.446617126465,109.353099307498,33.7735005276544,40.1686588461662,57.3980461998836,24.1615543875175,122.126557540894,41.7542208842305,88.6584071986303,98.435435743217,103.610602633158,10.4814733441145,42.866241903866,162.736685991287,130.3751207722,159.947325926561,153.678534924984,108.691866353353,118.201324429719,162.041338094076,125.767201726664,107.681268471938,163.268274943034,168.529286099463,158.619960865316,101.633436398019,27.7232946087132,65.073880069986,166.079056603568,18.491474047678,45.5229451112233,77.876870709624,0,0,195.184122085571,163.677993774414,160.075042724609,0,0,175.497719658746,0,162.542358398438,176.086303710938,0,150.681821187337,140.616455078125,198.597610473633,198.988967895508,183.021240234375,213.627658843994,163.238739013672,234.640312194824,153.368377685547,0,183.39136505127,210.159218528054,155.892800225152,196.00121307373,194.602561950684,192.668673762569,175.098162564364,209.508590698242,0,0,0,231.693466186523,168.17724609375
0,134.328247070312,139.428382873535,71.8808269500732,75.5389823913574,11.5857156339248,8.42066430679123,99.3079670497349,16.251405091376,19.106571442632,91.740773337228,144.414665222168,13.775418592683,176.17434387207,42.866241903866,6.77153101913652,117.069526672363,161.212701416016,0,181.329299926758,81.7687072753906,189.053115844727,0,133.929794311523,55.6668869995874,151.636952209473,180.236821492513,161.081156804011,83.430249190912,46.39642272457,0,176.846832275391,31.3774530993905,0,87.8280504666842,0,0,0,123.506008148193,0,0,185.168960571289,0,0,45.6619720458984,0,0,0,0,0,0,0,0,0,0,0,0,122.411849975586,0,90.3830146789551,0,0,195.282829284668,114.020683288574,0,0,0,0,0,0
155.153057522244,50.2823226153851,76.572143098384,44.8051343077705,88.1368798149957,0,158.696699959891,116.347534755491,158.00004378609,82.9634248945448,125.987620798747,128.253289344983,112.97002919515,123.919302368164,162.736685991287,117.069526672363,12.5998310926442,94.324138406278,152.802720111349,123.675353176623,120.860885620117,23.5835194099007,16.8005029417289,29.4009238822977,29.7103580300607,103.805538470928,117.540300874149,22.8198023584711,28.7303607350522,136.048770904541,103.058547634549,133.226344896399,0,90.7864074707031,91.8491572613271,0,93.5633748372396,106.778002436857,63.6510086765996,150.554168701172,0,169.42614364624,151.787083501401,205.092956542969,109.670585632324,176.444527520074,192.746994018555,0,0,209.217323303223,0,83.5007516293125,133.961963522023,186.692230224609,147.988855997721,0,104.965517004053,66.8298484802246,97.0520890833101,121.008677468371,0,142.65011715889,100.90546769024,135.748164647062,181.968627929688,134.740134647914,0,0,0,125.778795030382
109.694541680692,61.8843269226657,39.8927030738198,66.3326415561494,175.577690124512,0,159.725807054908,113.509804247644,145.850678996937,133.433509580551,153.814345380385,63.3149220324008,191.808963775635,108.756358010428,130.3751207722,161.212701416016,94.324138406278,11.4561000580441,65.8918051522625,27.3804973630228,185.815500895182,74.4319638198612,77.2616546081143,45.9786595815124,134.882223567861,71.4910886897597,34.0200280743851,72.5191421623544,110.534906505286,115.481828770997,76.2350503053326,103.581912404015,174.530507601224,111.489740248649,42.6809633014822,174.995946248372,100.047579084124,113.307130583529,75.1697838325811,0,0,219.664866129557,195.220739841461,223.781272888184,155.830070495605,209.548468017578,144.902357737223,211.390029907227,141.626129786173,215.455450875419,219.215270996094,139.749949274836,123.144698646125,152.388907937443,132.706980355178,0,150.076830546061,104.021161361479,129.141432433433,171.279690942099,90.5351119995117,117.841691689742,116.006725912676,188.43851369222,208.996364593506,180.125578138563,141.800893147786,0,0,131.612151659452
152.262803213937,82.5262715021769,92.9943683051364,94.9629707336426,221.922866821289,0,181.781179428101,166.032673251244,172.336610991379,163.805415226863,197.581224714007,20.5559143647825,231.887435913086,55.216430203668,159.947325926561,0,152.802720111349,65.8918051522625,7.49140037450283,22.9183626099888,0,138.764539047026,141.03883934021,118.66745073806,169.287136077881,51.8599760691325,27.2122170137876,72.4534157920416,152.1876781069,122.952696058485,132.333684632272,51.9683558458199,118.37277815077,125.625961303711,66.0180494340309,240.846099853516,121.173559188843,149.21196600107,100.627265930176,0,0,0,228.551935831706,208.612983703613,0,0,101.836773287865,0,84.2291846642127,0,0,167.236923217773,149.3655834198,106.788808345795,126.480461452318,0,0,137.930477142334,173.019306727818,0,84.6694986169989,105.252533397455,107.843491619962,202.851852416992,146.477493286133,198.412841796875,97.1160364884597,0,0,128.759254455566
131.938124520438,69.1813725713474,71.7388214967394,85.9684886932373,0,212.094223022461,180.322598176844,142.777091895678,164.416093722257,154.058399927048,180.367234191895,30.3640343389013,213.256683349609,92.1650134325027,153.678534924984,181.329299926758,123.675353176623,27.3804973630228,22.9183626099888,12.2417387961095,212.522506713867,111.4889188295,103.894042554109,95.7200671776305,161.418436394363,52.0279907820812,36.006117678922,76.4041190773594,138.795394775064,128.621858213259,112.205917164977,71.8166901026017,123.84798113505,128.278351416955,49.3021952228681,191.225578308105,106.667023878831,115.346726673405,93.9308129882812,0,0,224.58154296875,194.366463979085,224.805850219727,190.931251525879,186.752250671387,131.300813113942,0,103.670491627284,211.407468795776,0,148.389540354411,124.480534225545,121.39151763916,118.338024634441,0,186.904312133789,125.442848205566,152.132126060692,190.556888156467,81.3903581528437,108.650143601865,110.540756725874,205.795230441623,198.634859357561,166.198448181152,115.561618328094,188.408676147461,0,131.528239467688
102.071535110474,0,157.538928985596,0,13.5523834235991,0,32.8965067204421,71.8174504211971,89.9822543067654,42.8869446480628,15.6857641909937,132.744323730469,13.5907287776508,180.542831420898,108.691866353353,81.7687072753906,120.860885620117,185.815500895182,0,212.522506713867,6.80791524856042,135.418736775716,86.7119534810384,150.132047653198,14.1947478910023,0,206.177017211914,163.120699564616,32.855299229469,115.781086762746,131.764738082886,176.688858032227,141.538828531901,116.705383300781,110.381059034815,0,0,0,82.5075378417969,13.6155178770514,0,67.2927322387695,131.895240783691,0,127.19539642334,56.6205636074668,0,15.1940968413348,0,0,0,0,0,0,0,8.75673188916241,0,0,179.60669708252,29.7559866365397,0,0,173.453842163086,46.9648784188663,0,0,0,0,0,183.0634765625
79.0164168813954,106.380667792426,64.8346138717006,80.5896147591727,129.212463378906,0,137.616389570565,79.4553822305607,128.407688401501,144.232675170898,124.795534047213,126.223960381342,137.849200439453,140.055938720703,118.201324429719,189.053115844727,23.5835194099007,74.4319638198612,138.764539047026,111.4889188295,135.418736775716,13.1971923564915,40.9649638646209,31.3734377397546,22.8388362469518,136.134918212891,119.28908615436,87.9884009518185,30.9285760017752,84.5430674662421,26.5641684477251,141.463261824388,120.473405565534,14.6206471614978,46.5965188370825,0,110.032513936361,140.101755840022,103.411079406738,199.828048706055,0,0,164.646759033203,232.496017456055,0,191.766098022461,218.796752929688,0,166.178848266602,0,0,104.990501087798,170.036326817104,220.234016418457,197.879556274414,0,113.203343791346,90.6768914964464,114.065710256222,140.122862854004,0,174.745464927272,140.484766387939,161.480067202919,0,0,206.176635742188,0,0,174.110300064087
144.734670003255,20.5017092839781,60.8685548405447,20.7314288856786,65.374863973478,113.351295471191,120.414419809977,106.540895787681,153.641764640808,28.320024040265,102.491592580622,104.145865270334,104.314964294434,93.1955697027993,162.041338094076,0,16.8005029417289,77.2616546081143,141.03883934021,103.894042554109,86.7119534810384,40.9649638646209,8.04109069458012,49.7124059630686,33.9393778240111,74.7182085228879,96.2532171610913,46.7159956018917,48.7865096860254,138.01225189209,108.423834148206,109.477734482079,196.806205749512,106.9250831604,80.3465931109528,0,84.5988802228655,91.1031925803737,21.6138214137819,126.053375244141,0,202.89323425293,144.367579142253,197.152618408203,36.5304128001718,121.292304992676,154.486703872681,0,161.407886798565,179.657501220703,0,72.7879054948881,115.91719380547,164.977895100911,103.038505554199,0,86.6742600335015,13.2740267987858,83.3334748203769,78.1861402848188,116.165382385254,133.198763454662,87.8168840207552,120.499272500315,197.937744140625,91.5826301574707,142.918838500977,0,0,123.711489359538
105.454784586589,91.7100237404428,26.5742525616889,58.0976259446558,124.641790008545,122.930500030518,147.00945319199,93.9468858072239,134.533320826547,112.822312972125,128.709340585245,116.075090441608,145.51104090764,129.567255166861,125.767201726664,133.929794311523,29.4009238822977,45.9786595815124,118.66745073806,95.7200671776305,150.132047653198,31.3734377397546,49.7124059630686,21.5199102270978,79.4555287766839,139.858315467834,94.0746497692031,45.2972779268722,71.2200935530812,117.677210895527,57.6453832014433,125.536099993493,154.814514561703,95.2546826888775,52.97765275553,158.247650146484,101.162243434361,107.941056673007,63.8297712966981,186.557364327567,0,187.587417602539,174.021488342285,197.330139160156,158.193668365479,189.316231863839,181.215060147372,0,180.407676696777,217.571428934733,0,99.7333439070245,137.119757924761,184.854604085286,173.273964691162,0,122.265846308955,81.5510605962285,113.186105285728,145.890835663368,140.977096557617,145.927442874549,105.347338939379,157.559240905762,201.417213439941,159.055318832397,202.862833658854,0,176.891464233398,143.814689780181
99.4998311494526,91.4409400595993,115.171658870152,41.4400911678669,16.0169289924039,93.532901763916,96.3021834380645,56.9446036083686,102.623110431174,19.9852361220818,75.0985398930996,162.479199902765,35.6983364081774,157.367457119254,107.681268471938,55.6668869995874,29.7103580300607,134.882223567861,169.287136077881,161.418436394363,14.1947478910023,22.8388362469518,33.9393778240111,79.4555287766839,12.3309356543588,138.496294927331,155.455665667852,122.091326175676,22.4119704196247,89.7974209958408,80.2178636253427,167.243871327993,153.959058761597,78.5951455944646,98.7584283232023,141.809413909912,138.525714111328,147.320798746745,89.7254367828369,104.866125823975,0,152.7218814426,112.818233071035,152.887576784406,64.0375912013312,134.947924269007,223.959777832031,121.324113762897,192.447443644206,159.18008295695,111.080712890625,111.378291136643,186.507655552455,189.741340637207,233.083343505859,109.65267088919,121.931538812045,89.4122004454163,134.069435914358,90.5714897054036,194.08814239502,190.423845291138,159.181368773011,114.380703659393,144.238373919231,147.950697835286,216.52318572998,0,148.349518458048,144.406493151629
154.826065063477,26.9268642924379,88.5104022555881,18.522793965268,153.085006713867,0,153.684223175049,179.549021402995,116.016961669922,124.55277376553,0,32.417145052029,150.408027648926,21.2089877194747,163.268274943034,151.636952209473,103.805538470928,71.4910886897597,51.8599760691325,52.0279907820812,0,136.134918212891,74.7182085228879,139.858315467834,138.496294927331,9.4942773093348,43.4295706786215,29.9578345707826,154.075741238064,91.4717595418294,142.612971496582,47.8384047614204,0,0,66.7481823986723,0,79.638365427653,112.166007995605,61.4143043864857,0,0,0,206.165298461914,199.164825439453,134.489028930664,0,76.6009157354181,0,62.7119542563834,164.016056060791,0,0,114.472474416097,75.426249724168,95.9737546443939,0,0,93.9979095458984,110.7763671875,166.876859876845,26.1138352127962,74.2303294925899,65.4136263183925,199.577789306641,181.943489074707,0,77.4683601379395,0,0,92.1405443464007
153.999216180099,65.4097686332205,39.2661508138894,60.1646231911399,210.716255187988,103.098449707031,169.50484406002,156.879372532713,169.70880663566,146.476354552478,178.716346552343,30.6880507847311,191.278691609701,20.4788599620024,168.529286099463,180.236821492513,117.540300874149,34.0200280743851,27.2122170137876,36.006117678922,206.177017211914,119.28908615436,96.2532171610913,94.0746497692031,155.455665667852,43.4295706786215,16.8245926806247,45.1380021863374,140.513571960306,127.038470536,130.090083336955,27.0588243503184,128.713992068642,142.68907220023,70.2829358007248,188.045300801595,98.2251188880519,101.648952396325,88.6946104274077,218.251235961914,0,230.27165222168,188.737508600408,205.603628540039,165.856719970703,190.924083709717,100.424619325002,0,86.5401642496993,203.371684681286,0,164.337310791016,111.195429418191,109.648559734386,106.206535408504,0,147.872007482192,140.077311308488,134.628510294081,177.707960367203,78.3357080732073,97.9951264904391,99.5334525885645,187.80804901123,191.221719360352,153.967580009909,99.2060845834238,0,175.623245239258,115.775232222022
143.170441956647,34.6169687660003,40.1916805251061,40.8310411121984,160.369744364421,113.344215393066,164.81306180087,141.523657761151,166.538920625162,134.644878498667,162.8213359375,70.7691157021057,187.808148470792,39.6005241662835,158.619960865316,161.081156804011,22.8198023584711,72.5191421623544,72.4534157920416,76.4041190773594,163.120699564616,87.9884009518185,46.7159956018917,45.2972779268722,122.091326175676,29.9578345707826,45.1380021863374,20.3970273984313,104.417966436313,136.543362564431,119.309441149337,40.5633224375302,145.022700954128,134.067623512418,78.3522890647767,196.70161819458,97.0666706085205,98.2376619025365,57.1899783789706,206.671340942383,0,200.032005310059,180.72624466267,203.311317988804,163.999636599892,188.898583663137,107.152347692137,185.244415283203,92.5754330368851,200.273272705078,0,99.7819734573364,115.148947468869,113.264824523926,114.838729140651,165.247596740723,134.893209120807,84.8230226430026,109.121571012112,158.28957594078,73.9652128270063,103.292350887722,100.242737520611,169.409418493752,194.798311360677,166.913601200755,109.952983063776,0,217.09693145752,119.416076660156
80.4586132386151,107.209310913086,89.3928852715456,65.6726027897426,21.0413343098636,155.312721252441,90.0281481334141,28.8592282210065,96.667280131864,56.7927637267186,38.921229614974,155.190576680501,49.1348676860168,164.929737784646,101.633436398019,83.430249190912,28.7303607350522,110.534906505286,152.1876781069,138.795394775064,32.855299229469,30.9285760017752,48.7865096860254,71.2200935530812,22.4119704196247,154.075741238064,140.513571960306,104.417966436313,14.3677149140537,88.1378635112044,37.4914197296681,162.221497853597,153.861890157064,71.5762532336371,77.9885612152373,145.800384521484,159.912312825521,166.709864983192,96.4108011457655,40.746309187833,0,148.631167820522,128.537000423524,167.383722941081,81.2457991873864,150.166610717773,208.767501831055,64.6367944335937,230.777938842773,169.646661931818,129.443711853027,117.961278311814,187.495849609375,218.437767028809,0,127.28615916859,138.204537825151,109.293224573135,141.476274414062,102.795301208093,0,192.224209056181,159.147525787354,127.395219447249,149.337227469996,132.379943847656,0,0,155.38369140625,163.017491912842
21.2367320717857,115.911404485288,127.709535499117,117.144854112105,107.061303274972,23.3340704681676,42.0624718053274,72.3799666911692,45.4002043161065,104.727711428129,103.214007578639,59.9856667725457,105.271022304412,80.4150482460305,27.7232946087132,46.39642272457,136.048770904541,115.481828770997,122.952696058485,128.621858213259,115.781086762746,84.5430674662421,138.01225189209,117.677210895527,89.7974209958408,91.4717595418294,127.038470536,136.543362564431,88.1378635112044,13.1639900714356,35.5394528929159,107.138033185686,13.5784710061464,20.6705957696659,43.3429560353749,0,233.426467895508,166.529468311983,150.813064575195,164.868304252625,0,196.511871337891,164.231341044108,179.829040527344,106.175934927804,177.547103881836,150.325383504232,149.977317810059,148.453196207682,179.857975006104,0,170.998931884766,198.426287333171,147.943119049072,182.04075012207,165.278650919596,211.872604370117,160.794342041016,198.999930245536,145.088418654454,0,162.630653127034,166.857422699799,163.05254797502,194.377277374268,197.084487915039,117.444160461426,0,191.899253845215,184.428823852539
36.0023034240085,107.054436819894,76.1098812392264,96.1318010602679,121.716941833496,90.9256744384766,114.556098417802,30.9978825324357,93.0304419436131,134.010564804077,77.551234417716,115.895615844727,144.850249699184,144.073528289795,65.073880069986,0,103.058547634549,76.2350503053326,132.333684632272,112.205917164977,131.764738082886,26.5641684477251,108.423834148206,57.6453832014433,80.2178636253427,142.612971496582,130.090083336955,119.309441149337,37.4914197296681,35.5394528929159,12.6956766398769,158.642898110782,127.562978661579,26.1500298251093,41.4125172512055,0,140.115631103516,144.767631530762,114.61378288269,163.381698608398,0,0,219.500282287598,0,0,0,0,0,195.982925415039,215.970016479492,0,146.885410308838,167.904120011763,220.234184265137,194.411483764648,0,197.984268188477,115.578149159749,151.157701592696,164.551856994629,195.68424987793,174.272955087515,162.185576458367,179.179556952582,0,0,0,0,0,169.221472167969
175.034675598145,72.0589306480006,96.0222141936019,81.6938535902235,195.521820068359,91.4723434448242,164.259988051194,173.990776909722,133.097558021545,153.980450752454,196.663325590246,29.6793340425804,0,11.7997513622839,166.079056603568,176.846832275391,133.226344896399,103.581912404015,51.9683558458199,71.8166901026017,176.688858032227,141.463261824388,109.477734482079,125.536099993493,167.243871327993,47.8384047614204,27.0588243503184,40.5633224375302,162.221497853597,107.138033185686,158.642898110782,8.89684842962445,108.399612426758,159.922220865885,79.5962859292067,0,117.204233506147,135.882332938058,93.6051273345947,0,0,0,0,166.072387695312,0,0,91.0787110875865,215.527923583984,82.0636381104935,219.891647338867,0,0,138.045634133475,105.36724609375,120.744469819246,0,0,145.26069132487,160.595155334473,193.955646514893,88.0151606968471,102.942135827016,103.31509053091,227.698226928711,201.813385009766,0,97.7504624260797,131.675956726074,0,111.398620605469
80.6782759589118,0,171.229088783264,146.61051940918,152.483516693115,12.2571801522641,25.9004789258433,131.813415050507,25.934203460646,131.426742553711,133.995171203613,61.5328282644582,119.662435695103,83.9392532579827,18.491474047678,31.3774530993905,0,174.530507601224,118.37277815077,123.84798113505,141.538828531901,120.473405565534,196.806205749512,154.814514561703,153.959058761597,0,128.713992068642,145.022700954128,153.861890157064,13.5784710061464,127.562978661579,108.399612426758,5.74161333800194,87.27956199646,38.2139001627736,0,0,0,0,221.680862426758,0,0,179.133941650391,0,0,0,172.046630859375,0,0,0,0,0,202.295425415039,0,210.214324951172,0,0,131.833145141602,232.954864501953,204.958335876465,0,0,148.11946105957,0,0,0,154.178924560547,0,0,0
45.0344425939745,0,119.40092086792,95.5960083007812,99.0778980255127,0,117.784467448359,68.4124394447084,84.6064629260405,99.0565115610759,103.400477975102,104.015985412598,148.598480224609,0,45.5229451112233,0,90.7864074707031,111.489740248649,125.625961303711,128.278351416955,116.705383300781,14.6206471614978,106.9250831604,95.2546826888775,78.5951455944646,0,142.68907220023,134.067623512418,71.5762532336371,20.6705957696659,26.1500298251093,159.922220865885,87.27956199646,9.50131402631201,25.2414815487043,0,0,0,0,166.561080932617,0,0,135.020202636719,0,0,175.466079711914,0,0,0,203.019721984863,0,0,164.681823730469,0,0,0,162.251937866211,159.091812133789,187.577713012695,132.853356043498,0,202.118026733398,184.877925872803,169.87622833252,0,0,0,0,0,0
83.2419843940095,72.3477582706241,79.000679279509,75.3698431471704,111.08431994915,34.0490038907981,78.0216410655786,93.0645795243287,88.4550520208203,124.943445190182,110.747960420412,30.450439626418,113.397505215236,68.8525131263925,77.876870709624,87.8280504666842,91.8491572613271,42.6809633014822,66.0180494340309,49.3021952228681,110.381059034815,46.5965188370825,80.3465931109528,52.97765275553,98.7584283232023,66.7481823986723,70.2829358007248,78.3522890647767,77.9885612152373,43.3429560353749,41.4125172512055,79.5962859292067,38.2139001627736,25.2414815487043,13.2157456758605,178.735595703125,114.413495716296,118.608541452386,86.2762388586998,161.766504923503,0,221.302024841309,178.978190299792,206.660761515299,140.421246846517,201.062193926643,135.359077726092,157.247557067871,125.535107082791,229.178756713867,0,126.233116672464,131.292039024909,139.873263495309,133.105423609416,192.679072062174,152.228623476895,104.164264816836,129.040139665576,149.336285684623,97.3376927693685,121.151982287971,118.302013164613,169.960566036037,201.300608317057,171.491123962402,137.069069806267,0,161.032150268555,144.815458221436
0,0,176.181713104248,0,128.023357391357,0,0,0,194.425323486328,0,0,235.845077514648,121.876861572266,0,0,0,0,174.995946248372,240.846099853516,191.225578308105,0,0,0,158.247650146484,141.809413909912,0,188.045300801595,196.70161819458,145.800384521484,0,0,0,0,0,178.735595703125,11.8787721641989,126.735311508179,132.689371394015,132.277756500244,90.23749326623,96.5237236022949,37.1400406349433,28.0077491564752,33.8578827995531,93.5701947893415,49.3940364638892,145.886313874843,101.971482958112,147.012797429011,16.8915848184929,99.6906394958496,96.817631648137,123.44393766494,152.969616029321,139.431121174087,92.4940615202251,84.272712097168,143.592346191406,104.187128106588,87.2397629844951,119.040283203125,137.829053371767,148.696128099485,82.5564718291945,19.9045442731022,38.567359998682,172.408093770345,84.3054072062175,30.1400181562051,74.0322762153576
0,60.103235244751,80.0772304534912,76.6278699239095,0,0,0,174.404296875,0,79.9380826950073,0,108.793081183183,0,107.819678606306,0,0,93.5633748372396,100.047579084124,121.173559188843,106.667023878831,0,110.032513936361,84.5988802228655,101.162243434361,138.525714111328,79.638365427653,98.2251188880519,97.0666706085205,159.912312825521,233.426467895508,140.115631103516,117.204233506147,0,0,114.413495716296,126.735311508179,8.69080762924473,47.1809594358247,18.594294822216,120.810852050781,0,169.273676554362,140.781260143627,157.469150034587,84.7650894328235,148.816118240356,77.1776627945026,162.232437133789,53.5337336029669,154.470070091454,136.59811147054,64.3490941846693,57.7106497596996,83.339469183059,67.3237167795499,142.369445800781,98.9821435251544,23.8513377279103,68.9112895181554,94.6928730228555,21.2298686136645,54.8419131599049,35.5273956544235,128.967192372968,140.464443338328,106.216742706299,69.6265453436436,98.6125869750977,115.298583984375,66.7419874628163
205.567504882812,72.5649960835775,95.7219730140889,53.3897015922948,216.068229675293,0,213.127754211426,182.418049059416,198.002555847168,140.492218017578,193.369361877441,137.837771606445,0,129.169487609863,195.184122085571,0,106.778002436857,113.307130583529,149.21196600107,115.346726673405,0,140.101755840022,91.1031925803737,107.941056673007,147.320798746745,112.166007995605,101.648952396325,98.2376619025365,166.709864983192,166.529468311983,144.767631530762,135.882332938058,0,0,118.608541452386,132.689371394015,47.1809594358247,15.6936202320268,44.7359470020641,137.5517237854,178.530670166016,147.123722076416,110.169039253464,140.464121180385,124.250059428968,129.571859825546,113.538856206315,153.662103271484,106.517709520128,144.514855661198,148.040869818793,81.6754619302884,46.002319614731,97.5467507498605,73.9274027042233,144.240047748272,63.9571148915724,50.0346129703201,35.6396325099716,114.954690168133,71.2366021474202,29.4145333096038,35.5165072333904,98.4521577150644,156.814262424503,90.1495896159943,96.5834990992691,203.664840698242,137.581572850545,93.9860096179619
140.344401041667,17.3640489697456,58.1435849389365,10.2638691266378,0,0,0,135.719217936198,174.383598327637,66.3821604251862,171.475728352865,107.774607340495,74.4804153442383,88.0191015096811,163.677993774414,123.506008148193,63.6510086765996,75.1697838325811,100.627265930176,93.9308129882812,82.5075378417969,103.411079406738,21.6138214137819,63.8297712966981,89.7254367828369,61.4143043864857,88.6946104274077,57.1899783789706,96.4108011457655,150.813064575195,114.61378288269,93.6051273345947,0,0,86.2762388586998,132.277756500244,18.594294822216,44.7359470020641,12.5033973776892,91.9485648018973,0,138.050130571638,126.12452648532,157.271319071452,46.9868731046545,141.149431152344,78.8109340667725,114.687782287598,60.2558588802611,143.500795179798,155.330772399902,41.6158430072623,58.0465206152556,88.0612952999952,62.038771364424,89.1982936859131,79.0325876871745,25.5418236177125,56.4864379204487,76.0988002868548,31.1363901124682,51.797976595818,39.5657665726661,114.230766564085,147.572331746419,100.693405251754,73.9533230917794,0,0,62.7931881721574
76.7055969238281,0,184.536514282227,88.2706557379828,8.74652080952291,0,137.135218811035,109.344547271729,130.390289306641,78.8546039036342,21.1690666954316,234.724922180176,34.1634326043676,0,160.075042724609,0,150.554168701172,0,0,0,13.6155178770514,199.828048706055,126.053375244141,186.557364327567,104.866125823975,0,218.251235961914,206.671340942383,40.746309187833,164.868304252625,163.381698608398,0,221.680862426758,166.561080932617,161.766504923503,90.23749326623,120.810852050781,137.5517237854,91.9485648018973,9.70618775481049,94.8604049682617,67.9791893440744,70.3364404931769,105.35231684837,37.8189337532695,19.6445124828947,171.056601630317,27.4766156110927,0,109.794933281323,58.0272129879722,131.021008809408,164.39952954379,173.77734375,193.842799595424,11.772416664253,138.133843558175,105.253350575765,136.043532191096,18.0885496080315,0,182.509339650472,134.794404220581,19.8065786642506,106.424908941684,91.9322186520225,0,0,99.0022125244141,106.74841885689
0,0,0,0,0,0,0,0,0,0,0,0,0,0,0,0,0,0,0,0,0,0,0,0,0,0,0,0,0,0,0,0,0,0,0,96.5237236022949,0,178.530670166016,0,94.8604049682617,8.55882236559952,10.3868386974456,122.882034888634,15.8271693856026,45.618756462546,116.413592868381,56.4854723805129,75.6995817184448,76.7912521362305,26.5804806885135,12.5730293357418,0,188.051540374756,95.3672142028809,197.838119506836,80.570686340332,156.10041809082,0,115.19409942627,98.6244535446167,176.183380126953,151.452679720792,184.23327255249,123.709175109863,20.6733256562336,131.330596923828,0,11.5935733782409,0,33.0276982402074
