11.0362389234892,128.682388305664,72.4836755871052,62.5965761670879,67.9189519087474,68.1911501203265,40.3759753575401,27.9916814642819,25.2014410879959,58.4472920913105,56.7638356824191,123.977795436465,57.7515836128822,152.565816879272,9.9040782547033,36.9128003889515,79.7381423950195,91.6319062005906,137.655742645264,117.876918585404,67.8316842784052,73.2770763087917,83.4486771633751,64.7823198576014,71.2057061428494,137.512954711914,111.827675586764,112.756378390265,64.8299100860263,12.1758336441254,29.031193385426,0,81.6832061767578,19.2541774467468,62.7255129166591,131.818992614746,0,162.03967503139,87.5254405477773,163.163494873047,0,135.907449086507,115.62201018186,148.136438889937,79.8572880336217,141.133790016174,203.196136474609,112.690589904785,0,143.131180005196,0,118.727778540717,176.79062906901,0,188.629051208496,143.092872619629,127.756793823242,102.640471963321,151.359508832296,108.936431884766,0,189.7106388637,159.232348080339,118.181177273603,138.844999005718,123.477485455965,0,0,120.138809204102,143.302468490601
128.682388305664,5.96158177576055,38.4599278013585,11.7688331148137,117.140785217285,0,161.386528015137,153.348587036133,156.726699829102,68.3208194781782,149.713653564453,52.4874785988631,109.051246643066,40.8187054443359,164.149448394775,116.123458862305,76.6274185180664,50.6858843509282,68.5336544330303,50.1755598958333,0,106.919397989909,17.8040023644999,84.328152762519,79.753078024728,18.9259324538524,40.774949951005,25.695544004778,115.657693481445,0,108.861244837443,58.7645937601725,0,0,55.3323901346977,167.266479492188,50.1898536682129,101.252629597982,43.6363101005554,0,0,0,0,0,113.794296264648,207.849563598633,118.079982757568,0,68.436502568862,0,0,0,107.396858215332,104.12975769043,108.295438913199,0,221.105743408203,94.8907470703125,105.914066314697,148.889984130859,47.7142677660342,88.8869715090151,95.5578122366042,140.363586425781,0,0,0,0,0,125.286308288574
72.4836755871052,38.4599278013585,10.9601616685989,45.2764921448447,115.259799957275,165.820499420166,119.538274765015,84.6089730560518,101.809577862422,103.238428869913,109.371949500226,72.0446024442974,108.665996551514,79.5909891862136,93.168925671429,121.541172027588,86.3085363115583,30.5632614449972,76.1935545603434,57.7448257099498,115.027719497681,54.2891775818489,44.4966031383397,20.4018171479043,94.2542319869995,61.1745147705078,22.696785445557,22.5504461735117,68.2462446044365,83.8995196200572,43.6170211863586,103.021832784017,151.51496887207,103.74284362793,46.7767513369943,161.800725301107,76.4737077795941,83.4798027405658,51.9585760688782,173.61808013916,0,181.503955841064,157.387197141294,182.323347473145,184.621119181315,180.26886338454,118.581781005859,0,115.749113082886,180.016534169515,0,118.605803898403,99.7438904109048,160.225608825684,112.083942731222,0,118.409395137303,67.655428267814,97.3153278722564,158.822063446045,108.62166595459,94.4909255713747,85.5892612199405,150.719339643206,175.935045878092,131.432818637805,0,0,145.251693725586,99.5448850222996
62.5965761670879,11.7688331148137,45.2764921448447,42.9298028871417,57.2630946023124,90.8426214853923,80.7583145042519,54.7782585981692,71.9525145090878,15.9651801272573,65.6054520345246,59.9092047530993,71.0362735203334,58.3674698614305,73.82084721627,66.4530372619629,40.5576370939592,50.4567086416916,50.3727416992188,52.9297124322364,63.4026628382066,46.4496360356287,22.8674343491569,52.6025413451985,35.519067628043,31.5401576576811,43.5109722948378,35.825081521,47.1116627040355,62.4649060856212,49.7554218983708,72.378497876619,0,51.1507425308228,53.7963449844769,74.3792552947998,78.0898160067472,64.9848164452447,22.8397122944972,125.315757751465,114.860858917236,103.265436808268,64.9582939482572,111.65316642203,15.062073401685,117.963564997134,83.3703158985485,85.831179300944,73.8919525146484,94.5675488133584,0,78.5284383296967,64.4868157667921,73.9027055104574,63.2188110351562,110.316619873047,88.6775132540999,76.1311726289637,96.3941821436728,54.3721337109448,65.3193940249356,55.8226607260851,57.170119973921,64.6375595194049,89.3160031636556,95.4628542999723,74.8903325398763,0,79.7893007451838,75.69584913032
67.9189519087474,117.140785217285,115.259799957275,57.2630946023124,8.23090686179255,0,59.0067154044536,47.4689394427884,76.3457894576223,50.7464510424384,14.044428816336,0,25.3198107848219,0,96.050952911377,54.227450302669,63.9533538818359,0,0,0,10.862313271001,80.5634536743164,89.935188293457,120.798020935059,21.6677292529201,0,142.189331054688,145.178977966309,14.1147586063123,90.458204446837,111.147646331787,0,0,85.4200692427786,85.8903227912055,144.615249633789,0,0,66.097518214473,13.2582579836587,0,136.93455857497,121.589089393616,144.266102472941,71.8402122291359,119.504752549969,0,27.5608638085817,0,178.450443267822,0,0,0,0,0,13.28547562358,0,78.1841735839844,203.666870117188,90.9769776559645,0,217.260864257812,193.524597167969,113.334228033768,143.931987762451,0,0,0,143.956924438477,138.850799560547
68.1911501203265,0,165.820499420166,90.8426214853923,0,6.52591729928891,7.02510493277849,118.691181945801,23.7845040702334,92.4864303588867,108.5299615299,55.1049558466131,98.5053634643555,0,18.592090807089,14.1976054429071,91.5685386657715,0,0,0,137.503524780273,107.697317123413,98.9173838297526,119.235145568848,103.377730475532,0,201.476287841797,0,107.35099067688,14.5330284535026,106.463844299316,0,10.2914898441169,71.5870742797852,17.7496363949993,173.042526245117,0,0,0,0,0,0,161.602114868164,176.740005493164,0,0,0,0,0,178.704864501953,0,146.261169433594,0,0,238.746597290039,0,182.908355712891,107.466117858887,0,141.536262512207,0,0,0,162.645297241211,164.915817260742,0,0,0,0,167.761566162109
40.3759753575401,161.386528015137,119.538274765015,80.7583145042519,59.0067154044536,7.02510493277849,7.94675033855478,57.2232465645192,18.9735036453947,70.6236335331934,30.4214779101341,64.0889715714888,20.8916813769324,158.23426927839,17.4684366552715,9.30137622963805,104.680936601427,147.737213134766,0,174.615379333496,50.1326343028442,108.489821624756,97.5188778963956,111.295907716493,87.7102478297483,158.035980224609,154.609743604473,144.3320520401,77.9517812120785,20.3781175621778,90.9070566065171,0,22.7587652888997,86.3875679825291,43.4401487365784,160.90425491333,0,180.071090698242,115.883169991629,152.311329650879,180.667549133301,149.535454585634,136.457110503624,170.37719039917,104.161860297708,153.796214497884,0,139.273813756307,0,162.5133732387,151.797332763672,133.896560668945,212.549163818359,0,217.643676757812,147.813673320569,160.371091842651,134.471239725749,197.538891601563,125.071704657503,0,178.69856262207,195.556539916992,135.046080861773,164.389205423991,153.926132202148,0,0,153.998607635498,173.543636546415
27.9916814642819,153.348587036133,84.6089730560518,54.7782585981692,47.4689394427884,118.691181945801,57.2232465645192,8.99342041872119,44.8723386891802,52.2377586409051,15.3977078143358,146.105762481689,46.5196078558949,155.621163619192,26.4961956921252,71.8525202225666,72.5760925292969,125.28887133732,0,136.197785949707,30.2531327164691,64.6427451876573,86.3028908159266,70.7223836746064,46.6429450787613,132.771260579427,125.752500144384,100.968744631615,22.0677452551724,59.902773882588,19.4591126639367,0,115.56525857108,59.4749955480749,73.977486839461,123.580592346191,158.640823364258,151.518886912953,82.1674143791199,124.831846583973,150.300003051758,128.305296245374,109.873592875362,140.311385109311,80.2867512173123,131.09124452848,0,132.449892829446,234.612838745117,144.922957252054,124.985786437988,109.561003408124,179.554919156161,243.33821105957,217.010589599609,124.451538403829,129.300654456729,112.636881171332,150.567081339219,102.249929283847,0,185.874324451793,158.755395003191,111.429650479091,141.680233280833,122.356171005074,0,171.091537475586,123.905301775251,138.36346306434
25.2014410879959,156.726699829102,101.809577862422,71.9525145090878,76.3457894576223,23.7845040702334,18.9735036453947,44.8723386891802,10.4970036596729,67.1574685554048,19.6423299458195,104.166166973114,19.5681615682722,148.257383558485,12.4775061366005,29.9298240927037,102.973470650467,127.647679959811,155.501174926758,137.077367067337,82.3219308205021,93.8644339667426,104.421355541841,93.7281559778129,83.5101978890848,149.4462890625,137.56989203233,137.293049472195,78.1524042064796,26.9022285479414,74.0293706498056,0,12.3498170449845,78.676739802126,60.9097922676488,152.340287066521,0,173.854649861654,95.5051818847656,144.041170008042,188.430404663086,140.592750672371,136.10929045226,156.097532792525,100.916264257698,144.321135407561,0,149.757358551025,0,163.361656642196,151.091766357422,141.79670753479,189.396334838867,230.793365478516,226.044616699219,143.555180779819,161.795080433721,147.897469293504,178.03898302714,125.88583289022,169.700180053711,208.227545166016,177.969743347168,130.901694918493,165.177973045493,153.865640411377,0,205.735275268555,152.083262125651,156.226895552415
58.4472920913105,68.3208194781782,103.238428869913,15.9651801272573,50.7464510424384,92.4864303588867,70.6236335331934,52.2377586409051,67.1574685554048,9.52530047095625,66.1410918546656,122.378061647768,10.5011918704693,114.261482166453,68.3670230641727,26.2320962504311,33.0698292808781,114.142385656183,0,131.658800506592,52.374071578349,56.6362410783768,24.7021095680986,59.1979550567328,20.8332662756379,103.078963997438,116.29586207613,100.155994624385,42.5312885437838,67.0354948313368,50.0907972448652,131.379848480225,107.767068990072,56.0148883232704,64.4518386210471,83.2182818020091,125.536544799805,151.440536499023,33.2079708883078,102.672202477088,121.002006530762,105.135462188721,79.618907563424,119.929442534576,22.1608192912463,130.873072247173,0,83.2637917891793,147.472961425781,110.342458463183,54.0101234436035,81.3552148001535,173.846115112305,0,149.498207092285,87.231330871582,107.358848571777,102.469027757645,129.731541951497,66.8780339368184,120.394291877747,181.437232971191,151.95726331075,84.4020640833848,107.598805167458,106.829388256731,0,0,115.022149599515,98.0063707828522
56.7638356824191,149.713653564453,109.371949500226,65.6054520345246,14.044428816336,108.5299615299,30.4214779101341,15.3977078143358,19.6423299458195,66.1410918546656,8.79763746971346,168.897701263428,19.6719181194182,154.949256896973,46.925302432514,61.3904243431655,112.981176896529,152.823452876164,0,0,15.6061179462127,87.5650071280343,108.599437289768,101.776893470861,71.6350242941887,0,145.455774991017,125.069965839386,25.1060451381325,79.1666629066526,82.0906701605004,0,116.991414583646,74.88160868376,79.0470672641983,140.095426940918,159.613380432129,183.56143951416,81.3736156622569,135.561047689086,193.297172546387,139.332804501329,128.817492750824,151.308657663311,101.153458605315,143.551244879144,0,123.495235783713,0,162.048819561394,124.907343546549,137.855019887288,177.362350463867,0,239.010116577148,139.036786158441,160.193769454956,147.673126220703,182.833030700684,111.288499203657,0,215.546188354492,181.002338804048,128.316683126573,163.11861069138,170.86377360026,0,181.158905029297,137.596257019043,159.406461007254
123.977795436465,52.4874785988631,72.0446024442974,59.9092047530993,0,55.1049558466131,64.0889715714888,146.105762481689,104.166166973114,122.378061647768,168.897701263428,9.92159159796421,0,16.7990022963334,136.218764595363,0,132.880882263184,53.0176365096848,21.180561807473,11.4586747743068,125.464485168457,102.629390010127,91.3471982020029,96.0667954204238,153.076010386149,31.9398821842821,19.1530761188931,41.2411653409811,146.560058300312,55.8313736986057,100.070602641386,17.323584336431,50.2410350375705,117.578372955322,26.9203723302643,0,112.285452524821,128.456757863363,73.6032696870657,0,0,0,164.972930908203,219.008743286133,151.908447265625,0,94.5861803690592,0,77.8734653512227,217.510894775391,0,221.430816650391,123.420450956925,102.467208480835,107.682752609253,0,145.555824279785,92.2343978881836,144.469763755798,0,55.7575924085534,94.9517803298695,94.6155416665618,159.684020996094,120.63501739502,178.484548950195,99.2143295288086,0,0,111.263698577881
57.7515836128822,109.051246643066,108.665996551514,71.0362735203334,25.3198107848219,98.5053634643555,20.8916813769324,46.5196078558949,19.5681615682722,10.5011918704693,19.6719181194182,0,8.3925767612485,168.188415527344,77.3587992575861,12.3934091275887,98.77720896403,164.895278930664,0,0,11.5598597125322,87.5395660400391,78.5187695026398,95.9925582885742,25.4848834444039,0,145.51201411656,136.901980082194,41.3699374394743,83.2621057660956,106.424363136292,0,97.2536036173503,90.6131597246442,93.4532063802083,200.413070678711,0,0,67.6009110344781,72.7774882194323,0,156.632973988851,144.689036051432,147.424293518066,73.6880943775177,138.995867859233,0,11.4609689785759,0,209.019973754883,61.6993236541748,0,0,0,0,40.0982921180271,173.588714599609,147.495758056641,0,110.705104123629,0,0,186.131855555943,131.997281034228,141.933822631836,153.021102905273,0,0,192.029281616211,184.372670491536
152.565816879272,40.8187054443359,79.5909891862136,58.3674698614305,0,0,158.23426927839,155.621163619192,148.257383558485,114.261482166453,154.949256896973,16.7990022963334,168.188415527344,6.48568092764461,138.852996826172,153.644744873047,116.722170148577,90.4450122833252,52.1508643063632,66.2816196198159,0,134.823735046387,80.2180804364283,123.750904846191,130.427527483772,20.1336362904848,17.6179806239807,26.8688325240109,145.105008655124,85.6410179138184,153.683424631755,13.0301574637792,67.460090637207,0,53.1968067455669,161.876159667969,76.4629905700684,126.098299662272,41.5155044296413,0,0,0,181.095748901367,220.38591003418,150.529706954956,246.215774536133,78.0337849934896,0,61.6275314472848,206.946075439453,0,0,137.80583190918,87.3961080209368,88.7942385286898,0,137.74250793457,112.167049407959,136.12326965332,150.393112182617,43.6398613295232,83.6932129248595,78.3487807731318,0,170.695087432861,188.281105041504,84.5249238897253,0,0,90.2133718526588
9.9040782547033,164.149448394775,93.168925671429,73.82084721627,96.050952911377,18.592090807089,17.4684366552715,26.4961956921252,12.4775061366005,68.3670230641727,46.925302432514,136.218764595363,77.3587992575861,138.852996826172,6.71847298560208,33.3354711712531,91.8667312035194,108.366937438965,139.389495849609,131.925697843907,89.826480744377,86.5480360143325,87.9492760491125,91.595229852395,82.8838362378792,152.069229125977,128.86181966179,128.221909077962,78.2500511802319,14.6640228023698,37.7546943698737,167.2861328125,10.6522439125431,49.1393667856852,55.8740880489349,141.075928908128,0,154.977313571506,104.297313842773,147.26421101888,167.294387817383,148.046465666398,134.468653282752,160.053036201291,92.7849970730868,143.38594329834,0,137.095405578613,0,162.005758138803,196.885696411133,128.231960296631,193.914659500122,0,223.429397583008,141.933224487305,144.26274240428,136.062572254854,167.084349950155,126.094766077788,0,192.249717712402,170.171636352539,127.3276079025,155.844440854829,146.294189945344,0,192.269134521484,148.206644439697,160.314401697229
36.9128003889515,116.123458862305,121.541172027588,66.4530372619629,54.227450302669,14.1976054429071,9.30137622963805,71.8525202225666,29.9298240927037,26.2320962504311,61.3904243431655,0,12.3934091275887,153.644744873047,33.3354711712531,7.09173865887159,81.110483442034,0,0,0,45.5805068267019,130.130065917969,80.6571855545044,100.878940582275,45.5744114273165,0,181.21996307373,140.856945037842,76.3093186981824,33.2456022339898,91.5260957990374,0,36.8971170104376,65.3450979505267,28.5593893166744,0,0,0,90.3488286336263,0,0,0,140.537892659505,166.895624796549,102.4404296875,168.823204040527,0,0,0,170.498883056641,0,0,0,0,0,153.355834960938,132.15896987915,129.64582824707,159.522918701172,119.369556427002,0,0,174.02214050293,134.088105201721,174.09553527832,148.700307210286,0,0,129.883819580078,161.377578735352
79.7381423950195,76.6274185180664,86.3085363115583,40.5576370939592,63.9533538818359,91.5685386657715,104.680936601427,72.5760925292969,102.973470650467,33.0698292808781,112.981176896529,132.880882263184,98.77720896403,116.722170148577,91.8667312035194,81.110483442034,10.9471569513462,106.763005291974,119.960739135742,110.210464477539,77.9676040649414,28.8602016582631,25.3828438658416,20.7444346321465,26.9694067482781,133.771240234375,93.2193207118822,27.9367608694131,43.5199019791391,71.3249097345,56.1238843807999,0,110.367357889811,58.0064759474534,75.8738451721848,109.236378318385,0,125.461497715541,56.6428936852349,181.508361816406,154.478546142578,155.921401977539,104.900304967707,147.607905578613,73.6549344904282,137.365821838379,220.218368530273,0,0,121.328656283292,0,92.9708737743144,136.737190246582,0,114.76383972168,0,100.387030054311,59.6813320483801,94.1613490518771,96.0676073514498,0,165.777842930385,119.371272237677,98.3794290293818,119.88756439209,93.8522539528049,0,132.263153076172,100.901418304443,100.089154463548
91.6319062005906,50.6858843509282,30.5632614449972,50.4567086416916,0,0,147.737213134766,125.28887133732,127.647679959811,114.142385656183,152.823452876164,53.0176365096848,164.895278930664,90.4450122833252,108.366937438965,0,106.763005291974,8.07477737633015,75.442041015625,16.3526101270773,0,36.768701913713,63.2792163240737,15.8705727535291,125.318764750163,0,20.6780868764364,56.8446115055853,119.482909066336,81.7136777009421,59.5689948216887,96.4128723144531,0,111.209925034467,25.3623353361837,160.702011108398,98.9909348921342,93.6201327063821,64.0685792072511,202.323638916016,221.220611572266,194.874526977539,162.960425240653,197.597995576404,136.54421488444,196.383201599121,139.489068712507,0,139.373252868652,203.843768649631,0,134.663796058068,107.237987779775,138.202571868896,117.217928466797,0,137.429286003113,83.0112268378936,118.044542089354,170.90113067627,0,101.454764248384,96.6481181550169,174.616159509729,188.373916625977,154.321057346889,146.060073852539,0,158.98184967041,109.623093373067
137.655742645264,68.5336544330303,76.1935545603434,50.3727416992188,0,0,0,0,155.501174926758,0,0,21.180561807473,0,52.1508643063632,139.389495849609,0,119.960739135742,75.442041015625,7.55021430582472,7.98921079661825,0,108.425451278687,109.936865234375,110.215950330098,0,48.9192792126256,12.8346247021816,63.7335126241048,0,96.9996032714844,117.866812896729,52.8347642344813,0,0,54.1860109640307,0,0,142.193572998047,107.0636622111,0,0,0,0,228.495071411133,0,0,96.1709671020508,0,92.1476547241211,0,0,0,113.385177612305,108.492600250244,94.1515769958496,0,0,0,0,0,86.8780288696289,100.967051257826,101.646979770145,0,0,0,117.289014180501,0,0,84.9603424072266
117.876918585404,50.1755598958333,57.7448257099498,52.9297124322364,0,0,174.615379333496,136.197785949707,137.077367067337,131.658800506592,0,11.4586747743068,0,66.2816196198159,131.925697843907,0,110.210464477539,16.3526101270773,7.98921079661825,7.97219308354058,0,66.5420311879894,94.9104267756144,56.1170426045568,147.471142578125,42.6515404165608,12.4178021347265,59.3482230077061,133.952363265188,98.4555662752733,91.6129136726636,71.3483469826835,0,107.881372451782,29.9204053635578,182.859420776367,94.9792970929827,103.685476848057,68.8165997591886,0,0,196.736846923828,162.25788269043,205.843669891357,188.199325561523,0,102.399699124423,0,109.354926476112,202.889953613281,0,184.901967366536,107.573954978686,116.251143022017,106.574686230354,0,139.756093978882,128.787456512451,135.280734777451,195.003601074219,67.0137725830078,93.2598343756613,98.6184231596401,191.086380004883,192.233627319336,161.604668579102,124.526777267456,0,0,111.97357754591
67.8316842784052,0,115.027719497681,63.4026628382066,10.862313271001,137.503524780273,50.1326343028442,30.2531327164691,82.3219308205021,52.374071578349,15.6061179462127,125.464485168457,11.5598597125322,0,89.826480744377,45.5805068267019,77.9676040649414,0,0,0,8.05315089926623,104.437675476074,102.939874267578,126.198471069336,23.1974951845426,0,138.893498738607,128.243759155273,28.4861213529356,89.2499275872874,94.9244867960612,0,123.207824707031,87.4591253598531,86.256700592041,139.879043579102,159.761978149414,243.242294311523,70.4132491520473,57.9903499544883,185.580001831055,142.711471557617,135.449343363444,155.029761178153,92.0052517255147,147.527944893673,0,20.6508552859255,0,163.73198445638,120.459655761719,0,0,0,182.365081787109,136.633756284361,0,136.412460327148,189.863960266113,101.44467899942,0,0,193.43921661377,129.584210010285,168.735649108887,0,0,221.829727172852,0,172.982807704381
73.2770763087917,106.919397989909,54.2891775818489,46.4496360356287,80.5634536743164,107.697317123413,108.489821624756,64.6427451876573,93.8644339667426,56.6362410783768,87.5650071280343,102.629390010127,87.5395660400391,134.823735046387,86.5480360143325,130.130065917969,28.8602016582631,36.768701913713,108.425451278687,66.5420311879894,104.437675476074,9.53700901913702,45.3748337787325,18.3224403115346,36.4199895735868,0,85.7168645528157,54.697823113853,19.3994919067623,71.0381062046174,21.0457050446657,128.893524169922,0,67.5322608228,40.2962826839259,116.167932610763,142.878955841064,131.618521231192,63.447200390177,0,0,157.643295288086,107.57358581543,152.624032974243,96.3970203399658,147.837478637695,156.514793395996,0,0,136.364827982585,0,100.729955442024,147.331812485405,196.75846862793,161.015248616536,0,101.172627351722,64.2218240862307,108.983017537131,106.703276809381,0,141.089498693293,133.507502613897,111.034559095228,122.476274108887,99.2495611634141,0,0,104.785700480143,109.12795419404
83.4486771633751,17.8040023644999,44.4966031383397,22.8674343491569,89.935188293457,98.9173838297526,97.5188778963956,86.3028908159266,104.421355541841,24.7021095680986,108.599437289768,91.3471982020029,78.5187695026398,80.2180804364283,87.9492760491125,80.6571855545044,25.3828438658416,63.2792163240737,109.936865234375,94.9104267756144,102.939874267578,45.3748337787325,9.46173655418867,47.8936807045333,36.3715739237827,67.3929012430125,74.08947751622,34.6781380204222,57.6355508348861,61.6068109371319,45.7895392652223,97.8216070447649,0,51.1137150582813,57.2607931182498,101.90341463956,0,77.1997763505622,65.8372870424519,127.794681549072,0,0,109.777135337271,151.345542907715,79.7179144620895,140.712921836159,145.571294784546,102.824955749512,115.209985097249,134.684137071882,0,69.4663031895955,106.718247111251,149.613037109375,132.706514695111,146.142252604167,72.7990881134482,15.8054012711063,75.1262158118059,99.0429146604718,86.0091974167597,118.468619063094,82.8037233474927,111.735924312047,119.100904464722,77.6884907966803,0,0,86.9996272495815,93.2162658572197
64.7823198576014,84.328152762519,20.4018171479043,52.6025413451985,120.798020935059,119.235145568848,111.295907716493,70.7223836746064,93.7281559778129,59.1979550567328,101.776893470861,96.0667954204238,95.9925582885742,123.750904846191,91.595229852395,100.878940582275,20.7444346321465,15.8705727535291,110.215950330098,56.1170426045568,126.198471069336,18.3224403115346,47.8936807045333,12.703636640827,44.2632615376602,125.751808166504,63.2936780588897,40.9085332384012,37.2235445503307,82.5831771646834,38.5913650370454,136.805323282878,135.286426544189,80.700921258261,44.7479506018791,125.201799180773,127.092655528675,98.4103344822429,83.6165885622539,225.620162963867,0,182.6501121521,137.278637317342,172.224410095215,122.016359182505,167.615298271179,140.321221669515,0,207.684387207031,170.909121398926,0,95.3730866346902,122.027973321768,151.751678466797,141.026960100446,144.842803955078,105.404019797218,65.8602205069448,96.8337228310638,121.852100900503,0,131.796249954789,99.9583779890573,137.771653923622,132.333112569956,105.267583427629,0,0,119.185254183683,108.21197195976
71.2057061428494,79.753078024728,94.2542319869995,35.519067628043,21.6677292529201,103.377730475532,87.7102478297483,46.6429450787613,83.5101978890848,20.8332662756379,71.6350242941887,153.076010386149,25.4848834444039,130.427527483772,82.8838362378792,45.5744114273165,26.9694067482781,125.318764750163,0,147.471142578125,23.1974951845426,36.4199895735868,36.3715739237827,44.2632615376602,10.0146056816113,109.695622762044,118.38574985928,93.2280476097095,21.3473807972578,79.320192478905,67.124969499195,167.794723510742,124.995122528076,65.5104592283007,73.4621180883402,120.396097310384,213.248977661133,165.880684988839,56.9412789139451,113.42747142703,153.979675292969,117.23011187653,103.514513533636,131.804018091272,63.8355369429657,118.277289295197,0,109.983382024263,0,136.392712523606,121.516333443778,102.883412621238,168.488772922092,0,196.101694742839,110.544051266788,118.913097466363,106.278820631239,133.412137179905,85.7326484747174,110.428993225098,196.33753628201,161.393124191849,100.582167566221,128.94678125626,117.596339692461,225.880661010742,163.740249633789,118.285665130615,126.991453243207
137.512954711914,18.9259324538524,61.1745147705078,31.5401576576811,0,0,158.035980224609,132.771260579427,149.4462890625,103.078963997438,0,31.9398821842821,0,20.1336362904848,152.069229125977,0,133.771240234375,0,48.9192792126256,42.6515404165608,0,0,67.3929012430125,125.751808166504,109.695622762044,6.76039956427501,41.7963026852593,19.8774966285819,144.289249420166,59.6871299743652,0,52.5581433222844,0,0,42.7371395244155,0,73.6352996826172,0,26.2719689338438,0,0,0,0,0,0,0,71.5606988271077,0,49.9614809816534,190.633666992188,0,0,109.470397949219,75.0933312733968,75.8130882926609,194.353805541992,0,112.60498046875,0,0,33.5034842014313,69.2689552485386,64.5683917482498,0,0,0,70.6717758178711,0,0,64.8758915492466
111.827675586764,40.774949951005,22.696785445557,43.5109722948378,142.189331054688,201.476287841797,154.609743604473,125.752500144384,137.56989203233,116.29586207613,145.455774991017,19.1530761188931,145.51201411656,17.6179806239807,128.86181966179,181.21996307373,93.2193207118822,20.6780868764364,12.8346247021816,12.4178021347265,138.893498738607,85.7168645528157,74.08947751622,63.2936780588897,118.38574985928,41.7963026852593,9.12399163699336,18.9650206870747,115.966836151233,100.235107086861,93.2155253043941,15.064551996597,0,116.776012420654,44.8765489302924,175.788380737305,101.7280989869,101.177032607758,65.3214307869805,0,222.000228881836,185.749216715495,166.226374252983,189.763819181002,185.376424153646,206.71741909451,103.48916664398,217.697387695312,102.02133736787,183.546574679288,0,149.021764315092,98.3232210792388,102.129777657645,98.3474728188262,0,147.121813456217,123.683234141423,124.981948120425,180.380416870117,77.5495569096055,88.4130028541411,91.554300098556,183.628150431315,183.729817390442,155.996512673118,106.961666004078,0,167.850238800049,105.009291032545
112.756378390265,25.695544004778,22.5504461735117,35.825081521,145.178977966309,0,144.3320520401,100.968744631615,137.293049472195,100.155994624385,125.069965839386,41.2411653409811,136.901980082194,26.8688325240109,128.221909077962,140.856945037842,27.9367608694131,56.8446115055853,63.7335126241048,59.3482230077061,128.243759155273,54.697823113853,34.6781380204222,40.9085332384012,93.2280476097095,19.8774966285819,18.9650206870747,10.8744417658331,71.4649355376976,114.213700279357,96.4190286496465,13.2737941605059,0,107.279423522949,57.0761571998009,175.962738563275,104.065085541968,86.6208146989346,53.4374617642577,193.134409586589,0,174.580556233724,154.602704878776,187.582310643689,146.840645237973,170.056388549805,105.782484681456,221.597885131836,99.7526779367466,186.46969909668,166.508842468262,100.667644692533,103.13590921877,104.969140414534,106.567426644839,196.144706726074,117.753914486578,60.3835760898331,95.2834403083048,155.519876701887,72.4086299169631,92.0004144957983,90.3660597604425,153.034229514873,173.367775701707,142.05119516016,107.865468642291,0,152.069394429525,103.631995712299
64.8299100860263,115.657693481445,68.2462446044365,47.1116627040355,14.1147586063123,107.35099067688,77.9517812120785,22.0677452551724,78.1524042064796,42.5312885437838,25.1060451381325,146.560058300312,41.3699374394743,145.105008655124,78.2500511802319,76.3093186981824,43.5199019791391,119.482909066336,0,133.952363265188,28.4861213529356,19.3994919067623,57.6355508348861,37.2235445503307,21.3473807972578,144.289249420166,115.966836151233,71.4649355376976,11.1954518408312,68.5078200067043,35.4283094243626,159.557922363281,118.476548568062,59.0990842556424,56.6219078882202,114.12424477287,165.901112874349,144.12325506341,66.1791933991692,108.498475380994,167.355157470703,117.42199756535,103.511708544844,129.770953011513,71.2501088986452,119.882252262016,194.280860900879,114.719675710379,188.402412414551,134.16862525192,109.897331873576,102.37209033151,169.092299305309,206.683891296387,185.642147827148,114.269011485426,106.034282090342,92.402663941596,128.325857333479,89.501032646304,0,171.867453075591,145.437213620273,103.428607913437,124.065589702491,104.225986738463,0,177.606665039063,110.638756471522,129.464823059414
12.1758336441254,0,83.8995196200572,62.4649060856212,90.458204446837,14.5330284535026,20.3781175621778,59.902773882588,26.9022285479414,67.0354948313368,79.1666629066526,55.8313736986057,83.2621057660956,85.6410179138184,14.6640228023698,33.2456022339898,71.3249097345,81.7136777009421,96.9996032714844,98.4555662752733,89.2499275872874,71.0381062046174,61.6068109371319,82.5831771646834,79.320192478905,59.6871299743652,100.235107086861,114.213700279357,68.5078200067043,7.31039808596558,21.6713815227089,141.070838928223,6.95123165595147,10.8944674777811,38.2883449133223,130.424430697572,115.57103729248,144.866071224213,92.8453687032064,170.41405582428,0,156.412387084961,126.71986920493,162.238126754761,98.8923850059509,148.738750014194,0,155.345736912319,0,156.118195562079,139.499160766602,117.674847175335,166.300462722778,0,187.627384185791,149.16295337677,114.023551029945,104.321753652472,139.680607780081,122.729265581551,0,172.765492158778,162.969940891972,125.942550994129,135.889702879352,109.323522642061,0,182.046508789062,125.31865644455,138.15455567603
29.031193385426,108.861244837443,43.6170211863586,49.7554218983708,111.147646331787,106.463844299316,90.9070566065171,19.4591126639367,74.0293706498056,50.0907972448652,82.0906701605004,100.070602641386,106.424363136292,153.683424631755,37.7546943698737,91.5260957990374,56.1238843807999,59.5689948216887,117.866812896729,91.6129136726636,94.9244867960612,21.0457050446657,45.7895392652223,38.5913650370454,67.124969499195,0,93.2155253043941,96.4190286496465,35.4283094243626,21.6713815227089,10.7545092410815,143.684967041016,106.601867675781,36.333425215528,38.4284767646786,112.854113934087,177.024810791016,136.28493270874,72.3384456352647,170.911245346069,164.934112548828,152.825708007812,104.832267086522,144.737805550559,79.5551145537561,158.777910868327,175.791912078857,119.437118530273,0,138.089723664571,141.0251121521,98.8231110510888,151.187265949865,195.665603637695,168.637575322931,133.08643913269,100.184896230466,68.6856641196162,111.481997543685,105.24042400534,0,160.440566830519,144.668999296246,108.076136027458,119.595385486295,98.5243938465716,0,170.701995849609,104.92791219858,112.406447534282
0,58.7645937601725,103.021832784017,72.378497876619,0,0,0,0,0,131.379848480225,0,17.323584336431,0,13.0301574637792,167.2861328125,0,0,96.4128723144531,52.8347642344813,71.3483469826835,0,128.893524169922,97.8216070447649,136.805323282878,167.794723510742,52.5581433222844,15.064551996597,13.2737941605059,159.557922363281,141.070838928223,143.684967041016,4.14413839714847,0,0,67.4744688956968,0,133.283079147339,130.289199829102,75.6664326985677,0,0,0,171.197952270508,0,0,222.026351928711,95.8384635925293,0,88.4781504313151,210.529495239258,0,0,152.792684936523,104.675709486008,103.42859916687,0,0,0,196.609725952148,0,68.232186794281,99.0726779228033,99.4207895084303,0,195.067611694336,158.743156433105,108.921666622162,0,0,107.55228322347
81.6832061767578,0,151.51496887207,0,0,10.2914898441169,22.7587652888997,115.56525857108,12.3498170449845,107.767068990072,116.991414583646,50.2410350375705,97.2536036173503,67.460090637207,10.6522439125431,36.8971170104376,110.367357889811,0,0,0,123.207824707031,0,0,135.286426544189,124.995122528076,0,0,0,118.476548568062,6.95123165595147,106.601867675781,0,5.4010058169572,68.4676361083984,33.4284030199051,0,0,0,118.041870117188,0,0,0,165.535626729329,201.387153625488,0,197.851196289062,0,0,0,192.633693695068,0,161.118209838867,0,0,0,0,0,0,207.211135864258,160.537399291992,0,0,0,160.33054460798,168.341720581055,147.328582763672,0,0,0,0
19.2541774467468,0,103.74284362793,51.1507425308228,85.4200692427786,71.5870742797852,86.3875679825291,59.4749955480749,78.676739802126,56.0148883232704,74.88160868376,117.578372955322,90.6131597246442,0,49.1393667856852,65.3450979505267,58.0064759474534,111.209925034467,0,107.881372451782,87.4591253598531,67.5322608228,51.1137150582813,80.700921258261,65.5104592283007,0,116.776012420654,107.279423522949,59.0990842556424,10.8944674777811,36.333425215528,0,68.4676361083984,7.64257257892386,11.8092219974814,127.236032274034,0,182.406677246094,62.6509263780382,159.831554412842,0,156.01452255249,108.981061574575,143.018116542271,113.137020111084,138.176961263021,0,139.411529541016,0,148.901574568315,0,97.7517776489258,171.777984619141,0,0,0,101.713913811578,76.0488184148615,125.683085850307,109.322648547945,0,165.146488189697,154.229910532633,118.641302864507,119.789651870728,99.1097605655068,0,0,123.19252204895,118.853221893311
62.7255129166591,55.3323901346977,46.7767513369943,53.7963449844769,85.8903227912055,17.7496363949993,43.4401487365784,73.977486839461,60.9097922676488,64.4518386210471,79.0470672641983,26.9203723302643,93.4532063802083,53.1968067455669,55.8740880489349,28.5593893166744,75.8738451721848,25.3623353361837,54.1860109640307,29.9204053635578,86.256700592041,40.2962826839259,57.2607931182498,44.7479506018791,73.4621180883402,42.7371395244155,44.8765489302924,57.0761571998009,56.6219078882202,38.2883449133223,38.4284767646786,67.4744688956968,33.4284030199051,11.8092219974814,11.1395701283593,148.08965573992,115.023363494873,92.4355876736525,65.6933795736848,180.499493408203,178.923980712891,172.025094168527,129.178410311358,170.814275105794,95.0338346307928,165.861523332267,140.395729064941,139.947752380371,96.0697288513184,162.433842202891,0,106.793995309383,109.009798278079,123.902769088745,113.324398040771,170.493980407715,106.345663267193,75.9266593888489,106.589553882485,123.203657681825,93.0983738369412,100.298697218863,96.8192720442107,128.708013160206,145.98216382195,107.234555544919,124.519061279297,0,139.151153564453,109.457822014304
131.818992614746,167.266479492188,161.800725301107,74.3792552947998,144.615249633789,173.042526245117,160.90425491333,123.580592346191,152.340287066521,83.2182818020091,140.095426940918,0,200.413070678711,161.876159667969,141.075928908128,0,109.236378318385,160.702011108398,0,182.859420776367,139.879043579102,116.167932610763,101.90341463956,125.201799180773,120.396097310384,0,175.788380737305,175.962738563275,114.12424477287,130.424430697572,112.854113934087,0,0,127.236032274034,148.08965573992,10.947188189638,133.322768124667,109.445227503777,70.0688538397512,85.192681312561,73.9472232818603,55.7048702565106,28.7301997738117,31.9090751366182,59.8945025725512,55.1617856442603,134.813560447308,89.7564914101049,153.101280799279,14.5149026491292,17.0599501419067,74.9205756123861,104.885302599739,139.732993962215,121.394225025505,99.3667112986247,82.8191999267129,71.5783704942273,98.6319048625667,67.880286686857,134.624202728271,121.724887506017,133.570781637677,73.3497635389501,14.8557945915817,19.6863024766464,156.105943467882,83.9375254313151,22.8586440829394,58.691463992938
0,50.1898536682129,76.4737077795941,78.0898160067472,0,0,0,158.640823364258,0,125.536544799805,159.613380432129,112.285452524821,0,76.4629905700684,0,0,0,98.9909348921342,0,94.9792970929827,159.761978149414,142.878955841064,0,127.092655528675,213.248977661133,73.6352996826172,101.7280989869,104.065085541968,165.901112874349,115.57103729248,177.024810791016,133.283079147339,0,0,115.023363494873,133.322768124667,6.72920596137688,38.0086302010909,35.1966296057158,0,0,136.345809936523,119.045658609141,152.948375995343,64.9731142558749,123.243824550084,63.9693589546311,107.572891235352,47.5933307939106,150.852717971802,0,73.679612827301,53.9837112775663,67.7431247499254,59.4815735200226,0,88.0765123928294,15.1048277391316,62.7484608938003,67.1592247009277,18.4827637417091,42.6483197367783,24.3440141792127,111.943553447723,144.498235365924,108.848887698751,63.8962110436481,0,142.913692474365,58.3169246306786
162.03967503139,101.252629597982,83.4798027405658,64.9848164452447,0,0,180.071090698242,151.518886912953,173.854649861654,151.440536499023,183.56143951416,128.456757863363,0,126.098299662272,154.977313571506,0,125.461497715541,93.6201327063821,142.193572998047,103.685476848057,243.242294311523,131.618521231192,77.1997763505622,98.4103344822429,165.880684988839,0,101.177032607758,86.6208146989346,144.12325506341,144.866071224213,136.28493270874,130.289199829102,0,182.406677246094,92.4355876736525,109.445227503777,38.0086302010909,10.0739728486452,40.8032300037704,123.739845275879,162.458781651088,118.427204877481,86.4214161744074,113.515678113402,106.143652915955,99.9988762697559,88.887637051669,144.287848472595,84.1488761901855,113.135499538712,119.594378471375,64.823157925076,35.3097324769426,83.4997409473766,87.0220168784813,126.148287455241,60.5365921875526,46.2415317318397,23.4094410067745,94.1385412362906,0,17.2550081459491,26.4231366896867,83.749860257034,125.303066781227,61.3194172493765,95.1508941650391,165.14973449707,119.085720825195,82.3054415545886
87.5254405477773,43.6363101005554,51.9585760688782,22.8397122944972,66.097518214473,0,115.883169991629,82.1674143791199,95.5051818847656,33.2079708883078,81.3736156622569,73.6032696870657,67.6009110344781,41.5155044296413,104.297313842773,90.3488286336263,56.6428936852349,64.0685792072511,107.0636622111,68.8165997591886,70.4132491520473,63.447200390177,65.8372870424519,83.6165885622539,56.9412789139451,26.2719689338438,65.3214307869805,53.4374617642577,66.1791933991692,92.8453687032064,72.3384456352647,75.6664326985677,118.041870117188,62.6509263780382,65.6933795736848,70.0688538397512,35.1966296057158,40.8032300037704,18.4569545937388,61.8863019670759,0,66.6354214238186,53.3782121931488,79.839279164605,20.4614601355025,68.1052389312209,64.8019483721986,59.2537228063489,36.6114391640198,85.6173637582677,56.98651712591,42.004147984221,53.4155342740057,64.9599910024869,56.6960173057298,59.9396222731646,46.1911145875398,25.3681978227698,56.7465713201908,38.3440114803757,19.3898653307391,41.5372553315944,35.4541022321332,52.4425142946411,71.3770660739475,49.5828126010555,68.0678158464103,109.315021514893,58.7338631047612,62.1796007988829
163.163494873047,0,173.61808013916,125.315757751465,13.2582579836587,0,152.311329650879,124.831846583973,144.041170008042,102.672202477088,135.561047689086,0,72.7774882194323,0,147.26421101888,0,181.508361816406,202.323638916016,0,0,57.9903499544883,0,127.794681549072,225.620162963867,113.42747142703,0,0,193.134409586589,108.498475380994,170.41405582428,170.911245346069,0,0,159.831554412842,180.499493408203,85.192681312561,0,123.739845275879,61.8863019670759,7.17845906508326,0,44.6294126085415,44.5014825087327,90.5967186262023,60.3259867873846,15.6888767697716,0,24.760854695838,0,100.200690160824,64.3211201259068,89.7387491861979,153.358139038086,0,0,9.22302921561852,0,109.316383361816,131.016654968262,20.3010040888244,0,0,131.512245178223,18.4527574706664,94.0824600366446,92.6276626586914,0,133.40217590332,86.769276545598,94.0489588533894
