9.76638993747665,110.827163696289,109.685090919777,70.9529237081838,116.378979492187,76.1836929321289,80.4359191688331,32.7117822634939,60.4218550425597,72.1540914263044,94.0553441880241,129.015284538269,121.87233543396,135.093772888184,29.3960124119881,9.74297618865967,117.202015686035,112.417007036107,150.225090026855,129.050299613707,138.961025238037,79.6819941419236,70.4108963012695,94.5782701205773,82.8132662091936,0,130.985853534855,135.666459371877,85.7567144820105,22.203547547391,36.067884848341,173.690223693848,98.9176649205825,47.7316202836878,80.7767986650227,147.015472412109,0,161.096150716146,90.0860252380371,0,0,0,147.752979914347,173.204411824544,73.3994903564453,165.959098815918,231.91845703125,0,0,183.887691497803,0,137.228266034807,185.513702392578,0,0,0,136.821365356445,96.6752662658691,169.861060006278,133.449618828006,0,0,179.043764386858,145.647358234112,163.178388595581,144.835805620466,0,0,125.857261657715,164.810638427734
110.827163696289,7.55721933203317,46.1763505498204,16.5205802836033,94.1117758750916,132.848641967773,182.383255004883,118.693473815918,161.898040771484,73.6615285912724,119.741889953613,70.66073154533,101.894590377808,56.5643139231502,141.476670837402,102.302947345962,74.6213249793419,62.0688343048096,0,71.5242712232802,0,90.2042045593262,23.509432109864,75.6882238949046,80.0041932112754,26.3615546220456,55.4484910333013,32.2071331478586,111.359708601429,125.747808456421,103.167953491211,71.7598336356027,132.257347106934,120.51033782959,73.6787650066873,0,67.0603394508362,71.0151028633118,46.2981760406494,0,0,226.688659667969,194.22908782959,176.906005859375,0,0,0,0,107.6390108381,152.814117431641,0,130.744686126709,93.2653234269884,0,157.439575195312,162.466781616211,0,0,125.738597324916,113.523644667405,72.0119667053223,102.328998184204,87.413586450908,155.82580947876,208.294235229492,0,110.477368672689,0,0,111.858905792236
109.685090919777,46.1763505498204,15.2626576942258,46.7750692906445,161.926305135091,185.892293294271,145.274119390958,107.513815800861,125.302134261827,120.11382067645,133.134717826708,120.786715103408,196.695938110352,138.573022842407,123.224731761954,116.671793256487,90.9821565376138,42.3676808167817,122.212132045201,76.7188892595696,202.457046508789,74.9281926985537,65.4696633404699,40.9677363189661,120.00462173348,0,40.737565797416,34.9128330831851,99.9471476029377,128.06811325693,91.954982960343,95.8629486083984,170.25208421187,127.542122734918,68.0125055771358,177.491015625,87.9806320602829,100.810889750638,71.4081959595551,0,0,242.840789794922,168.668348904314,190.918600294325,136.161441040039,180.874925885882,155.648948669434,0,172.361975775825,187.473622984805,159.245559692383,110.139191285929,112.542456771106,197.891967773438,132.806385993958,0,134.544631175506,100.109376585329,109.128865585846,157.799974899292,188.139038085938,109.465138680215,101.563997350987,166.658061076685,198.05428641183,169.211169242859,169.581695556641,0,162.951843261719,122.009864807129
70.9529237081838,16.5205802836033,46.7750692906445,18.1977356852147,62.3383971943575,111.582904815674,92.9415425109863,69.7467639633372,84.7547514409195,19.4751889263913,99.6034321376256,84.7328164912452,104.736730575562,72.8453609570083,95.5506179959166,78.088610291481,44.3836845557798,65.7310774128428,76.7089462280273,76.2429391092329,150.749071121216,56.5777521537522,22.1954312128367,59.0979494092664,45.493532182885,30.3067309608876,55.778999596226,39.8297075398268,61.1609036029736,80.8189425405537,56.5456813403538,75.0525847254573,126.133118629456,60.648058500866,72.282268001483,84.2289533615112,80.2643761634827,108.053383438675,12.8266921749821,83.6667643955776,0,197.18994140625,84.7456310576042,131.351479163537,38.6675720214844,109.824078877767,117.379081726074,0,105.013525912636,118.563369338577,0,75.0585919510234,114.194040398849,203.496154785156,109.3148467324,147.507755279541,82.9764854076297,59.0044889096861,103.269978066013,69.7941736598282,94.1603385925293,98.5650850931803,88.1975785210019,88.121131550182,114.104408345324,82.9073256254196,151.574975585937,86.2352676391602,68.6774745517307,115.652984195285
116.378979492187,94.1117758750916,161.926305135091,62.3383971943575,9.77845521694939,107.342569623675,57.3463268766716,89.7207874298096,94.5630846974353,51.6713558340972,34.535996555828,157.390628051758,32.4752145791104,134.384161376953,114.030098219713,71.8046605235552,0,167.388553619385,189.748809814453,168.576988220215,12.6210764720571,163.352411905924,68.4037863787483,158.042541503906,19.9036573534333,132.578468322754,176.480839320592,137.599093914032,17.278348925434,107.500571967312,148.033504486084,0,139.223850886027,91.2415437698364,104.051109538359,195.437225341797,0,0,92.617332311777,41.7572047576098,0,159.895684378488,147.066595419859,172.480456703588,113.812120437622,160.82546888079,0,100.645780045857,0,184.10843963623,119.382429122925,167.951782226562,0,0,0,157.564967467722,0,0,0,119.966384241602,0,0,202.700177001953,154.221481323242,198.547945807962,200.667541503906,0,0,0,184.950141906738
76.1836929321289,132.848641967773,185.892293294271,111.582904815674,107.342569623675,7.62348880287399,13.8193150196993,115.145142618815,19.6680424395944,58.5456145150321,112.135311974419,79.8052859836154,73.8556088961088,102.803831481934,31.3300992390689,14.8889253552179,0,101.85563659668,0,123.963419596354,102.756985664368,133.85205078125,131.146687825521,134.694621494838,86.1223430791177,176.906402587891,205.980270385742,172.964384460449,116.487079196506,22.63263779698,121.387031555176,107.205123901367,10.8844541863334,125.789894104004,52.5324764847755,0,0,0,134.948348999023,156.946624755859,0,0,0,0,0,207.523880004883,0,0,0,0,0,0,0,0,0,0,0,0,0,187.056732177734,0,245.15007019043,0,198.37255859375,0,0,0,0,0,0
80.4359191688331,182.383255004883,145.274119390958,92.9415425109863,57.3463268766716,13.8193150196993,11.4524289043121,63.7276790690916,21.0698666392671,65.3052683345607,38.83468916865,91.0685344764164,24.3212948344566,101.501333089975,51.8892844726666,19.2405324065925,117.501752853394,151.700555281206,125.663135327791,127.424639668184,36.9774736578157,126.99878452846,100.113232421875,136.759370966772,72.4583055250321,113.548789978027,144.425897757212,158.291818867559,65.028554780257,49.8902326953381,114.016097831726,167.721393585205,21.0846153352101,98.9427021129711,66.193051454756,0,0,208.356948852539,104.435316562653,135.763242183587,0,146.371963500977,160.089629809062,172.458349439833,0,172.310770808039,0,50.6221750188757,0,239.967403411865,0,0,0,0,0,177.681871686663,234.87321472168,0,191.848429361979,142.83247089386,0,0,192.178662109375,171.544148218064,195.003954206194,183.482157389323,0,0,188.641387939453,203.28232828776
32.7117822634939,118.693473815918,107.513815800861,69.7467639633372,89.7207874298096,115.145142618815,63.7276790690916,13.723918126659,59.5379114448642,61.1568671690451,29.8104288045843,145.40970102946,109.335297416238,170.657772064209,51.8283202722309,77.1795567557925,106.713728502062,129.717813673474,174.171749538845,166.141213241889,126.736703634262,76.6000156842157,98.3864834396927,92.4201894524177,62.2649471361858,175.122779846191,134.663762800456,113.074596780997,33.9361946297162,72.4852932316148,28.2919614112007,179.204755147298,128.951869032118,72.0284557384023,86.5740736730171,146.15761164615,0,180.738678271954,100.14832287743,139.210382385254,0,166.963968450373,136.645829433865,161.555690260494,114.999946049282,156.717076159538,207.364051818848,153.848261515299,216.703918457031,165.548445847455,178.214706420898,148.157615306766,205.149485270182,0,0,158.188466389974,156.306790351868,131.058790508069,169.225698612938,123.165094103132,0,199.323224385579,179.67746257782,139.642918115998,162.092715007503,148.443004374601,0,208.333140055339,148.983827045986,159.286517803486
60.4218550425597,161.898040771484,125.302134261827,84.7547514409195,94.5630846974353,19.6680424395944,21.0698666392671,59.5379114448642,11.4242897010749,83.7914004705649,40.0783406135746,85.9336230154256,85.6358814225549,94.0493026926548,20.3481637641835,32.8122356071369,139.187505722046,134.756647323495,115.434978138317,123.268504100631,92.4586669808567,102.523434115994,122.005004374186,116.622182490187,83.0767482480182,97.4644306727818,140.498511990297,142.901065308043,78.6104432952431,44.5960636598996,82.2710806560047,123.005487714495,25.6489321235955,91.3623311810377,75.6869829707235,170.562821706136,0,194.161433066091,102.032320658366,148.60091443743,206.702270507812,194.591957939996,155.260109551519,178.805407946623,111.959613800049,170.386345127651,229.04655456543,124.812158120645,0,184.357795715332,184.843343098958,170.720284598214,205.401657104492,0,0,162.358503069196,163.678195953369,149.187016296387,193.933391674145,136.700695732102,190.917892456055,209.08403523763,193.050759242131,157.810061863491,185.453267277898,167.856630249023,0,0,167.444903055827,182.839191981724
72.1540914263044,73.6615285912724,120.11382067645,19.4751889263913,51.6713558340972,58.5456145150321,65.3052683345607,61.1568671690451,83.7914004705649,6.83006289024861,73.9709373081432,133.207802290327,14.6740197927491,122.153453782176,91.2215370294702,18.8361744219852,110.176999966304,126.08484172821,133.098892211914,154.989817301432,61.4823717637496,105.714232595343,21.5622446188113,111.194431050618,24.0925153528882,105.115204903778,122.521349549294,106.45351024979,57.0717267121842,80.9887950117417,58.0016964614249,133.980802996405,132.026413726807,64.4696347896869,100.534119786443,111.2306543986,169.733184814453,178.434476579939,22.9504220683966,109.336148713764,0,187.237159729004,94.9513889880891,129.065975570679,37.9354312419891,135.161641634428,198.416999816895,82.5932993207659,166.55959666859,127.747063773019,107.406105041504,0,179.414703369141,237.759948730469,0,124.47990544637,156.933547973633,122.162014007568,165.267730712891,77.4554230559106,177.429145812988,182.124473063151,177.651939655172,106.26312987973,143.269515228271,112.636617388044,186.942072550456,178.500762939453,130.023023986816,121.882448832194
94.0553441880241,119.741889953613,133.134717826708,99.6034321376256,34.535996555828,112.135311974419,38.83468916865,29.8104288045843,40.0783406135746,73.9709373081432,16.5176079286318,154.066908343085,23.1769064684728,162.206936427525,80.0099357770726,75.7819041201943,126.087740580241,173.754079304044,181.943235778809,171.581739331855,21.3293754168185,115.640148083369,128.198816935221,135.070423139992,59.9424214765761,139.339645385742,161.841489333141,139.461201700671,39.1543917148141,99.7254720093895,117.256743443266,180.59383392334,129.162415453852,88.1638110813342,99.0036461548533,198.617426554362,0,196.667600631714,113.523151299892,146.892412702679,156.816177368164,182.270085652669,159.110540806562,179.178040840256,116.444198608398,169.10316762116,0,111.615835113525,0,196.068824768066,143.891906738281,160.74382019043,0,0,0,165.289075292722,197.502861022949,174.827108764648,173.175134277344,131.367944583558,0,207.678825378418,210.671691894531,163.710016873517,194.075441557786,177.295769827706,0,0,187.178604125977,191.208689371745
129.015284538269,70.66073154533,120.786715103408,84.7328164912452,157.390628051758,79.8052859836154,91.0685344764164,145.40970102946,85.9336230154256,133.207802290327,154.066908343085,15.1767278089737,144.917436218262,29.6424753612339,82.2019754616695,117.110778808594,162.746238708496,53.1528138910829,29.3806980514086,33.8263873361161,148.590198625837,106.456206619099,96.9793242081352,94.6403890944816,153.683798160193,33.8409545485213,36.704869118473,64.8474147510434,160.951494713352,63.4779928695924,132.753243021446,36.6458244322362,68.7934957573884,113.91089630127,31.8002868729125,0,113.661106109619,162.686080932617,99.4163162231445,225.73762512207,0,0,187.851470947266,160.492000579834,0,0,82.9151719745837,148.299522399902,77.7468750754068,183.083099365234,210.223907470703,161.358779907227,146.33032989502,97.4608337402344,131.175930903508,0,0,167.939448038737,182.133595784505,215.451831817627,79.228094886331,121.096693189882,116.589203714323,204.268046061198,0,205.629196166992,102.060311279297,89.9870986938477,0,128.501348495483
121.87233543396,101.894590377808,196.695938110352,104.736730575562,32.4752145791104,73.8556088961088,24.3212948344566,109.335297416238,85.6358814225549,14.6740197927491,23.1769064684728,144.917436218262,11.091393943785,148.954513549805,102.433232877508,16.2922978137634,151.246437072754,179.842495637781,166.698873346502,169.483255137568,17.7627300304326,163.500425066267,107.028942108154,198.505510965983,28.3561758452148,129.14075012207,173.354980105445,162.08181961723,48.1545056182445,105.173098180106,156.591760953267,173.3779296875,113.558957369273,124.156032562256,103.945326780236,0,0,0,114.28708114624,65.1795167533719,0,61.776088260469,155.104936981201,141.132446289062,111.613749186198,119.617749047034,0,20.1967315133006,0,122.915408325195,75.1844504220145,0,0,0,0,31.5726359784603,0,229.990341186523,0,112.970714853165,0,0,218.420806884766,149.815642412971,113.86992931366,158.953155517578,0,173.952186584473,0,188.850448608398
135.093772888184,56.5643139231502,138.573022842407,72.8453609570083,134.384161376953,102.803831481934,101.501333089975,170.657772064209,94.0493026926548,122.153453782176,162.206936427525,29.6424753612339,148.954513549805,9.29637893144728,95.4013126464117,151.280368804932,122.151523365694,97.3814261941349,53.4409063643768,71.4298634483701,165.508407592773,153.597391764323,84.475726480484,136.201559066772,133.627821904079,19.3272804730272,37.9258979821555,34.829516149513,167.006177116843,77.7845497131348,157.176843431261,22.9705666850046,80.9751469748361,119.225639343262,42.7521003398699,232.927536010742,102.115761585725,138.136962890625,46.3344343105952,0,99.9387359619141,125.106067657471,210.332305908203,120.768646240234,159.936157953172,0,66.9573433487504,0,66.6964598209557,105.576623535156,0,171.954160054525,144.671704973493,86.4192352294922,102.763427500822,0,192.416809082031,132.363395690918,169.55033656529,178.207143511091,59.5426663708586,96.0271733345242,95.3426690347006,204.284980773926,84.3375231424967,217.670928955078,91.4253420845828,97.4012326327237,0,85.3964744144016
29.3960124119881,141.476670837402,123.224731761954,95.5506179959166,114.030098219713,31.3300992390689,51.8892844726666,51.8283202722309,20.3481637641835,91.2215370294702,80.0099357770726,82.2019754616695,102.433232877508,95.4013126464117,12.8183047036055,54.3967003788508,145.21603752585,128.898484590569,113.124084904509,121.123171275149,103.229716681332,98.7388651066565,109.958178202311,111.378959996083,99.1390771490238,102.640666007996,137.849817256189,143.116534925276,93.7758594110264,29.5941206228135,66.4707622869451,121.507824601798,18.0678076868921,56.8678160311201,67.2706578919351,173.191354115804,0,190.509291704963,105.504732475906,165.617828369141,0,204.373840332031,162.014998376897,179.613792419434,147.672052171495,189.523542131696,0,112.179418227252,230.808522542318,188.677292694917,0,163.435134887695,214.791946411133,0,219.493118286133,195.221115112305,188.98940713065,153.698643493652,187.293123006821,155.498787675167,225.612915039062,208.486985948351,194.551092881423,162.982120577283,195.519313049316,163.17223244525,0,0,170.788925170898,181.092915621671
9.74297618865967,102.302947345962,116.671793256487,78.088610291481,71.8046605235552,14.8889253552179,19.2405324065925,77.1795567557925,32.8122356071369,18.8361744219852,75.7819041201943,117.110778808594,16.2922978137634,151.280368804932,54.3967003788508,8.19353582812774,149.841163635254,187.106971740723,99.2629051208496,123.116362435477,55.9940384020571,115.321868896484,79.1950813134511,124.714378992716,48.5358426908223,132.736276021818,149.825277056013,131.658344025308,79.2363036541229,53.8839937066132,97.6148376464844,154.12077331543,35.566706284976,112.693242754255,45.2927626248064,0,0,218.572257995605,46.3147668838501,109.914888858795,0,177.719787597656,148.407997131348,186.454475402832,68.8549194335938,127.850158691406,0,74.9593107435438,0,202.612655639648,118.450336456299,200.108383178711,222.551223754883,0,0,118.257965087891,0,0,0,119.26133219401,0,199.996465047201,172.373926798503,161.566556549072,0,158.174835205078,0,0,151.739196777344,0
117.202015686035,74.6213249793419,90.9821565376138,44.3836845557798,0,0,117.501752853394,106.713728502062,139.187505722046,110.176999966304,126.087740580241,162.746238708496,151.246437072754,122.151523365694,145.21603752585,149.841163635254,15.2947264163679,111.145399258461,0,130.952890094958,0,22.8857052712249,32.0364811148641,25.1020015182674,44.2528042669927,105.133226013184,109.948410433102,41.0395281863393,47.3429253601206,108.241164737278,83.1036668790804,128.723773411342,0,79.6428536309136,84.1151839198328,139.155853965066,0,131.747744781802,57.5037353382775,181.828399658203,0,0,138.882426318,174.900955200195,154.702953338623,167.719935099284,0,165.573913574219,190.515151977539,176.808082580566,0,103.439449353255,155.765872478485,0,181.691090901693,0,118.158896320998,59.6315553831362,109.942296238529,106.548133194709,0,156.969730496407,133.10315135584,121.311228455262,136.130064900716,117.443035872525,185.579299926758,0,101.318370819092,141.629397074382
112.417007036107,62.0688343048096,42.3676808167817,65.7310774128428,167.388553619385,101.85563659668,151.700555281206,129.717813673474,134.756647323495,126.08484172821,173.754079304044,53.1528138910829,179.842495637781,97.3814261941349,128.898484590569,187.106971740723,111.145399258461,10.1217567362668,56.1358556100878,24.5016937620087,173.842913818359,77.239363591639,90.4219427562895,39.2413862043601,138.096598823289,64.9601008097331,44.0978401554191,65.0778787098352,119.213534269132,110.462872881957,87.2554224018667,83.1195225282149,121.161525075029,103.024144508469,48.3374088255602,185.84221496582,105.366191864014,110.036590184921,101.625123620033,0,0,0,185.273046393144,202.753438313802,185.514450073242,0,148.880699157715,174.057067871094,166.352630615234,202.554173060826,0,143.675311279297,114.857983206201,175.131942749023,115.741246948242,0,168.217726135254,122.69455242157,136.057436481599,170.593143169697,171.448883056641,108.2170968474,110.212679063028,185.885219280536,215.822532653809,179.982627175071,145.558532714844,0,180.093971252441,134.733718490601
150.225090026855,0,122.212132045201,76.7089462280273,189.748809814453,0,125.663135327791,174.171749538845,115.434978138317,133.098892211914,181.943235778809,29.3806980514086,166.698873346502,53.4409063643768,113.124084904509,99.2629051208496,0,56.1358556100878,7.43670144907197,16.1960993846071,162.598826090495,105.542250199751,150.003128051758,108.449150166613,181.053136189779,75.5761177062988,29.0535107216777,61.7856170042062,159.841069030762,91.0620163188261,134.439215596517,48.8595605078544,96.2506517480921,118.381187438965,64.218157538794,0,0,145.266942977905,65.9395370483398,0,0,0,0,0,0,0,102.254508972168,0,139.387084960938,0,0,0,136.524116516113,112.138072967529,106.841075897217,0,0,192.32307434082,165.657165527344,234.962226867676,88.3677346365792,107.287387547868,109.47080276126,225.108322143555,0,0,118.662744310167,0,0,0
129.050299613707,71.5242712232802,76.7188892595696,76.2429391092329,168.576988220215,123.963419596354,127.424639668184,166.141213241889,123.268504100631,154.989817301432,171.581739331855,33.8263873361161,169.483255137568,71.4298634483701,121.123171275149,123.116362435477,130.952890094958,24.5016937620087,16.1960993846071,11.6794148918501,169.048629760742,93.9725135684938,103.989106570973,65.9363542229687,162.546904449463,64.6710921577785,34.1732680321644,66.17315079229,148.811690576298,97.332307349311,105.457519051255,56.211758100654,95.5839562945896,116.956979370117,48.7579220347984,0,118.129096984863,134.934486230214,154.159329732259,0,0,0,225.131312052409,188.439743041992,0,0,134.636126708984,0,124.612862220177,218.020702362061,0,162.49534034729,129.620202905992,113.335962931315,115.078034185594,0,171.589179992676,167.412811279297,148.535573323568,211.076442718506,117.211369832357,109.307399158548,113.534841646467,219.036956787109,0,159.066029866536,127.718705946399,0,0,130.350114186605
138.961025238037,0,202.457046508789,150.749071121216,12.6210764720571,102.756985664368,36.9774736578157,126.736703634262,92.4586669808567,61.4823717637496,21.3293754168185,148.590198625837,17.7627300304326,165.508407592773,103.229716681332,55.9940384020571,0,173.842913818359,162.598826090495,169.048629760742,10.167521651734,151.225540161133,211.45654296875,201.244972229004,19.2986685213698,0,175.583212958442,182.461062961155,27.7645103675574,105.923777809978,147.147521571109,172.656723022461,130.970894949777,105.635863167899,103.676775580958,0,0,0,84.8224398295085,32.6419726974203,0,174.327540079753,176.988900756836,178.961279127333,78.1057052612305,161.397986755371,0,48.4448371102112,0,189.385528564453,118.102313995361,0,0,0,0,158.331998364679,0,0,0,124.883911677769,0,0,226.374633789062,162.786757349968,200.314979553223,0,0,0,0,220.095016479492
79.6819941419236,90.2042045593262,74.9281926985537,56.5777521537522,163.352411905924,133.85205078125,126.99878452846,76.6000156842157,102.523434115994,105.714232595343,115.640148083369,106.456206619099,163.500425066267,153.597391764323,98.7388651066565,115.321868896484,22.8857052712249,77.239363591639,105.542250199751,93.9725135684938,151.225540161133,12.7118747074671,57.5497151045572,30.755777162612,85.6879870334681,0,107.886832116986,85.8563904941946,40.0791890269608,72.2083092642248,32.7830079769099,153.786514282227,155.711015701294,46.7440686309254,49.5259014188916,133.152951290733,141.604705810547,150.198527526855,71.3724227194059,0,0,211.73210144043,132.7854548863,158.920056152344,117.79393196106,167.916255604137,183.569854736328,0,0,164.289510900324,0,115.882322663318,164.489480295489,0,197.681125640869,0,124.398628578186,77.3280791463079,129.079906528832,121.784374237061,0,173.438818359375,155.01154595679,123.327796109098,137.091450540643,120.457858866203,212.263244628906,0,112.471878915463,135.379151546594
70.4108963012695,23.509432109864,65.4696633404699,22.1954312128367,68.4037863787483,131.146687825521,100.113232421875,98.3864834396927,122.005004374186,21.5622446188113,128.198816935221,96.9793242081352,107.028942108154,84.475726480484,109.958178202311,79.1950813134511,32.0364811148641,90.4219427562895,150.003128051758,103.989106570973,211.45654296875,57.5497151045572,7.5330285017105,53.2209070540098,38.1406921184691,64.5138309101172,90.6958018030439,31.3549497100531,67.4078499616142,98.2369749607184,61.6756135559082,105.53673977322,157.047231038411,57.3934936523438,71.3373409329039,94.352848815918,0,122.995571225188,11.2159045641721,156.561538696289,0,204.642715454102,114.484483337402,146.023241678874,210.887542724609,120.16357421875,204.739685058594,0,157.130076090495,150.523811340332,0,76.3631210045274,137.094841696999,0,143.521270751953,175.724975585938,92.7369637973067,28.7385445435842,100.764233708981,88.5013141123454,0,137.508302355569,125.516834259033,94.5258439441897,115.971500983605,85.0576691901547,0,0,97.021201133728,105.367283957345
94.5782701205773,75.6882238949046,40.9677363189661,59.0979494092664,158.042541503906,134.694621494838,136.759370966772,92.4201894524177,116.622182490187,111.194431050618,135.070423139992,94.6403890944816,198.505510965983,136.201559066772,111.378959996083,124.714378992716,25.1020015182674,39.2413862043601,108.449150166613,65.9363542229687,201.244972229004,30.755777162612,53.2209070540098,20.1355128254874,85.998066498683,152.087423324585,76.2671686286982,43.2821395900057,64.2470174892471,92.7626098398558,64.2741698617309,119.961441040039,155.63902208882,91.9262240453698,52.0292724152714,164.895303344727,120.182862854004,112.229803108547,82.2496200963071,158.106834411621,0,215.71999613444,172.237932596451,194.610073575107,132.465629577637,195.04370880127,147.436538696289,0,199.709129333496,195.831396879973,0,109.090325622768,130.306554046631,188.513275146484,167.811373542337,0,126.173471622467,69.046089782217,115.183715422912,137.403133042251,184.810470581055,133.166129903013,111.922672522188,152.182242018756,172.582728881836,137.383430314194,175.628061930339,0,156.549848429362,134.339449511076
82.8132662091936,80.0041932112754,120.00462173348,45.493532182885,19.9036573534333,86.1223430791177,72.4583055250321,62.2649471361858,83.0767482480182,24.0925153528882,59.9424214765761,153.683798160193,28.3561758452148,133.627821904079,99.1390771490238,48.5358426908223,44.2528042669927,138.096598823289,181.053136189779,162.546904449463,19.2986685213698,85.6879870334681,38.1406921184691,85.998066498683,13.9609378175654,114.480125222305,134.352224827889,98.4728020494357,32.1430809042642,90.0755854271228,75.2655656483759,146.309738746056,127.779485945268,76.2452736092813,94.9620598767767,136.825978727422,139.424966430664,168.785836585482,64.3773313348051,86.1532978881998,0,161.103343200684,122.608794843793,151.453547765131,88.1262930461339,139.435318384092,235.332347869873,129.304297087622,204.537155151367,155.976211491477,146.538897832235,122.580281691118,181.559842751243,0,207.623463221959,139.137744641486,135.198033986998,96.4325855678982,150.959266569329,101.446539738554,169.615931193034,185.574477245933,176.337200527504,122.231228355081,151.141942676745,133.161455233422,247.39176940918,198.226616995675,129.519186419641,147.178029693333
0,26.3615546220456,0,30.3067309608876,132.578468322754,176.906402587891,113.548789978027,175.122779846191,97.4644306727818,105.115204903778,139.339645385742,33.8409545485213,129.14075012207,19.3272804730272,102.640666007996,132.736276021818,105.133226013184,64.9601008097331,75.5761177062988,64.6710921577785,0,0,64.5138309101172,152.087423324585,114.480125222305,8.89502202649605,43.9626331569768,27.2543391726886,138.386472848745,88.6773586273193,148.241287231445,42.4395279145577,91.2382522583008,0,52.1521230909559,0,82.6284942626953,153.945083618164,57.8173521140526,0,0,0,0,0,165.351196289062,0,70.8631521526136,0,61.0885925135337,0,0,143.084976196289,125.605560302734,76.7003794583407,97.952018737793,0,0,108.030352274577,146.214426676432,156.398292541504,42.2168517043625,84.2682444485751,80.6880218291424,0,0,0,82.9158999125163,0,0,132.618583679199
130.985853534855,55.4484910333013,40.737565797416,55.778999596226,176.480839320592,205.980270385742,144.425897757212,134.663762800456,140.498511990297,122.521349549294,161.841489333141,36.704869118473,173.354980105445,37.9258979821555,137.849817256189,149.825277056013,109.948410433102,44.0978401554191,29.0535107216777,34.1732680321644,175.583212958442,107.886832116986,90.6958018030439,76.2671686286982,134.352224827889,43.9626331569768,19.4555574880768,42.098687734471,131.432037170994,118.829912053825,115.380388642466,25.6311926170353,108.692803064982,123.53937239874,68.5755341595347,184.235101318359,115.539306259155,110.960205967156,93.4570908855191,0,0,0,194.450674777561,215.298435884363,195.009471893311,186.269062042236,123.432762931375,0,109.062515344513,210.314176222857,235.379898071289,150.188294296965,114.133689839897,106.451864480972,109.218669805954,0,152.123344802856,139.776269663935,135.459853944324,176.319882792811,86.697974575553,101.529182899471,102.560872527025,200.127066902492,186.604455130441,173.166323661804,113.020129995457,162.287567138672,188.694869995117,125.158439545942
135.666459371877,32.2071331478586,34.9128330831851,39.8297075398268,137.599093914032,172.964384460449,158.291818867559,113.074596780997,142.901065308043,106.45351024979,139.461201700671,64.8474147510434,162.08181961723,34.829516149513,143.116534925276,131.658344025308,41.0395281863393,65.0778787098352,61.7856170042062,66.17315079229,182.461062961155,85.8563904941946,31.3549497100531,43.2821395900057,98.4728020494357,27.2543391726886,42.098687734471,17.5138269058744,96.2100089936924,129.954855911889,113.671283370014,32.6538071625247,124.695638929095,126.194629066869,72.6431131635682,178.651719249379,103.440816993144,100.628032905139,75.9486862342263,203.705181884766,0,180.191383361816,172.810372611804,188.169736544291,173.456563472748,184.584400634766,129.528429746628,183.941932678223,113.625495026888,189.924897338867,0,109.058447379458,112.753782647784,114.723751112994,113.744086355533,204.317301432292,136.056156005859,75.4394866982958,107.492244282949,154.323043805981,84.713305458878,103.001401745242,100.486943166574,173.201533047658,189.001036189153,158.828923637484,119.330615350377,189.611907958984,174.826787312826,121.272202243544
85.7567144820105,111.359708601429,99.9471476029377,61.1609036029736,17.278348925434,116.487079196506,65.028554780257,33.9361946297162,78.6104432952431,57.0717267121842,39.1543917148141,160.951494713352,48.1545056182445,167.006177116843,93.7758594110264,79.2363036541229,47.3429253601206,119.213534269132,159.841069030762,148.811690576298,27.7645103675574,40.0791890269608,67.4078499616142,64.2470174892471,32.1430809042642,138.386472848745,131.432037170994,96.2100089936924,14.6225024465462,92.8337397770437,42.6982432546139,174.650143941243,140.338952354763,73.6220660910366,79.8000558030829,138.736419476961,177.796188354492,170.336213405316,86.1511544134214,139.869258216824,208.060592651367,168.167768038236,131.598170977961,162.048836384345,107.261156441509,160.978930841753,214.478637695312,154.124060008837,0,161.23405191268,157.164770126343,122.311205579841,182.681128740311,219.642913818359,199.757797241211,159.12406701308,133.244760612464,97.3239896809397,153.012981957968,115.19401406595,198.710327148438,191.984109201739,174.138583892672,133.483706546381,155.065463660229,128.048451726471,0,0,129.38523019475,154.634072440011
22.203547547391,125.747808456421,128.06811325693,80.8189425405537,107.500571967312,22.63263779698,49.8902326953381,72.4852932316148,44.5960636598996,80.9887950117417,99.7254720093895,63.4779928695924,105.173098180106,77.7845497131348,29.5941206228135,53.8839937066132,108.241164737278,110.462872881957,91.0620163188261,97.332307349311,105.923777809978,72.2083092642248,98.2369749607184,92.7626098398558,90.0755854271228,88.6773586273193,118.829912053825,129.954855911889,92.8337397770437,12.5962529227747,35.7410247963203,96.6620161533356,14.1929817723993,19.4801321185669,37.4397825357812,162.717417548685,0,174.455402832031,98.7482182094029,160.389298659105,0,149.976516723633,150.530481419419,183.611550764604,124.503157043457,187.766436541522,0,150.415321350098,0,176.886467867119,0,133.752409362793,191.430096435547,0,198.628662109375,164.227727254232,150.215455568754,117.9944570441,168.803198794101,140.920900308344,0,198.067122239333,181.949130729393,145.424145520345,166.462810328749,140.258720397949,0,210.899002075195,140.431546347482,159.487619353504
36.067884848341,103.167953491211,91.954982960343,56.5456813403538,148.033504486084,121.387031555176,114.016097831726,28.2919614112007,82.2710806560047,58.0016964614249,117.256743443266,132.753243021446,156.591760953267,157.176843431261,66.4707622869451,97.6148376464844,83.1036668790804,87.2554224018667,134.439215596517,105.457519051255,147.147521571109,32.7830079769099,61.6756135559082,64.2741698617309,75.2655656483759,148.241287231445,115.380388642466,113.671283370014,42.6982432546139,35.7410247963203,12.2147860003231,146.353285217285,128.468387385777,48.5348762529957,45.5714464255911,137.323768736824,157.611190795898,161.024226469152,75.3430132578655,161.255535888672,0,181.402934483119,127.791304710584,158.04069934082,90.6399369075381,156.103777257408,220.28092956543,213.218868255615,210.156616210938,162.441791022002,113.341873168945,113.440044924339,168.398431777954,0,197.870666503906,197.510070800781,125.760812196277,86.8231328188718,144.12140013229,117.312787993452,0,173.150208336966,164.128510086625,123.707606673313,145.729892208702,123.989081125411,0,206.532115936279,125.445933955731,140.212447453471
173.690223693848,71.7598336356027,95.8629486083984,75.0525847254573,0,107.205123901367,167.721393585205,179.204755147298,123.005487714495,133.980802996405,180.59383392334,36.6458244322362,173.3779296875,22.9705666850046,121.507824601798,154.12077331543,128.723773411342,83.1195225282149,48.8595605078544,56.211758100654,172.656723022461,153.786514282227,105.53673977322,119.961441040039,146.309738746056,42.4395279145577,25.6311926170353,32.6538071625247,174.650143941243,96.6620161533356,146.353285217285,7.15506158812112,100.694190577457,0,78.480215604188,0,122.443258013044,169.369827270508,69.9362049738566,219.571746826172,0,0,0,0,195.962326049805,0,99.1751669989692,0,95.2882732815213,217.016845703125,0,185.062855311802,160.039572143555,101.862825196365,98.0039909492105,0,0,160.358959197998,165.832489013672,193.654708862305,76.5434311628342,101.884660080244,106.034051235933,0,0,202.294036865234,105.304577998343,0,0,139.658280690511
98.9176649205825,132.257347106934,170.25208421187,126.133118629456,139.223850886027,10.8844541863334,21.0846153352101,128.951869032118,25.6489321235955,132.026413726807,129.162415453852,68.7934957573884,113.558957369273,80.9751469748361,18.0678076868921,35.566706284976,0,121.161525075029,96.2506517480921,95.5839562945896,130.970894949777,155.711015701294,157.047231038411,155.63902208882,127.779485945268,91.2382522583008,108.692803064982,124.695638929095,140.338952354763,14.1929817723993,128.468387385777,100.694190577457,5.42028940374324,109.923662821452,39.249494227413,0,0,0,200.422943115234,189.891826629639,0,0,200.158882141113,0,137.91291809082,222.201965332031,0,115.05256652832,0,224.745262145996,0,0,0,0,0,0,0,0,235.072692871094,197.775830950056,0,217.685317993164,247.512588500977,200.638250350952,0,224.685409545898,0,0,0,0
47.7316202836878,120.51033782959,127.542122734918,60.648058500866,91.2415437698364,125.789894104004,98.9427021129711,72.0284557384023,91.3623311810377,64.4696347896869,88.1638110813342,113.91089630127,124.156032562256,119.225639343262,56.8678160311201,112.693242754255,79.6428536309136,103.024144508469,118.381187438965,116.956979370117,105.635863167899,46.7440686309254,57.3934936523438,91.9262240453698,76.2452736092813,0,123.53937239874,126.194629066869,73.6220660910366,19.4801321185669,48.5348762529957,0,109.923662821452,8.86605044048622,16.597521949319,132.871438598633,0,175.741787719727,88.9505582867247,127.624532699585,0,135.146087646484,140.26790846155,176.941754659017,0,161.999969482422,0,0,0,154.891780506481,0,109.911958867853,194.559799194336,0,0,0,119.159996414185,82.8230446406773,147.419982216575,126.175628904312,0,191.156597137451,158.52668762207,131.161294854206,128.131215776716,124.927286188653,0,0,111.729221343994,154.863830566406
80.7767986650227,73.6787650066873,68.0125055771358,72.282268001483,104.051109538359,52.5324764847755,66.193051454756,86.5740736730171,75.6869829707235,100.534119786443,99.0036461548533,31.8002868729125,103.945326780236,42.7521003398699,67.2706578919351,45.2927626248064,84.1151839198328,48.3374088255602,64.218157538794,48.7579220347984,103.676775580958,49.5259014188916,71.3373409329039,52.0292724152714,94.9620598767767,52.1521230909559,68.5755341595347,72.6431131635682,79.8000558030829,37.4397825357812,45.5714464255911,78.480215604188,39.249494227413,16.597521949319,11.8357931748379,151.900457763672,77.6971530914307,122.621321579506,107.722010850906,152.77639465332,0,95.2533874511719,153.446260704184,194.532753577599,0,200.011967976888,165.063171386719,115.640886306763,148.3098487854,169.667684381658,0,121.80448476006,132.79891233091,123.576927185059,150.420036315918,190.66145324707,126.350001220703,91.7034671783447,132.232106630494,146.221253084849,0,131.297929881948,123.982325040377,151.246570266296,196.358764648438,143.308821439743,163.062576293945,0,195.245211283366,146.36238861084
147.015472412109,0,177.491015625,84.2289533615112,195.437225341797,0,0,146.15761164615,170.562821706136,111.2306543986,198.617426554362,0,0,232.927536010742,173.191354115804,0,139.155853965066,185.84221496582,0,0,0,133.152951290733,94.352848815918,164.895303344727,136.825978727422,0,184.235101318359,178.651719249379,138.736419476961,162.717417548685,137.323768736824,0,0,132.871438598633,151.900457763672,10.0891274419005,103.681760152181,102.8453478487,66.6398601379395,92.6130364865673,0,108.999046325684,37.3620971174194,70.5911170352589,70.0970088496353,66.8390712221607,127.526308530337,101.011991773333,135.33095703125,23.8405960575488,109.118916829427,74.2906358083089,97.4699342161745,140.166895294189,115.956736255336,97.8334884643555,69.8827598186454,67.04113321206,87.7308432700417,73.8261675250146,0,112.639246413436,127.176830132802,77.6162534847086,13.7665693030983,31.0888122073246,153.681848144531,141.164257049561,39.6764861935767,79.6030759702499
0,67.0603394508362,87.9806320602829,80.2643761634827,0,0,0,0,0,169.733184814453,0,113.661106109619,0,102.115761585725,0,0,0,105.366191864014,0,118.129096984863,0,141.604705810547,0,120.182862854004,139.424966430664,82.6284942626953,115.539306259155,103.440816993144,177.796188354492,0,157.611190795898,122.443258013044,0,0,77.6971530914307,103.681760152181,7.70006634209119,41.9224965885214,28.8284018835993,91.3773567893288,142.422882080078,138.321838378906,110.114588928223,123.055978139242,69.8918436794995,126.57937113444,68.3018050271957,136.225378417969,59.3992243456694,141.609172821045,109.402915465526,72.8181254738256,55.8798739711444,95.1663475036621,67.8236378400754,0,97.8075648716518,24.1767192109935,71.289712728456,79.4605044651377,19.7818215606729,47.2701776937871,33.2936991058314,117.841144908558,141.438198969914,110.849967058967,74.0584881709172,98.0768928527832,157.137409210205,69.7650081341083
161.096150716146,71.0151028633118,100.810889750638,108.053383438675,0,0,208.356948852539,180.738678271954,194.161433066091,178.434476579939,196.667600631714,162.686080932617,0,138.136962890625,190.509291704963,218.572257995605,131.747744781802,110.036590184921,145.266942977905,134.934486230214,0,150.198527526855,122.995571225188,112.229803108547,168.785836585482,153.945083618164,110.960205967156,100.628032905139,170.336213405316,174.455402832031,161.024226469152,169.369827270508,0,175.741787719727,122.621321579506,102.8453478487,41.9224965885214,16.4030949835385,48.1589207530615,171.26150004069,184.065078735352,148.920461776409,92.479270374664,119.340197711238,114.295071919759,113.706688675226,111.52780460667,200.160235595703,140.480018615723,114.10535425318,144.132591247559,89.3073033669012,43.445398797059,101.524867248535,79.7736202613595,210.441833496094,66.1639226907637,57.086761299221,29.6167714067865,116.525934718205,98.7611923217773,33.026436302532,34.7162091580901,83.6279261660821,135.440901162194,95.6292652682723,112.049685668945,184.132881164551,117.357006297392,70.4408471151115
90.0860252380371,46.2981760406494,71.4081959595551,12.8266921749821,92.617332311777,134.948348999023,104.435316562653,100.14832287743,102.032320658366,22.9504220683966,113.523151299892,99.4163162231445,114.28708114624,46.3344343105952,105.504732475906,46.3147668838501,57.5037353382775,101.625123620033,65.9395370483398,154.159329732259,84.8224398295085,71.3724227194059,11.2159045641721,82.2496200963071,64.3773313348051,57.8173521140526,93.4570908855191,75.9486862342263,86.1511544134214,98.7482182094029,75.3430132578655,69.9362049738566,200.422943115234,88.9505582867247,107.722010850906,66.6398601379395,28.8284018835993,48.1589207530615,24.9732198467794,54.6969907615758,98.1948877970378,104.109986255043,59.3824051330106,89.0130421177403,20.6498108247892,93.3462597298223,72.1344784600394,48.8405911104523,34.3520514831226,87.5328673285407,44.3410503145248,39.1461929644376,63.3117900424533,48.597485037411,72.4864925432809,82.3730971687718,64.8451808085993,32.4769760504977,66.2287715818824,36.9205882529349,13.8487246866459,50.4771741891836,38.2549967703663,58.2526774576823,83.6301255340576,60.0219862653323,63.0172437203897,112.208749983046,58.0135375665863,71.9119161471292
