12.4395014072005,129.292142232259,99.6350956618331,72.9992244069169,81.3924151829311,90.2428970336914,80.20412950258,32.2624966102762,18.7448235521219,70.7561791737874,48.5216781678407,147.270164489746,98.8677549362183,0,13.6661885408105,95.9627021789551,129.811912536621,104.800231864549,0,118.604999889027,99.9454157902644,75.2531048448259,60.4645195007324,85.4421936816761,78.6660754289577,0,124.061683046645,119.166683560326,74.3057391560493,16.296942447892,35.3133073312356,167.019927978516,93.2999390822191,58.1843844652176,79.8754287912876,145.383708408901,0,174.021697998047,98.5660514831543,72.2063751220703,0,0,144.466185251872,161.528564453125,0,176.808013916016,0,176.388732910156,0,184.519838968913,0,145.373568534851,185.279861450195,0,0,0,137.55069732666,0,162.943938622108,128.166249275208,0,189.740515136719,166.882529122489,141.698349281594,165.66189066569,143.403024037679,0,0,137.528643290202,148.209930419922
129.292142232259,6.44213020716647,43.2214633768255,15.6248179694855,90.3797000837915,137.775231497628,143.767532348633,126.195348612467,114.717205047607,73.8229930553596,139.523121303982,68.2826236883799,90.0893798828125,51.2802430716145,129.655963897705,101.211065673828,61.6116107407437,55.7670105075048,85.4593445914132,69.4355030059814,91.8204441070557,103.830711364746,33.4788072999438,63.312247886314,79.4091652339786,22.7185735849345,52.2762290378787,28.5185848613915,100.34304544877,120.985519833035,100.87660315729,65.1067778121593,116.154808044434,102.610985495827,83.5378624024938,0,61.0723285675049,78.1184010292167,21.9327166210521,159.734069824219,0,173.359817504883,157.051820755005,182.889979044596,122.233917236328,168.014953613281,94.6118850708008,0,104.501016790217,186.936225891113,0,94.452158610026,92.3198056607633,126.20174407959,99.90566814647,0,152.993438720703,109.031261444092,110.924619250827,156.297424903283,106.014077186584,95.4788063685099,81.9830072958638,176.301715557392,195.302546183268,140.829750061035,124.493957519531,0,0,110.591251373291
99.6350956618331,43.2214633768255,16.1871724582721,48.485690290436,176.383296966553,0,148.641081147275,101.982930997883,123.305064746312,107.822381210327,123.126178216497,107.738054593404,164.910957336426,180.683788299561,117.039014374147,140.075976978649,86.223731210787,42.6324628779683,115.663511912028,76.4524690494981,165.687515258789,73.1027955458157,60.9613736232865,32.3094385583849,112.237279031791,123.78228187561,34.4777834538243,33.5532011939806,95.2760006510137,115.054897499821,85.0045288179472,97.0583168029785,178.332376480103,120.229318506577,61.2293737922726,158.226651191711,108.14469677469,102.784205975066,89.7123121964304,0,0,189.306976318359,166.136418215434,189.677573888442,175.712460327148,177.557661576705,167.884971618652,0,168.742523193359,184.538065253364,0,107.373761168314,113.117400889196,153.497922079904,129.069719350563,197.019897460938,140.426664515904,111.554537014085,111.836834740256,156.472742533512,139.038806915283,113.783152375131,101.263467706365,174.02937431673,188.447754398469,154.234924062093,158.686695861816,0,179.416137695312,124.09803484071
72.9992244069169,15.6248179694855,48.485690290436,38.7393640872247,46.3187303143347,86.8440551757812,107.389767456055,75.4210392917905,95.175286008166,21.8578488323334,88.4936309682912,91.3811632912114,67.0399924968851,59.6594148128295,90.8835944001898,60.9909193576911,42.1781623444945,65.8197786020678,76.3987894058228,69.8230099868774,46.4998172262441,63.4816433156419,28.8504535324799,55.2578264060456,45.0742336698477,20.8048767659174,54.6124824617597,38.8042703145309,61.4908110791469,71.9772631878454,59.627177842367,59.0028752962748,122.681695556641,62.8518059771994,67.4201548336116,86.3134483223531,98.8128907339914,77.7166761615186,24.3116414257974,86.6221313476562,0,109.614028082954,82.237887759325,116.543273476993,22.2704508837901,124.512637760328,124.764767456055,98.7201461791992,110.145285656578,106.355669021606,117.664710998535,51.1426050966729,94.8873724503951,122.641309102376,93.2763680102778,146.945014953613,94.6031739440145,12.939848709905,65.5589370042106,68.2974573500613,69.6593507130941,87.6609793908582,62.2888908567022,84.3089599439455,94.7299235766051,86.4240823254807,145.53016444615,137.112503051758,80.224795121413,97.2516662196109
81.3924151829311,90.3797000837915,176.383296966553,46.3187303143347,10.0019058108764,96.9681720733643,45.011605351271,60.2333824603589,76.8004036018814,39.2669475636265,28.8018675721094,148.6501953125,24.6387012842795,149.207941691081,95.6844546491115,68.1010056726681,119.95386505127,159.024467468262,201.775268554688,0,12.551149011386,0,58.9388179779053,136.836462656657,14.2507702118695,123.544770090204,159.874015808105,114.550082881276,17.105213117931,90.2963880624613,87.1770371331109,0,138.607231140137,81.4799661498139,89.5238893826803,129.503812789917,153.839935302734,0,84.9783847115257,38.3268610705991,0,156.462601661682,133.912768913038,155.975824192592,98.5570015024256,133.119450948177,0,62.1175218057097,0,181.582952059232,110.740026994185,151.692459106445,0,0,205.204711914062,40.4238802305857,153.768295288086,0,220.425411224365,106.207353891033,0,0,0,133.319289931595,177.9270697201,113.44457244873,0,216.27815246582,153.268478393555,167.258665466309
90.2428970336914,137.775231497628,0,86.8440551757812,96.9681720733643,7.44497054986412,13.1291291062021,124.279664230347,22.8834126153922,57.8146936132553,112.612107220818,61.7416689872742,78.8642776373661,106.506942749023,35.6039575948272,16.5737328602128,0,81.109733581543,92.4630966186523,89.5214080810547,99.6638507843018,132.016361236572,116.082344055176,140.094740731376,81.4699467122555,132.008061726888,92.8334312438965,170.633178710938,121.07726785411,26.932776613669,149.154525756836,0,14.0467266242845,85.3691291809082,37.2596201896667,0,0,0,0,0,0,0,182.258346557617,0,0,0,0,0,0,0,0,0,0,0,0,0,0,0,242.714752197266,180.306549072266,0,0,0,204.457046508789,0,0,0,0,0,0
80.20412950258,143.767532348633,148.641081147275,107.389767456055,45.011605351271,13.1291291062021,11.790502986982,64.8045929628003,23.1367645503639,63.3677079475532,35.7536239967542,86.4049624899159,26.220710671015,101.875698313994,42.3768127088438,18.9577554634924,0,154.015160531709,133.006910324097,142.074134063721,37.3762906361978,129.435057553378,108.538537979126,131.917422363281,77.1316655706476,109.472202301025,165.29811335545,170.212962397823,63.0328382876103,46.632833489727,105.678755272759,133.709583282471,25.8691096984278,90.1889347596602,69.206237407546,196.101745605469,0,0,116.336175537109,101.115622813885,0,160.570983886719,166.364184909397,193.370468139648,110.426860809326,181.290007818313,0,46.9500044427737,0,204.930508422852,127.521911621094,0,185.894622802734,0,0,160.315982818604,0,0,226.13306427002,144.62797648112,0,0,243.244232177734,171.022071338091,208.082361857096,225.446980794271,0,0,0,0
32.2624966102762,126.195348612467,101.982930997883,75.4210392917905,60.2333824603589,124.279664230347,64.8045929628003,11.5742442328608,56.265329893928,58.0611197211526,16.2874718828819,155.338006019592,88.7714854807094,170.328006744385,38.7402640804914,80.5847386227378,100.738171485163,127.022829324007,168.422943115234,152.289363861084,80.1341195649739,70.8180602581752,74.4735011589236,87.8790483471232,52.3558088037419,206.198921203613,130.057150316717,114.394439927794,30.0543599238056,58.8357817819584,21.8236750032456,164.549537658691,125.763322783679,66.7984316301482,82.0517537536621,155.184976724478,182.814534505208,174.980281066895,87.255240616975,143.093148102631,0,162.875319344657,135.82835447359,162.37212349712,100.023691350763,146.70210522677,223.428985595703,140.039782597468,0,169.329749659488,156.030502319336,153.267186931535,190.607952464711,0,212.109144210815,149.334394118365,169.480886332194,114.468362808228,164.118721440153,120.588413243831,161.638107299805,198.577464177058,178.234376030999,137.897392583297,170.755890072093,151.740800963508,0,0,135.810043334961,166.450342814128
18.7448235521219,114.717205047607,123.305064746312,95.175286008166,76.8004036018814,22.8834126153922,23.1367645503639,56.265329893928,12.4772130640093,87.36048731486,27.8280978562148,75.9737039767841,81.0544933800845,93.3338759740194,16.4773552961034,30.7422716715827,145.988230895996,136.983823547363,109.100406010946,130.622651613676,88.2392391984181,97.5226543077076,93.5271942138672,112.213491034811,82.2576883261609,105.411110772027,143.825869926403,140.211764002955,72.7583291671261,36.1624252173449,80.2745891785845,128.32359959529,27.09015859998,80.5190351639671,68.7606960970899,167.549676513672,0,191.792247953869,114.721994400024,154.339988894579,0,155.422475179036,159.601928456624,182.116596824244,99.6327796936035,163.816159820557,242.581405639648,117.318996722882,0,193.397139655219,177.031356811523,180.017805480957,216.48558807373,0,209.439010620117,159.59645170324,198.158055623372,0,192.501593780518,137.17213695007,0,215.314008076986,188.462427073512,157.589222400593,192.356414794922,179.350213792589,0,210.776931762695,177.179423014323,172.380620320638
70.7561791737874,73.8229930553596,107.822381210327,21.8578488323334,39.2669475636265,57.8146936132553,63.3677079475532,58.0611197211526,87.36048731486,8.41003807892605,68.5749749576344,140.271741771165,11.7976022305245,125.953142883957,90.7551038861275,25.8970834848758,58.0870096372521,120.193534851074,150.45263671875,153.920850372314,31.5511241551214,79.000638798305,31.5208290521915,95.6920586519463,24.7264551227911,103.9262410416,131.406098215204,112.538318836165,53.8954689590442,77.4932942610521,59.9818162589238,140.762010668145,90.2318285428561,66.3885097503662,101.451021544787,112.170421176487,187.311851501465,137.902786254883,47.1352261629972,105.953009128571,0,127.558414459229,101.740291963141,138.275227766771,70.3409662700835,114.595309373809,173.640670776367,85.6456305185954,168.900316026476,155.667579650879,106.225189208984,116.620808410645,156.736175537109,183.575012207031,0,100.378785875109,148.636947631836,207.782699584961,163.901936848958,84.8432292496717,152.005722045898,197.842310978816,191.476688808865,101.112385292224,121.495632518422,123.372740609305,186.39603969029,0,105.700584411621,125.999513244629
48.5216781678407,139.523121303982,123.126178216497,88.4936309682912,28.8018675721094,112.612107220818,35.7536239967542,16.2874718828819,27.8280978562148,68.5749749576344,12.4497149020486,140.258076867392,27.0781609580052,159.225534439087,53.7158247161931,69.4593510997014,135.393084208171,146.514943228828,172.634132385254,162.229994553786,21.3317847979973,100.605081787109,95.1075047084263,114.72085670549,59.3840755212031,155.453502655029,147.958081439259,135.784473101298,31.6560769256575,83.9695379755654,75.29514020344,161.813568115234,123.46692243673,76.7663655789945,86.8520949200267,175.298461914062,0,188.133201599121,102.276339480751,49.0769900187807,0,159.993717956543,154.182294362999,172.358508135821,111.711346501889,165.144895239721,0,121.814320760829,0,193.59055964152,127.400743337778,172.447540283203,205.519989013672,0,0,156.141792377673,0,175.019819259644,184.571156819661,127.779280879829,0,180.153549194336,203.08493746244,160.261911682326,190.241544596354,163.123724365234,0,0,173.871139526367,169.833122253418
147.270164489746,68.2826236883799,107.738054593404,91.3811632912114,148.6501953125,61.7416689872742,86.4049624899159,155.338006019592,75.9737039767841,140.271741771165,140.258076867392,13.4180127011464,144.073688213642,25.1316956170194,73.4005308367443,109.944943478233,118.07568359375,54.6346626264089,25.991580169069,36.1741245060888,149.546847694799,105.732798044305,106.445926212129,84.5321084894062,148.71826548516,36.2765074312423,34.858241008362,65.7396004393294,151.247199058533,53.9784693291964,114.45269110895,43.4474566727943,62.8459347791953,146.94891611735,32.0021124599402,0,116.499430338542,161.292560577393,119.998748779297,219.102188110352,0,0,0,169.197557449341,174.343908309937,0,84.2619524531894,0,81.3854668668644,211.868186950684,0,222.614166259766,161.768186569214,102.730368720161,134.164277118185,0,202.976531982422,156.782852172852,190.649387904576,203.50569152832,75.3701158670279,119.257478997259,124.607769621312,218.705571492513,0,0,103.941706480803,101.079544067383,0,135.313077290853
98.8677549362183,90.0893798828125,164.910957336426,67.0399924968851,24.6387012842795,78.8642776373661,26.220710671015,88.7714854807094,81.0544933800845,11.7976022305245,27.0781609580052,144.073688213642,10.9678070733046,151.181577410017,90.0422607581375,20.6008464539074,0,185.694821166992,162.014167785645,0,16.7511186919084,0,81.6279762813023,165.520979745047,23.1847931425466,125.007779121399,196.366134643555,128.649593353271,45.6293912629823,90.5568909849023,129.936825275421,158.889083862305,115.542184379663,83.5959865252177,92.3917129645913,0,0,0,82.0501518249512,38.0512136889331,0,57.1224688575381,145.11021677653,109.774950299944,77.2921875847711,94.1154442084463,167.456024169922,14.4628043814252,0,115.900899251302,67.6919521331787,168.456970214844,0,0,175.843612670898,19.503426673601,0,0,0,108.752614588965,0,0,0,130.475879245334,135.725021362305,202.665306091309,0,0,147.063186645508,154.064918518066
0,51.2802430716145,180.683788299561,59.6594148128295,149.207941691081,106.506942749023,101.875698313994,170.328006744385,93.3338759740194,125.953142883957,159.225534439087,25.1316956170194,151.181577410017,9.45852094746747,89.2827949523926,155.58208656311,124.760633468628,93.5075042853921,58.6588605337769,71.2964879945267,143.550518035889,138.271197509766,91.9067267230027,129.535139356341,132.928784820931,20.9196060219335,46.6979359564192,29.2877737054532,162.051739779386,66.7626181181914,156.464421590169,22.4053207907274,76.8521368431323,154.278656005859,51.5775590941952,0,102.492858886719,161.034088134766,105.934723487267,0,225.549163818359,0,202.480758666992,127.949395315988,166.400011646504,224.216766357422,72.6350476937814,192.675674438477,68.9643290589049,124.20587348938,199.830726623535,184.27458190918,135.6797803243,91.7614987918309,112.405801530318,0,244.08366394043,137.211729431152,127.776275634766,176.96741387783,64.2597188369088,103.581577932598,105.242370897601,217.084030151367,151.775934491839,186.491928100586,93.0834753064142,101.498989650181,0,89.8057912190755
13.6661885408105,129.655963897705,117.039014374147,90.8835944001898,95.6844546491115,35.6039575948272,42.3768127088438,38.7402640804914,16.4773552961034,90.7551038861275,53.7158247161931,73.4005308367443,90.0422607581375,89.2827949523926,9.07788524960204,38.8035063720217,143.755905844949,124.804546883436,103.70207118988,122.205602778945,93.5647434630543,90.4213178927755,87.508831948945,103.896436373489,89.2960744757993,90.0867176055908,138.899465968044,138.629807312782,82.3956820294033,19.0657110717023,59.0376203782479,138.439493815104,20.997097614768,43.0658768165704,63.4760322145172,165.866737365723,0,183.279229996052,116.113325852614,145.659375508626,0,161.883453369141,155.62712492165,182.22561313795,133.00688680013,175.767438448392,0,116.204154459635,0,184.680974160471,152.57487487793,174.597489674886,202.296667480469,240.381103515625,232.801483154297,183.817174275716,168.512066432408,136.280881245931,185.536827674279,148.543320575547,0,213.627369273793,181.265186548233,160.922512537527,187.614091530824,165.677493967909,189.249603271484,0,163.701468331473,171.899503072103
95.9627021789551,101.211065673828,140.075976978649,60.9909193576911,68.1010056726681,16.5737328602128,18.9577554634924,80.5847386227378,30.7422716715827,25.8970834848758,69.4593510997014,109.944943478233,20.6008464539074,155.58208656311,38.8035063720217,8.66308846496163,0,144.983486175537,0,120.07829284668,57.746238698562,154.218444824219,78.0965109432445,145.973986053467,49.9612980313075,128.246399910219,162.154403686523,139.715735084132,81.6595112800598,35.8002018737793,93.6949414571126,166.729484558105,37.1762116989999,91.7772750854492,42.5275134222848,0,0,0,0,158.063201904297,0,211.514770507812,157.286640167236,173.543022155762,0,170.432474772135,0,102.167096710205,223.31787109375,180.189163208008,0,0,0,0,0,0,179.137344360352,0,197.177536010742,157.915924072266,0,0,201.958457946777,141.284297943115,0,0,0,0,0,0
129.811912536621,61.6116107407437,86.223731210787,42.1781623444945,119.95386505127,0,0,100.738171485163,145.988230895996,58.0870096372521,135.393084208171,118.07568359375,0,124.760633468628,143.755905844949,0,13.5631527068943,106.295223116875,0,117.466006469727,0,23.5923660710387,28.8013927004466,22.0985735850187,35.0989553926343,98.9332389831543,112.178198087013,35.3222695143487,49.4893373761858,117.514491187202,79.4016615768959,134.850662231445,0,80.7862903050014,84.2171738677555,166.433756510417,0,133.571199777964,74.7175484551324,0,158.245712280273,201.858881632487,142.15584414613,179.07599405142,105.965970357259,176.60888671875,228.197311401367,0,0,155.707384109497,0,101.630413713927,157.638973054432,0,184.91938273112,0,118.146475322045,65.889917355492,111.831089340062,124.335873561623,0,168.120867241753,125.866093189041,127.844250119029,139.909708862305,125.879727041121,0,0,122.936466563832,131.35043548584
104.800231864549,55.7670105075048,42.6324628779683,65.8197786020678,159.024467468262,81.109733581543,154.015160531709,127.022829324007,136.983823547363,120.193534851074,146.514943228828,54.6346626264089,185.694821166992,93.5075042853921,124.804546883436,144.983486175537,106.295223116875,11.3385510629278,60.0993675206245,21.078460808192,199.006912231445,66.0292620173471,85.4248583594034,31.5372651104456,130.690562717806,75.0389720692354,31.6441458924529,64.9833501225829,114.81060403936,98.0487423171692,78.5347984418291,80.1943916002909,128.412177085876,116.496043920517,42.388483174397,205.843557357788,126.695063664363,110.77864891207,74.1940497694344,0,0,0,187.176415761312,212.153047180176,159.945495605469,237.538772583008,147.154095967611,0,145.510655329778,206.416880289714,0,147.509168210237,115.872753413473,138.739091873169,117.881984335477,0,157.355060577393,149.57447385788,136.603791211102,180.435177612305,130.525974273682,111.219279727247,110.565471974067,180.272649492536,203.276631673177,178.895972442627,148.943388197157,0,190.992090861003,120.801449479728
0,85.4593445914132,115.663511912028,76.3987894058228,201.775268554688,92.4630966186523,133.006910324097,168.422943115234,109.100406010946,150.45263671875,172.634132385254,25.991580169069,162.014167785645,58.6588605337769,103.70207118988,0,0,60.0993675206245,7.47728467317268,18.6642322068159,0,113.77762187611,109.000330607096,89.8602979024251,161.513687133789,46.7480052215884,21.4708036548533,68.6418418731077,159.346431732178,83.0821483702887,119.671764373779,51.5292395372442,94.1308400080754,0,64.5778420132125,0,142.183197021484,164.836853027344,0,0,0,0,0,0,0,0,107.527410170611,0,95.7243136451358,233.437301635742,0,0,154.992413330078,108.66431828549,120.008372836643,0,0,163.029968261719,173.34944152832,212.521499633789,0,111.536252646611,116.093231537763,0,0,0,110.670556848699,0,239.099884033203,172.514785766602
118.604999889027,69.4355030059814,76.4524690494981,69.8230099868774,0,89.5214080810547,142.074134063721,152.289363861084,130.622651613676,153.920850372314,162.229994553786,36.1741245060888,0,71.2964879945267,122.205602778945,120.07829284668,117.466006469727,21.078460808192,18.6642322068159,10.9640986508489,173.644134521484,94.0405673662821,122.772632305439,59.2862764877372,160.317862243652,58.434805463572,26.3024950376665,65.3698037554816,132.144745873623,85.0856900690347,98.533090379503,59.1647865453344,88.222037765215,125.432268778483,46.7678487153901,215.70344543457,139.801071166992,137.328907082298,98.0410853491889,0,0,0,181.568481445312,198.91633605957,171.30126953125,0,122.772045288086,0,115.706236446605,217.357040405273,0,180.875919688832,129.804315340721,113.900044621648,116.504698971668,0,190.124225616455,160.731526184082,157.670661417643,173.191207885742,106.445338567098,113.400775970753,114.065199060695,202.812950134277,221.520858764648,189.316665649414,120.763238599223,0,0,140.296797943115
99.9454157902644,91.8204441070557,165.687515258789,46.4998172262441,12.551149011386,99.6638507843018,37.3762906361978,80.1341195649739,88.2392391984181,31.5511241551214,21.3317847979973,149.546847694799,16.7511186919084,143.550518035889,93.5647434630543,57.746238698562,0,199.006912231445,0,173.644134521484,10.9522420689087,169.795257568359,68.0190472920736,177.265311104911,19.837313677045,117.700787014431,170.56846110026,128.68953704834,26.9663171565408,91.5750474438225,112.562599182129,0,129.832010323661,89.7192565654886,89.3140733083089,213.857574462891,0,0,104.165232340495,29.4996804183549,0,175.372316632952,149.221225136205,173.629898071289,106.011437988281,161.780548748217,0,38.3440541140552,0,180.802393595378,88.4597574869792,171.708694458008,0,0,0,104.557646294435,0,0,175.882736206055,120.847103884431,0,0,195.696403503418,157.738786474451,183.381072998047,223.063735961914,0,0,130.620178222656,135.318115234375
75.2531048448259,103.830711364746,73.1027955458157,63.4816433156419,0,132.016361236572,129.435057553378,70.8180602581752,97.5226543077076,79.000638798305,100.605081787109,105.732798044305,0,138.271197509766,90.4213178927755,154.218444824219,23.5923660710387,66.0292620173471,113.77762187611,94.0405673662821,169.795257568359,12.7666856119573,55.8541221321558,27.9286136976869,77.3354642504171,142.685279846191,107.77520305232,82.5131262559157,34.8794687551546,47.6846603138766,27.6497337419787,133.405848185221,146.7770047869,64.5750320760449,42.0283617525498,144.279819569689,178.352966308594,156.655295780727,75.1966126468203,161.99397277832,0,168.322812761579,137.277442582157,166.368000139509,113.71303805183,156.781624427209,0,0,214.709838867188,157.895007740368,180.66569519043,117.023722517672,167.435242244175,222.77477645874,193.826324462891,0,125.384376537616,81.8333400796961,135.648987868226,125.450455039874,0,185.314190026486,158.062260239213,127.183179404643,144.295141378263,125.627147013081,0,0,128.122182312012,137.871896253313
60.4645195007324,33.4788072999438,60.9613736232865,28.8504535324799,58.9388179779053,116.082344055176,108.538537979126,74.4735011589236,93.5271942138672,31.5208290521915,95.1075047084263,106.445926212129,81.6279762813023,91.9067267230027,87.508831948945,78.0965109432445,28.8013927004466,85.4248583594034,109.000330607096,122.772632305439,68.0190472920736,55.8541221321558,9.94389699870173,57.2727136313066,32.942572788095,71.7106672763825,89.6394011918889,32.2530912051264,59.6067040281476,54.5446336856787,50.7541873224003,107.098900900947,141.087524414062,52.4843420805755,82.2761046310951,103.22004699707,134.763687133789,120.012461061831,48.0245238675012,152.96662902832,0,157.357894897461,114.837719497681,153.211019992828,76.1425081888835,159.160245895386,160.742980957031,0,134.556650797526,121.943943370472,0,68.6537653548377,130.053154685281,182.668319702148,140.481971740723,0,84.0764020284017,40.505708174272,95.8130709931657,95.0523205472712,113.368103027344,141.326576450893,124.565605753944,92.9322605545903,116.342701196671,85.557653427124,194.353958129883,0,97.8930244445801,98.0233761180531
85.4421936816761,63.312247886314,32.3094385583849,55.2578264060456,136.836462656657,140.094740731376,131.917422363281,87.8790483471232,112.213491034811,95.6920586519463,114.72085670549,84.5321084894062,165.520979745047,129.535139356341,103.896436373489,145.973986053467,22.0985735850187,31.5372651104456,89.8602979024251,59.2862764877372,177.265311104911,27.9286136976869,57.2727136313066,17.927184774105,77.2227050160157,106.416656494141,73.3291355528165,44.3486238012307,65.5127322463217,60.3804996547574,58.0311602953337,110.269788680538,158.714455795288,88.4022295984729,47.2861054785517,163.609966864953,125.099114851518,114.921948388778,107.396749327454,0,0,194.456909179688,167.321367492676,185.128653104188,154.459608289931,185.26766204834,173.351413726807,199.913131713867,182.103509521484,181.393133348034,0,108.984782113814,133.140874529899,189.313400268555,152.845383864183,193.977485656738,129.843731853248,93.4423464889046,117.543615369913,150.111312992945,208.186828613281,139.211299116893,112.273662507279,150.246259557487,168.267830588601,143.445634100635,191.850250244141,0,158.629105461968,138.634729919434
78.6660754289577,79.4091652339786,112.237279031791,45.0742336698477,14.2507702118695,81.4699467122555,77.1316655706476,52.3558088037419,82.2576883261609,24.7264551227911,59.3840755212031,148.71826548516,23.1847931425466,132.928784820931,89.2960744757993,49.9612980313075,35.0989553926343,130.690562717806,161.513687133789,160.317862243652,19.837313677045,77.3354642504171,32.942572788095,77.2227050160157,12.847449300122,109.488440899302,130.464027382011,91.1313499761103,25.939034110435,79.6109606686636,71.9531648471009,145.306827079959,129.388096364339,72.2561940967527,85.2145625969762,135.118071724387,233.833801269531,169.481322812362,68.7912650012697,128.762336133796,0,143.287632502563,122.289156123137,150.055290693742,82.2380555152893,135.306722152874,203.804472181532,118.69775604248,205.757064819336,157.751831154811,121.711950090196,123.121886624635,182.45044483858,221.382135009766,194.44817437066,128.994421221175,136.558496856689,94.1043724115344,148.806980325935,105.633944840765,183.085906982422,189.86976586767,172.529507428231,124.529537358678,148.960935042208,131.89360287315,186.708740234375,199.899607340495,133.273900430034,144.559964189626
0,22.7185735849345,123.78228187561,20.8048767659174,123.544770090204,132.008061726888,109.472202301025,206.198921203613,105.411110772027,103.9262410416,155.453502655029,36.2765074312423,125.007779121399,20.9196060219335,90.0867176055908,128.246399910219,98.9332389831543,75.0389720692354,46.7480052215884,58.434805463572,117.700787014431,142.685279846191,71.7106672763825,106.416656494141,109.488440899302,8.35101973783188,45.5876809071792,28.4305636507816,144.063018798828,77.9486074175153,153.03714466095,44.4634606242885,78.9722994024103,156.605880737305,52.9008569995176,0,113.651864624023,152.172912597656,89.3761028562273,0,0,0,241.053421020508,0,166.368426513672,212.43342590332,75.3657803451806,0,69.1816112723532,0,0,166.637237548828,116.429088592529,92.1257538604736,106.160630446214,0,194.394454956055,129.081283569336,0,172.178009033203,46.7329411139855,95.5131821585174,94.8185676497382,197.95176188151,188.810745239258,0,91.2072204667695,100.203659057617,0,99.0289352416992
124.061683046645,52.2762290378787,34.4777834538243,54.6124824617597,159.874015808105,92.8334312438965,165.29811335545,130.057150316717,143.825869926403,131.406098215204,147.958081439259,34.858241008362,196.366134643555,46.6979359564192,138.899465968044,162.154403686523,112.178198087013,31.6441458924529,21.4708036548533,26.3024950376665,170.56846110026,107.77520305232,89.6394011918889,73.3291355528165,130.464027382011,45.5876809071792,16.1369864930132,40.3050984562423,127.5621588456,111.134924836381,110.263124286755,24.5682762886048,122.153075347076,130.557770672966,66.0618165191957,184.591371424058,114.790215838086,108.883109802959,80.4321278357223,220.674377441406,0,237.654525756836,191.57639280955,216.217841700504,182.317028808594,204.563837687174,110.72071080008,219.806900024414,99.9311142802239,206.599401525549,0,146.368761269443,111.816233013133,109.195000729318,109.936781525491,0,155.46199071975,148.033301643703,136.624107216889,184.348221628289,98.6172972054317,103.047389693667,103.424915757265,196.505289077759,197.892564174107,179.447773072778,114.377550295819,0,175.040313720703,123.739136576653
119.166683560326,28.5185848613915,33.5532011939806,38.8042703145309,114.550082881276,170.633178710938,170.212962397823,114.394439927794,140.211764002955,112.538318836165,135.784473101298,65.7396004393294,128.649593353271,29.2877737054532,138.629807312782,139.715735084132,35.3222695143487,64.9833501225829,68.6418418731077,65.3698037554816,128.68953704834,82.5131262559157,32.2530912051264,44.3486238012307,91.1313499761103,28.4305636507816,40.3050984562423,16.1186221703122,91.8622620325392,120.30768551365,110.876234074813,26.4123919425532,105.639812893338,138.887394205729,68.8276481945944,182.112902433976,109.444617188093,103.5840847775,63.7677122419807,0,0,194.173589706421,174.13693788867,187.610178022242,186.044960825067,203.080972290039,119.020262153403,186.029792785645,106.017797249548,188.793073353015,0,105.803065054152,112.513529497034,114.184755159667,112.25830417563,0,148.291097429064,113.246117579142,109.353371959501,164.121372165102,95.8488765873321,105.033347260371,101.575452555744,170.10806639894,191.459029796512,171.75582420826,117.944532517024,172.949325561523,176.420846121652,122.992878740484
74.3057391560493,100.34304544877,95.2760006510137,61.4908110791469,17.105213117931,121.07726785411,63.0328382876103,30.0543599238056,72.7583291671261,53.8954689590442,31.6560769256575,151.247199058533,45.6293912629823,162.051739779386,82.3956820294033,81.6595112800598,49.4893373761858,114.81060403936,159.346431732178,132.144745873623,26.9663171565408,34.8794687551546,59.6067040281476,65.5127322463217,25.939034110435,144.063018798828,127.5621588456,91.8622620325392,12.8692679000002,80.0910454946991,39.7754326035988,159.053507486979,135.645549926758,72.3425049324449,75.554241508636,136.810766809637,180.562784194946,173.386107491975,92.7928885921355,109.812819845683,155.008743286133,164.223485143561,130.856831658092,161.593054785086,106.856783242873,155.527555623304,223.652652740479,139.548337697983,0,160.232535892063,137.893726772732,127.778870372171,181.197714712106,225.52481842041,194.845160851112,154.086780811178,137.145141355453,102.943799096185,156.159666449855,118.448170321936,186.044548034668,199.844096406977,171.964991329638,133.864592337735,150.783541266123,132.036963295853,232.879013061523,185.611521402995,135.508422437564,149.698066148182
16.296942447892,120.985519833035,115.054897499821,71.9772631878454,90.2963880624613,26.932776613669,46.632833489727,58.8357817819584,36.1624252173449,77.4932942610521,83.9695379755654,53.9784693291964,90.5568909849023,66.7626181181914,19.0657110717023,35.8002018737793,117.514491187202,98.0487423171692,83.0821483702887,85.0856900690347,91.5750474438225,47.6846603138766,54.5446336856787,60.3804996547574,79.6109606686636,77.9486074175153,111.134924836381,120.30768551365,80.0910454946991,10.7561600334453,28.8844288403431,95.575898019891,14.3992689251281,16.5470208323525,38.4260981747985,153.304612379808,0,177.284330822173,117.080740760354,146.702164499383,0,164.496137830946,143.351754883707,167.451435586681,93.1606079101562,168.617845033344,0,130.921957397461,214.614524841309,163.185042089346,0,143.556202281605,180.232100895473,142.361175537109,193.46053314209,189.1517578125,148.750732727051,90.5831408500671,170.873765786489,135.64808061817,0,187.361481348673,170.458025932312,141.676143444404,162.047664449673,137.185505326972,202.522155761719,0,137.292247571443,164.343534197126
35.3133073312356,100.87660315729,85.0045288179472,59.627177842367,87.1770371331109,149.154525756836,105.678755272759,21.8236750032456,80.2745891785845,59.9818162589238,75.29514020344,114.45269110895,129.936825275421,156.464421590169,59.0376203782479,93.6949414571126,79.4016615768959,78.5347984418291,119.671764373779,98.533090379503,112.562599182129,27.6497337419787,50.7541873224003,58.0311602953337,71.9531648471009,153.03714466095,110.263124286755,110.876234074813,39.7754326035988,28.8844288403431,10.9795754743711,134.928403218587,129.551541204038,50.4170847694881,42.1478879785242,134.308746158375,0,160.079326253542,78.8559041516534,149.326638031006,0,167.902509249174,130.416897647171,155.155214378302,105.19047811757,156.589815684727,230.966133117676,167.588397979736,241.85774230957,158.860302281934,0,110.963238954544,174.367947978358,205.409286499023,198.700829245827,163.107345581055,125.594444985332,83.3164346483019,145.815942388704,119.126221868839,0,188.030649939249,166.422174374262,125.690059126038,144.186052586911,125.940977228432,230.516250610352,217.027908325195,125.98828125,144.865666250165
167.019927978516,65.1067778121593,97.0583168029785,59.0028752962748,0,0,133.709583282471,164.549537658691,128.32359959529,140.762010668145,161.813568115234,43.4474566727943,158.889083862305,22.4053207907274,138.439493815104,166.729484558105,134.850662231445,80.1943916002909,51.5292395372442,59.1647865453344,0,133.405848185221,107.098900900947,110.269788680538,145.306827079959,44.4634606242885,24.5682762886048,26.4123919425532,159.053507486979,95.575898019891,134.928403218587,9.49681879247762,100.794867379325,0,78.8198319304761,215.980327606201,124.420794381036,177.967727661133,122.288980383622,239.04768371582,0,0,213.38916015625,185.683013916016,182.504529870075,0,97.0770311959182,0,94.3466513271415,157.866555107964,0,183.579055786133,150.95945526123,105.358680273182,117.656834797687,0,0,161.442512003581,159.240516662598,204.834211650648,85.8024181609458,107.193797927719,111.653855070678,225.732879638672,166.187782287598,207.770500183105,107.845754803352,218.186004638672,0,140.345298290253
93.2999390822191,116.154808044434,178.332376480103,122.681695556641,138.607231140137,14.0467266242845,25.8691096984278,125.763322783679,27.09015859998,90.2318285428561,123.46692243673,62.8459347791953,115.542184379663,76.8521368431323,20.997097614768,37.1762116989999,0,128.412177085876,94.1308400080754,88.222037765215,129.832010323661,146.7770047869,141.087524414062,158.714455795288,129.388096364339,78.9722994024103,122.153075347076,105.639812893338,135.645549926758,14.3992689251281,129.551541204038,100.794867379325,5.50556953299466,65.107122693743,36.7046189119445,212.298736572266,0,0,0,143.433731079102,0,0,185.090301513672,0,0,0,0,211.571197509766,106.352203369141,234.274765014648,0,0,0,0,0,0,0,191.631774902344,0,187.354432242257,0,246.381851196289,190.734962463379,204.807521820068,0,206.723342895508,0,0,0,207.46467590332
58.1843844652176,102.610985495827,120.229318506577,62.8518059771994,81.4799661498139,85.3691291809082,90.1889347596602,66.7984316301482,80.5190351639671,66.3885097503662,76.7663655789945,146.94891611735,83.5959865252177,154.278656005859,43.0658768165704,91.7772750854492,80.7862903050014,116.496043920517,0,125.432268778483,89.7192565654886,64.5750320760449,52.4843420805755,88.4022295984729,72.2561940967527,156.605880737305,130.557770672966,138.887394205729,72.3425049324449,16.5470208323525,50.4170847694881,0,65.107122693743,7.80400643048534,26.0438026510894,146.764468799938,0,181.194961547852,89.9074263572693,130.699378967285,0,193.505165100098,134.645861082439,153.844348144531,137.893918355306,174.220400129046,0,201.119552612305,0,151.673225989709,182.935531616211,113.233123779297,176.626480102539,0,0,0,125.478981018066,58.5982284545898,140.553637610541,122.600218797767,0,207.361450195312,213.961624145508,131.82827962956,156.082201930455,125.756296284993,0,0,135.008139474051,140.627075195312
79.8754287912876,83.5378624024938,61.2293737922726,67.4201548336116,89.5238893826803,37.2596201896667,69.206237407546,82.0517537536621,68.7606960970899,101.451021544787,86.8520949200267,32.0021124599402,92.3917129645913,51.5775590941952,63.4760322145172,42.5275134222848,84.2171738677555,42.388483174397,64.5778420132125,46.7678487153901,89.3140733083089,42.0283617525498,82.2761046310951,47.2861054785517,85.2145625969762,52.9008569995176,66.0618165191957,68.8276481945944,75.554241508636,38.4260981747985,42.1478879785242,78.8198319304761,36.7046189119445,26.0438026510894,11.7945912031118,144.381953239441,145.25373840332,123.39005822534,73.1021319071452,115.907117843628,0,192.04377746582,139.985055871912,176.184207492405,141.31575012207,168.252772013346,173.455619812012,163.889724731445,149.686447143555,162.771001962515,0,118.491752887594,140.545631190709,159.58715057373,141.059035164969,0,134.607844034831,99.9952406449751,131.320141937773,127.032495346069,155.712379455566,136.776508223539,130.568462278132,137.393960285962,153.973567962646,127.027688293457,149.76301574707,0,149.06908416748,133.634757995605
145.383708408901,0,158.226651191711,86.3134483223531,129.503812789917,0,196.101745605469,155.184976724478,167.549676513672,112.170421176487,175.298461914062,0,0,0,165.866737365723,0,166.433756510417,205.843557357788,0,215.70344543457,213.857574462891,144.279819569689,103.22004699707,163.609966864953,135.118071724387,0,184.591371424058,182.112902433976,136.810766809637,153.304612379808,134.308746158375,215.980327606201,212.298736572266,146.764468799938,144.381953239441,10.118190363441,115.451595306396,115.098225351969,67.2014505522592,97.0171249389648,0,92.6711614608765,36.4536414141361,72.6354966523217,68.5088083960793,77.5629883963486,139.212171282087,118.626594543457,142.671349525452,27.0124125984532,123.178022384644,91.4868489707388,101.797882935847,143.165126599764,123.623214320133,117.103882925851,74.7897468211403,78.8027366002401,93.4712176609859,79.847752124649,152.348626708984,122.54543852402,134.531387905423,85.018634287962,18.7160140025943,31.9251835964474,179.192637125651,104.438540140788,34.9089365468096,74.2505437268709
0,61.0723285675049,108.14469677469,98.8128907339914,153.839935302734,0,0,182.814534505208,0,187.311851501465,0,116.499430338542,0,102.492858886719,0,0,0,126.695063664363,142.183197021484,139.801071166992,0,178.352966308594,134.763687133789,125.099114851518,233.833801269531,113.651864624023,114.790215838086,109.444617188093,180.562784194946,0,0,124.420794381036,0,0,145.25373840332,115.451595306396,7.66366442596179,44.784173808327,16.3360120300381,86.1038589477539,146.305246988932,135.341930389404,114.789892239041,146.523917388916,68.9267111750599,129.778958638509,77.1972218389096,99.6180369059245,59.8732975663134,134.025175383597,110.096894723398,51.7378761697803,56.8961760335498,140.360377502441,66.2426531930988,0,94.7262783050537,31.4669452262789,62.3370792829073,76.8898097734411,23.942721242973,52.3818577231085,37.0907418544254,115.548890809755,126.494012196859,107.652241177029,75.4167873548425,132.872055053711,131.258958435059,80.2130161567971
174.021697998047,78.1184010292167,102.784205975066,77.7166761615186,0,0,0,174.980281066895,191.792247953869,137.902786254883,188.133201599121,161.292560577393,0,161.034088134766,183.279229996052,0,133.571199777964,110.77864891207,164.836853027344,137.328907082298,0,156.655295780727,120.012461061831,114.921948388778,169.481322812362,152.172912597656,108.883109802959,103.5840847775,173.386107491975,177.284330822173,160.079326253542,177.967727661133,0,181.194961547852,123.39005822534,115.098225351969,44.784173808327,17.286878928398,45.975916461033,173.34215927124,162.265045166016,135.104292032304,96.7448484609623,123.745146928182,114.241485913595,125.126947252374,117.935088566371,200.530643463135,116.688074021112,117.494709642084,154.974506378174,92.8861144139216,50.0649222079839,108.892668625404,71.8261183844672,209.739364624023,67.9076406007853,67.4219174413624,35.3890271219132,124.713555751703,98.1699123382568,40.7525219033102,39.4230754739845,94.9008062089017,147.644531602445,103.861016522164,102.644997253418,186.97887878418,124.720179909154,88.6231990585058
