9.35963425300304,118.617379132439,99.2659852683139,80.3457391925887,85.0719569614955,75.1546461922782,86.1840985224797,32.3640816495766,48.6979779830346,70.8802572061087,62.1969898295702,119.974722290039,99.2322192721897,137.923772176107,18.9352963433125,119.830052185059,100.636243215421,92.1978914131145,141.298480107234,124.415706330696,92.5743808131064,72.579529102032,78.0210325399022,87.0234850173548,74.7178577774621,153.022195604112,119.152071291901,122.615254934732,78.5215897165286,14.2228863029944,26.8734356708057,169.661921183268,70.2651307242257,30.5719367874252,60.1977634233298,139.35230700175,130.026062011719,170.051485334124,88.727163013659,0,0,158.322816212972,136.451902956576,155.459971501277,0,160.873104095459,0,173.155624389648,172.301559448242,158.168204716274,190.748764038086,104.186144510905,168.326198577881,0,169.444839477539,180.582697550456,137.8727684021,102.53168182373,163.377992902483,118.591486769456,0,165.528267415365,185.273567786584,130.461948997096,154.053479847155,136.848571328556,0,0,141.103968811035,148.272669928414
118.617379132439,7.66270104536451,46.7278932972527,23.7506797777447,119.08349609375,0,129.789038438063,128.753414500843,136.895073754447,78.2684295118901,139.631245699796,66.2605464641864,155.784486134847,48.811464318284,134.995161108069,105.182377679007,73.4114520296137,56.2584891537586,64.9629696655273,60.4786285341853,144.110778808594,103.97136965665,24.8121607852438,81.4032287386899,85.9370374276881,20.4276298870941,46.920200456199,27.5095700057266,107.489028399924,119.256822017201,112.868414159765,61.3866919533151,119.020988464355,106.952260017395,72.4145961429762,113.559776306152,34.9997189961947,85.7283889770508,67.2492389678955,0,0,0,164.027989705404,150.282577514648,0,180.592880249023,123.6767578125,0,110.552607218424,166.108525594076,0,245.178497314453,91.9605865478516,0,102.946823967828,136.613479614258,98.2371063232422,0,115.969263712565,127.320062255859,78.7938563028971,85.9569997565691,97.1372567585536,164.493896484375,169.112996419271,0,99.7286109924316,0,0,89.4879035949707
99.2659852683139,46.7278932972527,11.5026367765947,46.7429930207982,140.668000539144,161.836685180664,128.668963386899,100.046894596515,115.985772752976,117.929233551025,114.709025862205,89.8678996474655,158.204137166341,80.1115712847028,115.854912898019,129.489051818848,84.6293025970459,33.0680739419603,90.0442824893528,76.0790508421429,137.81495475769,66.7600482967319,53.1114606751336,24.9192427051883,117.760598535407,74.2494864463806,36.6773370187934,33.1452229842525,95.1452432419288,114.535140797449,83.0193765619968,90.7802344582298,165.824384053548,103.996323394775,65.4056430066035,156.797317504883,60.4977762048895,85.8273025338641,55.9701149158908,0,0,216.308815002441,167.991567611694,178.45234375,234.487594604492,171.347633361816,0,190.341812133789,156.806762695312,180.105350841175,0,146.162933349609,102.718079325917,137.808654785156,113.592252980108,190.900207519531,131.876532745361,123.708116531372,107.524813178445,174.755634307861,123.846534729004,93.918377002636,97.6483418284983,190.046887207031,188.129653930664,150.926823702725,145.999706268311,0,0,123.722910630076
80.3457391925887,23.7506797777447,46.7429930207982,18.5824676803385,69.2160857180332,98.4353790283203,90.8106852550896,73.286000783874,98.8630617927103,19.8106639287274,75.9395493892644,57.9292323198112,92.2225505828857,39.2713916416509,100.836072299867,73.6550761136142,44.5835549124429,59.1697062756453,58.7265917736551,51.9401354340764,89.3789591789246,61.5819729472126,32.285381441315,60.6055709989143,39.841768075194,23.3499066940098,42.2319105974751,45.9933258670915,60.4673861016618,85.2206797697106,64.808508156269,49.2586993095202,118.561401367188,71.4877451639327,67.3871247303055,162.817224502563,12.5663609769609,63.4398883951121,37.5953353675636,172.20085144043,0,170.539300918579,134.736226533589,104.880464341905,0,149.948001098633,116.662535095215,168.477233886719,70.1870988210042,151.07775409405,0,79.8326048169817,74.0079863206396,81.2863302230835,67.8001267242432,0,87.8133723610326,13.2294702612121,71.0799709320068,93.0997483730316,58.1531941890717,56.343321404806,68.8229429431078,106.854890550886,130.578737258911,94.7576977866037,112.431560516357,218.555969238281,53.5470237731934,96.3705942630768
85.0719569614955,119.08349609375,140.668000539144,69.2160857180332,10.7620022938686,130.485977172852,74.1006259308558,68.337271966796,96.1145205497742,40.6899953752756,23.6454092869041,171.786504109701,28.6947742998734,155.058364868164,102.654552843444,69.1764726003011,112.070281982422,156.897488911947,0,189.867803955078,14.5705989595094,133.406051635742,81.657076142051,121.984424591064,25.3882926343851,0,164.37823677063,153.046333312988,20.5548928676788,105.279971226283,102.522030694144,0,116.399894714355,93.4192845271184,97.8591185251872,160.212677001953,0,226.177444458008,80.8063296000163,12.7836468848396,0,147.884744371687,132.58897450765,166.984193166097,80.9141262054443,144.529981118661,0,140.207714305204,0,191.196298217773,191.268905639648,0,182.879379272461,0,0,128.833842314207,0,199.749404907227,201.821055094401,105.036678942512,0,193.493148803711,182.408645629883,134.407783176588,174.322492980957,0,0,213.858642578125,0,0
75.1546461922782,0,161.836685180664,98.4353790283203,130.485977172852,6.04146688339677,9.54717810761947,103.391636724057,15.3257825324734,113.41625213623,94.8019590938792,57.0230281991018,88.7160280942917,70.3373725891113,35.7649691475762,13.4385005224223,154.16975402832,144.925898234049,83.7709293365479,83.4659309387207,114.261569213867,0,132.604888916016,121.991331917899,121.144566006131,101.000012715658,130.969863891602,119.664236886161,124.166705044833,19.9501529382649,107.388186984592,85.5325317382812,9.07428841458631,56.2337532043457,34.3808118837689,202.663070678711,0,0,0,0,0,207.2666015625,181.653213500977,0,0,213.455169677734,0,0,0,0,0,0,0,0,0,0,0,0,0,0,0,140.220855712891,0,205.798278808594,194.549087524414,0,0,0,0,0
86.1840985224797,129.789038438063,128.668963386899,90.8106852550896,74.1006259308558,9.54717810761947,9.73272160998744,61.2437251065228,17.985499257109,66.4307522518294,26.6542430209778,71.8496459878009,22.4336503476397,89.6743015713162,39.5988012338296,12.5430279112279,144.02296295166,142.032137775421,104.174240748088,117.809854745865,53.7869887557787,113.471988091102,108.207652970856,123.448971127504,79.452253715785,139.898853302002,141.565794195448,147.492173524029,64.2113451572356,54.9088923478019,89.1357282473717,111.417005157471,20.0183623731136,97.5550912710337,60.6521106535389,165.773212856717,168.119750976562,179.653942108154,104.132786124093,139.480766589825,0,160.621131990585,138.73497625329,170.949160805231,127.62969569156,150.528812014867,0,154.953578710556,0,181.418195782286,185.228805541992,152.000473022461,223.850219726562,147.434707641602,137.316677093506,149.191626372161,194.23912302653,169.66213684082,197.659997304281,122.040003133597,243.395629882812,191.77700151716,194.569110107422,143.615430942252,172.488519880507,183.349053016076,0,239.209030151367,165.09256199428,177.514145507812
32.3640816495766,128.753414500843,100.046894596515,73.286000783874,68.337271966796,103.391636724057,61.2437251065228,11.3704876650375,54.1386346980708,61.5467515922302,27.6113511246803,142.572959899902,78.1703291723173,158.657366213591,47.7620975642653,74.9846522157843,94.4965232770467,112.103892166196,156.254801068987,154.204422066428,75.2851439449522,76.7482504122519,88.4926796535711,87.588040468283,61.9107897288165,184.085239955357,127.749015643351,121.406691926053,37.4854760733613,74.2559743730064,21.7517535367744,170.059487479074,106.074281420027,85.2011767241914,92.5566355275267,149.052709726187,158.109608968099,160.777837371826,89.8207516140408,127.184286934989,197.922149658203,149.394546686217,126.661151323563,152.527472249578,109.365300496419,147.299850361459,0,153.292067050934,223.671493530273,161.828652908553,0,122.749774932861,191.721950954861,186.67903137207,204.327194213867,140.070891274346,162.613906860352,124.374485309307,161.948732830229,108.343154587559,0,189.67945183648,179.344044189453,133.600846395327,157.831546563369,145.973330543155,0,204.386016845703,144.84242776724,158.172629339045
48.6979779830346,136.895073754447,115.985772752976,98.8630617927103,96.1145205497742,15.3257825324734,17.985499257109,54.1386346980708,10.9406164609617,87.3546393795084,28.0954504832721,67.6768931144494,60.9013048354026,90.3840224224588,17.5880020945475,28.3051652290001,119.838378143311,123.590276344535,105.804262368076,116.294128385225,75.8666248148811,104.526225668752,99.9912625362999,109.022754867356,88.1862736331182,123.185352325439,132.241458836392,137.224516741997,87.2531150323659,31.5976394191896,65.4656612973087,113.280371414988,14.7780479120333,97.1036001841227,55.45546796141,161.453758044121,171.602931976318,174.330465952555,115.260256516306,160.26577911377,225.412582397461,167.218778313531,144.871733975965,173.062437602452,132.674971840598,162.834647655487,122.765251159668,174.909233093262,144.095781962077,174.896180226253,173.639068603516,145.370993804932,197.617864435369,186.415321350098,190.819581985474,167.015274449399,168.794288635254,124.479359436035,194.022688865662,128.202026522889,246.030014038086,183.751908735795,182.474954332624,150.827190717061,173.499385351422,157.433704376221,179.038655598958,213.508750915527,156.92457670324,167.588712489351
70.8802572061087,78.2684295118901,117.929233551025,19.8106639287274,40.6899953752756,113.41625213623,66.4307522518294,61.5467515922302,87.3546393795084,8.17980985194946,66.0987260896866,141.801154426906,8.01364221072705,133.574942037362,92.2415444217151,15.6490039660169,71.7431137778542,127.151386834879,147.84600769043,143.79332250919,37.9861857076486,103.597265455458,33.0550778259053,110.478272666931,18.8651753010205,120.680520065692,133.12720008597,117.9499173199,54.9733228333603,82.441126129331,65.9702720287234,140.944470024109,117.739026387533,75.4104116639095,102.21471923554,0,0,167.489044189453,131.778065681458,103.65225315094,0,115.047197341919,93.7083265516493,170.096439361572,49.9313095092773,115.253171284993,0,0,167.452674865723,0,0,122.010597229004,163.598419189453,0,164.707092285156,103.317163085937,164.249862670898,141.667186737061,167.336738586426,92.2729103451683,162.050720214844,203.614786783854,171.469848632812,122.4074666765,208.25341796875,0,0,0,169.149444580078,157.837799072266
62.1969898295702,139.631245699796,114.709025862205,75.9395493892644,23.6454092869041,94.8019590938792,26.6542430209778,27.6113511246803,28.0954504832721,66.0987260896866,12.8332568864492,134.293713820608,25.3545762237983,155.548053741455,49.9865393767023,55.4029859851463,115.650746065028,136.818657948421,182.024139404297,164.750728260387,19.2423935740671,97.2944375796196,100.728186117636,106.057807791946,67.1718665974991,178.815059661865,145.126392766049,138.894938485097,36.8997916112623,86.4368036654866,71.6011461382327,167.018008761936,106.449568748474,88.9041108025445,87.2754326178357,172.573518451891,184.383178710938,181.074115459736,93.3790162404378,53.2666658982998,0,154.302412342939,132.891999986437,163.743307601574,110.609116525361,146.924583877136,0,159.397239407626,227.006286621094,183.23426188151,154.814445495605,124.74967956543,189.165781656901,0,0,146.045387934125,187.949086507161,139.075633239746,177.10910676655,114.366054371562,0,209.120434570313,178.21482195173,137.410423880701,168.087629838423,165.669403076172,0,226.924812316895,179.724345615932,173.540105646307
119.974722290039,66.2605464641864,89.8678996474655,57.9292323198112,171.786504109701,57.0230281991018,71.8496459878009,142.572959899902,67.6768931144494,141.801154426906,134.293713820608,10.7215394433941,115.251256670271,23.1653289605209,69.6109438351098,82.1172199249268,151.948321024577,55.1375377515866,20.8071874027486,28.1036470537389,141.635122125799,111.683454660269,112.713295181076,97.2383846369657,157.817585627238,26.951710194876,27.2208756886985,60.7378266309437,166.919590148926,54.2277976955919,118.443262054807,35.2425437817218,49.5689003333617,101.275651351265,26.8114174065645,0,105.612539291382,141.541690826416,75.4618744850159,0,0,219.696624755859,207.231257120768,0,0,0,100.694920590049,0,76.6080596757972,204.251689910889,0,0,146.645358276367,98.6687108481803,107.20494212275,225.930862426758,198.228286743164,145.063278198242,144.896125793457,200.14816792806,66.1597235939719,97.6776467300043,95.5213380242786,213.021113077799,0,0,89.98083152771,0,0,148.875073242188
99.2322192721897,155.784486134847,158.204137166341,92.2225505828857,28.6947742998734,88.7160280942917,22.4336503476397,78.1703291723173,60.9013048354026,8.01364221072705,25.3545762237983,115.251256670271,10.1965962445588,144.555181884766,85.6145358661125,16.5314134259173,164.236633300781,176.729193115234,155.855083465576,147.568009185791,12.9600160457594,130.249938964844,93.9546883322976,145.037862989638,28.655506978346,159.314147949219,159.103976885478,177.377495320638,54.0554840586207,91.1353332875139,109.63464494185,127.522705078125,99.672998046875,87.1410094367133,89.2913392242295,135.090705871582,154.206314086914,247.693740844727,82.3044815063477,96.883873132559,0,162.213250023978,139.134542871694,164.68620928596,0,151.662281623253,0,140.481936136882,0,169.222652859158,0,0,0,0,0,163.896188645136,242.107109069824,194.198669433594,196.372459411621,118.12721164891,170.996444702148,0,205.033203125,151.810081033146,183.081444634332,190.356132507324,237.616394042969,227.602401733398,139.317932128906,215.289169311523
137.923772176107,48.811464318284,80.1115712847028,39.2713916416509,155.058364868164,70.3373725891113,89.6743015713162,158.657366213591,90.3840224224588,133.574942037362,155.548053741455,23.1653289605209,144.555181884766,6.83193539343582,100.553411648191,156.622741699219,150.026979234484,86.396938076267,42.74875247162,59.026050755235,178.081363677979,143.738215637207,94.8222209420174,126.538258666992,145.398648398263,15.8797177870589,36.118420340824,36.9083974048622,159.305867004395,101.974459123611,153.614873560464,15.9978341972926,70.4429574966431,154.788806152344,55.1362443956278,0,72.6893068949382,0,65.121826171875,0,0,0,0,234.865905761719,0,227.546340942383,72.419974009196,0,14.9946797775896,234.979873657227,180.186935424805,0,150.777912902832,82.0983963012695,117.034952163696,0,0,0,0,210.377670288086,48.9051718535247,75.153102238973,76.1502566704383,207.573516845703,219.016372680664,0,69.3310104038404,0,0,220.462295532227
18.9352963433125,134.995161108069,115.854912898019,100.836072299867,102.654552843444,35.7649691475762,39.5988012338296,47.7620975642653,17.5880020945475,92.2415444217151,49.9865393767023,69.6109438351098,85.6145358661125,100.553411648191,9.88735292201168,50.5955613780225,119.784963363256,114.637653137402,99.9468946161958,114.043904685119,91.2668888944738,100.209977853298,98.7194617069129,108.582403530241,93.919143601104,114.592211673134,125.675507237361,134.328300237953,95.2704230086786,26.8739058711841,58.1351106332751,122.780398148757,18.3320400900357,45.831111571368,46.2007110708328,166.386343383789,148.826293945312,178.870326795076,112.586178323497,165.850988769531,0,174.817539431014,157.495812733968,180.599981880188,141.420934041341,177.918247155976,222.228988647461,175.613309587751,147.185597229004,181.463080051967,0,134.345512390137,202.000391278948,150.319815063477,164.797036743164,171.023933410645,170.594576154436,123.062255314418,185.327889578683,140.452360161527,153.705436706543,177.274612426758,173.177690996443,153.202588518089,176.152406358227,160.260019475763,154.065048217773,0,156.911138434159,175.964855105378
119.830052185059,105.182377679007,129.489051818848,73.6550761136142,69.1764726003011,13.4385005224223,12.5430279112279,74.9846522157843,28.3051652290001,15.6490039660169,55.4029859851463,82.1172199249268,16.5314134259173,156.622741699219,50.5955613780225,7.64530878815804,0,149.89179649353,109.747634887695,160.796787261963,49.2798086263366,101.658348083496,70.4357242584229,135.0633644104,52.5624270834574,154.595443725586,156.536357031928,142.10082469267,78.1260369536164,84.2219331741333,78.3956921895345,161.677190144857,38.3684296858938,92.6068267822266,98.3340496264006,141.426605224609,0,0,65.0942687988281,0,0,158.371083577474,144.12511920929,167.583379109701,46.5385208129883,163.036168416341,0,0,0,204.694900512695,0,0,0,0,0,0,0,0,196.635070800781,117.031511480158,0,0,0,154.10897064209,175.968688964844,0,0,0,0,157.812026977539
100.636243215421,73.4114520296137,84.6293025970459,44.5835549124429,112.070281982422,154.16975402832,144.02296295166,94.4965232770467,119.838378143311,71.7431137778542,115.650746065028,151.948321024577,164.236633300781,150.026979234484,119.784963363256,0,12.7318171376367,102.916923115272,147.666371663411,141.072192452171,128.70993347168,28.8976227144528,31.4505817610065,23.5125831288183,41.1912892737353,123.049474080404,125.474281155333,29.4684727733234,44.764142706034,99.8418825149536,71.5726580280414,135.753237915039,0,77.964364914667,83.3043728621759,139.650520324707,79.8576927185059,114.278536869929,64.5267086590038,0,0,0,146.51039651724,190.965484619141,0,165.901245117188,0,180.500198364258,0,160.587705339704,0,92.953392301287,141.706996917725,0,159.675506591797,0,118.307055155436,56.6062179870605,101.800315727622,117.867099761963,0,141.864726475307,96.2936177571615,132.403862847222,137.939619176528,119.066208880881,0,0,101.993455505371,124.475287437439
92.1978914131145,56.2584891537586,33.0680739419603,59.1697062756453,156.897488911947,144.925898234049,142.032137775421,112.103892166196,123.590276344535,127.151386834879,136.818657948421,55.1375377515866,176.729193115234,86.396938076267,114.637653137402,149.89179649353,102.916923115272,10.0788156284855,58.9624670418826,26.9421262740716,173.067525863647,59.3350063457824,92.4641995601517,27.3728297377221,130.600462963707,64.8039407513358,29.136466470953,64.8151023969377,125.931665764785,95.9825057853115,74.3262992654839,82.8635942671034,134.520184834798,83.7050357559352,36.0845027787594,179.296383197491,74.2157145413485,108.378511153643,74.8727334250867,0,0,0,189.433581727924,190.655693641076,216.198211669922,212.342074584961,131.733127593994,188.76823425293,114.722244262695,198.716427612305,0,174.597391764323,118.455433641161,125.766759490967,116.781703698831,246.665328979492,149.889756422776,144.020198822021,129.400427005166,180.414869944255,93.4115600585938,104.385872323602,114.381178046475,182.471321692834,187.925845336914,158.681889125279,140.424927847726,0,162.108863830566,123.268169467732
141.298480107234,64.9629696655273,90.0442824893528,58.7265917736551,0,83.7709293365479,104.174240748088,156.254801068987,105.804262368076,147.84600769043,182.024139404297,20.8071874027486,155.855083465576,42.74875247162,99.9468946161958,109.747634887695,147.666371663411,58.9624670418826,7.90339601355863,18.5785219530668,192.763793945312,143.038404192243,121.797410011292,110.908644634744,160.474535987491,42.8315338167277,25.9962810505072,60.3188719420231,174.986797332764,86.9106939266889,132.202419481779,44.8985717975696,82.9694296518962,120.835445404053,57.125291313976,237.077865600586,88.0145568847656,0,83.8229452768962,0,0,0,0,0,0,0,95.0206436157227,0,79.2548274993896,234.381843566895,0,0,121.668304443359,97.1718215942383,104.343271891276,0,200.050880432129,0,0,0,68.0458992780265,89.6495187714344,96.0874398803711,0,0,0,91.8250641241306,154.461883544922,0,112.122051239014
124.415706330696,60.4786285341853,76.0790508421429,51.9401354340764,189.867803955078,83.4659309387207,117.809854745865,154.204422066428,116.294128385225,143.79332250919,164.750728260387,28.1036470537389,147.568009185791,59.026050755235,114.043904685119,160.796787261963,141.072192452171,26.9421262740716,18.5785219530668,7.86467123454675,177.819976806641,115.990236823239,112.129958455156,96.0690810162088,154.711368320225,44.7382219965586,25.5788947623973,62.6117062676303,160.262646794319,101.636917202561,115.864223573919,54.4444282014491,81.589945929391,107.486645438454,46.4679968477828,0,114.566201019287,149.360524495443,102.911240895589,248.613098144531,0,232.63102722168,207.678726196289,209.185573577881,194.128082275391,0,97.8127858197248,211.447952270508,83.2410086731413,172.498840332031,0,0,136.325162342616,99.0688861846924,102.315310918984,0,155.589347839355,150.071228027344,150.618759155273,240.766700744629,72.6936790257284,92.2843863196875,94.2093571548462,197.76350402832,220.485786437988,175.295252482096,94.9190444946289,143.010223388672,183.162704467773,119.503758188021
92.5743808131064,144.110778808594,137.81495475769,89.3789591789246,14.5705989595094,114.261569213867,53.7869887557787,75.2851439449522,75.8666248148811,37.9861857076486,19.2423935740671,141.635122125799,12.9600160457594,178.081363677979,91.2668888944738,49.2798086263366,128.70993347168,173.067525863647,192.763793945312,177.819976806641,7.57456215269082,141.920929908752,93.5194310506185,126.756822903951,21.5537897267314,185.681167602539,172.339590526762,164.764483283548,34.6470446922848,97.4469300827177,120.87587483724,0,117.163963317871,104.647244966947,92.8881375572898,206.621337890625,0,228.631301879883,94.6269999186198,35.4430119746199,0,160.262392633612,143.613164618464,177.300374348958,108.304094102648,152.374723052979,0,159.29328918457,0,200.154725138346,0,0,0,0,0,154.797751206618,0,169.62385559082,203.102523803711,119.711786953908,0,203.549690246582,0,141.994086988045,174.560818758878,190.016883850098,0,205.078308105469,0,200.428985595703
72.579529102032,103.97136965665,66.7600482967319,61.5819729472126,133.406051635742,0,113.471988091102,76.7482504122519,104.526225668752,103.597265455458,97.2944375796196,111.683454660269,130.249938964844,143.738215637207,100.209977853298,101.658348083496,28.8976227144528,59.3350063457824,143.038404192243,115.990236823239,141.920929908752,12.3011885499892,56.004764702887,34.710067857256,77.3705360763951,136.349817548479,101.632116089265,78.0435214159421,29.0355438433058,77.1498769349224,35.684690248305,175.477569580078,130.613998413086,62.9517567401796,43.4700670128901,174.618845621745,0,135.271013736725,74.4387130737305,0,0,167.127136230469,152.295881097967,175.80315246582,0,0,164.648696899414,188.328720092773,0,186.262773513794,0,106.434448242188,166.850074768066,0,226.499160766602,200.590950012207,124.481788635254,70.2780019248404,130.386401621501,147.55274477872,0,172.717811584473,135.718297958374,142.107849121094,139.688848055326,129.973889214652,240.738616943359,0,112.262622833252,139.089853559222
78.0210325399022,24.8121607852438,53.1114606751336,32.285381441315,81.657076142051,132.604888916016,108.207652970856,88.4926796535711,99.9912625362999,33.0550778259053,100.728186117636,112.713295181076,93.9546883322976,94.8222209420174,98.7194617069129,70.4357242584229,31.4505817610065,92.4641995601517,121.797410011292,112.129958455156,93.5194310506185,56.004764702887,8.79544914346573,57.2341753535839,35.2527301999329,82.4589512834912,98.5797215200493,43.095195704043,56.2356583453797,84.138692488306,61.6343194409913,103.02286501284,159.994262695312,67.3953163471628,75.6607648494632,0,47.9767875671387,80.1309225899833,87.4621345346624,114.589294433594,0,136.328354971749,115.432228088379,160.266693115234,0,165.205362955729,0,0,131.084075927734,176.881343841553,0,45.2648711914712,96.5748558044434,179.505498250326,101.47575378418,150.795185089111,77.8560106682055,15.6130724506719,61.4548071849195,110.03110370636,0,138.41784806685,61.1132228215535,109.175983174642,149.568321921609,86.1093717054887,0,0,82.8758773803711,117.080716133118
87.0234850173548,81.4032287386899,24.9192427051883,60.6055709989143,121.984424591064,121.991331917899,123.448971127504,87.588040468283,109.022754867356,110.478272666931,106.057807791946,97.2383846369657,145.037862989638,126.538258666992,108.582403530241,135.0633644104,23.5125831288183,27.3728297377221,110.908644634744,96.0690810162088,126.756822903951,34.710067857256,57.2341753535839,16.8760389661275,82.9137190063173,108.128434753418,72.073040815276,47.4139135083681,55.9301832873236,91.7544840419565,58.3203360004621,121.971584592547,161.637329101562,73.4028237708529,44.0494892728157,167.977594163683,81.6468747456868,100.586798790658,72.6265387142406,0,231.240036010742,196.348045349121,177.862441418218,187.180779090294,159.591743469238,190.579255324144,203.743301391602,0,155.769627888997,180.52153523763,0,98.4471598307292,125.478595643532,155.753219604492,146.862693786621,0,128.496756627009,69.9872473080953,109.027631232248,150.237415479577,0,128.338774312337,106.372309366862,161.435136583116,167.557947635651,151.388053894043,0,0,139.613471984863,129.835148737981
74.7178577774621,85.9370374276881,117.760598535407,39.841768075194,25.3882926343851,121.144566006131,79.452253715785,61.9107897288165,88.1862736331182,18.8651753010205,67.1718665974991,157.817585627238,28.655506978346,145.398648398263,93.919143601104,52.5624270834574,41.1912892737353,130.600462963707,160.474535987491,154.711368320225,21.5537897267314,77.3705360763951,35.2527301999329,82.9137190063173,12.2667856201956,130.354288373675,141.369082530554,95.6656279834141,21.832022081391,86.3138947617723,71.175825611467,154.285114397321,133.666926066081,74.3149197030132,90.0046502726192,128.855952869762,188.803016662598,151.665040016174,59.7303034994337,105.832691533225,177.888046264648,125.511577463405,107.772436560308,136.628588358561,57.549970070521,116.482088677677,212.432586669922,110.52575637355,213.585334777832,144.056973983992,150.685401916504,127.663136568936,162.875145290209,0,198.641925811768,106.727550983429,146.396389007568,84.5753882124617,139.592441304525,83.4569508779255,0,185.99269921439,167.804735819499,104.936665452676,137.984766143599,140.436803403108,162.049957275391,183.144983927409,132.902253192404,135.174149146447
153.022195604112,20.4276298870941,74.2494864463806,23.3499066940098,0,101.000012715658,139.898853302002,184.085239955357,123.185352325439,120.680520065692,178.815059661865,26.951710194876,159.314147949219,15.8797177870589,114.592211673134,154.595443725586,123.049474080404,64.8039407513358,42.8315338167277,44.7382219965586,185.681167602539,136.349817548479,82.4589512834912,108.128434753418,130.354288373675,9.93513926756864,34.2550209775314,22.5801372222281,146.915189361572,110.134447058853,138.714020138695,35.9529579955779,91.396721976144,137.126752853394,63.6361616004227,0,53.7270812988281,111.722543716431,42.2249215443929,0,0,203.589469909668,0,203.723892211914,0,203.468521118164,60.9603652954102,0,60.4153321584066,208.777770996094,0,0,119.693956375122,90.4079509311252,73.9112841288249,0,244.658615112305,0,0,175.462867736816,48.7596096311297,82.5756433105469,74.0335781492036,0,0,0,62.7928787231445,0,0,95.8938318888346
119.152071291901,46.920200456199,36.6773370187934,42.2319105974751,164.37823677063,130.969863891602,141.565794195448,127.749015643351,132.241458836392,133.12720008597,145.126392766049,27.2208756886985,159.103976885478,36.118420340824,125.675507237361,156.536357031928,125.474281155333,29.136466470953,25.9962810505072,25.5788947623973,172.339590526762,101.632116089265,98.5797215200493,72.073040815276,141.369082530554,34.2550209775314,12.8192154149601,37.8103397556203,133.76618100094,122.783501616671,113.668786364225,24.2674827150796,107.585941987879,116.739879552869,62.3354038467628,175.772422096946,77.4915274106539,124.695367208341,77.5043640136719,225.882110595703,0,212.410985310872,187.1346735461,204.986712646484,183.458396911621,208.275085449219,91.4857393052843,219.268783569336,75.1973661695208,189.543986002604,0,0,110.032124284385,92.2751735772027,96.0686973475203,0,150.936029287485,200.718772888184,147.50572948921,199.375139024523,64.9362622046656,86.1696834736042,89.5751119701342,212.536504572088,162.758558000837,165.887091500419,90.0457309022242,0,137.980804443359,112.375887955769
122.615254934732,27.5095700057266,33.1452229842525,45.9933258670915,153.046333312988,119.664236886161,147.492173524029,121.406691926053,137.224516741997,117.9499173199,138.894938485097,60.7378266309437,177.377495320638,36.9083974048622,134.328300237953,142.10082469267,29.4684727733234,64.8151023969377,60.3188719420231,62.6117062676303,164.764483283548,78.0435214159421,43.095195704043,47.4139135083681,95.6656279834141,22.5801372222281,37.8103397556203,14.1081423724546,83.1056963316615,122.990699453149,105.442011995287,22.1659603864957,121.814530005822,110.249457288144,72.9177552597503,155.173333740234,70.9630103905996,95.7552568766276,66.6916958680793,191.179153442383,0,205.141639709473,168.772084628834,189.174855158879,147.411748250326,193.058647155762,98.6735197555187,0,77.040947164288,167.150844573975,0,92.5374986128374,110.674145948622,97.2739597320557,108.334916891511,230.001525878906,138.565102210412,78.2640753050108,105.608858212268,172.31834526062,71.7626936124719,94.3940701723421,95.9079457847935,174.550011407761,184.214001246861,148.65436133023,90.7432239272378,0,174.276988983154,116.896304073104
78.5215897165286,107.489028399924,95.1452432419288,60.4673861016618,20.5548928676788,124.166705044833,64.2113451572356,37.4854760733613,87.2531150323659,54.9733228333603,36.8997916112623,166.919590148926,54.0554840586207,159.305867004395,95.2704230086786,78.1260369536164,44.764142706034,125.931665764785,174.986797332764,160.262646794319,34.6470446922848,29.0355438433058,56.2356583453797,55.9301832873236,21.832022081391,146.915189361572,133.76618100094,83.1056963316615,12.4309219146179,87.439189799753,39.7178865814842,178.550685882568,145.109919034518,73.0603600532778,75.6502544596332,142.607412511652,148.094005584717,168.476817883943,76.5571141015916,101.3999824705,0,151.831884576019,122.197293902552,157.071938548369,93.8086338467068,140.885402138258,0,143.711030796596,0,165.388699801463,160.459493001302,116.634994058048,186.71782430013,0,0,132.831617467544,137.109583854675,99.1905551147461,155.320529143016,104.465128647303,0,183.82048034668,161.115612792969,130.490806658651,155.726731250161,128.457885387332,221.449638366699,175.763938903809,126.446794397691,142.50075378418
14.2228863029944,119.256822017201,114.535140797449,85.2206797697106,105.279971226283,19.9501529382649,54.9088923478019,74.2559743730064,31.5976394191896,82.441126129331,86.4368036654866,54.2277976955919,91.1353332875139,101.974459123611,26.8739058711841,84.2219331741333,99.8418825149536,95.9825057853115,86.9106939266889,101.636917202561,97.4469300827177,77.1498769349224,84.138692488306,91.7544840419565,86.3138947617723,110.134447058853,122.783501616671,122.990699453149,87.439189799753,10.4287786560091,25.0108239424572,108.384577001844,12.9661130075437,15.7850041973348,32.7867483547891,156.527762965152,129.356046676636,182.460089206696,98.7695627212524,158.278344726562,177.925941467285,178.336069443647,154.699227082102,174.302180265769,112.453023638044,170.412527240691,221.028045654297,186.035499572754,143.759592692057,181.542609659831,0,114.173797020545,171.086993408203,155.02995300293,168.864106314523,182.645448303223,171.091333489669,107.978631453081,186.594202931722,136.377639998629,102.035766601562,150.846305407011,175.030762154715,149.407562640073,168.47330319254,145.02364832812,137.344284057617,207.221954345703,161.767114957174,168.12800383232
26.8734356708057,112.868414159765,83.0193765619968,64.808508156269,102.522030694144,107.388186984592,89.1357282473717,21.7517535367744,65.4656612973087,65.9702720287234,71.6011461382327,118.443262054807,109.63464494185,153.614873560464,58.1351106332751,78.3956921895345,71.5726580280414,74.3262992654839,132.202419481779,115.864223573919,120.87587483724,35.684690248305,61.6343194409913,58.3203360004621,71.175825611467,138.714020138695,113.668786364225,105.442011995287,39.7178865814842,25.0108239424572,10.0797696153616,147.646854107197,112.108521779378,28.3825661030562,37.6261183426423,140.435617807749,133.168673197428,146.975650634766,80.3571842773051,123.404663085938,0,154.978401184082,137.284998783449,155.005759791324,142.694966634115,167.064986334907,0,0,0,157.695282321506,177.011642456055,108.095244959781,164.423717498779,194.820999145508,163.445362636021,197.174057006836,127.276151714903,75.8318211146763,161.773738861084,118.206201553345,147.263252258301,160.460023345947,176.031286875407,128.676987685166,146.593029063235,128.206174729746,0,0,136.026090621948,141.988653597624
169.661921183268,61.3866919533151,90.7802344582298,49.2586993095202,0,85.5325317382812,111.417005157471,170.059487479074,113.280371414988,140.944470024109,167.018008761936,35.2425437817218,127.522705078125,15.9978341972926,122.780398148757,161.677190144857,135.753237915039,82.8635942671034,44.8985717975696,54.4444282014491,0,175.477569580078,103.02286501284,121.971584592547,154.285114397321,35.9529579955779,24.2674827150796,22.1659603864957,178.550685882568,108.384577001844,147.646854107197,7.31335771715484,94.0477376302083,146.90589650472,72.413503605566,0,100.069272359212,185.99340057373,101.076680501302,0,0,0,175.151718139648,0,0,0,85.9262268631547,0,75.5416852689636,0,0,0,139.276052856445,95.3159291585286,100.139588748707,0,0,0,0,193.688453674316,64.3529748513665,87.7551218261719,89.3425470581055,0,180.137634277344,192.241729736328,86.8382388420825,0,0,129.261422157288
70.2651307242257,119.020988464355,165.824384053548,118.561401367188,116.399894714355,9.07428841458631,20.0183623731136,106.074281420027,14.7780479120333,117.739026387533,106.449568748474,49.5689003333617,99.672998046875,70.4429574966431,18.3320400900357,38.3684296858938,0,134.520184834798,82.9694296518962,81.589945929391,117.163963317871,130.613998413086,159.994262695312,161.637329101562,133.666926066081,91.396721976144,107.585941987879,121.814530005822,145.109919034518,12.9661130075437,112.108521779378,94.0477376302083,4.69260240435566,0,33.1429755189917,206.157455444336,0,0,0,0,0,218.914726257324,186.259643554688,0,0,0,0,0,0,212.408950805664,0,0,0,0,0,0,0,0,0,177.964984130859,113.371845245361,132.694091796875,115.227043151855,174.782180786133,203.690078735352,167.921188354492,0,0,0,0
30.5719367874252,106.952260017395,103.996323394775,71.4877451639327,93.4192845271184,56.2337532043457,97.5550912710337,85.2011767241914,97.1036001841227,75.4104116639095,88.9041108025445,101.275651351265,87.1410094367133,154.788806152344,45.831111571368,92.6068267822266,77.964364914667,83.7050357559352,120.835445404053,107.486645438454,104.647244966947,62.9517567401796,67.3953163471628,73.4028237708529,74.3149197030132,137.126752853394,116.739879552869,110.249457288144,73.0603600532778,15.7850041973348,28.3825661030562,146.90589650472,0,10.0580765444901,19.6068484131217,157.19514465332,0,158.871406555176,91.6448860168457,151.597534179688,0,156.407180786133,145.38023445823,186.381814575195,0,163.154594421387,218.52946472168,0,0,180.247133527483,0,107.029964447021,159.316204833984,0,161.313847859701,152.968643188477,175.344967651367,68.0369110107422,0,117.942772714715,131.589416503906,151.869934082031,133.159647623698,147.015090942383,144.165882873535,125.866821289062,0,0,130.603744506836,147.683046976725
60.1977634233298,72.4145961429762,65.4056430066035,67.3871247303055,97.8591185251872,34.3808118837689,60.6521106535389,92.5566355275267,55.45546796141,102.21471923554,87.2754326178357,26.8114174065645,89.2913392242295,55.1362443956278,46.2007110708328,98.3340496264006,83.3043728621759,36.0845027787594,57.125291313976,46.4679968477828,92.8881375572898,43.4700670128901,75.6607648494632,44.0494892728157,90.0046502726192,63.6361616004227,62.3354038467628,72.9177552597503,75.6502544596332,32.7867483547891,37.6261183426423,72.413503605566,33.1429755189917,19.6068484131217,11.040857080323,163.042563544379,84.7912553640512,112.162364822497,90.5890155714385,149.763725280762,0,184.599293518066,151.32288965903,180.100317818778,0,172.691746678846,126.242691040039,170.793853759766,108.335873252467,177.422139237567,0,116.056584358215,124.440688401126,126.37468486362,123.348799800873,197.585998535156,157.225168863932,120.025720076127,131.588981258059,133.07015671503,107.582794698079,113.682061289398,118.291563967441,146.671003069196,166.863896577255,150.374959247868,127.059482574463,0,154.393546104431,145.101573262896
139.35230700175,113.559776306152,156.797317504883,162.817224502563,160.212677001953,202.663070678711,165.773212856717,149.052709726187,161.453758044121,0,172.573518451891,0,135.090705871582,0,166.386343383789,141.426605224609,139.650520324707,179.296383197491,237.077865600586,0,206.621337890625,174.618845621745,0,167.977594163683,128.855952869762,0,175.772422096946,155.173333740234,142.607412511652,156.527762965152,140.435617807749,0,206.157455444336,157.19514465332,163.042563544379,9.08150416130704,118.988705268273,106.183930454832,70.5674943449747,94.5439256204141,85.201961517334,90.0630327314138,27.1910916514677,54.1517363596891,69.9848985870679,71.4097223480542,132.295811789376,101.288961739376,149.541487012591,19.9358074878091,71.9089984893799,84.6794479511402,101.982129968826,141.395474025181,122.503477320952,99.9386807221633,76.8994175850432,87.5370474801937,91.5813398844814,78.4553173692338,121.492797851562,120.589573168152,126.828412983693,86.3510844328693,21.9279714221381,28.1642630184959,153.528518676758,89.3091512044271,34.0046808600775,65.7308585945642
130.026062011719,34.9997189961947,60.4977762048895,12.5663609769609,0,0,168.119750976562,158.109608968099,171.602931976318,0,184.383178710938,105.612539291382,154.206314086914,72.6893068949382,148.826293945312,0,79.8576927185059,74.2157145413485,88.0145568847656,114.566201019287,0,0,47.9767875671387,81.6468747456868,188.803016662598,53.7270812988281,77.4915274106539,70.9630103905996,148.094005584717,129.356046676636,133.168673197428,100.069272359212,0,0,84.7912553640512,118.988705268273,6.96455379606972,44.9867995887139,19.2581404347219,0,0,146.177160898844,120.73461960102,136.587283876207,77.1000034299671,137.745936499702,69.1968425114949,143.701458740234,50.017494654101,135.739060003107,96.1928939819336,105.230243444443,54.832260451341,67.5160935663544,56.140846986037,175.234802246094,93.5323746244786,17.9947323943689,66.2025106771251,82.3043242968046,21.1764095230215,43.9198784581499,31.4384112914504,137.229758398873,118.720744346505,98.7965033897987,62.7472735087077,0,106.858688354492,62.6443627304501
170.051485334124,85.7283889770508,85.8273025338641,63.4398883951121,226.177444458008,0,179.653942108154,160.777837371826,174.330465952555,167.489044189453,181.074115459736,141.541690826416,247.693740844727,0,178.870326795076,0,114.278536869929,108.378511153643,0,149.360524495443,228.631301879883,135.271013736725,80.1309225899833,100.586798790658,151.665040016174,111.722543716431,124.695367208341,95.7552568766276,168.476817883943,182.460089206696,146.975650634766,185.99340057373,0,158.871406555176,112.162364822497,106.183930454832,44.9867995887139,12.4037838800886,42.2997403226253,137.494745254517,191.677856445312,134.137572971642,94.0767354357696,120.509032951394,106.502140375284,118.24121936777,90.8841933674283,143.569108816294,90.2124300906533,115.62735280411,136.887113571167,75.7556771863684,38.4702778849884,91.6627978006999,62.0486976951361,160.895901679993,67.8980448148022,57.4289494495766,29.0659051318618,100.944323854861,100.791490728205,31.0292456503237,34.0388763386657,97.0920786558543,127.520810647444,80.4107553032553,93.7779178154178,193.447250366211,112.891020638602,67.1921533878915
