9.84225554920296,85.7471771240234,80.227674811227,60.3507921889022,60.2284757552608,76.2968371582031,35.6877120172504,22.8646720670177,25.7839359432734,61.8137608089962,36.2670011618366,120.475799560547,40.7791348887231,0,12.6687481365492,31.4825367567969,74.9568430582682,114.017303466797,0,0,63.7920856835707,61.780172475179,66.3732528686523,61.5505914869417,57.924518343228,0,103.488129778606,102.831505555373,41.305861467157,9.86507604395685,27.2353682052101,0,77.9388070357473,31.1175363626373,48.7580700661372,131.497601826986,0,0,76.6826516353723,0,0,138.47331237793,118.906573341006,158.765932718913,90.6795654296875,140.368789672852,0,0,0,150.537549972534,0,0,0,0,0,156.259399414062,0,77.6222610473633,123.425585428874,115.005435596813,0,0,0,120.029273538028,140.111243565877,149.47639465332,0,0,136.910438537598,130.907701280382
85.7471771240234,5.5348751600916,36.2840502233876,24.9804697036743,0,0,129.633926391602,117.626200358073,124.011347452799,80.7022647857666,0,70.7760927536908,0,44.370918697781,124.581741333008,0,51.5436966349778,41.8089851219146,82.4337554205032,48.7533146251332,0,68.8018851961408,17.972493600583,52.2194237586779,76.4745354568749,15.7775136322123,33.383143598704,29.9695402848163,80.2048473887973,0,92.1351880525288,66.2008207569952,0,0,43.3045236714681,0,98.1794738769531,72.8841355641683,53.9796555836995,0,0,218.276321411133,194.565628051758,0,0,139.784759521484,110.401867675781,129.369033813477,79.7889455159505,0,0,0,95.7015695571899,102.60595703125,105.769439697266,0,0,76.2866516113281,79.8080196380615,113.224349975586,103.707546234131,90.9913725419478,99.1414096229955,0,206.178894042969,116.219085693359,0,0,125.200927734375,109.024967193604
80.227674811227,36.2840502233876,11.1022703194458,36.8046022335759,0,73.0637817382812,108.266810677268,87.4387567308214,95.6041101952122,103.247592926025,95.2760957990374,72.4619881824781,112.998737335205,81.9956722259521,91.4808728354318,106.867668151855,70.483409266318,19.3797891665923,85.5508848620999,64.990874502943,115.837455749512,47.0406123010146,35.3804103713947,18.393213169402,89.6850407918294,83.2153401808305,20.0782387283194,28.8428996166923,68.6117302513123,80.1814430392518,48.5668719304751,110.329844156901,80.0987396240234,0,32.855836150087,140.663096110026,55.683369198361,76.4763100487845,49.0399805748904,0,0,0,149.115710449219,0,0,0,131.121975368924,0,0,0,0,98.9265408235438,83.9362718247876,140.81852722168,113.326986524794,0,113.142600250244,47.0871404386034,88.964142231459,185.995346069336,104.719006538391,87.9256490649599,80.0326658481792,112.068412017822,0,111.076504516602,0,0,0,97.2583398939688
60.3507921889022,24.9804697036743,36.8046022335759,21.5372458472848,78.3491497039795,102.473762512207,87.342353459951,63.6262258182872,81.6757883035912,11.5184888175688,76.7998457928093,59.4122401072567,58.8537343343099,67.103578714224,77.4660129911581,51.7613903168709,50.596376636948,44.0034766435057,70.9687268487338,45.2032557267409,75.3089141845703,47.2139720019944,10.8895961808067,45.1687618293037,41.3700014847577,29.4570047788531,34.8486881626395,34.5912667489828,46.4919220693631,56.7923134077059,47.7311945994097,56.7816848754883,113.017841339111,49.2735657224468,43.1889886867555,135.281753540039,33.6018117798699,54.0596313476562,26.1669703031841,0,0,93.085693359375,71.2399880335881,153.622848510742,24.3007370192429,77.879524230957,92.8533791934743,66.9996948242188,81.8573837280273,113.474884033203,0,51.4608159316213,69.1845146814982,85.7013036092122,66.6253536638007,0,56.9446272713797,10.8534205227914,49.2587064596323,63.200118014687,39.3916844367981,52.4686012148857,61.5875354139772,72.7094005237926,85.5091667175293,60.9456868171692,69.8529205322266,0,91.5500602722168,68.4565319734461
60.2284757552608,0,0,78.3491497039795,8.71087920699113,115.695220947266,42.3934885598066,36.6035223450772,56.0964294984379,34.6311035212848,23.2336989186971,0,15.0245047995696,0,69.6583363480038,43.6400652918322,82.1589946746826,0,0,0,10.2415219571573,85.2070388793945,100.567985534668,91.5448654174805,18.2520034720319,0,0,147.115188598633,11.4723472983469,54.3208612786516,54.7074537621923,0,102.472442626953,50.9999344733454,68.9671977233887,0,0,0,73.9054527282715,7.83042560116998,0,0,126.943352439187,162.238143920898,103.596092224121,175.920623779297,0,28.3484851663763,0,0,0,0,0,0,0,0,0,0,0,111.972142387839,0,0,0,113.063491821289,0,0,0,0,123.58959197998,0
76.2968371582031,0,73.0637817382812,102.473762512207,115.695220947266,8.10484654769882,12.9046777344565,100.730611464557,17.4665199302741,121.641334533691,104.184284556996,67.7944736480713,88.2224239773221,0,35.3917598684957,13.4281651935491,157.940002441406,58.4912223815918,147.814163208008,0,137.780078887939,113.875091552734,99.5080718994141,114.314014434814,108.858100891113,0,121.191932678223,0,104.258470015092,26.223866804285,102.248824119568,0,11.0809974476453,65.060630125158,34.7475784989797,0,0,0,0,0,0,0,0,0,0,0,0,0,0,0,0,0,0,0,0,0,0,0,0,186.685821533203,0,0,0,0,0,0,0,0,0,0
35.6877120172504,129.633926391602,108.266810677268,87.342353459951,42.3934885598066,12.9046777344565,6.73799982678636,54.4220605331754,15.8378954901016,54.6114424772041,13.9060227555073,66.3091944885254,14.2255813131754,68.9108695983887,27.0530434967483,8.79873804271335,85.731575012207,0,0,0,22.0617395403687,99.760578918457,88.74458855523,90.2404866711847,49.8509874724292,76.7281532287598,125.576968383789,124.772673712836,53.5742674488184,24.9437809461273,74.3041545892853,90.4309234619141,13.5449916983467,45.2587304919463,31.3215187605359,153.728134155273,0,0,96.8485510084364,0,0,162.950286865234,143.569379425049,176.286651611328,115.930644989014,160.059107462565,116.345397949219,25.7303026252323,97.6828842163086,167.991442871094,0,123.304389953613,0,0,0,0,0,0,0,137.971782430013,0,0,0,148.463665771484,166.579900105794,0,0,0,152.228927612305,150.775695800781
22.8646720670177,117.626200358073,87.4387567308214,63.6262258182872,36.6035223450772,100.730611464557,54.4220605331754,8.57755541494941,44.9977022901683,53.738113033161,12.2449239914933,0,46.7336174080033,0,23.3974486922362,60.3949012756348,75.6182646317915,86.5956172943115,0,0,34.9089340535702,61.07645266989,66.4603775312316,71.631656368127,43.6021667277446,0,109.028312683105,105.466571299235,20.4005203037975,35.7732283271571,16.7465959826273,0,107.847814941406,46.9652603973836,47.9448969262278,119.232477361506,0,0,72.4273475110531,0,182.108016967773,143.191814967564,113.110675493876,153.122234090169,79.4610612587851,133.093721628189,0,104.490640640259,0,150.880559921265,0,0,0,0,0,185.617614746094,0,91.7295761108398,140.87407430013,110.73822716607,0,0,124.554527282715,110.181157253756,135.906945364816,132.073905097114,0,0,127.963203938802,131.191790129009
25.7839359432734,124.011347452799,95.6041101952122,81.6757883035912,56.0964294984379,17.4665199302741,15.8378954901016,44.9977022901683,8.46097177947883,68.3377227999947,23.0811010040908,77.6545562744141,23.7927248487024,72.6547266642253,14.1295501894118,24.8034359347684,91.4632919311523,205.750091552734,0,116.041155497233,39.9100650256265,84.0561406816755,82.1646949847539,82.7673944349033,60.2067409888246,63.6450309753418,119.693269379285,120.327611454198,58.528710871208,25.6873794167513,62.7784573096522,0,14.9164667631346,42.0940837678948,39.5760925456109,148.736173357282,0,155.369010925293,90.8776003279776,0,0,157.192092895508,126.900169568184,152.254130772182,93.1336103166853,152.460441080729,152.233337402344,115.793308258057,100.877456665039,165.919223022461,169.498825073242,0,0,0,0,0,157.473724365234,102.262492370605,147.35139465332,136.155069490758,0,0,181.948272705078,133.334000436883,147.410076904297,142.056587219238,0,0,140.749747140067,146.051770136907
61.8137608089962,80.7022647857666,103.247592926025,11.5184888175688,34.6311035212848,121.641334533691,54.6114424772041,53.738113033161,68.3377227999947,8.97543601746738,53.490492179476,0,11.8054390427245,0,78.9441075936342,16.0420489200764,73.3292526245117,109.553237915039,0,0,24.5275196764204,63.2079216529583,18.3885377680824,76.7941589355469,19.0670598128297,0,0,82.6349165780204,42.4937827162111,58.4719957216518,55.2867113381378,0,0,56.5621751855921,54.2150917905669,83.2685031890869,117.37223815918,209.561981201172,35.1203616416013,0,0,114.636306762695,80.1954964618294,110.831482627175,44.7931936479384,102.079896688461,0,60.1992931365967,0,107.267910003662,129.59211730957,85.3603261311849,0,0,0,0,0,0,0,71.9462105257427,0,0,0,81.8549651521625,101.785573323568,86.0372009277344,0,0,87.8440399169922,91.8699815538194
36.2670011618366,0,95.2760957990374,76.7998457928093,23.2336989186971,104.184284556996,13.9060227555073,12.2449239914933,23.0811010040908,53.490492179476,8.84924994432418,0,19.9488909966979,0,26.1412799343775,52.6207455870926,83.6980311075846,74.9784088134766,0,158.111038208008,18.5308490289797,87.2561449323382,80.2787419128418,89.2743903129331,39.7736843670739,0,127.526916503906,112.223141988118,18.1771148757346,64.1503858686567,60.8244149145419,0,109.25640296936,51.3456271584354,58.4335756429036,0,0,0,82.7301351759169,38.2542495727539,0,172.137298583984,134.533264584012,148.221186319987,106.582181930542,160.863487243652,0,25.7812529107799,0,140.696899414062,0,0,0,0,0,0,0,0,0,128.008520812988,0,0,126.707168579102,126.035926818848,155.624492645264,140.037017822266,0,0,0,161.873028564453
120.475799560547,70.7760927536908,72.4619881824781,59.4122401072567,0,67.7944736480713,66.3091944885254,0,77.6545562744141,0,0,8.54966960079732,0,14.6346481964286,73.6834312438965,80.4893061319987,126.795361836751,51.1594159856756,15.2314629732344,20.3238592469672,0,89.8163743019104,109.755003929138,90.3697196796376,176.792655944824,26.8538820193903,19.3588799133089,47.9096401526258,153.724334716797,49.9829227274114,104.825296856108,23.7762250576576,51.5687625591572,115.037544250488,31.9680094167467,202.576126098633,108.439154052734,135.478332519531,85.4886260032654,0,0,0,0,91.0681762695312,168.542190551758,0,69.1635617461221,0,62.607893529928,0,0,0,130.954345703125,92.8546688912929,99.8851447105408,0,0,127.744668960571,140.505912780762,0,59.9749872655044,91.7245407927808,98.2413057908944,0,0,145.983963012695,87.7203723746286,0,0,113.542058563232
40.7791348887231,0,112.998737335205,58.8537343343099,15.0245047995696,88.2224239773221,14.2255813131754,46.7336174080033,23.7927248487024,11.8054390427245,19.9488909966979,0,7.15721893659458,0,46.7000748350265,13.2205750116538,0,0,0,0,12.3112817192586,91.5789860316685,73.1511421203613,93.3482513427734,21.4951480915258,0,0,144.122146606445,41.7026045444583,65.2888864809084,79.3890264462202,0,91.4817640516493,51.7464814826624,62.3276539378696,142.164093017578,0,0,75.2357187906901,0,0,39.1600155830383,145.485224405924,167.853210449219,79.8663129806519,32.9912684970432,0,7.77263194273699,0,0,0,0,0,0,0,8.44617142065978,0,0,0,110.502419211648,0,0,0,144.720654296875,0,0,0,0,0,0
0,44.370918697781,81.9956722259521,67.103578714224,0,0,68.9108695983887,0,72.6547266642253,0,0,14.6346481964286,0,7.77791662655704,74.26337890625,0,0,100.063495635986,39.0238415713137,57.4012130150428,0,144.488395690918,0,96.0419250488281,0,23.3687814649067,32.8935315334874,22.1046212376668,0,52.7084908485413,0,20.817800134158,58.9579162597656,0,48.2142481529455,0,80.8622131347656,0,139.06071472168,0,0,0,0,0,0,0,67.7569970146058,0,54.0425570293139,0,0,0,0,82.5093282063802,94.605820719401,0,0,0,0,0,56.723228601309,88.4525175730387,92.8942541503906,0,0,157.097579956055,88.6655680338542,0,0,103.66050567627
12.6687481365492,124.581741333008,91.4808728354318,77.4660129911581,69.6583363480038,35.3917598684957,27.0530434967483,23.3974486922362,14.1295501894118,78.9441075936342,26.1412799343775,73.6834312438965,46.7000748350265,74.26337890625,7.08110880165118,26.4368485498213,87.4762802124023,0,0,178.158843994141,70.7263023853302,83.3624971707662,75.9442762049233,76.6334717474251,69.7941641489665,79.4086227416992,119.252177203143,108.966350432365,58.1666355683393,13.7292977888585,31.8632415093545,0,14.3199120670135,30.5299112704263,38.0089188572906,128.713172912598,0,0,83.2153262514057,0,0,166.377220153809,128.144669272683,166.157894897461,83.9516135321723,148.326599121094,0,0,0,147.761847359794,0,0,0,0,0,0,0,111.577949523926,146.88606262207,131.944644292196,0,146.597564697266,0,128.453441301982,149.328945159912,133.943738301595,0,0,148.979420979818,155.150907244001
31.4825367567969,0,106.867668151855,51.7613903168709,43.6400652918322,13.4281651935491,8.79873804271335,60.3949012756348,24.8034359347684,16.0420489200764,52.6207455870926,80.4893061319987,13.2205750116538,0,26.4368485498213,7.23344248165451,0,0,0,0,46.4365942080816,62.2444229125977,59.4658259639034,85.9552764892578,37.9452184514042,0,0,114.629549026489,66.7863204840458,29.2191323903637,66.8716707229614,0,34.9599815447306,38.6625959100858,32.1746213679411,133.92268371582,0,0,70.8170215606689,0,0,0,124.143488566081,0,88.37890625,0,0,0,0,0,0,0,0,0,0,0,0,91.0105972290039,0,111.506285985311,0,0,0,79.3146896362305,152.294708251953,0,0,0,105.617248535156,158.155822753906
74.9568430582682,51.5436966349778,70.483409266318,50.596376636948,82.1589946746826,157.940002441406,85.731575012207,75.6182646317915,91.4632919311523,73.3292526245117,83.6980311075846,126.795361836751,0,0,87.4762802124023,0,12.0698647343789,91.9988431428608,0,109.590295791626,0,15.6661003561808,31.8940302929664,13.9414070914097,31.1093997991337,107.766632080078,90.2135878762046,26.0097629161502,29.1170538365253,71.4568703061058,50.2740300133724,118.252192179362,127.384384155273,43.3619174957275,48.8143898156973,0,0,101.262648582458,59.8092614087192,0,0,0,0,0,0,0,163.500900268555,0,0,0,0,105.794513702393,0,0,170.302557373047,0,108.167283194406,60.8946364131975,99.8977863150583,147.965240478516,0,139.630331675212,108.705973052979,0,123.084144592285,102.536783854167,0,0,0,110.936817169189
114.017303466797,41.8089851219146,19.3797891665923,44.0034766435057,0,58.4912223815918,0,86.5956172943115,205.750091552734,109.553237915039,74.9784088134766,51.1594159856756,0,100.063495635986,0,0,91.9988431428608,8.36014540518682,65.4838702760894,20.5920296547025,0,36.5036153576591,69.7355712890625,13.9442635232159,99.7884046766493,60.9627662457918,17.4127311085668,42.6040988570406,84.6424913406372,110.218612670898,57.2142154235692,101.221618652344,0,66.4873657226562,25.7055017559758,154.619517008464,71.6350431442261,84.5479828564089,56.456929767833,0,0,0,0,0,0,0,109.136809212821,0,0,0,0,134.080567932129,97.7389683193631,104.053184509277,104.402720432655,0,127.492641448975,135.958862304688,107.073212256798,0,110.293962478638,91.7205773069147,93.262830918835,0,0,141.082611083984,0,0,0,102.501380471622
0,82.4337554205032,85.5508848620999,70.9687268487338,0,147.814163208008,0,0,0,0,0,15.2314629732344,0,39.0238415713137,0,0,0,65.4838702760894,7.17613828539941,12.073705553811,0,103.914279937744,123.989345550537,104.221875145322,0,47.5124772867075,16.7258328636638,53.1753998990702,0,56.3137969970703,113.358997662862,42.5222187042236,105.880599975586,0,45.9938965722222,0,0,149.003490447998,60.9229723612467,0,0,0,0,0,0,0,86.3278632566153,0,87.1201062635942,0,0,0,157.376068115234,104.113380432129,114.577337182086,0,175.633544921875,129.960708618164,0,0,76.0954536930207,104.418613110558,107.595191955566,0,0,181.771423339844,104.913862864176,0,0,124.852342224121
0,48.7533146251332,64.990874502943,45.2032557267409,0,0,0,0,116.041155497233,0,158.111038208008,20.3238592469672,0,57.4012130150428,178.158843994141,0,109.590295791626,20.5920296547025,12.073705553811,9.5723811081084,0,81.0792853780036,99.0492696762085,59.8355554590888,134.301431655884,46.5116260809736,17.177486968752,50.7086364792702,108.0751953125,76.6194152832031,91.8840050358343,57.4669873809814,0,0,36.2913895588933,0,127.139645894368,114.862461090088,77.971959547563,0,0,0,0,0,0,0,92.163677899486,0,90.012451171875,0,0,165.58984375,112.205295396888,106.303870994166,102.913155163411,0,0,116.041515350342,125.763780593872,0,82.7807021047555,92.6988837262417,104.03058632341,0,0,158.640968322754,106.855588531494,0,0,106.348222255707
63.7920856835707,0,115.837455749512,75.3089141845703,10.2415219571573,137.780078887939,22.0617395403687,34.9089340535702,39.9100650256265,24.5275196764204,18.5308490289797,0,12.3112817192586,0,70.7263023853302,46.4365942080816,0,0,0,0,8.02421156657437,120.054473876953,108.697497049967,93.3889808654785,17.6361989032616,0,0,141.503433227539,19.7002347537449,60.2607834687931,67.3107398640026,0,110.517631530762,63.9844050551906,74.170645904541,167.473495483398,0,0,98.0636024475098,24.8223411560059,0,0,0,0,102.851264953613,0,0,15.0368167803838,0,0,0,0,0,0,0,0,0,0,0,130.445541381836,0,0,0,0,174.579330444336,0,0,0,153.303283691406,0
61.780172475179,68.8018851961408,47.0406123010146,47.2139720019944,85.2070388793945,113.875091552734,99.760578918457,61.07645266989,84.0561406816755,63.2079216529583,87.2561449323382,89.8163743019104,91.5789860316685,144.488395690918,83.3624971707662,62.2444229125977,15.6661003561808,36.5036153576591,103.914279937744,81.0792853780036,120.054473876953,8.4297827127583,35.1426661659644,18.5853841359753,16.0404315868618,108.335874769423,77.3819046789213,56.8774782477577,17.696258158422,68.2971939863982,20.1278984006717,123.3264503479,0,50.1956839788528,36.7442467299853,116.75224849156,102.368392944336,110.872482299805,60.2691433102477,0,0,147.011215209961,120.284102303641,140.973373413086,87.9906063079834,0,159.800155639648,0,0,129.894376118978,0,95.9546076936542,0,157.126083374023,165.257949829102,0,96.8376137228573,56.6218754744329,95.9716204885709,119.352186838786,175.966659545898,143.04186793736,120.332539240519,109.300320943197,115.171572875977,95.6791055467394,0,0,112.299049377441,109.884786293723
66.3732528686523,17.972493600583,35.3804103713947,10.8895961808067,100.567985534668,99.5080718994141,88.74458855523,66.4603775312316,82.1646949847539,18.3885377680824,80.2787419128418,109.755003929138,73.1511421203613,0,75.9442762049233,59.4658259639034,31.8940302929664,69.7355712890625,123.989345550537,99.0492696762085,108.697497049967,35.1426661659644,7.7275194190942,40.6847803639578,20.8720922118246,57.0129936218262,77.651788453798,30.6952614844959,45.2602865016008,63.6958908623245,42.0964923586164,0,117.671796798706,43.876677385966,37.7143007685741,95.8557529449463,0,94.8317527770996,38.8059411871022,0,0,109.541915893555,86.510782623291,106.127511978149,51.7166999816895,103.641284942627,0,92.1127319335938,0,76.0215377807617,0,73.2408142089844,0,0,0,0,77.741304397583,28.023057021792,72.0843678254348,75.4752946790758,0,156.221681594849,109.347011566162,80.9541393148488,78.3863792419434,78.796053314209,0,0,107.990783691406,90.3106269836426
61.5505914869417,52.2194237586779,18.393213169402,45.1687618293037,91.5448654174805,114.314014434814,90.2404866711847,71.631656368127,82.7673944349033,76.7941589355469,89.2743903129331,90.3697196796376,93.3482513427734,96.0419250488281,76.6334717474251,85.9552764892578,13.9414070914097,13.9442635232159,104.221875145322,59.8355554590888,93.3889808654785,18.5853841359753,40.6847803639578,9.87023133197028,39.2226031507276,86.2880972157354,46.6426826572247,22.6079350470376,24.4179134007537,52.9182603490634,31.3794771334041,123.058464050293,124.328811645508,76.670530796051,36.8700042078912,128.289768218994,112.302700042725,84.7242623192923,56.2124562490554,0,0,171.350471496582,127.438766479492,144.489551544189,108.73227255685,0,131.801055908203,0,0,123.296382904053,103.384788513184,92.7864218956786,113.801483631134,147.595455169678,143.417303357806,0,94.5258978094373,57.9370140954265,90.4468746503875,109.895385742188,110.937089920044,133.713334925034,90.1631755759499,111.359819412231,123.999830627441,96.0814598289696,0,0,0,103.107680691276
57.924518343228,76.4745354568749,89.6850407918294,41.3700014847577,18.2520034720319,108.858100891113,49.8509874724292,43.6021667277446,60.2067409888246,19.0670598128297,39.7736843670739,176.792655944824,21.4951480915258,0,69.7941641489665,37.9452184514042,31.1093997991337,99.7884046766493,0,134.301431655884,17.6361989032616,16.0404315868618,20.8720922118246,39.2226031507276,9.36372999745891,112.168792724609,106.413281316343,66.0691247257501,17.7411243632269,48.3961366028495,48.9189146403443,136.445022583008,114.301915949041,46.5875008684708,49.4303255360713,119.256051381429,0,125.488502502441,60.6391527060694,0,0,132.478507995605,105.081774505258,134.287855260512,67.3268521124857,126.226497816003,0,102.810297224257,0,130.533028822679,103.944473266602,134.227073669434,0,0,0,155.504398345947,114.685147966657,77.4159008906438,116.839177767436,99.6044115225474,168.401229858398,142.83235168457,162.958335876465,103.19045625731,120.421058109828,124.548270543416,0,0,114.875766330295,116.799825726133
0,15.7775136322123,83.2153401808305,29.4570047788531,0,0,76.7281532287598,0,63.6450309753418,0,0,26.8538820193903,0,23.3687814649067,79.4086227416992,0,107.766632080078,60.9627662457918,47.5124772867075,46.5116260809736,0,108.335874769423,57.0129936218262,86.2880972157354,112.168792724609,5.69981519640911,30.9880969334732,27.0674507842618,121.398178100586,51.2191905975342,106.046897888184,36.8312507475643,0,83.749641418457,49.9308197562965,0,55.8103256225586,0,79.6128692626953,0,0,0,0,0,0,0,44.3385265072187,0,41.9696266991752,0,0,0,100.884948730469,78.9254662484834,83.3225665372961,0,0,0,106.33585357666,0,35.163411060969,73.8088882366816,73.4880760534486,0,160.878326416016,153.028030395508,67.8411799839565,0,0,74.9299926757812
103.488129778606,33.383143598704,20.0782387283194,34.8486881626395,0,121.191932678223,125.576968383789,109.028312683105,119.693269379285,0,127.526916503906,19.3588799133089,0,32.8935315334874,119.252177203143,0,90.2135878762046,17.4127311085668,16.7258328636638,17.177486968752,0,77.3819046789213,77.651788453798,46.6426826572247,106.413281316343,30.9880969334732,9.46674831308419,19.1302139627144,95.0510306448307,94.1687651134673,82.3283074968561,12.2558673793489,0,0,38.4948453116482,183.584462483724,96.3199903170268,102.262432504208,59.4092516146208,0,0,0,0,0,0,0,79.2190487159873,0,80.476491765773,0,0,132.113427734375,96.9819960201488,93.1773982142543,89.6518329302975,0,145.417018254598,122.977689743042,132.056549390157,0,76.7710118293762,79.9932822512216,90.1534010986459,153.167266845703,155.562110900879,157.193414088658,92.904883899908,0,0,96.2040905101879
102.831505555373,29.9695402848163,28.8428996166923,34.5912667489828,147.115188598633,0,124.772673712836,105.466571299235,120.327611454198,82.6349165780204,112.223141988118,47.9096401526258,144.122146606445,22.1046212376668,108.966350432365,114.629549026489,26.0097629161502,42.6040988570406,53.1753998990702,50.7086364792702,141.503433227539,56.8774782477577,30.6952614844959,22.6079350470376,66.0691247257501,27.0674507842618,19.1302139627144,10.5260257231528,68.1196468209862,98.7133449978299,81.4454797250884,17.3270235979814,194.629058837891,87.6221799850464,48.8643183010902,165.36555480957,78.0421115330287,80.8496702349509,50.5388298585925,0,0,0,0,0,0,0,85.3271363947513,0,92.8012460561899,190.078643798828,0,90.8090808868408,97.5708944242295,97.3547611490885,97.5485764001248,0,98.5179504394531,51.9612054486647,91.5091941833496,0,68.3696717368232,84.3546517956319,90.810724496507,171.537055969238,121.615928649902,148.387347412109,98.0344758033752,0,0,98.7524027940704
41.305861467157,80.2048473887973,68.6117302513123,46.4919220693631,11.4723472983469,104.258470015092,53.5742674488184,20.4005203037975,58.528710871208,42.4937827162111,18.1771148757346,153.724334716797,41.7026045444583,0,58.1666355683393,66.7863204840458,29.1170538365253,84.6424913406372,0,108.0751953125,19.7002347537449,17.696258158422,45.2602865016008,24.4179134007537,17.7411243632269,121.398178100586,95.0510306448307,68.1196468209862,10.1292389828017,52.2776394292946,26.3990156156228,135.115928649902,107.578714544123,52.1606781475175,39.9717020745462,115.881585219811,0,134.748601277669,62.9175584321864,16.1380901033916,0,136.829553419544,105.49000606588,132.080583933237,71.0091125882905,120.723618825277,0,92.1221988512122,0,124.576154197135,139.52091217041,103.211322784424,117.262008666992,194.376876831055,0,129.382995605469,110.01579611642,73.6891206440173,112.782557631984,100.03089656476,0,171.449620564779,147.65783996582,101.706148804737,122.467659814017,117.798716125488,0,204.20133972168,113.63977090936,115.696421553449
9.86507604395685,0,80.1814430392518,56.7923134077059,54.3208612786516,26.223866804285,24.9437809461273,35.7732283271571,25.6873794167513,58.4719957216518,64.1503858686567,49.9829227274114,65.2888864809084,52.7084908485413,13.7292977888585,29.2191323903637,71.4568703061058,110.218612670898,56.3137969970703,76.6194152832031,60.2607834687931,68.2971939863982,63.6958908623245,52.9182603490634,48.3961366028495,51.2191905975342,94.1687651134673,98.7133449978299,52.2776394292946,6.76754877697474,18.8894841415716,153.106750488281,10.1146039124023,12.4466150507837,30.7942617731107,129.005811963763,0,0,77.0838632912471,0,0,131.090377807617,115.885416030884,139.543172200521,94.6632935373407,149.103858100043,0,110.313016255697,0,137.268220689562,0,112.948196411133,0,0,112.46118927002,174.973999023438,0,84.9508666992188,110.948622131348,109.686066367409,0,135.74462890625,142.336769104004,111.705978676125,131.374759016366,116.554676600865,0,0,127.951839793812,128.126150403704
27.2353682052101,92.1351880525288,48.5668719304751,47.7311945994097,54.7074537621923,102.248824119568,74.3041545892853,16.7465959826273,62.7784573096522,55.2867113381378,60.8244149145419,104.825296856108,79.3890264462202,0,31.8632415093545,66.8716707229614,50.2740300133724,57.2142154235692,113.358997662862,91.8840050358343,67.3107398640026,20.1278984006717,42.0964923586164,31.3794771334041,48.9189146403443,106.046897888184,82.3283074968561,81.4454797250884,26.3990156156228,18.8894841415716,10.3741481746934,139.044158935547,106.869522094727,45.9707024362352,36.6498254887997,113.832581111363,131.98371887207,123.339771270752,60.3213696941253,0,0,132.899393717448,100.604769167693,140.81785179587,81.17662302653,132.342164993286,156.918876647949,125.292106628418,0,127.402465820312,118.568344116211,94.5856503077916,144.909030914307,0,163.033259998668,211.779983520508,101.216681241989,59.2540395783215,98.9267594337463,112.254810660226,0,144.601263427734,150.05017375946,95.6036428407181,121.057498274178,104.227808438815,153.716018676758,154.266220092773,122.429935455322,109.144983291626
0,66.2008207569952,110.329844156901,56.7816848754883,0,0,90.4309234619141,0,0,0,0,23.7762250576576,0,20.817800134158,0,0,118.252192179362,101.221618652344,42.5222187042236,57.4669873809814,0,123.3264503479,0,123.058464050293,136.445022583008,36.8312507475643,12.2558673793489,17.3270235979814,135.115928649902,153.106750488281,139.044158935547,5.79097447362659,0,0,65.7868542851628,0,0,0,174.376617431641,0,0,0,0,0,0,0,82.0390175731242,0,81.7827239990234,0,0,0,112.711349487305,100.653048197428,111.631273057726,0,0,0,0,0,72.8641361660428,94.7338907718658,105.849136598649,0,0,0,94.5516174316406,0,0,106.833103179932
77.9388070357473,0,80.0987396240234,113.017841339111,102.472442626953,11.0809974476453,13.5449916983467,107.847814941406,14.9164667631346,0,109.25640296936,51.5687625591572,91.4817640516493,58.9579162597656,14.3199120670135,34.9599815447306,127.384384155273,0,105.880599975586,0,110.517631530762,0,117.671796798706,124.328811645508,114.301915949041,0,0,194.629058837891,107.578714544123,10.1146039124023,106.869522094727,0,6.03430247166299,67.3226954142253,29.2042066300113,0,0,0,120.486473083496,0,0,0,0,0,0,0,0,0,0,0,0,0,0,0,0,0,0,0,0,0,0,0,0,0,0,0,0,0,0,0
31.1175363626373,0,0,49.2735657224468,50.9999344733454,65.060630125158,45.2587304919463,46.9652603973836,42.0940837678948,56.5621751855921,51.3456271584354,115.037544250488,51.7464814826624,0,30.5299112704263,38.6625959100858,43.3619174957275,66.4873657226562,0,0,63.9844050551906,50.1956839788528,43.876677385966,76.670530796051,46.5875008684708,83.749641418457,0,87.6221799850464,52.1606781475175,12.4466150507837,45.9707024362352,0,67.3226954142253,5.32782613357675,33.8868763427424,126.09827931722,0,87.6988067626953,76.4490248362223,0,0,157.715515136719,137.384676615397,151.304176330566,70.6280822753906,139.776077270508,0,0,0,116.907152811686,0,0,0,0,0,0,0,67.6004905700684,102.522127787272,122.648551093207,0,0,0,107.496560668945,131.861326853434,92.5589879353841,0,0,126.28830464681,118.723471505301
48.7580700661372,43.3045236714681,32.855836150087,43.1889886867555,68.9671977233887,34.7475784989797,31.3215187605359,47.9448969262278,39.5760925456109,54.2150917905669,58.4335756429036,31.9680094167467,62.3276539378696,48.2142481529455,38.0089188572906,32.1746213679411,48.8143898156973,25.7055017559758,45.9938965722222,36.2913895588933,74.170645904541,36.7442467299853,37.7143007685741,36.8700042078912,49.4303255360713,49.9308197562965,38.4948453116482,48.8643183010902,39.9717020745462,30.7942617731107,36.6498254887997,65.7868542851628,29.2042066300113,33.8868763427424,10.9210947584287,116.546894073486,72.9752088274275,87.6730526835979,57.3532602589601,0,0,132.131546020508,96.1958084106445,137.301690101624,74.5698156356812,144.319363911947,96.7987045125758,0,85.0259534200033,131.082344055176,0,100.070630160245,89.6945883433024,114.306223942683,109.845642496745,156.11669921875,99.7222135139234,62.2594007891278,100.059709103902,103.11575217869,82.7706549508231,96.8029243395879,99.5033341466853,102.828206743513,111.85960337321,101.8684759701,112.709067208426,0,117.211719512939,102.878323435783
131.497601826986,0,140.663096110026,135.281753540039,0,0,153.728134155273,119.232477361506,148.736173357282,83.2685031890869,0,202.576126098633,142.164093017578,0,128.713172912598,133.92268371582,0,154.619517008464,0,0,167.473495483398,116.75224849156,95.8557529449463,128.289768218994,119.256051381429,0,183.584462483724,165.36555480957,115.881585219811,129.005811963763,113.832581111363,0,0,126.09827931722,116.546894073486,7.95425799291691,94.646242203251,67.6139269086008,60.6379023536307,65.7396948072645,67.2958091287052,32.4469575445046,29.1718506465662,23.7667801433299,55.1037866259934,36.5717992623093,120.697263808477,58.7812164373565,0,13.2788935719213,24.1420970114933,55.7946023048438,100.623183415941,128.726562182109,111.897826039119,62.8770083427429,63.0147602844238,55.2242268976176,55.1983493706043,52.4555906804732,138.809272766113,89.820828498086,89.7695563913702,48.5933459736942,9.93655517759416,20.0922638268819,0,79.9524586995443,16.4941132989657,45.7401657214426
0,98.1794738769531,55.683369198361,33.6018117798699,0,0,0,0,0,117.37223815918,0,108.439154052734,0,80.8622131347656,0,0,0,71.6350431442261,0,127.139645894368,0,102.368392944336,0,112.302700042725,0,55.8103256225586,96.3199903170268,78.0421115330287,0,0,131.98371887207,0,0,0,72.9752088274275,94.646242203251,5.72858496038573,30.7501810140777,14.7032942816559,0,106.470741271973,124.910972595215,104.061044692993,108.521494547526,55.373080649027,0,52.9605355817218,142.264633178711,42.7473946282435,124.854480743408,0,64.5506865692139,41.6741560012852,68.5328594705333,50.9552698156807,0,76.5205682118734,21.8258689578487,58.1165763829884,68.9407177879697,12.2314910776446,27.8633757849615,28.8003878812152,84.9011580727317,111.456942558289,82.562884878605,57.795096927219,0,0,46.1555989346983
0,72.8841355641683,76.4763100487845,54.0596313476562,0,0,0,0,155.369010925293,209.561981201172,0,135.478332519531,0,0,0,0,101.262648582458,84.5479828564089,149.003490447998,114.862461090088,0,110.872482299805,94.8317527770996,84.7242623192923,125.488502502441,0,102.262432504208,80.8496702349509,134.748601277669,0,123.339771270752,0,0,87.6988067626953,87.6730526835979,67.6139269086008,30.7501810140777,9.86945013825769,32.2986858979189,0,142.521957397461,117.92730582101,72.2626394507643,107.439544595254,90.1606356302897,104.178788461993,67.8957049201517,143.180414835612,0,103.645325303078,107.311126708984,64.9622942684618,35.5454055360679,76.1206514109736,53.6313389305426,124.061576843262,45.4958016201408,33.3488937458049,18.9183694484267,85.6188597843565,82.0406517028809,20.634659850534,29.995184669449,59.3332441838582,69.1819757863393,45.5032168833312,124.368453979492,147.735794067383,79.5969640882753,43.1671506391716
76.6826516353723,53.9796555836995,49.0399805748904,26.1669703031841,73.9054527282715,0,96.8485510084364,72.4273475110531,90.8776003279776,35.1203616416013,82.7301351759169,85.4886260032654,75.2357187906901,139.06071472168,83.2153262514057,70.8170215606689,59.8092614087192,56.456929767833,60.9229723612467,77.971959547563,98.0636024475098,60.2691433102477,38.8059411871022,56.2124562490554,60.6391527060694,79.6128692626953,59.4092516146208,50.5388298585925,62.9175584321864,77.0838632912471,60.3213696941253,174.376617431641,120.486473083496,76.4490248362223,57.3532602589601,60.6379023536307,14.7032942816559,32.2986858979189,14.3399535655975,98.4718885421753,103.635613759359,76.6762042202792,44.3332324408589,77.0629109363167,11.7272656207058,66.3078404130607,74.7104849979795,60.485645657494,85.8616177485539,66.7836870193482,58.174884185791,36.5237795653332,44.0565288802235,72.9377138955252,50.7997255951166,59.4613219041091,48.9733660176115,20.7679495780727,49.8733797690851,22.3901463897521,20.0600197073072,32.0902346510869,33.4317420121635,36.9346405929053,60.8408023132189,48.8494933501329,80.2174549102783,103.756843566895,53.8799102020264,53.8222127129661
0,0,0,0,7.83042560116998,0,0,0,0,0,38.2542495727539,0,0,0,0,0,0,0,0,0,24.8223411560059,0,0,0,0,0,0,0,16.1380901033916,0,0,0,0,0,0,65.7396948072645,0,0,98.4718885421753,8.64060697919533,0,46.9969998677572,64.2274239110012,53.7268455823263,48.4524954126236,17.0282074609802,0,33.226891821053,0,78.3339108918843,58.2845768398709,0,0,0,0,11.6293420685093,0,109.485023498535,112.260871887207,16.9130264007792,0,178.286590576172,148.773468017578,10.2977669346261,83.8493049621582,81.1025269826253,0,0,76.5865173339844,76.6018630981445
0,0,0,0,0,0,0,182.108016967773,0,0,0,0,0,0,0,0,0,0,0,0,0,0,0,0,0,0,0,0,0,0,0,0,0,0,0,67.2958091287052,106.470741271973,142.521957397461,103.635613759359,0,7.13795348180966,9.45285689937116,103.428144182478,13.8169293314392,111.581619262695,120.017779032389,60.602505002703,0,67.7221145629883,36.8871583602424,12.2396289796051,97.0378112792969,87.5692672729492,0,78.463623046875,0,0,102.134530639648,98.2658208211263,108.781293869019,0,147.891021728516,132.758010864258,102.73760732015,28.3054675758916,91.7256851196289,0,12.0610677248357,82.208179473877,35.8599583771494
138.47331237793,218.276321411133,0,93.085693359375,0,0,162.950286865234,143.191814967564,157.192092895508,114.636306762695,172.137298583984,0,39.1600155830383,0,166.377220153809,0,0,0,0,0,0,147.011215209961,109.541915893555,171.350471496582,132.478507995605,0,0,0,136.829553419544,131.090377807617,132.899393717448,0,0,157.715515136719,132.131546020508,32.4469575445046,124.910972595215,117.92730582101,76.6762042202792,46.9969998677572,9.45285689937116,6.86650661949903,56.6132926026509,14.5102486278632,55.3120256274579,17.0378368017731,67.609379695012,16.5757294947424,76.472770690918,29.5778840160953,11.0726064406314,88.0455602010091,156.983100891113,0,116.151843261719,29.2226285477341,83.0636901855469,88.2137554053104,91.5100733047877,48.0904605371089,0,122.901083068848,112.362831115723,55.6004503988001,26.4422153900196,78.523906489781,0,13.4953746509756,58.5948531709868,35.8949407987527
118.906573341006,194.565628051758,149.115710449219,71.2399880335881,126.943352439187,0,143.569379425049,113.110675493876,126.900169568184,80.1954964618294,134.533264584012,0,145.485224405924,0,128.144669272683,124.143488566081,0,0,0,0,0,120.284102303641,86.510782623291,127.438766479492,105.081774505258,0,0,0,105.49000606588,115.885416030884,100.604769167693,0,0,137.384676615397,96.1958084106445,29.1718506465662,104.061044692993,72.2626394507643,44.3332324408589,64.2274239110012,103.428144182478,56.6132926026509,10.1264206681973,47.5021579495453,43.752305330611,18.0759455033956,134.070205688477,55.4728304592531,0,25.773129097618,57.2816388805707,47.0662745658797,123.138277053833,0,120.500275862844,49.1797402436251,48.3708332842729,50.6095490268417,54.8477614121512,42.0696333804503,122.245101928711,92.9028892167118,72.7061236488299,23.1202192866251,45.93134350444,18.1022437151571,0,121.147050040109,44.1922419992669,56.4130866034684
158.765932718913,0,0,153.622848510742,162.238143920898,0,176.286651611328,153.122234090169,152.254130772182,110.831482627175,148.221186319987,91.0681762695312,167.853210449219,0,166.157894897461,0,0,0,0,0,0,140.973373413086,106.127511978149,144.489551544189,134.287855260512,0,0,0,132.080583933237,139.543172200521,140.81785179587,0,0,151.304176330566,137.301690101624,23.7667801433299,108.521494547526,107.439544595254,77.0629109363167,53.7268455823263,13.8169293314392,14.5102486278632,47.5021579495453,8.00808649427422,71.9225770879675,21.2331551850516,63.0508081963722,32.3590999551573,64.1830191612244,14.232860750654,24.3343792739635,88.802667466421,130.646888386119,86.4177198410034,145.594979349772,42.6664378690247,96.8793417612712,84.8736984546368,85.123862203443,61.5349961000241,0,118.15720205596,106.003328239627,60.7526706386506,17.577444418262,73.7468258410084,95.0669174194336,11.8517592633299,50.9221992930141,35.4914902513677
90.6795654296875,0,0,24.3007370192429,103.596092224121,0,115.930644989014,79.4610612587851,93.1336103166853,44.7931936479384,106.582181930542,168.542190551758,79.8663129806519,0,83.9516135321723,88.37890625,0,0,0,0,102.851264953613,87.9906063079834,51.7166999816895,108.73227255685,67.3268521124857,0,0,0,71.0091125882905,94.6632935373407,81.17662302653,0,0,70.6280822753906,74.5698156356812,55.1037866259934,55.373080649027,90.1606356302897,11.7272656207058,48.4524954126236,111.581619262695,55.3120256274579,43.752305330611,71.9225770879675,7.60080666260294,48.6897756438894,119.051416669573,10.270387037255,111.433372497559,66.394467326573,9.61776793421182,20.4896928883163,101.291015625,132.991439819336,125.069984436035,38.6566746753195,69.4317761934721,13.7573250656137,64.1848292880588,14.6585850756559,78.9615885416667,129.311334609985,89.6435447105995,37.8107992626579,63.9620462722495,51.6784089842428,118.16771697998,0,60.7319575465003,57.9937242155053
140.368789672852,139.784759521484,0,77.879524230957,175.920623779297,0,160.059107462565,133.093721628189,152.460441080729,102.079896688461,160.863487243652,0,32.9912684970432,0,148.326599121094,0,0,0,0,0,0,0,103.641284942627,0,126.226497816003,0,0,0,120.723618825277,149.103858100043,132.342164993286,0,0,139.776077270508,144.319363911947,36.5717992623093,0,104.178788461993,66.3078404130607,17.0282074609802,120.017779032389,17.0378368017731,18.0759455033956,21.2331551850516,48.6897756438894,9.12643140575996,0,18.7438215057948,0,20.4505030620118,50.4451212474278,77.164554977417,129.300964355469,0,153.129981994629,20.4086299709371,80.6459396362305,87.1462589263916,81.3578799519562,30.5951000865017,0,122.067727661133,103.343615055084,21.3242119669771,64.4796675386387,59.5568064465935,0,127.982917785645,52.1629081338139,64.704869007815
0,110.401867675781,131.121975368924,92.8533791934743,0,0,116.345397949219,0,152.233337402344,0,0,69.1635617461221,0,67.7569970146058,0,0,163.500900268555,109.136809212821,86.3278632566153,92.163677899486,0,159.800155639648,0,131.801055908203,0,44.3385265072187,79.2190487159873,85.3271363947513,0,0,156.918876647949,82.0390175731242,0,0,96.7987045125758,120.697263808477,52.9605355817218,67.8957049201517,74.7104849979795,0,60.602505002703,67.609379695012,134.070205688477,63.0508081963722,119.051416669573,0,8.104544746386,0,11.5827925197734,68.4689056064772,77.8794651031494,119.707412719727,51.5984074139999,12.8099751356365,19.4161453854632,0,85.7446820519187,98.5707913102775,71.7693196198879,127.456219991048,24.7379572328618,22.4477496994048,36.7256883766946,122.981742858887,53.6257993844839,95.4316302134578,11.5196976979135,63.3458064043963,0,25.5592768552439
