8.28798049488418,140.679903302874,97.4564734365426,76.2375727217327,78.2147430751635,81.2104721069336,79.7836581049739,31.4915934299333,24.6244329228718,67.5192894313646,52.2107230779526,153.545974731445,94.6318363114899,204.293334960938,15.6005995363222,98.2731246948242,95.98125,99.0227659228785,0,128.055267680775,94.1724939848247,69.608379473005,73.4941228063483,86.5621659265806,73.4569944418394,154.452453613281,123.423418230547,134.465644535265,71.544029704052,15.0682903372338,28.7778339768793,0,73.0228084988064,35.5606778546383,66.8275662144871,0,0,165.574913024902,88.8447726567586,0,195.410263061523,0,143.343405983665,177.245483398438,119.505853652954,168.672927856445,0,0,0,182.58479309082,0,138.33358001709,195.23684387207,238.4921875,196.688822937012,161.739120483398,135.786382463243,85.0909727380631,128.083246503557,127.334654833819,201.399261474609,179.808007376535,186.457590203536,134.209852291987,163.082221984863,137.616401672363,0,0,148.777295430501,160.031206766764
140.679903302874,5.80116804479008,41.7873394647337,19.4936290401773,120.263603210449,195.403129577637,207.458213806152,122.983352415023,155.46152144212,68.0484646135341,148.551564216614,67.1764494455778,99.8088986206055,53.0032843121831,168.029027666364,112.042848714193,73.8156387045028,54.3826918068719,73.9785415649414,67.340802208322,107.352544784546,108.696690368652,27.6077923768273,62.3707759380341,89.1081444012221,21.7423923731083,45.8418031345375,29.6175215018123,110.895128779941,137.748153686523,115.390174373504,76.097071647644,0,119.788431803385,53.2877447031721,0,30.5604783693949,90.4179503829391,69.1888855525425,0,0,0,155.470336914062,0,0,0,112.251600265503,0,75.7389672597249,196.310386657715,172.76921081543,134.716888427734,90.9075232696533,107.45955657959,121.087106068929,183.386444091797,0,115.075450897217,105.828531901042,162.838317871094,50.0184560806032,101.332119762897,76.2081691060747,205.238128662109,0,166.955749511719,0,0,0,100.103686014811
97.4564734365426,41.7873394647337,12.7515797372788,43.4011251534199,115.145140239171,173.155823707581,124.740449265022,95.4012259469835,114.430338897227,105.461371849323,106.80581835338,90.0414925907435,132.278893832503,94.7820488714403,115.823283283463,126.299991607666,87.2532486915588,31.6968455059086,122.351948738098,81.4520980480105,128.760803604126,51.8788747695185,48.8346923006712,20.935844191536,106.767241195257,98.8130462646484,35.2717928477966,27.5923746819403,67.7539794153568,126.211631633617,70.2822706674565,88.5296488867866,165.164855957031,123.379381997245,49.9221436822726,229.595077514648,73.5081294268027,86.652092355482,59.0935946440438,221.383728027344,0,214.694354248047,170.474513392295,200.72840423584,142.54801940918,181.938045925564,122.891544886998,214.419525146484,150.157262166341,189.365484873454,203.358062744141,127.901732224684,101.178558999257,140.348114013672,115.695606983491,233.187316894531,132.732448101044,90.3552755239058,101.856828099081,167.587115432277,148.532931009928,105.481186584748,90.2090336058002,163.896384992098,210.021822248186,147.485251077792,143.848526000977,0,152.417743682861,113.909638789662
76.2375727217327,19.4936290401773,43.4011251534199,30.565738466653,67.3420739173889,111.157446543376,83.1124521664211,62.9653132341549,86.4245871251552,12.1919997466303,84.0578433672587,78.209224398174,81.484204242104,70.96886837867,99.9836387477294,51.0859254201253,41.9708831060729,58.0141629677026,88.7537612915039,69.3492639190272,75.7604480866463,50.8614421529738,18.6157918748976,46.6361747766284,40.451736513856,44.5327409439205,45.5034400764168,38.7282420279538,55.4538461631809,83.4961173356075,56.7546918456888,109.204472351074,142.083552042643,62.3901509028401,57.1478571267355,92.4471206665039,67.8921662271023,82.0774268660434,31.5767221795188,95.8134549458822,0,122.281142234802,92.2588527607468,117.917180111534,14.1575432473963,136.648908615112,145.563003540039,124.069412231445,127.913215637207,104.842488288879,121.441680908203,65.1201627630936,91.4040783473423,0,93.1240348815918,130.28522321913,73.8431022973369,45.4439928671893,66.7300636890398,64.2755994336358,96.7703404426575,86.6999491055806,80.0428866375698,87.1313810439337,118.410020094651,84.1808773475357,0,0,77.5054622226291,100.21617825826
78.2147430751635,120.263603210449,115.145140239171,67.3420739173889,10.5968997217712,147.158954620361,66.3894711571771,54.1430156270012,113.603167613347,54.065827305724,29.5476611846957,0,33.9991821462546,0,125.604261430105,69.5868804638202,0,157.74134572347,0,0,16.8744141001934,120.590980529785,100.885730743408,105.407875061035,23.2913361838661,0,165.161617572491,139.772499084473,18.055181575146,104.54960370487,96.4329077980735,0,141.751042683919,84.1225377791967,95.6673979522489,81.523868560791,0,206.572738647461,83.5136662801107,23.0971304816083,221.718238830566,134.997684010288,145.507838726044,159.853096008301,92.8575775840066,94.2428254597078,0,46.3844363887042,0,149.048906326294,146.080857849121,0,236.172012329102,0,0,35.7140240445262,165.314422607422,130.188748677572,0,110.718224984801,0,197.125208536784,182.71524810791,82.4031442559284,142.064141978388,173.701086044312,0,212.141952514648,112.487822469076,152.109821095186
81.2104721069336,195.403129577637,173.155823707581,111.157446543376,147.158954620361,7.32794628584755,18.4793739147731,115.544438838959,20.6954043353956,104.231035059149,109.391490282331,63.6915635195645,106.434280073378,76.920615196228,24.5235738000091,19.3817083558279,112.362888336182,159.649607608193,0,163.606671651204,123.819781670204,120.389684041341,108.133483886719,132.213237338596,129.154439086914,0,189.878695036236,152.835561479841,125.071188038793,18.6845148638829,111.8297290802,0,8.61285192921915,139.138779640198,23.9040679839051,0,0,189.283538818359,129.874099731445,206.721267700195,0,0,192.594284057617,229.083755493164,129.158676147461,0,0,129.175415039062,0,0,0,0,0,0,0,0,168.53247833252,134.271347045898,194.451583862305,183.100936889648,0,241.151138305664,203.950881958008,191.564586639404,191.405128479004,186.806198120117,0,0,185.453437805176,202.376271565755
79.7836581049739,207.458213806152,124.740449265022,83.1124521664211,66.3894711571771,18.4793739147731,10.5326054061454,61.4769457446885,21.2827281417724,77.6421344677607,30.720197980816,149.371153301663,22.2021288056132,73.4559800284249,42.4409275142279,9.99622697312149,0,131.863895865048,0,150.553494540128,42.0688429193386,104.315954844157,100.297875104632,105.278635526958,80.1624568741897,0,153.689561568244,153.831676483154,78.9645845114467,46.2823536569539,106.542474746704,0,17.1761598750746,94.3093141000482,56.2271007466316,150.709266662598,216.9521484375,176.294342041016,115.404657999674,162.713405790783,0,173.325911865234,144.917645622702,180.399773817796,121.496009318034,169.559652629652,0,117.451595306396,0,176.347885131836,217.943290710449,148.899728393555,212.933776855469,0,0,172.08512878418,167.69704691569,111.673802302434,186.783302307129,131.481427544488,0,208.638750712077,210.500106811523,149.622834925498,178.954579162598,158.615617321384,0,0,164.658212515024,171.772306442261
31.4915934299333,122.983352415023,95.4012259469835,62.9653132341549,54.1430156270012,115.544438838959,61.4769457446885,10.2027540172038,61.3105150163517,53.6175401481094,19.4162594194557,160.795888966527,59.5289771086091,168.136917114258,29.9660859077538,81.2473436991374,87.7780628204346,98.9059873836823,0,153.060907897949,50.7966794743257,68.6416033766005,74.7356852237309,77.5418487044631,53.3994171400859,175.447687784831,131.947531403739,104.688448008823,26.4338356721863,70.7896638379617,24.1713008355341,175.062149047852,121.828627213188,64.0486942175663,87.2398102063659,139.786521911621,155.396810913086,154.909401448568,83.687011978843,136.089370550111,199.134073893229,147.294746572321,127.802228604144,158.594438364808,106.216688321984,145.604544142602,0,136.194825534163,0,158.257030100062,159.332763671875,144.545176188151,186.338456344604,0,192.617804391044,135.637693405151,137.462363149606,93.9613392377141,159.274237550335,111.660972215415,0,197.90380859375,168.399085183745,124.383705846593,156.262296779181,129.749601518145,0,242.708953857422,140.702060131317,153.499216196488
24.6244329228718,155.46152144212,114.430338897227,86.4245871251552,113.603167613347,20.6954043353956,21.2827281417724,61.3105150163517,12.3289538483363,80.8128948888599,42.980741636049,132.476417081902,92.4642659348327,107.395002365112,15.4011534267877,29.3723382985848,146.552467346191,123.206616230848,103.604042053223,154.332774268256,99.0301824292206,99.0525849441002,94.4122769851093,103.537681841141,84.3526535996961,124.140127182007,144.464528993674,153.553479609599,90.5022587613484,31.7877280468589,73.3514856486339,199.847541809082,15.0707098204773,87.6154121313681,55.5153465161536,169.673205566406,212.641525268555,184.561236572266,108.594789213293,156.111145655314,191.23747253418,171.55652254278,152.085585112619,173.484614054362,119.36258152553,164.332761100169,214.541259765625,132.262206115723,0,180.572587421962,155.315383911133,155.583770751953,212.940327114529,0,220.067201094194,157.799050394694,149.604626048695,117.698063659668,166.514055425471,136.926983182571,0,209.086463928223,205.602363725142,146.8756340817,174.172099415849,156.868555560802,0,220.991704305013,155.447197789731,172.252443012438
67.5192894313646,68.0484646135341,105.461371849323,12.1919997466303,54.065827305724,104.231035059149,77.6421344677607,53.6175401481094,80.8128948888599,7.91386472671175,71.6316490321772,144.344782621964,15.0357522890262,126.042815745961,90.8865243500354,21.303151597481,70.0115149021149,126.344104548863,146.008651733398,140.267705383301,41.1698083920329,80.6965404510498,24.0792561065223,96.622794447274,21.9309798619218,108.23807130377,116.251618284616,97.5560900402968,47.792223120115,82.8892103690933,58.1099473420564,148.886989593506,117.905906677246,67.0243144830068,87.7001809816103,123.63353729248,0,147.044921875,36.4055225944519,102.84475501109,0,123.068547058105,101.54494310462,150.766578674316,23.146765434742,114.064499584597,0,81.5415612497637,0,135.279238700867,122.894244602748,0,161.86784362793,0,205.231694539388,98.0064998122881,128.295330471463,76.6739345550537,150.192327880859,78.975575764974,136.477948506673,168.638500976563,179.567173350941,108.071716449879,140.073631286621,99.3736385617937,201.434478759766,0,120.519335233248,142.97422281901
52.2107230779526,148.551564216614,106.80581835338,84.0578433672587,29.5476611846957,109.391490282331,30.720197980816,19.4162594194557,42.980741636049,71.6316490321772,13.9219120102425,177.973664503831,26.2180489681082,170.133281707764,55.9251164567719,71.5207676420025,153.3201268514,117.230764102693,198.033172607422,156.451063368056,22.2710375264572,85.0586985226335,107.566539230347,88.7226497398879,67.9443129883872,0,149.189887668775,130.094887139285,31.5564815718127,93.2946883460264,57.8751784183011,191.343391418457,114.259417520442,83.9306420179514,93.8916624194673,156.417091369629,180.76432800293,177.214662279401,114.465666029188,158.931353598439,224.352752685547,164.088824160464,150.499235607329,175.218471730938,127.078482273647,165.783182248746,239.840957641602,148.125178687593,0,183.152499224689,152.948595046997,154.319137573242,210.13345489502,0,208.618309020996,161.238483370567,176.55659866333,144.376571655273,175.947392781576,130.264405805893,0,204.45314580744,185.197813704207,151.307167003788,185.546273025812,168.852004542495,0,200.617889404297,157.846592203776,182.776261273552
153.545974731445,67.1764494455778,90.0414925907435,78.209224398174,0,63.6915635195645,149.371153301663,160.795888966527,132.476417081902,144.344782621964,177.973664503831,13.2552898056666,120.126739501953,23.3788629979735,124.378056030273,61.8721351623535,147.683525085449,68.3782785214371,20.6529328319126,18.8108771433886,134.555480957031,99.137693132673,108.415160708957,96.2188499591969,165.566314697266,30.4294137027023,28.2559543774137,56.7995054742864,144.152967135111,83.1967145277529,129.359173352205,46.8393726403941,60.7727721078055,120.277721732003,28.3072451323717,191.113967895508,94.5142639160156,114.135307312012,83.0761423110962,0,0,0,0,0,0,0,95.9586514282227,0,81.3836130825978,236.805130004883,0,0,150.211462656657,111.302847544352,118.654074668884,0,193.8251953125,178.124786376953,165.786499023438,0,75.4585980914888,112.120134471375,108.492417695611,0,0,194.283081054688,103.400142669678,0,0,109.873429192437
94.6318363114899,99.8088986206055,132.278893832503,81.484204242104,33.9991821462546,106.434280073378,22.2021288056132,59.5289771086091,92.4642659348327,15.0357522890262,26.2180489681082,120.126739501953,10.6704033473137,138.710327148438,101.065582679097,16.9146566495804,0,171.149252111262,0,143.7890625,17.0504990552946,111.257984161377,68.4368299211774,142.961930847168,39.8762712704933,196.142425537109,148.554189893934,132.929118347168,49.1332062733746,96.6817829610295,110.617641448975,0,111.372977002919,96.2485681929678,91.6190224386284,0,0,182.950881958008,125.499960327148,82.2528952451853,0,125.667989448265,135.292799377441,167.445861469616,79.4675521850586,162.985823342294,0,11.9845236317667,0,175.81921672821,0,150.411666870117,0,0,0,119.078356732785,227.178024291992,160.820739746094,177.943542480469,132.067276813945,0,0,187.99641418457,161.767262813023,172.077276865641,155.142951965332,0,0,175.913989257812,193.60262298584
204.293334960938,53.0032843121831,94.7820488714403,70.96886837867,0,76.920615196228,73.4559800284249,168.136917114258,107.395002365112,126.042815745961,170.133281707764,23.3788629979735,138.710327148438,8.06144465074642,120.558376312256,70.9855575561523,139.626491546631,97.9295903986151,55.1355971172179,60.2379678774484,160.57438659668,134.512756347656,97.3745459816673,134.134278869629,153.769859695435,19.8911710462698,36.3249866158849,31.091634719315,152.318030221122,73.9241476347952,140.668458938599,12.2817473589554,71.0491428375244,0,55.0658460996484,0,87.4095489501953,165.551666259766,54.0988124321247,0,0,0,0,0,131.128433227539,0,83.7155330542362,0,19.7765188838353,0,0,0,147.751129150391,97.4880635188176,117.808225904192,0,219.272750854492,0,0,207.077941894531,57.6577604641933,97.071844077972,91.9136868794759,0,0,165.817596435547,91.9668776568245,0,0,82.8266852242606
15.6005995363222,168.029027666364,115.823283283463,99.9836387477294,125.604261430105,24.5235738000091,42.4409275142279,29.9660859077538,15.4011534267877,90.8865243500354,55.9251164567719,124.378056030273,101.065582679097,120.558376312256,8.42499385412611,35.4165047321735,118.856999715169,122.604630062308,172.728942871094,150.319862473941,106.817656155528,94.5437186029222,92.9498506828591,103.673197158478,103.737249818567,148.355751037598,146.177345953752,153.904858946189,95.8109268715928,19.1703258074956,67.1755356162467,154.066703796387,10.2180402747701,50.980568486928,52.2293663895838,192.318668365479,207.37646484375,191.268342238206,118.692139876516,185.053131103516,0,185.711849636502,164.710111510079,198.112692515055,126.599715641567,188.685981750488,244.149383544922,139.850496673584,245.678176879883,190.496337890625,171.978235880534,148.2263842496,220.12201944987,220.586326599121,218.35663663424,180.458541870117,160.372543984271,109.179019365154,177.486228179932,153.08466733966,0,200.932021331787,205.623564609261,156.456430600724,183.067792107077,163.724923019409,0,206.300148010254,166.768424400916,176.009096585787
98.2731246948242,112.042848714193,126.299991607666,51.0859254201253,69.5868804638202,19.3817083558279,9.99622697312149,81.2473436991374,29.3723382985848,21.303151597481,71.5207676420025,61.8721351623535,16.9146566495804,70.9855575561523,35.4165047321735,7.91710161604633,0,145.888191858927,0,168.964965820312,63.7371073174984,81.3815460205078,77.5725367736816,127.295379638672,43.6940550224557,114.024124145508,146.266222127279,131.118002210345,94.9334929539607,37.7598425745964,97.8333311080933,219.093948364258,41.6679368259931,85.4431037902832,38.2052326635881,0,0,0,106.154403686523,0,0,158.081192016602,0,152.307800292969,0,0,0,0,0,189.357666015625,0,0,0,0,0,0,158.008255004883,83.0485916137695,0,149.910656929016,0,0,0,162.919537712546,209.207138061523,163.172866821289,0,0,190.133316040039,174.224952697754
95.98125,73.8156387045028,87.2532486915588,41.9708831060729,0,112.362888336182,0,87.7780628204346,146.552467346191,70.0115149021149,153.3201268514,147.683525085449,0,139.626491546631,118.856999715169,0,13.2745031251281,106.513421726227,135.750289916992,136.763541327582,0,18.1454061095122,33.6960732496166,15.6478705903739,30.8121220497253,116.93891398112,108.284774295867,31.3176863860502,41.606151522763,92.9544715881348,69.8686020418724,0,0,66.5101888179779,77.1146579945581,0,139.196811676025,94.6224505392353,67.6954865791428,0,0,0,143.223515828451,213.425567626953,111.170761108398,178.684597015381,161.49348449707,0,0,0,0,104.496750923052,134.216126875444,0,153.788242340088,0,115.967705900446,58.9570258334014,102.357660147835,136.351902008057,165.225557963053,153.096249898275,105.740865913226,122.152895035282,0,118.932122548421,0,0,118.240598042806,118.928635230431
99.0227659228785,54.3826918068719,31.6968455059086,58.0141629677026,157.74134572347,159.649607608193,131.863895865048,98.9059873836823,123.206616230848,126.344104548863,117.230764102693,68.3782785214371,171.149252111262,97.9295903986151,122.604630062308,145.888191858927,106.513421726227,10.6360603044308,56.1494445800781,25.4242350157429,180.084121704102,56.1622231329372,87.8395584021042,19.0296126255272,131.52615026482,58.1873059108339,30.9595975100177,62.7498908629413,117.646544554427,102.481028346175,76.1120182246095,96.3008597878849,161.427555431019,91.1369129276541,32.0425951456857,190.471961975098,86.3434698415357,100.385588682671,84.4852180480957,196.69709777832,0,234.089172363281,188.664095791903,215.876350989709,127.991325378418,207.21255645752,138.668047978328,0,152.322337559291,211.833235307173,0,149.447885513306,112.326519130146,137.593872833252,114.831622233289,205.937530517578,155.528703109078,123.676910926556,127.986411234538,177.607194446382,111.42440359933,107.691849473852,103.322420785923,182.01059129503,216.147222900391,161.341207192161,149.208333333333,0,174.243654886882,123.454194415699
0,73.9785415649414,122.351948738098,88.7537612915039,0,0,0,0,103.604042053223,146.008651733398,198.033172607422,20.6529328319126,0,55.1355971172179,172.728942871094,0,135.750289916992,56.1494445800781,6.79286005773292,8.60423973881218,0,137.400299072266,113.235299852159,120.114273071289,188.191360473633,52.36697685605,17.5859367290475,56.5261473061661,153.971984863281,95.7892913818359,155.101051330566,53.5484541714191,0,0,62.5588395652317,0,0,0,72.5509357452393,0,0,0,0,0,0,0,94.4797490437825,0,81.5129730224609,0,0,0,0,113.694622039795,112.599557876587,0,0,0,0,0,77.0062545140584,110.35352378056,103.193275260925,0,0,0,111.321605682373,0,0,0
128.055267680775,67.340802208322,81.4520980480105,69.3492639190272,0,163.606671651204,150.553494540128,153.060907897949,154.332774268256,140.267705383301,156.451063368056,18.8108771433886,143.7890625,60.2379678774484,150.319862473941,168.964965820312,136.763541327582,25.4242350157429,8.60423973881218,7.99208033954745,0,93.5016681316287,112.84530841603,65.1195227481701,160.329495239258,47.0229338313258,18.6825520595569,58.8943960679042,132.23374041389,118.402477128735,102.1782328021,55.1704106044769,148.194900512695,100.454626427627,41.6946022904544,0,102.269169720736,129.785965197014,78.255237226133,0,0,0,208.277679443359,225.621032714844,194.110054016113,0,110.575764429002,0,84.4356758303759,221.066101074219,0,0,134.347607968458,106.572599578322,107.60504580653,0,172.668838500977,175.646814982096,144.210358301798,175.798782348633,77.7670386286065,103.191302273058,103.085891543744,191.506496429443,187.388336181641,181.497778756278,106.765919685364,0,0,121.971729532878
94.1724939848247,107.352544784546,128.760803604126,75.7604480866463,16.8744141001934,123.819781670204,42.0688429193386,50.7966794743257,99.0301824292206,41.1698083920329,22.2710375264572,134.555480957031,17.0504990552946,160.57438659668,106.817656155528,63.7371073174984,0,180.084121704102,0,0,9.96584019935796,103.673503875732,97.944450378418,149.922436184353,26.9163192848853,0,179.636532253689,131.157289358286,30.3765932886532,100.16247761118,101.094613211496,0,126.930971781413,90.8143432264383,93.6732168097245,0,0,188.451919555664,75.6587764515596,79.6007677016166,0,153.75400261257,147.660269056048,170.006452145784,107.639060387245,155.442006604425,0,77.7984846354834,0,192.779626464844,170.942487928602,183.593963623047,223.381820678711,0,0,134.602770447072,180.711448669434,151.935918172201,0,119.912585216637,0,224.333770751953,194.504339599609,147.586611179295,187.024000469007,212.213233947754,0,186.658203125,169.67201868693,174.740804036458
69.608379473005,108.696690368652,51.8788747695185,50.8614421529738,120.590980529785,120.389684041341,104.315954844157,68.6416033766005,99.0525849441002,80.6965404510498,85.0586985226335,99.137693132673,111.257984161377,134.512756347656,94.5437186029222,81.3815460205078,18.1454061095122,56.1622231329372,137.400299072266,93.5016681316287,103.673503875732,9.89347922804068,53.190935431738,21.1067959303592,52.6517282976231,0,112.917192658382,62.9923209566933,19.1582027492801,33.3528835818172,24.2164176187413,0,156.6328125,37.0080472531079,40.3344478532252,0,144.954925537109,116.220760091146,69.7887151904572,158.420318603516,0,160.995635986328,147.498140607561,153.674263000488,108.255386352539,0,170.791951497396,0,0,158.942768641881,0,110.755399161012,152.319565124512,207.958770751953,194.766830444336,0,114.880389409308,68.1843140125275,106.233981670033,121.153311434659,0,159.889903386434,133.643756557155,121.226359558105,148.19873046875,114.14902073195,0,0,110.881886449353,114.209477742513
73.4941228063483,27.6077923768273,48.8346923006712,18.6157918748976,100.885730743408,108.133483886719,100.297875104632,74.7356852237309,94.4122769851093,24.0792561065223,107.566539230347,108.415160708957,68.4368299211774,97.3745459816673,92.9498506828591,77.5725367736816,33.6960732496166,87.8395584021042,113.235299852159,112.84530841603,97.944450378418,53.190935431738,7.67250926395722,48.5478265653717,28.3053396814187,71.2697818104814,83.7674069037804,35.9151230591251,51.2874493002892,73.5609035671318,55.819604675293,118.098497178819,115.532127380371,58.3387512079875,68.2864049369906,0,106.723698425293,100.007820015523,67.4523354443637,122.040634155273,0,156.854537963867,155.909331185477,122.384165445964,118.267067718506,181.985763549805,102.739883422852,108.349510192871,153.687444051107,141.126163482666,205.393264770508,66.4977374758039,127.741307973862,162.678726196289,157.857409667969,0,79.9854682683945,35.9287174436781,82.6420928691996,123.402232699924,95.6185329982213,133.364627008853,115.261200443391,118.846935833202,101.163881937663,92.666118095661,0,0,102.145116170247,84.8247131347656
86.5621659265806,62.3707759380341,20.935844191536,46.6361747766284,105.407875061035,132.213237338596,105.278635526958,77.5418487044631,103.537681841141,96.622794447274,88.7226497398879,96.2188499591969,142.961930847168,134.134278869629,103.673197158478,127.295379638672,15.6478705903739,19.0296126255272,120.114273071289,65.1195227481701,149.922436184353,21.1067959303592,48.5478265653717,12.277556351997,73.4676881204572,111.019131469727,82.8343166080546,39.5011161006354,41.2773717414084,67.0827892615227,48.2156055640844,145.097702026367,148.61749013265,75.8205737219917,41.5089736879369,0,88.2769888172979,96.1019685609768,67.6446798757654,165.731414794922,0,202.383773803711,161.447626853476,191.918740844727,153.452128092448,180.487236022949,154.185006713867,0,0,191.1077709198,243.985382080078,99.9288119252523,118.220387782526,173.733341217041,142.07514652453,0,115.481264416925,65.9577285775514,103.658257192042,143.344734191895,0,134.811069835316,101.187538086451,145.147000630697,185.679064069475,133.684777556873,0,0,117.484881083171,123.753242656749
73.4569944418394,89.1081444012221,106.767241195257,40.451736513856,23.2913361838661,129.154439086914,80.1624568741897,53.3994171400859,84.3526535996961,21.9309798619218,67.9443129883872,165.566314697266,39.8762712704933,153.769859695435,103.737249818567,43.6940550224557,30.8121220497253,131.52615026482,188.191360473633,160.329495239258,26.9163192848853,52.6517282976231,28.3053396814187,73.4676881204572,10.0689197928661,123.945912255181,124.675135642971,89.2480115707149,18.1232318909606,86.6061129822128,71.7757850533524,169.937069702148,134.887306690216,67.0444813008976,92.7298381027666,134.851558685303,155.723065694173,157.241628527641,65.1469827197319,118.748611343116,176.775543212891,140.016257459467,116.598302717108,146.580975041245,80.0579012866434,130.374534587955,230.82251739502,114.539653529966,170.601539611816,152.194092793508,131.023190950093,115.084150314331,172.846335849246,0,195.644054637236,115.318666082668,115.982215341532,69.6038979963823,137.76671591366,99.60111675205,129.772827148438,185.770653053566,167.724297681392,113.686215834184,143.280514043406,119.894161016919,0,182.311442783901,123.421264183703,134.966190731164
154.452453613281,21.7423923731083,98.8130462646484,44.5327409439205,0,0,0,175.447687784831,124.140127182007,108.23807130377,0,30.4294137027023,196.142425537109,19.8911710462698,148.355751037598,114.024124145508,116.93891398112,58.1873059108339,52.36697685605,47.0229338313258,0,0,71.2697818104814,111.019131469727,123.945912255181,11.073286622584,36.2884819607966,29.2733253813589,143.918769836426,112.842862447103,131.863780975342,52.1325577549964,0,192.231475830078,54.5522026114447,0,68.4545359611511,0,29.8027852437435,0,0,0,0,0,131.514880371094,0,70.3910880455604,0,52.9880024881074,187.121292114258,0,0,144.911563873291,80.8101062774658,101.38015759786,0,0,0,0,129.090744018555,41.0677831400221,80.7907827758789,71.0139550350172,0,0,147.965698242188,72.5969097137451,0,0,90.8957395553589
123.423418230547,45.8418031345375,35.2717928477966,45.5034400764168,165.161617572491,189.878695036236,153.689561568244,131.947531403739,144.464528993674,116.251618284616,149.189887668775,28.2559543774137,148.554189893934,36.3249866158849,146.177345953752,146.266222127279,108.284774295867,30.9595975100177,17.5859367290475,18.6825520595569,179.636532253689,112.917192658382,83.7674069037804,82.8343166080546,124.675135642971,36.2884819607966,11.5067718607372,27.7695527879623,127.874129839033,130.584998940392,112.01728716996,21.1997042306361,192.642142401801,118.989884653399,49.0576816522268,204.363789876302,95.6481628764759,113.744695563065,64.2091940111584,246.557281494141,0,208.271408081055,187.08553641183,216.124377250671,161.454238891602,199.774069213867,92.9143785129894,241.120208740234,82.3814146967217,204.416616339433,0,161.575490315755,106.606992921711,98.3113089381037,97.8616557121277,0,162.73740034837,143.859196254185,136.910499572754,194.53635934683,72.3528551392208,92.7207330700603,92.8386826921731,193.331784057617,179.09398651123,158.451223546808,105.7755538277,0,182.303344726562,109.739684365012
134.465644535265,29.6175215018123,27.5923746819403,38.7282420279538,139.772499084473,152.835561479841,153.831676483154,104.688448008823,153.553479609599,97.5560900402968,130.094887139285,56.7995054742864,132.929118347168,31.091634719315,153.904858946189,131.118002210345,31.3176863860502,62.7498908629413,56.5261473061661,58.8943960679042,131.157289358286,62.9923209566933,35.9151230591251,39.5011161006354,89.2480115707149,29.2733253813589,27.7695527879623,12.242615190532,72.2180564417458,138.819866946552,109.236095532214,15.7204765733997,188.912315368652,123.077315892015,60.2516870145921,181.061325073242,80.4321962714716,90.927238738678,58.2242813349313,188.008281707764,0,206.536178588867,173.515501169058,198.280632672991,180.660253736708,185.778466475637,97.6770924421457,198.108673095703,83.6841958486117,200.4470038414,0,115.585919347303,105.242793023408,105.911882286909,104.020791102167,200.906707763672,139.486509101335,91.673063312258,109.592734683935,163.85190087034,75.2958420494195,96.2132558471586,93.4285862763393,161.58931807221,197.616202218192,157.02233556799,108.424036993497,247.096817016602,184.469456263951,113.699034198962
71.544029704052,110.895128779941,67.7539794153568,55.4538461631809,18.055181575146,125.071188038793,78.9645845114467,26.4338356721863,90.5022587613484,47.792223120115,31.5564815718127,144.152967135111,49.1332062733746,152.318030221122,95.8109268715928,94.9334929539607,41.606151522763,117.646544554427,153.971984863281,132.23374041389,30.3765932886532,19.1582027492801,51.2874493002892,41.2773717414084,18.1232318909606,143.918769836426,127.874129839033,72.2180564417458,10.4623627612981,84.0710133353196,39.0452294024685,0,133.531467914581,62.9795430367581,64.6867562703142,134.539085998535,163.046173095703,141.402447426156,73.2911192393131,137.084307179649,184.328272501628,153.75740758578,121.201419237978,154.85840468741,88.5500846095591,147.407348279851,227.272918701172,134.412629610532,0,152.106503789565,142.537335713704,108.032902651055,162.994438529015,0,196.239614633413,132.203928701805,109.721560550602,71.9647638920375,123.272114929199,107.457185742665,217.991455078125,189.871363589638,153.981351361956,116.618941055904,146.386299060984,117.73220850042,0,177.133918762207,125.28374515299,133.680459512247
15.0682903372338,137.748153686523,126.211631633617,83.4961173356075,104.54960370487,18.6845148638829,46.2823536569539,70.7896638379617,31.7877280468589,82.8892103690933,93.2946883460264,83.1967145277529,96.6817829610295,73.9241476347952,19.1703258074956,37.7598425745964,92.9544715881348,102.481028346175,95.7892913818359,118.402477128735,100.16247761118,33.3528835818172,73.5609035671318,67.0827892615227,86.6061129822128,112.842862447103,130.584998940392,138.819866946552,84.0710133353196,7.80734252581522,31.4515188379491,170.397399902344,7.59784531789027,15.4075051834459,46.0439875001131,155.148141479492,182.351348876953,174.318090820313,98.1008406877518,191.611501057943,0,190.336378479004,159.357068340595,188.841506958008,113.189531326294,204.666960398356,207.666717529297,108.698001437717,0,177.4171184193,173.683242797852,123.731413034292,191.205079731188,0,196.080024174282,204.408233642578,130.048732547309,86.8864634158838,133.452516283308,140.116219359914,198.713180541992,196.404481367631,190.34909366917,143.119712616586,167.012233257294,143.349285594204,0,211.347152709961,144.707248942057,153.984933150442
28.7778339768793,115.390174373504,70.2822706674565,56.7546918456888,96.4329077980735,111.8297290802,106.542474746704,24.1713008355341,73.3514856486339,58.1099473420564,57.8751784183011,129.359173352205,110.617641448975,140.668458938599,67.1755356162467,97.8333311080933,69.8686020418724,76.1120182246095,155.101051330566,102.1782328021,101.094613211496,24.2164176187413,55.819604675293,48.2156055640844,71.7757850533524,131.863780975342,112.01728716996,109.236095532214,39.0452294024685,31.4515188379491,9.79537709251556,159.767349243164,107.347413380941,32.0341336897253,37.5975180007501,148.071057637533,155.835998535156,140.101747878054,73.3902679924826,131.443645477295,177.924560546875,169.941013336182,135.965715744916,164.414132235343,99.4414833613804,169.68085697719,182.38695526123,173.59342956543,0,152.890991651095,140.870796203613,112.382142804333,155.567556196643,0,183.164343697684,143.22110748291,115.190836710368,72.8716406805513,112.210036965497,117.815063344515,151.761962890625,173.870819909232,157.398010541808,118.000748616208,140.031959639655,118.3362510403,0,0,117.915772574289,119.515174157279
0,76.097071647644,88.5296488867866,109.204472351074,0,0,0,175.062149047852,199.847541809082,148.886989593506,191.343391418457,46.8393726403941,0,12.2817473589554,154.066703796387,219.093948364258,0,96.3008597878849,53.5484541714191,55.1704106044769,0,0,118.098497178819,145.097702026367,169.937069702148,52.1325577549964,21.1997042306361,15.7204765733997,0,170.397399902344,159.767349243164,5.71807574898573,0,148.155868530273,72.8111347912027,0,98.6068267822266,172.879333496094,78.9479157584054,0,0,0,0,0,0,0,99.1239797418768,0,84.7306523042567,0,0,0,0,110.379864779386,113.256761823382,0,0,0,0,0,77.9479202396614,113.984896962236,103.378262754347,0,0,0,105.981533050537,0,0,124.890665690104
73.0228084988064,0,165.164855957031,142.083552042643,141.751042683919,8.61285192921915,17.1761598750746,121.828627213188,15.0707098204773,117.905906677246,114.259417520442,60.7727721078055,111.372977002919,71.0491428375244,10.2180402747701,41.6679368259931,0,161.427555431019,0,148.194900512695,126.930971781413,156.6328125,115.532127380371,148.61749013265,134.887306690216,0,192.642142401801,188.912315368652,133.531467914581,7.59784531789027,107.347413380941,0,4.92493748976009,128.859916687012,27.1674173585661,0,0,0,139.663696289062,0,0,0,182.911544799805,218.957260131836,0,224.930348714193,0,0,0,0,0,0,0,0,0,0,0,0,0,186.931531270345,0,0,0,188.220399856567,210.471969604492,198.772300720215,0,0,0,0
35.5606778546383,119.788431803385,123.379381997245,62.3901509028401,84.1225377791967,139.138779640198,94.3093141000482,64.0486942175663,87.6154121313681,67.0243144830068,83.9306420179514,120.277721732003,96.2485681929678,0,50.980568486928,85.4431037902832,66.5101888179779,91.1369129276541,0,100.454626427627,90.8143432264383,37.0080472531079,58.3387512079875,75.8205737219917,67.0444813008976,192.231475830078,118.989884653399,123.077315892015,62.9795430367581,15.4075051834459,32.0341336897253,148.155868530273,128.859916687012,8.19811764828757,37.6275957833798,133.485860188802,0,143.984681871202,74.4223903389864,199.187744140625,0,173.291949462891,136.287427601061,164.655892112038,110.795584542411,161.116080390082,0,0,247.394592285156,158.177225748698,0,107.702664375305,161.701479398287,0,170.630645751953,228.523918151855,109.453727976481,73.8544108072917,109.425015068054,124.092892255939,0,160.804431915283,174.267888608186,126.767608002349,152.246148681641,115.161706542969,0,0,127.06727872576,105.744139157809
66.8275662144871,53.2877447031721,49.9221436822726,57.1478571267355,95.6673979522489,23.9040679839051,56.2271007466316,87.2398102063659,55.5153465161536,87.7001809816103,93.8916624194673,28.3072451323717,91.6190224386284,55.0658460996484,52.2293663895838,38.2052326635881,77.1146579945581,32.0425951456857,62.5588395652317,41.6946022904544,93.6732168097245,40.3344478532252,68.2864049369906,41.5089736879369,92.7298381027666,54.5522026114447,49.0576816522268,60.2516870145921,64.6867562703142,46.0439875001131,37.5975180007501,72.8111347912027,27.1674173585661,37.6275957833798,11.0128782125863,185.861134847005,83.6660462838632,97.2686106999715,72.1219649985985,200.242149353027,0,172.93253326416,152.010811515476,182.97385559082,120.895814162034,190.60196685791,112.140955924988,135.10485534668,114.485090637207,191.784557566923,0,112.929951754483,109.530759596287,130.466337415907,117.054057394811,156.771240234375,118.316457688808,82.5170781785163,115.940029128967,135.716354589668,92.8841343834287,104.444142738801,101.303952255429,142.893007048478,174.942997233073,133.873030452405,123.444570922852,0,137.97116555108,118.027262369792
0,0,229.595077514648,92.4471206665039,81.523868560791,0,150.709266662598,139.786521911621,169.673205566406,123.63353729248,156.417091369629,191.113967895508,0,0,192.318668365479,0,0,190.471961975098,0,0,0,0,0,0,134.851558685303,0,204.363789876302,181.061325073242,134.539085998535,155.148141479492,148.071057637533,0,0,133.485860188802,185.861134847005,9.66240709377697,140.774898529053,111.560506479364,76.1062359809875,100.24697465163,67.7689247131348,82.9551871617635,20.7957041531434,35.8321111324655,77.4091296948885,45.9100742846228,148.290434586374,90.8507331848145,159.651214599609,12.5314369971682,46.1601333618164,79.956662495931,111.219584666507,148.817694924094,130.685629620272,90.8845771153768,89.7154661325308,74.6258433659871,102.802818908691,84.6716333389282,142.053268432617,124.37071899629,149.368622363453,81.1884411250319,11.1986147765358,22.250503781736,158.6240234375,78.3665479024251,39.5770061217159,63.44498999669
0,30.5604783693949,73.5081294268027,67.8921662271023,0,0,216.9521484375,155.396810913086,212.641525268555,0,180.76432800293,94.5142639160156,0,87.4095489501953,207.37646484375,0,139.196811676025,86.3434698415357,0,102.269169720736,0,144.954925537109,106.723698425293,88.2769888172979,155.723065694173,68.4545359611511,95.6481628764759,80.4321962714716,163.046173095703,182.351348876953,155.835998535156,98.6068267822266,0,0,83.6660462838632,140.774898529053,7.16253584541265,42.2135784815228,31.0375978260824,142.262056350708,0,151.904495239258,127.520889744614,158.589185714722,77.2080400132239,152.829341343471,57.4705279120084,114.647477467855,45.5070572643745,148.362122671945,103.846881321498,101.888503265381,55.936969715616,76.7957872390747,58.0473069418192,113.574691772461,98.6630401611328,23.9288117526058,71.0242600054354,85.8464838035803,18.8098264682065,48.0575803925301,29.6919323945815,126.366301836286,139.108793531145,110.511958630054,80.7488603591919,0,106.005666944716,63.4275041913229
165.574913024902,90.4179503829391,86.652092355482,82.0774268660434,206.572738647461,189.283538818359,176.294342041016,154.909401448568,184.561236572266,147.044921875,177.214662279401,114.135307312012,182.950881958008,165.551666259766,191.268342238206,0,94.6224505392353,100.385588682671,0,129.785965197014,188.451919555664,116.220760091146,100.007820015523,96.1019685609768,157.241628527641,0,113.744695563065,90.927238738678,141.402447426156,174.318090820313,140.101747878054,172.879333496094,0,143.984681871202,97.2686106999715,111.560506479364,42.2135784815228,11.351403159182,39.0581521834755,131.594366776316,157.522705078125,135.249828867251,92.1944871503789,126.945277320014,118.779619004991,107.345583453414,85.0525902968187,164.316255187988,88.6016326904297,124.587080682705,135.270468393962,56.5544920289115,28.4806661868034,93.2115720113118,69.2956488050263,143.819966634115,53.433419182187,41.0554410825315,17.8624767658941,105.365375686478,87.6256071726481,23.0183983483215,30.3394666837087,74.6066761138214,134.603266720168,76.5881707136628,0,175.66995493571,120.173453220101,79.1860184254854
88.8447726567586,69.1888855525425,59.0935946440438,31.5767221795188,83.5136662801107,129.874099731445,115.404657999674,83.687011978843,108.594789213293,36.4055225944519,114.465666029188,83.0761423110962,125.499960327148,54.0988124321247,118.692139876516,106.154403686523,67.6954865791428,84.4852180480957,72.5509357452393,78.255237226133,75.6587764515596,69.7887151904572,67.4523354443637,67.6446798757654,65.1469827197319,29.8027852437435,64.2091940111584,58.2242813349313,73.2911192393131,98.1008406877518,73.3902679924826,78.9479157584054,139.663696289062,74.4223903389864,72.1219649985985,76.1062359809875,31.0375978260824,39.0581521834755,21.030069861975,62.5651354491711,187.383262634277,92.2760127612523,62.7587710102193,96.5314011011368,16.0617978986056,83.1696043893801,40.0658861796061,56.0451867055085,26.3061786672495,97.3780914206692,54.8802649758079,42.2937359974573,59.3988405524296,64.3467793251152,57.3978394778439,70.2694390869141,51.7460362727825,25.5352547877801,50.8835429411996,38.9734195167228,13.340417085198,48.4283979574072,37.1197706961071,56.5169398477325,81.8962828833778,60.1381856691837,54.5332794189453,134.760284423828,63.3646544969151,64.2683870014392
