9.45848591541103,118.566246032715,90.6650887106897,61.3510579723997,81.145879473005,75.5395557179171,53.0740308674899,27.2924359503772,16.4819206657449,54.5236653827486,39.9145233197646,145.975820268903,72.5663667158647,158.141384887695,10.2582248752266,48.4992081324259,126.121711730957,97.1034426098028,159.075729370117,130.117911020915,60.6803355407715,58.5969651252993,77.9740081787109,57.3460298807696,66.7735411058955,0,109.031134987499,115.508661226462,59.7878591074176,8.45294283554711,28.8139819471581,155.399765014648,77.7171932856242,31.543952551755,69.5428506663588,0,168.463500976562,142.917981465658,71.8854893516092,120.507255554199,0,134.897094726562,132.301132202148,164.19800567627,80.6164258321126,145.855021476746,0,0,0,143.593338012695,0,142.695100784302,181.099117279053,0,0,0,150.916839599609,109.978387196859,153.726759517894,112.686187070959,0,175.892482757568,165.027105712891,134.397991989598,149.79189046224,152.864463806152,0,0,0,172.191192626953
118.566246032715,7.65176198999981,38.1790905654548,15.6491926618686,108.747416178385,139.276351928711,103.059036254883,118.629810039814,127.262428283691,67.4669067178454,137.690018547906,53.6521947495481,86.677067565918,44.9256056754355,128.955179214478,93.4315308464898,82.8687150374703,51.7182489609078,54.7282676696777,59.9450235089052,92.3019010755751,94.445143737793,33.3598718863467,66.3699585487103,84.7693270833424,11.3135940151209,38.3760206488456,31.9238064174243,104.557538604736,109.419065302069,99.9346493807706,59.5520032644272,0,107.568371859464,58.1381132922955,0,71.5121848583221,71.1955773583774,85.9288184426048,0,0,0,150.921752929688,0,105.254019927979,128.691787719727,99.7618916829427,120.064262390137,89.8278333875868,122.882186889648,123.826904296875,100.400714874268,91.5718885309556,135.315486907959,114.075211116246,0,0,114.360040664673,89.3039298679518,110.048020499093,79.0248118180495,98.6283039963036,77.6662960624695,186.576766967773,0,0,102.520149230957,0,0,93.8827067783901
90.6650887106897,38.1790905654548,11.6936511930877,40.0757054444042,124.195841471354,172.457407633464,130.326105568626,93.2825881809864,118.018616084946,80.0005512237549,108.144713909595,75.6495978570753,128.209526062012,78.2629618437394,111.118215684105,130.434005737305,68.5108297596807,30.4625999058415,78.5884141921997,85.2231440309618,133.380559285482,54.3123759645404,41.7233487631528,20.3580474038272,108.178946470603,91.311735534668,26.5072239240757,23.2429769784938,75.1271945381786,89.4522229461156,72.2987389803903,82.7292896906535,152.016916910807,101.86812210083,54.2754526007409,151.71427154541,88.1807017326355,92.9592345560082,87.7340845628218,0,0,203.39372253418,158.157950862761,193.241361345564,139.073440551758,182.93809967041,132.692008278587,0,0,168.441965738932,219.725540161133,102.580472946167,97.5414313789579,152.935359954834,122.349379475911,198.556335449219,121.844335632324,82.2144272062514,100.683689679335,152.276582990374,169.535186767578,102.946859400907,90.0628269740513,150.347746930804,146.914085388184,141.827651977539,132.805511474609,0,135.172416687012,105.363251399994
61.3510579723997,15.6491926618686,40.0757054444042,42.5700310529807,64.3105249556284,107.306457519531,86.2047003921197,63.4885343162107,79.4945622202766,26.9223833312007,81.6738278619174,67.9674396773809,67.1353620228014,60.9616511192548,70.551357720015,68.333954660516,43.282601124493,51.6892885808591,63.8653371901739,59.6353486004998,59.6024436950684,50.9062275343675,36.8867358513083,50.4794147857219,44.3577774898639,30.9852973374915,36.9564234510753,37.2134672622536,53.6689370521391,61.4780923675957,52.4033548177675,64.3504844976931,109.256514072418,49.7743612622458,55.9459020320161,106.006150563558,75.8668703351702,64.0132989733631,27.5902047059974,0,0,133.346187591553,108.601292182659,135.892681666783,24.0080439249674,122.879746754964,92.2447700500488,0,71.8795665105184,126.342300415039,94.8071365356445,84.0678675515311,72.3233650904622,82.0182540893555,76.1076285199421,0,94.9889054298401,70.6454914878396,87.1075497033461,67.4498983015094,64.9544510311551,63.5333791771191,62.7053613911814,103.173441251119,137.893578423394,84.7925104413714,101.767593383789,0,85.1221618652344,73.5968508947463
81.145879473005,108.747416178385,124.195841471354,64.3105249556284,8.72359538726866,0,53.9410309940577,47.5163455106774,65.7354612492803,46.8975060290138,22.1370821701384,0,22.2762139528647,138.302276611328,88.8241765764025,65.2647806167602,90.0676879882812,137.741401672363,0,0,12.1853570134339,96.5585556030273,61.7639988793267,97.5208282470703,16.561029907744,0,151.602396647135,113.365732046274,13.925216483428,89.3592800753457,62.7231633663177,0,0,74.6256333078657,89.2147549715909,80.5451202392578,0,162.74040222168,78.5844355496493,7.6472165359967,0,124.23482131958,128.330677986145,140.51670328776,83.2025194707906,69.2581637626471,0,12.4974645015805,0,90.249382019043,102.643520355225,210.61669921875,239.428039550781,0,0,10.616643801084,0,114.88102722168,0,72.3789252976532,0,0,138.588424682617,30.2982685577038,0,159.953506469727,0,0,0,151.606536865234
75.5395557179171,139.276351928711,172.457407633464,107.306457519531,0,7.97688198660325,8.90341566902761,114.906530681409,19.9404498491796,102.618309020996,112.36538265913,54.2593943277995,108.195759773254,76.3524971008301,26.7320717653376,13.9925264038772,0,0,0,0,125.12260055542,116.806457519531,147.717987060547,120.816896438599,121.384450912476,0,159.524829864502,155.485478719076,118.522453308105,22.1822855723815,116.756177266439,0,11.9577747689229,91.1042833328247,33.8359572887421,0,0,0,121.552165985107,0,0,0,176.593551635742,218.826797485352,0,0,0,0,0,0,0,0,0,0,0,0,0,132.689804077148,0,165.513832092285,0,0,0,191.513168334961,203.151962280273,0,0,0,0,0
53.0740308674899,103.059036254883,130.326105568626,86.2047003921197,53.9410309940577,8.90341566902761,7.75672761706124,46.9284216926211,16.7245027412812,53.7225836859809,22.2067237814161,84.2281633104597,21.3090900269969,91.8067779541016,23.0023857398496,10.2630276907833,149.845024108887,144.72296295166,0,213.532241821289,38.890779379311,89.1488571166992,90.3388872146606,111.226087754773,63.4775023999075,0,149.994073390961,146.283076604207,55.4549295217394,36.1177000671056,90.7598040031664,0,18.5332392462694,74.6445708784085,47.2726717844666,0,0,0,99.1196799505325,0,0,0,148.787575721741,148.897458394368,87.5985819498698,158.578533172607,0,68.4439029693604,0,0,120.479957580566,0,191.776779174805,0,0,162.021354675293,225.406265258789,0,191.857681274414,125.69729426,0,0,196.804224650065,158.884630539838,173.25072479248,0,0,0,0,0
27.2924359503772,118.629810039814,93.2825881809864,63.4885343162107,47.5163455106774,114.906530681409,46.9284216926211,9.13318913756148,38.6411649002018,52.8549612961049,9.97101959341037,153.361298561096,46.6205821530572,162.212229410807,19.9291488080585,69.136055416531,88.6175397789997,109.799597881458,0,127.933443705241,52.6749996640789,59.2902320940335,82.7165990455128,65.1462729634802,52.0321537166326,199.665649414062,113.002242979456,105.019597518762,26.5612597756514,34.6414265596837,20.8642449823109,166.747756958008,112.584987640381,46.8412532101132,73.0413033958322,165.304473876953,219.202255249023,182.56178855896,76.3822270110624,121.75941212972,0,137.843356662326,121.69099414532,141.144215510442,75.9416735839844,139.17463183403,0,145.513427734375,0,160.985542297363,0,149.562826974051,183.675370788574,0,204.650054931641,125.376711527507,170.035726928711,113.959102464759,155.910850393361,102.376302496431,0,195.186053466797,154.960504644057,129.220563758503,153.970668445934,145.037102593316,0,0,118.917739868164,163.989015579224
16.4819206657449,127.262428283691,118.018616084946,79.4945622202766,65.7354612492803,19.9404498491796,16.7245027412812,38.6411649002018,9.37433393071773,70.6965755820274,14.0908015581599,125.681587219238,62.0170138526884,177.837684631348,13.1990350966567,34.5289324815391,102.394233703613,124.599519252777,0,0,56.9725964420526,83.4454102097896,95.0366530418396,89.1714669671982,61.0928344726562,220.180877685547,137.587299761565,129.673815898406,65.4826170841853,32.2060660728575,65.7521074840001,176.208190917969,17.6432368513562,58.6638540402807,48.1818853255474,181.129703521729,0,180.281818389893,92.3663367543902,131.340441385905,0,149.101103210449,140.845922924223,150.908958435059,83.6202379862467,143.430678304036,0,118.623874664307,0,205.864624023438,113.929206848145,128.808303833008,196.03471883138,0,0,142.876861572266,181.082382202148,146.376057942708,184.176536560059,113.958171523245,0,200.655151367188,185.035659790039,144.536250337641,161.264499664307,0,0,0,173.057319641113,167.255683898926
54.5236653827486,67.4669067178454,80.0005512237549,26.9223833312007,46.8975060290138,102.618309020996,53.7225836859809,52.8549612961049,70.6965755820274,8.16964431268054,70.5335038655112,124.200491654245,8.3798355578153,120.595985179045,68.8818760087005,13.1220745431021,72.2970649719238,159.740135192871,134.689211527507,127.763021850586,32.7122062286699,66.0215346018473,28.2850903065241,81.1388794227883,25.09976419239,97.0108512487167,125.595698321307,94.1325828234355,47.5223604086879,67.2995658953165,51.1001728688638,129.527258736747,119.795455932617,55.751109903509,71.5295118023367,0,140.294933319092,0,40.4164011218331,116.525750160217,0,94.5463256835938,114.894748981182,147.347627258301,42.5148737142986,115.414685417624,184.095138549805,65.4249601091657,0,137.618392944336,66.6570425900546,0,185.447769165039,0,0,89.0396215265447,0,109.030268351237,176.47078704834,59.4109723476431,156.370025634766,183.264457702637,153.628787994385,119.504887021821,165.157836914062,0,184.357162475586,0,0,135.660720825195
39.9145233197646,137.690018547906,108.144713909595,81.6738278619174,22.1370821701384,112.36538265913,22.2067237814161,9.97101959341037,14.0908015581599,70.5335038655112,8.47642340165026,169.74089050293,18.8398971029904,179.9794921875,30.0006940541376,67.2502192350534,105.825037638346,126.443629128592,0,0,18.4227798989763,78.8285215353664,104.454208374023,84.4223584279964,55.6821787319725,0,131.637062708537,118.099434401963,22.2990249466049,73.4293346452408,54.6510148025586,0,114.647324117025,67.6682072859216,82.801449180396,154.674713134766,0,180.566619873047,89.9347454309464,149.796798706055,0,148.277711656359,141.219958429751,157.033796522352,94.361549104963,153.942953900593,0,80.2502764293126,0,192.208343505859,118.533996582031,118.638874053955,210.328170776367,0,0,144.362083943685,0,130.842504501343,167.156340281169,111.129101185316,0,201.849349975586,195.719014485677,147.880375400666,189.227249145508,154.075688680013,0,0,0,0
145.975820268903,53.6521947495481,75.6495978570753,67.9674396773809,0,54.2593943277995,84.2281633104597,153.361298561096,125.681587219238,124.200491654245,169.74089050293,12.6740329941144,0,20.1616778165351,165.78401910691,176.389083862305,127.600749969482,42.9510529941158,15.7367870889585,20.6377338440886,0,98.4540135065715,99.1689838972248,82.6484484301948,140.615020058372,30.1198464530037,25.1996457914013,55.4019931585562,133.809306751598,64.5737068902879,107.829742331254,36.0598571880935,50.7595541066137,100.567326979204,25.8257885326974,0,83.9135437011719,133.033338928223,69.1499602794647,0,0,0,0,0,160.857406616211,0,91.5992219712999,0,79.8318943977356,0,0,0,129.237827007587,104.734591166178,109.069065709268,0,0,142.778686523438,161.29292678833,236.945755004883,63.9325581303349,104.888894281889,103.510925143957,192.610252380371,0,0,118.50511932373,0,0,121.463508605957
72.5663667158647,86.677067565918,128.209526062012,67.1353620228014,22.2762139528647,108.195759773254,21.3090900269969,46.6205821530572,62.0170138526884,8.3798355578153,18.8398971029904,0,9.41717749652754,0,77.8363598771529,16.7225181315317,114.954719543457,0,0,0,13.1271750356837,93.2218360900879,62.0926205130184,113.921969095866,21.3433752006799,0,0,112.003775652717,43.2584446547181,84.071112682496,0,0,122.621092478434,82.0994982999914,86.0224690548209,0,232.794479370117,0,71.292473426232,45.103571150038,0,74.9839485168457,0,107.352025032043,78.0053349304199,102.058223179408,0,8.22197780463304,0,0,83.0412187576294,0,0,0,0,13.2260763707914,0,0,0,76.2654638690149,0,0,169.824981689453,149.373774210612,0,0,0,0,0,0
158.141384887695,44.9256056754355,78.2629618437394,60.9616511192548,138.302276611328,76.3524971008301,91.8067779541016,162.212229410807,177.837684631348,120.595985179045,179.9794921875,20.1616778165351,0,7.36616334985149,145.153551737467,0,0,87.0217367473402,48.3077578992475,52.2003984716203,151.025848388672,147.894729614258,93.8953758804886,106.736854553223,140.130805166144,19.5095764728514,28.1926416182414,24.1856855774634,153.762977013221,87.705985841297,134.240855407715,13.1539556891429,83.500358581543,134.915626525879,53.2905108644783,0,68.960821723938,0,42.1043230186809,0,0,0,0,0,155.048848470052,0,75.2626210512036,0,65.9012829103777,0,0,204.855941772461,116.38988494873,93.9840922764369,104.271215352145,0,243.472015380859,115.306084342625,176.455268859863,150.487976074219,50.4808216039471,89.9658136065044,84.7189199365081,0,0,0,83.2528099060059,0,0,108.368360692805
10.2582248752266,128.955179214478,111.118215684105,70.551357720015,88.8241765764025,26.7320717653376,23.0023857398496,19.9291488080585,13.1990350966567,68.8818760087005,30.0006940541376,165.78401910691,77.8363598771529,145.153551737467,6.85964619092727,36.3547747978056,102.563589096069,116.586665674583,0,125.154737854004,77.9431476368624,80.5200830656907,88.4477542241414,81.0381074235929,74.9313160745721,0,125.24276696482,131.704107633201,72.8543820703581,13.5820182177069,54.1037376743837,168.731704711914,13.9605980043205,39.925344485681,42.5600651809555,147.343437194824,0,157.672485351562,78.7794405180832,131.896919250488,221.538879394531,176.281940460205,141.18109258016,158.592113071018,93.323550330268,146.98528113732,0,0,0,173.916458129883,0,0,183.675575256348,0,0,114.70191192627,0,204.3984375,167.468514251709,123.133725248064,0,180.881231689453,160.998208363851,140.386640108549,160.198841639927,137.960662841797,0,0,0,153.640411376953
48.4992081324259,93.4315308464898,130.434005737305,68.333954660516,65.2647806167602,13.9925264038772,10.2630276907833,69.136055416531,34.5289324815391,13.1220745431021,67.2502192350534,176.389083862305,16.7225181315317,0,36.3547747978056,7.63784226696936,0,161.76274617513,0,0,52.1594090511924,54.4393920898438,64.6423804146903,108.807401384626,40.7274896613622,127.662254333496,126.716619873047,123.773457527161,69.0831184815825,28.8414144515991,82.419792175293,0,38.012391795957,45.0575506687164,22.4296605041604,0,0,0,91.0606689453125,0,0,0,0,0,58.3831405639648,165.253840128581,0,46.7542165120443,0,0,0,0,0,0,0,0,0,0,166.891632080078,87.7788070678711,0,0,0,158.941925048828,0,0,0,0,0,0
126.121711730957,82.8687150374703,68.5108297596807,43.282601124493,90.0676879882812,0,149.845024108887,88.6175397789997,102.394233703613,72.2970649719238,105.825037638346,127.600749969482,114.954719543457,0,102.563589096069,0,12.6518400978458,88.4964996006178,0,114.291442871094,0,14.8160265630617,32.8924085255424,22.0585711179728,28.2558191163199,117.800888061523,105.435303279332,25.8162359828665,31.723385488375,123.142529296875,84.497127532959,0,0,92.6543273925781,72.029619239899,162.124710083008,0,100.018808299098,66.8378336126154,0,0,0,155.596115112305,0,129.524322509766,0,0,0,0,124.887557983398,0,107.29836723132,138.625962393624,0,168.187664031982,0,113.981693733029,56.4317947172783,100.245690383163,128.007618495396,0,147.49620274135,95.6447160210408,133.750537327358,0,126.290037675337,0,0,0,124.824560546875
97.1034426098028,51.7182489609078,30.4625999058415,51.6892885808591,137.741401672363,0,144.72296295166,109.799597881458,124.599519252777,159.740135192871,126.443629128592,42.9510529941158,0,87.0217367473402,116.586665674583,161.76274617513,88.4964996006178,8.83079397749439,44.7795566890551,24.3824471173225,161.706390380859,49.2003262703313,67.621982303917,19.7376083665493,122.09949639503,58.1192767620087,17.9162726123916,60.1608789985656,110.120146009657,82.3035598874092,72.6470589965807,87.6571102142334,0,81.4448236025297,30.873584629153,187.008186340332,117.204424540202,104.756850063353,89.6918785730998,187.100173950195,0,218.986882527669,175.965763636998,187.832584381104,163.810455322266,191.595820109049,145.087232801649,0,133.597473144531,199.236892700195,0,117.186443328857,107.671092404817,138.502361297607,125.151983896891,0,142.213873643142,92.9577735020564,116.269159253012,178.383898925781,123.274391174316,104.828803953577,102.917912981151,174.062242507935,225.785697937012,154.118473052979,0,0,153.311065673828,114.294192406439
159.075729370117,54.7282676696777,78.5884141921997,63.8653371901739,0,0,0,0,0,134.689211527507,0,15.7367870889585,0,48.3077578992475,0,0,0,44.7795566890551,5.27172857737144,8.72439052148612,0,120.045017242432,0,102.410971832275,0,44.4274282282049,19.3599586490568,51.5530314502488,0,62.0444221496582,116.745494842529,50.6165705305157,0,132.567535400391,58.3774856846994,0,100.136489868164,129.260284423828,89.2641646067301,0,0,0,0,0,0,0,87.2753372192383,0,114.724726867676,0,0,0,139.139823913574,103.212665557861,102.610453033447,0,0,0,0,0,86.7922613961356,98.9536424116655,112.587751661028,0,0,0,90.5939025878906,0,0,112.689914158412
130.117911020915,59.9450235089052,85.2231440309618,59.6353486004998,0,0,213.532241821289,127.933443705241,0,127.763021850586,0,20.6377338440886,0,52.2003984716203,125.154737854004,0,114.291442871094,24.3824471173225,8.72439052148612,9.86284390492559,0,94.6221223013742,108.518741607666,74.5752625769757,163.238214111328,41.7752478349776,14.6061100834401,59.0620549879229,136.481770735521,107.273195175898,102.032161442314,53.7002107786096,88.0799865722656,101.066696590847,42.1041758742876,0,90.5575355529785,118.094556808472,78.4298749923706,0,0,0,177.09098815918,228.842132568359,194.054458618164,211.673873901367,97.869775390625,0,122.960475628193,0,0,228.268371582031,123.214188257853,114.134468078613,104.052483471957,0,0,0,164.445070539202,0,98.5265512466431,99.4462841669718,105.695143412395,0,192.561820983887,0,110.105979919434,0,0,109.506032441792
60.6803355407715,92.3019010755751,133.380559285482,59.6024436950684,12.1853570134339,125.12260055542,38.890779379311,52.6749996640789,56.9725964420526,32.7122062286699,18.4227798989763,0,13.1271750356837,151.025848388672,77.9431476368624,52.1594090511924,0,161.706390380859,0,0,10.4976487431187,72.0897598266602,59.0872345459767,104.062127113342,20.5465552111497,169.088836669922,213.149597167969,120.885795737213,28.662034008659,82.8438921529193,85.3603388468425,0,133.722551981608,74.7858424000926,84.7530213908145,0,247.143264770508,197.154922485352,82.658041545323,144.388214111328,0,120.159366607666,109.138885498047,133.119766235352,82.6131070626749,143.668401197954,0,8.39341568148013,0,0,92.5471674601237,0,168.283218383789,0,0,132.537102593316,0,115.046867370605,162.721618652344,96.1053027047051,0,198.146957397461,0,139.063111877441,168.677101135254,0,0,0,0,0
58.5969651252993,94.445143737793,54.3123759645404,50.9062275343675,96.5585556030273,116.806457519531,89.1488571166992,59.2902320940335,83.4454102097896,66.0215346018473,78.8285215353664,98.4540135065715,93.2218360900879,147.894729614258,80.5200830656907,54.4393920898438,14.8160265630617,49.2003262703313,120.045017242432,94.6221223013742,72.0897598266602,9.86299627927358,49.0460044060075,16.5119056968891,19.1540523261772,106.659204101562,82.4958308770405,69.5136883648959,19.4426244794839,28.4037603620026,18.4320101407604,141.486221313477,0,23.0536203888989,40.9042911207498,124.999255531713,0,114.748323942486,65.647340441859,0,0,147.706733703613,121.267474550189,151.666202068329,95.5923233032227,174.10519917806,0,0,0,146.675799560547,0,105.510770498988,151.216796875,0,171.430501302083,0,110.18026309163,65.1195920765829,112.806138986906,110.064396015649,0,156.005107334682,118.929642050607,113.028589395376,128.799515514839,114.081778484842,0,246.189147949219,108.694512939453,125.620320638021
77.9740081787109,33.3598718863467,41.7233487631528,36.8867358513083,61.7639988793267,147.717987060547,90.3388872146606,82.7165990455128,95.0366530418396,28.2850903065241,104.454208374023,99.1689838972248,62.0926205130184,93.8953758804886,88.4477542241414,64.6423804146903,32.8924085255424,67.621982303917,0,108.518741607666,59.0872345459767,49.0460044060075,8.04351469562241,47.6508591403194,30.9340330086947,66.7573233104887,82.888513767018,32.3345340308607,54.6504914703093,77.9519114176432,54.9870356657067,95.8019638061523,117.749137878418,54.3559202194214,54.5254427331793,0,112.47339630127,86.0547218322754,59.1969710758754,0,0,0,149.855392456055,144.690015157064,71.741209564209,126.062194824219,138.396743774414,81.6855506896973,0,96.6745376586914,85.242301940918,68.6640609972405,129.082666778564,0,105.854555765788,107.177551269531,79.7785789853051,22.69925557971,73.2122832733451,94.9327156066895,124.472953796387,133.453863143921,67.6281920483238,126.1829359872,155.762802124023,0,0,0,0,101.829803466797
57.3460298807696,66.3699585487103,20.3580474038272,50.4794147857219,97.5208282470703,120.816896438599,111.226087754773,65.1462729634802,89.1714669671982,81.1388794227883,84.4223584279964,82.6484484301948,113.921969095866,106.736854553223,81.0381074235929,108.807401384626,22.0585711179728,19.7376083665493,102.410971832275,74.5752625769757,104.062127113342,16.5119056968891,47.6508591403194,11.3262932146321,56.8793601163094,116.497889328003,55.7977836856168,44.0994209625675,47.2574602873164,46.5737000322633,37.2140869704679,111.389015674591,141.977355957031,62.0747118429704,38.9344905545959,131.064279556274,126.56214565701,101.819914535329,67.5684209524416,0,0,146.713989257812,152.286090504039,174.450522789588,0,166.41364773837,148.173722585042,0,0,157.486605834961,0,102.655730236408,120.223317518302,183.526809692383,141.90129007612,0,109.033866628011,60.2272206120107,101.927627843861,132.725480924777,0,129.204044048603,95.7240002153869,137.72177501207,148.739814281464,119.852515996889,0,0,183.958423614502,111.553365534002
66.7735411058955,84.7693270833424,108.178946470603,44.3577774898639,16.561029907744,121.384450912476,63.4775023999075,52.0321537166326,61.0928344726562,25.09976419239,55.6821787319725,140.615020058372,21.3433752006799,140.130805166144,74.9313160745721,40.7274896613622,28.2558191163199,122.09949639503,0,163.238214111328,20.5465552111497,19.1540523261772,30.9340330086947,56.8793601163094,10.3355562837878,111.213244628906,131.187630998327,85.3182870248746,17.3823875356497,79.5156118583679,57.0868540543776,167.166061401367,139.902768816267,55.1093192516557,70.0379047887734,127.12300491333,126.406269073486,151.273326873779,60.4242506817038,121.924259532582,0,125.810029249925,117.261264048466,132.074498956854,57.781880785743,119.480079298753,0,90.007080302519,0,150.579006671906,87.3118098576864,120.542386796739,184.85753326416,0,193.871780395508,107.835612487793,125.05551474435,97.3125091351961,149.656159866688,88.2719875114828,0,172.774468994141,156.670851916802,119.226296407436,139.533618688583,122.257985432943,247.391265869141,0,137.945373535156,131.796951293945
0,11.3135940151209,91.311735534668,30.9852973374915,0,0,0,199.665649414062,220.180877685547,97.0108512487167,0,30.1198464530037,0,19.5095764728514,0,127.662254333496,117.800888061523,58.1192767620087,44.4274282282049,41.7752478349776,169.088836669922,106.659204101562,66.7573233104887,116.497889328003,111.213244628906,7.03808162507238,34.6155589448606,21.6167374315882,133.392084503174,115.192985534668,116.917074203491,44.9307915514166,0,117.603576660156,57.4744326657262,196.338806152344,58.6712941996256,0,22.5813990424199,0,0,0,171.178024291992,0,129.049315134684,0,74.0931981404622,0,60.8796161212752,0,0,0,144.139074707031,77.4492660971249,81.2684924566924,0,0,105.65239016215,166.887557983398,143.761216481527,43.5898395783944,76.1253606685694,74.5410283971716,0,0,208.034118652344,74.8077839000805,0,0,98.9293726407565
109.031134987499,38.3760206488456,26.5072239240757,36.9564234510753,151.602396647135,159.524829864502,149.994073390961,113.002242979456,137.587299761565,125.595698321307,131.637062708537,25.1996457914013,0,28.1926416182414,125.24276696482,126.716619873047,105.435303279332,17.9162726123916,19.3599586490568,14.6061100834401,213.149597167969,82.4958308770405,82.888513767018,55.7977836856168,131.187630998327,34.6155589448606,9.77368550983762,22.723739736638,116.459190368652,97.8583042168178,85.3322233793114,25.0441737664956,0,86.4508628845215,41.7192623687804,182.302753993443,97.3637316634015,98.3760775999589,68.2359270769007,191.955535888672,0,184.498840332031,175.840517578125,191.612280527751,160.91516977946,187.22221491887,93.4218544526534,0,101.512580434481,208.555885314941,0,143.176331414117,99.5960174071362,97.7239572566791,95.4862899308352,0,156.242255470969,122.501276397705,121.026776068551,170.668144627621,75.9953702005108,88.0670344220171,92.001727913467,181.763036092122,161.595407104492,152.251510620117,99.1653529080478,145.836578369141,0,104.762416307316
115.508661226462,31.9238064174243,23.2429769784938,37.2134672622536,113.365732046274,155.485478719076,146.283076604207,105.019597518762,129.673815898406,94.1325828234355,118.099434401963,55.4019931585562,112.003775652717,24.1856855774634,131.704107633201,123.773457527161,25.8162359828665,60.1608789985656,51.5530314502488,59.0620549879229,120.885795737213,69.5136883648959,32.3345340308607,44.0994209625675,85.3182870248746,21.6167374315882,22.723739736638,11.7737465647926,80.7189391767095,111.996420053335,98.285380480946,17.9504808783531,156.699523925781,106.713643118051,62.0941020914722,172.708870781793,98.6439900117762,97.3284318452942,73.9170504102119,0,0,192.148374557495,165.961385854085,200.394313993908,145.8774686067,184.213107299805,101.462666150819,177.490692138672,98.7733439395302,179.136464436849,122.290580749512,107.885247696278,100.372363736385,101.946974743372,101.69143178981,168.777914428711,128.841753060477,65.6862704867408,104.800456177265,142.368629455566,76.6102324008942,91.3963216102287,94.7010959368296,157.559080300872,180.596824645996,147.090393066406,102.060899423998,0,154.382209777832,108.381905067573
59.7878591074176,104.557538604736,75.1271945381786,53.6689370521391,13.925216483428,118.522453308105,55.4549295217394,26.5612597756514,65.4826170841853,47.5223604086879,22.2990249466049,133.809306751598,43.2584446547181,153.762977013221,72.8543820703581,69.0831184815825,31.723385488375,110.120146009657,0,136.481770735521,28.662034008659,19.4426244794839,54.6504914703093,47.2574602873164,17.3823875356497,133.392084503174,116.459190368652,80.7189391767095,9.74178010986865,68.8025980852321,34.2170635892572,207.885040283203,132.071727405895,53.7662742755465,61.4328653233493,138.476308461782,138.396335601807,155.674588803892,68.3311797814675,124.435806546892,146.817108154297,133.936338348389,120.040180446385,139.238779524682,74.8896415502645,136.335781684289,149.035034179688,106.198870595296,0,150.518876917222,102.670376459757,110.677428526037,171.854169957778,239.096664428711,185.294120788574,125.353001912435,124.609599954942,93.1193887203112,135.370261368928,100.393660775546,0,180.859225463867,141.752085775699,123.010800452876,143.761221523943,123.989420688514,0,211.166687011719,119.842001173231,136.206225428088
8.45294283554711,109.419065302069,89.4522229461156,61.4780923675957,89.3592800753457,22.1822855723815,36.1177000671056,34.6414265596837,32.2060660728575,67.2995658953165,73.4293346452408,64.5737068902879,84.071112682496,87.705985841297,13.5820182177069,28.8414144515991,123.142529296875,82.3035598874092,62.0444221496582,107.273195175898,82.8438921529193,28.4037603620026,77.9519114176432,46.5737000322633,79.5156118583679,115.192985534668,97.8583042168178,111.996420053335,68.8025980852321,7.67852188751258,17.2793315902747,111.976106916155,13.4415708823531,10.1420696087,24.0093892312398,146.413676261902,0,172.959239006042,78.712599392595,137.855051676432,0,151.613887786865,131.659380539604,166.266611735026,100.268013602809,160.892596158114,0,95.6798858642578,0,202.896995544434,167.61735534668,137.97200012207,160.49808883667,0,179.70400390625,202.106262207031,116.220436096191,118.642129898071,149.086248958812,123.515949630737,0,154.750635147095,145.107363382975,134.934916687012,155.975998469761,140.08572101593,0,0,139.243545532227,155.057408650716
28.8139819471581,99.9346493807706,72.2987389803903,52.4033548177675,62.7231633663177,116.756177266439,90.7598040031664,20.8642449823109,65.7521074840001,51.1001728688638,54.6510148025586,107.829742331254,0,134.240855407715,54.1037376743837,82.419792175293,84.497127532959,72.6470589965807,116.745494842529,102.032161442314,85.3603388468425,18.4320101407604,54.9870356657067,37.2140869704679,57.0868540543776,116.917074203491,85.3322233793114,98.285380480946,34.2170635892572,17.2793315902747,10.3004705999867,140.784211476644,134.528210449219,39.3979567390481,37.0972102101073,123.863526407878,0,139.366289350722,66.0017154102019,127.886047363281,0,153.795925140381,110.92711838432,129.22567313058,80.6326464335124,149.345044453939,0,0,0,145.575093782865,0,101.36896387736,159.69397768767,0,180.224594116211,0,109.573211669922,88.8901911515456,134.884786605835,104.637269761827,0,154.762497259646,134.2258161657,113.348386163581,132.212935791016,113.045468930845,0,0,132.810087203979,132.117797851562
155.399765014648,59.5520032644272,82.7292896906535,64.3504844976931,0,0,0,166.747756958008,176.208190917969,129.527258736747,0,36.0598571880935,0,13.1539556891429,168.731704711914,0,0,87.6571102142334,50.6165705305157,53.7002107786096,0,141.486221313477,95.8019638061523,111.389015674591,167.166061401367,44.9307915514166,25.0441737664956,17.9504808783531,207.885040283203,111.976106916155,140.784211476644,5.54506247457304,0,134.704162597656,72.5339614868164,0,106.487335840861,160.152201334635,66.2586921056112,0,0,0,0,0,0,0,94.4420331872028,0,92.4655254588408,0,0,0,160.206934611003,105.879023960658,108.919688017472,0,0,108.215343475342,0,0,69.7712617874145,104.437742869059,105.521346527853,0,0,0,101.465559217665,0,0,110.589292907715
77.7171932856242,0,152.016916910807,109.256514072418,0,11.9577747689229,18.5332392462694,112.584987640381,17.6432368513562,119.795455932617,114.647324117025,50.7595541066137,122.621092478434,83.500358581543,13.9605980043205,38.012391795957,0,0,0,88.0799865722656,133.722551981608,0,117.749137878418,141.977355957031,139.902768816267,0,0,156.699523925781,132.071727405895,13.4415708823531,134.528210449219,0,5.59657896498248,0,33.1067524108887,0,0,0,117.140514373779,0,0,0,196.532760620117,0,0,167.140213012695,0,0,0,0,0,0,0,0,0,0,0,0,201.651016235352,173.848426818848,0,138.625198364258,0,166.424774169922,0,149.582656860352,0,0,0,0
31.543952551755,107.568371859464,101.86812210083,49.7743612622458,74.6256333078657,91.1042833328247,74.6445708784085,46.8412532101132,58.6638540402807,55.751109903509,67.6682072859216,100.567326979204,82.0994982999914,134.915626525879,39.925344485681,45.0575506687164,92.6543273925781,81.4448236025297,132.567535400391,101.066696590847,74.7858424000926,23.0536203888989,54.3559202194214,62.0747118429704,55.1093192516557,117.603576660156,86.4508628845215,106.713643118051,53.7662742755465,10.1420696087,39.3979567390481,134.704162597656,0,7.2285483250308,28.2803168965035,120.454808044434,0,121.575042724609,67.7228690093418,100.400100708008,0,154.292236328125,114.202786763509,152.113536834717,93.1833419799805,130.378622055054,0,0,0,158.193473815918,0,93.4696208408901,181.631301879883,0,185.339904785156,144.448913574219,177.71809387207,78.2331260681152,121.578649000688,107.799466229867,0,146.031896972656,118.527194213867,119.096638698204,151.359115600586,120.965734100342,0,0,0,193.266479492188
69.5428506663588,58.1381132922955,54.2754526007409,55.9459020320161,89.2147549715909,33.8359572887421,47.2726717844666,73.0413033958322,48.1818853255474,71.5295118023367,82.801449180396,25.8257885326974,86.0224690548209,53.2905108644783,42.5600651809555,22.4296605041604,72.029619239899,30.873584629153,58.3774856846994,42.1041758742876,84.7530213908145,40.9042911207498,54.5254427331793,38.9344905545959,70.0379047887734,57.4744326657262,41.7192623687804,62.0941020914722,61.4328653233493,24.0093892312398,37.0972102101073,72.5339614868164,33.1067524108887,28.2803168965035,11.3824380763142,158.321355547224,111.818684169224,104.001489949023,82.8898322328608,162.544555664062,0,152.088673909505,130.235212961833,171.458601379395,85.5429992675781,163.165705362956,124.626811981201,0,121.248667907715,163.581278119768,0,119.494402567546,111.284365790231,145.23175907135,116.454249205413,0,125.076114820397,77.5810678126448,113.058165318462,124.114945364471,115.532035827637,111.57229662141,105.804753516548,124.771496242947,146.365834554036,129.095211664836,110.251434326172,0,130.228244781494,132.172891096635
0,0,151.71427154541,106.006150563558,80.5451202392578,0,0,165.304473876953,181.129703521729,0,154.674713134766,0,0,0,147.343437194824,0,162.124710083008,187.008186340332,0,0,0,124.999255531713,0,131.064279556274,127.12300491333,196.338806152344,182.302753993443,172.708870781793,138.476308461782,146.413676261902,123.863526407878,0,0,120.454808044434,158.321355547224,12.9882137172727,116.060094197591,117.854821425218,72.7479002712337,91.8290280793843,91.0018863677979,71.5394077607017,24.1792796383472,51.3598109083433,67.6733794530233,51.3835797990204,127.397971611518,117.723114013672,162.807210286458,20.1396041774121,55.7524080276489,73.0212890307109,101.674946863848,137.046820746528,124.523820845807,82.9784930092948,79.7156824989924,67.1722971598307,96.5918451864508,74.243512642169,157.343797302246,118.832163566767,133.913117340633,77.8196006288098,23.0013777856596,28.1538619554508,149.664192199707,92.1695613861084,34.7913572947184,78.5340317902358
168.463500976562,71.5121848583221,88.1807017326355,75.8668703351702,0,0,0,219.202255249023,0,140.294933319092,0,83.9135437011719,232.794479370117,68.960821723938,0,0,0,117.204424540202,100.136489868164,90.5575355529785,247.143264770508,0,112.47339630127,126.56214565701,126.406269073486,58.6712941996256,97.3637316634015,98.6439900117762,138.396335601807,0,0,106.487335840861,0,0,111.818684169224,116.060094197591,7.3390311314147,45.1812993890496,14.9276462389638,0,0,0,128.824805704753,161.806206385295,68.2823877065195,149.764233180455,70.7046863331514,96.2978973388672,49.1310362488259,159.134387207031,100.517580668132,67.2821951729911,53.2765580040315,66.7705934047699,53.8511874759244,0,97.9760990142822,22.9743586384156,65.8890183658923,78.4840894498323,22.9883790041981,43.7027088085039,33.3481490282673,133.844113557235,129.115809122721,120.206435708439,69.8416510990688,0,109.053615570068,60.4387410682968
142.917981465658,71.1955773583774,92.9592345560082,64.0132989733631,162.74040222168,0,0,182.56178855896,180.281818389893,0,180.566619873047,133.033338928223,0,0,157.672485351562,0,100.018808299098,104.756850063353,129.260284423828,118.094556808472,197.154922485352,114.748323942486,86.0547218322754,101.819914535329,151.273326873779,0,98.3760775999589,97.3284318452942,155.674588803892,172.959239006042,139.366289350722,160.152201334635,0,121.575042724609,104.001489949023,117.854821425218,45.1812993890496,11.2768498174814,45.5722215140345,126.536919148763,177.378479003906,134.77514708444,94.0898997457264,124.859248974284,113.391486273872,113.257844345037,87.0735615321568,157.606216430664,92.4577634406812,126.87228603363,145.911468505859,86.0457902966124,40.1687001336601,95.4958472251892,73.5959114347185,182.400283813477,65.8498958900793,47.6010168602592,30.8776045809581,109.23660041546,102.843342372349,23.2771625176325,24.4899132420547,92.1814968479964,132.465121182528,86.7793195452009,83.715571812221,130.964134216309,133.081809997559,68.6075601342606
71.8854893516092,85.9288184426048,87.7340845628218,27.5902047059974,78.5844355496493,121.552165985107,99.1196799505325,76.3822270110624,92.3663367543902,40.4164011218331,89.9347454309464,69.1499602794647,71.292473426232,42.1043230186809,78.7794405180832,91.0606689453125,66.8378336126154,89.6918785730998,89.2641646067301,78.4298749923706,82.658041545323,65.647340441859,59.1969710758754,67.5684209524416,60.4242506817038,22.5813990424199,68.2359270769007,73.9170504102119,68.3311797814675,78.712599392595,66.0017154102019,66.2586921056112,117.140514373779,67.7228690093418,82.8898322328608,72.7479002712337,14.9276462389638,45.5722215140345,34.19808689104,51.0669695680792,121.296026229858,90.5102697331855,62.003916019824,99.4223424738104,23.0072178218165,87.3968865244012,68.9512787924872,28.1548820294832,57.599047849674,94.1168940051708,44.3396496980087,40.9933766932207,55.7674205388576,69.3439265284045,58.0926269797287,75.8827304840088,50.7825470995825,30.475382930489,48.4622073689155,38.9747903733927,25.8870779992601,45.422792910272,41.5759035357358,57.229075379424,78.9897786440265,64.2513468265533,72.1635136758128,134.981360299247,69.9834217248961,65.6094418289638
120.507255554199,0,0,0,7.6472165359967,0,0,121.75941212972,131.340441385905,116.525750160217,149.796798706055,0,45.103571150038,0,131.896919250488,0,0,187.100173950195,0,0,144.388214111328,0,0,0,121.924259532582,0,191.955535888672,0,124.435806546892,137.855051676432,127.886047363281,0,0,100.400100708008,162.544555664062,91.8290280793843,0,126.536919148763,51.0669695680792,7.73825818562688,0,54.3352902588232,55.2987441411094,82.0748877371511,39.6991601974245,15.5778390415107,0,16.791250922844,0,105.541251659393,59.3754128047398,53.6578688621521,150.165176391602,0,212.838348388672,10.9176883643091,0,69.9030385698591,116.008548736572,15.1067388183466,0,151.504550509983,111.019283718533,15.8023438738987,97.4320764849263,0,0,161.115173339844,80.3674647013346,107.842864227295
0,0,0,0,0,0,0,0,0,0,0,0,0,0,221.538879394531,0,0,0,0,0,0,0,0,0,0,0,0,0,146.817108154297,0,0,0,0,0,0,91.0018863677979,0,177.378479003906,121.296026229858,0,7.42122583472324,11.0759770137506,107.104204813639,18.769381804765,46.9627005259196,106.206988016764,67.0106641981337,58.2240586280823,93.1627578735352,36.8106511127518,13.3305498387245,122.641796112061,172.576848347982,0,0,0,104.116313934326,90.2896118164062,102.736671447754,104.567894617716,0,197.002777099609,165.515075683594,129.848548126221,24.9809009375521,126.999267578125,0,10.427620663389,0,43.3804655472438
134.897094726562,0,203.39372253418,133.346187591553,124.23482131958,0,0,137.843356662326,149.101103210449,94.5463256835938,148.277711656359,0,74.9839485168457,0,176.281940460205,0,0,218.986882527669,0,0,120.159366607666,147.706733703613,0,146.713989257812,125.810029249925,0,184.498840332031,192.148374557495,133.936338348389,151.613887786865,153.795925140381,0,0,154.292236328125,152.088673909505,71.5394077607017,0,134.77514708444,90.5102697331855,54.3352902588232,11.0759770137506,8.136829119873,63.66165954419,14.1071245051048,35.2202043145653,23.5863766939126,85.5096384349622,10.2458260793019,140.856287175959,32.9961668099219,12.875625389433,89.3890736897786,139.381392293902,0,162.784985436334,31.2672032098448,114.287908281599,92.2793657707446,123.008373888233,45.2685431073857,0,146.054957115599,141.668179916123,65.0092922287433,41.2963580384719,105.813684590658,98.5026931762695,17.4016601913364,108.931238555908,58.3152446352202
