10.3293754389387,151.345500946045,92.0595444350946,74.7917704772949,122.991529464722,87.4634332367868,83.4062447839854,26.8790941166737,43.4186118890431,75.9580595228407,64.8617724878502,125.784275935246,124.187163613059,148.068993886312,20.4015509840909,0,128.408540089925,101.587161171218,154.354560852051,135.343008875847,86.7579389299665,81.2294577056286,133.548222133092,99.3242028345827,79.9466355410489,0,123.511021585175,133.567924069687,78.0686777389801,17.4890762424365,39.7461325372655,163.290534973145,84.0577150409141,38.4496859759092,64.9603547316331,124.441669464111,186.635040283203,0,85.0877348092886,0,0,0,121.224406941732,169.824432373047,81.0317050086127,128.963317871094,0,0,0,148.883257548014,0,141.257970809937,192.212036132812,0,218.868423461914,0,0,109.277157465617,151.959589640299,122.294063927992,0,184.272555033366,185.19132232666,125.946739959717,127.778142293294,142.547645568848,0,0,127.466125488281,161.873344421387
151.345500946045,8.45495801186117,49.0282060542005,15.7065522098973,109.027035183377,152.542346954346,98.8539886474609,135.195495605469,144.460409545898,75.8352193952777,145.648293389214,62.6299440816868,106.905108860561,52.6784191796111,158.821709950765,109.554741210937,63.7564821426685,55.5925659584788,64.9616920246797,59.5435731202094,93.0217510223389,101.601658821106,21.3633539459054,79.2859744117374,87.8106024895442,21.9201281010623,49.0054547019467,33.4421421836975,103.720918108327,124.281437683105,118.131681169782,67.1987303627862,112.581275939941,0,55.1168071981789,0,99.8205129835341,113.769984436035,58.7591516706679,0,0,0,0,0,0,0,103.726913452148,0,84.0069205340217,0,0,151.902770996094,130.94987487793,125.091995239258,107.477545420329,0,0,81.4783909446315,146.212987263997,0,71.3689412897283,104.457321668926,101.211561675119,0,0,0,139.531799316406,0,0,83.8874549865723
92.0595444350946,49.0282060542005,13.0135954864542,52.3639874015349,111.367481994629,161.440814208984,133.134006889499,93.0820286071875,116.97782174902,117.177415684291,110.716073521911,95.9188317963571,183.06535949707,120.256712480025,113.158447335988,148.772258758545,81.8011508782705,32.551363051042,97.4351948329381,80.7836513925106,118.909008789062,53.3404512030761,52.6200474064525,27.1443031498581,109.962004032541,96.7904853820801,31.4810312802655,28.2848160006935,78.5409293947808,115.257694898333,74.0746571023368,92.271179623074,163.802379774011,94.9818461491511,57.6798515909867,156.5910987854,70.5268416510688,94.5359548052339,60.8756402674534,0,0,239.492736816406,159.204024112586,189.650836181641,119.667953491211,177.690722995334,163.93384552002,0,0,182.988410949707,0,121.801628112793,104.157638934019,0,126.333433998956,0,130.909596162684,59.5701516931707,106.204783147695,132.014749380258,148.89875793457,107.518850616455,92.6385753744043,150.009515802911,164.552648925781,154.352884928385,127.821990966797,0,0,104.453472993812
74.7917704772949,15.7065522098973,52.3639874015349,15.4175407733067,67.3230378399157,119.889470100403,88.234756905692,61.4255789527058,78.1998867499231,33.7124829426977,78.3776130762186,66.7098994955632,79.7094711303711,49.2597651443633,95.9998421615429,52.9595038674094,42.4982363518464,63.1644921712891,70.3973748178193,59.1618881560209,54.0766660543588,47.4041311409217,45.6684933125669,49.547794897104,43.4672717147074,19.5526694386764,48.2443417763313,44.3361956089641,52.3111786448177,81.3808117910532,60.2221483551569,63.4173362319534,124.496674673898,54.5090400811398,63.4601229449748,140.295516967773,43.630411863327,97.6160598028274,20.182056718593,0,0,222.915145874023,119.541976928711,172.898010253906,89.1797933578491,144.665395100911,51.704922358195,0,52.0539405822754,119.440517425537,0,120.351659229824,101.432486534119,61.0748840332031,99.9679768880208,188.267028808594,63.5711141313825,24.1920423527394,114.602671517266,103.587178497314,24.8848937091767,82.7311148976171,76.8330878917988,107.394279988607,113.928659057617,76.155957698822,0,0,80.2042388916016,103.719791412354
122.991529464722,109.027035183377,111.367481994629,67.3230378399157,9.28802446755938,111.37922261556,76.0111782943146,79.3059626685248,107.491522827148,46.6155382027446,21.1643608724834,0,22.4131729932403,160.413948059082,131.809271868537,72.8097954502812,88.7891604105632,147.601398468018,196.168014526367,0,14.0675056587449,0,61.4256028775816,99.3872942243304,19.0645583915329,130.435325622559,166.333243233817,122.71968946065,18.3156915428706,117.969024446275,57.935619354248,0,151.476195335388,124.042205810547,115.547700528745,0,0,0,79.6540008544922,24.6066273364275,0,145.84372177124,138.935930887858,149.423647562663,85.9708496485001,147.809629215914,0,99.7657081286113,0,185.453252156576,97.6957855224609,0,0,0,0,43.8494609178059,0,117.943248748779,0,99.6226014152902,0,197.033828735352,176.970123291016,121.683959440752,157.83422088623,0,0,0,0,168.336166381836
87.4634332367868,152.542346954346,161.440814208984,119.889470100403,111.37922261556,7.67485901774888,14.2215469707564,110.36949496799,25.7900865689562,82.0087140735827,117.138662608077,63.3609795948816,87.4563375343203,96.417979649135,27.0924514421294,19.175630845597,133.703170776367,166.587831384995,72.8100280761719,94.9629669189453,113.437231445313,0,100.759881155831,148.017225265503,87.306324005127,0,161.380991744995,151.996822738647,121.675396074568,25.1315170341223,116.922933959961,98.9655609130859,12.8954637429491,126.837989807129,37.3716518396064,0,0,0,142.518193562826,248.322082519531,0,0,0,0,133.003330230713,179.660175323486,0,161.85124206543,0,223.255599975586,0,0,0,0,0,0,0,0,0,173.10767691476,222.398864746094,0,0,186.014198303223,197.300079345703,0,0,0,0,0
83.4062447839854,98.8539886474609,133.134006889499,88.234756905692,76.0111782943146,14.2215469707564,11.3588953204775,66.0310265433807,20.8377151322492,77.7495717295894,33.5772961519575,90.3442686757734,30.4974294282725,75.0860137939453,39.7612434775495,16.4738009667566,123.024208068848,155.084651363597,157.071563720703,187.792385864258,58.081263196921,112.569189774363,109.306970214844,130.881675611223,72.7905245401773,0,161.481538411733,158.000450380387,81.8378624154008,47.2928986663025,103.977447668711,198.443382263184,22.2771339228279,104.040123679421,73.154498944517,178.492080688477,0,219.291130065918,120.365294236403,165.383299085829,0,175.22782942828,155.496485464913,163.604874106014,101.704703521729,163.567763192313,0,129.931319872538,0,215.324864705404,125.623733520508,166.84090423584,0,0,0,149.879886280407,0,129.365619659424,194.925354003906,123.640994541229,0,227.891204833984,194.010584513346,152.870099385579,192.869033813477,170.875640869141,0,236.247802734375,211.631332397461,182.779917399089
26.8790941166737,135.195495605469,93.0820286071875,61.4255789527058,79.3059626685248,110.36949496799,66.0310265433807,10.2352755166565,55.1810631099339,54.2508494951374,17.5483523833914,143.107065271448,90.1079141616821,165.656433105469,31.2321274523414,69.0559904679008,103.058043997628,103.804298031311,133.700485229492,145.033657255627,64.4946884881882,70.3072771332074,91.7786609104702,82.0667346389971,54.9760103314836,0,125.565238659861,111.85697935004,27.6952857370628,67.550257623452,22.4403886403112,172.49994913737,115.968512736576,67.9708791743211,82.3701009889312,141.666627066476,145.191110229492,174.290904798006,79.1517687969326,127.825349171956,0,152.430297157981,123.653211104564,142.570043523261,84.6624488830566,147.232064498098,0,156.291390991211,0,155.050731658936,160.821716308594,131.550988674164,183.855158879207,0,0,161.696146647135,159.558176676432,115.257621656145,160.563735961914,108.017433156797,0,178.731501261393,168.589619298135,125.54911627324,149.411906538338,133.123840332031,0,0,0,151.14997276893
43.4186118890431,144.460409545898,116.97782174902,78.1998867499231,107.491522827148,25.7900865689562,20.8377151322492,55.1810631099339,11.0057587424634,73.9460049265439,40.2258249970081,92.9164947202836,86.5683931475856,125.268852233887,17.8102683054843,44.7889750636142,131.966842064491,125.592523810684,160.610177612305,153.293848401024,92.546938002737,106.00354860184,122.192625157973,113.87014277241,75.5938344319661,0,144.061832016987,146.696219528503,86.2132193420517,36.4516241336034,76.3799002358528,176.708251953125,20.3836825371422,86.0347683118737,60.6068056674421,155.258590698242,194.780181884766,196.611791992188,106.612330652052,151.564362776907,0,165.142578125,143.16181628336,164.878347043638,96.0527725219727,156.486224338926,208.880172729492,159.055111224835,0,171.703255789621,154.47127532959,145.588563537598,0,0,0,144.924641927083,0,133.974878878207,181.330165516246,124.883961341495,109.340835571289,202.579093933105,188.807598876953,147.113736718651,170.721615131085,172.381678581238,0,0,169.697143554688,182.305671691895
75.9580595228407,75.8352193952777,117.177415684291,33.7124829426977,46.6155382027446,82.0087140735827,77.7495717295894,54.2508494951374,73.9460049265439,7.96853754597325,70.3226005162948,122.368815210765,14.6567252208351,117.495494440676,89.1996552304524,21.947437348524,88.9511422051324,128.242792883585,129.947895396839,130.689066714332,33.6164049453788,66.1257676624116,23.2445396543731,105.385844437972,25.0668887701439,101.120500875703,120.859380979796,107.503251979889,52.4993608485106,90.1967718657724,62.5999566827502,132.589986299214,118.724739074707,75.8795041170987,110.895573019981,0,167.929448445638,175.85451965332,109.74125880003,103.375953674316,0,107.703035990397,131.020333184136,0,76.9854648590088,117.661947316137,0,88.4633121979542,141.190848214286,0,74.005461952903,0,142.522613525391,0,179.990219116211,100.958328833947,0,133.188911437988,0,87.2201026841706,127.728336991935,176.315290323893,168.526547467267,127.823979695638,0,145.981201171875,0,0,180.983428955078,179.432594299316
64.8617724878502,145.648293389214,110.716073521911,78.3776130762186,21.1643608724834,117.138662608077,33.5772961519575,17.5483523833914,40.2258249970081,70.3226005162948,11.8772787417549,151.819210476345,25.8057375539083,175.62144724528,53.5830146645536,77.9067165472569,107.978010123117,138.769472244338,188.182445526123,165.675251609401,21.3955130603701,87.1172757734332,101.718660845075,101.954816519496,52.0667468576258,171.985473632812,143.172486654142,129.302889413471,28.2164506563456,99.529417851757,71.2666262030602,190.448327636719,130.240678460474,89.5412861294217,99.9667141674455,155.937634277344,147.764446258545,192.981395176479,99.0379970182622,159.023853231359,0,160.957038648201,144.47593909142,164.609399159749,96.1688272990878,161.898463545727,0,141.366835874112,0,192.582117495329,125.203487743031,155.335787455241,225.137744903564,0,0,115.914327262936,174.255844116211,130.59326616923,169.634044647217,115.537138065418,0,201.681646728516,189.245494495739,149.062235521527,182.599503199259,161.367359924316,0,0,150.631351470947,177.868928273519
125.784275935246,62.6299440816868,95.9188317963571,66.7098994955632,0,63.3609795948816,90.3442686757734,143.107065271448,92.9164947202836,122.368815210765,151.819210476345,12.3256412138343,126.335783216688,22.6797165072934,83.4165220465271,166.528854370117,119.829193115234,52.1336954376626,18.1019354921876,21.1797905986112,172.036936442057,106.197256007665,96.3435328057472,95.903760513702,141.051468183409,34.8038538118321,26.7963978086401,56.9670281677471,128.281612117116,65.8053275708678,121.133062802828,33.6611305833642,60.7889210033417,99.7362117767334,25.9469458577144,0,97.8183530171712,145.57613881429,77.7192487214741,0,0,0,229.099609375,0,0,0,113.245225906372,0,68.2126120365027,0,0,172.882400512695,148.356979370117,128.500839233398,121.846161615281,0,0,109.689643859863,131.378753662109,236.153450012207,61.7441937266916,107.770364798752,99.2319492340088,0,0,0,70.4687118530273,0,0,135.083566029867
124.187163613059,106.905108860561,183.06535949707,79.7094711303711,22.4131729932403,87.4563375343203,30.4974294282725,90.1079141616821,86.5683931475856,14.6567252208351,25.8057375539083,126.335783216688,12.5450276638972,177.990269978841,112.213349780386,25.9738697174371,169.943321228027,174.083246866862,0,0,14.538675500253,0,62.8113059997559,160.232339477539,23.2339203815978,133.757904052734,164.66792678833,134.13550652398,47.3825180072295,113.781922036323,161.50040435791,0,120.66573201693,90.9858551025391,109.477881511659,0,0,217.06298828125,101.862599563599,79.2357872515394,124.98747253418,121.102595703942,140.353493499756,163.57249546051,75.0908291465358,131.581438742921,0,19.1570395862005,0,113.884422302246,90.7400699028602,0,0,0,0,43.3236828994157,0,138.716278076172,0,88.870172687287,0,0,0,138.501402331937,200.514459228516,0,0,0,0,0
148.068993886312,52.6784191796111,120.256712480025,49.2597651443633,160.413948059082,96.417979649135,75.0860137939453,165.656433105469,125.268852233887,117.495494440676,175.62144724528,22.6797165072934,177.990269978841,7.51431473518226,96.7720178222656,162.7271597726,126.86353302002,91.3471943826386,44.5938337108632,55.557492500958,145.27241007487,145.587127685547,90.4405152536657,119.009593616832,138.137463422659,24.1188288537657,26.2205793376221,35.7036883131406,156.391621589661,97.3772245668898,151.208140563965,18.5050155408851,80.9506017896864,137.046447753906,57.3788182693405,0,81.8856991038603,144.319264729818,54.7850454927401,0,0,0,0,0,143.496019635882,212.085510253906,80.8604153600232,0,64.3360850016276,0,0,0,139.799514770508,90.843012491862,112.91389298439,0,0,115.808480696245,184.667541503906,139.833187103271,50.4471439627152,102.5385757398,85.3523567452723,200.999801635742,0,210.53352355957,88.746083577474,0,0,112.51739692688
20.4015509840909,158.821709950765,113.158447335988,95.9998421615429,131.809271868537,27.0924514421294,39.7612434775495,31.2321274523414,17.8102683054843,89.1996552304524,53.5830146645536,83.4165220465271,112.213349780386,96.7720178222656,9.94669804862912,46.7585641213183,140.51394059923,122.292976370754,121.31810836792,143.099788562672,114.796691240583,106.588173340778,116.566569010417,116.318858149046,98.5044462514478,0,141.58180331653,146.565727286685,97.562315901588,25.8186675480605,68.1798524052686,145.978252955845,20.5349741664155,51.8374119770678,55.9211076743594,157.610427856445,146.154891967773,191.08420308431,103.665040152414,137.168991088867,0,161.583190917969,156.667003010595,193.375430297852,93.3423396216498,185.986978149414,0,207.911117553711,0,186.634333292643,223.550704956055,0,221.537734985352,0,0,117.873817443848,0,135.879211425781,175.319036865234,137.153152046623,0,205.190658569336,190.981958177355,148.545344708914,171.859002685547,159.703183174133,231.768753051758,0,167.821975708008,190.569610595703
0,109.554741210937,148.772258758545,52.9595038674094,72.8097954502812,19.175630845597,16.4738009667566,69.0559904679008,44.7889750636142,21.947437348524,77.9067165472569,166.528854370117,25.9738697174371,162.7271597726,46.7585641213183,9.32763240754938,166.843399047852,158.166351318359,0,180.357982635498,54.6753615746131,0,77.5128528594971,159.345817565918,42.2316070462284,133.360321044922,161.756055196126,138.375057520491,76.0363142404212,59.6058194131562,181.063346862793,0,42.1389683029132,64.3014860153198,106.839921474457,180.279983520508,0,198.260696411133,169.797439575195,141.355010986328,0,91.4386405944824,0,163.78092956543,55.5072898864746,124.799326116388,0,95.1631412506104,0,0,87.7386271158854,0,0,0,0,130.087476457868,0,0,0,139.207324981689,0,171.116058349609,0,111.030178070068,0,0,0,0,0,0
128.408540089925,63.7564821426685,81.8011508782705,42.4982363518464,88.7891604105632,133.703170776367,123.024208068848,103.058043997628,131.966842064491,88.9511422051324,107.978010123117,119.829193115234,169.943321228027,126.86353302002,140.51394059923,166.843399047852,11.0752602520708,101.227478760939,0,131.65724105835,88.6937789916992,14.4195324991264,31.8866135202928,23.3069318379088,36.145770947315,93.6763687133789,120.321812537409,25.8816552854343,30.878951640819,120.762258402507,79.2262763977051,134.350616455078,0,103.236516316732,77.5075353332188,162.144004821777,83.7414474487305,101.588765825544,63.0900933401925,0,0,0,171.012012481689,205.983703613281,80.2248001098633,152.555694580078,0,0,0,169.579376220703,0,99.0452776199732,140.656722068787,0,0,0,109.835771271677,56.5978685314771,101.377167220664,110.730382283529,0,147.043146769206,97.0628260693519,111.15265244704,140.751998901367,107.542971928914,0,0,0,133.339276313782
101.587161171218,55.5925659584788,32.551363051042,63.1644921712891,147.601398468018,166.587831384995,155.084651363597,103.804298031311,125.592523810684,128.242792883585,138.769472244338,52.1336954376626,174.083246866862,91.3471943826386,122.292976370754,158.166351318359,101.227478760939,9.74000532873301,49.7361594639467,21.4699945104087,160.508265177409,55.5007710778214,76.655476973832,24.1151375322644,129.967213724996,68.9226976324011,29.9815742372205,63.0235330273901,112.84199787502,105.558213996626,71.0412866392711,87.1225326855977,150.614019393921,89.106613677481,33.9726038643365,178.601534525553,75.2285805596246,102.134416102287,69.6333370092438,0,0,0,179.892081968246,207.946848551432,178.741994222005,180.398916625977,131.965840339661,0,139.28911336263,220.61393737793,0,139.146620941162,110.542502811977,124.909362792969,123.870544251941,0,133.587984085083,83.6778127001478,120.794107730572,162.596760089581,113.330612876199,107.333915227906,103.550527270796,163.739454650879,198.593442281087,163.05058992826,128.117118835449,0,0,114.682915467482
154.354560852051,64.9616920246797,97.4351948329381,70.3973748178193,196.168014526367,72.8100280761719,157.071563720703,133.700485229492,160.610177612305,129.947895396839,188.182445526123,18.1019354921876,0,44.5938337108632,121.31810836792,0,0,49.7361594639467,7.29346806414759,10.1932633862846,0,114.914970397949,103.073997497559,83.3478884887695,169.777568817139,47.231952036982,31.7232698451935,60.5544448562504,161.597778320312,122.19037882487,119.604846954346,53.9348682056774,88.6070175170898,129.523597717285,58.6359979201336,0,0,129.478530883789,67.7853450775146,0,0,0,0,0,0,0,89.8442420959473,0,131.383672078451,0,0,0,0,0,100.023426055908,0,0,114.406024932861,0,0,67.9682015639085,113.391323368724,100.378552585178,0,0,0,0,0,0,164.858261108398
135.343008875847,59.5435731202094,80.7836513925106,59.1618881560209,0,94.9629669189453,187.792385864258,145.033657255627,153.293848401024,130.689066714332,165.675251609401,21.1797905986112,0,55.557492500958,143.099788562672,180.357982635498,131.65724105835,21.4699945104087,10.1932633862846,9.49075131183035,200.371988932292,93.2036937497697,103.186341082463,67.7357310452207,147.637340442554,44.834654209144,27.5113199581254,63.5592455998419,132.943771362305,118.182743757963,106.060720631774,55.5767060896006,89.4209074204968,115.398801219707,42.8020970313623,177.766708374023,106.842754364014,138.09630295326,83.2216455235201,0,0,0,185.526962280273,193.663116455078,185.154663085938,0,100.085253715515,0,107.833718363444,211.402694702148,0,0,135.373778533936,108.651349581205,106.369025868818,0,161.719848632812,115.633943557739,152.150241088867,174.759429931641,73.9561514983306,105.295891341164,105.181302150292,209.831329345703,197.173248291016,194.06616973877,131.88208770752,0,0,124.866171444164
86.7579389299665,93.0217510223389,118.909008789062,54.0766660543588,14.0675056587449,113.437231445313,58.081263196921,64.4946884881882,92.546938002737,33.6164049453788,21.3955130603701,172.036936442057,14.538675500253,145.27241007487,114.796691240583,54.6753615746131,88.6937789916992,160.508265177409,0,200.371988932292,9.9580563206938,112.024597167969,59.880117021758,111.631236076355,16.4321322390723,130.516249084473,166.866154670715,120.864192833335,29.9120885896483,107.260678172982,113.995625087193,175.867889404297,129.315474616157,101.467549641927,110.814444732666,0,0,0,76.3477599532516,38.8672622255532,0,137.744390487671,135.923611534966,163.647760009766,85.8914110520307,148.052064375444,0,41.3795924153821,180.452606201172,147.389907836914,114.119439442952,139.041511535645,175.229522705078,0,0,13.9398582052829,0,102.215361022949,200.906379699707,103.345176530116,0,0,179.436505126953,142.718929637562,156.270757039388,0,0,0,0,182.658065795898
81.2294577056286,101.601658821106,53.3404512030761,47.4041311409217,0,0,112.569189774363,70.3072771332074,106.00354860184,66.1257676624116,87.1172757734332,106.197256007665,0,145.587127685547,106.588173340778,0,14.4195324991264,55.5007710778214,114.914970397949,93.2036937497697,112.024597167969,10.718718870581,51.7626957011287,21.057877805078,33.4490470757933,0,97.8948267023614,82.3558511240074,16.6379195566463,36.0123219591243,21.7286453451279,126.346908569336,159.267974853516,38.5205102465452,37.5646631924744,126.025366210938,124.079498291016,145.705765219296,61.2066088051632,137.016067504883,0,149.996719360352,116.179211139679,159.303527832031,82.96129099528,146.057769775391,0,155.442596435547,0,145.734817504883,0,92.2116840069111,159.384929656982,0,145.450950622559,0,102.785318453018,58.8752053967315,107.035910044631,112.351702806426,0,149.705835782565,127.52297325854,110.986962329382,135.100955327352,110.172554147655,0,0,127.22431400844,135.975887298584
133.548222133092,21.3633539459054,52.6200474064525,45.6684933125669,61.4256028775816,100.759881155831,109.306970214844,91.7786609104702,122.192625157973,23.2445396543731,101.718660845075,96.3435328057472,62.8113059997559,90.4405152536657,116.566569010417,77.5128528594971,31.8866135202928,76.655476973832,103.073997497559,103.186341082463,59.880117021758,51.7626957011287,8.57540553902429,47.4673841389743,34.0987956672175,72.3813534263328,93.4286699527647,39.9306646500645,54.6414838138683,106.866852018568,59.2270100250905,100.7630443573,134.030654907227,70.0085053443909,61.3530199463303,0,87.0527572631836,84.6972147623698,57.8672384211892,0,0,0,160.940353393555,220.775512695312,58.4116535186768,156.911956787109,149.721557617188,0,125.638988788311,0,0,69.2982028614391,148.753067016602,0,153.487037658691,184.539184570312,67.7861105600993,18.9480385416084,87.988488483429,145.934812545776,99.2986019897461,138.966991258704,95.2990883275082,121.072587966919,0,167.606079101562,0,0,135.825393676758,121.388202667236
99.3242028345827,79.2859744117374,27.1443031498581,49.547794897104,99.3872942243304,148.017225265503,130.881675611223,82.0667346389971,113.87014277241,105.385844437972,101.954816519496,95.903760513702,160.232339477539,119.009593616832,116.318858149046,159.345817565918,23.3069318379088,24.1151375322644,83.3478884887695,67.7357310452207,111.631236076355,21.057877805078,47.4673841389743,15.5295755914908,65.8407095613675,71.5808563232422,78.842129724513,49.7954880525071,46.9983347845282,76.0221295388313,48.7683766887067,119.761522466486,147.050379753113,79.4276657988694,47.0852033558976,131.29216003418,100.662862604315,100.678445010715,61.0411054791503,0,0,187.208808898926,155.927376338414,172.109588623047,108.86981010437,169.243954467773,0,0,198.871215820312,149.357177734375,0,97.4878825567239,116.394213676453,0,139.520049355247,157.271423339844,107.704661870407,57.867807746908,102.493346004951,148.821708391298,0,136.442960068986,97.6990863562202,141.455949806305,163.285950796945,117.803053855896,0,0,153.852920532227,111.552763875326
79.9466355410489,87.8106024895442,109.962004032541,43.4672717147074,19.0645583915329,87.306324005127,72.7905245401773,54.9760103314836,75.5938344319661,25.0668887701439,52.0667468576258,141.051468183409,23.2339203815978,138.137463422659,98.5044462514478,42.2316070462284,36.145770947315,129.967213724996,169.777568817139,147.637340442554,16.4321322390723,33.4490470757933,34.0987956672175,65.8407095613675,10.1222142145345,121.454575403565,133.523152862276,100.589784082762,17.2610256856431,89.6070775985718,70.5945480011161,152.46891784668,127.1125460538,69.1732216971261,93.8641303080433,122.380739212036,135.192631530762,157.12367776724,68.7156279648407,125.130707991751,0,121.593378507174,115.449489622188,142.7333984375,62.4070296817356,131.19593139931,179.914733886719,110.010662198067,158.775604248047,146.81051381429,83.442761739095,104.082312202454,167.897876739502,195.679779052734,193.246566772461,116.293139987522,109.340067969428,69.4969133706617,133.359678517217,93.6103830209882,144.115961941806,181.589395002885,171.169192586626,113.846033378884,134.121328565809,121.932272338867,0,0,123.064566612244,147.869491940453
0,21.9201281010623,96.7904853820801,19.5526694386764,130.435325622559,0,0,0,0,101.120500875703,171.985473632812,34.8038538118321,133.757904052734,24.1188288537657,0,133.360321044922,93.6763687133789,68.9226976324011,47.231952036982,44.834654209144,130.516249084473,0,72.3813534263328,71.5808563232422,121.454575403565,8.84374596105687,44.6046395942346,23.921548200092,140.893394470215,96.6432876586914,0,44.482261874459,80.2006257375081,0,51.0291467465852,0,60.1928826693831,162.314682006836,28.8261148571968,0,0,0,0,0,154.359981536865,0,86.3346160252889,0,52.1650233105915,0,0,0,139.276931762695,79.543028150286,81.6210571289062,0,0,96.9486312866211,0,173.353256225586,35.04634639163,80.0213023291694,68.6181508368741,0,216.381050109863,160.453018188477,77.537473042806,0,0,87.6706962585449
123.511021585175,49.0054547019467,31.4810312802655,48.2443417763313,166.333243233817,161.380991744995,161.481538411733,125.565238659861,144.061832016987,120.859380979796,143.172486654142,26.7963978086401,164.66792678833,26.2205793376221,141.58180331653,161.756055196126,120.321812537409,29.9815742372205,31.7232698451935,27.5113199581254,166.866154670715,97.8948267023614,93.4286699527647,78.842129724513,133.523152862276,44.6046395942346,12.7800942695672,32.4333632673292,130.70138168335,128.405237495899,111.252129577188,24.0653978331866,119.553348043691,114.696023735633,60.2460335553525,177.272186279297,93.9362668662236,105.798555234879,63.4156668663025,0,0,234.522392272949,171.600914001465,200.343271255493,170.082592773438,221.857353210449,103.162946730394,221.559768676758,101.165173714621,189.428690592448,198.047912597656,153.233080291748,108.790028122236,109.558452405428,101.765640652928,0,160.659024556478,125.477483912877,130.058495675364,202.846620347765,66.9310323601095,95.3084164520022,96.0333866429105,189.144575500488,177.333559989929,171.900023460388,112.463775966478,0,184.403549194336,108.357011673298
133.567924069687,33.4421421836975,28.2848160006935,44.3361956089641,122.71968946065,151.996822738647,158.000450380387,111.85697935004,146.696219528503,107.503251979889,129.302889413471,56.9670281677471,134.13550652398,35.7036883131406,146.565727286685,138.375057520491,25.8816552854343,63.0235330273901,60.5544448562504,63.5592455998419,120.864192833335,82.3558511240074,39.9306646500645,49.7954880525071,100.589784082762,23.921548200092,32.4333632673292,13.6203756594096,84.6938732997291,134.697924989643,110.550774077607,25.5456619918404,116.282135703347,126.483575967642,64.5189593372265,189.03181180087,66.7997120849846,95.6903674324263,58.5373821601868,219.196411132812,0,202.229924519857,171.432598603077,199.22021379142,158.61689860026,189.656744480133,105.74864251764,164.352348327637,92.973397519576,196.993662834167,220.915252685547,102.3086433781,106.953608559739,106.874960978826,106.345340613163,218.749397277832,119.933466160551,53.1432193595708,107.069162389235,164.379288736979,66.7569515457401,99.0767630709594,93.832818356656,165.180646099622,168.636255900065,145.867624521255,119.98050181071,0,0,112.190248697454
78.0686777389801,103.720918108327,78.5409293947808,52.3111786448177,18.3156915428706,121.675396074568,81.8378624154008,27.6952857370628,86.2132193420517,52.4993608485106,28.2164506563456,128.281612117116,47.3825180072295,156.391621589661,97.562315901588,76.0363142404212,30.878951640819,112.84199787502,161.597778320312,132.943771362305,29.9120885896483,16.6379195566463,54.6414838138683,46.9983347845282,17.2610256856431,140.893394470215,130.70138168335,84.6938732997291,10.523872283072,86.3626939178144,36.0079215693386,154.309265136719,140.5971871234,63.8550578338421,64.7676024647362,122.316188988319,158.262668609619,150.790989685059,69.4182459646495,136.494501813253,0,150.885136442364,119.615903897719,153.978728736007,77.0739391430004,149.429704563592,0,139.227013601384,226.760177612305,142.827084784414,143.746913909912,105.18441487975,170.582448959351,0,176.858551025391,127.556484662569,109.807022761373,69.4784325268804,139.888707646784,104.579693559763,0,186.43066851298,148.846211910248,118.791098304254,137.514627535049,113.897778662566,0,189.77587890625,128.717915968461,138.348196723244
17.4890762424365,124.281437683105,115.257694898333,81.3808117910532,117.969024446275,25.1315170341223,47.2928986663025,67.550257623452,36.4516241336034,90.1967718657724,99.529417851757,65.8053275708678,113.781922036323,97.3772245668898,25.8186675480605,59.6058194131562,120.762258402507,105.558213996626,122.19037882487,118.182743757963,107.260678172982,36.0123219591243,106.866852018568,76.0221295388313,89.6070775985718,96.6432876586914,128.405237495899,134.697924989643,86.3626939178144,10.6597751796374,26.5212908141214,115.270758995643,15.1247631819772,18.1223053437231,35.9093312626578,154.135600498744,132.486862182617,195.186088562012,95.338109113168,174.714925130208,0,247.571624755859,145.86366965554,187.022803566673,96.3844414968339,181.220151901245,0,165.481323242188,0,172.830291748047,126.898956298828,138.350436528524,202.5693359375,0,228.069122314453,198.428375244141,145.784545898438,134.772653059526,181.108792114258,135.935329492541,210.805816650391,178.296119181315,178.492606898717,144.359429755578,161.627270653134,135.034162521362,0,0,144.936111450195,168.763707478841
39.7461325372655,118.131681169782,74.0746571023368,60.2221483551569,57.935619354248,116.922933959961,103.977447668711,22.4403886403112,76.3799002358528,62.5999566827502,71.2666262030602,121.133062802828,161.50040435791,151.208140563965,68.1798524052686,181.063346862793,79.2262763977051,71.0412866392711,119.604846954346,106.060720631774,113.995625087193,21.7286453451279,59.2270100250905,48.7683766887067,70.5945480011161,0,111.252129577188,110.550774077607,36.0079215693386,26.5212908141214,10.065218546352,173.006039428711,121.207965272846,32.2577513450841,43.8486243870512,126.994453430176,95.6838417053223,155.050377478966,72.9118952277963,0,0,149.156112670898,124.750503285726,153.334540989088,77.8443222045898,157.358013916016,0,0,210.676727294922,156.245181083679,0,104.100857543945,191.82088470459,0,0,0,113.310875431184,74.146241887894,141.612833220383,113.040571112382,0,169.513280232747,152.394386783723,119.658570551239,129.988553572674,118.862420151873,0,0,119.789391517639,137.746878729926
163.290534973145,67.1987303627862,92.271179623074,63.4173362319534,0,98.9655609130859,198.443382263184,172.49994913737,176.708251953125,132.589986299214,190.448327636719,33.6611305833642,0,18.5050155408851,145.978252955845,0,134.350616455078,87.1225326855977,53.9348682056774,55.5767060896006,175.867889404297,126.346908569336,100.7630443573,119.761522466486,152.46891784668,44.482261874459,24.0653978331866,25.5456619918404,154.309265136719,115.270758995643,173.006039428711,4.84160495281219,98.9227091471354,0,72.033689325506,0,99.1235466003418,0,77.5139268728403,0,0,0,0,0,176.231178283691,0,101.373236083984,0,91.9683947563171,0,0,0,159.178024291992,107.043281555176,107.524592081706,0,0,146.983810424805,168.754669189453,0,71.6646817740748,108.013664366707,103.715265782674,0,0,0,117.179336547852,0,0,150.101974487305
84.0577150409141,112.581275939941,163.802379774011,124.496674673898,151.476195335388,12.8954637429491,22.2771339228279,115.968512736576,20.3836825371422,118.724739074707,130.240678460474,60.7889210033417,120.66573201693,80.9506017896864,20.5349741664155,42.1389683029132,0,150.614019393921,88.6070175170898,89.4209074204968,129.315474616157,159.267974853516,134.030654907227,147.050379753113,127.1125460538,80.2006257375081,119.553348043691,116.282135703347,140.5971871234,15.1247631819772,121.207965272846,98.9227091471354,5.21019528934072,95.8619232177734,36.5455589776583,0,0,0,144.901580810547,191.846603393555,0,0,207.606618245443,0,118.309883117676,0,0,0,0,0,0,0,0,0,135.046249389648,0,0,0,0,179.528479836204,0,151.482507324219,0,180.83349609375,0,168.181579589844,0,0,0,0
38.4496859759092,0,94.9818461491511,54.5090400811398,124.042205810547,126.837989807129,104.040123679421,67.9708791743211,86.0347683118737,75.8795041170987,89.5412861294217,99.7362117767334,90.9858551025391,137.046447753906,51.8374119770678,64.3014860153198,103.236516316732,89.106613677481,129.523597717285,115.398801219707,101.467549641927,38.5205102465452,70.0085053443909,79.4276657988694,69.1732216971261,0,114.696023735633,126.483575967642,63.8550578338421,18.1223053437231,32.2577513450841,0,95.8619232177734,8.46218890303018,22.6890360862624,118.556427001953,0,202.726226806641,69.3485441207886,0,0,188.111053466797,111.218160356794,139.770706176758,55.3589096069336,131.001693725586,0,0,0,146.809513092041,0,101.94934463501,130.662414550781,0,154.498138427734,0,103.500175476074,118.224126180013,0,126.169547080994,0,167.560274124146,149.863494873047,119.615430450439,129.293729146322,120.379931131999,0,0,0,139.895623779297
64.9603547316331,55.1168071981789,57.6798515909867,63.4601229449748,115.547700528745,37.3716518396064,73.154498944517,82.3701009889312,60.6068056674421,110.895573019981,99.9667141674455,25.9469458577144,109.477881511659,57.3788182693405,55.9211076743594,106.839921474457,77.5075353332188,33.9726038643365,58.6359979201336,42.8020970313623,110.814444732666,37.5646631924744,61.3530199463303,47.0852033558976,93.8641303080433,51.0291467465852,60.2460335553525,64.5189593372265,64.7676024647362,35.9093312626578,43.8486243870512,72.033689325506,36.5455589776583,22.6890360862624,11.5523664698562,172.757919311523,93.4590715261606,104.836280186971,81.2434669922445,197.845611572266,0,183.441157023112,140.869191976694,164.48168182373,106.921631152813,199.360262552897,121.784585952759,188.180999755859,129.589449201311,189.176724243164,0,100.486328818581,114.462842243474,124.607323782785,119.570714484321,0,145.736852010091,80.9802165561252,114.9462892687,133.191323478267,104.308929988316,109.140096147659,111.422557685211,142.145044403076,143.318035670689,139.812876614657,136.486480712891,0,223.123275756836,130.081587571364
124.441669464111,0,156.5910987854,140.295516967773,0,0,178.492080688477,141.666627066476,155.258590698242,0,155.937634277344,0,0,0,157.610427856445,180.279983520508,162.144004821777,178.601534525553,0,177.766708374023,0,126.025366210938,0,131.29216003418,122.380739212036,0,177.272186279297,189.03181180087,122.316188988319,154.135600498744,126.994453430176,0,0,118.556427001953,172.757919311523,10.7803221889719,119.393873214722,122.833275689019,66.6128545174232,84.1078839302063,88.2325778537326,76.2440594588176,21.004844446821,57.5636342886376,66.487981184935,66.9246593886466,127.040076580244,102.550258789062,157.035493469238,16.2757180548832,39.1959981918335,85.7136438642229,103.399012535623,136.744079589844,122.149349644499,84.0489432594993,74.8067288885311,70.4222930410634,94.6111097735028,70.7760273096784,117.022590637207,120.494206866626,133.338284569329,76.0813325643539,19.3367641711995,28.2505096647887,157.781345912388,85.9366171095106,45.0805690922868,72.9593643561006
186.635040283203,99.8205129835341,70.5268416510688,43.630411863327,0,0,0,145.191110229492,194.780181884766,167.929448445638,147.764446258545,97.8183530171712,0,81.8856991038603,146.154891967773,0,83.7414474487305,75.2285805596246,0,106.842754364014,0,124.079498291016,87.0527572631836,100.662862604315,135.192631530762,60.1928826693831,93.9362668662236,66.7997120849846,158.262668609619,132.486862182617,95.6838417053223,99.1235466003418,0,0,93.4590715261606,119.393873214722,8.35027824659163,43.5556155770006,13.2197800000049,98.1373977661133,0,0,118.797822767688,144.455360412598,71.6208115105677,135.319020589193,66.643136697657,91.8456624348958,52.2138863127695,142.321628570557,106.435055541992,67.6563556377704,52.0322724773897,63.9637050628662,58.5630760977788,0,76.4579946994781,26.107675902724,60.7040647268295,76.1424243472038,23.3106909311258,47.7074565680743,24.3222053915982,103.77554216056,107.058155406605,107.322658061981,72.542694568634,0,81.5455017089844,56.0927957469019
0,113.769984436035,94.5359548052339,97.6160598028274,0,0,219.291130065918,174.290904798006,196.611791992188,175.85451965332,192.981395176479,145.57613881429,217.06298828125,144.319264729818,191.08420308431,198.260696411133,101.588765825544,102.134416102287,129.478530883789,138.09630295326,0,145.705765219296,84.6972147623698,100.678445010715,157.12367776724,162.314682006836,105.798555234879,95.6903674324263,150.790989685059,195.186088562012,155.050377478966,0,0,202.726226806641,104.836280186971,122.833275689019,43.5556155770006,11.9408084682665,46.0074696869686,123.846613057454,208.198272705078,136.947999270457,91.6184410239418,127.012758238126,99.8268604278564,109.523804921424,92.4132699966431,142.134178161621,101.716866811117,127.886485006041,138.865161132812,69.4673199417568,40.2450851504642,91.6533027062049,74.9761721004139,135.901791890462,63.1081637342373,41.7722138624925,31.4782380682937,101.070556453401,78.4541320800781,26.3336171090658,26.7298019385524,88.2052133305172,138.603184809004,88.4150284734266,95.2554605924166,172.183258056641,133.903421020508,65.9741511090973
85.0877348092886,58.7591516706679,60.8756402674534,20.182056718593,79.6540008544922,142.518193562826,120.365294236403,79.1517687969326,106.612330652052,109.74125880003,99.0379970182622,77.7192487214741,101.862599563599,54.7850454927401,103.665040152414,169.797439575195,63.0900933401925,69.6333370092438,67.7853450775146,83.2216455235201,76.3477599532516,61.2066088051632,57.8672384211892,61.0411054791503,68.7156279648407,28.8261148571968,63.4156668663025,58.5373821601868,69.4182459646495,95.338109113168,72.9118952277963,77.5139268728403,144.901580810547,69.3485441207886,81.2434669922445,66.6128545174232,13.2197800000049,46.0074696869686,19.1174640068755,45.8590633869171,0,92.1813002795708,59.9137038432569,92.6709986484892,40.6335096273722,94.8993079072686,66.148967343285,110.374825728567,50.5962419509888,84.1262087538436,111.377086986195,34.1424721094914,57.7089902906135,69.5662957049431,58.257884577701,106.829742431641,61.137323193084,26.0114633997039,51.6669959274996,36.0755892470128,25.3536015150174,47.4584077705257,36.2156933753868,51.9149568297264,73.5476052640089,58.7916096322196,75.0809258355035,111.15602684021,62.0301609787287,61.6482583614958
0,0,0,0,24.6066273364275,248.322082519531,165.383299085829,127.825349171956,151.564362776907,103.375953674316,159.023853231359,0,79.2357872515394,0,137.168991088867,141.355010986328,0,0,0,0,38.8672622255532,137.016067504883,0,0,125.130707991751,0,0,219.196411132812,136.494501813253,174.714925130208,0,0,191.846603393555,0,197.845611572266,84.1078839302063,98.1373977661133,123.846613057454,45.8590633869171,8.44415141230915,126.126937866211,76.2970402263035,64.9991449905654,89.4381161644345,39.6805237012844,15.0748296296433,0,22.8005773441647,192.413009643555,101.753450749995,47.4094336122648,75.1391596794128,151.354887826102,0,161.743990580241,11.3928441283888,147.799896240234,54.3873195648193,134.528875177557,16.722760239007,0,165.628385370428,123.69237939935,19.9032453866069,96.3713464598725,112.601861317952,0,160.204635620117,92.0658180930398,92.9093197532322
0,0,0,0,0,0,0,0,0,0,0,0,124.98747253418,0,0,0,0,0,0,0,0,0,0,0,0,0,0,0,0,0,0,0,0,0,0,88.2325778537326,0,208.198272705078,0,126.126937866211,6.9310713943111,11.0539906947511,116.457952022552,17.8824651621748,45.2742889404297,102.727324444315,67.8537479747425,100.550338745117,0,31.02336794809,13.1010880219686,0,0,0,84.7028579711914,0,0,0,138.585064697266,89.250356401716,0,226.270965576172,98.4748268127441,134.552291022407,27.3026908612719,115.538368225098,0,9.77551415740638,0,36.812588617076
