8.25426969529635,121.486808776855,81.3051122577088,64.915226922519,81.6730715433757,81.9116020202637,80.2873113950094,27.9329200975131,39.9321698025959,58.6713564978705,54.1580537733484,139.854022808929,84.4325866699219,149.525870103102,9.30096895998271,15.8209037780762,84.6581428527832,98.2746669825386,143.938091278076,112.040189147949,80.7718982696533,70.8825110171704,65.7459325135209,71.1126536047815,69.2180871461567,143.488883972168,103.642380022977,112.101003948011,63.2280377296118,13.2038453389568,29.996792905013,156.036575317383,100.190246582031,20.2749084443902,77.8751915418185,118.633102416992,0,145.512864430745,76.4538447062175,0,0,0,127.11671257019,193.337615966797,99.944330851237,172.083399454753,0,0,0,0,0,121.619228363037,163.967256818499,0,178.794876098633,0,178.052764892578,139.961090087891,152.687250137329,115.884552849664,142.398880004883,173.631798638238,151.66076190655,123.147553253174,132.610321044922,138.92794342041,0,0,0,137.586399078369
121.486808776855,7.04978697831437,39.0195702262547,12.516104030163,0,0,187.566589355469,130.027607509068,164.872629801432,61.1893906698618,0,63.6090887521059,87.4953098297119,48.3962708453542,132.979133605957,99.2973429361979,63.8570432662964,41.0972543686329,103.164657592773,49.464934352528,118.229423522949,83.1384680374809,23.8700360557734,59.1826160502884,79.4479318506577,28.3306493133467,39.2367867303664,29.5195160939132,105.48398683509,116.526149608471,103.915432591592,67.4119155406952,0,108.924730936686,50.0292726872147,159.828971862793,60.8597176800603,71.5584770202637,62.5606513977051,0,0,0,139.799385070801,0,130.637474060059,0,95.1160322825114,0,87.9324701820932,0,0,81.8821614583333,82.1319148304698,101.53976504008,87.2387141603412,0,113.40229288737,86.2866455078125,93.9001556165291,147.192039489746,59.5195221649973,78.7492315718468,78.1885944768401,120.791155497233,160.959915161133,126.695953369141,115.11599949428,0,0,98.0631553104946
81.3051122577088,39.0195702262547,9.84799984491889,39.4977498468022,118.800392150879,145.057507683249,128.836703894273,78.9133980930381,107.607408928149,115.189063707987,88.7245662770373,88.8469564569821,0,91.9704648639084,93.0220615750649,127.703554789225,72.2075563703265,32.6080730235736,95.4356925270774,76.3279048414791,186.677673339844,51.5361061852409,38.0844538806368,23.4641112751737,103.223305635674,91.1649896722091,21.4054872785102,25.9273625386654,63.8984039276967,93.7820574024745,48.536172328138,91.2421529134115,154.818362765842,98.2172633277045,46.8000344346758,161.221199035645,57.1808194247159,83.3250450476749,77.4062166762078,0,0,175.055290222168,148.837744358608,172.790912946065,180.457855224609,175.088933308919,129.569834027972,232.29411315918,131.81371722305,167.845873260498,193.997253417969,101.468964680587,95.6641169475091,135.000130462646,115.996510823568,0,119.929088309959,72.9352836608887,96.917028778965,142.703052667471,119.293702867296,94.6309702728092,85.4420085084947,134.977654526354,152.408955500676,126.522652782093,141.680862426758,0,119.526077270508,98.3230692545573
64.915226922519,12.516104030163,39.4977498468022,20.8466702113891,62.6081543339109,114.800914340549,75.3641737221869,54.8866411429684,71.5619315926887,43.8502297909533,69.1772674605514,64.1524873231587,84.4685476551885,49.5328576949335,72.5470352268698,82.9029303656684,40.8206249209706,49.0192949285785,96.9479840596517,47.6899685167286,73.0543423088229,45.9163373700615,30.1326631940192,44.5469393644247,32.875724294096,14.4629698629958,37.3569754050024,38.8050770986247,49.1463024464059,73.157067271521,49.2809714150163,62.9814805423512,117.269515991211,64.928826038654,59.2471544801308,90.4343463673311,49.8800511741638,68.2647806708492,13.0760492707013,136.429191589355,0,99.6923435756138,72.9464763459705,104.505586511949,26.6245234489441,88.4232899592473,211.328201293945,104.075586954753,51.738481893772,101.452417449951,98.9610951741536,55.5465913772583,84.5122091548959,101.690582275391,98.2241760022712,78.5656051635742,63.0683949704202,11.2904523308315,80.2699812851943,63.6145430848799,35.0148091863413,78.282208968182,68.8479159265903,61.4860519769366,100.496702618069,63.7998778126227,127.654678344727,0,70.6105030059814,79.3287304326108
81.6730715433757,0,118.800392150879,62.6081543339109,8.90172167850977,130.620456695557,57.4922987915749,41.2560685964731,76.345422233854,49.7800234914983,21.4316501076763,0,26.4128976437789,0,93.5568730637834,61.5406398773193,65.9566930135091,0,0,0,11.9895174731729,0,60.6645514965057,100.692771911621,21.0625999824555,0,143.842482248942,94.074047088623,16.4002331760104,85.9197944082865,112.62509727478,0,131.560443878174,81.3095857028303,88.243733694387,124.742233276367,0,192.205917358398,100.733273983002,18.6394811019065,0,111.366786156172,128.643552633432,150.488759422302,78.4577603869968,110.203265855119,0,31.9030628424909,0,149.687814985003,111.228628696539,0,0,0,0,25.8404895308559,0,137.465301513672,0,86.6656254263341,0,0,158.472549438477,81.8259669992408,171.642111206055,0,0,0,0,125.962752819061
81.9116020202637,0,145.057507683249,114.800914340549,130.620456695557,6.45363356667011,12.4021535914165,105.336112340291,19.1319433456115,109.347165107727,106.036263783773,81.5549545288086,93.9940096537272,118.556762695312,23.3425017456184,13.617481770237,0,163.056587219238,0,88.7319564819336,103.135214805603,120.227935791016,96.7670834859212,142.918428693499,113.164322280884,0,163.004407610212,160.089324951172,110.562532901764,23.9189612141264,137.246187845866,0,10.5066317733467,0,36.4016774058854,0,0,0,152.366394042969,184.1982421875,0,197.707183837891,182.605398995536,223.048416137695,0,194.197929382324,0,228.362030029297,0,0,0,0,0,0,0,0,0,0,147.892944335938,160.088709513346,0,232.613983154297,0,172.713520396839,191.275588989258,0,0,0,0,0
80.2873113950094,187.566589355469,128.836703894273,75.3641737221869,57.4922987915749,12.4021535914165,8.39698349346924,50.4042354847609,16.8966090568592,69.6995321490389,25.3512780848887,176.873638879685,14.026426923839,187.432436735734,34.578611736684,9.20978556931352,108.157778739929,153.311085510254,0,153.917964935303,38.2818033314715,155.779495239258,95.1520816578585,111.827786573723,73.7894926590359,0,157.741355617551,125.276283874512,63.8002974489992,51.4832684602975,98.3357873999554,191.804016113281,25.1284472284402,83.3326274932377,56.4391530781616,171.300811767578,0,206.161741256714,99.0201572618986,158.552256447928,0,159.613757769267,140.427328782923,165.555306971758,113.543187228116,151.580415265314,0,137.203372319539,245.946578979492,179.588557539315,140.281202316284,0,188.731521606445,0,0,143.875267028809,0,0,194.344158172607,125.097763412877,0,212.846935272217,178.615288870675,140.780066818841,171.378796047635,165.213226318359,0,0,156.711013793945,186.694079589844
27.9329200975131,130.027607509068,78.9133980930381,54.8866411429684,41.2560685964731,105.336112340291,50.4042354847609,9.94829247857279,48.6593262614614,53.2910934770292,15.6742984176533,154.323323880709,59.7461513791765,158.610731124878,29.2023927132073,74.1458921432495,69.0739005208015,84.232119564557,149.013740539551,105.534577612783,80.5200784683228,58.3491822616521,59.8973141954267,63.3756807374279,55.6840992740222,148.510604858398,115.59547207733,90.9581170266135,21.5721834585885,55.679176873922,13.7841780205887,151.570988972982,109.115625554865,58.942985610548,70.1170928637996,124.202248206505,0,151.45548248291,81.3288847979377,134.49277010831,0,140.379221857811,115.162831306458,146.681098937988,98.2070758526142,131.909364395142,0,130.159497578939,182.421203613281,153.077038901193,139.700192042759,136.918715159098,157.079128265381,0,196.090270996094,127.483055114746,125.836063929967,106.284413424405,146.248977031183,104.183901009909,0,184.708558924058,152.564753214518,117.51613949313,146.307946857653,115.504948460779,0,0,124.527042735707,146.242552042007
39.9321698025959,164.872629801432,107.607408928149,71.5619315926887,76.345422233854,19.1319433456115,16.8966090568592,48.6593262614614,10.7516246696037,72.2239169819394,30.3102101096135,166.908155809749,69.6870218971196,177.554073698624,13.4145120714493,25.368623347279,103.419902303944,129.72014702691,166.984751383464,140.764581160112,76.4976315709342,116.229956665039,91.6285635981727,94.7237734524709,75.654530784575,165.25350189209,138.019838487646,134.230644226074,69.2692117486733,29.0721685830836,74.5187291394944,182.686563491821,16.141872587634,84.4463146434111,59.3459176582109,149.433965471056,204.389506022135,169.074733118857,100.989530334473,148.301564483643,0,153.09879416981,134.854225573897,160.341291777006,118.747364282608,151.373989874443,178.232238769531,143.558085688838,0,168.828325669542,158.864971507679,181.263648986816,185.731023406982,0,0,153.371246761746,135.058261871338,140.662593841553,181.653173329879,124.373247743178,173.677215576172,194.816408429827,180.086144447327,134.944325738688,167.234677939579,152.467814854213,0,199.37065633138,160.139313697815,161.994420187814
58.6713564978705,61.1893906698618,115.189063707987,43.8502297909533,49.7800234914983,109.347165107727,69.6995321490389,53.2910934770292,72.2239169819394,6.18416043357838,67.2118278854407,148.727394104004,22.5388056265341,125.391899108887,71.1274963514925,22.1004178779747,51.9596009047135,126.133488125271,182.427917480469,130.943281991141,51.2073995532412,89.0748530796596,22.1544012899216,83.6944842161956,17.884304427812,106.528722416271,121.851454326085,103.420009295146,44.9459509724867,69.7876365761352,57.699449803279,144.849044799805,113.786293632106,57.1425076248054,73.015221143173,103.52454662323,212.281349182129,120.241306304932,22.7941939971026,101.80287806193,0,110.610251744588,85.7804464552138,127.528733766996,28.0489128344768,106.319430197439,0,53.5686472908395,0,119.837525503976,62.3453762054443,160.517532348633,175.076766967773,0,230.308898925781,89.8982370816744,153.434600830078,113.495483398438,149.388465881348,67.4771851009793,111.303375244141,0,117.108050028483,94.9813758246333,106.16820526123,98.6542930603027,0,0,116.106132507324,140.502171107701
54.1580537733484,0,88.7245662770373,69.1772674605514,21.4316501076763,106.036263783773,25.3512780848887,15.6742984176533,30.3102101096135,67.2118278854407,11.196066646647,157.642260464755,21.5329127026695,161.701213582357,56.5666372938646,75.0837563305366,88.7834526062012,126.469210306803,0,171.932281494141,14.9770187714155,113.070921677809,92.873700177228,74.0594724515589,48.4273387541611,0,133.385739871434,101.161621381652,19.4158581873166,77.4968305060463,104.120213759573,167.825571695964,111.257026248508,70.7532758405132,79.728175623903,194.858238220215,113.330764770508,144.885087966919,104.367020670573,153.696703291617,0,155.800029032939,137.229949299087,163.689045894293,105.40298060367,150.676987038002,0,120.641649184853,0,173.892423230548,133.80873951159,132.914825439453,180.301216125488,0,0,138.48294225505,0,158.97777557373,152.103167447177,113.932679227153,0,221.770088195801,167.799808502197,143.009034959629,178.024124839089,187.424263000488,0,0,230.841156005859,178.677971249535
139.854022808929,63.6090887521059,88.8469564569821,64.1524873231587,0,81.5549545288086,176.873638879685,154.323323880709,166.908155809749,148.727394104004,157.642260464755,10.2184119076611,0,15.4705603575867,157.63034752651,0,122.939793904622,53.0653608242671,19.3182722493868,13.1024574039204,0,119.50348944413,102.735006674742,104.607634185463,162.332371303013,22.1625571304493,25.1047188515083,63.6705410559846,150.570561768579,121.961484723277,124.453707532185,35.2632471898397,54.5047930841861,133.740567577129,27.5181658148434,206.465881347656,84.8378346761068,125.441624232701,48.3367821620061,0,0,0,0,0,0,0,143.137886047363,0,63.8646938926295,0,0,145.784317016602,137.446884155273,120.514040629069,126.33409576416,0,0,141.709674835205,152.791465759277,222.766794840495,56.6131610870361,116.241327239246,108.350931076776,0,0,156.715515136719,0,0,0,130.103954315186
84.4325866699219,87.4953098297119,0,84.4685476551885,26.4128976437789,93.9940096537272,14.026426923839,59.7461513791765,69.6870218971196,22.5388056265341,21.5329127026695,0,8.88560886642178,0,82.6534062927845,14.3423344945029,99.7440032958984,0,0,0,10.922902317981,135.173538208008,57.4627279984324,0,17.4801777538036,140.306854248047,204.792256673177,149.148666381836,40.9556263312067,80.8547462795092,116.464983622233,202.300476074219,104.013436568411,69.6107009887695,79.3894895738171,0,121.787384033203,0,92.2729136149089,106.316883607344,0,87.2104507022434,149.610463460286,142.76418358939,69.3171997070312,116.183778069236,0,18.4734077592691,0,130.67741394043,72.3991296291351,0,0,0,0,53.5360755315969,0,0,0,76.1930509639692,0,0,0,124.24768059977,179.679133097331,0,0,0,0,147.885814666748
149.525870103102,48.3962708453542,91.9704648639084,49.5328576949335,0,118.556762695312,187.432436735734,158.610731124878,177.554073698624,125.391899108887,161.701213582357,15.4705603575867,0,6.57745792109716,162.54348929032,151.232147216797,109.735166549683,78.5578464508057,48.2563391319118,55.1854365019672,0,120.185797119141,94.8305921361514,111.067071059654,152.128657658895,15.708200924943,18.9675082525558,31.0281449641934,151.295983759562,145.730914129727,136.820409254594,9.76121372485246,160.456024169922,159.715940687391,48.0328360064594,0,74.1231803894043,157.172267913818,41.8834477592917,0,0,0,223.291534423828,0,145.538276672363,0,96.9527244567871,0,55.1237610573376,0,0,0,137.199600219727,97.5718748304579,120.444880167643,0,0,88.8373928070068,154.685806274414,233.264221191406,54.1936243402266,99.902212097168,82.4338059211845,0,185.863983154297,148.20832824707,99.2577679951986,0,0,109.36457824707
9.30096895998271,132.979133605957,93.0220615750649,72.5470352268698,93.5568730637834,23.3425017456184,34.578611736684,29.2023927132073,13.4145120714493,71.1274963514925,56.5666372938646,157.63034752651,82.6534062927845,162.54348929032,7.25774567435063,35.8963888412298,79.5089473724365,112.997652629423,167.277786254883,126.382839120549,83.1180825561057,77.5818584485986,81.9587919541768,78.3871464621257,80.9893002269032,162.77897644043,121.248946433155,129.963751630085,64.724531294827,16.3892272235931,49.1809598205016,169.245608520508,14.0628108140861,53.2828654448191,60.2079392684133,148.959627787272,142.790733337402,163.697259940353,93.8601858615875,151.945388207069,0,172.923480224609,139.192635062691,169.170213998082,131.374431956898,161.184237098694,0,149.922700148362,0,176.785415317701,124.110463460286,156.475929260254,186.768769004128,0,199.97597249349,166.725842067174,149.687589645386,161.196161270142,165.737924529285,126.394115918948,0,183.719911658246,166.791956062777,135.436820619619,154.892868041992,139.630065282186,0,0,144.624004364014,166.323982687557
15.8209037780762,99.2973429361979,127.703554789225,82.9029303656684,61.5406398773193,13.617481770237,9.20978556931352,74.1458921432495,25.368623347279,22.1004178779747,75.0837563305366,0,14.3423344945029,151.232147216797,35.8963888412298,7.99483443247677,0,129.752063751221,0,0,46.5607019217618,87.6946029663086,63.5772663463246,0,30.86777807798,156.008865356445,175.645034790039,140.767666407994,76.7592479336646,42.6012164940268,63.8814392089844,0,37.7484893196508,17.3363723754883,53.2322131792704,136.595184326172,0,0,99.5591125488281,131.824630737305,0,0,138.666030883789,211.713821411133,0,170.727075195312,0,97.7153714497884,0,191.357650756836,0,0,0,0,0,0,0,0,145.016571044922,100.735694885254,0,0,222.616180419922,154.469243367513,182.874801635742,0,0,0,0,0
84.6581428527832,63.8570432662964,72.2075563703265,40.8206249209706,65.9566930135091,0,108.157778739929,69.0739005208015,103.419902303944,51.9596009047135,88.7834526062012,122.939793904622,99.7440032958984,109.735166549683,79.5089473724365,0,12.2631996558097,88.0618658277724,129.966903686523,123.703611585829,0,16.7161952826093,32.3348210501643,19.7947717346943,23.5263594574799,0,80.0440583379014,19.8805294448846,27.7063662398617,59.4516421953837,54.7412209972821,0,0,47.7571278526669,69.2001059786479,115.590103149414,102.179311752319,106.879223959787,56.0861753511035,0,0,0,127.71940536499,155.112655639648,97.4704627990723,117.79125213623,156.316261291504,0,151.717956542969,174.376907348633,0,89.1158321280228,125.379903007956,0,163.761222839355,0,102.256771478897,67.1034003601074,92.6715442988337,111.588794163295,0,126.403774515788,98.0766077515081,109.452425109016,102.242474555969,103.790816276304,142.489212036133,0,101.461893717448,120.583460489909
98.2746669825386,41.0972543686329,32.6080730235736,49.0192949285785,0,163.056587219238,153.311085510254,84.232119564557,129.72014702691,126.133488125271,126.469210306803,53.0653608242671,0,78.5578464508057,112.997652629423,129.752063751221,88.0618658277724,9.32425059543532,52.7826441714638,13.1315258116586,0,39.7831360104867,75.2419435085531,14.7747112750919,120.505896045316,54.6236946799538,16.8921238935366,56.7984613838018,103.923875576605,96.3931903815359,57.7759586353691,100.624538421631,177.445602416992,94.9279996236165,28.7310186883892,175.931838989258,76.2102232481304,88.4032358865889,74.3802294297652,0,0,0,158.328938802083,169.88655090332,157.175453186035,190.764663696289,116.790277862549,0,124.421512985229,197.468933105469,0,117.349355061849,99.6131505823847,133.120554924011,113.150190035502,0,113.676272392273,104.296626863025,106.682789107014,145.306399027507,112.797813415527,94.7602629981156,94.3353650771482,161.609180632092,204.391342163086,147.325514657157,147.390325927734,0,176.855239868164,110.633926167208
143.938091278076,103.164657592773,95.4356925270774,96.9479840596517,0,0,0,149.013740539551,166.984751383464,182.427917480469,0,19.3182722493868,0,48.2563391319118,167.277786254883,0,129.966903686523,52.7826441714638,7.62618916344286,9.88046982577869,0,122.33239364624,102.186782836914,96.13884862264,0,46.2258549858542,16.519256306527,80.8224069595337,136.235363006592,138.696309594547,119.511515045166,48.7044680503107,0,124.508076985677,47.8804781052714,0,0,0,0,0,0,0,0,0,0,0,0,0,79.9549102783203,0,0,0,161.060516357422,0,0,0,0,0,152.309432983398,0,67.4259481430054,115.986323038737,90.6290607452393,0,0,0,0,0,0,0
112.040189147949,49.464934352528,76.3279048414791,47.6899685167286,0,88.7319564819336,153.917964935303,105.534577612783,140.764581160112,130.943281991141,171.932281494141,13.1024574039204,0,55.1854365019672,126.382839120549,0,123.703611585829,13.1315258116586,9.88046982577869,6.81641186938671,0,76.1999220625901,98.8199482579385,51.545049820103,112.694190979004,36.5029852850395,15.2784730064924,59.745053075975,114.163038905663,105.291521591457,90.6989584661479,58.0741164467551,0,101.579846577472,35.2092295117709,0,82.9428523670543,114.290701230367,83.1167827952992,0,0,0,0,232.619552612305,0,0,101.72896270752,0,97.8157005310059,0,0,0,115.599162175105,101.656549726214,100.940298282399,0,148.13951365153,97.914072672526,143.732093811035,244.629791259766,68.4037825421589,93.3907379043186,91.7806886740292,170.054857889811,0,195.141662597656,140.912883758545,0,0,102.969505786896
80.7718982696533,118.229423522949,186.677673339844,73.0543423088229,11.9895174731729,103.135214805603,38.2818033314715,80.5200784683228,76.4976315709342,51.2073995532412,14.9770187714155,0,10.922902317981,0,83.1180825561057,46.5607019217618,0,0,0,0,6.91973410511412,140.833969116211,87.8818111419678,160.041591644287,21.4766327401388,0,173.515202840169,0,24.9490869913914,86.405713565314,115.658187866211,0,116.754783630371,80.128121693929,82.0410619596156,0,0,0,143.588390350342,148.603900425871,0,154.542268076251,133.425920926608,158.114008585612,92.9636511551706,145.336805715501,0,28.4816157327423,0,182.31305367606,122.89165541705,0,0,0,0,123.45127842643,0,128.876663208008,164.368492126465,104.591366532028,0,0,0,141.388895363161,186.806925455729,0,0,0,197.435272216797,185.228985595703
70.8825110171704,83.1384680374809,51.5361061852409,45.9163373700615,0,120.227935791016,155.779495239258,58.3491822616521,116.229956665039,89.0748530796596,113.070921677809,119.50348944413,135.173538208008,120.185797119141,77.5818584485986,87.6946029663086,16.7161952826093,39.7831360104867,122.33239364624,76.1999220625901,140.833969116211,8.9497964969654,45.7471718484506,15.6944120201787,19.2495307185296,113.870552062988,80.9892285483224,53.169454080217,15.7833806645314,59.6185861469108,19.3852276234407,112.042343139648,117.490257263184,50.6403148927187,41.6123590032149,119.473937988281,109.862998962402,113.468973208696,61.2720906292951,0,0,0,124.473991394043,186.153451538086,135.692401885986,0,148.520105997721,0,130.126037597656,134.450012207031,0,97.6491515973932,142.450034586589,173.125198364258,161.824028968811,0,106.231650933987,70.4705549810351,101.063040747159,105.232555071513,90.3422546386719,143.552185507382,113.505313560611,101.32259100951,120.070503234863,105.150342485798,0,0,117.477432250977,119.319964240579
65.7459325135209,23.8700360557734,38.0844538806368,30.1326631940192,60.6645514965057,96.7670834859212,95.1520816578585,59.8973141954267,91.6285635981727,22.1544012899216,92.873700177228,102.735006674742,57.4627279984324,94.8305921361514,81.9587919541768,63.5772663463246,32.3348210501643,75.2419435085531,102.186782836914,98.8199482579385,87.8818111419678,45.7471718484506,8.55628891719225,42.545502934619,20.7475396830402,78.4717866424331,79.8642860162454,32.3115405644653,46.2402130074901,62.2759588201563,47.1743293600789,119.878516197205,111.41227806939,54.2341647960522,61.8210803712526,130.633949279785,87.1537046432495,75.2362674727316,34.9248971564046,146.173133850098,0,159.878623962402,112.895007269723,151.159088134766,108.938632965088,158.523756408691,146.151349385579,0,121.815416608538,154.384485418146,0,62.3899995266403,101.202780835769,0,132.150274658203,0,73.0997212675102,20.9203598469023,77.1805330539379,97.8815589178176,95.3942971229553,124.281564576285,75.4510119692906,78.8414184599544,110.471499443054,80.3051090746854,106.225234985352,0,111.149766540527,94.8970362854004
71.1126536047815,59.1826160502884,23.4641112751737,44.5469393644247,100.692771911621,142.918428693499,111.827786573723,63.3756807374279,94.7237734524709,83.6944842161956,74.0594724515589,104.607634185463,0,111.067071059654,78.3871464621257,0,19.7947717346943,14.7747112750919,96.13884862264,51.545049820103,160.041591644287,15.6944120201787,42.545502934619,11.6620628717169,47.2208339059076,95.6288506644113,63.0598554567749,35.9712804773366,28.8058150887785,82.2321122217178,34.6210811470769,115.861480712891,152.833164760045,73.3560169151237,38.0832600807367,144.542330605643,100.126130580902,90.1161759649957,59.2641967662867,0,140.133773803711,162.826684951782,137.260775823179,175.028480062679,122.855984279088,150.121680365668,143.296022033691,130.842559814453,137.903760573443,164.596688690186,0,90.7521200230513,107.24439047196,164.161321004232,140.48405491222,0,101.403770684097,70.5556005392414,95.6241341123351,125.172290514874,107.499172557484,117.086240698821,89.5757928606404,113.271350681946,168.326917375837,107.239481990499,173.914906819661,0,157.819090706962,110.826364096617
69.2180871461567,79.4479318506577,103.223305635674,32.875724294096,21.0625999824555,113.164322280884,73.7894926590359,55.6840992740222,75.654530784575,17.884304427812,48.4273387541611,162.332371303013,17.4801777538036,152.128657658895,80.9893002269032,30.86777807798,23.5263594574799,120.505896045316,0,112.694190979004,21.4766327401388,19.2495307185296,20.7475396830402,47.2208339059076,8.2800803272396,114.706001281738,119.936817169189,70.7068868740439,18.1229401807276,74.8950432529294,65.7608058537756,171.180648803711,124.628900146484,63.373453922595,77.9643576072924,119.810964833135,167.753410339355,151.950921492143,69.269806570477,108.134972336713,0,116.249451315615,102.72902368014,128.849278510034,72.5541765313399,108.375147504892,0,83.8697838931854,229.958648681641,142.130965259588,96.8671136900436,123.26128133138,157.613922119141,0,161.160568237305,96.3506078720093,133.124750773112,94.1846941167658,150.10219654284,74.3335224426154,138.28129196167,186.492640177409,151.893495301943,102.167132021201,132.745537894113,102.756115198135,0,190.41374206543,129.373241170247,130.618423280262
143.488883972168,28.3306493133467,91.1649896722091,14.4629698629958,0,0,0,148.510604858398,165.25350189209,106.528722416271,0,22.1625571304493,140.306854248047,15.708200924943,162.77897644043,156.008865356445,0,54.6236946799538,46.2258549858542,36.5029852850395,0,113.870552062988,78.4717866424331,95.6288506644113,114.706001281738,8.69766052615308,37.7646569004551,18.2536943414614,142.811149597168,135.284071858724,110.242301940918,40.0268937956612,0,136.0263671875,34.3464684014434,0,52.1861649354299,113.32836151123,32.5838209665739,0,0,0,117.447898864746,0,123.403978983561,0,78.9126900264195,0,53.5197032822503,0,0,0,89.2404006958008,87.8707884426775,85.9816356561123,0,0,92.5880788167318,125.211591084798,130.875312805176,34.5131404058053,73.6500255656692,59.3290609166592,135.174716949463,0,0,77.3161041259766,0,0,90.7414072210138
103.642380022977,39.2367867303664,21.4054872785102,37.3569754050024,143.842482248942,163.004407610212,157.741355617551,115.59547207733,138.019838487646,121.851454326085,133.385739871434,25.1047188515083,204.792256673177,18.9675082525558,121.248946433155,175.645034790039,80.0440583379014,16.8921238935366,16.519256306527,15.2784730064924,173.515202840169,80.9892285483224,79.8642860162454,63.0598554567749,119.936817169189,37.7646569004551,10.1430277533232,21.8367935162427,110.091354878743,110.761234679028,82.8500399262938,17.9305514063962,175.11064711861,107.989113628,47.259995154924,175.269564819336,69.925540352582,95.9360600789388,79.8935513390435,0,0,0,163.573937479655,204.925509134928,156.484657287598,237.93620300293,102.397629573427,166.348937988281,95.684388478597,177.230849322151,0,126.477556610107,98.1847681830457,103.963412166981,97.2580038982889,0,129.789670126779,121.492743150243,125.784293794632,158.735632324219,66.8742443367287,88.1070251920602,89.3258649887192,175.709702555339,181.758334350586,147.839413083833,116.097313282102,0,168.410151163737,99.4522314025584
112.101003948011,29.5195160939132,25.9273625386654,38.8050770986247,94.074047088623,160.089324951172,125.276283874512,90.9581170266135,134.230644226074,103.420009295146,101.161621381652,63.6705410559846,149.148666381836,31.0281449641934,129.963751630085,140.767666407994,19.8805294448846,56.7984613838018,80.8224069595337,59.745053075975,0,53.169454080217,32.3115405644653,35.9712804773366,70.7068868740439,18.2536943414614,21.8367935162427,12.1822000537325,65.3267842771072,119.150632300028,93.5208823686141,27.4814281491027,86.3688888549805,114.227864296206,58.3861699357659,173.088322321574,68.8612204793164,86.9074796443494,77.9359077089396,178.477294921875,151.063735961914,190.544531928168,153.424616196576,187.301944274902,141.256683349609,170.345302581787,113.203208310263,168.469970703125,96.8811923662821,174.303851768619,0,98.2028977614183,100.637807032513,112.793902914865,107.347458220973,149.150367736816,117.344243059255,74.9863805950813,99.2231364201959,149.026873918013,70.4892762844379,93.739085896165,90.1606400671574,137.099587467301,173.098847781911,138.179227248482,123.25534860019,0,191.500921630859,104.360093090121
63.2280377296118,105.48398683509,63.8984039276967,49.1463024464059,16.4002331760104,110.562532901764,63.8002974489992,21.5721834585885,69.2692117486733,44.9459509724867,19.4158581873166,150.570561768579,40.9556263312067,151.295983759562,64.724531294827,76.7592479336646,27.7063662398617,103.923875576605,136.235363006592,114.163038905663,24.9490869913914,15.7833806645314,46.2402130074901,28.8058150887785,18.1229401807276,142.811149597168,110.091354878743,65.3267842771072,11.0360150293172,69.3218228341882,26.9667402863804,172.819320678711,121.690751002385,54.1167311883658,59.544048292372,116.590212991793,127.887525558472,139.041370712708,71.9914131164551,137.929874677115,180.025947570801,139.704671942669,109.297977706213,141.98232483754,95.6929000070162,134.131242418879,200.230537414551,114.132331140177,201.202786254883,145.37077477399,121.710634404963,102.783723861452,156.269564541903,0,185.220438639323,131.447620463821,110.346992142704,84.3867177392682,125.952880884891,100.683297932395,130.153366088867,175.225738926938,146.007461871523,112.983362469316,132.08614116604,107.017297942063,0,168.520706176758,123.137937985934,134.426319350544
13.2038453389568,116.526149608471,93.7820574024745,73.157067271521,85.9197944082865,23.9189612141264,51.4832684602975,55.679176873922,29.0721685830836,69.7876365761352,77.4968305060463,121.961484723277,80.8547462795092,145.730914129727,16.3892272235931,42.6012164940268,59.4516421953837,96.3931903815359,138.696309594547,105.291521591457,86.405713565314,59.6185861469108,62.2759588201563,82.2321122217178,74.8950432529294,135.284071858724,110.761234679028,119.150632300028,69.3218228341882,8.00567731600599,24.8920489695355,142.952964782715,10.6122030590407,10.272553099929,38.4105853700311,143.413583608774,0,148.74397277832,93.6625428336007,170.585044013129,0,166.53531689114,143.68931290007,171.772198588053,129.518231528146,169.726689357384,0,158.16032573155,200.150390625,169.494250827365,0,134.627499389648,164.393071855818,211.123947143555,208.568519592285,161.719855414497,115.470130496555,105.514020134421,151.330631124562,132.390005123254,0,175.932363656851,172.769905708932,137.173220561959,152.023943732767,122.634865791567,0,0,151.995709228516,144.830629236558
29.996792905013,103.915432591592,48.536172328138,49.2809714150163,112.62509727478,137.246187845866,98.3357873999554,13.7841780205887,74.5187291394944,57.699449803279,104.120213759573,124.453707532185,116.464983622233,136.820409254594,49.1809598205016,63.8814392089844,54.7412209972821,57.7759586353691,119.511515045166,90.6989584661479,115.658187866211,19.3852276234407,47.1743293600789,34.6210811470769,65.7608058537756,110.242301940918,82.8500399262938,93.5208823686141,26.9667402863804,24.8920489695355,10.3791967557444,141.353492736816,110.486148834229,28.462461240697,35.8374934156462,126.0165410723,162.932968139648,120.333879743304,63.1660760617724,140.465621948242,0,0,113.694537714908,145.384604560004,86.4054730733236,217.059829711914,0,0,195.420600891113,146.271651131766,0,98.5732855874984,141.225804379112,0,160.0263671875,0,107.274345397949,72.1247682995266,108.589726419844,105.040454292297,154.120162963867,145.270769437154,129.581654952744,100.675530832164,128.84014148247,105.728812087792,0,0,114.231780557071,119.123944146293
156.036575317383,67.4119155406952,91.2421529134115,62.9814805423512,0,0,191.804016113281,151.570988972982,182.686563491821,144.849044799805,167.825571695964,35.2632471898397,202.300476074219,9.76121372485246,169.245608520508,0,0,100.624538421631,48.7044680503107,58.0741164467551,0,112.042343139648,119.878516197205,115.861480712891,171.180648803711,40.0268937956612,17.9305514063962,27.4814281491027,172.819320678711,142.952964782715,141.353492736816,6.90980692229299,236.470413208008,159.133316040039,64.500054944286,0,89.9220947265625,176.199951171875,91.3558959960938,0,0,0,0,0,0,0,107.233469009399,0,90.5206659490412,0,0,0,0,124.058090209961,122.097857666016,0,0,227.779815673828,0,0,76.6615399678548,109.333769056532,95.1813201904297,0,0,221.318267822266,127.988082885742,0,0,198.259506225586
100.190246582031,0,154.818362765842,117.269515991211,131.560443878174,10.5066317733467,25.1284472284402,109.115625554865,16.141872587634,113.786293632106,111.257026248508,54.5047930841861,104.013436568411,160.456024169922,14.0628108140861,37.7484893196508,0,177.445602416992,0,0,116.754783630371,117.490257263184,111.41227806939,152.833164760045,124.628900146484,0,175.11064711861,86.3688888549805,121.690751002385,10.6122030590407,110.486148834229,236.470413208008,5.63179413807419,0,35.0323841466313,0,0,0,0,203.077423095703,0,210.295684814453,174.084996541341,209.808659871419,0,210.284606933594,0,0,0,246.523391723633,0,0,0,0,0,244.755615234375,0,0,0,162.105587005615,0,0,198.897521972656,175.337463378906,0,163.552703857422,0,0,164.770156860352,169.898483276367
20.2749084443902,108.924730936686,98.2172633277045,64.928826038654,81.3095857028303,0,83.3326274932377,58.942985610548,84.4463146434111,57.1425076248054,70.7532758405132,133.740567577129,69.6107009887695,159.715940687391,53.2828654448191,17.3363723754883,47.7571278526669,94.9279996236165,124.508076985677,101.579846577472,80.128121693929,50.6403148927187,54.2341647960522,73.3560169151237,63.373453922595,136.0263671875,107.989113628,114.227864296206,54.1167311883658,10.272553099929,28.462461240697,159.133316040039,0,5.84766639260933,25.4465713428203,123.072148640951,0,139.931091308594,69.657568359375,172.271003723145,0,164.76789855957,129.840363679109,167.186340332031,0,138.517182922363,0,0,0,168.431248982747,0,87.2006759643555,0,0,228.48323059082,0,111.231938171387,68.0488039652507,141.833767482213,107.310447692871,0,199.393218994141,158.746126174927,115.079310280936,131.36070505778,99.0277592976888,0,0,0,160.911605834961
77.8751915418185,50.0292726872147,46.8000344346758,59.2471544801308,88.243733694387,36.4016774058854,56.4391530781616,70.1170928637996,59.3459176582109,73.015221143173,79.728175623903,27.5181658148434,79.3894895738171,48.0328360064594,60.2079392684133,53.2322131792704,69.2001059786479,28.7310186883892,47.8804781052714,35.2092295117709,82.0410619596156,41.6123590032149,61.8210803712526,38.0832600807367,77.9643576072924,34.3464684014434,47.259995154924,58.3861699357659,59.544048292372,38.4105853700311,35.8374934156462,64.500054944286,35.0323841466313,25.4465713428203,9.75068731964481,150.189642588298,109.331325824444,95.4347123992577,90.4117361369886,195.854207992554,0,165.75185546875,141.515347206429,169.28911336263,114.058698018392,170.470593770345,119.472894287109,143.383338928223,103.9612159729,173.686552734375,165.305938720703,115.920753971223,106.419683061797,127.072947184245,117.671700217507,149.916481018066,126.406255933974,92.6975243432181,113.241172471157,129.449754224505,78.9104883530561,101.085122490495,100.265391082215,133.300062736256,144.481141523881,126.964991920873,121.207096099854,0,155.003628540039,124.175388451779
118.633102416992,159.828971862793,161.221199035645,90.4343463673311,124.742233276367,0,171.300811767578,124.202248206505,149.433965471056,103.52454662323,194.858238220215,206.465881347656,0,0,148.959627787272,136.595184326172,115.590103149414,175.931838989258,0,0,0,119.473937988281,130.633949279785,144.542330605643,119.810964833135,0,175.269564819336,173.088322321574,116.590212991793,143.413583608774,126.0165410723,0,0,123.072148640951,150.189642588298,8.94204614360632,125.145483577953,99.4209999932183,64.0395373704698,104.019741603306,0,96.8816364512724,29.9223518016649,37.5108631321641,59.8755704480548,73.5611540187489,130.452013668428,89.7958246866862,142.168661651121,17.8877441441082,90.0087242126465,80.7191064622667,98.1757399347537,141.824637371561,116.793104700682,92.875393260609,67.7917705304695,70.2960572469802,93.4455882161856,65.115506915303,133.72989654541,111.887410090935,136.677734574028,77.1194061436681,15.9811378671741,23.4280480399677,152.605606079102,78.4916534423828,36.0759324657107,61.7144169171651
0,60.8597176800603,57.1808194247159,49.8800511741638,0,0,0,0,204.389506022135,212.281349182129,113.330764770508,84.8378346761068,121.787384033203,74.1231803894043,142.790733337402,0,102.179311752319,76.2102232481304,0,82.9428523670543,0,109.862998962402,87.1537046432495,100.126130580902,167.753410339355,52.1861649354299,69.925540352582,68.8612204793164,127.887525558472,0,162.932968139648,89.9220947265625,0,0,109.331325824444,125.145483577953,6.89529191261841,39.0636104889448,21.5572139191715,74.7461471557617,0,119.306683349609,119.633740901947,146.192221832275,65.3477844515256,138.797149658203,47.2638147922984,87.4176666259766,44.4129859016055,136.620919589339,107.298321533203,63.5045257615454,53.517116239613,62.5122381246315,49.8378004290967,0,86.0416545210213,23.5411641389274,64.4437272823774,59.6996980077801,11.2144018900722,41.6501889352529,23.5011014812821,105.167147272283,124.456606696634,106.209430293033,76.1636463801066,0,113.037397384644,53.7705453020855
145.512864430745,71.5584770202637,83.3250450476749,68.2647806708492,192.205917358398,0,206.161741256714,151.45548248291,169.074733118857,120.241306304932,144.885087966919,125.441624232701,0,157.172267913818,163.697259940353,0,106.879223959787,88.4032358865889,0,114.290701230367,0,113.468973208696,75.2362674727316,90.1161759649957,151.950921492143,113.32836151123,95.9360600789388,86.9074796443494,139.041370712708,148.74397277832,120.333879743304,176.199951171875,0,139.931091308594,95.4347123992577,99.4209999932183,39.0636104889448,12.9619787687345,38.6544690491723,78.0388793945312,0,134.461239822512,86.8751882973455,120.342075330903,147.966227213542,117.1969094112,97.1885038018227,186.63479868571,86.0530921349159,110.034940899282,129.596316944469,70.9907354581154,26.0399278226636,80.4403447602925,62.8762790103291,173.593566894531,59.5587780996301,37.6282852656933,20.1533039506452,106.071420613457,86.2887268066406,23.4957485559681,24.0345799451132,66.9627338148205,117.714146848585,57.7772327818456,80.4113577206929,150.619186401367,111.037591067227,69.19540562538
76.4538447062175,62.5606513977051,77.4062166762078,13.0760492707013,100.733273983002,152.366394042969,99.0201572618986,81.3288847979377,100.989530334473,22.7941939971026,104.367020670573,48.3367821620061,92.2729136149089,41.8834477592917,93.8601858615875,99.5591125488281,56.0861753511035,74.3802294297652,0,83.1167827952992,143.588390350342,61.2720906292951,34.9248971564046,59.2641967662867,69.269806570477,32.5838209665739,79.8935513390435,77.9359077089396,71.9914131164551,93.6625428336007,63.1660760617724,91.3558959960938,0,69.657568359375,90.4117361369886,64.0395373704698,21.5572139191715,38.6544690491723,25.7159385388124,58.9469258785248,121.410820007324,77.0361182171365,54.0244669545859,80.7702614992357,34.2374464477363,69.1566230979508,67.9483126350071,64.4029229892197,37.4595289627711,83.0795387934713,54.8258797781808,33.8528865024441,58.2948036441555,62.8959482510885,56.156318747479,68.2899062785696,49.493040950402,30.665986750233,45.1927310334332,35.6499155397436,18.0146526030805,46.1366940459301,34.9725969515045,48.9356178434729,76.4768199653269,51.6532230377197,79.0062460327148,121.991933186849,62.7345050788074,65.3911408600984
0,0,0,136.429191589355,18.6394811019065,184.1982421875,158.552256447928,134.49277010831,148.301564483643,101.80287806193,153.696703291617,0,106.316883607344,0,151.945388207069,131.824630737305,0,0,0,0,148.603900425871,0,146.173133850098,0,108.134972336713,0,0,178.477294921875,137.929874677115,170.585044013129,140.465621948242,0,203.077423095703,172.271003723145,195.854207992554,104.019741603306,74.7461471557617,78.0388793945312,58.9469258785248,8.18149641757791,0,60.7172493039049,98.332415524651,97.9514442328832,62.0215137229775,26.0418028228688,0,29.8190590696908,233.146347045898,109.183580912077,64.8962838433006,62.7781734466553,146.281024932861,0,0,14.3071595865833,0,62.366082933214,0,10.8675158068522,0,163.999964396159,172.83634185791,17.4167998148743,98.1769455396212,133.249359130859,0,119.369731903076,92.3632181340998,92.9393062591553
0,0,0,0,0,0,0,0,0,0,0,0,0,0,0,0,0,0,0,0,0,0,0,140.133773803711,0,0,0,151.063735961914,180.025947570801,0,0,0,0,0,0,0,0,0,121.410820007324,0,6.23295061242051,9.93341431513871,106.040692647298,10.6391471575362,45.8281707763672,112.716498057048,127.718181610107,100.093724568685,0,25.4873409717279,13.1708746999313,0,0,0,0,105.442359924316,0,0,93.8550148010254,79.3026760646275,0,153.145999908447,146.025266011556,115.610853830973,25.2200053845598,105.754211425781,0,11.6736754638256,0,27.172919217278
