29653,13,2077,25,76,27,207,9098,8233,147,1244,73,84,25,16846,2,10,568,30,156,86,720,50,1535,553,4,1084,324,1050,15368,5681,17,23,122,111,6,0,36,36,1,0,10,15,16,4,10,1,5,0,14,0,7,8,0,1,3,9,11,21,72,0,9,51,23,17,10,0,0,0,6
13,1936,109,546,5,0,4,16,54,1344,13,126,10,198,45,30,36,172,47,269,4,20,1884,40,504,2323,1239,3346,43,38,44,7,5,5,298,2,2,16,13,0,0,0,2,0,5,1,1,0,0,5,0,2,16,2,16,0,1,6,23,14,1,72,111,3,3,2,0,0,1,10
2077,109,51958,503,15,26,292,871,1836,89,142,208,14,201,835,21,305,6575,97,712,5,708,899,21071,305,5,16054,23165,745,980,1796,95,10,34,647,36,81,2335,32,1,0,23,127,220,14,82,20,6,2,147,0,176,252,15,88,3,115,496,1592,88,4,496,4505,103,33,47,1,0,0,262
25,546,503,279,13,0,16,63,151,2137,46,243,27,507,85,22,186,347,89,216,9,212,1116,141,817,1553,1353,3105,318,115,240,19,8,23,470,1,8,68,32,1,0,2,6,3,5,2,3,4,1,6,0,7,13,6,23,2,8,25,57,33,6,74,215,10,5,8,0,0,2,23
76,5,15,13,14084,8,360,81,423,906,9292,7,4569,5,187,107,1,4,1,2,24207,7,26,7,5062,6,5,29,10561,661,175,1,1,121,193,5,0,0,176,994,0,38,30,23,69,183,0,168,0,11,1,1,1,0,0,1104,2,3,3,557,2,1,11,60,15,0,0,0,2,4
27,0,26,0,8,4682,6867,25,2925,16,99,13,126,4,261,2725,1,9,0,9,27,6,6,17,43,0,24,12,28,52,14,3,6856,1,16,3,0,0,5,0,0,0,2,0,0,1,0,0,0,0,0,0,0,0,0,0,0,0,1,11,0,0,3,4,2,0,0,0,0,0
207,4,292,16,360,6867,56151,425,31164,260,9180,89,16319,37,1114,5624,7,59,13,34,1865,67,29,122,680,2,336,158,786,630,82,18,1168,24,154,7,1,2,27,8,0,18,31,21,14,36,0,21,0,7,0,4,2,0,2,11,3,2,12,125,0,3,16,29,20,5,0,0,3,11
9098,16,871,63,81,25,425,69127,4957,388,22643,37,111,24,2036,55,44,152,11,36,22,1386,82,1467,1681,5,355,599,19973,3037,11491,10,30,357,404,6,2,28,91,4,0,11,31,26,9,17,2,18,0,20,0,27,5,0,3,7,21,10,63,183,0,12,86,68,27,21,0,1,3,20
8233,54,1836,151,423,2925,31164,4957,80759,1116,16325,1084,3394,271,30557,849,28,542,98,392,964,484,161,917,3239,38,1784,1080,3344,3220,971,78,2194,87,1060,31,3,46,198,25,0,47,141,118,66,125,2,95,1,83,1,23,7,5,11,34,7,16,52,592,3,53,137,180,79,35,0,0,15,43
147,1344,89,2137,906,16,260,388,1116,12616,550,80,3453,113,312,939,41,99,28,63,895,43,4453,56,12365,741,265,1068,1101,547,740,5,8,114,379,5,0,4,267,28,0,12,20,15,54,25,2,17,1,11,2,9,3,0,1,33,6,9,5,221,1,10,25,29,12,8,0,0,1,5
1244,13,142,46,9292,99,9180,22643,16325,550,112107,67,11979,23,5145,154,9,35,10,21,15419,106,55,131,2068,4,135,188,16731,3387,248,9,69,639,706,8,2,5,251,130,0,62,63,71,52,178,0,163,0,33,3,2,2,0,1,155,7,6,13,677,0,8,23,107,36,8,0,0,2,17
73,126,208,243,7,13,89,37,1084,80,67,71712,110,5733,878,4,115,1654,6076,14941,31,381,76,1175,108,614,6271,4674,156,707,595,1382,156,71,12375,1,10,37,13,0,0,1,3,5,1,3,82,0,60,7,0,32,43,45,92,0,10,22,39,17,31,366,483,9,7,7,14,0,0,16
84,10,14,27,4569,126,16319,111,3394,3453,11979,110,64472,31,997,2914,2,6,8,20,24280,5,30,19,3143,18,59,80,991,1710,50,5,98,39,366,3,0,2,54,44,2,66,7,70,19,145,6,6191,1,44,10,0,0,4,8,1285,1,1,3,156,1,9,7,22,8,1,0,0,0,11
25,198,201,507,5,4,37,24,271,113,23,5733,31,24739,120,3,17,45,357,110,6,7,77,43,45,4809,1690,3781,37,97,30,3794,20,1,361,1,0,4,2,0,0,0,0,3,3,1,277,2,382,2,0,0,8,10,12,1,0,2,7,7,25,75,115,1,2,0,19,0,1,4
16846,45,835,85,187,261,1114,2036,30557,312,5145,878,997,120,69114,35,22,314,85,253,423,177,89,503,936,41,924,885,1152,21283,956,50,1442,352,1023,7,1,9,67,7,0,5,30,22,23,24,6,9,2,21,1,10,7,3,12,6,7,11,12,198,5,47,87,74,21,14,0,1,4,11
2,30,21,22,107,2725,5624,55,849,939,154,4,2914,3,35,9525,2,8,1,8,142,6,42,12,462,22,33,65,81,22,24,1,277,2,7,2,0,0,4,3,0,3,3,1,5,9,0,4,0,1,0,0,2,0,0,4,0,0,3,22,0,1,0,8,0,0,0,0,0,2
10,36,305,186,1,1,7,44,28,41,9,115,2,17,22,2,10571,313,22,120,1,1557,6555,25725,4414,12,200,7402,1064,42,311,5,1,17,576,5,3,274,15,0,0,4,51,55,5,33,5,3,0,19,0,1828,29,2,10,0,388,1009,2302,83,0,33,1047,104,24,125,0,0,3,91
568,172,6575,347,4,9,59,152,542,99,35,1654,6,45,314,8,313,43738,379,7391,3,2026,538,13956,398,4,6410,10604,405,1244,5582,23,8,44,2947,12,28,653,17,0,0,5,26,51,3,14,7,1,3,25,0,50,118,7,60,1,17,117,375,28,1,326,1438,28,8,23,1,0,0,87
30,47,97,89,1,0,13,11,98,28,10,6076,8,357,85,1,22,379,12490,7070,8,43,17,107,32,166,6436,2805,29,95,102,426,12,6,860,0,3,10,10,0,0,1,0,2,0,0,22,1,12,2,0,1,16,42,52,0,1,11,14,3,21,218,241,1,3,0,2,0,0,13
156,269,712,216,2,9,34,36,392,63,21,14941,20,110,253,8,120,7391,7070,33687,7,259,138,889,167,50,12196,5280,102,456,1054,109,21,40,4551,7,16,112,17,0,0,1,4,6,2,1,13,0,6,18,0,23,142,27,135,2,11,27,83,10,10,620,865,9,10,8,2,0,0,63
86,4,5,9,24207,27,1865,22,964,895,15419,31,24280,6,423,142,1,3,8,7,20794,4,7,10,5313,2,21,27,5097,986,44,5,27,35,202,2,1,1,52,363,0,19,12,9,19,37,0,117,0,2,2,1,0,0,0,129,0,0,0,209,0,1,4,17,1,1,0,0,0,2
720,20,708,212,7,6,67,1386,484,43,106,381,5,7,177,6,1557,2026,43,259,4,75546,514,25984,583,3,210,1608,6251,650,24508,3,3,159,5598,11,1,35,33,0,0,0,30,12,6,4,3,2,1,15,1,414,16,0,6,0,395,118,255,141,0,19,118,140,52,286,0,0,12,50
50,1884,899,1116,26,6,29,82,161,4453,55,76,30,77,89,42,6555,538,17,138,7,514,10876,2322,7993,326,252,4006,632,209,677,4,8,85,628,8,2,96,61,1,0,5,22,17,8,6,3,2,1,16,0,156,17,3,6,0,52,116,272,66,0,32,366,45,15,35,0,0,2,40
1535,40,21071,141,7,17,122,1467,917,56,131,1175,19,43,503,12,25725,13956,107,889,10,25984,2322,127500,869,6,1334,17049,3935,1195,10838,20,14,60,9817,25,10,1130,36,3,0,24,126,169,13,96,8,6,2,88,1,2321,108,10,22,1,643,1059,4005,115,0,98,2950,192,39,199,0,1,9,236
553,504,305,817,5062,43,680,1681,3239,12365,2068,108,3143,45,936,462,4414,398,32,167,5313,583,7993,869,45024,198,461,3318,11040,2202,2870,10,35,505,1237,52,5,61,727,108,0,60,251,134,150,127,4,91,0,115,1,200,25,4,8,128,185,160,162,1308,3,47,171,405,163,222,0,2,24,85
4,2323,5,1553,6,0,2,5,38,741,4,614,18,4809,41,22,12,4,166,50,2,3,326,6,198,10986,693,8679,40,34,17,168,6,3,204,1,3,4,20,1,0,1,4,4,5,1,100,0,91,8,0,1,13,125,100,0,2,9,7,15,82,461,615,4,4,1,17,2,0,28
1084,1239,16054,1353,5,24,336,355,1784,265,135,6271,59,1690,924,33,200,6410,6436,12196,21,210,252,1334,461,693,135510,34456,335,1034,1193,3296,46,23,2654,30,64,456,87,2,0,5,29,60,19,7,156,6,123,90,1,46,751,266,895,6,12,67,273,45,152,3951,4979,19,42,58,33,2,3,323
324,3346,23165,3105,29,12,158,599,1080,1068,188,4674,80,3781,885,65,7402,10604,2805,5280,27,1608,4006,17049,3318,8679,34456,149336,2340,864,1175,3670,84,49,8551,104,204,4111,158,4,0,33,216,360,34,131,187,5,116,305,1,515,1164,389,1075,6,215,990,3109,163,262,5196,12864,150,111,152,40,1,6,793
1050,43,745,318,10561,28,786,19973,3344,1101,16731,156,991,37,1152,81,1064,405,29,102,5097,6251,632,3935,11040,40,335,2340,44579,2426,15265,7,35,668,2216,56,5,78,316,83,0,28,209,78,77,82,4,65,1,123,0,263,18,2,6,96,280,109,200,888,1,15,151,433,201,339,1,0,20,59
15368,38,980,115,661,52,630,3037,3220,547,3387,707,1710,97,21283,22,42,1244,95,456,986,650,209,1195,2202,34,1034,864,2426,109524,9197,44,2998,13603,1506,16,0,33,121,12,0,14,78,46,31,23,1,16,3,39,2,26,12,3,12,13,22,22,42,306,1,43,90,101,43,53,1,0,8,25
5681,44,1796,240,175,14,82,11491,971,740,248,595,50,30,956,24,311,5582,102,1054,44,24508,677,10838,2870,17,1193,1175,15265,9197,71425,16,11,1211,6904,25,1,67,140,11,0,16,91,42,44,30,3,9,1,54,0,166,16,3,8,6,144,77,124,397,1,37,182,212,76,131,0,1,9,30
17,7,95,19,1,3,18,10,78,5,9,1382,5,3794,50,1,5,23,426,109,5,3,4,20,10,168,3296,3670,7,44,16,1349,8,1,156,0,2,6,1,0,0,0,1,1,0,0,22,0,22,4,0,0,2,12,11,0,1,1,0,4,6,60,73,1,1,1,4,0,0,2
23,5,10,8,1,6856,1168,30,2194,8,69,156,98,20,1442,277,1,8,12,21,27,3,8,14,35,6,46,84,35,2998,11,8,2844,0,178,0,0,2,3,0,0,0,1,1,0,0,0,0,0,0,0,0,0,0,0,2,0,1,0,8,0,2,3,4,1,0,0,0,0,1
122,5,34,23,121,1,24,357,87,114,639,71,39,1,352,2,17,44,6,40,35,159,85,60,505,3,23,49,668,13603,1211,1,0,12774,301,5,0,0,23,2,0,9,15,2,8,7,1,8,0,4,0,8,0,0,1,0,14,4,1,77,0,2,13,35,12,26,0,0,4,4
111,298,647,470,193,16,154,404,1060,379,706,12375,366,361,1023,7,576,2947,860,4551,202,5598,628,9817,1237,204,2654,8551,2216,1506,6904,156,178,301,42710,12,4,182,52,5,0,7,52,35,23,22,7,4,9,40,1,114,63,36,69,1,76,97,231,155,21,367,752,69,38,71,4,1,4,58
6,2,36,1,5,3,7,6,31,5,8,1,3,1,7,2,5,12,0,7,2,11,8,25,52,1,30,104,56,16,25,0,0,5,12,8557,10,224,220,102,2,58,7108,1287,195,552,140,90,1,12914,7,67,926,177,592,124,392,104,848,1347,6,581,656,549,13306,4673,5,5,57,463
0,2,81,8,0,0,1,2,3,0,2,10,0,0,1,0,3,28,3,16,1,1,2,10,5,3,64,204,5,0,1,2,0,0,4,10,3580,110,614,0,1,3,11,18,237,2,108,10,736,42,14,149,263,89,255,1,16,1905,188,490,2723,787,8558,15,18,35,25,1,2,205
36,16,2335,68,0,0,2,28,46,4,5,37,2,4,9,0,274,653,10,112,1,35,96,1130,61,4,456,4111,78,33,67,6,2,0,182,224,110,19733,135,18,3,261,2012,2229,28,1213,42,28,5,1361,9,150,2017,82,770,14,614,362,17268,216,7,9309,12700,1595,276,246,2,4,11,510
36,13,32,32,176,5,27,91,198,267,251,13,54,2,67,4,15,17,10,17,52,33,61,36,727,20,87,158,316,121,140,1,3,23,52,220,614,135,408,18,1,49,581,217,1098,148,74,56,407,376,86,220,228,68,205,21,379,378,466,1072,1403,798,5825,379,568,694,13,4,51,282
1,0,1,1,994,0,8,4,25,28,130,0,44,0,7,3,0,0,0,0,363,0,1,3,108,1,2,4,83,12,11,0,0,2,5,102,0,18,18,28983,2,782,77,401,427,11963,4,3955,0,407,144,0,3,3,7,29280,5,2,13,8490,1,23,31,5424,511,11,0,3,29,111
0,0,0,0,0,0,0,0,0,0,0,0,2,0,0,0,0,0,0,0,0,0,0,0,0,0,0,0,0,0,0,0,0,0,0,2,1,3,1,2,5272,5958,7,1866,6,29,208,22,5,303,2505,1,1,12,5,14,0,1,1,9,2,13,7,12,364,0,4,1087,0,209
10,0,23,2,38,0,18,11,47,12,62,1,66,0,5,3,4,5,1,1,19,0,5,24,60,1,5,33,28,14,16,0,0,9,7,58,3,261,49,782,5958,86345,1812,23755,262,22706,239,6850,7,1964,5878,14,43,65,47,2159,36,19,219,1872,0,198,162,2491,572,39,9,1883,13,239
15,2,127,6,30,2,31,31,141,20,63,3,7,0,30,3,51,26,0,4,12,30,22,126,251,4,29,216,209,78,91,1,1,15,52,7108,11,2012,581,77,7,1812,110281,7831,680,20713,86,228,1,13358,41,88,1487,125,520,67,1852,173,5452,4758,4,812,1015,20475,2628,10646,2,12,190,677
16,0,220,3,23,0,21,26,118,15,71,5,70,3,22,1,55,51,2,6,9,12,17,169,134,4,60,360,78,46,42,1,1,2,35,1287,18,2229,217,401,1866,23755,7831,96814,387,16054,2058,2301,62,36245,1577,34,877,599,696,1025,304,104,2131,2420,40,2766,1016,2461,3225,625,58,2139,35,1558
4,5,14,5,69,0,14,9,66,54,52,1,19,3,23,5,5,3,0,2,19,6,8,13,150,5,19,34,77,31,44,0,0,8,23,195,237,28,1098,427,6,262,680,387,9088,441,47,2304,337,402,647,30,70,24,61,572,26,1096,100,12890,504,204,1596,603,492,312,4,3,63,180
10,1,82,2,183,1,36,17,125,25,178,3,145,1,24,9,33,14,0,1,37,4,6,96,127,1,7,131,82,23,30,0,0,7,22,552,2,1213,148,11963,29,22706,20713,16054,441,161312,136,23240,4,3318,303,28,168,66,106,34507,246,40,1394,8012,3,494,502,16985,2162,227,5,28,96,588
1,1,20,3,0,0,0,2,2,2,0,82,6,277,6,0,5,7,22,13,0,3,3,8,4,100,156,187,4,1,3,22,0,1,7,140,108,42,74,4,208,239,86,2058,47,136,47695,214,5669,2516,39,43,748,12074,2667,57,152,142,382,107,1182,5608,1737,57,1414,301,2466,745,17,5239
5,0,6,4,168,0,21,18,95,17,163,0,6191,2,9,4,3,1,1,0,117,2,2,6,91,0,6,5,65,16,9,0,0,8,4,90,10,28,56,3955,22,6850,228,2301,2304,23240,214,86902,4,1299,6658,9,17,130,76,35098,12,11,38,3125,20,212,161,930,808,15,15,30,15,372
0,0,2,1,0,0,0,0,1,1,0,60,1,382,2,0,0,3,12,6,0,1,1,2,0,91,123,116,1,3,1,22,0,0,9,1,736,5,407,0,5,7,1,62,337,4,5669,4,26305,62,6,13,16,129,51,7,1,749,4,218,9611,2598,9819,5,26,8,2995,19,2,73
14,5,147,6,11,0,7,20,83,11,33,7,44,2,21,1,19,25,2,18,2,15,16,88,115,8,90,305,123,39,54,4,0,4,40,12914,42,1361,376,407,303,1964,13358,36245,402,3318,2516,1299,62,105655,200,115,2012,1010,1406,860,604,234,2244,2794,45,3472,1643,1599,19160,2351,66,2237,375,4589
0,0,0,0,1,0,0,0,1,2,3,0,10,0,1,0,0,0,0,0,2,1,0,1,1,0,1,1,0,2,0,0,0,0,1,7,14,9,86,144,2505,5878,41,1577,647,303,39,6658,6,200,10436,2,7,19,10,240,3,15,13,725,9,29,96,77,57,7,1,52,2,25
7,2,176,7,1,0,4,27,23,9,2,32,0,0,10,0,1828,50,1,23,1,414,156,2321,200,1,46,515,263,26,166,0,0,8,114,67,149,150,220,0,1,14,88,34,30,28,43,9,13,115,2,25249,233,22,104,1,7813,10520,8870,5181,27,195,7846,2406,256,2020,2,0,51,711
8,16,252,13,1,0,2,5,7,3,2,43,0,8,7,2,29,118,16,142,0,16,17,108,25,13,751,1164,18,12,16,2,0,0,63,926,263,2017,228,3,1,43,1487,877,70,168,748,17,16,2012,7,233,14783,891,6319,6,557,297,10796,330,44,3920,6714,502,603,1661,5,0,26,2378
0,2,15,6,0,0,0,0,5,0,0,45,4,10,3,0,2,7,42,27,0,0,3,10,4,125,266,389,2,3,3,12,0,0,36,177,89,82,68,3,12,65,125,599,24,66,12074,130,129,1010,19,22,891,12515,4031,39,59,44,367,76,605,5978,1259,47,379,208,60,71,9,1122
1,16,88,23,0,0,2,3,11,1,1,92,8,12,12,0,10,60,52,135,0,6,6,22,8,100,895,1075,6,12,8,11,0,1,69,592,255,770,205,7,5,47,520,696,61,106,2667,76,51,1406,10,104,6319,4031,18236,28,151,157,1708,178,524,16695,5306,152,509,565,17,18,26,1751
3,0,3,2,1104,0,11,7,34,33,155,0,1285,1,6,4,0,1,0,2,129,0,0,1,128,0,6,6,96,13,6,0,2,0,1,124,1,14,21,29280,14,2159,67,1025,572,34507,57,35098,7,860,240,1,6,39,28,32356,4,6,9,3391,4,92,47,1766,794,12,3,15,23,209
9,1,115,8,2,0,3,21,7,6,7,10,1,0,7,0,388,17,1,11,0,395,52,643,185,2,12,215,280,22,144,1,0,14,76,392,16,614,379,5,0,36,1852,304,26,246,152,12,1,604,3,7813,557,59,151,4,50493,1735,24793,1381,5,198,1589,6606,902,20106,1,1,316,5716
11,6,496,25,3,0,2,10,16,9,6,22,1,2,11,0,1009,117,11,27,0,118,116,1059,160,9,67,990,109,22,77,1,1,4,97,104,1905,362,378,2,1,19,173,104,1096,40,142,11,749,234,15,10520,297,44,157,6,1735,7664,3222,4892,1132,439,10705,678,477,1582,14,0,90,577
21,23,1592,57,3,1,12,63,52,5,13,39,3,7,12,3,2302,375,14,83,0,255,272,4005,162,7,273,3109,200,42,124,0,0,1,231,848,188,17268,466,13,1,219,5452,2131,100,1394,382,38,4,2244,13,8870,10796,367,1708,9,24793,3222,76155,1350,16,3950,22257,10845,1220,8247,4,5,79,5670
72,14,88,33,557,11,125,183,592,221,677,17,156,7,198,22,83,28,3,10,209,141,66,115,1308,15,45,163,888,306,397,4,8,77,155,1347,490,216,1072,8490,9,1872,4758,2420,12890,8012,107,3125,218,2794,725,5181,330,76,178,3391,1381,4892,1350,55040,324,429,3452,22837,4282,4098,9,17,545,1178
0,1,4,6,2,0,0,0,3,1,0,31,1,25,5,0,0,1,21,10,0,0,0,0,3,82,152,262,1,1,1,6,0,0,21,6,2723,7,1403,1,2,0,4,40,504,3,1182,20,9611,45,9,27,44,605,524,4,5,1132,16,324,8517,2962,8510,8,20,13,228,1,0,120
9,72,496,74,1,0,3,12,53,10,8,366,9,75,47,1,33,326,218,620,1,19,32,98,47,461,3951,5196,15,43,37,60,2,2,367,581,787,9309,798,23,13,198,812,2766,204,494,5608,212,2598,3472,29,195,3920,5978,16695,92,198,439,3950,429,2962,104102,30866,333,815,311,2711,82,22,2738
51,111,4505,215,11,3,16,86,137,25,23,483,7,115,87,0,1047,1438,241,865,4,118,366,2950,171,615,4979,12864,151,90,182,73,3,13,752,656,8558,12700,5825,31,7,162,1015,1016,1596,502,1737,161,9819,1643,96,7846,6714,1259,5306,47,1589,10705,22257,3452,8510,30866,106489,1421,682,1029,1049,12,58,5271
23,3,103,10,60,4,29,68,180,29,107,9,22,1,74,8,104,28,1,9,17,140,45,192,405,4,19,150,433,101,212,1,4,35,69,549,15,1595,379,5424,12,2491,20475,2461,603,16985,57,930,5,1599,77,2406,502,47,152,1766,6606,678,10845,22837,8,333,1421,58708,2568,12449,2,9,397,1849
17,3,33,5,15,2,20,27,79,12,36,7,8,2,21,0,24,8,3,10,1,52,15,39,163,4,42,111,201,43,76,1,1,12,38,13306,18,276,568,511,364,572,2628,3225,492,2162,1414,808,26,19160,57,256,603,379,509,794,902,477,1220,4282,20,815,682,2568,109675,8044,26,4553,6721,6487
10,2,47,8,0,0,5,21,35,8,8,7,1,0,14,0,125,23,0,8,1,286,35,199,222,1,58,152,339,53,131,1,0,26,71,4673,35,246,694,11,0,39,10646,625,312,227,301,15,8,2351,7,2020,1661,208,565,12,20106,1582,8247,4098,13,311,1029,12449,8044,55246,4,6,659,5787
0,0,1,0,0,0,0,0,0,0,0,14,0,19,0,0,0,1,2,2,0,0,0,0,0,17,33,40,1,1,0,4,0,0,4,5,25,2,13,0,4,9,2,58,4,5,2466,15,2995,66,1,2,5,60,17,3,1,14,4,9,228,2711,1049,2,26,4,1983,5,1,59
0,0,0,0,0,0,0,1,0,0,0,0,0,0,1,0,0,0,0,0,0,0,0,1,2,2,2,1,0,0,1,0,0,0,1,5,1,4,4,3,1087,1883,12,2139,3,28,745,30,19,2237,52,0,0,71,18,15,1,0,5,17,1,82,12,9,4553,6,5,6623,3,910
0,1,0,2,2,0,3,3,15,1,2,0,0,1,4,0,3,0,0,0,0,12,2,9,24,0,3,6,20,8,9,0,0,4,4,57,2,11,51,29,0,13,190,35,63,96,17,15,2,375,2,51,26,9,26,23,316,90,79,545,0,22,58,397,6721,659,1,3,6075,1303
6,10,262,23,4,0,11,20,43,5,17,16,11,4,11,2,91,87,13,63,2,50,40,236,85,28,323,793,59,25,30,2,1,4,58,463,205,510,282,111,209,239,677,1558,180,588,5239,372,73,4589,25,711,2378,1122,1751,209,5716,577,5670,1178,120,2738,5271,1849,6487,5787,59,910,1303,34024
