9.89871352969241,123.795683383942,101.105726791543,76.1324544974736,80.8692389081238,90.0748869578044,91.1721163995252,44.315969738274,32.0297462422663,72.3941313291851,55.1747775666494,126.028495676377,76.6680377960205,154.388040642989,19.3021015831552,112.896085466657,142.911996841431,104.561316538901,145.147548828125,129.488208488878,81.2665664672852,83.1740473602881,97.460103932549,87.4392814078622,79.7085120399682,0,129.106042228654,135.937437613179,81.23181326161,19.5277655333513,35.7753553099054,158.746602376302,87.4634403773717,71.5906658787881,86.6383635203044,169.224227905273,162.825018310547,171.509141710069,95.236455477201,179.333831787109,0,159.750242445204,152.697190447551,177.858825118453,115.666157722473,198.875308990479,0,215.458786010742,219.636703491211,172.292922386756,0,145.909250640869,199.482396443685,238.784454345703,195.095097859701,0,187.692493983677,117.272136688232,177.411300196792,133.451683439057,0,197.898199717204,183.124020004272,144.065971102033,164.263392728918,150.780936270049,231.395263671875,200.143753051758,157.902791341146,160.99596786499
123.795683383942,6.27088617072708,49.4068997221173,11.1948081926368,101.650048573812,143.014225006104,146.064236232213,117.952833695845,134.759880338396,66.881507488805,131.55215549469,65.9787111029161,133.94285774231,51.5004332778199,119.631767810231,109.507541838146,76.5248034217141,58.4524968134892,69.3988372330117,61.3914862214849,93.452579498291,108.609219445123,21.5634139944439,81.0511286475442,71.5886096997992,27.0845086590488,47.1959361419678,30.1537666197792,103.564252919164,113.820912535761,107.127799849077,80.6231417655945,117.81815677219,117.631533050537,64.8582046360165,211.26530456543,84.600990931193,92.3160162353516,76.5159201622009,0,0,0,172.37117767334,149.091430664062,135.056686401367,0,103.013669967651,0,85.1960423491722,225.524307250977,0,0,99.6656640705309,116.752044677734,117.244414834415,0,132.543113708496,168.33479309082,137.653102874756,187.754585266113,79.2381862458729,100.981056419579,94.780323149666,143.707921346029,211.500340779622,160.239597320557,108.543033599854,0,0,120.152793884277
101.105726791543,49.4068997221173,15.2895008511732,48.4043226763451,134.97579053243,163.917091818417,133.92194269507,100.13494889524,120.411886953561,111.055444844564,116.712590460997,110.866606456477,173.023745817297,92.6503191347475,117.77096380984,138.071236673991,83.4884724934896,38.3007203833525,86.8906717185514,66.6227744799799,154.62334950765,63.5832415668618,47.6330309298449,37.348498813622,110.393524048095,102.554100839715,38.2400858186349,35.6239576883453,91.0928548041477,116.085090994703,81.2933427141858,91.0890391137865,160.95024142058,116.920002995705,79.8474471140627,161.941929210316,68.311909476916,96.6750217330688,66.6991703033447,196.017234802246,228.026336669922,202.128182044396,161.533255785031,181.848152048448,149.427414527306,166.434068350956,138.805348626499,190.734237670898,156.725573221842,178.270168544224,177.431003570557,127.555484464799,109.975890514387,156.975007430367,128.372515360514,0,141.436225388076,82.3567523352161,112.681596883736,158.56441981618,136.538497924805,106.821087544759,94.6347566540377,162.235553945814,188.620283917683,151.906672286987,155.866421508789,0,156.775768280029,116.311281830725
76.1324544974736,11.1948081926368,48.4043226763451,19.3985909091102,98.1153349304199,116.536127726237,111.086997644225,67.0584430731616,94.3786525091945,14.9908142310947,104.994166126401,81.6861571696267,112.470431518555,61.1501530870315,95.9363643431931,119.95051489936,38.1243157418119,64.245080284085,67.3853030931081,63.0840283786003,99.0477073669434,60.8313060091437,28.5547033402514,58.1425911254856,44.104000472555,27.6201118270786,48.6550132124391,40.8052454023308,65.3341340248455,86.3054208186135,65.9037765358525,85.2066976107084,115.365889413016,74.4701120026258,66.9229236296527,95.0279248555501,64.2793247699738,83.624836807251,20.369373571582,74.7352572849819,0,127.525102887835,79.7253036164401,123.639213562012,75.734138769262,111.09394053409,107.18595123291,96.2460641860962,85.551586832319,115.416702134269,132.890869140625,60.0382720936428,107.314231719971,93.8554140726725,110.732118421985,83.5484771728516,71.5182377426713,64.2407884332869,92.9356034423994,70.9321769641347,48.9648599922657,105.429139405778,80.5576890496647,91.3829865215494,100.56499411843,77.583300336202,79.894458770752,129.94948832194,109.357174343533,99.4991591526912
80.8692389081238,101.650048573812,134.97579053243,98.1153349304199,11.0854270835283,112.873941338581,69.6177694786195,58.9692484868037,100.335998412819,32.3250248315632,34.6971627873672,162.685078648158,29.2199181290206,168.171745993874,104.72626677863,51.5208730939552,150.111923217773,135.007392104791,184.708292643229,172.082764569451,17.7925157294927,112.839065915062,65.8703510143139,117.292147216797,21.7574117559062,150.806574503581,159.645273844401,135.895506058616,17.0942866452498,95.1536439326772,78.8973369897972,180.408050537109,126.30597723098,78.2047526082685,94.2029479759327,146.006257375081,146.504837036133,170.728965759277,64.3771066325051,106.64746390675,0,143.000064073,118.484195044733,148.306349587607,89.3613739013672,130.190645130631,0,87.2129057319031,221.098236083984,167.979044547448,126.193115683163,140.49503326416,193.983520507812,0,211.818031311035,116.35096398366,138.03316116333,146.155914306641,170.144509887695,108.033003745461,152.487716674805,195.499729701451,177.72027015686,123.711489940714,157.193652458911,140.972264971052,0,188.071823120117,148.545786539714,150.44760984533
90.0748869578044,143.014225006104,163.917091818417,116.536127726237,112.873941338581,7.34211953687461,11.6398406520302,112.556328166615,23.5459684390256,102.596437894381,104.419072469076,63.5002123845088,92.3347340053982,92.70279712677,21.8753121057259,17.8194284348696,133.556686401367,163.358046682257,98.1687088012695,139.445389380822,101.118789085975,145.048447348855,159.581658935547,153.327227625354,122.837327401849,100.871228027344,136.584241988811,127.49767964681,131.353723577551,20.9989429804706,123.872484033758,91.3253631591797,8.80400364067401,148.650985717773,32.2774408393436,0,0,0,0,199.993133544922,0,0,179.318288803101,204.475245157878,0,195.340133666992,0,0,135.401031494141,212.755680084229,0,0,0,0,0,0,0,0,0,176.296185084752,0,184.942779541016,180.095809936523,203.061950683594,206.059936523438,181.763031005859,0,0,0,0
91.1721163995252,146.064236232213,133.92194269507,111.086997644225,69.6177694786195,11.6398406520302,11.7932986403512,74.4430302668099,23.4745555377669,73.2702956729465,40.5148190284536,95.0753002655812,26.2644239283647,121.588437999379,44.1441629869906,14.3853226951845,159.62886949019,151.138130792757,129.437586817248,154.298422258954,53.4135862616214,106.531828758044,116.439175692472,129.141641735536,75.9686344357162,151.533612993028,156.185649944143,146.814088846182,78.3899246877789,56.6019807946808,105.951399342398,182.066764831543,27.7166081629963,110.705373605092,83.9904664687391,146.261019620028,189.533477783203,200.08576520284,97.1183782057329,149.538055832322,186.777862548828,162.327926004009,141.0478745657,165.324779968262,122.724162932365,159.013427584779,232.828786214193,158.592218919234,0,181.899592321059,175.272885131836,188.96156056722,213.20246887207,0,213.656543731689,167.573205271075,184.13671875,159.248046875,197.991673345151,129.104723845426,0,197.896487765842,198.712089292465,152.247573894459,179.423283321757,162.260525352076,0,216.81746673584,172.53586324056,163.007921965226
44.315969738274,117.952833695845,100.13494889524,67.0584430731616,58.9692484868037,112.556328166615,74.4430302668099,13.3044789433565,61.5191384579273,56.9376945463657,20.1246206414102,153.998928785324,100.535870434487,169.69286069003,57.7054976952507,81.7444632393973,105.734574578025,115.802699855117,171.773913215188,147.425422570644,92.9380903476622,67.7975324598203,87.5811588876199,79.4628163893509,56.4607964211704,156.995794932048,139.181426702173,116.303450977711,40.9925723438634,73.003093025217,32.1653543882935,168.794989013672,126.849261650672,77.1871985966869,93.8665770486136,137.342910039993,145.533569335938,163.24064077333,94.6614203733556,126.726862589518,0,143.797224564986,124.367682578347,155.973632918464,104.755331115723,161.678175749602,189.088267008464,150.962634086609,208.758728027344,161.863949943991,0,137.075122744538,186.121786499023,209.912689208984,212.020240783691,125.706939697266,145.525999571148,121.52212354872,164.199417015175,116.942078286029,196.233225504557,194.679560852051,168.444501749674,128.476167082377,146.300994652968,137.763389163547,0,206.911560058594,137.125856399536,154.917775535584
32.0297462422663,134.759880338396,120.411886953561,94.3786525091945,100.335998412819,23.5459684390256,23.4745555377669,61.5191384579273,12.2749833859782,88.0386273608609,42.4947778637146,75.9576439529266,84.1016921261171,105.921180834089,19.685523344627,30.8125489782048,158.11359954834,129.569648044392,115.054393610678,138.506678463164,88.3141790498073,98.1395816465821,126.160304757052,107.547821881375,90.3436186287834,103.807564529718,139.893734860322,135.762110195347,88.4126423225525,43.7968006541806,82.1794077160498,146.859114426833,20.7746673007689,101.259042668343,59.0580736761851,171.190733228411,162.599107530382,188.620739080967,111.772337217589,170.464083795962,223.164199829102,176.418473795841,151.472940078889,175.122669764927,134.138620830718,174.93569965604,217.131675720215,179.539496898651,191.481803894043,186.457035064697,163.788543701172,167.179402669271,203.759172327378,191.673637390137,199.134983062744,170.188503265381,182.885550181071,163.033266067505,190.434054160605,139.944801595801,137.117841720581,183.811078806392,177.705983269484,156.450251988002,178.730677809671,165.731815592448,0,212.282913208008,165.500514984131,174.222539049514
72.3941313291851,66.881507488805,111.055444844564,14.9908142310947,32.3250248315632,102.596437894381,73.2702956729465,56.9376945463657,88.0386273608609,8.47444635327769,63.6603735486062,133.946573360238,17.5412320921482,119.5555982443,95.7493935698396,23.992940113526,55.83141573464,122.05152229896,138.918158295867,128.422060120781,24.5646066928423,83.9495928095675,24.297994119627,101.634135897797,22.6792406950716,104.035106822285,119.25405209341,109.689062422931,53.9802415100359,83.7921932275567,60.1132185846312,134.051779852973,143.615338493796,65.1203483963013,101.480886138488,98.0696149553571,136.171081542969,135.180887010362,17.057484292984,98.9556844711304,0,104.367579008404,85.1468802113687,107.696229553223,40.5456612317458,112.024700900965,165.18162367079,122.414918899536,155.543258666992,113.08181884441,93.7047907511393,73.8838019832488,162.425178527832,188.143413543701,182.23659769694,128.485125950405,103.464781719705,46.3197146058083,123.504178285599,72.4307879226214,154.139933499423,177.623388882341,167.220829673435,83.1905195577696,103.261000997652,82.0311976841518,0,158.573577880859,90.9209005567763,98.4528287586413
55.1747775666494,131.55215549469,116.712590460997,104.994166126401,34.6971627873672,104.419072469076,40.5148190284536,20.1246206414102,42.4947778637146,63.6603735486062,17.4667905372572,147.538478097798,29.0934488546384,165.392022901966,68.5049203638947,70.1941237751774,122.826418558757,153.410104596937,170.686938921611,174.620304780848,20.2496070691792,87.5854444957915,99.6541904050912,104.206138380281,58.3387457823585,165.157155354818,153.739994500011,138.494517683172,34.5000159800771,92.7827737095025,74.9977465762075,178.453270806207,119.312823085462,84.7097702703032,91.2892576536725,164.749047320822,177.2548828125,185.659533081055,89.4139311770175,147.077380011126,0,159.203794265616,139.804857315556,162.395448653424,125.448525040238,155.071355251654,224.635401407878,157.203427320911,192.210784912109,182.101242681946,162.719184148879,166.41255732945,210.78059387207,242.134071350098,216.713709513346,152.6888966487,167.541643415179,160.448913574219,183.649260434237,125.954341832739,213.360931396484,210.900870583274,179.634274673462,147.537603374592,181.924227211692,167.370682525635,0,197.215301513672,160.02416229248,174.095463023466
126.028495676377,65.9787111029161,110.866606456477,81.6861571696267,162.685078648158,63.5002123845088,95.0753002655812,153.998928785324,75.9576439529266,133.946573360238,147.538478097798,12.8265166587267,139.055399258931,23.3002069037387,73.9395755468589,142.71447467804,121.710180242011,52.5526292610578,21.416083185359,20.3547065228021,143.482953010721,88.3828035126226,95.2815240713266,93.92147042571,147.069903651028,37.9191724462279,34.0482818361106,60.1336544915445,144.645587460025,69.1295108572268,105.610063535827,26.7943061135373,61.0990121949708,106.222868153747,28.6463205385341,233.08821105957,106.888178348541,135.69793182373,109.855010399452,219.739807128906,0,227.842582702637,207.015686035156,232.822830200195,171.509699503581,0,81.3854517255511,0,70.6801324632433,191.507764180501,0,155.870866775513,138.184030231677,113.931322800486,110.623792739142,0,178.387283325195,138.031784057617,170.59827846951,200.646143595378,74.499312733495,107.468168266581,110.149804689667,218.718441772461,214.797378540039,176.079271952311,96.4704104336825,0,0,147.089763641357
76.6680377960205,133.94285774231,173.023745817297,112.470431518555,29.2199181290206,92.3347340053982,26.2644239283647,100.535870434487,84.1016921261171,17.5412320921482,29.0934488546384,139.055399258931,10.8647888352983,156.531908671061,97.3617948324138,17.5890521519285,0,184.169910430908,156.206004749645,154.224737314078,14.692916923217,167.772956848145,94.7179349816364,162.99779510498,20.6792060106253,145.404107835558,165.606977896257,162.442300999418,51.8564951438353,94.8732342587859,136.965880621047,168.412900652204,111.550735872183,92.9179849170503,93.0742575613944,119.046382904053,0,144.057281494141,81.9006417014382,96.4713182775693,166.147216796875,110.648014362042,133.320073286692,121.89061638778,120.010367393494,86.6667429804802,145.888464185927,15.9416122555624,156.749084472656,120.989034100998,77.3542181870033,0,182.679962158203,166.752254486084,193.366146850586,24.2661369607288,199.084884643555,0,243.346206665039,120.798250220288,182.802322387695,180.825386047363,199.83646937779,129.110744198886,127.449421544229,180.13935546875,177.1865234375,141.284381103516,143.166065216064,117.326024655943
154.388040642989,51.5004332778199,92.6503191347475,61.1501530870315,168.171745993874,92.70279712677,121.588437999379,169.69286069003,105.921180834089,119.5555982443,165.392022901966,23.3002069037387,156.531908671061,8.002693985441,99.8910729647813,156.275132073296,120.843520424583,93.9063777287801,47.6147608850273,63.2758847438928,160.827144077846,144.641579627991,80.6219491134907,130.247575575306,137.870657427558,21.1772132647415,21.1120185847493,38.8261989984117,160.927951388889,93.273476600647,151.746575789018,7.92196792992062,81.2451643262591,157.780141194661,51.9411946419213,0,88.8425247192383,160.137653895787,57.2508570973466,0,0,0,248.006256103516,0,138.884259541829,0,62.4246811924211,171.568359375,50.3690945417262,247.782272338867,191.147476196289,0,144.521768188477,94.8303014015665,118.899082501729,0,0,139.77978515625,188.433170318604,182.958724975586,55.6929834412365,99.4069386848114,101.232483763444,195.607208251953,185.96225865682,212.657318115234,87.7766898826317,0,0,117.35699335734
19.3021015831552,119.631767810231,117.77096380984,95.9363643431931,104.72626677863,21.8753121057259,44.1441629869906,57.7054976952507,19.685523344627,95.7493935698396,68.5049203638947,73.9395755468589,97.3617948324138,99.8910729647813,10.9160165695868,67.0609082673725,142.933299255371,119.950030781381,104.669569524472,123.641893078855,101.645492957547,99.7387250360298,112.280629445815,104.448577773683,99.0372240316549,102.914383055672,125.271510319456,127.116761637333,99.462145679224,25.1746059408438,62.3859857888108,118.126511329828,16.5866497169697,78.4922862840735,46.7371460672233,167.962968008859,166.731662750244,192.431947163173,131.458097043245,201.12308883667,239.922561645508,197.189455668132,159.823736625805,186.158071192299,120.908546992711,198.916672201718,191.36607615153,216.706109619141,134.278602600098,188.446707505446,206.121704101562,161.682520751953,193.182587432861,162.105928693499,174.985111012178,199.844286237444,177.871235240589,141.001422657686,192.123278754098,147.367725651439,157.530102069561,169.889278956822,171.338614990993,157.326617018382,182.947199349452,162.671338020487,234.46989440918,220.795893351237,167.632125854492,179.774949428013
112.896085466657,109.507541838146,138.071236673991,119.95051489936,51.5208730939552,17.8194284348696,14.3853226951845,81.7444632393973,30.8125489782048,23.992940113526,70.1941237751774,142.71447467804,17.5890521519285,156.275132073296,67.0609082673725,8.47187263621793,0,147.055810928345,180.050128936768,162.61752973284,44.5979848186585,121.853578839983,71.7404368170376,125.080800056458,42.3010179064328,136.989389118395,155.874819013807,142.8047939217,85.3237944499101,65.5259318015945,111.062532424927,0,40.1611156198714,117.965091705322,125.677022116525,156.021118164062,0,197.839752197266,96.6629867553711,97.365045275007,0,156.571109008789,135.446984724565,181.719871520996,116.88745880127,153.105716281467,0,138.902737935384,186.351181030273,171.660171508789,110.236602783203,151.613105773926,0,0,0,159.897214617048,0,0,0,139.988259774667,182.686965942383,139.637145996094,199.091602325439,139.15358581543,185.600860595703,0,0,0,153.922271728516,189.944869995117
142.911996841431,76.5248034217141,83.4884724934896,38.1243157418119,150.111923217773,133.556686401367,159.62886949019,105.734574578025,158.11359954834,55.83141573464,122.826418558757,121.710180242011,0,120.843520424583,142.933299255371,0,12.2773823944712,101.049990462076,136.010870713454,115.60728317652,0,45.4219773069137,27.577698280706,27.1810747977545,26.996585733704,105.301121711731,101.261345708692,37.3772332987776,49.0149689875376,99.3579886714114,75.9158244312258,117.321441650391,154.791244506836,82.0472095546438,80.530707195482,169.195600509644,98.5108973185221,109.79527002508,89.7650400797526,0,0,183.939331054688,154.4165182779,177.78482776218,85.6370010375977,157.906599680583,177.579154968262,206.468597412109,156.898956298828,176.734430101183,0,97.2924925603119,139.991066455841,152.422286987305,165.487174987793,0,110.718382089445,84.2418757952177,106.325832753981,124.290817476668,163.645202636719,147.7130891588,109.533237857319,127.669745674133,148.243348439535,115.465750260787,0,0,106.212007904053,122.273001423589
104.561316538901,58.4524968134892,38.3007203833525,64.245080284085,135.007392104791,163.358046682257,151.138130792757,115.802699855117,129.569648044392,122.05152229896,153.410104596937,52.5526292610578,184.169910430908,93.9063777287801,119.950030781381,147.055810928345,101.049990462076,10.1146391493244,51.425734784446,21.5430090469929,204.512050628662,68.4525357070997,75.135261474315,26.9704408234487,121.605190809279,91.7153413772583,39.3338265485288,65.5187957704627,111.671360378881,100.855675416167,74.3341656221745,89.105451965332,136.790563049316,94.5233479932436,42.2496674149226,173.377352396647,78.7312759461442,109.322902835145,77.3657809462503,0,228.209030151367,203.038595581055,179.782012430827,200.376606085362,183.858435058594,193.15259636773,145.157952785492,0,151.698019547896,197.361557733445,184.149673461914,141.641921867759,117.407224261571,154.229634094238,128.556273635553,0,163.589033699036,118.683615112305,130.344289912308,174.892458305984,109.494776725769,111.567682475135,108.265153547659,179.854132456322,186.276379000756,166.34868339256,145.577524185181,188.30876159668,198.315658569336,126.985819480789
145.147548828125,69.3988372330117,86.8906717185514,67.3853030931081,184.708292643229,98.1687088012695,129.437586817248,171.773913215188,115.054393610678,138.918158295867,170.686938921611,21.416083185359,156.206004749645,47.6147608850273,104.669569524472,180.050128936768,136.010870713454,51.425734784446,7.01145803252502,17.5754929647373,166.007795333862,112.10520723131,109.674703908521,102.029002331271,153.186023104018,51.7404624434078,33.2345407569015,65.2183510868021,156.360219182195,105.778064233869,122.202180149244,48.7285510125245,89.1131477021334,125.53818359375,58.8147252428774,178.781585693359,139.489607069227,144.25328318278,103.585412979126,221.717651367188,0,0,207.341827392578,0,0,0,130.994753057306,218.210403442383,86.7167663574219,206.567272949219,219.81867980957,170.285945892334,134.439949226379,109.931876491493,115.398615420443,0,0,166.465103149414,162.303659566243,212.893870035807,78.976550252814,108.396760271386,109.312447195342,215.685081481934,171.414849853516,153.767120361328,110.084465026855,0,158.042495727539,136.182395241477
129.488208488878,61.3914862214849,66.6227744799799,63.0840283786003,172.082764569451,139.445389380822,154.298422258954,147.425422570644,138.506678463164,128.422060120781,174.620304780848,20.3547065228021,154.224737314078,63.2758847438928,123.641893078855,162.61752973284,115.60728317652,21.5430090469929,17.5754929647373,9.50035527929303,164.390032450358,90.7300806862967,96.2283605356685,69.236630785143,137.744849346302,48.9228579356488,29.2154158788651,66.119200833055,135.978294424459,110.586908462359,96.9957487779875,60.6077066262563,88.4343866521662,103.611933969984,41.9953362310845,184.949203491211,98.9099447727203,127.575038169747,95.1272186510491,233.522453308105,0,0,210.082745022244,217.161056518555,169.290216064453,211.359275817871,124.8243819527,0,118.00301361084,204.844041304155,0,153.515701293945,121.372736732432,113.193573704472,112.613500434028,0,160.539794921875,144.000536065353,149.277214141119,188.679063276811,81.9233116843484,105.05171030082,107.961874326324,201.559199940075,189.950094784007,169.101891072591,137.212385559082,0,0,128.379182223616
81.2665664672852,93.452579498291,154.62334950765,99.0477073669434,17.7925157294927,101.118789085975,53.4135862616214,92.9380903476622,88.3141790498073,24.5646066928423,20.2496070691792,143.482953010721,14.692916923217,160.827144077846,101.645492957547,44.5979848186585,0,204.512050628662,166.007795333862,164.390032450358,9.00258488140432,195.424865722656,80.6733253479004,180.78924407959,17.3401647238071,166.30836050851,166.32508605957,168.434573945545,33.8128145421894,97.5875631816804,112.856452094184,184.796394348145,123.342426415646,83.9866650555585,95.102689930037,164.223365783691,0,0,78.0545365333557,105.817175941264,200.096282958984,142.304597880046,122.545223999023,142.519782113557,102.118272399902,130.141125579274,222.910710652669,79.1315410772161,0,165.290222603934,103.394505182902,219.48860168457,180.061111450195,0,227.808547973633,112.460372965215,0,0,208.735961914062,111.380295098346,0,219.672210693359,228.310844421387,129.666699882445,169.966443269149,149.599552699498,0,202.277603149414,152.201581319173,171.736529032389
83.1740473602881,108.609219445123,63.5832415668618,60.8313060091437,112.839065915062,145.048447348855,106.531828758044,67.7975324598203,98.1395816465821,83.9495928095675,87.5854444957915,88.3828035126226,167.772956848145,144.641579627991,99.7387250360298,121.853578839983,45.4219773069137,68.4525357070997,112.10520723131,90.7300806862967,195.424865722656,13.035616345551,64.2117475497177,31.9787027282436,71.2497883680636,121.628814697266,109.858358399574,81.0768509802417,39.4627810933985,72.6794182994875,32.151391980338,128.829706827799,143.99862462824,22.993269555414,43.0650498477932,148.019634246826,161.013666788737,135.464186107839,89.0538841883342,0,0,187.640686035156,158.00831439044,190.813525729709,131.057074228923,179.397409057617,175.71507699149,0,0,178.764684132167,0,111.464241208338,167.998618231879,190.855895996094,173.789218139648,0,117.176474833118,85.671111839405,121.918739469552,127.741056701283,167.50732421875,166.081421443394,134.919495416066,124.61212119078,141.226416976364,119.399470437657,0,184.546890258789,119.442247491134,128.830246431282
97.460103932549,21.5634139944439,47.6330309298449,28.5547033402514,65.8703510143139,159.581658935547,116.439175692472,87.5811588876199,126.160304757052,24.297994119627,99.6541904050912,95.2815240713266,94.7179349816364,80.6219491134907,112.280629445815,71.7404368170376,27.577698280706,75.135261474315,109.674703908521,96.2283605356685,80.6733253479004,64.2117475497177,8.79890215344693,58.7298034342451,30.2527864875221,64.8561230004258,90.1934345669217,43.366796072558,62.3574966417991,86.327306499918,64.9318943222883,108.928273981268,142.941848754883,61.140983604946,71.3113115261763,101.794770812988,88.2592105865479,89.3213532437983,85.610541788737,131.105895996094,201.984970092773,144.039398193359,126.393280506134,150.808629549467,83.3064079284668,135.884381612142,100.067649841309,160.216669718424,111.528206295437,148.800208713697,0,73.6820511908586,130.267149705153,0,158.724337651179,0,88.1120361890949,64.3117126464844,91.4859421459245,94.4149840570265,126.097389221191,131.188048944241,105.689427938217,96.9324870163135,113.714639516977,90.8530803007238,152.38786315918,0,91.5490164756775,89.6758120501483
87.4392814078622,81.0511286475442,37.348498813622,58.1425911254856,117.292147216797,153.327227625354,129.141641735536,79.4628163893509,107.547821881375,101.634135897797,104.206138380281,93.92147042571,162.99779510498,130.247575575306,104.448577773683,125.080800056458,27.1810747977545,26.9704408234487,102.029002331271,69.236630785143,180.78924407959,31.9787027282436,58.7298034342451,18.948479513236,73.388616470128,178.170463562012,85.9792423886394,55.4482170475018,63.6086975499315,89.8451324755808,54.9352019976765,126.466561889648,146.410234551681,68.6795024378546,54.7803565672002,172.048332638211,93.4016249520438,108.576065230875,84.7123747605544,181.723495483398,0,189.482924721458,162.47085795683,180.772341685013,140.138423039363,167.868101567807,159.570324933087,238.956161499023,179.592590332031,178.78577695334,191.552380371094,102.691238271143,142.309661413494,174.696486253005,159.910600142045,225.135757446289,122.71596323969,101.464644279801,116.835376032187,145.556623000765,176.996765136719,142.376244978471,109.009403846144,148.739613550542,179.039194589638,143.112144278682,178.334869384766,0,158.0329044887,125.096765725272
79.7085120399682,71.5886096997992,110.393524048095,44.104000472555,21.7574117559062,122.837327401849,75.9686344357162,56.4607964211704,90.3436186287834,22.6792406950716,58.3387457823585,147.069903651028,20.6792060106253,137.870657427558,99.0372240316549,42.3010179064328,26.996585733704,121.605190809279,153.186023104018,137.744849346302,17.3401647238071,71.2497883680636,30.2527864875221,73.388616470128,12.0200289124052,116.697873039583,128.643938937657,86.2398173892763,26.421456745823,90.2822071447159,71.924141112471,169.878691864014,132.390874007653,75.2508111318953,91.3116212809232,120.278719456076,143.453758239746,149.121537239321,71.2425733407338,101.23326478239,147.801712036133,133.490321958908,112.736259781091,136.277336304004,88.0130469134065,135.712748220276,185.148862202962,133.816298562972,187.574971008301,144.095759807817,148.650951385498,108.218293305599,169.027662004743,208.621963500977,187.414153575897,128.685429153442,118.102753219071,88.723837000529,134.810646649365,101.645871454558,183.166063308716,177.28495041205,158.243267615367,112.523693310494,132.358237050666,115.940246916514,203.898742675781,173.908059014214,117.399980606571,127.207157939004
0,27.0845086590488,102.554100839715,27.6201118270786,150.806574503581,100.871228027344,151.533612993028,156.995794932048,103.807564529718,104.035106822285,165.157155354818,37.9191724462279,145.404107835558,21.1772132647415,102.914383055672,136.989389118395,105.301121711731,91.7153413772583,51.7404624434078,48.9228579356488,166.30836050851,121.628814697266,64.8561230004258,178.170463562012,116.697873039583,9.74475749283475,42.6083219997291,23.1613399931831,141.671384175618,102.423909241298,141.213163757324,52.2874013966527,89.1993839740753,143.735097249349,58.3896613888624,0,78.7218208312988,130.732650756836,52.3166702411793,0,0,191.487228393555,208.001876831055,0,133.669245402018,220.316223144531,65.0409938651071,197.953231811523,57.3543195852182,162.24469909668,188.922668457031,168.264053344727,114.902305603027,78.9260606079102,90.6844129562378,0,0,113.519407484266,166.069324493408,154.861986796061,48.1658096515481,74.4397963775986,75.13645104674,245.579864501953,195.834747314453,186.290145874023,73.5637549968681,0,0,90.8406745062934
129.106042228654,47.1959361419678,38.2400858186349,48.6550132124391,159.645273844401,136.584241988811,156.185649944143,139.181426702173,139.893734860322,119.25405209341,153.739994500011,34.0482818361106,165.606977896257,21.1120185847493,125.271510319456,155.874819013807,101.261345708692,39.3338265485288,33.2345407569015,29.2154158788651,166.32508605957,109.858358399574,90.1934345669217,85.9792423886394,128.643938937657,42.6083219997291,13.4081271438272,34.8104702401301,138.530297652535,114.459129095697,121.19072871738,30.8820350385636,97.4202425947813,127.901443602547,62.8721034631413,169.936429192038,91.9243085595626,118.273910171921,78.1171911148798,0,0,208.355987548828,183.663581848145,195.482448101044,179.422173133263,214.789219447545,115.100137963759,209.823873901367,90.5243763660821,182.952938129375,201.129344940186,164.943978236272,107.468716726791,107.160306172689,105.755031047302,0,161.956688756528,139.628905723835,140.761261613402,181.118159243935,72.588069068061,95.9368545666897,97.1031353984883,188.432348251343,173.274044799805,162.187958075076,104.706222946579,148.613372802734,153.953929356166,115.524839035529
135.937437613179,30.1537666197792,35.6239576883453,40.8052454023308,135.895506058616,127.49767964681,146.814088846182,116.303450977711,135.762110195347,109.689062422931,138.494517683172,60.1336544915445,162.442300999418,38.8261989984117,127.116761637333,142.8047939217,37.3772332987776,65.5187957704627,65.2183510868021,66.119200833055,168.434573945545,81.0768509802417,43.366796072558,55.4482170475018,86.2398173892763,23.1613399931831,34.8104702401301,16.9404408466759,81.5592586560828,121.812063224738,114.813832579228,33.5958602439736,111.74812861239,124.266247503772,70.3734560416463,163.073096842705,69.6016578974949,93.6408151786961,59.7728647110779,195.343257904053,0,191.544481004987,159.403864604671,180.996886416735,156.585975322318,173.899214663748,113.889241333008,196.984436035156,86.0513240555585,176.940547535255,186.127166748047,122.449763351387,105.022038061391,109.772803880304,110.47606445065,219.963066101074,139.058455904325,93.0156827375407,113.120431272977,161.713799947525,72.6682752331361,97.3944703720842,94.0052447770061,160.45117563101,180.001291804843,152.436848684458,112.965240195945,209.058280944824,171.865696498326,113.861411871129
81.23181326161,103.564252919164,91.0928548041477,65.3341340248455,17.0942866452498,131.353723577551,78.3899246877789,40.9925723438634,88.4126423225525,53.9802415100359,34.5000159800771,144.645587460025,51.8564951438353,160.927951388889,99.462145679224,85.3237944499101,49.0149689875376,111.671360378881,156.360219182195,135.978294424459,33.8128145421894,39.4627810933985,62.3574966417991,63.6086975499315,26.421456745823,141.671384175618,138.530297652535,81.5592586560828,13.5543852266823,94.2923585498982,51.9319039885886,172.639907836914,137.552581621253,76.8115618688154,79.7502942859034,139.759867741511,139.782559204102,150.019630432129,84.2510390648475,138.539993320499,182.556091308594,152.94706301008,128.272953598968,156.965007400513,96.4591204325358,150.673701480943,204.603861127581,155.347076917949,199.313741048177,156.167826031326,148.642951965332,116.494110684062,178.36483966603,206.084994506836,194.073028564453,145.493160212151,123.206615195664,96.8425673732051,137.554165710449,114.109632149996,197.658493041992,189.214398442482,155.272202657617,123.595059948861,142.404898320282,121.998696470261,213.64225769043,210.019432067871,127.253085192512,139.823596352025
19.5277655333513,113.820912535761,116.085090994703,86.3054208186135,95.1536439326772,20.9989429804706,56.6019807946808,73.003093025217,43.7968006541806,83.7921932275567,92.7827737095025,69.1295108572268,94.8732342587859,93.273476600647,25.1746059408438,65.5259318015945,99.3579886714114,100.855675416167,105.778064233869,110.586908462359,97.5875631816804,72.6794182994875,86.327306499918,89.8451324755808,90.2822071447159,102.423909241298,114.459129095697,121.812063224738,94.2923585498982,11.3792427664177,29.5706781664532,118.261480134109,11.6734817710969,16.6074516810721,40.5872219915011,155.350421905518,145.015048980713,181.748613172962,118.504451539781,191.764539278471,248.924407958984,190.709733040102,156.036837757082,184.809090443147,122.898635191076,192.625580469767,209.287715911865,174.729835510254,155.503312428792,185.80973983597,205.668823242188,136.363169790684,186.540946143014,151.196034749349,166.902489157284,199.430040147569,140.738073041362,116.870490512332,162.606204208818,138.127307680388,149.872952270508,165.033365791227,162.729938943045,144.833701469325,165.758752049627,146.554455052668,220.239334106445,242.665481567383,154.986552238464,165.179640928904
35.7753553099054,107.127799849077,81.2933427141858,65.9037765358525,78.8973369897972,123.872484033758,105.951399342398,32.1653543882935,82.1794077160498,60.1132185846312,74.9977465762075,105.610063535827,136.965880621047,151.746575789018,62.3859857888108,111.062532424927,75.9158244312258,74.3341656221745,122.202180149244,96.9957487779875,112.856452094184,32.151391980338,64.9318943222883,54.9352019976765,71.924141112471,141.213163757324,121.19072871738,114.813832579228,51.9319039885886,29.5706781664532,10.030781826404,162.514068603516,113.136789519211,36.6408658202469,38.6452464910105,147.248944745745,170.795282999674,153.890290790134,91.4651728312174,148.355361938477,0,174.702781677246,134.648282966358,166.976078267,103.199433933605,179.356087424538,198.800816853841,213.430198669434,169.900604248047,161.216806502569,154.512023925781,118.343539350012,178.251352646772,217.298271179199,189.148471832275,216.156326293945,122.065049216188,91.1087776770959,134.883575155264,120.004795790579,163.917922973633,176.281648254395,162.239701253063,124.22975700267,147.113943669468,125.877349883318,0,197.173141479492,130.536786309604,131.241862417638
158.746602376302,80.6231417655945,91.0890391137865,85.2066976107084,180.408050537109,91.3253631591797,182.066764831543,168.794989013672,146.859114426833,134.051779852973,178.453270806207,26.7943061135373,168.412900652204,7.92196792992062,118.126511329828,0,117.321441650391,89.105451965332,48.7285510125245,60.6077066262563,184.796394348145,128.829706827799,108.928273981268,126.466561889648,169.878691864014,52.2874013966527,30.8820350385636,33.5958602439736,172.639907836914,118.261480134109,162.514068603516,13.7577326329131,104.603790731991,0,73.0774158296131,0,0,163.546468098958,75.4927164713542,0,0,0,0,0,0,0,96.8745524088542,0,89.9931073869978,193.196411132812,183.461868286133,0,150.700546264648,118.894516838921,131.247304916382,0,0,0,0,204.577041625977,81.7773152305966,113.899178582269,118.896178759061,0,0,0,99.6332346598307,0,190.38264465332,207.934005737305
87.4634403773717,117.81815677219,160.95024142058,115.365889413016,126.30597723098,8.80400364067401,27.7166081629963,126.849261650672,20.7746673007689,143.615338493796,119.312823085462,61.0990121949708,111.550735872183,81.2451643262591,16.5866497169697,40.1611156198714,154.791244506836,136.790563049316,89.1131477021334,88.4343866521662,123.342426415646,143.99862462824,142.941848754883,146.410234551681,132.390874007653,89.1993839740753,97.4202425947813,111.74812861239,137.552581621253,11.6734817710969,113.136789519211,104.603790731991,4.64001973240841,83.0141721452985,35.9397900938497,0,168.438934326172,0,129.43558883667,0,0,217.550003051758,205.037368774414,232.290626525879,0,212.607074737549,0,0,0,231.785385131836,0,189.441986083984,243.843170166016,0,0,0,0,0,227.03101348877,175.494178771973,124.821699142456,152.377446954901,150.032018661499,193.528045654297,0,0,0,0,0,240.297744750977
71.5906658787881,117.631533050537,116.920002995705,74.4701120026258,78.2047526082685,148.650985717773,110.705373605092,77.1871985966869,101.259042668343,65.1203483963013,84.7097702703032,106.222868153747,92.9179849170503,157.780141194661,78.4922862840735,117.965091705322,82.0472095546438,94.5233479932436,125.53818359375,103.611933969984,83.9866650555585,22.993269555414,61.140983604946,68.6795024378546,75.2508111318953,143.735097249349,127.901443602547,124.266247503772,76.8115618688154,16.6074516810721,36.6408658202469,0,83.0141721452985,8.80787052381006,36.5641143816901,147.011582510812,204.907363891602,165.363240559896,100.127019405365,187.585774739583,0,188.872222900391,139.572593688965,168.253836313883,86.1285457611084,174.546363830566,218.912292480469,0,0,173.407346089681,0,115.106496082653,175.892003377279,0,187.864985148112,0,116.825310516357,104.128636223929,141.642772197723,125.115535369286,0,186.379954528809,180.886901855469,130.892928417818,152.975504159927,123.980471360056,0,0,144.874976021903,139.845948470266
86.6383635203044,64.8582046360165,79.8474471140627,66.9229236296527,94.2029479759327,32.2774408393436,83.9904664687391,93.8665770486136,59.0580736761851,101.480886138488,91.2892576536725,28.6463205385341,93.0742575613944,51.9411946419213,46.7371460672233,125.677022116525,80.530707195482,42.2496674149226,58.8147252428774,41.9953362310845,95.102689930037,43.0650498477932,71.3113115261763,54.7803565672002,91.3116212809232,58.3896613888624,62.8721034631413,70.3734560416463,79.7502942859034,40.5872219915011,38.6452464910105,73.0774158296131,35.9397900938497,36.5641143816901,11.3275528143655,168.225555419922,80.4897915431431,112.520669002371,83.4596498012543,196.429669698079,0,182.649765912224,157.312407493591,187.848155741789,120.416999470104,192.359786987305,139.785475594657,180.250076293945,119.628110249837,183.919328962054,151.935607910156,120.862136563388,123.092530959692,140.494643317329,134.868356658191,174.790138244629,127.1919191422,121.113934747104,128.3880080653,136.414568962742,111.850379262652,118.722229298153,115.610509687854,143.498219368153,166.506469607353,130.384814364239,132.189903259277,177.322200775146,140.09838104248,134.981003832461
169.224227905273,211.26530456543,161.941929210316,95.0279248555501,146.006257375081,0,146.261019620028,137.342910039993,171.190733228411,98.0696149553571,164.749047320822,233.08821105957,119.046382904053,0,167.962968008859,156.021118164062,169.195600509644,173.377352396647,178.781585693359,184.949203491211,164.223365783691,148.019634246826,101.794770812988,172.048332638211,120.278719456076,0,169.936429192038,163.073096842705,139.759867741511,155.350421905518,147.248944745745,0,0,147.011582510812,168.225555419922,11.417936447907,123.635893619422,102.188029982531,72.9005001895833,78.4068617301412,92.8480310440063,101.663400579382,31.6132395990892,44.0890892606333,69.0288921462165,76.0864970169815,110.141267347705,108.989207527854,146.471541881561,20.4506365710283,100.319278081258,100.440332889557,94.9529289712711,128.190579023518,112.884645736295,86.7482480049133,75.8237096209859,98.6007611549507,90.1431339608387,79.3020359535255,131.265430450439,108.528172498521,122.710847687576,81.8602094256689,21.6192462816212,28.0344912136909,142.811595662435,102.379955638539,47.5982487018292,82.9916134948731
