9.36277447566775,125.754139239971,88.6525915620645,96.3390669250488,81.7464352155987,70.9608521638093,62.5505540451566,27.8794495857635,19.3475890734441,66.9333693575697,52.1250204967149,136.260668297337,84.079350789388,161.765004882812,13.4389907010134,68.9934539794922,111.970294189453,101.769319265661,148.080771636963,123.46566258944,80.8374897712885,67.0618132591248,98.2611322784424,76.6597369141221,77.6374659615874,133.999378204346,116.863979381829,125.812695938864,68.3968702443441,12.2447680326441,27.6313670102905,154.735793169807,74.9944441422172,37.9336640404873,93.2292799563021,167.054545084635,0,167.726983388265,81.6599985758464,145.039489746094,0,166.801956176758,139.438369750977,176.760047912598,91.3320217132568,165.604608917236,242.490982055664,134.224931335449,0,174.489900861468,0,154.821387154715,199.174434661865,0,197.642044067383,129.327265421549,160.544843885634,126.278022072532,174.012793404715,114.109465810988,0,195.670440673828,162.649285709157,129.676878224248,161.050856646369,149.331205749512,0,0,0,164.58053334554
125.754139239971,5.45479503532579,47.537403036695,17.7700531600596,100.608476257324,0,155.585214614868,114.331678390503,117.952763310185,68.7178453462464,128.266866243803,63.7084688459124,106.133539581299,50.4236756719724,111.463417053223,104.92604192098,77.4544441435072,53.3146987072257,69.5591325962797,50.8163445341543,98.8879470825195,104.280140686035,25.70700455699,85.3679888725281,76.4831374334911,18.0722210674105,40.5120609428153,23.2163198377583,98.7313759382381,104.268075842606,99.6202078732577,84.8268585205078,126.531254577637,89.8954071044922,64.8914300739365,148.291069030762,29.0885057449341,54.6268825531006,96.8025401188777,0,0,0,140.279693603516,0,136.936051940918,155.852493286133,89.934700012207,0,0,158.306484985352,0,129.183799743652,84.599977016449,101.874435424805,92.8504343032837,0,106.991218566895,75.6461366017659,96.0136350548786,162.742373875209,123.052276611328,78.9333840476142,79.0563274589745,140.066721598307,171.597702026367,144.562587738037,0,0,194.897476196289,93.0815967559815
88.6525915620645,47.537403036695,13.1623479608227,44.6062662795808,134.330180358887,155.43964268611,134.365843603056,86.0239191372824,119.187009977619,100.857809945439,101.393896344682,87.9944467544556,170.86103275844,83.4244658626727,109.891785782683,125.457933698382,74.8203531046383,31.5372233830659,78.7124741937696,53.0185558153002,164.530416870117,63.3323228520862,45.8246910298892,21.255871176103,107.140174002726,178.87494354248,28.4893725601216,37.1062852992266,84.9195405844874,83.5882000203035,62.6175269538947,84.1552343268144,157.652250671387,101.493004518397,68.3742236737306,154.878293779161,76.2460515528549,94.7914303879666,114.455246448517,164.159103393555,0,180.038955688477,154.349193542961,171.624353651567,141.57670375279,163.888293847805,133.341525268555,169.283053080241,198.513961791992,172.91898973945,0,106.330967296254,114.945225458297,152.883460489909,125.536986871199,197.315663655599,127.84121584685,76.2496085705296,108.537816948627,141.539582772688,132.440790176392,103.868399696965,92.5763097587357,144.428498203315,175.733557498816,146.441183698938,137.75471496582,0,0,108.110502985598
96.3390669250488,17.7700531600596,44.6062662795808,16.6078268199839,46.555725977971,0,106.582709789276,66.2951935662164,97.0998255495993,18.8579449923618,80.7420695760976,61.1368133011178,81.3650862375895,40.1159954522488,94.195342838063,62.3577559211037,51.2263637153051,57.2242451813448,60.6597000722135,61.3131254514058,53.3191496531169,49.4161677270565,14.6784417866379,62.329296409661,45.985636923567,21.3973370384418,41.381970878539,33.626078965161,53.402785859018,77.5107386050017,57.3243795156479,75.6460611443771,97.1936197280884,49.4283914980681,61.0469024982858,151.123245239258,52.9818353652954,59.7716279871324,30.7068862915039,103.594703674316,0,120.700439453125,95.4259986877441,125.015393575033,87.4347637176514,156.377082824707,125.963673909505,84.0548820495605,123.502105712891,167.743287404378,0,88.9359392438616,70.7736379183256,110.149145762126,102.659597479779,112.260650634766,113.792358875275,45.3540587997437,78.4301731042695,87.4297424085212,21.0442756017049,86.1226528786324,60.0797962721004,91.0132453918457,121.741313171387,97.0077872276306,0,0,91.3536567687988,85.4513889810313
81.7464352155987,100.608476257324,134.330180358887,46.555725977971,8.95300633642898,133.806422233582,61.0853533214993,51.1301010508596,83.5078318259958,31.7294575036493,23.0798464004099,167.300399780273,35.2393263959081,170.065466308594,109.219492193212,53.8347684378936,54.5973472595215,116.430564880371,190.553085327148,138.473289489746,20.0969770865532,106.592308044434,64.0077495574951,108.959800720215,20.1252355942939,139.961514790853,143.134663391113,129.621627544535,12.6792410077408,83.0234799233579,53.8982200840541,218.870819091797,129.236434936523,67.495304927353,83.9392812462051,137.256132507324,0,0,63.3717476237904,26.9994275804976,0,132.795139814678,113.990895843506,137.26979728367,75.1401043767514,103.132506678013,0,74.119238588072,0,165.747240933505,118.510971069336,126.890434265137,177.176574707031,0,0,27.7006095371385,181.07080078125,121.44814046224,171.711944580078,90.145253070167,204.06468963623,225.707672119141,177.847208196467,100.693487199148,157.173376464844,0,0,0,132.158920288086,154.792432785034
70.9608521638093,0,155.43964268611,0,133.806422233582,7.31943395355735,8.74754246978654,102.012174072266,25.8688393909911,109.385426521301,99.8007556645557,88.4298984821026,86.7069063338022,141.03422164917,28.3016822274161,14.1361552591061,127.338272094727,157.016114976671,0,177.317979600694,111.289250126591,137.867156982422,131.62851079305,135.66000141817,124.010659506155,0,168.431297620138,178.775190989176,116.42803982326,52.7530074669765,120.473829541888,166.494867960612,7.31103646174473,168.571090698242,59.2956067323685,192.318598429362,0,0,161.055006408691,0,0,0,178.60619354248,0,0,189.976028442383,0,0,0,0,0,0,0,0,0,0,0,0,245.81852722168,160.920866532759,0,0,201.094762166341,168.783081054688,229.768371582031,0,0,0,0,0
62.5505540451566,155.585214614868,134.365843603056,106.582709789276,61.0853533214993,8.74754246978654,8.85956334467786,72.2650548553467,19.1597791399122,78.7272975114676,22.0565748315751,119.896211516991,21.0827797443319,145.812105539683,45.5414304125459,12.0045199362007,130.178713117327,150.878305726132,152.635060237004,161.716576071347,37.6288681071182,100.69315645588,116.151390864931,121.461929884113,89.0321431468515,166.838150024414,153.723767712003,151.210954497132,77.3074963111004,70.6227794904558,96.957739760236,166.595976087782,25.6087513990598,88.2581524848938,87.2817278032179,179.171432495117,166.033309936523,187.14501953125,98.446814360442,149.307138442993,0,170.155793084039,141.975382651052,182.742205665225,123.049998692104,153.051034291585,0,137.535330636161,0,189.998166765485,0,152.57592010498,243.388885498047,0,228.009872436523,147.071466619318,200.856211344401,111.271034240723,183.640838623047,130.41885144043,0,206.748886108398,187.078858375549,144.607447920174,182.245305633545,179.512020874023,0,0,170.306360880534,184.830218228427
27.8794495857635,114.331678390503,86.0239191372824,66.2951935662164,51.1301010508596,102.012174072266,72.2650548553467,8.56170677119555,45.7794001568511,49.607130989586,10.5902415383796,148.012518805427,61.8933545705434,153.289785385132,40.1662605038326,60.9308944702148,96.1243559230458,104.12053103196,158.509249600497,134.383511861165,62.71116065979,51.7342950331012,72.2810124653142,62.7304998786578,54.9209578699615,148.057725524902,119.708360355001,110.69421864352,30.21307568966,38.3417240164176,19.2140301917575,150.836811065674,111.206179046631,52.5871149324903,81.6238929068688,125.939030965169,203.26407623291,155.802379880633,74.8897725199605,117.903644561768,0,152.307369578968,111.755495871267,147.318360842191,89.8882420857747,130.279734443216,196.929313659668,116.140021853977,0,178.918892669678,0,132.554538585522,196.208343505859,0,206.773396809896,106.965314592634,143.173771812802,119.649254608154,155.444860912505,102.398965804303,0,184.518834431966,152.318111951961,127.148123685051,148.641748216417,145.161888849168,0,216.360992431641,136.299728393555,158.055933380127
19.3475890734441,117.952763310185,119.187009977619,97.0998255495993,83.5078318259958,25.8688393909911,19.1597791399122,45.7794001568511,13.6997356415533,75.1370592014764,33.2761725697802,78.6434622778664,61.7996453773856,129.529281644364,13.4990438542121,34.1539035084952,134.86473437718,134.55108441286,129.529184380356,133.200822752349,88.8910042240412,93.7119815132835,99.569186500881,105.761041260598,83.215061084692,112.838693719161,137.199456732369,130.751973406474,76.0571995996402,40.5632860144473,80.9589658927721,144.233710166736,21.6811287345512,74.9138228756258,63.1339750181954,158.376100601689,200.155136108398,182.456098805303,90.1934021651143,151.743212585449,0,156.054761359032,137.387725397205,168.816659701073,108.953316659638,143.037856140137,173.630180358887,124.634835574501,229.244415283203,180.251113891602,229.140106201172,175.327426081118,195.394306727818,185.776663208008,162.985821810636,132.523649103501,166.605812072754,138.678933620453,187.631304227389,122.342144527951,140.989209493001,173.40821176205,180.215349294843,138.085917960273,180.697793694991,169.833466012137,0,0,152.29770711263,173.249238834825
66.9333693575697,68.7178453462464,100.857809945439,18.8579449923618,31.7294575036493,109.385426521301,78.7272975114676,49.607130989586,75.1370592014764,8.73798002039018,55.5701858728582,140.707143974304,11.7209834926135,124.902939180357,94.657637155973,23.8621340562233,51.4053785510179,114.664828136714,143.205363137381,128.81058804951,14.2700594217418,60.1048771170683,24.2678377433437,96.178728716714,19.5929886156569,99.6276890578379,119.477080060851,95.5291457658403,46.4236728934999,78.3678271626642,50.0394629787754,159.830120849609,119.694176673889,53.5307031263385,88.6364855854367,92.8869598388672,0,152.096298217773,31.0714991851692,86.3627922875541,0,114.463843027751,85.0856225967407,112.735084025065,42.598810284226,108.694715881348,142.622947692871,80.2170854456284,139.79069519043,119.794183210893,93.6113548278809,114.458465152317,161.270217895508,0,176.417510986328,82.7707328796387,134.185417175293,70.4213477770488,160.163148498535,64.9601698482738,181.373382568359,171.953526306152,164.608844909668,89.3190856144346,122.890079498291,99.547709941864,0,0,103.001312255859,135.885827636719
52.1250204967149,128.266866243803,101.393896344682,80.7420695760976,23.0798464004099,99.8007556645557,22.0565748315751,10.5902415383796,33.2761725697802,55.5701858728582,9.88878079278922,153.774633948483,22.5184315058612,152.779916514521,36.977193750932,54.9590112388908,114.63505130344,131.892733764648,167.718490600586,159.550563630604,20.6384698077626,75.0503777557949,83.7570729342374,84.416978588541,53.7171068698802,153.047647476196,140.433826248734,133.125376924555,19.8549881909697,80.1009479316597,68.2404074322793,181.43842569987,111.893933282382,62.0933535311703,81.3206641599747,146.283941268921,153.007942199707,178.121139526367,77.8975053612455,115.888091586186,0,149.995436883742,120.35756550138,148.078487664881,92.2012100219727,136.44634023945,0,121.234747834001,0,174.347819010417,126.781130472819,192.154823303223,199.770538330078,0,202.069671630859,120.221695413897,160.955596923828,127.159784952799,159.649760319636,105.5131191665,0,213.306638717651,174.021123471467,127.740796668507,161.757360458374,163.945581436157,0,0,154.621162414551,154.215566298541
136.260668297337,63.7084688459124,87.9944467544556,61.1368133011178,167.300399780273,88.4298984821026,119.896211516991,148.012518805427,78.6434622778664,140.707143974304,153.774633948483,11.5892352584894,138.860662911155,27.0147707386622,76.8010823634328,173.541374206543,123.822519318954,48.689405882373,15.0558353954432,20.0683367457402,152.292106136199,100.53089959853,109.695253071032,93.7458154751392,151.84081529688,33.9575546944957,34.9615152408358,62.5130718036957,137.797867897229,72.7230610719327,97.7428057694635,32.2572851641651,66.5181892101581,96.2880466085085,34.0781784768153,235.135360717773,111.131908416748,143.115170453046,130.52792769212,0,0,230.287551879883,203.714248657227,201.979483032227,148.563659667969,218.270182291667,72.2497840974389,0,79.2492931365967,193.299839564732,0,160.277297019958,130.891675727312,102.187998453776,111.755006624305,0,169.081550598145,124.690437663685,159.072931142954,196.221496582031,84.1886452705629,101.758249981156,113.75068602947,181.833931816949,194.693987165179,185.063936505999,94.5129280090332,0,0,132.502458095551
84.079350789388,106.133539581299,170.86103275844,81.3650862375895,35.2393263959081,86.7069063338022,21.0827797443319,61.8933545705434,61.7996453773856,11.7209834926135,22.5184315058612,138.860662911155,9.9417979811628,149.162319798623,94.8010422334508,16.486707913851,117.062648773193,184.631790161133,149.703399658203,172.665174102783,14.4677219856512,91.7153137207031,79.9546385447184,147.844273617393,22.6240079691939,135.636334313287,156.424387657036,152.294506072998,51.0429839356516,86.7257717444883,74.6093458557129,165.186361694336,104.884746395812,80.2102992718036,86.9999340766115,190.066940307617,0,215.76050567627,76.0846275753445,104.128297047182,112.73796081543,73.9167289155902,136.393750871931,107.691694859096,78.863017433568,57.163119717302,139.708115895589,11.6176089792601,218.251388549805,110.714410608465,60.4380084991455,0,0,154.514110565186,171.305505752563,15.3149292363267,248.822540283203,230.502243041992,160.422332763672,112.47331230457,212.084213256836,165.901672363281,201.021192278181,139.351732774214,136.580058097839,204.808990478516,0,0,0,122.110373757102
161.765004882812,50.4236756719724,83.4244658626727,40.1159954522488,170.065466308594,141.03422164917,145.812105539683,153.289785385132,129.529281644364,124.902939180357,152.779916514521,27.0147707386622,149.162319798623,7.45356366913756,105.69779437383,150.211308797201,127.973098754883,89.0444997999403,44.1925476512321,67.086750793457,163.712422688802,153.129147120884,76.1508239647011,106.643545993539,146.433321634928,14.5290677952504,38.8540819675965,25.5971454087782,154.433150420318,102.818983923529,138.29860458374,8.43876598298581,87.2134271621704,135.75439453125,59.7402552977163,175.041458129883,0,151.420516967773,108.72770690918,0,0,0,0,153.487396240234,181.540054321289,241.284225463867,62.9189194634503,192.829162597656,53.366043876603,128.138256072998,0,0,131.272929191589,97.9148292541504,114.093277613322,201.71760559082,0,106.505939483643,163.877380371094,194.859540666853,70.4824652099609,97.7713591512044,111.552639903193,183.638458251953,166.812900543213,0,89.2528742740029,0,225.338272094727,126.152496337891
13.4389907010134,111.463417053223,109.891785782683,94.195342838063,109.219492193212,28.3016822274161,45.5414304125459,40.1662605038326,13.4990438542121,94.657637155973,36.977193750932,76.8010823634328,94.8010422334508,105.69779437383,7.91041304947384,58.3041591644287,145.870896772905,120.824612283403,108.400503629797,109.719255183525,103.077746930134,94.2418814836922,103.893675557683,96.1761968548208,100.368726608081,96.3964763734399,121.539901345323,112.133592491365,91.274752466215,18.1104596005746,59.5131881930339,122.442812042236,15.8889583572435,42.4732319306244,45.5066197228455,179.430786132812,117.110076904297,175.3113216824,99.3383693410389,145.437694004604,0,167.825262451172,147.607666015625,178.316845286976,115.317118105681,181.674534797668,160.055015563965,155.651844448513,137.800025939941,193.634774344308,188.712463378906,138.632160186768,167.942411150251,150.717844645182,163.410971959432,165.984793345133,168.593364170619,143.252424760298,197.99068959554,134.870476231431,130.516748046875,152.386156285063,159.473559061686,149.572924124228,177.378675188337,158.205579485212,0,196.457290649414,201.381065368652,173.116013960405
68.9934539794922,104.92604192098,125.457933698382,62.3577559211037,53.8347684378936,14.1361552591061,12.0045199362007,60.9308944702148,34.1539035084952,23.8621340562233,54.9590112388908,173.541374206543,16.486707913851,150.211308797201,58.3041591644287,7.65928929131175,109.975894927979,149.008577346802,168.950454711914,148.108093261719,51.8586253448271,89.5475591023763,70.0541479019892,124.994775136312,45.0794583357774,127.673315221613,139.324898690888,129.965081082858,71.8744131959515,78.6305346055464,76.2549160321554,163.584289550781,32.2979465718734,82.0609817504883,122.576615469796,142.340682983398,0,0,62.2546997070312,100.009407043457,0,166.852096557617,111.941775004069,171.823440551758,68.3786010742188,127.598770989312,0,120.439096450806,0,190.881103515625,0,0,218.08674621582,0,0,106.606580734253,0,0,171.837086995443,104.604764591564,0,175.907272338867,0,128.811152458191,0,0,0,0,0,191.444023132324
111.970294189453,77.4544441435072,74.8203531046383,51.2263637153051,54.5973472595215,127.338272094727,130.178713117327,96.1243559230458,134.86473437718,51.4053785510179,114.63505130344,123.822519318954,117.062648773193,127.973098754883,145.870896772905,109.975894927979,16.6549494954859,95.4937056154489,131.401833274148,113.887725067139,144.704071044922,36.3143973661372,27.4759994398811,22.3630119433834,21.667505415846,97.9916356404622,107.261575546265,40.7401834590407,44.8071571364439,105.793351582118,75.4331619961852,144.505075073242,117.98316192627,68.6109055911793,77.5249827437931,156.144345092773,125.509221394857,106.028155904617,99.0186302185059,0,0,180.722518920898,144.801091362448,170.352297418768,100.176110076904,157.021977280125,169.172198486328,209.58506266276,0,185.784362792969,0,93.860467601918,139.05492085424,182.323532104492,168.948989868164,0,114.059644168185,56.0051999654477,105.028415593761,113.135333601251,0,153.909626585065,100.149125559168,126.837642596318,167.091993331909,120.417525634766,0,0,131.431770324707,122.50905927721
101.769319265661,53.3146987072257,31.5372233830659,57.2242451813448,116.430564880371,157.016114976671,150.878305726132,104.12053103196,134.55108441286,114.664828136714,131.892733764648,48.689405882373,184.631790161133,89.0444997999403,120.824612283403,149.008577346802,95.4937056154489,8.93056923717654,51.172653646142,16.1828326601215,174.433186848958,41.152460252662,66.0860878472878,18.9008341449555,116.731694053765,128.582549095154,25.3935506759307,63.2153770451454,112.506809771502,77.1743238485894,61.4434176803447,77.179177823274,156.398451805115,82.3325747576627,36.6433257846295,167.210924784342,88.0940273829869,107.460255083957,100.973134657916,0,0,215.51540222168,169.625092726487,184.704804065181,135.977551778158,174.581508091518,144.369794573103,178.106857299805,143.04774983724,186.446697387695,0,132.544777984619,116.518722857459,145.72409929548,125.233933003743,184.735824584961,147.047722760369,92.5224321805514,126.40608972168,158.01226234436,110.359268188477,109.804418130886,104.999551144362,176.164434160505,191.569425582886,147.557994676673,135.829742431641,0,0,122.68153556736
148.080771636963,69.5591325962797,78.7124741937696,60.6597000722135,190.553085327148,0,152.635060237004,158.509249600497,129.529184380356,143.205363137381,167.718490600586,15.0558353954432,149.703399658203,44.1925476512321,108.400503629797,168.950454711914,131.401833274148,51.172653646142,5.73149767721816,15.0962455711068,179.892765045166,115.009658636049,117.033416748047,102.920305448158,162.202913999557,42.0416776128562,23.3531451075991,54.7753490162406,149.882936148808,100.469437167519,102.834461212158,44.1678608549593,102.038037618001,109.48851776123,59.0100558558176,0,113.904535929362,151.595568847656,114.227186965942,0,0,156.672897338867,0,148.271064758301,0,0,97.5154779607599,239.612762451172,104.400638580322,189.043479919434,0,141.735427856445,132.343268871307,102.126730600993,111.809333947989,0,196.949615478516,154.033135847612,162.687136513846,179.995814005534,84.9803190685454,102.052648806791,110.223648229575,218.62092590332,173.366383870443,0,100.656734466553,0,0,117.919330303486
123.46566258944,50.8163445341543,53.0185558153002,61.3131254514058,138.473289489746,177.317979600694,161.716576071347,134.383511861165,133.200822752349,128.81058804951,159.550563630604,20.0683367457402,172.665174102783,67.086750793457,109.719255183525,148.108093261719,113.887725067139,16.1828326601215,15.0962455711068,8.12886971731936,169.610807146345,95.8173750358199,87.6088342251985,64.6580399737449,132.663688157133,53.5160470581055,21.2641883044409,63.611865384651,127.2617002001,94.2703530913905,80.5404102788704,60.2303011133036,91.2665383475167,94.7437637329102,35.7687057484849,163.907451084682,100.779936790466,119.498312337058,107.625727709602,0,0,211.804931640625,183.928058624268,201.098505655924,216.621063232422,179.65625,128.535674461952,0,131.329349517822,185.088123745388,0,151.496680549953,113.93901169468,125.606168958876,111.835460860641,183.060157775879,161.057954268022,131.901223076714,132.998827830855,177.084931945801,87.9147331237793,103.002791423182,106.908752838311,184.922905815972,198.278643798828,165.474262237549,174.716552734375,0,0,121.603175693088
80.8374897712885,98.8879470825195,164.530416870117,53.3191496531169,20.0969770865532,111.289250126591,37.6288681071182,62.71116065979,88.8910042240412,14.2700594217418,20.6384698077626,152.292106136199,14.4677219856512,163.712422688802,103.077746930134,51.8586253448271,144.704071044922,174.433186848958,179.892765045166,169.610807146345,10.0169856230135,166.962875366211,84.728399004255,156.067038726807,14.6774625246883,149.164264678955,177.525366646903,170.074816103335,26.6684842322044,91.1242837847851,67.351431499828,168.714205932617,118.215687787091,78.9336645943778,89.745477393122,195.814590454102,144.321563720703,242.929656982422,74.6536565193763,24.0684681175169,0,151.043931258352,142.050268173218,146.111307779948,91.0728781850714,146.501583202465,0,49.6421875974052,0,178.964881896973,137.039268493652,182.273315429688,0,0,0,43.9639371753663,0,0,0,103.177444604025,0,223.405044555664,214.126029968262,141.323183396283,179.317199707031,157.192825317383,0,0,0,177.648536682129
67.0618132591248,104.280140686035,63.3323228520862,49.4161677270565,106.592308044434,137.867156982422,100.69315645588,51.7342950331012,93.7119815132835,60.1048771170683,75.0503777557949,100.53089959853,91.7153137207031,153.129147120884,94.2418814836922,89.5475591023763,36.3143973661372,41.152460252662,115.009658636049,95.8173750358199,166.962875366211,9.48242266682513,53.0200744807024,25.035750850246,45.3378197005846,96.8185399373372,103.936658168974,75.6729573088499,29.4656234689568,52.0183711411403,25.0338123977739,143.204350789388,138.149388631185,53.6883722941081,36.275274393004,139.77387306907,131.460220336914,138.419227600098,77.8251896482525,0,0,0,131.039868164063,174.224617004395,87.6853097279866,190.594789505005,200.934748331706,146.197334289551,192.125823974609,152.216411336263,160.801742553711,102.581398876393,159.240780353546,0,192.660212198893,0,111.324352505841,75.049798480535,122.97960172167,99.3745195104721,0,166.728216873972,135.452757043354,112.069705799648,135.270751219529,111.644763226276,0,0,114.548835118612,120.519156646729
98.2611322784424,25.70700455699,45.8246910298892,14.6784417866379,64.0077495574951,131.62851079305,116.151390864931,72.2810124653142,99.569186500881,24.2678377433437,83.7570729342374,109.695253071032,79.9546385447184,76.1508239647011,103.893675557683,70.0541479019892,27.4759994398811,66.0860878472878,117.033416748047,87.6088342251985,84.728399004255,53.0200744807024,9.69314091222696,51.6462662456161,26.2688908087183,62.5996799117948,82.2991503155421,40.3564410701253,59.2187114908725,78.3454048485277,55.335914504757,136.015451431274,119.20299911499,47.3377435796401,61.4613256241865,104.813251495361,126.986015319824,76.6803407669067,46.612720630208,108.839614868164,0,143.118046569824,118.25152761286,137.061864516314,58.007436811924,122.942640940348,106.722630818685,173.483329772949,159.669021606445,129.728134155273,0,65.3546294921484,112.703304066378,142.196139017741,170.468634287516,0,82.1303851054265,36.3577287937033,82.3831741529353,86.8834345268481,0,128.870767116547,69.907882633105,93.2791825188531,116.741414388021,107.0772920881,0,0,97.7506904602051,99.7930394172668
76.6597369141221,85.3679888725281,21.255871176103,62.329296409661,108.959800720215,135.66000141817,121.461929884113,62.7304998786578,105.761041260598,96.178728716714,84.416978588541,93.7458154751392,147.844273617393,106.643545993539,96.1761968548208,124.994775136312,22.3630119433834,18.9008341449555,102.920305448158,64.6580399737449,156.067038726807,25.035750850246,51.6462662456161,16.2799056534431,62.5926746350849,107.642328898112,71.8835431975403,41.3256354164578,50.7702515917176,65.7132395660528,40.6398037233615,108.58835144043,151.617450169155,74.4415037790934,47.9322579562014,165.669260864258,108.667394256592,102.914102638717,113.433167669508,154.861063639323,0,178.645864486694,152.610156346881,174.021015054375,131.555684603178,160.474307457606,162.416524887085,160.396313985189,165.571159362793,175.524012045427,171.607833862305,101.919366843944,139.907445413095,160.365328979492,161.361871892756,216.715377807617,117.055015741945,72.3624306661662,112.101331547464,127.439771303923,0,149.956229540767,102.649872917563,135.792917013168,162.230280362643,123.547667421887,0,216.139129638672,134.068295796712,119.607422489231
77.6374659615874,76.4831374334911,107.140174002726,45.985636923567,20.1252355942939,124.010659506155,89.0321431468515,54.9209578699615,83.215061084692,19.5929886156569,53.7171068698802,151.84081529688,22.6240079691939,146.433321634928,100.368726608081,45.0794583357774,21.667505415846,116.731694053765,162.202913999557,132.663688157133,14.6774625246883,45.3378197005846,26.2688908087183,62.5926746350849,12.8367304148705,106.660135288431,126.479259416493,87.6305785751113,20.4731747201387,78.439780008349,59.5220397703324,154.563279724121,132.622818865095,61.7593085109597,80.3624496567895,128.108524175791,147.418487548828,151.971547236208,54.762239671311,103.303620426743,0,135.022610727946,109.71417859446,143.261428548329,69.9433693186442,120.167526365265,193.765819549561,101.067283378853,0,147.571120618737,97.36083984375,106.625706787109,165.831678161621,235.190818786621,177.529930114746,100.827020823956,122.655174461571,75.2580801010132,138.994603098175,87.9265398643797,180.628646850586,169.017719674618,153.277005424276,110.554658018512,137.395436948062,119.341786118241,0,188.009941101074,125.093649864197,131.624824613683
133.999378204346,18.0722210674105,178.87494354248,21.3973370384418,139.961514790853,0,166.838150024414,148.057725524902,112.838693719161,99.6276890578379,153.047647476196,33.9575546944957,135.636334313287,14.5290677952504,96.3964763734399,127.673315221613,97.9916356404622,128.582549095154,42.0416776128562,53.5160470581055,149.164264678955,96.8185399373372,62.5996799117948,107.642328898112,106.660135288431,6.57616935042373,33.880047719716,14.3913491594721,134.61554851532,81.998020845301,133.236046734978,33.8597102619353,82.4559020996094,125.478474934896,59.8225891636867,198.379745483398,101.525650024414,133.916263580322,98.4650239229202,176.417572021484,0,144.119277954102,169.291362762451,142.96618270874,127.639131164551,178.883453369141,62.8269472122192,0,64.3925396426693,140.60807800293,0,247.725952148438,91.7054138183594,68.3051371459961,72.1631160354614,0,118.513130187988,109.035918341743,125.785252162388,145.390901692708,51.1640741883255,65.8857554520547,72.6595113924848,162.892440795898,174.450622558594,117.553146362305,76.3416101792279,118.095928192139,0,91.8778693335397
116.863979381829,40.5120609428153,28.4893725601216,41.381970878539,143.134663391113,168.431297620138,153.723767712003,119.708360355001,137.199456732369,119.477080060851,140.433826248734,34.9615152408358,156.424387657036,38.8540819675965,121.539901345323,139.324898690888,107.261575546265,25.3935506759307,23.3531451075991,21.2641883044409,177.525366646903,103.936658168974,82.2991503155421,71.8835431975403,126.479259416493,33.880047719716,12.4652493231799,34.6574505879205,124.33033782048,107.530747441305,91.2329803012742,22.5174441014968,124.540979302448,124.220572098442,67.7844403625523,171.790539550781,94.251159787178,108.133871162147,93.0385633885175,202.268821716309,0,193.575387573242,175.225208150929,186.130953979492,171.683193809108,197.705106462751,94.4007553687462,185.565386454264,97.1711900912649,183.901263766819,199.098602294922,145.79108661154,102.6971805029,99.3545716077762,99.7382718986639,199.070714314779,156.691655476888,129.394189293705,127.423236190181,178.975369940864,73.6515830692492,91.5016372746318,94.9380782127955,184.833519383481,185.634882790702,157.754331654516,104.118891166918,179.249519348145,185.322789510091,108.339128476547
125.812695938864,23.2163198377583,37.1062852992266,33.626078965161,129.621627544535,178.775190989176,151.210954497132,110.69421864352,130.751973406474,95.5291457658403,133.125376924555,62.5130718036957,152.294506072998,25.5971454087782,112.133592491365,129.965081082858,40.7401834590407,63.2153770451454,54.7753490162406,63.611865384651,170.074816103335,75.6729573088499,40.3564410701253,41.3256354164578,87.6305785751113,14.3913491594721,34.6574505879205,13.288723441183,84.0347186096713,103.541975683636,104.489196257896,15.6545109919047,102.851346969604,122.289484763632,69.9183455531799,165.081867878254,86.7995974783804,94.3162000401413,85.8977086272421,164.393703460693,0,181.456027406635,157.582720332676,172.61453904046,153.423553242403,163.408489314654,99.0328083752311,177.925094604492,101.694503159359,175.303455740507,168.921768188477,113.651327455391,104.625311920323,99.8682020525699,101.77163750582,173.978500366211,128.490070538188,78.8250457012292,111.28298027257,150.533790167124,79.2446155693695,92.1214277621321,91.5664305497165,151.498521067301,181.229169278531,153.741486649764,109.648229598999,135.535522460938,182.426829020182,108.44983229571
68.3968702443441,98.7313759382381,84.9195405844874,53.402785859018,12.6792410077408,116.42803982326,77.3074963111004,30.21307568966,76.0571995996402,46.4236728934999,19.8549881909697,137.797867897229,51.0429839356516,154.433150420318,91.274752466215,71.8744131959515,44.8071571364439,112.506809771502,149.882936148808,127.2617002001,26.6684842322044,29.4656234689568,59.2187114908725,50.7702515917176,20.4731747201387,134.61554851532,124.33033782048,84.0347186096713,9.42408426378769,73.1844963237262,34.9349909921259,156.432131086077,131.451184735979,59.5500712137736,62.1292575748389,127.025470461164,148.09608001709,148.353074000432,67.1012857775145,105.994893039565,0,142.58537701198,115.584532048714,144.579273517315,88.7076127188546,139.329710518442,200.772476196289,111.414722149189,182.543991088867,151.243910998833,0,108.132588317639,179.436313205295,209.526138305664,212.188064575195,112.280041456223,119.930765070234,84.1608788376554,138.010678443909,95.5992706316011,163.047103881836,188.495790608724,154.803126202514,112.958813867723,141.11850757504,120.781400764938,241.81135559082,0,131.12007484436,144.486457436772
12.2447680326441,104.268075842606,83.5882000203035,77.5107386050017,83.0234799233579,52.7530074669765,70.6227794904558,38.3417240164176,40.5632860144473,78.3678271626642,80.1009479316597,72.7230610719327,86.7257717444883,102.818983923529,18.1104596005746,78.6305346055464,105.793351582118,77.1743238485894,100.469437167519,94.2703530913905,91.1242837847851,52.0183711411403,78.3454048485277,65.7132395660528,78.439780008349,81.998020845301,107.530747441305,103.541975683636,73.1844963237262,9.01396408331524,12.8608055115783,111.617247147994,9.21678051716332,16.7277002134262,31.2299178507857,150.891756057739,0,155.70372171113,89.900210104698,145.793106714884,0,172.069810049874,139.385724972456,163.944431802501,106.827534583307,157.41412519372,118.416000366211,157.609375,163.209726969401,176.851814856896,194.868057250977,136.125389392559,168.415159225464,180.264368693034,147.462458928426,139.731756943923,128.899943958629,113.27665606412,161.388937268938,122.286683575001,102.869354248047,147.496253435002,155.521124098036,135.163401008833,166.158763619356,150.585445332077,148.424911499023,0,157.779238700867,157.325961303711
27.6313670102905,99.6202078732577,62.6175269538947,57.3243795156479,53.8982200840541,120.473829541888,96.957739760236,19.2140301917575,80.9589658927721,50.0394629787754,68.2404074322793,97.7428057694635,74.6093458557129,138.29860458374,59.5131881930339,76.2549160321554,75.4331619961852,61.4434176803447,102.834461212158,80.5404102788704,67.351431499828,25.0338123977739,55.335914504757,40.6398037233615,59.5220397703324,133.236046734978,91.2329803012742,104.489196257896,34.9349909921259,12.8608055115783,8.49839163640015,138.732453346252,118.504051208496,14.9253824706121,31.763048223072,137.189552307129,166.10107421875,140.493475842832,72.1897233145578,126.062361283736,0,144.896336078644,120.531677413773,143.138084229969,81.4031122381037,136.244790903727,201.15603129069,102.543089124891,193.677612304688,154.773538236265,0,106.094212589494,170.201933860779,172.595631917318,200.335430145264,126.592165629069,119.495428827074,84.7280498851429,139.034593274516,100.177426335794,186.555313110352,154.482136700604,145.493449703678,115.899305883444,147.489226491828,122.723226940359,0,178.478622436523,137.777786254883,133.217901102702
154.735793169807,84.8268585205078,84.1552343268144,75.6460611443771,218.870819091797,166.494867960612,166.595976087782,150.836811065674,144.233710166736,159.830120849609,181.43842569987,32.2572851641651,165.186361694336,8.43876598298581,122.442812042236,163.584289550781,144.505075073242,77.179177823274,44.1678608549593,60.2303011133036,168.714205932617,143.204350789388,136.015451431274,108.58835144043,154.563279724121,33.8597102619353,22.5174441014968,15.6545109919047,156.432131086077,111.617247147994,138.732453346252,6.21765592418131,100.180618286133,142.638473510742,71.6167074105678,0,136.598720550537,163.313306172689,184.158813476562,0,0,0,227.27473449707,244.656768798828,0,0,85.9914679093794,0,92.1878752274947,181.15510559082,0,0,141.346252441406,99.313689549764,107.631396206942,0,218.453720092773,125.126106262207,0,223.979797363281,74.2136236826579,96.8033025105794,114.651066401233,229.23258972168,171.845779418945,222.295135498047,101.625156402588,0,0,130.274772644043
74.9944441422172,126.531254577637,157.652250671387,97.1936197280884,129.236434936523,7.31103646174473,25.6087513990598,111.206179046631,21.6811287345512,119.694176673889,111.893933282382,66.5181892101581,104.884746395812,87.2134271621704,15.8889583572435,32.2979465718734,117.98316192627,156.398451805115,102.038037618001,91.2665383475167,118.215687787091,138.149388631185,119.20299911499,151.617450169155,132.622818865095,82.4559020996094,124.540979302448,102.851346969604,131.451184735979,9.21678051716332,118.504051208496,100.180618286133,5.02631415898287,0,43.0938068668494,0,0,222.007431030273,142.499811808268,0,0,0,185.405609130859,204.531951904297,0,0,0,0,0,0,0,0,0,0,0,180.748672485352,0,124.159423828125,0,161.538139343262,0,161.940254211426,145.30312093099,182.741817474365,209.116485595703,0,0,0,0,227.675338745117
37.9336640404873,89.8954071044922,101.493004518397,49.4283914980681,67.495304927353,168.571090698242,88.2581524848938,52.5871149324903,74.9138228756258,53.5307031263385,62.0933535311703,96.2880466085085,80.2102992718036,135.75439453125,42.4732319306244,82.0609817504883,68.6109055911793,82.3325747576627,109.48851776123,94.7437637329102,78.9336645943778,53.6883722941081,47.3377435796401,74.4415037790934,61.7593085109597,125.478474934896,124.220572098442,122.289484763632,59.5500712137736,16.7277002134262,14.9253824706121,142.638473510742,0,8.7836026251736,30.5788478692901,130.844131469727,0,0,74.1451485675314,110.056972503662,0,151.890385097928,114.676328531901,151.7287940979,103.53614616394,146.156110491071,187.850173950195,146.255857467651,0,146.204875946045,0,90.9372081756592,0,0,162.569595336914,0,111.141421726772,85.6314783096313,137.798263549805,104.077638898577,0,193.257736206055,160.81991811899,112.894367327009,149.81205368042,118.603504474346,0,0,111.820657730103,126.079179763794
93.2292799563021,64.8914300739365,68.3742236737306,61.0469024982858,83.9392812462051,59.2956067323685,87.2817278032179,81.6238929068688,63.1339750181954,88.6364855854367,81.3206641599747,34.0781784768153,86.9999340766115,59.7402552977163,45.5066197228455,122.576615469796,77.5249827437931,36.6433257846295,59.0100558558176,35.7687057484849,89.745477393122,36.275274393004,61.4613256241865,47.9322579562014,80.3624496567895,59.8225891636867,67.7844403625523,69.9183455531799,62.1292575748389,31.2299178507857,31.763048223072,71.6167074105678,43.0938068668494,30.5788478692901,11.8079949571276,142.435931523641,108.513540267944,112.683376312256,77.9177307715783,198.777520751953,0,157.493838718959,130.441103421725,171.793244716099,90.1213106901749,164.060272910378,128.430599757603,173.552011489868,139.956166585286,164.940754127502,176.018692016602,106.839269035741,129.66061147054,127.572618060642,122.374113442241,145.059387207031,115.891639809859,91.699135377235,127.014020680349,113.483100349672,101.813152858189,117.115144090367,114.235863391389,118.76868471892,160.01755262676,117.90096111029,146.105707168579,219.202514648438,128.218175888062,132.196736302869
167.054545084635,148.291069030762,154.878293779161,151.123245239258,137.256132507324,192.318598429362,179.171432495117,125.939030965169,158.376100601689,92.8869598388672,146.283941268921,235.135360717773,190.066940307617,175.041458129883,179.430786132812,142.340682983398,156.144345092773,167.210924784342,0,163.907451084682,195.814590454102,139.77387306907,104.813251495361,165.669260864258,128.108524175791,198.379745483398,171.790539550781,165.081867878254,127.025470461164,150.891756057739,137.189552307129,0,0,130.844131469727,142.435931523641,11.7935677204119,108.116220855713,102.500282679285,67.7290252512151,79.3355345632516,89.9507293701172,91.9922526129361,31.1444575866421,28.4661494887144,65.1464421590169,60.0998544390651,111.828453717913,68.8689806408352,199.323120117188,21.3483394980154,107.761364528111,104.184036311819,97.704999734207,122.565655250334,113.11273338988,65.4816677339615,74.8059323953123,80.4056550539457,90.3432162797676,66.031297574684,140.433634440104,111.275683220816,120.888281124394,80.4940679650923,16.9063728628133,24.8521016648666,142.819387817383,97.2229927062988,38.5826705129523,75.3963971065909
0,29.0885057449341,76.2460515528549,52.9818353652954,0,0,166.033309936523,203.26407623291,200.155136108398,0,153.007942199707,111.131908416748,0,0,117.110076904297,0,125.509221394857,88.0940273829869,113.904535929362,100.779936790466,144.321563720703,131.460220336914,126.986015319824,108.667394256592,147.418487548828,101.525650024414,94.251159787178,86.7995974783804,148.09608001709,0,166.10107421875,136.598720550537,0,0,108.513540267944,108.116220855713,9.20671422448238,47.9079485286366,22.04336588274,0,117.323226928711,136.025792439779,118.893048373136,135.42728000217,70.2349793478406,168.417778015137,66.6200373614276,126.971806335449,57.7489783504735,136.965204874674,128.333820343018,58.9630148842831,59.4106550470504,75.3356214801917,62.0517980687759,155.77978515625,96.8423819541931,26.5108676871603,67.5387770470152,74.7442621892812,29.7650687410864,51.4619421201558,35.6781316298585,98.8107355753581,118.268034193251,93.0875483921596,70.8138531494141,108.026565551758,108.695846557617,61.5221853116663
