10.1765566369608,133.705923080444,117.251510429382,70.1154797771784,93.3506692068917,81.8918685913086,87.6574265360832,43.5765443277551,56.9500407515405,66.7518140516317,80.6070141593062,127.308157767019,109.143757524162,117.409112930298,23.8766204836033,101.953536987305,104.52187226948,107.15669536775,134.953783555464,120.934677373147,113.761182403564,75.9352338346716,96.8202202660697,94.2924087781172,76.7227036548637,139.875396728516,121.842365539152,128.027104234448,80.0260283721377,18.3970994969837,33.6379066452092,135.851877212524,92.634412428912,41.6216796335548,72.213395818558,146.853845596313,0,160.545954386393,91.1298433191636,175.244812011719,0,144.433479309082,142.57185118539,164.980775099534,91.7293548583984,149.949432373047,0,160.702239990234,0,159.397324562073,0,118.985645294189,211.700119018555,0,0,0,134.486595153809,247.356781005859,164.010813395182,121.043898851444,0,203.20336151123,185.426933288574,138.830017659202,159.141376953125,152.995011069558,0,0,157.750908987863,151.028597905086
133.705923080444,7.79682402618405,46.8553840818859,16.7290927022035,169.152587890625,0,146.435534159342,146.329756164551,154.873206456502,72.5485306252966,178.078499930246,67.8965382459687,119.283569335938,49.5577263351905,139.786720548357,108.508136749268,83.2189180474532,58.754819249672,73.1685286404794,61.4092841606356,0,108.093257904053,29.1869641556746,93.0286074876785,84.5645433006445,20.1095774746488,50.4764817839083,32.8954111344699,115.409565645106,125.961716285119,119.252565850152,64.1987671802953,107.825214385986,109.159852600098,68.6636798798092,177.242923736572,108.103321075439,73.0747182122592,74.8396593729655,0,0,0,123.195617675781,0,169.468765258789,236.341903686523,133.026287078857,0,96.6091136932373,0,0,0,90.8607228597005,117.89708404541,112.198558807373,0,115.157489776611,76.3989715576172,132.565778459821,147.537178039551,102.290525436401,103.095209121704,91.7695136511025,0,125.096893310547,126.766944885254,109.909756978353,0,0,119.948637390137
117.251510429382,46.8553840818859,12.2773097919419,45.4527183220115,134.581839752197,155.775476455688,131.533146193932,102.10955480305,119.981259380622,98.9545627090166,121.0805612368,91.2637948172433,148.921278953552,99.4199507577079,116.232124593984,123.573718070984,80.3277768781108,36.5061377556049,92.3926765441895,71.5215412835094,138.193061828613,66.8722887072093,46.4242280922314,32.2191755793815,103.43951394998,78.715690612793,31.8841486235445,35.8478612491873,87.9763658545596,133.084526298582,91.7697054956404,92.1684606215533,166.861236572266,117.357680376838,66.2221010167112,152.006782531738,84.81116994222,92.830713696808,65.0829157485175,0,0,183.024435424805,161.741210065569,178.603952026367,218.383712768555,167.096049499512,141.342967987061,171.056304931641,154.180557250977,175.021944318499,0,106.618850708008,107.962184811816,162.458435058594,132.161558151245,0,132.905476136641,105.947606337698,107.529921642842,148.261670995642,101.019218444824,116.235831961447,93.1855422957365,155.128805123123,185.64409828186,143.906116192157,146.808227539062,0,146.760818481445,117.547285514965
70.1154797771784,16.7290927022035,45.4527183220115,17.6763746310503,75.7276736017483,130.320462544759,83.0431031354769,63.4406471067262,79.6274343326779,19.6243087592833,84.1931530227009,71.2034925344039,75.3355444526672,44.2831649645,82.6347897168502,50.2226306067573,36.1572958680932,60.4884207471669,72.9627548096672,60.4920003170712,62.1249923706055,59.9680528711216,25.4206022133788,51.7227394144379,40.5675639278151,17.5069515753766,51.7411009382368,39.642599393674,60.4078308868408,84.8106918866997,63.9317942620816,64.7118171165729,127.504919264052,67.0934507506234,66.5563158531712,80.3958969116211,63.9670066833496,70.3739446673477,11.0674542845724,72.3480288641793,86.7169494628906,96.1260962332449,73.3736019632091,93.9647015872067,38.8433445233565,89.9168495229773,141.87067565918,104.027360355153,82.0855929430793,97.7844201660156,88.6397682189941,50.8798043518736,88.2457366423173,156.008298873901,111.196455764771,72.2164823358709,67.0426229088052,13.8018085218611,62.6711138602573,54.6653200796733,74.1334552764893,84.3508535615096,79.1703159041324,72.8313262411889,98.0336966480283,84.6138501600786,115.086706161499,165.661880493164,94.6600993229793,99.6055155215056
93.3506692068917,169.152587890625,134.581839752197,75.7276736017483,8.92277896828145,124.193817138672,68.0374840667282,74.3596964942084,89.8006489638126,61.1735439345522,27.0359962781837,158.879849243164,28.5590450694836,200.838623046875,109.933075413559,68.5681890062064,146.851119995117,173.411687850952,180.457817077637,157.839996337891,12.0281973539403,104.425651550293,105.452255249023,135.685038398294,26.3614655069829,162.789276123047,166.083212171282,141.937071119036,18.740163984379,109.899426610559,107.397224143699,0,146.236602783203,89.8131336636013,111.223942009178,151.139256795247,0,212.645545959473,85.9242431285769,30.9910269068701,218.729232788086,168.184426879883,145.865602794446,159.499371615323,106.355705006917,164.164485013938,0,41.4745580828467,0,174.465738568987,147.489269256592,178.356048583984,0,0,0,113.778946850035,198.784627278646,0,223.809707641602,120.105811158816,0,0,165.412902832031,151.91073660417,171.013779703776,174.340133666992,0,0,150.468490600586,0
81.8918685913086,0,155.775476455688,130.320462544759,124.193817138672,7.77236677279298,11.8174458985253,132.979161580404,22.100440706582,60.5447618756975,127.879347301665,66.2980618332372,82.6592210928599,82.9254867553711,34.3408777798925,14.3960308214639,0,158.257445199149,85.8952960968018,162.705698649089,122.242042541504,0,97.6235237121582,138.768960952759,91.2253849846976,90.1417922973633,118.667737960815,130.261633300781,130.353285217285,29.6899401618942,122.762813221325,108.064056396484,10.9354177088088,118.846057891846,36.0270428868183,0,0,0,236.572769165039,0,0,0,203.800231933594,0,101.908874511719,0,0,117.749778747559,144.497192382812,0,0,0,0,0,0,0,0,0,0,113.308784484863,0,0,0,175.707183837891,224.449584960938,0,0,0,0,215.147933959961
87.6574265360832,146.435534159342,131.533146193932,83.0431031354769,68.0374840667282,11.8174458985253,11.0838689582262,59.7005151450276,19.0786838229435,70.1293226388784,33.8258501980636,84.2050421707274,28.2907371879714,100.522807720096,39.4243982454738,17.6514551775884,127.036125183105,143.802006847454,105.170751745051,155.661181510763,61.2427492279937,124.451318160347,124.956817626953,118.845683474657,72.8396233585294,87.99476369222,146.359766857044,150.786918640137,68.4425857479856,44.7953577107332,99.5595452485261,130.047632217407,25.2029355053875,98.7428528467814,62.996965136505,180.715021769206,0,188.9736328125,102.655422449112,147.952358104565,231.109527587891,164.875891367594,147.061717826779,167.302496037013,118.81316610483,165.055073131214,0,68.2311591182847,105.305236816406,176.474455122514,182.884460449219,158.789489746094,0,0,242.176086425781,169.024357882413,168.967498779297,182.206085205078,197.8310546875,131.500032598322,0,207.570838928223,207.043941921658,151.085487497264,179.964812505813,172.948007757013,181.351928710938,210.120910644531,160.872997283936,183.649826049805
43.5765443277551,146.329756164551,102.10955480305,63.4406471067262,74.3596964942084,132.979161580404,59.7005151450276,12.269304861063,55.1446287608441,61.2327908584095,25.3469020036245,157.488095061948,54.0784392664226,169.622227421513,40.9730880881339,76.5938533505067,98.2279330662319,115.444953770822,165.452829214243,141.201820014035,95.0767805916922,70.6371504543692,97.5517181203335,83.9751793825327,61.8909994952304,159.078094482422,124.524486062019,120.972487276873,39.5080076796504,82.2380187283923,21.6923617171561,173.725876808167,139.704878091812,78.7970268612816,92.986232553695,136.242724524604,121.608070373535,174.24627213251,82.3293013997597,136.96430545383,190.507583618164,154.660789998372,133.439557377596,156.541095446515,106.927843809128,151.015595245361,0,181.852684020996,190.917149861654,159.77401410352,192.150853474935,142.039540341026,196.182676042829,0,0,158.63053894043,143.084525044759,182.102523803711,164.703627895302,118.966436888042,0,201.064612252372,167.815653085709,130.492704587562,156.742584655762,148.666245051793,0,0,145.841417665835,151.066746415763
56.9500407515405,154.873206456502,119.981259380622,79.6274343326779,89.8006489638126,22.100440706582,19.0786838229435,55.1446287608441,10.3099823017527,79.6912920954152,44.8128933196859,99.8524542358621,74.1894566528479,102.667802447364,19.308587032353,39.6056106857528,115.918926696777,129.056315096281,135.54059439439,143.679782324367,87.9666928079873,100.921740940639,120.733030261415,107.985216638844,83.1172154278897,94.5634634835379,135.17213562031,142.63577297476,86.5081039875477,44.692871923686,67.8807661022459,139.688118976095,17.8137493700408,85.5422415702574,74.5037541729093,160.256007167271,0,177.218916459517,94.2629253387451,157.965404369213,0,172.919816713075,148.615972330729,169.225102564048,113.249701436361,172.374131467162,224.319820404053,102.930480957031,152.808517456055,172.686665198916,183.725649515788,153.535369179466,209.527173723493,0,0,161.246301269531,163.245503902435,179.757209777832,187.567921605603,131.903085637286,158.526161193848,211.392541067941,192.502971467518,147.889497823752,174.988744328531,164.73237101237,0,214.411376953125,162.774909755162,171.410058898926
66.7518140516317,72.5485306252966,98.9545627090166,19.6243087592833,61.1735439345522,60.5447618756975,70.1293226388784,61.2327908584095,79.6912920954152,10.3904887656229,75.3687457095136,143.343541107178,15.9653639503623,123.370478850867,82.3530388709891,15.7164121881211,44.9769823577967,116.979582886198,141.874419802711,134.084644828256,50.758757030841,75.3705590601717,30.9544108285654,102.831279324263,22.187137885037,100.692584199725,120.304328794402,100.699499859726,58.0716409290281,80.3836838912964,62.5999971725656,137.836919038192,120.251439181241,64.7866819276722,84.1771675646305,107.165097554525,0,148.297553062439,45.0078178058971,106.470954100291,0,119.508678860135,103.806652977353,122.715593655904,61.4087223052979,116.695788545429,203.551162719727,99.0988330841064,156.96279335022,115.425625727727,126.295684814453,110.56692759196,152.232713699341,0,198.873077392578,106.834864934285,149.248752593994,203.105010986328,139.631299591064,73.932231880504,0,174.743085421049,165.376985931396,102.677292330512,120.060173657476,106.462458292643,166.630355834961,0,124.256628036499,99.1439666748047
80.6070141593062,178.078499930246,121.0805612368,84.1931530227009,27.0359962781837,127.879347301665,33.8258501980636,25.3469020036245,44.8128933196859,75.3687457095136,15.7331175615448,158.101669514074,27.2247787583184,170.467865974672,52.7112129800937,78.5959651981081,130.167577328889,139.14268763169,173.943308149065,160.244206867521,16.413299534154,100.115829018986,119.376355097844,101.988829298923,60.8342899434244,230.406265258789,142.267848041696,143.980126643894,35.9097618994963,102.386934558165,87.3757893409369,182.75328318278,137.570242212174,90.6848745947486,102.71667643055,164.831370544434,0,159.195562744141,90.8351053223574,161.589153967171,142.235305786133,168.899050625888,150.528910203414,166.062612820516,110.202368431485,168.867769678327,229.587631225586,128.463888978305,224.381484985352,176.343791760896,154.996358598982,164.008836534288,210.987467447917,0,0,166.979260360985,173.207522583008,198.142807006836,175.979306030273,126.744305045204,0,201.656733194987,175.592047951438,158.840967826939,183.573455810547,168.038706970215,0,235.185089111328,179.59587097168,196.447062442177
127.308157767019,67.8965382459687,91.2637948172433,71.2034925344039,158.879849243164,66.2980618332372,84.2050421707274,157.488095061948,99.8524542358621,143.343541107178,158.101669514074,13.5510349051545,143.448222256446,23.524133394495,80.6490147706939,117.234766721725,174.420526504517,65.280377650665,24.7143870412504,26.1523264340664,163.461740493774,103.784649125065,100.956506026419,90.082840025425,160.01974269322,35.594433558946,32.255352541579,66.2363966103673,158.621209404685,69.1636858913514,121.743802815796,44.7757672112697,64.458558026123,107.426438972132,24.0109200190442,233.433822631836,101.123081207275,128.982911851671,70.2248639707212,0,0,0,210.253398895264,121.99813079834,174.978164672852,0,88.2138876664011,172.004364013672,76.349776820807,247.801170349121,0,172.644683837891,141.155172460219,103.399638635141,116.398961988546,0,183.834584554036,125.351020812988,168.321065266927,195.278696695964,70.397594650932,101.871915585825,101.844182886447,220.253971099854,186.293643188477,224.777236938477,98.7796086302591,199.65478515625,0,126.070715279415
109.143757524162,119.283569335938,148.921278953552,75.3355444526672,28.5590450694836,82.6592210928599,28.2907371879714,54.0784392664226,74.1894566528479,15.9653639503623,27.2247787583184,143.448222256446,10.5574849040475,160.0374281747,101.266124882176,17.8938991526099,114.058780670166,173.414957318987,168.090031550481,165.421802520752,15.8639426073776,146.921684265137,67.2543607439314,137.477772762901,22.9535951059935,135.778969900949,162.03956542144,139.316088737325,46.7791076153916,105.793990876486,108.633868281047,179.85056413923,117.450686615292,92.5369273291694,107.353160526441,138.571006774902,0,0,55.4393066059459,138.518690438106,0,140.564824617826,140.404747291848,157.14852142334,85.4803953585417,145.862405409507,0,14.1810252771358,0,163.306920369466,80.6965179443359,157.728042602539,0,0,0,123.163149642944,214.885833740234,0,173.475784301758,111.668713029609,0,0,220.212829589844,143.987833404541,176.48243882921,194.323651123047,219.192199707031,0,0,167.926872253418
117.409112930298,49.5577263351905,99.4199507577079,44.2831649645,200.838623046875,82.9254867553711,100.522807720096,169.622227421513,102.667802447364,123.370478850867,170.467865974672,23.524133394495,160.0374281747,8.01150150035595,92.2408760929607,95.9251270294189,134.544580459595,106.000537236532,52.4803260225088,77.3564134529928,177.792749023437,159.523189544678,85.7832439525707,116.789129083807,145.785676727295,21.0452752403175,47.2101195768697,30.996143639095,171.453689575195,81.5088558077062,152.732972952036,18.8034670422142,79.1176854951786,132.375545501709,49.8572270124996,0,84.6977136785334,150.879291534424,57.4499370753765,0,0,179.849416097005,203.318064371745,173.610323588053,142.639033508301,0,72.2643964142226,0,52.4569823600861,195.975408935547,182.208892822266,174.981094360352,135.667328970773,96.9436693264328,114.474690262152,0,145.26264444987,122.057830429077,152.551229858398,165.561654227121,56.9945256447477,100.19304948618,90.3224976780345,194.90909576416,140.472774505615,161.363098144531,90.1358506199204,108.052642822266,0,110.613849755489
23.8766204836033,139.786720548357,116.232124593984,82.6347897168502,109.933075413559,34.3408777798925,39.4243982454738,40.9730880881339,19.308587032353,82.3530388709891,52.7112129800937,80.6490147706939,101.266124882176,92.2408760929607,11.4841470340909,62.3658930524832,116.581022077991,122.534488652084,118.238085071246,136.515095033052,108.698052883148,93.3909350435499,120.487213588896,105.092088426215,89.3190303194623,99.5156107302065,130.373563154271,140.303551464111,93.412188653646,29.4095686321006,49.545811570249,121.651398443407,20.1818404667777,55.8230446187943,56.7835361664214,167.120733926463,0,184.958350590297,105.569962558976,161.399892171224,0,180.832912772042,156.11563372507,173.899884905134,111.200642621076,174.21118006213,161.459299723307,130.49118827371,136.150291442871,175.294794464111,0,150.158051990327,193.258654080904,181.01895904541,193.769737243652,160.798278808594,146.690615914085,161.004160563151,191.326258013325,140.744653577483,182.168538411458,207.419279210708,184.112736421473,148.140766273279,171.766137969628,170.495849310183,0,226.134460449219,159.618172836304,170.65046260042
101.953536987305,108.508136749268,123.573718070984,50.2226306067573,68.5681890062064,14.3960308214639,17.6514551775884,76.5938533505067,39.6056106857528,15.7164121881211,78.5959651981081,117.234766721725,17.8938991526099,95.9251270294189,62.3658930524832,8.0930143278893,112.550121307373,153.017169952393,128.260462443034,172.803291320801,60.8165617518955,130.04544321696,70.3378761141908,131.568160057068,40.285703916135,129.410813331604,174.22959950765,127.422232106954,81.9547921157465,66.5098344045026,93.0338696418925,0,40.4517581799025,89.7943358244719,88.3103567759196,0,0,239.103302001953,45.3105239868164,106.633712768555,0,129.600631713867,136.303455352783,127.799362182617,62.8461233774821,123.559046695107,0,68.4296171014959,0,171.34009552002,0,0,181.618362426758,0,0,128.307723999023,165.128021240234,0,0,116.130359425264,0,204.677764892578,201.110188802083,126.106821927157,0,0,0,0,147.722137451172,151.343109130859
104.52187226948,83.2189180474532,80.3277768781108,36.1572958680932,146.851119995117,0,127.036125183105,98.2279330662319,115.918926696777,44.9769823577967,130.167577328889,174.420526504517,114.058780670166,134.544580459595,116.581022077991,112.550121307373,10.8293203392259,105.091022645807,137.148376464844,128.100865364075,0,26.3123490622897,30.5427279795604,20.3933728129344,23.0218048927671,0,100.699364288509,27.4205921531196,40.1154390937499,89.2127830065214,71.0872264850008,168.904712677002,112.635772705078,72.8673345528397,71.8591910955598,135.423086802165,177.596771240234,105.670607089996,67.2323702885554,0,165.948455810547,178.01496887207,139.454457964216,150.912748064314,0,203.843032836914,190.558444976807,163.108779907227,0,139.824309405159,0,90.1908672286803,143.445657481318,0,156.066218784877,0,109.642571327298,58.0330865766619,96.4830243578373,112.087905406952,171.413558959961,166.290803042325,102.219825940641,122.507844748617,145.395655879268,113.476553504147,0,0,107.008426242405,119.707721123329
107.15669536775,58.754819249672,36.5061377556049,60.4884207471669,173.411687850952,158.257445199149,143.802006847454,115.444953770822,129.056315096281,116.979582886198,139.14268763169,65.280377650665,173.414957318987,106.000537236532,122.534488652084,153.017169952393,105.091022645807,10.4773538569184,60.1105862762291,26.717430812533,197.398849487305,57.6515385480568,74.1489330826841,32.8706729804628,124.703240011156,86.2432909878817,35.8841328001897,63.3637442522884,116.662493490531,114.313276101184,85.9470674235384,93.50977787827,147.342241923014,100.364937137155,41.9015080647536,180.72233581543,81.8130645751953,105.27135135451,94.8180446624756,0,0,216.175590515137,175.815768971163,198.214752197266,166.457000732422,194.077516555786,148.416732788086,0,147.553760528564,195.148898853975,0,132.223151652018,113.710490498322,159.633499145508,138.331150575118,0,141.842987958123,114.247734416615,127.631068598273,167.239095587479,124.312360127767,114.607965106275,106.0527437104,178.752476659314,196.864729309082,163.31909136091,161.245819091797,0,167.192272186279,127.876059565051
134.953783555464,73.1685286404794,92.3926765441895,72.9627548096672,180.457817077637,85.8952960968018,105.170751745051,165.452829214243,135.54059439439,141.874419802711,173.943308149065,24.7143870412504,168.090031550481,52.4803260225088,118.238085071246,128.260462443034,137.148376464844,60.1105862762291,9.442434446365,17.2211776424955,173.538452148438,124.499323272705,110.808911641439,110.044678370158,176.410373687744,47.0940499345133,31.9872285250459,63.0647788161466,181.708042144775,100.40825250826,124.17248269786,53.246610723558,95.192015171051,118.890967629173,55.4171036504269,186.081405639648,115.034961700439,127.890029907227,70.381309000651,0,0,0,210.83056640625,0,188.805999755859,0,117.671566907097,0,90.5121731097882,193.799255371094,0,0,145.585080718994,106.255618875677,109.084039439326,0,208.011810302734,128.616271972656,172.817642211914,0,76.007629939488,104.377453413166,100.600612830022,0,157.803548812866,180.199741363525,102.025973348907,0,0,126.593726476034
120.934677373147,61.4092841606356,71.5215412835094,60.4920003170712,157.839996337891,162.705698649089,155.661181510763,141.201820014035,143.679782324367,134.084644828256,160.244206867521,26.1523264340664,165.421802520752,77.3564134529928,136.515095033052,172.803291320801,128.100865364075,26.717430812533,17.2211776424955,12.1598184830027,155.853744506836,89.5287391504884,94.4359647538927,73.5642778054448,149.060810926484,56.1288732316759,35.3580645963406,63.5034209878876,145.11502856743,118.6282406391,104.704095648306,65.2640164232901,115.389013190019,101.691128569764,40.6640571863336,181.201253255208,113.342302322388,119.588357497707,73.2563863725805,0,0,229.708938598633,185.701634724935,200.685132980347,218.700119018555,221.810050964355,119.951674430601,0,103.810721327619,197.559056208684,0,154.314568413628,122.230983902074,117.759106054539,112.203866189985,0,165.204392519864,125.946086120605,150.209776271473,211.816561612216,83.9287819955863,105.203706572922,104.311054285304,207.28456224714,202.108989715576,168.642460162823,113.628246024803,155.666259765625,156.256423950195,128.465804822517
113.761182403564,0,138.193061828613,62.1249923706055,12.0281973539403,122.242042541504,61.2427492279937,95.0767805916922,87.9666928079873,50.758757030841,16.413299534154,163.461740493774,15.8639426073776,177.792749023437,108.698052883148,60.8165617518955,0,197.398849487305,173.538452148438,155.853744506836,8.77725356739117,0,99.9093360900879,181.600021362305,16.8657395583621,0,171.407788957868,164.133003234863,31.0585493122135,111.523591475053,139.466403416225,0,141.439117431641,94.8148460388184,107.799838417455,0,0,0,79.3241555350167,148.031118392944,0,164.164522443499,154.646534511021,159.806905110677,93.0242254734039,159.388399224532,0,11.9011396069766,0,142.888320922852,109.562510172526,0,0,0,0,137.312464032854,0,0,217.370422363281,120.238681369358,0,0,0,159.962225172255,176.49299621582,247.293563842773,0,0,0,151.879180908203
75.9352338346716,108.093257904053,66.8722887072093,59.9680528711216,104.425651550293,0,124.451318160347,70.6371504543692,100.921740940639,75.3705590601717,100.115829018986,103.784649125065,146.921684265137,159.523189544678,93.3909350435499,130.04544321696,26.3123490622897,57.6515385480568,124.499323272705,89.5287391504884,0,12.5903155258116,57.2311515318144,34.3353933252588,77.4852351764225,125.277475992839,93.9736416795519,84.2410512290638,37.7493157586441,72.8508259191653,29.9640450820911,132.422090530396,117.568402099609,61.7407986034046,42.9361087133993,142.912270682199,158.028335571289,131.202386856079,82.8307480445275,0,0,146.660034179688,149.75227355957,186.038049316406,0,168.02124786377,174.151657104492,0,0,160.424706308465,0,109.876076930073,151.08890394731,148.837646484375,202.308113098145,0,114.526355730735,72.4011977866844,121.676584127858,122.501735340465,0,169.947313944499,138.046206895695,132.091011261272,137.80422101702,122.141858335401,0,0,124.127465384347,134.859496593475
96.8202202660697,29.1869641556746,46.4242280922314,25.4206022133788,105.452255249023,97.6235237121582,124.956817626953,97.5517181203335,120.733030261415,30.9544108285654,119.376355097844,100.956506026419,67.2543607439314,85.7832439525707,120.487213588896,70.3378761141908,30.5427279795604,74.1489330826841,110.808911641439,94.4359647538927,99.9093360900879,57.2311515318144,8.93999288486642,50.2031196856534,30.3886418142813,66.0675078951565,76.9391497808503,41.4347024272772,60.4282451035841,113.774607496995,79.8075685865096,100.746963000688,0,95.3562845083383,70.7672867459546,0,113.378601074219,89.4632700965518,33.3164162423876,0,0,0,138.185166252984,163.833653767904,76.6711826324463,190.344360351562,194.39079284668,112.415916442871,123.76854095459,121.407283782959,0,48.4902956848772,117.511496078136,169.428085327148,137.121596018473,0,84.826291238108,62.8365507125854,69.6510140508668,92.0890851020813,110.655410766602,123.058047103882,83.5681402948168,105.870564778646,134.546228582209,121.477063347312,0,0,142.426624298096,108.976321697235
94.2924087781172,93.0286074876785,32.2191755793815,51.7227394144379,135.685038398294,138.768960952759,118.845683474657,83.9751793825327,107.985216638844,102.831279324263,101.988829298923,90.082840025425,137.477772762901,116.789129083807,105.092088426215,131.568160057068,20.3933728129344,32.8706729804628,110.044678370158,73.5642778054448,181.600021362305,34.3353933252588,50.2031196856534,16.0087268113681,73.0814120756985,150.815101623535,61.3470492052305,46.3593224247925,56.562695172352,99.4320178212835,63.071009097993,128.761325542743,140.724515151978,77.6342769062847,49.9589195481579,175.990612030029,155.254669189453,106.437702814046,71.6036405423108,0,0,194.879440307617,166.284486486557,181.963351295108,116.554588317871,180.390413072374,163.745078192817,0,0,185.10750579834,0,96.3886854903762,132.312414223807,186.693557739258,172.524496639476,0,117.963095387545,64.1439062085068,104.623254883155,136.888467608758,0,144.509162048795,103.809340863936,147.709940047491,180.01970236642,133.890303653219,183.8486328125,0,152.664702733358,123.268784754985
76.7227036548637,84.5645433006445,103.43951394998,40.5675639278151,26.3614655069829,91.2253849846976,72.8396233585294,61.8909994952304,83.1172154278897,22.187137885037,60.8342899434244,160.01974269322,22.9535951059935,145.785676727295,89.3190303194623,40.285703916135,23.0218048927671,124.703240011156,176.410373687744,149.060810926484,16.8657395583621,77.4852351764225,30.3886418142813,73.0814120756985,9.97997957231249,115.110740144374,124.663613965648,86.8766926119022,21.5892163026108,87.6829232160283,70.6886123076017,163.727676391602,135.893204825265,69.9772962067789,86.2147961478563,120.520307204303,144.785650253296,148.983700193208,58.8774561671368,115.417899478566,0,138.73281427002,114.144695213249,135.108903175543,72.4656196594238,129.301000222652,191.312275813176,107.685728968996,229.802734375,139.196937209248,136.666903686523,101.826886605896,163.980141087582,203.569396972656,183.383255004883,124.309028972279,106.24004603907,98.2337355840774,132.270729630082,96.8731399718561,0,187.921525221605,149.01846848525,111.412069219147,136.056626680881,116.167725541473,0,180.332595825195,123.318890230155,132.420295245027
139.875396728516,20.1095774746488,78.715690612793,17.5069515753766,162.789276123047,90.1417922973633,87.99476369222,159.078094482422,94.5634634835379,100.692584199725,230.406265258789,35.594433558946,135.778969900949,21.0452752403175,99.5156107302065,129.410813331604,0,86.2432909878817,47.0940499345133,56.1288732316759,0,125.277475992839,66.0675078951565,150.815101623535,115.110740144374,7.19216636812703,43.2140760357315,26.4200622104729,163.156187438965,80.0770402908325,151.62272644043,43.290522053498,77.6146640777588,160.684427897135,55.6761199235916,0,62.2916507720947,0,33.9054317787045,0,0,109.029434204102,0,204.414138793945,124.659599304199,0,72.4914292555589,0,59.8332221557257,190.14714050293,0,0,125.5397605896,81.2667881135018,86.3482741628374,0,149.506072998047,95.3445663452148,123.25297164917,193.86491394043,41.6276538848877,82.7755121390025,75.659302933669,0,0,136.617294311523,79.4910328157486,0,230.531555175781,100.150857607524
121.842365539152,50.4764817839083,31.8841486235445,51.7411009382368,166.083212171282,118.667737960815,146.359766857044,124.524486062019,135.17213562031,120.304328794402,142.267848041696,32.255352541579,162.03956542144,47.2101195768697,130.373563154271,174.22959950765,100.699364288509,35.8841328001897,31.9872285250459,35.3580645963406,171.407788957868,93.9736416795519,76.9391497808503,61.3470492052305,124.663613965648,43.2140760357315,17.3303502314675,39.4779914617607,121.668040089587,126.21961981971,108.225516738844,26.9655214110579,111.701030067776,128.89540376525,61.4530969302815,180.153832175515,103.781659975919,104.198070349517,80.2898616907787,0,0,207.281764984131,184.957897033691,188.973845741966,183.733823140462,195.740875244141,110.044569411368,0,90.178676819743,189.572962659471,0,142.128447776617,110.425057917691,104.967118384715,102.673235409951,0,147.129631551107,122.158959419497,133.992056059145,182.383840387518,76.1268658108181,98.3721873246955,97.0826655038783,188.519119977951,178.890376281738,160.99519008039,106.752043876474,175.392776489258,169.885459899902,117.007265248018
128.027104234448,32.8954111344699,35.8478612491873,39.642599393674,141.937071119036,130.261633300781,150.786918640137,120.972487276873,142.63577297476,100.699499859726,143.980126643894,66.2363966103673,139.316088737325,30.996143639095,140.303551464111,127.422232106954,27.4205921531196,63.3637442522884,63.0647788161466,63.5034209878876,164.133003234863,84.2410512290638,41.4347024272772,46.3593224247925,86.8766926119022,26.4200622104729,39.4779914617607,15.7992816691042,88.4057215807166,135.989034673517,111.25911628492,28.6366300303135,127.710698641264,120.167357651504,66.3441467252235,167.211828867594,98.3706176503499,92.9452717325275,58.7517852111396,178.484283447266,186.30192565918,182.530864170619,163.871481245214,183.207225476281,187.159636179606,181.122393633868,117.408147446653,195.01220703125,95.3558040203287,180.270085384971,0,99.1880864540156,105.903409637633,108.952091813383,105.092407703855,210.306915283203,133.094138024558,107.704813032008,105.527573159998,163.130950758192,76.842321731232,99.4180196693261,93.6154630520445,161.075168558069,172.797896331211,155.097466516279,108.261002404349,125.336433410645,208.602366129557,112.328297499146
80.0260283721377,115.409565645106,87.9763658545596,60.4078308868408,18.740163984379,130.353285217285,68.4425857479856,39.5080076796504,86.5081039875477,58.0716409290281,35.9097618994963,158.621209404685,46.7791076153916,171.453689575195,93.412188653646,81.9547921157465,40.1154390937499,116.662493490531,181.708042144775,145.11502856743,31.0585493122135,37.7493157586441,60.4282451035841,56.562695172352,21.5892163026108,163.156187438965,121.668040089587,88.4057215807166,12.0159322933266,93.0115068145561,46.1326536357688,184.705114746094,134.498055648804,68.7494322272913,71.1469720365069,125.911539854827,0,155.787933972417,82.5335056849888,156.474679470062,0,163.905769679857,133.965664482815,157.632880850399,102.265699153993,161.619749036329,208.248751831055,110.403986956622,223.122436523438,152.210206787616,185.899241129557,112.156620680228,176.248602647048,195.151176452637,182.047894287109,159.15637588501,112.287778174928,111.423273903983,139.1457269026,112.123419754989,0,196.921080453055,151.800941932492,128.475931868874,144.224339667167,121.741048757312,0,202.284085591634,130.043926005461,138.339349396375
18.3970994969837,125.961716285119,133.084526298582,84.8106918866997,109.899426610559,29.6899401618942,44.7953577107332,82.2380187283923,44.692871923686,80.3836838912964,102.386934558165,69.1636858913514,105.793990876486,81.5088558077062,29.4095686321006,66.5098344045026,89.2127830065214,114.313276101184,100.40825250826,118.6282406391,111.523591475053,72.8508259191653,113.774607496995,99.4320178212835,87.6829232160283,80.0770402908325,126.21961981971,135.989034673517,93.0115068145561,12.3800352247446,34.2767446833097,106.841843387537,16.0352476205842,18.5984794244958,34.7698066263043,154.957296126928,0,183.183443196615,105.916104418166,129.658966064453,214.899131774902,187.011414558657,153.49641903964,179.7718148325,104.634768766515,181.314506674713,180.776635742187,141.324266221788,152.322717285156,174.865013078711,0,142.817430814107,203.493139093572,207.602401733398,167.900297164917,185.80094909668,146.988183790638,144.59965057373,162.817376708984,134.889592317308,140.138496398926,183.736630832448,181.1006828187,147.234048485449,166.02675210554,152.405377321465,155.112319946289,221.716384887695,159.366538755355,159.846354287768
33.6379066452092,119.252565850152,91.7697054956404,63.9317942620816,107.397224143699,122.762813221325,99.5595452485261,21.6923617171561,67.8807661022459,62.5999971725656,87.3757893409369,121.743802815796,108.633868281047,152.732972952036,49.545811570249,93.0338696418925,71.0872264850008,85.9470674235384,124.17248269786,104.704095648306,139.466403416225,29.9640450820911,79.8075685865096,63.071009097993,70.6886123076017,151.62272644043,108.225516738844,111.25911628492,46.1326536357688,34.2767446833097,11.9253241371503,149.119554901123,126.361870377152,37.7802221842703,43.6673456455046,145.051838605832,179.418365478516,157.032823944092,81.8482803409382,0,0,164.371725463867,138.50310962703,164.024412488181,98.2012084614147,163.486943120542,225.327545166016,0,187.941864013672,155.249365900604,0,117.889014265272,175.79301693565,194.556930541992,199.132911682129,166.789169311523,118.802986423465,140.727355003357,149.111233969296,116.616256759371,218.36442565918,186.499765856513,162.79026925692,128.844961415166,149.242731361389,132.586799339012,235.578994750977,0,139.880219832711,142.823827824122
135.851877212524,64.1987671802953,92.1684606215533,64.7118171165729,0,108.064056396484,130.047632217407,173.725876808167,139.688118976095,137.836919038192,182.75328318278,44.7757672112697,179.85056413923,18.8034670422142,121.651398443407,0,168.904712677002,93.50977787827,53.246610723558,65.2640164232901,0,132.422090530396,100.746963000688,128.761325542743,163.727676391602,43.290522053498,26.9655214110579,28.6366300303135,184.705114746094,106.841843387537,149.119554901123,8.24094152759513,104.179927328359,0,67.7347999981472,0,118.964084625244,176.290916442871,64.6705922626314,0,0,145.16960144043,0,0,183.911092122396,0,101.558574510657,0,88.0626544385853,180.820285797119,0,0,141.741129875183,105.41555744081,112.265466022491,0,211.337600708008,0,185.195700073242,228.526123046875,77.1303706782879,106.718609655226,101.0721096199,0,177.566925048828,191.030445098877,103.284785357389,0,0,117.047335205078
92.634412428912,107.825214385986,166.861236572266,127.504919264052,146.236602783203,10.9354177088088,25.2029355053875,139.704878091812,17.8137493700408,120.251439181241,137.570242212174,64.458558026123,117.450686615292,79.1176854951786,20.1818404667777,40.4517581799025,112.635772705078,147.342241923014,95.192015171051,115.389013190019,141.439117431641,117.568402099609,0,140.724515151978,135.893204825265,77.6146640777588,111.701030067776,127.710698641264,134.498055648804,16.0352476205842,126.361870377152,104.179927328359,5.63369426799728,70.7720136642456,34.6549331314062,0,0,0,151.498275756836,0,0,0,193.243860880534,0,0,0,0,126.550910949707,0,235.944218953451,0,194.633880615234,0,0,0,0,0,0,0,178.811037699382,0,0,146.856033325195,209.508056640625,239.77449798584,0,0,0,0,174.302574157715
41.6216796335548,109.159852600098,117.357680376838,67.0934507506234,89.8131336636013,118.846057891846,98.7428528467814,78.7970268612816,85.5422415702574,64.7866819276722,90.6848745947486,107.426438972132,92.5369273291694,132.375545501709,55.8230446187943,89.7943358244719,72.8673345528397,100.364937137155,118.890967629173,101.691128569764,94.8148460388184,61.7407986034046,95.3562845083383,77.6342769062847,69.9772962067789,160.684427897135,128.89540376525,120.167357651504,68.7494322272913,18.5984794244958,37.7802221842703,0,70.7720136642456,7.47854555952429,29.2543020524551,137.523155212402,0,184.637191772461,83.038490931193,151.865447998047,0,176.148279462542,139.472676061815,160.150067138672,109.789733886719,159.084921264648,0,171.793395996094,0,155.188376315804,192.085845947266,117.442210388184,0,0,237.7236328125,208.142578125,125.135878342849,124.291236877441,146.296523284912,116.961681306362,0,175.569095611572,175.790013631185,132.547574279129,151.472584315709,129.840242067973,0,224.256866455078,132.696756998698,160.641440391541
72.213395818558,68.6636798798092,66.2221010167112,66.5563158531712,111.223942009178,36.0270428868183,62.996965136505,92.986232553695,74.5037541729093,84.1771675646305,102.71667643055,24.0109200190442,107.353160526441,49.8572270124996,56.7835361664214,88.3103567759196,71.8591910955598,41.9015080647536,55.4171036504269,40.6640571863336,107.799838417455,42.9361087133993,70.7672867459546,49.9589195481579,86.2147961478563,55.6761199235916,61.4530969302815,66.3441467252235,71.1469720365069,34.7698066263043,43.6673456455046,67.7347999981472,34.6549331314062,29.2543020524551,10.6631513852158,133.09966023763,65.1607227325439,112.377991821289,94.7575891934908,157.086654663086,123.346611022949,192.3922996521,152.872442898685,177.475664774577,150.341081619263,180.887119068819,105.974254608154,158.004084269206,94.9301438680509,168.393868287404,148.041427612305,116.187431335449,122.130030506062,106.008948284647,125.557550283579,190.180358886719,127.007408959525,116.011204528809,120.907135927588,130.873503180111,83.9273226420085,115.577761036076,109.95334364431,142.038798539535,163.133638035167,143.423056488037,112.002528450706,205.930953979492,174.150253295898,153.219830830892
146.853845596313,177.242923736572,152.006782531738,80.3958969116211,151.139256795247,0,180.715021769206,136.242724524604,160.256007167271,107.165097554525,164.831370544434,233.433822631836,138.571006774902,0,167.120733926463,0,135.423086802165,180.72233581543,186.081405639648,181.201253255208,0,142.912270682199,0,175.990612030029,120.520307204303,0,180.153832175515,167.211828867594,125.911539854827,154.957296126928,145.051838605832,0,0,137.523155212402,133.09966023763,9.8294031526977,123.898361206055,127.739638264974,69.5255965794267,95.5201883623677,88.0361099243164,93.3628304375543,33.5136803220391,60.8755345285309,71.5102148664759,76.1175778555941,131.727469142479,100.699502032736,143.322305043538,21.0583662279578,110.943912506104,84.635175300367,111.846823334694,130.164857535527,123.427430138221,100.610481262207,76.8176905314128,85.6938630380938,105.11343649814,75.4417869270622,179.854843139648,129.688615347593,131.270048749316,80.1757015317642,19.1731477036737,26.9807521039381,152.611894226074,91.3565707736545,34.4894859087669,61.6258977382596
0,108.103321075439,84.81116994222,63.9670066833496,0,0,0,121.608070373535,0,0,0,101.123081207275,0,84.6977136785334,0,0,177.596771240234,81.8130645751953,115.034961700439,113.342302322388,0,158.028335571289,113.378601074219,155.254669189453,144.785650253296,62.2916507720947,103.781659975919,98.3706176503499,0,0,179.418365478516,118.964084625244,0,0,65.1607227325439,123.898361206055,6.69301584155761,42.2810372852144,28.3998205709246,0,123.941295623779,153.886077880859,129.253855088178,137.594187809871,70.7903898863765,133.443572044373,75.0698071434384,116.107823181152,50.4929391445142,131.681846618652,112.558797624376,69.0231085586548,55.2085748841968,76.303030734592,63.0104320280014,143.398742675781,91.0408771514893,21.3955265294553,75.7827559548455,79.3503626396445,21.785029449375,47.2237734068066,32.5964794210238,119.852356774466,118.646625518799,107.585787636893,67.6059105914572,79.5541000366211,120.720363616943,66.3363449019615
160.545954386393,73.0747182122592,92.830713696808,70.3739446673477,212.645545959473,0,188.9736328125,174.24627213251,177.218916459517,148.297553062439,159.195562744141,128.982911851671,0,150.879291534424,184.958350590297,239.103302001953,105.670607089996,105.27135135451,127.890029907227,119.588357497707,0,131.202386856079,89.4632700965518,106.437702814046,148.983700193208,0,104.198070349517,92.9452717325275,155.787933972417,183.183443196615,157.032823944092,176.290916442871,0,184.637191772461,112.377991821289,127.739638264974,42.2810372852144,12.878764572516,44.18601717218,124.285046100616,170.774612426758,130.213106320228,99.2007894770984,120.798178215989,101.240097208226,115.184120760505,102.947209312802,202.097038269043,101.040438259349,121.653349347443,131.746905400203,70.7468548554641,38.8725448982587,98.7722222010295,78.1840645428662,92.9414978027344,68.3954491379465,48.9293683462097,30.9865754451894,99.7929791439281,119.978577931722,32.7182768329269,34.0158573316685,87.5112023657773,143.398702348982,88.398933454291,92.2468072573344,187.958419799805,133.287602474815,78.617803486551
