10.8655144504983,0,94.4965297619685,77.0755104396654,92.2899125995058,136.44246673584,109.427928971081,31.8833936286229,58.5064921184529,73.0018155123736,85.3470790435528,120.716239219488,137.073286268446,132.26651763916,21.7874328656258,107.950187683105,119.024837493896,101.031221282959,168.629733276367,135.147212001256,115.717755244328,78.5755203011331,102.274926185608,84.8874873842003,87.4443170518586,0,123.447058052852,132.632286340418,84.0403835171851,21.4182832053405,34.684108775215,158.987553914388,95.0563840512876,57.9404613566848,77.995091996103,0,0,196.295841217041,97.9247089732777,154.895874023438,0,203.171195983887,142.396914164225,166.001429239909,92.7906524658203,197.182444254557,0,164.263122558594,0,233.10816192627,0,174.011680603027,0,0,0,168.124526977539,0,135.317138671875,178.828346252441,131.729636419387,0,185.240295410156,178.944724527995,137.135524402965,165.051068819486,132.695170084635,0,0,155.251815795898,168.477310180664
0,7.56815290188011,49.3177582820257,26.484222165276,142.213795979818,0,155.427563476563,0,152.048830668132,77.5088990690336,203.325408935547,62.6194345961772,117.899394989014,52.9639320812342,135.291925048828,128.886717987061,86.0454494517337,63.0804847717285,84.5270304960363,79.1475503444672,0,107.221079826355,34.1206171839599,76.1346263227792,85.44472886902,25.5960319365984,64.2696237073626,33.7886184275198,117.492424435086,119.742529296875,101.626319885254,67.8485771241735,0,0,68.4703836246413,0,99.2734654744466,111.969543457031,79.358863558088,162.774846394857,0,142.828170776367,0,212.008229573568,117.564744567871,0,102.131446838379,180.472129821777,101.992879925352,0,0,154.823043823242,118.615801130022,128.079723358154,123.022186279297,181.288848876953,156.699676513672,141.827583312988,114.977436065674,135.844435691833,84.3762226867676,100.236598657102,108.750812614665,160.802507400513,0,171.099151611328,137.540481567383,0,0,122.768753051758
94.4965297619685,49.3177582820257,14.2069814685974,66.8663425644239,154.070351191929,178.788421630859,146.306414024342,108.407652047145,132.473334597731,126.043333871024,135.945156185715,105.935670903865,194.855625499379,139.533016840617,114.132908995877,154.215408325195,114.05893834432,48.7246881388534,103.346623190518,81.867339417321,189.196940830776,64.8327974705469,53.0253812074661,35.1970816451375,148.230778468474,126.858352661133,36.9079901968754,30.375938474445,97.8442835248382,126.310090051873,91.2448383590321,110.230791593853,177.445043696914,118.987333419475,68.1849798272769,158.01532151964,78.0839272775958,94.4258975272735,62.4788984759101,203.758331298828,0,0,166.217862215909,198.35649617513,178.778869628906,214.200811767578,130.053245544434,0,169.518020629883,185.615180969238,232.065719604492,119.696874346052,107.666046549479,140.917185465495,131.406085070442,0,137.186927159627,76.3431376502627,110.662148014192,164.794216856665,104.476249694824,109.161189579228,97.0561598493928,170.905151713978,183.119192940848,145.231528542259,0,236.417053222656,0,125.091194152832
77.0755104396654,26.484222165276,66.8663425644239,43.6039792151141,63.101156726028,133.323766072591,103.50247855659,68.0031509859016,105.020970957988,34.6492963495036,89.5794469197591,77.2955666772251,87.512110710144,52.3521902356829,100.699587274367,100.895532369614,45.5606881812568,79.8571162368312,77.1796899523054,71.6100897216797,78.5128327828866,61.1718663487079,33.2338935465739,66.96533349692,51.147616612667,28.8797056188471,56.8785244523433,41.6516748764417,65.301262552254,85.7966505050659,55.1693269868868,65.939545808015,171.509036472866,67.9139448207059,76.4240516315807,124.651502821181,101.548535210746,104.006690979004,42.070127547871,90.3266743880052,0,149.227955627441,98.4145088195801,134.206630413349,38.5357847107781,121.165044850317,95.5624084472656,106.476453781128,83.7682621002197,131.353928999467,0,102.805914402008,142.418364630805,121.883187430246,134.66296005249,90.1548071967231,112.964434006635,84.3833817073277,104.842090243385,73.5920781983661,59.0784488979139,118.797795420108,118.092677856659,80.112403384122,114.479683160782,86.9064203474257,85.4642448425293,0,106.598795572917,131.320881979806
92.2899125995058,142.213795979818,154.070351191929,63.101156726028,10.9310352133673,128.411055172191,78.8462567264594,103.272853215535,115.030658164114,34.6500595661493,29.2861839535534,170.254118546196,34.7375021710718,200.814961751302,120.20772187348,72.5150969524773,66.5422372817993,164.078065999349,179.670570373535,191.97464243571,17.9734908195479,117.462707519531,66.1671581268311,168.93440469106,23.0433403055131,162.517723083496,176.578904932195,130.816589156441,21.4543816729559,115.654866071848,97.2322890975259,191.093566894531,153.218240273965,95.1260714213053,114.906293498936,164.832614135742,226.775344848633,178.683364868164,97.1661992956091,54.1104624484476,146.046249389648,149.923977957831,135.515508911826,159.105252958599,87.9647433650386,146.998691064971,211.972274780273,132.197268762183,0,178.571467329816,112.685868696733,174.985774993896,0,0,192.781524658203,86.6503304782476,146.497427368164,111.229044596354,160.873138427734,105.815484237081,219.748474121094,226.352963256836,208.658437093099,137.762719825614,171.860681152344,156.571901550293,0,211.745132446289,153.133720397949,179.788076585339
136.44246673584,0,178.788421630859,133.323766072591,128.411055172191,7.81873775104303,22.3133474415704,112.987927687796,27.3302808796252,73.7907565888904,110.539058159138,73.7368531576017,89.3222007517434,85.233998979841,21.5070440367156,15.5457875557467,0,209.731246948242,87.349006652832,123.235443115234,118.280258178711,199.263854980469,120.336051940918,146.002647399902,113.733381180536,82.6168975830078,198.566915239607,206.328634643555,131.836553418959,28.6862908880761,119.456945800781,111.910217285156,13.8192047822794,183.849807739258,73.3843662656587,0,0,0,0,211.653912353516,0,235.231292724609,166.710845947266,179.680114746094,0,203.087501525879,0,121.317161560059,0,0,0,0,0,0,0,0,0,0,0,167.011339627779,0,0,219.108383178711,208.257293701172,0,0,0,0,0,203.265106201172
109.427928971081,155.427563476563,146.306414024342,103.50247855659,78.8462567264594,22.3133474415704,13.1631671152921,75.4165901618769,26.5919283909743,85.0238106299026,44.1572031250929,130.298460178905,33.6129681991161,143.784289698447,60.1865486794182,18.4860782893471,153.29972076416,185.336968534736,167.597959767217,186.088975906372,59.9443171723389,128.937627534609,139.872248649597,146.599951635707,88.2870345479224,153.604480743408,174.953692973441,163.074250329401,82.0834832150272,102.738613969646,110.047815715168,179.507419162326,29.0831069809518,140.105685561451,121.715988539813,194.641042073568,186.632827758789,210.439118605394,122.889225769043,155.606669100969,0,168.655916740558,154.362981639189,176.41435736197,117.721196567311,166.923075086166,0,149.389098192738,236.985198974609,190.669334555572,183.195428030831,215.806785583496,204.295181274414,0,213.880142211914,158.39960271416,229.240768432617,170.631994628906,224.436584472656,134.745891374042,246.188446044922,220.820156860352,212.096741085961,164.551976602289,188.403479099274,197.061695098877,0,227.506637573242,189.31322479248,191.36141204834
31.8833936286229,0,108.407652047145,68.0031509859016,103.272853215535,112.987927687796,75.4165901618769,12.1153322926192,73.1606842480986,56.7729489916847,23.9110770941784,158.839305655666,102.356380547418,170.984336489723,49.2476915454631,97.5642612858823,90.1155344645182,146.99546267975,174.744416978624,169.609893994454,103.841686300329,77.8724859855265,110.15471124649,96.0781760163578,72.3181830120489,177.652964274089,152.784029363276,107.648335313184,33.1235023760633,87.0640632569503,27.9381503587343,184.67367638482,134.712052642322,81.2173503256949,94.7560885432391,134.675242178781,175.130410766602,174.157669067383,73.8163294170214,181.215938568115,0,163.278374226888,118.664707218835,150.837233201513,94.7434883117676,158.622495015462,220.85905456543,183.177271525065,0,147.495789437924,147.817993164062,152.773662567139,187.989981515067,0,0,175.555352783203,153.649770736694,128.116853193803,164.553001403809,109.909116637209,0,205.707292556763,180.37246253604,119.866168161662,137.488915228075,130.816390504228,0,0,131.613665194125,142.553210980964
58.5064921184529,152.048830668132,132.473334597731,105.020970957988,115.030658164114,27.3302808796252,26.5919283909743,73.1606842480986,14.9294986330962,100.999766307555,65.0846178374175,88.2878210541204,106.606369888409,99.330558737119,26.7992341946509,44.3880722247079,168.722935994466,143.697645785271,141.064557116965,158.369855562846,108.683975878379,118.966881100067,151.830376596162,123.389288746128,107.616062455789,104.019595252143,153.618717133826,156.618970463694,106.490626176642,82.2770847214754,88.7839722367702,135.92752856743,33.5130544887649,133.103056090219,90.220475468575,179.816958618164,186.46652915261,195.442632039388,138.559866333008,189.877623494466,0,191.73393999944,164.70812113444,183.540219968504,136.664287001998,187.441353837105,240.819839477539,176.02136624244,155.016883850098,187.936481598885,146.620162963867,191.029586791992,218.482086181641,176.38850402832,0,175.636824496957,0,179.498575846354,202.794801257906,151.760430748518,187.43376159668,212.900660795324,196.808231989543,164.070236385148,184.180973991019,176.020176957293,158.224868774414,216.880737304688,181.486064710115,181.838582948197
73.0018155123736,77.5088990690336,126.043333871024,34.6492963495036,34.6500595661493,73.7907565888904,85.0238106299026,56.7729489916847,100.999766307555,9.44700629366706,88.0133191024641,138.504698295593,13.3278472426657,128.729961751302,93.2808599472046,27.9763281680477,149.512820168147,148.295385622511,155.642706064078,149.329969667921,46.065559823677,99.3246301923479,30.7102735062464,117.9491643598,25.7153628943578,110.746283145178,136.145117006804,115.434980287317,58.9545413183523,83.4156070522495,58.5094914268045,144.208636403084,145.55384628861,74.7421457978333,92.7011014124996,101.957338581914,159.624313354492,161.921227195046,54.3538919320473,95.8187400199271,0,103.661382859753,83.6593870885164,104.943892867477,22.412718280502,107.153507669767,179.125541687012,91.5118194971329,177.837182044983,119.86127801035,61.0289243970598,130.358207702637,186.129026412964,195.141296386719,206.209571838379,93.4648974447539,115.907009887695,116.218395233154,150.646537780762,67.2637700989133,154.097535705566,186.216607900766,178.053925042403,93.519407035019,104.264001146952,97.0376311408149,210.42077331543,0,95.9805078921111,119.570591517857
85.3470790435528,203.325408935547,135.945156185715,89.5794469197591,29.2861839535534,110.539058159138,44.1572031250929,23.9110770941784,65.0846178374175,88.0133191024641,16.0396815260319,161.282918316977,25.9817621294681,175.532121511606,63.5174739381966,88.1896288121,144.445383071899,180.337711449825,182.801532287598,179.274285210503,25.0135134311288,113.338318192815,148.770534515381,134.003514677184,76.1883253306071,165.199147542318,180.113902794387,148.824760547783,38.2119716933613,111.48188457511,102.562092436685,193.769073948716,140.398315667431,109.714038427486,105.998501748796,189.216021728516,187.616947174072,207.095966339111,111.779928588867,120.176264244792,218.561553955078,164.147778272629,155.398231412735,176.109332084656,109.696513632069,162.3221236404,226.269683837891,154.2375515746,235.780334472656,187.957355665124,159.492742098295,178.250091552734,201.795811971029,0,0,151.56562943739,180.578948974609,155.003416061401,215.494979858398,125.037432022095,217.934936523438,217.577608108521,206.495427331259,162.293658713617,197.405059288288,183.289129892985,0,219.368812561035,177.682836914063,187.975278309413
120.716239219488,62.6194345961772,105.935670903865,77.2955666772251,170.254118546196,73.7368531576017,130.298460178905,158.839305655666,88.2878210541204,138.504698295593,161.282918316977,15.7923927212442,158.769758035471,20.3186879383856,82.7161988101428,156.139158075506,133.453729482797,57.8776603825337,20.4611102090282,32.4092284798719,158.0757207608,111.039463007562,103.422639596658,107.140651707626,165.874096629384,27.9445692491418,31.5484028162667,70.1770286307815,164.761466496165,70.1395042893577,145.002482233821,40.3117477579384,71.3721457779819,129.589711325509,27.1036040255646,0,131.452273050944,143.643363952637,93.1939186885439,0,0,223.679954528809,206.931112925212,247.211791992188,172.179672241211,230.610760498047,124.240636189779,0,93.2827350668711,227.939768473307,0,204.244288126628,155.028611755371,137.125186496311,121.269660949707,0,150.424270629883,107.568099975586,150.858215332031,208.103183322483,74.2415205327476,119.304684578104,119.255027252197,214.432420210405,236.499140421549,208.503412882487,124.403832655687,0,0,125.172178268433
137.073286268446,117.899394989014,194.855625499379,87.512110710144,34.7375021710718,89.3222007517434,33.6129681991161,102.356380547418,106.606369888409,13.3278472426657,25.9817621294681,158.769758035471,11.0447480533751,175.884246826172,121.471759839351,21.6657981243382,0,197.854286193848,177.77995707194,180.678340911865,17.6121765178465,189.213081359863,102.780301411947,202.320628211612,27.9983142280354,196.378234863281,186.336610038325,173.807102331954,65.9869944419696,122.416461356411,141.706323623657,191.773529052734,135.517571818622,118.898355102539,113.329565642173,173.221405029297,0,0,119.919163703918,89.3734771333466,0,109.790652678185,150.850622842478,162.658295619635,74.9884265508407,113.80062420262,225.285263061523,20.067854846688,0,144.545480233652,76.6308782895406,0,0,168.206954956055,0,55.0420258057423,0,0,0,115.009868954227,0,227.934061686198,211.202335357666,145.678077567707,172.187721797398,0,0,197.169489542643,189.791580200195,169.51897357759
132.26651763916,52.9639320812342,139.533016840617,52.3521902356829,200.814961751302,85.233998979841,143.784289698447,170.984336489723,99.330558737119,128.729961751302,175.532121511606,20.3186879383856,175.884246826172,8.34929859527521,99.3041616727228,187.358001708984,131.704421595523,114.711902141571,58.126389844918,79.6887806163115,168.886084816673,177.955270767212,96.7571131433041,162.655626737154,148.24152519059,14.462114422877,22.2959380370344,34.7494479607216,177.660235861073,93.8755817706768,162.908508300781,12.7633510365847,87.1330124906791,101.531890869141,53.6928758119282,0,94.1106872558594,0,60.4055229533802,0,0,0,0,0,169.071042378743,247.602828979492,74.4414208730062,0,71.4904067634356,187.391860961914,0,0,176.112752278646,97.1434994865866,115.979804992676,227.658424377441,0,140.202809143066,173.657806396484,198.089715576172,58.315986355025,108.534432126765,99.2112043440512,237.604653930664,0,234.291397094727,102.945381418864,225.1455078125,0,154.085621425084
21.7874328656258,135.291925048828,114.132908995877,100.699587274367,120.20772187348,21.5070440367156,60.1865486794182,49.2476915454631,26.7992341946509,93.2808599472046,63.5174739381966,82.7161988101428,121.471759839351,99.3041616727228,12.3893793759515,102.728173808048,158.518363952637,122.841539034046,118.853378359477,136.659779681435,118.379124907105,99.3959019184113,148.603089562778,103.203804863289,108.931357146858,93.7496637197641,135.859418844875,143.391342773112,105.906643066,30.9119637495698,67.2601722413946,121.378611171947,23.6352949487447,71.3653690831645,62.1462597697828,171.741966247559,231.14289855957,177.229721069336,121.476775691194,184.640882946196,0,194.650157504612,161.329667979273,188.298780059814,136.383711133684,192.753749370575,0,167.190434969389,148.518653869629,187.894229310932,199.500770568848,166.887666974749,208.20561726888,189.246307373047,232.917518615723,189.171686172485,193.675575256348,168.933513641357,185.021926879883,148.5432526318,149.378982543945,194.929504394531,181.95461929428,159.720101964404,177.689550442166,173.35990858078,199.243339538574,238.526336669922,162.492752075195,190.568446766246
107.950187683105,128.886717987061,154.215408325195,100.895532369614,72.5150969524773,15.5457875557467,18.4860782893471,97.5642612858823,44.3880722247079,27.9763281680477,88.1896288121,156.139158075506,21.6657981243382,187.358001708984,102.728173808048,9.88562444595114,182.70336151123,184.262869698661,0,189.252948760986,64.8003635185566,134.034448623657,96.5755176544189,128.346411568778,52.0692607094927,164.955201890734,181.211656697591,159.418963039623,94.3712739506993,95.1531039120858,114.749083518982,206.152626037598,38.9879012497483,115.420365651449,105.002701514108,0,0,0,0,151.624778747559,0,0,133.189605712891,175.168914794922,132.579345703125,172.102478981018,0,158.672267913818,0,0,0,0,0,0,0,137.048728942871,0,0,0,147.21632470025,0,0,206.201766967773,167.12789662679,0,204.554824829102,0,0,0,0
119.024837493896,86.0454494517337,114.05893834432,45.5606881812568,66.5422372817993,0,153.29972076416,90.1155344645182,168.722935994466,149.512820168147,144.445383071899,133.453729482797,0,131.704421595523,158.518363952637,182.70336151123,14.4294460840767,120.066519061339,161.25387234158,139.783940092046,0,22.9183720669528,35.3445501388592,26.2407821005648,34.8201371268908,110.824966083873,120.15958546784,33.0658805088908,38.7069233603133,134.317295455933,86.8480407051418,132.861892382304,0,133.31345476423,95.2923085463675,173.991322835286,112.503736877441,109.031753941586,66.4651226349819,208.971000671387,0,220.250396728516,158.636293792725,212.271903991699,140.663297017415,218.640296936035,175.722045898438,0,183.110721588135,169.99863688151,0,101.171378756241,148.801792780558,186.891301472982,156.860132217407,240.935043334961,116.620117779167,61.4840882442124,104.535590721196,113.102192727531,161.30419921875,167.744651207557,115.54485592334,138.594445310993,164.48193359375,122.895450047084,0,0,0,140.439384841919
101.031221282959,63.0804847717285,48.7246881388534,79.8571162368312,164.078065999349,209.731246948242,185.336968534736,146.99546267975,143.697645785271,148.295385622511,180.337711449825,57.8776603825337,197.854286193848,114.711902141571,122.841539034046,184.262869698661,120.066519061339,10.8775529525664,50.7680001584893,25.5628279871218,214.244476318359,67.5873004304411,102.634183642508,29.1304092712897,146.378983268738,60.3010381698608,31.767432691961,68.5828877149631,131.802296343352,106.888943010205,81.6874173688014,114.411112698642,173.974718291184,99.3399243799056,42.7124808440694,208.306226730347,86.7204059477775,110.671089275463,92.3203251361847,237.246673583984,0,218.560180664062,203.962640126546,207.790588378906,152.533885955811,0,130.678943634033,0,140.641717910767,201.248229980469,0,138.318924847771,117.977862183477,162.008268083845,127.492453613281,225.183471679688,160.40145111084,103.060287128795,134.743984958582,184.676041050961,148.949523925781,108.782994122144,109.770042025968,181.344954490662,173.925079345703,170.938470023019,130.56583404541,0,182.157485961914,130.409548123678
168.629733276367,84.5270304960363,103.346623190518,77.1796899523054,179.670570373535,87.349006652832,167.597959767217,174.744416978624,141.064557116965,155.642706064078,182.801532287598,20.4611102090282,177.77995707194,58.126389844918,118.853378359477,0,161.25387234158,50.7680001584893,9.69646965710773,18.4097820502484,166.941118512835,145.190797805786,128.151198795864,115.031239815808,174.860247225375,55.0884168897356,34.8096820210407,77.7863436096873,186.844486605737,110.034954071045,145.090788897346,58.5048359764947,99.2743151264806,130.769797007243,65.1402982620604,0,93.4481735229492,133.919835408529,108.122826502873,0,0,244.399169921875,221.380859375,0,196.225992838542,227.875274658203,117.565562566121,0,94.1926254859337,0,0,205.542694091797,148.241590881348,104.275179545085,120.25380052839,0,0,217.898422241211,150.315849304199,215.822179158529,73.00403939524,112.315218279439,112.338415999792,231.313400268555,0,0,120.288562101476,0,0,131.481658935547
135.147212001256,79.1475503444672,81.867339417321,71.6100897216797,191.97464243571,123.235443115234,186.088975906372,169.609893994454,158.369855562846,149.329969667921,179.274285210503,32.4092284798719,180.678340911865,79.6887806163115,136.659779681435,189.252948760986,139.783940092046,25.5628279871218,18.4097820502484,10.6292439880445,171.605611419678,112.169654919551,114.068840680804,90.9244076985799,163.725858811049,54.241075009276,35.6161828895174,77.7328449218811,167.197410083208,122.742586501314,118.430369223318,75.7893847982392,116.882268732244,115.518515051865,47.2591519364428,0,117.235270866981,136.157965409128,97.867864001881,0,0,0,231.004203796387,219.004501342773,183.034905569894,0,109.67764192469,0,106.207756414646,236.826873779297,0,164.718669346401,129.723625465676,112.628672660665,114.352560679118,209.629409790039,188.526741027832,146.230448150635,138.689400227865,204.152606419155,75.7265940536687,110.766329658477,111.338808514164,207.977355957031,0,186.766534805298,121.936788286482,153.119140625,167.445571899414,131.007752118792
115.717755244328,0,189.196940830776,78.5128327828866,17.9734908195479,118.280258178711,59.9443171723389,103.841686300329,108.683975878379,46.065559823677,25.0135134311288,158.0757207608,17.6121765178465,168.886084816673,118.379124907105,64.8003635185566,0,214.244476318359,166.941118512835,171.605611419678,9.95125727472747,185.850131988525,76.1969604492188,187.890356445313,19.0645533420705,161.272476196289,185.513571421305,185.506720266035,38.9222982043686,118.743459617637,157.699068886893,189.141220092773,138.819475046794,106.1370173863,107.817615337059,157.01683807373,0,188.069755554199,0,75.033029588742,0,155.036327334216,141.591311810965,173.298251101845,95.5085096497467,154.914594885203,232.725677490234,48.7937302976231,0,186.179931913103,133.779204368591,0,221.493835449219,0,0,121.226112847198,229.841171264648,0,0,115.090764421032,0,246.51203918457,211.520421981812,155.325834869057,178.269525701349,215.928100585938,0,0,188.574317932129,181.779026031494
78.5755203011331,107.221079826355,64.8327974705469,61.1718663487079,117.462707519531,199.263854980469,128.937627534609,77.8724859855265,118.966881100067,99.3246301923479,113.338318192815,111.039463007562,189.213081359863,177.955270767212,99.3959019184113,134.034448623657,22.9183720669528,67.5873004304411,145.190797805786,112.169654919551,185.850131988525,14.6163733412557,58.3614654875247,29.8490148174035,87.390737425295,139.508392333984,123.529201351866,67.9402139477833,38.0910344094371,74.2504245968802,31.0169280195829,0,164.625296115875,59.0829108743107,47.5436732917125,152.271857367622,155.301773071289,141.988526916504,74.5483676457809,146.391052246094,0,232.513977050781,161.56298828125,178.85979546441,103.676760514577,179.880575561523,199.081527709961,206.319282531738,0,174.109169006348,0,113.300849147575,144.776560211182,189.912315368652,163.941961669922,212.172973632812,119.236248294748,74.6355891456866,122.444190304096,118.803549781409,215.239318847656,165.118139648438,147.341259592587,126.403517258473,155.594303477894,119.316418760405,0,0,141.506075541178,120.932641102717
102.274926185608,34.1206171839599,53.0253812074661,33.2338935465739,66.1671581268311,120.336051940918,139.872248649597,110.15471124649,151.830376596162,30.7102735062464,148.770534515381,103.422639596658,102.780301411947,96.7571131433041,148.603089562778,96.5755176544189,35.3445501388592,102.634183642508,128.151198795864,114.068840680804,76.1969604492188,58.3614654875247,9.68238442209233,61.1358320482909,38.394852854392,78.806761666042,104.337566375732,49.720645299701,67.9647976705653,118.623308454241,61.8619124595155,111.497609080439,152.391092936198,108.033888816833,86.6506105247119,0,126.418032455444,101.04800767165,42.8526845788056,121.353121439616,0,0,146.744873046875,174.504707336426,90.1900806427002,199.552618844169,161.785095214844,148.831868489583,136.122160048712,222.915328979492,101.130279541016,90.8775843381882,135.078544108073,195.846288045247,150.77546005249,154.88639831543,96.2541810397444,24.1030538533185,103.07009348376,126.820429963886,132.26184804816,139.71717133814,129.883187466357,133.07228415353,166.631126403809,114.307317352295,167.529052734375,0,155.507007598877,164.225646972656
84.8874873842003,76.1346263227792,35.1970816451375,66.96533349692,168.93440469106,146.002647399902,146.599951635707,96.0781760163578,123.389288746128,117.9491643598,134.003514677184,107.140651707626,202.320628211612,162.655626737154,103.203804863289,128.346411568778,26.2407821005648,29.1304092712897,115.031239815808,90.9244076985799,187.890356445313,29.8490148174035,61.1358320482909,17.1754207212826,108.436226555535,151.719913482666,76.3203493999155,49.8693332705233,63.7332395163421,96.2192915503523,62.6929394419195,160.944309234619,163.233556585797,87.188824986837,53.491590495336,168.609185960558,97.0299989609491,102.778560190178,76.6486516999035,239.872055053711,0,208.025141398112,157.505973469127,200.926413642036,116.06810760498,199.256569998605,153.541839599609,193.103439331055,0,179.376055036272,0,108.953523573253,133.011035030835,234.146453857422,164.286258404072,0,123.296388674508,73.7819286002252,111.131428516894,139.578536853456,215.345115661621,142.626429188008,107.621253508479,149.267722738014,185.652643415663,137.38733260696,0,0,205.286734008789,138.218932134455
87.4443170518586,85.44472886902,148.230778468474,51.147616612667,23.0433403055131,113.733381180536,88.2870345479224,72.3181830120489,107.616062455789,25.7153628943578,76.1883253306071,165.874096629384,27.9983142280354,148.24152519059,108.931357146858,52.0692607094927,34.8201371268908,146.378983268738,174.860247225375,163.725858811049,19.0645533420705,87.390737425295,38.394852854392,108.436226555535,12.1127837192861,120.875619274637,143.202534761258,102.404421363884,29.5039464629441,97.6474056299977,82.906573140759,162.673425527719,146.844299734455,86.6017515515248,101.91128123152,135.170198603194,150.595347250662,164.137254888361,75.60410716711,105.12523850984,109.596084594727,129.726497080134,117.0097394278,136.763196811676,67.6732217220473,120.193882617923,207.33129119873,124.445230462085,181.327704689719,149.744580067379,94.2554472060431,119.117224619939,173.084563361274,217.556799316406,207.53679784139,108.50444935158,128.412860523571,82.4140654358209,141.620697649219,98.0713469111351,169.573385138261,186.653217315674,171.687311273582,117.368202607415,136.620170686759,122.528600300457,235.425033569336,192.043720790318,131.069661075908,139.193032352508
0,25.5960319365984,126.858352661133,28.8797056188471,162.517723083496,82.6168975830078,153.604480743408,177.652964274089,104.019595252143,110.746283145178,165.199147542318,27.9445692491418,196.378234863281,14.462114422877,93.7496637197641,164.955201890734,110.824966083873,60.3010381698608,55.0884168897356,54.241075009276,161.272476196289,139.508392333984,78.806761666042,151.719913482666,120.875619274637,7.9982216952039,47.3903918093111,28.870242280451,149.487133319561,84.1405220031738,151.39635848999,46.2016170653086,88.4400988987514,0,62.0749131370993,0,87.6571922302246,95.4243316650391,38.0550249246451,194.493721008301,0,214.314605712891,0,0,164.675771713257,0,67.9296100139618,0,61.7350767894856,0,0,173.275054931641,106.851863861084,86.5138461589813,95.9675657484267,222.193984985352,0,117.595724741618,141.234924316406,191.607650756836,45.0438351344345,85.6691224098206,76.7099534131713,0,0,0,83.725447284932,0,0,0
123.447058052852,64.2696237073626,36.9079901968754,56.8785244523433,176.578904932195,198.566915239607,174.953692973441,152.784029363276,153.618717133826,136.145117006804,180.113902794387,31.5484028162667,186.336610038325,22.2959380370344,135.859418844875,181.211656697591,120.15958546784,31.767432691961,34.8096820210407,35.6161828895174,185.513571421305,123.529201351866,104.337566375732,76.3203493999155,143.202534761258,47.3903918093111,17.8375988795745,38.988021325066,150.32773223501,128.174866930398,136.634558032257,23.6160608631011,129.142599457189,137.225344206157,64.6199534072694,203.009075164795,91.5222040715108,116.637462487381,78.4499687078048,210.45528793335,0,231.899444580078,206.620402018229,212.28093511408,206.19785673722,222.251010131836,107.012881526241,235.263300577799,93.2484450200482,212.687858581543,243.055252075195,154.535569932726,111.832356979759,110.053401108626,108.712931280551,209.383961995443,158.625280107771,151.814916822645,130.055635092915,199.246237487793,71.5804471207489,100.099203779273,100.443547444103,207.251867441031,191.22698296441,171.830423990885,117.74292494456,177.340400695801,185.044387817383,118.221663380717
132.632286340418,33.7886184275198,30.375938474445,41.6516748764417,130.816589156441,206.328634643555,163.074250329401,107.648335313184,156.618970463694,115.434980287317,148.824760547783,70.1770286307815,173.807102331954,34.7494479607216,143.391342773112,159.418963039623,33.0658805088908,68.5828877149631,77.7863436096873,77.7328449218811,185.506720266035,67.9402139477833,49.720645299701,49.8693332705233,102.404421363884,28.870242280451,38.988021325066,17.9253701250296,86.2193955986795,144.580297976564,116.113467966638,33.4311489075503,154.566569361193,133.842237538305,71.9949151562438,170.8068711654,77.2834553492983,96.3130069149723,59.7089129634972,192.901841361568,0,209.814957173665,164.890688592261,199.701513671875,162.112144383517,202.189390040156,111.809777846703,207.826238217561,95.1953694312983,191.411547660828,201.140014648438,113.056411916185,109.78953191366,118.849413246332,117.500329144523,187.435543284697,142.104821570834,89.6048355407715,107.789182917433,153.73056727071,75.1714784351968,105.117130205665,99.1136836166058,169.081563430728,200.979632907444,156.978796594793,121.632481543223,0,192.094084676107,125.728798197604
84.0403835171851,117.492424435086,97.8442835248382,65.301262552254,21.4543816729559,131.836553418959,82.0834832150272,33.1235023760633,106.490626176642,58.9545413183523,38.2119716933613,164.761466496165,65.9869944419696,177.660235861073,105.906643066,94.3712739506993,38.7069233603133,131.802296343352,186.844486605737,167.197410083208,38.9222982043686,38.0910344094371,67.9647976705653,63.7332395163421,29.5039464629441,149.487133319561,150.32773223501,86.2193955986795,12.93677339913,99.5749337290524,48.3816104851389,185.749916924371,152.636818373499,78.7342174083525,82.1581904302465,135.742879895196,143.1775326199,166.303791211999,76.4099203548076,136.275057079228,0,157.7744505996,123.096470513963,163.103234637867,91.5469577045867,153.360288724432,214.397473144531,155.407414680304,203.025416056315,162.789236643228,141.008242520419,125.762777747177,177.855665588379,223.220311482747,201.192431979709,142.389982031026,137.783431693299,90.5948054140264,149.807484729473,111.382117678123,244.16096496582,198.212062726702,177.314624223025,124.713136728689,143.857944730728,124.077462566452,0,218.678131103516,133.74254490174,145.789431743133
21.4182832053405,119.742529296875,126.310090051873,85.7966505050659,115.654866071848,28.6862908880761,102.738613969646,87.0640632569503,82.2770847214754,83.4156070522495,111.48188457511,70.1395042893577,122.416461356411,93.8755817706768,30.9119637495698,95.1531039120858,134.317295455933,106.888943010205,110.034954071045,122.742586501314,118.743459617637,74.2504245968802,118.623308454241,96.2192915503523,97.6474056299977,84.1405220031738,128.174866930398,144.580297976564,99.5749337290524,14.1964470669628,32.6931452756554,107.802175733778,18.7382656279314,20.544669453802,40.664178418507,172.740635735648,180.953056335449,187.107571411133,99.8226067373686,183.615018342671,223.599014282227,187.645933853952,148.360370336403,181.930954589844,117.720444270543,183.547819586361,245.717391967773,182.934325695038,206.007102966309,185.024328867594,143.077072143555,174.472148350307,147.586866760254,0,136.264846801758,173.865328107561,161.103172302246,134.231898716518,183.176085038619,139.725793038645,118.262535095215,178.790076119559,192.112356128115,147.40141935327,169.439492191177,152.521363380628,196.131820678711,213.827651977539,162.860525420218,171.885936063879
34.684108775215,101.626319885254,91.2448383590321,55.1693269868868,97.2322890975259,119.456945800781,110.047815715168,27.9381503587343,88.7839722367702,58.5094914268045,102.562092436685,145.002482233821,141.706323623657,162.908508300781,67.2601722413946,114.749083518982,86.8480407051418,81.6874173688014,145.090788897346,118.430369223318,157.699068886893,31.0169280195829,61.8619124595155,62.6929394419195,82.906573140759,151.39635848999,136.634558032257,116.113467966638,48.3816104851389,32.6931452756554,12.8681063849846,203.040637969971,144.224135794291,36.5894487741146,38.7608364541582,135.518756321498,179.997085571289,162.126495361328,68.658822595908,153.357330322266,0,175.127197265625,124.331994567493,165.233734500024,78.6117603979378,193.991320292155,0,186.158851623535,0,164.41048338919,154.188606262207,115.476412366784,157.920277913411,0,192.441051483154,166.434796142578,125.19883482335,92.4159249083636,142.794185009631,112.83817288313,0,197.854852676392,167.627841162303,117.647102840426,140.522653756682,119.186527470769,0,247.269882202148,129.657868803217,140.495521380747
158.987553914388,67.8485771241735,110.230791593853,65.939545808015,191.093566894531,111.910217285156,179.507419162326,184.67367638482,135.92752856743,144.208636403084,193.769073948716,40.3117477579384,191.773529052734,12.7633510365847,121.378611171947,206.152626037598,132.861892382304,114.411112698642,58.5048359764947,75.7893847982392,189.141220092773,0,111.497609080439,160.944309234619,162.673425527719,46.2016170653086,23.6160608631011,33.4311489075503,185.749916924371,107.802175733778,203.040637969971,11.550451453002,110.876344742314,241.394393920898,76.4758035248401,0,128.562779744466,0,81.60808529324,227.697143554688,0,0,242.458984375,0,207.055640326606,0,103.296252568563,0,89.1279474093219,0,0,212.020126342773,155.958539326986,108.107034163042,119.965961201986,0,0,138.053779602051,153.679620742798,219.035068511963,74.1931246596923,114.577197881845,109.494914967963,237.242660522461,0,181.265365600586,117.767365532952,0,0,134.915009498596
95.0563840512876,0,177.445043696914,171.509036472866,153.218240273965,13.8192047822794,29.0831069809518,134.712052642322,33.5130544887649,145.55384628861,140.398315667431,71.3721457779819,135.517571818622,87.1330124906791,23.6352949487447,38.9879012497483,0,173.974718291184,99.2743151264806,116.882268732244,138.819475046794,164.625296115875,152.391092936198,163.233556585797,146.844299734455,88.4400988987514,129.142599457189,154.566569361193,152.636818373499,18.7382656279314,144.224135794291,110.876344742314,5.90268304677272,64.1569337844849,45.1684531875279,0,0,0,164.106964111328,161.806447347005,0,222.793663024902,173.832611083984,209.063760375977,190.637836456299,226.789733886719,0,238.634658813477,162.669418334961,234.10034942627,0,0,0,0,0,244.469085693359,0,0,0,191.024377441406,0,160.773686726888,183.769158935547,201.12820892334,222.093074798584,193.300765991211,0,0,0,227.696792602539
57.9404613566848,0,118.987333419475,67.9139448207059,95.1260714213053,183.849807739258,140.105685561451,81.2173503256949,133.103056090219,74.7421457978333,109.714038427486,129.589711325509,118.898355102539,101.531890869141,71.3653690831645,115.420365651449,133.31345476423,99.3399243799056,130.769797007243,115.518515051865,106.1370173863,59.0829108743107,108.033888816833,87.188824986837,86.6017515515248,0,137.225344206157,133.842237538305,78.7342174083525,20.544669453802,36.5894487741146,241.394393920898,64.1569337844849,8.08226139241324,21.3674298772957,171.863161359515,0,193.260228474935,106.938703035053,157.088520050049,0,175.785003662109,136.904891612918,162.08578414917,91.070170553107,177.00013885498,221.093994140625,0,0,178.069308689662,169.313171386719,90.1761093139648,0,0,0,162.997384643555,137.540148417155,0,161.929534912109,127.238979106047,0,239.267074584961,143.538101196289,135.078945087937,160.624433434528,132.368931678034,0,210.177040100098,149.471638997396,150.794582660382
77.995091996103,68.4703836246413,68.1849798272769,76.4240516315807,114.906293498936,73.3843662656587,121.715988539813,94.7560885432391,90.220475468575,92.7011014124996,105.998501748796,27.1036040255646,113.329565642173,53.6928758119282,62.1462597697828,105.002701514108,95.2923085463675,42.7124808440694,65.1402982620604,47.2591519364428,107.817615337059,47.5436732917125,86.6506105247119,53.491590495336,101.91128123152,62.0749131370993,64.6199534072694,71.9949151562438,82.1581904302465,40.664178418507,38.7608364541582,76.4758035248401,45.1684531875279,21.3674298772957,11.3248869334166,168.749235026042,104.793588785025,117.115417480469,96.8209557035076,177.674908447266,0,181.626222229004,153.961311258296,179.898072353629,116.940057966444,182.66123369005,149.210247584752,184.779733137651,147.246419270833,186.426719889921,0,119.335036448943,125.805131575641,136.969606187609,119.707286633943,178.826396595348,129.646172956987,93.636757590554,131.271261354772,136.933029174805,105.780247407801,125.600159914439,116.653672757731,148.294914531198,170.485762180426,136.937818305437,129.749702453613,0,166.900599161784,165.416113200941
0,0,158.01532151964,124.651502821181,164.832614135742,0,194.641042073568,134.675242178781,179.816958618164,101.957338581914,189.216021728516,0,173.221405029297,0,171.741966247559,0,173.991322835286,208.306226730347,0,0,157.01683807373,152.271857367622,0,168.609185960558,135.170198603194,0,203.009075164795,170.8068711654,135.742879895196,172.740635735648,135.518756321498,0,0,171.863161359515,168.749235026042,12.4361121691414,147.249687194824,113.411960595172,81.1004284703454,92.1944848299026,106.03963470459,86.7092906793899,38.5239359629896,57.0373315829711,76.2962630627202,87.4057350739315,123.296197655087,95.2664251055036,151.46072769165,20.3748393910286,84.0161175727844,146.489900112152,105.322381136255,139.296765727382,126.377485976984,91.5452438575634,93.4672558268563,117.99168065389,102.64978034408,82.5627505212009,145.252105712891,121.566858417356,137.081052144368,83.15509331462,23.1042328108029,28.1092559535356,169.253105163574,96.6219200134277,36.0665387559736,73.2974126977288
0,99.2734654744466,78.0839272775958,101.548535210746,226.775344848633,0,186.632827758789,175.130410766602,186.46652915261,159.624313354492,187.616947174072,131.452273050944,0,94.1106872558594,231.14289855957,0,112.503736877441,86.7204059477775,93.4481735229492,117.235270866981,0,155.301773071289,126.418032455444,97.0299989609491,150.595347250662,87.6571922302246,91.5222040715108,77.2834553492983,143.1775326199,180.953056335449,179.997085571289,128.562779744466,0,0,104.793588785025,147.249687194824,8.18009895605559,42.1889944762186,16.421231520645,125.173367818197,156.919189453125,175.11368560791,126.938893769917,156.520116170247,76.4336962576652,175.743186950684,82.8445426539371,121.601334465875,54.7020829108454,150.439944797092,131.637294096105,50.460500043014,56.0726412486255,86.8567282732795,66.3056653764513,0,89.0333351135254,25.9895433970767,64.8788249639817,74.833190422296,22.8971941259854,51.5305241649637,27.8045372766602,120.62461566925,161.128755187988,110.798043518066,71.8699395029168,0,0,72.7410398483276
