9.21949839441286,116.497634887695,105.308057411194,70.8445115522905,91.3984098434448,78.3483123779297,94.4717136621475,34.9345389423325,37.4607900764983,72.1839104379926,58.2620102673126,132.773189939302,101.120634460449,168.045430501302,16.5951502717566,106.172543843587,96.8447355790572,96.7597274686776,144.129728044782,131.470127271569,99.9156784057617,79.2309768049684,88.7278532140395,95.816825635255,78.2868470339708,0,123.146082836649,124.704494484216,84.9789186846308,20.0673123061708,31.016728156778,161.708982679579,89.4418726834384,44.2646833139624,71.0344437952117,157.463694254557,0,162.691253662109,115.74446105957,0,0,0,149.684259314286,156.636627197266,163.25732421875,162.00119934082,0,0,0,171.123571222479,0,132.975227355957,0,0,0,0,135.240619659424,0,166.090861002604,125.282191790067,0,213.3515625,167.694159952799,135.056351452339,157.421411132812,151.621213277181,0,0,123.016510009766,150.591440582275
116.497634887695,7.32156218612281,51.2794158707804,11.1380622735184,0,138.655700683594,0,122.503871493869,170.520210266113,77.1518896505442,140.519790649414,58.6061213624244,115.440391540527,41.0154618629347,154.459081013997,109.736656188965,60.8004442121162,59.1592676697708,80.6901063358083,63.9738258140675,0,95.8844613467946,25.1400397487909,84.4862883687019,80.9036465637556,21.8127571697936,53.3658100863016,28.7099719937772,104.719463950709,123.949759347098,112.689837773641,62.5688799689798,0,149.504623413086,62.2909610748291,0,0,98.7163009643555,43.6668399175008,0,0,0,162.53010559082,0,0,0,77.8418655395508,0,99.8361576080322,0,0,0,149.147354125977,0,147.469902038574,0,162.00846862793,0,137.967376708984,141.918231964111,70.0232887268066,104.166433670942,100.071973912856,180.718246459961,0,0,115.763027191162,0,0,86.9613240559896
105.308057411194,51.2794158707804,16.4647837328557,49.7496211768728,147.69151739172,183.40055847168,153.249601576063,108.133247947177,132.298869974667,114.956026077271,125.822059462742,87.5232245691361,179.027193341936,93.3752459173333,126.383940077869,144.327419281006,97.333843678236,34.004547453214,85.4561076515599,71.6616775024036,191.148086547852,73.3753779486044,64.4808787164234,42.3204096064389,116.493270256259,70.230411529541,34.2437066672931,40.2319156266506,106.835025996985,122.342329662786,92.9737965023395,95.0973831078945,192.684872436523,117.377794053819,66.8732895406363,170.875476837158,83.7391514778137,96.290548141104,57.4994827133041,0,0,0,175.335173850836,207.805328369141,147.883041381836,185.453519185384,176.692874908447,0,115.484027862549,186.992223103841,0,120.619884266573,112.314347740111,168.248616536458,132.622123209635,0,152.743346821178,84.4931720865184,115.494782552914,172.017830677522,139.780250549316,107.176860404551,97.4850426814867,175.919361994817,173.333026885986,182.626985376531,0,0,247.922576904297,117.312401063981
70.8445115522905,11.1380622735184,49.7496211768728,11.377579476534,69.0684542936437,0,115.045638190375,63.0097852940514,88.6315526401295,23.05900577504,98.0893927929448,65.4228144243729,87.8135657310486,51.6273183107109,89.2078799936506,71.2444469451904,39.5469314149349,63.4671925666348,76.2228918577495,58.7311980122268,148.568885803223,53.8835953648436,22.2893114104436,57.7526121084631,45.5555326992388,24.1405318728254,52.9053663281088,41.4311561207473,59.3205508703441,76.3976041732296,58.4703411252507,72.8869232031015,0,67.2087348775661,68.9373302601002,83.8824142456055,39.6248307228088,63.7021127032419,17.2626223222023,0,0,156.644485473633,94.8723309660611,151.182312011719,102.320871671041,129.092431386312,74.9766179598295,0,74.6536303202311,101.461940564607,0,57.6449301663567,76.6319818911345,0,92.2102442654696,0,64.9005192982624,15.9031419185075,68.6456936972482,71.5163936887469,105.784223175049,78.9321936275182,75.3601348278296,79.7101629177729,93.5751209259033,72.2028587508376,90.1112823486328,241.367111206055,88.0456581115723,89.0413591721479
91.3984098434448,0,147.69151739172,69.0684542936437,10.0604619773934,120.400787353516,62.310053486077,73.5472518986669,84.5171960444232,46.6550250321417,28.9044933760075,168.427225748698,39.7308259901801,188.458961486816,107.29026884074,73.3754813801159,0,159.226491928101,213.075241088867,0,17.8948450924853,118.042126655579,90.352702331543,137.15892706977,22.8294282435256,0,163.115312303816,145.930178889522,17.698410857892,103.585706287571,110.31367628915,214.450836181641,147.13108135405,79.2908803848993,105.628218332926,167.584838867188,167.047088623047,193.578475952148,101.501583099365,24.4304388724033,0,158.165182980624,133.568195945338,168.830667877197,93.2718158298069,155.424056943258,207.351593017578,48.1762054342973,0,167.09545135498,0,0,231.197570800781,0,219.206024169922,16.9419632818466,0,0,177.683540344238,111.781955343393,0,218.640299479167,203.131530761719,132.713290338594,178.894680023193,0,0,0,0,178.435368855794
78.3483123779297,138.655700683594,183.40055847168,0,120.400787353516,6.93045487295593,7.64835758680521,107.617911020915,13.6631381843646,57.0214148301345,124.503384181431,103.999875068665,90.4911087883843,75.1187362670898,23.714753267842,13.2026975078809,0,0,0,0,133.547843933105,102.151606241862,103.212303161621,100.471398671468,91.0737775166829,0,190.522811889648,187.991851806641,128.573398936879,16.9755741892837,149.908378601074,0,13.4204866463778,0,33.8217296600342,0,0,0,0,0,0,225.61051940918,0,0,0,0,0,0,0,0,0,0,0,0,0,0,0,0,0,109.845069885254,0,0,0,0,244.034591674805,0,0,0,0,0
94.4717136621475,0,153.249601576063,115.045638190375,62.310053486077,7.64835758680521,9.24119359404251,69.5237928620467,19.7679555842948,76.3472131729126,39.3656479324232,131.44353049142,33.0922673787815,143.338976542155,29.1335037242337,10.1019387035972,233.196334838867,150.392639795939,147.418815612793,169.881164550781,49.6780390986428,124.197864733244,120.527285257975,147.919967052983,68.4115561111344,0,175.575659857856,167.184680938721,66.3006821059212,29.1991628830607,111.291917346773,160.341335296631,22.4877606876694,97.5293635050456,60.2354879598005,189.266586303711,0,234.099105834961,167.830963134766,175.923884073893,0,173.144247055054,161.102346727925,189.346491033381,116.66815355089,180.631353204901,0,61.2585149081248,0,192.025881449382,0,0,0,0,0,189.019199371338,126.30989074707,0,213.559219360352,139.87733568464,0,213.12580871582,189.173385620117,163.661374930876,187.948813544379,184.465403238932,0,0,203.960632324219,157.488357543945
34.9345389423325,122.503871493869,108.133247947177,63.0097852940514,73.5472518986669,107.617911020915,69.5237928620467,10.6712781013969,62.5496895233916,57.6917196544793,17.8288395963683,159.437354916432,74.8106558950324,176.936911688911,51.9168274992492,79.7730040452918,99.8708823394775,118.023550977371,163.722511985085,149.981829443643,46.7615820869567,70.219239488094,89.2383634249369,90.2797772914504,51.9362581753254,149.423573811849,136.320710877284,120.478025958543,31.3697975330086,62.4651062127652,23.0398594516346,173.393786043734,130.916765902905,68.1327106677569,89.9700069743831,145.833273831536,173.357967376709,176.716284343175,91.2691000302633,151.842984335763,0,158.22777557373,128.12061587173,162.629308038009,96.5965306029028,155.085693879561,228.97287902832,166.698476617987,0,161.991920901016,146.09939956665,152.393817554821,186.62371635437,0,215.255813598633,150.795921325684,145.616630190895,138.116473674774,166.959829667035,113.638991970679,232.706451416016,199.02042628697,179.238682013292,128.112781035301,155.950036636906,138.312621704102,0,222.964393615723,142.713212119208,149.298012093322
37.4607900764983,170.520210266113,132.298869974667,88.6315526401295,84.5171960444232,13.6631381843646,19.7679555842948,62.5496895233916,10.3226207645807,81.6211939389257,36.8368379057739,103.99456681432,58.1086565295893,117.984396934509,20.9667652311773,32.9388692606943,133.956031036377,129.143901651556,141.631137212118,148.20636146947,77.6598238645679,109.595406692092,127.980676504282,121.972596440235,77.5981858522231,189.460090637207,151.738288507229,151.419653991858,76.5839153505721,46.3389774030887,80.9974411463333,159.038747787476,25.502854791856,85.6653631581556,70.2454584282135,166.0849609375,0,200.021257019043,121.020374971278,169.133539835612,0,178.903245405717,152.107495520399,190.738994053432,137.731794504019,170.60834757487,0,105.525907765264,0,176.250713772244,0,161.480316162109,0,0,220.663520812988,161.098125457764,157.364177703857,173.812133789062,176.901058959961,137.546793108156,0,211.8125,197.375832052792,154.416411347442,180.448596954346,167.296997833252,0,0,167.647576904297,178.109649658203
72.1839104379926,77.1518896505442,114.956026077271,23.05900577504,46.6550250321417,57.0214148301345,76.3472131729126,57.6917196544793,81.6211939389257,8.69067166389252,73.5773536174498,147.726652908325,19.5540945995049,126.847775634766,89.7104998444611,22.7523549658786,83.6465353647868,132.05707522801,142.861346562703,147.70070474798,51.0109600764449,89.3266851935588,28.7290124697563,119.253752851111,23.9277937700958,108.867070226386,134.741404667954,104.864581176125,53.6496282983093,78.1425597811541,63.6127096800433,141.294867833455,160.497919718424,68.0074056382851,92.7989378875157,117.462576972114,0,164.426031930106,63.9859213578074,115.161348070417,229.259796142578,119.186287434896,92.4305571642789,120.534211965708,31.6547099414625,114.581065495809,195.365875244141,108.997410365513,192.244659423828,122.807298486883,81.5533065795898,95.5392939249675,176.957916259766,0,201.403671264648,113.958427429199,131.987964630127,84.421085357666,165.578314039442,75.5030738343584,0,192.401010131836,167.930614764874,102.444945024522,121.717960993449,100.148202162523,193.86637878418,0,171.794281005859,133.657073974609
58.2620102673126,140.519790649414,125.822059462742,98.0893927929448,28.9044933760075,124.503384181431,39.3656479324232,17.8288395963683,36.8368379057739,73.5773536174498,12.2483230515244,147.91525120889,27.9258155626545,166.516422271729,48.0766436962793,73.8266107987384,135.040086746216,141.801874334162,177.454345703125,160.241376604353,17.9910827264541,101.402440038221,130.348959115835,109.50888324606,56.654139172392,185.299118041992,158.778772475872,147.859912020489,32.5523583729281,96.1336383773127,72.0869931035481,186.522102355957,131.36420611946,82.7483575062085,106.60512751819,180.24826743386,0,188.894348144531,118.470484924316,170.220760091146,0,180.569334550337,148.735892275546,182.059367129677,112.328571637472,170.084077644348,0,64.7578229391447,0,190.10173034668,0,143.711547851562,219.679294586182,0,226.857582092285,176.144482421875,155.440116882324,140.202031453451,208.559024810791,129.768427989062,0,201.272796630859,192.534742082868,155.044345855713,179.382447509766,157.963345336914,0,0,181.313227335612,168.330187479655
132.773189939302,58.6061213624244,87.5232245691361,65.4228144243729,168.427225748698,103.999875068665,131.44353049142,159.437354916432,103.99456681432,147.726652908325,147.91525120889,12.2484546437252,143.691678963456,23.6731308178312,84.8752981721415,0,124.223026911418,46.0839597838917,21.7739899010393,29.2988841586453,160.494324628045,98.9451304267434,100.437328712613,87.083042572071,156.595927374704,29.3547916849454,30.2397886069209,63.1374378823142,159.590217446381,66.3399995055853,116.138490397135,43.7194826700916,67.9432417733329,113.350465280038,26.9185268314878,0,112.061599731445,139.972455024719,71.1122423410416,0,0,0,201.618627929688,0,0,0,83.6187629699707,0,55.507088915507,214.516830444336,0,0,127.947311401367,99.1078577041626,114.37984648205,0,160.975631713867,116.124786376953,156.32405090332,204.348211669922,60.0873726738824,105.270802403356,111.66466625085,208.321051279704,224.958297729492,185.384262084961,103.091354370117,0,214.022308349609,135.709356689453
101.120634460449,115.440391540527,179.027193341936,87.8135657310486,39.7308259901801,90.4911087883843,33.0922673787815,74.8106558950324,58.1086565295893,19.5540945995049,27.9258155626545,143.691678963456,11.8877955782146,153.09561920166,93.4285905781394,15.2103745770053,0,171.562484741211,160.343409220378,162.140712738037,17.1089084584532,97.6532669067383,78.7062178219066,174.574055671692,19.1736166044832,204.364959716797,177.712031773158,138.320098213528,51.5493300576964,99.7558753255387,142.679219563802,189.715423583984,129.475802179593,93.6043371720748,109.283886753429,0,0,0,80.4352912902832,164.161071777344,0,171.525196075439,144.754852881798,204.725163777669,90.2286284310477,141.610750834147,0,16.6977665445049,0,174.331715901693,0,0,0,0,0,138.906879425049,0,0,182.323333740234,116.194364590115,0,0,229.496788024902,150.440958997938,192.298518371582,0,0,0,0,0
168.045430501302,41.0154618629347,93.3752459173333,51.6273183107109,188.458961486816,75.1187362670898,143.338976542155,176.936911688911,117.984396934509,126.847775634766,166.516422271729,23.6731308178312,153.09561920166,9.91802352515109,112.810971577962,146.352600097656,127.438472323947,90.6362731817997,49.8031663967453,60.7715630001492,169.537971496582,127.322959899902,81.0915236323713,115.672515662941,139.264804098341,16.3572176499789,53.4618397712708,26.9224861234728,161.04610712388,90.8983215332031,168.192646026611,19.1956518988436,84.514476776123,164.090141296387,56.9524350941181,0,101.476479424371,136.586141798231,39.830900970459,187.035888671875,154.915893554688,0,203.614570617676,0,164.281021118164,0,63.3728260448498,0,54.2146308958683,0,0,0,124.248785836356,84.4421251358525,105.240253686905,0,0,123.694926791721,177.021189371745,176.064966837565,42.7744196132979,81.3120193400625,81.0030416161673,238.507171630859,0,192.173955281576,78.7320749607492,88.6365661621094,0,125.369879150391
16.5951502717566,154.459081013997,126.383940077869,89.2078799936506,107.29026884074,23.714753267842,29.1335037242337,51.9168274992492,20.9667652311773,89.7104998444611,48.0766436962793,84.8752981721415,93.4285905781394,112.810971577962,9.96916225911579,59.8893305426613,138.564729761194,119.877480184795,136.309640017423,142.036712402993,103.876590962106,102.553772059512,123.679374376933,116.218311182506,89.9194913194184,197.632034301758,142.3900586355,145.163640891955,97.0668803787231,23.1193914038573,47.7208275951054,155.302156301645,22.4014565952777,42.1685376774181,62.7924440929999,163.964784894671,0,188.333875020345,121.951230202952,184.348495483398,0,178.931480407715,159.101423090154,190.499938964844,118.172760009766,180.862625630697,0,113.568688286675,0,187.572838448189,0,135.94181060791,205.892255147298,155.533477783203,222.764724731445,204.639414469401,152.402783530099,166.573795318604,178.966223144531,145.114003097179,0,207.6536189488,188.790238952637,157.714572333301,180.213161468506,159.896403585161,0,225.211212158203,166.794664510091,178.104672749837
106.172543843587,109.736656188965,144.327419281006,71.2444469451904,73.3754813801159,13.2026975078809,10.1019387035972,79.7730040452918,32.9388692606943,22.7523549658786,73.8266107987384,0,15.2103745770053,146.352600097656,59.8893305426613,7.42714922967394,0,123.188369750977,0,177.808792114258,65.4040165667264,121.76061630249,72.7418390222498,131.073017665318,50.8835646350387,0,156.06987508138,141.735620771136,80.758469321511,78.3432398979817,100.855251948039,190.531402587891,39.57734551459,95.5892092386882,39.4203984980681,0,0,0,0,0,0,0,146.824507395426,0,192.237548828125,0,0,59.4717845916748,0,186.126892089844,0,0,0,0,0,0,0,0,0,125.190952301025,0,0,184.641693115234,166.231090198864,162.208541870117,0,0,0,0,0
96.8447355790572,60.8004442121162,97.333843678236,39.5469314149349,0,0,233.196334838867,99.8708823394775,133.956031036377,83.6465353647868,135.040086746216,124.223026911418,0,127.438472323947,138.564729761194,0,12.8081875877298,107.786779256967,148.125183105469,122.030229983122,0,25.5897355000041,33.8776291813861,25.0875929206352,34.6242769461905,108.695828029088,106.77661094345,35.6244974400015,47.2929558195679,105.860446026451,73.1303629589896,119.362729390462,0,86.5507076263428,82.3211051445145,127.421127319336,0,117.485534667969,62.3700057636608,0,0,0,167.983268737793,142.960502624512,108.938400268555,184.810760498047,0,0,0,187.748774210612,0,100.086008376624,142.057571411133,0,180.193161010742,0,115.11744720459,59.7333990922615,104.335702784824,120.406362093412,0,147.241227467855,108.251256830552,131.914333208869,134.397527694702,122.020236545139,0,0,0,135.403073628743
96.7597274686776,59.1592676697708,34.004547453214,63.4671925666348,159.226491928101,0,150.392639795939,118.023550977371,129.143901651556,132.05707522801,141.801874334162,46.0839597838917,171.562484741211,90.6362731817997,119.877480184795,123.188369750977,107.786779256967,12.7951389877914,53.5430807467921,22.6452096614696,183.420532226562,59.5177531431759,90.1585523362128,28.7567192781739,131.528771936181,65.133027570001,42.7048268053887,64.1830864027637,120.496818771779,101.608613586426,78.1202067946975,94.4097936394509,110.441640218099,97.3660586342883,37.9551506422583,0,93.8390064239502,106.889378095928,73.7801908857367,193.443023681641,0,0,179.136752319336,240.632263183594,131.247085571289,0,127.422206878662,0,114.862916310628,201.236366271973,0,130.52624130249,128.635722569057,135.366316223145,121.58515978874,0,173.326551818848,104.715789159139,129.156365179246,165.980132469764,108.589445931571,112.573102390065,112.23233984811,179.566651843843,0,181.987101963588,143.224388122559,0,0,139.294671058655
144.129728044782,80.6901063358083,85.4561076515599,76.2228918577495,213.075241088867,0,147.418815612793,163.722511985085,141.631137212118,142.861346562703,177.454345703125,21.7739899010393,160.343409220378,49.8031663967453,136.309640017423,0,148.125183105469,53.5430807467921,9.19053806184809,16.5049758532906,183.100769042969,110.264665940229,109.750817980085,99.7204606471918,164.042068481445,45.0695068065937,30.8998836611031,61.8996130442144,180.34387068315,105.742261682238,130.116989135742,53.4471335068248,102.194482167562,143.584553718567,61.0279019169262,0,0,145.209348042806,101.188682556152,0,0,0,0,209.190811157227,0,0,109.606993935325,0,89.9914789835612,0,0,0,122.600761413574,106.354067611694,113.946182713364,0,0,162.295043945312,168.830024719238,0,0,103.837815756326,103.462598251084,196.320083618164,0,197.688873291016,97.4426693386502,0,0,141.1126537323
131.470127271569,63.9738258140675,71.6616775024036,58.7311980122268,0,0,169.881164550781,149.981829443643,148.20636146947,147.70070474798,160.241376604353,29.2988841586453,162.140712738037,60.7715630001492,142.036712402993,177.808792114258,122.030229983122,22.6452096614696,16.5049758532906,8.91511122117555,0,88.9259407315935,98.1957142223011,64.8027664269028,155.577804920285,42.5269506738541,29.7485630155921,62.3536147487552,155.263486703237,116.989467265075,104.674405123937,60.4194798431396,211.374374389648,116.519472845669,42.653215366334,0,101.853868103027,139.046673861417,80.9491672126614,0,0,0,208.744426727295,242.62043762207,0,0,104.673659188407,179.960479736328,91.7981931246244,226.904357910156,0,189.031883239746,117.808663686117,98.2776553344727,105.461455390567,0,0,121.437202453613,146.074006822374,190.451774597168,91.8073971396998,98.3596723434028,96.5389458329097,191.088684082031,0,196.998390197754,126.290083143446,0,0,120.512301445007
99.9156784057617,0,191.148086547852,148.568885803223,17.8948450924853,133.547843933105,49.6780390986428,46.7615820869567,77.6598238645679,51.0109600764449,17.9910827264541,160.494324628045,17.1089084584532,169.537971496582,103.876590962106,65.4040165667264,0,183.420532226562,183.100769042969,0,11.3814412805403,0,118.857761383057,172.59595489502,20.2645290622134,0,158.649368286133,177.744329452515,32.0472471986474,105.559745735222,144.459018707275,187.310592651367,139.200834854789,135.155337015788,114.253562079536,0,0,0,97.1227111816406,159.718411254883,0,162.099116007487,155.980187733968,199.567527770996,90.7094061715262,162.703279972076,0,15.7280220253965,167.382629394531,166.490249633789,0,0,0,0,0,118.287719726562,0,142.064010620117,0,121.211464526607,0,0,206.099334716797,153.103600704309,181.293009440104,186.90731048584,0,0,0,0
79.2309768049684,95.8844613467946,73.3753779486044,53.8835953648436,118.042126655579,102.151606241862,124.197864733244,70.219239488094,109.595406692092,89.3266851935588,101.402440038221,98.9451304267434,97.6532669067383,127.322959899902,102.553772059512,121.76061630249,25.5897355000041,59.5177531431759,110.264665940229,88.9259407315935,0,12.5270737110281,54.6304756010939,35.9193932204459,43.0955662862679,124.618873596191,102.680485435679,86.056097071969,35.122390524521,47.0943837722194,31.8380270191118,149.507635498047,152.580879211426,48.9790654285201,43.5455037501093,139.138332366943,190.740447998047,144.845037672255,89.3399175560993,0,0,0,146.552291022407,202.712112426758,109.112940470378,181.737932477679,0,0,0,163.427698575533,0,108.252817386534,155.170806884766,190.455856323242,184.696243286133,0,114.614892540908,73.9858777276401,133.280830671202,118.007025863185,0,158.198430379232,137.135363464355,127.808189978966,161.274496078491,120.77552615895,0,0,0,151.046065110427
88.7278532140395,25.1400397487909,64.4808787164234,22.2893114104436,90.352702331543,103.212303161621,120.527285257975,89.2383634249369,127.980676504282,28.7290124697563,130.348959115835,100.437328712613,78.7062178219066,81.0915236323713,123.679374376933,72.7418390222498,33.8776291813861,90.1585523362128,109.750817980085,98.1957142223011,118.857761383057,54.6304756010939,8.74386701453415,51.843479154095,29.4689069435448,68.1413566095459,92.3705727158079,39.5057134020447,66.0410865137752,102.932247161865,65.4426223896168,99.6731010643212,0,101.253625597273,76.0734526132573,110.608543395996,59.6273422241211,98.2172880733714,32.8505437976711,0,0,0,126.705493382045,188.413009643555,104.736153920492,140.535860697428,137.324905395508,0,131.205808639526,177.85880279541,0,57.2725314654513,108.181024169922,161.417785644531,108.912757873535,0,73.5160365726637,13.953521516236,67.520592980018,92.5538971942404,100.607551574707,129.646853129069,75.4193502332343,118.064377557664,167.266057332357,102.692602030436,166.61841583252,0,0,93.5364730834961
95.816825635255,84.4862883687019,42.3204096064389,57.7526121084631,137.15892706977,100.471398671468,147.919967052983,90.2797772914504,121.972596440235,119.253752851111,109.50888324606,87.083042572071,174.574055671692,115.672515662941,116.218311182506,131.073017665318,25.0875929206352,28.7567192781739,99.7204606471918,64.8027664269028,172.59595489502,35.9193932204459,51.843479154095,19.0864066905866,76.6677225173688,131.462013244629,79.3138555167776,45.9523899796412,71.3168225049247,100.563385782852,63.4854211697705,119.22498172667,173.222184862409,85.0174150186427,52.8889283715126,164.784107208252,119.120053609212,109.524747805162,70.8630651404931,216.898345947266,0,231.153366088867,177.320632404751,199.305603027344,132.228070576986,205.205317179362,201.667922973633,0,149.597808837891,197.237539291382,0,109.219795773669,136.138500104632,0,156.507143460787,0,131.539034552323,77.1823567678762,111.068609502327,148.24695615156,111.231086730957,156.892201383349,107.908579911356,154.502916490709,166.351544466886,153.962344982006,0,0,184.115987141927,144.628412882487
78.2868470339708,80.9036465637556,116.493270256259,45.5555326992388,22.8294282435256,91.0737775166829,68.4115561111344,51.9362581753254,77.5981858522231,23.9277937700958,56.654139172392,156.595927374704,19.1736166044832,139.264804098341,89.9194913194184,50.8835646350387,34.6242769461905,131.528771936181,164.042068481445,155.577804920285,20.2645290622134,43.0955662862679,29.4689069435448,76.6677225173688,11.9862889845663,118.821348305905,136.922201795981,94.6959107888928,19.2419315298672,81.9952219156959,68.8468171184358,158.20345844942,142.974937438965,72.2392931283238,86.585109272642,132.843399293961,150.482841491699,158.846909279047,78.5408474018699,138.978451672722,0,149.623478262765,117.513197862822,153.562692415916,85.2057866245867,143.185153686523,211.648913065592,120.423040691175,190.059680938721,148.281940270524,132.618885040283,112.673225938228,171.860932783647,222.809829711914,210.255221557617,131.465787102194,114.414802134037,97.1096952337968,143.739900134859,99.7302027066045,158.45822652181,185.716407327091,158.583048062062,115.53180720829,141.531724665154,122.134678930044,196.789291381836,188.26188659668,134.632788438063,139.519356430218
0,21.8127571697936,70.230411529541,24.1405318728254,0,0,0,149.423573811849,189.460090637207,108.867070226386,185.299118041992,29.3547916849454,204.364959716797,16.3572176499789,197.632034301758,0,108.695828029088,65.133027570001,45.0695068065937,42.5269506738541,0,124.618873596191,68.1413566095459,131.462013244629,118.821348305905,8.95831201040234,41.0797317607983,25.9488544891073,138.320382551713,120.737687683105,145.303146362305,43.0242401892398,84.0505981445312,105.24796295166,64.6359152586564,0,85.7221438090007,135.127639770508,40.8959882736206,0,0,0,0,0,130.138809204102,0,55.1290643287427,0,46.5682938098907,218.728118896484,0,0,134.78032430013,64.6936953617976,80.5075781080458,0,152.454711914062,88.8877741495768,92.8096237182617,170.608032226562,32.1744216785096,70.0743378504811,66.407001899033,213.945114135742,0,0,68.485272526741,0,231.7451171875,112.768516540527
123.146082836649,53.3658100863016,34.2437066672931,52.9053663281088,163.115312303816,190.522811889648,175.575659857856,136.320710877284,151.738288507229,134.741404667954,158.778772475872,30.2397886069209,177.712031773158,53.4618397712708,142.3900586355,156.06987508138,106.77661094345,42.7048268053887,30.8998836611031,29.7485630155921,158.649368286133,102.680485435679,92.3705727158079,79.3138555167776,136.922201795981,41.0797317607983,16.7162199431226,43.8705282874306,139.129946184269,126.810632841435,113.294318342456,31.9866025703455,150.058029174805,123.65005288473,63.3060560443015,0,92.852285018334,104.603824470157,64.5532146284537,0,0,0,199.751156398228,243.776290893555,173.950253295898,0,108.170410294966,0,86.48039894104,183.80146484375,0,159.612034068388,111.04295499063,98.9493663533529,103.238209162917,0,160.620297241211,119.291225139911,144.486980875985,168.524311489529,78.0362006187439,96.2629485299217,94.0474147332984,196.879180382038,194.356567382812,175.982962772764,103.28510391503,0,173.454849243164,113.843770931929
124.704494484216,28.7099719937772,40.2319156266506,41.4311561207473,145.930178889522,187.991851806641,167.184680938721,120.478025958543,151.419653991858,104.864581176125,147.859912020489,63.1374378823142,138.320098213528,26.9224861234728,145.163640891955,141.735620771136,35.6244974400015,64.1830864027637,61.8996130442144,62.3536147487552,177.744329452515,86.056097071969,39.5057134020447,45.9523899796412,94.6959107888928,25.9488544891073,43.8705282874306,16.0571595179427,99.209368293218,131.382423289093,113.147339327705,33.8814013033148,181.234769821167,125.223733874335,68.5653521612426,175.960439046224,81.2473232166187,98.753974533081,55.1945397406816,231.192596435547,0,211.65217590332,178.181329965591,194.082436455621,161.745755975897,190.961325073242,103.014954847448,210.897445678711,79.2335971860394,198.329720332705,198.40641784668,114.688518645916,112.703376106594,97.0992970082952,105.982780224505,0,144.375282874474,83.032665527907,111.211183748446,165.622237236945,66.0729596599843,96.273200803788,95.5266954981785,169.463128089905,196.277170817057,158.530066085188,97.9516362674901,0,191.882263183594,117.305270182292
84.9789186846308,104.719463950709,106.835025996985,59.3205508703441,17.698410857892,128.573398936879,66.3006821059212,31.3697975330086,76.5839153505721,53.6496282983093,32.5523583729281,159.590217446381,51.5493300576964,161.04610712388,97.0668803787231,80.758469321511,47.2929558195679,120.496818771779,180.34387068315,155.263486703237,32.0472471986474,35.122390524521,66.0410865137752,71.3168225049247,19.2419315298672,138.320382551713,139.129946184269,99.209368293218,11.019761352625,94.4333294617446,43.6470622348809,177.712226867676,151.466957917085,75.3673988423258,78.7121048911969,131.268564692514,171.932220458984,171.350870132446,87.4628872838514,154.358254268252,0,167.352297125922,128.430708570133,167.412148868336,100.87265495632,156.247938666013,211.075401306152,82.7690638557809,236.264953613281,155.608076344366,158.054443359375,120.943682250977,190.622025433709,0,211.495203653971,166.20135667589,116.795400305639,143.765830862111,159.577462343069,110.252273226045,190.789123535156,192.081302921946,168.461136088652,123.059505459435,144.820213093477,126.828744554334,0,200.145132446289,131.441540461715,142.948323480014
20.0673123061708,123.949759347098,122.342329662786,76.3976041732296,103.585706287571,16.9755741892837,29.1991628830607,62.4651062127652,46.3389774030887,78.1425597811541,96.1336383773127,66.3399995055853,99.7558753255387,90.8983215332031,23.1193914038573,78.3432398979817,105.860446026451,101.608613586426,105.742261682238,116.989467265075,105.559745735222,47.0943837722194,102.932247161865,100.563385782852,81.9952219156959,120.737687683105,126.810632841435,131.382423289093,94.4333294617446,9.87196834767015,25.3138776463233,111.886432647705,14.8897394588944,15.1125122498933,38.3931186747428,153.186209996541,0,184.381883239746,105.896541786194,130.057723999023,0,184.005452936346,149.765342531289,198.957199683556,169.589186986287,183.475218249905,0,133.715707258745,72.5925521850586,179.556331897604,0,132.444009399414,219.171137491862,238.850494384766,205.975234985352,217.242637634277,149.487411135719,172.277391433716,205.236581420898,136.309528712658,0,201.840016174316,176.904664116937,144.725353655062,173.525311482747,151.803796768188,0,180.171401977539,166.603633880615,163.41901067098
31.016728156778,112.689837773641,92.9737965023395,58.4703411252507,110.31367628915,149.908378601074,111.291917346773,23.0398594516346,80.9974411463333,63.6127096800433,72.0869931035481,116.138490397135,142.679219563802,168.192646026611,47.7208275951054,100.855251948039,73.1303629589896,78.1202067946975,130.116989135742,104.674405123937,144.459018707275,31.8380270191118,65.4426223896168,63.4854211697705,68.8468171184358,145.303146362305,113.294318342456,113.147339327705,43.6470622348809,25.3138776463233,10.7421641459649,157.164155687605,156.726860046387,38.3309949457374,42.2894395321744,131.418721591725,173.004692077637,162.601580168072,81.2906762007829,0,0,152.623184204102,138.336648932563,171.417700062627,112.80481561025,159.491891384125,221.269836425781,0,0,160.461488935682,0,119.096464389708,184.192333645291,165.101974487305,232.062042236328,0,118.651006995307,88.6408195495605,156.250647163391,115.314664822873,0,178.050518693595,156.155813893964,123.451641362646,147.034707295526,130.590823765219,0,0,135.230327758789,138.363560325221
161.708982679579,62.5688799689798,95.0973831078945,72.8869232031015,214.450836181641,0,160.341335296631,173.393786043734,159.038747787476,141.294867833455,186.522102355957,43.7194826700916,189.715423583984,19.1956518988436,155.302156301645,190.531402587891,119.362729390462,94.4097936394509,53.4471335068248,60.4194798431396,187.310592651367,149.507635498047,99.6731010643212,119.22498172667,158.20345844942,43.0242401892398,31.9866025703455,33.8814013033148,177.712226867676,111.886432647705,157.164155687605,9.65579255732549,99.6770477294922,189.86319732666,74.6628430825693,0,118.125305175781,164.208251953125,83.8967176584097,0,0,0,241.318832397461,0,0,0,103.849810282389,0,81.7438541441473,236.708160400391,0,0,138.426284790039,99.4239930372972,109.094349861145,0,144.221313476562,175.980598449707,149.492309570312,212.498916625977,64.7567424067744,102.61981170122,99.907628000999,237.063247680664,240.078323364258,0,95.9467611109957,0,0,127.1950138637
89.4418726834384,0,192.684872436523,0,147.13108135405,13.4204866463778,22.4877606876694,130.916765902905,25.502854791856,160.497919718424,131.36420611946,67.9432417733329,129.475802179593,84.514476776123,22.4014565952777,39.57734551459,0,110.441640218099,102.194482167562,211.374374389648,139.200834854789,152.580879211426,0,173.222184862409,142.974937438965,84.0505981445312,150.058029174805,181.234769821167,151.466957917085,14.8897394588944,156.726860046387,99.6770477294922,6.60968995486277,93.6508858998616,39.0582645674883,0,0,0,0,0,0,0,215.497317504883,0,0,0,0,0,0,233.896560668945,0,0,0,0,0,0,0,0,0,167.225173950195,0,0,0,199.523680114746,219.456832885742,233.955688476562,0,0,0,0
44.2646833139624,149.504623413086,117.377794053819,67.2087348775661,79.2908803848993,0,97.5293635050456,68.1327106677569,85.6653631581556,68.0074056382851,82.7483575062085,113.350465280038,93.6043371720748,164.090141296387,42.1685376774181,95.5892092386882,86.5507076263428,97.3660586342883,143.584553718567,116.519472845669,135.155337015788,48.9790654285201,101.253625597273,85.0174150186427,72.2392931283238,105.24796295166,123.65005288473,125.223733874335,75.3673988423258,15.1125122498933,38.3309949457374,189.86319732666,93.6508858998616,7.9979677055973,23.0752801963046,148.293123133042,0,179.461223602295,99.6150512695312,0,0,174.252955118815,139.059266273012,173.10818699428,114.243843078613,156.965570623224,0,236.281951904297,0,168.46206338065,0,156.174911499023,192.278071085612,0,0,0,122.340827941895,127.924827575684,0,121.157543250493,0,192.646565755208,178.428192138672,134.53580488559,163.585119741934,139.712422779628,0,0,145.688785552979,161.049039204915
71.0344437952117,62.2909610748291,66.8732895406363,68.9373302601002,105.628218332926,33.8217296600342,60.2354879598005,89.9700069743831,70.2454584282135,92.7989378875157,106.60512751819,26.9185268314878,109.283886753429,56.9524350941181,62.7924440929999,39.4203984980681,82.3211051445145,37.9551506422583,61.0279019169262,42.653215366334,114.253562079536,43.5455037501093,76.0734526132573,52.8889283715126,86.585109272642,64.6359152586564,63.3060560443015,68.5653521612426,78.7121048911969,38.3931186747428,42.2894395321744,74.6628430825693,39.0582645674883,23.0752801963046,11.2911418039763,161.688944498698,103.760237121582,112.47927132631,83.7386003335317,0,0,184.669342041016,150.822677321661,192.231381734212,197.250244140625,173.462088844993,146.087249755859,140.572776794434,122.1654920578,180.834426879883,204.811279296875,120.709581475509,133.61146697998,139.719464302063,116.74311375618,0,148.082315673828,120.741991678874,131.063362708459,134.22880947467,102.343630472819,116.509822887379,113.867436038123,145.262713766098,166.553765517015,147.44840502739,161.366119384766,0,149.535266113281,146.444489070347
157.463694254557,0,170.875476837158,83.8824142456055,167.584838867188,0,189.266586303711,145.833273831536,166.0849609375,117.462576972114,180.24826743386,0,0,0,163.964784894671,0,127.421127319336,0,0,0,0,139.138332366943,110.608543395996,164.784107208252,132.843399293961,0,0,175.960439046224,131.268564692514,153.186209996541,131.418721591725,0,0,148.293123133042,161.688944498698,10.4363524667961,148.834028244019,119.703347551062,74.0634933139967,94.4181718826294,108.424850463867,100.761791737874,33.2306370698531,73.9499866442247,81.9355617191481,69.1098384091174,115.848091360239,112.415176840389,176.003627232143,23.1580133052095,99.0453160603841,167.271533203125,110.208447026271,130.796404361725,124.924203642122,97.6511095487154,91.123818137429,102.4731590271,110.443836790143,81.9204619160199,149.805253982544,129.886434874384,132.854606008772,87.8061320451781,23.3772104127066,33.2544201666093,147.629261016846,89.3814151070335,35.6874236237769,56.8647144078805
0,0,83.7391514778137,39.6248307228088,167.047088623047,0,0,173.357967376709,0,0,0,112.061599731445,0,101.476479424371,0,0,0,93.8390064239502,0,101.853868103027,0,190.740447998047,59.6273422241211,119.120053609212,150.482841491699,85.7221438090007,92.852285018334,81.2473232166187,171.932220458984,0,173.004692077637,118.125305175781,0,0,103.760237121582,148.834028244019,8.26567167592623,48.9104373626709,19.3541034857432,120.583225250244,0,163.139175415039,128.829234695435,143.747039794922,83.6160818917411,142.118850708008,62.396486033564,114.305101013184,40.2950426649339,158.40672861735,117.182004755194,63.0153502734059,55.8715828179385,60.6200183868408,59.8392542169449,0,96.1773232354058,25.7887567595728,70.7378159515129,89.7447668521204,22.640077296799,50.4301489676199,26.0997162693008,114.105571717706,138.505502428327,109.307604217529,71.6337429046631,0,136.022567749023,64.9942727253355
162.691253662109,98.7163009643555,96.290548141104,63.7021127032419,193.578475952148,0,234.099105834961,176.716284343175,200.021257019043,164.426031930106,188.894348144531,139.972455024719,0,136.586141798231,188.333875020345,0,117.485534667969,106.889378095928,145.209348042806,139.046673861417,0,144.845037672255,98.2172880733714,109.524747805162,158.846909279047,135.127639770508,104.603824470157,98.753974533081,171.350870132446,184.381883239746,162.601580168072,164.208251953125,0,179.461223602295,112.47927132631,119.703347551062,48.9104373626709,13.7784159173369,44.0929481502372,145.277851528592,180.289093017578,158.385009527206,103.602383703141,140.836990296607,114.10639505801,133.163513146914,114.11417722702,171.002342224121,88.5570700073242,130.183534688987,158.823516845703,95.3181280362404,42.1050090117983,84.6250223013071,71.1345075025857,145.162427266439,67.5570801576159,51.7900021019164,36.4826527060733,116.443896172263,82.6364040374756,31.5862239522201,36.8457502296551,103.833447069441,147.320467382912,97.515062482617,92.4374085912165,194.732040405273,148.263535817464,74.8899219680328
115.74446105957,43.6668399175008,57.4994827133041,17.2626223222023,101.501583099365,0,167.830963134766,91.2691000302633,121.020374971278,63.9859213578074,118.470484924316,71.1122423410416,80.4352912902832,39.830900970459,121.951230202952,0,62.3700057636608,73.7801908857367,101.188682556152,80.9491672126614,97.1227111816406,89.3399175560993,32.8505437976711,70.8630651404931,78.5408474018699,40.8959882736206,64.5532146284537,55.1945397406816,87.4628872838514,105.896541786194,81.2906762007829,83.8967176584097,0,99.6150512695312,83.7386003335317,74.0634933139967,19.3541034857432,44.0929481502372,16.7056664304398,72.1444217508489,74.9995956420898,105.176845774931,69.8482701455132,115.278859571977,25.5074056706132,98.0947649478912,57.6436155724713,110.031874338786,43.4259413370194,104.991134029481,75.1660451889038,45.5235036921774,60.1382404791342,70.9852523803711,60.0030429989684,97.7191505432129,69.1659697279145,24.4486837097067,57.9792348702973,43.419951939519,24.1172161894876,50.564319982606,39.758458674558,62.9180978717589,88.0088788474478,70.4287418424066,77.3969575881958,87.3186416625977,70.1415533865652,63.6605993954103
0,0,0,0,24.4304388724033,0,175.923884073893,151.842984335763,169.133539835612,115.161348070417,170.220760091146,0,164.161071777344,187.035888671875,184.348495483398,0,0,193.443023681641,0,0,159.718411254883,0,0,216.898345947266,138.978451672722,0,0,231.192596435547,154.358254268252,130.057723999023,0,0,0,0,0,94.4181718826294,120.583225250244,145.277851528592,72.1444217508489,11.4922173850177,122.429214477539,57.0799589975071,56.1357231957572,96.8881788561421,55.6841134976368,33.4516753035053,161.13996887207,31.4371856462029,204.519256591797,105.069089843006,76.7645060992,0,146.956817626953,0,0,13.3553401618794,0,71.1960287094116,154.560872395833,21.7751877370854,0,168.073839569092,135.319987487793,26.4659899063519,115.775889817105,120.861160625111,0,145.813747406006,100.927351633708,121.870190827743
0,0,0,0,0,0,0,0,0,229.259796142578,0,0,0,154.915893554688,0,0,0,0,0,0,0,0,0,0,0,0,0,0,0,0,0,0,0,0,0,108.424850463867,0,180.289093017578,74.9995956420898,122.429214477539,7.58820912456361,10.5382599163369,122.311798731486,29.1158860425154,61.3624459434958,115.20743794595,73.1590052604675,99.8663535118103,110.413141886393,46.6424926572584,14.3660366264325,0,0,89.9849217732747,0,103.38370513916,0,194.278823852539,165.299362182617,88.2184951782227,164.992156982422,114.92280960083,189.310409545898,133.241473290228,48.5039477286401,123.041447957357,102.034152984619,9.35563818875687,117.375755310059,42.4168146716224
