8.8240818084112,102.222803751628,87.9494573565295,59.0158833809269,71.6130673692033,98.4321823120117,79.4136919353319,31.280562715908,72.532998499663,52.1506092513817,60.9955572309115,116.914924448187,81.0989565849304,137.104101635161,15.3175101131273,80.4851854497736,96.4307738217441,80.4619273999252,121.263926188151,109.774485118354,77.8165647718642,59.8888980587827,55.6446123950054,77.0966653477761,65.9266085402093,132.273568289621,109.181480862802,113.3746922478,68.3811396632139,16.8496660755818,28.863722035647,141.135011945452,86.0045394897461,26.0867573999063,53.4195375623812,143.466924667358,122.748840332031,155.516089714898,81.7652062636155,153.630030822754,0,160.790545145671,123.678156011245,153.377728652954,113.100018819173,147.596941167658,215.255859375,148.947512308757,0,136.961233872634,228.790115356445,118.886800130208,172.638395690918,178.38688659668,197.126485188802,113.248680114746,123.317604064941,95.4519478934152,167.150583155015,114.452236980473,0,163.599717792712,153.611720784505,120.270157259564,130.09358130561,126.541876602173,0,0,191.934379577637,126.70824432373
102.222803751628,9.08411457449784,39.1323969638709,17.2782457574792,135.659530639648,0,156.628200531006,100.420976257324,123.647980429909,74.3096361203825,146.160079956055,60.2148628550128,94.2901454501682,52.3315766471878,118.248887252808,98.9522911874871,55.2696058713473,55.4786426868845,61.7410507202148,62.0951565013212,129.694198608398,86.784384727478,23.1809755806011,74.8712552751814,76.4969263165911,29.2001924905456,51.0771934903901,27.1082808697929,102.370424906413,106.791955675398,99.7044255574544,71.9083209913604,0,121.956663131714,60.0783488358123,0,49.7716972827911,103.751116871834,44.157413594863,142.95539855957,0,210.518524169922,159.987808227539,186.936284383138,126.835021972656,163.834014892578,0,135.927640279134,95.5802598433061,213.173126220703,0,0,98.2506986345564,133.715057373047,107.72849709647,158.231864929199,182.302978515625,0,109.481427510579,146.50249004364,84.7871959209442,93.9234797159831,96.5180842907398,158.695743560791,145.977874755859,147.546401977539,138.134876251221,0,0,144.629180908203
87.9494573565295,39.1323969638709,14.7679883198969,45.0237049853775,116.422357629847,160.271842956543,122.984796546487,93.8742519888131,111.651821509438,103.726279576619,110.753315336118,90.7147787561956,139.278736114502,93.5400499042712,100.372402298562,120.536151885986,78.4704051893585,36.8869494444912,82.8135851346529,72.1916266969476,170.491815567017,63.8775305274012,53.4741262708391,30.9906385453393,93.8946546076987,96.5103325477013,34.7955256019614,27.6320121195,82.8881876083845,112.140124284951,79.9788392520843,91.3473929652461,137.09939956665,98.021499366091,58.5538034408307,148.836382635709,73.2789055232344,91.0654651546933,57.1610439996871,230.888961791992,189.161529541016,195.574154324002,152.791485868542,177.148922978615,159.604649861654,173.179903666178,141.873984336853,220.020467122396,142.659738540649,168.737218125958,0,110.76543748145,103.317507143374,143.786508896772,129.994554722563,182.830917358398,129.415898014949,74.5363466382603,99.7947399555952,153.351448376973,134.958292007446,101.762511766874,90.5225659110329,152.217890294393,179.737447814941,140.025765326715,138.085793389214,227.197952270508,156.299825668335,108.00772480581
59.0158833809269,17.2782457574792,45.0237049853775,34.0290880344882,63.509195745559,96.4867808024089,72.8550564332442,59.5752447903267,79.0463427532925,20.5186476306101,67.9187773400611,73.2953154278785,67.0011771145989,67.4250910360735,77.2105983098348,86.446920981774,38.4341782046182,59.2255381837183,74.9497698003595,60.8935977543626,73.1772528330485,51.4778314772795,21.5817735385991,52.7088822477004,44.1327702111078,44.9674766811866,45.1150907279018,38.699888504938,56.6363873938621,67.5486744769982,54.662782119442,71.2886687384711,111.753784179688,59.1436565732493,60.3953904813053,80.3408544980563,59.2406520545483,70.1500662122454,13.4376517702772,81.2007919594094,139.745747375488,83.8937033954849,79.3144680607703,97.3851048627238,24.7257435321808,92.8450878643599,117.183336257935,77.6064470883073,102.899625587463,101.65410164075,74.2758136749268,71.0293196509866,104.045790290833,101.838979547674,111.001443975112,78.1069101404261,75.3940607447202,39.9206863194704,88.7263695304916,63.1440070317891,67.0520317271604,102.541442710812,80.4833377467975,72.4671571812413,90.7395370624684,72.4769139844318,130.069524765015,146.237000601632,68.2298758370536,90.710798740387
71.6130673692033,135.659530639648,116.422357629847,63.509195745559,9.53834317984864,127.514739990234,53.390018067345,57.7051870384995,96.4396246879331,50.0003950595856,28.3343537919045,153.603261311849,33.8962282427379,165.085998535156,93.4183281911931,56.0476555307227,67.9225540161133,137.46565732089,0,163.816497802734,14.8159080773196,84.4020614624023,77.2535911560059,113.651810509818,23.5724350364532,159.687698364258,140.2670378685,131.230680011568,14.8402365622806,91.6534497320315,102.063426017761,166.867416381836,137.406356811523,81.6474634806315,90.2325600279329,156.019097464425,149.504997253418,166.600049336751,78.5207296633253,28.3968857226103,0,138.443951214631,133.474525324504,155.748264699742,87.4798442295619,138.209203258749,0,57.8263712803193,165.282821655273,154.512912597656,100.420836522029,145.168113708496,231.40739440918,0,223.802635192871,30.4257621733418,144.079341888428,123.921235656738,169.079584121704,104.861465530396,0,192.464004516602,165.906460571289,92.2977338565616,149.425036960178,170.898433685303,0,199.997619628906,0,136.17543580797
98.4321823120117,0,160.271842956543,96.4867808024089,127.514739990234,6.09074717617306,7.60921472330235,110.211898803711,13.7319342477725,98.1482200622559,111.230025906033,56.6245307524999,85.1437896279728,72.7473136901855,27.3884045998381,12.3653122238227,0,74.428596496582,79.9744822184245,78.1327247619629,124.965800476074,94.6092987060547,0,143.311123847961,117.08031463623,0,96.1057464599609,135.335819244385,120.315239257812,19.1810412213982,136.209508260091,97.8909225463867,10.1187333372908,0,30.2208960007648,0,0,224.282318115234,113.808738708496,188.353500366211,0,189.599884033203,187.094919840495,189.920028686523,163.30200958252,217.954483032227,0,121.024826049805,0,192.401489257812,0,0,0,0,0,0,0,0,204.623458862305,157.673217773438,0,0,0,170.730850219727,181.066528320312,161.712814331055,0,0,0,0
79.4136919353319,156.628200531006,122.984796546487,72.8550564332442,53.390018067345,7.60921472330235,9.83642774049793,60.9278681705722,22.5360782919086,69.8143237400981,32.7262029256106,64.389506490607,26.5435219743106,90.428165435791,32.4534777648154,9.99985571865714,133.099561055501,136.07690930834,138.065834999084,116.872058868408,38.6266531019848,109.514243975078,99.2990316575573,115.964891157221,77.4752262946502,169.049105834961,151.747159813935,139.702172160149,67.080969777556,34.2977251377414,100.522812690735,142.757973988851,15.2631785618217,84.5822549749304,59.3156721670983,173.31403986613,172.658181762695,179.225784301758,93.143520464216,142.863270112838,194.519409179688,145.032375192044,140.755471714875,165.92100335984,120.008233503862,153.979138461026,0,84.477882473674,0,162.326480154264,139.68475995745,179.619671630859,194.953830718994,0,210.119117736816,130.507129375751,181.987182617188,149.755963412198,188.383997403658,129.412758096291,0,235.62126159668,182.62300245497,140.415482392603,174.963192749023,158.78087199818,0,200.72155543736,170.355377197266,172.15130936472
31.280562715908,100.420976257324,93.8742519888131,59.5752447903267,57.7051870384995,110.211898803711,60.9278681705722,11.1583797102082,62.0176264853728,53.2686755774961,21.898604666879,133.32989192009,70.3490312869732,149.87339852073,43.9384212467383,76.1374472975731,94.2953544616699,92.3638571494788,161.030267333984,126.374382813772,68.6056577868578,56.5943288108708,61.9268821323191,73.3343319592669,59.9440395262054,134.313065422906,131.240918360347,113.331882171261,30.0137325438853,69.4910478024141,18.6071705196064,166.03971862793,119.594476648279,63.9123501678308,78.0852109523898,137.103007923473,145.067451477051,163.636766721125,87.2293341431437,126.720891755203,179.156056722005,136.149291335352,127.566175627708,150.418760659811,106.03464735122,144.861410492832,181.165298461914,135.924340038765,207.305796305339,149.894843361594,131.450955073039,138.49274469191,183.467268723708,222.349189758301,204.311164855957,137.336635242809,136.836034704138,106.62526763916,155.150353387492,115.767644652072,0,177.567125592913,160.455494973512,125.784100976063,147.19810925108,127.898390867272,0,191.794126722548,136.121775309245,156.576941327351
72.532998499663,123.647980429909,111.651821509438,79.0463427532925,96.4396246879331,13.7319342477725,22.5360782919086,62.0176264853728,12.4656818987429,73.454140833525,31.044717006469,71.2863886398477,58.2027829177284,108.252178315193,17.6048815920742,33.9558402429399,122.902464294434,118.347559445576,103.411082341121,137.853211296929,80.4943469365438,95.6108925320687,94.5302445285292,103.9259118696,91.8693035555984,171.20553894043,145.400453627737,131.980519404701,91.6690070560599,28.9018188462026,82.1244029684956,161.396826850043,11.1849518409814,96.757599898747,66.2637903423985,148.927792867025,204.918802897135,173.882326299494,103.810674851941,155.868036606733,0,156.93634999052,149.019934422261,171.857435263357,138.539711725144,167.929295329304,218.202453613281,136.669594910185,0,170.540295550698,151.458145835183,183.360605875651,184.284985351563,226.108795166016,210.450912475586,152.892493057251,182.703570774623,154.55532282049,175.739229055551,136.180176851347,207.871607462565,200.2327709198,178.955755050094,147.471238833755,168.499194874483,156.357095198198,0,190.244201660156,211.131210327148,173.395481250904
52.1506092513817,74.3096361203825,103.726279576619,20.5186476306101,50.0003950595856,98.1482200622559,69.8143237400981,53.2686755774961,73.454140833525,8.39205254650372,67.211204689912,118.051416140336,19.1862533270705,116.411859866032,72.3951561765488,23.1932755869478,51.7737245559692,130.719280340733,160.47815246582,131.511293411255,47.6762761922983,64.8505718577992,20.0713654664458,97.424965048736,20.9820214083153,102.567272188975,126.085351785024,105.638394705437,52.6280992393707,72.0614888472635,56.2978711628782,138.48724815173,112.931237357003,60.5582337838632,84.1215111840632,93.1321006188026,114.31206703186,156.584706987653,24.5494855828583,92.5105380522899,0,107.427384572486,93.1785854057029,112.775587807239,37.5117960353889,116.687412261963,195.521616617839,81.156064064272,148.573847153608,112.34672164917,81.2680931091309,110.919315338135,168.842269897461,0,191.514801025391,97.0802026228471,147.707153320312,98.3780866350446,145.673477574399,75.4758687118004,135.009043200263,170.422149658203,175.519542552807,92.1473600517199,108.618697484334,99.3594144185384,194.125671386719,0,0,114.440166685316
60.9955572309115,146.160079956055,110.753315336118,67.9187773400611,28.3343537919045,111.230025906033,32.7262029256106,21.898604666879,31.044717006469,67.211204689912,13.2097460161986,145.52681187221,22.5755956237043,173.497734069824,39.3689040703461,65.5259637870637,127.745866775513,127.472680859449,173.650461832682,173.312162919478,19.8083415533674,84.8268413837139,103.034142987481,93.1374864601117,55.607943618336,0,149.486612467506,130.585358638891,31.1194011474869,88.3763742244669,65.9608360290527,175.471961975098,114.279849243164,85.8894867723006,89.7819019903584,155.227799155495,151.481648763021,179.071238777854,98.4641602015731,143.987087599436,183.558932495117,144.539502020235,141.254501655596,163.831385991907,112.103243275693,154.518887577096,0,66.7436632679773,0,173.310657380757,140.694916258467,149.761848449707,189.806243896484,246.034637451172,188.447067260742,125.022416949272,166.081147766113,137.777743530273,172.671309801997,129.807122257596,176.953776041667,209.361030578613,181.34153137207,140.492468602317,169.962538180144,171.199735005697,0,188.423320225307,182.284881591797,166.714580790202
116.914924448187,60.2148628550128,90.7147787561956,73.2953154278785,153.603261311849,56.6245307524999,64.389506490607,133.32989192009,71.2863886398477,118.051416140336,145.52681187221,10.3365517426862,136.685258865356,16.5334278255721,84.1532297708902,106.986852792593,129.514876229422,48.8976260398394,17.4650152379073,18.3573795360013,133.45475769043,90.3433961383367,93.3927453024345,79.7755523214535,137.162944882415,31.3884675593015,22.0352472050173,48.1503146991049,136.706289382208,47.6263868710143,106.369606733322,25.8654178200866,51.8294246121772,91.4786724514431,27.9180155919944,0,0,133.16941278631,90.620745490579,0,0,0,182.665710449219,184.680709838867,191.75560760498,0,91.4953075208162,210.402633666992,72.5536068862047,184.719156901042,0,0,177.270467122396,91.5518266677856,99.8840843200684,0,179.567031860352,0,151.602843148368,188.866439819336,58.3455806955633,94.8927278600187,91.3402183383119,189.253211975098,150.377700805664,164.663726806641,98.6481301879883,0,0,240.605056762695
81.0989565849304,94.2901454501682,139.278736114502,67.0011771145989,33.8962282427379,85.1437896279728,26.5435219743106,70.3490312869732,58.2027829177284,19.1862533270705,22.5755956237043,136.685258865356,10.3011885709006,133.874794642131,86.395631506974,14.3358521108274,0,157.759449005127,0,125.461284637451,16.9448810468187,96.9401718139648,64.4172310829163,166.801112874349,22.6964014447719,128.510134061178,159.109712600708,123.439350922902,45.8011023201586,87.448655076977,119.594484965007,165.447822570801,108.968538724459,86.6253094673157,88.2956565555773,114.761653137207,144.366382598877,197.384170532227,115.943579466447,69.3318160833314,0,99.7466777429348,138.71510965316,135.013323535658,80.1367299761091,49.7051865567443,152.110504150391,15.7126048202027,0,128.690251385724,69.0057583833352,0,172.935333251953,0,0,39.712899516179,167.145309448242,163.179122924805,189.227188110352,118.582814317409,163.461563110352,217.248868669782,185.445546468099,96.7285745239258,128.158210754395,179.967063903809,0,152.423055648804,110.027877807617,113.702607405813
137.104101635161,52.3315766471878,93.5400499042712,67.4250910360735,165.085998535156,72.7473136901855,90.428165435791,149.87339852073,108.252178315193,116.411859866032,173.497734069824,16.5334278255721,133.874794642131,8.75104119354674,129.982291267032,149.28671056574,128.925184249878,77.574166930548,48.1989221572876,56.0584456920624,0,138.798231124878,89.9198508524633,109.361858844757,129.506299008605,18.2870588653702,22.2710888912615,38.4284752567653,156.187193477855,83.432941792806,143.265460621227,14.5238858327028,64.3960316975911,143.447268676758,51.5687000051076,0,89.9034983317057,135.358189053006,78.17548482011,205.253807067871,0,0,174.154968261719,205.497467041016,139.940532684326,211.690414428711,88.1075476669684,178.849006652832,61.4326108257659,0,157.422477722168,0,143.846883138021,89.516703410321,105.780636994735,216.502578735352,163.577880859375,101.944843292236,156.351787022182,192.387957255046,49.8167391908303,89.9242186742286,90.1744095066615,0,194.364395141602,174.718688964844,88.6507136286521,0,0,119.322892325265
15.3175101131273,118.248887252808,100.372402298562,77.2105983098348,93.4183281911931,27.3884045998381,32.4534777648154,43.9384212467383,17.6048815920742,72.3951561765488,39.3689040703461,84.1532297708902,86.395631506974,129.982291267032,8.45295319487705,52.9900842762593,132.341723124186,100.554016972984,135.291987464541,130.041071424297,88.9742916733471,90.2050044048263,90.0320502844724,95.8768535906857,88.0284047272038,162.917665209089,131.243639268671,127.494349479675,89.3776319177458,18.2368235479607,53.3939878890743,150.045366113836,13.0793896832803,54.0134721821752,62.265453462218,150.755717595418,140.706454685756,169.298292838487,109.21759832473,152.08180732727,188.367233276367,156.250800009335,146.413236863542,172.931481170654,121.024421268039,172.654650006975,0,138.019003913516,191.871536254883,169.090875507873,161.29582824707,171.318603515625,187.087675306532,240.517868041992,236.6923828125,152.867167472839,158.291965115455,130.91630415483,174.680760669708,136.097308229433,205.153182983398,185.509799109565,171.27752342707,144.830485037171,174.86626095242,154.734791901152,0,184.367118835449,131.169044494629,172.465769086565
80.4851854497736,98.9522911874871,120.536151885986,86.446920981774,56.0476555307227,12.3653122238227,9.99985571865714,76.1374472975731,33.9558402429399,23.1932755869478,65.5259637870637,106.986852792593,14.3358521108274,149.28671056574,52.9900842762593,7.56061475670519,0,114.165222167969,0,138.960177612305,48.4274897802444,99.1276308695475,62.457426797776,126.485052108765,40.1914939126478,137.452740617232,148.333673095703,131.935603748668,73.9044934721554,42.7604209944519,85.4822998046875,0,34.0321398887081,67.0193901062012,51.2904353671604,0,0,175.221786499023,188.102874755859,130.951873779297,0,151.380989074707,137.333551679339,0,103.308120727539,161.521960449219,0,61.3302632967631,197.333053588867,167.767471313477,63.1464780171712,0,0,0,0,108.41304397583,147.935363769531,0,190.36653137207,129.82382329305,151.606338500977,176.467819213867,172.485725402832,152.165333557129,0,143.423934936523,0,207.969116210938,0,0
96.4307738217441,55.2696058713473,78.4704051893585,38.4341782046182,67.9225540161133,0,133.099561055501,94.2953544616699,122.902464294434,51.7737245559692,127.745866775513,129.514876229422,0,128.925184249878,132.341723124186,0,13.2990124046619,98.7658100743448,0,125.03978729248,0,23.712563814418,28.6828019944158,21.9358945180685,27.6242668928107,108.220482417515,104.944773223665,28.9221443494618,44.3376861706198,79.7415001065123,73.0382906845193,130.070897420247,128.319564819336,52.6703876919217,77.8313118187157,126.787372589111,117.92395324707,130.353428310818,48.6433362172062,121.022068023682,0,160.075136457171,143.342413443106,187.007901509603,94.7856224060059,161.339699485085,0,143.254428863525,0,170.04126739502,0,70.3264022118668,140.032514051958,0,162.492416381836,118.41429901123,113.256033806222,58.0825231084564,103.534219049987,109.82374227482,151.161972045898,164.799005126953,115.150081070987,119.034825272447,130.745386335585,110.508096978603,0,0,103.265420532227,123.683204174042
80.4619273999252,55.4786426868845,36.8869494444912,59.2255381837183,137.46565732089,74.428596496582,136.07690930834,92.3638571494788,118.347559445576,130.719280340733,127.472680859449,48.8976260398394,157.759449005127,77.574166930548,100.554016972984,114.165222167969,98.7658100743448,9.65107481547552,47.7315869635078,22.9983241457228,161.448059082031,50.4839884646846,84.2070966200395,18.4656525697894,124.998118720712,67.6981707073393,29.9174340465424,61.6188174378503,120.598713829404,82.1742477723506,63.312792878198,75.7689785427517,141.850929260254,75.4289509646864,30.2024295545408,177.712321690151,83.1109689151539,102.123497450921,68.4979270131964,234.14599609375,0,199.221964518229,167.745138845136,199.17293267501,143.154187011719,196.529470825195,126.525155639648,207.362403869629,123.850483194987,185.732553818647,221.301010131836,129.3733543396,103.093607858511,118.795937347412,114.630463708805,0,154.585854085286,93.3666195339627,125.279099565871,180.509801916174,93.7912200927734,98.4643210168254,99.9614129106174,171.159393310547,177.040686471122,160.248977661133,130.7602000517,228.175552368164,141.227928161621,119.69011522376
121.263926188151,61.7410507202148,82.8135851346529,74.9497698003595,0,79.9744822184245,138.065834999084,161.030267333984,103.411082341121,160.47815246582,173.650461832682,17.4650152379073,0,48.1989221572876,135.291987464541,0,0,47.7315869635078,6.61298594218705,10.5106446149572,0,105.631870269775,0,79.6646281348334,156.966506958008,44.6911511421204,15.0878237620526,76.8692701386242,158.938835144043,83.1530598499736,104.652402242025,49.6069851430257,75.9201889038086,100.322875976562,55.9573947350908,0,0,149.456298828125,77.4904251098633,0,0,0,0,0,0,0,104.238800048828,0,88.8300777011447,0,0,0,155.9641456604,97.4079971313477,103.78145980835,0,0,0,160.682764689128,247.774124145508,65.1347563987555,96.699748814663,94.0326780937087,210.639663696289,0,159.57600402832,99.6727352142334,0,0,0
109.774485118354,62.0951565013212,72.1916266969476,60.8935977543626,163.816497802734,78.1327247619629,116.872058868408,126.374382813772,137.853211296929,131.511293411255,173.312162919478,18.3573795360013,125.461284637451,56.0584456920624,130.041071424297,138.960177612305,125.03978729248,22.9983241457228,10.5106446149572,9.55413706068508,0,97.3302746488337,109.270080117618,68.7670465773279,138.933319854736,40.5095624010225,20.6151418658689,64.1942400107138,141.786723086708,99.8848607957978,96.2732873254893,52.2535981814067,91.749382019043,93.9831513977051,46.9479415429143,192.009521484375,113.265132359096,125.135399789521,71.1797673425009,0,0,0,218.733779907227,0,0,0,85.1183712299053,0,93.8934952231015,181.998565673828,0,151.313171386719,121.6694948601,96.3613930442117,103.342711026551,0,163.560287475586,120.42374420166,161.455913543701,189.630546569824,67.0074074541936,94.2941575374272,93.9765619550433,174.959602355957,0,163.219955444336,101.808463756855,0,161.210906982422,113.034581756592
77.8165647718642,129.694198608398,170.491815567017,73.1772528330485,14.8159080773196,124.965800476074,38.6266531019848,68.6056577868578,80.4943469365438,47.6762761922983,19.8083415533674,133.45475769043,16.9448810468187,0,88.9742916733471,48.4274897802444,0,161.448059082031,0,0,11.204855738808,200.997177124023,89.0471725463867,157.459766387939,23.0901520035143,155.369705200195,175.187866210938,146.036370595296,32.3242484113501,91.8216236338896,152.273075866699,190.461364746094,116.121309916178,101.294967651367,88.1204791022736,154.762596130371,0,211.920873006185,85.4783084575947,134.045118649801,0,136.770810028602,138.848552852482,153.481847974989,96.9909537986473,144.408356119375,209.610198974609,20.9705054077328,0,154.134279886882,107.443404388428,170.97102355957,0,0,0,101.241621120556,134.445190429688,165.919296264648,194.402694702148,119.805207276956,189.388427734375,244.069351196289,176.176109313965,133.689863700371,161.892433166504,149.704396565755,0,156.101791381836,0,171.6998046875
59.8888980587827,86.784384727478,63.8775305274012,51.4778314772795,84.4020614624023,94.6092987060547,109.514243975078,56.5943288108708,95.6108925320687,64.8505718577992,84.8268413837139,90.3433961383367,96.9401718139648,138.798231124878,90.2050044048263,99.1276308695475,23.712563814418,50.4839884646846,105.631870269775,97.3302746488337,200.997177124023,11.1265262726395,52.7217559444371,26.2716444541654,40.5435745151705,125.847600301107,105.955030027642,65.4588221124423,25.1408286421907,55.0114269299518,23.0372865477369,133.671204566956,157.860015869141,50.7058316024382,48.8298362420697,122.711201594426,100.796653747559,135.803081975919,65.8925539214036,145.422984313965,0,161.167612249201,143.683005809784,177.02015616677,98.4853160381317,147.312259991964,203.371406555176,149.105463663737,192.104843139648,153.903606214021,0,109.105123198081,158.198128382365,232.0556640625,189.619682312012,0,116.563070150111,72.2148988165823,118.465818234575,114.089325369858,165.455514526367,166.880283521569,139.510194480014,121.255609402414,132.777462933515,115.633507301653,202.071517944336,0,114.782912118094,113.112243652344
55.6446123950054,23.1809755806011,53.4741262708391,21.5817735385991,77.2535911560059,0,99.2990316575573,61.9268821323191,94.5302445285292,20.0713654664458,103.034142987481,93.3927453024345,64.4172310829163,89.9198508524633,90.0320502844724,62.457426797776,28.6828019944158,84.2070966200395,0,109.270080117618,89.0471725463867,52.7217559444371,9.61419543639463,52.5970214628444,32.3831263175901,74.5337363911061,91.7394609175665,39.2553970171539,58.6281832613686,68.2233721522962,54.1759292621565,113.933163395634,108.334696451823,55.4556806087494,62.1029240680426,84.9010908944266,89.3275566101074,83.0621607609284,12.5539931845001,110.28356552124,0,126.904406229655,96.7389886275582,154.68217086792,18.8094374868605,136.601825714111,207.072196960449,123.383087158203,121.527655029297,124.267402648926,155.544639587402,51.8959297180176,129.803339004517,139.632690429688,117.556592305501,102.392585754395,80.3104318441804,28.9512201266342,73.802085649645,73.1806394759923,105.190343856812,140.151228768485,73.3783445768459,91.6961937225122,128.241461753845,81.0981882067694,156.830729166667,0,87.7430849075317,89.1694746751052
77.0966653477761,74.8712552751814,30.9906385453393,52.7088822477004,113.651810509818,143.311123847961,115.964891157221,73.3343319592669,103.9259118696,97.424965048736,93.1374864601117,79.7755523214535,166.801112874349,109.361858844757,95.8768535906857,126.485052108765,21.9358945180685,18.4656525697894,79.6646281348334,68.7670465773279,157.459766387939,26.2716444541654,52.5970214628444,13.965333884404,74.9983896826143,113.082233428955,84.8031017759416,41.6698011391622,55.8323437692366,74.9475283131988,45.8038794823881,114.532346205278,148.941416422526,62.6468830108643,38.8548421114428,161.062072753906,91.5741467598157,102.36337753517,84.9274452405098,184.998458862305,200.197006225586,178.428090948808,158.646101122705,179.867312995755,142.81965637207,169.239147044994,155.501930236816,182.899429321289,154.577224731445,169.869638119104,0,97.756645754086,132.266002165966,172.178684234619,146.861674717494,247.71630859375,116.631553929615,67.325590493092,106.098225678607,129.405935349003,155.793930053711,136.422723681721,102.86875765802,134.944554408783,168.823182192716,115.321291138144,162.873809814453,224.214004516602,106.322008768717,132.372686505318
65.9266085402093,76.4969263165911,93.8946546076987,44.1327702111078,23.5724350364532,117.08031463623,77.4752262946502,59.9440395262054,91.8693035555984,20.9820214083153,55.607943618336,137.162944882415,22.6964014447719,129.506299008605,88.0284047272038,40.1914939126478,27.6242668928107,124.998118720712,156.966506958008,138.933319854736,23.0901520035143,40.5435745151705,32.3831263175901,74.9983896826143,11.6976892663054,115.147686598997,123.237589651494,76.7348419256641,20.8092412271339,81.2948851561346,72.7704169614815,148.461869812012,122.698344167074,68.346859224381,85.21413946531,121.822441935539,135.143393296462,153.707159780687,63.7744633054366,105.709458212251,168.878383636475,118.653636591058,119.755030984844,142.245494005157,76.819411783633,124.577726994531,193.310777936663,105.836468615876,179.813995361328,143.051858435373,101.300479332606,117.117505703942,170.244691848755,205.400317382812,217.826037597656,106.129861722674,123.72925614529,91.7648582052677,136.484614196914,105.748222175898,155.858501434326,171.656704642556,149.485536071777,115.558850330331,139.867364039187,120.332311995699,0,175.232745700412,117.15416935512,137.807277325502
132.273568289621,29.2001924905456,96.5103325477013,44.9674766811866,159.687698364258,0,169.049105834961,134.313065422906,171.20553894043,102.567272188975,0,31.3884675593015,128.510134061178,18.2870588653702,162.917665209089,137.452740617232,108.220482417515,67.6981707073393,44.6911511421204,40.5095624010225,155.369705200195,125.847600301107,74.5337363911061,113.082233428955,115.147686598997,10.4476793434962,39.6805265594531,29.1581624957373,138.68702902445,97.6093516031901,136.210604985555,49.2248850314417,73.2747001647949,125.163047790527,59.0284126584775,178.900680541992,87.9603373209635,133.127874101911,77.0062970055474,178.477183024089,0,198.782531738281,171.478904724121,0,136.31309000651,193.920799255371,68.2535469055176,191.571533203125,61.4265605902966,248.917602539062,0,149.41096496582,99.6500053405762,88.2627261666691,88.6970518203009,0,137.809860229492,0,144.062052408854,166.745937347412,39.4683698614811,82.9632525592527,78.3654073201693,187.302301025391,0,205.696212768555,85.5379954192598,0,0,140.211204528809
109.181480862802,51.0771934903901,34.7955256019614,45.1150907279018,140.2670378685,96.1057464599609,151.747159813935,131.240918360347,145.400453627737,126.085351785024,149.486612467506,22.0352472050173,159.109712600708,22.2710888912615,131.243639268671,148.333673095703,104.944773223665,29.9174340465424,15.0878237620526,20.6151418658689,175.187866210938,105.955030027642,91.7394609175665,84.8031017759416,123.237589651494,39.6805265594531,11.5729680032571,33.5172155032486,128.258114798467,108.17333866167,106.166935076032,22.5011586145344,108.387050404268,102.683006182109,55.4163570137736,168.555995686849,81.7877463079562,107.908621002476,60.8730591447561,0,0,211.150131225586,182.119270019531,192.338644316702,180.220630992543,201.739177997296,95.200580885916,0,92.9507994911887,193.495804496433,180.501998901367,139.226616821289,101.429221690153,97.7597691011147,94.9093023920409,0,162.120540800549,117.383213890923,137.564611020296,171.23835334225,63.8602534556018,87.5716977473566,90.531433861296,182.184770003609,173.964556217194,165.496987915039,105.256762480124,156.256973266602,0,113.159277625706
113.3746922478,27.1082808697929,27.6320121195,38.699888504938,131.230680011568,135.335819244385,139.702172160149,113.331882171261,131.980519404701,105.638394705437,130.585358638891,48.1503146991049,123.439350922902,38.4284752567653,127.494349479675,131.935603748668,28.9221443494618,61.6188174378503,76.8692701386242,64.1942400107138,146.036370595296,65.4588221124423,39.2553970171539,41.6698011391622,76.7348419256641,29.1581624957373,33.5172155032486,16.8161855977339,73.6220913250589,115.537050725929,104.742113632452,31.7824858901936,109.409448242187,105.64225853814,65.0731773851817,158.814994399612,69.8635961154035,93.2021899112306,54.0252185393717,174.338760375977,182.167434692383,187.305543999923,160.205284093136,181.163399590386,148.927781241281,179.65522644043,106.608885106032,182.235560099284,96.7435020972943,173.444519200276,184.301441192627,93.5791764632239,105.651705672101,104.90975164126,106.108167422548,177.443141937256,125.986990960521,61.3405729869316,101.793514480287,149.999674807313,66.1629503019925,94.2171628284077,92.3618372411881,149.592779581363,175.111182517194,146.79898622953,108.282729797363,194.297294616699,148.273439407349,119.31974875927
68.3811396632139,102.370424906413,82.8881876083845,56.6363873938621,14.8402365622806,120.315239257812,67.080969777556,30.0137325438853,91.6690070560599,52.6280992393707,31.1194011474869,136.706289382208,45.8011023201586,156.187193477855,89.3776319177458,73.9044934721554,44.3376861706198,120.598713829404,158.938835144043,141.786723086708,32.3242484113501,25.1408286421907,58.6281832613686,55.8323437692366,20.8092412271339,138.68702902445,128.258114798467,73.6220913250589,12.3545135760138,82.3668688328476,46.0883622146055,159.90396659605,122.210236590842,63.2961767944224,76.1542505582908,123.801397150213,154.790548052107,156.010727920101,88.9530899935755,135.35464022782,181.226020812988,144.320863160338,130.130795811182,155.90678964291,101.435962502616,148.960689875023,204.13773890904,105.680202447552,216.638473510742,153.982397360245,125.512423334895,124.811079211351,173.287440131692,201.125493367513,183.098134994507,128.450249883864,126.645456798041,94.0396455496796,140.53342285402,116.07098034414,182.909774780273,184.274349137849,146.912687000994,127.521446358971,147.268175942557,125.163882869305,0,178.805943806966,128.194683074951,146.741763830185
16.8496660755818,106.791955675398,112.140124284951,67.5486744769982,91.6534497320315,19.1810412213982,34.2977251377414,69.4910478024141,28.9018188462026,72.0614888472635,88.3763742244669,47.6263868710143,87.448655076977,83.432941792806,18.2368235479607,42.7604209944519,79.7415001065123,82.1742477723506,83.1530598499736,99.8848607957978,91.8216236338896,55.0114269299518,68.2233721522962,74.9475283131988,81.2948851561346,97.6093516031901,108.17333866167,115.537050725929,82.3668688328476,8.71745527180703,26.1618427740159,108.019629738548,10.6134838871883,15.7651976942374,37.3841423950858,143.501453944615,146.777465820312,170.500402865203,97.7204741044478,167.806709289551,0,170.136188983917,155.292114555062,182.859052074199,111.889020495945,171.570362958041,212.283020019531,130.552665876306,0,171.953022801599,167.370391845703,121.419908311632,169.860078599718,180.576568603516,0,155.459169660296,133.144864508446,118.141092427572,165.646905338063,137.606221159844,169.827293395996,157.688154027082,162.58120400565,142.492749672937,165.440793470903,138.224418350413,0,195.595642089844,161.803709030151,154.483228984632
28.863722035647,99.7044255574544,79.9788392520843,54.662782119442,102.063426017761,136.209508260091,100.522812690735,18.6071705196064,82.1244029684956,56.2978711628782,65.9608360290527,106.369606733322,119.594484965007,143.265460621227,53.3939878890743,85.4822998046875,73.0382906845193,63.312792878198,104.652402242025,96.2732873254893,152.273075866699,23.0372865477369,54.1759292621565,45.8038794823881,72.7704169614815,136.210604985555,106.166935076032,104.742113632452,46.0883622146055,26.1618427740159,9.20921111417012,136.941920193759,123.29875087738,31.1264235276564,36.4747356281855,127.590685330904,137.854591369629,150.7264249032,71.488249319571,137.827085222517,0,163.238592965262,134.383364444309,158.953167385525,106.154429787084,156.045882873535,184.846237182617,158.850288391113,193.392242431641,147.609689712524,141.616218566895,106.096620746687,163.478113810221,216.236145019531,174.181625366211,151.92854309082,119.18161699162,76.1501687186105,127.250647034308,117.996276855469,183.583267211914,153.246191660563,149.480198253285,123.843047911418,136.968071786981,118.947338913426,0,0,124.824381510417,132.795105860784
141.135011945452,71.9083209913604,91.3473929652461,71.2886687384711,166.867416381836,97.8909225463867,142.757973988851,166.03971862793,161.396826850043,138.48724815173,175.471961975098,25.8654178200866,165.447822570801,14.5238858327028,150.045366113836,0,130.070897420247,75.7689785427517,49.6069851430257,52.2535981814067,190.461364746094,133.671204566956,113.933163395634,114.532346205278,148.461869812012,49.2248850314417,22.5011586145344,31.7824858901936,159.90396659605,108.019629738548,136.941920193759,8.61917060243208,91.9644680023193,134.35878944397,67.3621121064567,0,109.312192281087,158.668738228934,88.5423934459686,0,0,0,197.339836120605,238.906387329102,0,0,94.5070621266085,0,88.8899873026301,0,0,168.736053466797,141.716865539551,103.641925548685,105.537551216457,0,184.701721191406,0,196.287907918294,202.264274597168,67.9641312541384,101.918353843689,97.5868896734519,213.088134765625,200.09895324707,183.23893737793,101.092400868734,0,0,146.852924346924
86.0045394897461,0,137.09939956665,111.753784179688,137.406356811523,10.1187333372908,15.2631785618217,119.594476648279,11.1849518409814,112.931237357003,114.279849243164,51.8294246121772,108.968538724459,64.3960316975911,13.0793896832803,34.0321398887081,128.319564819336,141.850929260254,75.9201889038086,91.749382019043,116.121309916178,157.860015869141,108.334696451823,148.941416422526,122.698344167074,73.2747001647949,108.387050404268,109.409448242187,122.210236590842,10.6134838871883,123.29875087738,91.9644680023193,5.34179752344695,71.3995895385742,33.9060569372442,0,0,0,130.812683105469,0,0,203.680191040039,0,0,0,201.142272949219,0,0,0,0,171.913284301758,0,0,0,0,0,0,0,0,171.554082234701,0,131.014984130859,155.811386108398,195.912078857422,202.045875549316,149.675262451172,0,0,185.583953857422,0
26.0867573999063,121.956663131714,98.021499366091,59.1436565732493,81.6474634806315,0,84.5822549749304,63.9123501678308,96.757599898747,60.5582337838632,85.8894867723006,91.4786724514431,86.6253094673157,143.447268676758,54.0134721821752,67.0193901062012,52.6703876919217,75.4289509646864,100.322875976562,93.9831513977051,101.294967651367,50.7058316024382,55.4556806087494,62.6468830108643,68.346859224381,125.163047790527,102.683006182109,105.64225853814,63.2961767944224,15.7651976942374,31.1264235276564,134.35878944397,71.3995895385742,7.20947928282679,27.5787048983414,124.607650756836,104.495025634766,139.832669258118,88.2593445248074,0,0,142.538963317871,133.408117294312,154.380043029785,99.9022026062012,143.385644095285,0,0,149.314315795898,140.609086990356,217.142669677734,91.2768249511719,0,0,148.061492919922,147.921127319336,112.181184387207,73.582829284668,165.166098458426,121.058449881417,0,149.050654093424,140.177006061261,123.074710961544,152.033396402995,107.036954879761,0,0,125.042964935303,87.1621055603027
53.4195375623812,60.0783488358123,58.5538034408307,60.3953904813053,90.2325600279329,30.2208960007648,59.3156721670983,78.0852109523898,66.2637903423985,84.1215111840632,89.7819019903584,27.9180155919944,88.2956565555773,51.5687000051076,62.265453462218,51.2904353671604,77.8313118187157,30.2024295545408,55.9573947350908,46.9479415429143,88.1204791022736,48.8298362420697,62.1029240680426,38.8548421114428,85.21413946531,59.0284126584775,55.4163570137736,65.0731773851817,76.1542505582908,37.3841423950858,36.4747356281855,67.3621121064567,33.9060569372442,27.5787048983414,10.8813306542376,163.819113595145,76.5216397824495,107.58721496504,76.0916941960653,163.342170715332,191.284118652344,164.148680947044,150.510694848486,177.224356034223,111.175455365862,169.652921529917,121.709224354137,121.63622156779,105.513862609863,177.653170417337,139.700571060181,110.034641559307,120.282414638635,121.5038134257,116.461094308407,141.941661834717,135.555670383998,79.6722506009615,116.215683008009,139.505898611886,94.5723939783433,108.089717595429,105.930533179107,147.025654418559,172.648571014404,146.673801188566,127.142112731934,0,0,145.140677642822
143.466924667358,0,148.836382635709,80.3408544980563,156.019097464425,0,173.31403986613,137.103007923473,148.927792867025,93.1321006188026,155.227799155495,0,114.761653137207,0,150.755717595418,0,126.787372589111,177.712321690151,0,192.009521484375,154.762596130371,122.711201594426,84.9010908944266,161.062072753906,121.822441935539,178.900680541992,168.555995686849,158.814994399612,123.801397150213,143.501453944615,127.590685330904,0,0,124.607650756836,163.819113595145,12.241212255266,103.0089501601,107.8307278363,64.7016124319523,87.0676970915361,63.6320435206095,87.007346591434,39.8587101842405,44.1469371290694,64.634367412991,85.7123377007673,116.382573245616,98.5747339202136,134.153400714581,14.7092292533363,98.4978459676107,135.347935540336,107.182463483113,125.534721808,116.450104073302,85.0559967888726,85.4208059449127,87.6852634747823,98.613481575588,81.3219455320444,115.319008890788,115.316664971246,116.611766836819,80.8912613142154,21.3195615932281,24.5188105195844,144.92109375,65.99560054656,19.4271454898627,44.9451673123179
122.748840332031,49.7716972827911,73.2789055232344,59.2406520545483,149.504997253418,0,172.658181762695,145.067451477051,204.918802897135,114.31206703186,151.481648763021,0,144.366382598877,89.9034983317057,140.706454685756,0,117.92395324707,83.1109689151539,0,113.265132359096,0,100.796653747559,89.3275566101074,91.5741467598157,135.143393296462,87.9603373209635,81.7877463079562,69.8635961154035,154.790548052107,146.777465820312,137.854591369629,109.312192281087,0,104.495025634766,76.5216397824495,103.0089501601,6.86821737004389,40.7214531855797,23.9906389398292,109.463548932757,0,136.137320382254,107.597971674908,129.906699851707,67.3163057780532,142.766996383667,77.740660050336,96.3575382232666,55.6127502584012,119.409429713658,99.461372258113,58.5670424126959,53.8641117383849,77.7183100382487,58.6955514827245,0,84.6696064892937,16.1200693286133,55.1937516920855,80.0795050769771,15.2718479125341,45.3851813567497,26.6799065367178,99.5028825313487,118.8827035692,100.011015274945,85.980038729581,0,124.295509338379,60.7373013929887
