11.3567718094744,142.143025716146,120.413640352396,82.5964689826965,87.6575327092951,72.4925003051758,91.9021298428799,35.1928113606625,53.6572644636157,74.2210953656365,51.3106559000458,108.683179582868,94.3011771308051,146.947195053101,19.5889429178572,108.262916564941,128.709367567493,104.150883357472,140.447595868792,124.651984373334,94.9998118082682,88.832428610088,93.0191296278828,98.5979870627908,76.5160328509539,0,139.492429166227,138.863085108592,81.5122671376104,19.9830953401156,29.9003246890894,155.011711120605,85.3675319126674,56.7806384393147,83.0094189690155,142.980189005534,0,159.921890258789,0,115.555516560872,0,168.893295288086,142.521891021729,178.198635864258,109.721439361572,188.982554844448,0,192.185806274414,0,181.905582972935,0,136.275398254395,225.709915161133,0,0,0,0,0,180.284957885742,135.562229156494,0,0,178.679798380534,145.613977918438,165.103622436523,144.041543688093,0,0,151.689966837565,161.983152389526
142.143025716146,6.68278369945582,50.0632291016755,24.9280348199787,107.231695175171,0,140.688789367676,140.964852968852,155.853793334961,73.2579673820442,233.502029418945,73.3925085067749,95.7730662027995,52.0734339618683,146.035089346079,111.891038747934,45.391196568807,62.716143422107,88.0169896443685,71.7296297216928,0,122.169420878092,12.6109931189287,90.8364767286513,83.3975608393831,25.8219032533007,66.2159227838322,29.8623676917121,107.645938110352,134.956289247025,116.097635101854,81.3754980904715,125.344276428223,133.463009643555,76.3549133548892,0,15.0499942832523,61.7331699680638,57.8032830556234,0,0,0,141.51501083374,0,169.254180908203,0,145.127777099609,0,91.0059022903442,0,0,93.7488655677209,74.5506742265489,0,105.91194152832,179.356750488281,0,56.9479637145996,88.1348658970424,113.988306681315,58.1045780181885,92.7358659597544,58.588872546992,148.759971618652,170.462921142578,236.231567382812,0,0,0,105.916767120361
120.413640352396,50.0632291016755,19.3835431959766,47.3707984034755,120.62678471318,209.580230712891,133.802192353854,104.401399217276,130.935484743909,112.459341891976,124.369780915124,97.2693066672673,152.910073416574,92.0261444091797,130.655334694958,143.597794342041,72.9899718022001,47.7305325196778,101.4355980417,78.3811043880862,144.642989349365,69.8471004275678,47.0004126999404,35.8522851044509,103.944023711519,82.2509460449219,54.2223755418937,34.5376782642168,91.9683556827173,140.940031186499,98.3172733121764,103.360787658691,159.365741729736,122.743001403809,72.8032504643235,164.575004577637,57.4134304340069,103.713568691834,70.8989319801331,147.88215637207,0,0,188.499132792155,211.691253662109,153.779317220052,191.367622375488,0,0,0,205.993358612061,230.193496704102,116.581044701969,119.147944190285,0,161.167831420898,200.331405639648,139.711389329698,67.9264937756108,115.925172805786,156.177243825552,0,121.668692227068,98.6056902638547,174.230058327699,212.538955688477,168.094097900391,0,0,0,136.175104581393
82.5964689826965,24.9280348199787,47.3707984034755,9.7114407081103,59.7642878671972,111.002438863118,88.4813262163583,73.5836948931283,87.1363318588126,18.7973520618861,87.4102347502068,79.2714172307996,81.9904694190392,45.9217983881632,92.0180177813534,59.8888603448868,63.7769188982375,61.4292807124291,100.444678955078,66.6785104258748,86.5447305043538,91.5114921869016,18.0006976975297,64.0991153717041,39.4664242389092,22.7093943851823,62.4668608502644,44.239351914475,62.5817016094585,87.0512430464575,64.6842225632348,71.3552436828613,136.257759094238,71.3921447753906,74.6177383910778,81.8191529938669,43.4948361023613,63.5869479649503,23.00917360057,81.1631970582185,0,120.574751927302,74.572954074903,116.563546614213,46.8905561343733,102.859174893226,158.357452392578,116.379814571804,71.240131855011,104.631798578688,90.881852722168,76.0854158511107,94.7907781052863,121.81031703949,94.2569997310638,86.4356081220839,106.12505193857,65.7525896448078,96.5592726555423,53.9509151791542,39.0113427197492,88.1975652395961,56.4225870972973,72.9049667470048,94.4696923771149,77.3351783328586,104.091016387939,126.285640716553,84.2489102681478,87.100889512709
87.6575327092951,107.231695175171,120.62678471318,59.7642878671972,10.7509080359645,110.520622253418,63.7117727326184,64.2376695997015,89.1612429822612,42.0877791416622,44.4692260530037,167.108053588867,35.6010583433787,153.685913085938,101.921141302307,61.5056024982083,96.2621212005615,137.981701499537,0,168.585372924805,14.8282279581372,95.7759963989258,58.0668795166016,119.375727451209,17.8002924276452,135.660461425781,156.021951822134,138.244780178728,22.2197258074181,98.4929324879366,79.2915548436782,0,174.919883728027,81.0808083057404,96.2504716560022,163.285865783691,0,174.040203094482,93.85546875,20.6980195130915,0,143.739269077778,140.743116929796,168.877137343089,86.2287111670021,107.375725341678,0,34.5295567512512,187.261016845703,171.562197875977,87.6939303080241,122.420726776123,198.657485961914,164.201034545898,0,19.3236845796459,135.944442749023,124.005238850911,193.081878662109,103.024631307366,0,207.834423065186,199.780513000488,90.3783490382084,161.405630454039,164.702531814575,0,221.368835449219,135.507718404134,154.986609564887
72.4925003051758,0,209.580230712891,111.002438863118,110.520622253418,7.4160999463801,10.6488845791086,126.384485244751,13.9859954021804,57.4986965656281,108.859401279026,56.5508198056902,68.9778572820848,86.2317786216736,36.939423084259,16.7671780827275,0,0,78.5592269897461,0,111.888478088379,100.452880859375,115.834224700928,0,79.6400410578801,0,201.536249796549,171.898391723633,121.519732157389,22.1056793261383,106.123212178548,0,10.9902574839321,135.303512573242,30.4206505181654,0,0,0,0,0,0,0,0,0,0,0,0,0,0,0,0,0,0,0,0,0,0,0,0,0,0,0,228.679534912109,127.80492401123,0,0,0,0,0,0
91.9021298428799,140.688789367676,133.802192353854,88.4813262163583,63.7117727326184,10.6488845791086,9.64545542355787,62.1582059582053,22.4435406613347,69.9467680931091,32.9315136317244,89.8589094838788,20.0513646973562,89.396890048323,37.5291621170159,14.1327664584391,131.574919382731,137.582029907792,176.303428649902,165.728722220973,50.6957333593658,139.404879570007,104.942284992763,123.405026687859,71.7593536024466,0,153.956793467204,154.047667926291,67.8241432575697,56.7188111419958,106.536512021665,141.757100423177,31.6871380907033,88.7898601150513,85.3051363828952,168.030612182617,151.9248046875,215.669845581055,104.547653198242,114.364972774799,0,168.435172017415,152.765955788749,176.386027249423,128.187429948287,166.360795135498,239.289993286133,105.650598907471,0,183.027419478805,0,148.458887736003,224.862823486328,0,231.584991455078,143.560865922408,0,148.147930908203,0,132.57592793,0,0,192.236770629883,152.210252543858,181.888809595353,152.352409362793,0,236.596939086914,145.853262329102,161.984688498757
35.1928113606625,140.964852968852,104.401399217276,73.5836948931283,64.2376695997015,126.384485244751,62.1582059582053,14.6206720048805,59.1069141371594,61.4570585765766,30.0309037114277,148.19897661711,61.2856378941923,158.108692169189,53.1584525975809,81.5799997936596,96.8527926463001,110.34775877433,154.191992623465,137.305118014576,94.53261891807,77.1124561135714,82.386389153493,93.0436766427402,58.3505335807425,158.815909249442,135.693237878326,126.021489612286,32.7243328246493,79.7603864464992,33.6919126702808,172.613508224487,133.899366959282,75.1576516294601,95.083426434816,152.728371981917,130.220397949219,189.046555836995,116.460675239563,132.06842250824,0,153.873732043851,143.050151952108,170.645396854566,106.998635864258,154.112690887451,215.23942565918,132.211772918701,0,175.285428237915,0,135.179720379057,202.635444641113,0,0,147.908983866374,152.121605767144,110.978088887533,168.372616767883,118.454239774341,0,230.666625976562,183.333995653235,139.177111108475,169.516037566752,143.140938789614,0,189.038314819336,136.059752244216,154.325083532999
53.6572644636157,155.853793334961,130.935484743909,87.1363318588126,89.1612429822612,13.9859954021804,22.4435406613347,59.1069141371594,10.8589656668235,85.31403892731,43.5445569518281,75.6921674167777,54.1626388991731,83.051430599295,22.4968552963388,31.4034349234529,147.45376423427,130.360853865064,137.67991264499,148.870238524657,77.320730789848,108.379321195641,105.047987813535,117.351889686106,83.9519852001059,92.9379634857178,153.7705974466,149.371843008768,82.9096360650977,50.0064320128451,75.0868064575703,138.053940909249,21.6636059461565,74.5782237582737,67.2429587408133,155.084212646484,185.97802734375,190.25122918023,189.864418029785,131.661694335938,0,183.677527109782,154.747992197673,187.184149242583,146.848770141602,165.636164126189,220.839736938477,133.042752583822,0,184.052854537964,141.303985595703,152.871297200521,237.307846069336,0,0,170.252578735352,187.469596862793,150.051239013672,207.266403198242,133.985623144334,0,219.060604095459,185.68623046875,154.740140087837,175.417082450759,163.640502929688,0,224.697138468424,155.991935143104,173.65791073361
74.2210953656365,73.2579673820442,112.459341891976,18.7973520618861,42.0877791416622,57.4986965656281,69.9467680931091,61.4570585765766,85.31403892731,7.26197537141611,78.6365548363028,143.587022145589,10.6004041311077,119.921967983246,88.8431125860105,24.3752054256919,69.6016749213724,130.763221010249,133.549830627441,143.621666612296,42.2721636301544,108.164985069862,30.7229150507866,117.623637525341,15.9659494889858,105.166841756886,132.324935559873,111.258752045895,63.0670561982224,85.1070193213386,65.0459657106998,0,125.722587585449,70.5069757467843,90.6420548974651,111.815950775146,101.346244812012,0,23.3921298980713,90.4225957870483,0,127.023914337158,95.0718523661296,152.394245147705,49.7583287146784,112.281658717564,0,95.3960900306702,203.810791015625,173.127141952515,0,0,0,0,215.923965454102,94.0422129631042,0,57.9346294403076,177.746475219727,71.7329687303112,0,196.427403767904,180.514219495985,102.939227503589,136.913566589355,126.465273539225,0,0,125.260101318359,129.728753662109
51.3106559000458,233.502029418945,124.369780915124,87.4102347502068,44.4692260530037,108.859401279026,32.9315136317244,30.0309037114277,43.5445569518281,78.6365548363028,18.6515584208144,146.357978889534,34.073978579239,164.918872833252,61.2161164531923,74.4189947945731,119.033140622652,132.062532730103,168.056613922119,160.192691696024,28.1430905316527,97.2418772260719,107.204710111513,112.132762001945,62.5530500696859,168.738708496094,153.245944077114,149.438955761137,40.4000610170589,103.607229578146,74.1411207941059,188.542124430339,126.994732750787,91.3172456149397,107.150631337552,166.513785914371,181.008499145508,204.057630750868,127.3062915802,85.6668432307116,0,176.190822347005,153.327597045898,185.040952180561,111.4685454242,166.250599014425,233.418716430664,95.4346200448495,0,185.765549753226,177.150490897042,184.454655965169,214.172770182292,0,0,157.908030192057,188.896514892578,142.835894266764,194.399711608887,130.069119477449,229.594604492188,225.106996324327,192.865070766873,156.803191956779,179.465402739389,176.830708639962,0,233.137761433919,161.323625110445,177.796774471507
108.683179582868,73.3925085067749,97.2693066672673,79.2714172307996,167.108053588867,56.5508198056902,89.8589094838788,148.19897661711,75.6921674167777,143.587022145589,146.357978889534,15.621393281308,135.560157457987,30.6393157504081,79.2693557287121,124.133903503418,110.950818743025,75.2820050636927,26.9066134745811,27.5061217386958,145.801345825195,86.9940727820763,110.893930707659,99.1130438189135,147.24101298196,35.8290333546383,35.3837202560077,56.9542355335439,149.533902075983,52.6646381696341,98.0242861370708,49.9635203437844,60.1672633795569,95.5801190462979,24.979622519038,0,100.705867767334,167.788223266602,84.1542945861816,0,0,0,192.36051940918,0,0,0,110.454627990723,0,73.6748859829373,0,0,0,0,94.4539108276367,0,0,0,102.650787353516,188.894813537598,217.073837280273,62.4724631839328,123.473305838449,93.8055633233518,214.659961700439,238.874443054199,210.91574605306,98.2047653198242,0,0,202.275894165039
94.3011771308051,95.7730662027995,152.910073416574,81.9904694190392,35.6010583433787,68.9778572820848,20.0513646973562,61.2856378941923,54.1626388991731,10.6004041311077,34.073978579239,135.560157457987,13.3246920083203,162.619490814209,89.0176491515277,12.8694004240966,90.7286682128906,166.750286102295,134.46605682373,192.939221700033,19.1237086614342,0,74.0609594646253,134.585387166341,18.1631625451667,0,180.401058959961,152.866547775269,54.2533705472267,105.78349662846,116.400089687771,161.161376953125,116.513299730089,95.3785729041466,108.359442784236,0,170.135536193848,217.556243896484,0,60.7132116291258,0,99.8815705776215,147.089394569397,162.563909258161,109.072962834285,67.3700120156271,0,18.7041388239179,0,154.429161071777,61.2783063252767,0,0,0,0,64.6497889262874,0,0,0,122.94900894165,0,0,195.814147949219,130.854026653149,182.223477172852,149.383148193359,0,0,166.631637573242,191.778274536133
146.947195053101,52.0734339618683,92.0261444091797,45.9217983881632,153.685913085938,86.2317786216736,89.396890048323,158.108692169189,83.051430599295,119.921967983246,164.918872833252,30.6393157504081,162.619490814209,8.95404132706706,91.8018997192383,159.039774576823,120.544250488281,108.825202941895,53.3538295212791,83.6856534404139,0,120.318270365397,75.3528466369167,136.407066345215,132.737545794751,17.4186147330129,65.9502218923261,32.626539367576,171.492085266113,72.4210511263085,166.835593223572,31.1589659195579,76.1232999842218,204.934036254883,54.1901386442639,0,83.3973964344371,0,64.7358732604981,0,0,0,0,0,149.32194519043,0,139.480728149414,0,60.5255618476258,0,0,0,165.748168945312,83.4785474141439,147.216445922852,0,0,120.549839019775,0,143.336898803711,42.2701256188163,92.0524543762207,81.2763853028763,229.478866577148,0,0,89.78142674764,0,233.233795166016,0
19.5889429178572,146.035089346079,130.655334694958,92.0180177813534,101.921141302307,36.939423084259,37.5291621170159,53.1584525975809,22.4968552963388,88.8431125860105,61.2161164531923,79.2693557287121,89.0176491515277,91.8018997192383,12.3968209775577,75.0190939469771,124.583170509338,121.266799993565,135.756103250255,139.974976511172,95.6471268217442,102.167050755107,102.873891418045,112.611921422622,90.2779074602878,109.672497643365,150.871423736332,149.205842378154,93.3817344215396,27.8195775874285,58.3487867673163,128.929404667446,31.2469235536955,63.0536734374558,68.2547101057763,173.467447454279,180.674621582031,200.448875427246,164.816551208496,125.48019917806,0,190.102512613932,166.921907915388,192.560411022555,149.031416575114,186.370061074534,223.585975646973,152.424774169922,0,196.13691398425,190.363998413086,182.663940429688,0,0,0,192.538208007812,159.104530334473,146.108702765571,210.275051116943,146.013046982265,0,195.75728225708,194.414022391183,164.76081769807,186.112450760402,163.090141435103,0,0,153.594791412354,173.624566819933
108.262916564941,111.891038747934,143.597794342041,59.8888603448868,61.5056024982083,16.7671780827275,14.1327664584391,81.5799997936596,31.4034349234529,24.3752054256919,74.4189947945731,124.133903503418,12.8694004240966,159.039774576823,75.0190939469771,8.81481736862302,170.294357299805,157.22583285245,0,189.153709411621,49.8428822651562,126.478202819824,70.690089267967,133.863290786743,39.93878395379,134.79895237514,154.223190307617,137.601020683677,83.3495457224602,65.1641715302759,88.4776859283447,0,41.5135342066105,101.060708618164,117.547180175781,0,0,0,0,81.3488922119141,0,0,114.95923614502,106.352104187012,78.6280263264974,0,0,81.3107452392578,0,0,0,0,0,0,0,0,0,0,0,126.225914001465,0,0,0,100.667640686035,0,188.480621337891,0,0,0,0
128.709367567493,45.391196568807,72.9899718022001,63.7769188982375,96.2621212005615,0,131.574919382731,96.8527926463001,147.45376423427,69.6016749213724,119.033140622652,110.950818743025,90.7286682128906,120.544250488281,124.583170509338,170.294357299805,12.9457266406973,99.2109052737554,133.345756530762,117.151145271633,0,47.7683367350111,31.3427745606556,33.6272766387396,32.596191753598,97.4509404500325,107.979891235352,34.3061550100902,45.0510421002409,103.499244432192,76.135466018945,0,0,78.9860679347341,73.6545088334891,236.490447998047,104.071273803711,105.824328215226,81.7629165649414,0,0,0,142.495937347412,0,151.336883544922,0,0,0,0,147.8681640625,0,98.3865225861595,162.83323059082,0,184.225067138672,0,112.281591796875,59.1732895834404,104.170083298147,113.353495197911,0,0,106.20102156992,126.43463826734,160.114395141602,121.542595999581,0,0,0,132.430318832397
104.150883357472,62.716143422107,47.7305325196778,61.4292807124291,137.981701499537,0,137.582029907792,110.34775877433,130.360853865064,130.763221010249,132.062532730103,75.2820050636927,166.750286102295,108.825202941895,121.266799993565,157.22583285245,99.2109052737554,11.9524461265121,72.2484719109914,28.9662478082274,164.014027913411,70.141449498934,75.6511927801347,34.4642942914396,132.325398586308,91.7462832132975,37.5451262947651,69.37679590012,112.716577185768,112.810265360076,86.698511730588,90.7290424770779,178.260472297668,96.2554743650148,42.7905997004788,0,95.7969846725464,118.554338015043,78.5616273880005,201.055969238281,0,0,201.445037841797,0,240.410003662109,232.537376403809,0,0,147.110427856445,186.927764892578,0,136.452102661133,126.555804116385,131.493835449219,143.531684875488,0,0,97.3572452545166,134.284002130682,193.775619506836,104.55428314209,117.025160918365,113.731038256808,203.660130818685,241.374485015869,174.915168762207,125.297790527344,0,246.914825439453,144.855949401855
140.447595868792,88.0169896443685,101.4355980417,100.444678955078,0,78.5592269897461,176.303428649902,154.191992623465,137.67991264499,133.549830627441,168.056613922119,26.9066134745811,134.46605682373,53.3538295212791,135.756103250255,0,133.345756530762,72.2484719109914,17.6892178843493,19.6572932573297,173.210845947266,115.163902528824,115.823279244559,116.885368614866,175.99790763855,60.1960044436985,35.9866972435123,60.7654594165376,163.563438778832,112.279617656361,123.147927136925,48.7622816238403,88.1702657063802,121.410313129425,59.4108080295119,0,90.9024887084961,200.139358520508,79.4336347579956,0,0,0,0,0,0,0,103.480762481689,0,79.6116201082865,0,0,0,0,106.587203979492,208.078063964844,0,228.449661254883,135.0419921875,0,0,60.9858366648356,119.453262329102,98.0264861792849,0,0,0,99.2651863098145,0,0,0
124.651984373334,71.7296297216928,78.3811043880862,66.6785104258748,168.585372924805,0,165.728722220973,137.305118014576,148.870238524657,143.621666612296,160.192691696024,27.5061217386958,192.939221700033,83.6856534404139,139.974976511172,189.153709411621,117.151145271633,28.9662478082274,19.6572932573297,22.69970999754,165.737251281738,93.6724654741185,98.1667248725891,72.5134768183927,153.769666873707,63.9443826675415,37.7157930056573,71.8397233932007,139.330708176342,126.389991138787,106.800683130166,56.5047100612095,127.515794372559,106.435153787786,47.36187631072,186.139450073242,105.228713989258,133.186242323655,61.8037855625153,0,0,0,204.735010782878,0,0,0,0,0,112.070498875209,194.340362548828,0,155.968743896484,137.486194957386,97.3278656005859,146.309060668945,0,0,110.687680562337,161.37665049235,209.020116170247,89.1622123718262,116.055092755486,110.959721760366,210.021830240885,0,152.559982299805,106.010393778483,0,235.316055297852,157.11990737915
94.9998118082682,0,144.642989349365,86.5447305043538,14.8282279581372,111.888478088379,50.6957333593658,94.53261891807,77.320730789848,42.2721636301544,28.1430905316527,145.801345825195,19.1237086614342,0,95.6471268217442,49.8428822651562,0,164.014027913411,173.210845947266,165.737251281738,10.4935525078318,120.216684977214,104.898741722107,153.989891052246,21.8494646525979,150.937026977539,179.967700958252,168.77477125688,32.6023985525748,110.211184466327,123.402952194214,0,142.2783203125,98.6161636352539,112.556933811733,170.865179443359,0,0,131.146713256836,42.150775184707,0,157.608226198139,143.682573017321,163.650687898908,92.0709060386375,144.648283229155,0,14.3632392039472,0,190.834664916992,124.803871154785,0,0,0,225.396850585938,112.756726246254,183.928939819336,118.110153198242,0,113.078678619685,0,230.503890991211,191.563473510742,141.002943867231,183.253897625467,152.755950927734,0,0,155.560104370117,142.173538208008
88.832428610088,122.169420878092,69.8471004275678,91.5114921869016,95.7759963989258,100.452880859375,139.404879570007,77.1124561135714,108.379321195641,108.164985069862,97.2418772260719,86.9940727820763,0,120.318270365397,102.167050755107,126.478202819824,47.7683367350111,70.141449498934,115.163902528824,93.6724654741185,120.216684977214,13.2366256990197,60.8157168443386,37.0327540161415,68.2596729839077,0,107.736594904778,91.6047627138146,38.4845092241335,82.8207689858973,36.1708825539952,0,89.0967178344727,58.1561408481379,50.2174252349261,180.398681640625,0,143.188521248954,0,0,0,0,133.623161315918,228.420817057292,0,198.820022583008,0,0,0,189.624740600586,0,120.50146859976,0,0,198.68994140625,0,126.517141069685,75.7487652118389,138.97377159482,125.669880930583,0,213.088150024414,153.543917655945,134.077388830352,162.337076822917,127.925385908647,0,0,141.58455657959,120.958112080892
93.0191296278828,12.6109931189287,47.0004126999404,18.0006976975297,58.0668795166016,115.834224700928,104.942284992763,82.386389153493,105.047987813535,30.7229150507866,107.204710111513,110.893930707659,74.0609594646253,75.3528466369167,102.873891418045,70.690089267967,31.3427745606556,75.6511927801347,115.823279244559,98.1667248725891,104.898741722107,60.8157168443386,9.0974779381581,50.9944290375985,31.7878536243814,57.8029575813107,88.5965395013001,36.2909144889004,64.4351495349583,94.2152894096917,67.7806683978096,121.646218617757,127.090377807617,70.881365422121,68.4382693955393,95.8188171386719,117.483942667643,61.208056993382,0,120.922790527344,0,121.200561523438,98.140656153361,139.823484420776,77.0885098775228,136.778770446777,141.142425537109,150.560134887695,111.631065368652,121.002896477194,0,58.4339171457772,103.796694303814,169.864288330078,125.76206334432,0,83.2526084530738,21.7622495947532,65.8288150660197,73.1859696252005,0,136.630527496338,59.6109560711891,85.9078426932146,115.021784464518,81.2131610616048,0,0,76.3560312059191,83.45004579756
98.5979870627908,90.8364767286513,35.8522851044509,64.0991153717041,119.375727451209,0,123.405026687859,93.0436766427402,117.351889686106,117.623637525341,112.132762001945,99.1130438189135,134.585387166341,136.407066345215,112.611921422622,133.863290786743,33.6272766387396,34.4642942914396,116.885368614866,72.5134768183927,153.989891052246,37.0327540161415,50.9944290375985,24.4434076058925,83.3875845830256,122.575248718262,71.1919295671183,52.9315474288711,63.3622829165513,105.732583284661,63.8926705446087,113.389405059814,157.632718404134,91.6832029891737,53.8032842817505,157.448944091797,67.8643506368001,108.290246662341,69.9257813771566,157.161115010579,0,167.781829833984,180.258640289307,228.810211181641,138.964797973633,185.999542236328,222.14094543457,0,0,195.705423990885,0,109.214321480062,135.740987287249,0,163.438229878743,0,149.986456680298,69.5706397162543,115.300254981491,152.855833662317,0,154.058328801935,107.56960766936,160.311040757578,190.252477645874,163.293812221951,163.264907836914,0,173.785601806641,136.498123168945
76.5160328509539,83.3975608393831,103.944023711519,39.4664242389092,17.8002924276452,79.6400410578801,71.7593536024466,58.3505335807425,83.9519852001059,15.9659494889858,62.5530500696859,147.24101298196,18.1631625451667,132.737545794751,90.2779074602878,39.93878395379,32.596191753598,132.325398586308,175.99790763855,153.769666873707,21.8494646525979,68.2596729839077,31.7878536243814,83.3875845830256,10.8719732410231,114.384363583156,136.925253510811,96.3283359365596,29.2838895796152,85.0320363334647,66.0144261122304,165.905990600586,134.822444915771,70.8189375250334,84.2885814442354,128.329879271678,126.558485031128,166.226607689491,94.3075970013936,95.8485370759041,161.64656829834,137.171910973235,120.762266241986,145.511840595919,65.2131087563255,124.551076236301,203.118153163365,100.57214918802,204.636006673177,151.515474146063,100.924981253488,106.278524482775,188.352772521973,221.953211466471,213.281324906783,113.106571270402,129.552747848186,84.1440681772134,137.568498287561,93.6919061735079,170.371917724609,198.477640325373,157.865677025205,116.024166356463,145.420795170066,122.657921339651,223.051040649414,183.211212158203,120.221447688277,131.108175707113
0,25.8219032533007,82.2509460449219,22.7093943851823,135.660461425781,0,0,158.815909249442,92.9379634857178,105.166841756886,168.738708496094,35.8290333546383,0,17.4186147330129,109.672497643365,134.79895237514,97.4509404500325,91.7462832132975,60.1960044436985,63.9443826675415,150.937026977539,0,57.8029575813107,122.575248718262,114.384363583156,10.8876008417077,45.389500357888,27.7001502903644,131.275480906169,121.195092391968,143.52673121861,41.7674583435059,80.367696762085,139.062225341797,85.6438291072845,0,71.9161510467529,0,20.84525643262,0,0,0,178.629821777344,0,140.052261352539,0,0,0,46.5796039009094,0,0,0,163.819969177246,70.3362712860107,140.925491333008,0,0,114.660774230957,0,136.882385253906,25.435814892162,75.2304735183716,65.5413048174128,0,0,0,69.2586126327515,0,0,126.253135681152
139.492429166227,66.2159227838322,54.2223755418937,62.4668608502644,156.021951822134,201.536249796549,153.956793467204,135.693237878326,153.7705974466,132.324935559873,153.245944077114,35.3837202560077,180.401058959961,65.9502218923261,150.871423736332,154.223190307617,107.979891235352,37.5451262947651,35.9866972435123,37.7157930056573,179.967700958252,107.736594904778,88.5965395013001,71.1919295671183,136.925253510811,45.389500357888,19.8534000540677,49.1236986190048,140.695183649819,136.562036338173,123.821885783139,35.7821832536296,170.791889667511,122.860620234563,64.6017168865928,0,103.813745771136,137.772551400321,66.7368852827284,240.863967895508,0,0,147.37451171875,0,151.139572143555,243.317413330078,141.570259094238,0,78.0572369684939,240.093124389648,0,168.731787109375,145.180438359578,114.344307639382,109.486370510525,0,0,127.97388785226,144.242446899414,201.350256347656,69.7380062450062,107.924650902842,101.995631724702,205.359069824219,162.67692565918,190.745162963867,93.0504837036133,0,0,143.310848999023
138.863085108592,29.8623676917121,34.5376782642168,44.239351914475,138.244780178728,171.898391723633,154.047667926291,126.021489612286,149.371843008768,111.258752045895,149.438955761137,56.9542355335439,152.866547775269,32.626539367576,149.205842378154,137.601020683677,34.3061550100902,69.37679590012,60.7654594165376,71.8397233932007,168.77477125688,91.6047627138146,36.2909144889004,52.9315474288711,96.3283359365596,27.7001502903644,49.1236986190048,20.0680293119568,99.0518986488742,138.469539858889,122.746637562447,32.5466686054933,119.386442230969,125.699843935253,74.5409684841774,190.463862101237,88.7915409051099,104.119486582944,61.1428407696511,205.606979370117,0,201.910125732422,166.38462684268,206.727325439453,151.823186238607,227.069895426432,128.465717860631,0,79.0940335232065,195.614491780599,174.677886962891,113.772954015289,127.587581426447,103.431644130397,122.092917851039,199.815638224284,152.954197474888,68.8638545943469,108.671116941245,158.788048325923,59.2250325365764,104.035549395012,96.2165749879419,167.918001921281,197.735557556152,165.991105121115,100.812141963414,0,131.839797973633,139.22371673584
81.5122671376104,107.645938110352,91.9683556827173,62.5817016094585,22.2197258074181,121.519732157389,67.8241432575697,32.7243328246493,82.9096360650977,63.0670561982224,40.4000610170589,149.533902075983,54.2533705472267,171.492085266113,93.3817344215396,83.3495457224602,45.0510421002409,112.716577185768,163.563438778832,139.330708176342,32.6023985525748,38.4845092241335,64.4351495349583,63.3622829165513,29.2838895796152,131.275480906169,140.695183649819,99.0518986488742,15.3428858074828,93.4062440461422,44.6767877031998,206.670725504557,141.551634216309,69.0869864486675,80.2468820090227,136.661946614583,156.218105316162,173.190276463827,115.932871500651,59.4922515752988,0,168.025732355532,137.504468089137,168.355364611549,106.472844718706,160.469132922185,228.795720418294,90.003516622109,228.334543863932,169.962725830078,164.881579589844,118.837960905948,208.836840820312,221.634002685547,218.180338541667,145.203622400761,145.506056608977,96.9798877239227,157.557856308786,118.483600592956,197.327234903971,213.851542154948,172.364057117038,139.043006284901,156.377235011051,135.341422365956,0,209.775426228841,138.383737836565,147.392367332212
19.9830953401156,134.956289247025,140.940031186499,87.0512430464575,98.4929324879366,22.1056793261383,56.7188111419958,79.7603864464992,50.0064320128451,85.1070193213386,103.607229578146,52.6646381696341,105.78349662846,72.4210511263085,27.8195775874285,65.1641715302759,103.499244432192,112.810265360076,112.279617656361,126.389991138787,110.211184466327,82.8207689858973,94.2152894096917,105.732583284661,85.0320363334647,121.195092391968,136.562036338173,138.469539858889,93.4062440461422,14.5120253743585,28.9707653470406,100.066994697817,11.9489322877377,18.0744972514633,39.5021507398287,166.970462417603,0,187.933877944946,107.855733235677,131.291570326861,0,181.557687198415,158.044047122531,184.976400292438,140.820027438077,180.7197870527,217.035461425781,164.899974278041,158.147918701172,189.126396611052,0,132.161036491394,230.612701416016,0,187.141428629557,189.154365539551,162.76403503418,120.174853733608,180.959413316515,142.639354802521,153.725994110107,202.107762654622,177.820730421278,155.15899692301,179.453760295334,159.578961299016,0,0,154.11919260025,172.185008309104
29.9003246890894,116.097635101854,98.3172733121764,64.6842225632348,79.2915548436782,106.123212178548,106.536512021665,33.6919126702808,75.0868064575703,65.0459657106998,74.1411207941059,98.0242861370708,116.400089687771,166.835593223572,58.3487867673163,88.4776859283447,76.135466018945,86.698511730588,123.147927136925,106.800683130166,123.402952194214,36.1708825539952,67.7806683978096,63.8926705446087,66.0144261122304,143.52673121861,123.821885783139,122.746637562447,44.6767877031998,28.9707653470406,13.4697686767029,153.309515519576,116.449030558268,30.5933530769502,47.1750221704363,141.396464297646,0,167.25798034668,0,160.884582519531,0,193.564114888509,136.525199647934,180.948553085327,131.134880065918,161.842416936701,232.209167480469,194.041061401367,0,163.090676755321,231.907455444336,119.831303055222,181.165224075317,214.781784057617,215.959442138672,179.968902587891,141.893290710449,88.4288579767401,159.640311889648,123.741964213053,0,180.679313659668,164.862829355093,132.33265688022,152.378250069454,132.664296642103,0,195.787902832031,132.547959827241,139.118289345189
155.011711120605,81.3754980904715,103.360787658691,71.3552436828613,0,0,141.757100423177,172.613508224487,138.053940909249,0,188.542124430339,49.9635203437844,161.161376953125,31.1589659195579,128.929404667446,0,0,90.7290424770779,48.7622816238403,56.5047100612095,0,0,121.646218617757,113.389405059814,165.905990600586,41.7674583435059,35.7821832536296,32.5466686054933,206.670725504557,100.066994697817,153.309515519576,5.60682272911072,103.153434753418,0,74.5546495142117,0,125.370056152344,0,102.962137858073,0,0,0,0,0,0,0,0,0,78.7816727956136,0,0,0,0,97.088259379069,0,0,0,0,0,0,58.6746584574381,124.020530700684,97.9112434387207,0,0,0,0,0,0,0
85.3675319126674,125.344276428223,159.365741729736,136.257759094238,174.919883728027,10.9902574839321,31.6871380907033,133.899366959282,21.6636059461565,125.722587585449,126.994732750787,60.1672633795569,116.513299730089,76.1232999842218,31.2469235536955,41.5135342066105,0,178.260472297668,88.1702657063802,127.515794372559,142.2783203125,89.0967178344727,127.090377807617,157.632718404134,134.822444915771,80.367696762085,170.791889667511,119.386442230969,141.551634216309,11.9489322877377,116.449030558268,103.153434753418,4.80862853473098,117.974460601807,35.1617530075709,0,0,0,0,0,0,248.007583618164,217.572296142578,0,0,0,0,0,0,232.789413452148,0,0,0,0,0,0,0,0,0,0,0,0,153.560821533203,202.375259399414,0,0,0,0,0,0
56.7806384393147,133.463009643555,122.743001403809,71.3921447753906,81.0808083057404,135.303512573242,88.7898601150513,75.1576516294601,74.5782237582737,70.5069757467843,91.3172456149397,95.5801190462979,95.3785729041466,204.934036254883,63.0536734374558,101.060708618164,78.9860679347341,96.2554743650148,121.410313129425,106.435153787786,98.6161636352539,58.1561408481379,70.881365422121,91.6832029891737,70.8189375250334,139.062225341797,122.860620234563,125.699843935253,69.0869864486675,18.0744972514633,30.5933530769502,0,117.974460601807,7.29472470295894,37.0333668188036,150.35536887429,0,151.002461751302,0,144.687126159668,0,193.387371063232,143.785271235875,188.211650303432,152.443560282389,160.535194396973,0,0,0,172.513203671104,0,116.181376563178,192.2587890625,0,200.741195678711,149.144676208496,144.173272705078,99.6120071411133,170.363344828288,127.938037291817,0,152.385131835938,163.802024841309,136.625231528769,166.497651672363,137.634902722908,0,0,150.966873168945,133.965979142623
83.0094189690155,76.3549133548892,72.8032504643235,74.6177383910778,96.2504716560022,30.4206505181654,85.3051363828952,95.083426434816,67.2429587408133,90.6420548974651,107.150631337552,24.979622519038,108.359442784236,54.1901386442639,68.2547101057763,117.547180175781,73.6545088334891,42.7905997004788,59.4108080295119,47.36187631072,112.556933811733,50.2174252349261,68.4382693955393,53.8032842817505,84.2885814442354,85.6438291072845,64.6017168865928,74.5409684841774,80.2468820090227,39.5021507398287,47.1750221704363,74.5546495142117,35.1617530075709,37.0333668188036,12.6617610508273,165.849196000533,103.41431427002,127.58108289314,93.9793247646756,176.621459960938,0,197.950576782227,156.330391517052,186.574228922526,0,186.161663818359,130.10920715332,158.675201416016,117.484565734863,180.868865966797,0,116.901949201311,145.029693016639,0,182.820220947266,154.419784545898,144.990543365479,79.3191132722078,128.848747035435,136.749114889183,93.1829986572266,121.263966083527,120.095270782591,150.097728102954,177.964464314779,153.098626570268,0,0,160.317473347982,162.959946950277
142.980189005534,0,164.575004577637,81.8191529938669,163.285865783691,0,168.030612182617,152.728371981917,155.084212646484,111.815950775146,166.513785914371,0,0,0,173.467447454279,0,236.490447998047,0,0,186.139450073242,170.865179443359,180.398681640625,95.8188171386719,157.448944091797,128.329879271678,0,0,190.463862101237,136.661946614583,166.970462417603,141.396464297646,0,0,150.35536887429,165.849196000533,9.70131571139429,116.125912475586,116.261989638385,91.4986400604248,85.3572406111092,0,106.182176513672,31.0141896895934,75.9052962996269,78.0783317073699,65.0916822324663,117.43629062537,100.143161773682,149.033264160156,21.0543324741573,104.469506697221,92.5961688995361,111.948893821846,128.250727612039,123.146219586993,93.7451188014104,85.2901433797983,99.8137693277995,97.7796405011957,78.3516595316533,158.990320841471,130.820429428764,128.137007592773,83.7235022306858,19.9632103827288,31.3041594171793,171.336059570312,80.2899856567383,45.7413577823849,70.1611431295221
0,15.0499942832523,57.4134304340069,43.4948361023613,0,0,151.9248046875,130.220397949219,185.97802734375,101.346244812012,181.008499145508,100.705867767334,170.135536193848,83.3973964344371,180.674621582031,0,104.071273803711,95.7969846725464,90.9024887084961,105.228713989258,0,0,117.483942667643,67.8643506368001,126.558485031128,71.9161510467529,103.813745771136,88.7915409051099,156.218105316162,0,0,125.370056152344,0,0,103.41431427002,116.125912475586,6.75363383893344,48.1730184607167,17.3012912982805,141.979293823242,0,125.860420227051,129.247395428744,183.739827473958,71.6748880451332,162.817715454102,72.8250686645508,164.209770202637,58.8625000371771,150.166757920209,107.095390666615,75.1497939771907,64.6467411909154,85.1107668195452,77.2753227674044,136.875473022461,87.7738052368164,24.5399248796698,74.2686196479245,80.5434254369821,25.8078878845891,62.8213812772893,33.4234553976525,109.21773116653,134.854600694444,112.459213256836,70.1893125261579,0,118.390532493591,99.3932639530727
159.921890258789,61.7331699680638,103.713568691834,63.5869479649503,174.040203094482,0,215.669845581055,189.046555836995,190.25122918023,0,204.057630750868,167.788223266602,217.556243896484,0,200.448875427246,0,105.824328215226,118.554338015043,200.139358520508,133.186242323655,0,143.188521248954,61.208056993382,108.290246662341,166.226607689491,0,137.772551400321,104.119486582944,173.190276463827,187.933877944946,167.25798034668,0,0,151.002461751302,127.58108289314,116.261989638385,48.1730184607167,19.7262073722588,47.4171809227912,132.663483755929,0,141.41200141187,97.9237281265816,131.659442928195,109.001944655079,116.68405333911,138.626822948456,157.224419911702,194.323680877686,121.938330957513,148.770922470093,82.3598026241268,44.0743264967148,98.3710375334087,79.2201936704303,153.554840087891,68.0020881540958,51.9264081319173,36.7093542462702,106.107823038489,188.950675964355,46.1931256419444,35.3502198008471,87.4644381405025,138.566582705996,107.352509338437,150.514307657878,173.213493347168,134.510411879596,79.9516055297852
0,57.8032830556234,70.8989319801331,23.00917360057,93.85546875,0,104.547653198242,116.460675239563,189.864418029785,23.3921298980713,127.3062915802,84.1542945861816,0,64.7358732604981,164.816551208496,0,81.7629165649414,78.5616273880005,79.4336347579956,61.8037855625153,131.146713256836,0,0,69.9257813771566,94.3075970013936,20.84525643262,66.7368852827284,61.1428407696511,115.932871500651,107.855733235677,0,102.962137858073,0,0,93.9793247646756,91.4986400604248,17.3012912982805,47.4171809227912,10.5812302390914,66.1666692587046,0,95.2676575070336,90.0821811274478,101.101422446115,33.8914444281716,81.2698131016323,109.161368233817,64.9361635446548,48.8496317998164,127.444418138073,76.5439366234673,77.4125910767721,72.3868840661379,65.0637804667155,81.8757085994798,67.9897604317501,104.028938987038,44.1716151561737,74.1748284511879,48.9197631217798,18.8264189191451,58.0700985331392,37.7629945730679,77.5585201113832,109.565770721436,101.027026070489,61.9996976852417,141.563766479492,79.487850189209,82.0882849762405
115.555516560872,0,147.88215637207,81.1631970582185,20.6980195130915,0,114.364972774799,132.06842250824,131.661694335938,90.4225957870483,85.6668432307116,0,60.7132116291258,0,125.48019917806,81.3488922119141,0,201.055969238281,0,0,42.150775184707,0,120.922790527344,157.161115010579,95.8485370759041,0,240.863967895508,205.606979370117,59.4922515752988,131.291570326861,160.884582519531,0,0,144.687126159668,176.621459960938,85.3572406111092,141.979293823242,132.663483755929,66.1666692587046,11.423454352376,95.2437194824219,73.7376089037273,88.920717716217,103.222460390917,48.4737939467797,41.0792482544702,169.779400634766,22.3129078749206,171.997604370117,110.724231088237,61.6105367905054,113.264960289001,163.764239501953,186.122212727865,178.920837402344,16.7525919376948,127.16548538208,76.5529335021973,147.717463493347,20.7553060934333,151.392440795898,169.751400687478,143.525852203369,25.9895697350007,106.101052639375,108.411207326253,207.53385925293,140.751618703206,114.383335876465,105.722277287075
0,0,0,0,0,0,0,0,0,0,0,0,0,0,0,0,0,0,0,0,0,0,0,0,161.64656829834,0,0,0,0,0,0,0,0,0,0,0,0,0,0,95.2437194824219,7.34746454458447,13.1429562640403,111.077838897705,11.4833027237064,51.1632769301131,115.222574234009,59.574648357573,60.1918812706357,76.4487110137939,33.1995556784458,18.1316956314383,130.088623046875,182.878761291504,0,90.941047668457,105.486503601074,162.096862792969,98.5738334655762,152.923797607422,73.7888703346252,167.874221801758,132.239768981934,142.688383102417,122.490467495388,29.9415614869859,0,116.146968841553,10.3382800443752,113.034454345703,53.1550257546561
