10.1373421704649,120.384311676025,92.6774567839387,77.1506960760687,84.9891621516301,71.0693600972493,68.4581732803516,33.8217020523962,28.3299717695225,73.7174228385643,49.5224007926476,124.856509308317,95.981577473302,153.361541748047,11.741756532675,59.0553202195601,110.599211472731,98.3332900237138,139.452722689001,125.19099848087,81.4698360327518,70.6863212985592,103.217817832684,79.1846582257771,78.0389647296094,162.483322143555,121.327382796197,118.871071120839,59.5843863102527,14.598873365135,24.1883788586896,179.801284790039,74.4740576062884,33.9985351494623,71.5877862390318,191.15340423584,142.248447418213,171.768570843865,114.646498786079,168.705413818359,0,0,163.098083496094,171.171661376953,0,158.576400756836,0,159.489135742188,215.911163330078,169.705909729004,0,185.283874511719,184.471183776855,0,196.743438720703,0,140.413154602051,191.386367797852,166.381812201606,132.306705359257,0,185.095977783203,176.512256622314,144.423004748775,182.698028564453,137.19938659668,0,0,0,194.989353179932
120.384311676025,8.28247652060407,49.2139335617004,26.654337030222,0,0,0,126.619658383456,135.531782786051,67.8727911964792,0,66.7111490196157,0,53.7949042801096,127.144163513184,0,64.8758031463623,60.8378588023939,78.9263487191036,75.9118331139829,183.628280639648,91.1083841959635,23.3393141140743,75.0037885205499,78.5224466475229,24.2263693306991,53.8250246576067,32.088278984084,105.882516013251,105.668889825994,104.089383125305,67.707423210144,0,106.994982038225,62.5976056519502,0,117.641703605652,110.422786343482,71.3135770161947,0,0,0,0,0,194.527267456055,0,0,0,100.371850967407,0,0,115.296798706055,100.103193283081,139.846918741862,174.78581237793,0,0,73.1852188110352,144.393325805664,145.715469360352,77.2200148446219,121.224235534668,113.610483705997,0,172.078552246094,0,97.246711730957,0,0,128.96603902181
92.6774567839387,49.2139335617004,12.7197647698808,53.367404051125,179.411212921143,0,145.024836486241,95.2712131299471,123.309409872865,116.899896029768,110.690448590179,84.551378712972,165.174562454224,92.4109199653238,113.486695361353,135.257846485485,88.7158147371732,46.7543725516845,96.8345577906048,76.2394874816093,171.414413452148,66.8304924974385,51.3424001496656,24.7699235475771,98.6515685924585,116.685008525848,34.6945951432714,33.1897199933855,79.3961087811506,106.286084613465,75.004454537934,89.3039872767562,172.789486694336,104.712830043075,62.3678553950968,173.994993209839,75.1601779009845,102.735504727404,75.3916059832707,0,0,214.252479553223,157.457352404325,201.644149780273,134.400759379069,186.946201324463,162.148191972212,0,160.301422119141,188.605812708537,0,118.318866729736,118.905371442522,162.28621673584,142.286441040039,0,138.682254155477,103.519733734131,110.020199972486,164.236669921875,0,118.982311308571,104.248697983035,164.021421114604,196.211732717661,160.615491231283,167.413391113281,0,0,128.235646349318
77.1506960760687,26.654337030222,53.367404051125,26.1203099513107,72.6081047411318,138.770118713379,103.254877224774,62.832129798879,95.7658105307067,24.5105200653626,74.1174974317674,77.7401749526753,89.4492434877338,56.8939392890191,96.8964802785353,75.6239774227142,49.2725432334797,66.6824995054232,81.5222233425487,77.4827681148753,88.2567914326986,55.7881129678113,29.3403499384135,56.4646910813936,42.6918615265207,31.8108693158074,55.8820342673222,45.146410772863,53.8647731534971,73.4531725103205,53.6660637716194,67.8893909555264,138.352438926697,63.6974582672119,74.8235693275382,84.0688550434415,71.1209195310419,128.804301113553,15.0242724226464,84.0907343350924,0,104.14601462228,75.2689431357723,119.37536722819,25.535198484979,101.771868811713,116.712138175964,45.9065012931824,75.9144305586815,102.427329826355,63.5219116210938,58.8766068171679,119.727229068154,93.3328886413574,120.085115114848,89.3490581512451,70.2603772326214,12.5574633188666,65.8209854904954,60.6396038846372,45.8530320485433,96.8542608999991,91.6911199663982,70.630745451027,95.9531924565633,73.3280858771746,102.178753444127,164.554168701172,90.4747643904252,100.459935597011
84.9891621516301,0,179.411212921143,72.6081047411318,7.85281331766066,183.225448608398,78.4901486714681,55.647236808898,99.5687222407414,60.9020680128926,17.7810452068407,169.081634521484,16.5834624642681,163.711822509766,105.393564370962,76.8457401820591,0,198.037292480469,162.506759643555,178.344245910645,11.6127980097531,0,92.8258692423503,178.276374816895,16.3974077539583,0,178.931400299072,174.88685798645,12.433753544676,92.6257065112774,124.771575927734,0,147.834238688151,79.9434028293775,99.2192263109931,183.222747802734,0,0,132.219526290894,8.38596561733557,0,172.985070800781,148.562881469727,166.865051269531,95.341957728068,153.384893978343,0,89.9585555712382,0,195.909957885742,149.626037597656,0,0,0,0,69.3725814819336,0,139.697357177734,0,127.9005270799,0,0,0,145.284677647833,209.908554077148,165.063217163086,0,0,0,182.173957824707
71.0693600972493,0,0,138.770118713379,183.225448608398,6.92404774574751,8.99269946961317,105.64049801584,15.698667778468,54.6890678405762,101.191823061775,70.7393604914347,89.1238523210798,60.7365798950195,31.008320777647,13.6940490598925,191.454025268555,0,86.3062438964844,0,108.8685546875,128.93522644043,169.657485961914,150.495011901855,123.075603485107,0,195.681569417318,206.108612060547,125.199106004503,25.3445854214495,0,0,10.8818269765341,158.460815429688,41.4816902160645,0,0,0,0,0,0,0,0,0,0,0,0,0,0,0,178.571029663086,0,0,0,0,0,0,0,0,180.720405578613,0,0,0,226.441040039062,0,0,0,0,0,0
68.4581732803516,0,145.024836486241,103.254877224774,78.4901486714681,8.99269946961317,9.14545122891809,60.6469880619213,19.8930245733185,58.9614871128185,34.2845503643941,78.4560354132401,13.0042155464004,61.4908126831055,27.9788782359207,12.2733586323225,0,158.901740664528,104.556918552944,134.003497197078,49.6520827220894,116.361353874207,109.309233529227,125.761936145824,68.4528272568233,145.900543212891,169.436216580666,159.45807725556,56.023456270101,33.7689776420593,109.747491455078,135.387868245443,25.0767067690752,75.2818318581095,70.0674458482991,0,0,195.887985229492,107.940785217285,164.577543640137,0,0,214.647943115234,0,118.327335357666,205.405064900716,0,149.347069422404,236.14372253418,226.589096069336,0,0,0,0,0,185.044097900391,0,161.594924926758,164.836761474609,154.3561769213,0,0,201.546114603678,176.743774922689,209.094284057617,193.845947265625,0,0,0,218.213989257812
33.8217020523962,126.619658383456,95.2712131299471,62.832129798879,55.647236808898,105.64049801584,60.6469880619213,9.22787329484324,59.2401061791932,57.6817829103893,14.6276961608305,144.10477368585,42.6263795250572,158.120134527033,33.371180198465,69.5072207396058,83.8566985448201,117.392299180178,168.152018033541,143.306146579319,76.3928309523541,64.701672352408,83.4832336653524,69.5357853055159,51.0960988121344,156.136093139648,129.491096472246,103.237612923527,20.4579615740393,53.4176039898982,12.3678594891411,165.077885347254,118.83418489852,62.0008727557326,83.0457628810596,152.627604166667,175.24967956543,180.668642105595,86.5946780613491,145.355181376139,0,182.936386108398,136.492656237459,172.097518920898,97.517422395594,150.140240224202,220.342712402344,126.388274383545,0,174.481191298541,113.363780975342,139.925761413574,209.491848754883,0,0,165.320323944092,138.062059402466,106.784647941589,166.68155670166,118.249122794615,0,216.635187149048,176.180209960938,131.470332213371,168.109409533049,146.976217651367,210.392440795898,0,154.564685821533,155.030338541667
28.3299717695225,135.531782786051,123.309409872865,95.7658105307067,99.5687222407414,15.698667778468,19.8930245733185,59.2401061791932,11.3676194621201,85.091168123133,21.1297376819769,79.9022035473601,42.0121110444053,85.1539405431503,15.1907899730144,31.4700451058906,162.57692527771,134.48851277278,115.997878496037,139.694678049239,90.7515692796948,102.164645731449,133.305785469387,108.679387195832,67.5366001034415,146.722748756409,145.667325398693,140.354996092423,74.2947458239054,23.9116257210451,88.1698667488846,166.229117653587,14.6067733465539,84.6774714713873,62.1954166714081,174.230361938477,0,192.729365030924,115.905395507812,199.632064819336,0,0,174.898185221354,0,0,178.430992126465,246.605529785156,145.746353149414,140.972198486328,224.063064575195,0,203.966705322266,241.900299072266,0,0,200.602298736572,170.92756652832,191.865737915039,174.517133076986,148.107197139574,0,202.895039876302,193.668301900228,163.382287049905,176.977905273438,173.782958984375,0,0,155.911552429199,198.727847290039
73.7174228385643,67.8727911964792,116.899896029768,24.5105200653626,60.9020680128926,54.6890678405762,58.9614871128185,57.6817829103893,85.091168123133,8.27990321871312,69.3574457997861,131.132230504354,15.6256996963259,112.080513579165,86.8127969016492,20.8591697292848,74.8804153866238,129.130986866198,127.931519579532,128.913758050828,58.2306734282395,79.1793402099609,21.8471075974394,98.9236651240168,27.0594614744993,95.2403704779489,118.424658577397,105.366015524838,49.6685390978064,73.9166477316677,59.750248570596,126.018391548319,182.30729675293,63.9212384377756,102.921767156632,92.2348861694336,0,195.617080688477,46.2947722540961,105.444192774156,0,106.533054351807,102.43598514133,106.343807220459,44.8109263135241,119.494526511744,0,60.0185093512902,166.820810590472,147.7120997111,68.3376436233521,110.933013916016,0,188.409767150879,0,91.1274833679199,0,105.871387481689,127.540878295898,86.7553181899221,152.922966003418,189.143970489502,192.404255337185,99.2290382862091,106.683765411377,131.229143778483,158.399658203125,0,0,168.017364501953
49.5224007926476,0,110.690448590179,74.1174974317674,17.7810452068407,101.191823061775,34.2845503643941,14.6276961608305,21.1297376819769,69.3574457997861,8.61996676337362,141.87938451767,21.9410384225012,157.638237847222,43.1029582857755,62.3751359372526,0,151.694381713867,160.518341064453,163.897129694621,16.2488603648642,80.9644045511882,86.2672644721137,90.0721206665039,37.6871526081804,138.499221801758,156.197456359863,131.02088813062,17.3287274936071,84.9951284405126,71.7714361710982,177.86515045166,111.444011889006,73.0888644731962,92.9133342250165,0,0,245.199234008789,95.7245148878831,45.2372372661318,0,167.509653727214,147.59703318278,153.568054199219,105.046083970503,164.244519042969,0,100.736607074738,0,182.616251627604,123.632385253906,0,0,0,0,168.306442260742,153.989532470703,99.663459777832,169.915504455566,131.107328970221,0,0,178.774871826172,149.772994157745,183.849945068359,0,0,0,168.289932250977,185.683794657389
124.856509308317,66.7111490196157,84.551378712972,77.7401749526753,169.081634521484,70.7393604914347,78.4560354132401,144.10477368585,79.9022035473601,131.132230504354,141.87938451767,10.4966324683323,125.980035146077,24.2908216896085,71.3830460022543,108.004711151123,126.737903594971,54.4533728266055,20.7453552275018,28.3770479125116,144.226440603083,91.3488461222626,103.937320518494,84.257984161377,145.956261044457,29.5722725989561,28.2046290922117,71.004108998983,145.317839891483,61.1817550935207,101.687073519237,39.1696791009589,65.7028679928537,101.699923556784,27.8779015263132,0,127.521236419678,148.83413772583,69.9293844049627,0,0,0,248.179565429688,0,180.317988077799,0,89.8327923759085,0,78.4183907584539,0,0,0,159.741701398577,101.698854391915,115.710155487061,0,0,0,160.400344848633,196.024754842122,67.2502190923116,102.216657320658,108.072661941972,204.565414428711,178.700744628906,0,99.1866456183834,0,0,192.625930786133
95.981577473302,0,165.174562454224,89.4492434877338,16.5834624642681,89.1238523210798,13.0042155464004,42.6263795250572,42.0121110444053,15.6256996963259,21.9410384225012,125.980035146077,7.37310447431035,147.893090248108,96.1636186253411,14.2313749010588,0,198.512893676758,166.464096069336,165.723257337298,13.492247155414,154.257518768311,62.1282516685692,183.725325584412,26.7445076825232,130.96361541748,162.501954512163,144.238496633676,35.9390412137769,92.5628616288522,142.839050292969,179.438598632812,109.347225761414,85.6170392469926,92.4291813451388,0,186.657745361328,0,87.984120686849,0,0,163.725051879883,0,0,45.3366619110107,167.338928222656,0,9.71460629827311,0,0,158.079833984375,181.603042602539,0,0,0,7.2056281005635,167.418853759766,0,0,130.229244995117,0,213.040237426758,0,140.692255522075,0,0,0,0,0,0
153.361541748047,53.7949042801096,92.4109199653238,56.8939392890191,163.711822509766,60.7365798950195,61.4908126831055,158.120134527033,85.1539405431503,112.080513579165,157.638237847222,24.2908216896085,147.893090248108,9.26208154915895,86.9989207874645,94.3283386230469,129.082542419434,87.529302705009,54.9077513065744,68.6157601747899,135.930000305176,114.937284681532,85.6051736423988,99.7779077383188,135.391695589633,21.1329945800301,40.5861909328437,32.3564924148701,151.049753123316,87.4334483846029,118.873811721802,16.2675903799023,84.1343612670898,119.427606582642,55.8166382098626,212.405242919922,115.213006591797,149.060601806641,63.6296766888012,0,0,0,198.989273071289,0,176.570233154297,0,82.5526795758459,0,74.3847655227791,154.591857910156,0,0,188.892074584961,95.1789052209189,124.792256309873,0,143.67024230957,151.027350685813,200.818222045898,0,59.5393632901769,97.4637877477359,98.0142581043964,191.236671447754,96.7904052734375,163.724655151367,91.5949496843957,133.349910736084,188.390182495117,131.83849811554
11.741756532675,127.144163513184,113.486695361353,96.8964802785353,105.393564370962,31.008320777647,27.9788782359207,33.371180198465,15.1907899730144,86.8127969016492,43.1029582857755,71.3830460022543,96.1636186253411,86.9989207874645,8.04384852334219,33.6971029187812,134.744987487793,118.236006110378,96.2907510769148,101.202195100758,95.664971480575,94.6837872650664,133.213036163994,97.0259490260994,98.234958195042,92.149543762207,126.879265484558,126.539550998347,80.7125906011715,19.5321252467238,69.0684577354095,109.266045772668,20.3799829473902,36.3211038200294,47.0747445654612,174.967895507812,195.654388427734,197.018086751302,107.996257781982,112.710716247559,0,186.314361572266,164.803907606337,195.344165802002,155.282424926758,206.210189819336,0,147.275318145752,171.525024414062,158.965174357096,0,0,209.91493733724,0,229.285247802734,0,158.063095092773,189.389228820801,185.660095214844,145.737690775018,203.168838500977,179.289148966471,182.289459482829,160.460644616021,206.884002685547,156.662652587891,157.557337443034,0,185.137924194336,210.028091430664
59.0553202195601,0,135.257846485485,75.6239774227142,76.8457401820591,13.6940490598925,12.2733586323225,69.5072207396058,31.4700451058906,20.8591697292848,62.3751359372526,108.004711151123,14.2313749010588,94.3283386230469,33.6971029187812,8.66189647869036,0,154.144566853841,115.179756164551,0,66.5721412326979,83.5010757446289,62.5309251785278,118.982334984673,49.6583043593395,128.509323120117,145.200419108073,136.755877685547,71.3952427583582,41.5213137762887,72.0121307373047,0,33.8257659996412,46.758385848999,78.6671276092529,0,0,0,0,155.611392974854,0,149.925064086914,153.847651163737,0,69.7554008483887,121.581609090169,0,95.7178798675537,0,0,84.4047241210938,124.016632080078,0,0,0,0,0,0,0,130.441029866536,0,0,217.6142578125,150.870071411133,0,153.777755737305,0,0,0,0
110.599211472731,64.8758031463623,88.7158147371732,49.2725432334797,0,191.454025268555,0,83.8566985448201,162.57692527771,74.8804153866238,0,126.737903594971,0,129.082542419434,134.744987487793,0,14.9548495283223,99.2952187674386,140.245076497396,132.670084439791,83.7018585205078,22.7729506645419,34.1273554419711,21.7604090627983,30.2936987500355,0,111.420415151687,29.1509158382981,45.5724892412821,81.5118811471122,75.2857882090977,137.496643066406,0,72.7843055725098,76.6715392519496,0,71.1715469360352,120.526028026234,82.7045824262831,0,0,0,138.246760050456,0,0,0,0,0,0,174.521514892578,0,113.529558614095,162.530895996094,0,183.741989135742,0,123.888580640157,66.6851500214123,111.088312503043,127.703444163005,0,161.687261962891,123.457143482409,135.53637613569,152.230037689209,119.902907235282,0,0,0,157.839527130127
98.3332900237138,60.8378588023939,46.7543725516845,66.6824995054232,198.037292480469,0,158.901740664528,117.392299180178,134.48851277278,129.130986866198,151.694381713867,54.4533728266055,198.512893676758,87.529302705009,118.236006110378,154.144566853841,99.2952187674386,10.8565317098526,56.5988544923503,22.4663169946616,181.751731872559,47.3385853396617,80.910717552955,24.1121092526879,123.219265641837,79.147102355957,32.9258674246529,66.121324194486,121.523411788604,95.6977217734397,74.1655155662542,96.0547099989288,0,92.49304730468,34.8972405565437,0,98.9851997375488,112.685337381265,91.7980122199425,218.996337890625,0,0,182.056123733521,202.628562927246,184.211067199707,199.542739868164,152.35173034668,0,169.011138916016,0,0,146.53063659668,125.170727048601,153.390523910522,144.617600384881,0,0,117.171975135803,136.609188753016,179.929836273193,0,124.709816217422,118.077434723865,189.410073673024,220.694541931152,183.233108520508,157.049240112305,0,0,124.582964116877
139.452722689001,78.9263487191036,96.8345577906048,81.5222233425487,162.506759643555,86.3062438964844,104.556918552944,168.152018033541,115.997878496037,127.931519579532,160.518341064453,20.7453552275018,166.464096069336,54.9077513065744,96.2907510769148,115.179756164551,140.245076497396,56.5988544923503,8.4129252393412,15.5574542460893,164.211092631022,107.290524421854,103.567838202582,99.948488166864,158.897473653158,51.9360405411383,26.3843367463586,70.9545436800582,159.016091240777,92.340223168814,115.759718227386,58.8812292136398,107.833889007568,122.154173198499,61.3967430584855,0,120.617192077637,146.847783406576,98.6087188720703,0,0,0,202.873863220215,0,193.28049214681,241.781097412109,110.752425970033,0,103.106581657164,206.236887613932,0,0,155.356911977132,107.376633207677,113.018711937798,0,0,0,166.223617553711,0,83.7290652592977,107.278140609813,107.170051805125,247.177032470703,0,0,111.57815023569,0,176.792602539062,160.829925537109
125.19099848087,75.9118331139829,76.2394874816093,77.4827681148753,178.344245910645,0,134.003497197078,143.306146579319,139.694678049239,128.913758050828,163.897129694621,28.3770479125116,165.723257337298,68.6157601747899,101.202195100758,0,132.670084439791,22.4663169946616,15.5574542460893,9.53354826388011,164.025637591327,90.740899682955,105.11406211853,74.7134736409227,159.351603457802,54.019967005803,33.3144086341348,65.9459366445819,146.1264823631,96.5233699925138,102.830899219299,67.8859299568742,108.992659250895,107.050881117917,44.0341074157269,185.837921142578,129.464577992757,134.322166442871,103.880266825358,0,0,0,183.944473266602,0,193.840347290039,0,118.225660150701,237.053604125977,111.128426835344,0,0,202.24193572998,153.6500230269,123.161253611247,117.107943567736,0,0,0,162.224273681641,0,99.1503255026681,110.364676952362,115.041252422781,211.897918701172,233.099769592285,0,124.521170298258,0,0,125.777136369185
81.4698360327518,183.628280639648,171.414413452148,88.2567914326986,11.6127980097531,108.8685546875,49.6520827220894,76.3928309523541,90.7515692796948,58.2306734282395,16.2488603648642,144.226440603083,13.492247155414,135.930000305176,95.664971480575,66.5721412326979,83.7018585205078,181.751731872559,164.211092631022,164.025637591327,10.1855536185304,216.24821472168,127.341779073079,155.106803894043,18.7993667893171,149.820007324219,172.640544544567,162.316253315319,19.5224383536507,90.9838690192504,190.780026245117,176.962219238281,121.857576847076,77.394382130016,89.8830657816258,0,0,0,89.8178634643555,17.5054124407812,0,159.674713134766,164.020017351423,0,110.354291280111,173.945651245117,247.182235717773,9.71977821715131,0,201.057083129883,0,0,0,0,0,0,0,0,0,141.932038988386,0,0,0,164.257321357727,0,0,0,0,0,0
70.6863212985592,91.1083841959635,66.8304924974385,55.7881129678113,0,128.93522644043,116.361353874207,64.701672352408,102.164645731449,79.1793402099609,80.9644045511882,91.3488461222626,154.257518768311,114.937284681532,94.6837872650664,83.5010757446289,22.7729506645419,47.3385853396617,107.290524421854,90.740899682955,216.24821472168,10.9994083156346,52.5886125699935,21.7012920440437,21.8803916748337,127.249449412028,104.244648041764,68.2550698585411,21.9730853195724,49.8245594940324,22.8954791370726,149.618755340576,153.882614135742,27.2738341330989,44.5709251356112,126.274354117257,121.048942565918,151.532154719035,72.9806218828474,0,0,0,128.460255658185,0,88.5342636108398,180.08837890625,170.395660400391,0,0,156.145492553711,180.474639892578,114.728983952449,150.298904418945,211.947372436523,180.94465637207,0,121.248375075204,83.6139320373535,123.791629603652,120.564800877725,0,158.108956473214,152.245888392131,121.625343226787,150.512288300887,126.262350497038,0,0,115.306678771973,129.357142312186
103.217817832684,23.3393141140743,51.3424001496656,29.3403499384135,92.8258692423503,169.657485961914,109.309233529227,83.4832336653524,133.305785469387,21.8471075974394,86.2672644721137,103.937320518494,62.1282516685692,85.6051736423988,133.213036163994,62.5309251785278,34.1273554419711,80.910717552955,103.567838202582,105.11406211853,127.341779073079,52.5886125699935,9.62961797259302,52.6221204030971,27.108313305044,66.921283858163,87.6267725347998,42.4905169262257,55.6445448340439,84.1619348980132,52.9109816267377,97.2496464740799,175.101181030273,54.7549473444621,77.1917652402605,109.968376159668,99.1039028167725,114.03554280599,35.2419080287218,0,0,158.720367431641,113.341947937012,95.6791000366211,58.3621737162272,157.168598175049,155.183962504069,99.3092651367188,150.066996983119,135.331152598063,0,57.7461409135298,121.535146925184,170.843724568685,160.204666137695,0,82.4631305493807,8.3655653843632,66.4003638249294,95.5304888211764,146.609016418457,140.808020505038,97.9220100105356,83.5275133862907,97.0779880947537,81.9888443782412,174.510467529297,0,70.9524612426758,111.094778060913
79.1846582257771,75.0037885205499,24.7699235475771,56.4646910813936,178.276374816895,150.495011901855,125.761936145824,69.5357853055159,108.679387195832,98.9236651240168,90.0721206665039,84.257984161377,183.725325584412,99.7779077383188,97.0259490260994,118.982334984673,21.7604090627983,24.1121092526879,99.948488166864,74.7134736409227,155.106803894043,21.7012920440437,52.6221204030971,15.0428015668248,52.5461539062478,112.029766376202,68.9135405047715,44.674246914688,45.2759063365724,90.131495170263,46.5488527763007,113.075171813965,163.537534077962,81.8098255339123,48.0558938784306,156.981904347738,94.7759408950806,113.25732173635,91.2904660151555,0,0,226.32773844401,156.412780370468,195.403418404715,212.61083984375,173.990194320679,156.978598022461,168.690948486328,227.461044311523,170.422356923421,0,113.40148321162,136.668783602507,167.796188354492,158.794420878092,0,121.858989075153,80.8612992213323,112.72970888479,138.606819452024,106.37361907959,149.171753353543,113.775306362408,140.557101830504,179.498610360282,128.492826925742,204.551025390625,0,169.675796508789,144.354885482788
78.0389647296094,78.5224466475229,98.6515685924585,42.6918615265207,16.3974077539583,123.075603485107,68.4528272568233,51.0960988121344,67.5366001034415,27.0594614744993,37.6871526081804,145.956261044457,26.7445076825232,135.391695589633,98.234958195042,49.6583043593395,30.2936987500355,123.219265641837,158.897473653158,159.351603457802,18.7993667893171,21.8803916748337,27.108313305044,52.5461539062478,10.6296819865164,114.791002356488,129.441775143802,70.9501937299874,17.8162746705721,76.5982224071433,64.3806692200907,151.044261932373,142.444229125977,66.9600108933164,85.4972465761858,141.92585849762,105.49796295166,160.611382675171,70.5761551813248,132.782542083223,126.646741231283,154.748533497686,119.943264413387,177.637202543371,68.8912778825902,138.903424072266,0,90.4581218208234,0,161.845870632595,97.8959274291992,114.428592681885,158.884470621745,0,216.238444010417,131.833975655692,120.756055748981,101.050147465297,140.131808439891,106.556234041425,0,180.486928304036,157.385639130123,118.408980323528,151.198094294621,125.505750319537,0,0,146.317196185772,149.337113761902
162.483322143555,24.2263693306991,116.685008525848,31.8108693158074,0,0,145.900543212891,156.136093139648,146.722748756409,95.2403704779489,138.499221801758,29.5722725989561,130.96361541748,21.1329945800301,92.149543762207,128.509323120117,0,79.147102355957,51.9360405411383,54.019967005803,149.820007324219,127.249449412028,66.921283858163,112.029766376202,114.791002356488,8.61226203355092,48.2315291768497,32.6659274466373,137.090564303928,84.3600056171417,118.424984931946,45.8633390437661,96.395751953125,125.155647277832,57.39006919381,0,113.267902374268,156.944305419922,53.9682375301014,0,0,0,198.624015808105,207.941055297852,0,0,90.2453119104559,143.347259521484,67.0250941985244,0,0,0,104.935478210449,87.6094453599718,94.610590616862,0,0,129.94270324707,173.586143493652,180.572311401367,46.0622731096604,83.3166451454163,87.0998267096442,202.053863525391,0,206.890335083008,90.9250939109109,0,0,96.5537395477295
121.327382796197,53.8250246576067,34.6945951432714,55.8820342673222,178.931400299072,195.681569417318,169.436216580666,129.491096472246,145.667325398693,118.424658577397,156.197456359863,28.2046290922117,162.501954512163,40.5861909328437,126.879265484558,145.200419108073,111.420415151687,32.9258674246529,26.3843367463586,33.3144086341348,172.640544544567,104.244648041764,87.6267725347998,68.9135405047715,129.441775143802,48.2315291768497,16.5591634796465,43.9685128529613,122.006987988878,109.945687794236,103.063388833767,40.5672708019415,143.540605333116,125.622979630519,62.2421815894413,194.999428885324,117.844338916597,111.865657121707,95.8638876173231,0,0,223.569671630859,180.330823262533,191.033548990885,162.633651733398,184.303840637207,112.258512878418,0,100.408787257722,213.440582275391,0,154.628707885742,117.500254108531,109.142323395082,114.542118906975,0,141.346705118815,135.663916803175,145.052678878993,187.402967973189,82.9915450230118,104.565242305904,105.989064568313,189.539637247721,175.715374755859,170.091979980469,113.806002513472,0,185.077026367188,130.950820922852
118.871071120839,32.088278984084,33.1897199933855,45.146410772863,174.88685798645,206.108612060547,159.45807725556,103.237612923527,140.354996092423,105.366015524838,131.02088813062,71.004108998983,144.238496633676,32.3564924148701,126.539550998347,136.755877685547,29.1509158382981,66.121324194486,70.9545436800582,65.9459366445819,162.316253315319,68.2550698585411,42.4905169262257,44.674246914688,70.9501937299874,32.6659274466373,43.9685128529613,16.625407018778,69.3840495055124,119.8476232315,105.548783393828,30.0692106760377,174.401748657227,118.711352802145,68.8894168782649,172.512782377355,68.8984069341346,105.202022692512,73.5447969888726,233.146171569824,0,199.563432693481,165.915577132981,190.464986165365,174.088022867839,180.959798712479,130.139402157792,191.93285369873,113.982043614997,189.279503504435,0,108.572883154514,119.947883761083,119.58570894631,122.848614394874,210.760818481445,140.933689435323,99.2784447303185,111.021772155559,162.016882236187,89.4723232932713,109.241660467896,105.171318572667,161.019573984919,188.524367741176,161.262784045676,123.678019523621,0,177.323694864909,132.921336020193
59.5843863102527,105.882516013251,79.3961087811506,53.8647731534971,12.433753544676,125.199106004503,56.023456270101,20.4579615740393,74.2947458239054,49.6685390978064,17.3287274936071,145.317839891483,35.9390412137769,151.049753123316,80.7125906011715,71.3952427583582,45.5724892412821,121.523411788604,159.016091240777,146.1264823631,19.5224383536507,21.9730853195724,55.6445448340439,45.2759063365724,17.8162746705721,137.090564303928,122.006987988878,69.3840495055124,10.5736474339172,72.1379729765248,34.4941787397019,152.425554275513,137.466053233427,62.5824327052812,68.8120476720928,142.553364223904,104.375885009766,166.510981202126,84.5089491029449,108.571582853794,0,166.401646109188,126.510794056786,170.180158672911,98.0648686726888,150.522310110239,213.283069610596,115.31961253538,186.366790771484,159.52165139688,114.673991067069,117.510053551715,174.950943796258,223.195706176758,189.973731994629,149.38384142789,128.495291415128,100.087118460208,146.304601446375,114.874835544933,168.491083780924,189.655455369216,164.801937440626,125.91381005095,151.969987626509,125.467485391869,0,213.211929321289,131.384301185608,142.186963747625
14.598873365135,105.668889825994,106.286084613465,73.4531725103205,92.6257065112774,25.3445854214495,33.7689776420593,53.4176039898982,23.9116257210451,73.9166477316677,84.9951284405126,61.1817550935207,92.5628616288522,87.4334483846029,19.5321252467238,41.5213137762887,81.5118811471122,95.6977217734397,92.340223168814,96.5233699925138,90.9838690192504,49.8245594940324,84.1619348980132,90.131495170263,76.5982224071433,84.3600056171417,109.945687794236,119.8476232315,72.1379729765248,8.31915017781372,27.3491538049385,104.179040431976,16.9602429675639,14.3050165022617,36.6520468991383,142.308556556702,0,168.108513465294,110.613443756104,188.989944458008,0,177.711700439453,143.72631717258,188.93595123291,156.717746734619,145.708919525146,214.800064086914,129.440582275391,120.798619588216,167.466403961182,0,153.342130025228,182.809066772461,0,0,0,138.673080444336,105.583418104384,158.892638466575,129.536129335814,0,157.917062759399,170.679195827908,138.115513106524,181.853448867798,140.348009018671,0,0,124.747695922852,152.023481195623
24.1883788586896,104.089383125305,75.004454537934,53.6660637716194,124.771575927734,0,109.747491455078,12.3678594891411,88.1698667488846,59.750248570596,71.7714361710982,101.687073519237,142.839050292969,118.873811721802,69.0684577354095,72.0121307373047,75.2857882090977,74.1655155662542,115.759718227386,102.830899219299,190.780026245117,22.8954791370726,52.9109816267377,46.5488527763007,64.3806692200907,118.424984931946,103.063388833767,105.548783393828,34.4941787397019,27.3491538049385,10.1424828143169,141.776970757378,119.256858825684,28.448842037082,41.8658480208279,136.474519582895,132.724960327148,157.12004500169,70.1647524340399,0,0,0,118.19895810214,153.491966247559,163.017700195312,0,204.936508178711,134.82502746582,190.262634277344,170.221803665161,0,109.338393298062,169.58566792806,194.68440246582,193.420867919922,0,120.865654165095,92.7975375963294,128.019805669785,118.16879789708,0,192.2955078125,156.225766695463,119.025073876902,153.438487713154,120.588173701845,0,0,135.973192850749,135.782845391168
179.801284790039,67.707423210144,89.3039872767562,67.8893909555264,0,0,135.387868245443,165.077885347254,166.229117653587,126.018391548319,177.86515045166,39.1696791009589,179.438598632812,16.2675903799023,109.266045772668,0,137.496643066406,96.0547099989288,58.8812292136398,67.8859299568742,176.962219238281,149.618755340576,97.2496464740799,113.075171813965,151.044261932373,45.8633390437661,40.5672708019415,30.0692106760377,152.425554275513,104.179040431976,141.776970757378,6.80628671414887,0,184.057846069336,79.31805390897,0,135.779840741839,164.255294799805,72.9354947960895,0,0,0,194.30525970459,0,188.666084289551,0,102.545748574393,0,94.5426929473877,231.322296142578,0,210.166137695312,144.308103942871,105.089308559304,122.058490329319,0,0,141.362243652344,188.143463134766,203.034072875977,73.5543789454869,106.639372071223,108.113073737616,212.67350769043,207.777389526367,199.814549763997,108.770413903629,0,0,122.238525390625
74.4740576062884,0,172.789486694336,138.352438926697,147.834238688151,10.8818269765341,25.0767067690752,118.83418489852,14.6067733465539,182.30729675293,111.444011889006,65.7028679928537,109.347225761414,84.1343612670898,20.3799829473902,33.8257659996412,0,0,107.833889007568,108.992659250895,121.857576847076,153.882614135742,175.101181030273,163.537534077962,142.444229125977,96.395751953125,143.540605333116,174.401748657227,137.466053233427,16.9602429675639,119.256858825684,0,5.28147135861654,125.207252502441,41.1902322511415,0,0,0,0,0,0,0,0,0,0,0,0,0,0,0,0,0,0,0,0,0,0,0,0,0,0,0,147.42903137207,0,0,0,0,0,0,0
33.9985351494623,106.994982038225,104.712830043075,63.6974582672119,79.9434028293775,158.460815429688,75.2818318581095,62.0008727557326,84.6774714713873,63.9212384377756,73.0888644731962,101.699923556784,85.6170392469926,119.427606582642,36.3211038200294,46.758385848999,72.7843055725098,92.49304730468,122.154173198499,107.050881117917,77.394382130016,27.2738341330989,54.7549473444621,81.8098255339123,66.9600108933164,125.155647277832,125.622979630519,118.711352802145,62.5824327052812,14.3050165022617,28.448842037082,184.057846069336,125.207252502441,9.08196561823707,30.7043517896299,142.294830322266,0,160.916778564453,91.7608883197491,152.339859008789,0,0,141.160581111908,172.661361694336,0,169.874465942383,0,0,0,162.77938079834,0,135.180461883545,0,190.890411376953,192.936103820801,0,117.2434425354,85.9707977294922,169.610702514648,120.906402912546,0,213.91170501709,171.355493164062,134.200821596033,150.109668186733,131.688853924091,0,0,119.196357727051,149.815417480469
71.5877862390318,62.5976056519502,62.3678553950968,74.8235693275382,99.2192263109931,41.4816902160645,70.0674458482991,83.0457628810596,62.1954166714081,102.921767156632,92.9133342250165,27.8779015263132,92.4291813451388,55.8166382098626,47.0747445654612,78.6671276092529,76.6715392519496,34.8972405565437,61.3967430584855,44.0341074157269,89.8830657816258,44.5709251356112,77.1917652402605,48.0558938784306,85.4972465761858,57.39006919381,62.2421815894413,68.8894168782649,68.8120476720928,36.6520468991383,41.8658480208279,79.31805390897,41.1902322511415,30.7043517896299,11.9026335869613,161.388837178548,111.22631187439,123.81206741333,106.899762420654,176.957176208496,0,0,150.498043454927,201.174362182617,127.67696762085,216.386322021484,123.056498718262,151.489448547363,131.77268447876,192.221167428153,238.41130065918,155.955131530762,130.140387810601,138.408722771539,147.387310791016,0,146.195213317871,106.202795505524,134.851401578463,148.988098576384,149.491134643555,128.448845832579,125.436977446707,151.018701620663,149.980655125209,142.620631535848,138.048665727888,0,154.07544708252,142.274025726318
191.15340423584,0,173.994993209839,84.0688550434415,183.222747802734,0,0,152.627604166667,174.230361938477,92.2348861694336,0,0,0,212.405242919922,174.967895507812,0,0,0,0,185.837921142578,0,126.274354117257,109.968376159668,156.981904347738,141.92585849762,0,194.999428885324,172.512782377355,142.553364223904,142.308556556702,136.474519582895,0,0,142.294830322266,161.388837178548,10.3163923133902,147.388095855713,115.676684154164,73.9820709715498,101.889367280183,85.6606636047363,103.967143955515,24.4242938770939,54.1835810338196,77.4086000605147,38.5748804936955,121.623934234503,65.9268001556397,145.989940936749,12.3166969424751,91.1815309524536,70.1298237149678,109.642324389073,134.61343547584,124.685493492428,83.4474844796317,79.4160795804987,81.9227920923478,99.9448549661292,76.3475143251504,124.677843093872,129.743699930482,129.488817367962,75.4854466572281,20.3166538651626,30.0402150945495,157.247674942017,81.8067027500698,36.1765157454241,76.1718985797369
142.248447418213,117.641703605652,75.1601779009845,71.1209195310419,0,0,0,175.24967956543,0,0,0,127.521236419678,186.657745361328,115.213006591797,195.654388427734,0,71.1715469360352,98.9851997375488,120.617192077637,129.464577992757,0,121.048942565918,99.1039028167725,94.7759408950806,105.49796295166,113.267902374268,117.844338916597,68.8984069341346,104.375885009766,0,132.724960327148,135.779840741839,0,0,111.22631187439,147.388095855713,8.21133801588669,49.1230105015269,25.7069920802061,142.066024780273,0,0,130.127609634399,155.025833129883,64.4065576408342,176.419291178385,69.891167239139,97.8409309387207,51.1240515735662,133.81696472168,112.815320795233,68.5296474880642,57.8127288041611,76.8062765938895,68.9734847776352,0,86.7752706739638,21.295055741906,62.5942942755563,73.6105151945545,23.5692704437816,55.412733203075,35.1613418921818,115.533532714844,138.639384876598,113.082686530219,70.2587475912912,0,0,75.1830891503228
171.768570843865,110.422786343482,102.735504727404,128.804301113553,0,0,195.887985229492,180.668642105595,192.729365030924,195.617080688477,245.199234008789,148.83413772583,0,149.060601806641,197.018086751302,0,120.526028026234,112.685337381265,146.847783406576,134.322166442871,0,151.532154719035,114.03554280599,113.25732173635,160.611382675171,156.944305419922,111.865657121707,105.202022692512,166.510981202126,168.108513465294,157.12004500169,164.255294799805,0,160.916778564453,123.81206741333,115.676684154164,49.1230105015269,13.6726427148898,49.4217618048867,130.46618270874,173.659594726562,139.909412081879,94.0351108138687,131.891272233264,119.599910442646,106.708627309231,104.1801480952,117.806564331055,94.6532360076904,127.018413384016,141.088882446289,81.0625315127165,45.6414849304889,101.011222345366,80.7326730715683,185.126621670193,67.9841480087325,49.6608983027308,36.202207416054,115.289765890021,173.720680236816,39.6358602156886,28.787567200875,80.4175987159486,139.14535098814,92.8284489378637,96.9112250749455,144.819254557292,119.808901700107,76.1736730812422
114.646498786079,71.3135770161947,75.3916059832707,15.0242724226464,132.219526290894,0,107.940785217285,86.5946780613491,115.905395507812,46.2947722540961,95.7245148878831,69.9293844049627,87.984120686849,63.6296766888012,107.996257781982,0,82.7045824262831,91.7980122199425,98.6087188720703,103.880266825358,89.8178634643555,72.9806218828474,35.2419080287218,91.2904660151555,70.5761551813248,53.9682375301014,95.8638876173231,73.5447969888726,84.5089491029449,110.613443756104,70.1647524340399,72.9354947960895,0,91.7608883197491,106.899762420654,73.9820709715498,25.7069920802061,49.4217618048867,30.3101956768123,66.3405575309832,107.601722717285,102.987732119677,63.0551469142198,105.431009292603,17.109380900992,91.2951475539297,53.7394158348205,57.6793517359981,43.2113738364952,93.4064071834487,77.9073516845703,45.0914914786816,67.335380182857,82.8270745340983,79.1747755385537,108.071365356445,56.059821850943,22.6157158041432,61.039514773112,41.7333207768977,15.6545933125832,61.9197418423357,42.0682518042078,55.310636865194,83.8758562961007,58.8933111563741,60.4507692309393,115.909371948242,64.3674153089523,72.6996512469123
168.705413818359,0,0,84.0907343350924,8.38596561733557,0,164.577543640137,145.355181376139,199.632064819336,105.444192774156,45.2372372661318,0,0,0,112.710716247559,155.611392974854,0,218.996337890625,0,0,17.5054124407812,0,0,0,132.782542083223,0,0,233.146171569824,108.571582853794,188.989944458008,0,0,0,152.339859008789,176.957176208496,101.889367280183,142.066024780273,130.46618270874,66.3405575309832,7.76330615547962,137.16780090332,70.8581466927993,67.2933554308755,102.009095878601,54.0043377691461,14.1151937960169,156.76639175415,29.4630820038598,0,109.722157267343,75.0167179420346,81.4384562174479,194.014785766602,180.161514282227,0,13.1552913438729,0,55.4828596115112,118.219352722168,15.0516919844297,0,170.22057800293,111.101842880249,12.7316313676137,103.575407423014,92.2712020874023,0,143.945880126953,92.5942942301432,98.6920675872475
0,0,0,0,0,0,0,0,0,0,0,0,0,0,0,0,0,0,0,0,0,0,0,0,126.646741231283,0,0,0,0,0,0,0,0,0,0,85.6606636047363,0,173.659594726562,107.601722717285,137.16780090332,7.09949161791624,8.91257497141646,113.758174419403,12.812599450545,56.1277961730957,109.427390910961,54.0454946981894,84.2970526559012,78.5632514953613,38.5572858802624,12.7650409164751,0,139.378154754639,92.0129180908203,82.3069229125977,111.080811818441,112.158912658691,102.072756449382,133.080450439453,95.2264423370361,0,122.12486076355,162.838581085205,128.906021542019,31.476593357243,0,0,10.9812177501642,0,28.8061761972856
