11.837854311814,136.077041625977,96.6435822132954,84.1808759515936,104.633369445801,0,107.595010456286,34.0555558830752,49.9735992093566,111.018515110016,83.1866401525644,134.748080616266,109.369332122803,142.109106881278,19.2293515352326,83.7330093383789,114.541870565975,96.8982024268021,142.864048549107,130.094078708702,105.80339886592,77.8580846422501,96.0045541127523,87.1455039670638,87.6721580793273,113.673309326172,120.046079522996,127.788330740621,82.2077206825388,24.4018038760542,36.1304046426194,159.078308105469,86.8243198394775,41.8829444137537,78.159158537046,0,0,168.205295562744,101.92105178833,210.482162475586,0,0,145.189654541016,156.397537231445,88.8503621419271,170.435033162435,0,0,0,138.670181274414,0,139.763748168945,197.906692504883,0,177.521575927734,0,136.955942789714,116.938888549805,167.28276570638,132.767766615924,0,186.648844401042,179.394239376753,143.920691013336,180.875518798828,0,0,0,157.676322937012,177.870864868164
136.077041625977,8.57208133531607,47.174587382546,21.6839047269338,110.052597045898,141.591506958008,178.104675292969,138.638672828674,132.750115966797,70.6160374999925,169.065574645996,66.9019106405753,113.642773946126,46.4879428807518,147.31050491333,116.963640733199,49.2204482923235,55.4310348672639,81.5963706970215,71.6744568653596,0,112.157210667928,25.3543404835321,78.4587758652707,83.4132693086278,27.8220781728164,51.4275566794135,29.690505093326,107.275012267263,115.998898029327,97.4785491943359,66.3237180207905,0,95.860595703125,53.8781158457774,0,138.449676513672,113.785652160645,70.7521881648472,0,0,0,171.310897827148,0,131.036117553711,0,0,0,75.2616914113363,0,0,156.296058654785,108.998291015625,103.869143168132,139.398101806641,0,0,123.386337280273,181.025395711263,149.543117523193,61.0153581955854,116.027879869616,114.125477965449,158.151321411133,204.938385009766,0,0,0,0,108.979911804199
96.6435822132954,47.174587382546,12.0993256228838,50.3918347093204,134.564095889821,154.090927124023,143.367447212951,97.8337679335014,113.673435096524,111.215196967125,113.013978386893,94.0259992792743,184.909643238988,95.1067594363366,111.274619977166,141.734923934937,86.8167488833508,43.0200513364241,125.880339050293,77.6358189949622,185.414534135298,64.4675032349292,53.0565065994043,29.0020609737997,105.069989758869,93.4320443960337,30.4323834800278,28.8354112933935,87.1301871004654,127.626516757416,88.3164476527542,89.9709303993849,160.950159708659,113.37572739341,59.8525495212154,181.367874145508,113.570173475477,100.936186089785,76.8245584808127,197.880569458008,0,199.979288736979,166.805514976627,188.930426346628,179.009015764509,185.716558976607,215.6044921875,150.708694458008,114.536834716797,182.869601876395,0,115.127324500451,117.900325310749,157.722476959229,146.803064199594,0,144.364059993199,68.9831759733312,113.441083147118,165.0691535102,111.825996398926,120.270067119163,102.644743488308,160.468224080404,189.393811543783,148.456116267613,0,0,0,124.849163186961
84.1808759515936,21.6839047269338,50.3918347093204,26.8049253231535,79.6537054991111,125.171704610189,104.418944676717,75.8806353473418,100.806137016841,23.2424257149925,87.0194600582123,66.584161450786,75.077699025472,53.2032863796126,102.409948012408,80.2761510766071,41.3918304934305,64.2997354912841,77.0925988822148,67.0909219058055,113.308588981628,68.0093317160388,31.0964270393054,56.6834216959155,46.0947725057823,20.7261166673585,48.4900290307465,44.2728544288525,65.3411954280184,101.466797510783,65.4812660217285,67.1021236072887,135.582611083984,84.1441707611084,71.6445173994765,120.167501068115,58.164020391611,69.2908278783163,22.2004741737001,91.994776725769,0,106.065902709961,96.3325374437415,149.668556213379,14.523469746831,140.23468875885,65.9789586748396,93.9374294281006,70.8550424014821,134.98115878635,46.0904998779297,67.3881349796202,83.7999207516934,61.8311017354329,113.488613605499,120.13730875651,80.6109612782796,33.1515778359913,82.8989826015659,81.4251811769274,45.0212092766395,80.7569814409528,67.2682973513396,104.653234245664,121.474535942078,114.407680034637,128.832824707031,0,118.405330657959,96.4865004799583
104.633369445801,110.052597045898,134.564095889821,79.6537054991111,11.8361719614798,105.033251953125,77.1534073484975,51.5849381355529,91.5300913138732,62.3284377219693,28.2832897934015,162.551483154297,40.4152621088028,162.122482299805,114.771678788321,81.2737488907375,128.888473510742,153.61184946696,191.845718383789,185.027308146159,12.7631942099888,162.25178527832,123.563810984294,134.63950475057,25.0774509021067,0,178.63259601593,159.027543581449,19.6634335240798,115.177384843218,103.883000691732,0,143.315907404973,96.0256256830125,108.978900909424,176.296432495117,0,151.233375549316,92.6478291466123,14.4904675862168,0,111.256231449268,156.970619916916,167.317523002625,97.1766832624163,118.61134896695,0,78.0725103545797,0,139.514254349929,127.189898681641,153.789779663086,0,0,0,31.8296337258048,0,132.491409301758,208.086898803711,122.572499777141,0,0,201.43411509196,127.366654491957,136.420459581458,0,0,0,95.9237899780273,138.271302700043
0,141.591506958008,154.090927124023,125.171704610189,105.033251953125,7.0086272446106,8.74305922018165,124.81477801005,10.1590385015441,51.6933614095052,112.274757385254,55.2577629089355,80.8646717686807,60.8473652926358,33.5448256625405,14.3098672257834,171.37744140625,178.265892028809,82.1810913085938,90.7438735961914,123.787893295288,92.005012512207,98.91761525472,110.129628499349,76.5529298782349,84.4754104614258,82.7526575724284,155.01496887207,120.01340675354,26.6169844120741,112.117057800293,84.8978729248047,11.3720257192288,0,31.8261372492864,0,0,0,149.682846069336,0,0,0,0,0,0,0,0,107.430786132812,0,0,0,0,0,0,0,219.227081298828,0,0,0,110.330413818359,0,0,0,229.996520996094,0,0,0,0,0,0
107.595010456286,178.104675292969,143.367447212951,104.418944676717,77.1534073484975,8.74305922018165,9.8649957395209,67.8203220213161,16.5499424865342,84.6784047496562,40.4158616614336,85.1273270572524,26.0187535854044,84.7813698021141,34.3503834046305,12.5102027583106,158.655197143555,171.919413757324,131.23449283176,146.075390555642,58.6086854595823,115.51856803894,117.849047342936,140.302857189644,85.3158124669939,118.62156867981,158.042191961537,157.964681691137,74.8222675468082,41.5814207305445,130.488331604004,112.33129119873,24.5109100158736,119.298802462491,79.8940630006553,174.845993041992,0,185.973739624023,111.970104853312,184.138646125793,0,171.456152598063,173.6731501988,185.055908203125,119.06164449056,177.258737043901,240.561248779297,100.469457327151,0,209.427749633789,176.443035125732,0,0,0,0,171.099500154194,245.117309570312,106.786552429199,230.989654541016,151.376448755679,0,229.608367919922,224.805254618327,180.790466834759,217.259582519531,0,0,0,209.922485351562,0
34.0555558830752,138.638672828674,97.8337679335014,75.8806353473418,51.5849381355529,124.81477801005,67.8203220213161,12.7840337565967,60.7125756726458,66.3299200288181,24.2832911087744,153.471487004706,75.4686153707983,161.511018082902,48.2378202705138,90.460456093589,103.668503547782,116.838289799351,164.402947319878,155.511419649477,102.085941743851,70.7649491613362,85.1118433872859,82.9119263043157,63.2820838020247,153.119062635634,140.085878560724,115.864479539282,30.9215979352953,82.7474382314526,27.2305362941355,170.019810994466,119.225986328125,70.6004819003018,83.0869543251084,160.751892089844,182.130760192871,184.148293984903,87.6348906964487,160.898675706651,0,167.037560780843,143.450003945903,175.693568836559,86.2241508960724,155.640027364095,231.174133300781,129.005218310234,0,185.695831298828,138.976577758789,130.64507929484,200.881184504582,0,0,152.284947988149,163.786386663263,126.750879605611,173.977615805233,128.201576293783,0,193.553984324137,183.090065164769,142.232707150611,177.249697265625,153.411222185407,0,0,155.843803405762,157.481467613807
49.9735992093566,132.750115966797,113.673435096524,100.806137016841,91.5300913138732,10.1590385015441,16.5499424865342,60.7125756726458,11.9534063546495,86.1140667370388,36.7648682104279,76.2477747830478,87.0603883206998,78.7148597478867,20.6062778443988,30.6244826010021,134.262356684758,128.671442087261,111.807304831112,127.966729216523,92.4166794341288,100.323128763835,133.15906829834,107.022964742788,83.9471946429181,131.160562303331,142.844302830821,142.625427020493,85.7385494415396,27.0887245970468,79.8362049672795,161.686791283744,12.2230791088718,98.2193567986582,83.8067145790446,175.875152587891,0,189.196486473083,100.580477773407,188.801832580566,0,170.831766764323,168.427647145589,181.412168884277,102.804937839508,180.371598187615,226.2705078125,151.116511966871,0,186.333760579427,178.874244689941,186.350697835286,193.869117736816,0,203.989868164062,170.422403775729,237.843399047852,147.06724395752,181.554465738932,152.152783881293,0,196.945468902588,189.130310465495,171.718071683248,210.118884277344,193.697158813477,0,0,0,216.336112976074
111.018515110016,70.6160374999925,111.215196967125,23.2424257149925,62.3284377219693,51.6933614095052,84.6784047496562,66.3299200288181,86.1140667370388,9.36297967470182,74.1301599886551,130.588410726408,11.3440931678274,113.745948003093,110.539635426289,24.1898496524147,93.1995587666829,127.574906722359,137.898667229546,141.039074601798,58.5218225632395,100.378276824951,29.3949182312228,135.163826390317,30.0937341867304,98.0825852189838,117.84107208252,104.135820664051,58.3582811828352,108.309671795557,71.2427802615695,136.663446335565,100.892185211182,73.1119493484497,117.058776235988,0,0,185.8342628479,52.323227414063,109.399278695243,0,102.476205190023,119.628806220161,168.500450134277,26.312934285716,126.970379783994,199.453887939453,72.9001155775421,143.121360778809,178.681774902344,71.0484771728516,146.56954738072,176.855464935303,0,215.126152038574,94.3598575047084,155.642756144206,57.7102071126302,143.692960103353,79.9783100552029,147.246490478516,180.317067146301,179.051004682268,117.450000868903,158.762627601624,172.553466796875,219.439010620117,0,0,156.213991800944
83.1866401525644,169.065574645996,113.013978386893,87.0194600582123,28.2832897934015,112.274757385254,40.4158616614336,24.2832911087744,36.7648682104279,74.1301599886551,14.5949341521754,144.039115905762,25.9438391064417,155.834124428885,62.0017575266884,80.2677693133588,112.975360576923,152.746660718731,166.163416544596,160.54068968726,17.4161311781834,91.5979292609475,113.993121754039,105.895520444776,59.34190956461,174.868194580078,158.338681244432,146.508764515752,32.4429077806677,101.895487490974,93.0560183255178,166.784608629015,117.683945138114,86.6901178245085,102.299653615213,169.517669677734,201.730056762695,194.968607122248,97.4717175056194,172.673876893287,0,178.293595450265,152.867838470029,178.699641980623,96.6117394869445,172.874082890953,229.51082611084,115.980096538164,0,203.841366038603,137.973875863212,137.756828308105,210.46492767334,0,0,161.242736647614,0,124.252385457357,192.443301391602,133.835324652401,0,230.37353515625,192.262640519576,164.119720835745,192.357419331868,0,0,0,204.998420715332,197.825866699219
134.748080616266,66.9019106405753,94.0259992792743,66.584161450786,162.551483154297,55.2577629089355,85.1273270572524,153.471487004706,76.2477747830478,130.588410726408,144.039115905762,12.7066466748204,134.136121152052,18.4540316387238,75.9924924656496,79.7350244522095,130.12164742606,54.0321842434511,23.5236935286908,24.3702559171254,150.968058480157,103.265928894726,108.938512975519,88.720017378812,150.963335770827,30.112192641793,26.3601810753859,63.3709372209418,156.273479627526,61.0381697573469,106.197070428502,33.37493490724,58.3730325295892,117.515974580572,28.1951504761814,0,120.668060302734,140.966836547852,76.2278254032135,0,0,0,0,0,232.359237670898,0,113.792556762695,139.204727172852,67.1318927818621,0,0,0,178.068355560303,99.4551490334903,109.839074028863,0,0,118.123980204264,166.263046264648,210.18342590332,57.2673313359546,98.975730801806,103.629507224791,236.0302734375,232.304862976074,0,93.8863695930032,0,0,136.515202840169
109.369332122803,113.642773946126,184.909643238988,75.077699025472,40.4152621088028,80.8646717686807,26.0187535854044,75.4686153707983,87.0603883206998,11.3440931678274,25.9438391064417,134.136121152052,10.6570633577842,141.664628797962,104.295072735419,17.5940814115944,82.7140274047852,172.924371016653,159.729448758639,160.938130787441,18.1423348575642,159.761459350586,77.159024839048,187.409945896694,28.1272470161429,144.81299680822,162.698965762524,151.206771748861,51.0363065808753,98.6526927616911,173.280642700195,148.657730102539,108.808376448495,99.3836194551908,98.6591048136796,156.637359619141,0,0,85.3887410597368,73.8375595124041,115.820785522461,80.5365061078753,166.604141998291,119.289648873465,101.024667627671,99.8962138193958,141.398712158203,13.133558520254,163.150146484375,106.219622039795,90.3426086425781,0,212.89624786377,244.404663085938,171.479995727539,36.438132521035,0,62.9594027201335,0,111.761640901325,0,191.956649780273,207.317741394043,156.703168065924,128.129212697347,170.72200012207,0,0,0,117.085797309875
142.109106881278,46.4879428807518,95.1067594363366,53.2032863796126,162.122482299805,60.8473652926358,84.7813698021141,161.511018082902,78.7148597478867,113.745948003093,155.834124428885,18.4540316387238,141.664628797962,6.9119541645717,85.6850368388028,146.245212554932,114.578070504325,84.4784016418457,46.5270846401353,58.2065299794644,152.428239004953,150.653703689575,83.5120938164847,108.305531093052,129.661301319019,19.041812699192,40.8977043318568,23.878239594973,155.509213834196,61.5299999081359,143.246976852417,12.0712269373103,65.3667448861258,127.562845230103,42.6481218563883,184.489898681641,88.4577919006348,148.066781616211,46.8502207245938,0,0,0,243.816696166992,117.068672180176,144.270095825195,0,80.5042360578264,134.702728271484,62.1466792311915,0,0,145.561813354492,136.20525932312,88.9153454397607,98.5161727558483,0,0,120.687402997698,168.063646952311,172.969802856445,49.6234756094872,85.2628450604563,78.5695983654566,0,132.921842575073,148.517669677734,83.3094567312321,86.2077865600586,0,99.7409625053406
19.2293515352326,147.31050491333,111.274619977166,102.409948012408,114.771678788321,33.5448256625405,34.3503834046305,48.2378202705138,20.6062778443988,110.539635426289,62.0017575266884,75.9924924656496,104.295072735419,85.6850368388028,9.47146154213863,36.3362600894684,135.892461693805,117.438612089009,99.5662866778078,115.533264927187,106.666645081253,97.0959206538254,127.752663016319,101.737757875856,109.550706854364,113.010710063734,130.012608303058,136.110241044754,94.0691733780303,22.6917341118825,68.7348186203676,134.317261749843,15.8716569180981,54.0288359870513,71.3560934822011,170.276481628418,0,193.958270860755,113.862341772152,188.012395222982,0,195.895960489909,177.395513226909,197.182062784831,115.094589233398,190.877715216743,142.57137298584,127.384821458296,146.78332901001,224.428039550781,169.03490447998,184.050519307454,217.497999191284,0,193.238357543945,193.871466500419,145.312957763672,126.66814833421,179.433210311397,159.567555634872,0,191.129955715603,188.130476306734,177.395778917286,198.560501098633,197.315828959147,0,0,0,190.497061157227
83.7330093383789,116.963640733199,141.734923934937,80.2761510766071,81.2737488907375,14.3098672257834,12.5102027583106,90.460456093589,30.6244826010021,24.1898496524147,80.2677693133588,79.7350244522095,17.5940814115944,146.245212554932,36.3362600894684,8.48907931556978,112.59895324707,146.459815979004,191.644577026367,119.443069458008,74.8569319537867,89.7187347412109,77.588308930397,130.927230834961,54.4067598631635,131.59475291859,157.103244400024,129.195523564956,87.2327170176049,47.8061305851612,160.994533538818,0,34.9102281470631,35.4099426269531,112.312571245081,0,0,0,62.5727848052979,161.939989089966,0,169.15695699056,171.550397237142,170.392883300781,59.6548557281494,220.67707824707,0,83.4512683323452,0,0,77.5943908691406,0,0,0,0,122.164779663086,0,84.7983703613281,219.838348388672,109.251800537109,0,0,0,142.093067169189,166.155075073242,165.355041503906,0,0,0,0
114.541870565975,49.2204482923235,86.8167488833508,41.3918304934305,128.888473510742,171.37744140625,158.655197143555,103.668503547782,134.262356684758,93.1995587666829,112.975360576923,130.12164742606,82.7140274047852,114.578070504325,135.892461693805,112.59895324707,15.9649870652552,96.9886337198237,139.423187255859,123.216211591448,125.850212097168,24.1798345033958,33.5961908872384,24.3540846331157,44.426611835495,120.185910542806,108.880845503374,28.7629903990767,39.5700305104416,109.473988087972,78.5633399223966,168.762664794922,0,112.546254475911,74.2516143345597,154.15012512207,0,115.549365559562,62.1443216463415,0,0,195.689880371094,137.603756926781,173.525081634521,99.1577705383301,198.077087402344,0,0,0,176.323713302612,0,107.065860516218,148.730580329895,0,146.345001220703,0,120.564547763782,59.2713314556183,110.26968270601,126.253726906972,0,171.633059910366,112.824192103633,124.43358206749,139.888582865397,118.462083154795,0,0,96.0890312194824,160.224780612522
96.8982024268021,55.4310348672639,43.0200513364241,64.2997354912841,153.61184946696,178.265892028809,171.919413757324,116.838289799351,128.671442087261,127.574906722359,152.746660718731,54.0321842434511,172.924371016653,84.4784016418457,117.438612089009,146.459815979004,96.9886337198237,10.2589786121726,52.85733874574,30.2443531405444,191.751977539062,55.9056922363979,77.8973768518326,26.3939666511973,125.136282872672,57.6138328128391,27.4633750758846,64.1831970436374,119.060282850999,109.25342687908,77.9844460186019,86.5721002394153,129.246463775635,104.503651512994,33.9893918895021,0,112.651178359985,113.387487563412,76.2622659178986,0,0,212.05394744873,197.78050994873,209.330240885417,225.559005737305,166.178520202637,103.722427368164,0,152.163772583008,213.125384521484,0,135.404942830404,121.141860719711,127.476268005371,121.837656888095,0,178.911434173584,89.5241339927496,139.316503607708,176.391553878784,0,117.287284963271,115.584881661155,189.246855417887,198.269348144531,167.79828898112,0,0,0,140.9582862854
142.864048549107,81.5963706970215,125.880339050293,77.0925988822148,191.845718383789,82.1810913085938,131.23449283176,164.402947319878,111.807304831112,137.898667229546,166.163416544596,23.5236935286908,159.729448758639,46.5270846401353,99.5662866778078,191.644577026367,139.423187255859,52.85733874574,7.85676872217556,10.7732595060493,176.091987609863,113.273606872559,94.2654317220052,95.8102788925171,167.8839747111,49.5200028299284,15.7975438450242,61.146905628368,170.821683883667,88.8201973655007,118.300159107555,53.7906173213836,92.6130532158746,0,56.0955137692965,0,0,183.87971496582,114.700439453125,0,0,0,0,0,0,0,113.447895812988,0,96.2948112487793,0,0,0,0,110.735622950963,115.408917744954,0,0,0,154.491821289062,0,74.0060691833496,103.530782699585,101.18431299383,0,0,0,105.126512527466,0,0,149.05339050293
130.094078708702,71.6744568653596,77.6358189949622,67.0909219058055,185.027308146159,90.7438735961914,146.075390555642,155.511419649477,127.966729216523,141.039074601798,160.54068968726,24.3702559171254,160.938130787441,58.2065299794644,115.533264927187,119.443069458008,123.216211591448,30.2443531405444,10.7732595060493,9.55550498159162,173.216823577881,91.449213401421,98.6844747634161,75.253091994277,160.409419695536,49.1935960444437,27.1848277527399,59.8587997689051,153.977594826438,101.901691583696,104.2022345547,58.1074043480126,105.612728118896,121.891949363377,48.7647120275511,205.543685913086,143.041168212891,130.596876144409,99.4465012183556,0,0,0,224.118141174316,0,0,0,104.967737833659,0,111.946004486084,189.067606608073,0,0,120.777493476868,122.853773117065,117.489648873465,0,0,150.435923258464,152.726821899414,218.200576782227,97.0106029510498,106.722568148658,111.313516545593,202.256645202637,0,206.765920003255,118.502685546875,0,0,135.569300333659
105.80339886592,0,185.414534135298,113.308588981628,12.7631942099888,123.787893295288,58.6086854595823,102.085941743851,92.4166794341288,58.5218225632395,17.4161311781834,150.968058480157,18.1423348575642,152.428239004953,106.666645081253,74.8569319537867,125.850212097168,191.751977539062,176.091987609863,173.216823577881,8.84564748514227,118.18631439209,156.354530334473,173.192090988159,16.3503070406493,0,176.702989196777,185.298327854701,29.0519657421112,106.037163111225,134.018615722656,238.78630065918,122.999701760032,97.8878421783447,102.050207784485,180.607917785645,0,0,103.168233235677,63.1044316502566,0,175.973752975464,166.287295692845,187.679593404134,104.485943720891,174.294694599352,0,32.9093835628675,0,219.444218953451,160.40047454834,170.402770996094,0,0,0,108.993742114968,0,153.929733276367,0,135.781366064193,0,220.310699462891,226.448852539062,167.813234260283,204.321632385254,0,0,0,193.871551513672,198.967323303223
77.8580846422501,112.157210667928,64.4675032349292,68.0093317160388,162.25178527832,92.005012512207,115.51856803894,70.7649491613362,100.323128763835,100.378276824951,91.5979292609475,103.265928894726,159.761459350586,150.653703689575,97.0959206538254,89.7187347412109,24.1798345033958,55.9056922363979,113.273606872559,91.449213401421,118.18631439209,12.3608763880351,59.6039563523242,29.3024665509876,23.725529720757,105.146392822266,101.389556395702,75.3686430015479,37.5459292112137,41.9863919976201,30.8183390404755,131.197537740072,0,20.3654390667377,48.0399329375889,164.278566632952,0,140.793504442487,78.0862214998765,0,0,0,129.300077421171,152.926002502441,93.5658569335938,163.616058349609,191.325988769531,0,0,170.789310802113,0,120.507441166469,167.734756469727,0,177.732395172119,243.67951965332,131.548069398795,72.8202291580824,134.939763813993,128.0632563025,0,180.65793762207,151.717084121704,128.414601849495,151.91231953014,131.668564654411,0,0,143.571751912435,133.94806543986
96.0045541127523,25.3543404835321,53.0565065994043,31.0964270393054,123.563810984294,98.91761525472,117.849047342936,85.1118433872859,133.15906829834,29.3949182312228,113.993121754039,108.938512975519,77.159024839048,83.5120938164847,127.752663016319,77.588308930397,33.5961908872384,77.8973768518326,94.2654317220052,98.6844747634161,156.354530334473,59.6039563523242,10.4782602391413,58.7822224746592,38.7112854572047,65.7479782757006,82.8910994931876,37.1148910116363,62.4546160769616,94.7412482102712,61.7735086130541,93.2592277526855,0,108.727678934733,75.7578047684261,173.001149495443,156.939430236816,108.22911396733,68.3868023788228,0,0,0,131.08956854684,175.254776000977,45.7527666621738,177.630447387695,0,0,124.283782958984,188.443063354492,0,70.2522608910078,129.904905954997,223.458206176758,0,129.120498657227,83.2248102823893,28.3680560490317,78.0720333876433,135.023542257456,110.25717817034,129.461539030075,105.988184937643,117.825752958959,113.202583312988,99.2376026153565,0,0,0,132.073944091797
87.1455039670638,78.4587758652707,29.0020609737997,56.6834216959155,134.63950475057,110.129628499349,140.302857189644,82.9119263043157,107.022964742788,135.163826390317,105.895520444776,88.720017378812,187.409945896694,108.305531093052,101.737757875856,130.927230834961,24.3540846331157,26.3939666511973,95.8102788925171,75.253091994277,173.192090988159,29.3024665509876,58.7822224746592,17.3251648799541,79.7032861292162,110.93235488165,72.1627214471971,41.1186145482398,57.1373481232739,93.0471112762791,55.22139085691,107.478977559408,154.307118733724,98.8990301291148,50.6155399927543,148.121668497721,0,114.44623694717,71.5195398504084,202.602691650391,0,204.878456115723,158.562982930766,188.196584065755,127.087863377162,187.885155417702,142.752593994141,234.147689819336,0,192.114829653785,0,112.665391480992,138.790202358313,0,177.029332478841,141.746139526367,128.978318926932,69.1972164172018,117.665715732901,142.92152588943,0,152.564856290817,114.513038799097,147.453753571012,193.317509242467,141.116638183594,0,236.555374145508,164.192474365234,151.492113022577
87.6721580793273,83.4132693086278,105.069989758869,46.0947725057823,25.0774509021067,76.5529298782349,85.3158124669939,63.2820838020247,83.9471946429181,30.0937341867304,59.34190956461,150.963335770827,28.1272470161429,129.661301319019,109.550706854364,54.4067598631635,44.426611835495,125.136282872672,167.8839747111,160.409419695536,16.3503070406493,23.725529720757,38.7112854572047,79.7032861292162,12.0312309995919,108.468380011163,130.132031559165,94.7949860526038,19.8049562867624,95.7347544156588,74.0609925254206,153.425598992242,139.87516784668,81.5844940789002,100.892672602107,144.574588332065,125.131828308105,163.21310043335,65.8761222673948,124.367464098334,188.254867553711,144.973457037234,126.80695771406,156.406163896833,68.2870943374395,137.922210102697,198.659481811523,103.217723334968,196.007431030273,164.638432881189,140.764768600464,114.320244658765,188.265744527181,0,222.529108683268,130.494785335146,129.399771134059,67.9114230165204,144.80662381447,109.480731139645,158.8955078125,197.10114464393,160.326888212224,125.070236527084,153.172698421755,130.968730956551,228.447151184082,0,133.120024908157,147.511118395575
113.673309326172,27.8220781728164,93.4320443960337,20.7261166673585,0,84.4754104614258,118.62156867981,153.119062635634,131.160562303331,98.0825852189838,174.868194580078,30.112192641793,144.81299680822,19.041812699192,113.010710063734,131.59475291859,120.185910542806,57.6138328128391,49.5200028299284,49.1935960444437,0,105.146392822266,65.7479782757006,110.93235488165,108.468380011163,7.56538101473544,40.8847526420634,23.6146221762444,130.584256765005,74.5337835394818,128.162261962891,47.644009973585,73.2941398620605,138.683006286621,52.8885067538939,0,63.4161646916316,106.544671376546,28.679673880585,0,0,0,189.754806518555,0,124.940979003906,0,65.0905208144077,240.080337524414,49.387861541963,239.465866088867,0,170.34831237793,134.422929763794,74.5476939921476,92.8697514533997,0,0,89.8515472412109,0,192.957717895508,38.8541721487508,72.0910900898896,67.8257622762963,218.137802124023,228.408020019531,0,70.1520381254308,0,0,102.599166870117
120.046079522996,51.4275566794135,30.4323834800278,48.4900290307465,178.63259601593,82.7526575724284,158.042191961537,140.085878560724,142.844302830821,117.84107208252,158.338681244432,26.3601810753859,162.698965762524,40.8977043318568,130.012608303058,157.103244400024,108.880845503374,27.4633750758846,15.7975438450242,27.1848277527399,176.702989196777,101.389556395702,82.8910994931876,72.1627214471971,130.132031559165,40.8847526420634,12.8419264501174,32.5095016489245,132.389980335188,113.105982573725,110.097320881296,30.8012820424812,120.992191738553,126.158178016321,56.0892001207086,180.07361421131,120.190714749423,108.049790319995,64.2596844850876,0,0,197.897613525391,188.932243177626,210.160398210798,183.288311428494,206.072038438585,105.726895621653,162.226928710938,96.2181467142972,196.856876767915,0,151.531807369656,113.348749166599,104.258888518739,106.457569085564,0,146.735352071126,131.762733609069,141.389942509787,187.72849967263,72.7815123966762,97.1869682536059,99.2266798053931,192.870079403832,182.33837890625,168.378471374512,111.159176591514,123.40308380127,166.227396647135,120.294282236407
127.788330740621,29.690505093326,28.8354112933935,44.2728544288525,159.027543581449,155.01496887207,157.964681691137,115.864479539282,142.625427020493,104.135820664051,146.508764515752,63.3709372209418,151.206771748861,23.878239594973,136.110241044754,129.195523564956,28.7629903990767,64.1831970436374,61.146905628368,59.8587997689051,185.298327854701,75.3686430015479,37.1148910116363,41.1186145482398,94.7949860526038,23.6146221762444,32.5095016489245,13.6420401861119,81.8689282303117,123.672697275665,112.750436578186,19.4041266441345,155.069953918457,128.076755440753,63.4877056093824,187.814659118652,118.742567380269,100.521055429675,67.4560121890981,190.531326293945,229.186019897461,206.397585550944,171.058705570387,190.758208711269,181.132287597656,177.844166877942,118.386132982042,191.176296234131,103.085355012313,191.12637777066,0,105.011701926207,118.894414684283,108.32803647153,119.155475599425,0,139.133280219101,60.1252719669918,111.350075757728,161.28782329971,76.0279002988959,105.515139922919,101.454798126668,155.492407769097,200.998433343295,153.03733142217,113.072502467943,0,177.093143463135,128.989247592879
82.2077206825388,107.275012267263,87.1301871004654,65.3411954280184,19.6634335240798,120.01340675354,74.8222675468082,30.9215979352953,85.7385494415396,58.3582811828352,32.4429077806677,156.273479627526,51.0363065808753,155.509213834196,94.0691733780303,87.2327170176049,39.5700305104416,119.060282850999,170.821683883667,153.977594826438,29.0519657421112,37.5459292112137,62.4546160769616,57.1373481232739,19.8049562867624,130.584256765005,132.389980335188,81.8689282303117,14.3733124418531,94.5531601083045,36.940633668649,164.420751953125,139.551523590088,70.0239051341505,73.8498981061943,151.213099272355,136.12614440918,173.223890981367,77.460392705363,153.666627587624,156.448272705078,166.739330749512,134.217305751305,167.994990878635,86.0548055064139,159.941105611701,229.476847330729,112.430793567295,202.237663269043,175.692242867606,122.958169119699,123.061212065726,183.844739046964,235.995216369629,210.264338175456,147.644841277081,137.142832931207,80.0745975851155,151.664404576121,123.983347579144,153.385040283203,205.366630554199,173.56356231026,136.643888208573,164.85219825666,135.037249906563,0,221.562571207682,142.522437095642,162.902524640483
24.4018038760542,115.998898029327,127.626516757416,101.466797510783,115.177384843218,26.6169844120741,41.5814207305445,82.7474382314526,27.0887245970468,108.309671795557,101.895487490974,61.0381697573469,98.6526927616911,61.5299999081359,22.6917341118825,47.8061305851612,109.473988087972,109.25342687908,88.8201973655007,101.901691583696,106.037163111225,41.9863919976201,94.7412482102712,93.0471112762791,95.7347544156588,74.5337835394818,113.105982573725,123.672697275665,94.5531601083045,10.9913866718888,33.0856209403564,104.806721938284,11.6646483335929,21.9265519382421,42.7882731189055,132.746765136719,0,196.279325485229,106.175753960243,206.008739124645,0,202.574305216471,146.574022081163,178.745903015137,112.669049944196,195.547712846236,0,136.869124563117,168.495864868164,182.648307800293,0,150.567648145888,201.328048706055,148.074310302734,197.70622253418,193.67646928267,0,111.756306542291,188.130120958601,158.715378454176,84.9717788696289,166.786549987793,186.071349308409,164.724983590548,209.172556559245,126.866360982259,0,0,198.664123535156,206.090135846819
36.1304046426194,97.4785491943359,88.3164476527542,65.4812660217285,103.883000691732,112.117057800293,130.488331604004,27.2305362941355,79.8362049672795,71.2427802615695,93.0560183255178,106.197070428502,173.280642700195,143.246976852417,68.7348186203676,160.994533538818,78.5633399223966,77.9844460186019,118.300159107555,104.2022345547,134.018615722656,30.8183390404755,61.7735086130541,55.22139085691,74.0609925254206,128.162261962891,110.097320881296,112.750436578186,36.940633668649,33.0856209403564,11.8365516227022,173.010419845581,244.036010742188,36.2036357271914,42.7132788067559,136.110508510045,0,150.240342360276,72.7747359874637,0,0,0,128.677086239769,164.258600870768,79.9631576538086,174.397221883138,0,104.230491638184,0,157.424791776217,0,115.364599768795,222.356155395508,0,170.989562988281,0,128.108472970816,76.4554203533735,142.508154244258,121.539275074005,0,179.348421732585,172.464705933916,129.885076667762,152.662913513184,125.825577290853,0,200.976013183594,140.366165161133,144.957321802775
159.078308105469,66.3237180207905,89.9709303993849,67.1021236072887,0,84.8978729248047,112.33129119873,170.019810994466,161.686791283744,136.663446335565,166.784608629015,33.37493490724,148.657730102539,12.0712269373103,134.317261749843,0,168.762664794922,86.5721002394153,53.7906173213836,58.1074043480126,238.78630065918,131.197537740072,93.2592277526855,107.478977559408,153.425598992242,47.644009973585,30.8012820424812,19.4041266441345,164.420751953125,104.806721938284,173.010419845581,5.82334527034704,93.1143951416016,202.25163269043,68.1811447143555,238.431335449219,112.874177932739,166.330078125,85.8548219468858,0,0,0,0,0,205.785446166992,0,99.6173444112142,0,87.3083637782506,0,0,0,124.297889709473,106.006743504451,114.358309064593,0,155.295272827148,0,201.679931640625,0,71.2376309908353,102.387238454011,101.556180983938,0,182.304000854492,0,105.805660541241,0,0,99.0290273030599
86.8243198394775,0,160.950159708659,135.582611083984,143.315907404973,11.3720257192288,24.5109100158736,119.225986328125,12.2230791088718,100.892185211182,117.683945138114,58.3730325295892,108.808376448495,65.3667448861258,15.8716569180981,34.9102281470631,0,129.246463775635,92.6130532158746,105.612728118896,122.999701760032,0,0,154.307118733724,139.87516784668,73.2941398620605,120.992191738553,155.069953918457,139.551523590088,11.6646483335929,244.036010742188,93.1143951416016,5.54459086050397,188.602951049805,36.7918249501122,0,0,0,0,236.043365478516,0,0,0,0,147.481002807617,211.563461303711,0,200.841255187988,0,0,0,0,0,0,0,0,0,0,0,198.01225789388,0,0,0,0,0,0,0,0,0,0
41.8829444137537,95.860595703125,113.37572739341,84.1441707611084,96.0256256830125,0,119.298802462491,70.6004819003018,98.2193567986582,73.1119493484497,86.6901178245085,117.515974580572,99.3836194551908,127.562845230103,54.0288359870513,35.4099426269531,112.546254475911,104.503651512994,0,121.891949363377,97.8878421783447,20.3654390667377,108.727678934733,98.8990301291148,81.5844940789002,138.683006286621,126.158178016321,128.076755440753,70.0239051341505,21.9265519382421,36.2036357271914,202.25163269043,188.602951049805,8.91555451091967,28.0966259921985,0,0,194.637771606445,92.3713175455729,0,0,0,135.582443237305,0,164.550827026367,179.773998260498,0,0,0,182.709915161133,0,0,0,0,214.569946289062,0,0,114.082395553589,0,134.019363185338,0,190.370735168457,176.993691580636,148.34155755294,182.766395568848,135.319380623954,0,0,192.811325073242,175.466331481934
78.159158537046,53.8781158457774,59.8525495212154,71.6445173994765,108.978900909424,31.8261372492864,79.8940630006553,83.0869543251084,83.8067145790446,117.058776235988,102.299653615213,28.1951504761814,98.6591048136796,42.6481218563883,71.3560934822011,112.312571245081,74.2516143345597,33.9893918895021,56.0955137692965,48.7647120275511,102.050207784485,48.0399329375889,75.7578047684261,50.6155399927543,100.892672602107,52.8885067538939,56.0892001207086,63.4877056093824,73.8498981061943,42.7882731189055,42.7132788067559,68.1811447143555,36.7918249501122,28.0966259921985,11.1014863720708,180.147285461426,141.129870096842,116.149984578617,91.4366094030515,198.104585435655,0,0,169.556525721694,233.259633382161,114.756161499023,198.789057413737,145.770533243815,143.27368850708,197.700164794922,194.833631662222,0,136.556902078482,129.48277014655,118.586774190267,128.723263302365,207.373756408691,161.835736955915,84.2137257190461,140.126950757257,150.922598097059,93.5243133544922,124.299803495407,120.924961431111,162.854076290131,204.19158744812,175.200408935547,0,0,151.450836181641,139.862248738607
0,0,181.367874145508,120.167501068115,176.296432495117,0,174.845993041992,160.751892089844,175.875152587891,0,169.517669677734,0,156.637359619141,184.489898681641,170.276481628418,0,154.15012512207,0,0,205.543685913086,180.607917785645,164.278566632952,173.001149495443,148.121668497721,144.574588332065,0,180.07361421131,187.814659118652,151.213099272355,132.746765136719,136.110508510045,238.431335449219,0,0,180.147285461426,12.9369339647502,134.689746311733,120.836225260859,85.2759936178884,100.907607841492,0,111.285946602045,28.079984252331,76.2614232789386,81.4219167139623,55.3857459432071,124.424532902705,124.059660275777,144.146935054234,24.784843220056,85.5193634033203,87.5698278921622,108.625259634889,136.207251167297,126.127489919248,105.216608683268,81.7883773497593,91.6029398064864,100.302850109598,82.7305758984058,130.445013046265,127.962617250342,135.019636674361,87.6299464530431,25.6248952791588,34.1432668381253,153.601460908589,139.061241149902,48.6629801041041,75.9150794791492
0,138.449676513672,113.570173475477,58.164020391611,0,0,0,182.130760192871,0,0,201.730056762695,120.668060302734,0,88.4577919006348,0,0,0,112.651178359985,0,143.041168212891,0,0,156.939430236816,0,125.131828308105,63.4161646916316,120.190714749423,118.742567380269,136.12614440918,0,0,112.874177932739,0,0,141.129870096842,134.689746311733,7.91124202570784,47.5611003266663,28.3997300735418,83.1504287719727,0,123.710828145345,120.349857699487,141.580590820312,68.8961477809482,117.059970855713,77.4592330569313,90.6232626778739,41.9802407673427,143.029181957245,107.182440757751,62.2359319874938,62.636472267017,69.603769938151,63.2793650806398,0,111.605448913574,26.4225527620532,72.8043457834344,75.5809078393159,18.5899557389315,48.767197542935,33.0028482888976,111.305563274183,136.390788685192,111.499423435756,67.753079847856,0,128.782135009766,72.9236051771376
168.205295562744,113.785652160645,100.936186089785,69.2908278783163,151.233375549316,0,185.973739624023,184.148293984903,189.196486473083,185.8342628479,194.968607122248,140.966836547852,0,148.066781616211,193.958270860755,0,115.549365559562,113.387487563412,183.87971496582,130.596876144409,0,140.793504442487,108.22911396733,114.44623694717,163.21310043335,106.544671376546,108.049790319995,100.521055429675,173.223890981367,196.279325485229,150.240342360276,166.330078125,0,194.637771606445,116.149984578617,120.836225260859,47.5611003266663,13.6356458255217,46.4899675386761,126.289257118919,192.929847717285,133.207245296902,92.8563385424826,125.374021580825,104.565600545783,105.865216281869,115.426466161555,144.139184039572,90.7054411081167,123.981428215696,142.898429870605,72.8825685601485,42.9628482505913,102.333531466397,80.6960744416032,128.755082321167,70.7247602270475,47.9204909205437,33.2207150699553,98.4260077843299,101.223386764526,34.6730418845695,27.2543232404495,81.9452406312895,142.451002641158,97.8905120537295,101.708717346191,177.280279976981,120.730157470703,73.2801227885715
101.92105178833,70.7521881648472,76.8245584808127,22.2004741737001,92.6478291466123,149.682846069336,111.970104853312,87.6348906964487,100.580477773407,52.323227414063,97.4717175056194,76.2278254032135,85.3887410597368,46.8502207245938,113.862341772152,62.5727848052979,62.1443216463415,76.2622659178986,114.700439453125,99.4465012183556,103.168233235677,78.0862214998765,68.3868023788228,71.5195398504084,65.8761222673948,28.679673880585,64.2596844850876,67.4560121890981,77.460392705363,106.175753960243,72.7747359874637,85.8548219468858,0,92.3713175455729,91.4366094030515,85.2759936178884,28.3997300735418,46.4899675386761,29.6619101207927,77.4078065752983,0,110.340027187182,60.5791137579716,90.0083863144621,26.7100207673773,92.6383550817316,70.9716639518738,55.4738670797909,41.8323571006809,98.1953774911386,98.9161943708147,48.424278299614,62.6217044650531,80.9862994658641,63.1066591606028,77.704502246998,64.9519522190094,48.484344954279,63.7203421339204,40.5872476710224,21.1810393644651,47.0852228456357,39.3855551167962,57.1745862454937,86.6812151227679,65.5217711246375,70.4566879272461,98.6996994018555,71.0288676155938,79.1225720409933
