10.5624509785239,0,0,61.1768220689562,73.4471183776855,82.7817245483398,28.7069299102398,21.8909019886514,21.8746883915569,47.973787899675,37.0149360589307,0,32.8203190742867,0,8.48461414250609,29.4778564572334,58.5407308690688,0,0,0,56.4350394162265,93.8780708312988,58.794647071935,78.6247634887695,46.6331950179091,0,0,96.9656524658203,47.1780897676005,13.548757038452,20.821383595037,0,80.5674222310384,29.9829401242163,38.6221897276965,0,0,0,0,0,0,0,0,0,0,0,0,54.1592979431152,0,0,0,0,0,0,0,0,0,0,0,0,0,0,0,0,0,0,0,0,0,0
0,4.85578040807052,32.849316683072,12.4068173226693,0,0,0,0,0,68.0308303833008,0,53.7500025749207,0,50.5624137411312,0,0,64.0180974536472,44.0450415879908,64.0128605365753,49.4516013189404,0,76.1002223107123,19.6130605276595,64.2301476912065,85.5641790536734,16.0278424226418,33.3417457395525,26.0030873022499,77.889165242513,75.7437286376953,81.4793889305808,57.1375459943499,0,56.6364135742188,40.9714292894892,166.425918579102,0,60.5985260009766,26.7555627822876,0,0,0,0,0,0,0,77.4629694620768,0,81.2687149047852,0,0,0,0,87.8898086547852,0,0,0,0,0,0,83.4708391825358,84.9089450836182,97.1592788696289,0,0,0,72.8616180419922,0,0,100.051456451416
0,32.849316683072,9.5778716082021,36.5112493308635,133.397354125977,0,0,86.4556721278599,0,126.747779846191,145.166061401367,74.7461633073523,0,97.3916041056315,106.241382598877,71.9761390686035,62.6143982145521,28.9569518871114,84.5171826680501,53.1344583656322,0,36.561019591487,34.2736515023965,18.3663953436984,86.2517197926839,73.638484954834,20.2503267636751,32.4394447754727,40.7243868977821,69.3327335435517,59.8746313953126,95.6671295166016,0,73.7885789871216,33.2714494903636,0,0,80.099609375,67.4115524291992,0,0,0,0,0,0,0,0,0,137.809753417969,0,0,0,89.3823776245117,0,92.1708068847656,0,0,0,0,0,0,102.644007873535,82.5969973972866,121.120101928711,0,0,0,0,0,0
61.1768220689562,12.4068173226693,36.5112493308635,14.8780878488486,76.1326382954915,0,84.4695587158203,48.899408193735,90.6344123840332,15.2393057118426,102.641560554504,50.5888543393877,57.2684478759766,51.4678339276995,82.1808790727095,38.118503843035,49.605265272669,43.77788775343,48.2650914972479,47.4056425164216,84.3024587129292,54.330354809761,16.5707711325223,46.2695756495125,37.1412666901279,20.4157149506009,31.4102789281233,33.7204521864809,39.2357767385578,56.2509996972116,44.0659034447179,50.2502703173407,0,51.573582649231,37.9733431563839,0,27.6293916702271,54.0936100482941,19.3898998988691,87.8171997070312,0,0,100.192216491699,0,25.2678501233459,84.7066650390625,59.9399209905554,43.6283721923828,108.563756306966,119.492958068848,0,66.6184692382812,72.3572654724121,56.1230020523071,62.7693367004395,0,0,31.2797175645828,68.9341059598056,52.3642788188798,38.0023640526666,49.1696688123971,53.7933995446493,69.0799504330284,0,89.8971659342448,74.5056867599487,138.005310058594,0,84.3582004970974
73.4471183776855,0,133.397354125977,76.1326382954915,8.60668915892733,0,50.8383644921439,42.7070308490233,49.4609004242779,51.6770810107796,18.9023169437042,0,12.6737209886022,0,53.1518982597019,0,84.8086090087891,0,0,0,8.17499001804623,0,85.1656937599182,100.814502716064,17.850880288764,0,0,0,15.8290598587257,60.1097896820908,61.5742830926972,0,0,71.1504842970106,70.6421501853249,0,0,0,76.0486935206822,9.13784183712543,0,41.8415985107422,40.7688501358032,0,121.479537963867,39.8710809187456,0,17.4028128101712,0,0,0,0,0,0,0,10.2992060089111,0,0,0,22.4880049228668,0,0,0,8.7962019600711,0,0,0,0,0,0
82.7817245483398,0,0,0,0,6.83085292174012,7.99471794988306,108.422246297201,11.1676620049567,0,115.586296081543,58.3557472229004,80.8350448608398,70.6505737304688,26.0099752902017,12.7689093614278,0,0,0,0,0,0,0,114.354164123535,0,72.4938926696777,0,0,114.599647521973,27.2041234970093,0,0,13.1467868238278,69.7352819442749,30.2725014078537,0,0,0,0,0,0,0,0,0,0,0,0,0,0,0,0,0,0,0,0,0,0,0,0,0,0,0,0,0,0,0,0,0,0,0
28.7069299102398,0,0,84.4695587158203,50.8383644921439,7.99471794988306,6.44086134950269,47.6141596631712,12.4462416743809,49.630229765369,16.6685390588189,60.0136184692383,15.4300498105983,72.8554992675781,22.5261825650156,8.10821993658237,0,109.464576721191,0,0,32.2073867934907,0,73.8757965087891,82.6204401652018,50.4107177645661,0,0,127.757873535156,49.6852319474654,19.3055874281665,78.8106790022417,0,14.1403849651067,34.1356684194606,22.1045030273396,0,0,0,0,47.7904319763184,0,0,0,0,0,0,0,34.3413581848145,0,0,0,0,0,0,0,0,0,0,0,0,0,0,0,0,0,0,0,0,0,0
21.8909019886514,0,86.4556721278599,48.899408193735,42.7070308490233,108.422246297201,47.6141596631712,8.22756324180295,32.5648189097424,38.7246576749361,12.8876930575038,0,36.6932519150227,0,19.360394777272,67.1806576138451,56.9713162316216,108.854011535645,0,144.884704589844,32.1440679072597,56.9550331830978,52.9408647794981,57.4675681326124,26.2325030429885,0,115.219200346205,110.787664140974,13.3284690054738,31.040348303214,16.5738011414907,0,106.074323018392,49.6901688122434,61.2051816005333,0,0,0,45.0342213213444,0,0,0,0,0,119.077293395996,0,0,57.4678153991699,0,0,0,0,0,0,0,0,0,0,0,119.047813415527,0,0,0,0,0,0,0,0,0,0
21.8746883915569,0,0,90.6344123840332,49.4609004242779,11.1676620049567,12.4462416743809,32.5648189097424,7.40959721874823,47.8832795795641,13.5612192452912,0,20.2581891206314,74.4211196899414,12.1931147087328,21.7816880389496,83.7647857666016,0,0,0,31.2021757097468,86.0501098632812,85.2213134765625,112.369274139404,31.7987531235594,0,0,113.544212341309,54.7755414568461,22.6938341462333,68.6217361450195,0,13.7706382581076,41.1717349374573,33.3088525279965,0,0,0,83.6942977905273,0,0,0,0,0,0,0,0,39.2809596591526,0,0,0,0,0,0,0,0,0,0,0,0,0,0,0,138.9404296875,0,0,0,0,0,0
47.973787899675,68.0308303833008,126.747779846191,15.2393057118426,51.6770810107796,0,49.630229765369,38.7246576749361,47.8832795795641,9.44512276845331,49.3743449014331,0,12.7946981506644,0,41.715071618557,19.7745357037101,49.5254584312439,0,0,0,47.5258691840702,59.4920049031576,17.5664863369173,69.4371337890625,17.0309349321567,0,0,98.7488047281901,39.9934802112481,42.9062568410238,44.1273597731735,0,0,44.664032799857,37.9536287493822,0,0,0,32.800645845277,0,0,116.948608398438,121.643272399902,0,34.8294586870405,102.223197937012,0,0,0,0,0,0,0,0,0,0,0,57.5084025065104,0,65.4751856918876,0,0,0,69.0916567715732,0,89.582633972168,0,0,0,0
37.0149360589307,0,145.166061401367,102.641560554504,18.9023169437042,115.586296081543,16.6685390588189,12.8876930575038,13.5612192452912,49.3743449014331,8.10081729503153,0,16.6448792322171,0,14.1776130341172,53.5699890984429,94.7229537963867,0,0,0,17.4882098304399,0,89.4431231362479,131.547801971436,28.5592054906661,0,0,0,16.7360484062896,59.3744759677604,66.6688860461116,0,108.53723526001,54.8890052971812,66.6575129699707,0,0,0,83.7964248657227,21.9312201649153,0,0,0,0,0,0,0,25.9529780327006,0,0,0,0,0,0,0,0,0,0,0,0,0,0,0,0,0,0,0,0,0,0
0,53.7500025749207,74.7461633073523,50.5888543393877,0,58.3557472229004,60.0136184692383,0,0,0,0,10.0151074398203,0,17.7269690028147,0,0,0,52.9196046307483,15.1103188192608,18.4278128307319,0,110.090756225586,90.0602035522461,92.2679282740543,129.842575073242,28.5843613324159,23.2081149733571,49.1578666183777,146.640199661255,53.4094673156738,119.333195808606,39.0835820870474,46.2239761352539,0,29.0211517188223,0,69.9772281646729,0,40.9078611834296,0,0,0,0,114.078001022339,0,0,69.0555376889202,0,67.3771308594856,127.181978225708,0,0,104.746856689453,84.9668786880818,81.9739106985239,0,0,93.3003540039062,0,0,55.6260350821075,79.9349477972994,94.1530485270936,0,94.5750834147135,0,84.0744722000021,0,0,77.5800537280182
32.8203190742867,0,0,57.2684478759766,12.6737209886022,80.8350448608398,15.4300498105983,36.6932519150227,20.2581891206314,12.7946981506644,16.6448792322171,0,7.67096729570493,0,38.2110270252027,8.889149997639,98.7024307250977,0,0,0,12.5504020019898,102.928764343262,87.2457040640024,126.672292073568,13.8388951129717,0,0,0,41.7529091244304,52.5850751364215,72.2261045326307,0,96.5925483703613,56.1874456807571,64.3571061279814,0,0,0,81.3156077067057,32.7040460109711,0,33.1423539870825,58.1141052246094,82.8327198028564,0,29.0416549618325,0,8.79572413592839,0,0,0,0,0,0,0,11.5963740241259,0,0,0,52.882543182373,0,0,0,58.4168930053711,0,0,0,0,0,0
0,50.5624137411312,97.3916041056315,51.4678339276995,0,70.6505737304688,72.8554992675781,0,74.4211196899414,0,0,17.7269690028147,0,6.98354280601114,0,0,113.098388671875,60.672176361084,51.3599292755127,54.9677601864463,0,0,0,87.3816947937012,0,14.2071009956009,39.9098997559658,16.8935681183914,137.737380981445,53.6102600097656,118.430061340332,13.7341096815726,62.9293804168701,0,37.1711498382568,0,101.792289733887,0,34.0241992473602,0,0,0,0,101.829238891602,0,0,65.1771464646259,0,62.0026351898332,0,0,0,89.5092926025391,88.6285412128155,68.4805431365967,0,0,0,0,0,49.4072982250805,78.707839993463,95.9189262390137,0,90.8952312469482,0,80.2354648362345,0,0,72.8869765270716
8.48461414250609,0,106.241382598877,82.1808790727095,53.1518982597019,26.0099752902017,22.5261825650156,19.360394777272,12.1931147087328,41.715071618557,14.1776130341172,0,38.2110270252027,0,6.31213298175854,26.1062910426015,98.8489354451497,0,0,0,49.273248903044,0,86.3379497528076,121.90701675415,42.2784872311812,0,0,135.790283203125,55.0858581972794,16.0840045211712,44.3471376751408,0,12.8288807005427,35.0416616493801,32.453855431007,0,0,0,70.4226989746094,0,0,0,0,0,80.3536911010742,0,0,56.9420669555664,102.227531433105,0,0,0,0,0,0,0,0,0,0,0,0,0,0,0,0,0,0,0,0,0
29.4778564572334,0,71.9761390686035,38.118503843035,0,12.7689093614278,8.10821993658237,67.1806576138451,21.7816880389496,19.7745357037101,53.5699890984429,0,8.889149997639,0,26.1062910426015,7.03874931377431,0,0,0,0,77.7338996887207,0,56.9120407104492,0,37.1642725172497,0,0,0,66.8264172871908,28.0552270032357,64.2426710128784,0,38.8312306837602,28.6983347468906,28.373165092846,0,0,0,49.4812545776367,0,0,0,0,0,70.4379348754883,0,0,0,0,0,0,0,0,0,0,0,0,0,0,0,0,0,0,0,0,0,0,0,0,0
58.5407308690688,64.0180974536472,62.6143982145521,49.605265272669,84.8086090087891,0,0,56.9713162316216,83.7647857666016,49.5254584312439,94.7229537963867,0,98.7024307250977,113.098388671875,98.8489354451497,0,12.7336478499138,99.2742233276367,0,103.183811187744,94.7759399414062,14.0298321101724,32.4796905125551,12.6717007104767,26.2899594745722,0,86.7642539631237,22.8806462891271,36.8812937828654,47.7481459652085,32.3003428267267,134.935089111328,0,43.3443799700056,34.8042975326593,0,0,67.7025299072266,55.9072818756104,0,0,0,0,0,68.375358581543,0,0,0,0,0,0,0,0,0,0,0,0,0,0,58.5626945495605,0,99.9119873046875,100.419385274251,0,0,0,0,0,0,0
0,44.0450415879908,28.9569518871114,43.77788775343,0,0,109.464576721191,108.854011535645,0,0,0,52.9196046307483,0,60.672176361084,0,0,99.2742233276367,9.66545084299335,66.3045340643989,19.1304747795595,0,47.4620013118678,61.0270730654399,16.1317783476016,85.5183639526367,60.9494370354546,15.0083538528636,42.8460104316252,87.0123278969213,89.1534912109375,75.9424181003533,85.1061731974284,0,107.228530883789,30.5579031594718,0,102.144134521484,0,55.4538345336914,0,0,0,0,0,0,0,134.815135955811,0,0,0,0,0,0,0,0,0,0,65.7617874145508,0,0,0,97.0840148925781,0,0,0,0,0,0,0,0
0,64.0128605365753,84.5171826680501,48.2650914972479,0,0,0,0,0,0,0,15.1103188192608,0,51.3599292755127,0,0,0,66.3045340643989,6.73670650118731,9.87675387712751,0,130.268472290039,0,94.0244216918945,0,37.577439452356,18.0764411023543,51.0240024384998,0,0,129.130424846302,44.4213231359209,0,0,52.6143071310861,0,0,0,67.5661697387695,0,0,0,0,135.975524902344,0,0,80.2879954601856,0,83.653045018514,0,0,0,109.427825927734,91.2363891601562,90.444034576416,0,0,0,0,0,65.1912147885277,89.3485145263672,98.602237701416,0,0,0,95.7849154472351,0,0,90.9113311767578
0,49.4516013189404,53.1344583656322,47.4056425164216,0,0,0,144.884704589844,0,0,0,18.4278128307319,0,54.9677601864463,0,0,103.183811187744,19.1304747795595,9.87675387712751,10.7734302352231,0,96.5332032796499,93.85487018932,66.9223505574204,0,40.4470253407955,17.4242331650672,50.095585043369,110.982751028878,122.574927435981,106.141056437773,52.0370941162109,0,0,42.4825506189757,0,0,0,60.1593151092529,0,0,0,0,0,0,0,77.9188676561628,0,85.4079036712646,0,0,0,155.588516235352,86.5184369768415,0,0,0,0,0,0,66.1048486497667,86.177841276281,105.153271266392,0,0,0,89.8068930886009,0,0,90.2286987304688
56.4350394162265,0,0,84.3024587129292,8.17499001804623,0,32.2073867934907,32.1440679072597,31.2021757097468,47.5258691840702,17.4882098304399,0,12.5504020019898,0,49.273248903044,77.7338996887207,94.7759399414062,0,0,0,7.15959437010178,130.921661376953,87.5427420139313,102.84348042806,25.4876501319971,0,154.083297729492,116.735288619995,26.4951468434145,53.9216404053836,58.1594792015251,0,0,60.8530001862679,71.8121389079298,0,0,0,91.6046340942383,9.52019618451595,0,38.8317553202311,46.7702445983887,0,0,35.744268629286,0,11.7037478820333,0,0,0,0,0,0,0,5.35695478133857,0,0,0,0,0,0,0,50.2917327880859,0,0,0,0,0,0
93.8780708312988,76.1002223107123,36.561019591487,54.330354809761,0,0,0,56.9550331830978,86.0501098632812,59.4920049031576,0,110.090756225586,102.928764343262,0,0,0,14.0298321101724,47.4620013118678,130.268472290039,96.5332032796499,130.921661376953,7.86461898304608,39.8924414445713,18.6076846677593,17.8795658326401,114.648284912109,88.1440776058528,54.5209556259475,13.011275551003,22.8995531280835,18.8472635330581,0,0,4.77293250134321,36.307041285016,0,0,106.354873657227,68.5771179199219,0,0,0,0,0,0,0,145.533752441406,0,0,0,0,0,0,0,0,0,0,0,0,30.5682717959086,133.331443786621,127.126602172852,0,0,0,0,0,0,0,0
58.794647071935,19.6130605276595,34.2736515023965,16.5707711325223,85.1656937599182,0,73.8757965087891,52.9408647794981,85.2213134765625,17.5664863369173,89.4431231362479,90.0602035522461,87.2457040640024,0,86.3379497528076,56.9120407104492,32.4796905125551,61.0270730654399,0,93.85487018932,87.5427420139313,39.8924414445713,8.05836568800941,36.2188586788636,24.7687965977317,81.4564514160156,73.355698850966,27.9239879662858,34.7301995628518,49.8172848416071,37.0517322727433,86.6815795898438,0,40.480860265096,31.4599438150627,0,0,77.3869711558024,45.9522775348864,0,0,0,0,98.6355209350586,47.3300643920898,0,97.9692687988281,0,0,0,0,0,0,115.575469970703,0,0,0,42.8160807291667,55.4462203979492,75.0247339388219,0,96.2830078125,70.8628463745117,100.549301147461,0,56.5401420593262,0,0,0,46.0413360595703
78.6247634887695,64.2301476912065,18.3663953436984,46.2695756495125,100.814502716064,114.354164123535,82.6204401652018,57.4675681326124,112.369274139404,69.4371337890625,131.547801971436,92.2679282740543,126.672292073568,87.3816947937012,121.90701675415,0,12.6717007104767,16.1317783476016,94.0244216918945,66.9223505574204,102.84348042806,18.6076846677593,36.2188586788636,10.5158108489503,30.4179390166417,91.1231994628906,56.7114221949111,25.0304291167549,19.2781773945113,42.6291914894467,35.0633645339614,112.884422302246,0,60.1485713509952,36.5188002707881,0,71.0918426513672,101.676160638983,82.1480026245117,0,0,0,0,0,0,0,158.0380859375,0,152.517166137695,0,0,0,111.91921488444,131.322937011719,0,0,0,74.8751754760742,0,36.9938049316406,0,108.16478402274,102.708186013358,0,0,0,0,0,0,134.832305908203
46.6331950179091,85.5641790536734,86.2517197926839,37.1412666901279,17.850880288764,0,50.4107177645661,26.2325030429885,31.7987531235594,17.0309349321567,28.5592054906661,129.842575073242,13.8388951129717,0,42.2784872311812,37.1642725172497,26.2899594745722,85.5183639526367,0,0,25.4876501319971,17.8795658326401,24.7687965977317,30.4179390166417,9.25323248947482,0,115.161933898926,72.6745594832977,17.4409236104042,43.9526667663879,45.3100972525258,0,92.3768844604492,51.4967201016473,55.0584736493829,0,0,99.1159286499023,56.185040869255,56.6660423278809,0,0,0,0,62.9076777185713,0,0,55.2435493469238,0,0,0,0,0,0,0,0,0,60.1869697570801,0,31.9729721506437,0,0,0,115.270945957729,0,100.319328308105,0,0,0,110.371360778809
0,16.0278424226418,73.638484954834,20.4157149506009,0,72.4938926696777,0,0,0,0,0,28.5843613324159,0,14.2071009956009,0,0,0,60.9494370354546,37.577439452356,40.4470253407955,0,114.648284912109,81.4564514160156,91.1231994628906,0,6.90819015613184,26.7825001032261,28.7227400710684,0,0,129.351518110795,31.4665960291527,0,0,41.4358094343499,0,0,81.3412551879883,26.6815234820048,0,0,0,0,92.5159759521484,0,0,56.4129870200644,0,54.0887049912287,89.1040649414062,0,0,0,61.5036869049072,55.3105182647705,0,0,0,0,0,36.5299505680165,59.7432403787535,73.2226493472145,0,90.734504699707,0,69.9813713073731,0,0,63.9057755103478
0,33.3417457395525,20.2503267636751,31.4102789281233,0,0,0,115.219200346205,0,0,0,23.2081149733571,0,39.9098997559658,0,0,86.7642539631237,15.0083538528636,18.0764411023543,17.4242331650672,154.083297729492,88.1440776058528,73.355698850966,56.7114221949111,115.161933898926,26.7825001032261,8.86689114116825,18.6918758090502,75.9210548007611,95.7552964116486,92.5063505730434,13.7909569089323,0,0,40.8739992214671,0,81.5794677734375,112.510791778564,57.4699996948242,0,0,0,0,0,0,0,75.6149458082977,0,78.7846279923857,0,0,0,104.005073547363,85.028575840281,90.5059509277344,0,0,57.8565406799316,107.7717628479,0,64.0737798981747,78.520603637448,94.1094488613847,0,0,170.992965698242,87.9222372506411,107.277755737305,0,79.7698535919189
96.9656524658203,26.0030873022499,32.4394447754727,33.7204521864809,0,0,127.757873535156,110.787664140974,113.544212341309,98.7488047281901,0,49.1578666183777,0,16.8935681183914,135.790283203125,0,22.8806462891271,42.8460104316252,51.0240024384998,50.095585043369,116.735288619995,54.5209556259475,27.9239879662858,25.0304291167549,72.6745594832977,28.7227400710684,18.6918758090502,11.3370731690218,51.6149657839662,95.4346615184437,94.0616101606176,8.28562741208541,0,84.953577041626,46.1454984392758,0,85.4585571289062,91.4424830845424,50.0952716941264,0,0,0,0,0,0,0,80.2350063697965,0,86.6807395464754,0,0,84.4245147705078,94.163319905599,88.9953762776143,86.7422115619366,0,0,66.5357341766357,121.263286590576,67.8585014343262,67.8062068499052,83.9464694183437,90.8758970691312,0,0,152.504577636719,97.1352057717063,0,0,95.8273811340332
47.1780897676005,77.889165242513,40.7243868977821,39.2357767385578,15.8290598587257,114.599647521973,49.6852319474654,13.3284690054738,54.7755414568461,39.9934802112481,16.7360484062896,146.640199661255,41.7529091244304,137.737380981445,55.0858581972794,66.8264172871908,36.8812937828654,87.0123278969213,0,110.982751028878,26.4951468434145,13.011275551003,34.7301995628518,19.2781773945113,17.4409236104042,0,75.9210548007611,51.6149657839662,8.82446759298009,42.4888359460899,22.5592176767682,0,135.110488891602,58.6825781121311,40.3997657582741,0,0,105.298278808594,39.6849006338027,30.95836353302,0,0,107.163993835449,0,62.9551485697428,98.8066558837891,0,45.7499504089355,0,0,0,0,0,0,0,0,0,72.0888366699219,0,75.6713537053859,0,0,0,97.4353145252575,115.033638000488,0,0,0,0,128.393020629883
13.548757038452,75.7437286376953,69.3327335435517,56.2509996972116,60.1097896820908,27.2041234970093,19.3055874281665,31.040348303214,22.6938341462333,42.9062568410238,59.3744759677604,53.4094673156738,52.5850751364215,53.6102600097656,16.0840045211712,28.0552270032357,47.7481459652085,89.1534912109375,0,122.574927435981,53.9216404053836,22.8995531280835,49.8172848416071,42.6291914894467,43.9526667663879,0,95.7552964116486,95.4346615184437,42.4888359460899,7.68023017648698,12.8573425412806,0,11.4083531428141,13.7119596631037,24.3254700723732,0,0,0,69.3380638758342,73.4997711181641,0,0,0,0,73.2110977172852,0,0,78.145637512207,0,0,0,0,0,0,0,0,0,0,0,79.7862358093262,0,0,0,0,0,0,121.14436340332,0,0,0
20.821383595037,81.4793889305808,59.8746313953126,44.0659034447179,61.5742830926972,0,78.8106790022417,16.5738011414907,68.6217361450195,44.1273597731735,66.6688860461116,119.333195808606,72.2261045326307,118.430061340332,44.3471376751408,64.2426710128784,32.3003428267267,75.9424181003533,129.130424846302,106.141056437773,58.1594792015251,18.8472635330581,37.0517322727433,35.0633645339614,45.3100972525258,129.351518110795,92.5063505730434,94.0616101606176,22.5592176767682,12.8573425412806,10.0186319219364,128.804847717285,0,56.9682097793907,37.0162032268843,0,0,0,52.2962960463304,75.6500956217448,0,0,0,0,80.3050918579102,0,0,77.111515045166,0,0,0,0,0,0,0,0,0,0,0,64.7209761937459,0,166.11393737793,0,96.8278350830078,0,132.209259033203,0,0,0,0
0,57.1375459943499,95.6671295166016,50.2502703173407,0,0,0,0,0,0,0,39.0835820870474,0,13.7341096815726,0,0,134.935089111328,85.1061731974284,44.4213231359209,52.0370941162109,0,0,86.6815795898438,112.884422302246,0,31.4665960291527,13.7909569089323,8.28562741208541,0,0,128.804847717285,5.10527129979504,0,0,62.160358565638,0,0,0,60.5949151175363,0,0,0,0,0,0,0,79.7318891510559,0,82.9591629593461,0,0,0,118.612014770508,95.1527310325986,0,0,0,0,0,0,79.5754337775998,86.0836242830693,103.804046229312,0,0,178.611404418945,93.7962978907994,0,0,92.3908667130904
80.5674222310384,0,0,0,0,13.1467868238278,14.1403849651067,106.074323018392,13.7706382581076,0,108.53723526001,46.2239761352539,96.5925483703613,62.9293804168701,12.8288807005427,38.8312306837602,0,0,0,0,0,0,0,0,92.3768844604492,0,0,0,135.110488891602,11.4083531428141,0,0,5.41143211058995,64.8700841267904,30.6748297752444,0,0,0,0,0,0,0,0,0,0,0,0,0,0,0,0,0,0,0,0,0,0,0,0,0,0,0,0,0,0,0,0,0,0,0
29.9829401242163,56.6364135742188,73.7885789871216,51.573582649231,71.1504842970106,69.7352819442749,34.1356684194606,49.6901688122434,41.1717349374573,44.664032799857,54.8890052971812,0,56.1874456807571,0,35.0416616493801,28.6983347468906,43.3443799700056,107.228530883789,0,0,60.8530001862679,4.77293250134321,40.480860265096,60.1485713509952,51.4967201016473,0,0,84.953577041626,58.6825781121311,13.7119596631037,56.9682097793907,0,64.8700841267904,7.89724777479151,24.83516224503,0,0,0,91.4374554951986,115.417610168457,0,0,0,0,0,0,0,0,0,0,0,0,0,0,0,0,0,0,0,0,0,0,0,0,0,0,0,0,0,0
38.6221897276965,40.9714292894892,33.2714494903636,37.9733431563839,70.6421501853249,30.2725014078537,22.1045030273396,61.2051816005333,33.3088525279965,37.9536287493822,66.6575129699707,29.0211517188223,64.3571061279814,37.1711498382568,32.453855431007,28.373165092846,34.8042975326593,30.5579031594718,52.6143071310861,42.4825506189757,71.8121389079298,36.307041285016,31.4599438150627,36.5188002707881,55.0584736493829,41.4358094343499,40.8739992214671,46.1454984392758,40.3997657582741,24.3254700723732,37.0162032268843,62.160358565638,30.6748297752444,24.83516224503,12.2486493785919,0,51.2508277893066,98.2436116536458,51.7189698537191,0,0,0,0,123.272819519043,0,0,78.6567961128013,0,75.6809646043201,116.526931762695,0,0,0,104.098270961217,104.961517333984,0,0,0,109.982187906901,83.6772899627686,60.3433203056677,93.8850384034972,103.280902862549,0,109.695858001709,0,95.3130522103145,95.1839447021484,0,86.4682649311266
0,166.425918579102,0,0,0,0,0,0,0,0,0,0,0,0,0,0,0,0,0,0,0,0,0,0,0,0,0,0,0,0,0,0,0,0,0,8.05374219888745,112.564852396647,87.1054389388473,67.8550220288728,155.598083496094,64.0079550743103,29.6692847206816,30.5023178376099,24.8022461784383,54.3774403466119,33.7419723919635,135.589403788249,40.8225162965465,146.594909667969,10.6964677477275,25.5360797978519,48.9916692393449,97.9774174690247,134.882625034877,119.662362925212,76.2871978759766,63.7078018188477,53.7096961579233,56.1254609783044,52.0060779531166,127.424843924386,105.019521596955,115.691386159261,50.1544509575675,9.69742020769804,17.6341791670602,0,71.3557523091634,15.2861769126128,46.1945839827915
0,0,0,27.6293916702271,0,0,0,0,0,0,0,69.9772281646729,0,101.792289733887,0,0,0,102.144134521484,0,0,0,0,0,71.0918426513672,0,0,81.5794677734375,85.4585571289062,0,0,0,0,0,0,51.2508277893066,112.564852396647,5.01761498488175,32.6144614753335,30.1724083940188,0,0,0,128.864399719238,149.866996765137,0,0,71.8589399125841,0,60.3949039683623,136.839385986328,0,71.0628980000814,46.7598548648864,78.580822794061,50.7605102569099,0,57.9174122810364,23.0472870447549,55.0071117332183,0,7.569029667697,30.1924825894105,28.1167094532789,102.211424933539,0,100.137554764748,47.7719116210938,0,0,48.3812305097538
0,60.5985260009766,80.099609375,54.0936100482941,0,0,0,0,0,0,0,0,0,0,0,0,67.7025299072266,0,0,0,0,106.354873657227,77.3869711558024,101.676160638983,99.1159286499023,81.3412551879883,112.510791778564,91.4424830845424,105.298278808594,0,0,0,0,0,98.2436116536458,87.1054389388473,32.6144614753335,10.4453403825505,38.3833466612774,0,142.746055603027,116.078360493978,93.2126823673403,108.344640186855,88.9964370727539,105.404637953814,72.7577860951424,122.275122324626,80.0109481811523,100.241764068604,109.470024108887,58.4988937703972,27.9807158823075,74.8111354943478,60.4642924232777,0,49.2346593021868,35.913738326984,15.810999933996,81.0124404430389,68.4177521886052,18.9088532970361,33.6880425164329,59.3915331345643,96.6377088106596,71.4469089039734,0,0,94.5821100870768,39.7907957688684
0,26.7555627822876,67.4115524291992,19.3898998988691,76.0486935206822,0,0,45.0342213213444,83.6942977905273,32.800645845277,83.7964248657227,40.9078611834296,81.3156077067057,34.0241992473602,70.4226989746094,49.4812545776367,55.9072818756104,55.4538345336914,67.5661697387695,60.1593151092529,91.6046340942383,68.5771179199219,45.9522775348864,82.1480026245117,56.185040869255,26.6815234820048,57.4699996948242,50.0952716941264,39.6849006338027,69.3380638758342,52.2962960463304,60.5949151175363,0,91.4374554951986,51.7189698537191,67.8550220288728,30.1724083940188,38.3833466612774,15.5792109896713,0,0,96.2394340515137,56.9339703052968,84.1880011125044,13.8015664796626,74.8564994565902,34.6526923826185,70.7100986133922,23.2025331241984,75.5989990234375,48.7452176411947,41.3058611130228,44.0290596836903,72.2874868181017,44.9797048978908,63.5752067565918,56.2680639816543,15.3580385488857,46.7836461038532,34.5563747635128,15.9586370131001,32.3408399857785,34.2646686430039,44.5492952340351,82.7201552920871,49.1735331882493,42.1591777223529,109.893424987793,55.5844146728516,52.5756538057588
0,0,0,87.8171997070312,9.13784183712543,0,47.7904319763184,0,0,0,21.9312201649153,0,32.7040460109711,0,0,0,0,0,0,0,9.52019618451595,0,0,0,56.6660423278809,0,0,0,30.95836353302,73.4997711181641,75.6500956217448,0,0,115.417610168457,0,155.598083496094,0,0,0,8.7607989834775,0,38.6228408475893,33.700158873459,64.0648549397786,55.0050264994303,14.6415650345776,0,24.8084112012279,0,100.196116129557,0,0,0,0,0,9.68632001048929,0,0,0,10.2344232024481,0,0,0,10.2473798961545,89.3595148722331,71.3341369628906,0,0,0,122.47469329834
0,0,0,0,0,0,0,0,0,0,0,0,0,0,0,0,0,0,0,0,0,0,0,0,0,0,0,0,0,0,0,0,0,0,0,64.0079550743103,0,142.746055603027,0,0,5.34893825479696,7.12161453547856,100.230403137207,11.545050773898,77.9217567443848,98.3199475606283,75.1891434987386,84.9423637390137,77.8341979980469,25.028523810439,12.3363417774345,95.713436126709,0,92.7905502319336,0,0,0,93.8887100219727,75.050895690918,94.7650909423828,82.0079040527344,0,88.5781784057617,87.3156712849935,25.4233853094179,73.6801630655925,0,9.50704494983407,84.1717910766602,29.9383520185947
0,0,0,0,41.8415985107422,0,0,0,0,116.948608398438,0,0,33.1423539870825,0,0,0,0,0,0,0,38.8317553202311,0,0,0,0,0,0,0,0,0,0,0,0,0,0,29.6692847206816,0,116.078360493978,96.2394340515137,38.6228408475893,7.12161453547856,7.19400565626683,53.1145619882899,14.5696267979707,33.9819855690002,13.9550901000766,75.2153482437134,15.6203203965155,96.5514335632324,26.2133628275534,11.7356720523903,73.540014045183,144.705993652344,168.977172851562,130.628692626953,26.1798062222287,0,81.6810117449079,90.6201693560626,42.0704456475227,0,131.605695088704,111.06016998291,51.5165114993415,28.5231233523442,62.8338751023816,95.7649154663086,14.4459228986142,45.2973672915728,37.1348649555484
0,0,0,100.192216491699,40.7688501358032,0,0,0,0,121.643272399902,0,0,58.1141052246094,0,0,0,0,0,0,0,46.7702445983887,0,0,0,0,0,0,0,107.163993835449,0,0,0,0,0,0,30.5023178376099,128.864399719238,93.2126823673403,56.9339703052968,33.700158873459,100.230403137207,53.1145619882899,9.41058203470348,50.4448615794497,44.5275931040446,18.4320726908324,144.738569259644,39.2055964628973,153.507659912109,15.7392647212791,65.0223493121919,56.1178766116974,113.957175360786,157.754779815674,136.832468414307,26.3585084051967,53.4180974727724,61.5067574274626,57.208416077738,21.2523920768867,114.620054244995,109.807776430314,100.996907353401,17.3745440613384,47.2092090005629,14.0417091022593,0,105.416637767445,51.0819442589473,54.1308511625656
0,0,0,0,0,0,0,0,0,0,0,114.078001022339,82.8327198028564,101.829238891602,0,0,0,0,135.975524902344,0,0,0,98.6355209350586,0,0,92.5159759521484,0,0,0,0,0,0,0,0,123.272819519043,24.8022461784383,149.866996765137,108.344640186855,84.1880011125044,64.0648549397786,11.545050773898,14.5696267979707,50.4448615794497,8.46548936230441,52.5907608493344,18.4195570532363,75.3807755482348,40.8471812965065,94.677845694802,13.2383856852571,24.8841645445774,76.2348956133868,133.159591674805,122.876396179199,109.308752695719,47.9613017024416,97.8148264884949,78.2581164690913,83.3989630219686,66.0900831488749,80.2404861450195,123.383841881385,118.160210503472,63.4536952741817,25.7610480199842,58.3330691902005,0,9.4402367564727,51.8795156478882,35.4226061831541
0,0,0,25.2678501233459,121.479537963867,0,0,119.077293395996,0,34.8294586870405,0,0,0,0,80.3536911010742,70.4379348754883,68.375358581543,0,0,0,0,0,47.3300643920898,0,62.9076777185713,0,0,0,62.9551485697428,73.2110977172852,80.3050918579102,0,0,0,0,54.3774403466119,0,88.9964370727539,13.8015664796626,55.0050264994303,77.9217567443848,33.9819855690002,44.5275931040446,52.5907608493344,8.36659204143325,45.2089358965556,0,12.9126470701212,0,49.8098327174331,7.94397077181214,41.6333393003882,106.036849975586,0,0,43.4374006271362,57.6053072611491,18.2230074553117,63.8640001085069,18.4239604380763,0,0,151.614135742188,41.9795402498953,76.9712472703722,50.6586489826441,0,89.0077590942383,68.254271697998,61.3000251310658
0,0,0,84.7066650390625,39.8710809187456,0,0,0,0,102.223197937012,0,0,29.0416549618325,0,0,0,0,0,0,0,35.744268629286,0,0,0,0,0,0,0,98.8066558837891,0,0,0,0,0,0,33.7419723919635,0,105.404637953814,74.8564994565902,14.6415650345776,98.3199475606283,13.9550901000766,18.4320726908324,18.4195570532363,45.2089358965556,8.61323864854217,0,17.9981680660882,0,35.7667653476952,49.1559411627906,74.9013081426206,118.865371704102,157.958190917969,0,17.0122616459872,0,71.8250137056623,76.0745540800549,27.9470706222877,157.487274169922,125.719157825817,105.025761413574,22.1330567379911,56.2779961773879,54.0433973786692,0,98.4692325592041,55.9753508084062,64.0890057427543
0,77.4629694620768,0,59.9399209905554,0,0,0,0,0,0,0,69.0555376889202,0,65.1771464646259,0,0,0,134.815135955811,80.2879954601856,77.9188676561628,0,145.533752441406,97.9692687988281,158.0380859375,0,56.4129870200644,75.6149458082977,80.2350063697965,0,0,0,79.7318891510559,0,0,78.6567961128013,135.589403788249,71.8589399125841,72.7577860951424,34.6526923826185,0,75.1891434987386,75.2153482437134,144.738569259644,75.3807755482348,0,0,9.74982384496391,0,12.0802533068109,78.1329999239939,0,146.915522766113,50.3272485182836,14.8633258241936,22.2881187705306,0,97.6673920154572,108.410442897252,80.7338837710294,154.493392944336,30.40934729398,20.7166088790538,54.6472998690862,120.019367218018,60.6760576187618,114.356888015549,12.3236310402194,64.3580088297526,119.200370788574,23.266651210788
54.1592979431152,0,0,43.6283721923828,17.4028128101712,0,34.3413581848145,57.4678153991699,39.2809596591526,0,25.9529780327006,0,8.79572413592839,0,56.9420669555664,0,0,0,0,0,11.7037478820333,0,0,0,55.2435493469238,0,0,0,45.7499504089355,78.145637512207,77.111515045166,0,0,0,0,40.8225162965465,0,122.275122324626,70.7100986133922,24.8084112012279,84.9423637390137,15.6203203965155,39.2055964628973,40.8471812965065,12.9126470701212,17.9981680660882,0,8.63939133238816,0,47.577036260921,8.60737274071881,77.3902053833008,0,0,0,12.0376813669427,0,78.6044091118707,90.3154693603516,19.1076487970366,0,135.872633361816,0,42.9574602328785,69.0386345121596,63.5257903651187,0,91.2431823730469,72.0264282226562,70.4633246527778
0,81.2687149047852,137.809753417969,108.563756306966,0,0,0,0,0,0,0,67.3771308594856,0,62.0026351898332,102.227531433105,0,0,0,83.653045018514,85.4079036712646,0,0,0,152.517166137695,0,54.0887049912287,78.7846279923857,86.6807395464754,0,0,0,82.9591629593461,0,0,75.6809646043201,146.594909667969,60.3949039683623,80.0109481811523,23.2025331241984,0,77.8341979980469,96.5514335632324,153.507659912109,94.677845694802,0,0,12.0802533068109,0,7.4944092370986,84.1845633188884,0,111.932800292969,72.0024337768555,38.0942549498185,52.9541599273682,0,80.782096862793,94.4797019958496,119.602258300781,0,22.6078121179517,25.1023821981743,23.0391915256923,115.141563415527,63.492268371582,131.677154541016,12.5031591781498,67.5264078776042,0,38.1540672468737
0,0,0,119.492958068848,0,0,0,0,0,0,0,127.181978225708,0,0,0,0,0,0,0,0,0,0,0,0,0,89.1040649414062,0,0,0,0,0,0,0,0,116.526931762695,10.6964677477275,136.839385986328,100.241764068604,75.5989990234375,100.196116129557,25.028523810439,26.2133628275534,15.7392647212791,13.2383856852571,49.8098327174331,35.7667653476952,78.1329999239939,47.577036260921,84.1845633188884,7.02859459358846,24.1993510185404,64.6055541009259,117.190179998224,133.44118976593,129.994996388753,71.0665050506592,79.9593124389648,69.6324639463139,68.4970169516171,63.9097989603353,102.695340633392,115.946177973408,117.386534118652,51.2705116315028,15.5783359482328,36.5992996283846,99.4398498535156,10.7449271298388,39.7187305889298,29.4185972128341
0,0,0,0,0,0,0,0,0,0,0,0,0,0,0,0,0,0,0,0,0,0,0,0,0,0,0,0,0,0,0,0,0,0,0,25.5360797978519,0,109.470024108887,48.7452176411947,0,12.3363417774345,11.7356720523903,65.0223493121919,24.8841645445774,7.94397077181214,49.1559411627906,0,8.60737274071881,0,24.1993510185404,6.77351361750786,67.4582567214966,140.994903564453,0,0,61.0415489890359,0,66.1751536051432,93.8133850097656,37.5769262084961,0,139.684415817261,0,73.5309575398763,28.1340797383298,72.2779557364328,0,45.3835108383842,37.0138339996338,31.6559150483873
0,0,0,66.6184692382812,0,0,0,0,0,0,0,0,0,0,0,0,0,0,0,0,0,0,0,0,0,0,0,84.4245147705078,0,0,0,0,0,0,0,48.9916692393449,71.0628980000814,58.4988937703972,41.3058611130228,0,95.713436126709,73.540014045183,56.1178766116974,76.2348956133868,41.6333393003882,74.9013081426206,146.915522766113,77.3902053833008,111.932800292969,64.6055541009259,67.4582567214966,13.977598829603,82.6813575199672,132.093673706055,114.991249720256,0,16.3708822661058,36.5417233526429,17.7449678351096,30.8537805665911,107.539245605469,94.5212472879662,31.2625862524961,19.6998023225028,57.117855033228,37.9673940345276,0,89.8191248575846,36.2782691587885,44.7278526241534
0,0,89.3823776245117,72.3572654724121,0,0,0,0,0,0,0,104.746856689453,0,89.5092926025391,0,0,0,0,109.427825927734,155.588516235352,0,0,0,111.91921488444,0,0,104.005073547363,94.163319905599,0,0,0,118.612014770508,0,0,0,97.9774174690247,46.7598548648864,27.9807158823075,44.0290596836903,0,0,144.705993652344,113.957175360786,133.159591674805,106.036849975586,118.865371704102,50.3272485182836,0,72.0024337768555,117.190179998224,140.994903564453,82.6813575199672,8.70156791802109,65.2954885333988,15.2468473598405,0,35.6374106476496,66.2737683314903,13.9011497190212,111.82256825765,65.2578726450602,19.9371929458614,45.0945480479751,89.5491103004007,118.077449798584,65.8188538143309,0,75.940185546875,97.8032760620117,22.1226031766176
0,87.8898086547852,0,56.1230020523071,0,0,0,0,0,0,0,84.9668786880818,0,88.6285412128155,0,0,0,0,91.2363891601562,86.5184369768415,0,0,115.575469970703,131.322937011719,0,61.5036869049072,85.028575840281,88.9953762776143,0,0,0,95.1527310325986,0,0,104.098270961217,134.882625034877,78.580822794061,74.8111354943478,72.2874868181017,0,92.7905502319336,168.977172851562,157.754779815674,122.876396179199,0,157.958190917969,14.8633258241936,0,38.0942549498185,133.44118976593,0,132.093673706055,65.2954885333988,6.78959502086745,14.2288771834333,0,110.064797500084,97.7978744506836,89.323642099504,0,39.22513421602,16.159300618468,52.6227062598519,134.003834194607,88.3216546376546,119.378019945962,58.2281296469949,77.6684494018555,146.840525309245,41.3808992167684
0,0,92.1708068847656,62.7693367004395,0,0,0,0,0,0,0,81.9739106985239,0,68.4805431365967,0,0,0,0,90.444034576416,0,0,0,0,0,0,55.3105182647705,90.5059509277344,86.7422115619366,0,0,0,0,0,0,104.961517333984,119.662362925212,50.7605102569099,60.4642924232777,44.9797048978908,0,0,130.628692626953,136.832468414307,109.308752695719,0,0,22.2881187705306,0,52.9541599273682,129.994996388753,0,114.991249720256,15.2468473598405,14.2288771834333,9.1343999732722,0,85.1880130393832,91.627300935633,69.5304589166431,111.798522949219,41.4677645925748,15.4588361469338,53.8985161697201,115.173840332031,120.749863215855,103.286945374544,60.1126429239909,0,131.061737060547,33.5413439932449
0,0,0,0,10.2992060089111,0,0,0,0,0,0,0,11.5963740241259,0,0,0,0,0,0,0,5.35695478133857,0,0,0,0,0,0,0,0,0,0,0,0,0,0,76.2871978759766,0,0,63.5752067565918,9.68632001048929,0,26.1798062222287,26.3585084051967,47.9613017024416,43.4374006271362,17.0122616459872,0,12.0376813669427,0,71.0665050506592,61.0415489890359,0,0,0,0,7.19195576642707,0,0,0,15.636783958443,0,190.243438720703,0,26.2180849895183,77.6844325595432,81.107421875,0,0,0,97.5960489908854
0,0,0,0,0,0,0,0,0,0,0,0,0,0,0,0,0,0,0,0,0,0,0,0,0,0,0,0,0,0,0,0,0,0,0,63.7078018188477,57.9174122810364,49.2346593021868,56.2680639816543,0,0,0,53.4180974727724,97.8148264884949,57.6053072611491,0,97.6673920154572,0,80.782096862793,79.9593124389648,0,16.3708822661058,35.6374106476496,110.064797500084,85.1880130393832,0,8.0055800818053,43.0030933569286,19.9164678785711,10.1760288380465,92.5575234549386,84.7554307992118,64.5229411137765,18.9643433146404,72.478871300107,17.9252753258033,131.642608642578,0,32.467139840126,40.6800508409137
0,0,0,31.2797175645828,0,0,0,0,0,57.5084025065104,0,93.3003540039062,0,0,0,0,0,65.7617874145508,0,0,0,0,42.8160807291667,74.8751754760742,60.1869697570801,0,57.8565406799316,66.5357341766357,72.0888366699219,0,0,0,0,0,0,53.7096961579233,23.0472870447549,35.913738326984,15.3580385488857,0,93.8887100219727,81.6810117449079,61.5067574274626,78.2581164690913,18.2230074553117,71.8250137056623,108.410442897252,78.6044091118707,94.4797019958496,69.6324639463139,66.1751536051432,36.5417233526429,66.2737683314903,97.7978744506836,91.627300935633,0,43.0030933569286,6.26266522189241,35.5459881194794,19.1579524248379,79.0110593795776,79.1967426176994,31.6785695260967,37.2174880659151,65.2651144081862,41.8664938137183,144.877151489258,98.9922960721529,48.3409675206894,49.7753622456601
0,0,0,68.9341059598056,0,0,0,0,0,0,0,0,0,0,0,0,0,0,0,0,0,0,55.4462203979492,0,0,0,107.7717628479,121.263286590576,0,0,0,0,0,0,109.982187906901,56.1254609783044,55.0071117332183,15.810999933996,46.7836461038532,0,75.050895690918,90.6201693560626,57.208416077738,83.3989630219686,63.8640001085069,76.0745540800549,80.7338837710294,90.3154693603516,119.602258300781,68.4970169516171,93.8133850097656,17.7449678351096,13.9011497190212,89.323642099504,69.5304589166431,0,19.9164678785711,35.5459881194794,11.2023107986127,53.6667407026915,78.1476070697491,45.0512460941917,28.3152965644489,28.0789259070298,74.5434255702521,35.7864821932939,0,104.11483001709,64.2635285949707,41.7347416891567
