10.3118113615276,117.648197937012,92.9212778401492,59.1550720179523,66.6766631716774,79.9151458740234,43.6513295629949,24.5528545173534,27.8258849921993,53.7238960525616,57.3910198400516,137.585681915283,59.6148991867488,0,9.15246697548337,35.8866776686448,85.4144630432129,96.9752709813055,156.641983032227,123.871700209014,60.3058774043352,62.4740563710531,61.0308852290476,69.5880151122581,63.6047688991793,166.120712280273,108.206978277551,117.386712537493,60.374874126321,10.7039050229888,17.1650210945306,0,79.7063195364816,33.9449937162728,65.2796108555149,125.739303588867,130.983993530273,167.652053833008,73.0954369136265,0,0,144.085971069336,114.168559748952,151.638252258301,93.0557273864746,151.10131072998,0,115.389162063599,0,159.303272247314,0,90.2711524963379,171.79594039917,0,0,138.637334187826,107.917442321777,109.835920715332,149.247074890137,105.045368421645,0,169.297225952148,160.00691986084,125.416304046032,140.898637771606,128.862820761544,0,186.890167236328,163.147862752279,130.033276149205
117.648197937012,7.40675909817677,37.449995358785,19.3597247354501,0,0,121.895393371582,119.26738802592,128.71070098877,77.6771150214256,0,64.8403568718377,96.036568959554,50.5496588362024,123.392021179199,94.7093887329102,63.5521580752204,48.9553382258261,81.5624458312988,67.0026292800903,0,99.3881118774414,23.9410715426743,78.7017808393999,76.2053666613377,25.5216708925319,41.2782266660837,29.8524483747669,98.294154908922,127.938073476156,105.450386962891,69.3841714859009,0,120.673183441162,54.1048377741938,0,0,93.6817079023881,78.6696388721466,0,0,182.829727172852,145.037038167318,167.33317565918,134.71727142334,0,96.2948417663574,127.433471679688,82.9140958786011,167.624069213867,0,0,99.5313192514273,112.786448669434,106.126667976379,0,0,91.3175659179688,113.983646392822,131.35358543396,69.7209233930034,96.073007436899,96.6958629290263,0,0,143.40153503418,96.7205772399902,0,0,200.817779541016
92.9212778401492,37.449995358785,10.0203136325685,35.1342613829999,0,0,0,83.6404031634901,119.009510333721,99.9334910999645,116.412695566813,77.0140176856,120.500376383464,108.908409118652,117.147009107802,96.1567611694336,69.6625847535975,36.4208003936428,73.6597900390625,78.9369836370629,0,64.5558013542026,34.8163211384196,21.4172272503674,94.2692035559452,88.2502136230469,20.34087620783,30.3913275748964,66.5876402850755,91.9950510025024,63.5940147717794,0,0,83.3418478284563,44.6552947088708,0,95.9136233859592,86.7955208626595,63.50752358541,0,0,0,154.050376383464,182.497950962612,128.683414459229,153.276176452637,149.661437988281,0,134.540985107422,198.737157185872,0,113.757579579073,96.8803941577261,131.938123703003,121.238214932955,0,117.29322416886,73.9340264320374,93.6299412996714,166.945067405701,0,100.461797908861,90.4147370969011,142.593033200219,113.137268066406,129.695194537823,0,0,0,114.475051293006
59.1550720179523,19.3597247354501,35.1342613829999,53.5210137469694,77.2859462102254,0,70.1526109861291,63.8062737293732,74.2597957447263,21.7510025267989,79.0949650299855,69.675973202632,57.5807591000119,65.9022973657964,68.5447237992487,65.0163061353895,45.0609265820471,48.1023690978736,72.7244198138897,55.3563168980525,80.2087104320526,51.3849083104899,37.0331149452524,46.2558145792404,40.0929595595077,25.027303792488,38.4089438811592,36.5484726421817,52.3153655618596,57.4894792727639,50.5252107082485,73.5914035373264,108.64143371582,43.4059844912611,56.614311741142,84.1631711324056,52.9749217033386,58.1311354380491,15.5659629718677,0,0,108.148813247681,93.1953574909883,116.278997247869,18.0819037672761,121.345737457275,101.827252197266,95.9088676452637,111.254371643066,108.292447771345,0,83.225278377533,74.1210492376745,105.156881159002,78.0190918262188,69.9893188476562,77.8758002387153,25.5049707753318,60.3490448660649,56.3781800636878,71.4095908355713,65.8768482473161,66.537177156744,89.572402705317,97.2741439819336,79.5265208745407,121.193731307983,0,71.8643264770508,76.658607877534
66.6766631716774,0,0,77.2859462102254,7.87412549240769,0,46.2007184664408,49.5401626442963,61.2012438774109,40.0687720808264,17.2009319375577,0,21.663084574654,0,81.4288856506348,35.5972862243652,0,0,0,0,11.5429229841046,114.465023040771,80.9074865976969,0,24.0754337859585,0,0,144.071136474609,11.8123180613514,83.2361267719072,63.9173180716378,0,0,73.431645711263,91.8633368015289,0,0,0,72.3731756210327,7.73576905175834,0,0,0,144.026336669922,72.1177113850911,52.1517927381727,0,99.7855606079102,0,0,0,0,0,0,0,11.3531822266617,0,0,0,101.497468068049,0,0,0,63.4126630783081,0,0,0,0,0,0
79.9151458740234,0,0,0,0,7.42301585188964,7.60587267530689,96.349250793457,13.2489807205727,0,105.936218261719,55.2764434814453,143.095485687256,0,24.8020621907815,12.469535207058,0,0,0,91.6614112854004,92.1583709716797,0,0,0,91.790153503418,0,0,117.681770324707,96.9859619140625,23.4083251112636,0,0,12.185679545599,63.5160140991211,30.7488667464056,0,0,0,0,0,0,0,0,0,0,0,0,0,0,0,0,0,0,0,0,0,0,0,0,0,0,0,0,0,0,0,0,0,0,0
43.6513295629949,121.895393371582,0,70.1526109861291,46.2007184664408,7.60587267530689,6.87769988288727,45.5617233396016,15.5168045620832,53.3627006222388,24.288559582653,58.2895774841309,16.2463530684192,72.1554870605469,22.7554335919058,8.70934656541457,93.9574127197266,116.480491638184,0,0,32.1333511384768,81.8116516113281,77.2352479633532,105.144261169434,72.8984398112578,81.2159042358398,108.470834350586,131.078632354736,59.7672470430785,23.317999295378,81.7102394104004,0,14.425581028548,40.0312141173379,24.0931952403718,147.616394042969,0,0,82.7674800872803,112.429137229919,0,149.320877075195,132.437155914307,162.613647460938,106.453375244141,148.517227172852,0,118.683249950409,0,0,166.325439453125,0,0,0,0,134.343475341797,0,0,136.713104248047,119.060048035901,0,0,171.43896484375,144.580540974935,155.080614089966,144.231895446777,0,0,142.832188924154,133.547637939453
24.5528545173534,119.26738802592,83.6404031634901,63.8062737293732,49.5401626442963,96.349250793457,45.5617233396016,8.1666126985099,33.2170402225486,54.1634734438177,13.5895560749623,138.613668961958,47.8237276453721,0,36.1300503803275,64.3219335804815,94.7389534844293,90.4131293377634,0,125.632502129737,59.8742335022137,51.6059892217186,66.0468859936125,58.4025991882144,51.4889212502374,0,104.909858819503,111.202326954071,15.0105763567091,30.0937666372118,13.9976472993718,0,123.430326461792,48.5001201888165,68.2420869715073,139.548967997233,0,155.486043930054,72.4548429846764,129.84331258138,0,137.973541259766,124.97998108735,133.77384185791,87.5998133997763,140.421202659607,0,107.588405740672,0,152.07105255127,0,108.310598373413,167.895503997803,236.85856628418,170.834426879883,121.638667297363,142.51676940918,120.593938827515,163.798492431641,100.604986004612,0,182.636947631836,178.485154215495,125.332647525563,139.093490600586,118.857839311872,0,0,123.35570526123,153.874572753906
27.8258849921993,128.71070098877,119.009510333721,74.2597957447263,61.2012438774109,13.2489807205727,15.5168045620832,33.2170402225486,10.4101274549876,68.6239236838311,17.2265269069764,65.37846326828,16.7712221784979,189.175079345703,15.7253496829334,27.2432885786725,0,110.683090209961,0,136.054836273193,57.6457369534575,97.4728317260742,83.5361864907401,101.645098114014,62.4494024344101,95.828010559082,136.994346618652,161.368217468262,68.7423963724456,28.579507411048,65.120400723544,0,17.6173627719815,48.1753968340059,41.8663507265608,129.812156677246,0,0,88.6008368272048,105.84733581543,0,176.588508605957,131.256183458411,162.913558959961,110.766510703347,147.804463195801,0,121.879351298014,217.805801391602,153.179758707682,0,0,170.61597442627,0,224.584289550781,136.853689575195,0,118.887908935547,159.333791097005,118.408865319677,205.943664550781,0,180.239181518555,147.300554037094,148.093824386597,147.545303344727,245.494369506836,0,151.888885498047,147.423670450846
53.7238960525616,77.6771150214256,99.9334910999645,21.7510025267989,40.0687720808264,0,53.3627006222388,54.1634734438177,68.6239236838311,9.9702115649959,67.4945122356146,143.942222312645,18.7130303481268,134.33735331551,67.2152366375101,17.7473372138044,63.5659111022949,111.928345680237,0,162.211848258972,50.0616488986545,51.9482685512967,31.1894724467074,77.5414347648621,22.6412763563555,118.402757440295,120.674108140012,108.937780640091,46.7014267826592,65.3054815751535,53.2249891375318,145.345813751221,105.899335225423,59.4524625667856,70.2833513153924,135.725936889648,193.516357421875,171.603500366211,38.1890961858961,0,0,97.8030452728271,104.46725669274,152.02579498291,48.2467669838353,111.520329475403,158.949737548828,83.4164922078451,168.721922132704,93.3290023803711,61.6305465698242,99.760627746582,0,0,187.680328369141,92.307375226702,109.088027954102,131.517852783203,0,59.554071621952,150.669637680054,195.582436697824,181.677352905273,115.538388644948,137.615322113037,108.004951477051,0,0,135.712036132812,0
57.3910198400516,0,116.412695566813,79.0949650299855,17.2009319375577,105.936218261719,24.288559582653,13.5895560749623,17.2265269069764,67.4945122356146,9.29146150617786,0,19.1651293521434,0,20.8284472830024,59.6924388102996,145.656295776367,0,0,150.226745605469,19.8171867504479,79.8441314697266,96.6998573303223,97.3665313720703,39.3032524755695,0,129.389764959162,165.672979354858,18.2482289629371,72.0952982439774,59.192934520209,0,110.932214736938,76.504193863431,84.3386976383934,144.573608398438,0,201.09038289388,83.9400167050569,31.1808130015498,0,0,133.573932647705,165.376281738281,120.299504089355,154.42692565918,0,23.2812817635075,0,160.242616653442,0,0,195.064010620117,0,0,33.9601244559655,0,0,0,115.084455467673,0,0,0,136.63910150528,148.690887451172,126.108276367188,0,0,153.790008544922,177.899681091309
137.585681915283,64.8403568718377,77.0140176856,69.675973202632,0,55.2764434814453,58.2895774841309,138.613668961958,65.37846326828,143.942222312645,0,12.1381615732542,0,16.6391282774248,59.1002540588379,108.531959533691,154.378837585449,43.6858728992147,18.1471696238081,19.2079896475579,0,96.0390315737043,109.811557603919,77.5399457295736,159.365181605021,25.8755484909753,22.6540105036817,49.4153502518298,139.318201700846,54.0327040764593,105.79723654853,37.0510893331108,52.6541290283203,0,30.1255565452673,0,74.9044556868704,119.122276306152,91.9888234138489,0,0,0,0,0,147.014323643276,0,77.6136057623501,0,71.8399694859982,0,0,0,145.297047424316,95.0712249392555,102.041074480329,0,0,110.582585652669,179.048194885254,0,54.570825350316,94.5614714171756,99.0987896664042,0,0,0,96.8990087509155,0,0,118.628883361816
59.6148991867488,96.036568959554,120.500376383464,57.5807591000119,21.663084574654,143.095485687256,16.2463530684192,47.8237276453721,16.7712221784979,18.7130303481268,19.1651293521434,0,8.1008223535826,0,50.6429670161921,8.07742058031658,101.113235473633,126.100379943848,0,0,13.1103897740527,142.048873901367,59.1297306733973,142.99573135376,25.1541675852776,142.267250061035,131.81649017334,127.754803127713,44.3137845552243,69.9126881240203,68.6221928596497,0,83.1489537556966,72.228353141558,71.1183755089255,151.172790527344,0,0,96.9551222664969,54.5503269036611,0,0,131.822547912598,151.086807250977,71.1342277526855,161.940719604492,0,7.43757063426788,0,0,0,0,0,0,0,44.8974139690399,0,0,0,102.392924118042,0,0,0,136.794275283813,0,141.432632446289,0,0,0,0
0,50.5496588362024,108.908409118652,65.9022973657964,0,0,72.1554870605469,0,189.175079345703,134.33735331551,0,16.6391282774248,0,5.86868649682295,136.283054351807,0,0,70.5238952636719,51.7888771654612,50.2725705185982,0,176.374160766602,97.6562853407586,128.484326680501,136.549398960211,15.0884005704292,32.4692204950317,29.2789632825548,146.112564086914,55.922963142395,142.181510925293,13.3141463146433,54.4925842285156,0,42.1875873437295,0,69.8012763659159,0,84.109430139715,0,0,0,0,0,142.657485961914,0,71.3799381256104,0,58.9219483720495,0,0,0,128.410369873047,92.3267433166504,122.757653372628,0,0,104.868625934307,163.349029541016,202.793212890625,42.4976900292452,90.7040180969238,88.0997019605946,0,104.997352600098,0,83.0096255854556,0,0,0
9.15246697548337,123.392021179199,117.147009107802,68.5447237992487,81.4288856506348,24.8020621907815,22.7554335919058,36.1300503803275,15.7253496829334,67.2152366375101,20.8284472830024,59.1002540588379,50.6429670161921,136.283054351807,6.50216825346986,30.8530393292015,0,173.075454711914,0,0,63.0866733140583,111.918186187744,79.4784435272217,113.387531280518,72.6485039560418,0,150.702465057373,143.872843933105,73.8434087560418,13.3269575021326,11.1477183812781,0,12.467801629012,33.8747396018054,34.1442299798915,155.035018920898,0,170.738143920898,88.7320810953776,111.47705078125,0,161.424186706543,126.01980738486,183.159519195557,105.88452911377,142.338270013983,0,120.12425994873,0,159.405932108561,0,0,0,0,0,82.7693405151367,0,113.164028930664,236.974685668945,115.288152542114,0,0,205.675979614258,130.729205176944,162.266830444336,135.92552057902,0,0,142.65446472168,156.203521728516
35.8866776686448,94.7093887329102,96.1567611694336,65.0163061353895,35.5972862243652,12.469535207058,8.70934656541457,64.3219335804815,27.2432885786725,17.7473372138044,59.6924388102996,108.531959533691,8.07742058031658,0,30.8530393292015,7.65815408557535,81.1869812011719,0,0,0,89.968677520752,0,64.3924074172974,80.9633293151855,41.5262235358909,0,134.112808227539,182.498794555664,75.1711044311523,30.532038522979,63.7417678833008,0,31.9214562749016,27.0899016698202,22.4748752690978,158.167205810547,0,0,72.665828704834,0,0,166.553268432617,134.167434692383,0,85.307243347168,161.699615478516,0,152.719955444336,0,0,0,0,0,0,0,0,0,0,0,113.108428955078,0,0,0,125.684261322021,157.154266357422,0,0,0,0,0
85.4144630432129,63.5521580752204,69.6625847535975,45.0609265820471,0,0,93.9574127197266,94.7389534844293,0,63.5659111022949,145.656295776367,154.378837585449,101.113235473633,0,0,81.1869812011719,13.6244079781538,92.9769444672958,0,123.538317362467,0,20.0644167174236,30.9124053596512,17.0253689236125,23.9845077248319,0,101.797151489258,27.5112015285977,39.9197630907841,92.7733936309814,76.3651986043961,0,0,71.1891930320046,66.1024041142024,0,0,127.45522901747,57.9317656925746,0,0,0,120.377513885498,0,113.673667907715,160.946701049805,0,0,0,0,0,15.1812153129104,149.801472981771,0,0,0,68.2064380645752,48.865327835083,26.2543482338941,62.5296533372667,0,157.881477355957,133.644434611003,97.0791773796082,0,111.347526550293,0,0,0,0
96.9752709813055,48.9553382258261,36.4208003936428,48.1023690978736,0,0,116.480491638184,90.4131293377634,110.683090209961,111.928345680237,0,43.6858728992147,126.100379943848,70.5238952636719,173.075454711914,0,92.9769444672958,10.0021014307245,37.8537500265873,19.1654844804292,139.610717773438,47.4283771746626,67.4766361530011,17.7325755380988,115.344392447636,149.628158569336,21.1955041065303,53.9198564605375,103.083998390798,93.5389559493106,74.6713928773652,93.9591522216797,0,98.074254989624,32.944009132642,0,80.0266977945964,97.1596916284454,72.9986847034399,0,0,191.839370727539,174.139450073242,203.975819905599,133.757318496704,0,134.792518615723,0,153.439849853516,185.945266723633,200.480926513672,139.662414550781,101.723317623138,0,116.816130667022,0,127.540896606445,87.0121205647786,107.295392990112,165.721435546875,149.590774536133,99.0454987849433,97.2968127695719,147.688629150391,214.515769958496,184.45295715332,0,0,0,111.442866007487
156.641983032227,81.5624458312988,73.6597900390625,72.7244198138897,0,0,0,0,0,0,0,18.1471696238081,0,51.7888771654612,0,0,0,37.8537500265873,7.50572119200958,8.92310183128046,0,107.143071492513,0,113.737823486328,0,44.3775506630922,19.5426450437553,52.5128533488084,0,101.505114237467,0,54.3104687667474,0,0,63.4558988609205,0,114.043434143066,0,60.9836044311523,0,0,0,0,0,0,0,99.3916044235229,0,93.8080786502723,0,0,0,0,104.931769371033,115.274238586426,0,0,120.602668762207,0,0,81.905846445184,97.6827030181885,103.040369865222,0,0,0,103.387765672472,0,0,0
123.871700209014,67.0026292800903,78.9369836370629,55.3563168980525,0,91.6614112854004,0,125.632502129737,136.054836273193,162.211848258972,150.226745605469,19.2079896475579,0,50.2725705185982,0,0,123.538317362467,19.1654844804292,8.92310183128046,11.1577291589213,0,80.920410567908,97.7847986221313,56.8838713668388,144.374502008612,41.6700910349361,20.1289120822898,56.213781248787,129.961217992446,117.759468078613,103.448822671859,57.4575765543971,0,134.565277099609,40.4114536273167,0,94.3740310668945,106.891838741302,82.2409756000225,0,0,0,176.887471516927,228.947364807129,0,0,98.0177037274396,0,88.3474023753199,0,0,170.412704467773,111.541167615808,94.5950639724731,104.348522186279,0,118.340270996094,0,148.779498291016,165.065124511719,77.6766075860886,94.9850682548162,98.4468928019206,197.974891662598,212.429733276367,171.742752075195,97.6794986724854,0,0,134.880170648748
60.3058774043352,0,0,80.2087104320526,11.5429229841046,92.1583709716797,32.1333511384768,59.8742335022137,57.6457369534575,50.0616488986545,19.8171867504479,0,13.1103897740527,0,63.0866733140583,89.968677520752,0,139.610717773438,0,0,9.77481792146867,106.66438293457,90.6998494466146,129.364283243815,18.3031831275986,189.20231628418,0,140.443280537923,23.5032736436892,68.2405774806172,87.0428676605225,0,144.609451293945,66.156521820825,76.9361434127345,0,0,0,105.455289840698,11.3924763428944,0,0,171.323440551758,0,117.667704264323,0,0,13.4318865768371,0,0,0,0,0,0,0,14.3145739010402,0,0,0,115.387613007517,0,0,0,159.535147666931,0,150.012893676758,0,0,0,0
62.4740563710531,99.3881118774414,64.5558013542026,51.3849083104899,114.465023040771,0,81.8116516113281,51.6059892217186,97.4728317260742,51.9482685512967,79.8441314697266,96.0390315737043,142.048873901367,176.374160766602,111.918186187744,0,20.0644167174236,47.4283771746626,107.143071492513,80.920410567908,106.66438293457,9.10139562849447,45.5109810251017,18.5772374421989,37.3541053600265,0,82.6424270213261,66.4156750520562,15.8737661196498,70.7827412339508,21.3195667939146,0,0,61.9830500284831,36.0605750657414,115.208480834961,0,146.596501668294,62.429023197719,0,0,155.1279296875,137.499105453491,132.954053878784,0,169.5771484375,0,0,0,144.049755859375,0,99.3439509073893,154.727471487863,0,0,0,105.276479085286,76.8623366355896,113.618051290512,117.074026489258,125.91805267334,152.319407871791,146.712073008219,113.494084565536,113.957804870605,104.440487036544,0,0,105.865450541178,127.643760681152
61.0308852290476,23.9410715426743,34.8163211384196,37.0331149452524,80.9074865976969,0,77.2352479633532,66.0468859936125,83.5361864907401,31.1894724467074,96.6998573303223,109.811557603919,59.1297306733973,97.6562853407586,79.4784435272217,64.3924074172974,30.9124053596512,67.4766361530011,0,97.7847986221313,90.6998494466146,45.5109810251017,8.61525244717211,45.3264727343996,32.0590858455518,80.5387307464099,83.8470305173825,32.2021482213076,52.5444399176068,61.9186553831224,43.22149606373,110.545333862305,111.052731831868,45.5765420121756,46.4998256519156,136.355403900146,0,110.172466077303,79.0291680556077,0,0,0,133.162366231283,134.522211710612,81.663431485494,158.371792602539,0,96.5044326782227,126.643801007952,181.883560180664,87.0206680297852,0,118.071671077183,183.764404296875,158.255599975586,112.785022735596,135.494201660156,14.7628752487462,90.2334557583458,92.0854058530596,120.203825298109,125.338882446289,125.245230436325,131.209686279297,0,102.677893320719,147.360557556152,0,83.2005767822266,135.192893981934
69.5880151122581,78.7017808393999,21.4172272503674,46.2558145792404,0,0,105.144261169434,58.4025991882144,101.645098114014,77.5414347648621,97.3665313720703,77.5399457295736,142.99573135376,128.484326680501,113.387531280518,80.9633293151855,17.0253689236125,17.7325755380988,113.737823486328,56.8838713668388,129.364283243815,18.5772374421989,45.3264727343996,12.0483771360636,64.3683622261574,98.9821472167969,48.9947111229974,34.587616823532,34.0086051223048,84.4079796762177,41.4202465032944,0,0,75.7450650237327,38.3448746711037,0,114.352264404297,103.844153267997,63.5303001133263,0,0,162.470123291016,152.886640276228,184.31005859375,143.080337524414,156.53059387207,147.567749023438,0,0,206.673980712891,0,104.306810495805,116.125852991323,165.562454223633,132.500177001953,0,111.841779268705,58.4960240526491,99.9167780482931,153.987225850423,193.406799316406,128.675484763251,104.714709613114,126.618464926015,0,120.256317138672,0,0,176.442220052083,110.938850989709
63.6047688991793,76.2053666613377,94.2692035559452,40.0929595595077,24.0754337859585,91.790153503418,72.8984398112578,51.4889212502374,62.4494024344101,22.6412763563555,39.3032524755695,159.365181605021,25.1541675852776,136.549398960211,72.6485039560418,41.5262235358909,23.9845077248319,115.344392447636,0,144.374502008612,18.3031831275986,37.3541053600265,32.0590858455518,64.3683622261574,10.8289353980887,122.110165764304,125.938181877136,94.9517125545694,20.6922916602105,68.2471053875986,53.0422221166503,0,165.86376953125,54.8804458095039,62.9298517900529,109.052821766246,0,150.359231025942,56.8448717189285,97.7275907993317,0,135.809573173523,108.978899404165,154.614788504208,71.8401955842972,128.779797640714,184.988464355469,102.413710457938,186.819798787435,136.437661269615,97.717098236084,83.676879035102,172.688339233398,0,184.557689666748,106.932699873641,121.588196387658,93.9819147586823,139.458863576253,81.809391403927,163.991907392229,186.985382080078,154.95361328125,116.532330970242,129.324073629176,111.397648349885,0,0,115.037268470315,134.053193728129
166.120712280273,25.5216708925319,88.2502136230469,25.027303792488,0,0,81.2159042358398,0,95.828010559082,118.402757440295,0,25.8755484909753,142.267250061035,15.0884005704292,0,0,0,149.628158569336,44.3775506630922,41.6700910349361,189.20231628418,0,80.5387307464099,98.9821472167969,122.110165764304,8.95740203231793,38.1932160163594,20.8871223796023,153.742459615072,177.051055908203,158.79475402832,35.9462049565417,0,0,54.6411295067774,0,73.6916776803824,137.562377929688,67.6587491402259,0,0,0,0,0,145.827513376872,179.37451171875,63.1974229310688,0,57.633453198931,0,0,0,0,76.3819172300141,78.6023777855767,0,0,111.308192326472,0,145.026473999023,41.8639031916411,72.0116665002072,74.9558501330641,0,0,0,76.3263198450992,0,0,103.711780548096
108.206978277551,41.2782266660837,20.34087620783,38.4089438811592,0,0,108.470834350586,104.909858819503,136.994346618652,120.674108140012,129.389764959162,22.6540105036817,131.81649017334,32.4692204950317,150.702465057373,134.112808227539,101.797151489258,21.1955041065303,19.5426450437553,20.1289120822898,0,82.6424270213261,83.8470305173825,48.9947111229974,125.938181877136,38.1932160163594,9.86689038943925,19.8849842464189,104.179716346908,106.374016256893,90.8378785592888,26.431138873914,0,120.917561531067,49.6606473104453,180.525020599365,94.9305578867594,97.8289813995361,60.2356148151993,0,0,196.432749430339,177.295250270678,192.40236070421,166.133417765299,182.494407653809,87.2855689653003,0,87.7865070367009,184.974020821708,0,125.428688049316,95.9447942488902,94.1104478308903,93.3478036004989,0,163.564682006836,129.778830895057,129.136969269299,164.340029035296,75.5824670717698,83.7058133137213,90.9505788354313,173.169028542259,175.247917175293,152.962600072225,101.948110663373,0,0,114.005205790202
117.386712537493,29.8524483747669,30.3913275748964,36.5484726421817,144.071136474609,117.681770324707,131.078632354736,111.202326954071,161.368217468262,108.937780640091,165.672979354858,49.4153502518298,127.754803127713,29.2789632825548,143.872843933105,182.498794555664,27.5112015285977,53.9198564605375,52.5128533488084,56.213781248787,140.443280537923,66.4156750520562,32.2021482213076,34.587616823532,94.9517125545694,20.8871223796023,19.8849842464189,11.5924538746211,72.0392021495253,125.593265924698,101.392460037116,13.6494266100984,0,98.5134438907399,59.407410648805,183.251519775391,97.658344794964,92.7575975415812,67.2901265716553,0,0,202.239788818359,183.651931762695,197.653296152751,165.120611710982,198.073127053001,92.2935968228241,191.414431762695,85.6527153340782,198.878663804796,0,119.078480529785,97.6306132770522,99.6093192132527,102.480094058173,203.181091308594,120.659277972053,98.1071558771907,100.81850752807,155.424712441184,67.8229383331299,90.7579877449871,96.5718973955963,160.334084192912,197.20193862915,152.510260557517,100.704979124523,0,179.061370849609,113.693018245697
60.374874126321,98.294154908922,66.5876402850755,52.3153655618596,11.8123180613514,96.9859619140625,59.7672470430785,15.0105763567091,68.7423963724456,46.7014267826592,18.2482289629371,139.318201700846,44.3137845552243,146.112564086914,73.8434087560418,75.1711044311523,39.9197630907841,103.083998390798,0,129.961217992446,23.5032736436892,15.8737661196498,52.5444399176068,34.0086051223048,20.6922916602105,153.742459615072,104.179716346908,72.0392021495253,9.30140268026475,64.22938537498,21.0900993165098,0,123.259808858236,51.5770906034746,47.635054654432,118.055550575256,0,146.314642201299,69.5685212601063,21.8143600685652,0,136.364480238694,112.390529493346,142.020914459229,86.8136443001883,134.602292229148,0,108.745427503084,0,136.576970135724,97.5349273681641,109.433759416853,161.968683416193,220.77262878418,179.513501485189,114.440510900397,107.150574747721,80.0547535870526,133.776968214247,92.2569857924045,0,173.090455275315,155.784870624542,117.848567845271,123.98197195265,107.994628008674,0,0,117.897551826809,136.377756579169
10.7039050229888,127.938073476156,91.9950510025024,57.4894792727639,83.2361267719072,23.4083251112636,23.317999295378,30.0937666372118,28.579507411048,65.3054815751535,72.0952982439774,54.0327040764593,69.9126881240203,55.922963142395,13.3269575021326,30.532038522979,92.7733936309814,93.5389559493106,101.505114237467,117.759468078613,68.2405774806172,70.7827412339508,61.9186553831224,84.4079796762177,68.2471053875986,177.051055908203,106.374016256893,125.593265924698,64.22938537498,7.85220617418177,13.2384119108235,75.4363555908203,11.389953577798,12.6443646536415,26.3769724400593,133.70742520419,0,164.778703477648,82.0190267209654,161.381866455078,0,142.842798233032,123.040019171579,162.351105117798,104.449320866511,158.030387878418,0,129.296781203326,173.418060302734,153.089712778727,163.787582397461,157.05989074707,178.579142252604,0,196.29508972168,146.39677734375,0,115.30713930997,143.26771291097,115.168037793032,0,182.736811319987,168.239825439453,124.539590381441,140.427623617238,119.698763246889,0,0,126.170859841739,138.058943271637
17.1650210945306,105.450386962891,63.5940147717794,50.5252107082485,63.9173180716378,0,81.7102394104004,13.9976472993718,65.120400723544,53.2249891375318,59.192934520209,105.79723654853,68.6221928596497,142.181510925293,11.1477183812781,63.7417678833008,76.3651986043961,74.6713928773652,0,103.448822671859,87.0428676605225,21.3195667939146,43.22149606373,41.4202465032944,53.0422221166503,158.79475402832,90.8378785592888,101.392460037116,21.0900993165098,13.2384119108235,8.94726795361316,168.456604003906,0,37.0752451541931,38.5384083216799,111.05537109375,0,139.267624409993,60.0108996261785,0,0,0,113.196298217773,123.528049468994,89.6253531319754,114.570777893066,0,113.50031716483,0,124.408798853556,107.933731079102,97.3353947726163,167.890307258157,0,196.789096832275,0,105.997077178955,67.5125617980957,129.961355481829,96.1249232211355,0,159.693062566942,152.823163200827,102.05841353844,105.940277099609,102.184067460357,0,0,95.8533686319987,129.492687572132
0,69.3841714859009,0,73.5914035373264,0,0,0,0,0,145.345813751221,0,37.0510893331108,0,13.3141463146433,0,0,0,93.9591522216797,54.3104687667474,57.4575765543971,0,0,110.545333862305,0,0,35.9462049565417,26.431138873914,13.6494266100984,0,75.4363555908203,168.456604003906,4.76705737445587,92.331413269043,0,70.8656839539733,0,85.8750025431315,0,152.818028767904,0,0,0,0,0,0,0,91.4758358001709,0,87.076406963801,0,0,0,115.063098907471,98.2855545043945,0,0,0,0,0,0,72.4739067077637,97.1537000868056,106.138845810523,0,212.611190795898,0,102.640400568644,0,0,159.667747497559
79.7063195364816,0,0,108.64143371582,0,12.185679545599,14.425581028548,123.430326461792,17.6173627719815,105.899335225423,110.932214736938,52.6541290283203,83.1489537556966,54.4925842285156,12.467801629012,31.9214562749016,0,0,0,0,144.609451293945,0,111.052731831868,0,165.86376953125,0,0,0,123.259808858236,11.389953577798,0,92.331413269043,5.19134567765972,0,30.0317799798374,0,0,0,0,0,0,0,170.396911621094,0,0,0,0,0,0,0,0,0,0,0,0,0,0,0,0,166.343528747559,0,0,0,196.724197387695,0,0,0,0,0,0
33.9449937162728,120.673183441162,83.3418478284563,43.4059844912611,73.431645711263,63.5160140991211,40.0312141173379,48.5001201888165,48.1753968340059,59.4524625667856,76.504193863431,0,72.228353141558,0,33.8747396018054,27.0899016698202,71.1891930320046,98.074254989624,0,134.565277099609,66.156521820825,61.9830500284831,45.5765420121756,75.7450650237327,54.8804458095039,0,120.917561531067,98.5134438907399,51.5770906034746,12.6443646536415,37.0752451541931,0,0,7.45185242648877,13.8566129934025,126.548550923665,0,157.19987487793,63.9216839716985,94.8372268676758,0,130.210784912109,114.567874235265,151.065954844157,93.8219360351563,152.914901733398,0,114.378710428874,0,117.493110656738,121.078712463379,125.30199432373,0,0,0,125.594738006592,98.0608774820964,67.6787748336792,117.522811889648,111.671020319432,0,160.384323120117,118.346343994141,116.516451342353,116.510444641113,99.5893981933594,0,0,137.818786621094,121.518217468262
65.2796108555149,54.1048377741938,44.6552947088708,56.614311741142,91.8633368015289,30.7488667464056,24.0931952403718,68.2420869715073,41.8663507265608,70.2833513153924,84.3386976383934,30.1255565452673,71.1183755089255,42.1875873437295,34.1442299798915,22.4748752690978,66.1024041142024,32.944009132642,63.4558988609205,40.4114536273167,76.9361434127345,36.0605750657414,46.4998256519156,38.3448746711037,62.9298517900529,54.6411295067774,49.6606473104453,59.407410648805,47.635054654432,26.3769724400593,38.5384083216799,70.8656839539733,30.0317799798374,13.8566129934025,11.1138164580033,89.5041236877441,102.859711964925,102.651337722252,76.7313496226996,0,0,180.117716471354,137.570756178636,136.556427001953,106.184731801351,184.402506510417,120.602140638563,141.302837371826,101.13901260376,149.644500732422,0,91.0348815917969,111.593619898746,118.478100912912,112.131683031718,165.258083343506,98.5174840291341,71.4212846374512,109.398767662048,126.482638812456,78.8745155334473,109.251491854889,109.74429973924,102.981445821126,126.000713348389,100.6790983412,127.31329498291,0,74.7721557617188,118.759509277344
125.739303588867,0,0,84.1631711324056,0,0,147.616394042969,139.548967997233,129.812156677246,135.725936889648,144.573608398438,0,151.172790527344,0,155.035018920898,158.167205810547,0,0,0,0,0,115.208480834961,136.355403900146,0,109.052821766246,0,180.525020599365,183.251519775391,118.055550575256,133.70742520419,111.05537109375,0,0,126.548550923665,89.5041236877441,8.85398016505336,136.143270492554,121.524846716772,62.123105986365,99.1596399943034,67.6783447265625,41.202816953104,36.4101493473388,32.8004747543619,61.9916872882203,50.1543110172347,132.248479298183,75.2029349735805,151.148228963216,13.84568220026,34.7149596465261,64.2929537963867,115.559704218155,146.8033299764,136.4937918603,71.1567423590298,81.0578014523375,55.9167223391326,100.623438453674,68.6969836654792,135.60262298584,132.910878388778,136.616915360937,77.7562166539634,16.4494549055658,25.4961285509974,161.831175231934,71.4059982299805,24.4824365576786,56.1692717949154
130.983993530273,0,95.9136233859592,52.9749217033386,0,0,0,0,0,193.516357421875,0,74.9044556868704,0,69.8012763659159,0,0,0,80.0266977945964,114.043434143066,94.3740310668945,0,0,0,114.352264404297,0,73.6916776803824,94.9305578867594,97.658344794964,0,0,0,85.8750025431315,0,0,102.859711964925,136.143270492554,7.14772092819852,43.2556684971972,12.5586053138385,0,0,139.348190307617,132.822217941284,133.653408050537,63.2732312819537,165.984451293945,52.1328131023206,0,48.9613309230619,160.782802581787,0,64.6673199335734,57.4009652269688,76.2338063166692,58.8682522900337,0,88.8047975393442,26.6653546953252,74.0363533496857,71.188515957919,23.13421381483,45.9660008596417,32.5587831858865,120.412122998919,130.507110595703,90.7311033010483,82.6096878051758,0,70.4023162841797,71.3821728229523
167.652053833008,93.6817079023881,86.7955208626595,58.1311354380491,0,0,0,155.486043930054,0,171.603500366211,201.09038289388,119.122276306152,0,0,170.738143920898,0,127.45522901747,97.1596916284454,0,106.891838741302,0,146.596501668294,110.172466077303,103.844153267997,150.359231025942,137.562377929688,97.8289813995361,92.7575975415812,146.314642201299,164.778703477648,139.267624409993,0,0,157.19987487793,102.651337722252,121.524846716772,43.2556684971972,12.4861121215131,43.9627683767678,134.01948038737,167.52237701416,125.252269518915,102.413638934237,125.023334452446,95.1170656594885,115.138446741964,92.9817266793087,118.891461508615,86.3199375697545,132.022133620469,133.537850856781,80.5597048282623,36.6559061490261,78.8397690345501,68.712906257779,130.078167915344,71.7398017848304,51.9810947551284,31.1861042940673,99.3854271084654,79.3928006490072,27.8749181232629,34.6065787268709,95.2497660063676,140.477499340427,96.7160119645139,93.7331771850586,168.481224060059,137.079614868164,69.9642894138178
73.0954369136265,78.6696388721466,63.50752358541,15.5659629718677,72.3731756210327,0,82.7674800872803,72.4548429846764,88.6008368272048,38.1890961858961,83.9400167050569,91.9888234138489,96.9551222664969,84.109430139715,88.7320810953776,72.665828704834,57.9317656925746,72.9986847034399,60.9836044311523,82.2409756000225,105.455289840698,62.429023197719,79.0291680556077,63.5303001133263,56.8448717189285,67.6587491402259,60.2356148151993,67.2901265716553,69.5685212601063,82.0190267209654,60.0108996261785,152.818028767904,0,63.9216839716985,76.7313496226996,62.123105986365,12.5586053138385,43.9627683767678,38.703010047902,83.3888936723982,0,88.8588436811398,54.655660315162,88.9901537328333,18.732080596034,84.2083538424584,52.3922531258969,49.7804905495993,43.9532319511498,79.4407606685863,69.7979168362088,42.7560209283184,56.8421683327924,68.7652910620765,58.9965668121383,60.7842398423415,52.3472251475183,27.5204142832075,51.4122367697511,34.4598172296726,16.2741915373241,41.9138572701416,40.535279018216,56.0349974426964,73.1491549538403,52.8216099836168,57.7785737173898,184.963008880615,51.3682595947642,67.3784320457524
0,0,0,0,7.73576905175834,0,112.429137229919,129.84331258138,105.84733581543,0,31.1808130015498,0,54.5503269036611,0,111.47705078125,0,0,0,0,0,11.3924763428944,0,0,0,97.7275907993317,0,0,0,21.8143600685652,161.381866455078,0,0,0,94.8372268676758,0,99.1596399943034,0,134.01948038737,83.3888936723982,8.82883498994234,0,47.8625210623705,40.3108395017427,87.6823855082194,57.6277438572475,15.8940027893496,0,23.8296156930869,0,109.601658907804,63.0005321502686,41.7260665893555,0,0,0,10.3901978113205,0,0,138.208271026611,14.648213603178,0,149.337738037109,0,18.5447867247498,95.5849921486595,52.8951072692871,0,0,94.733175797896,98.1802681816949
0,0,0,0,0,0,0,0,0,0,0,0,0,0,0,0,0,0,0,0,0,0,0,0,0,0,0,0,0,0,0,0,0,0,0,67.6783447265625,0,167.52237701416,0,0,6.37793212508106,7.38966486792818,108.738254123264,12.6458189215662,116.193771362305,99.6131678989955,74.7596592373318,72.0255947113037,0,24.435068965349,12.331016417036,109.426170349121,0,0,58.0863418579102,0,99.4634399414062,148.526733398438,93.2748222351074,0,0,104.367164611816,97.1171951293945,127.140419006348,23.6149460506439,100.911121368408,0,10.4681449552405,0,27.6105649091195
144.085971069336,182.829727172852,0,108.148813247681,0,0,149.320877075195,137.973541259766,176.588508605957,97.8030452728271,0,0,0,0,161.424186706543,166.553268432617,0,191.839370727539,0,0,0,155.1279296875,0,162.470123291016,135.809573173523,0,196.432749430339,202.239788818359,136.364480238694,142.842798233032,0,0,0,130.210784912109,180.117716471354,41.202816953104,139.348190307617,125.252269518915,88.8588436811398,47.8625210623705,7.38966486792818,6.91173422591691,54.5347387524994,13.520767042776,60.912662842057,17.9003694079295,131.494177038019,15.1178007295514,173.646092732747,29.5170629587854,10.1535007111379,92.8957850138346,134.188448270162,162.989236958822,157.310102462769,26.0568913626272,107.519378185272,94.1929420471191,120.744793701172,60.4764217328114,0,144.594213773619,145.111855425153,56.0814275634532,40.7888252842913,83.898462831974,166.358085632324,19.9177426354594,88.4001992543538,70.9426159030395
114.168559748952,145.037038167318,154.050376383464,93.1953574909883,0,0,132.437155914307,124.97998108735,131.256183458411,104.46725669274,133.573932647705,0,131.822547912598,0,126.01980738486,134.167434692383,120.377513885498,174.139450073242,0,176.887471516927,171.323440551758,137.499105453491,133.162366231283,152.886640276228,108.978899404165,0,177.295250270678,183.651931762695,112.390529493346,123.040019171579,113.196298217773,0,170.396911621094,114.567874235265,137.570756178636,36.4101493473388,132.822217941284,102.413638934237,54.655660315162,40.3108395017427,108.738254123264,54.5347387524994,9.06953315114385,54.9168791388369,51.3814484070087,20.578721763752,142.97388114638,36.8580568445184,170.443804740906,29.0221282588804,66.7083291060088,67.6622291564941,108.58927887962,147.4009611528,133.641475130051,43.2143146113346,79.1559168404224,77.7396261041815,88.3998589846013,50.4847037983624,141.602128982544,121.286904549599,123.238395807694,29.087100550371,63.9885558261067,16.327123216429,162.748058543486,103.046351212722,65.9860823630075,78.945983663867
151.638252258301,167.33317565918,182.497950962612,116.278997247869,144.026336669922,0,162.613647460938,133.77384185791,162.913558959961,152.02579498291,165.376281738281,0,151.086807250977,0,183.159519195557,0,0,203.975819905599,0,228.947364807129,0,132.954053878784,134.522211710612,184.31005859375,154.614788504208,0,192.40236070421,197.653296152751,142.020914459229,162.351105117798,123.528049468994,0,0,151.065954844157,136.556427001953,32.8004747543619,133.653408050537,125.023334452446,88.9901537328333,87.6823855082194,12.6458189215662,13.520767042776,54.9168791388369,8.81348276115387,81.6435999468148,24.8837917844245,117.065436982272,29.8655461939681,144.402359485626,15.6043780672105,19.3547332778624,85.827340443929,132.076913137285,152.439516703288,153.744377321748,57.2972060035257,111.735474969923,94.0989371468039,119.851625868853,85.1738042800357,150.673519897461,142.131337845691,149.799980399535,82.7405963500541,30.5526121051816,75.4752895139298,147.50217590332,9.42762027751522,77.7592522704486,49.9179240502906
93.0557273864746,134.71727142334,128.683414459229,18.0819037672761,72.1177113850911,0,106.453375244141,87.5998133997763,110.766510703347,48.2467669838353,120.299504089355,147.014323643276,71.1342277526855,142.657485961914,105.88452911377,85.307243347168,113.673667907715,133.757318496704,0,0,117.667704264323,0,81.663431485494,143.080337524414,71.8401955842972,145.827513376872,166.133417765299,165.120611710982,86.8136443001883,104.449320866511,89.6253531319754,0,0,93.8219360351563,106.184731801351,61.9916872882203,63.2732312819537,95.1170656594885,18.732080596034,57.6277438572475,116.193771362305,60.912662842057,51.3814484070087,81.6435999468148,6.51852474455659,63.8503154548439,129.772038353814,12.945951421284,120.06194379853,79.7482254988664,11.9364663466851,21.1192888718147,111.858745134794,156.912531534831,137.123017311096,52.5085493890863,66.4448877222398,28.1007063406514,82.1709201735938,13.8855266652035,102.053410786849,115.296901219328,87.6011047946234,55.777004229618,71.5408948505198,58.2925416625215,137.500480651855,115.632428487142,57.9921562915712,73.3047722740997
