10.5315297242051,137.478201548258,96.8699687882966,66.6237603293525,89.7948829650879,90.0981941223145,79.5161925471106,28.5369210127643,37.0615445658287,65.3345799844096,67.979350481823,134.021835327148,96.8248954772949,157.043085538424,19.3510358288384,97.2139472961426,137.788758850098,103.563233251851,151.952805880843,121.063777378627,94.685593801002,88.6543142758883,99.1223161027238,92.3863886154909,76.2811607312245,185.819274902344,116.168805604822,129.330007117728,77.2996251874928,17.3201907258224,24.5314723857726,148.520820617676,92.0186033248901,83.4832805486826,81.9986224632479,149.94227959128,0,170.462836956156,96.0943573661472,142.556396484375,180.481811523438,174.935870361328,139.873699241461,175.299986808531,100.805842081706,153.104041290283,219.025810241699,0,164.782333374023,169.818535804749,138.472457885742,137.271301269531,212.912307739258,0,209.261444091797,239.934066772461,163.84885152181,136.357798258464,177.804605102539,124.039758300781,0,192.662421332465,164.112626478407,131.051954346944,157.871734821691,152.35210072717,214.210876464844,192.610158284505,146.411052158901,167.793112656166
137.478201548258,8.99769282670274,43.0528021566093,12.7456432210602,0,0,168.700187683105,126.238851165771,147.175487518311,80.3768982528358,159.262512207031,73.2055391984827,123.159664154053,52.5281455546819,139.351294573616,129.831906525985,64.8609135592425,57.8738694720798,85.0518572737531,62.9845888955252,0,107.675367736816,34.3992081253546,65.1135829484382,78.8933917881728,26.9223285990304,50.2293847207247,35.3776733222547,99.8159341458921,131.030864170619,115.859741592407,74.9949212827181,0,113.327328999837,58.4485255539148,194.064575195312,79.5952008565267,100.37872666579,53.2133501052856,0,0,0,216.771453857422,183.209106445312,0,178.61430867513,113.834875488281,146.976837158203,104.865900268555,0,0,0,104.176615397135,121.246476491292,121.65888373057,0,0,123.306167602539,135.23371887207,172.184638977051,62.256217956543,98.5881071908133,95.9537923727462,171.973690032959,0,168.256479899089,142.110069274902,0,0,104.580571492513
96.8699687882966,43.0528021566093,13.9460332556866,47.2312473811601,100.156590779622,0,139.934007608666,95.1763367897425,121.730643706961,106.070945562318,107.30797555613,81.4172488566625,119.103981018066,91.3375505837061,119.477161543454,148.606182946099,91.0923526112626,46.1731109142303,86.8815471394857,67.5417106969345,180.832602364676,60.9084817257673,52.7184671059899,29.2343515172977,107.863504546029,80.0663055651116,36.0015533555733,35.4558522986615,78.6862200413788,124.643353351794,93.9379550731735,86.4115797494877,167.090608596802,102.616812642415,59.0874631417877,160.930959848257,84.8407601928711,95.8965340055268,72.6386869851645,198.548500061035,0,190.242008556019,165.982696080612,188.375627040863,184.470439910889,164.400896708171,145.540139047723,230.87370300293,130.821273803711,176.634322619829,0,113.468901519775,110.003214209119,141.333026409149,121.371644366871,213.536697387695,144.827902832031,96.032767023359,115.331933745022,153.188814435686,101.026970863342,105.2788862551,95.8300262130548,160.154507319132,183.594538370768,155.442913878198,146.023188664363,234.882247924805,163.359512329102,112.944918913
66.6237603293525,12.7456432210602,47.2312473811601,11.025422246951,63.1378582000732,132.857235717773,88.6560635978793,61.069653421434,80.7529140194418,28.1097242413023,65.101966944118,80.7289209795428,127.601245880127,49.9219947940013,88.0270456075668,74.2176770730452,43.699592926432,69.5238062130508,86.5450772966657,69.1770911826227,132.872676060118,56.1342024531975,34.0958318701594,56.5669914812927,42.4117704070091,21.8012040298333,57.4243487975375,38.6211955262462,49.5501732966407,80.3453406363811,63.1091059217447,76.9822153891287,125.728775717995,61.1616917195293,65.8948053655265,116.232130940755,27.4197800159454,74.0952756545123,26.2771484568968,107.227272033691,0,89.2533009847005,96.1543935816339,122.904055545205,71.7451498031616,89.6295902945779,74.8594207763672,75.2792892456055,79.1101926855139,126.064848184586,65.8451766967773,77.1081318664551,93.997912745322,71.7466230392456,68.3952896811745,99.5497589111328,85.8017592959934,111.899508476257,106.672824984691,69.8188608551025,35.7434865166159,68.0558838341307,62.3300957967771,83.8918608705441,110.34412411281,91.9326606519295,81.297174665663,0,76.3753929138184,88.4520694187709
89.7948829650879,0,100.156590779622,63.1378582000732,6.95903031380204,120.96107228597,48.8209016943878,63.3247056309181,83.9153529212588,40.6231701582381,22.5700475506432,155.51335144043,19.5429790068045,0,105.479421113667,54.6776484821154,0,144.721478780111,0,164.248397827148,13.1834620547014,0,81.563840230306,147.751881190709,22.9650136858511,0,158.554574584961,137.396767616272,14.0767172128156,103.754699572395,107.105194091797,0,137.301338195801,85.0712099075317,98.1365158081055,84.9765930175781,0,183.112426757812,62.9199466705322,12.9444441488753,0,128.131214857101,129.349695205688,157.950028896332,79.8250304328071,122.444016287812,0,25.9968607885142,0,139.829412187849,97.4511515299479,0,0,0,0,18.9942887979574,164.375305175781,0,155.832344055176,96.3851752630094,0,0,173.687678019206,71.2746096695025,128.42914276123,123.058135986328,0,200.734786987305,0,196.204608917236
90.0981941223145,0,0,132.857235717773,120.96107228597,7.48991794106853,15.8151337219635,121.772293784402,19.6343533112226,80.7370771408081,132.555614471436,71.4354373931885,100.1884866442,111.976189613342,41.5937585395401,15.0309264274526,0,158.431744166783,102.08642578125,73.1876068115234,121.965151309967,103.802139282227,0,125.696633232964,119.776632785797,123.939102172852,96.3812459309896,148.179113769531,122.293038504464,24.7017985616411,127.100680033366,109.497978210449,14.4019375077623,71.7278137207031,34.1598776245117,205.478652954102,0,0,125.483600616455,0,0,0,190.206646389431,229.495223999023,0,0,0,0,163.325576782227,0,0,0,0,0,0,0,0,0,0,176.748512268066,0,0,138.050132751465,174.25193977356,219.064697265625,181.246963500977,0,0,0,0
79.5161925471106,168.700187683105,139.934007608666,88.6560635978793,48.8209016943878,15.8151337219635,10.4509445754331,44.4547055741482,20.1758605739078,69.3603934297467,18.3999650243866,101.41599744909,22.3849904942492,119.077088576097,40.333011823946,18.1408103100799,180.228317260742,149.913221789945,115.846117019653,146.470781326294,42.3229032554986,107.572971820831,121.324443817139,132.840086606469,65.4154595170817,131.945182800293,164.259614036197,157.81063079834,79.1956497420252,58.9375146934952,113.950557006033,156.97586517334,16.6770021754035,82.5776631037394,59.4206318434147,175.969092475043,0,199.789698282878,101.594120025635,144.358921508789,206.678894042969,168.659639246324,154.08399852031,184.189396251332,128.084851401193,148.48900185691,206.686981201172,88.5609700446035,0,184.983931560906,229.588150024414,218.744201660156,245.015441894531,181.225158691406,0,144.140968976702,183.427215576172,0,192.776410420736,126.962936286639,0,207.922515869141,204.651278686523,148.361918107519,187.86448442175,183.485012054443,0,0,202.164108276367,187.008201599121
28.5369210127643,126.238851165771,95.1763367897425,61.069653421434,63.3247056309181,121.772293784402,44.4547055741482,11.850522027299,49.2724047922499,59.1365375454268,15.2771778412016,150.23678187763,42.0660566728033,162.765985845209,50.8236180235791,77.6689232526507,111.239329528809,99.8128179644791,147.959672754461,131.502156551068,67.2707247355628,67.3250510330909,96.8947475139911,79.579118825022,57.1055332479195,164.727688598633,128.434131914815,119.810083089429,32.5034613416261,67.5095634804479,16.2299582508173,164.747898380931,126.269836807251,71.2172037432271,93.0864061446025,140.246057713285,146.074867248535,164.552257788809,87.5929215125788,130.664078785823,190.251052856445,146.438615502252,126.307230172568,154.458194163538,100.358037812369,126.806793942521,209.813876152039,121.212737749208,210.574596405029,159.506283834577,140.989132881165,145.085284146396,186.977894592285,239.284324645996,210.347239176432,131.348969815957,154.135460535685,139.318833091042,163.657207073943,104.494142118507,209.188074747721,193.616393688113,161.901384701936,121.242858786381,152.137076882755,141.328765869141,0,196.217811584473,135.143003023588,159.768023129167
37.0615445658287,147.175487518311,121.730643706961,80.7529140194418,83.9153529212588,19.6343533112226,20.1758605739078,49.2724047922499,11.0478589937441,80.6557593125563,27.6606571378269,93.6652957731834,72.3015847812384,119.967495282491,15.7526885115706,40.2493956656683,133.658706665039,134.263641864578,134.386660257975,137.023543538927,85.8721842976105,117.469218629779,118.977767250755,117.818402895169,83.2488987054314,109.53604888916,144.408215819151,146.891188267299,88.4692264729212,31.7902370115917,89.8002899955301,144.638477101046,21.2615524417634,78.5607905796596,52.0325193049179,167.413220182378,230.912384033203,191.698252751277,105.223573785079,145.325933728899,203.116539001465,157.236320768084,145.305582775303,174.874521230722,122.166456358773,140.669542422965,223.007062276204,128.674866005226,229.140754699707,179.589545350486,174.715774536133,198.884170532227,205.361990356445,0,0,147.907549230064,174.027392917209,173.553494771322,199.095547921317,127.951095075492,114.237857818604,213.010848999023,189.039021617961,140.297892130194,178.34048373683,168.895347974315,0,212.064958052202,164.828739711217,180.523470742362
65.3345799844096,80.3768982528358,106.070945562318,28.1097242413023,40.6231701582381,80.7370771408081,69.3603934297467,59.1365375454268,80.6557593125563,7.97933501889711,57.2561370558357,135.61502844049,18.5744513421137,123.15294026754,84.3907049027356,33.9030378050664,93.4619197845459,129.474901074561,165.293040188876,140.225114686149,61.7399574938942,96.3541335353145,26.329999996961,112.37252395932,19.642703089943,105.095581786273,131.70010589418,110.699142551073,45.4002657269377,79.1387924730692,66.0876154308953,142.526573890863,135.06815579063,67.0928688679845,92.0173242213362,102.920931302584,0,178.262688530816,39.5215634128504,97.8714064025879,0,114.022110678933,103.165614589568,135.975676774979,53.7202912596769,93.5395708188906,230.232177734375,78.6368043899536,165.699831449069,133.654619307745,71.5170196533203,142.315376281738,170.95361328125,209.149436950684,0,91.3932311534882,156.515244293213,116.077260971069,145.715679862282,71.7333009729338,167.920600891113,179.91449033297,173.219792853461,94.2923304184623,124.607013423268,110.987935846502,200.164520263672,142.862594604492,116.122024536133,147.944745577299
67.979350481823,159.262512207031,107.30797555613,65.101966944118,22.5700475506432,132.555614471436,18.3999650243866,15.2771778412016,27.6606571378269,57.2561370558357,10.2725763589537,149.309337898537,20.8139792511435,170.754404703776,77.9089096408269,67.8863964912875,0,130.236774522431,160.348098754883,162.072034982535,17.6812132824961,97.3560348510742,117.626021830241,97.0597603835529,40.5455498853398,170.284118652344,141.366283681941,148.404922142457,23.0378051690804,93.1371507582205,90.3497979013543,179.213491439819,129.534683473649,83.327977180481,91.0769520853902,150.769648415702,201.24292755127,176.653871154785,79.6859936373574,121.409871224061,201.011428833008,149.132638676961,128.196935561703,155.82083231766,96.7401084529543,130.396302456326,212.796567644392,113.122772826677,203.284594726562,165.032240079144,131.071389770508,190.807098388672,190.726992289225,231.152008056641,225.200180053711,134.716304104904,177.422127859933,136.465957641602,186.24475315639,100.241196641103,195.364537556966,211.472636631557,188.492335205078,127.904260495814,167.524335670471,180.92017140108,0,205.210126604353,137.636688232422,163.51734375
134.021835327148,73.2055391984827,81.4172488566625,80.7289209795428,155.51335144043,71.4354373931885,101.41599744909,150.23678187763,93.6652957731834,135.61502844049,149.309337898537,12.1393724073611,146.479780960083,24.8752553293505,80.8290732523491,165.814454451851,121.985387802124,49.4285791403538,24.4048848828596,28.1197266738662,148.628904796782,87.749107111068,101.524546559652,83.7902784926689,143.706180386427,36.3521488762122,32.1450613295846,66.3773047117804,147.147303296374,76.9425358006686,106.779515692893,43.0714535150762,68.5329437043932,95.9387748173305,27.5554601100898,210.461601257324,109.915690104167,150.515192304339,95.8281892140706,0,0,235.133987426758,217.428456393155,225.216247558594,146.270084381104,212.328475952148,84.266739172094,0,74.2416688894297,234.551669311523,0,182.370758056641,138.00779070173,99.7949427286784,127.553571156093,228.209274291992,177.486938476562,139.008117675781,161.995316028595,188.227244450496,74.3691034317017,111.418021049641,107.073996070478,208.068009149461,200.577590942383,193.395334879557,101.185161709785,0,0,133.10962761773
96.8248954772949,123.159664154053,119.103981018066,127.601245880127,19.5429790068045,100.1884866442,22.3849904942492,42.0660566728033,72.3015847812384,18.5744513421137,20.8139792511435,146.479780960083,10.5863160422673,172.773748544546,100.58343642165,19.7291992718289,210.169296264648,189.994349888393,167.311227416992,171.63879699707,13.9272789407415,0,67.7442503429594,161.480923243931,18.2742728042372,145.396845499674,158.27256081321,146.593735694885,54.3167157226021,103.179823009993,119.3740302638,0,120.090679246552,110.281217847552,100.411187232487,145.81654103597,0,0,40.0181050981794,25.8952558189631,0,68.0520422799247,159.865518652874,100.591927383885,67.0824112362332,61.0171602964401,0,14.3757324512994,0,138.020261128743,70.4680976867676,0,0,0,0,38.6927345545237,0,0,203.736724853516,93.7957626342773,157.115081787109,0,144.363098144531,125.271348690165,182.576107025146,172.942815144857,0,0,0,178.392634073893
157.043085538424,52.5281455546819,91.3375505837061,49.9219947940013,0,111.976189613342,119.077088576097,162.765985845209,119.967495282491,123.15294026754,170.754404703776,24.8752553293505,172.773748544546,10.6425942155764,108.858635093592,170.281047924145,122.916497744047,95.8659395094841,59.9249874661743,75.4066117365557,188.169723510742,139.18000708686,90.5119291512707,116.384228297642,129.607723412486,22.5867906537798,42.6140372945195,34.1067567976078,151.55172223823,111.272420023002,161.546043032692,17.0380446534528,95.9707675260656,154.931441170829,68.5659068006499,0,101.330850601196,150.377684275309,90.133349377176,0,0,232.954849243164,210.194198608398,225.059600830078,174.110260009766,228.522247314453,79.711926337727,222.107543945312,72.0358558088646,0,0,0,137.272363450792,94.9648756631991,116.504039299197,0,0,130.137184143066,164.299533497203,188.530654907227,68.8880253586115,103.485494688445,94.997547084029,194.982858276367,0,0,88.9255741571976,0,0,116.293752882216
19.3510358288384,139.351294573616,119.477161543454,88.0270456075668,105.479421113667,41.5937585395401,40.333011823946,50.8236180235791,15.7526885115706,84.3907049027356,77.9089096408269,80.8290732523491,100.58343642165,108.858635093592,10.3107073815336,67.6913569124439,181.2907371521,124.4815948084,123.084251906846,128.981006637635,99.8183590232903,103.730794502027,114.516342320393,113.122058673565,92.8547541280463,110.878508956344,133.945697625478,139.746481427043,93.5833079586722,24.6404490338773,64.3089774743888,121.851083156041,18.3808019325485,64.4693227965256,49.0502524556854,166.354540586472,204.985855102539,186.387756586075,118.542708425811,159.501192092896,0,176.800146102905,154.454243536983,184.960370047433,131.466184201448,170.301686440745,221.541130759499,152.621168656783,145.08288860321,181.92947230545,155.429130554199,219.863220214844,200.944678566673,167.263916015625,158.635711669922,180.244490623474,174.35846625434,155.314696572044,192.304032204368,138.892904018258,134.439341227214,190.407708485921,175.895385472915,147.330571342483,176.19141593746,164.838624634614,151.858642578125,219.832438151042,162.374281989204,182.527701181908
97.2139472961426,129.831906525985,148.606182946099,74.2176770730452,54.6776484821154,15.0309264274526,18.1408103100799,77.6689232526507,40.2493956656683,33.9030378050664,67.8863964912875,165.814454451851,19.7291992718289,170.281047924145,67.6913569124439,8.68500574419318,149.635617574056,161.983294487,146.073314666748,170.197126116071,59.4120802071135,116.917147064209,79.2094561622256,132.355355482835,40.4432564193324,152.161196390788,162.377758157664,151.859539541969,71.6887565948678,87.0461368560791,105.180570547921,190.573318481445,41.8361560863685,49.4739362140035,72.5217133422396,142.933303833008,0,195.9482421875,100.154434204102,106.230480194092,0,0,173.932661437988,194.744281768799,52.4862022399902,131.179925918579,0,102.882764816284,0,175.290667215983,66.2186584472656,0,0,0,0,103.581531524658,0,0,148.820495605469,99.9662030537923,137.110244750977,196.351495361328,213.778499603271,135.970212809245,191.151713053385,180.806671142578,220.381622314453,0,157.890869140625,0
137.788758850098,64.8609135592425,91.0923526112626,43.699592926432,0,0,180.228317260742,111.239329528809,133.658706665039,93.4619197845459,0,121.985387802124,210.169296264648,122.916497744047,181.2907371521,149.635617574056,13.6736403269843,103.398952679756,138.706288655599,133.013801125919,0,25.4149530945626,34.5561882783712,21.5528561324774,22.6310882721355,113.414611816406,104.065289283866,38.2553715036602,25.5302354992526,121.549566904704,76.6976961831789,130.972337086995,0,88.4062031832608,76.1894104213067,0,126.123291015625,115.912812319669,79.7164506912231,0,0,188.925216674805,153.833208560944,209.068481445312,0,175.455983479818,187.664362589518,0,0,170.876016235352,0,89.7725522316896,146.467366998846,171.573348999023,171.23046875,0,116.626532284719,64.0719481027254,103.662984147509,122.320421829224,0,146.58972408897,105.601147918474,133.178484787176,139.094173084606,121.561939001083,0,0,104.708753967285,118.255693134509
103.563233251851,57.8738694720798,46.1731109142303,69.5238062130508,144.721478780111,158.431744166783,149.913221789945,99.8128179644791,134.263641864578,129.474901074561,130.236774522431,49.4285791403538,189.994349888393,95.8659395094841,124.4815948084,161.983294487,103.398952679756,11.7350821015334,48.6947857117811,19.8725676329253,171.808034261068,54.3560173424341,88.5358755367318,26.8782192840973,126.42626661665,65.8910939286395,40.6367597184634,69.8321493749897,110.838223083552,107.08901972887,79.084428133627,87.7742046356201,147.557696024577,93.5936470398536,40.2086747753317,177.759976196289,97.5417620340983,116.662882046822,80.8133072853088,0,0,217.119514465332,198.322260343111,225.760090419224,157.588116455078,215.715850830078,138.344815390451,0,125.586351585388,204.113538614909,0,147.598645378562,123.686710985401,135.531393263075,122.518630005593,0,168.150054931641,134.04670630561,140.81304993168,178.064983021129,93.4380360330854,113.7955529544,111.428012360308,179.660404911748,205.223311901093,173.13810634613,136.414143880208,230.925079345703,0,140.200336921506
151.952805880843,85.0518572737531,86.8815471394857,86.5450772966657,0,102.08642578125,115.846117019653,147.959672754461,134.386660257975,165.293040188876,160.348098754883,24.4048848828596,167.311227416992,59.9249874661743,123.084251906846,146.073314666748,138.706288655599,48.6947857117811,11.2586207532989,20.6135335349095,166.843406677246,113.555479783278,115.277929782867,92.5102547705173,156.858974163349,49.61054023666,32.1933462486826,72.7372067341297,147.435776074727,108.2966463374,123.402439747042,59.858290334666,89.8946863810221,127.316923288199,61.2006488976844,0,122.664316177368,146.4075310447,85.5727920532227,0,0,0,207.407508850098,243.855911254883,195.103034973145,0,96.582762631503,0,89.9688705979732,191.721435546875,0,178.042419433594,158.151362101237,105.144778406897,126.942166646322,0,208.2275390625,107.41056060791,187.165069580078,170.881500244141,86.1791537435431,112.529724972589,106.139054401612,221.746115112305,0,208.462608337402,101.910567587995,0,0,126.869063241141
121.063777378627,62.9845888955252,67.5417106969345,69.1770911826227,164.248397827148,73.1876068115234,146.470781326294,131.502156551068,137.023543538927,140.225114686149,162.072034982535,28.1197266738662,171.63879699707,75.4066117365557,128.981006637635,170.197126116071,133.013801125919,19.8725676329253,20.6135335349095,11.1571823502162,186.982696533203,80.4051143147729,104.692315733278,54.4648604300544,146.075766578087,50.5254276580811,37.2759087747879,70.1323340575858,137.832466337416,109.969447978707,96.6435217857361,67.3944875734662,86.6375020345052,104.763815587881,41.7554084155245,197.432952880859,111.91905103411,132.833807661727,74.6190689631871,0,0,214.076431274414,198.190582275391,226.099075317383,192.503021240234,209.032363891602,126.498376464844,0,99.2164786981077,202.814987182617,0,183.885765075684,124.072700987471,111.097805307872,111.383114383095,0,166.483917236328,152.925267537435,155.584073384603,191.817546299526,80.6668566937716,107.671576516213,103.936255336124,194.737963867187,177.80782623291,181.133100891113,106.873228806716,0,179.113700866699,116.228178953513
94.685593801002,0,180.832602364676,132.872676060118,13.1834620547014,121.965151309967,42.3229032554986,67.2707247355628,85.8721842976105,61.7399574938942,17.6812132824961,148.628904796782,13.9272789407415,188.169723510742,99.8183590232903,59.4120802071135,0,171.808034261068,166.843406677246,186.982696533203,9.85156890577849,144.764965057373,125.649555969238,168.644105911255,27.6577494556814,0,193.272488064236,186.223102863018,26.3337157158458,97.3122528829631,140.757946215178,188.237998962402,131.291183938785,105.468560718355,92.690210953678,212.856480916341,0,0,79.8712659982534,27.1094639518044,0,107.09777693315,149.021581082731,155.280738103957,102.03719435067,133.584095451159,193.272506713867,23.561468713984,0,189.055229187012,85.099974738227,148.454711914062,0,0,0,62.4410425885518,195.275482177734,134.671371459961,0,112.617947707305,0,234.134140014648,203.342956542969,143.931305793867,206.903489430745,218.178756713867,0,0,0,182.236872355143
88.6543142758883,107.675367736816,60.9084817257673,56.1342024531975,0,103.802139282227,107.572971820831,67.3250510330909,117.469218629779,96.3541335353145,97.3560348510742,87.749107111068,0,139.18000708686,103.730794502027,116.917147064209,25.4149530945626,54.3560173424341,113.555479783278,80.4051143147729,144.764965057373,13.921739841829,55.2431526408086,31.1436952064516,40.926927113533,132.328460693359,110.490066065933,83.6833176166949,24.4244091348191,74.2127544527223,35.7789062142271,122.694847106934,187.002858479818,45.8836636251562,42.1218802017739,142.208266122001,0,133.024870641483,87.9014990134317,0,0,198.242050170898,164.420719528198,198.80505488469,150.103300730387,187.247955322266,180.42721303304,0,176.567077636719,167.81916179657,0,111.550849225148,165.907415072123,202.44490814209,181.785669962565,190.475708007812,120.539703699826,92.9424944983588,124.767259732239,121.392060048957,166.226587931315,166.668124970936,130.541429792132,125.547324918758,145.14893353675,121.507107716954,0,0,120.371433258057,125.219655200689
99.1223161027238,34.3992081253546,52.7184671059899,34.0958318701594,81.563840230306,0,121.324443817139,96.8947475139911,118.977767250755,26.329999996961,117.626021830241,101.524546559652,67.7442503429594,90.5119291512707,114.516342320393,79.2094561622256,34.5561882783712,88.5358755367318,115.277929782867,104.692315733278,125.649555969238,55.2431526408086,10.0019675623344,52.9394528128452,27.9832423652862,74.0582790221247,95.738146351833,46.7044403492784,51.1341672869171,84.6123950703939,64.2779399861091,113.085950176532,135.284439086914,60.033376435102,67.9700317212513,135.748756408691,154.235366821289,99.4356379407517,84.0083722715025,140.093658447266,142.384262084961,0,130.45401578961,159.041898939345,106.822186787923,140.516224543254,141.125218200684,138.388320922852,136.198948923747,147.712355804443,89.7850723266602,56.9729642639617,117.466706526907,186.981735229492,157.059093475342,131.667098999023,94.3690220461053,84.6829690933228,76.8299901165837,96.7114201472356,125.067964826311,132.564578042102,69.7262532305674,105.951073817203,126.179330896448,111.802291624008,132.133056640625,0,90.987190246582,101.541035970052
92.3863886154909,65.1135829484382,29.2343515172977,56.5669914812927,147.751881190709,125.696633232964,132.840086606469,79.579118825022,117.818402895169,112.37252395932,97.0597603835529,83.7902784926689,161.480923243931,116.384228297642,113.122058673565,132.355355482835,21.5528561324774,26.8782192840973,92.5102547705173,54.4648604300544,168.644105911255,31.1436952064516,52.9394528128452,17.4164951147924,93.9029690498374,106.687274509006,69.121204686884,49.5697638392212,48.8466621399637,100.579748789469,56.5064763816716,116.06254166051,161.917060852051,82.7988129186106,52.8998161469872,168.557763012973,136.538772583008,109.605647221318,108.403258052441,185.289810180664,139.729995727539,194.748295031096,161.557064168593,196.399340259786,152.107416938333,181.021451241629,165.356644312541,222.536100115095,167.842293294271,179.409453542609,194.798828125,103.380885002676,133.990274047852,162.061067199707,154.608190291967,213.59147644043,128.870469511225,79.3765553684099,111.701376107047,140.70897994745,133.406401316325,137.574053263985,104.38668694046,149.552864010051,178.595124090286,149.995284088656,174.085762023926,242.57071685791,129.897345648872,130.742128171419
76.2811607312245,78.8933917881728,107.863504546029,42.4117704070091,22.9650136858511,119.776632785797,65.4154595170817,57.1055332479195,83.2488987054314,19.642703089943,40.5455498853398,143.706180386427,18.2742728042372,129.607723412486,92.8547541280463,40.4432564193324,22.6310882721355,126.42626661665,156.858974163349,146.075766578087,27.6577494556814,40.926927113533,27.9832423652862,93.9029690498374,11.1817118878351,111.208802371555,124.654206804548,95.8428321436902,22.4584814675539,87.1695925643161,73.9028398028901,149.770944931928,135.544357027326,73.0667909278244,88.8607977112727,124.137159347534,189.259735107422,153.789174860174,58.0580530807435,100.020674410733,175.107381184896,122.372547513876,107.791075538186,136.769271978657,78.1869654528863,100.167806721197,195.973739624023,96.226138799517,178.976660592215,144.890651647327,101.791827837626,121.528024673462,179.837780907041,0,216.250274658203,102.625788702481,127.380752300394,101.275982185646,138.817261282853,81.3693048239276,149.837254842122,183.131241742302,151.526539251671,102.0455293972,135.859866900507,121.946539958925,209.93399810791,172.969972090288,116.869103260529,139.887416162223
185.819274902344,26.9223285990304,80.0663055651116,21.8012040298333,0,123.939102172852,131.945182800293,164.727688598633,109.53604888916,105.095581786273,170.284118652344,36.3521488762122,145.396845499674,22.5867906537798,110.878508956344,152.161196390788,113.414611816406,65.8910939286395,49.61054023666,50.5254276580811,0,132.328460693359,74.0582790221247,106.687274509006,111.208802371555,9.31921170331209,47.2867935942904,33.7455197128619,145.341325933283,109.396768640589,143.167980194092,51.3492826337785,86.7266006469727,135.526103973389,62.3553891541823,0,104.661363601685,133.985147476196,51.9208742777506,0,0,0,191.309726715088,0,156.04453531901,0,78.9186106595126,0,61.8119958102963,0,184.489372253418,0,121.476907209917,80.7934443566107,86.3748556375504,0,0,0,144.824813842773,208.854766845703,44.6442319458606,82.2771818006361,72.2865071504012,180.028391520182,212.415557861328,0,80.8657057020399,0,0,100.358898707799
116.168805604822,50.2293847207247,36.0015533555733,57.4243487975375,158.554574584961,96.3812459309896,164.259614036197,128.434131914815,144.408215819151,131.70010589418,141.366283681941,32.1450613295846,158.27256081321,42.6140372945195,133.945697625478,162.377758157664,104.065289283866,40.6367597184634,32.1933462486826,37.2759087747879,193.272488064236,110.490066065933,95.738146351833,69.121204686884,124.654206804548,47.2867935942904,18.2822122648174,37.6011260485057,124.851121367353,121.45754010548,108.11887621999,30.1318341590467,102.097692663019,120.251184546429,64.0760197530069,178.967022235577,83.6704359407778,116.596358184814,62.5999783689871,0,0,225.987606048584,201.805006118048,204.70518951416,172.420544518365,217.137218475342,104.512776447432,0,89.5897092834571,201.502678148674,0,169.249559020996,113.040525504521,108.086980834488,109.715928744587,221.34602355957,173.886292012533,125.945024544852,151.455629959106,190.116437639509,77.5514721127151,100.114060588201,98.3781410241799,191.568317614104,202.531683058966,172.03378706712,104.529635819522,0,148.462905883789,113.0748232508
129.330007117728,35.3776733222547,35.4558522986615,38.6211955262462,137.396767616272,148.179113769531,157.81063079834,119.810083089429,146.891188267299,110.699142551073,148.404922142457,66.3773047117804,146.593735694885,34.1067567976078,139.746481427043,151.859539541969,38.2553715036602,69.8321493749897,72.7372067341297,70.1323340575858,186.223102863018,83.6833176166949,46.7044403492784,49.5697638392212,95.8428321436902,33.7455197128619,37.6011260485057,18.99254912774,80.7651653844391,131.061706233669,120.354662346486,23.09277005276,123.52155939738,129.232203012489,67.5483033473923,176.30344581604,87.9724548938228,99.3604755964557,62.2971611476099,173.649948120117,0,196.664947509766,163.586617496279,187.866308951163,181.601707458496,179.756446329753,110.845363557648,213.604965209961,93.4668358670308,181.302912824031,168.947937011719,104.916976570829,114.875900710211,106.778270145885,116.444012657183,191.986729939779,135.042167839637,85.2378328250406,110.010518978951,149.509837522345,77.3945213021903,106.005094188919,97.164887610382,154.642634796857,188.575959099664,163.738363346583,108.788048309806,165.904754638672,127.441246032715,117.345731637417
77.2996251874928,99.8159341458921,78.6862200413788,49.5501732966407,14.0767172128156,122.293038504464,79.1956497420252,32.5034613416261,88.4692264729212,45.4002657269377,23.0378051690804,147.147303296374,54.3167157226021,151.55172223823,93.5833079586722,71.6887565948678,25.5302354992526,110.838223083552,147.435776074727,137.832466337416,26.3337157158458,24.4244091348191,51.1341672869171,48.8466621399637,22.4584814675539,145.341325933283,124.851121367353,80.7651653844391,12.8352450678484,83.2639049078289,44.0737793275971,161.648326966821,134.115155396638,67.9269453731671,71.7898900186639,128.410787395403,153.352275848389,149.575174347172,77.582546169475,106.670619284088,182.139251708984,143.518746176919,117.883867208822,150.057187655876,92.594098713087,123.70350668476,196.479860687256,121.12979317777,205.716854095459,148.584619228428,128.373320102692,119.259414649591,170.12920741031,210.894863128662,197.02358453924,131.356254710708,124.768090909415,89.7610124588013,139.522432138489,100.381911322243,186.208271026611,187.396418809891,142.677036667759,112.332481623899,136.160614350802,123.901312989005,0,183.422748384022,122.120717030651,138.767471541706
17.3201907258224,131.030864170619,124.643353351794,80.3453406363811,103.754699572395,24.7017985616411,58.9375146934952,67.5095634804479,31.7902370115917,79.1387924730692,93.1371507582205,76.9425358006686,103.179823009993,111.272420023002,24.6404490338773,87.0461368560791,121.549566904704,107.08901972887,108.2966463374,109.969447978707,97.3122528829631,74.2127544527223,84.6123950703939,100.579748789469,87.1695925643161,109.396768640589,121.45754010548,131.061706233669,83.2639049078289,12.6067138668407,29.115791783121,114.598767689296,11.4310820562479,19.1406707843629,36.7910020640535,158.649577549526,144.800811767578,171.393568515778,107.199506913108,138.730667877197,0,190.075742085775,152.433221769033,188.506849970136,117.555792872111,170.259625493264,205.423628125872,161.90251323155,139.036184946696,180.338909809406,131.375057220459,136.392883300781,197.926763534546,0,159.974514007568,173.704869588216,154.104222474275,122.403997320878,178.418769624498,131.922349771558,125.189880371094,175.521235851531,171.483052103143,138.709095140443,165.611279925401,148.996699333191,0,227.069691975911,144.983331044515,163.995941245949
24.5314723857726,115.859741592407,93.9379550731735,63.1091059217447,107.105194091797,127.100680033366,113.950557006033,16.2299582508173,89.8002899955301,66.0876154308953,90.3497979013543,106.779515692893,119.3740302638,161.546043032692,64.3089774743888,105.180570547921,76.6976961831789,79.084428133627,123.402439747042,96.6435217857361,140.757946215178,35.7789062142271,64.2779399861091,56.5064763816716,73.9028398028901,143.167980194092,108.11887621999,120.354662346486,44.0737793275971,29.115791783121,11.5172690454027,153.460291812294,133.54885635376,35.8095428911655,39.0980942095572,146.905049094671,171.111348470052,153.83145966401,87.4244848139146,212.876612345378,0,182.87776184082,137.274639205177,176.769627315897,108.173195440119,178.196826437245,205.795509338379,201.924201965332,197.934509277344,165.794899355386,0,115.980338396345,180.40754071404,190.830291748047,185.496231079102,215.008204142253,129.37847240935,100.313132615523,149.302040512497,118.510692978493,168.707664489746,179.014665419056,168.077261053998,124.350769425258,144.80224847122,132.489485289789,0,192.348251342773,127.262548489041,141.042682590197
148.520820617676,74.9949212827181,86.4115797494877,76.9822153891287,0,109.497978210449,156.97586517334,164.747898380931,144.638477101046,142.526573890863,179.213491439819,43.0714535150762,0,17.0380446534528,121.851083156041,190.573318481445,130.972337086995,87.7742046356201,59.858290334666,67.3944875734662,188.237998962402,122.694847106934,113.085950176532,116.06254166051,149.770944931928,51.3492826337785,30.1318341590467,23.09277005276,161.648326966821,114.598767689296,153.460291812294,8.39185503552845,105.885671615601,154.328330993652,75.6363979920097,0,115.998539515904,161.630298321064,82.9363098144531,0,0,0,197.663986206055,0,182.973976135254,242.995506286621,99.1468776628083,0,87.9601576788384,203.07292175293,0,0,153.909611293248,111.187097029252,120.044482707977,0,0,178.705123901367,142.149169921875,212.184432983398,83.3018612331814,113.867374633003,109.53664460946,0,0,220.951362609863,108.426725316931,0,211.735641479492,131.61296081543
92.0186033248901,0,167.090608596802,125.728775717995,137.301338195801,14.4019375077623,16.6770021754035,126.269836807251,21.2615524417634,135.06815579063,129.534683473649,68.5329437043932,120.090679246552,95.9707675260656,18.3808019325485,41.8361560863685,0,147.557696024577,89.8946863810221,86.6375020345052,131.291183938785,187.002858479818,135.284439086914,161.917060852051,135.544357027326,86.7266006469727,102.097692663019,123.52155939738,134.115155396638,11.4310820562479,133.54885635376,105.885671615601,5.06332607536682,88.7344983418783,37.1282949552894,193.124183654785,0,0,165.616511027018,0,0,0,199.307255045573,247.369354248047,162.018203735352,0,0,146.273193359375,0,221.961161295573,0,142.448577880859,0,0,156.76148223877,0,213.028305053711,0,200.676887512207,191.248411390516,127.325874328613,153.39485168457,0,189.983033316476,212.327034690163,196.619845920139,0,0,0,185.371109008789
83.4832805486826,113.327328999837,102.616812642415,61.1616917195293,85.0712099075317,71.7278137207031,82.5776631037394,71.2172037432271,78.5607905796596,67.0928688679845,83.327977180481,95.9387748173305,110.281217847552,154.931441170829,64.4693227965256,49.4739362140035,88.4062031832608,93.5936470398536,127.316923288199,104.763815587881,105.468560718355,45.8836636251562,60.033376435102,82.7988129186106,73.0667909278244,135.526103973389,120.251184546429,129.232203012489,67.9269453731671,19.1406707843629,35.8095428911655,154.328330993652,88.7344983418783,9.54830240851326,28.1156515203159,138.360259246826,0,169.357903616769,94.2858949141069,224.360382080078,0,156.758232116699,133.755059388307,174.780698029891,100.945897420247,158.415158952985,199.849652099609,119.651069641113,0,164.599180167062,172.614135742188,95.2901947021484,154.977996826172,203.159530639648,0,0,118.80348407521,107.360558509827,143.923823928833,117.826760839243,0,177.21549987793,171.403707330877,120.520543077985,146.277390987315,127.479974931989,0,0,119.816763305664,143.756738789876
81.9986224632479,58.4485255539148,59.0874631417877,65.8948053655265,98.1365158081055,34.1598776245117,59.4206318434147,93.0864061446025,52.0325193049179,92.0173242213362,91.0769520853902,27.5554601100898,100.411187232487,68.5659068006499,49.0502524556854,72.5217133422396,76.1894104213067,40.2086747753317,61.2006488976844,41.7554084155245,92.690210953678,42.1218802017739,67.9700317212513,52.8998161469872,88.8607977112727,62.3553891541823,64.0760197530069,67.5483033473923,71.7898900186639,36.7910020640535,39.0980942095572,75.6363979920097,37.1282949552894,28.1156515203159,11.8494914579875,154.037756486373,105.414324951172,109.313277080894,91.1727401271011,127.762654622396,0,182.978103637695,155.959673376127,192.916625976562,148.170956611633,174.936073303223,138.72473487854,167.389052391052,103.517109432736,182.175229729546,135.384674072266,113.025594571742,122.865805073788,123.400624015115,122.66498894527,161.92822265625,124.962294761581,91.4981154508369,124.308786464108,131.30971685832,90.8686253091563,113.485973760596,109.346708796942,142.264049927617,163.453860170701,139.401465922863,132.584783554077,207.06520690918,140.09797668457,136.507761973255
149.94227959128,194.064575195312,160.930959848257,116.232130940755,84.9765930175781,205.478652954102,175.969092475043,140.246057713285,167.413220182378,102.920931302584,150.769648415702,210.461601257324,145.81654103597,0,166.354540586472,142.933303833008,0,177.759976196289,0,197.432952880859,212.856480916341,142.208266122001,135.748756408691,168.557763012973,124.137159347534,0,178.967022235577,176.30344581604,128.410787395403,158.649577549526,146.905049094671,0,193.124183654785,138.360259246826,154.037756486373,12.0565104732055,118.706295776367,109.233629573475,70.1282972990577,80.5506509145101,95.8717079162598,84.1552242186011,30.3510826102878,63.9391839799802,72.1717557943092,66.7442646933146,129.424176131623,96.7212909575432,139.217892628796,20.7757202482407,110.082832336426,93.3530936468215,113.65915813446,136.300121013935,122.831943110416,89.4014891190962,81.9044442218283,81.2675089980617,104.312552921356,78.9870801114324,0,126.501346990929,124.140501491359,78.368304613833,20.2728751770207,36.2355715015311,153.305583408901,79.3616491464468,35.3079601984758,72.5971777058761
0,79.5952008565267,84.8407601928711,27.4197800159454,0,0,0,146.074867248535,230.912384033203,0,201.24292755127,109.915690104167,0,101.330850601196,204.985855102539,0,126.123291015625,97.5417620340983,122.664316177368,111.91905103411,0,0,154.235366821289,136.538772583008,189.259735107422,104.661363601685,83.6704359407778,87.9724548938228,153.352275848389,144.800811767578,171.111348470052,115.998539515904,0,0,105.414324951172,118.706295776367,8.93749855523808,46.5650637198363,14.7468074093456,243.639450073242,112.924934387207,128.912490844727,124.960159810384,168.296070445668,76.2343193010099,135.311290740967,76.7893475049163,0,51.6195380651194,143.648084200346,120.453117370605,66.7921097148548,59.3976380880123,77.8679593404134,66.446433280496,0,91.2282752037048,20.2533664873169,65.5779568197156,73.6871453147521,25.8710215533645,53.9974983711105,30.8372849587454,108.660686146129,127.162530517578,105.63925797972,69.4039434591929,181.343673706055,131.867482503255,62.4565344819235
