12744,6,255,360,10,2,43,9530,805,635,314,67,25,13,9441,17,10,717,29,126,73,130,37,1122,628,1,340,368,866,15656,5303,2,8,26,177,17,0,29,23,1,1,5,215,31,27,10,2,0,1,96,1,1,2,0,4,1,3,3,20,115,0,18,45,246,113,86,1,3,7,29
6,3548,391,853,0,0,2,10,6,372,2,136,2,1033,17,46,54,576,41,266,0,10,1751,147,357,3196,1045,9296,54,35,40,76,0,6,442,1,3,26,10,0,0,0,1,1,0,3,5,1,25,0,0,0,9,6,12,0,0,2,3,2,13,105,134,4,0,3,2,0,0,3
255,391,22612,608,3,0,53,2496,485,86,215,299,2,93,533,18,41,3210,75,414,7,358,368,14982,252,33,17312,20203,1912,190,302,173,4,15,917,13,50,2900,77,2,0,11,118,32,8,18,19,1,18,61,0,50,543,16,88,1,25,28,464,42,8,1685,3141,120,33,51,13,2,3,136
360,853,608,424,10,5,81,1011,494,711,177,111,10,610,608,44,2514,372,35,133,29,2532,819,2461,1727,1808,567,4645,1939,702,1651,31,11,177,478,15,8,102,59,2,0,3,94,19,10,22,7,4,37,32,1,25,31,4,22,7,36,4,61,100,34,237,298,167,56,99,9,0,9,21
10,0,3,10,9407,3,530,79,105,103,4814,1,2431,0,114,92,0,3,0,1,16719,0,3,7,2397,0,5,8,11517,170,9,0,2,8,55,1,0,1,12,591,0,16,52,16,18,113,0,192,0,7,6,0,0,0,0,313,1,0,2,82,0,0,3,193,5,2,0,1,0,4
2,0,0,5,3,6506,1819,11,2269,20,12,30,28,8,241,2184,0,7,2,1,16,1,0,9,16,1,3,10,14,350,3,1,3718,3,325,3,0,0,2,0,0,0,9,1,0,0,0,0,1,0,0,0,0,0,0,0,0,0,0,2,0,0,2,8,2,2,0,0,0,0
43,2,53,81,530,1819,82235,2644,34123,202,21097,68,28172,13,2569,4153,1,31,4,4,3715,8,10,101,593,2,84,49,452,690,38,5,2201,18,351,9,0,9,16,25,1,17,185,44,14,144,1,102,0,49,1,1,1,1,0,35,3,0,6,133,0,2,10,212,47,20,0,0,1,6
9530,10,2496,1011,79,11,2644,99164,4614,2069,28400,272,781,91,6028,175,15,766,22,104,126,646,130,6471,5276,5,1878,1075,19624,3077,14489,41,40,155,464,94,2,152,153,156,3,180,1812,496,140,962,16,159,4,512,8,22,20,2,3,198,24,11,193,1037,3,43,230,2053,510,280,0,14,26,116
805,6,485,494,105,2269,34123,4614,100736,845,6128,393,1691,72,40850,1512,3,346,33,79,975,66,44,842,1699,8,473,280,1461,4442,408,34,4429,35,1152,94,1,52,76,28,2,84,1039,308,56,242,12,54,2,313,2,4,5,0,0,41,9,6,35,498,2,21,53,1018,294,161,0,11,14,56
635,372,86,711,103,20,202,2069,845,11287,537,129,669,498,1056,1360,8,107,11,56,136,54,2454,202,10017,438,168,1365,2035,1394,1324,43,19,242,295,13,0,9,57,25,0,11,186,32,43,91,1,40,13,42,15,3,3,2,0,32,10,4,22,201,2,26,45,230,82,88,1,1,8,13
314,2,215,177,4814,12,21097,28400,6128,537,122993,54,9259,12,1964,298,0,49,1,13,13673,15,15,431,4315,2,187,89,9016,2138,95,8,31,44,455,14,2,20,112,412,3,240,1099,322,103,1575,7,405,5,127,30,3,6,1,3,464,7,4,14,1094,3,7,25,1394,80,17,0,7,1,25
67,136,299,111,1,30,68,272,393,129,54,70786,20,9116,928,23,28,888,9802,3204,21,168,240,494,164,868,7948,2762,231,791,445,2323,180,140,6113,4,9,35,12,0,0,1,22,2,4,1,68,0,385,5,0,2,7,45,28,1,3,1,16,13,48,269,278,21,6,9,64,0,0,9
25,2,2,10,2431,28,28172,781,1691,669,9259,20,61876,13,820,2404,1,7,5,5,20698,0,21,14,2487,3,11,32,451,562,19,0,49,7,252,3,0,0,14,96,0,63,23,33,18,160,0,2366,0,12,18,0,0,0,0,131,0,0,1,55,1,0,1,58,4,3,0,0,0,3
13,1033,93,610,0,8,13,91,72,498,12,9116,13,26489,158,37,26,124,607,266,4,9,1068,70,346,5216,1738,9574,86,102,42,6253,34,7,698,0,8,30,23,0,0,1,5,1,5,1,179,2,1132,0,0,0,9,82,41,0,0,7,11,7,102,408,465,5,0,0,118,0,0,9
9441,17,533,608,114,241,2569,6028,40850,1056,1964,928,820,158,103107,158,8,1024,91,249,1269,198,97,1625,1908,27,864,735,2424,18606,2404,70,4964,174,2609,96,2,64,66,8,0,32,946,175,69,62,11,22,8,301,2,2,11,1,2,16,27,11,55,478,6,36,85,1034,367,370,2,6,27,73
17,46,18,44,92,2184,4153,175,1512,1360,298,23,2404,37,158,6804,3,16,2,7,236,10,105,26,950,27,29,187,159,92,35,4,181,43,67,1,0,1,5,2,0,0,15,4,2,4,0,8,0,6,2,0,0,0,0,2,0,0,1,12,1,5,4,15,3,1,1,0,1,0
10,54,41,2514,0,0,1,15,3,8,0,28,1,26,8,3,12417,78,3,17,0,3879,11469,12684,2057,5,134,5112,4649,6,296,12,0,11,383,0,1,88,32,0,0,1,16,2,0,3,3,0,0,5,0,770,11,1,2,0,159,93,2151,50,0,19,336,81,22,64,0,0,5,19
717,576,3210,372,3,7,31,766,346,107,49,888,7,124,1024,16,78,12395,906,7533,3,930,291,15301,267,82,7979,8834,546,902,2854,150,6,104,2594,5,24,468,64,0,0,2,26,7,5,3,14,0,40,15,0,17,158,18,86,0,14,18,124,22,56,1063,1064,54,32,32,9,1,0,41
29,41,75,35,0,2,4,22,33,11,1,9802,5,607,91,2,3,906,6745,6278,6,26,32,128,13,398,5290,1307,24,87,103,644,6,13,561,0,4,11,1,0,0,0,2,1,2,0,44,0,171,1,0,2,6,43,21,0,1,1,6,1,38,224,231,5,0,2,47,0,0,7
126,266,414,133,1,1,4,104,79,56,13,3204,5,266,249,7,17,7533,6278,14417,3,176,77,1083,65,375,8890,3984,72,344,680,436,6,49,2650,3,14,74,28,0,0,1,11,4,4,2,20,0,98,3,0,5,47,67,95,0,2,3,18,7,106,879,754,15,10,10,26,0,2,39
73,0,7,29,16719,16,3715,126,975,136,13673,21,20698,4,1269,236,0,3,6,3,11413,4,5,20,2012,0,9,13,4622,1529,19,2,49,21,415,3,0,0,39,418,0,33,74,21,29,195,1,776,0,4,9,2,0,0,0,150,1,1,0,148,0,1,2,146,12,9,0,0,0,3
130,10,358,2532,0,1,8,646,66,54,15,168,0,9,198,10,3879,930,26,176,4,74406,2299,26097,720,1,132,1187,9136,676,20133,5,3,425,11335,21,0,161,61,0,0,2,40,13,6,4,6,0,2,40,0,332,24,2,3,1,646,108,766,190,3,42,168,354,121,538,0,0,36,99
37,1751,368,819,3,0,10,130,44,2454,15,240,21,1068,97,105,11469,291,32,77,5,2299,9804,4821,9098,994,408,9026,2370,225,1066,65,1,118,672,7,1,94,27,2,1,0,33,9,3,12,5,1,30,10,2,334,19,3,8,1,59,18,649,65,7,67,547,95,27,62,1,0,3,12
1122,147,14982,2461,7,9,101,6471,842,202,431,494,14,70,1625,26,12684,15301,128,1083,20,26097,4821,96805,711,18,4310,25230,9388,1089,7889,76,14,182,8948,44,13,3105,109,1,1,19,408,98,17,35,24,7,15,190,1,2260,225,15,39,6,534,282,10823,305,6,446,5424,708,105,234,4,2,9,152
628,357,252,1727,2397,16,593,5276,1699,10017,4315,164,2487,346,1908,950,2057,267,13,65,2012,720,9098,711,57938,270,525,2841,21052,2610,2427,51,28,610,737,104,1,66,253,275,6,199,1768,417,226,1234,14,241,14,412,24,36,21,0,4,345,58,27,127,1371,6,51,161,2470,527,524,4,11,39,107
1,3196,33,1808,0,1,2,5,8,438,2,868,3,5216,27,27,5,82,398,375,0,1,994,18,270,6649,1091,5817,33,27,24,323,1,4,212,0,4,8,12,0,0,0,4,0,3,0,33,0,229,0,2,0,11,31,32,0,0,0,2,1,51,185,253,3,1,0,27,0,0,7
340,1045,17312,567,5,3,84,1878,473,168,187,7948,11,1738,864,29,134,7979,5290,8890,9,132,408,4310,525,1091,104835,34894,1301,516,599,5686,22,46,2964,13,108,550,159,0,0,4,42,10,18,4,197,0,621,33,0,15,336,258,419,1,15,35,100,21,417,5314,4046,38,21,52,176,0,2,163
368,9296,20203,4645,8,10,49,1075,280,1365,89,2762,32,9574,735,187,5112,8834,1307,3984,13,1187,9026,25230,2841,5817,34894,104700,4127,518,942,8661,12,83,7407,24,153,5150,463,4,0,22,288,111,30,45,193,5,799,213,2,469,881,285,437,3,130,183,2660,118,464,5425,9673,299,63,142,191,1,1,312
866,54,1912,1939,11517,14,452,19624,1461,2035,9016,231,451,86,2424,159,4649,546,24,72,4622,9136,2370,9388,21052,33,1301,4127,118128,4560,13972,41,54,1078,2375,204,4,246,236,199,1,182,2290,464,184,887,20,179,8,643,16,164,38,4,11,172,274,100,586,1737,4,64,429,3566,1041,1434,0,21,106,234
15656,35,190,702,170,350,690,3077,4442,1394,2138,791,562,102,18606,92,6,902,87,344,1529,676,225,1089,2610,27,516,518,4560,105860,12449,56,6041,7216,4354,77,1,32,87,10,0,18,636,112,60,49,14,14,6,208,2,9,8,0,4,12,54,19,36,458,5,47,76,1096,403,512,0,3,24,91
5303,40,302,1651,9,3,38,14489,408,1324,95,445,19,42,2404,35,296,2854,103,680,19,20133,1066,7889,2427,24,599,942,13972,12449,81599,19,20,2013,7522,79,3,74,170,3,0,5,404,71,55,23,12,2,2,207,0,140,34,2,5,3,376,110,185,649,2,62,138,1397,568,1157,0,7,90,199
2,76,173,31,0,1,5,41,34,43,8,2323,0,6253,70,4,12,150,644,436,2,5,65,76,51,323,5686,8661,41,56,19,5359,8,2,460,0,7,13,4,0,0,0,1,0,2,2,51,0,228,1,0,0,7,33,16,0,0,1,1,3,36,233,231,0,0,2,54,0,1,9
8,0,4,11,2,3718,2201,40,4429,19,31,180,49,34,4964,181,0,6,6,6,49,3,1,14,28,1,22,12,54,6041,20,8,9487,6,906,4,0,0,3,0,0,0,15,1,1,0,0,1,0,3,0,1,0,0,2,0,1,0,2,9,1,1,0,28,11,9,0,0,0,1
26,6,15,177,8,3,18,155,35,242,44,140,7,7,174,43,11,104,13,49,21,425,118,182,610,4,46,83,1078,7216,2013,2,6,8467,1821,10,0,7,22,1,0,2,111,23,6,7,5,1,0,35,1,10,2,1,0,0,34,8,20,122,0,6,11,233,94,175,0,0,15,15
177,442,917,478,55,325,351,464,1152,295,455,6113,252,698,2609,67,383,2594,561,2650,415,11335,672,8948,737,212,2964,7407,2375,4354,7522,460,906,1821,35421,33,15,437,66,3,0,6,217,25,8,24,20,8,74,90,1,123,76,22,58,2,99,43,451,149,69,673,959,355,136,222,20,5,20,53
17,1,13,15,1,3,9,94,94,13,14,4,3,0,96,1,0,5,0,3,3,21,7,44,104,0,13,24,204,77,79,0,4,10,33,4701,5,44,335,24,4,41,6768,484,265,263,158,31,53,8334,6,21,120,13,38,55,115,66,126,536,0,161,122,1365,8193,2997,7,26,52,257
0,3,50,8,0,0,0,2,1,0,2,9,0,8,2,0,1,24,4,14,0,0,1,13,1,4,108,153,4,1,3,7,0,0,15,5,7763,933,871,1,1,2,30,11,346,2,73,0,914,26,1,55,606,27,170,0,40,2387,263,374,3539,1939,8720,33,15,73,96,1,3,218
29,26,2900,102,1,0,9,152,52,9,20,35,0,30,64,1,88,468,11,74,0,161,94,3105,66,8,550,5150,246,32,74,13,0,7,437,44,933,27126,859,10,2,85,2313,541,153,229,461,10,237,647,6,215,5158,169,610,6,657,826,13579,386,20,22432,18666,1982,117,315,113,7,8,391
23,10,77,59,12,2,16,153,76,57,112,12,14,23,66,5,32,64,1,28,39,61,27,109,253,12,159,463,236,87,170,4,3,22,66,335,871,859,572,83,3,133,2153,424,436,411,61,70,1055,872,18,1898,287,25,115,91,862,1014,2049,2774,2387,948,4162,2966,1419,2437,23,20,172,400
1,0,2,2,591,0,25,156,28,25,412,0,96,0,8,2,0,0,0,0,418,0,2,1,275,0,0,4,199,10,3,0,0,1,3,24,1,10,83,12224,3,247,219,204,198,6019,7,2265,1,171,79,1,2,1,1,16551,4,3,6,4047,0,6,0,9063,195,16,0,7,7,43
1,0,0,0,0,0,1,3,2,0,3,0,0,0,0,0,0,0,0,0,0,0,1,1,6,0,0,0,1,0,0,0,0,0,0,4,1,2,3,3,5254,4301,16,894,1,20,29,21,4,126,3604,1,1,0,0,10,5,0,13,11,0,2,0,18,191,5,0,1448,1,138
5,0,11,3,16,0,17,180,84,11,240,1,63,1,32,0,1,2,0,1,33,2,0,19,199,0,4,22,182,18,5,0,0,2,6,41,2,85,133,247,4301,69808,3197,32507,911,16839,111,17601,14,1399,5075,1,27,5,12,3078,35,9,47,931,2,116,34,1320,306,29,3,2155,1,228
215,1,118,94,52,9,185,1812,1039,186,1099,22,23,5,946,15,16,26,2,11,74,40,33,408,1768,4,42,288,2290,636,404,1,15,111,217,6768,30,2313,2153,219,16,3197,94729,8290,1976,23876,434,474,116,16263,119,63,1108,56,282,269,3025,178,4030,4721,9,1511,923,32902,5454,11839,20,108,95,841
31,1,32,19,16,1,44,496,308,32,322,2,33,1,175,4,2,7,1,4,21,13,9,98,417,0,10,111,464,112,71,0,1,23,25,484,11,541,424,204,894,32507,8290,81494,395,16415,843,3361,120,28801,519,12,163,21,43,1811,222,72,363,933,1,557,171,2534,2258,298,13,5184,11,1101
27,0,8,10,18,0,14,140,56,43,103,4,18,5,69,2,0,5,2,4,29,6,3,17,226,3,18,30,184,60,55,2,1,6,8,265,346,153,436,198,1,911,1976,395,7619,546,42,1700,463,570,1427,20,177,15,65,236,79,1987,119,10268,809,521,1319,2221,1118,1394,12,15,104,234
10,3,18,22,113,0,144,962,242,91,1575,1,160,1,62,4,3,3,0,2,195,4,12,35,1234,0,4,45,887,49,23,2,0,7,24,263,2,229,411,6019,20,16839,23876,16415,546,105844,105,18333,16,6523,301,3,42,4,21,15082,122,19,170,2125,5,136,39,11572,1384,94,3,80,16,383
2,5,19,7,0,0,1,16,12,1,7,68,0,179,11,0,3,14,44,20,1,6,5,24,14,33,197,193,20,14,12,51,0,5,20,158,73,461,61,7,29,111,434,843,42,105,49062,64,7147,1748,14,23,1234,5081,3095,49,240,46,830,68,173,5741,1268,184,735,479,1994,429,18,6539
0,1,1,4,192,0,102,159,54,40,405,0,2366,2,22,8,0,0,0,0,776,0,1,7,241,0,0,5,179,14,2,0,1,1,8,31,0,10,70,2265,21,17601,474,3361,1700,18333,64,72074,7,899,5151,1,7,2,6,24322,7,6,6,2358,1,17,18,1876,236,12,0,75,1,161
1,25,18,37,0,1,0,4,2,13,5,385,0,1132,8,0,0,40,171,98,0,2,30,15,14,229,621,799,8,6,2,228,0,0,74,53,914,237,1055,1,4,14,116,120,463,16,7147,7,28926,269,6,24,69,558,236,4,41,321,170,162,3346,2148,6830,56,78,81,4723,27,0,298
96,0,61,32,7,0,49,512,313,42,127,5,12,0,301,6,5,15,1,3,4,40,10,190,412,0,33,213,643,208,207,1,3,35,90,8334,26,647,872,171,126,1399,16263,28801,570,6523,1748,899,269,112217,75,36,427,68,175,945,410,181,638,1429,16,1110,480,3677,15886,1989,24,3364,131,3704
1,0,0,1,6,0,1,8,2,15,30,0,18,0,2,2,0,0,0,0,9,0,2,1,24,2,0,2,16,2,0,0,0,1,1,6,1,6,18,79,3604,5075,119,519,1427,301,14,5151,6,75,11110,0,4,0,2,479,1,29,4,932,10,21,33,191,50,9,0,191,2,15
1,0,50,25,0,0,1,22,4,3,3,2,0,0,2,0,770,17,2,5,2,332,334,2260,36,0,15,469,164,9,140,0,1,10,123,21,55,215,1898,1,1,1,63,12,20,3,23,1,24,36,0,23116,201,8,43,0,7010,8513,10362,3654,18,580,5117,1430,59,624,14,2,22,363
2,9,543,31,0,0,1,20,5,3,6,7,0,9,11,0,11,158,6,47,0,24,19,225,21,11,336,881,38,8,34,7,0,2,76,120,606,5158,287,2,1,27,1108,163,177,42,1234,7,69,427,4,201,16525,569,6034,3,805,399,12633,241,26,5533,6136,530,150,1105,28,9,16,2235
0,6,16,4,0,0,1,2,0,2,1,45,0,82,1,0,1,18,43,67,0,2,3,15,0,31,258,285,4,0,2,33,0,1,22,13,27,169,25,1,0,5,56,21,15,4,5081,2,558,68,0,8,569,5551,6308,3,46,26,233,20,239,7804,1483,19,26,96,760,5,1,533
4,12,88,22,0,0,0,3,0,0,3,28,0,41,2,0,2,86,21,95,0,3,8,39,4,32,419,437,11,4,5,16,2,0,58,38,170,610,115,1,0,12,282,43,65,21,3095,6,236,175,2,43,6034,6308,15222,5,161,109,1121,68,240,8509,2909,103,92,328,145,23,8,4066
1,0,1,7,313,0,35,198,41,32,464,1,131,0,16,2,0,0,0,0,150,1,1,6,345,0,1,3,172,12,3,0,0,0,2,55,0,6,91,16551,10,3078,269,1811,236,15082,49,24322,4,945,479,0,3,3,5,8737,6,2,3,3298,0,5,0,5819,448,19,0,54,5,170
3,0,25,36,1,0,3,24,9,10,7,3,0,0,27,0,159,14,1,2,1,646,59,534,58,0,15,130,274,54,376,0,1,34,99,115,40,657,862,4,5,35,3025,222,79,122,240,7,41,410,1,7010,805,46,161,6,81880,1308,31344,1268,14,298,1165,11322,748,22440,4,9,1615,7626
3,2,28,4,0,0,0,11,6,4,4,1,0,7,11,0,93,18,1,3,1,108,18,282,27,0,35,183,100,19,110,1,0,8,43,66,2387,826,1014,3,0,9,178,72,1987,19,46,6,321,181,29,8513,399,26,109,2,1308,11992,2653,6292,661,1045,9564,1170,357,1391,41,6,108,394
20,3,464,61,2,0,6,193,35,22,14,16,1,11,55,1,2151,124,6,18,0,766,649,10823,127,2,100,2660,586,36,185,1,2,20,451,126,263,13579,2049,6,13,47,4030,363,119,170,830,6,170,638,4,10362,12633,233,1121,3,31344,2653,95224,1638,27,5316,16965,8536,358,5413,47,9,298,4671
115,2,42,100,82,2,133,1037,498,201,1094,13,55,7,478,12,50,22,1,7,148,190,65,305,1371,1,21,118,1737,458,649,3,9,122,149,536,374,386,2774,4047,11,931,4721,933,10268,2125,68,2358,162,1429,932,3654,241,20,68,3298,1268,6292,1638,43212,273,721,2610,25337,2594,3597,16,42,308,701
0,13,8,34,0,0,0,3,2,2,3,48,1,102,6,1,0,56,38,106,0,3,7,6,6,51,417,464,4,5,2,36,1,0,69,0,3539,20,2387,0,0,2,9,1,809,5,173,1,3346,16,10,18,26,239,240,0,14,661,27,273,3799,925,4373,24,7,14,70,1,1,111
18,105,1685,237,0,0,2,43,21,26,7,269,0,408,36,5,19,1063,224,879,1,42,67,446,51,185,5314,5425,64,47,62,233,1,6,673,161,1939,22432,948,6,2,116,1511,557,521,136,5741,17,2148,1110,21,580,5533,7804,8509,5,298,1045,5316,721,925,120441,34523,850,245,547,6615,14,8,1716
45,134,3141,298,3,2,10,230,53,45,25,278,1,465,85,4,336,1064,231,754,2,168,547,5424,161,253,4046,9673,429,76,138,231,0,11,959,122,8720,18666,4162,0,0,34,923,171,1319,39,1268,18,6830,480,33,5117,6136,1483,2909,0,1165,9564,16965,2610,4373,34523,101672,1976,207,694,2979,12,27,2819
246,4,120,167,193,8,212,2053,1018,230,1394,21,58,5,1034,15,81,54,5,15,146,354,95,708,2470,3,38,299,3566,1096,1397,0,28,233,355,1365,33,1982,2966,9063,18,1320,32902,2534,2221,11572,184,1876,56,3677,191,1430,530,19,103,5819,11322,1170,8536,25337,24,850,1976,126285,6019,15426,10,106,673,2047
113,0,33,56,5,2,47,510,294,82,80,6,4,0,367,3,22,32,0,10,12,121,27,105,527,1,21,63,1041,403,568,0,11,94,136,8193,15,117,1419,195,191,306,5454,2258,1118,1384,735,236,78,15886,50,59,150,26,92,448,748,357,358,2594,7,245,207,6019,94040,7698,12,6722,6526,4672
86,3,51,99,2,2,20,280,161,88,17,9,3,0,370,1,64,32,2,10,9,538,62,234,524,0,52,142,1434,512,1157,2,9,175,222,2997,73,315,2437,16,5,29,11839,298,1394,94,479,12,81,1989,9,624,1105,96,328,19,22440,1391,5413,3597,14,547,694,15426,7698,65494,16,18,1403,7347
1,2,13,9,0,0,0,0,0,1,0,64,0,118,2,1,0,9,47,26,0,0,1,4,4,27,176,191,0,0,0,54,0,0,20,7,96,113,23,0,0,3,20,13,12,3,1994,0,4723,24,0,14,28,760,145,0,4,41,47,16,70,6615,2979,10,12,16,4922,6,0,144
3,0,2,0,1,0,0,14,11,1,7,0,0,0,6,0,0,1,0,0,0,0,0,2,11,0,0,1,21,3,7,0,0,0,5,26,1,7,20,7,1448,2155,108,5184,15,80,429,75,27,3364,191,2,9,5,23,54,9,6,9,42,1,14,12,106,6722,18,6,10750,10,1683
7,0,3,9,0,0,1,26,14,8,1,0,0,0,27,1,5,0,0,2,0,36,3,9,39,0,2,1,106,24,90,1,0,15,20,52,3,8,172,7,1,1,95,11,104,16,18,1,0,131,2,22,16,1,8,5,1615,108,298,308,1,8,27,673,6526,1403,0,10,4736,1946
29,3,136,21,4,0,6,116,56,13,25,9,3,9,73,0,19,41,7,39,3,99,12,152,107,7,163,312,234,91,199,9,1,15,53,257,218,391,400,43,138,228,841,1101,234,383,6539,161,298,3704,15,363,2235,533,4066,170,7626,394,4671,701,111,1716,2819,2047,4672,7347,144,1683,1946,37366
