9.03720265262573,132.153190612793,88.1877569069892,55.890333095067,71.3624489466349,79.1971038818359,47.3909856630064,31.8129660564894,10.8322020088883,52.8509836196899,28.1464550451745,134.139943037883,71.8440744798262,142.667613220215,9.0930598691498,57.7296679360526,82.3152570222554,94.9119243076869,139.859603518531,124.826549282322,71.2945637813834,75.4287584838867,70.1174640140018,73.4309016565048,59.5786795291034,0,108.763585323095,115.003220671699,38.1063934551156,8.58288557935159,18.697483752237,147.019934517997,91.0543594360352,20.5562738855201,78.2591960865964,0,0,148.38688659668,0,0,0,0,119.701585943049,155.427398681641,0,146.176498413086,0,72.237673441569,0,169.589053344727,0,0,201.606552124023,0,242.571380615234,0,0,0,142.627651759556,119.687214660645,0,0,155.264718306692,122.85611000061,141.188893636068,128.925514221191,0,0,0,126.354637145996
132.153190612793,5.47418699266859,28.1823694362975,5.93477208087092,0,0,121.310684204102,104.452037811279,124.434387207031,56.7139411296659,134.016052246094,55.4417060216268,83.4307250976562,45.4280377810763,0,103.8020362854,51.2902336120605,46.6295969748084,120.841438293457,58.6401617867606,0,71.7783266703288,14.5834917260673,55.5413027445475,55.7305628843982,20.1520446202942,34.3321081684929,25.9162880876245,88.1217549641927,127.091833932059,76.4246196746826,60.585620880127,0,88.8503036499023,50.3049357919132,143.227989196777,75.7312138875325,55.2944804705106,40.725522518158,0,0,0,118.296806335449,156.696975708008,0,0,105.466144561768,0,59.0106544494629,160.175235748291,0,86.4566345214844,67.815862201509,95.5869064331055,88.3939933776855,0,118.539741516113,94.2012691497803,80.4532452901204,144.140062967936,53.6692749023438,64.3693329894427,58.5705038414406,151.655405680339,152.364547729492,0,94.857551574707,0,0,62.2276079389784
88.1877569069892,28.1823694362975,9.46702552489424,33.0795256471459,113.793316650391,148.43913269043,120.501759322648,83.2388914974696,105.985085437172,101.278770446777,101.134004280784,75.1418544568514,111.365389506022,70.3076225113083,112.073857655245,137.279754638672,55.1621124226114,26.5209921893412,72.9144798625599,71.1958202506011,154.068717956543,49.2738671001162,31.6180960843518,20.0378779177922,86.1254744529724,141.966331481934,19.0211993302941,22.1006721959774,56.813791126051,95.4741044208921,55.120388829933,68.2769460356637,153.863922119141,99.9373864291007,51.6760545312313,153.136895613237,88.0700143512927,77.1950415127632,106.972205797831,0,0,173.308685302734,143.465939921717,164.009279334027,0,157.798333740234,129.19034576416,0,140.179580688477,162.680137634277,0,95.8786901746477,87.5631238109661,130.033281326294,107.699426923479,0,103.370596492992,67.7128220654409,85.4821936608812,140.323430148038,157.383010864258,92.8227867126465,78.0837326475763,127.598187898335,156.044729232788,121.702387376265,122.066558837891,0,133.442581176758,85.9361607990568
55.890333095067,5.93477208087092,33.0795256471459,22.5581718952425,63.9109651139639,98.0759680611747,79.6520547037539,50.4969590125059,70.6067369433417,10.3908970257558,74.0907592100256,75.8031588467685,65.5106914520264,50.5516982078552,71.2966089778476,64.7009357876248,26.288399766797,52.5402739388602,94.4305152893066,57.2026834745665,71.9079457062941,44.2926630406766,15.4740610385684,45.7763340356215,29.6439230723692,22.4431851755374,41.9050954573336,28.2901907778156,41.8554376503956,58.2666885869966,44.1009962496746,63.4708855946859,102.430221557617,46.9554098942241,61.0483920365861,77.2973664177789,57.7060117721558,48.0702677071095,54.23913251786,94.7304174488988,0,93.3606915907426,67.2467047352331,99.2526486714681,44.8537918840136,86.6274623394012,134.869869777134,89.8324327468872,68.4049758911133,102.616095284435,79.0708541870117,54.7022780832255,80.9367561340332,131.626418304443,159.593704223633,92.1621686150046,60.8020496033786,42.8550416306604,56.0959489445486,53.9234240425683,30.5661951700846,71.3010763804118,57.6522177254281,62.6234454459885,91.4942245483398,62.7400581487552,186.366897583008,182.508544921875,73.5690035138811,72.860628306071
71.3624489466349,0,113.793316650391,63.9109651139639,7.98102077863586,126.439998626709,59.3297884646018,48.8427277705708,66.9788831510042,56.8136343894067,24.5316925027019,157.101715087891,14.6850662781497,168.04328918457,88.496708132186,75.3482060432434,78.4227917989095,139.539138793945,0,0,10.8985545343707,97.8008308410645,78.2652773649796,95.0022777981228,20.5525569997222,0,156.786118356805,150.326187133789,13.00750363315,77.6612209807661,64.460542678833,0,145.083236694336,72.6562904061623,87.4591942596436,113.2907371521,0,0,81.3798370361328,8.34706869393602,0,84.0113948822022,140.642587549546,110.425127029419,102.335061209542,62.3507842816805,133.631439208984,16.479897508206,0,107.659917195638,78.2709102630615,128.561325073242,0,158.87272644043,0,10.3362112942807,0,0,0,113.144399989735,0,0,218.339378356934,97.3556174834569,118.731008257185,127.099411010742,0,126.748695373535,94.6252288818359,102.626555306571
79.1971038818359,0,148.43913269043,98.0759680611747,126.439998626709,7.26023521864693,10.7008104959916,111.622246265411,16.3384205780754,75.5231139443137,103.142437962123,50.9256824146618,100.975513009464,130.059217453003,24.6782741842879,16.3549141540748,0,0,0,197.939300537109,106.811301491477,106.431259155273,85.3248062133789,117.411628723145,88.3603031760768,0,149.472778320312,94.8773371378581,105.16241200765,20.6800512874519,0,0,8.85627611222378,115.543034553528,28.424308991647,0,0,0,0,0,0,204.730102539062,152.562271118164,184.842468261719,0,0,0,110.854759216309,0,0,0,0,0,0,0,0,0,0,0,0,0,0,0,170.52734375,0,0,0,0,0,151.985748291016
47.3909856630064,121.310684204102,120.501759322648,79.6520547037539,59.3297884646018,10.7008104959916,9.15765789312866,50.5014724865548,16.1362524907393,55.0406446139018,30.3495280501026,164.924652273005,18.1892524941204,172.595556640625,16.8173990589195,10.8225622967474,93.6825004577637,145.080131530762,0,156.925300598145,50.4077999660248,104.393351963588,100.688175201416,108.021660804749,56.3098503028919,0,146.720014691353,133.972362942166,51.0250721509243,27.4856355681178,77.5980781208385,194.955665588379,14.346690809383,76.9808962495177,41.4756054755766,0,0,0,0,123.545457628038,0,164.471956041124,144.381132454708,181.824005126953,110.898551940918,164.687933603923,0,69.5528225317234,0,177.644386291504,0,0,0,0,196.647033691406,97.2971360342843,0,160.768203735352,177.050926208496,135.263218688965,0,0,165.289133707682,144.179784533004,197.370910644531,141.303123474121,0,0,0,157.862602233887
31.8129660564894,104.452037811279,83.2388914974696,50.4969590125059,48.8427277705708,111.622246265411,50.5014724865548,9.1738223486459,46.5761756065085,44.1988430906225,12.9140529901971,142.752028942108,34.700692536401,142.894306564331,60.6533503252527,68.1001502766329,52.2054366077166,96.9251814035269,140.818454742432,130.017530441284,52.8801762986891,59.269550732861,59.5984511412391,70.022677600024,41.3533571335732,0,115.031620017769,93.0632326435241,16.6157149489095,40.2201607488904,11.7318813114538,145.401186625163,109.302068074544,50.1688385299245,70.6452977348404,130.644711494446,0,143.06596883138,126.611152648926,142.155221026877,0,143.985554695129,114.282825149108,150.932395935059,125.810806274414,131.818370912133,190.29931640625,134.150821685791,220.749114990234,155.714363574982,152.570587158203,135.746879577637,0,0,0,130.177355957031,118.929737091064,151.487609863281,142.162773132324,104.794329804801,0,218.043548583984,149.118251800537,113.470498430556,141.467429325498,118.212080383301,0,224.572128295898,119.712604522705,140.698220570882
10.8322020088883,124.434387207031,105.985085437172,70.6067369433417,66.9788831510042,16.3384205780754,16.1362524907393,46.5761756065085,8.56494883064341,64.0031406909104,21.5153625682452,152.270410105387,51.8082119345587,160.582817077637,11.7671665847005,28.9949804904554,84.2846381777809,117.88829758588,159.744655609131,149.664029521327,66.1708799607492,90.0584274927775,96.8452170141812,97.4418922364712,50.8144481523545,0,134.360379649796,130.640563820893,56.7889301902369,20.5328121167898,64.3663208132885,164.418978604403,13.0428798342276,68.171770715306,47.0147432632232,141.672693888346,221.005416870117,179.839731852214,67.0715026855469,126.570423126221,0,157.023745218913,131.211539301379,163.100982666016,125.681481497628,145.528759589562,209.977966308594,96.9837917600359,0,176.489852905273,0,152.828155517578,0,0,0,84.5257059733073,140.534774780273,143.842742919922,180.780014038086,120.904535060976,0,189.486129760742,158.244705200195,133.443304838958,162.713175964355,138.689040289985,0,0,157.883846282959,158.303730010986
52.8509836196899,56.7139411296659,101.278770446777,10.3908970257558,56.8136343894067,75.5231139443137,55.0406446139018,44.1988430906225,64.0031406909104,6.29859909526997,68.3281454980621,114.563823699951,14.421883835937,111.728598745246,66.1483823888442,14.5895085949543,30.9483012908544,145.032028198242,0,0,46.1776364119157,54.7536160318475,27.7151393052191,64.9130053312882,15.708416404942,85.6958927578396,121.721151351929,86.5116353620563,42.1592242542283,58.470451492447,45.2238812495753,0,0,46.7585169228401,63.1648072259767,83.5696258544922,116.339378356934,0,66.9427108764648,103.07654876709,0,97.1900768280029,93.0134654045105,121.466453552246,59.7435455322266,104.17166519165,0,92.3580532073975,0,105.23709564209,0,81.4830932617188,0,0,0,108.038246154785,0,108.485218048096,108.27840423584,72.4597696246523,121.840873718262,0,198.124649047852,89.2800414652764,107.71838923863,91.4886825561523,0,0,0,102.361358642578
28.1464550451745,134.016052246094,101.134004280784,74.0907592100256,24.5316925027019,103.142437962123,30.3495280501026,12.9140529901971,21.5153625682452,68.3281454980621,9.33343119437728,161.514584859212,21.3078034328939,147.182017008464,30.3930820376391,65.7673726192741,77.0035884380341,120.29643758138,146.432769775391,158.011344909668,19.1441679087211,81.8519679338504,77.1722110203334,87.800601348877,40.7740908680737,0,137.588152872721,117.101824786212,20.1326736329649,69.9659078655222,49.9389714513506,0,111.676176888602,64.7370417855219,81.5125166765556,115.308319091797,171.233612060547,0,193.814506530762,93.9301228196654,0,155.386911392212,137.873088908645,173.25099029541,119.466160044951,155.843915666853,206.543746948242,39.4452445297241,0,192.720562744141,132.158737182617,177.496170043945,0,244.264862060547,0,85.4521940350533,0,184.13671875,166.999015808105,124.986087512684,0,0,162.250903320312,142.980764080229,178.365920122932,164.300300598145,0,242.429336547852,0,193.16333770752
134.139943037883,55.4417060216268,75.1418544568514,75.8031588467685,157.101715087891,50.9256824146618,164.924652273005,142.752028942108,152.270410105387,114.563823699951,161.514584859212,10.4176668149599,0,14.6376856351048,156.493951670329,177.596519470215,108.806692504883,41.0371985391289,22.051992176593,16.0574083297869,0,94.659955335467,84.0664190476941,72.9315045226513,131.443997192383,22.9247241899643,21.9289820970558,46.4153709297571,122.874981641769,90.8925791796516,94.9332523415814,22.3343790049342,56.9423341751099,114.491223602295,29.5273589371926,0,78.3886726379395,143.945660182408,62.3610186576843,0,0,0,0,0,152.347274780273,0,82.3879056294759,0,68.0434939476751,136.342910766602,0,166.095336914062,146.690872192383,94.8482933044434,110.025131225586,0,0,112.487274169922,153.087120056152,150.612869262695,51.5761263479594,103.768889109294,104.930499893298,0,0,165.333190917969,90.2015462239583,0,0,130.285133361816
71.8440744798262,83.4307250976562,111.365389506022,65.5106914520264,14.6850662781497,100.975513009464,18.1892524941204,34.700692536401,51.8082119345587,14.421883835937,21.3078034328939,0,8.18479506591513,0,70.4945651542511,9.11450926345506,0,0,0,0,12.1149320700074,101.46780090332,74.0871947152274,106.803675333659,20.9279460594605,0,212.26586151123,132.828030904134,39.2786991684253,78.9696153923697,90.5985145568848,178.380828857422,107.377855028425,76.7128557477679,79.8375838686983,0,0,0,174.967292785645,31.2783113818571,0,88.2944641113281,133.88049252828,135.617725372314,86.3132834434509,149.373583706942,0,10.2411146394278,0,170.756121317546,144.979629516602,0,0,0,0,10.996113307484,0,0,0,112.570303387112,0,0,0,136.375679651896,128.365348815918,149.105072021484,0,0,0,115.226470947266
142.667613220215,45.4280377810763,70.3076225113083,50.5516982078552,168.04328918457,130.059217453003,172.595556640625,142.894306564331,160.582817077637,111.728598745246,147.182017008464,14.6376856351048,0,6.71509261856119,161.868818803267,0,0,73.4234486897787,40.172065893809,43.6109353579008,0,120.843521118164,67.4142398436864,103.645558054854,132.065375010173,14.6327007228445,16.4184915255903,21.8949166137425,132.021901298972,102.888837655385,118.789175614067,9.88284445448265,81.4175186157227,130.491011301676,38.6171470374596,0,89.9939781637753,138.811176300049,43.3930541868132,0,0,0,0,108.663986206055,143.136627197266,0,70.313651175726,184.351119995117,66.0488129235133,199.903991699219,0,0,159.38370513916,89.9034129175647,98.4974644978841,0,0,105.228634516398,155.473388671875,162.300042894151,50.6898778509325,89.0353223205243,92.7578924768339,0,0,226.235855102539,87.1954853481717,0,0,116.271196365356
9.0930598691498,0,112.073857655245,71.2966089778476,88.496708132186,24.6782741842879,16.8173990589195,60.6533503252527,11.7671665847005,66.1483823888442,30.3930820376391,156.493951670329,70.4945651542511,161.868818803267,6.17213383249166,20.6233661938183,83.9769123622349,122.378886994861,168.892616271973,150.548603602818,75.9122670102848,94.5730917794364,96.5986906687419,94.9892447335379,71.2722076895349,0,131.673064138375,139.619593471951,67.7614025989724,11.350126876587,13.0342328542659,162.965522766113,8.05574096790434,75.5670156478882,36.8633819032223,193.737945556641,0,159.259300231934,0,91.0499038696289,0,172.275405883789,139.020501817976,153.766016642253,106.422325134277,153.591135660807,229.375579833984,99.7718362808228,0,148.139999389648,0,0,0,0,0,92.4276911417643,141.854164123535,0,0,127.906380821677,0,0,164.858871459961,135.749005181449,187.840377807617,126.197128295898,0,0,0,0
57.7296679360526,103.8020362854,137.279754638672,64.7009357876248,75.3482060432434,16.3549141540748,10.8225622967474,68.1001502766329,28.9949804904554,14.5895085949543,65.7673726192741,177.596519470215,9.11450926345506,0,20.6233661938183,7.40933876163129,0,111.339508056641,0,0,60.7154507864089,0,78.3828061421712,107.740367889404,34.3892036742634,0,134.154915618896,127.685024261475,66.1331762918612,23.0832195621155,80.8890228271484,0,38.558968944826,36.5276005268097,28.4746904053144,0,0,0,0,0,0,115.779502868652,0,0,67.2881317138672,119.776611328125,0,65.8748664855957,0,0,0,0,0,0,0,0,0,0,0,116.213685777452,0,0,0,137.650413513184,0,0,0,0,157.553894042969,0
82.3152570222554,51.2902336120605,55.1621124226114,26.288399766797,78.4227917989095,0,93.6825004577637,52.2054366077166,84.2846381777809,30.9483012908544,77.0035884380341,108.806692504883,0,0,83.9769123622349,0,9.86760688550785,78.9660382461548,115.532295227051,96.8967433505588,0,20.8731101567543,24.2793010206503,14.2359811204828,12.3260634314154,0,95.3064727783203,25.5079898007242,31.7903453876628,65.5119216732863,50.1145419616241,107.795382181803,0,57.1918537433331,60.2763274249845,109.194250106812,0,94.9651766690341,0,81.1807708740234,0,0,121.988251495361,120.883014678955,0,0,0,0,0,142.889780680339,0,87.8904856363932,161.215526580811,0,143.892425537109,0,91.7249089876811,77.29833984375,86.2390663679256,91.5933613777161,0,129.450469970703,106.520266871299,89.9998889791554,112.41183980306,96.5480031552522,0,0,108.283386230469,108.237624168396
94.9119243076869,46.6295969748084,26.5209921893412,52.5402739388602,139.539138793945,0,145.080131530762,96.9251814035269,117.88829758588,145.032028198242,120.29643758138,41.0371985391289,0,73.4234486897787,122.378886994861,111.339508056641,78.9660382461548,8.40049062230817,64.1125661823112,18.9409929923615,0,47.9788850560441,63.5301328741986,16.8934160928351,101.407194840281,0,20.3949986805289,54.3978456700543,78.311859269073,84.8699820403459,67.3880158746522,86.4208855628967,0,88.3282341480255,36.6004058194239,0,0,91.8619152671412,67.0714902877808,0,0,216.529708862305,156.859410603841,0,0,0,131.453598022461,0,0,213.238204956055,0,112.474300384521,106.189441680908,130.884658813477,109.52282333374,0,124.788080215454,105.950650024414,105.568425496419,0,0,101.771673564669,94.838420404452,0,0,0,140.839904785156,0,183.161735534668,101.403798555073
139.859603518531,120.841438293457,72.9144798625599,94.4305152893066,0,0,0,140.818454742432,159.744655609131,0,146.432769775391,22.051992176593,0,40.172065893809,168.892616271973,0,115.532295227051,64.1125661823112,7.9755107516267,9.32003726280183,0,112.647004560991,112.883117675781,95.9120457690695,130.933517456055,44.5119075775146,14.6457091118521,68.5323768762442,120.921055385045,137.554739518599,113.894398752848,32.85760588873,0,115.046524047852,54.8091332682498,0,0,134.998107910156,0,0,0,0,0,0,0,0,106.233879089355,0,88.8512344360352,0,0,0,0,118.047840118408,0,0,0,0,0,0,78.4286956787109,106.631360190255,110.709725379944,0,0,0,0,0,0,0
124.826549282322,58.6401617867606,71.1958202506011,57.2026834745665,0,197.939300537109,156.925300598145,130.017530441284,149.664029521327,0,158.011344909668,16.0574083297869,0,43.6109353579008,150.548603602818,0,96.8967433505588,18.9409929923615,9.32003726280183,7.26771195449946,0,87.3435013723556,96.7721084594727,52.0078307279874,122.997131347656,31.8514220897968,11.4076669976114,65.8864336699891,118.733541341928,108.645063273112,97.4185564046451,47.1081186758505,0,103.411786521353,37.1241502933225,0,0,141.030489603678,114.632068634033,0,0,0,0,0,0,0,0,0,112.596385192871,0,0,0,131.357580184937,115.522123336792,98.131763458252,0,0,0,124.763674418132,0,90.113151550293,93.6362817698512,101.307238057454,184.756622314453,0,0,117.929214477539,0,0,120.488624572754
71.2945637813834,0,154.068717956543,71.9079457062941,10.8985545343707,106.811301491477,50.4077999660248,52.8801762986891,66.1708799607492,46.1776364119157,19.1441679087211,0,12.1149320700074,0,75.9122670102848,60.7154507864089,0,0,0,0,10.6932166834295,104.896392822266,86.3990936279297,135.384765625,21.964102844828,0,177.468256632487,108.968688964844,29.1354856765857,76.820578093576,72.8121185302734,0,134.107166290283,70.0516719502478,79.9133741813794,0,0,0,84.208402633667,25.0011141796907,0,157.703702059659,139.727829566369,191.075569152832,93.3522801399231,154.010330200195,0,10.6092570073309,0,182.610753377279,120.859420776367,0,0,0,0,10.5609030674176,0,0,194.793014526367,118.589498631159,0,0,0,146.184422016144,186.934761047363,212.455612182617,0,0,0,189.565719604492
75.4287584838867,71.7783266703288,49.2738671001162,44.2926630406766,97.8008308410645,106.431259155273,104.393351963588,59.269550732861,90.0584274927775,54.7536160318475,81.8519679338504,94.659955335467,101.46780090332,120.843521118164,94.5730917794364,0,20.8731101567543,47.9788850560441,112.647004560991,87.3435013723556,104.896392822266,10.7739399101012,42.274337866487,18.7226061001133,38.3503646155893,0,80.7787568545239,76.4558147016324,28.3847114021031,61.5435939764048,19.7464493711897,123.178427378337,0,44.8403887262392,42.2287985310857,110.536228179932,0,110.109720458984,198.781463623047,0,0,0,117.602602958679,154.264099121094,0,0,0,0,0,132.380945841471,0,97.9775384396923,148.344581604004,0,0,203.131683349609,104.53151361993,91.9918621608189,98.8726403372628,103.593491617839,0,136.794332504272,116.451664123535,102.230090122597,150.274002075195,104.769373137375,0,0,100.053783416748,129.374685287476
70.1174640140018,14.5834917260673,31.6180960843518,15.4740610385684,78.2652773649796,85.3248062133789,100.688175201416,59.5984511412391,96.8452170141812,27.7151393052191,77.1722110203334,84.0664190476941,74.0871947152274,67.4142398436864,96.5986906687419,78.3828061421712,24.2793010206503,63.5301328741986,112.883117675781,96.7721084594727,86.3990936279297,42.274337866487,7.16196964569937,36.0979146927335,23.1115363806641,43.6380059868949,85.1676295927201,27.9092691140938,51.2380782248859,61.608799977089,46.1939441774053,86.4377670288086,0,56.678048160341,54.2421036301998,113.717508951823,49.991886138916,51.5298410958617,58.0663172473078,121.331214904785,0,155.010894775391,96.7262386565513,130.171964009603,91.8539225260417,115.452897071838,160.00496673584,109.60920715332,85.1372273763021,124.042098999023,0,51.6321837405472,84.4591274261475,110.812034606934,104.426414489746,183.127502441406,65.2358391182554,29.6706915954491,52.2125506859737,80.9308997613412,90.9624481201172,105.791253662109,50.1511591418759,75.087853664822,128.741371154785,82.3364352057962,106.210563659668,0,0,64.7908905347188
73.4309016565048,55.5413027445475,20.0378779177922,45.7763340356215,95.0022777981228,117.411628723145,108.021660804749,70.022677600024,97.4418922364712,64.9130053312882,87.800601348877,72.9315045226513,106.803675333659,103.645558054854,94.9892447335379,107.740367889404,14.2359811204828,16.8934160928351,95.9120457690695,52.0078307279874,135.384765625,18.7226061001133,36.0979146927335,11.2242790816937,39.932239080666,0,56.9183145292715,46.2253624104548,34.4417966204364,73.2883060725048,38.737520636655,110.435200500488,105.163188934326,75.1761498567535,41.5417735680383,183.668701171875,97.8814010620117,95.3154981283149,113.419315883092,0,0,188.717300415039,135.721945408412,174.569137573242,122.092140197754,151.22216796875,165.601150512695,0,0,198.141372680664,0,90.4266177636606,109.303694588797,0,125.545387268066,0,101.294997758763,74.2253772405189,90.9038801433659,113.040108446805,139.641494750977,118.73488974064,93.5112818786364,111.933786453739,164.906912231445,108.400859069824,188.398239135742,201.545059204102,143.352773666382,104.594327654157
59.5786795291034,55.7305628843982,86.1254744529724,29.6439230723692,20.5525569997222,88.3603031760768,56.3098503028919,41.3533571335732,50.8144481523545,15.708416404942,40.7740908680737,131.443997192383,20.9279460594605,132.065375010173,71.2722076895349,34.3892036742634,12.3260634314154,101.407194840281,130.933517456055,122.997131347656,21.964102844828,38.3503646155893,23.1115363806641,39.932239080666,8.85426532944123,0,126.043187982896,58.0534850371362,17.3482324288184,58.2878972775416,46.4250308788262,0,98.9965915679932,49.9529167556016,60.7386993005579,116.858579946119,149.949099222819,134.524626413981,69.9730267805212,113.248054140824,0,129.526807069778,103.732085647335,133.044203290288,66.3415720007393,121.642328056775,199.508491516113,97.303119703343,216.858329772949,144.040151913961,93.9685442019732,114.488871060885,186.642086791992,226.85969543457,230.832275390625,102.562581592136,106.984721097079,122.23322614034,127.698538346724,83.4290357144858,134.248397827148,186.029337565104,153.99501154973,103.414276904098,133.428502094315,101.662914321002,0,180.029281616211,110.919208780924,124.879549231896
0,20.1520446202942,141.966331481934,22.4431851755374,0,0,0,0,0,85.6958927578396,0,22.9247241899643,0,14.6327007228445,0,0,0,0,44.5119075775146,31.8514220897968,0,0,43.6380059868949,0,0,6.54339103964144,44.2577902849983,15.6157262409592,0,51.8971405029297,0,38.7939990588597,0,0,38.6807396411896,0,64.9569782930262,148.091557820638,26.6516885594425,0,0,0,0,0,128.786371866862,0,58.4982273646763,0,51.8756696918109,0,0,0,69.8021869659424,73.8693361282349,69.4451495083896,0,0,88.0057813204252,0,140.30573103163,37.3460295659415,65.5652589569822,70.0868245826827,0,0,0,71.9047215779622,0,0,106.312864303589
108.763585323095,34.3321081684929,19.0211993302941,41.9050954573336,156.786118356805,149.472778320312,146.720014691353,115.031620017769,134.360379649796,121.721151351929,137.588152872721,21.9289820970558,212.26586151123,16.4184915255903,131.673064138375,134.154915618896,95.3064727783203,20.3949986805289,14.6457091118521,11.4076669976114,177.468256632487,80.7787568545239,85.1676295927201,56.9183145292715,126.043187982896,44.2577902849983,8.87817383857852,19.5994087962201,88.6738235982888,106.198183507702,82.1080484446994,17.916960623067,81.7834625244141,109.036968963315,47.9848883013404,192.003952026367,111.501440320696,90.9741603549164,98.5863452911377,0,0,0,170.660736083984,177.304219563802,192.357940673828,0,112.576822280884,0,90.3733969849425,186.327173868815,0,144.050498962402,93.953742254348,104.220368003845,95.557323854361,0,152.493850708008,108.157939910889,119.018417531794,186.439730834961,68.5608353450381,87.0575468724757,90.851457605221,169.520527430943,173.209548950195,141.819882202148,103.932220303282,0,152.723999023438,95.4171656440286
115.003220671699,25.9162880876245,22.1006721959774,28.2901907778156,150.326187133789,94.8773371378581,133.972362942166,93.0632326435241,130.640563820893,86.5116353620563,117.101824786212,46.4153709297571,132.828030904134,21.8949166137425,139.619593471951,127.685024261475,25.5079898007242,54.3978456700543,68.5323768762442,65.8864336699891,108.968688964844,76.4558147016324,27.9092691140938,46.2253624104548,58.0534850371362,15.6157262409592,19.5994087962201,10.5232132111097,70.6672084185974,108.666946668883,90.4524913116771,21.9733233791101,77.116569519043,109.672514742897,59.7090910894905,151.613525390625,92.6891322835287,78.2971846515914,79.0959186553955,0,0,192.842196146647,141.309522335346,165.97021484375,172.337911605835,146.09666633606,101.747274470509,0,79.234198401956,161.976974834095,115.003173828125,97.044134018269,92.1942360316825,99.4856602704083,98.7686508067333,157.381896972656,108.116624430606,66.5241145529942,87.5507164073102,153.099009978466,61.4101211655308,87.2861464900769,84.9863105166511,130.605245726449,171.140197753906,126.78395170324,95.6686233757691,0,144.056999206543,91.5735810688564
38.1063934551156,88.1217549641927,56.813791126051,41.8554376503956,13.00750363315,105.16241200765,51.0250721509243,16.6157149489095,56.7889301902369,42.1592242542283,20.1326736329649,122.874981641769,39.2786991684253,132.021901298972,67.7614025989724,66.1331762918612,31.7903453876628,78.311859269073,120.921055385045,118.733541341928,29.1354856765857,28.3847114021031,51.2380782248859,34.4417966204364,17.3482324288184,0,88.6738235982888,70.6672084185974,11.1449329221662,55.74787230262,20.5892934904817,135.994334538778,131.241180419922,54.3912500782425,60.1907517751058,116.735206168039,0,126.29439570109,110.281870269775,110.943826824427,0,143.067404648353,114.740544989035,146.323449543544,106.448561948888,133.958653934666,183.038909912109,119.082256998335,206.083770751953,152.416792019931,196.793991088867,110.167591752677,147.545864105225,0,192.983001708984,129.391174008769,126.737098693848,123.47779083252,118.585282241242,91.4771506737862,228.184799194336,155.692224502563,117.883508570054,108.68756892731,141.498813265846,105.76230875651,218.260040283203,177.52116394043,117.94333114624,126.8901653755
8.58288557935159,127.091833932059,95.4741044208921,58.2666885869966,77.6612209807661,20.6800512874519,27.4856355681178,40.2201607488904,20.5328121167898,58.470451492447,69.9659078655222,90.8925791796516,78.9696153923697,102.888837655385,11.350126876587,23.0832195621155,65.5119216732863,84.8699820403459,137.554739518599,108.645063273112,76.820578093576,61.5435939764048,61.608799977089,73.2883060725048,58.2878972775416,51.8971405029297,106.198183507702,108.666946668883,55.74787230262,7.17488965885302,20.4825440331046,147.170777638753,10.5722849231512,10.1598232062685,30.4915772459148,135.433483123779,0,128.121793111165,155.544464111328,128.071258544922,0,179.966171264648,131.609399074978,169.630499267578,124.363085428874,161.986768086751,243.491027832031,87.6846864761845,0,159.97367640904,0,146.956596374512,126.535797119141,212.607437133789,0,126.797686004639,100.358654022217,118.135097503662,154.742749023438,125.600202995434,0,230.961181640625,153.445422036307,129.369597434998,160.270506117079,125.119415283203,0,0,138.997648239136,153.243853251139
18.697483752237,76.4246196746826,55.120388829933,44.1009962496746,64.460542678833,0,77.5980781208385,11.7318813114538,64.3663208132885,45.2238812495753,49.9389714513506,94.9332523415814,90.5985145568848,118.789175614067,13.0342328542659,80.8890228271484,50.1145419616241,67.3880158746522,113.894398752848,97.4185564046451,72.8121185302734,19.7464493711897,46.1939441774053,38.737520636655,46.4250308788262,0,82.1080484446994,90.4524913116771,20.5892934904817,20.4825440331046,9.72366623169599,117.33859034947,0,32.4664027154254,37.9589819757654,113.021114349365,0,124.676410198212,182.318923950195,0,0,149.102081298828,127.443952941895,149.670941162109,0,147.977600097656,0,131.267349243164,0,140.764587402344,0,97.9941133771624,140.236862182617,0,166.257186889648,0,103.704783439636,77.1429036458333,121.010598863874,104.720564079285,0,143.944956461589,119.773536364237,99.2868041992188,129.127685546875,103.439535661177,0,0,111.85640335083,106.027479171753
147.019934517997,60.585620880127,68.2769460356637,63.4708855946859,0,0,194.955665588379,145.401186625163,164.418978604403,0,0,22.3343790049342,178.380828857422,9.88284445448265,162.965522766113,0,107.795382181803,86.4208855628967,32.85760588873,47.1081186758505,0,123.178427378337,86.4377670288086,110.435200500488,0,38.7939990588597,17.916960623067,21.9733233791101,135.994334538778,147.170777638753,117.33859034947,9.04214069252635,0,132.708061218262,61.3590316553225,0,123.888140360514,0,95.6362088521322,0,0,0,0,0,0,0,101.60810143607,0,83.6782155244247,0,0,0,147.562301635742,103.998272705078,147.309158325195,0,0,117.215965270996,0,0,69.8830367931421,100.065160996843,103.366024517191,0,0,0,100.855942862374,0,0,116.647521972656
91.0543594360352,0,153.863922119141,102.430221557617,145.083236694336,8.85627611222378,14.346690809383,109.302068074544,13.0428798342276,0,111.676176888602,56.9423341751099,107.377855028425,81.4175186157227,8.05574096790434,38.558968944826,0,0,0,0,134.107166290283,0,0,105.163188934326,98.9965915679932,0,81.7834625244141,77.116569519043,131.241180419922,10.5722849231512,0,0,4.61718525320093,142.51789855957,35.6119152777536,0,0,0,0,0,0,0,0,0,0,0,0,0,0,0,0,0,0,0,0,0,0,0,0,0,0,0,0,218.656707763672,0,0,0,0,0,0
20.5562738855201,88.8503036499023,99.9373864291007,46.9554098942241,72.6562904061623,115.543034553528,76.9808962495177,50.1688385299245,68.171770715306,46.7585169228401,64.7370417855219,114.491223602295,76.7128557477679,130.491011301676,75.5670156478882,36.5276005268097,57.1918537433331,88.3282341480255,115.046524047852,103.411786521353,70.0516719502478,44.8403887262392,56.678048160341,75.1761498567535,49.9529167556016,0,109.036968963315,109.672514742897,54.3912500782425,10.1598232062685,32.4664027154254,132.708061218262,142.51789855957,6.66633574164442,46.7021671022688,100.332332611084,0,0,115.930549621582,127.502988179525,164.024047851562,183.392150878906,118.671123195339,150.18187713623,100.180122375488,140.733245849609,183.796737670898,78.4145253499349,0,144.437286376953,184.47380065918,132.439923604329,0,0,0,137.924911499023,97.1189880371094,137.20866394043,138.983568191528,110.287952021549,0,0,142.162879943848,116.169594192505,149.441453552246,103.588960920061,0,0,112.746187845866,134.616438293457
78.2591960865964,50.3049357919132,51.6760545312313,61.0483920365861,87.4591942596436,28.424308991647,41.4756054755766,70.6452977348404,47.0147432632232,63.1648072259767,81.5125166765556,29.5273589371926,79.8375838686983,38.6171470374596,36.8633819032223,28.4746904053144,60.2763274249845,36.6004058194239,54.8091332682498,37.1241502933225,79.9133741813794,42.2287985310857,54.2421036301998,41.5417735680383,60.7386993005579,38.6807396411896,47.9848883013404,59.7090910894905,60.1907517751058,30.4915772459148,37.9589819757654,61.3590316553225,35.6119152777536,46.7021671022688,12.4580512249836,161.741842269897,97.3223648071289,98.3335400819778,122.621685345968,126.505828857422,0,154.648708888463,136.23392857732,172.792189121246,167.920227050781,160.125553131104,69.8320007324219,96.1928568522135,132.012119293213,172.813911437988,134.423309326172,120.633650716146,106.631773772063,0,144.403831481934,93.9044914245605,105.944936116536,78.9268035888672,105.261898193359,129.757370595857,60.4519567489624,115.766909984832,96.4770032391277,134.550468444824,164.174466874864,143.00978905814,78.8436228434245,0,160.329360961914,130.599259512765
0,143.227989196777,153.136895613237,77.2973664177789,113.2907371521,0,0,130.644711494446,141.672693888346,83.5696258544922,115.308319091797,0,0,0,193.737945556641,0,109.194250106812,0,0,0,0,110.536228179932,113.717508951823,183.668701171875,116.858579946119,0,192.003952026367,151.613525390625,116.735206168039,135.433483123779,113.021114349365,0,0,100.332332611084,161.741842269897,9.92026705891116,110.230693817139,92.2472777531065,64.2604958268463,92.2945293850369,80.0451469421387,97.2054795485276,28.7228601627877,33.1035602016517,59.4039314844275,66.1400715683817,118.285994710376,96.968148651123,125.351289476667,20.149577687417,36.9015502929688,88.5233764648438,93.9029569714158,127.406617712787,114.097031170169,87.5731195722308,65.704371992364,67.3180794892488,84.3579948188723,69.2108854004381,158.188674926758,108.493051313543,112.724244259998,64.8567807943441,16.9720556397771,25.4668932473144,133.102851867676,80.4111415638643,23.609867533048,54.989967001217
0,75.7312138875325,88.0700143512927,57.7060117721558,0,0,0,0,221.005416870117,116.339378356934,171.233612060547,78.3886726379395,0,89.9939781637753,0,0,0,0,0,0,0,0,49.991886138916,97.8814010620117,149.949099222819,64.9569782930262,111.501440320696,92.6891322835287,0,0,0,123.888140360514,0,0,97.3223648071289,110.230693817139,6.50664122155877,40.6446201446209,22.2243065063512,0,0,0,115.565465291341,129.164140701294,67.2972726081181,0,54.2890363420759,87.4998245239258,41.892704379174,140.367849349976,99.2196511162652,61.9850929684109,46.331199456315,71.4617876052857,53.0485075632731,0,71.2308095296224,19.2383482344769,60.6821116903554,73.6628034553351,20.6031137029651,46.3910571023616,30.8169807351135,89.666801040237,114.943496704102,104.915260314941,60.0200149218241,0,0,56.1134720254452
148.38688659668,55.2944804705106,77.1950415127632,48.0702677071095,0,0,0,143.06596883138,179.839731852214,0,0,143.945660182408,0,138.811176300049,159.259300231934,0,94.9651766690341,91.8619152671412,134.998107910156,141.030489603678,0,110.109720458984,51.5298410958617,95.3154981283149,134.524626413981,148.091557820638,90.9741603549164,78.2971846515914,126.29439570109,128.121793111165,124.676410198212,0,0,0,98.3335400819778,92.2472777531065,40.6446201446209,9.79258545981172,38.9222314604239,172.893840789795,160.47883605957,119.068282134342,82.5230103763863,106.164841572444,93.2307250976562,101.061540998262,85.5626249975088,171.760729471842,91.8650278837785,107.369639682187,119.805047988892,84.9360975182575,35.3519033874406,76.0770193883615,60.6645563873085,174.482154846191,59.2677905529663,39.8136578897329,26.1573565941876,103.642307387458,156.511154174805,26.0955328662163,22.4024655746632,70.3100033862125,117.925086325275,72.1086809370253,88.5129576462966,156.070819561298,97.77015431722,49.363561433568
0,40.725522518158,106.972205797831,54.23913251786,81.3798370361328,0,0,126.611152648926,67.0715026855469,66.9427108764648,193.814506530762,62.3610186576843,174.967292785645,43.3930541868132,0,0,0,67.0714902877808,0,114.632068634033,84.208402633667,198.781463623047,58.0663172473078,113.419315883092,69.9730267805212,26.6516885594425,98.5863452911377,79.0959186553955,110.281870269775,155.544464111328,182.318923950195,95.6362088521322,0,115.930549621582,122.621685345968,64.2604958268463,22.2243065063512,38.9222314604239,25.9048547171927,81.289124080113,0,90.4941537791285,62.0056891951171,90.4398372155109,29.2740005201567,81.9646118678404,54.1950672221056,76.9408842387952,39.4607332721693,90.0755940669001,84.1799235873752,42.4887544199292,54.6485800061907,73.1261518378007,66.569445462571,83.5812879562378,51.4893739656253,30.5444200866341,45.1815780198848,35.8997617554728,14.5336122747381,46.0746858189407,37.5977600645261,49.763619937183,80.508922178534,50.0751603420516,60.0322980378803,115.221267700195,57.7610364167587,56.8887645637288
0,0,0,94.7304174488988,8.34706869393602,0,123.545457628038,142.155221026877,126.570423126221,103.07654876709,93.9301228196654,0,31.2783113818571,0,91.0499038696289,0,81.1807708740234,0,0,0,25.0011141796907,0,121.331214904785,0,113.248054140824,0,0,0,110.943826824427,128.071258544922,0,0,0,127.502988179525,126.505828857422,92.2945293850369,0,172.893840789795,81.289124080113,8.35637221544195,159.867233276367,68.278585702945,96.273090131355,95.1351703438708,69.4407595175284,32.0611679169082,146.662041346232,32.0238634135335,156.690187454224,116.730559086895,66.333993204524,0,0,156.703860473633,151.012532552083,12.151377981252,172.348556518555,109.540031433105,150.370536804199,22.4054194768487,173.624382019043,168.678770065308,136.299008687337,17.3636061454037,103.230677874583,150.59130859375,0,133.754674094064,100.777158260345,102.788484524458
0,0,0,0,0,0,0,0,0,0,0,0,0,0,0,0,0,0,0,0,0,0,0,0,0,0,0,0,0,0,0,0,0,164.024047851562,0,80.0451469421387,0,160.47883605957,0,159.867233276367,5.93414806309211,9.30595095635752,110.134596082899,12.4090579104802,49.0589913262261,107.7705804734,66.2288959644459,90.5358664901168,76.4942611694336,35.6387727188825,14.028113843551,0,0,144.551483154297,92.2784957885742,109.488934603604,86.5703353881836,108.070369720459,152.200347900391,74.8094979422433,0,179.822845458984,159.960945129395,117.152557849884,24.3698254565935,112.062911987305,99.9577178955078,11.350321472021,0,36.1880032857259
0,0,173.308685302734,93.3606915907426,84.0113948822022,204.730102539062,164.471956041124,143.985554695129,157.023745218913,97.1900768280029,155.386911392212,0,88.2944641113281,0,172.275405883789,115.779502868652,0,216.529708862305,0,0,157.703702059659,0,155.010894775391,188.717300415039,129.526807069778,0,0,192.842196146647,143.067404648353,179.966171264648,149.102081298828,0,0,183.392150878906,154.648708888463,97.2054795485276,0,119.068282134342,90.4941537791285,68.278585702945,9.30595095635752,9.62629087726194,58.2790680822351,15.1070921918304,55.8843079980437,35.789386116954,107.707821533743,28.2724498723319,112.656082879929,55.0099268069361,13.4954269579538,117.774982452393,143.372356912364,142.102167765299,144.663196563721,54.1310471299418,114.438201904297,119.028343200684,113.14229087307,54.1819861279552,0,147.592587890625,140.190301454984,65.0133891192394,54.5796671860321,100.940345518051,133.302982330322,16.2417809865183,94.3874488406711,79.8009104097271
119.701585943049,118.296806335449,143.465939921717,67.2467047352331,140.642587549546,152.562271118164,144.381132454708,114.282825149108,131.211539301379,93.0134654045105,137.873088908645,0,133.88049252828,0,139.020501817976,0,121.988251495361,156.859410603841,0,0,139.727829566369,117.602602958679,96.7262386565513,135.721945408412,103.732085647335,0,170.660736083984,141.309522335346,114.740544989035,131.609399074978,127.443952941895,0,0,118.671123195339,136.23392857732,28.7228601627877,115.565465291341,82.5230103763863,62.0056891951171,96.273090131355,110.134596082899,58.2790680822351,10.121442779666,56.484118232278,57.2724412676314,16.438711188183,132.379752745111,102.871383285522,145.849722685637,36.1469708631913,74.5309201876322,83.3721580505371,94.7503203730429,135.577797515483,117.88329759156,101.85947227478,64.5741667353121,83.0216633064159,66.8359169108869,55.218217226871,140.407831827799,114.869711797073,101.206448398937,27.3616457819361,75.1954878850372,22.515856113408,165.268099975586,119.050542247539,65.7584610503653,73.3631125275586
