11.0378640578921,143.836040496826,112.128896853624,75.997587808288,89.4616697615936,101.044597625732,108.339101395517,38.587757549883,65.1003288269043,70.0824418977408,90.0224586433196,125.240623655773,103.589279739945,140.172571818034,23.1506229814865,126.986746470133,119.50485695733,103.812885133232,149.62382139983,122.003000648654,109.869585673014,90.7170577206454,107.150548648834,105.0618958449,82.7664221312318,0,131.202722409351,141.766757166139,88.3683228747535,21.119154432082,36.5648725644949,177.863006591797,93.324161529541,51.9489095052083,69.5576120471278,168.621510823568,170.300010681152,188.337574550084,86.1203382873535,139.431886945452,0,190.84580039978,136.301051469283,169.018575032552,127.083586120605,162.628912062872,0,157.580406188965,0,180.192998250326,178.82234954834,150.429702758789,205.013900756836,239.734718322754,239.051788330078,157.862564086914,169.286687215169,180.328938802083,170.250849914551,125.903457172902,0,213.178240458171,197.556796264648,140.771677296336,167.03707945192,149.906111324535,0,217.50439453125,164.431402587891,167.487104288737
143.836040496826,9.84281282657889,59.4513975172187,26.2831225316554,114.488855430548,116.394945780436,179.044681004116,132.70255279541,161.063842455546,91.5201042450766,164.230824190028,79.2506133791,170.680975914001,58.7543383403889,147.638497714339,138.832757247122,54.8694839477539,60.6079412518126,82.3736618244095,63.6716205384616,0,106.175420888265,21.8509046756273,86.4121465143168,97.0612140785886,28.4367710288502,58.4597460759881,35.8821387780349,118.731137695312,134.527457237244,122.808083318895,71.6761518179202,118.526127285428,136.60623550415,66.3040561620091,0,147.00467300415,91.1432578346946,156.787536621094,184.021537780762,0,211.057098388672,180.439374287923,213.108974456787,131.610000610352,179.539688110352,140.627799987793,0,136.301376342773,195.499664306641,0,148.49055480957,111.676352183024,133.115521748861,111.28911336263,0,212.368858337402,77.8519058227539,122.062605016372,159.416819000244,0,128.579254695347,105.138248062134,168.685206604004,194.992031097412,159.563110351562,134.052877153669,0,0,117.079884338379
112.128896853624,59.4513975172187,16.1912394616438,62.1379854623895,153.744374124627,183.033190046038,145.205186624541,104.501880435893,129.001867055157,124.723148470611,137.906501802076,111.954356768192,180.808583984375,103.99525583358,129.020234550896,145.87906911638,96.5338781020221,43.5523371402331,97.14719053551,78.8040402444101,213.332763671875,70.4404390570313,59.1212300915403,36.8953388774081,133.013448876647,140.788317362467,38.0554971172594,43.3904832611818,104.231415592145,144.471405439545,86.4153069221844,103.789467729841,165.827311971913,145.369715522317,75.115990453639,167.644190470378,85.8529943834271,102.607437460339,124.092529296875,205.021530151367,0,198.173522949219,190.351965199346,201.265988769531,159.771850585938,231.226516723633,152.964469909668,0,148.804000854492,197.406931559245,0,130.127230326335,124.099809603258,169.25857405229,139.011830699687,190.3662109375,146.785074869792,84.7247788262746,116.587061100216,170.067066192627,224.09342956543,137.165644521932,102.211321437275,166.462175750732,206.960757446289,173.443137790846,170.503346034459,0,144.797470092773,123.72415525263
75.997587808288,26.2831225316554,62.1379854623895,12.1204133607783,96.0714540958405,126.012540181478,145.029403393085,76.9200665900048,115.703068126332,41.7896428645285,140.43870139122,79.4028277495936,189.39480452104,60.6068659060824,101.383259815147,114.949802051891,37.7952575241053,66.9911437180713,88.7480155681742,69.269250892419,159.380493164062,66.8512599144453,24.9168494154898,72.1043867278133,50.8708047992377,27.7049970370098,59.8281894626388,50.6412480392398,71.1903101223618,87.5591112755157,64.2383778707863,84.8532660548672,132.322907511393,70.3868362612841,70.4829682237011,78.8699285333807,56.6236291182669,85.2031996466897,19.3659398613907,164.207140604655,165.028121948242,118.998718261719,88.4934722621266,131.196023794321,30.6733428637187,86.9091186523438,124.164425441197,0,86.2042535146077,115.850892384847,158.331634521484,57.3947282135487,89.506336312545,108.316234588623,92.0714853074816,0,75.9380124190758,76.35013441606,80.3252985461005,70.5294141654509,75.4090254647391,101.791872660319,85.0965584820102,86.5534652043315,97.259420212001,70.1580883699305,104.084543374869,154.184290568034,73.6994066874186,91.7132282914787
89.4616697615936,114.488855430548,153.744374124627,96.0714540958405,12.0855885629531,110.943455400138,78.2166969845081,40.4417259129611,87.6104987148948,46.8108035885884,27.4295053151941,169.31401570638,33.0207780225622,174.226533219621,103.518767711604,79.8169194678186,103.867318289621,157.406395170424,187.717909869026,177.292215401786,17.5436302142956,117.09436253139,72.6928473252516,139.129341845242,21.8154421907835,149.905982504086,161.37602098253,139.276814229688,27.6415512528426,107.753015902338,106.351556941441,190.449116821289,148.634882609049,89.9440351867676,115.485813844551,136.302632141113,217.542999267578,202.208384195964,56.0997123718262,25.1905715259203,216.304412841797,133.020908053559,118.490172654055,141.119568847656,89.9063240500058,108.202849480584,198.673502604167,60.1616679880354,217.221186319987,169.196819039278,130.269072875977,154.632748921712,202.915557861328,184.452423095703,211.417175292969,33.3042094488254,161.93147277832,129.107476370675,206.516409301758,105.442967314469,0,227.429290771484,202.104377746582,116.153231649228,156.283046409732,161.330697866587,219.512720743815,207.830772399902,149.644906616211,162.393141610282
101.044597625732,116.394945780436,183.033190046038,126.012540181478,110.943455400138,7.53751485621209,11.7286810835214,127.310526733398,21.6604513779622,66.4221084170871,122.136695233513,60.439877166748,90.6127023205315,97.2268200683594,56.5246237686702,18.4769929525163,0,167.254486083984,93.9356636047363,143.977143287659,115.719442138672,157.622764587402,123.049416351318,178.786691665649,102.751726312152,103.182945251465,111.086743788286,129.960652828217,131.131585297761,31.692269154084,128.398567199707,109.651214599609,13.3953778717544,69.4409408569336,35.6965733342126,0,0,0,0,0,0,0,0,215.898941040039,0,226.145965576172,148.584609985352,0,0,221.677169799805,0,0,0,0,163.87239074707,0,0,0,0,180.798820495605,0,0,150.004066467285,193.179462432861,0,0,0,0,0,0
108.339101395517,179.044681004116,145.205186624541,145.029403393085,78.2166969845081,11.7286810835214,13.1583348470533,76.4744123425977,24.2924019020531,66.5095636735269,42.8557570213369,89.9631025742511,30.2403609039307,127.006975131565,51.4015514624582,16.4801481778065,149.428113047282,169.357154846191,168.499582361292,175.020292524858,61.3371396460064,130.565843843366,136.683063616071,144.93103240027,82.0910013205464,125.844975280762,164.797194505774,164.458545577269,82.5644888673563,45.8046041630724,116.754933203052,153.009939066569,23.6006328731316,123.880351475307,105.454160625351,200.540725708008,197.056003570557,207.069558885362,126.051953633626,145.149514806201,0,169.475639011549,150.766852363708,173.452682277134,149.607141193591,153.994199103278,243.132125854492,72.899453178781,157.854868570964,199.48970413208,100.170103345598,198.769675254822,228.438747059215,247.112335205078,178.051254272461,147.067808263442,221.375347137451,186.387632097517,205.05034942627,142.680906027233,0,193.672326660156,201.160677970724,154.45045967259,201.319054530217,186.144762039185,202.277053833008,229.570495605469,198.239280700684,201.192226063121
38.587757549883,132.70255279541,104.501880435893,76.9200665900048,40.4417259129611,127.310526733398,76.4744123425977,18.258907579297,69.0121608369133,63.8275823201831,28.746224612305,154.400144658537,69.2085344427723,172.52365620931,48.8753434367832,87.5091092716564,114.890223083496,122.504456545702,180.27356338501,149.448546580779,123.702732267834,77.2366411662732,101.587187825898,94.2781106464393,66.1944671314154,172.219512939453,135.209807741343,132.46950326992,31.6467416873199,84.1987352757407,29.8420434223177,187.073304675874,138.866782506307,90.0937219976069,102.009812407509,153.231006622314,165.341716766357,177.512377225436,77.1588766808603,147.170815317254,179.478866577148,169.893304443359,130.996195375919,162.430884417366,109.952638244629,157.611234420385,197.747871398926,146.512852986654,192.021865844727,172.62870838603,0,153.436135482788,199.057703653971,230.0400390625,196.788276672363,192.969757080078,189.820343017578,138.106041908264,178.280101458232,117.410556258503,0,222.100806342231,183.809448553591,129.481740433036,157.420505282753,139.309184265137,240.150273640951,198.017449951172,135.216030375163,153.160719717703
65.1003288269043,161.063842455546,129.001867055157,115.703068126332,87.6104987148948,21.6604513779622,24.2924019020531,69.0121608369133,12.3192307571512,95.7218996812457,39.2045451120685,94.7487436594155,76.9032291413028,133.188450500043,19.9281474893611,33.535847639345,153.857846242077,136.839131661736,160.426769918647,156.294245698479,85.4979993259574,118.190649203452,142.458996851304,126.298625552465,96.4979200970043,118.072920146741,149.280321058431,157.581908150581,80.9757263629879,43.9839253111339,85.082402844523,151.641350187104,18.6455347526909,125.90792866757,95.0072394421226,190.910705566406,186.529186672635,199.1446421995,128.770628536449,159.771186503958,0,191.36950302124,158.349966297979,181.165097961426,159.675280253092,172.120168501331,184.404843648275,101.638209025065,0,200.342962646484,190.056813557943,189.615798950195,215.19621480306,211.496948242188,219.902053833008,169.975223965115,191.928886413574,174.649449398643,200.653089278784,146.60761818519,158.083740234375,197.294759962294,193.817413786928,160.576399877873,192.344969041277,183.702049948952,178.389999389648,229.735282897949,170.656187438965,193.009340922038
70.0824418977408,91.5201042450766,124.723148470611,41.7896428645285,46.8108035885884,66.4221084170871,66.5095636735269,63.8275823201831,95.7218996812457,11.8145261980982,65.4297336374949,152.848562744141,13.054375133144,142.50242149016,89.9568589173802,23.7686023206976,87.4269672659941,130.118332901852,167.234857698766,145.123218317141,29.5624728856212,105.50479628823,35.8556529502943,127.357560677962,27.1282099847988,127.276488635005,134.399117777507,124.925650085045,62.219922995071,86.1310624445459,64.3720983288977,156.333763122559,140.764489364624,68.4435681028862,103.492558990764,92.9830123053657,154.73193359375,173.203125,16.4607192507961,76.6562703450521,0,155.367426395416,77.3767310020908,124.508268568251,35.9071086645126,106.439726924896,204.85103225708,26.1176763689386,235.578399658203,111.714882014348,34.6704268577771,99.8641478220622,173.237768990653,214.10816192627,181.35334777832,92.6485763549805,119.37159168019,104.306268171831,141.38896522522,66.9210276818718,0,186.050093078613,180.44467653547,95.0298569997152,103.818317391899,84.3489723205566,201.67116800944,142.302020263672,90.5973203976949,119.722771037709
90.0224586433196,164.230824190028,137.906501802076,140.43870139122,27.4295053151941,122.136695233513,42.8557570213369,28.746224612305,39.2045451120685,65.4297336374949,15.4952424710399,150.085377658055,33.5657207265065,178.930031186058,48.1912759235423,77.036879383683,127.148538589478,174.956689131887,175.951024373372,181.316517674646,18.1722338041073,108.621407806873,118.557728126401,130.353934003892,52.4491030866952,170.38564491272,170.439114401785,158.041968325351,31.206753649669,104.957693657451,98.4784680120315,195.810112788759,137.195295010394,104.431820170085,109.258486312854,180.428949991862,0,202.911712646484,168.468490600586,69.6073622063253,130.547054290771,153.017142697989,151.206779791384,167.66660340627,101.297143034883,140.37819561401,222.407704671224,65.2059465344747,0,201.311385498047,128.704467349582,170.863763427734,218.515644073486,237.207336425781,239.375350952148,103.689175912704,187.430730183919,153.105796813965,191.50988430447,125.056382066291,0,224.840142822266,213.902861651252,144.889180103938,196.993984843409,180.693561900746,214.700607299805,238.406616210938,150.800277709961,200.546602884928
125.240623655773,79.2506133791,111.954356768192,79.4028277495936,169.31401570638,60.439877166748,89.9631025742511,154.400144658537,94.7487436594155,152.848562744141,150.085377658055,16.2405726032299,143.128135243799,37.5761953026232,89.2502259442982,160.277145385742,141.959980380151,60.069272065654,25.3815833859453,32.7150476537696,145.7405665471,123.736748695374,110.339259493667,108.358685868397,165.466865452853,43.1042791841402,42.3266150040853,74.5579956398418,159.521887842814,82.9344546982679,125.495601596254,55.9690823618101,65.7213946019403,133.464116777693,22.8557689714895,0,120.333132607596,153.24732805335,99.3996415571733,206.633441162109,0,199.382161458333,208.918817520142,226.381927490234,209.120246887207,224.178433227539,99.37126538134,166.195022583008,92.539533891442,200.811708068848,0,179.982173919678,159.767340523856,116.818514854677,133.374833193692,198.636016845703,190.920037841797,162.997385660807,178.088271077474,198.612004366788,88.7487208048503,118.042512987481,117.434905472525,209.04289727462,191.96703338623,206.59950764974,104.470243480108,0,0,137.159795539324
103.589279739945,170.680975914001,180.808583984375,189.39480452104,33.0207780225622,90.6127023205315,30.2403609039307,69.2085344427723,76.9032291413028,13.054375133144,33.5657207265065,143.128135243799,12.7770615735534,165.049529804903,106.29251029421,21.4262912881733,167.184484863281,183.960553850446,170.217432657878,177.190083312988,16.1228234797165,156.914031028748,127.796267422763,172.865018572126,35.2660903039596,173.428137207031,182.156132507324,179.409299545288,55.684447333603,116.467033824701,158.304449521578,180.816892242432,121.340364577922,117.803202819824,119.186127614975,182.569183349609,193.410919189453,0,176.153274536133,67.0237539367894,0,67.6051883564129,140.234637333797,102.5751982745,65.1995989481608,57.8849171601333,155.156196594238,21.2826140018183,244.256759643555,124.442833771577,38.2893745035884,195.472941080729,221.720794677734,0,0,24.9366352765199,156.803955078125,0,183.612154006958,122.679654912251,176.321853637695,220.951248168945,210.62476172814,133.289011274065,141.587708106408,176.600799560547,0,133.779925028483,0,158.240688323975
140.172571818034,58.7543383403889,103.99525583358,60.6068659060824,174.226533219621,97.2268200683594,127.006975131565,172.52365620931,133.188450500043,142.50242149016,178.930031186058,37.5761953026232,165.049529804903,10.9987658653428,123.365486792362,170.011605580648,132.002683556598,128.984413478685,61.7429571001153,88.2764419979519,170.942984580994,169.840160369873,90.3603480305866,142.753420743075,155.633661804199,27.5876836640523,73.0969698044562,42.7039965561771,177.375958529386,119.224078880562,171.013331326571,21.6286005663522,96.1441224271601,0,64.1049274356886,235.333465576172,132.242419651576,163.09867477417,140.497807820638,228.638473510742,0,0,226.255577087402,0,220.936012268066,0,93.7673792214918,174.48046875,85.4920061516591,161.307094573975,0,0,158.264770507812,107.715801836496,127.136060568003,226.385566711426,202.058517456055,141.638233184814,148.033020019531,204.878985318271,80.942308124743,109.256443879543,106.802813976183,210.179302215576,189.073265075684,216.314086914062,98.4763847389802,148.815170288086,0,115.13294179816
23.1506229814865,147.638497714339,129.020234550896,101.383259815147,103.518767711604,56.5246237686702,51.4015514624582,48.8753434367832,19.9281474893611,89.9568589173802,48.1912759235423,89.2502259442982,106.29251029421,123.365486792362,14.8468678056472,87.0040680416047,151.469440676131,125.615167349095,143.198395355888,141.996822969595,111.401661796749,117.389506804926,138.725929529527,122.432484366677,100.003291752882,114.380077819824,144.755596091615,154.487221260475,98.2255127429962,36.1181035174363,67.6276153102927,138.370232428274,31.0614688192956,89.7270851135254,69.0852125538881,176.033471679687,218.586868286133,198.505339371531,101.376857189422,162.106848449707,220.848762512207,190.120981316817,159.173231506348,184.909201852899,141.270125347635,173.305033123682,227.489601135254,161.212814331055,177.775932312012,195.608204462757,190.173100280762,181.072090842507,207.813361612956,205.863693237305,196.951637268066,191.53537902832,207.023289998372,181.914478302002,202.307862599691,145.476508560403,0,187.896704729866,192.719518752325,157.124094479775,186.530830964219,168.765354580349,179.568501790365,218.47900390625,169.950264994303,187.441963782677
126.986746470133,138.832757247122,145.87906911638,114.949802051891,79.8169194678186,18.4769929525163,16.4801481778065,87.5091092716564,33.535847639345,23.7686023206976,77.036879383683,160.277145385742,21.4262912881733,170.011605580648,87.0040680416047,7.94547548042776,152.002639770508,171.112487792969,220.175491333008,192.569125366211,73.5102726075707,133.78572845459,108.803661346436,150.764758566151,63.6181538126336,195.198568725586,167.177325879113,163.408573012754,93.1957658212396,87.0227882243969,123.375630696615,190.707855224609,45.0358260561911,135.224400838216,144.076756238937,0,201.862823486328,198.882700602214,0,161.059751722548,0,154.071895599365,160.275745391846,167.798276034268,75.2727584838867,134.90172543733,0,35.0386411371849,243.84635925293,231.358764648438,38.8597443633609,144.621231079102,212.190063476562,195.372222900391,0,102.195533752441,172.066242218018,0,211.869018554688,148.035445171854,0,172.396259307861,193.174915858677,164.84929448908,207.314999389648,0,0,0,0,212.916900634766
119.50485695733,54.8694839477539,96.5338781020221,37.7952575241053,103.867318289621,0,149.428113047282,114.890223083496,153.857846242077,87.4269672659941,127.148538589478,141.959980380151,167.184484863281,132.002683556598,151.469440676131,152.002639770508,13.0059238978198,103.645689777782,149.409762064616,126.627241969109,0,30.3941413428037,24.7401433841941,25.9558033217116,39.2535589376272,112.810538040964,123.973246750322,35.0554361702413,46.2301798792254,123.447969141695,82.9921923757389,157.234033372667,189.539866129557,106.925834655762,88.8641858511958,161.830291748047,103.740343093872,122.681077376656,116.398914882115,0,0,186.166137695312,145.861320495605,197.322959052192,117.641212463379,186.588771820068,215.787689208984,177.476303100586,0,193.465148925781,177.365051269531,98.9245825764636,142.404953792177,170.111673990885,163.157304937189,202.056686401367,112.020239773528,83.5296065590598,105.176392336872,86.0913427533127,0,159.236326599121,112.001095682218,127.251697024784,161.151834487915,109.231280517578,190.380040486654,0,122.561141204834,115.30390218099
103.812885133232,60.6079412518126,43.5523371402331,66.9911437180713,157.406395170424,167.254486083984,169.357154846191,122.504456545702,136.839131661736,130.118332901852,174.956689131887,60.069272065654,183.960553850446,128.984413478685,125.615167349095,171.112487792969,103.645689777782,14.4744974642102,60.5978837492972,26.5805663167896,201.831653594971,68.2929197149917,75.8057275386912,41.3323926702142,136.881829633399,102.053542844711,41.688176952885,72.8892860956335,125.65276780481,106.99919303622,74.2007046310547,115.835997510312,150.03229595366,102.602027479425,50.5420167390833,192.652923583984,91.1368810292837,113.421050979978,95.2565037863595,240.140655517578,0,223.48461151123,189.822849620472,213.903352003831,211.113693237305,187.763870239258,152.145117865668,0,143.687440054757,205.823250664605,0,148.506294734894,130.229002210829,162.264932632446,144.476645319085,0,166.824792944867,108.035997721354,134.693092793226,186.551263641893,113.717834472656,130.9068180241,113.263395840173,190.323648203974,194.92092590332,166.272753397624,155.083456675212,153.618316650391,191.962829589844,131.939720698765
149.62382139983,82.3736618244095,97.14719053551,88.7480155681742,187.717909869026,93.9356636047363,168.499582361292,180.27356338501,160.426769918647,167.234857698766,175.951024373372,25.3815833859453,170.217432657878,61.7429571001153,143.198395355888,220.175491333008,149.409762064616,60.5978837492972,14.9175935152151,24.9111758018842,172.194043477376,139.316581379284,111.213515071546,118.983952987293,175.992588938018,53.3270130493567,37.6611485476444,72.8428553758515,185.907425620339,128.811573934212,144.679653514515,59.2992049319632,98.7185774458216,171.973541259766,65.1327185561289,196.602020263672,124.702988760812,155.715094430106,116.03050994873,202.694931030273,164.859497070312,0,0,198.516759236654,192.439117431641,239.576614379883,113.255800761874,0,103.875528123644,189.059398651123,0,227.855072021484,152.177243550618,116.558019365583,123.660806738812,0,0,137.443138122559,190.815973917643,216.746616908482,95.609585080828,117.312175808096,112.360747824911,225.424290974935,151.749257405599,201.597457885742,108.240984124652,157.765045166016,0,137.743249816895
122.003000648654,63.6716205384616,78.8040402444101,69.269250892419,177.292215401786,143.977143287659,175.020292524858,149.448546580779,156.294245698479,145.123218317141,181.316517674646,32.7150476537696,177.190083312988,88.2764419979519,141.996822969595,192.569125366211,126.627241969109,26.5805663167896,24.9111758018842,14.448962105314,217.537457784017,97.1047769679849,102.93275049314,78.6929796245528,154.339768824244,59.47737361363,40.6798003191811,75.6739856155883,142.635029403023,119.68755619474,94.2775276775091,78.9086891404734,109.844726290022,115.953378041585,55.2771186653563,199.07014465332,109.609026009696,125.703235507011,82.6653058669146,207.196006774902,0,0,212.484115600586,215.585731506348,213.047958374023,220.744369506836,136.503851013184,208.290161132812,122.468043097134,210.703715397761,211.676574707031,153.880493927002,134.59606973227,124.840443625379,126.113850862077,0,167.713773091634,134.812764848982,153.839586530413,192.322645568848,68.1566019058228,112.676830203034,116.597304966672,205.300692044772,204.641810099284,171.505992889404,130.079521996634,163.000762939453,0,136.895364912729
109.869585673014,0,213.332763671875,159.380493164062,17.5436302142956,115.719442138672,61.3371396460064,123.702732267834,85.4979993259574,29.5624728856212,18.1722338041073,145.7405665471,16.1228234797165,170.942984580994,111.401661796749,73.5102726075707,0,201.831653594971,172.194043477376,217.537457784017,8.84554204531713,162.660499572754,132.905372619629,199.101854112413,24.3041164043583,180.668823242188,178.254556655884,186.497447967529,36.301287686347,113.617390713309,176.455452728271,189.035771687826,131.051072120667,0,111.312008089232,0,0,0,79.7812271118164,28.5330204686095,0,111.428245768828,218.362686157227,109.547797203064,62.5732363996835,104.979306346965,214.328735351562,17.7218775836062,223.966461181641,125.710144890679,88.6833856756037,0,0,224.418960571289,0,20.6879103042746,0,0,0,118.370214144389,0,0,226.773506164551,102.910182505846,145.035614013672,0,205.206146240234,0,0,150.495330810547
90.7170577206454,106.175420888265,70.4404390570313,66.8512599144453,117.09436253139,157.622764587402,130.565843843366,77.2366411662732,118.190649203452,105.50479628823,108.621407806873,123.736748695374,156.914031028748,169.840160369873,117.389506804926,133.78572845459,30.3941413428037,68.2929197149917,139.316581379284,97.1047769679849,162.660499572754,17.1266600014468,64.7852428549939,38.9168771294658,60.4469715618278,175.001911708287,106.099770953146,95.8022010637937,37.9927540982174,86.4486170983628,40.3048290268545,173.223062515259,137.193237304688,71.6298528909683,63.8051000786125,143.51708984375,165.871678161621,161.800885956863,146.591426086426,0,0,220.9365234375,157.155846065945,202.397152987393,163.827781677246,196.030093383789,189.429161071777,0,220.723693847656,178.328742980957,0,117.545961922228,183.420852661133,197.418079376221,196.736846923828,0,123.154826737761,96.9348178798869,134.90018183157,105.528827939715,0,201.445570373535,156.475141805013,134.218552264971,153.009070671929,126.53628923793,238.471206665039,0,122.789654071514,136.766672037416
107.150548648834,21.8509046756273,59.1212300915403,24.9168494154898,72.6928473252516,123.049416351318,136.683063616071,101.587187825898,142.458996851304,35.8556529502943,118.557728126401,110.339259493667,127.796267422763,90.3603480305866,138.725929529527,108.803661346436,24.7401433841941,75.8057275386912,111.213515071546,102.93275049314,132.905372619629,64.7852428549939,10.2368168940162,64.5704873217734,44.2381580340716,74.9874442493746,88.4870890642689,54.7806830850302,75.9602766163302,116.020446018506,70.2515380889711,108.869363564711,156.079344356761,87.1930121060075,84.7638893523431,130.102040100098,81.83586137945,86.3608106854318,51.7860822677612,167.624420166016,0,182.373355865479,125.53625471327,175.662872314453,97.5188674926758,150.271825154622,199.549869537354,0,158.502605862088,165.057654953003,194.562599182129,56.1632877773709,101.797310081688,160.651977539062,137.101072692871,200.493789672852,94.0401203244231,47.5148976748107,70.7852750136863,113.020626801711,149.77375793457,146.736332321167,78.2840888303025,112.708173116048,143.281857230447,86.6232760160872,170.87100982666,198.282646179199,119.015678405762,98.5936939841823
105.0618958449,86.4121465143168,36.8953388774081,72.1043867278133,139.129341845242,178.786691665649,144.93103240027,94.2781106464393,126.298625552465,127.357560677962,130.353934003892,108.358685868397,172.865018572126,142.753420743075,122.432484366677,150.764758566151,25.9558033217116,41.3323926702142,118.983952987293,78.6929796245528,199.101854112413,38.9168771294658,64.5704873217734,22.8083722990623,87.4093588947977,141.166095309787,75.6161442700214,49.5988232908764,71.9734665565017,100.030960643583,62.2730850375349,140.385569202657,158.096174367269,99.3607490099393,65.2259335596009,175.001812744141,116.716168678413,116.603159806365,134.802025428185,0,0,215.070181952582,173.306788126628,211.436963653564,192.484512329102,200.311080932617,187.479388766819,210.202728271484,173.527954101562,211.970776367188,202.430191040039,112.4962343977,151.854839396927,193.419889970259,166.27742729187,0,133.759413832918,100.507739519832,120.448478641551,141.467927425891,0,162.254179721408,114.387011315639,157.657527066537,176.729491642543,150.943427397826,0,200.669471740723,149.617370605469,136.337636740811
82.7664221312318,97.0612140785886,133.013448876647,50.8708047992377,21.8154421907835,102.751726312152,82.0910013205464,66.1944671314154,96.4979200970043,27.1282099847988,52.4491030866952,165.466865452853,35.2660903039596,155.633661804199,100.003291752882,63.6181538126336,39.2535589376272,136.881829633399,175.992588938018,154.339768824244,24.3041164043583,60.4469715618278,44.2381580340716,87.4093588947977,14.7340646644982,135.61387654238,149.222919218844,109.273621180167,28.5264978619809,96.8723335002823,79.5455384442586,173.622680526596,160.162480545044,82.0485587156536,103.111075450197,133.996173511852,147.2003042433,169.679269660009,69.4030746389752,114.71006271778,176.655358886719,142.635319730069,113.60582101296,144.543761377749,100.657701734287,123.431734891075,199.907645485618,137.503132514234,214.758761319247,153.44828546524,143.853665438565,116.554745166333,184.406753370497,220.668201022678,199.404851046475,119.552177032867,129.963266653173,119.949858237004,159.38646940034,85.6557432001061,198.750485229492,205.108026278221,178.351674556732,115.748330077214,145.29638893554,119.724801900686,228.779273986816,190.771010335286,128.461469719209,145.650022570292
0,28.4367710288502,140.788317362467,27.7049970370098,149.905982504086,103.182945251465,125.844975280762,172.219512939453,118.072920146741,127.276488635005,170.38564491272,43.1042791841402,173.428137207031,27.5876836640523,114.380077819824,195.198568725586,112.810538040964,102.053542844711,53.3270130493567,59.47737361363,180.668823242188,175.001911708287,74.9874442493746,141.166095309787,135.61387654238,11.106750345277,49.4731705865524,28.2522823816147,167.146850585938,111.877307434082,161.106264386858,51.4458203058976,90.7445313589914,179.579978942871,64.2597628373366,237.380249023438,0,0,54.2919464111328,0,0,0,0,146.973999023438,0,183.590469360352,69.3939170837402,0,54.2113800263137,103.310523986816,0,0,117.036163330078,83.6408117886247,116.993364334106,0,0,165.980609893799,0,199.507453918457,36.8115029335022,84.7408365011215,79.0469695499965,193.777755737305,211.123481750488,173.211975097656,62.2760076884982,193.515426635742,0,90.8103251457214
131.202722409351,58.4597460759881,38.0554971172594,59.8281894626388,161.37602098253,111.086743788286,164.797194505774,135.209807741343,149.280321058431,134.399117777507,170.439114401785,42.3266150040853,182.156132507324,73.0969698044562,144.755596091615,167.177325879113,123.973246750322,41.688176952885,37.6611485476444,40.6798003191811,178.254556655884,106.099770953146,88.4870890642689,75.6161442700214,149.222919218844,49.4731705865524,21.685188367426,48.5405633957235,140.471630051022,141.794766320123,113.890104364297,50.5617291218436,113.979872627864,144.011911291825,66.1050538547186,183.44167582194,98.5190711248489,111.762407306269,75.5161840820312,231.837493896484,0,189.525619506836,193.683345158895,192.054285386029,192.523908615112,223.829947153727,108.075841526527,227.931706746419,97.9543013439828,201.869468866393,223.803949991862,165.439525146484,122.004540965596,112.106085170399,119.361109036118,218.214019775391,172.676141103109,135.110106270268,138.150213650295,193.928520313208,87.3385156143543,104.751038941632,105.487114131126,195.872655232747,164.237043900923,185.491723022461,102.829375590753,144.394882202148,241.450149536133,120.603990138661
141.766757166139,35.8821387780349,43.3904832611818,50.6412480392398,139.276814229688,129.960652828217,164.458545577269,132.46950326992,157.581908150581,124.925650085045,158.041968325351,74.5579956398418,179.409299545288,42.7039965561771,154.487221260475,163.408573012754,35.0554361702413,72.8892860956335,72.8428553758515,75.6739856155883,186.497447967529,95.8022010637937,54.7806830850302,49.5988232908764,109.273621180167,28.2522823816147,48.5405633957235,22.2910834731306,105.643012429072,143.803737222201,124.261551268946,36.8111726055409,125.160869255268,136.667116141614,77.4567986694392,185.021294227013,86.4674238706346,101.693426808294,95.6489941568086,201.090120103624,0,210.140840802874,182.706662859235,204.882240670626,199.088724772135,215.996111834491,118.261749521891,236.042877197266,104.822371880213,194.644610700936,190.538597106934,111.777584432278,122.499104847779,116.650637402947,127.321257791599,238.942962646484,142.229809443156,87.0435508895001,112.038110185908,178.596451602765,85.4489770616804,113.085951209408,102.44313826346,167.15546571257,199.305178087811,165.619425964355,112.493410440139,167.152877807617,154.577194213867,126.66238849615
88.3683228747535,118.731137695312,104.231415592145,71.1903101223618,27.6415512528426,131.131585297761,82.5644888673563,31.6467416873199,80.9757263629879,62.219922995071,31.206753649669,159.521887842814,55.684447333603,177.375958529386,98.2255127429962,93.1957658212396,46.2301798792254,125.65276780481,185.907425620339,142.635029403023,36.301287686347,37.9927540982174,75.9602766163302,71.9734665565017,28.5264978619809,167.146850585938,140.471630051022,105.643012429072,18.9981441747896,99.6796359417003,55.1622929293179,196.02840423584,151.178384260698,79.9572491338745,84.7058928137705,141.028358994869,152.15618303087,176.391963734346,87.2750456010973,100.941440152518,174.196222941081,159.611599837199,125.5527599476,163.522684237832,108.144723364647,141.64377621145,200.927495956421,156.074568303426,220.113535563151,166.015467932058,157.403189086914,127.748206002372,185.027454921177,223.601529802595,211.197881525213,138.827177902748,141.814991569519,122.993356607728,163.248981065017,106.471033578005,222.958946228027,201.052538871765,182.320565282082,130.005655857797,153.938750372993,128.420168714969,0,204.520177841187,141.655501972545,156.126782289485
21.119154432082,134.527457237244,144.471405439545,87.5591112755157,107.753015902338,31.692269154084,45.8046041630724,84.1987352757407,43.9839253111339,86.1310624445459,104.957693657451,82.9344546982679,116.467033824701,119.224078880562,36.1181035174363,87.0227882243969,123.447969141695,106.99919303622,128.811573934212,119.68755619474,113.617390713309,86.4486170983628,116.020446018506,100.030960643583,96.8723335002823,111.877307434082,141.794766320123,143.803737222201,99.6796359417003,15.3516690997747,42.5019712332507,126.870950035427,18.944169108427,23.4783736872062,42.6007939159753,181.499745136983,179.309143066406,195.714870707194,103.103968635934,170.488785865979,231.126174926758,190.228946316627,153.131030157993,190.317343050546,139.608585435517,179.743884355594,196.221030341254,135.289146900177,147.775861104329,193.615287175254,180.264404296875,147.801726893375,200.745151519775,181.216987609863,176.963573879666,188.387708028158,180.255401187473,160.748874061986,184.296388753255,143.701719090356,109.125793457031,176.499713812934,181.294950485229,158.169160722498,184.949147224426,156.072284238092,172.285776138306,223.271599905831,160.736018498739,173.267199608587
36.5648725644949,122.808083318895,86.4153069221844,64.2383778707863,106.351556941441,128.398567199707,116.754933203052,29.8420434223177,85.082402844523,64.3720983288977,98.4784680120315,125.495601596254,158.304449521578,171.013331326571,67.6276153102927,123.375630696615,82.9921923757389,74.2007046310547,144.679653514515,94.2775276775091,176.455452728271,40.3048290268545,70.2515380889711,62.2730850375349,79.5455384442586,161.106264386858,113.890104364297,124.261551268946,55.1622929293179,42.5019712332507,15.7534126069646,187.035171508789,136.051425792553,49.6714027574197,40.7313270946397,158.708104451497,143.152500152588,175.394414116355,90.3633238247463,180.916000366211,0,176.479147774833,140.157115692788,185.99662562779,121.43827238537,183.727058410645,201.87802734375,172.314071655273,0,171.492316230895,165.875450134277,122.892193009368,188.018241034614,240.310218811035,210.988398960658,191.488998413086,132.496331860942,103.105525546604,157.838156075313,126.955087822928,224.175277709961,195.171252441406,169.126185743115,132.89990114205,149.753024383431,126.698441860288,0,200.447451782227,132.650926357362,150.764647347587
177.863006591797,71.6761518179202,103.789467729841,84.8532660548672,190.449116821289,109.651214599609,153.009939066569,187.073304675874,151.641350187104,156.333763122559,195.810112788759,55.9690823618101,180.816892242432,21.6286005663522,138.370232428274,190.707855224609,157.234033372667,115.835997510312,59.2992049319632,78.9086891404734,189.035771687826,173.223062515259,108.869363564711,140.385569202657,173.622680526596,51.4458203058976,50.5617291218436,36.8111726055409,196.02840423584,126.870950035427,187.035171508789,9.84780315316475,113.974165989802,0,78.2319310798499,0,129.475580068735,162.358822292752,110.292458852132,0,0,0,0,191.584259033203,207.710998535156,244.860977172852,103.094762568851,239.537185668945,99.7883566158024,176.155481974284,0,0,142.432495117188,111.770052000534,130.260841889815,222.799057006836,0,180.090049743652,186.893742879232,238.570331573486,96.51502049764,110.955850842534,109.828369536386,232.671020507812,166.425304412842,195.843193054199,105.66953667174,134.987289428711,0,124.407589806451
93.324161529541,118.526127285428,165.827311971913,132.322907511393,148.634882609049,13.3953778717544,23.6006328731316,138.866782506307,18.6455347526909,140.764489364624,137.195295010394,65.7213946019403,121.340364577922,96.1441224271601,31.0614688192956,45.0358260561911,189.539866129557,150.03229595366,98.7185774458216,109.844726290022,131.051072120667,137.193237304688,156.079344356761,158.096174367269,160.162480545044,90.7445313589914,113.979872627864,125.160869255268,151.178384260698,18.944169108427,136.051425792553,113.974165989802,6.56473540616076,79.799388885498,37.3877473843103,214.199447631836,0,0,0,0,0,0,199.550135294596,226.955665588379,0,219.356887817383,178.578048706055,0,144.932794570923,236.470085144043,0,0,185.906448364258,200.552558898926,182.259460449219,235.382049560547,0,0,184.601028442383,196.00165049235,0,175.008310317993,168.752997356912,195.683349609375,236.234786987305,198.386611938477,0,0,0,179.507713317871
51.9489095052083,136.60623550415,145.369715522317,70.3868362612841,89.9440351867676,69.4409408569336,123.880351475307,90.0937219976069,125.90792866757,68.4435681028862,104.431820170085,133.464116777693,117.803202819824,0,89.7270851135254,135.224400838216,106.925834655762,102.602027479425,171.973541259766,115.953378041585,0,71.6298528909683,87.1930121060075,99.3607490099393,82.0485587156536,179.579978942871,144.011911291825,136.667116141614,79.9572491338745,23.4783736872062,49.6714027574197,0,79.799388885498,9.5352651378488,23.2073967035236,0,0,211.072898864746,84.7786669049944,168.806604003906,190.985061645508,199.484197998047,139.88110938439,185.805647629958,120.272710164388,169.190612792969,214.410400390625,0,0,199.416722106934,224.136978149414,139.285873413086,234.064865112305,0,0,0,123.579490661621,99.2191543579102,178.092208862305,130.815393898704,0,185.816009521484,198.838180541992,141.980607741918,164.98040435791,140.324411894146,0,0,130.495208740234,157.060410933061
69.5576120471278,66.3040561620091,75.115990453639,70.4829682237011,115.485813844551,35.6965733342126,105.454160625351,102.009812407509,95.0072394421226,103.492558990764,109.258486312854,22.8557689714895,119.186127614975,64.1049274356886,69.0852125538881,144.076756238937,88.8641858511958,50.5420167390833,65.1327185561289,55.2771186653563,111.312008089232,63.8051000786125,84.7638893523431,65.2259335596009,103.111075450197,64.2597628373366,66.1050538547186,77.4567986694392,84.7058928137705,42.6007939159753,40.7313270946397,78.2319310798499,37.3877473843103,23.2073967035236,11.5089670670914,171.708896092006,99.2947808970576,119.487097092617,99.8839721679688,158.99711390904,0,194.594553629557,156.807099813943,186.602271488735,142.163513183594,174.042185465495,135.662899780273,124.572624206543,121.845378028022,196.305352401733,189.561019897461,126.165320158005,137.245358880961,144.373118456672,140.991764322917,0,141.718403209339,115.410130574153,137.49651891535,142.018226732917,89.4877293904622,121.480603412915,118.282059595484,154.831643440354,179.288470914994,147.029650968664,119.294719696045,241.873519897461,157.017009388317,147.230003805722
168.621510823568,0,167.644190470378,78.8699285333807,136.302632141113,0,200.540725708008,153.231006622314,190.910705566406,92.9830123053657,180.428949991862,0,182.569183349609,235.333465576172,176.033471679687,0,161.830291748047,192.652923583984,196.602020263672,199.07014465332,0,143.51708984375,130.102040100098,175.001812744141,133.996173511852,237.380249023438,183.44167582194,185.021294227013,141.028358994869,181.499745136983,158.708104451497,0,214.199447631836,0,171.708896092006,11.3017272473292,126.17837677002,128.571123481977,76.2197398376465,90.0190393199091,80.8240331013997,108.202701148637,28.3999904170332,76.9893556646312,87.1006021499634,62.1654558941326,134.579992088905,131.002249325023,160.520887756348,27.4021563104501,108.39709133572,112.436634063721,109.527100071763,142.36995644405,126.897774583202,112.538762664795,90.3529672480341,94.5759718153212,104.21761654965,90.4369762275792,160.714492797852,135.251406934526,145.481889043536,84.3593466275655,19.7947335022098,35.1650548257227,168.258890533447,119.601201264755,36.7466645603291,84.533586376376
