10.077317750548,136.517503738403,89.2912185706808,90.0114616155624,71.6619425780021,71.5873255048479,76.8081835648109,22.3220178264804,39.0123701024487,69.5926905541024,60.332941655474,127.520286873595,85.2599017803486,142.050119527181,13.1601633480329,95.3250039907602,102.670263290405,93.2660594916925,139.970340183803,116.656996842754,74.6649999022484,75.2860962308286,85.3140836255304,83.2642324045164,71.268222162934,144.725332641602,114.148318828634,126.398648836562,64.9679560451914,16.2903580664326,21.0561008008214,169.200142996652,87.2801504770915,31.2770362581526,75.345816783051,149.132587086071,155.511672973633,164.399354722765,81.730913511912,113.551271057129,0,162.387487792969,120.039069320216,163.395671590169,76.5211411476135,144.194293212891,198.301361083984,98.5744323730469,0,158.860313415527,169.559288024902,150.837355477469,185.540145874023,0,207.838920593262,143.601745605469,218.020851135254,116.404637654622,165.613413085938,107.209961278652,0,194.17970929827,164.375348708209,127.32254746755,160.399797439575,147.344115447998,0,0,148.064866499467,155.804776837749
136.517503738403,8.21930978422688,54.4691582411349,16.3386906315299,108.660344500874,114.006538391113,149.608642578125,134.422808720515,155.485991391269,85.2311389313804,170.574703216553,79.3058471303855,149.99201965332,58.2193082238353,144.504895019531,142.773488998413,66.4414249821713,58.1556968058035,83.5308835347493,60.1522899063774,139.628009033203,91.4223658243815,22.9356502580095,88.8344820870294,96.0379131117117,28.3285327977848,52.08157590326,35.7933306965313,104.577899551392,132.075420947785,113.720648765564,75.1168211975098,134.510801315308,97.1007080078125,62.1071814304334,0,77.4709369659424,90.1229098183768,60.7996856371562,143.712420145671,0,170.724227905273,138.141311645508,201.871559143066,130.224592208862,201.752258300781,127.800282796224,158.899307250977,91.4619960784912,0,0,0,105.804291915894,118.214477539062,131.044649759928,140.066253662109,139.299530029297,129.984186808268,144.961451939174,157.917131551107,80.2033767700195,110.856463524603,107.33968864053,185.273864746094,0,0,137.756851196289,0,0,104.323250579834
89.2912185706808,54.4691582411349,12.4086200377258,48.8668471417099,131.675620445838,169.97554473877,134.687104949427,86.0645984271625,122.497725865409,126.93844498181,104.402120774792,98.8973109666691,141.033907037032,99.6534262886883,115.392546402182,135.028400346345,89.0300747183866,38.4102314455655,95.139432894799,72.8835294336797,175.881947835286,52.0727162813772,52.8359656365642,26.4489479230594,121.388556987316,100.258120218913,29.5637993465552,34.0613421713461,77.0007686444183,114.603360531747,65.1646053665322,98.8329139709473,134.077819824219,91.3799591064453,55.1100200934344,181.694927215576,78.7216199239095,93.8987751635324,75.0005164513221,0,0,223.697799682617,145.447997665405,185.621884253717,151.122950553894,170.41130065918,148.835998535156,0,136.205505371094,189.850743611654,0,108.762957387896,116.230649236423,155.205730438232,146.619986283152,0,128.404867299398,84.3758326747961,103.357310009679,162.313494755672,0,140.916807174683,93.4179230406642,140.985881652832,195.692269897461,146.413926188151,171.295166015625,0,194.988372802734,119.154035519331
90.0114616155624,16.3386906315299,48.8668471417099,14.3011201203927,109.779688262939,99.695930480957,134.591849565506,74.0274863974021,122.63468003099,70.7767751009324,115.453125789248,82.4916666386801,163.914956665039,64.1472140554886,112.864343007406,148.804176330566,67.2873060024851,62.008777155948,78.3242009106804,64.3520157594812,172.772480964661,72.2482193692803,31.2786324462602,69.5844628567598,51.1501026039352,22.4417882161062,54.5027471741872,44.8819021742176,52.0148328349496,70.9920723578509,58.105504698256,69.0156028167061,126.167904663086,59.4514446443724,60.7946891169394,118.389898512099,39.1827267328898,63.9350164839365,32.5725629734543,0,0,0,90.5464740480695,153.612525939941,57.9057949851541,0,140.986356462751,0,64.6600112915039,145.834762573242,0,61.6594068627608,76.3098771538533,83.900203704834,115.765167236328,0,89.5531063079834,42.5417792756679,89.4379808677817,98.3124815312828,50.8044586181641,98.380968654857,56.940050353092,61.2886924743652,83.9941638066218,68.0970387092003,112.132000605265,0,107.934523264567,81.522547454834
71.6619425780021,108.660344500874,131.675620445838,109.779688262939,8.15312537072245,117.478703090123,73.0622051718401,34.0499239517564,86.2741231184739,41.8551339320912,14.0534385115547,172.844600970928,27.5059931075844,172.153523958646,97.2766712759143,75.3334347509569,97.9507337716909,159.962220001221,179.393488566081,167.220603494083,15.6326655402367,130.304231643677,68.6645349584941,140.433869795366,18.8891319946119,146.870987176895,169.830910746257,133.231014110424,16.4311502946973,87.0648832470959,96.8340319369702,182.870889282227,149.961573514071,75.0450074937608,112.253543406993,124.049774169922,0,195.084899902344,120.982530321394,8.96522728646739,0,116.348875045776,100.579657121138,146.027193705241,73.4450347900391,100.183262394924,216.169219970703,32.8136043604682,0,144.364910125732,139.941865921021,109.069175720215,207.19979095459,0,0,12.9130442388942,0,78.7813975016276,0,71.9177065472449,0,0,197.020805358887,92.4840152027843,145.07400226593,127.543243408203,0,0,154.248580932617,168.078628540039
71.5873255048479,114.006538391113,169.97554473877,99.695930480957,117.478703090123,7.20650867857584,11.5638339373506,119.087759399414,17.1102943347496,51.5536075763488,114.489649527414,53.659670364566,114.139678261497,77.2266706319956,30.1637192580584,15.4432389981757,0,101.487761361258,92.1195744105748,97.4956809997559,132.382476219764,100.396705627441,125.829261779785,134.855631510417,115.294994851817,0,101.686503728231,119.645968845912,130.678927454455,25.0361920883666,136.078758239746,104.958464940389,10.0973215872646,0,29.3632625628358,0,0,154.683380126953,105.715352376302,201.504257202148,0,0,177.219314575195,0,136.113873291016,0,0,0,143.092758178711,0,233.716232299805,180.534515380859,0,0,0,0,0,0,152.020935058594,158.444645808293,0,140.32300567627,149.07661819458,0,201.067199707031,0,0,0,204.581954956055,207.28385925293
76.8081835648109,149.608642578125,134.687104949427,134.591849565506,73.0622051718401,11.5638339373506,9.12043117931488,68.6852839621263,21.7049929973004,76.6451381670462,26.0751508755859,80.5462243959501,21.1589353151811,126.557869679219,31.7160121620917,10.5379442332465,154.811943054199,155.94382707128,153.594890301044,170.775010245187,60.316282214443,119.226223206252,143.349037343805,130.366880895885,74.6455815627278,0,152.261295554079,154.304162677016,73.0230255181605,29.7989428383643,94.0572468551559,156.879429711236,20.8627665428137,110.096294403076,47.8714586040407,199.260934448242,176.618835449219,197.393395057091,131.176841442402,114.456522623698,0,185.709607805525,151.126977103097,196.969044494629,108.876309114344,172.869877815247,155.960678100586,36.6516828536987,197.831954956055,190.834584554036,161.32292175293,170.393095652262,208.541000366211,180.397120157878,0,0,224.244323730469,162.215365409851,193.671844482422,128.087746214255,137.667129516602,176.336986541748,191.404561913532,146.160339182073,177.729160655629,183.154678344727,182.087585449219,0,158.530925750732,191.931900024414
22.3220178264804,134.422808720515,86.0645984271625,74.0274863974021,34.0499239517564,119.087759399414,68.6852839621263,10.8053942475305,58.0480354530224,55.5201048281412,13.3351840123589,142.910520492061,58.0425883781619,167.198213365343,20.7039754249332,75.0003522370991,89.3171625137329,118.352516253789,158.30194913424,143.820363672768,109.455474058787,68.7228657229916,79.4014164237089,76.0454998365166,47.6352669629576,168.21250406901,105.425126986337,108.657257302726,20.2039414285289,64.2367404306706,16.3876297973069,181.213200378418,132.976951871599,57.1385400839869,89.2414567584785,130.639330937312,0,162.750450827859,74.3225576056809,125.340884399414,0,135.347063700358,120.241264512804,142.756764729818,70.6333304665305,127.028365665012,0,138.496520996094,0,143.227363868996,157.022778828939,109.404033314098,170.977914428711,0,0,0,153.845802307129,101.157983218922,146.94675498785,93.4113123377446,0,197.320242745536,159.698280334473,115.823871468598,135.177794671828,138.957422892253,229.339263916016,182.037902832031,136.847756067912,144.274081548055
39.0123701024487,155.485991391269,122.497725865409,122.63468003099,86.2741231184739,17.1102943347496,21.7049929973004,58.0480354530224,11.8475574493529,96.7683854422833,30.6620360797378,93.2818422296265,48.5406930827256,128.130062064739,15.2113118721064,31.5724918151231,141.849740219116,134.413803850002,167.039124922319,158.458870907219,85.5827682318123,110.680168357047,120.583283441717,118.869606398372,90.6848047244184,125.520586013794,143.209071111327,147.315054171013,75.8405073982312,24.6444787749148,78.494015740261,145.83098897067,17.2936900910531,92.0007031758626,69.2399083430281,182.47569165911,175.971969604492,193.631526947021,113.083334604899,157.898112826877,229.538360595703,189.95766321818,152.853889579204,182.53102574204,106.503362187368,165.058845943875,191.972717285156,77.3845596313477,134.234710693359,179.605722045898,197.422744750977,164.365047999791,209.706011454264,0,158.268173217773,162.980838775635,202.337946573893,134.541827808727,186.604251758472,133.357861002686,124.454742431641,202.577155480018,186.873651421588,147.597519916037,187.829129426376,199.681437174479,141.460067749023,0,182.886982727051,188.985967748305
69.5926905541024,85.2311389313804,126.93844498181,70.7767751009324,41.8551339320912,51.5536075763488,76.6451381670462,55.5201048281412,96.7683854422833,10.1718721784499,72.6014568821914,154.759598173468,9.3902086745664,142.272406638333,95.5718767986933,17.7329658310152,68.5550766899472,138.290929158529,162.572216699994,149.734628720915,33.4999517933697,105.70175299925,33.1668395636162,119.800706595705,28.1496488203012,123.282709191203,140.598237035372,132.491804962158,53.4159508727487,75.3729808752617,59.7028772835228,161.891817220052,138.753783961705,63.6715301478914,98.5812937186016,119.015958786011,0,173.565984090169,111.88166148846,65.6619804876822,0,112.558773387562,72.1471418762207,109.292730543349,36.4892631448725,98.891671088434,0,73.3431049693715,185.991317749023,138.076407296317,78.4417584737142,81.5560164451599,158.454582214355,0,195.676096598307,64.4194372722081,0,62.4742205142975,174.3866784232,58.5863030664544,168.592361450195,194.272598266602,162.964706420898,86.4451617365298,128.572792194508,76.4127859388079,0,0,95.8413098653158,116.323792648315
60.332941655474,170.574703216553,104.402120774792,115.453125789248,14.0534385115547,114.489649527414,26.0751508755859,13.3351840123589,30.6620360797378,72.6014568821914,10.249492626872,140.002340443929,25.3644984935571,166.849658308358,30.3442715452311,62.0330895161469,136.670851813422,162.049308586121,174.15518624442,172.931500434875,21.2559641467629,84.1158708217925,119.780315551758,107.662994542771,47.8381599519694,158.954400634766,137.82713480829,143.345583663874,26.4134847870022,86.5320419247743,61.68892479921,175.60996500651,126.693298983287,84.2851080460982,93.2796647575464,207.080169677734,0,177.219879150391,150.995103018624,102.100549798263,0,142.737380981445,143.929345972398,192.305032348633,120.86552213033,134.501400841607,186.907272338867,31.011275508187,221.400405883789,144.099746704102,0,160.447143554688,0,190.586166381836,0,123.906640189035,0,130.191931588309,159.749380929129,98.7006411177389,0,0,174.594620598687,133.538379571377,180.639083862305,173.966293334961,0,0,197.522542317708,187.989111328125
127.520286873595,79.3058471303855,98.8973109666691,82.4916666386801,172.844600970928,53.659670364566,80.5462243959501,142.910520492061,93.2818422296265,154.759598173468,140.002340443929,12.3697818440747,145.102982986805,27.061850837157,79.7122357146545,104.689274215698,127.816092681885,58.0027149880579,23.4530271371699,30.7581489617374,145.000942577015,107.145191728576,110.298041649114,99.7170811351977,164.501904275682,42.5308764006199,36.185607996741,72.0083775133116,147.094657962062,77.7969139017017,107.766238257999,52.2534468328562,65.6441387529133,138.622911071777,26.4324266978216,233.014404296875,118.886113484701,155.649848937988,86.1634433052757,0,173.099746704102,0,185.365076700846,237.736862182617,161.586243693034,227.933532714844,106.472160138582,0,86.0758538091226,221.444254557292,234.780670166016,158.15544128418,142.523511614118,120.456472280074,130.123043921686,0,0,150.334449768066,173.727407602163,184.02535756429,70.7308581670125,115.122539096408,111.090237010609,203.443311055501,0,0,102.436426174716,0,0,126.375300676395
85.2599017803486,149.99201965332,141.033907037032,163.914956665039,27.5059931075844,114.139678261497,21.1589353151811,58.0425883781619,48.5406930827256,9.3902086745664,25.3644984935571,145.102982986805,10.0665659851129,168.241413879395,94.2358732576723,23.4875438610713,131.77522277832,195.872665405273,165.854530334473,202.427097865513,15.0615655839428,114.388554164342,104.098029613495,135.948137619916,31.6127161470567,158.746368408203,166.048823220389,155.090510813395,50.8072123200409,102.277447088709,111.47128944397,186.20036315918,132.60714747111,95.4510817094283,104.785177838361,0,0,240.89111328125,183.757507324219,35.7464042598918,0,51.6127302381727,181.276164245605,157.434763590495,74.5857481956482,37.3021846439527,0,8.73274889263926,0,155.817932128906,0,181.323257446289,0,0,0,10.0901704117872,161.941879272461,0,169.513034820557,99.1132849141171,0,247.918472290039,215.862014770508,107.426970395175,0,0,0,0,0,202.818069458008
142.050119527181,58.2193082238353,99.6534262886883,64.1472140554886,172.153523958646,77.2266706319956,126.557869679219,167.198213365343,128.130062064739,142.272406638333,166.849658308358,27.061850837157,168.241413879395,9.26990026706446,115.238662213087,186.549499511719,131.286539077759,101.665027244418,56.2982920814543,82.305128676803,167.688138834635,149.464576721191,90.7086818620756,121.637959177901,156.889431391007,25.0648261696231,63.0894418629283,34.2269784347599,174.236767450968,117.854272802671,156.816285838252,14.847004530688,92.8952668263362,167.681355794271,66.3745964309932,239.760955810547,98.7098326249556,164.481145222982,66.2894349416097,168.894790649414,0,163.092590332031,204.079025268555,0,170.116644723075,229.140731811523,90.4323487100722,0,72.7741803563933,0,0,0,133.620056152344,104.316170501709,131.437306490811,0,0,168.520520891462,168.509160359701,197.469769477844,57.0988276595369,108.087438878005,100.860113600189,228.01008605957,111.439117431641,0,92.4382743203179,0,230.373611450195,119.692892710368
13.1601633480329,144.504895019531,115.392546402182,112.864343007406,97.2766712759143,30.1637192580584,31.7160121620917,20.7039754249332,15.2113118721064,95.5718767986933,30.3442715452311,79.7122357146545,94.2358732576723,115.238662213087,9.97635805113277,51.1107790155928,144.620533534459,124.726111693858,146.332318305969,140.823950475576,92.5900203411396,99.7462981943883,124.647859258966,108.053197549936,96.5003682124492,120.666456010607,135.859511078678,142.624898781064,86.6077691763926,20.4830488627388,49.0334648699077,124.046359006096,18.6123847962914,55.9428840818859,48.7038224223503,175.90646870931,0,190.181726074219,107.910006049539,132.184783935547,0,186.255069439228,145.295565221217,182.962468927557,101.365939591703,168.258301507859,170.596298217773,100.75373840332,0,181.771884624775,160.285621643066,145.919984817505,193.052825927734,166.683242797852,192.647567749023,165.2974609375,200.375788370768,142.600121238015,185.411060039814,133.430670067486,145.546585083008,190.290221150716,178.590701875233,154.977499841761,179.852998521593,178.210501098633,163.205276489258,0,170.888636869543,180.601459371633
95.3250039907602,142.773488998413,135.028400346345,148.804176330566,75.3334347509569,15.4432389981757,10.5379442332465,75.0003522370991,31.5724918151231,17.7329658310152,62.0330895161469,104.689274215698,23.4875438610713,186.549499511719,51.1107790155928,7.86788344281886,161.075836181641,166.081766037714,178.516979980469,171.934600830078,81.0316755121405,122.182840824127,98.5279094989483,139.08088796279,72.4646419772395,0,154.690363797275,157.790836979793,85.3180218736331,55.8016533201391,92.9026057243347,0,41.6971862720993,127.864730834961,82.8463266126571,0,0,220.782348632812,122.798324584961,0,0,0,140.326326370239,173.398414611816,143.190221786499,144.111345926921,0,0,164.875427246094,0,0,158.592071533203,206.811645507812,0,0,0,0,180.932243347168,163.210531234741,138.865859985352,0,0,183.208147321429,151.661117553711,168.039993286133,0,0,0,0,183.638305664062
102.670263290405,66.4414249821713,89.0300747183866,67.2873060024851,97.9507337716909,0,154.811943054199,89.3171625137329,141.849740219116,68.5550766899472,136.670851813422,127.816092681885,131.77522277832,131.286539077759,144.620533534459,161.075836181641,17.2086695667576,101.327496504583,139.76612218221,123.3235408238,0,19.5458881344304,32.8653612474904,18.3602567583002,34.7677122667032,113.167335510254,114.845202677959,33.4854083459518,39.9443646046714,124.747656388716,77.8887793968464,156.607841491699,178.634719848633,76.2491079057966,81.5805903080005,215.623077392578,0,128.349327087402,59.2680130113874,0,0,0,143.517002105713,0,78.3208690990101,187.473846435547,0,0,0,0,0,86.849882776597,142.746826171875,0,167.676574707031,0,106.32015310015,70.2329957485199,98.85978931427,126.477148168227,0,198.890266418457,109.733727455139,133.141992742365,122.515785217285,113.262130150428,0,0,118.46280670166,126.508914402553
93.2660594916925,58.1556968058035,38.4102314455655,62.008777155948,159.962220001221,101.487761361258,155.94382707128,118.352516253789,134.413803850002,138.290929158529,162.049308586121,58.0027149880579,195.872665405273,101.665027244418,124.726111693858,166.081766037714,101.327496504583,11.8523850500784,60.0160352810009,22.4111671609205,182.049551391602,46.636365111791,77.6515669092402,27.7857846284534,133.46381354332,88.3002079234404,38.6214239153367,67.239674825868,110.925540340648,84.117901866514,62.5489145155769,100.05601294566,121.481764793396,106.004360872156,31.95395270226,239.791564941406,90.0450466700963,106.352509076408,76.3853946880702,185.131317138672,0,0,183.944301829619,212.520585280198,150.166327582465,195.112747192383,156.34574508667,0,130.49188079834,195.9518498012,208.076965332031,134.550608520508,123.763362811162,132.75057220459,138.092544360039,197.119216918945,140.843179066976,96.9097918701172,123.380389687241,173.379501049335,133.4967918396,122.441324996948,108.555859157017,180.265382130941,213.682731628418,157.433888753255,182.238861083984,0,171.534141540527,133.255439322335
139.970340183803,83.5308835347493,95.139432894799,78.3242009106804,179.393488566081,92.1195744105748,153.594890301044,158.30194913424,167.039124922319,162.572216699994,174.15518624442,23.4530271371699,165.854530334473,56.2982920814543,146.332318305969,178.516979980469,139.76612218221,60.0160352810009,10.2033637264364,24.189645000156,176.30588684082,114.733977751298,115.39645591942,111.482757746379,178.755888995002,51.0023476580064,38.3600735151086,72.4626999743449,157.49638027615,122.076432109749,117.468797609788,57.7845371688384,100.092644958496,130.08491734096,68.5624721237502,0,125.149627685547,144.816150241428,77.3308150802833,0,0,0,0,0,0,232.164794921875,112.288360777355,0,98.4748388699123,190.512084960938,0,190.148941040039,146.848719278971,119.554877344767,124.490844726562,0,0,139.269432067871,178.575050354004,213.480180528429,80.0750448438856,115.107284138997,113.423367970646,240.236145019531,0,192.689208984375,107.996905531839,153.703079223633,0,129.771545236761
116.656996842754,60.1522899063774,72.8835294336797,64.3520157594812,167.220603494083,97.4956809997559,170.775010245187,143.820363672768,158.458870907219,149.734628720915,172.931500434875,30.7581489617374,202.427097865513,82.305128676803,140.823950475576,171.934600830078,123.3235408238,22.4111671609205,24.189645000156,10.6674013664606,191.697868347168,76.3433767774144,92.0113562868353,68.1382995796204,151.985368562781,50.5663143862849,35.1406085692619,71.725482230757,134.736135581105,105.016942830404,82.578925361734,76.2663430833631,98.9835319519043,103.291014671326,46.6282714052538,192.510609944661,101.024119567871,115.935330293616,68.8168332103486,185.761611938477,0,0,205.745108032227,213.243160247803,176.599552699498,205.497459411621,135.381020069122,235.905899047852,121.42747234476,201.092633056641,0,165.409489949544,127.502389244411,137.406578381856,123.581577028547,0,149.013891220093,131.354128265381,143.855503874005,180.79285736084,92.7553524441189,108.947012080317,111.151969682603,196.596936035156,188.933103288923,176.621606445312,118.434809207916,0,158.698013305664,134.518322664149
74.6649999022484,139.628009033203,175.881947835286,172.772480964661,15.6326655402367,132.382476219764,60.316282214443,109.455474058787,85.5827682318123,33.4999517933697,21.2559641467629,145.000942577015,15.0615655839428,167.688138834635,92.5900203411396,81.0316755121405,0,182.049551391602,176.30588684082,191.697868347168,10.9461992983964,216.581970214844,84.9795876436455,151.919738769531,33.294423516259,158.716995239258,185.416375296456,172.617626356042,25.1744333183542,99.2620823988274,146.0478515625,188.929077148438,138.729816754659,114.335689544678,101.618029575722,0,0,207.609161376953,156.836395263672,20.5635824491238,0,0,168.950032552083,145.97639465332,123.517448425293,123.692911783854,0,11.9713571109469,0,191.982086181641,0,181.378517150879,0,0,0,3.8979190440522,0,137.553283691406,0,95.2694508292458,0,221.981918334961,212.844329833984,139.925896644592,0,0,0,0,161.955947875977,0
75.2860962308286,91.4223658243815,52.0727162813772,72.2482193692803,130.304231643677,100.396705627441,119.226223206252,68.7228657229916,110.680168357047,105.70175299925,84.1158708217925,107.145191728576,114.388554164342,149.464576721191,99.7462981943883,122.182840824127,19.5458881344304,46.636365111791,114.733977751298,76.3433767774144,216.581970214844,11.5817676936921,52.8829143893334,25.959004704434,16.8939846203176,123.321418762207,88.250881009334,74.5977901476566,24.1748713750369,41.0802159625506,28.9547937073467,142.994963169098,148.898174285889,66.426114745762,49.0544579963471,119.783298492432,105.506031036377,138.762911576491,62.6069170443598,0,0,0,110.416479928153,0,109.713151216507,0,0,0,196.729995727539,180.794742584229,0,106.76368032183,168.426747639974,196.221725463867,171.856170654297,0,110.742412177884,66.1520014903584,121.529064178467,114.721955871582,0,163.430325317383,133.865622758865,111.651812891806,120.086071268717,108.329462517632,0,0,101.807258605957,132.805028703478
85.3140836255304,22.9356502580095,52.8359656365642,31.2786324462602,68.6645349584941,125.829261779785,143.349037343805,79.4014164237089,120.583283441717,33.1668395636162,119.780315551758,110.298041649114,104.098029613495,90.7086818620756,124.647859258966,98.5279094989483,32.8653612474904,77.6515669092402,115.39645591942,92.0113562868353,84.9795876436455,52.8829143893334,7.37500290288117,51.9470290855216,40.9888429155687,70.6070297328905,83.9266362371324,44.8814539675709,59.7057211631283,86.6333986918132,60.2803853017691,105.710487852705,157.119541931152,65.2368076252487,70.001438099405,153.531021118164,82.4133987426758,105.194465637207,19.3714394910898,140.002857208252,218.004974365234,150.495635986328,121.73501141866,145.74226252238,76.9158588675566,138.975246429443,0,0,137.036605834961,159.763616289411,146.398986816406,51.689429964338,106.320295480581,157.599220275879,173.430997212728,0,62.0788470619603,22.7457626198613,63.4668517465945,100.608308506012,75.6728210449219,146.361701117622,93.1121211804842,110.869832356771,135.668521881104,82.5153556492018,157.684560139974,0,124.65064239502,113.394487925938
83.2642324045164,88.8344820870294,26.4489479230594,69.5844628567598,140.433869795366,134.855631510417,130.366880895885,76.0454998365166,118.869606398372,119.800706595705,107.662994542771,99.7170811351977,135.948137619916,121.637959177901,108.053197549936,139.08088796279,18.3602567583002,27.7857846284534,111.482757746379,68.1382995796204,151.919738769531,25.959004704434,51.9470290855216,15.7355208633798,66.7847927022405,104.76696395874,63.8437581235668,39.4839872338244,43.3266927801726,65.7882153682968,47.4949455907629,128.965594228109,158.202688737349,78.318042755127,47.5482487089395,169.460777282715,92.3969398498535,105.982345058493,57.3427451477051,190.334320068359,0,191.596856253488,155.359680539086,183.541112485139,133.875972323947,166.575804574149,150.714324951172,0,191.1904296875,183.618199157715,0,97.4418209584212,133.270380810993,172.826370239258,162.802163865831,0,110.289502565026,74.8572536293977,104.595966046415,141.231291097005,158.63151550293,156.698496851428,100.130355235454,138.760032837649,189.183168851412,126.531151362828,0,0,122.446182250977,121.911580403646
71.268222162934,96.0379131117117,121.388556987316,51.1501026039352,18.8891319946119,115.294994851817,74.6455815627278,47.6352669629576,90.6848047244184,28.1496488203012,47.8381599519694,164.501904275682,31.6127161470567,156.889431391007,96.5003682124492,72.4646419772395,34.7677122667032,133.46381354332,178.755888995002,151.985368562781,33.294423516259,16.8939846203176,40.9888429155687,66.7847927022405,14.3362831664315,135.435569552718,141.633084931832,98.3963855918199,17.4817107893657,76.8717247348361,66.2228797193379,169.336504954212,142.38640154325,68.7930627173566,93.5726063516405,124.277428288614,0,161.567622844989,60.7637501287158,60.5771320288694,0,135.639910033255,102.794085449868,139.789620518684,56.7126618938575,113.27564841257,212.474102783203,41.96457191876,0,140.213916313357,142.449611061498,83.0939657831767,183.052600860596,214.518669128418,177.63111114502,33.4872527558819,114.066948740106,68.5699868520101,149.005379718283,77.5134383766235,0,207.881945800781,163.94414954092,102.4864345635,130.270444991741,113.102299826486,0,0,128.287412967322,134.185208432309
144.725332641602,28.3285327977848,100.258120218913,22.4417882161062,146.870987176895,0,0,168.21250406901,125.520586013794,123.282709191203,158.954400634766,42.5308764006199,158.746368408203,25.0648261696231,120.666456010607,0,113.167335510254,88.3002079234404,51.0023476580064,50.5663143862849,158.716995239258,123.321418762207,70.6070297328905,104.76696395874,135.435569552718,8.65894537364977,45.257865896828,21.3590840030046,155.28226177509,102.503710174561,138.411801656087,47.5250106916036,92.3669706072126,147.033950805664,64.7623513039578,0,80.0907688140869,0,40.1828960040036,169.283706665039,0,0,0,0,142.279229736328,0,65.2761577806975,0,43.3629182315765,0,0,0,112.929298400879,86.9912969149076,81.2404804229736,208.956604003906,0,71.1791915893555,0,172.650941848755,16.6264062722524,71.330809626086,65.7337065197173,171.302322387695,0,0,63.8897603732436,0,0,101.192474842072
114.148318828634,52.08157590326,29.5637993465552,54.5027471741872,169.830910746257,101.686503728231,152.261295554079,105.425126986337,143.209071111327,140.598237035372,137.82713480829,36.185607996741,166.048823220389,63.0894418629283,135.859511078678,154.690363797275,114.845202677959,38.6214239153367,38.3600735151086,35.1406085692619,185.416375296456,88.250881009334,83.9266362371324,63.8437581235668,141.633084931832,45.257865896828,17.7850292357757,40.5762326434221,123.097893804874,119.915463968013,92.8254020845691,41.5065955574305,119.098728942871,113.268490382603,63.7846190146944,187.003057479858,96.7736279060101,103.87520477028,60.6955640494823,181.679528808594,0,199.066360473633,176.008358001709,203.447066673866,168.283063715154,209.384357452393,115.344126441262,196.820190429688,102.603298272979,193.403781890869,219.233184814453,141.289064507735,113.141739828144,115.18583799998,114.464719660767,0,149.003014119466,127.297049931117,125.911801895039,181.744433754369,80.2403168898362,102.348896463328,100.63677425302,167.922834543081,198.139577229818,180.133806565229,103.718375679496,158.804626464844,156.540328979492,119.563131223688
126.398648836562,35.7933306965313,34.0613421713461,44.8819021742176,133.231014110424,119.645968845912,154.304162677016,108.657257302726,147.315054171013,132.491804962158,143.345583663874,72.0083775133116,155.090510813395,34.2269784347599,142.624898781064,157.790836979793,33.4854083459518,67.239674825868,72.4626999743449,71.725482230757,172.617626356042,74.5977901476566,44.8814539675709,39.4839872338244,98.3963855918199,21.3590840030046,40.5762326434221,17.7253803225934,84.0742423420048,122.430801050623,105.743242394833,32.6824183977342,122.715837870559,120.280094586886,70.3026980648466,185.497716631208,90.2997412722335,98.7255237230367,63.3735070776115,180.386562347412,154.933197021484,200.135080973307,163.290534270437,193.257195105919,157.483217511858,176.545341128395,113.349554043372,166.517845153809,100.008848222097,200.380307247764,195.423126220703,100.23217078544,117.802821595253,115.638305664062,120.007339456694,186.010139465332,127.99720309643,84.6766381875063,101.819891641213,160.044605849625,69.6394566599528,109.662895603859,97.6256182245139,157.585236854924,185.169226379395,151.437504417018,105.803570079803,0,188.583002090454,120.184985447597
64.9679560451914,104.577899551392,77.0007686444183,52.0148328349496,16.4311502946973,130.678927454455,73.0230255181605,20.2039414285289,75.8405073982312,53.4159508727487,26.4134847870022,147.094657962062,50.8072123200409,174.236767450968,86.6077691763926,85.3180218736331,39.9443646046714,110.925540340648,157.49638027615,134.736135581105,25.1744333183542,24.1748713750369,59.7057211631283,43.3266927801726,17.4817107893657,155.28226177509,123.097893804874,84.0742423420048,10.0936953417301,72.5648754445657,40.2840668040214,187.519581386021,135.78040879496,62.2731685340405,60.1131534887397,127.327224608391,0,159.280985695975,66.9206531855065,106.444227682578,0,139.483741087072,100.904211612148,139.999712029282,65.3984512102486,121.486528737921,219.092137654622,86.7504180908203,204.854965209961,141.313921916916,133.42938401964,92.6713279508195,173.880006269975,217.407791137695,207.255592346191,119.817416104403,118.540974121094,69.563238624398,133.206636137121,88.3637395417207,0,185.074883597238,151.298681894938,106.106415556188,132.140794332404,108.155093897944,0,170.386901855469,120.196461786989,131.63536506842
16.2903580664326,132.075420947785,114.603360531747,70.9920723578509,87.0648832470959,25.0361920883666,29.7989428383643,64.2367404306706,24.6444787749148,75.3729808752617,86.5320419247743,77.7969139017017,102.277447088709,117.854272802671,20.4830488627388,55.8016533201391,124.747656388716,84.117901866514,122.076432109749,105.016942830404,99.2620823988274,41.0802159625506,86.6333986918132,65.7882153682968,76.8717247348361,102.503710174561,119.915463968013,122.430801050623,72.5648754445657,13.432382280055,22.318076849499,117.5309342175,19.5841335342243,15.8628693036593,30.9482943603221,157.054149627686,127.614437103271,170.710533650716,93.1855201887772,137.537206796499,0,180.561626858181,128.425170303939,169.497489452362,88.6905226906141,146.040699310303,188.529876708984,105.028961181641,166.237170410156,174.749172069408,179.119417826335,104.316340822162,173.59543762207,170.877029418945,171.673834664481,140.888626098633,169.463568369548,97.3363600158691,177.856975979275,120.106462198484,172.525543212891,159.938543395996,157.619274139404,133.973343118032,161.934044639663,129.5885071293,168.67311706543,0,154.883563995361,161.092943731344
21.0561008008214,113.720648765564,65.1646053665322,58.105504698256,96.8340319369702,136.078758239746,94.0572468551559,16.3876297973069,78.494015740261,59.7028772835228,61.68892479921,107.766238257999,111.47128944397,156.816285838252,49.0334648699077,92.9026057243347,77.8887793968464,62.5489145155769,117.468797609788,82.578925361734,146.0478515625,28.9547937073467,60.2803853017691,47.4949455907629,66.2228797193379,138.411801656087,92.8254020845691,105.743242394833,40.2840668040214,22.318076849499,11.5697166146694,146.7917137146,145.530437215169,53.6687877418021,31.3631349935897,132.2230436537,115.320579528809,149.840202562737,78.4867628372927,145.276916503906,203.493362426758,169.482517787388,115.466301557753,160.450087113814,69.1684107099261,140.052406311035,224.31819152832,0,199.12907409668,153.934638173957,201.14217376709,97.2659442982775,174.250783746893,0,174.191284179688,0,133.533462032195,75.1580208357765,140.944795099894,102.118880882328,0,176.449249267578,143.856507059733,116.536756494543,136.411711821685,117.882342276489,0,0,125.28953951881,135.012070057004
169.200142996652,75.1168211975098,98.8329139709473,69.0156028167061,182.870889282227,104.958464940389,156.879429711236,181.213200378418,145.83098897067,161.891817220052,175.60996500651,52.2534468328562,186.20036315918,14.847004530688,124.046359006096,0,156.607841491699,100.05601294566,57.7845371688384,76.2663430833631,188.929077148438,142.994963169098,105.710487852705,128.965594228109,169.336504954212,47.5250106916036,41.5065955574305,32.6824183977342,187.519581386021,117.5309342175,146.7917137146,7.98753630916571,116.036482069227,170.238754272461,80.4181049599632,222.331405639648,128.662552466759,160.064942932129,75.6480580057417,194.559692382812,0,181.708786010742,0,0,192.947794596354,222.916488647461,112.248811721802,0,97.51199633927,187.092735290527,0,0,174.44387512207,115.627996496252,122.472679138184,217.636947631836,0,134.118759155273,181.39334487915,213.261001586914,74.6878568137564,114.329459619522,109.700063157659,0,0,0,106.457616237172,0,186.424652099609,129.692669423421
87.2801504770915,134.510801315308,134.077819824219,126.167904663086,149.961573514071,10.0973215872646,20.8627665428137,132.976951871599,17.2936900910531,138.753783961705,126.693298983287,65.6441387529133,132.60714747111,92.8952668263362,18.6123847962914,41.6971862720993,178.634719848633,121.481764793396,100.092644958496,98.9835319519043,138.729816754659,148.898174285889,157.119541931152,158.202688737349,142.38640154325,92.3669706072126,119.098728942871,122.715837870559,135.78040879496,19.5841335342243,145.530437215169,116.036482069227,6.02094848729177,74.8420384724935,37.3668732912745,0,0,143.776626586914,139.499358585903,0,0,0,186.379013061523,221.18229675293,143.826260884603,242.315200805664,0,0,148.846570332845,215.479080200195,0,0,0,0,173.098480224609,0,0,158.09228515625,160.902130126953,175.614712622858,113.863777160645,160.893112182617,160.415283203125,182.957678900825,210.210182189941,0,180.999130249023,0,195.155784606934,205.582229614258
31.2770362581526,97.1007080078125,91.3799591064453,59.4514446443724,75.0450074937608,0,110.096294403076,57.1385400839869,92.0007031758626,63.6715301478914,84.2851080460982,138.622911071777,95.4510817094283,167.681355794271,55.9428840818859,127.864730834961,76.2491079057966,106.004360872156,130.08491734096,103.291014671326,114.335689544678,66.426114745762,65.2368076252487,78.318042755127,68.7930627173566,147.033950805664,113.268490382603,120.280094586886,62.2731685340405,15.8628693036593,53.6687877418021,170.238754272461,74.8420384724935,8.84564543944053,14.6773234226721,131.939000447591,0,183.996994018555,80.2936227379776,131.98105875651,0,155.173604329427,116.298365729196,161.062650240385,76.1762157621838,150.640382554796,0,0,0,144.273206270658,142.23193359375,90.7261360168457,162.014095306396,0,203.947708129883,0,0,89.6151809692383,154.21076965332,105.959049789994,0,212.739868164062,160.026268005371,122.664196894719,144.734991776316,125.190696716309,0,0,149.037097167969,149.791453434871
75.345816783051,62.1071814304334,55.1100200934344,60.7946891169394,112.253543406993,29.3632625628358,47.8714586040407,89.2414567584785,69.2399083430281,98.5812937186016,93.2796647575464,26.4324266978216,104.785177838361,66.3745964309932,48.7038224223503,82.8463266126571,81.5805903080005,31.95395270226,68.5624721237502,46.6282714052538,101.618029575722,49.0544579963471,70.001438099405,47.5482487089395,93.5726063516405,64.7623513039578,63.7846190146944,70.3026980648466,60.1131534887397,30.9482943603221,31.3631349935897,80.4181049599632,37.3668732912745,14.6773234226721,10.3306291563646,162.907545609908,104.529494094849,107.323721241577,76.0936554104674,190.105041503906,0,177.715321858724,139.567609538203,176.170406765408,89.2419682849537,170.578800201416,134.339043658713,163.758193969727,133.216291046143,178.382478713989,0,112.683066786381,125.596183573405,135.983583550704,132.052932438098,212.276016235352,136.189034598214,96.2973446123528,123.533213939482,124.498520860394,101.202913829259,116.943929838654,111.933921594507,146.472708861033,165.205782376803,126.636497860863,123.330780029297,192.172409057617,151.497534179688,139.00061416626
149.132587086071,0,181.694927215576,118.389898512099,124.049774169922,0,199.260934448242,130.639330937312,182.47569165911,119.015958786011,207.080169677734,233.014404296875,0,239.760955810547,175.90646870931,0,215.623077392578,239.791564941406,0,192.510609944661,0,119.783298492432,153.531021118164,169.460777282715,124.277428288614,0,187.003057479858,185.497716631208,127.327224608391,157.054149627686,132.2230436537,222.331405639648,0,131.939000447591,162.907545609908,17.1333013675303,143.958923339844,127.28511768383,85.6624570350124,86.0832384024093,85.6747779846191,94.9192268828042,27.7931139415181,43.2517778191678,71.0245022126998,60.2654839506566,123.631137959441,86.6227763249324,214.010025024414,14.5067443691155,103.488135019938,74.5356980391911,105.778314042188,139.262621823479,126.343916308972,84.2208744929387,80.2655540117076,82.3259672922631,99.1885788562762,70.7785695206272,140.749801635742,125.52481440385,142.190467404329,73.236498678596,17.1038213851298,27.6408869091337,174.838176727295,107.692606244768,41.4345650355021,83.5458475152652
155.511672973633,77.4709369659424,78.7216199239095,39.1827267328898,0,0,176.618835449219,0,175.971969604492,0,0,118.886113484701,0,98.7098326249556,0,0,0,90.0450466700963,125.149627685547,101.024119567871,0,105.506031036377,82.4133987426758,92.3969398498535,0,80.0907688140869,96.7736279060101,90.2997412722335,0,127.614437103271,115.320579528809,128.662552466759,0,0,104.529494094849,143.958923339844,8.65754207485086,53.7076059411334,18.4519669945901,0,0,151.789428710938,126.805839538574,162.491779033954,74.6990319413748,159.697761535645,76.153172940624,126.474767049154,63.0258442797559,144.960177739461,129.313214111328,48.9144415855408,62.6866015038123,78.9330842471817,67.7542958038532,0,102.459924970354,27.8877892464756,78.3727497835772,77.2879479667827,21.6610473827753,51.5046103032543,33.3758951566578,101.967666625977,137.651499430339,115.242997096135,74.855804692144,0,105.707038879395,69.5141186489954
164.399354722765,90.1229098183768,93.8987751635324,63.9350164839365,195.084899902344,154.683380126953,197.393395057091,162.750450827859,193.631526947021,173.565984090169,177.219879150391,155.649848937988,240.89111328125,164.481145222982,190.181726074219,220.782348632812,128.349327087402,106.352509076408,144.816150241428,115.935330293616,207.609161376953,138.762911576491,105.194465637207,105.982345058493,161.567622844989,0,103.87520477028,98.7255237230367,159.280985695975,170.710533650716,149.840202562737,160.064942932129,143.776626586914,183.996994018555,107.323721241577,127.28511768383,53.7076059411334,15.650806975116,52.3360097653672,195.07438659668,158.155879974365,156.777840396814,101.477388989072,137.824740292976,105.212661779152,128.023760031538,93.0488462555275,163.613438924154,113.194872702322,135.608605341581,159.152456283569,84.8707142027598,39.400786646459,88.4730284454626,75.0389942937684,0,66.6160285373682,66.0920063654582,29.7488513168074,108.686395859718,93.2980390276228,32.0498854219482,39.2738932631924,84.0427492028909,150.91299193246,91.6655185681553,85.727791078629,209.95435333252,140.493266514369,83.6553012502806
