8.9220636344193,137.13118019104,102.082039368628,87.9616828885713,87.2688419602134,93.9834327697754,92.8526631920739,37.7926100555519,57.3280188104381,85.1136196360869,54.0862450174979,125.635452602221,120.205108642578,163.043845176697,16.8733473769371,110.118343777127,115.373951416016,95.6941257779042,145.316390060797,122.049099468794,93.0325518521396,83.2470856479664,102.839842291439,90.9227363765558,80.9687797097232,144.862941068762,118.782201772,132.952841551715,75.7632366543481,17.9798899625178,31.141144108268,152.923815917969,88.6081390380859,58.696931379182,78.3771375438623,170.040351174094,159.895126342773,165.615440368652,108.058942159017,160.300740559896,0,186.175811767578,155.069804472082,183.709699842665,118.226298332214,173.001071166992,189.487609863281,0,189.258895874023,189.965902709961,0,186.824465070452,234.136657714844,0,0,0,146.991821289062,171.00297328404,186.826235684482,134.088349463234,0,188.461277008057,179.342929077148,148.569124292444,175.411625510768,157.056828585538,0,0,159.127853393555,160.497085571289
137.13118019104,11.057635412739,49.842581433765,30.2492782345005,158.50257534451,131.194025675456,132.499841478136,144.369432863982,152.559555530548,84.1485061645508,172.842477971857,64.7079630626793,120.794708251953,55.1463869665838,139.639093617924,124.748333703904,65.352224135241,57.7433639123919,72.7805305020563,62.079017171038,193.49365234375,112.562706356957,35.6309848626455,88.5089517840902,94.0621099316099,26.7004539814349,52.8789627473815,32.46866322585,134.247823987688,129.880360384165,127.368460553758,60.897143072831,101.895683288574,132.609243774414,66.9152445121919,0,84.3898935317993,92.7778167724609,59.9278283649021,0,0,152.495529174805,238.348159790039,0,0,231.444290161133,83.5812828063965,0,95.0502090454102,188.643737792969,0,174.20458984375,139.331535339355,98.8814154730903,93.7294441223144,0,0,138.568923950195,121.139385223389,0,72.4496631622314,98.5309437838468,101.234937979958,195.08317565918,187.268173217773,187.737380981445,97.3016719818115,0,0,125.633595784505
102.082039368628,49.842581433765,12.0269673397841,45.1279361870282,132.930856557993,180.390090942383,142.766025258534,101.196430321627,126.902944451058,118.843745598426,121.191585874906,93.0600228962145,168.609363555908,120.035879135132,120.849240489461,157.736102764423,93.4892220497131,35.0832613202748,95.3287565811821,80.3310152379478,133.412292480469,66.3242037031386,51.1156174215743,34.8755300376031,113.738707345555,109.932182788849,39.5445542605624,36.0883577261137,95.67477525596,122.316463333988,88.4536590610477,100.407193352194,138.375424194336,123.391468048096,75.4242507102581,243.232879638672,74.426399716464,92.7674323496895,61.8820176735902,0,0,194.489109039307,171.147819519043,187.174115349265,0,180.830753673207,151.638534545898,0,168.623901367188,193.027429199219,0,124.136337068346,111.0630027771,157.261419677734,126.992893066406,0,124.189184088456,63.4049978178691,111.254282270159,160.109504987609,0,118.928209417007,95.7715265908186,166.822344328228,183.826190948486,172.490519714355,0,0,0,118.83693485634
87.9616828885713,30.2492782345005,45.1279361870282,10.3489254376187,64.789469058697,94.1439037322998,121.552777565132,82.5364008120739,110.117412082354,27.7825756724658,103.597896575928,70.2813792897162,121.76469707489,61.1564340990643,106.067694301047,55.6923392500196,43.0357657296317,62.4033920326233,85.0498388008993,68.0394874511962,85.4754438400269,94.6949789831243,32.5868649898057,59.9562839444021,45.3692085789164,32.5667353554902,59.8922357061241,49.6687757970793,73.5722247229682,94.9068960079477,75.9095258859488,79.1805107328627,123.891657902644,78.4277136383057,70.6723364751142,95.5858241489955,31.4692135098614,66.6109962463379,10.3394407131054,126.462051391602,0,119.271394517687,84.842627706407,119.048407627986,74.8701007962227,109.783619689941,76.6519470214844,66.7886600494385,91.7659143720354,119.750972747803,50.8770980834961,61.9501462416215,66.3230537131981,89.0107369422913,71.2565237551319,0,88.7301911574144,44.6100357188735,72.879971909797,58.882179413133,72.7519430160523,57.7308749437332,57.6453741777467,80.3037483357938,105.484385440224,75.4952840031804,89.0070762634277,136.692276000977,96.5993864271376,83.1131694500263
87.2688419602134,158.50257534451,132.930856557993,64.789469058697,10.7481647473779,111.150402069092,68.4836725371481,51.9527367088912,98.0492864948994,57.9685561854225,29.8804154170725,175.632129066869,31.6499348933348,198.135643005371,108.241287408052,73.7878559731148,95.9021018981934,159.040460048578,179.392013549805,171.125473022461,14.1202349902295,144.024762980143,70.3991960287094,136.188512628729,25.5210949525251,199.066032409668,161.364161947499,152.380840560137,26.1879013482111,109.948018710607,111.476795494556,188.12650680542,139.067774200439,100.76330612645,117.127337853114,94.9443206787109,0,0,199.168411254883,11.8901950393103,0,84.4234263512396,168.049385070801,127.479268074036,102.319856817072,74.2895374298096,0,21.8216481609758,0,136.843884277344,86.1064529418945,187.554840087891,0,0,0,17.1407019357457,213.967742919922,155.887046813965,176.241826375326,104.699241464788,0,241.469268798828,186.105651855469,57.1654510498047,136.978169759115,0,0,0,0,174.327827453613
93.9834327697754,131.194025675456,180.390090942383,94.1439037322998,111.150402069092,7.91912471448774,10.6238391532496,113.567791938782,35.6846511042944,63.2473741769791,125.806996545126,64.7660962677002,92.6045314788818,83.9623413085938,42.0084344086824,14.8556439948679,0,171.580642700195,88.3743896484375,129.55245513916,139.147221883138,121.753688812256,104.484835306803,159.585520426432,103.186235957676,103.667639160156,124.334391718325,116.743841873972,119.652418283316,27.715727197612,108.60853322347,104.453110831124,11.1949256347696,143.270660400391,34.4983524289624,0,0,0,108.829528808594,0,0,0,0,0,158.263549804688,0,0,0,0,233.83967590332,0,0,0,0,0,0,0,0,137.589904785156,192.264526367188,0,0,150.093772888184,212.734512329102,0,0,0,0,0,0
92.8526631920739,132.499841478136,142.766025258534,121.552777565132,68.4836725371481,10.6238391532496,10.559246384615,69.2546023619716,23.0017996779054,67.1254487853866,37.1362263151151,86.0176667405966,26.0639413661182,103.341295166016,49.1010141591732,13.3324346959238,136.087860107422,160.565637849507,126.887270863851,155.439205593533,53.1594138440951,123.70313937165,138.147643594181,137.150655806692,78.1781787744132,131.228177897135,153.426315411184,152.394828964992,78.8199022502961,45.7564377027298,117.793840341007,135.792512332692,18.2780816850988,116.288311428494,57.5759952863057,0,235.041381835938,0,128.363691329956,171.917639160156,0,201.803479003906,178.103307088216,193.871547698975,122.574878692627,191.627080281576,0,65.7822532653809,0,209.895235334124,132.794273376465,213.917297363281,0,163.037689208984,195.850646972656,147.289184570312,0,146.609995524089,192.941165924072,149.407806190285,107.723606109619,203.21169535319,188.433091597124,165.282446054312,197.902606201172,173.751113891602,0,0,199.98078918457,219.143539428711
37.7926100555519,144.369432863982,101.196430321627,82.5364008120739,51.9527367088912,113.567791938782,69.2546023619716,12.0673976703913,65.7502468495404,67.9862562235119,25.6701103543546,167.26766611735,75.0642652691535,179.938598632812,54.3420590373294,83.7465330826609,93.1210979338615,115.568986217056,169.667131777163,152.355386373159,95.2683918692849,71.9626656610219,100.215931929941,85.8346943263977,56.0805906683527,177.651148015803,135.134205394867,118.666948140929,34.4127027188257,67.3282215596984,23.5956278800637,182.808187866211,135.641994373218,87.9846343085879,105.413770201578,161.899040222168,178.613235473633,163.645917619978,112.87376499176,149.495971679688,0,153.054321289062,148.366535731724,181.011848449707,81.4817092895508,150.487728881836,0,151.375396728516,0,167.031760660807,114.440168380737,153.047672816685,183.106877644857,223.782302856445,0,126.208976745605,180.075134277344,126.164143371582,161.536398514457,114.084638711681,0,213.89965057373,169.068198637529,142.623336957849,178.958348592122,156.141885375977,0,0,163.098426818848,178.817716326032
57.3280188104381,152.559555530548,126.902944451058,110.117412082354,98.0492864948994,35.6846511042944,23.0017996779054,65.7502468495404,11.1801118260681,103.503455514361,42.9387588910205,82.192023925105,70.5389431934843,107.800920761549,23.0930987716556,42.3083926264269,145.499902578501,128.298808209531,115.772334918902,136.733155964039,87.8198442221348,116.490572820925,134.351557002348,120.349361909639,94.7461204690734,115.784697882334,141.185240538224,148.417221493191,92.3869682726552,46.1144982213391,95.7207065066776,117.073790900141,20.2571692268166,100.694153503135,64.9006229129338,188.984142848424,181.153262329102,182.330172729492,149.003784179688,185.546032905579,0,195.103800455729,174.622035746672,209.365686590021,137.23496874641,188.126643676758,168.428762817383,172.530143737793,159.183932495117,209.561883693788,165.718902587891,177.976672363281,215.85765838623,171.895156860352,186.947335379464,173.089024861654,228.12663269043,162.48568572998,200.617730712891,150.718348561982,172.387170410156,178.215873512062,188.730544894349,175.893932037354,200.189523824056,182.068405587333,187.018798828125,0,192.334862845285,201.327698974609
85.1136196360869,84.1485061645508,118.843745598426,27.7825756724658,57.9685561854225,63.2473741769791,67.1254487853866,67.9862562235119,103.503455514361,7.13504156641859,82.8090971526677,145.756716333834,8.38650435987282,133.863360230352,105.574114593117,17.4764714429994,48.2789027053531,136.189794911634,149.987882250831,140.155808637486,42.6305834330045,106.177619309859,21.5408717581722,131.603395045489,18.7182760773953,115.868025849197,133.937416169702,120.099901843413,68.4861671594473,93.400706251052,70.9738665585171,143.985262411612,143.901337214879,76.2383848658148,102.951244364963,93.4115753173828,136.495895385742,129.694625854492,0,94.7059726715088,0,91.4913914998372,119.589555104574,153.545505523682,37.0469149676236,113.637750898089,190.664087931315,98.1918106079102,169.674499511719,164.287929241474,127.925575256348,0,179.23876953125,0,216.371528625488,75.3424224853516,0,184.959869384766,151.510330200195,76.4069329216367,143.196166992188,187.588577270508,163.784708525005,108.78941599528,151.037545637651,93.5450770060221,0,0,145.010533650716,153.737030029297
54.0862450174979,172.842477971857,121.191585874906,103.597896575928,29.8804154170725,125.806996545126,37.1362263151151,25.6701103543546,42.9387588910205,82.8090971526677,15.6906240604066,163.467254638672,25.768957374967,190.836812636432,50.625988055616,80.7398137645561,112.691808086331,146.062925086831,183.109625680106,169.817886764939,19.7797531384641,102.316174519857,122.302234981371,111.136342830284,60.877526961717,182.25168540261,155.989291602401,143.793748709891,40.5359864737291,105.644701459766,85.4338475443617,197.429534912109,128.86686934434,104.319320939992,114.443820428312,183.787994384766,0,184.250483194987,0,165.44118976593,152.569458007812,184.926335652669,199.451873779297,215.461842854818,104.84083958676,167.977472405685,0,81.9742946624756,0,199.04163869222,142.095832824707,176.374749077691,196.304819742839,0,216.229644775391,0,230.399459838867,162.192494710286,186.762983534071,128.809361360511,0,196.373485565186,187.641043386152,161.894670683762,168.402801513672,190.47692489624,0,0,182.430328369141,165.056838989258
125.635452602221,64.7079630626793,93.0600228962145,70.2813792897162,175.632129066869,64.7660962677002,86.0176667405966,167.26766611735,82.192023925105,145.756716333834,163.467254638672,12.1776100096127,162.934394291469,22.8912174858333,84.0444364701774,133.859833145142,143.559413909912,70.0045844241665,19.2636210289565,24.6593956943455,171.074052290483,99.9546210549095,102.436699073352,105.917760350683,155.220023399176,34.5303974654486,29.4116252213378,60.5905828750579,169.96504099528,75.3132967655885,106.250406453898,38.0007904341515,64.6158066380975,100.610531398228,24.6029172657677,0,97.7299499511719,137.360336303711,91.5388492237438,0,0,0,232.189613342285,140.396545410156,183.151851654053,0,86.7876959175899,0,81.9966217279434,165.496696472168,0,208.691467285156,137.316918690999,102.712460199992,114.875294876099,0,0,136.322082519531,147.765218734741,207.138137817383,66.7729806166429,102.770754261177,105.204395207492,236.10196685791,0,167.042449951172,102.138812014931,0,220.836029052734,107.838319778442
120.205108642578,120.794708251953,168.609363555908,121.76469707489,31.6499348933348,92.6045314788818,26.0639413661182,75.0642652691535,70.5389431934843,8.38650435987282,25.768957374967,162.934394291469,10.8027989077407,169.87878036499,114.960073634556,14.3330842766815,0,168.423034667969,118.069290161133,186.049280802409,17.517535713396,129.288234710693,132.218225479126,153.276560465495,22.5490794893714,0,173.455794594505,179.926350275675,50.487441556558,109.317676823314,151.858745574951,181.065864562988,102.931672837999,131.706616719564,135.681167602539,0,0,0,0,138.183407306671,0,0,0,0,117.826210021973,46.1484951972961,0,19.9447727677572,0,0,0,0,0,0,0,25.2311046123505,0,0,0,114.785245622907,0,0,0,135.365447998047,0,0,0,0,0,0
163.043845176697,55.1463869665838,120.035879135132,61.1564340990643,198.135643005371,83.9623413085938,103.341295166016,179.938598632812,107.800920761549,133.863360230352,190.836812636432,22.8912174858333,169.87878036499,8.98817588167924,109.194837645152,179.81649017334,132.668099297418,112.132051210146,53.8711465624287,73.7856906784905,0,137.558582305908,100.021308932834,139.021203848032,146.879215403966,19.8916661723298,30.4308959398306,31.8176840175031,170.517823282878,111.18123290118,177.638618469238,13.3120345516789,87.8177400705766,173.313828604562,62.1970954555675,0,0,137.382122039795,83.051155090332,0,0,0,0,145.813690185547,0,0,66.312936873663,0,68.3587681091938,149.405548095703,0,0,0,97.0101403629079,113.061056137085,0,0,143.037750244141,0,200.847778320312,55.1916752769834,95.5053508919729,100.256252402126,0,106.479034423828,0,93.6547470092773,120.681411743164,0,134.30723063151
16.8733473769371,139.639093617924,120.849240489461,106.067694301047,108.241287408052,42.0084344086824,49.1010141591732,54.3420590373294,23.0930987716556,105.574114593117,50.625988055616,84.0444364701774,114.960073634556,109.194837645152,11.3430483616162,127.144758970841,136.166819033415,114.539916785506,114.174505684593,127.745301491266,115.310618756765,100.013958956327,129.729951781345,109.959523636117,99.4972754739366,112.103152104196,131.305491298609,143.003364615052,97.3414287362519,25.6956616177992,54.6947225974378,119.332883199056,19.2247716587736,48.9034723924554,57.3543459831811,191.701073279748,173.383340018136,186.430138327859,132.632417297363,191.958299909319,0,194.194535064697,175.012501186795,204.177640279134,144.038805007935,191.133201904297,164.019149780273,178.518589019775,145.765303717719,204.443416130252,0,190.87138671875,178.347717285156,165.730884258564,207.042463684082,183.39769744873,0,153.59817843967,187.301009496053,157.029784929353,136.898223876953,172.045503616333,181.606965831682,172.665157043856,192.061852838575,177.099143335375,183.601018269857,0,180.984632873535,198.11269124349
110.118343777127,124.748333703904,157.736102764423,55.6923392500196,73.7878559731148,14.8556439948679,13.3324346959238,83.7465330826609,42.3083926264269,17.4764714429994,80.7398137645561,133.859833145142,14.3330842766815,179.81649017334,127.144758970841,8.78283363506053,94.8995971679688,167.325544084821,191.663307189941,177.396531677246,53.6722293084906,188.134231567383,79.3721826802129,163.470500946045,42.842050611736,159.700985717773,173.666800421637,150.566761255264,91.9476380688804,113.930717086792,124.837580108643,0,35.8595665651209,128.287534441267,128.615324746995,0,0,0,69.2963485717773,134.096649169922,0,0,0,0,0,120.831670125326,0,55.0851860046387,0,0,0,0,0,229.522094726562,0,0,0,0,0,69.5600357055664,0,246.659194946289,0,124.814102172852,0,204.353302001953,0,0,0,0
115.373951416016,65.352224135241,93.4892220497131,43.0357657296317,95.9021018981934,0,136.087860107422,93.1210979338615,145.499902578501,48.2789027053531,112.691808086331,143.559413909912,0,132.668099297418,136.166819033415,94.8995971679688,14.2448208362434,103.190393397075,138.299544701209,122.774151497147,85.2731246948242,40.2091876896283,23.3857571235201,27.7750308451463,32.392028815071,124.032241821289,114.213831278483,35.8132459179758,48.7586312242419,103.325451391084,75.6674021867217,124.721716562907,134.027996063232,73.9148840470748,82.978093084345,135.405456542969,133.069152832031,131.29830789566,57.3640095023222,0,0,0,175.312438964844,161.273540496826,133.629223505656,144.213455200195,0,0,175.536392211914,165.214576721191,0,96.336873673104,156.382263183594,0,163.479400634766,0,116.71817415152,69.2442574501038,101.69037624268,133.519306727818,197.108383178711,174.868301391602,108.090996739278,133.082881029914,126.590482076009,114.798627798898,0,0,137.086334228516,131.354435875302
95.6941257779042,57.7433639123919,35.0832613202748,62.4033920326233,159.040460048578,171.580642700195,160.565637849507,115.568986217056,128.298808209531,136.189794911634,146.062925086831,70.0045844241665,168.423034667969,112.132051210146,114.539916785506,167.325544084821,103.190393397075,9.0409271772428,55.6938839595534,20.9693186583937,165.985243479411,61.2131462980619,84.3705012768631,28.6162262948766,133.737362312679,74.6927282626812,34.7490037274081,67.9156970244943,111.781019500374,98.1912050266304,74.5368137218457,91.7125780829068,150.045715918908,85.4813329667007,47.5494473255871,190.337921142578,88.3896687507629,107.820376157761,73.9741792275872,0,0,224.721271514893,199.830736600436,205.868741122159,177.766085306803,211.607025146484,137.386917114258,0,130.813168334961,219.923324584961,0,145.622753381729,121.82526159724,135.164740562439,127.213789621989,0,174.051303863525,97.1305233637492,138.883008721169,182.493686073705,98.7478264702691,115.969023194424,111.52236930483,209.579085129958,196.218496704102,210.735333251953,129.506251525879,0,178.200469970703,125.367011817726
145.316390060797,72.7805305020563,95.3287565811821,85.0498388008993,179.392013549805,88.3743896484375,126.887270863851,169.667131777163,115.772334918902,149.987882250831,183.109625680106,19.2636210289565,118.069290161133,53.8711465624287,114.174505684593,191.663307189941,138.299544701209,55.6938839595534,8.42264922966234,23.4257767633911,173.158065795898,122.043121175563,112.465299728069,101.13132385659,164.388451693351,48.0738892243287,31.3550963910664,64.8777030344508,170.696109199524,107.358940811403,123.095624465942,53.4810991161472,88.8130816584048,116.323485480414,44.9429880138227,0,98.5039428710938,157.962413787842,85.8751039505005,0,0,0,232.971923828125,175.197593688965,215.909515380859,223.906372070312,102.577687369453,0,93.2427060676343,173.368892669678,0,206.840957641602,167.726465861003,109.62611802045,114.2689817024,0,0,165.835357666016,178.457585652669,233.344314575195,67.8077569814829,103.733670477033,105.518474638276,215.931823730469,144.104198455811,237.074310302734,100.597024356618,0,0,126.336098480225
122.049099468794,62.079017171038,80.3310152379478,68.0394874511962,171.125473022461,129.55245513916,155.439205593533,152.355386373159,136.733155964039,140.155808637486,169.817886764939,24.6593956943455,186.049280802409,73.7856906784905,127.745301491266,177.396531677246,122.774151497147,20.9693186583937,23.4257767633911,10.2470037279235,176.42507425944,90.3120040782662,102.843191896932,68.8445676484841,150.686405281399,51.7444760802541,38.7370290128389,68.0679041768385,148.00863829903,111.182271682445,96.9548684726707,65.1949516265623,90.2938491419742,106.416888303535,42.0980965936577,179.580490112305,96.9211188928405,120.300215850005,69.4265688611315,0,0,0,193.795791625977,209.894355773926,232.016876220703,210.597885131836,101.540960752047,0,106.347419366604,193.556623458862,0,155.755911254883,124.584429470998,112.537865113676,113.157082219278,0,195.839635213216,132.484152573806,152.31760597229,202.656951904297,81.8070603211721,103.684311665059,107.481494007369,214.971481323242,197.627740478516,189.436716715495,106.412623405457,0,176.682601928711,124.214994137104
93.0325518521396,193.49365234375,133.412292480469,85.4754438400269,14.1202349902295,139.147221883138,53.1594138440951,95.2683918692849,87.8198442221348,42.6305834330045,19.7797531384641,171.074052290483,17.517535713396,0,115.310618756765,53.6722293084906,85.2731246948242,165.985243479411,173.158065795898,176.42507425944,10.7012856184508,173.397888183594,92.4359436035156,0,24.7151095153908,186.127888997396,171.230154854911,167.884517923991,34.9720579547928,116.191789388657,120.738395690918,192.586654663086,134.281122207642,114.79328918457,129.709863185883,0,0,0,0,29.4952557136615,0,69.6968997319539,0,72.7297821044922,46.8595237731934,65.2328697653378,0,17.7418963587686,0,168.95832824707,51.8812834421794,0,0,0,0,12.7632691501792,0,0,0,118.028264214011,0,0,205.151580810547,92.7495422363281,0,0,0,0,0,0
83.2470856479664,112.562706356957,66.3242037031386,94.6949789831243,144.024762980143,121.753688812256,123.70313937165,71.9626656610219,116.490572820925,106.177619309859,102.316174519857,99.9546210549095,129.288234710693,137.558582305908,100.013958956327,188.134231567383,40.2091876896283,61.2131462980619,122.043121175563,90.3120040782662,173.397888183594,14.483081211189,63.758885383606,37.3552905991521,65.3243074551517,133.312488132053,97.9694027381253,78.6512725736357,35.8254872626362,49.9271034271387,37.0593930789857,150.689392089844,146.648297627767,62.1919527170135,54.0382598926266,165.62223815918,148.010848999023,145.025074428982,75.8086416825004,0,0,0,154.975570678711,217.389940897624,123.367485046387,180.001556396484,0,0,221.627136230469,221.165524291992,0,122.485450632432,161.983189900716,0,165.831970214844,0,129.226946050471,90.4039583393172,137.338550991482,163.265597207206,0,172.212702433268,140.444715693377,168.952935652299,170.006143842425,132.97817068389,0,0,136.43376159668,140.058068593343
102.839842291439,35.6309848626455,51.1156174215743,32.5868649898057,70.3991960287094,104.484835306803,138.147643594181,100.215931929941,134.351557002348,21.5408717581722,122.302234981371,102.436699073352,132.218225479126,100.021308932834,129.729951781345,79.3721826802129,23.3857571235201,84.3705012768631,112.465299728069,102.843191896932,92.4359436035156,63.758885383606,8.48853719994998,56.452074010787,35.5415953577225,79.8030758705868,97.5246930521323,48.8149895083592,76.4302577972412,98.4730038803061,67.55616774627,101.94248537474,138.001908620199,65.6211081708787,76.8234179617733,0,82.1649017333984,69.5742877778553,22.9939008388879,195.744430541992,0,0,140.930328369141,131.376916503906,0,0,146.48208770752,0,137.613194783529,116.231246948242,0,59.9160327191623,128.71866607666,131.728037516276,146.400032997131,0,66.1339194468963,11.40481981361,65.4000874204499,102.074929324063,110.200679779053,132.054949308697,60.3307126812819,96.4496803283691,93.2033023834229,75.4915841046502,136.634735107422,0,91.450777053833,76.3699725014823
90.9227363765558,88.5089517840902,34.8755300376031,59.9562839444021,136.188512628729,159.585520426432,137.150655806692,85.8346943263977,120.349361909639,131.603395045489,111.136342830284,105.917760350683,153.276560465495,139.021203848032,109.959523636117,163.470500946045,27.7750308451463,28.6162262948766,101.13132385659,68.8445676484841,0,37.3552905991521,56.452074010787,16.9163226304725,92.5442702443397,119.929968657317,82.637820051271,53.9003666603884,67.8522061404492,79.0267314671224,58.6972860811297,141.986393737793,145.384908676147,85.5110844156959,54.5912408640449,211.773356119792,114.440538787842,114.818887765067,89.8454687081131,189.960210164388,0,218.813888549805,178.782860717773,189.0209374061,186.505783081055,183.171425559304,208.509346008301,0,234.779754638672,199.648737127131,0,105.051205142109,145.878348423884,181.428553263346,171.592089080811,0,137.194767456055,74.4618948584204,110.196265729636,159.91789209275,158.796073913574,153.42558013916,108.892652605014,151.579794311523,192.917222159249,161.303626565372,0,0,195.257820129395,134.751405562478
80.9687797097232,94.0621099316099,113.738707345555,45.3692085789164,25.5210949525251,103.186235957676,78.1781787744132,56.0805906683527,94.7461204690734,18.7182760773953,60.877526961717,155.220023399176,22.5490794893714,146.879215403966,99.4972754739366,42.842050611736,32.392028815071,133.737362312679,164.388451693351,150.686405281399,24.7151095153908,65.3243074551517,35.5415953577225,92.5442702443397,11.196880506159,129.424305464582,139.412135941642,101.60160090235,25.2088959963008,90.0227383673191,73.6268972632666,157.82771038187,142.510464642499,77.1111909853581,98.1197486103831,143.267772129604,123.789962768555,155.507044474284,70.2607378232277,114.293364073101,0,133.140726609664,118.199219207764,146.3203348559,66.4572246747139,119.600324484018,180.226379394531,92.6893038749695,184.434478759766,150.851174153073,80.5394490559896,118.214084994408,160.751438140869,197.127522786458,190.549716525608,94.647897084554,137.359981718517,105.530830110822,146.727168106451,87.5555114073631,181.367004394531,196.32959391276,158.950894941363,119.048204577411,147.44918623967,123.775867649766,182.602111816406,0,134.845328267415,153.860167980194
144.862941068762,26.7004539814349,109.932182788849,32.5667353554902,199.066032409668,103.667639160156,131.228177897135,177.651148015803,115.784697882334,115.868025849197,182.25168540261,34.5303974654486,0,19.8916661723298,112.103152104196,159.700985717773,124.032241821289,74.6927282626812,48.0738892243287,51.7444760802541,186.127888997396,133.312488132053,79.8030758705868,119.929968657317,129.424305464582,8.88113404697041,40.2128358287875,21.8506979826821,167.211599349976,116.089440572176,137.974382188585,34.7982979448218,112.232331412179,142.143058776855,65.1848046687933,201.206680297852,114.036548614502,158.081909179688,0,0,0,0,0,212.902450561523,0,0,70.0613064084734,0,66.2234175602595,123.599388122559,0,0,121.546142578125,72.646399307251,102.455975850423,0,0,139.652328491211,0,222.001617431641,33.8171015403889,74.0550884246826,77.0493737582503,0,0,0,79.1375292823428,0,0,93.7762037004743
118.782201772,52.8789627473815,39.5445542605624,59.8922357061241,161.364161947499,124.334391718325,153.426315411184,135.134205394867,141.185240538224,133.937416169702,155.989291602401,29.4116252213378,173.455794594505,30.4308959398306,131.305491298609,173.666800421637,114.213831278483,34.7490037274081,31.3550963910664,38.7370290128389,171.230154854911,97.9694027381253,97.5246930521323,82.637820051271,139.412135941642,40.2128358287875,15.4712593384285,43.8395176381865,136.142195002043,119.118874854769,109.367564485784,24.5277182745292,122.053436782334,130.577320452818,67.9085124766292,219.100963592529,87.4191632321006,109.69160761152,66.1659577579822,220.169128417969,0,174.634872436523,199.11653137207,172.402565002441,195.185745239258,207.75524684361,95.6605981548181,223.336776733398,89.4894548562857,187.986575948781,194.688339233398,168.20472647927,110.584491396413,99.144956721816,105.015322335954,0,165.036323547363,136.368041719709,148.373618643624,192.559984060434,63.8119622373033,93.6957743522448,97.3121963656678,199.021747295673,180.151149749756,174.087382507324,97.0476670772471,202.444198608398,0,116.38462759524
132.952841551715,32.46866322585,36.0883577261137,49.6687757970793,152.380840560137,116.743841873972,152.394828964992,118.666948140929,148.417221493191,120.099901843413,143.793748709891,60.5905828750579,179.926350275675,31.8176840175031,143.003364615052,150.566761255264,35.8132459179758,67.9156970244943,64.8777030344508,68.0679041768385,167.884517923991,78.6512725736357,48.8149895083592,53.9003666603884,101.60160090235,21.8506979826821,43.8395176381865,18.0587813389049,95.5294812866666,127.388030300131,112.92704955947,20.2964953325306,122.552791595459,127.519935279764,72.2934028356887,182.688579014369,82.4909453839887,98.6593627351703,69.6645681916214,0,0,198.347927856445,171.812611435399,188.574873028379,179.419505528041,183.504657321506,96.4038813521222,186.255882263184,90.2728279280837,179.178320469,0,108.701627989947,111.493290877142,101.814825344086,110.368221426369,0,136.820133511982,63.134319721029,108.323008554024,164.917626679833,68.0955522212576,96.2219783179308,96.4724052513482,160.074621373957,191.56932516659,163.507039097377,95.88247645985,0,177.764495849609,117.020207580907
75.7632366543481,134.247823987688,95.67477525596,73.5722247229682,26.1879013482111,119.652418283316,78.8199022502961,34.4127027188257,92.3869682726552,68.4861671594473,40.5359864737291,169.96504099528,50.487441556558,170.517823282878,97.3414287362519,91.9476380688804,48.7586312242419,111.781019500374,170.696109199524,148.00863829903,34.9720579547928,35.8254872626362,76.4302577972412,67.8522061404492,25.2088959963008,167.211599349976,136.142195002043,95.5294812866666,13.5522801473872,93.2338249615992,46.0239690957885,180.041765213013,147.521136868385,77.4873233950415,87.2706243074857,195.243684768677,160.809741973877,155.971172626202,87.7033028235802,160.264170720027,0,160.530858357747,151.460106811523,166.401869455973,101.092323823409,162.426829411433,242.574081420898,110.018285924738,0,170.457225520436,129.330215454102,146.535140736898,172.709510803223,0,222.687286376953,145.957176208496,136.343823326959,120.762081570095,153.034933816819,117.286396766195,0,185.593862915039,158.901105966876,143.272617205452,158.039771709036,141.395587921143,227.361206054688,0,130.09694519043,160.765235137939
17.9798899625178,129.880360384165,122.316463333988,94.9068960079477,109.948018710607,27.715727197612,45.7564377027298,67.3282215596984,46.1144982213391,93.400706251052,105.644701459766,75.3132967655885,109.317676823314,111.18123290118,25.6956616177992,113.930717086792,103.325451391084,98.1912050266304,107.358940811403,111.182271682445,116.191789388657,49.9271034271387,98.4730038803061,79.0267314671224,90.0227383673191,116.089440572176,119.118874854769,127.388030300131,93.2338249615992,11.2686724530212,33.4539444855002,109.058955644306,12.0099359500928,18.5745178461075,35.1466509412156,175.041217041016,163.057611465454,186.912445068359,111.664319356283,202.363972255162,0,189.697765774197,159.186622460683,195.742581251191,121.338067626953,187.483894348145,175.911026000977,185.628219604492,174.889159066337,190.723068443505,159.454719543457,170.077165222168,175.296491146088,157.781813188033,188.13974662449,187.076487223307,178.744632427509,160.51361134847,171.754304885864,144.602623650579,140.995606316461,164.236734053668,166.996318237691,157.614762358133,182.992752920223,160.199836785453,140.039914449056,0,166.788514114008,177.069837994046
31.141144108268,127.368460553758,88.4536590610477,75.9095258859488,111.476795494556,108.60853322347,117.793840341007,23.5956278800637,95.7207065066776,70.9738665585171,85.4338475443617,106.250406453898,151.858745574951,177.638618469238,54.6947225974378,124.837580108643,75.6674021867217,74.5368137218457,123.095624465942,96.9548684726707,120.738395690918,37.0593930789857,67.55616774627,58.6972860811297,73.6268972632666,137.974382188585,109.367564485784,112.92704955947,46.0239690957885,33.4539444855002,10.851894342066,127.293753051758,133.426599230085,20.0259152070309,40.1051070673754,157.472969902886,138.161717732747,152.441913604736,89.0884438323975,157.822717285156,0,181.571041870117,146.151885986328,173.957214355469,98.8515561421712,157.575233459473,182.956886291504,192.998443603516,0,171.821328827829,0,133.161166932848,169.859522892879,214.763473510742,191.155183580187,0,131.1212571462,96.2391751607259,152.576537337958,129.578533172607,145.91219329834,175.726149786086,157.202282283617,135.018126430282,161.417536826029,140.114418976067,0,0,141.859163920085,146.811835918021
152.923815917969,60.897143072831,100.407193352194,79.1805107328627,188.12650680542,104.453110831124,135.792512332692,182.808187866211,117.073790900141,143.985262411612,197.429534912109,38.0007904341515,181.065864562988,13.3120345516789,119.332883199056,0,124.721716562907,91.7125780829068,53.4810991161472,65.1949516265623,192.586654663086,150.689392089844,101.94248537474,141.986393737793,157.82771038187,34.7982979448218,24.5277182745292,20.2964953325306,180.041765213013,109.058955644306,127.293753051758,7.70196092819473,104.164547795835,168.829147338867,70.664567892368,169.775909423828,0,0,78.4205684661865,0,0,0,0,143.906234741211,213.210571289062,0,86.0522290398093,0,87.320885925293,148.014144897461,0,0,0,101.503762653896,116.005800882975,0,0,164.163284301758,207.913208007812,0,59.8176702771868,95.9464589899237,98.0637505572775,0,0,0,94.2995791965061,164.868316650391,0,98.2112167358398
88.6081390380859,101.895683288574,138.375424194336,123.891657902644,139.067774200439,11.1949256347696,18.2780816850988,135.641994373218,20.2571692268166,143.901337214879,128.86686934434,64.6158066380975,102.931672837999,87.8177400705766,19.2247716587736,35.8595665651209,134.027996063232,150.045715918908,88.8130816584048,90.2938491419742,134.281122207642,146.648297627767,138.001908620199,145.384908676147,142.510464642499,112.232331412179,122.053436782334,122.552791595459,147.521136868385,12.0099359500928,133.426599230085,104.164547795835,5.85685692131876,106.416942596436,35.3290319051096,0,121.762054443359,0,157.145462036133,0,0,0,219.752136230469,0,0,0,0,0,125.562240600586,0,0,0,0,0,146.306701660156,0,0,175.199905395508,0,205.287653605143,0,143.765655517578,148.871873474121,212.940605163574,212.652770996094,220.216003417969,153.575317382812,0,0,0
58.696931379182,132.609243774414,123.391468048096,78.4277136383057,100.76330612645,143.270660400391,116.288311428494,87.9846343085879,100.694153503135,76.2383848658148,104.319320939992,100.610531398228,131.706616719564,173.313828604562,48.9034723924554,128.287534441267,73.9148840470748,85.4813329667007,116.323485480414,106.416888303535,114.79328918457,62.1919527170135,65.6211081708787,85.5110844156959,77.1111909853581,142.143058776855,130.577320452818,127.519935279764,77.4873233950415,18.5745178461075,20.0259152070309,168.829147338867,106.416942596436,8.51783925739471,25.1099277038274,161.05592250824,140.140121459961,178.784184773763,125.440153757731,176.230239868164,0,179.451840718587,150.428768157959,186.513402765447,83.8906059265137,182.149788992746,0,0,0,178.225875854492,0,145.806037902832,217.441612243652,223.458419799805,209.492835998535,162.206687927246,142.438220977783,122.076377868652,133.475244522095,131.667645645142,0,164.899380493164,198.418077087402,143.858255053323,169.511613814557,148.323432752821,0,0,157.313579559326,156.539052963257
78.3771375438623,66.9152445121919,75.4242507102581,70.6723364751142,117.127337853114,34.4983524289624,57.5759952863057,105.413770201578,64.9006229129338,102.951244364963,114.443820428312,24.6029172657677,135.681167602539,62.1970954555675,57.3543459831811,128.615324746995,82.978093084345,47.5494473255871,44.9429880138227,42.0980965936577,129.709863185883,54.0382598926266,76.8234179617733,54.5912408640449,98.1197486103831,65.1848046687933,67.9085124766292,72.2934028356887,87.2706243074857,35.1466509412156,40.1051070673754,70.664567892368,35.3290319051096,25.1099277038274,9.97506540916568,169.906565666199,101.389280361599,112.911835515222,82.4752300888745,188.160026550293,0,183.82116481236,159.101762812188,187.840955461775,145.357466561454,181.864438374837,136.009619279341,208.814498901367,113.156226663028,191.712764642177,178.566467285156,123.087797669159,133.429327011108,128.68182212428,129.712633458579,194.147773742676,140.032702854701,86.6040723077182,126.894677166606,145.275335638864,92.6112796020508,113.018625306378,113.930294398844,153.656495571136,177.014197246845,155.9251982745,124.195094181941,0,155.686258951823,141.843502338116
170.040351174094,0,243.232879638672,95.5858241489955,94.9443206787109,0,0,161.899040222168,188.984142848424,93.4115753173828,183.787994384766,0,0,0,191.701073279748,0,135.405456542969,190.337921142578,0,179.580490112305,0,165.62223815918,0,211.773356119792,143.267772129604,201.206680297852,219.100963592529,182.688579014369,195.243684768677,175.041217041016,157.472969902886,169.775909423828,0,161.05592250824,169.906565666199,9.87934605703572,132.74816712879,106.739657654569,75.735670049567,95.0602461773416,119.883630371094,88.1323575973511,25.2324241536246,41.1886874196951,79.3324359766169,71.5030989133816,124.437560611301,101.904555511475,138.050970458984,21.7735058526561,104.242953132181,111.257474626814,101.904559425301,134.664402008057,119.496017943648,97.693411509196,81.2166448526954,92.6204174160957,95.6962742786927,80.4911273108986,159.232721964518,121.424281028792,135.639787310646,78.4766365418951,16.2349759798521,27.0403502452338,140.015780639648,85.5859718322754,39.0765109551259,78.1955934503804
159.895126342773,84.3898935317993,74.426399716464,31.4692135098614,0,0,235.041381835938,178.613235473633,181.153262329102,136.495895385742,0,97.7299499511719,0,0,173.383340018136,0,133.069152832031,88.3896687507629,98.5039428710938,96.9211188928405,0,148.010848999023,82.1649017333984,114.440538787842,123.789962768555,114.036548614502,87.4191632321006,82.4909453839887,160.809741973877,163.057611465454,138.161717732747,0,121.762054443359,140.140121459961,101.389280361599,132.74816712879,6.70342073547065,44.9640703617841,11.4247312289446,129.888338724772,0,149.612038832444,119.015259309248,139.844618887272,80.7703993961729,150.719168768989,65.100955254691,142.389993667603,49.1009079583801,147.049979965408,117.311550969663,58.6965010575748,51.7835258421351,72.6882524222971,58.5899594229718,0,100.222521048326,31.241039262684,68.7030862091453,89.0714146510492,19.8774266527107,50.4041036017147,34.4416682595915,110.652276385914,138.457007334783,113.55618509753,62.7148118019104,140.057022094727,115.895180702209,63.0587137917611
165.615440368652,92.7778167724609,92.7674323496895,66.6109962463379,0,0,0,163.645917619978,182.330172729492,129.694625854492,184.250483194987,137.360336303711,0,137.382122039795,186.430138327859,0,131.29830789566,107.820376157761,157.962413787842,120.300215850005,0,145.025074428982,69.5742877778553,114.818887765067,155.507044474284,158.081909179688,109.69160761152,98.6593627351703,155.971172626202,186.912445068359,152.441913604736,0,0,178.784184773763,112.911835515222,106.739657654569,44.9640703617841,16.0801295226909,50.2310395240784,156.71890979343,143.098693847656,134.111165008545,96.0224226262757,122.278458135878,120.342946243286,119.609051201933,149.204758479677,184.450984409877,111.344148736251,118.553279880318,142.340878168742,91.6997498406304,43.7068147074017,94.3104215990596,70.7107151326614,174.994537353516,71.7407506772819,48.2203224872945,32.0278977753666,124.665233452376,106.701721736363,36.1092359035227,35.8978687461938,93.7176290807737,137.06219317227,93.4703009693893,102.121407384458,160.545354207357,127.262952677409,74.7991633054822
108.058942159017,59.9278283649021,61.8820176735902,10.3394407131054,199.168411254883,108.829528808594,128.363691329956,112.87376499176,149.003784179688,0,0,91.5388492237438,0,83.051155090332,132.632417297363,69.2963485717773,57.3640095023222,73.9741792275872,85.8751039505005,69.4265688611315,0,75.8086416825004,22.9939008388879,89.8454687081131,70.2607378232277,0,66.1659577579822,69.6645681916214,87.7033028235802,111.664319356283,89.0884438323975,78.4205684661865,157.145462036133,125.440153757731,82.4752300888745,75.735670049567,11.4247312289446,50.2310395240784,7.10320450403393,94.4968412298905,0,108.189433589126,60.1988981989036,96.2564137919565,17.3410145404166,96.3559176581247,54.5338440561682,72.5092665354411,46.0218307374216,95.3504971039601,71.9523964661818,41.0533491501937,55.8500685038632,88.9919900479524,63.7354579243234,46.3536911010742,58.957966486613,31.8579117265767,61.4482092978079,37.9093449085453,21.7330656356282,56.6446691932746,43.5571793024091,63.1060692557582,85.9523225730422,66.3400120414764,65.6286277770996,150.94384765625,73.5522937041063,72.4743012680727
