9.8543388741997,116.639659881592,87.1925817377427,68.657451114139,72.173917891104,92.036018371582,84.4099651821076,28.1277243286742,39.1426622875414,63.6039501708231,72.3593891904595,123.888760665367,82.2316246032715,128.636599222819,17.6478029617853,72.2289054870605,94.7823395729065,97.2258043324903,126.910749053955,123.857279530278,81.7534554425408,72.2543899853009,78.9823622496232,82.8764397098172,69.3978756549312,119.334482828776,115.824238840739,117.782929669256,73.3811075301867,20.2784487172977,33.6843376803923,173.989105224609,75.2777218288846,38.1784826914469,64.3106401205063,138.192534923553,147.611633300781,171.415374755859,85.7532719203404,155.62166595459,0,151.047956466675,131.272226552494,160.610980987549,75.4817855834961,151.3012145193,0,0,190.797317504883,160.776358971229,0,117.593914031982,155.590911865234,0,187.592880249023,169.509292602539,0,0,163.821973800659,117.929730761182,0,182.263961791992,157.994160970052,131.730274538451,153.879233100198,141.140632629395,0,209.603561401367,140.501178394664,153.801902369449
116.639659881592,8.04206685394621,44.4178878008309,21.3123230144382,0,0,0,125.528377056122,131.690161705017,70.2339995157653,144.338534545898,51.4249041997469,94.7417297363281,41.0660459607504,150.015579223633,116.289463043213,68.566172281901,49.4469951349796,65.8394580220067,55.7880874040392,0,81.279056125217,26.6883699571515,66.337606799218,80.9564143952869,22.562860194474,44.3140717846251,23.7798881507498,99.4783921112885,115.052289581299,101.899957180023,56.2295315650202,127.658081054688,106.588893890381,47.3922009834876,0,0,81.7249717712402,48.3424708048503,0,0,0,174.784782409668,0,0,0,93.7356974283854,0,85.0527048110962,0,0,0,109.292766571045,0,108.261119842529,0,117.250923156738,145.147121429443,96.7124633789062,0,71.3344345092773,94.7262263827854,91.6169237772624,0,0,164.748489379883,110.274780273438,0,0,76.2365570068359
87.1925817377427,44.4178878008309,9.42505758997968,43.2367942047119,121.607681274414,141.88257598877,117.557238315014,92.1569984357246,105.740563170303,105.442407608032,112.765207199823,77.2499346646396,193.850238800049,89.807906627655,103.093964802354,116.592503356934,75.3935947243227,35.7316029696481,78.6986744471959,67.9122404679455,172.67977142334,53.2286870089444,56.6594720567976,26.962939499973,103.506115255048,62.9898948669434,29.6045281918294,31.7905340938113,75.8134125459834,101.183206774664,69.9205516754772,86.3263336464211,151.499490356445,110.086065928141,48.9753958356909,140.771886189779,117.546215057373,88.9835068447899,62.601259255711,0,227.16374206543,180.287209647042,150.393419935897,168.766049836811,143.443084716797,160.573056175595,117.020832061768,0,141.62419128418,169.184853804739,0,104.041467493231,103.316959228516,182.310440063477,122.173995708597,141.606735229492,120.614073514938,74.2841560688425,101.823044359086,158.440280033992,0,108.810212241279,87.4069971188677,143.256864275251,194.977345057896,139.397291310628,154.530090332031,0,0,121.946899141584
68.657451114139,21.3123230144382,43.2367942047119,17.8916261028498,44.2257303873698,124.676184082031,82.7012567257662,64.5649960597542,81.381295931686,27.4659466556962,64.1072850893477,52.3451399024016,78.3276971181234,43.7882320954628,85.3002209528012,88.2429379549893,48.0229135146728,53.0054379951235,58.0460350757509,53.7895757785836,75.5909574104078,60.1227052078247,22.9588483834081,53.7054889381072,39.1893116331845,23.2549401106599,45.7357062662711,35.9136534737019,53.2339526170476,66.9610538482666,61.5183470315214,57.4150121779669,114.94308610396,58.1282786757019,55.0482176796335,90.4513791402181,57.684840520223,53.2386853846681,17.4441378353335,104.149973551432,0,127.292264938354,92.6131100471203,121.757164001465,7.93901728789012,107.814401517596,66.6157933748685,94.1483163833618,50.3257394458937,102.560221060728,0,54.7267939770808,74.900641141619,85.9798952738444,92.6232426292018,85.3670791625977,74.1028864804436,11.0023912398138,59.7970951758005,63.3942926046732,21.4226927757263,68.7370378403437,46.017927279265,74.8195995904703,95.6975390501697,77.8710427576182,64.4894578721788,135.688827514648,78.7716627502441,76.0689182574932
72.173917891104,0,121.607681274414,44.2257303873698,7.74131222659871,108.567700703939,65.4928137435604,54.5432845419367,84.5929633228719,31.5273737830189,19.2485198835341,148.977169799805,21.9424860501806,139.577791849772,98.4034126705593,48.162839449369,0,118.877754211426,0,0,12.4676246747709,106.1398229599,51.8237009805346,109.500002774325,15.3775180059019,132.344848632812,132.711822509766,121.318778404823,14.8834000788982,82.177677154541,78.7800785000041,0,123.759332929339,75.4720558562836,89.5857333358453,144.951614379883,0,199.259918212891,64.9643869205397,129.736789497169,0,137.221167620491,128.019838138502,160.67178254969,78.815374646868,134.152577092408,0,35.1433310467264,0,163.27642250061,79.8425369262695,0,0,220.591705322266,0,102.483974595631,114.528221130371,108.501739501953,167.279937744141,102.624340536935,0,162.294647216797,147.733367919922,135.837864072304,164.762876238142,111.303337097168,0,189.021713256836,127.483494567871,167.232095336914
92.036018371582,0,141.88257598877,124.676184082031,108.567700703939,7.94258255831847,11.4775135267122,100.511660668158,21.8052587584248,73.1453685760498,98.0306588399042,52.8157565253122,90.8149753399749,87.3420810699463,42.8745904961411,15.0580153395032,0,152.532144165039,68.9783782958984,146.349120140076,116.050524902344,131.228399276733,94.9825096130371,126.304504394531,101.747374534607,72.9719657897949,129.057907104492,127.569917297363,121.369054582384,23.9073701819328,117.73424243927,89.0448150634766,8.93777638897917,70.5169830322266,38.1216167525241,0,0,0,0,157.117828369141,0,183.97151184082,184.063606262207,0,0,0,0,0,0,219.17707824707,0,174.272689819336,0,0,0,0,0,0,0,162.04719543457,0,0,121.770294189453,148.151748657227,202.283279418945,0,0,0,0,0
84.4099651821076,0,117.557238315014,82.7012567257662,65.4928137435604,11.4775135267122,10.2812350519886,55.3358402696492,16.7914188692975,74.8145407476243,34.2071667770352,83.4459906559364,28.9894856049127,108.211753498424,49.6539151094418,13.1079946395963,122.875663757324,132.749318745931,100.11791229248,150.886540412903,41.8520895498726,100.474073522231,100.628056844076,108.429249025741,76.0397579375609,93.5915069580078,139.031219482422,139.635538555327,65.7983401382935,65.056351291615,87.4357421550345,149.074703761509,18.4013422277179,88.8586688322179,75.014611860422,167.8316822052,0,166.685467529297,107.690145220075,150.700229478919,187.974990844727,154.481307373047,140.672070713366,161.590702989366,156.125940958659,152.009913444519,0,107.499143123627,115.327812194824,168.961955730732,0,0,0,0,233.546676635742,158.822895701339,0,0,179.375771416558,130.903962877062,0,246.425933837891,178.951533726283,150.493123618505,170.08645213734,159.943354288737,0,0,154.367523193359,172.268189324273
28.1277243286742,125.528377056122,92.1569984357246,64.5649960597542,54.5432845419367,100.511660668158,55.3358402696492,9.60254868482218,53.0551038345701,58.3360509498248,23.4163829240981,141.742361341204,60.4955437022044,156.429429230867,37.0916285299003,74.2149206308218,106.959644063314,116.122603692741,153.546356894753,139.888428609879,47.9000924751163,67.454117652856,81.4710951180294,80.1177787020988,58.9326581313666,159.934741210937,118.95087020163,115.763747054734,34.4823054779183,68.4349869979444,18.2847997555789,154.203630371094,114.477812315288,69.989598013251,81.565580890259,137.90811252594,0,154.013868833843,88.6220877676299,138.40567280696,0,137.86404052338,129.598427138069,151.467250823975,113.292839431763,136.670834689217,194.609558105469,114.911039511363,0,153.368760810708,143.503921508789,166.390162150065,190.421396891276,0,188.149688720703,130.413057778098,157.616588047573,131.232234954834,158.348823894154,109.849877173747,0,205.878413609096,154.573222435845,130.61526091057,154.421220008363,142.913955981915,235.47093963623,176.016616821289,135.6704868135,145.076266433253
39.1426622875414,131.690161705017,105.740563170303,81.381295931686,84.5929633228719,21.8052587584248,16.7914188692975,53.0551038345701,9.86746322539169,78.8026665030005,33.5590693077459,72.4243169654325,81.1366316453329,92.1743448791504,19.3442814249806,32.2590395781603,112.314894936301,119.696200542714,130.737801276313,137.251125498287,85.7181737527429,91.6538921720419,93.0784197826775,99.4042686143934,78.4174480558951,87.4388517379761,129.545649336199,130.434649944305,80.6080043566614,29.9017525190807,63.1505778974241,123.516101655506,15.6659656473697,84.2790661288383,60.1321348601534,149.499670223314,0,178.789534432547,112.47799504598,149.191607883998,242.149597167969,152.729744855095,140.793905006265,161.919610366323,135.731814066569,145.905352897534,225.637832641602,152.317144484747,138.312424795968,167.347510454732,178.25309753418,156.682218279157,213.192245483398,181.665542602539,185.468902587891,141.545742034912,177.054835001628,0,185.425582885742,128.804297641105,0,207.768731253488,166.948172897589,146.141415365567,168.043054595248,158.185808967142,156.682250976562,199.932899475098,158.307000296456,163.90087890625
63.6039501708231,70.2339995157653,105.442407608032,27.4659466556962,31.5273737830189,73.1453685760498,74.8145407476243,58.3360509498248,78.8026665030005,7.58061297094599,63.3547845537616,117.060159795425,10.6626109464474,108.137022090304,79.8850770831462,16.7196387427946,71.9524673461914,111.180220031738,133.640267221551,126.539541995887,29.5620081026327,90.0178133646647,26.5770658708035,104.652429840781,20.0968779049692,94.6105101356211,109.589070490164,93.2278828173394,49.5903849539149,67.8496525923127,61.3101070855159,128.024353720925,120.922822134835,61.4282249822849,79.6747769983096,126.452662150065,0,150.580846150716,43.3863440513611,94.5962549845378,0,121.967116038005,131.370733261108,195.818801879883,9.7805544535319,98.479678067294,0,96.6697483062744,140.211303710938,127.212326049805,0,120.373645782471,165.310905456543,162.18635559082,171.601806640625,93.0627074241638,158.223785400391,0,131.155614217122,83.7479080472674,132.938995361328,164.151223754883,155.480010223389,109.705176653181,175.581089019775,144.693731689453,0,0,125.093315124512,143.470698038737
72.3593891904595,144.338534545898,112.765207199823,64.1072850893477,19.2485198835341,98.0306588399042,34.2071667770352,23.4163829240981,33.5590693077459,63.3547845537616,13.0313896382259,142.153702095763,25.6125968684868,158.14827770657,66.5253242592468,68.1966428449077,133.58466796875,136.811084338597,156.295471191406,155.876089307997,15.2788829999364,108.980811261116,85.1030039383193,113.762442517024,61.0740295781328,158.009220668248,138.159501293513,140.509058239816,30.4840673427722,89.4451870388928,90.7721780072088,162.787221272786,117.834532486765,83.5149983345194,88.4602957629996,147.740442548479,158.217178344727,180.696838378906,86.2110190651634,143.788039892492,194.119216918945,146.878088916432,133.978885575837,152.687678954181,127.206916491191,142.00541067531,186.298530578613,139.314596414566,0,162.18807225055,147.836531066895,229.980834960938,212.095031738281,213.470733642578,0,138.157040977744,170.874702453613,117.956611633301,185.42769241333,112.981308910334,200.421356201172,223.387027316623,168.302092118697,142.20152101742,164.873672485352,194.995257059733,0,217.423622131348,152.456738191492,157.891728419884
123.888760665367,51.4249041997469,77.2499346646396,52.3451399024016,148.977169799805,52.8157565253122,83.4459906559364,141.742361341204,72.4243169654325,117.060159795425,142.153702095763,11.6671989454708,145.860470294952,25.2296400708902,79.444992409539,55.875675201416,128.405765533447,50.4697889919939,20.282505251806,22.7735271867594,140.37972846398,92.3827342106746,89.7371257515841,79.6396488471319,132.652367535759,31.8649096194334,26.3289124655025,54.0677882019714,142.865950448172,53.3516149747089,107.112749170374,35.465760024475,58.8583033370972,99.8448303222656,24.3101771181224,223.448196411133,94.1645024617513,117.421876525879,88.6570330168071,0,0,0,203.058659871419,0,147.000289916992,0,78.7310255284895,0,69.8272122595045,114.973594665527,0,0,130.531860351562,97.8459637959798,102.916097241779,0,0,122.925982157389,158.143133163452,215.597534179688,57.7266742960612,93.9919974383186,89.683926264445,176.903839111328,240.712699890137,155.267079671224,90.5638902083687,0,0,129.503003801618
82.2316246032715,94.7417297363281,193.850238800049,78.3276971181234,21.9424860501806,90.8149753399749,28.9894856049127,60.4955437022044,81.1366316453329,10.6626109464474,25.6125968684868,145.860470294952,10.468493909245,156.060316721598,97.6982155155324,9.58129924486906,0,133.704742431641,186.267639160156,158.766418457031,13.2950715952464,119.60050201416,61.1860542297363,187.468790690104,17.3740984455185,119.674049377441,188.554787445068,155.645945498818,44.3831678170798,96.7828331078802,118.459368387858,165.983520507812,115.83849700292,84.6916580200195,92.6815383538967,163.754348754883,0,0,74.9651505152384,117.74660217762,0,112.93554455301,148.317372755571,142.37979888916,0,130.401945720445,131.08740234375,8.54297118991084,0,145.6975701072,0,0,0,0,0,14.4788641573419,0,0,0,113.293629794651,0,0,185.502853393555,136.175243139267,135.199712900015,188.880569458008,0,0,136.519607543945,130.17276763916
128.636599222819,41.0660459607504,89.807906627655,43.7882320954628,139.577791849772,87.3420810699463,108.211753498424,156.429429230867,92.1743448791504,108.137022090304,158.14827770657,25.2296400708902,156.060316721598,7.80996624893739,98.8437045945062,144.868049621582,139.414432525635,77.1617994121477,50.0142009914321,54.5836402307643,144.876312255859,137.855429331462,77.2998446096288,103.055823771159,127.164910713832,14.5368600657993,31.7792394428591,32.6763301720517,151.355026646664,80.444608440836,148.834705352783,8.87859048942922,79.9463879903158,150.740509033203,55.5726154398791,0,151.916229248047,114.496566772461,71.4863406094638,0,0,0,145.796905517578,0,170.902404785156,0,66.6940127719532,0,58.8460273444653,98.8671417236328,0,0,138.777287801107,86.4790918686811,90.8175392150879,0,0,118.475898742676,115.951301574707,209.555770874023,47.7290864399501,86.4786725155143,85.0490637760536,214.929496765137,193.781888326009,192.590927124023,82.181731520028,0,0,137.647936503092
17.6478029617853,150.015579223633,103.093964802354,85.3002209528012,98.4034126705593,42.8745904961411,49.6539151094418,37.0916285299003,19.3442814249806,79.8850770831462,66.5253242592468,79.444992409539,97.6982155155324,98.8437045945062,9.53261119847483,45.2659811973572,116.089008808136,116.598948490903,119.460856463458,135.850525628217,98.7763959654085,89.0328877040318,95.0575510821765,97.9001163710602,87.0657002001013,104.705843072189,130.48751275528,129.918105646968,87.9505141139167,19.0713704826674,57.2265439727258,109.479878593894,19.9075486712032,73.7367691592635,52.8369753863505,158.960770797729,0,173.06059688992,97.7057902895171,154.306198120117,201.682800292969,157.195458185105,155.001844926314,178.187588555472,119.987330118815,170.431803251568,238.607559204102,187.696418762207,190.939155578613,176.072762838224,194.917495727539,172.396690368652,199.838673182896,218.803237915039,196.065139770508,160.835459899902,135.915217081706,167.227401733398,176.519509209527,138.890601741906,107.138278961182,191.690525817871,172.235847663879,147.03058235862,172.309795178865,160.888507588704,0,191.905303955078,152.876735263401,163.814779958417
72.2289054870605,116.289463043213,116.592503356934,88.2429379549893,48.162839449369,15.0580153395032,13.1079946395963,74.2149206308218,32.2590395781603,16.7196387427946,68.1966428449077,55.875675201416,9.58129924486906,144.868049621582,45.2659811973572,6.3803948270594,0,135.965887705485,0,148.917457580566,48.9791463216146,94.1291885375977,66.1763257565706,151.378346761068,38.8101133037087,128.670181274414,145.590173509386,124.139215087891,75.4684373310634,60.2354920546214,99.7364501953125,0,31.9361031952725,80.003342628479,70.2400910059611,0,0,0,44.4859771728516,110.170143127441,0,137.093444824219,159.217292785645,204.947891235352,0,154.312099456787,0,55.1503601074219,0,164.123809814453,0,0,0,0,197.856384277344,0,0,0,0,72.1013870239258,0,0,186.981536865234,114.699824015299,0,0,0,0,0,174.566558837891
94.7823395729065,68.566172281901,75.3935947243227,48.0229135146728,0,0,122.875663757324,106.959644063314,112.314894936301,71.9524673461914,133.58466796875,128.405765533447,0,139.414432525635,116.089008808136,0,15.1392585065402,94.1365567120639,118.585529327393,119.119934626988,0,32.0470695595206,33.8081293797929,22.7242508616643,24.128156385707,102.224578857422,101.024589664333,28.9893078407068,45.1521330793286,91.0547213781448,70.3450539071049,152.595428466797,0,91.1097025190081,68.574573299484,149.282531738281,0,109.568751017253,60.6141411630731,0,0,0,135.875335693359,158.932006835938,108.02067565918,137.373062133789,0,0,0,133.751289367676,0,97.5860026146268,142.815611703055,0,165.947486877441,0,106.955673142235,53.1139731126673,100.321094284582,112.709237234933,0,153.150524684361,103.701164832482,111.406702275862,119.293527603149,113.564341074013,0,0,122.545956929525,122.253807361309
97.2258043324903,49.4469951349796,35.7316029696481,53.0054379951235,118.877754211426,152.532144165039,132.749318745931,116.122603692741,119.696200542714,111.180220031738,136.811084338597,50.4697889919939,133.704742431641,77.1617994121477,116.598948490903,135.965887705485,94.1365567120639,9.45345118270897,52.0915028482343,33.9092041696223,0,48.8700952928458,82.5901333543121,23.4919765647555,116.713278324232,68.9420200916047,27.7126013916138,56.4211962284305,108.808013474763,89.7125385935197,75.0456482953039,85.7972427095686,138.0234375,81.3456580848025,23.9024469782677,181.520146687826,82.3495239257813,97.808222370763,66.8770138284434,0,0,208.157821655273,158.33134195079,192.06743367513,0,182.592361450195,114.053927103678,0,111.613480377197,186.024022420247,180.718536376953,126.233803885324,109.421751817067,130.124895477295,114.120567648751,0,139.009081159319,111.126627141779,118.488922561424,183.394763183594,103.083251953125,104.672861777696,96.8663026115766,168.456915048453,207.709293365479,153.939192635672,147.145992279053,0,135.44718170166,112.164133300781
126.910749053955,65.8394580220067,78.6986744471959,58.0460350757509,0,68.9783782958984,100.11791229248,153.546356894753,130.737801276313,133.640267221551,156.295471191406,20.282505251806,186.267639160156,50.0142009914321,119.460856463458,0,118.585529327393,52.0915028482343,7.47520312220761,15.0463395987535,181.950675964355,102.789895629883,99.4882452487946,85.2138706456835,145.776037216187,42.6998964126727,27.9728658235396,57.1098602689489,131.48434753418,92.0936739209672,116.218446069834,55.3024009416947,82.6361020406087,0,48.8458675055945,0,109.839420318604,134.361038208008,64.9115212384392,0,0,0,0,0,140.230270385742,238.330703735352,88.448643548148,0,78.7176448003342,216.110198974609,0,0,121.034605407715,99.7126883854942,108.697046419469,0,144.242980957031,170.911296844482,150.467269897461,0,62.1146481687372,96.0688123125018,92.6680108029306,0,139.482788085938,0,94.3545733231765,0,0,107.986899636009
123.857279530278,55.7880874040392,67.9122404679455,53.7895757785836,0,146.349120140076,150.886540412903,139.888428609879,137.251125498287,126.539541995887,155.876089307997,22.7735271867594,158.766418457031,54.5836402307643,135.850525628217,148.917457580566,119.119934626988,33.9092041696223,15.0463395987535,8.15207001648742,0,86.100601988412,95.4456997825986,72.8338651300591,141.921483357747,44.0976530066482,29.7258567669659,58.0940484882805,135.644059419632,99.8109544607309,105.152912049066,58.7856407080944,76.2318725585938,101.813286590576,28.7730500791713,163.583099365234,112.12358379364,117.338228186783,72.4769444465637,0,0,232.66276550293,191.977854410807,217.439514160156,215.500045776367,229.465881347656,96.3338088989258,0,78.3948017808258,186.988960266113,0,155.709136962891,117.514877319336,100.775224423876,101.978259992896,0,142.576164245605,114.548385620117,144.243220011393,189.321960449219,67.5402430416493,95.3508078675783,92.8020625586982,173.697352091471,186.30632019043,156.173126220703,99.3982292175293,0,0,113.876000976562
81.7534554425408,0,172.67977142334,75.5909574104078,12.4676246747709,116.050524902344,41.8520895498726,47.9000924751163,85.7181737527429,29.5620081026327,15.2788829999364,140.37972846398,13.2950715952464,144.876312255859,98.7763959654085,48.9791463216146,0,0,181.950675964355,0,6.89677578138965,168.96223449707,82.1528239780002,113.406443277995,14.5302371740341,0,153.192928314209,146.702617100307,27.2053579179227,92.4695432948417,110.944536309493,0,126.395375206357,79.9463101139775,89.8043006658554,139.297912597656,0,0,70.208667755127,136.149929455348,0,147.139329244924,136.145029102672,147.899760038956,120.394292558943,139.420249572487,0,23.1358885237919,0,166.029371781783,100.010604858398,167.417678833008,0,0,0,105.88360076055,0,0,0,105.865000953359,0,0,0,140.503901475141,171.531517028809,0,0,208.359161376953,165.49375406901,149.799842834473
72.2543899853009,81.279056125217,53.2286870089444,60.1227052078247,106.1398229599,131.228399276733,100.474073522231,67.454117652856,91.6538921720419,90.0178133646647,108.980811261116,92.3827342106746,119.60050201416,137.855429331462,89.0328877040318,94.1291885375977,32.0470695595206,48.8700952928458,102.789895629883,86.100601988412,168.96223449707,10.2839688900032,47.2106141102672,28.2816161817874,51.1007142579684,141.042200724284,82.2110918590001,70.3817572590029,23.5425109209682,33.8271211896769,28.2595738718948,149.371669769287,134.306137084961,38.7091359543286,37.5092603081591,150.611373901367,0,123.571900261773,68.6405051345125,123.44002532959,0,217.862686157227,131.545779059915,161.81282043457,96.9975204467773,149.619476318359,166.890563964844,0,0,154.804110209147,0,108.703156696102,142.546579996745,0,191.191436767578,0,111.501028147611,70.538953025386,116.151942375652,121.765452575684,0,153.117891947428,118.661329492346,114.947246026555,149.24719285965,117.878278546629,0,0,117.480309706468,122.722665450152
78.9823622496232,26.6883699571515,56.6594720567976,22.9588483834081,51.8237009805346,94.9825096130371,100.628056844076,81.4710951180294,93.0784197826775,26.5770658708035,85.1030039383193,89.7371257515841,61.1860542297363,77.2998446096288,95.0575510821765,66.1763257565706,33.8081293797929,82.5901333543121,99.4882452487946,95.4456997825986,82.1528239780002,47.2106141102672,7.05309612738696,50.3461055679801,28.5166294283271,62.6277555477847,81.511407032865,31.3166478058799,48.0775239241751,64.4424566992794,56.1333476555448,93.8667655357948,0,59.7096876731286,62.0396692784627,108.770007324219,0,99.6450571806535,25.2928883931408,117.417686462402,0,0,107.887335690585,112.564575195312,0,141.199982325236,163.626948038737,144.413482666016,116.101947784424,127.33787727356,0,57.1448624106014,112.394111633301,136.870788574219,120.704360961914,127.50888633728,68.3068660191127,17.9723465665639,70.270133513138,78.0362696928136,0,114.886929103306,70.9493730545044,82.6556724749113,111.988954816546,76.5118798149957,0,0,111.553105163574,89.7096650865343
82.8764397098172,66.337606799218,26.962939499973,53.7054889381072,109.500002774325,126.304504394531,108.429249025741,80.1177787020988,99.4042686143934,104.652429840781,113.762442517024,79.6396488471319,187.468790690104,103.055823771159,97.9001163710602,151.378346761068,22.7242508616643,23.4919765647555,85.2138706456835,72.8338651300591,113.406443277995,28.2816161817874,50.3461055679801,15.3937159949773,60.4817201247257,111.139887128557,62.3480493375233,43.6917085672267,52.9950483302421,81.0011581431599,53.1499920852823,109.226529530116,145.945471445719,74.1984589894613,43.5095531686508,153.086762927827,0,100.385100105059,73.8012715911865,0,0,183.740795559353,157.394422158428,184.59314546131,164.576583862305,181.928426470075,159.233257293701,0,0,173.38652918889,0,100.727615616372,130.624166870117,188.730827331543,144.296208699544,0,118.667840514072,63.1967925077949,106.560428768827,138.723534992763,0,136.761553847999,97.897083725121,137.198870827966,151.546588134766,135.302432767807,0,0,135.603796005249,126.361438932873
69.3978756549312,80.9564143952869,103.506115255048,39.1893116331845,15.3775180059019,101.747374534607,76.0397579375609,58.9326581313666,78.4174480558951,20.0968779049692,61.0740295781328,132.652367535759,17.3740984455185,127.164910713832,87.0657002001013,38.8101133037087,24.128156385707,116.713278324232,145.776037216187,141.921483357747,14.5302371740341,51.1007142579684,28.5166294283271,60.4817201247257,9.82715803842131,108.699894018341,120.384862165148,76.8506431802316,24.4439962238106,70.7380513834134,65.8849233688349,154.531704711914,129.97639063785,63.5960233924502,70.9241171273079,119.154282058495,0,149.962259629193,53.7597293191486,110.784862053199,0,123.357881250516,113.624365016392,139.077045985631,79.3093485151018,112.8528280788,177.309079851423,102.239280494484,0,137.574663897258,76.7883453369141,105.724107065508,165.612945556641,194.930076599121,204.358016967773,104.652184976114,109.342236110142,84.1713639497757,131.401260256767,92.1127993583679,0,165.1712777274,139.659610823089,108.419767288935,129.50590753303,119.695715070845,204.384338378906,160.626636505127,115.669420047682,129.556263065338
119.334482828776,22.562860194474,62.9898948669434,23.2549401106599,132.344848632812,72.9719657897949,93.5915069580078,159.934741210937,87.4388517379761,94.6105101356211,158.009220668248,31.8649096194334,119.674049377441,14.5368600657993,104.705843072189,128.670181274414,102.224578857422,68.9420200916047,42.6998964126727,44.0976530066482,0,141.042200724284,62.6277555477847,111.139887128557,108.699894018341,7.7301813274566,39.5540104868927,20.8510139360033,133.841424795297,98.0116509418098,141.538660049438,46.6162006129389,73.2686805725098,127.226903279622,49.2313917828145,0,0,0,43.2259972312234,0,0,0,0,0,120.362693786621,0,62.906566956464,0,51.2901362597458,0,0,0,0,75.4213538169861,80.8078964233398,0,0,0,0,0,31.5296714570787,70.3508096956739,68.3902832006479,0,0,0,70.107959985733,0,0,61.6277713775635
115.824238840739,44.3140717846251,29.6045281918294,45.7357062662711,132.711822509766,129.057907104492,139.031219482422,118.95087020163,129.545649336199,109.589070490164,138.159501293513,26.3289124655025,188.554787445068,31.7792394428591,130.48751275528,145.590173509386,101.024589664333,27.7126013916138,27.9728658235396,29.7258567669659,153.192928314209,82.2110918590001,81.511407032865,62.3480493375233,120.384862165148,39.5540104868927,16.9692427347394,37.6793815754261,113.079059200327,115.16006832588,97.8712144697675,26.4288389493787,107.466493779963,126.268298339844,51.2902689617116,183.748494466146,94.6063597829718,96.8800651464569,65.627816101999,0,0,0,177.394572817046,195.473744710286,176.245536804199,215.438194274902,91.4909884134928,0,75.5004041713724,178.658765792847,0,130.016106923421,102.913598408956,97.459017200959,96.37775293986,0,143.070074717204,122.886909866333,117.780793061128,170.265243530273,61.4634575293614,91.522834342516,88.9316654726931,175.579239845276,161.642478942871,161.278890927633,93.9164054807553,0,153.467041015625,103.840388644825
117.782929669256,23.7798881507498,31.7905340938113,35.9136534737019,121.318778404823,127.569917297363,139.635538555327,115.763747054734,130.434649944305,93.2278828173394,140.509058239816,54.0677882019714,155.645945498818,32.6763301720517,129.918105646968,124.139215087891,28.9893078407068,56.4211962284305,57.1098602689489,58.0940484882805,146.702617100307,70.3817572590029,31.3166478058799,43.6917085672267,76.8506431802316,20.8510139360033,37.6793815754261,13.8589566292225,77.7955493195125,107.971556475993,101.321233077276,22.4126951366004,124.814412630521,109.837628027972,53.8183627824909,157.776402791341,97.2751470712515,87.8184157357071,54.690015098195,154.700347900391,0,171.50259552002,152.300363846767,177.212002922507,146.934670448303,165.474130803888,93.7892780472747,172.623794555664,74.7066418275995,168.430933850877,0,98.8951290194728,99.3900913582408,98.4392588415811,100.385519177434,0,122.105140418337,59.6238034629192,100.38401153972,139.045366686444,57.3711544655465,92.0723390831614,85.8348302342496,148.235063955817,171.374354194192,137.507701994243,94.1778676250193,0,156.521319798061,107.671244394212
73.3811075301867,99.4783921112885,75.8134125459834,53.2339526170476,14.8834000788982,121.369054582384,65.7983401382935,34.4823054779183,80.6080043566614,49.5903849539149,30.4840673427722,142.865950448172,44.3831678170798,151.355026646664,87.9505141139167,75.4684373310634,45.1521330793286,108.808013474763,131.48434753418,135.644059419632,27.2053579179227,23.5425109209682,48.0775239241751,52.9950483302421,24.4439962238106,133.841424795297,113.079059200327,77.7955493195125,12.797889624082,77.063165287,42.8341918491663,160.432707393871,132.744380042666,65.660785168724,67.1973343871134,126.187431775607,0,140.726976914839,70.3800966270798,139.367384243855,170.434326171875,143.541694388902,121.719306725298,147.57482384688,90.3493684621958,139.545541320672,186.828290072354,98.7823644811457,0,144.873316328404,0,106.409968494234,153.426103864397,0,187.947047424316,131.863947911165,122.629114832197,93.2430172729492,135.897708635072,103.716536673947,0,179.494489034017,137.364191014132,117.04057334529,137.089588136601,120.004366973973,0,187.448181152344,119.027156924413,128.4098584079
20.2784487172977,115.052289581299,101.183206774664,66.9610538482666,82.177677154541,23.9073701819328,65.056351291615,68.4349869979444,29.9017525190807,67.8496525923127,89.4451870388928,53.3516149747089,96.7828331078802,80.444608440836,19.0713704826674,60.2354920546214,91.0547213781448,89.7125385935197,92.0936739209672,99.8109544607309,92.4695432948417,33.8271211896769,64.4424566992794,81.0011581431599,70.7380513834134,98.0116509418098,115.16006832588,107.971556475993,77.063165287,11.1474106266366,24.5167263376358,92.7198627471924,11.5236784243241,17.290125469662,29.6515713343947,135.701418558757,166.490325927734,165.06013211337,86.5070017089844,152.067757924398,0,164.307426698746,138.267913316897,168.995705922445,99.0413193475632,168.466623851231,179.219568888346,173.125156947545,106.575965881348,160.061171907367,203.314407348633,105.48201751709,175.135782877604,125.978942871094,141.068438212077,169.941949732163,120.753661632538,129.057367324829,160.713154668393,122.135481623422,104.148445129395,160.489109039307,147.957447052002,125.42844537021,151.049781461483,132.12083134805,156.476177215576,222.863479614258,138.529351520538,149.240468248909
33.6843376803923,101.899957180023,69.9205516754772,61.5183470315214,78.7800785000041,117.73424243927,87.4357421550345,18.2847997555789,63.1505778974241,61.3101070855159,90.7721780072088,107.112749170374,118.459368387858,148.834705352783,57.2265439727258,99.7364501953125,70.3450539071049,75.0456482953039,116.218446069834,105.152912049066,110.944536309493,28.2595738718948,56.1333476555448,53.1499920852823,65.8849233688349,141.538660049438,97.8712144697675,101.321233077276,42.8341918491663,24.5167263376358,10.8489303017781,141.425070020888,118.470035206188,43.4265980386191,40.6359416178176,136.593907406456,201.903778076172,143.089455127716,76.3349963343421,112.432350158691,0,154.736424763997,134.897464658007,168.873343727805,82.4140386581421,154.482167198544,0,183.506660461426,142.624801635742,150.920310704848,158.45686340332,111.439881461007,167.170510864258,0,183.509897867839,172.614504132952,124.185390912569,97.3283865792411,145.287615273216,114.114725948365,0,167.880158134129,138.386932515652,119.392562728744,143.523237752173,126.834986305237,0,182.314254760742,128.019827457896,133.873241471656
173.989105224609,56.2295315650202,86.3263336464211,57.4150121779669,0,89.0448150634766,149.074703761509,154.203630371094,123.516101655506,128.024353720925,162.787221272786,35.465760024475,165.983520507812,8.87859048942922,109.479878593894,0,152.595428466797,85.7972427095686,55.3024009416947,58.7856407080944,0,149.371669769287,93.8667655357948,109.226529530116,154.531704711914,46.6162006129389,26.4288389493787,22.4126951366004,160.432707393871,92.7198627471924,141.425070020888,6.67689881102288,102.057463509696,0,66.6244308255243,0,111.859142303467,121.20316696167,83.8137690226237,0,0,0,0,0,187.332107543945,0,89.7105922698975,0,81.6583832899729,0,0,0,117.040588378906,99.5658467610677,107.484250848944,0,0,0,0,175.637496948242,64.6109356350369,101.706386900785,98.5726631014955,182.62516784668,0,0,105.174644470215,0,0,92.3055801391602
75.2777218288846,127.658081054688,151.499490356445,114.94308610396,123.759332929339,8.93777638897917,18.4013422277179,114.477812315288,15.6659656473697,120.922822134835,117.834532486765,58.8583033370972,115.83849700292,79.9463879903158,19.9075486712032,31.9361031952725,0,138.0234375,82.6361020406087,76.2318725585938,126.395375206357,134.306137084961,0,145.945471445719,129.97639063785,73.2686805725098,107.466493779963,124.814412630521,132.744380042666,11.5236784243241,118.470035206188,102.057463509696,3.98155449325662,94.3037700653076,39.4623494625092,0,0,211.690414428711,119.965400695801,0,0,0,181.996047973633,196.046028137207,0,192.676635742188,0,0,0,0,0,0,0,0,0,0,0,108.33617401123,0,168.765179951986,0,0,0,171.522901262556,217.468490600586,215.016036987305,0,0,190.992111206055,0
38.1784826914469,106.588893890381,110.086065928141,58.1282786757019,75.4720558562836,70.5169830322266,88.8586688322179,69.989598013251,84.2790661288383,61.4282249822849,83.5149983345194,99.8448303222656,84.6916580200195,150.740509033203,73.7367691592635,80.003342628479,91.1097025190081,81.3456580848025,0,101.813286590576,79.9463101139775,38.7091359543286,59.7096876731286,74.1984589894613,63.5960233924502,127.226903279622,126.268298339844,109.837628027972,65.660785168724,17.290125469662,43.4265980386191,0,94.3037700653076,8.30262777030515,28.3881578521031,137.186642964681,0,0,70.7136097660771,150.582336425781,0,159.268568992615,132.544111901587,152.07096417745,100.170778274536,167.074266706194,0,0,0,151.545929852654,0,102.853167942592,0,0,152.326919555664,205.4912109375,131.154712677002,100.520885467529,152.763771057129,112.962167606797,0,175.121032714844,140.763927459717,120.05121600534,143.003478209178,121.417834872291,0,0,129.426289367676,135.218389299181
64.3106401205063,47.3922009834876,48.9753958356909,55.0482176796335,89.5857333358453,38.1216167525241,75.014611860422,81.565580890259,60.1321348601534,79.6747769983096,88.4602957629996,24.3101771181224,92.6815383538967,55.5726154398791,52.8369753863505,70.2400910059611,68.574573299484,23.9024469782677,48.8458675055945,28.7730500791713,89.8043006658554,37.5092603081591,62.0396692784627,43.5095531686508,70.9241171273079,49.2313917828145,51.2902689617116,53.8183627824909,67.1973343871134,29.6515713343947,40.6359416178176,66.6244308255243,39.4623494625092,28.3881578521031,8.74292050401281,143.930014474051,122.473684692383,99.6524789164385,83.7827345984323,169.054763793945,182.695281982422,184.86961555481,142.795371722458,173.251472024357,115.663642883301,162.670771512118,113.496257781982,180.443895975749,87.8534211956087,162.140823217539,0,108.228320497455,111.620568620398,107.600104081003,108.574374428278,133.948715209961,125.152631225586,81.0664646148682,115.002610412598,121.835584445876,68.9811578897329,99.7872214246152,96.4475726010848,127.440097808838,149.298159696618,126.533998807271,107.334966278076,207.513824462891,135.782133622603,129.921075503031
138.192534923553,0,140.771886189779,90.4513791402181,144.951614379883,0,167.8316822052,137.90811252594,149.499670223314,126.452662150065,147.740442548479,223.448196411133,163.754348754883,0,158.960770797729,0,149.282531738281,181.520146687826,0,163.583099365234,139.297912597656,150.611373901367,108.770007324219,153.086762927827,119.154282058495,0,183.748494466146,157.776402791341,126.187431775607,135.701418558757,136.593907406456,0,0,137.186642964681,143.930014474051,8.49629503365101,116.56662940979,108.205114225062,64.6988160850679,80.6733200209481,70.1520385742188,80.290157933389,24.8708721165858,54.4196595818389,64.6849297345695,66.4013041773586,108.724224576083,87.9588205674115,139.166153647683,8.65832247356449,90.1983812120226,74.7584717008803,101.521820773249,121.655245163861,112.712406035393,78.2742708178534,71.4318668037061,74.4290745925903,88.3244641221414,69.4357494863129,128.556476048061,114.296561893664,114.587275187174,72.2234382814424,19.3896262216154,29.8385174034267,152.562530517578,64.2333459854126,31.4625856982675,57.3129535292646
147.611633300781,0,117.546215057373,57.684840520223,0,0,0,0,0,0,158.217178344727,94.1645024617513,0,151.916229248047,0,0,0,82.3495239257813,109.839420318604,112.12358379364,0,0,0,0,0,0,94.6063597829718,97.2751470712515,0,166.490325927734,201.903778076172,111.859142303467,0,0,122.473684692383,116.56662940979,7.13497239587097,41.0576943033967,25.3055439305593,154.667617797852,0,141.882167816162,114.369682312012,141.447703770229,70.3546299883114,141.117863972982,61.0250084400177,0,37.798379464583,129.299021402995,122.157012939453,59.7823151768865,49.9741365273282,70.4188243724682,56.7213590836089,0,88.4592302322388,22.026444463908,58.3703914127467,70.9496335249681,17.3845593728171,44.9647839840976,26.4822077255954,96.3620582580566,98.0587633573092,96.295098697438,71.5766351873224,0,89.8485844930013,56.8085683475841
171.415374755859,81.7249717712402,88.9835068447899,53.2386853846681,199.259918212891,0,166.685467529297,154.013868833843,178.789534432547,150.580846150716,180.696838378906,117.421876525879,0,114.496566772461,173.06059688992,0,109.568751017253,97.808222370763,134.361038208008,117.338228186783,0,123.571900261773,99.6450571806535,100.385100105059,149.962259629193,0,96.8800651464569,87.8184157357071,140.726976914839,165.06013211337,143.089455127716,121.20316696167,211.690414428711,0,99.6524789164385,108.205114225062,41.0576943033967,11.2895594627103,43.1207903491749,124.508368937174,152.254943847656,119.82575264217,90.9337307188246,119.716044549381,96.3632141504532,109.482491693432,87.4357858137651,150.108157157898,87.2593639918736,115.834699205532,127.129558563232,79.8486120572654,36.0915437584679,89.2088169824509,57.997800886538,149.918690999349,58.9371067912308,53.3598742113046,25.9824472746181,104.663676054581,74.9257420131138,30.0800728601656,30.6507309271022,76.8649649069859,131.704995996812,85.5872593919436,92.297563495058,173.573883056641,138.412269592285,58.2607293595659
85.7532719203404,48.3424708048503,62.601259255711,17.4441378353335,64.9643869205397,0,107.690145220075,88.6220877676299,112.47799504598,43.3863440513611,86.2110190651634,88.6570330168071,74.9651505152384,71.4863406094638,97.7057902895171,44.4859771728516,60.6141411630731,66.8770138284434,64.9115212384392,72.4769444465637,70.208667755127,68.6405051345125,25.2928883931408,73.8012715911865,53.7597293191486,43.2259972312234,65.627816101999,54.690015098195,70.3800966270798,86.5070017089844,76.3349963343421,83.8137690226237,119.965400695801,70.7136097660771,83.7827345984323,64.6988160850679,25.3055439305593,43.1207903491749,15.281679115548,57.69552734375,0,93.6400636141418,60.8238371693281,90.2097790799619,20.7612693696186,78.5638843768209,57.3633107818475,85.777229309082,40.8155400268856,81.5299666943291,113.146299743652,40.2265899895797,53.819610855911,70.5777475357056,57.4075484375159,73.4376184372675,56.187427280077,23.3870622922789,54.1616258329004,37.8782455706538,21.8419341618441,47.0005653361203,36.041933493631,53.4339440743565,74.9876854310786,57.7278170113252,63.7375874238856,108.402656555176,57.9946559507455,61.4299878623864
