11.8056847343252,138.045150756836,98.1585409848356,68.1292146475204,89.8743504115513,84.0426063537598,84.488689657358,35.010621400246,28.0139820133924,67.0551111433241,63.6060651763907,113.201465154098,94.0100004408095,136.483680725098,16.5926599593701,59.3067537943522,110.187105178833,100.996002323847,133.292633954216,121.822481017182,92.1829081690589,78.8821129961712,108.007311722328,84.9807143258576,82.9284310183682,148.041580200195,129.816712748798,125.348395732619,75.3200300493811,20.4875080977732,32.2894848115944,0,75.2130778386043,44.3297419645348,72.6762330260458,138.640182495117,158.193023681641,172.511347452799,126.893211364746,93.0217399597168,0,173.953834533691,133.182749131147,164.257852727717,114.701995849609,0,208.654093424479,0,0,159.352971394857,0,122.571392059326,185.226516723633,216.660552978516,207.150177001953,95.1354064941406,122.376838684082,151.292633056641,171.905300364775,126.453881749567,0,176.024276733398,162.929599285126,133.499867011761,155.261635275448,145.410481621237,0,0,145.569366455078,155.69155229841
138.045150756836,6.21187384520004,45.9134969047878,14.5203606721203,98.9312756347656,138.320419311523,144.539413452148,121.826403198242,138.792290397312,71.1534979907661,163.619956970215,68.6470710566786,95.3983616076018,47.3367201433219,133.855986983688,112.181611802843,44.4224141538143,49.9994766524949,75.7176700938832,58.8314428074019,93.7689348856608,90.6799883161272,20.9713506078745,69.4435945993446,76.022394940024,20.9125473676934,45.1534007625685,28.8462043749937,103.700634709111,112.806340026855,98.2570300632053,57.8826500712961,0,99.2602074940999,61.7316191013043,161.864875793457,67.3692636489868,68.7960549320083,64.6977446079254,0,0,152.325225830078,141.236877441406,0,162.033233642578,149.537147521973,0,0,93.0409833467924,151.931243896484,0,98.2925981794085,80.4860915270719,105.499481201172,127.084886169434,176.198715209961,123.500061035156,74.3378728230794,86.3558848454402,137.792888641357,82.9076724582248,89.923104763031,69.8530542764319,170.381552124023,153.296691894531,106.819915771484,106.023350524902,0,179.297653198242,81.0930122799344
98.1585409848356,45.9134969047878,15.1538130735518,51.6556651695443,134.095219147511,165.655509361854,134.682980925798,99.0634553286371,119.635956320298,114.836502597757,114.777017784917,94.0384431671678,151.099381058304,105.626474874991,115.552615365382,133.832952399003,82.0844618417684,42.1376944891721,97.6093645597759,74.0894126426173,144.016520182292,64.4762974775242,47.6541163126628,28.3697837408564,113.055010473177,83.5234756469727,43.729966804593,36.5785535426653,88.3692084656421,121.047334516109,78.6656243529793,93.420581817627,173.910675048828,113.815568726638,67.6147836664021,160.832235717773,83.9741453690962,92.4748083534309,84.9506340026855,151.019937515259,0,194.604587208141,159.48962948369,180.198869525262,178.182240804036,175.77358194987,204.144877115885,223.837280273438,153.139911651611,177.547632489886,0,115.290070332272,109.715519460042,150.934427897135,135.898880004883,191.70426940918,148.278982798258,76.3350961124196,106.460849756361,165.008106916379,127.032482910156,116.428602035122,92.4819078650924,154.392221679688,180.698309762137,145.508260650635,155.639370600382,0,206.718673706055,109.392656732778
68.1292146475204,14.5203606721203,51.6556651695443,12.6166823612252,63.7956953866141,114.315237045288,80.6989752407732,62.0187215775158,77.1324414282544,25.9552537983927,86.801648924836,86.8445160720522,90.9620628654957,40.1680727035363,80.1948211189594,74.9700883434665,34.0614690991372,62.9173784760953,88.6711215507693,73.8535196336649,66.8024721548591,52.8083013902892,23.2000635474227,53.3768559457085,41.5343099703929,21.8302833421135,53.7434731852802,39.2459568900614,51.2108136854071,74.3063136689484,56.9093552310057,60.6888447761536,119.841511620416,65.9119105123395,68.9605237349723,88.9121979693977,59.9200781041926,64.8928871838423,19.6914830786841,88.2956095095034,127.723576863607,96.7898086373133,78.8638861087444,99.429507611249,36.0770466327667,91.3620934553549,152.096768012414,88.9751221793039,72.7458803994315,103.334800986357,97.9868011474609,57.2973882095723,85.0800364850515,126.518023014069,127.543752569901,87.6008429527283,71.8185906363006,54.6416782286109,73.8979848249243,59.4101609507196,64.4421913541596,95.2237260800983,61.544349695955,71.9896141910755,98.5557456970215,73.081589109484,111.905943650466,114.564788818359,81.1953192680113,85.9132599639893
89.8743504115513,98.9312756347656,134.095219147511,63.7956953866141,10.1574757913608,110.978164672852,62.7292560577393,52.4805913242867,85.7355523752612,25.5642712597639,36.8678381955367,163.676988081499,35.8274042456457,166.482467651367,103.852869787882,60.8977648717053,68.982093334198,148.366750965948,193.253239949544,174.814783732096,16.2148185204602,110.273884243435,71.6649706565728,121.947936194284,15.1575735041474,132.913866315569,159.387083740234,120.986262448184,17.4074982709944,93.0697775408626,95.4115560195025,161.887016296387,134.874545288086,77.9716870522913,87.2531515462509,147.544118881226,0,197.516606648763,100.016266822815,56.9384351632043,207.390716552734,147.371223809063,132.305956077576,147.114999100969,103.324669361115,130.85694278662,0,81.9178639037269,0,151.889540195465,120.66446685791,171.482569376628,225.170806884766,232.103546142578,0,26.5000041593594,163.596420288086,139.733917236328,123.952575683594,116.994836552938,0,189.610313415527,199.457621765137,118.210461119464,165.441643750226,132.488637057218,0,0,148.692961798774,172.6872382164
84.0426063537598,138.320419311523,165.655509361854,114.315237045288,110.978164672852,7.151498382249,11.1590832725709,113.664643151419,17.7446305543752,103.757651901245,110.273665662082,57.095614188058,97.4087819290161,65.4447441101074,32.3146704190398,15.2181904258399,0,151.572953360421,89.3871917724609,89.5903053283691,113.080635070801,115.295362472534,168.427398681641,149.623918706721,115.648437681652,0,167.975912475586,176.508298238118,121.066307067871,27.034088498983,106.709901809692,0,10.2203304972787,0,33.2174701361821,0,0,0,144.537521362305,154.232585144043,0,193.803176879883,185.248107910156,220.476806640625,0,0,0,0,0,0,0,0,0,0,0,218.158203125,0,0,0,175.603418986003,0,0,212.767166137695,173.258041381836,222.82209777832,182.407852172852,0,0,180.937713623047,193.30793762207
84.488689657358,144.539413452148,134.682980925798,80.6989752407732,62.7292560577393,11.1590832725709,10.5245475917991,53.5717193536301,22.610012125764,78.7740731015532,28.955677042085,95.4036727173688,35.3182004637295,119.217381501809,28.8497519563706,11.6342829780895,118.594507489886,147.633577530759,131.801192760468,147.222812305797,50.381988860539,106.461587050865,126.993104743958,122.350788597299,75.492433707165,158.768856811523,159.684763056751,148.015024150502,67.2201211742181,52.8455627946664,113.145683288574,172.798366001674,22.8321132372068,98.6750359168419,79.2003082476164,169.912441052889,177.113632202148,196.651329040527,105.255271324745,127.768530353747,199.359062194824,162.054498584454,146.77854089623,175.975135883532,123.391743342082,153.250393549601,216.40202331543,127.067582350511,195.691493988037,177.878798616849,142.965118408203,167.508129119873,216.165363311768,0,180.319458007812,144.537229467321,169.529790242513,146.61198425293,184.022820366753,136.456925733374,147.871200561523,199.374435424805,192.472225047924,145.134488310133,179.258984719553,168.207944658068,184.611267089844,0,161.254299708775,179.078550858931
35.010621400246,121.826403198242,99.0634553286371,62.0187215775158,52.4805913242867,113.664643151419,53.5717193536301,10.8763675071009,52.5728116892976,54.9531293355042,20.8451792211669,147.062296102335,49.8378341044992,170.456671033587,51.3235756838711,74.5878032904405,88.4036265685495,122.248323456101,168.658075968424,149.608548502284,60.4778509845472,66.2650220485975,94.1098223916845,78.2125958846686,49.3872654199406,156.789228166853,141.890043261187,112.962786659737,28.3252866264756,66.4527417391353,25.9174021079037,173.670444488525,117.799215634664,67.8433564199362,91.5632839957873,142.727916002274,174.940272013346,171.547956755667,79.9376423439283,126.385175258092,170.002143859863,147.246195059556,128.062172431946,157.424564877072,106.212082932635,138.925407326058,221.22824605306,146.163128402998,230.403312683105,162.005777955965,151.138458251953,143.423883924297,202.353837585449,241.752227783203,228.001647949219,133.423216748593,147.377660061451,121.68738079071,158.703527658636,114.730408938811,0,208.834000618227,164.292233970728,127.721219419822,160.904643896854,139.297085976114,228.762588500977,181.840347290039,137.289838057298,155.158688801091
28.0139820133924,138.792290397312,119.635956320298,77.1324414282544,85.7355523752612,17.7446305543752,22.610012125764,52.5728116892976,11.9937997953142,74.5602461456493,26.514156500122,88.8122830701068,71.6884993667677,112.751648615865,17.4912762279035,24.6864249940044,118.389714660645,125.894846432026,132.1238606291,137.64521730101,78.6883079819381,94.9405927984564,118.817657729327,105.017231400277,76.4089693845009,157.636747087751,144.077746602513,138.635126931978,74.7861585721103,39.7718456118729,83.538606040239,144.466153998124,19.4498874320668,85.7518658638,69.569600797167,161.719082867658,171.526420593262,184.04953290154,94.0151474692605,144.976326106145,194.024648030599,157.112161557536,144.334095313901,166.365793026195,128.809224774761,153.471503053658,232.882984706334,131.505135536194,226.452000935872,171.934577733441,145.339141845703,168.571794846479,203.237195968628,219.124742296007,215.843816121419,145.353064661441,157.458230269583,146.064440275493,183.437390428908,129.618275819506,0,191.333104133606,181.980129209887,140.117533687586,175.021800770479,154.739778935515,174.701934814453,208.670086669922,154.934665159746,168.764666792275
67.0551111433241,71.1534979907661,114.836502597757,25.9552537983927,25.5642712597639,103.757651901245,78.7740731015532,54.9531293355042,74.5602461456493,7.55581541382932,72.2916655676705,128.488730269871,12.8235237865792,114.783075297471,80.8411661208944,24.1298772884333,74.9236096541087,114.660280458487,148.821491588246,133.506277622321,19.8111482049044,74.0536712178013,25.857158026054,93.8469944829526,15.8825709063826,97.0653555591034,122.459719836474,98.8898156397015,47.24404760845,76.4030863741319,59.8978360260968,130.910261088404,116.404524230957,65.6676924450797,90.7338168004176,91.4403870900472,0,179.556217193604,43.0475178807974,92.8516282081604,154.943145751953,111.993628460428,89.046975843368,126.012817089374,46.2948396041475,101.922235246138,166.221389770508,157.291954040527,170.451758384705,124.694430424617,102.743774414062,121.615699768066,168.315007527669,176.793121337891,152.790740966797,116.05625187267,173.496095021566,115.350246429443,160.947116088867,82.5188082302318,149.597906112671,178.038671221052,163.297316440316,95.8492279387357,114.006020507812,85.6011968612671,170.380569458008,0,116.91464471817,152.822622445913
63.6060651763907,163.619956970215,114.777017784917,86.801648924836,36.8678381955367,110.273665662082,28.955677042085,20.8451792211669,26.514156500122,72.2916655676705,12.8372771827036,145.879580442146,27.3393151033116,166.680447665128,56.907209281139,74.2969759414936,113.664738581731,148.935208769768,168.713170528412,167.814077203924,20.6642355991401,80.7303113029117,113.412296022688,93.7899681666251,65.5439369497174,156.123306274414,158.242373120654,135.693350333999,27.7478167840435,88.3102851149693,96.2126755575532,186.600413004557,118.486757105047,86.6892325727907,92.0951023524878,167.13002942956,144.623733520508,183.183748517718,122.680581665039,104.341410034807,196.358627319336,161.293086667604,145.714256051469,171.432717290418,122.43888222299,158.909838133368,245.168380737305,123.361324614373,0,185.827797167229,176.928995768229,173.322133382161,200.838516235352,0,244.431198120117,124.838168170865,182.739953613281,178.410928726196,173.717367404845,133.891333099506,0,218.384259905134,186.562116713751,147.770371279035,185.704994759909,172.121807445179,0,204.253280639648,167.179179191589,185.756017049154
113.201465154098,68.6470710566786,94.0384431671678,86.8445160720522,163.676988081499,57.095614188058,95.4036727173688,147.062296102335,88.8122830701068,128.488730269871,145.879580442146,13.9346340704057,130.980938620549,27.051207658874,79.2877620063132,90.6515126382151,132.965259552002,57.6519767445304,27.9167992272968,33.6752991817648,143.436304676289,101.969241714478,91.9398856915926,94.4715812930928,152.04338208764,37.2327427258149,39.5474081668754,67.341136106515,143.044511516442,63.5862286429369,118.172816692583,37.0077920048932,58.2402485165137,101.197945529975,24.4987614041038,0,128.475973946708,146.92622990762,78.4458539581299,0,0,234.077819824219,218.025555080838,215.019308907645,152.381498856978,224.514492797852,85.0496687889099,192.244232177734,69.9365117888137,223.043228149414,151.351013183594,194.494930267334,122.698112487793,90.1020087073831,101.636228059468,0,167.69261932373,156.013336181641,169.330990600586,197.924949101039,67.9937044672605,98.4283119763826,107.652164118631,195.145051320394,221.838794708252,204.380237926136,95.0600730441264,0,211.297241210938,160.76598739624
94.0100004408095,95.3983616076018,151.099381058304,90.9620628654957,35.8274042456457,97.4087819290161,35.3182004637295,49.8378341044992,71.6884993667677,12.8235237865792,27.3393151033116,130.980938620549,11.0577038964965,151.059055655343,92.0462045641589,16.21265640014,135.997596740723,163.302110036214,162.929539647596,162.915884835379,15.7956656524136,116.706111907959,78.9815979003906,161.401060959388,23.2215281579331,128.339202880859,167.638683025654,127.951106703909,51.922135559842,89.8289514027736,149.350698852539,171.325874328613,106.807931980165,86.0364109220959,94.9787923871554,153.641048431396,0,202.999624633789,150.384719848633,82.1484219021267,141.62911769322,74.4255946646345,149.823799334074,120.707505618825,82.8462732755221,98.400548676313,144.720072428385,13.9403938479892,176.359751383464,112.943442711463,49.3821615491595,235.244140625,222.948593139648,158.312805175781,199.001953125,17.649149796844,224.632858276367,145.847221374512,230.672409057617,83.5421990006058,187.03889465332,184.785227457682,187.233375549316,134.138475140322,128.557546854019,178.049168586731,0,123.869445800781,205.13737487793,136.946904962713
136.483680725098,47.3367201433219,105.626474874991,40.1680727035363,166.482467651367,65.4447441101074,119.217381501809,170.456671033587,112.751648615865,114.783075297471,166.680447665128,27.051207658874,151.059055655343,8.87826070354973,105.528547101316,131.417514038086,131.170468648275,105.282755750291,51.4541778146508,71.173366431034,156.135162353516,174.28740234375,77.7950835685207,138.516728719076,132.437047026878,22.3780540960386,25.7880519732902,32.8325466780117,157.377260843913,98.8405636874112,159.410237630208,12.9865204108674,86.9187027613322,155.5205078125,66.4029130769524,205.859980265299,86.9099214661796,147.72021484375,50.6137534889891,189.737854003906,146.544158935547,123.117473602295,210.922271728516,167.063393843801,145.634345225799,0,75.7808372921414,196.996368408203,61.2810417632311,152.621571467473,183.776341756185,0,123.264638846261,84.1706557726338,90.0197935170141,0,163.63973236084,120.278243637085,169.175232781304,170.126879374186,56.8244360906855,84.8812487023508,91.0819112550845,203.322616577148,132.818239847819,171.14363861084,85.1062685221582,114.280139923096,0,117.483084758123
16.5926599593701,133.855986983688,115.552615365382,80.1948211189594,103.852869787882,32.3146704190398,28.8497519563706,51.3235756838711,17.4912762279035,80.8411661208944,56.907209281139,79.2877620063132,92.0462045641589,105.528547101316,10.2216193754532,38.1709902517772,137.749043055943,117.186143119678,116.777463839199,121.371585222079,98.8903016144375,92.4327609756403,116.136586015875,99.8179255613248,88.5338266879597,106.549558940687,136.344276852851,135.226978474223,88.0766382837624,24.7076570766323,65.8336058532105,124.583607322291,16.5051347323972,70.1446683177242,55.1090357430386,162.590662275042,153.481165568034,180.923168443654,101.107870178223,142.485928462102,191.289443969727,162.310346525009,151.519245033493,172.213285255432,123.071774482727,162.301688537598,234.316787719727,147.080671946208,122.847282409668,181.25242213199,162.066253662109,158.898856268989,201.982976277669,221.578460693359,147.220809936523,177.129196166992,144.828040338332,145.03386592865,178.672616456684,135.275809971973,139.109985351562,171.06000242842,170.92636865558,145.328241153125,178.182366225299,158.271042789321,186.38695526123,230.307235717773,156.373889160156,168.711139454561
59.3067537943522,112.181611802843,133.832952399003,74.9700883434665,60.8977648717053,15.2181904258399,11.6342829780895,74.5878032904405,24.6864249940044,24.1298772884333,74.2969759414936,90.6515126382151,16.21265640014,131.417514038086,38.1709902517772,7.92952416118864,102.449451446533,132.660653686523,111.702761332194,136.589865366618,57.6081048720922,105.916698455811,83.4119620853,127.973267873128,45.3198908423456,141.258178710938,143.046241215297,126.558628400167,81.2342239955686,57.5581555488782,101.121320724487,0,43.8781732883093,90.0240303039551,70.0791744934885,141.647903442383,0,0,104.520805358887,145.493827819824,0,178.272808837891,153.027383284135,159.121599469866,0,164.106607055664,0,120.235722859701,0,188.898458862305,0,0,0,0,0,63.872241973877,153.222839355469,171.618072509766,0,134.514981406076,0,0,198.765838623047,150.047512401234,0,144.398986816406,0,0,162.766311645508,169.420989990234
110.187105178833,44.4224141538143,82.0844618417684,34.0614690991372,68.982093334198,0,118.594507489886,88.4036265685495,118.389714660645,74.9236096541087,113.664738581731,132.965259552002,135.997596740723,131.170468648275,137.749043055943,102.449451446533,11.4121357205999,96.7135412586269,143.772295633952,115.606021965875,86.3855438232422,29.5320296918702,24.2245539872999,23.5958793973413,27.04759734599,109.13725789388,108.402908363728,44.533782226068,40.6616055126138,91.7947596565622,64.6646887262183,118.358924865723,0,67.7990123347232,75.3939870198568,125.658134460449,0,108.353339676308,131.34076385498,103.004257202148,178.685414632161,165.841011740945,136.345717921402,162.942959976196,110.599927902222,159.17898050944,0,155.617279052734,180.835639953613,154.439122517904,185.812637329102,91.4389227274302,142.159623827253,228.527053833008,188.896014404297,0,104.659602830087,58.8869126957955,96.2981602396737,107.20659956118,0,163.087176322937,94.4589684495648,113.765325825389,140.758036855924,107.858521859857,180.950584411621,0,117.179567972819,114.598025807163
100.996002323847,49.9994766524949,42.1376944891721,62.9173784760953,148.366750965948,151.572953360421,147.633577530759,122.248323456101,125.894846432026,114.660280458487,148.935208769768,57.6519767445304,163.302110036214,105.282755750291,117.186143119678,132.660653686523,96.7135412586269,11.416502278419,63.8480904246947,29.2942297694898,147.115498860677,53.4130350668599,66.3460146410192,33.1817109202566,121.204749264799,86.5439640542735,40.6561897344059,64.5217010536587,120.539851059148,101.502692816223,74.4830833715135,97.5781945621266,158.069384098053,83.1262121326045,40.8089339607392,174.741668701172,103.994072437286,104.428903833338,79.2742409339318,181.251556396484,0,183.026124954224,180.214492458767,192.918403625488,212.851837158203,203.335845947266,163.315545399984,0,133.184051513672,201.236949157715,0,143.723922538757,113.745080637377,140.572195053101,136.366999762399,0,154.125356922979,112.846704755511,125.031778824635,179.761153481223,123.955379486084,116.573424874398,105.42558511176,185.658193097796,184.957271575928,159.194690068563,167.193600463867,0,148.622398376465,120.79146194458
133.292633954216,75.7176700938832,97.6093645597759,88.6711215507693,193.253239949544,89.3871917724609,131.801192760468,168.658075968424,132.1238606291,148.821491588246,168.713170528412,27.9167992272968,162.929539647596,51.4541778146508,116.777463839199,111.702761332194,143.772295633952,63.8480904246947,9.91553477271254,23.4250057613589,174.789489746094,125.979280598958,104.373949552837,108.904368368427,169.848969169285,48.9712745741302,31.3046590439268,65.4797413694231,175.683513096401,106.766692001041,124.020913956013,57.3296892629505,108.643194198608,116.024404591527,64.3026463327641,194.323669433594,120.783443450928,150.936699500451,88.9934425354004,0,0,161.142557779948,236.681221008301,236.764739990234,187.43376159668,0,93.2641019319233,202.37735748291,89.0608090642673,0,0,0,135.205981731415,97.5705907393475,104.101253680329,0,194.915435791016,161.417439778646,168.815194871691,221.224889119466,80.6756679671151,98.8296595692635,103.33836395627,199.495198567708,239.325332641602,200.790939331055,100.104175066707,0,0,132.902155558268
121.822481017182,58.8314428074019,74.0894126426173,73.8535196336649,174.814783732096,89.5903053283691,147.222812305797,149.608548502284,137.64521730101,133.506277622321,167.814077203924,33.6752991817648,162.915884835379,71.173366431034,121.371585222079,136.589865366618,115.606021965875,29.2942297694898,23.4250057613589,12.4511689373569,166.483065287272,91.077245084701,90.6851714639103,78.0371012148439,143.699983314232,50.2762059185956,27.1678195267727,69.0302588642668,139.368174552917,106.859813988003,100.612544053854,67.0922287790399,120.312531607492,99.8939788101504,46.0426063696742,187.039596557617,108.420077853733,118.340175028867,92.6317161983914,0,0,181.954818725586,191.276589529855,197.545745849609,187.64018758138,246.006637573242,133.341221618652,0,113.203781821511,184.883753458659,0,165.19388071696,116.329997710068,111.460531037429,105.991787020365,0,177.133694458008,123.010791778564,147.995173475477,207.718225652521,92.7331640455458,100.793435528071,104.276342627305,210.30822971889,187.376711164202,167.198486328125,109.854210593484,0,0,118.868170939701
92.1829081690589,93.7689348856608,144.016520182292,66.8024721548591,16.2148185204602,113.080635070801,50.381988860539,60.4778509845472,78.6883079819381,19.8111482049044,20.6642355991401,143.436304676289,15.7956656524136,156.135162353516,98.8903016144375,57.6081048720922,86.3855438232422,147.115498860677,174.789489746094,166.483065287272,9.37986585271118,119.491984558105,75.477748260498,132.713332326789,26.1125801375758,133.368621826172,175.521085541824,133.211293587318,31.5209399462713,93.8187544556298,132.558335198296,189.834182739258,125.569387435913,83.990243459152,96.5337105944641,159.350268554687,147.582244873047,175.841247558594,74.5748138427734,52.0634960907336,0,151.856114994396,138.346027106208,164.200303034996,111.540441147825,145.545899865179,219.085662841797,30.5399094098493,169.853530883789,171.047794596354,91.9363479614258,148.779872894287,243.46174621582,0,0,26.0664568381107,154.197555541992,163.20320892334,224.872980753581,124.459299342184,0,0,207.220817565918,132.533588422608,174.748299598694,182.648047310965,0,204.196472167969,167.370792388916,163.445928192139
78.8821129961712,90.6799883161272,64.4762974775242,52.8083013902892,110.273884243435,115.295362472534,106.461587050865,66.2650220485975,94.9405927984564,74.0536712178013,80.7303113029117,101.969241714478,116.706111907959,174.28740234375,92.4327609756403,105.916698455811,29.5320296918702,53.4130350668599,125.979280598958,91.077245084701,119.491984558105,13.5727586495058,53.6831205985849,31.624390252506,54.7662405694117,114.880741882324,125.172150450867,86.5427608926087,29.1787552123312,65.3871186885257,32.0674162547274,144.816883087158,158.818951924642,53.524291893736,45.8508819613454,134.27597951889,0,142.474239798153,106.877479553223,168.746047973633,178.551422119141,167.715140847599,132.245737202962,154.574931144714,129.156850542341,158.755477541969,212.164001464844,186.818428039551,0,144.057037452599,171.969436645508,105.990710275125,163.697255270822,218.732971191406,171.963172912598,155.92654800415,112.516824913823,99.8513554164341,117.023964154518,109.585349313456,0,184.539915084839,134.837464273712,114.715851171471,141.265080208002,115.176673990585,0,167.442840576172,118.524427253509,119.946276570414
108.007311722328,20.9713506078745,47.6541163126628,23.2000635474227,71.6649706565728,168.427398681641,126.993104743958,94.1098223916845,118.817657729327,25.857158026054,113.412296022688,91.9398856915926,78.9815979003906,77.7950835685207,116.136586015875,83.4119620853,24.2245539872999,66.3460146410192,104.373949552837,90.6851714639103,75.477748260498,53.6831205985849,9.00654116812645,50.1699199880405,31.0549832777844,62.9871052084363,89.9427317879417,43.1175462954648,57.8301955450698,83.1252284609038,59.8101156288218,94.75527306759,142.86164855957,57.1389408111572,61.3306637690002,99.9474000197191,125.211961110433,77.0337760287466,79.1988492012024,161.29899597168,0,128.360881169637,108.81677615258,111.026363026012,43.7503560384115,135.666229834923,166.092353820801,0,124.513427734375,111.970875920476,0,57.0480765890568,124.971521550959,0,160.518282572428,131.615917205811,74.7060694193339,44.5252717521883,72.4726986301706,76.0291533205244,113.762509918213,131.405631065369,65.9522966546832,86.3898719844962,100.456724201549,74.6191736425011,142.146006774902,0,84.2360182097464,96.2650306875055
84.9807143258576,69.4435945993446,28.3697837408564,53.3768559457085,121.947936194284,149.623918706721,122.350788597299,78.2125958846686,105.017231400277,93.8469944829526,93.7899681666251,94.4715812930928,161.401060959388,138.516728719076,99.8179255613248,127.973267873128,23.5958793973413,33.1817109202566,108.904368368427,78.0371012148439,132.713332326789,31.624390252506,50.1699199880405,17.4161542191083,57.314866553172,85.7766571044922,79.7884696382549,44.561167787489,52.0375621503459,89.7767687063048,52.9007100729107,147.047422929244,149.643436597741,70.613662780816,51.3119592889975,155.239776279615,94.7962230233585,100.115347486119,118.488785362244,195.837684631348,0,191.981138683501,150.970053959819,173.581835338048,136.704330444336,179.174417404901,160.173385620117,175.410339355469,197.014770507812,163.282182866877,0,99.4818550778729,139.023233178544,193.226114908854,173.545359802246,0,116.691055575284,79.4026586595936,105.198299241733,127.649348643469,154.241989135742,152.517048484401,98.1299661742432,131.516974387996,156.133455702838,126.259158422781,182.206687927246,153.655395507812,133.09352016449,132.846067356158
82.9284310183682,76.022394940024,113.055010473177,41.5343099703929,15.1575735041474,115.648437681652,75.492433707165,49.3872654199406,76.4089693845009,15.8825709063826,65.5439369497174,152.04338208764,23.2215281579331,132.437047026878,88.5338266879597,45.3198908423456,27.04759734599,121.204749264799,169.848969169285,143.699983314232,26.1125801375758,54.7662405694117,31.0549832777844,57.314866553172,9.97209671565563,112.249516350012,132.306267454486,93.1937277748019,17.4847367913133,78.4312114734148,68.3139664341905,143.621395374167,136.970125198364,67.2303973346433,86.3308928071407,127.952517191569,156.549725341797,154.744759888776,58.2564562703227,111.501144392947,171.340254465739,134.215399845351,114.943361699368,140.028876544508,90.9011848754883,127.783428956768,202.740160260882,125.601390494675,198.22207406851,145.263787972404,137.632637786865,109.843155203514,182.096698858799,217.078802490234,214.542420820756,116.321780285937,108.582864449837,100.284542174566,133.635273855241,100.580094884511,169.649645996094,189.630441104665,159.928788303685,110.624347246805,144.384393382717,116.966626780095,223.532083129883,169.332453409831,120.110367327105,134.692321415605
148.041580200195,20.9125473676934,83.5234756469727,21.8302833421135,132.913866315569,0,158.768856811523,156.789228166853,157.636747087751,97.0653555591034,156.123306274414,37.2327427258149,128.339202880859,22.3780540960386,106.549558940687,141.258178710938,109.13725789388,86.5439640542735,48.9712745741302,50.2762059185956,133.368621826172,114.880741882324,62.9871052084363,85.7766571044922,112.249516350012,7.67719155194396,44.5616752328503,19.3188982751166,136.814401106401,99.9689651489258,126.17525100708,41.2284973804767,0,129.877159118652,60.3940111472782,0,86.4072504043579,122.422099304199,17.1413527151354,0,0,0,171.080200195312,225.682830810547,149.805634498596,154.158752441406,54.3547019591698,0,51.4459345276291,149.338144302368,0,157.870208740234,77.428704297101,73.1629700660706,79.0176269375548,0,127.464870452881,103.706545511882,131.247766767229,158.020942687988,36.1828637472013,71.5386700465761,70.9417027232213,160.692672729492,0,138.444146728516,68.713896161034,0,0,95.5083347320557
129.816712748798,45.1534007625685,43.729966804593,53.7434731852802,159.387083740234,167.975912475586,159.684763056751,141.890043261187,144.077746602513,122.459719836474,158.242373120654,39.5474081668754,167.638683025654,25.7880519732902,136.344276852851,143.046241215297,108.402908363728,40.6561897344059,31.3046590439268,27.1678195267727,175.521085541824,125.172150450867,89.9427317879417,79.7884696382549,132.306267454486,44.5616752328503,17.2175158641608,39.6402213963457,138.067456531917,124.825226485999,123.078250538219,28.8226431961288,113.356486956278,125.931569620768,66.8657876759767,194.766482543945,104.678713365035,101.924280745361,78.7695719335497,190.167530059814,0,192.849297417535,187.7245932685,197.074678421021,182.956755320231,221.496786499023,104.300243050712,207.243533325195,94.0167561726398,193.851698875427,0,151.639286359151,102.476426075059,98.3924678513984,100.029987414806,233.559967041016,172.546693529401,139.568386622838,145.929057853453,186.528674062093,78.5744569753235,92.4691351406777,93.9729962063348,183.972589593185,180.186324270148,160.531237342141,99.8611025308308,0,169.846522013346,112.164356356205
125.348395732619,28.8462043749937,36.5785535426653,39.2459568900614,120.986262448184,176.508298238118,148.015024150502,112.962786659737,138.635126931978,98.8898156397015,135.693350333999,67.341136106515,127.951106703909,32.8325466780117,135.226978474223,126.558628400167,44.533782226068,64.5217010536587,65.4797413694231,69.0302588642668,133.211293587318,86.5427608926087,43.1175462954648,44.561167787489,93.1937277748019,19.3188982751166,39.6402213963457,16.4816294176374,82.4415775487005,122.433327848159,110.96221120401,20.1227654794173,155.625486373901,120.320103693275,69.1971457055216,178.630739484515,93.3002438489129,92.5310746140666,71.6025052095071,188.367222377232,136.71565246582,186.41189956665,158.553265146109,182.138291114985,166.561993223248,191.726680755615,111.890681675502,196.931957244873,96.7695608212966,180.65257424368,0,109.674528008003,104.748397191366,104.243802157315,99.5088515892161,0,131.9641843595,78.4031533267763,104.394835832194,156.56649794534,79.6347668420701,94.144720106334,90.5674982305348,150.210067022414,184.255310673868,148.887004604587,105.926684796369,191.141485595703,160.490489196777,109.922726390401
75.3200300493811,103.700634709111,88.3692084656421,51.2108136854071,17.4074982709944,121.066307067871,67.2201211742181,28.3252866264756,74.7861585721103,47.24404760845,27.7478167840435,143.044511516442,51.922135559842,157.377260843913,88.0766382837624,81.2342239955686,40.6616055126138,120.539851059148,175.683513096401,139.368174552917,31.5209399462713,29.1787552123312,57.8301955450698,52.0375621503459,17.4847367913133,136.814401106401,138.067456531917,82.4415775487005,12.1422902038056,82.3904619855116,41.9563028126822,161.446189880371,129.03360073383,62.8431099400376,68.7216403049185,128.707903714788,177.031593322754,154.958896247708,74.9122604742283,69.7481479414512,179.332217407227,144.143792473898,118.57491395619,146.585372458887,102.749214441004,145.371434515986,203.812050819397,125.873675039259,214.332025527954,146.213092986574,170.25333404541,116.957948803902,192.06680847168,210.866916656494,220.401180812291,70.6863373043468,119.016347499493,108.158199564616,134.699424235026,106.835502017076,168.973500569661,195.3644991788,151.818349889807,115.965610467142,143.732767962769,117.208849464405,236.770774841309,173.806981404622,128.018376334769,133.823967417733
20.4875080977732,112.806340026855,121.047334516109,74.3063136689484,93.0697775408626,27.034088498983,52.8455627946664,66.4527417391353,39.7718456118729,76.4030863741319,88.3102851149693,63.5862286429369,89.8289514027736,98.8405636874112,24.7076570766323,57.5581555488782,91.7947596565622,101.502692816223,106.766692001041,106.859813988003,93.8187544556298,65.3871186885257,83.1252284609038,89.7767687063048,78.4312114734148,99.9689651489258,124.825226485999,122.433327848159,82.3904619855116,11.4723107002358,34.0666250376342,98.202706972758,12.7441688540559,15.6750965674231,29.9048458248045,160.959649827745,0,174.339110646929,107.611147003174,142.056067089702,203.029235839844,174.599805631136,149.442583379898,169.309132639567,135.07920328776,164.544858476757,0,133.403663635254,124.871349334717,168.580175728633,0,137.773384094238,178.650138310024,244.613632202148,146.269256591797,148.75185078588,130.312102224313,163.056722640991,168.361963565533,133.989400152866,180.638631184896,147.875052378728,166.449614982295,140.42496424781,168.02871106122,141.430256038517,139.361213684082,0,147.423445188082,159.607877534011
32.2894848115944,98.2570300632053,78.6656243529793,56.9093552310057,95.4115560195025,106.709901809692,113.145683288574,25.9174021079037,83.538606040239,59.8978360260968,96.2126755575532,118.172816692583,149.350698852539,159.410237630208,65.8336058532105,101.121320724487,64.6646887262183,74.4830833715135,124.020913956013,100.612544053854,132.558335198296,32.0674162547274,59.8101156288218,52.9007100729107,68.3139664341905,126.17525100708,123.078250538219,110.96221120401,41.9563028126822,34.0666250376342,11.8730061133783,174.204223632812,121.065323384603,36.3030935589378,38.9718796703135,139.254084693061,0,150.607911353018,95.6865604718526,0,171.937042236328,169.653150177002,129.930128674174,158.028349558512,103.670015970866,167.68754196167,228.891986846924,190.773948669434,228.252838134766,153.541030726482,0,117.875970288327,176.555416652134,0,233.466033935547,209.247833251953,117.462368780003,95.7036040169852,135.634760588602,115.170642861242,0,177.641630990165,155.223856258392,119.393794840687,148.617899136666,123.004369445994,208.811340332031,192.725245157878,123.877764565604,138.537545295611
0,57.8826500712961,93.420581817627,60.6888447761536,161.887016296387,0,172.798366001674,173.670444488525,144.466153998124,130.910261088404,186.600413004557,37.0077920048932,171.325874328613,12.9865204108674,124.583607322291,0,118.358924865723,97.5781945621266,57.3296892629505,67.0922287790399,189.834182739258,144.816883087158,94.75527306759,147.047422929244,143.621395374167,41.2284973804767,28.8226431961288,20.1227654794173,161.446189880371,98.202706972758,174.204223632812,7.6977768026104,101.634101867676,153.108006795247,78.8335083349427,0,107.75149230957,148.32504717509,60.1313300132751,0,0,220.220504760742,241.224746704102,159.665840148926,195.004577636719,0,101.61264536931,0,87.5835597939687,190.430816650391,0,155.612503051758,132.794922828674,97.3307678787797,100.062427469889,0,0,153.631591796875,190.907157897949,195.86417388916,76.2426293082859,95.8565822121323,99.7123158412059,245.451110839844,155.583662033081,191.801788330078,97.8089508512127,0,0,131.800030427821
75.2130778386043,0,173.910675048828,119.841511620416,134.874545288086,10.2203304972787,22.8321132372068,117.799215634664,19.4498874320668,116.404524230957,118.486757105047,58.2402485165137,106.807931980165,86.9187027613322,16.5051347323972,43.8781732883093,0,158.069384098053,108.643194198608,120.312531607492,125.569387435913,158.818951924642,142.86164855957,149.643436597741,136.970125198364,0,113.356486956278,155.625486373901,129.03360073383,12.7441688540559,121.065323384603,101.634101867676,4.55583499853636,50.6486587524414,33.6126160222059,0,0,0,0,233.072463989258,0,217.477325439453,197.713340759277,202.103576660156,172.425064086914,191.755950927734,0,0,0,207.372261047363,0,0,0,0,154.4599609375,0,0,0,0,172.150309971401,0,183.869336446126,172.953409830729,182.311719258626,0,191.355773925781,143.127593994141,0,0,0
44.3297419645348,99.2602074940999,113.815568726638,65.9119105123395,77.9716870522913,0,98.6750359168419,67.8433564199362,85.7518658638,65.6676924450797,86.6892325727907,101.197945529975,86.0364109220959,155.5205078125,70.1446683177242,90.0240303039551,67.7990123347232,83.1262121326045,116.024404591527,99.8939788101504,83.990243459152,53.524291893736,57.1389408111572,70.613662780816,67.2303973346433,129.877159118652,125.931569620768,120.320103693275,62.8431099400376,15.6750965674231,36.3030935589378,153.108006795247,50.6486587524414,8.33988039475023,33.5263504467248,144.557121276855,0,147.196584701538,93.8557929992676,144.722517453707,0,157.73302753155,139.991776449639,162.474904378255,102.965447743734,151.703624216715,0,161.032070922852,0,163.428306897481,0,113.395267486572,0,234.912490844727,0,133.674602508545,121.845619519552,126.793334960938,134.5113697052,120.841344677034,0,172.451483590262,157.842809340533,131.319167017937,169.536797714233,128.295808373428,163.230575561523,0,135.028807957967,143.47767384847
72.6762330260458,61.7316191013043,67.6147836664021,68.9605237349723,87.2531515462509,33.2174701361821,79.2003082476164,91.5632839957873,69.569600797167,90.7338168004176,92.0951023524878,24.4987614041038,94.9787923871554,66.4029130769524,55.1090357430386,70.0791744934885,75.3939870198568,40.8089339607392,64.3026463327641,46.0426063696742,96.5337105944641,45.8508819613454,61.3306637690002,51.3119592889975,86.3308928071407,60.3940111472782,66.8657876759767,69.1971457055216,68.7216403049185,29.9048458248045,38.9718796703135,78.8335083349427,33.6126160222059,33.5263504467248,12.0470152635318,152.532008488973,95.4125051498413,114.116660231844,110.395691319516,136.066177368164,202.17756652832,174.925087483724,155.625446926464,170.186649576823,132.298528671265,165.620786301633,158.378606160482,144.564907073975,118.004834955389,174.25952331543,198.075622558594,119.780436589168,128.182395299276,121.046986897786,123.403073249979,148.174643083052,124.258109267877,91.5975210770317,122.590556052661,139.720693019842,100.171394348145,112.779243740506,113.974988546431,145.422481282552,171.59509062767,144.125837615042,118.7803606987,216.736129760742,152.483085632324,149.170821524955
138.640182495117,161.864875793457,160.832235717773,88.9121979693977,147.544118881226,0,169.912441052889,142.727916002274,161.719082867658,91.4403870900472,167.13002942956,0,153.641048431396,205.859980265299,162.590662275042,141.647903442383,125.658134460449,174.741668701172,194.323669433594,187.039596557617,159.350268554687,134.27597951889,99.9474000197191,155.239776279615,127.952517191569,0,194.766482543945,178.630739484515,128.707903714788,160.959649827745,139.254084693061,0,0,144.557121276855,152.532008488973,10.9353355846792,125.928159713745,116.068797497039,70.7055904079128,83.6770004980343,77.1988258361816,94.779320111482,31.9157429146577,52.5642880531207,74.0719071225181,79.177895897426,124.712821960449,106.93948158851,140.655807495117,16.3905125000249,98.8040604061551,91.1931743621826,111.84798178306,129.752849281257,119.928432117809,92.8447037848873,80.0367874888192,84.5091524368677,95.9169763316279,77.0928237648277,136.09130859375,124.84502083344,130.912585439561,78.5331243429035,24.1493902246949,26.0851070222974,163.624967787001,84.1911071777344,49.1218171600902,77.9138911243229
