10.5722150555003,115.791355556912,79.1670277739224,77.8078624906994,67.8242724492,57.5543174743652,44.8469061482602,24.5044059369319,14.5985000202739,72.1950238091605,31.5968020592862,126.382802373713,61.9967845569957,199.700042724609,9.53623216276862,44.7208112989153,138.829961776733,85.7597505454249,136.398614883423,117.756734099569,65.8673405329386,62.4490636511694,83.5432728987474,72.5585385951413,73.9710427812002,136.192291259766,115.114267941554,115.670297069939,62.3891052732707,10.8407029711466,22.1318960576694,145.369323730469,74.8374694824219,23.9374250067132,68.8996654375065,133.228140513102,0,153.536562238421,182.494079589844,0,0,141.887481689453,180.05020904541,152.724713643392,74.5526305304633,0,191.563705444336,0,0,165.450686136882,0,88.0665435791016,174.821766662598,0,195.833435058594,0,103.901527404785,0,176.614398193359,96.8819819411186,0,172.802308302659,160.568774952608,116.067151387533,140.888301086426,121.671242396037,0,0,129.301924133301,129.284697214762
115.791355556912,6.84851564769171,40.8082568428733,12.940919096084,0,0,140.984718322754,124.399253845215,127.315490722656,72.0580149985648,106.834259033203,60.0153661050087,0,51.1390714762545,146.152114868164,96.8570175170898,67.2671661376953,51.1097535814558,78.6035818620162,61.7348186044132,0,86.485963003976,29.2733620147195,70.0609620412191,75.6231039078509,24.3477195951507,47.46421593673,30.0548833925184,110.963658419522,98.5090506417411,99.145228322347,62.880153512055,0,0,51.9225988605795,0,0,90.7499923706055,61.195544719696,0,0,0,0,0,0,0,79.6402359008789,0,95.629296875,120.419151306152,0,130.924560546875,97.1067047119141,131.754600524902,115.930084228516,0,0,0,108.330385843913,105.549643296462,0,89.3909944534302,97.178234577179,0,195.233901977539,0,0,0,0,0
79.1670277739224,40.8082568428733,12.1618373362956,39.2226321122555,113.871630859375,0,128.96048274407,86.413991748162,117.506767324499,108.204134170323,91.6049251609824,75.8705141976376,120.526710934109,96.3309052785238,114.959804534912,142.427221934001,75.2315602857013,34.8038525192194,83.6227408091227,63.254680703326,115.499151865641,61.798169873469,39.6315595852941,20.5735419398557,98.5686408654967,72.9656613667806,30.0658665677686,27.913745838103,70.1284317345126,93.6522361654542,64.9026058608618,84.6735647201538,177.965957641602,102.017607688904,47.8303172832956,152.503531235915,88.7966059171236,81.4186923911534,58.2385724154386,0,0,173.957677205404,149.339582352411,178.293736775716,142.235664367676,165.968920194186,148.438317518968,0,119.639165605818,172.242140028212,0,111.264103229229,96.6656294538525,130.196004486084,115.500014940898,0,125.886414527893,93.3358832465278,91.6705059475369,146.655961648012,112.172889709473,89.5779587595086,87.1008496595466,153.663127620046,166.30480775379,129.465132446289,120.774551391602,0,198.468154907227,94.7103609357561
77.8078624906994,12.940919096084,39.2226321122555,13.1094581384457,53.8934220314026,99.8942089080811,82.5330316779319,70.6003209821854,84.0571409331428,21.5694831331342,83.1287643548214,73.8189250329696,81.3254050052527,65.8978013243557,87.799991607666,71.323480796814,34.4963984367175,50.9518782191887,91.5048824066811,61.3817736851542,83.7021855893342,52.6147522773409,29.0029421901082,47.9658379880631,38.3413411598814,40.5505217319733,47.0858529752784,40.4390181815289,52.8244515125017,74.4921075738788,56.2650299335768,81.6534356117249,108.412935892741,49.9876243591309,49.8709663507998,85.3135994359067,54.7442520141602,50.2725991299278,6.7331156823983,0,0,131.093418121338,110.655006486542,122.743851772574,29.3078721276036,118.982056467157,110.414254506429,46.225528717041,95.1290664672852,121.36310338974,0,41.1407866021861,70.2546341167724,107.224882125854,97.1825092022236,0,57.9593082948165,16.6153133729375,59.7058700693065,41.9262911593579,0,74.110465489901,50.2978368984299,83.9173864706969,102.163185392107,62.5022877057393,117.942924499512,0,78.6400924682617,60.5971316837129
67.8242724492,0,113.871630859375,53.8934220314026,8.69960106279458,130.134124755859,67.2870706411508,48.8816316922506,90.3010578155518,16.5152739901696,14.3113749530048,0,17.5121464187415,162.934097290039,81.5029727390834,52.6273796081543,123.313724517822,141.374229431152,0,0,12.523531436408,83.3982772827148,55.6598139676181,97.0724767049154,19.9490873242717,0,141.800909678141,121.08643253033,15.1480130489601,71.0948654521595,55.5887120333585,0,0,59.8611842564174,72.4320610447934,0,0,157.322204589844,65.0978253682454,5.50097960177345,0,0,159.778465270996,0,60.8590044975281,122.780919392904,0,7.13926709075716,0,126.178588867188,62.8955154418945,116.506607055664,175.698333740234,0,0,5.54495421486705,0,0,0,71.0863576503027,0,0,141.490219116211,76.6536294937134,0,155.134223937988,0,0,189.184906005859,0
57.5543174743652,0,0,99.8942089080811,130.134124755859,7.17837882219534,8.30359544554467,101.085679626465,14.8238567129545,106.892885480608,93.2103630065918,70.7714284261068,89.6676195780436,0,24.1308240075397,11.2338968786914,90.9695663452148,141.142532348633,0,0,123.768547751687,66.1667404174805,92.7099380493164,91.5997222900391,118.323278427124,0,0,130.553115844727,113.894155883789,20.5949053867486,114.754592895508,105.366584777832,10.6287632363139,0,34.1794996261597,0,0,0,0,0,0,0,0,0,118.77165222168,0,0,134.204650878906,0,0,0,0,0,0,0,0,0,0,0,148.52166112264,0,0,0,156.081481933594,173.390731811523,0,0,0,0,179.562515258789
44.8469061482602,140.984718322754,128.96048274407,82.5330316779319,67.2870706411508,8.30359544554467,8.79558830320499,42.5519695677474,18.7951969459846,77.2512903026506,22.2537271859808,93.6394969255496,20.6703729809086,245.573364257812,30.3976031476187,9.50404983622427,123.561636352539,129.405124936785,144.471870422363,149.549348619249,55.9944439642625,98.0143424140082,101.576396730211,111.806535918137,81.57438856636,0,160.664015472912,144.30463738875,40.2042202231157,40.6510381066513,78.1180623810867,187.799545288086,24.5036952680941,68.6739875195073,56.5452880674554,146.161416625977,161.345550537109,0,99.1745849609375,106.384998321533,0,162.640899658203,145.802446365356,171.131963556463,87.9419410705566,147.552634605995,241.353469848633,42.1134819984436,0,178.589767456055,0,114.512481689453,205.384307861328,0,219.071319580078,179.783790588379,142.757675170898,0,177.65412902832,106.943414558485,0,189.842002868652,183.029747009277,132.020288927802,156.375468826294,145.382411956787,0,0,160.668278285435,151.650996039895
24.5044059369319,124.399253845215,86.413991748162,70.6003209821854,48.8816316922506,101.085679626465,42.5519695677474,8.70262708167449,37.892940216677,46.8506809462849,10.8964855993011,140.316215515137,37.6339170703329,160.835568745931,53.9610737241062,64.375505381617,114.735268442254,92.4950173845478,137.799493789673,128.914482116699,47.6611882668954,52.4194687566993,76.48692668568,62.3737828948746,48.1195397402282,130.054718017578,125.816961188389,107.873543510648,25.9447872495231,31.658435439075,16.7192930720497,150.531806945801,111.856312561035,43.6402888934965,67.649016188479,119.914243425642,0,145.029660797119,78.2777050563267,0,0,123.609373910086,149.795059204102,145.680316670736,60.7287309871,120.068077850342,220.88353729248,0,220.659255981445,131.24219640096,0,145.095200538635,168.859739632442,0,204.112182617188,0,136.730710347493,166.090129852295,144.531521445826,75.7713921946548,0,173.830413818359,156.567267874013,109.741376452976,124.886670740639,121.542114589525,0,0,127.126867675781,134.730215184829
14.5985000202739,127.315490722656,117.506767324499,84.0571409331428,90.3010578155518,14.8238567129545,18.7951969459846,37.892940216677,10.6362932582197,81.7322010302362,14.7925945102657,75.8897989228016,48.7721675821923,100.985740212833,15.1080898040763,25.3883767142077,127.485919952393,124.794929750504,100.111194610596,145.383150847062,85.3261833464373,91.1840942927769,101.948203802109,108.298268159231,83.7661659408095,163.319250106812,149.856763648987,143.742065280092,76.7731468314839,30.1225719790339,74.9136135505908,214.090774536133,13.4181203557007,65.9083410234594,42.3003309366062,149.865567294034,0,0,100.778297424316,0,0,150.224040985107,153.647441864014,165.015790557861,94.5616570449457,144.880777631487,222.846481323242,92.4228439331055,0,166.685293446416,0,139.360012054443,178.294380187988,0,0,155.655075073242,161.753036499023,97.8953399658203,194.382518768311,109.158683624268,0,182.587783813477,187.248245239258,129.305304988738,162.735337575277,140.563323311184,0,0,153.290926252093,152.43877192906
72.1950238091605,72.0580149985648,108.204134170323,21.5694831331342,16.5152739901696,106.892885480608,77.2512903026506,46.8506809462849,81.7322010302362,9.36492967205944,59.9309226989746,133.499313108383,10.8222278125824,129.672097632633,83.7863838772814,16.7693623476109,109.860521125793,125.596449362265,147.106254577637,142.342939203436,22.1973284312657,86.1612012139682,25.9530126166538,102.31478243458,19.8440758303702,111.59089409499,128.954622934031,107.113461688713,38.6278233971811,72.5649727809278,53.8810200968418,140.505408816867,120.459358215332,56.1029294138621,70.0049368360662,90.0649108886719,54.3325614929199,189.850994110107,52.2851429780324,87.2602882385254,0,88.435432434082,125.805212020874,93.1300270080566,29.0216515497728,83.8674074808757,169.589862823486,39.988852818807,173.096448898315,114.362341139052,53.9509563446045,81.5130106608073,157.287576293945,0,195.861938476562,0,106.369529724121,66.8992328643799,155.755585564507,43.4428623418765,0,163.502403259277,173.35711317796,82.8326934365665,93.2134796778361,97.7984580993652,0,0,84.7036985917525,129.623756408691
31.5968020592862,106.834259033203,91.6049251609824,83.1287643548214,14.3113749530048,93.2103630065918,22.2537271859808,10.8964855993011,14.7925945102657,59.9309226989746,7.92126510071874,145.068631126767,16.0546461510679,150.632316589355,44.1105135986239,51.2091905117035,102.281356811523,103.631139564514,133.318552017212,134.359760284424,14.0804517184399,71.0329415384928,92.6374838087294,74.8695969551232,56.284674071447,175.638442993164,133.985548901302,115.371225411551,17.9301480846396,53.5137074972696,43.0507306375447,173.366607666016,91.118664264679,49.917271734594,66.1386428345415,131.754655456543,0,159.835110473633,97.8274358113607,18.261391958931,0,151.937901814779,138.729330062866,130.016721089681,74.2330038608649,120.606339518229,208.798629760742,32.2145736460783,0,136.042879740397,0,99.2755966186523,154.399871826172,0,0,24.6750643730164,197.393543243408,122.285095214844,137.841387430827,90.6593951089042,0,196.55647277832,190.648376464844,121.725293731689,154.845161437988,134.358915710449,0,0,142.615216573079,144.802062988281
126.382802373713,60.0153661050087,75.8705141976376,73.8189250329696,0,70.7714284261068,93.6394969255496,140.316215515137,75.8897989228016,133.499313108383,145.068631126767,11.424499688733,132.882652282715,19.1145239931723,69.6512916648323,73.3115386962891,123.99326133728,46.3976196837797,17.1833531604418,23.8712164196232,150.041519165039,104.851360418858,100.986861191787,86.9361914830492,142.509736251831,29.4649541907096,19.0546456335206,56.7412913099358,142.646863301595,51.7317667720474,105.707843522768,32.0933828340462,61.9923403422038,107.999464988708,32.3380308323165,193.76717376709,97.6482359568278,126.264270782471,76.3876298268636,0,0,0,185.928359985352,167.866737365723,151.608388264974,240.346710205078,72.723684946696,0,58.8527765265135,168.77480061849,0,0,122.296579431604,89.6989893913269,95.0851686810135,0,150.939727783203,136.370529174805,167.287283761161,161.325295003255,66.8577824154416,87.822221826624,85.5212840597138,0,192.622009277344,175.097717285156,78.5185996853575,0,0,101.129907989502
61.9967845569957,0,120.526710934109,81.3254050052527,17.5121464187415,89.6676195780436,20.6703729809086,37.6339170703329,48.7721675821923,10.8222278125824,16.0546461510679,132.882652282715,10.1183622739209,157.17333984375,79.170886803896,18.3049914139162,83.0270538330078,163.221517944336,0,185.363723754883,12.4418325267155,94.5709177652995,77.0003451392764,139.902370997838,24.6919054541706,143.731460571289,158.404218476394,130.712556838989,37.9163559848596,80.5088490341754,63.7432236818923,0,93.5516906406568,73.1064376831055,83.6370501084761,0,0,0,69.0452308654785,35.2553671646118,0,133.728817749023,110.146179199219,160.053858439128,76.56627146403,75.025120139122,0,9.68773574295737,0,170.598415374756,0,146.881942749023,0,0,0,16.7352070295028,162.206848144531,81.3267669677734,0,86.8698354562124,0,0,163.31275177002,126.566103318158,155.510622660319,121.782932281494,0,0,143.417640686035,146.32698059082
199.700042724609,51.1390714762545,96.3309052785238,65.8978013243557,162.934097290039,0,245.573364257812,160.835568745931,100.985740212833,129.672097632633,150.632316589355,19.1145239931723,157.17333984375,8.36813196675846,78.6177040100098,157.055923461914,114.992766952515,92.3124607933892,50.9568878014882,69.3392376218523,0,133.250465393066,94.3266824710218,123.150571187337,139.826483064539,21.4878272632349,13.302625070058,21.6048146201432,149.74125213623,72.4414033889771,147.164975253018,9.63582473863349,61.8380304972331,147.737167358398,65.885779807965,217.736526489258,98.5472137226778,0,72.0139619307084,0,0,208.082504272461,217.490707397461,159.780570983887,149.68571472168,219.614008585612,65.7810008073675,0,48.6269595587704,143.896514892578,0,156.006652832031,112.200126647949,88.4957974656184,90.9354477749076,0,0,137.00696018764,158.064387003581,166.928835942195,60.4554838304934,81.9942739137462,81.1535608856766,193.336776733398,154.664595031738,207.129582722982,79.4943769966684,0,0,102.269891036184
9.53623216276862,146.152114868164,114.959804534912,87.799991607666,81.5029727390834,24.1308240075397,30.3976031476187,53.9610737241062,15.1080898040763,83.7863838772814,44.1105135986239,69.6512916648323,79.170886803896,78.6177040100098,8.79528889362844,36.2579253584474,139.024715423584,115.371803442637,104.002696228027,152.419249852498,91.6379536864578,95.4050069955679,95.3153272356306,105.491891706312,95.2176562082607,0,144.092490563026,145.278863109242,85.5938217369794,15.5023120062589,27.6036382540678,99.7868576049805,9.86642456992353,23.8693667902073,37.3039864894848,156.749244689941,127.280288696289,0,0,0,0,0,134.319747924805,178.352493286133,93.8926635742187,173.636861165365,0,90.5810470581055,0,169.948295593262,0,0,203.322540283203,0,0,0,180.566947937012,135.542579650879,180.821690877279,123.816638985065,0,220.971542358398,191.537284851074,137.025983995007,165.230537414551,150.491562906901,0,242.984970092773,148.7022412618,147.643814086914
44.7208112989153,96.8570175170898,142.427221934001,71.323480796814,52.6273796081543,11.2338968786914,9.50404983622427,64.375505381617,25.3883767142077,16.7693623476109,51.2091905117035,73.3115386962891,18.3049914139162,157.055923461914,36.2579253584474,6.29574991525719,0,170.008880615234,0,0,68.8254561424255,0,62.9575812298319,90.9987475077311,36.819615267549,141.99123840332,140.939971923828,132.598834991455,60.236430975107,39.4450525484587,73.2597992236798,0,32.4261428940464,81.8346429304643,24.8454009901802,162.735778808594,0,0,69.6891632080078,0,0,0,134.703887939453,0,24.8194599151611,0,0,44.9913368225098,0,185.684127807617,0,0,0,0,0,0,0,0,0,73.9696486623664,0,0,152.984802246094,0,150.935394287109,0,0,0,141.693298339844,144.446914672852
138.829961776733,67.2671661376953,75.2315602857013,34.4963984367175,123.313724517822,90.9695663452148,123.561636352539,114.735268442254,127.485919952393,109.860521125793,102.281356811523,123.99326133728,83.0270538330078,114.992766952515,139.024715423584,0,12.7668612397107,100.472201904448,124.815372467041,114.350106935243,127.106758117676,19.3908155964148,31.2937546928238,17.2309603801708,33.8830475841743,79.4608106613159,102.292208346575,40.4400337672117,49.8546887675096,112.016971241344,74.0524362307876,122.307875315348,0,60.6363198416574,74.0312120126923,114.866981506348,141.399185180664,110.177227258682,97.7946090698242,0,0,0,167.77316792806,151.183296203613,113.851222991943,0,0,0,139.920394897461,172.149438476562,0,79.3314550617636,125.660933474277,184.399622599284,136.269273757935,0,101.480090286772,57.9517623053657,89.417667924959,114.472035217285,0,145.431240844727,88.8262806839186,118.514815079538,114.477212270101,98.1769430977958,0,0,105.047103881836,104.396723066057
85.7597505454249,51.1097535814558,34.8038525192194,50.9518782191887,141.374229431152,141.142532348633,129.405124936785,92.4950173845478,124.794929750504,125.596449362265,103.631139564514,46.3976196837797,163.221517944336,92.3124607933892,115.371803442637,170.008880615234,100.472201904448,9.10073242241674,52.174946372042,20.4081875072244,158.340464274089,52.8385401100948,78.9917633655535,17.3376106271903,120.307877847971,64.7699897072532,22.495394955768,56.6402034887284,112.606625135555,84.7963062460492,67.7868244171143,92.7694217136928,166.837776184082,93.6922108043324,31.4251943962383,180.0430861253,88.7124985588922,97.8748660804951,63.3303972441575,0,0,191.851470947266,170.677695922852,201.11087290446,172.733556111654,175.865079243978,133.194428370549,0,128.577862330845,181.280677286784,0,146.765090942383,103.212886878728,130.913753763835,107.968580392691,0,139.407356955788,122.115017700195,125.065730755146,152.079515527796,0,95.4124575501086,99.0769461354902,171.861293591951,187.41885098544,149.984572143555,136.656870524089,0,196.939743041992,103.216791915894
136.398614883423,78.6035818620162,83.6227408091227,91.5048824066811,0,0,144.471870422363,137.799493789673,100.111194610596,147.106254577637,133.318552017212,17.1833531604418,0,50.9568878014882,104.002696228027,0,124.815372467041,52.174946372042,7.20943710432293,16.8972639456125,0,108.565972805023,117.399285180228,82.7055056341763,149.327898661296,42.1492420152433,34.5126503533517,59.9806514820725,147.269135695237,91.5693986474014,106.341617632516,54.6786143399667,0,121.955488204956,48.2641272924229,0,100.780952453613,133.441091537476,118.3014087677,0,0,220.069183349609,184.755310058594,170.602615356445,0,0,85.6485899788993,0,82.5843746787623,207.908889770508,0,159.580657958984,120.46805427188,95.611654383191,97.6863123575846,0,0,152.076049804688,180.033772786458,186.661117553711,81.4993479410807,90.5371736910563,90.7385314895261,0,215.954437255859,162.154136657715,94.4542476109096,0,0,108.642227554321
117.756734099569,61.7348186044132,63.254680703326,61.3817736851542,0,0,149.549348619249,128.914482116699,145.383150847062,142.342939203436,134.359760284424,23.8712164196232,185.363723754883,69.3392376218523,152.419249852498,0,114.350106935243,20.4081875072244,16.8972639456125,9.63126255592461,137.916946411133,85.3196747101933,99.3182188034058,65.2938220268342,136.654959628457,46.0840760052689,25.2879866820434,60.3899647378328,132.161721843563,105.151142120361,96.2566973016617,63.560905412186,208.342620849609,102.862366416238,42.5126907783609,173.090306599935,122.385472978864,118.990347544352,76.4466929965549,0,0,0,188.190377371652,191.773513793945,0,0,105.49331739837,0,101.179928302765,191.645523071289,0,148.454948425293,105.595804405212,104.230618443982,96.4216914687046,0,143.875289916992,0,163.531210835775,176.783536275228,70.9923023223877,91.7680016564541,91.8716423288981,178.432640075684,179.434382120768,155.369611104329,108.93133354187,246.045425415039,149.996673583984,104.660772168959
65.8673405329386,0,115.499151865641,83.7021855893342,12.523531436408,123.768547751687,55.9944439642625,47.6611882668954,85.3261833464373,22.1973284312657,14.0804517184399,150.041519165039,12.4418325267155,0,91.6379536864578,68.8254561424255,127.106758117676,158.340464274089,0,137.916946411133,7.54411585089812,119.107063293457,82.2512203216553,115.843347337511,31.8679599788954,0,144.834439958845,124.646751403809,23.8185162084182,82.8536649257579,60.1937349796295,0,126.811870029994,70.5477024371807,80.8761081695557,0,0,0,78.7076009114583,18.0826759085381,0,0,0,170.051048278809,70.6798077901204,139.076677958171,0,9.55632897887822,179.924591064453,0,0,0,0,0,0,8.16905803806318,189.24259185791,0,141.817733764648,90.5084479088877,0,0,0,139.146366882324,156.042175292969,137.186618804932,0,0,155.120136260986,166.843769073486
62.4490636511694,86.485963003976,61.798169873469,52.6147522773409,83.3982772827148,66.1667404174805,98.0143424140082,52.4194687566993,91.1840942927769,86.1612012139682,71.0329415384928,104.851360418858,94.5709177652995,133.250465393066,95.4050069955679,0,19.3908155964148,52.8385401100948,108.565972805023,85.3196747101933,119.107063293457,9.35861750563487,41.8849940655693,22.2524398038389,25.6306381182828,86.8896560668945,103.250546351428,68.236757574453,23.4913937126212,56.1167025967179,18.152536912105,149.759262084961,110.07359568278,42.1131879379672,31.302670222709,118.020165034703,0,129.474510886452,137.22777557373,0,0,129.400685628255,126.627510918511,151.856327403675,174.504592895508,129.56273651123,159.282109578451,0,0,137.559431637035,0,79.0603124389648,153.767981487772,0,156.136882781982,0,95.0970914645458,62.9197121104975,94.2379059954387,95.6443129948207,0,154.964663505554,133.537075174266,102.814543375155,122.148167329676,101.482785574398,178.103164672852,0,108.495188395182,110.779226074219
83.5432728987474,29.2733620147195,39.6315595852941,29.0029421901082,55.6598139676181,92.7099380493164,101.576396730211,76.48692668568,101.948203802109,25.9530126166538,92.6374838087294,100.986861191787,77.0003451392764,94.3266824710218,95.3153272356306,62.9575812298319,31.2937546928238,78.9917633655535,117.399285180228,99.3182188034058,82.2512203216553,41.8849940655693,8.67588474734518,39.9970705837104,23.45527439047,77.0398172442909,84.9559906646088,48.5860067261432,53.9976846611357,72.8223259517125,48.9143720425659,105.209359896385,100.738639831543,49.9167472386764,58.4459091900316,81.1060958862305,27.2935638427734,54.0166154676868,19.4453582525253,93.0227966308594,0,95.2404632568359,101.788196563721,118.548880440848,64.3220566643609,144.846311569214,153.728108406067,0,128.634474277496,109.767074584961,85.0747299194336,49.1703917533159,96.1226182120187,161.599981689453,145.188174247742,0,61.6985657494347,21.670097002169,60.8343264429193,67.7825477981567,113.209564208984,122.924456278483,70.7456495466686,93.7432095454289,103.150996937471,61.8905421526004,147.732116699219,0,112.711349487305,71.1274111005995
72.5585385951413,70.0609620412191,20.5735419398557,47.9658379880631,97.0724767049154,91.5997222900391,111.806535918137,62.3737828948746,108.298268159231,102.31478243458,74.8695969551232,86.9361914830492,139.902370997838,123.150571187337,105.491891706312,90.9987475077311,17.2309603801708,17.3376106271903,82.7055056341763,65.2938220268342,115.843347337511,22.2524398038389,39.9970705837104,12.9479943734216,50.8318662044239,119.291135787964,68.6180241159423,42.6701237215454,38.9782578572013,71.232570034956,42.4023632183772,118.658056405874,110.659166971842,61.0130868911743,37.9357312972602,157.979678344727,74.8159408569336,92.1343965278101,80.7175507178673,0,0,184.264892578125,147.235974519149,167.836617903276,107.225082397461,171.700002034505,163.109939575195,0,151.448059082031,165.272393362863,0,81.0471643347096,116.938657096263,174.049092610677,134.726679801941,0,105.095148963259,61.3807783860427,92.7907460211155,123.744005048597,154.255111694336,129.54059952956,91.5382628511724,135.233815423374,147.049343333525,107.833635542128,168.121871948242,0,164.910568237305,104.57664687058
73.9710427812002,75.6231039078509,98.5686408654967,38.3413411598814,19.9490873242717,118.323278427124,81.57438856636,48.1195397402282,83.7661659408095,19.8440758303702,56.284674071447,142.509736251831,24.6919054541706,139.826483064539,95.2176562082607,36.819615267549,33.8830475841743,120.307877847971,149.327898661296,136.654959628457,31.8679599788954,25.6306381182828,23.45527439047,50.8318662044239,8.38166944890806,117.927408033802,124.022809261034,82.2616851341103,14.5426284484151,80.4471460349394,55.0547469916439,151.858234829373,122.345032828195,57.565239941396,63.0024455012502,108.035292489188,138.534824371338,149.817853164673,58.6398586273193,100.384583282471,137.934795379639,129.171628740099,108.955921596951,129.994766684139,52.4441643705462,129.902072233312,185.715850830078,86.8811683654785,162.25887298584,125.789599818042,114.316165924072,87.3260128596058,161.059826850891,196.579208374023,200.796112060547,91.0691919326782,97.1747607246774,69.2294822304936,111.535243314855,67.6032586756112,0,171.747218412512,151.414299737839,98.5400659846163,114.203736195799,102.117421412572,207.507476806641,0,106.997486005511,104.796783613122
136.192291259766,24.3477195951507,72.9656613667806,40.5505217319733,0,0,0,130.054718017578,163.319250106812,111.59089409499,175.638442993164,29.4649541907096,143.731460571289,21.4878272632349,0,141.99123840332,79.4608106613159,64.7699897072532,42.1492420152433,46.0840760052689,0,86.8896560668945,77.0398172442909,119.291135787964,117.927408033802,8.60193950809848,40.3621117485894,18.6871257401364,143.277060508728,100.373260498047,123.911679404122,41.8682053985596,0,143.94987487793,53.5560342320856,0,84.8467585245768,144.118957519531,86.7538407643636,0,0,0,163.259567260742,0,143.314720153809,176.087005615234,67.5453097566645,0,57.6087627410889,215.697448730469,0,135.193954467773,100.938549995422,77.8250813802083,73.1913651227951,0,112.76114654541,0,133.859802246094,146.444580540513,43.2360473632813,68.2445082553597,65.5810142640145,156.557535807292,162.580230712891,157.93143081665,73.4797484657981,0,0,90.8372688293457
115.114267941554,47.46421593673,30.0658665677686,47.0858529752784,141.800909678141,0,160.664015472912,125.816961188389,149.856763648987,128.954622934031,133.985548901302,19.0546456335206,158.404218476394,13.302625070058,144.092490563026,140.939971923828,102.292208346575,22.495394955768,34.5126503533517,25.2879866820434,144.834439958845,103.250546351428,84.9559906646088,68.6180241159423,124.022809261034,40.3621117485894,11.8363831512766,28.0165219840988,116.50737248961,110.689762238533,101.880675678063,14.178755249576,154.945215861003,115.066519517165,56.3581592357101,161.432844463148,94.3309383392334,98.9713141701438,59.2514149689477,0,0,191.896369934082,172.612329952052,203.828609265779,149.136432102748,189.737739562988,87.1358358986905,0,83.1914211470505,190.546451915394,0,165.695055280413,92.8479386390974,92.656698222584,89.699295877491,0,131.811868286133,146.895012664795,124.179423357989,164.489056587219,70.9129123222537,83.5222149902368,86.5440102759763,166.398829142253,171.618968616832,148.811257831121,91.0164542852663,0,140.966323852539,101.054174908519
115.670297069939,30.0548833925184,27.913745838103,40.4390181815289,121.08643253033,130.553115844727,144.30463738875,107.873543510648,143.742065280092,107.113461688713,115.371225411551,56.7412913099358,130.712556838989,21.6048146201432,145.278863109242,132.598834991455,40.4400337672117,56.6402034887284,59.9806514820725,60.3899647378328,124.646751403809,68.236757574453,48.5860067261432,42.6701237215454,82.2616851341103,18.6871257401364,28.0165219840988,13.2155472540526,87.0611307412168,117.288213319131,102.046197300715,30.4666841656801,191.673055013021,109.439726569436,59.9493839019836,159.45159570102,94.9115535815557,85.086491674362,58.1826100388194,142.896728515625,0,168.862641906738,165.295363047766,177.993797751034,117.818799972534,178.939220943966,90.7599656996825,0,87.6369454487261,174.315957568941,176.770299275716,93.3360448663885,96.7889010273394,97.0217618780621,93.059817756787,0,120.320479431152,130.544894627162,94.7631208631727,136.329531912076,80.5834513902664,87.0077245180843,84.8889144079203,156.295664089829,167.804802576701,136.706744771608,96.2122917844538,0,128.647964477539,98.2486883617583
62.3891052732707,110.963658419522,70.1284317345126,52.8244515125017,15.1480130489601,113.894155883789,40.2042202231157,25.9447872495231,76.7731468314839,38.6278233971811,17.9301480846396,142.646863301595,37.9163559848596,149.74125213623,85.5938217369794,60.236430975107,49.8546887675096,112.606625135555,147.269135695237,132.161721843563,23.8185162084182,23.4913937126212,53.9976846611357,38.9782578572013,14.5426284484151,143.277060508728,116.50737248961,87.0611307412168,9.47084099210121,66.4133164087931,35.1651061210398,156.000092569987,117.947184914037,50.4272623613777,49.435754171902,116.242129573116,164.103759765625,133.414018086025,72.8264052292396,19.4795074251445,0,126.282537841797,117.169350246214,128.367149879192,55.9027467789189,113.440095768418,211.468836466471,41.5498142242432,202.539362589518,131.918488502502,132.410278320312,96.5222895940145,163.378758430481,0,168.704401652018,46.0984849333763,104.709744044713,77.277224222819,126.838835883386,72.1868797401598,0,165.343504587809,144.81904741923,101.314358315817,121.245609155437,109.543121858077,0,0,112.989003716446,121.964632937783
10.8407029711466,98.5090506417411,93.6522361654542,74.4921075738788,71.0948654521595,20.5949053867486,40.6510381066513,31.658435439075,30.1225719790339,72.5649727809278,53.5137074972696,51.7317667720474,80.5088490341754,72.4414033889771,15.5023120062589,39.4450525484587,112.016971241344,84.7963062460492,91.5693986474014,105.151142120361,82.8536649257579,56.1167025967179,72.8223259517125,71.232570034956,80.4471460349394,100.373260498047,110.689762238533,117.288213319131,66.4133164087931,9.12952542927374,13.7170301053858,98.4843194144113,8.94583967295934,13.1980307100703,27.2030834438039,144.448945852426,0,169.518651326497,0,0,0,131.318273544312,160.150120544434,163.81416275922,94.6515288352966,151.018596302379,125.352729797363,102.024681091309,90.8296661376953,153.785663463451,0,116.551128387451,177.801086425781,178.833801269531,167.038578796387,168.727981567383,132.57138633728,122.206535339355,142.942886352539,109.062992310037,0,143.517585754395,157.282318478539,128.182949207447,147.692188926365,135.732108017494,0,0,136.984912269994,137.372293381464
22.1318960576694,99.145228322347,64.9026058608618,56.2650299335768,55.5887120333585,114.754592895508,78.1180623810867,16.7192930720497,74.9136135505908,53.8810200968418,43.0507306375447,105.707843522768,63.7432236818923,147.164975253018,27.6036382540678,73.2597992236798,74.0524362307876,67.7868244171143,106.341617632516,96.2566973016617,60.1937349796295,18.152536912105,48.9143720425659,42.4023632183772,55.0547469916439,123.911679404122,101.880675678063,102.046197300715,35.1651061210398,13.7170301053858,8.62903868008178,147.702841186523,107.4228515625,24.885880638455,29.165799392439,118.399015971592,179.353485107422,137.476764297485,128.589614868164,133.654727935791,0,141.498194013323,128.758939615885,137.755347083597,66.022506151043,121.53564277062,192.430637359619,0,196.839088439941,140.701944254212,0,86.3244965012009,149.357969235151,197.440650939941,160.874169089577,126.007637023926,102.469169215152,70.7600369886919,113.149393182052,85.4059196425836,132.555953979492,144.785220336914,148.061459174523,110.311029868551,123.228969373201,110.002957214355,0,0,115.279686549924,118.048101522155
145.369323730469,62.880153512055,84.6735647201538,81.6534356117249,0,105.366584777832,187.799545288086,150.531806945801,214.090774536133,140.505408816867,173.366607666016,32.0933828340462,0,9.63582473863349,99.7868576049805,0,122.307875315348,92.7694217136928,54.6786143399667,63.560905412186,0,149.759262084961,105.209359896385,118.658056405874,151.858234829373,41.8682053985596,14.178755249576,30.4666841656801,156.000092569987,98.4843194144113,147.702841186523,5.5240069208831,0,0,70.4276358436136,198.815422058105,108.252132415771,134.139152526855,102.756699698312,0,0,0,193.842041015625,0,0,0,87.4747623004745,0,73.0219356796958,139.66618347168,0,183.788650512695,117.605596542358,94.6960063450773,101.289115142822,0,0,147.981536865234,0,168.866958618164,84.8970338439941,90.7203504037166,90.6135224603039,0,0,162.814964294434,89.5668741861979,0,0,113.266910206188
74.8374694824219,0,177.965957641602,108.412935892741,0,10.6287632363139,24.5036952680941,111.856312561035,13.4181203557007,120.459358215332,91.118664264679,61.9923403422038,93.5516906406568,61.8380304972331,9.86642456992353,32.4261428940464,0,166.837776184082,0,208.342620849609,126.811870029994,110.07359568278,100.738639831543,110.659166971842,122.345032828195,0,154.945215861003,191.673055013021,117.947184914037,8.94583967295934,107.4228515625,0,4.32055911370367,68.3332595825195,39.8726494510969,0,0,0,0,0,0,0,0,0,133.276189168294,0,0,0,114.969924926758,190.566833496094,0,0,0,0,0,0,0,0,0,140.252507527669,0,0,0,0,0,171.99626159668,0,0,177.273132324219,0
23.9374250067132,0,102.017607688904,49.9876243591309,59.8611842564174,0,68.6739875195073,43.6402888934965,65.9083410234594,56.1029294138621,49.917271734594,107.999464988708,73.1064376831055,147.737167358398,23.8693667902073,81.8346429304643,60.6363198416574,93.6922108043324,121.955488204956,102.862366416238,70.5477024371807,42.1131879379672,49.9167472386764,61.0130868911743,57.565239941396,143.94987487793,115.066519517165,109.439726569436,50.4272623613777,13.1980307100703,24.885880638455,0,68.3332595825195,7.19926021488299,17.62249378111,111.187787737165,0,184.993621826172,0,100.491859436035,0,148.58983039856,124.09085337321,148.099048614502,70.7243646894183,141.517676035563,185.545379638672,0,187.859161376953,141.422750473022,0,67.57861328125,176.688410441081,0,150.552459716797,0,97.5014122009277,63.9946174621582,126.95768737793,87.8807516640764,0,169.152465820312,153.837008158366,108.971631368001,120.750178429388,109.423880513509,0,195.354736328125,121.539814758301,118.277973175049
68.8996654375065,51.9225988605795,47.8303172832956,49.8709663507998,72.4320610447934,34.1794996261597,56.5452880674554,67.649016188479,42.3003309366062,70.0049368360662,66.1386428345415,32.3380308323165,83.6370501084761,65.885779807965,37.3039864894848,24.8454009901802,74.0312120126923,31.4251943962383,48.2641272924229,42.5126907783609,80.8761081695557,31.302670222709,58.4459091900316,37.9357312972602,63.0024455012502,53.5560342320856,56.3581592357101,59.9493839019836,49.435754171902,27.2030834438039,29.165799392439,70.4276358436136,39.8726494510969,17.62249378111,9.61245574215334,128.21131423424,99.5238914489746,92.0339903913225,62.1501440750925,0,0,123.88533782959,166.018025534494,146.250008020646,88.1776799288663,175.299258839,121.742936624063,144.371276855469,117.03813530417,149.255343067403,0,87.741868544598,104.381843783991,112.518491744995,105.560908537645,0,97.7768363952637,72.7857690290971,108.30908579171,105.157919589384,74.5048246383667,98.2992267800529,99.1473430603974,122.937602233887,132.496121186477,108.774721179092,125.720663888114,196.045384724935,114.053916320801,116.418814643981
133.228140513102,0,152.503531235915,85.3135994359067,0,0,146.161416625977,119.914243425642,149.865567294034,90.0649108886719,131.754655456543,193.76717376709,0,217.736526489258,156.749244689941,162.735778808594,114.866981506348,180.0430861253,0,173.090306599935,0,118.020165034703,81.1060958862305,157.979678344727,108.035292489188,0,161.432844463148,159.45159570102,116.242129573116,144.448945852426,118.399015971592,198.815422058105,0,111.187787737165,128.21131423424,10.6925146294974,111.697695765002,116.569299062093,112.55350402832,73.3635019302368,72.7619705200195,43.3320173370051,24.3303572585606,39.3741778997181,68.6351626326398,43.0777701183655,127.694083935506,81.9143152236938,157.414068279844,14.5252057113375,54.4022622638279,64.6851929455269,107.661319322224,131.718389557629,124.72790402085,100.790249633789,63.7874237347956,68.4662327067057,94.5383753231594,59.1084460751041,119.722206115723,135.809273093555,125.716676355266,59.4262173704668,15.0142077329266,20.3499363467268,161.233489990234,92.1788914998372,27.314353606084,59.8196956203742
0,0,88.7966059171236,54.7442520141602,0,0,161.345550537109,0,0,54.3325614929199,0,97.6482359568278,0,98.5472137226778,127.280288696289,0,141.399185180664,88.7124985588922,100.780952453613,122.385472978864,0,0,27.2935638427734,74.8159408569336,138.534824371338,84.8467585245768,94.3309383392334,94.9115535815557,164.103759765625,0,179.353485107422,108.252132415771,0,0,99.5238914489746,111.697695765002,8.00764240002085,39.7491118413097,12.8829795485094,0,0,162.735359191895,115.750848637071,139.446350097656,68.237574312422,135.59400100708,66.8749933422736,0,52.8135277324111,137.134096103244,151.895904541016,75.8007689884731,49.5255655076063,68.276783716111,53.3159770291261,0,94.7223173288199,22.7904909519656,71.4502428372701,69.4217121726588,18.5106364784319,44.7400396178573,31.4073533902108,115.65894317627,134.869752389413,100.71423861855,57.4496757789894,0,102.332445144653,61.445348660808
153.536562238421,90.7499923706055,81.4186923911534,50.2725991299278,157.322204589844,0,0,145.029660797119,0,189.850994110107,159.835110473633,126.264270782471,0,0,0,0,110.177227258682,97.8748660804951,133.441091537476,118.990347544352,0,129.474510886452,54.0166154676868,92.1343965278101,149.817853164673,144.118957519531,98.9713141701438,85.086491674362,133.414018086025,169.518651326497,137.476764297485,134.139152526855,0,184.993621826172,92.0339903913225,116.569299062093,39.7491118413097,11.9761277180169,41.3219217476725,112.53585597447,181.706764221191,136.719000323065,101.785434374227,133.14848656077,114.700677871704,118.541110986572,86.383853763729,133.211193847656,90.633385230755,126.765360456786,146.578407287598,72.6867750630234,35.9544691665265,80.285192830939,63.3977782251853,139.873168945312,71.2734034472498,59.7533945569805,28.3610598920776,100.769192452757,92.4856084187825,37.7136144425099,28.2926857475374,90.4128641132378,135.920524597168,100.011537759611,90.4846459665606,174.588350931803,135.020030021667,61.9478776232796
182.494079589844,61.195544719696,58.2385724154386,6.7331156823983,65.0978253682454,0,99.1745849609375,78.2777050563267,100.778297424316,52.2851429780324,97.8274358113607,76.3876298268636,69.0452308654785,72.0139619307084,0,69.6891632080078,97.7946090698242,63.3303972441575,118.3014087677,76.4466929965549,78.7076009114583,137.22777557373,19.4453582525253,80.7175507178673,58.6398586273193,86.7538407643636,59.2514149689477,58.1826100388194,72.8264052292396,0,128.589614868164,102.756699698312,0,0,62.1501440750925,112.55350402832,12.8829795485094,41.3219217476725,7.73740685719117,59.0638580322266,0,138.296099662781,119.078899162403,134.361122741699,33.7174513339996,134.108236058553,67.9115292409833,79.269372177124,46.8938035073429,131.174005126953,146.688112894694,96.7325491654245,48.0316467394382,71.7248478424855,52.1945538520813,47.6815299987793,86.3234834256379,35.074387485459,61.8810910241079,53.0608675070768,21.8676594026018,42.3202324133895,36.1545237047112,116.442298525856,129.514047088623,100.648776600662,63.385343505115,0,110.580510457357,52.7418201725657
0,0,0,0,5.50097960177345,0,106.384998321533,0,0,87.2602882385254,18.261391958931,0,35.2553671646118,0,0,0,0,0,0,0,18.0826759085381,0,93.0227966308594,0,100.384583282471,0,0,142.896728515625,19.4795074251445,0,133.654727935791,0,0,100.491859436035,0,73.3635019302368,0,112.53585597447,59.0638580322266,7.71631852828744,0,68.0394423111625,48.507848654853,91.0154470360797,35.0901778836117,10.9471220314742,177.030075073242,15.2121036212544,169.543563842773,93.5555676912007,50.5998973846436,60.9950904846191,141.639474232992,0,177.243392944336,10.5231339046375,101.95255279541,0,93.9231338500977,15.733088305867,0,154.626311165946,109.01606326633,13.2347879025859,83.7672196706136,77.7378360346744,0,145.193656921387,78.6224239183509,90.1842624346415
0,0,0,0,0,0,0,0,0,0,0,0,0,0,0,0,0,0,0,0,0,0,0,0,137.934795379639,0,0,0,0,0,0,0,0,0,0,72.7619705200195,0,181.706764221191,0,0,6.90666561905948,8.09039695498691,94.0491485595703,16.3193172587805,46.6273712158203,97.1622085571289,74.6251102023654,63.9357872009277,98.5843391418457,26.357094810855,12.0256697212874,102.7626953125,177.270629882812,137.045478820801,0,141.977798461914,0,105.677627563477,0,101.03769938151,0,128.762741088867,170.995002746582,93.932746887207,29.2077306274675,97.8159275054932,0,10.996949941251,0,34.9391508102417
