10.9064670486301,114.350953238351,108.05799612748,81.1907163646123,82.1806482587542,64.0770282745361,65.4056043373911,30.0256846339273,25.6738677054159,81.0961148797012,38.4130684570575,112.2204188734,100.05262022752,132.093325297038,16.5026698986979,83.2661318097796,138.790897369385,101.983911681391,132.640974998474,122.081996829011,86.4515783061152,73.4277151743571,96.7403454027678,89.419726414788,92.6229950851864,0,131.08600346635,127.430269988317,82.6253969059434,17.7003345071614,31.5767828847177,126.304023742676,74.0165283589424,36.2211874393707,80.3697605016755,136.027976989746,0,153.384552001953,0,0,0,0,154.739741007487,149.102169036865,95.725399017334,232.007843017578,0,0,0,190.002225603376,0,114.207918802897,173.440136379666,0,194.66416422526,181.978073120117,146.978258768717,0,206.450958251953,113.323724306547,0,179.440864562988,157.486806233724,125.140606994629,146.723431178502,127.523199081421,190.933441162109,0,139.653265380859,159.156725565592
114.350953238351,6.67251052205595,40.1486714991128,13.3816791718159,0,0,134.323244094849,123.771352005005,147.443061828613,82.2258803918779,142.883783976237,69.2290353996809,106.21650150844,49.3445853072753,155.439919471741,118.62705876277,59.6792887115479,53.5717456029317,75.6795244216919,58.9968554621157,106.891067504883,95.6119557133427,22.6453569885969,66.6143800666533,88.4183503379507,23.0664605181216,48.504030943709,29.2516261319594,112.648730547,121.702214299416,102.298433358329,69.089568418615,0,110.75378199986,59.1687903298272,189.773750305176,0,66.8972988128662,66.2839345932007,0,0,207.554611206055,149.660057067871,0,109.867057800293,170.29475402832,90.1724052429199,0,99.9643020629883,0,0,64.8412780761719,73.0825637817383,0,128.357348124186,0,167.985855102539,94.5474548339844,99.5831489562988,122.131355285645,101.769996643066,98.0219902625451,79.9728790809368,0,0,78.8530349731445,79.9917526245117,0,0,126.454540252686
108.05799612748,40.1486714991128,13.1599779810594,41.8163120210248,122.066329411098,163.005874633789,131.280562082926,98.4490161099651,122.230308191492,116.13580795162,111.379778901332,99.7230763948881,136.774812607538,90.6466655909458,130.266558337944,143.052907076749,82.2915966344434,37.9938084457609,96.0109136481034,65.9941815681361,132.622116936578,62.0926897864063,66.3062597769278,34.6478860596984,111.168081804797,98.3994115193685,37.4744634468612,36.435800840707,95.3443768671865,128.270343255677,89.2178646247544,82.9028920429509,178.318992614746,120.579536437988,69.5615019958854,154.144731794085,87.7850278218587,83.2960688366097,61.6447937488556,179.509185791016,0,178.314666748047,160.552409003763,181.179891652074,149.127685546875,177.65437903771,144.270569434533,0,146.575838088989,173.223240571863,0,110.490645548503,99.4962234886822,114.803398132324,118.890805664062,0,123.540112086705,93.8294978141785,102.193486314661,143.388147537022,90.2814483642578,93.3073648884349,85.9115383407155,152.021699822467,170.237483723958,149.237289973668,120.026023864746,235.101531982422,166.628889719645,107.610944620768
81.1907163646123,13.3816791718159,41.8163120210248,38.7747651121833,59.7472788158216,121.717903137207,71.7098995860994,60.0094207892438,80.4801138316681,13.3142927208581,82.0480773360641,96.334483605844,78.6964000555185,84.1657076018197,96.0313296715419,59.121997833252,46.6664537869967,61.6856195679022,118.882625579834,88.463913861443,74.0328709832553,51.6585080827985,35.4642714659373,65.8466247348851,38.2611712040245,63.3884978434032,62.9358917701008,48.8187551468773,54.710246543133,76.4178782050491,56.2341916643605,104.834139043635,127.121917406718,59.0252013866718,66.132293212785,76.1764268373188,119.709856669108,70.2549724578857,105.719078063965,55.0481344858805,0,91.4563243263646,76.6475423177083,93.4219371654369,22.0027229631102,97.2652235031128,145.352584838867,103.33765411377,69.0465087890625,95.1737959850794,96.6513519287109,76.0067637516902,110.958432110873,0,143.291194915771,0,58.5566556718614,34.712908484719,96.6680126190186,38.908494810018,131.129058837891,101.530918545193,70.1269169707796,61.9602452775706,84.4999844142369,68.8648536016071,0,125.602714538574,73.2153834681357,77.9658978548917
82.1806482587542,0,122.066329411098,59.7472788158216,8.86214405533443,117.945793151855,65.9648766712267,58.7189804200203,91.5106606165568,30.3774569860418,16.6649371255803,155.927439371745,27.006673237908,168.171222686768,103.321614462232,57.1056751315877,78.1609484354655,145.049265725272,0,146.873321533203,14.4386965972098,90.7814585367839,66.594803237915,122.553884066068,23.1540338687377,184.497009277344,146.439982414246,127.755820999146,18.0546210761658,87.5215828994225,86.169191977557,0,132.640627774325,74.4617772609629,91.6020809173584,148.286851501465,0,175.140625,129.15071105957,13.1784331650122,0,123.269606526693,100.489105224609,143.266983032227,68.7150754725679,116.002958861264,0,43.7863754671673,0,158.950569152832,76.1582412719727,156.630737304688,182.930084228516,0,0,13.7576326994267,176.397064208984,0,159.122650146484,76.6450857219644,0,0,208.781656901042,94.7926112562418,144.151189168294,141.544324874878,0,0,163.999857584635,140.892995198568
64.0770282745361,0,163.005874633789,121.717903137207,117.945793151855,6.74419854785963,8.67941163181659,98.9411417643229,11.650636965842,64.6211820329939,112.779072929831,56.127805074056,91.320485273997,144.548862457275,31.6318328314357,13.521697527298,0,171.516208648682,85.7212142944336,153.846138000488,119.983922958374,0,106.214584350586,156.176147460938,108.074272918701,178.987411499023,157.882793426514,192.67658996582,118.542570931571,31.3373350909376,100.951118469238,102.341468811035,12.499378155916,80.6870059967041,29.6593217347798,0,0,0,0,0,0,0,0,0,0,0,0,0,0,0,0,0,0,0,0,0,0,0,0,172.227661132812,0,0,0,0,0,175.397323608398,0,0,179.398483276367,231.988647460938
65.4056043373911,134.323244094849,131.280562082926,71.7098995860994,65.9648766712267,8.67941163181659,9.4858609173189,53.1772654055117,18.3747806859758,70.916126486045,27.9933670164805,119.672094873116,25.8628269950949,152.851940002441,50.4737320113995,11.6960851044767,157.341993967692,144.183657823983,161.675230662028,167.001046074761,60.958204229609,99.3017999331156,108.559591505263,121.884838005875,78.2342721404451,0,161.29344509457,149.027575446137,53.9015356367165,60.2884096755525,84.3191531657045,171.036407470703,34.7664505243784,85.9978677805732,84.1082971964797,139.718299865723,0,172.828372955322,0,131.487174987793,0,139.985802173615,123.961467997233,155.038975834846,94.311824798584,144.735973855724,0,71.078332901001,0,167.051481347335,190.002822875977,165.111045837402,194.596120198568,0,0,128.901062647502,0,137.750631332397,182.228218078613,100.525122027531,183.197525024414,198.349919637044,184.935827081854,134.167605836513,159.060404552113,150.787176949637,0,0,151.768039101049,161.515386199951
30.0256846339273,123.771352005005,98.4490161099651,60.0094207892438,58.7189804200203,98.9411417643229,53.1772654055117,10.0894637353498,46.4490495174836,53.3854264074297,16.2437181719853,143.570295116569,57.9223442240658,162.332971655804,44.5522333025176,76.3873184204102,102.638720718085,101.471471819418,160.05270801891,132.548464579125,57.9182345650413,63.04082596331,84.4435586039225,80.7364163462449,57.1524269362551,146.22014465332,132.132502923863,119.338346507595,32.0916264591925,50.9197862179424,22.8512137022903,163.614522519319,118.542598781301,59.9420655588371,80.0293287410995,146.276628494263,0,158.393773760114,124.234079996745,115.222330729167,0,130.18057929145,117.481271362305,143.822377522786,74.5839058725457,140.179165522257,199.621963500977,165.470893859863,211.065124511719,144.537277576535,164.97981262207,130.330000224866,176.928948604699,0,200.680511474609,102.840005238851,148.9895800077,133.109519958496,164.949525312944,93.33684389476,219.237274169922,173.546206825658,166.909330732367,121.575484148661,140.194462717315,137.962272644043,0,202.614400227865,129.434836939762,143.25636897943
25.6738677054159,147.443061828613,122.230308191492,80.4801138316681,91.5106606165568,11.650636965842,18.3747806859758,46.4490495174836,11.8795546652129,83.3825681492902,25.9062733529269,92.6956989946036,76.6122260538198,105.527358531952,19.6516878253577,33.7630576571903,163.127456120082,126.377397374488,145.750020880448,147.496472354052,88.0935860910723,93.5031511819615,97.5412410389293,111.968013519725,88.1753197210298,103.912053426107,148.745979692064,142.588462759165,84.4842090336417,51.6905335031163,69.4521794833865,159.555552482605,24.5044010966879,80.4221243424849,66.8138554986918,151.443522135417,0,175.277263246734,151.936149597168,126.110160827637,0,158.826368119982,135.566365356445,166.084329181247,88.1775843302409,189.082197709517,216.385406494141,217.142807006836,0,170.453918008243,161.026123046875,141.318350791931,194.57475234523,216.971115112305,195.61051940918,129.166778564453,193.601793561663,125.189811706543,185.446804470486,117.838762676905,0,184.95651550293,187.949586456897,139.90375946308,159.659911044808,152.488770194676,0,0,159.154693201969,167.469951727451
81.0961148797012,82.2258803918779,116.13580795162,13.3142927208581,30.3774569860418,64.6211820329939,70.916126486045,53.3854264074297,83.3825681492902,8.5614965007814,65.771332207317,140.436335144043,9.63881611385338,128.580297337496,95.5819425668802,21.7606586305933,61.18351517121,130.771857478402,153.870524088542,143.113817247294,14.2057624868978,95.3367232245368,20.8537097616954,129.014670010271,22.0910410976077,114.723905105359,128.409264705968,109.141334247864,46.8295319968869,75.9824033478397,61.3173788027588,142.004749004657,122.865494223202,63.481684528528,88.3410335540771,107.940717697144,95.0445505777995,151.045739746094,89.4808177947998,82.3205638122559,102.719818115234,82.6879281264085,64.4057206546559,95.5580267906189,14.8741744009786,93.9100163777669,194.555999755859,51.4246520996094,158.25121307373,90.6045379638672,46.2732624053955,100.639768600464,154.369615827288,151.4521484375,175.718877156576,90.6058116712068,108.839357376099,17.3003339352815,108.841113196479,38.8418256809002,0,179.309143066406,151.988762350643,92.1047722775003,99.6613214783749,105.233272075653,134.22785949707,0,88.6830619465221,105.994694886384
38.4130684570575,142.883783976237,111.379778901332,82.0480773360641,16.6649371255803,112.779072929831,27.9933670164805,16.2437181719853,25.9062733529269,65.771332207317,10.1191466323144,147.107241369493,19.4024130000595,164.935334968567,50.1474053125617,84.6923406600952,144.387799714741,122.299868504645,166.372346496582,143.487148335775,14.0359292075671,80.1333501748079,113.345634460449,97.8258955708141,69.1545750000557,158.789184570312,142.949188702661,131.700354164929,24.8032813797139,80.174624271291,57.7991847145643,167.487585979959,119.44521639492,77.2822464426786,92.7866182669908,161.032594045003,225.214477539062,172.41070344713,123.447471618652,127.503124782017,0,140.050677727009,132.638240632557,165.626395225525,87.8618396261464,148.534088340965,0,136.567443847656,205.226058959961,169.889040076214,94.3626403808594,149.229986190796,190.694298153832,0,227.219619750977,10.3890797625278,151.298709869385,129.514423370361,183.773585510254,95.5997243960042,177.591506958008,190.297139167786,168.313985824585,135.979409420129,159.844923019409,147.634005737305,0,197.072189331055,167.799621582031,171.218381245931
112.2204188734,69.2290353996809,99.7230763948881,96.334483605844,155.927439371745,56.127805074056,119.672094873116,143.570295116569,92.6956989946036,140.436335144043,147.107241369493,13.4673544843502,138.524146304411,20.7643431321274,75.4318881705319,89.9825318076394,132.101222991943,54.484791305646,18.0477643492524,28.5734813262401,148.002201389622,96.1686468251546,119.068895884923,87.9646714593946,149.312696126302,35.898528144729,30.3120190516213,62.1503854311554,153.179776285209,60.722226863103,108.484555656846,38.2182304271404,70.4802113714672,98.9978655133929,28.0215208217689,0,84.1511299133301,147.608972402719,68.7567206162673,0,0,0,201.289068603516,0,0,209.655822753906,86.5464899698893,0,70.5927901907066,0,0,197.215072631836,134.736105526195,92.730808423913,94.183151326281,231.458877563477,149.408070882161,0,147.164623260498,177.393177577427,63.7315289815267,89.1901212072676,87.8644529811999,204.03570429484,199.043083190918,206.116012573242,86.053601315147,0,187.898406982422,110.688842186561
100.05262022752,106.21650150844,136.774812607538,78.6964000555185,27.006673237908,91.320485273997,25.8628269950949,57.9223442240658,76.6122260538198,9.63881611385338,19.4024130000595,138.524146304411,10.1349128961378,159.429262542725,98.6612042255891,22.513288329482,162.429916381836,171.296989772631,0,170.220336914062,13.8820472765534,102.418703351702,65.2349850581243,134.212541468003,20.2775028378102,143.320964813232,174.184696295323,152.728790888711,45.6331782563411,94.8545650914938,111.637563977923,182.192377726237,108.394583457758,79.9180736152493,99.7498193905677,0,0,132.729598999023,0,60.0948298194192,0,110.142586299351,160.352191925049,154.987243652344,66.5296319325765,49.1746404094081,0,9.06652146038977,0,124.279090881348,76.0114638010661,176.688735961914,0,0,0,15.0699009257609,0,107.990867614746,0,86.862340927124,0,210.054885864258,187.217834472656,105.74013193192,145.808718363444,184.93187713623,0,0,0,144.62813949585
132.093325297038,49.3445853072753,90.6466655909458,84.1657076018197,168.171222686768,144.548862457275,152.851940002441,162.332971655804,105.527358531952,128.580297337496,164.935334968567,20.7643431321274,159.429262542725,7.64127802256818,90.2541030805135,156.061162533967,137.686543782552,77.1494440210277,45.3394308555417,61.1408546146026,161.007034301758,131.754502145868,91.2383207245545,100.453155710727,139.980824537238,15.180604086543,18.7790156365514,27.4505923685977,156.854634496901,86.909520773063,146.110637727331,8.48580148285224,81.482416788737,151.434767405192,51.1987991056179,195.771423339844,80.731354591174,144.109199523926,49.8279559044611,0,0,190.251022338867,164.228118896484,192.027160644531,146.075592585972,221.534271240234,72.613434679368,0,59.6561211168948,234.573028564453,0,149.112705230713,114.124180546513,76.470256439627,81.3014358366379,0,147.001276652018,116.435009638468,112.340625762939,162.106003534226,51.56314860701,76.3489906751193,73.5420726434824,200.729200575087,181.674564361572,153.952896118164,75.7679675647191,0,0,104.039529000559
16.5026698986979,155.439919471741,130.266558337944,96.0313296715419,103.321614462232,31.6318328314357,50.4737320113995,44.5522333025176,19.6516878253577,95.5819425668802,50.1474053125617,75.4318881705319,98.6612042255891,90.2541030805135,10.5537861882154,60.7103160681184,162.624766879612,123.819923315973,120.296241984648,141.111447776236,105.348863393148,101.516947330573,99.8158473968506,112.089965936451,100.565381061277,117.210670471191,140.988728817868,144.850900349455,98.6105863884704,24.7812791124937,51.4251038698543,110.886806629322,16.2766424919669,43.0838192267011,51.9473800734272,167.327140808105,196.08869934082,178.820981343587,170.178199768066,175.266899108887,0,186.972246170044,160.353576660156,173.677669178356,96.0007057189941,195.729106358119,0,0,222.996505737305,180.74764175415,0,201.679223632812,195.406869252523,0,142.086685180664,0,149.236679077148,187.438771565755,217.814646402995,134.304768516904,0,182.03470916748,180.279959053829,146.548618928886,176.039322280884,160.984558105469,161.254119873047,0,176.316390991211,177.49779183524
83.2661318097796,118.62705876277,143.052907076749,59.121997833252,57.1056751315877,13.521697527298,11.6960851044767,76.3873184204102,33.7630576571903,21.7606586305933,84.6923406600952,89.9825318076394,22.513288329482,156.061162533967,60.7103160681184,9.0632056528979,176.15901184082,158.48042056435,0,167.924548339844,59.1221739649773,116.388259887695,69.2301416811736,135.859080723354,42.3847965650527,149.901362699621,149.3358206498,133.47467440311,75.7276606352433,49.0576559647982,107.674737018088,172.738220214844,31.990032288288,92.5199295043945,70.1103561468292,0,0,0,0,93.1298522949219,0,139.515960693359,121.853729248047,165.465919494629,47.7173309326172,0,0,48.3889781406948,0,0,54.6918411254883,0,203.558242797852,0,0,108.370151519775,0,0,168.940612792969,79.2867224557059,0,0,0,132.884111404419,0,0,0,0,0,154.894958496094
138.790897369385,59.6792887115479,82.2915966344434,46.6664537869967,78.1609484354655,0,157.341993967692,102.638720718085,163.127456120082,61.18351517121,144.387799714741,132.101222991943,162.429916381836,137.686543782552,162.624766879612,176.15901184082,13.201001281544,104.849731445312,140.810974121094,118.301836114181,111.637385050456,23.3647626316134,19.2824894322985,20.6338147057594,36.2654674688807,125.650588989258,108.620572997303,34.9059593971627,40.3713268544063,121.664240385357,72.0930776972901,134.938665390015,0,86.4750249226888,78.4592166524538,131.257865905762,232.678939819336,116.264971415202,145.848876953125,0,0,210.997192382812,141.189316749573,174.866662597656,0,127.771789550781,114.78791809082,0,0,142.815765380859,0,81.6664705954835,126.947159194946,0,151.097096761068,0,99.016519877725,49.9659280532446,88.3920078063279,108.447800954183,0,138.116503397624,94.0754162025452,113.346698194447,146.925712585449,107.425244467599,0,203.794784545898,151.924407958984,107.266726077182
101.983911681391,53.5717456029317,37.9938084457609,61.6856195679022,145.049265725272,171.516208648682,144.183657823983,101.471471819418,126.377397374488,130.771857478402,122.299868504645,54.484791305646,171.296989772631,77.1494440210277,123.819923315973,158.48042056435,104.849731445312,9.9135964963346,54.1587367972942,21.0905787235646,183.637437184652,59.1476725268439,88.7962019697149,25.5577400941717,129.686999008209,75.2762887954712,40.4932371716674,62.5102621656988,124.31098445078,105.465800852948,77.673450272922,81.1448547363281,172.742212931315,92.9946031375807,46.1430573955673,170.036092122396,96.1066922274503,100.11784957437,80.6864435831706,0,0,209.946620941162,177.455687984343,197.472317035382,170.096048990885,203.677474975586,127.675182342529,0,130.43047274076,189.757447742281,0,129.242350611193,107.591909830106,132.971706814236,115.082750909979,0,149.247738265991,115.320920308431,130.210937194824,165.281205569997,0,97.7185477115724,100.872692544884,177.575237019857,180.870331827799,155.529064178467,112.306842803955,0,170.786071777344,117.847146156507
132.640974998474,75.6795244216919,96.0109136481034,118.882625579834,0,85.7212142944336,161.675230662028,160.05270801891,145.750020880448,153.870524088542,166.372346496582,18.0477643492524,0,45.3394308555417,120.296241984648,0,140.810974121094,54.1587367972942,7.45102437926623,13.5465755534545,161.263244628906,98.0667283799913,119.918533325195,101.329332139757,152.23792775472,42.6927420375793,27.0778079357437,57.9936656429574,158.433991114298,109.472764266165,114.517482333713,52.1518116449293,120.758438110352,119.528584289551,53.2024466884379,0,95.1795310974121,131.225952148438,59.1315670013428,0,0,0,186.710479736328,213.580963134766,169.988899230957,0,106.0374769731,0,88.6775205860967,0,0,179.049713134766,136.509107589722,93.4090992320668,93.7119281475361,0,0,0,150.78702545166,0,80.6555913289388,92.6754067217717,91.5286137242471,0,0,0,97.4419082641602,0,0,110.139066908095
122.081996829011,58.9968554621157,65.9941815681361,88.463913861443,146.873321533203,153.846138000488,167.001046074761,132.548464579125,147.496472354052,143.113817247294,143.487148335775,28.5734813262401,170.220336914062,61.1408546146026,141.111447776236,167.924548339844,118.301836114181,21.0905787235646,13.5465755534545,11.462403862772,162.855305989583,89.2988743002898,107.840232849121,73.270912393347,151.948774417241,43.9237362302583,31.8289956071586,60.9889651526118,154.266945700044,117.511846095592,104.054658089915,61.3137441891343,185.155475616455,114.128378070769,44.3765005279363,184.089431762695,101.666074752808,113.658888498942,64.8482069535689,0,0,0,185.792598377575,236.88655090332,212.192832946777,216.230834960938,99.992032904374,0,106.292667247631,163.189849853516,0,148.489028930664,110.54017704555,108.312770014224,97.174497848902,0,166.056339263916,143.754824829102,143.989625113351,200.973480224609,85.2427661602314,91.0587246732892,91.9876741583479,179.431573867798,185.797954559326,156.06374206543,112.865125020345,0,145.757064819336,107.23111478744
86.4515783061152,106.891067504883,132.622116936578,74.0328709832553,14.4386965972098,119.983922958374,60.958204229609,57.9182345650413,88.0935860910723,14.2057624868978,14.0359292075671,148.002201389622,13.8820472765534,161.007034301758,105.348863393148,59.1221739649773,111.637385050456,183.637437184652,161.263244628906,162.855305989583,7.66690818810886,114.720992088318,73.936836666531,130.382903359153,23.7090675810617,143.257548014323,163.704586452908,152.909371512277,26.4638724133193,96.7943714313794,101.529219709124,180.804458618164,136.274601236979,87.5619668165843,100.160772437141,0,0,0,0,116.57551574707,0,142.996785250577,121.284557342529,165.928189364347,80.4662882486979,143.819303240095,0,12.3571624585979,0,160.422241210938,166.598587036133,186.953155517578,202.63161722819,0,0,29.3931189647743,0,96.0417022705078,173.535024007161,91.236058473587,202.606002807617,200.505477905273,160.470916748047,146.626023610433,167.078360421317,151.00952911377,0,0,189.063056945801,202.756401062012
73.4277151743571,95.6119557133427,62.0926897864063,51.6585080827985,90.7814585367839,0,99.3017999331156,63.04082596331,93.5031511819615,95.3367232245368,80.1333501748079,96.1686468251546,102.418703351702,131.754502145868,101.516947330573,116.388259887695,23.3647626316134,59.1476725268439,98.0667283799913,89.2988743002898,114.720992088318,11.4072592345879,45.1747640595991,31.0300543265453,28.4065073918045,0,106.232764686026,73.6577160106177,30.3397034265123,65.4432345294952,27.6839300831244,124.881162643433,142.369961738586,52.0260504196852,36.9339420564266,123.54546235737,135.675354003906,134.028749704361,0,0,0,151.151596069336,121.594839344854,139.698347473145,0,190.232705688477,182.492012023926,238.588577270508,0,141.946284732303,0,94.1495374473366,148.964554892646,175.243194580078,167.766400146484,0,98.8305625776811,69.0752768265574,114.033168662467,104.370672450346,157.047897338867,162.980282253689,134.2535954137,97.6032700300916,132.654539516994,103.095379023262,210.405456542969,0,114.241271972656,122.765809396597
96.7403454027678,22.6453569885969,66.3062597769278,35.4642714659373,66.594803237915,106.214584350586,108.559591505263,84.4435586039225,97.5412410389293,20.8537097616954,113.345634460449,119.068895884923,65.2349850581243,91.2383207245545,99.8158473968506,69.2301416811736,19.2824894322985,88.7962019697149,119.918533325195,107.840232849121,73.936836666531,45.1747640595991,8.96100463396877,60.66392844268,33.6108532620958,73.3832342779673,90.1414922885794,49.6373515971546,49.8796617027485,80.886291402181,51.6152084551189,119.896297454834,123.76343536377,56.7594626370598,70.3279717703846,72.1040313308303,69.8953100840251,93.3501848856608,0,97.5256481170654,0,101.864700317383,75.1478824150272,97.4096747865068,10.2461241467506,121.229949951172,165.995544433594,137.95361328125,115.884778340658,97.5351396448472,0,42.2139734864235,114.584427727593,118.941772460938,120.399722290039,130.363479614258,58.4613776113473,14.3019074352618,69.9021471659342,45.6536983248426,75.4077606201172,130.479078292847,113.985088944435,61.0508546756424,84.6616361618042,61.8684269868875,134.969192504883,151.292200724284,73.0126886782439,79.9422874450684
89.419726414788,66.6143800666533,34.6478860596984,65.8466247348851,122.553884066068,156.176147460938,121.884838005875,80.7364163462449,111.968013519725,129.014670010271,97.8258955708141,87.9646714593946,134.212541468003,100.453155710727,112.089965936451,135.859080723354,20.6338147057594,25.5577400941717,101.329332139757,73.270912393347,130.382903359153,31.0300543265453,60.66392844268,15.3166825043962,100.814970203649,86.365852355957,71.9700131155628,53.8334496682996,66.5834756516447,92.8880048212336,55.5102093412496,107.463146008943,161.715179443359,74.6455382255659,48.0429319103312,168.09029897054,0,98.6137577260034,99.4828197479248,165.991256713867,0,176.209106445312,162.74146677653,182.47566095988,83.5989761352539,182.506324768066,146.43115234375,0,165.381359100342,169.47654914856,0,90.5826199815984,122.70448811849,142.218681335449,141.633321285248,0,113.312480861858,62.3143820463171,98.4670553965644,133.270550206764,147.019683837891,129.650603023576,99.0087659180508,135.467950680835,169.414889248935,134.477225101355,158.771453857422,0,149.652375539144,113.480091406864
92.6229950851864,88.4183503379507,111.168081804797,38.2611712040245,23.1540338687377,108.074272918701,78.2342721404451,57.1524269362551,88.1753197210298,22.0910410976077,69.1545750000557,149.312696126302,20.2775028378102,139.980824537238,100.565381061277,42.3847965650527,36.2654674688807,129.686999008209,152.23792775472,151.948774417241,23.7090675810617,28.4065073918045,33.6108532620958,100.814970203649,10.2147602220647,124.598346344412,127.783774680587,91.3077474367389,16.428312384863,81.6292204268832,69.0143853017013,151.437270065834,129.108575592041,67.1603715248656,87.8536853741812,116.244178040387,142.055545806885,149.749658533045,156.229885101318,104.367580413818,0,113.631086544115,118.906031824961,134.41430941495,61.2743161519369,128.21952864703,162.290405273438,115.217065429687,205.404083251953,134.369164425791,59.149829864502,97.1403580569149,170.7591009701,227.539695739746,192.659586588542,110.141616821289,110.481378503748,110.538770675659,130.02201109951,80.4108639940972,0,171.252120278098,155.177254707583,101.233204296513,126.223194518928,112.83544699351,190.914337158203,202.698715209961,115.644510904948,123.129983992804
0,23.0664605181216,98.3994115193685,63.3884978434032,184.497009277344,178.987411499023,0,146.22014465332,103.912053426107,114.723905105359,158.789184570312,35.898528144729,143.320964813232,15.180604086543,117.210670471191,149.901362699621,125.650588989258,75.2762887954712,42.6927420375793,43.9237362302583,143.257548014323,0,73.3832342779673,86.365852355957,124.598346344412,7.01678052908002,37.2531619795834,14.9083129711465,142.38729429245,134.08353969029,147.09873853411,42.6920317411423,192.619934082031,148.011296590169,57.0786369169081,143.200485229492,68.2612233479818,0,31.857969556536,0,0,136.736633300781,177.468322753906,189.355850219727,131.156326293945,0,67.2999992370605,0,52.1729599923799,0,0,219.545547485352,88.4882093157087,72.1375719706217,68.2433713277181,0,167.784454345703,126.7294921875,0,147.504092129794,40.8195017727939,63.2081566262752,63.7077286596651,206.700698852539,0,0,65.5422476892886,0,0,82.1842943827311
131.08600346635,48.504030943709,37.4744634468612,62.9358917701008,146.439982414246,157.882793426514,161.29344509457,132.132502923863,148.745979692064,128.409264705968,142.949188702661,30.3120190516213,174.184696295323,18.7790156365514,140.988728817868,149.3358206498,108.620572997303,40.4932371716674,27.0778079357437,31.8289956071586,163.704586452908,106.232764686026,90.1414922885794,71.9700131155628,127.783774680587,37.2531619795834,16.3994722094724,35.2876600323412,137.336480437732,123.613417819538,117.601097019876,22.1559386369076,166.587531750019,123.658589747045,65.7401239820896,164.4192439488,92.759839088686,98.7216453011154,56.8549218789125,186.935585021973,0,187.545204162598,166.7962507165,199.571863810221,172.912737165179,184.011753336589,106.138465187766,0,90.3988502218116,188.255599430629,0,157.647146436903,94.7267643161538,97.9327677318028,90.5049975606419,0,139.186435699463,112.742020218461,132.684362515536,174.668600522555,82.7720315596637,83.3799790572937,86.7220404261002,174.330516377433,179.455757504418,143.990125095143,104.11314646403,160.186477661133,181.93187713623,106.352552551407
127.430269988317,29.2516261319594,36.435800840707,48.8187551468773,127.755820999146,192.67658996582,149.027575446137,119.338346507595,142.588462759165,109.141334247864,131.700354164929,62.1503854311554,152.728790888711,27.4505923685977,144.850900349455,133.47467440311,34.9059593971627,62.5102621656988,57.9936656429574,60.9889651526118,152.909371512277,73.6577160106177,49.6373515971546,53.8334496682996,91.3077474367389,14.9083129711465,35.2876600323412,15.5974519437526,88.3199770990762,128.703988098123,109.606588185628,16.5533253179815,159.869761622229,117.147091271097,67.8393531626807,173.159567399458,86.2919541383401,83.9417202513097,50.7795745176428,178.351005554199,0,188.559503173828,167.984283447266,192.667095947266,142.559811909993,183.811677333287,99.9343897845294,173.627731323242,85.8482751557321,174.709819120519,0,95.0687929531039,100.604827295783,91.6673130118934,89.2419516245524,0,130.063311440604,96.6688928436815,99.2962010138858,144.243967779751,79.7910309314728,85.0253902522,82.044919191367,156.905217808603,179.164573192596,149.499359482985,100.263270665729,0,189.272539774577,107.156923343701
82.6253969059434,112.648730547,95.3443768671865,54.710246543133,18.0546210761658,118.542570931571,53.9015356367165,32.0916264591925,84.4842090336417,46.8295319968869,24.8032813797139,153.179776285209,45.6331782563411,156.854634496901,98.6105863884704,75.7276606352433,40.3713268544063,124.31098445078,158.433991114298,154.266945700044,26.4638724133193,30.3397034265123,49.8796617027485,66.5834756516447,16.428312384863,142.38729429245,137.336480437732,88.3199770990762,11.9108005228563,81.3578530124176,39.6010774286315,163.94756764379,132.976399935209,62.9817442462248,65.0476528975559,120.873923797607,0,157.722126725791,122.668071746826,118.428709953062,0,132.635405252146,122.525991361435,142.604626175261,77.4947864328112,140.617423709076,210.869613647461,100.776785108778,198.695663452148,142.132129940179,98.3080474853516,105.403162332682,179.342747108609,240.002044677734,207.132293701172,62.4808377901713,112.602478561887,97.125843956357,135.827081280554,87.2418396111379,202.086898803711,178.201145629883,161.594192244049,108.025327810152,135.364622694073,116.410191378147,0,196.321762084961,122.828980675039,132.960197250564
17.7003345071614,121.702214299416,128.270343255677,76.4178782050491,87.5215828994225,31.3373350909376,60.2884096755525,50.9197862179424,51.6905335031163,75.9824033478397,80.174624271291,60.722226863103,94.8545650914938,86.909520773063,24.7812791124937,49.0576559647982,121.664240385357,105.465800852948,109.472764266165,117.511846095592,96.7943714313794,65.4432345294952,80.886291402181,92.8880048212336,81.6292204268832,134.08353969029,123.613417819538,128.703988098123,81.3578530124176,9.5253287545447,26.4534739092566,104.745215247659,15.5659994933949,14.3711930343279,30.2350335212524,142.517305162218,122.358581542969,160.960965474447,171.835006713867,141.863954162598,0,166.571908950806,144.045813981877,161.451385103423,106.836795043945,173.465597713695,241.288131713867,222.713851928711,168.724185943604,165.462479069548,159.937637329102,128.529669368968,176.734164533944,0,162.895905812581,137.567086791992,135.67947769165,124.686676025391,168.807246314155,118.456404151562,0,169.391633775499,160.560687435375,127.558969962016,154.844631903512,144.576644080026,212.005760192871,0,150.283284943679,156.739238492904
31.5767828847177,102.298433358329,89.2178646247544,56.2341916643605,86.169191977557,100.951118469238,84.3191531657045,22.8512137022903,69.4521794833865,61.3173788027588,57.7991847145643,108.484555656846,111.637563977923,146.110637727331,51.4251038698543,107.674737018088,72.0930776972901,77.673450272922,114.517482333713,104.054658089915,101.529219709124,27.6839300831244,51.6152084551189,55.5102093412496,69.0143853017013,147.09873853411,117.601097019876,109.606588185628,39.6010774286315,26.4534739092566,10.9147476662503,145.057627360026,109.611402658316,39.3569228600358,34.8999035913553,126.047681884766,155.752464294434,146.459362751729,148.757316589355,106.222917556763,0,139.02414226532,127.565219243368,150.741329866297,87.2732753753662,151.367329406738,0,0,195.949401855469,146.144790030815,164.121292114258,95.7927152699438,161.285117172613,202.756958007812,170.203420003255,0,107.807981115627,114.768307495117,144.133193225395,100.171835202697,0,162.235965953154,151.626347530589,107.222380751864,135.983844677051,113.122327648619,0,0,124.899804169277,129.781756630427
126.304023742676,69.089568418615,82.9028920429509,104.834139043635,0,102.341468811035,171.036407470703,163.614522519319,159.555552482605,142.004749004657,167.487585979959,38.2182304271404,182.192377726237,8.48580148285224,110.886806629322,172.738220214844,134.938665390015,81.1448547363281,52.1518116449293,61.3137441891343,180.804458618164,124.881162643433,119.896297454834,107.463146008943,151.437270065834,42.6920317411423,22.1559386369076,16.5533253179815,163.94756764379,104.745215247659,145.057627360026,6.01716032004424,96.1975860595703,134.072887420654,67.9638513781361,176.294921875,97.1181945800781,184.664772033691,73.4154806137085,0,0,0,0,0,0,194.877975463867,98.562370300293,0,84.5124668453051,0,0,138.99560546875,142.522320217556,94.2084630330404,98.2849522908529,0,0,142.099090576172,174.033218383789,195.250045776367,73.0493617810701,96.521732411486,91.3375130384982,235.762542724609,225.09839630127,239.200744628906,93.8640543619792,0,0,111.232568105062
74.0165283589424,0,178.318992614746,127.121917406718,132.640627774325,12.499378155916,34.7664505243784,118.542598781301,24.5044010966879,122.865494223202,119.44521639492,70.4802113714672,108.394583457758,81.482416788737,16.2766424919669,31.990032288288,0,172.742212931315,120.758438110352,185.155475616455,136.274601236979,142.369961738586,123.76343536377,161.715179443359,129.108575592041,192.619934082031,166.587531750019,159.869761622229,132.976399935209,15.5659994933949,109.611402658316,96.1975860595703,5.84082796671302,171.219478607178,37.8163043562718,0,0,228.906677246094,0,0,0,195.962188720703,184.144180297852,185.44987487793,0,217.427124023438,0,0,0,213.212478637695,0,0,0,0,0,0,0,0,0,168.87815284729,0,0,225.661155700684,173.05123562283,195.426138983832,189.671371459961,0,0,189.090965270996,207.535241699219
36.2211874393707,110.75378199986,120.579536437988,59.0252013866718,74.4617772609629,80.6870059967041,85.9978677805732,59.9420655588371,80.4221243424849,63.481684528528,77.2822464426786,98.9978655133929,79.9180736152493,151.434767405192,43.0838192267011,92.5199295043945,86.4750249226888,92.9946031375807,119.528584289551,114.128378070769,87.5619668165843,52.0260504196852,56.7594626370598,74.6455382255659,67.1603715248656,148.011296590169,123.658589747045,117.147091271097,62.9817442462248,14.3711930343279,39.3569228600358,134.072887420654,171.219478607178,7.57730361541768,21.9044783851444,150.534553527832,0,151.614641825358,0,125.080085754395,0,148.284127371652,129.896070752825,150.199667278089,81.5105697631836,157.856094360352,228.94206237793,0,165.722412109375,145.670096715291,0,86.8694923400879,153.611836024693,153.348999023438,153.715950012207,122.00675201416,104.33961050851,126.690650939941,160.806468963623,102.757543836321,0,149.07725742885,147.554343159993,113.027585347493,142.196390885573,121.954791386922,0,0,135.763106898258,141.345101547241
80.3697605016755,59.1687903298272,69.5615019958854,66.132293212785,91.6020809173584,29.6593217347798,84.1082971964797,80.0293287410995,66.8138554986918,88.3410335540771,92.7866182669908,28.0215208217689,99.7498193905677,51.1987991056179,51.9473800734272,70.1103561468292,78.4592166524538,46.1430573955673,53.2024466884379,44.3765005279363,100.160772437141,36.9339420564266,70.3279717703846,48.0429319103312,87.8536853741812,57.0786369169081,65.7401239820896,67.8393531626807,65.0476528975559,30.2350335212524,34.8999035913553,67.9638513781361,37.8163043562718,21.9044783851444,10.321945837386,146.985019337047,120.110916137695,101.823001771461,68.9645233154297,160.290399169922,0,179.792047119141,160.782475789388,160.801676823543,106.916873168945,190.582327706473,148.044737497965,0,119.054467201233,162.155762949297,206.919281005859,100.186921946208,114.252168937351,117.504146922718,112.862919029823,0,105.931495204116,115.925192832947,121.079196288522,116.832363754956,119.465799331665,107.364095954485,105.758030341745,121.134260329525,157.610430503378,128.798258128919,109.261909484863,193.762573242188,146.878704616002,133.54732156569
136.027976989746,189.773750305176,154.144731794085,76.1764268373188,148.286851501465,0,139.718299865723,146.276628494263,151.443522135417,107.940717697144,161.032594045003,0,0,195.771423339844,167.327140808105,0,131.257865905762,170.036092122396,0,184.089431762695,0,123.54546235737,72.1040313308303,168.09029897054,116.244178040387,143.200485229492,164.4192439488,173.159567399458,120.873923797607,142.517305162218,126.047681884766,176.294921875,0,150.534553527832,146.985019337047,10.8251913144316,119.110934734344,113.718234327973,120.173725309826,81.5926868833345,94.0467567443848,78.6616374651591,28.1695862317911,52.9957704471613,69.8440917471181,51.7793318964709,128.298870147221,107.641117976262,149.823943001883,18.6018298022026,71.8372187296549,87.1105700474159,103.818417040385,140.980738419753,119.514811561221,92.2867491872687,70.2990530990973,83.6754353007332,96.9280235708056,66.1353203541524,123.921459197998,134.02532986039,126.323815831306,70.5629402247478,15.3174030390898,26.0275925075189,158.925804985894,109.714235745944,38.241855031219,72.7592215569327
0,0,87.7850278218587,119.709856669108,0,0,0,0,0,95.0445505777995,225.214477539062,84.1511299133301,0,80.731354591174,196.08869934082,0,232.678939819336,96.1066922274503,95.1795310974121,101.666074752808,0,135.675354003906,69.8953100840251,0,142.055545806885,68.2612233479818,92.759839088686,86.2919541383401,0,122.358581542969,155.752464294434,97.1181945800781,0,0,120.110916137695,119.110934734344,6.55595474592466,47.2645559105084,14.6050928643067,198.733261108398,0,163.449520111084,124.323311732366,152.414089334422,74.0362128596152,152.210324287415,67.0282213780787,125.039962768555,52.259633424547,138.85587441049,117.669660817022,74.3842606083039,52.1492891566336,68.7449066408219,52.4681928585737,130.486480712891,96.2470925071023,20.2829839383146,83.1600659278131,77.1367073632721,26.0960523226396,42.8540789544582,33.0547416630036,125.770429650132,134.948271433512,106.743740990048,63.9306290259728,214.733978271484,111.695295333862,55.2140297763116
153.384552001953,66.8972988128662,83.2960688366097,70.2549724578857,175.140625,0,172.828372955322,158.393773760114,175.277263246734,151.045739746094,172.41070344713,147.608972402719,132.729598999023,144.109199523926,178.820981343587,0,116.264971415202,100.11784957437,131.225952148438,113.658888498942,0,134.028749704361,93.3501848856608,98.6137577260034,149.749658533045,0,98.7216453011154,83.9417202513097,157.722126725791,160.960965474447,146.459362751729,184.664772033691,228.906677246094,151.614641825358,101.823001771461,113.718234327973,47.2645559105084,10.4160867129638,42.1589577092534,129.875041707357,0,132.237321511293,100.147066321811,131.281057311717,104.525154537625,117.465560704398,106.704434548655,143.085789399988,97.2179504920696,127.595368107307,134.988609313965,75.5917212338371,38.3817356027533,82.6508289683949,69.1449162890339,131.55713952106,67.2341487807715,62.9718210724578,32.0280654069519,97.8722762680054,125.426750183105,26.6057642005189,30.117626065919,95.5807475710358,141.730117396304,110.768551153886,94.5367802211216,196.568862915039,136.734393726696,82.2642345200497
