10.3184931817891,126.016357421875,122.802736851207,81.3659970699212,86.2077147165934,89.9098420576616,68.7828493710222,31.8182645002807,50.8301415736598,71.3736263988464,35.073453391065,116.199125542698,130.529055595398,138.586318969727,22.2751714717598,65.5785694122314,93.4796211242676,103.494207483777,134.355363090083,118.802277323405,104.268781808706,74.2842267302216,98.709204921016,92.4630793044816,81.9385341480937,141.76530456543,125.328206828996,135.657613130049,85.1440086062592,19.5556695337649,34.6035352632722,178.203506469727,92.516345684345,42.7648075889139,73.2243866249367,150.208735148112,206.530838012695,168.183479309082,115.371158599854,0,0,174.136596679688,139.440723419189,152.468941824777,119.95809173584,171.367190043132,0,0,0,146.907952880859,0,122.915368921617,181.589061737061,0,190.586135864258,169.62487411499,138.045338221959,169.937744140625,153.558013916016,123.480410871835,0,216.376022338867,183.525652204241,126.080936511358,143.918087387085,134.00210016424,0,0,0,156.593663533529
126.016357421875,7.69479444745429,45.9248854821188,17.8306151605285,0,133.049427032471,121.434219360352,128.867541920055,148.956962585449,83.1762736954772,197.323577880859,62.6886517580818,121.738327026367,48.6939653967108,142.834930419922,122.12873676845,72.4443643358019,55.6534496377582,77.0373372236888,57.9357078075409,0,104.648649597168,29.7474341564946,71.7339453085875,87.9576209997121,26.1997107389002,50.2078002668407,29.6561773491747,114.813866835374,123.317179870605,113.801841227214,69.2194121865665,0,112.338466644287,55.2469053715467,170.586074829102,80.0577697753906,78.8587197197808,43.6231350898743,184.339233398438,0,0,175.938781738281,222.25634765625,86.2721557617188,176.715469360352,120.846271514893,0,93.9030517578125,196.261596679688,0,142.127029418945,100.203942298889,106.072967529297,96.181634085519,0,0,96.3318290710449,108.955505371094,130.304119873047,78.7389134493741,89.5292098101448,84.7911892583815,160.446429443359,0,176.195922851562,120.24080657959,0,0,105.932968139648
122.802736851207,45.9248854821188,14.725911575152,52.1654648176381,113.760375976562,172.888498942057,146.126700124433,102.42213667662,131.932742934373,116.512907981873,120.890649189196,83.2436765695547,166.276222229004,88.6321431296212,138.264292088616,139.144401550293,84.0352256081321,42.2593128364081,93.6922297947843,73.7945981524877,205.900978088379,66.4529721311821,46.8519722697499,35.3436744566267,105.333422924008,101.635663986206,39.3207734997143,32.8110534432121,87.1247804096865,141.032012033463,95.9829610459348,101.546820068359,192.720073154994,134.838088607788,60.9998227687347,0,106.939640045166,93.7183763564887,96.7743983268738,187.046119689941,0,188.475578308105,163.677645704481,171.027974446615,176.71008518764,192.727572631836,146.048009236654,172.876083374023,120.667788187663,212.588182449341,0,112.094949762872,106.690216051737,134.818583170573,121.686351367405,195.471382141113,127.227618464717,101.636198255751,106.766909416686,150.864052019621,107.611254374186,113.464392686502,94.4795391214753,161.288243851572,176.538875034877,155.22655359904,0,0,0,113.473644351959
81.3659970699212,17.8306151605285,52.1654648176381,22.7020929702242,50.0025059137589,110.870768955776,83.1772705713908,66.9779790768678,78.2582362656147,29.4079206469024,68.7756820162713,74.0025571307296,51.593037064011,51.2529739764199,92.8929896601924,89.204137802124,37.1937717940723,66.8010358183007,63.217979313172,62.6195246234085,79.2316821705211,51.6599576280963,28.2975474503595,49.5361017778474,46.7514175578274,34.0391056613296,51.4260395041389,39.0116599302815,56.3422805596472,80.1933521366805,55.7119248593567,63.8880205790202,132.912313334147,61.5112658081055,64.1171726942761,72.9026036262512,56.2624668121338,78.0669126743224,9.6892190345203,82.3033646803636,0,119.205759395253,73.2471957975818,108.479683494568,13.3514407757256,92.8267182522133,115.408281707764,72.6095441182454,59.0640614827474,86.8514144441001,0,48.0282066425313,95.3802731072725,98.3285377502441,103.67274495175,77.4284362792969,66.6804954292848,16.9882083216379,77.776946363778,53.6889430931331,36.698652652984,89.2094149302287,66.9145496223546,66.0661301771213,84.4924244324854,64.8151251591674,94.5941686630249,125.180648803711,63.0970103924091,92.1438983216578
86.2077147165934,0,113.760375976562,50.0025059137589,9.66966427406604,101.208271450467,70.739422470484,66.2086180732364,95.325787745024,31.2742446623743,23.6847266755269,154.446412658691,35.5025268644422,195.729202270508,113.013998451879,65.0359570889073,72.7049453735352,144.646175929478,183.278945922852,0,16.0563269775987,92.9643630981445,60.0150513282189,131.552841186523,18.8214655576418,222.617904663086,142.641644287109,123.654670368541,20.0459886601903,100.098132501647,85.5037251348081,176.167938232422,137.388041973114,83.0811524824663,105.070044418861,0,0,234.93505859375,69.7800964355469,23.4247372219083,0,132.508606492427,118.090010014287,142.583503205897,74.5028350264938,115.074757524565,0,104.792797125659,0,158.631492614746,113.503284999302,112.361434936523,0,0,0,52.1098566088997,0,0,175.610912322998,98.4925059319903,0,204.875503540039,182.744564819336,121.326687054334,156.531235088002,150.47108968099,0,204.884269714355,152.117630004883,156.892742156982
89.9098420576616,133.049427032471,172.888498942057,110.870768955776,101.208271450467,6.91581650775502,11.9340167465613,112.398728599011,17.8303392155408,60.31016456604,108.087089830608,57.9063480847502,82.0692609410708,69.2099914550781,18.128503562656,16.0777507653653,142.971527099609,184.807691786024,118.644592285156,151.678482055664,113.513156197288,162.607508341471,133.553447723389,149.691762924194,105.44151756091,169.908935546875,174.593672180176,165.063636086204,119.966951081247,26.2169576996987,124.128266334534,0,11.7518711173084,125.201398849487,34.5657400577626,183.495910644531,0,0,0,0,0,188.856018066406,186.491619110107,194.58863067627,170.7529296875,196.9469165802,0,220.91667175293,0,218.856414794922,0,213.141189575195,0,0,0,191.149398803711,0,0,240.73095703125,173.819751739502,0,186.462448120117,122.551063537598,190.329954359266,0,0,0,0,0,0
68.7828493710222,121.434219360352,146.126700124433,83.1772705713908,70.739422470484,11.9340167465613,12.1853315091308,65.5766782340357,23.3457778651661,75.837926864624,43.9137656051631,88.2014717337708,39.1644256934301,125.968386173248,51.8557948247267,15.2982614682215,182.626106262207,157.117834140943,141.671285528886,168.182414715107,57.705960553077,130.811110602485,102.290500347431,147.39702757528,84.5688565167146,151.450276692708,159.160060089413,162.818830779105,67.3969201127688,50.4639359104161,103.432734078508,96.1836242675781,23.8441041783681,81.7853885419441,80.2530372870896,0,0,216.236312866211,95.7268075561523,135.911355994214,0,163.369305958467,144.809167533085,162.81311313237,104.012033890705,154.995745988326,0,158.565260667067,194.979293823242,171.895569511082,148.257158279419,167.714598761664,222.600880940755,179.197792053223,221.451568603516,158.328396666284,185.050132751465,172.110092163086,201.754908243815,128.246403982813,0,207.655954996745,190.396592881944,151.885796128211,184.611863054548,202.172061157227,0,0,0,196.369321550642
31.8182645002807,128.867541920055,102.42213667662,66.9779790768678,66.2086180732364,112.398728599011,65.5766782340357,12.3395079872166,62.7674760557233,56.4654056418052,25.9740760889569,145.171141411276,88.7412333532211,167.921347300212,61.6701216927821,83.0972245715913,100.328072981401,107.518490326202,152.415318848657,130.790446762211,140.014120907254,74.7712309217945,86.2120439238467,88.6514095756624,64.7733718865862,162.549453735352,127.87805388162,120.508413204196,33.2718720590176,79.6340717064046,37.5633947922864,177.054136276245,130.738199659616,81.7540789116318,93.5776770470359,133.060548782349,206.931640625,175.480672487071,71.2313163876534,131.377528190613,205.638259887695,146.826731433607,124.972770215731,143.544620100274,81.8011839223463,133.325310255004,203.585469563802,139.82399198744,0,148.247379450835,163.345924377441,123.641777038574,187.332686480354,216.300506591797,192.455867767334,131.892651726218,146.27522277832,144.049259185791,157.447643964719,108.746919109016,227.326965332031,199.088687351772,171.570992463554,122.363271447677,148.882523664788,133.812919132293,0,175.984848022461,135.452846820538,155.132339041574
50.8301415736598,148.956962585449,131.932742934373,78.2582362656147,95.325787745024,17.8303392155408,23.3457778651661,62.7674760557233,13.2583329902278,77.6442968465011,44.274150449788,75.9292477204146,84.4264105914598,103.944487762451,25.2196921245049,37.8725927974867,117.356071472168,127.254813365625,137.919199973659,143.118670843785,87.9565841904541,110.652232417354,107.575675802028,117.429513080515,88.0781520694849,135.241373062134,140.560219888257,147.822597760681,87.4278425051376,49.098545706281,79.9508802535686,112.930034637451,30.9246558958518,95.0992188649635,63.8994342686257,160.194334983826,0,191.154857788086,91.7072972836702,143.323581780328,201.050491333008,167.236146809142,139.603633845185,154.728086199079,99.5992897578648,154.709816895841,0,187.669480895996,125.67066192627,168.490416677375,159.888519287109,150.529855940077,196.840318952288,218.224919637044,219.581166585286,191.100155639648,138.002642313639,121.222697257996,175.919541931152,127.209937485915,181.55997467041,202.999605178833,190.455735342843,143.506490232771,168.854109131464,160.090120512864,220.647109985352,225.449157714844,165.407507324219,163.401894251506
71.3736263988464,83.1762736954772,116.512907981873,29.4079206469024,31.2742446623743,60.31016456604,75.837926864624,56.4654056418052,77.6442968465011,9.12700201856684,67.144478616539,133.763223386278,10.6769617762331,123.192380577894,93.2806874068742,21.3833362217477,78.8087692260742,130.156989531084,145.896475332755,137.398922490139,68.9653304508754,78.138348559944,26.3229514470084,111.6078637441,23.3113404761674,110.440433753236,128.36792884286,103.700505298862,48.6972543108473,84.704974426877,61.896072318651,138.799575297038,129.472513535443,69.0198460873042,92.0624343435145,124.5461769104,122.63346862793,168.582918294271,74.0040763854981,90.2125338826861,0,114.15910055978,100.307254840166,115.945496207789,52.3489171743393,107.793731097517,197.659118652344,91.5389477411906,113.027008056641,132.459415893555,84.20010693868,94.0534572601318,202.456573486328,0,156.748405456543,107.485619317918,113.38892364502,120.91731262207,131.425106048584,75.7368156289606,127.291658401489,188.745720603249,168.778491821289,101.035789090234,130.685835031363,124.407496452332,0,0,127.757741292318,152.031158447266
35.073453391065,197.323577880859,120.890649189196,68.7756820162713,23.6847266755269,108.087089830608,43.9137656051631,25.9740760889569,44.274150449788,67.144478616539,15.4448103943076,143.40801510281,28.4966542710976,158.758739471436,71.3007217928319,75.2018093169408,120.162442525228,120.444291709957,161.725076293945,151.378730692762,17.6583022711064,95.4349900898181,111.598808804074,106.233915124621,69.3772666989106,228.162185668945,138.76333843867,137.211935457386,35.1403749797323,100.863793519767,61.487511003591,196.074264526367,126.436137241787,97.13654255867,106.609598821712,165.949346542358,177.118423461914,196.673428742782,94.7209875709132,117.163776019818,175.26717376709,157.708906849905,133.989697703609,160.306404687768,91.2651618186464,149.55074816708,227.938583374023,149.616111512397,0,182.742822755058,159.510174342564,170.129135131836,210.533084106445,0,202.323150634766,148.547667446299,206.731562296549,129.73752339681,177.23807144165,117.014028689774,230.551055908203,217.594678878784,188.01718183245,144.254918348485,176.933046952035,182.985277993338,0,213.313760375977,166.460824148996,191.853391705137
116.199125542698,62.6886517580818,83.2436765695547,74.0025571307296,154.446412658691,57.9063480847502,88.2014717337708,145.171141411276,75.9292477204146,133.763223386278,143.40801510281,13.841093112456,136.715075598823,19.9472991844162,74.8748825420432,0,116.141041564941,46.2652944178884,25.2224311758384,28.5978004529146,138.235631062434,90.1895467817169,100.439257061671,66.5738708728015,151.596169789632,30.8763864226977,33.5282415887137,60.6049121621477,144.379407201495,74.7778482228405,104.22411307949,37.8261970222564,56.9552837994634,105.833702797113,24.2650801551938,182.215118408203,96.4851133558485,128.370454788208,72.325898672405,204.44091796875,0,0,185.984078979492,208.309089660645,153.583674112956,218.83487701416,96.4558557510376,0,74.1186518529702,246.849273681641,0,182.050506591797,137.52271270752,96.808217729841,100.196187218954,0,0,120.973058064779,180.101196289062,181.711062431335,61.4928796265151,95.3356521287446,92.6976124495528,205.509454024465,202.364167531331,183.060078938802,92.1760889689128,0,185.867279052734,122.308098475138
130.529055595398,121.738327026367,166.276222229004,51.593037064011,35.5025268644422,82.0692609410708,39.1644256934301,88.7412333532211,84.4264105914598,10.6769617762331,28.4966542710976,136.715075598823,13.3774556933728,169.773671468099,110.9205196847,20.8645200525518,152.764999389648,195.720819091797,156.227066040039,220.458699544271,17.5800531395008,0,57.4712284312529,151.637029375349,20.2110854701575,136.424878438314,181.045091629028,148.636967292199,47.0648036741875,106.805140433693,108.726552963257,0,120.675998942057,105.579528808594,111.440195553545,0,0,170.618942260742,116.11106300354,59.4344922780296,0,85.8566481377468,134.864972686768,124.101170598244,66.9878978729248,82.1269080111855,0,13.1495744169148,0,121.425798717298,63.5209102630615,186.56266784668,0,0,0,10.5856444594421,0,0,146.865982055664,98.4777739856376,0,218.567100524902,184.530975341797,123.672546176634,122.702130317688,232.912994384766,0,130.488567352295,0,119.554648263114
138.586318969727,48.6939653967108,88.6321431296212,51.2529739764199,195.729202270508,69.2099914550781,125.968386173248,167.921347300212,103.944487762451,123.192380577894,158.758739471436,19.9472991844162,169.773671468099,8.2901739869868,102.476607165759,161.335285186768,116.495796203613,96.649684270223,54.5402325934498,69.5310880801099,169.115310668945,124.035317993164,87.5128894527209,123.314265441895,136.34780635531,19.3341805603874,33.2792617227766,35.6184470117059,161.419817606608,96.4008320653161,150.864747047424,11.6152113408713,75.6887424353397,179.689208984375,53.8012958526611,0,90.2774174213409,127.042163246556,62.0116856731946,0,0,0,158.02840423584,0,143.656363053755,203.4208984375,84.6867013154206,0,43.4341734172934,176.253643035889,0,193.386993408203,143.335850143433,90.9842907587687,107.16743689317,216.18830871582,0,107.630240304129,133.241039276123,180.33184160505,54.8497205865082,94.2365204133183,84.0491647776107,195.160171508789,126.285049438477,177.632598876953,90.2351942516509,0,0,104.105915251232
22.2751714717598,142.834930419922,138.264292088616,92.8929896601924,113.013998451879,18.128503562656,51.8557948247267,61.6701216927821,25.2196921245049,93.2806874068742,71.3007217928319,74.8748825420432,110.9205196847,102.476607165759,12.5627265887921,75.6094748384209,129.155219338157,123.716385656658,132.06391715082,137.548051265602,109.827725667116,103.458307522158,104.643830617269,113.125083265633,105.038360411121,94.9803804670061,137.934557129423,149.559358459988,106.94044799638,27.3238962997219,69.2490501437057,132.451048169817,18.0565779923005,68.6066775957743,59.8232955962292,157.910959879557,193.967483520508,200.76824465665,108.133586785732,163.466326545267,0,184.54100212684,165.000212351481,185.175152639325,133.657567624693,182.240686455551,195.862930297852,174.325149536133,233.457550048828,177.962230741061,0,142.194801828136,198.426724520597,0,201.845634460449,192.434727668762,154.028749704361,136.821879577637,165.322913536659,147.333908185854,162.861773173014,201.873672485352,188.545463793205,159.542120889659,176.643391503228,156.444401715253,226.371154785156,235.402725219727,144.908023410373,184.125244140625
65.5785694122314,122.12873676845,139.144401550293,89.204137802124,65.0359570889073,16.0777507653653,15.2982614682215,83.0972245715913,37.8725927974867,21.3833362217477,75.2018093169408,0,20.8645200525518,161.335285186768,75.6094748384209,9.38220318313341,0,148.294429234096,0,0,60.971865131009,126.013221740723,79.544145822525,150.340463002523,51.5477424023756,142.306450253441,157.803995768229,132.909041717762,79.4304375985952,54.3221910916842,101.712251999799,0,40.1578678795786,61.7369244893392,92.7992965380351,0,0,204.501037597656,118.864356994629,154.363283974784,0,164.481417338053,152.490449905396,167.271572113037,112.867713928223,170.193254644221,0,136.361897277832,0,0,0,0,0,0,229.59342956543,168.716175079346,0,0,0,124.185228648939,0,0,152.674957275391,146.340227508545,181.934898376465,0,0,0,0,0
93.4796211242676,72.4443643358019,84.0352256081321,37.1937717940723,72.7049453735352,142.971527099609,182.626106262207,100.328072981401,117.356071472168,78.8087692260742,120.162442525228,116.141041564941,152.764999389648,116.495796203613,129.155219338157,0,13.1152645335941,100.132277438515,136.39307975769,112.062919616699,0,19.492706231118,27.7782458572763,21.7970076568126,34.8570897181112,102.68788655599,112.957228088379,29.1818593339204,38.5403920491107,100.78408893786,71.9079713767934,140.875034332275,156.389465332031,84.3185052871704,75.3239315032959,115.590544564383,103.557418823242,104.444791039755,62.5006390587758,0,0,179.180969238281,140.578687455919,128.102592468262,174.025360107422,0,0,0,0,150.834120750427,0,61.6393711495199,130.040179339322,188.6650390625,146.504856109619,240.790008544922,106.842345472137,54.931453835251,97.2451557083846,58.7017981885355,0,148.362088983709,94.3390396092389,114.641270319621,127.190540891705,107.391440927166,0,0,118.225432395935,114.003976135254
103.494207483777,55.6534496377582,42.2593128364081,66.8010358183007,144.646175929478,184.807691786024,157.117834140943,107.518490326202,127.254813365625,130.156989531084,120.444291709957,46.2652944178884,195.720819091797,96.649684270223,123.716385656658,148.294429234096,100.132277438515,12.4970398566958,48.5222407705548,24.5067485505213,179.818733215332,55.0239382544629,78.4319135082011,31.0533596925564,133.73403308461,68.4854715983073,32.7447644839837,65.3076693708594,111.800808967221,112.943030265479,80.2083072957812,93.3703422546387,152.096923025031,102.219936879476,35.4002208052209,199.394882202148,108.21645954677,106.010272095031,87.9970310756138,220.995651245117,0,0,179.602675588507,215.13219833374,194.05458577474,202.506362915039,136.505492210388,0,125.814949035645,186.344955444336,184.503753662109,141.197374105453,115.562327524249,134.640148162842,117.191304262947,0,163.073160443987,105.013005065918,125.691459853928,174.249084472656,93.6400277273996,107.867919272053,107.223740115683,179.440598042806,174.940866470337,160.345671653748,158.349945068359,0,139.101379394531,126.491564941406
134.355363090083,77.0373372236888,93.6922297947843,63.217979313172,183.278945922852,118.644592285156,141.671285528886,152.415318848657,137.919199973659,145.896475332755,161.725076293945,25.2224311758384,156.227066040039,54.5402325934498,132.06391715082,0,136.39307975769,48.5222407705548,10.1889664625344,25.0090118750076,169.269861857096,101.823834782555,109.520754691882,77.8393569382248,163.721130371094,48.9879989684574,38.8788896662069,66.2027719313638,150.863857180573,122.824735294689,119.948569179921,56.4784368754019,91.5167906834529,122.599487796907,55.4703830813769,191.292465209961,104.469758033752,134.0660840548,87.3519486321343,0,0,0,175.856582641602,0,144.367965698242,227.693664550781,103.947696685791,0,90.0831962441498,217.168380737305,0,161.336776733398,137.057992553711,103.766782219027,111.93545796321,0,0,140.604246520996,143.541273752848,213.589828491211,72.3272412730529,102.015445950439,99.784587263591,213.782681274414,134.664660135905,179.028381347656,106.436420325077,0,0,134.118729964547
118.802277323405,57.9357078075409,73.7945981524877,62.6195246234085,0,151.678482055664,168.182414715107,130.790446762211,143.118670843785,137.398922490139,151.378730692762,28.5978004529146,220.458699544271,69.5310880801099,137.548051265602,0,112.062919616699,24.5067485505213,25.0090118750076,12.309410777724,192.834594726562,87.0887801739158,96.2088511397199,52.5335559538946,152.127430255596,50.7715898206472,34.8656574185562,68.5261480953776,141.90419056302,118.00688463312,101.580408841223,63.2743784169682,116.584780179537,105.880789670077,41.1333908946426,182.978302001953,107.283006591797,123.437836867112,81.8011754906696,230.501525878906,0,0,186.815176963806,188.403388977051,174.305152893066,209.595848083496,118.435941484239,0,107.439920425415,179.483032226562,0,145.541688919067,117.456077126896,107.619277530246,110.402016633132,0,176.074739074707,124.762889099121,152.7296009893,191.832576206752,80.241233562601,101.083343146188,105.219367229765,202.844818115234,181.462751116071,171.034974318284,116.01889483134,0,142.41748046875,117.998134010716
104.268781808706,0,205.900978088379,79.2316821705211,16.0563269775987,113.513156197288,57.705960553077,140.014120907254,87.9565841904541,68.9653304508754,17.6583022711064,138.235631062434,17.5800531395008,169.115310668945,109.827725667116,60.971865131009,0,179.818733215332,169.269861857096,192.834594726562,7.95232401613058,156.858840942383,0,186.316967010498,20.7729312707592,0,187.805626763238,206.934527587891,28.4441113831106,104.147024344399,143.576075744629,0,126.036642485974,101.316773986816,106.341972961426,160.902496337891,0,171.605133056641,80.0229263305664,21.9151062866052,0,157.285307361234,139.809630870819,161.336320400238,142.499361673991,148.863801632287,0,154.263828053194,0,198.207786560059,147.723304748535,197.819320678711,0,0,0,146.458048733798,0,0,0,119.122637143342,0,0,194.94075012207,147.893798917883,192.376285552979,0,0,0,0,184.097518920898
74.2842267302216,104.648649597168,66.4529721311821,51.6599576280963,92.9643630981445,162.607508341471,130.811110602485,74.7712309217945,110.652232417354,78.138348559944,95.4349900898181,90.1895467817169,0,124.035317993164,103.458307522158,126.013221740723,19.492706231118,55.0239382544629,101.823834782555,87.0887801739158,156.858840942383,12.0400262304404,50.2029878221895,31.0208113695552,41.2301999643906,0,99.4188775790958,70.5998982119373,40.0836260737141,56.6693966964251,34.1701502358506,112.895988464355,107.403451283773,62.6831742437262,44.5526926136205,121.679212188721,169.056884765625,127.103324447853,62.7195862770081,0,178.023712158203,165.052520751953,132.210692723592,147.030973815918,120.34237798055,178.048139953613,0,0,0,138.012449553519,0,100.195052723,143.879817581177,0,172.056928634644,0,108.673716971433,66.4277653112644,113.701781059223,113.92684697348,138.794784545898,165.259817940848,124.776445455718,111.642530321635,124.318263053894,110.669150282968,0,0,109.943615963584,120.111761910575
98.709204921016,29.7474341564946,46.8519722697499,28.2975474503595,60.0150513282189,133.553447723389,102.290500347431,86.2120439238467,107.575675802028,26.3229514470084,111.598808804074,100.439257061671,57.4712284312529,87.5128894527209,104.643830617269,79.544145822525,27.7782458572763,78.4319135082011,109.520754691882,96.2088511397199,0,50.2029878221895,9.74012258455865,51.3908933268397,35.169953801706,74.3194383818662,86.3410763224219,40.1857250638586,54.5395905350986,82.3106083765821,59.7834216677953,111.531384604318,0,73.7230239030792,72.6727022409439,93.2699977329799,98.685417175293,99.7410489176656,16.0358790376761,140.098686218262,0,125.924480438232,102.250175793966,132.059518987482,19.3679850033351,146.787205287388,119.320037841797,160.408020019531,115.97016620636,102.441149278121,88.7720565795898,60.2709847835072,119.248606962316,151.146494547526,136.869314829508,0,87.582501411438,17.4983136702557,87.9300141007933,73.5736653945025,96.6267457008362,128.209827689237,96.1290091367868,84.1958783036571,97.8988446553548,76.6451750535231,155.927841186523,0,77.7969296773275,104.467423575265
92.4630793044816,71.7339453085875,35.3436744566267,49.5361017778474,131.552841186523,149.691762924194,147.39702757528,88.6514095756624,117.429513080515,111.6078637441,106.233915124621,66.5738708728015,151.637029375349,123.314265441895,113.125083265633,150.340463002523,21.7970076568126,31.0533596925564,77.8393569382248,52.5335559538946,186.316967010498,31.0208113695552,51.3908933268397,18.8010361381633,96.2895712046062,101.664615154266,63.6446829100158,46.2541670088749,62.0038739949101,71.553401937497,60.1328772216596,122.916775512695,165.009676456451,84.3115977059423,42.7774725463124,171.213424682617,110.854047987196,97.838827849953,92.5393716966784,0,0,187.566497802734,158.598905368727,183.107628822327,143.744017791748,173.982118879046,135.49609375,0,161.299949645996,177.044815866571,0,94.6578392043662,118.921985780454,176.882736206055,140.514170426589,0,114.281536976956,67.4732321805732,102.009831412853,135.016527471871,112.959373474121,133.316625952721,98.498057113531,141.425290782677,159.040635359915,123.570746481419,180.434750366211,0,147.519827948676,125.952070062811
81.9385341480937,87.9576209997121,105.333422924008,46.7514175578274,18.8214655576418,105.44151756091,84.5688565167146,64.7733718865862,88.0781520694849,23.3113404761674,69.3772666989106,151.596169789632,20.2110854701575,136.34780635531,105.038360411121,51.5477424023756,34.8570897181112,133.73403308461,163.721130371094,152.127430255596,20.7729312707592,41.2301999643906,35.169953801706,96.2895712046062,14.6818095821408,120.155643041621,138.283077521864,90.2962533993614,20.4450905065549,92.4286662650196,74.0611657152116,154.612263997396,134.929362753163,78.3707958221435,87.3279689980151,122.526928575733,168.752731323242,156.290876684055,58.2399494885004,105.210151952341,167.006546020508,133.582476107279,112.128201159129,130.748078086159,72.7097929860209,120.038624579303,196.034103393555,117.448797164425,150.32096862793,136.561873834409,129.809198379517,98.2720757676808,165.443700790405,204.033218383789,195.993848164876,120.878964124407,117.335775390625,96.7000625247047,137.216169580237,81.9537889227172,111.742191314697,184.878808763292,151.91422104254,107.461658275371,134.666171601802,115.069394746179,0,181.06428527832,123.824933733259,132.196057206493
141.76530456543,26.1997107389002,101.635663986206,34.0391056613296,222.617904663086,169.908935546875,151.450276692708,162.549453735352,135.241373062134,110.440433753236,228.162185668945,30.8763864226977,136.424878438314,19.3341805603874,94.9803804670061,142.306450253441,102.68788655599,68.4854715983073,48.9879989684574,50.7715898206472,0,0,74.3194383818662,101.664615154266,120.155643041621,10.095020484188,45.258599887119,30.275731308633,133.403660860929,81.9830799102783,130.127085876465,49.0628572990154,79.9511489868164,0,52.0534477111621,0,64.5394617227408,117.413579305013,42.3579278482455,189.168609619141,0,0,186.132237752279,0,120.648476736886,194.263051350911,73.2571921056631,208.788513183594,56.0556937189006,152.632572174072,0,0,110.272078152361,73.808876820973,81.6905731788048,227.608749389648,0,95.2763355089271,113.865602493286,156.024965413411,37.926312488361,74.5699288558207,68.2552699101746,188.311096191406,159.397260030111,169.604614257812,79.3156545700566,0,0,95.2175498008728
125.328206828996,50.2078002668407,39.3207734997143,51.4260395041389,142.641644287109,174.593672180176,159.160060089413,127.87805388162,140.560219888257,128.36792884286,138.76333843867,33.5282415887137,181.045091629028,33.2792617227766,137.934557129423,157.803995768229,112.957228088379,32.7447644839837,38.8788896662069,34.8656574185562,187.805626763238,99.4188775790958,86.3410763224219,63.6446829100158,138.283077521864,45.258599887119,20.0729389804833,37.4471429648215,130.013903548962,131.097123159121,111.36926280414,26.4842197344068,107.145090164677,120.370292400492,60.2132826423527,174.15020572438,90.1444178299165,103.192273332036,71.914442785855,189.97541809082,0,189.507293701172,178.846330224014,201.508695814345,177.825987815857,199.876720428467,103.823436631097,160.912704467773,91.5322116983348,180.872401237488,0,150.814934866769,108.651703172197,102.830004455846,103.134006809924,0,156.13845231798,127.034182581408,130.270627224084,184.424813232422,71.7494401630602,94.9437877356876,95.5870147353091,194.819905175103,169.726117941049,159.795346736908,105.280904164034,0,142.142620849609,112.948089138773
135.657613130049,29.6561773491747,32.8110534432121,39.0116599302815,123.654670368541,165.063636086204,162.818830779105,120.508413204196,147.822597760681,103.700505298862,137.211935457386,60.6049121621477,148.636967292199,35.6184470117059,149.559358459988,132.909041717762,29.1818593339204,65.3076693708594,66.2027719313638,68.5261480953776,206.934527587891,70.5998982119373,40.1857250638586,46.2541670088749,90.2962533993614,30.275731308633,37.4471429648215,17.8155436506356,79.7915187772798,136.083649668905,116.203829344725,21.530429206553,124.334461669922,132.207578133846,66.0184396123416,175.171772427029,89.7108101994736,92.9181128888153,67.4305910154574,187.324699401855,0,198.145899454753,164.785126359948,176.484385172526,156.125067192211,188.18647257487,111.84583144257,202.254905700684,92.5396497406229,185.536549552542,182.677368164062,106.20709630781,106.270890871967,108.241184414297,106.93427388893,190.114192962646,124.6453378059,78.0199832036791,102.793732659291,127.536954070369,72.2675933837891,96.0030384311325,92.0140150187415,155.707074706087,173.918768193172,153.852193287441,108.975533984956,119.462547302246,146.282924107143,113.225224789547
85.1440086062592,114.813866835374,87.1247804096865,56.3422805596472,20.0459886601903,119.966951081247,67.3969201127688,33.2718720590176,87.4278425051376,48.6972543108473,35.1403749797323,144.379407201495,47.0648036741875,161.419817606608,106.94044799638,79.4304375985952,38.5403920491107,111.800808967221,150.863857180573,141.90419056302,28.4441113831106,40.0836260737141,54.5395905350986,62.0038739949101,20.4450905065549,133.403660860929,130.013903548962,79.7915187772798,11.9797820311884,93.0937882258865,48.8642326678522,0,136.571182477592,74.9370611621215,75.3959408154741,127.068694766205,179.077743530273,159.970161380624,67.4841201690857,83.5342972375396,185.27255859375,149.71458026341,121.775082846637,140.739750883931,79.657264981951,139.740715213925,195.182342529297,142.847921716885,0,143.536834044535,148.585687637329,103.233866511912,169.307160750679,221.833969116211,194.819779168992,141.821791157323,118.860393661389,93.84975424267,138.404927759363,102.443332650698,193.507522583008,196.419212572502,150.844933489958,122.516320462211,140.250292812637,115.844273532578,217.220718383789,196.633117675781,128.939549524644,140.672979974747
19.5556695337649,123.317179870605,141.032012033463,80.1933521366805,100.098132501647,26.2169576996987,50.4639359104161,79.6340717064046,49.098545706281,84.704974426877,100.863793519767,74.7778482228405,106.805140433693,96.4008320653161,27.3238962997219,54.3221910916842,100.78408893786,112.943030265479,122.824735294689,118.00688463312,104.147024344399,56.6693966964251,82.3106083765821,71.553401937497,92.4286662650196,81.9830799102783,131.097123159121,136.083649668905,93.0937882258865,11.6617611417852,35.2466003033856,115.121647644043,13.2206577293618,17.4751302175835,39.7434856197608,146.904171283428,0,181.146996718187,94.7239141261324,143.174428939819,0,190.429154078166,151.154519604098,175.542657169295,119.068574720813,176.104273861402,220.911979675293,194.053148905436,159.557024637858,169.492330266141,165.968460083008,119.928978699904,172.777095031738,0,209.59651184082,209.599975585938,133.866319915395,98.2503291538784,147.31242452349,134.462257869945,136.051326751709,189.798127826891,165.875460529327,140.368306137267,163.34500013079,134.074512660503,0,198.388442993164,136.637446594238,167.756277515042
34.6035352632722,113.801841227214,95.9829610459348,55.7119248593567,85.5037251348081,124.128266334534,103.432734078508,37.5633947922864,79.9508802535686,61.896072318651,61.487511003591,104.22411307949,108.726552963257,150.864747047424,69.2490501437057,101.712251999799,71.9079713767934,80.2083072957812,119.948569179921,101.580408841223,143.576075744629,34.1701502358506,59.7834216677953,60.1328772216596,74.0611657152116,130.127085876465,111.36926280414,116.203829344725,48.8642326678522,35.2466003033856,12.8992264425938,0,115.001823425293,36.1935875728127,37.9739611684781,123.680334227426,0,159.178365898132,69.8018098481944,0,169.710098266602,192.47547694615,125.56956880631,152.344546424018,108.173313314264,164.628245399112,197.066688537598,0,240.339782714844,139.708121447496,159.049621582031,105.523191226936,158.353523008285,0,188.162412370954,193.107025146484,112.696163119692,71.4362886216905,117.268267427642,112.339707088078,0,180.847375167044,155.240661183342,114.073966366709,136.094273866323,115.403622508049,199.073120117188,178.584622192383,113.397138023376,130.299778541822
178.203506469727,69.2194121865665,101.546820068359,63.8880205790202,176.167938232422,0,96.1836242675781,177.054136276245,112.930034637451,138.799575297038,196.074264526367,37.8261970222564,0,11.6152113408713,132.451048169817,0,140.875034332275,93.3703422546387,56.4784368754019,63.2743784169682,0,112.895988464355,111.531384604318,122.916775512695,154.612263997396,49.0628572990154,26.4842197344068,21.530429206553,0,115.121647644043,0,6.67333571620104,97.0204315185547,0,71.8950875983181,0,112.722508748372,127.756687164307,80.2880897521973,0,0,0,0,0,162.482818603516,0,102.089588458721,0,83.8923807144165,125.434265136719,0,180.421310424805,146.015219370524,101.89549057572,112.102180929745,0,0,172.62727355957,0,0,68.9909071169401,104.313871275704,96.9067496203501,0,0,0,112.998366219657,0,0,118.142528533936
92.516345684345,0,192.720073154994,132.912313334147,137.388041973114,11.7518711173084,23.8441041783681,130.738199659616,30.9246558958518,129.472513535443,126.436137241787,56.9552837994634,120.675998942057,75.6887424353397,18.0565779923005,40.1578678795786,156.389465332031,152.096923025031,91.5167906834529,116.584780179537,126.036642485974,107.403451283773,0,165.009676456451,134.929362753163,79.9511489868164,107.145090164677,124.334461669922,136.571182477592,13.2206577293618,115.001823425293,97.0204315185547,5.62748806430787,56.8769302368164,33.9850713601697,200.250381469727,0,0,0,140.049072265625,0,224.173309326172,185.535690307617,206.399737548828,174.346111297607,209.288110351562,0,114.014862060547,0,209.027767181396,0,165.749038696289,0,0,0,0,0,0,0,184.627252329951,0,127.819019317627,208.125915527344,187.252342625668,200.127670288086,179.042091369629,144.887313842773,0,0,195.996475219727
42.7648075889139,112.338466644287,134.838088607788,61.5112658081055,83.0811524824663,125.201398849487,81.7853885419441,81.7540789116318,95.0992188649635,69.0198460873042,97.13654255867,105.833702797113,105.579528808594,179.689208984375,68.6066775957743,61.7369244893392,84.3185052871704,102.219936879476,122.599487796907,105.880789670077,101.316773986816,62.6831742437262,73.7230239030792,84.3115977059423,78.3707958221435,0,120.370292400492,132.207578133846,74.9370611621215,17.4751302175835,36.1935875728127,0,56.8769302368164,8.72957873406522,25.3933583796024,123.266525268555,0,0,68.8973855238694,0,0,170.301971435547,139.169171969096,155.75498453776,93.7179733276367,177.319178263346,219.168273925781,0,0,146.569122314453,0,101.367824881417,0,0,192.601943969727,0,121.801885816786,64.7822341918945,135.452349344889,124.090197417696,0,164.259460449219,174.501742892795,120.054925231934,138.362953772912,119.381150030321,0,0,109.9603515625,127.035591125488
73.2243866249367,55.2469053715467,60.9998227687347,64.1171726942761,105.070044418861,34.5657400577626,80.2530372870896,93.5776770470359,63.8994342686257,92.0624343435145,106.609598821712,24.2650801551938,111.440195553545,53.8012958526611,59.8232955962292,92.7992965380351,75.3239315032959,35.4002208052209,55.4703830813769,41.1333908946426,106.341972961426,44.5526926136205,72.6727022409439,42.7774725463124,87.3279689980151,52.0534477111621,60.2132826423527,66.0184396123416,75.3959408154741,39.7434856197608,37.9739611684781,71.8950875983181,33.9850713601697,25.3933583796024,10.6296330773596,169.173377227783,125.938858032227,105.225363403786,85.3164277253328,169.165588378906,0,196.285720825195,148.73008541531,156.072156404194,119.020414733887,172.295716285706,122.775763193766,0,110.218761989049,160.254950750442,0,111.351012449998,116.397453894982,121.330201541676,121.434833199637,200.80778503418,123.079328536987,93.1397559222053,119.53774579366,131.915463350257,99.3062438964844,105.060223073467,105.047244040814,139.509026125858,161.364022543264,130.136043105015,107.1936378479,0,136.626707894462,140.342317280016
150.208735148112,170.586074829102,0,72.9026036262512,0,183.495910644531,0,133.060548782349,160.194334983826,124.5461769104,165.949346542358,182.215118408203,0,0,157.910959879557,0,115.590544564383,199.394882202148,191.292465209961,182.978302001953,160.902496337891,121.679212188721,93.2699977329799,171.213424682617,122.526928575733,0,174.15020572438,175.171772427029,127.068694766205,146.904171283428,123.680334227426,0,200.250381469727,123.266525268555,169.173377227783,10.2560281476783,114.683208465576,120.931171860806,69.3736460549491,87.6411476135254,0,118.642012357712,27.6732089560532,41.4915223514543,65.919451873966,57.6606125077358,128.502827082454,117.621218754695,139.773063659668,17.4637736495224,42.9294452667236,82.9642757068981,103.262835613695,132.392529437416,118.343565315113,92.1494990757534,72.8902428051657,69.3261146999541,89.0457127582596,79.2839612118669,123.282521565755,129.830727293136,128.321312127597,81.4439385199133,21.9617242307046,24.1458776598274,148.40668762207,92.9047821044922,47.2220046736977,72.0148319734846
206.530838012695,80.0577697753906,106.939640045166,56.2624668121338,0,0,0,206.931640625,0,122.63346862793,177.118423461914,96.4851133558485,0,90.2774174213409,193.967483520508,0,103.557418823242,108.21645954677,104.469758033752,107.283006591797,0,169.056884765625,98.685417175293,110.854047987196,168.752731323242,64.5394617227408,90.1444178299165,89.7108101994736,179.077743530273,0,0,112.722508748372,0,0,125.938858032227,114.683208465576,9.25069057393791,51.4580323735222,15.6930682392741,0,0,0,120.325891685486,155.984211314808,79.4149552671292,152.580375671387,69.2090210138365,123.307975769043,47.7007050652213,132.970645904541,118.84091758728,62.1609958455532,54.3937504120866,69.490380643019,54.0026896129955,0,96.0096225738525,26.7978441946213,66.6306446790695,80.1401817336855,20.4992503677577,47.7666495241825,28.8895419381931,116.4192497947,119.214723229408,105.163144429525,75.3286460073371,0,102.927635192871,61.8358101302278
168.183479309082,78.8587197197808,93.7183763564887,78.0669126743224,234.93505859375,0,216.236312866211,175.480672487071,191.154857788086,168.582918294271,196.673428742782,128.370454788208,170.618942260742,127.042163246556,200.76824465665,204.501037597656,104.444791039755,106.010272095031,134.0660840548,123.437836867112,171.605133056641,127.103324447853,99.7410489176656,97.838827849953,156.290876684055,117.413579305013,103.192273332036,92.9181128888153,159.970161380624,181.146996718187,159.178365898132,127.756687164307,0,0,105.225363403786,120.931171860806,51.4580323735222,15.496549969333,59.3923323949178,152.819671630859,152.025873819987,145.331365727667,101.811087214175,121.482644876504,111.446262854117,113.397227131005,108.415122299194,148.137859344482,92.8093857538132,123.287984796071,147.80238087972,78.6326316657094,39.3375465919113,84.9985095596313,49.7374623488916,162.971124649048,67.4749136164709,59.8381789021376,36.4997676616823,110.448127548416,94.5485206604004,32.7720783121214,34.3186870378622,92.9597634298409,148.883405059576,93.1291868132774,84.9751364497815,178.768869018555,121.782365512848,74.6671857994895
