11.9599760159807,153.118835449219,109.313524838152,87.6777853171031,87.5679452078683,91.493561484597,97.4073355940522,42.0615025026252,58.1440487855492,97.5402408838272,96.2730878582438,139.001094524677,137.62212117513,113.24010848999,23.868158031408,94.7577463785807,127.91468556722,119.553009324915,161.085209655762,140.860000036096,119.564033508301,92.5479580688477,119.421954345703,100.539581866381,98.861709065681,0,128.387505001492,147.335316257622,95.6311653392293,25.5929550441091,39.1411644270408,184.42594909668,90.8397985907162,58.3127844212419,92.1462115822258,0,0,171.765602111816,90.1655687604632,169.115070343018,0,173.921112060547,165.85511302948,233.498413085938,0,174.06916809082,0,0,0,186.454177856445,0,150.444549560547,201.201934814453,0,0,0,159.267837524414,210.145782470703,184.89631652832,153.744080316453,0,198.874984741211,195.667383829753,154.478450633861,169.171403364702,167.689037322998,0,0,161.526878356934,188.764190673828
153.118835449219,7.20768731487771,44.5918173007864,22.3624394681237,120.805652618408,144.846762084961,188.852289835612,144.051583510179,161.543212890625,79.9169370156747,149.168383916219,71.7368056297302,107.316329956055,49.2777904660514,172.1650390625,116.86928527832,92.3779224819607,55.6650763711622,81.8442870246039,62.431912665624,0,102.183767905602,27.0430062298319,71.1918510290293,88.9178085262162,22.979289415087,50.4759737968445,31.8894035782454,117.514238004331,122.061257680257,117.198346224698,67.1269559378576,0,129.525909423828,68.2541446685791,0,0,157.242633056641,54.3053073883057,162.518814086914,0,0,159.389587402344,0,0,0,126.495577494303,0,92.8017209370931,0,0,131.743680318197,0,120.175590515137,117.921783447266,0,193.87239074707,0,127.099681854248,163.793782043457,113.649917602539,109.398047707298,113.910372032309,203.173683166504,209.140747070312,0,116.810380935669,0,0,0
109.313524838152,44.5918173007864,14.1757778433107,48.5630760384427,140.158192634583,171.516348174124,147.787567327052,106.128612333448,134.54543140049,118.727238246373,132.81677683559,104.233966362782,163.536503791809,115.002269945647,127.189320419216,141.972915104457,76.8713906223613,39.5555122769244,100.247163945978,74.1822411383625,165.413019816081,65.7488244509569,61.2069494100717,32.6513030409243,116.711619523855,83.4261016845703,34.1067372515791,34.8015765729683,94.0333750546334,135.498406151905,91.2051277368593,98.948057108912,181.506076935799,121.548029218401,79.2546940155379,175.803334554036,87.9831314086914,96.2691790541885,71.0138333638509,0,0,204.023254394531,167.704363505046,191.618612289429,189.216369628906,180.841896057129,161.72811126709,0,138.013763427734,182.240490722656,0,117.131740025112,116.630519701087,139.795936584473,126.234985351562,195.034042358398,150.588223266602,101.0376329422,115.633794917617,163.165316433377,166.968688964844,114.140497778216,98.6188975687777,184.412050519671,190.050084431966,171.07216796875,0,0,209.836700439453,130.086032701575
87.6777853171031,22.3624394681237,48.5630760384427,16.1207739729343,68.3639853668213,74.3390251159668,130.020935995537,85.9945333738585,128.847930080207,27.9661018697979,106.996641554922,63.6216946059007,102.409684244792,46.8790057218906,116.699222734659,71.4671946438876,40.10257223588,64.7980503575682,81.7527281598347,68.5526910955256,86.2412651062012,76.3245266424515,38.2202235577812,58.4387718770133,44.4382058135522,28.8437670051616,54.8211181104593,43.8014775888652,69.6511761916311,88.0600028192954,69.2994024075371,70.7776251598797,121.197241563063,70.2835882302099,72.034486602838,100.019521077474,86.2619355519613,68.4055069714058,40.1021256948772,113.831358689528,0,126.96622467041,103.213040669759,138.165932549371,70.1922931671143,139.687881469727,92.0777560147372,165.960693359375,66.2309250301785,131.105848613538,0,56.0084221426365,88.6668010287815,112.364264678955,94.1223585510254,70.87548828125,95.505735874176,73.7809642791748,65.4832570101764,70.0452599423997,37.6241838667128,77.3661966242342,65.4146133086261,92.0073284288732,121.282985521399,83.5814569179828,124.886199951172,0,106.056588490804,97.554217598655
87.5679452078683,120.805652618408,140.158192634583,68.3639853668213,10.3347544407911,125.219782511393,75.4337095345828,91.5560599308388,103.043237640744,44.2062393968079,27.0818729633887,0,28.7073665530083,181.67658996582,114.573136788827,62.3651046100845,0,174.028137207031,203.993804931641,162.927663167318,12.9834444334336,179.20344543457,82.5703695343762,150.659390404111,22.0166811391359,0,164.806356329667,141.912358398438,24.5302511426775,111.282176158467,112.305776004134,194.196266174316,146.767314910889,88.7297350565592,102.101855338888,0,0,214.73755645752,76.4007720947266,16.8647469711943,0,159.645052501134,151.194186870868,190.132963700728,103.80572052002,160.753005472819,0,105.21398489403,0,205.498661586217,126.148498535156,0,0,0,247.701354980469,32.2129487857819,166.608535766602,119.403160095215,244.262351989746,117.405199297013,0,0,213.886016845703,145.481362802011,184.814516067505,161.764045715332,0,211.543395996094,159.947952270508,169.952236938477
91.493561484597,144.846762084961,171.516348174124,74.3390251159668,125.219782511393,7.22500376608028,10.6496389526556,123.001009708693,23.6357433281876,54.1245322594276,118.686145496368,67.175251455868,73.4347082284781,96.7066870795356,34.5245789806308,17.1882742860623,118.282028198242,186.05345888491,101.496891021729,184.703196598933,121.580837249756,158.02468363444,135.465446472168,164.397492659719,93.8950841485,76.705810546875,188.930511181171,179.448845496544,135.037066311306,25.5067948660625,125.702346334652,225.819747924805,12.9451274957042,157.623157501221,59.6305720287821,0,223.052276611328,0,124.038078308105,170.341060093471,0,0,197.685287475586,0,0,0,0,0,0,0,0,0,0,0,0,206.033843994141,240.049987792969,0,0,93.3083038330078,0,0,0,221.435840606689,0,0,0,0,0,0
97.4073355940522,188.852289835612,147.787567327052,130.020935995537,75.4337095345828,10.6496389526556,12.9505099755404,77.3717488871938,25.3159796440615,87.7836137785947,40.4622874755817,130.605957878961,27.5570046209573,128.220773696899,50.095185506494,14.4669245805786,162.577892727322,173.249094826835,196.649041568532,189.397386965544,42.8908296288633,141.447824131359,137.855104388613,147.774552087291,100.888048315153,0,173.567281010341,169.559576364291,78.7496680992621,64.6734651394167,121.59192048302,183.009637451172,17.8797685175617,109.830736083984,115.43414464398,161.307744344076,0,209.543571472168,142.106741905212,159.893448620308,0,184.755931181066,171.238345336914,209.497753143311,152.362682342529,189.777658843994,0,129.338587143842,224.041641235352,195.504827226911,0,186.207071940104,176.873870849609,0,224.816360473633,181.950468063354,179.876168145074,154.345432281494,220.552012125651,151.784470484807,0,0,213.393003845215,171.045846610234,198.302164459229,181.221838378906,0,0,185.096316019694,188.909779866536
42.0615025026252,144.051583510179,106.128612333448,85.9945333738585,91.5560599308388,123.001009708693,77.3717488871938,15.4091316009602,64.8716448870742,75.22325246021,25.1304832945363,172.026933034261,74.9687091318766,179.213023466222,57.0474339305049,89.8580449071424,101.676407441639,141.575868603118,188.701686859131,167.644049804688,105.629326453576,80.4151975424319,88.6828582788769,100.086841878502,62.3903216734982,155.171305338542,142.84450944893,124.251886679427,40.929271489519,83.4201625301786,37.7453298214759,186.45910862514,132.058006364871,75.3439430531448,91.8540382217082,163.426708221436,196.137985229492,189.900907516479,93.891654586792,142.857383440126,177.295516967773,177.03942081846,150.864473560188,171.649631666101,94.8266186184353,174.25129699707,0,177.947624206543,0,187.053327178955,180.179921468099,148.094651057802,210.699066162109,0,225.953731536865,152.188965691461,150.675908797827,114.439190135283,174.458369593466,136.657336571876,0,214.256111838601,191.556906806098,150.264683154363,181.248491321911,153.724090858742,0,225.935768127441,161.274761962891,168.635566166469
58.1440487855492,161.543212890625,134.54543140049,128.847930080207,103.043237640744,23.6357433281876,25.3159796440615,64.8716448870742,14.2933995380395,110.032558695475,43.958768418732,104.110564114135,93.957108930625,102.278006235758,22.3280144149876,30.8278890109931,153.985466003418,152.563859145412,166.458194187709,172.703653956569,98.2830712114062,124.596339111328,133.617057142587,130.066848691187,111.51326149944,114.312065124512,158.934223396568,161.736138469457,95.7274501406786,41.7357710913942,97.2012789003588,185.448997497559,27.4272811464274,106.762630492218,88.8759325045045,180.016360473633,0,188.114747365316,132.8999573557,159.759950510661,206.510772705078,208.574722290039,183.356524876186,200.884241104126,122.14623260498,188.321485246931,0,192.185211181641,114.769035339355,200.031177096897,0,167.173265075684,210.938751220703,0,240.101196289062,162.747283935547,183.532992771694,167.275375366211,215.78734588623,161.985671504851,0,221.134408569336,202.20155279977,180.153699794737,202.729347922585,192.891652887518,0,235.116668701172,191.879843139648,190.110338483538
97.5402408838272,79.9169370156747,118.727238246373,27.9661018697979,44.2062393968079,54.1245322594276,87.7836137785947,75.22325246021,110.032558695475,10.7021437013109,85.6666194558144,151.142867070978,19.8849547056003,126.299506624381,110.897964963046,22.4569366815651,119.698280334473,132.030473908382,153.265050888062,136.857200571696,28.2123025635542,99.8726273276589,31.5078744209879,129.62392197794,26.3921109706573,105.264311196921,129.360093599484,115.967429611233,63.5310708325842,91.6870916173078,71.7364827525596,146.971683208759,138.442216873169,75.9818728020851,109.273818969727,141.611267089844,204.95817565918,216.434885660807,81.2156536102295,98.508824803279,0,160.714745839437,136.187335014343,164.841482543945,50.1231768681453,132.225991516113,0,113.026208060128,168.494750976562,152.000549316406,66.0782371520996,122.398258209229,0,136.639251708984,151.968948364258,98.4852080711952,133.565991719564,73.0537624359131,159.685882568359,91.0927297184976,161.998779296875,185.926211547852,189.166704559326,113.199207146962,151.957829793294,127.379454803467,0,0,86.699836730957,146.281608581543
96.2730878582438,149.168383916219,132.81677683559,106.996641554922,27.0818729633887,118.686145496368,40.4622874755817,25.1304832945363,43.958768418732,85.6666194558144,18.5461550994397,159.891809463501,38.3697953679283,176.846011513158,74.976290114184,75.085455596447,137.67070719401,172.03338704067,188.407970428467,195.149068196615,20.209947712662,124.424968878428,103.9235153918,143.955017477123,79.9904975019736,183.748733520508,169.674492872084,145.171472481047,42.0016437211468,108.114057782605,114.656183269215,200.281560262044,129.217122768258,99.6012063905514,105.713694624739,156.774475097656,0,215.153514862061,121.793442196316,56.6113785982132,160.681259155273,184.019209165831,168.281853675842,204.528800116645,143.898931503296,185.185060243349,0,168.514277648926,0,214.365028381348,165.811681111654,166.46125793457,207.85676574707,0,213.426651000977,66.3859536848873,170.664817810059,128.715208689372,186.779067993164,145.180626534127,0,233.46076965332,203.848551068987,166.957840768914,190.858149210612,171.369166374207,0,0,175.059989929199,179.425395618786
139.001094524677,71.7368056297302,104.233966362782,63.6216946059007,0,67.175251455868,130.605957878961,172.026933034261,104.110564114135,151.142867070978,159.891809463501,14.7188412013898,155.317939758301,22.502082667065,91.5638439816783,139.656813812256,134.973864121871,58.4442117880281,27.5534760678381,37.2953130357613,150.418833414714,111.287945394805,113.134907664423,95.5731066402103,166.923383261941,33.8643196518138,32.8803238575309,70.5742079798515,162.348025780598,60.5897872512138,127.838515032893,35.3150582147285,60.1037675317728,138.482237413194,31.6518459079771,0,117.872018432617,171.603096008301,87.2998580932617,0,0,0,0,0,217.54084777832,0,88.074578505296,0,82.9608494838079,232.933959960938,0,154.469116210938,188.452209472656,117.143182696718,124.450153126436,0,0,159.54402923584,166.301305135091,183.459075927734,67.2308497428894,116.398124063091,117.635486077004,204.765110560826,0,0,93.2730966186523,0,0,140.610927581787
137.62212117513,107.316329956055,163.536503791809,102.409684244792,28.7073665530083,73.4347082284781,27.5570046209573,74.9687091318766,93.957108930625,19.8849547056003,38.3697953679283,155.317939758301,13.6410393814332,154.504020690918,115.097153244019,15.6897355651284,195.319564819336,197.471369425456,179.066040039062,174.627584838867,16.0291315128761,164.896030426025,123.295750704679,168.47386932373,29.8371952677802,126.879783630371,190.399319817038,162.07558050821,56.4555296313474,113.485127540151,132.037082417806,0,126.647114998954,114.66202460395,114.982426219516,114.069343566895,0,152.121444702148,0,35.0779783443063,0,78.7294150811655,149.849697875977,122.754770914714,97.5746332804362,47.7064780984188,236.891250610352,13.9171682338062,0,125.147541926457,80.8578270806207,194.357513427734,242.181594848633,0,0,19.3081317774683,202.310127258301,0,0,104.453464153201,0,0,202.509666442871,99.8999565253824,144.201134999593,0,0,159.877746582031,151.184219360352,149.697087214543
113.24010848999,49.2777904660514,115.002269945647,46.8790057218906,181.67658996582,96.7066870795356,128.220773696899,179.213023466222,102.278006235758,126.299506624381,176.846011513158,22.502082667065,154.504020690918,9.29360661327962,106.839766266525,174.703660147531,139.502018737793,105.752428595699,51.9002980837008,78.4287834650354,0,146.751878004808,90.4757808861651,136.290201360529,140.387347659549,16.29874130985,37.1324914776195,33.5398100333786,167.747955814485,77.7822676513155,178.2333581107,16.1963933500101,84.5622633695602,166.516268920898,65.126883286017,0,93.8074589353619,146.321884155273,101.951070638803,0,0,0,0,125.615646362305,175.15699332101,0,66.582656293302,0,60.309695090017,141.973266601562,0,149.073501586914,136.224360148112,100.484447178088,118.459714508057,0,0,138.541839599609,208.058731079102,191.601254054478,45.1454344186027,88.3817736915354,87.8399904463423,205.551284790039,0,0,77.3621982612995,119.014556884766,0,136.374889918736
23.868158031408,172.1650390625,127.189320419216,116.699222734659,114.573136788827,34.5245789806308,50.095185506494,57.0474339305049,22.3280144149876,110.897964963046,74.976290114184,91.5638439816783,115.097153244019,106.839766266525,12.7583579215203,43.8591552466249,159.680212581859,139.166392997625,164.162561061019,160.632197906554,120.767422462577,112.287566899347,147.125312604402,117.406269535764,115.311020698689,135.123525619507,149.410598065169,161.61313140294,111.738044809814,33.0335541894311,71.4766590093768,183.215079943339,18.6772711429896,97.9372215906779,76.1997712102114,226.573232014974,0,201.534070014954,114.457144843207,162.396454705132,0,205.304467095269,172.84453338623,209.24367414202,0,203.007469177246,0,190.594772338867,0,209.71342976888,0,195.114896501814,218.519706726074,0,0,0,194.145455932617,202.539123535156,201.659854888916,167.541545006537,214.623504638672,208.275291442871,201.500382385254,176.783516762473,198.60442000169,187.017967224121,0,0,172.965366908482,187.590468270438
94.7577463785807,116.86928527832,141.972915104457,71.4671946438876,62.3651046100845,17.1882742860623,14.4669245805786,89.8580449071424,30.8278890109931,22.4569366815651,75.085455596447,139.656813812256,15.6897355651284,174.703660147531,43.8591552466249,8.12016124594873,179.328458150228,167.252777099609,215.460144042969,176.897121429443,52.0718837064855,134.857086181641,98.4099961483117,147.558846282959,53.8217771033052,144.379190332749,163.219685533312,149.464560332122,91.1105233306885,79.1962068769667,109.544901006362,205.825378417969,39.6728852870713,110.84312693278,122.278337478638,0,0,0,0,139.541117741511,0,208.526763916016,154.140182495117,0,71.132381439209,143.445424397786,0,158.659585316976,0,235.721557617188,0,0,0,0,0,122.62575785319,0,0,200.775405883789,122.592564900716,0,0,0,144.415344825158,211.427803039551,0,0,0,0,193.278434753418
127.91468556722,92.3779224819607,76.8713906223613,40.10257223588,0,118.282028198242,162.577892727322,101.676407441639,153.985466003418,119.698280334473,137.67070719401,134.973864121871,195.319564819336,139.502018737793,159.680212581859,179.328458150228,13.1056835620371,103.853133180271,146.986581068773,124.034902792711,150.469223022461,37.9088822018051,30.7347404897039,31.5767401573095,36.28727413066,105.987731933594,116.155512657391,37.8594740511849,51.7398383412406,129.686037918617,81.6767809287362,175.509685516357,0,114.867460886637,87.478147597034,171.095169067383,139.39977645874,103.713250078474,54.8630537789249,176.436569213867,0,0,161.036188761393,185.469751993815,113.270683288574,212.437901814779,198.084854125977,0,0,154.313247680664,0,93.2649756537543,131.759468078613,0,161.724347432454,0,111.982006072998,55.7572552598902,102.450813932629,91.6159522941521,0,159.778861045837,96.7493364415024,138.758685269199,170.658111572266,128.228562638566,165.835800170898,0,158.632949829102,119.017399755018
119.553009324915,55.6650763711622,39.5555122769244,64.7980503575682,174.028137207031,186.05345888491,173.249094826835,141.575868603118,152.563859145412,132.030473908382,172.03338704067,58.4442117880281,197.471369425456,105.752428595699,139.166392997625,167.252777099609,103.853133180271,10.5092051082904,63.2766466747631,26.1510655412457,183.797775268555,64.8812485483592,88.2686197464926,31.630997117497,138.176029661782,75.2673462177145,29.4387745549175,69.2227480272183,127.558020236861,120.099343509085,85.7116050520423,103.749188423157,170.279260298785,115.100635301198,44.7769290906162,192.901626586914,100.448906489781,113.483058417716,107.41408547901,188.343616485596,0,195.266845703125,202.485912322998,223.589345296224,172.217990112305,202.227493286133,158.614778371958,0,147.913911819458,216.302377700806,0,152.49325021108,119.524147033691,148.62980333964,122.125888870423,0,180.678840637207,125.533423975894,149.590362022663,171.545648193359,129.429942321777,109.507745597257,110.750400193101,189.093395698361,210.678744506836,176.733959621853,0,0,204.200836181641,134.67937707901
161.085209655762,81.8442870246039,100.247163945978,81.7527281598347,203.993804931641,101.496891021729,196.649041568532,188.701686859131,166.458194187709,153.265050888062,188.407970428467,27.5534760678381,179.066040039062,51.9002980837008,164.162561061019,215.460144042969,146.986581068773,63.2766466747631,8.74202821791458,22.0244184132126,0,124.349267289445,119.218950624819,106.896571390557,172.171612010283,43.537492794937,30.6432541686929,65.8911001145046,166.435951014927,117.27184736161,136.588915301907,50.6414244105813,113.070079803467,152.365747451782,65.229241722035,0,116.644622802734,164.315582275391,95.4047069549561,0,0,0,0,0,195.011817932129,0,83.3837013244629,0,88.9184778531392,0,0,170.758682250977,144.902776082357,111.972025871277,132.457117080688,0,0,0,198.932815551758,236.115692138672,75.7027049064636,115.791605189227,119.979894638062,220.518697102865,0,0,109.389191182454,0,0,132.885485331217
140.860000036096,62.431912665624,74.1822411383625,68.5526910955256,162.927663167318,184.703196598933,189.397386965544,167.644049804688,172.703653956569,136.857200571696,195.149068196615,37.2953130357613,174.627584838867,78.4287834650354,160.632197906554,176.897121429443,124.034902792711,26.1510655412457,22.0244184132126,10.2402801961246,208.980926513672,99.6802348970617,106.709127742532,76.5794539406248,154.247060503278,52.1092798037407,27.4869498222873,71.1504381409672,148.514138201734,126.56402954929,111.523340575898,67.6540776193142,152.108254538642,129.441859992775,50.095615714528,202.881088256836,117.426199132746,143.354408809117,116.398357684796,205.887980143229,0,220.062240600586,0,0,189.466117858887,0,138.422913742065,0,117.56264703924,207.940711975098,206.998123168945,179.384919908312,135.158038506141,119.448403040568,118.105186284975,0,204.703002929688,143.148621453179,170.152988634611,191.271667480469,89.1383083050068,109.975165789953,114.153108258681,220.618008700284,193.241546630859,185.126848220825,120.877523422241,0,0,140.658202362061
119.564033508301,0,165.413019816081,86.2412651062012,12.9834444334336,121.580837249756,42.8908296288633,105.629326453576,98.2830712114062,28.2123025635542,20.209947712662,150.418833414714,16.0291315128761,0,120.767422462577,52.0718837064855,150.469223022461,183.797775268555,0,208.980926513672,8.60483238716292,0,92.8848190307617,221.639938354492,17.5402685099807,0,176.291193644206,164.08157043457,30.3405629246705,109.366180351802,131.609085083008,0,134.49639638265,112.20970916748,107.947853399783,162.345474243164,0,0,0,21.563872297327,0,126.754072189331,169.748947143555,178.876190185547,89.7868270874023,182.103923797607,192.489227294922,31.3452240098132,0,196.239639282227,103.937538146973,0,0,0,0,23.0460177671129,0,0,0,140.738876342773,0,0,0,164.283106928286,209.64072672526,0,0,0,0,183.66227722168
92.5479580688477,102.183767905602,65.7488244509569,76.3245266424515,179.20344543457,158.02468363444,141.447824131359,80.4151975424319,124.596339111328,99.8726273276589,124.424968878428,111.287945394805,164.896030426025,146.751878004808,112.287566899347,134.857086181641,37.9088822018051,64.8812485483592,124.349267289445,99.6802348970617,0,16.58430673511,62.1989305608204,35.3630424674796,76.7196611904285,136.96887588501,104.12066729064,83.7848210063202,44.5565107257217,70.2590367863666,35.8273819058735,141.943902587891,172.129882267543,71.0418108860939,48.5240927601343,178.309408569336,246.397216796875,136.458094083346,83.3180365769759,203.431945800781,0,0,178.772930145264,210.196517944336,171.248153686523,189.842803955078,213.526092529297,0,0,199.807891845703,0,112.711886130616,191.169392903646,144.610076904297,172.59684753418,0,122.45962861005,74.4498053606819,125.803859426014,121.457159423828,167.995544433594,170.286951811417,138.313918325063,133.311223902409,173.19440056296,123.678095519088,0,0,153.224672953288,178.159428683194
119.421954345703,27.0430062298319,61.2069494100717,38.2202235577812,82.5703695343762,135.465446472168,137.855104388613,88.6828582788769,133.617057142587,31.5078744209879,103.9235153918,113.134907664423,123.295750704679,90.4757808861651,147.125312604402,98.4099961483117,30.7347404897039,88.2686197464926,119.218950624819,106.709127742532,92.8848190307617,62.1989305608204,9.8732574285781,55.254235114376,40.4545726266772,65.1302300996559,97.3652194178382,51.3338811301436,73.4464518872997,118.57051189294,70.0477982186401,106.939791939475,168.498443603516,101.928506397066,83.6650919652247,0,79.4608707427979,74.7139211134477,35.2944870988528,171.359555562337,97.9458389282227,205.679967244466,147.640034357707,164.996047973633,75.9714813232422,184.97444152832,125.038486480713,0,124.678508758545,165.406366984049,0,52.696766971117,124.189831324986,171.61181640625,167.086537679036,209.588012695312,72.9710028129712,19.4313828251579,68.6909889303228,100.505039697961,106.854464213053,152.881743935978,76.0944824457916,121.460981750488,162.486868424849,87.6742464701335,0,0,129.628173828125,104.943365308974
100.539581866381,71.1918510290293,32.6513030409243,58.4387718770133,150.659390404111,164.397492659719,147.774552087291,100.086841878502,130.066848691187,129.62392197794,143.955017477123,95.5731066402103,168.47386932373,136.290201360529,117.406269535764,147.558846282959,31.5767401573095,31.630997117497,106.896571390557,76.5794539406248,221.639938354492,35.3630424674796,55.254235114376,20.7626548474817,95.4485420479997,119.465388706752,64.1034986429415,58.4010954377192,76.9315808734241,100.839190111032,64.1864427310362,134.706146240234,169.417406579723,100.037235179275,54.186639761939,184.416039603097,111.178313573201,104.438891150085,76.1841312301493,192.772052764893,0,215.876518249512,176.531259218852,196.129176139832,239.248321533203,186.284857177734,152.613900756836,0,167.963344573975,186.643420292781,0,99.8014357413653,137.367211015257,167.515108744303,156.619207763672,0,137.896843311399,72.8559319785472,111.81288987524,144.971175631961,0,147.472967668013,105.090532290911,163.02705081004,207.155786132812,159.454015558416,169.710350036621,242.279190063477,172.477394104004,126.580123715284
98.861709065681,88.9178085262162,116.711619523855,44.4382058135522,22.0166811391359,93.8950841485,100.888048315153,62.3903216734982,111.51326149944,26.3921109706573,79.9904975019736,166.923383261941,29.8371952677802,140.387347659549,115.311020698689,53.8217771033052,36.28727413066,138.176029661782,172.171612010283,154.247060503278,17.5402685099807,76.7196611904285,40.4545726266772,95.4485420479997,15.036052917569,116.558402118486,143.579380445906,101.385175750343,30.5026572683844,96.3459955676708,81.3702241085972,159.970535847678,155.262209483555,78.6742286952196,102.297659866651,145.243927001953,136.598083496094,171.280934906006,69.5717184706168,122.061567910245,205.433532714844,147.54743754069,131.726626176101,164.919644766991,91.201260663461,146.182179170496,204.63047281901,142.999593798319,194.920351664225,163.30480166844,132.346733093262,113.005138503773,190.483041268808,218.868780517578,192.303304672241,133.190895471817,122.43941218751,69.9706914859967,141.327314475731,102.477650814434,0,190.289673263962,168.059580193945,126.062974155459,158.491160935186,129.922047010434,200.668106079102,197.562110053168,142.277569664849,149.117592638872
0,22.979289415087,83.4261016845703,28.8437670051616,0,76.705810546875,0,155.171305338542,114.312065124512,105.264311196921,183.748733520508,33.8643196518138,126.879783630371,16.29874130985,135.123525619507,144.379190332749,105.987731933594,75.2673462177145,43.537492794937,52.1092798037407,0,136.96887588501,65.1302300996559,119.465388706752,116.558402118486,7.88431187112453,43.7248601259307,21.3722503718223,150.314469264104,106.190384135527,148.160863876343,44.949878515516,77.3604736328125,165.135383605957,66.9229334876651,0,72.5856742858887,95.7769203186035,64.4523916244507,204.394332885742,204.125854492188,0,206.671005249023,0,144.3783203125,228.851196289062,72.7595856406472,181.428771972656,59.7610441207886,0,0,0,0,76.0303813389369,104.125087738037,0,0,0,0,169.791549682617,35.7944590166995,74.1895757872483,83.3627772521973,191.965189615885,0,0,72.6277195323597,0,0,132.646572113037
128.387505001492,50.4759737968445,34.1067372515791,54.8211181104593,164.806356329667,188.930511181171,173.567281010341,142.84450944893,158.934223396568,129.360093599484,169.674492872084,32.8803238575309,190.399319817038,37.1324914776195,149.410598065169,163.219685533312,116.155512657391,29.4387745549175,30.6432541686929,27.4869498222873,176.291193644206,104.12066729064,97.3652194178382,64.1034986429415,143.579380445906,43.7248601259307,17.6556308902714,41.8451360716709,136.784079965287,146.064668442919,115.251858283733,28.2095879164478,188.630156671433,136.39921445113,83.0581261762465,205.099619547526,106.77842818859,113.650940954158,91.6841281372824,198.611925125122,0,144.495040893555,194.561584472656,228.503982543945,182.424792819553,220.770889282227,109.242215037346,196.012023925781,95.3803984021384,218.845308939616,209.506973266602,146.992530822754,114.913008249723,104.511812808467,108.651385350381,229.374481201172,168.389832930131,127.291404724121,161.890377998352,180.305843680246,76.3155956628188,97.6795976504013,102.290807349798,209.046811359685,193.46940612793,183.848980990323,103.979256832238,132.465972900391,0,124.355440197569
147.335316257622,31.8894035782454,34.8015765729683,43.8014775888652,141.912358398438,179.448845496544,169.559576364291,124.251886679427,161.736138469457,115.967429611233,145.171472481047,70.5742079798515,162.07558050821,33.5398100333786,161.61313140294,149.464560332122,37.8594740511849,69.2227480272183,65.8911001145046,71.1504381409672,164.08157043457,83.7848210063202,51.3338811301436,58.4010954377192,101.385175750343,21.3722503718223,41.8451360716709,17.6485710347805,99.0398552551914,144.013003746033,123.267991553239,34.158359323284,166.502672104608,142.848296706741,77.8781175581918,177.481291770935,100.742285963418,97.895548020379,84.2370688073775,198.650724931197,0,227.426470947266,180.790257294973,196.220778873989,178.190421447754,202.140241834852,110.335496419271,195.214914957682,91.8483400583267,193.859374389648,213.774383544922,116.498089114562,119.333794258736,107.684669856367,118.343210403605,219.317057291667,155.15077061807,94.6561189977134,115.498672620865,151.121607084872,71.3872733451225,102.756885861657,100.925778809956,185.357959431448,194.292939322335,172.445407019721,103.246006365176,0,201.92138671875,128.477484508953
95.6311653392293,117.514238004331,94.0333750546334,69.6511761916311,24.5302511426775,135.037066311306,78.7496680992621,40.929271489519,95.7274501406786,63.5310708325842,42.0016437211468,162.348025780598,56.4555296313474,167.747955814485,111.738044809814,91.1105233306885,51.7398383412406,127.558020236861,166.435951014927,148.514138201734,30.3405629246705,44.5565107257217,73.4464518872997,76.9315808734241,30.5026572683844,150.314469264104,136.784079965287,99.0398552551914,16.5338958021063,102.241551890668,55.1123126746799,183.756198751515,151.525487719084,81.2381908810016,86.8728068138366,147.774229904701,0,165.806669108073,87.2470086499264,96.6890223204684,229.80207824707,170.546919304984,144.91843597064,177.022560501099,127.557366894137,170.885706186295,181.730377197266,160.288895841505,0,182.258569646765,151.175201416016,124.532460548138,196.90954320571,235.994338989258,219.058216639927,121.999082782052,128.209076946928,100.170302022298,150.602107465267,119.56975875278,0,201.004613702947,170.640831761712,138.991030236497,165.716897984987,132.037378953795,0,211.091609409877,149.899877579486,159.603513536955
25.5929550441091,122.061257680257,135.498406151905,88.0600028192954,111.282176158467,25.5067948660625,64.6734651394167,83.4201625301786,41.7357710913942,91.6870916173078,108.114057782605,60.5897872512138,113.485127540151,77.7822676513155,33.0335541894311,79.1962068769667,129.686037918617,120.099343509085,117.27184736161,126.56402954929,109.366180351802,70.2590367863666,118.57051189294,100.839190111032,96.3459955676708,106.190384135527,146.064668442919,144.013003746033,102.241551890668,15.0758396948112,45.0355666493457,112.076831817627,15.6589849428381,18.8768166240558,37.2229874783039,180.511519114176,206.061637878418,192.625692194158,101.807791623202,159.882026672363,230.187973022461,190.57525993796,155.485254805217,179.304827238384,200.428621927897,177.823078918457,0,205.559942626953,117.052757263184,191.626332759857,0,134.381718028675,166.502780151367,186.527870178223,203.632466634115,189.497515869141,143.868567784627,142.337406635284,171.948071373834,145.840798323495,169.545562744141,181.784532758925,181.921055058071,153.52608265474,184.211928789006,154.656280093723,0,215.071197509766,167.069186817516,180.374993034031
39.1411644270408,117.198346224698,91.2051277368593,69.2994024075371,112.305776004134,125.702346334652,121.59192048302,37.7453298214759,97.2012789003588,71.7364827525596,114.656183269215,127.838515032893,132.037082417806,178.2333581107,71.4766590093768,109.544901006362,81.6767809287362,85.7116050520423,136.588915301907,111.523340575898,131.609085083008,35.8273819058735,70.0477982186401,64.1864427310362,81.3702241085972,148.160863876343,115.251858283733,123.267991553239,55.1123126746799,45.0355666493457,15.5847131082411,160.238148280552,135.551483727936,55.7586324485715,42.3899745011916,147.901638793945,129.144752502441,162.372919718424,85.3882215795383,167.19225017841,0,182.163787841797,145.671729229866,179.629781386432,153.12227935791,193.991701398577,222.629272460938,198.636810302734,0,184.339952909029,0,122.654310946994,176.275931464301,0,205.634696112739,0,125.853797672302,83.1589566444864,146.987525510116,125.403737873792,0,173.286260297222,159.679225759303,133.34944230048,166.459999964787,131.876110051302,0,206.710556030273,145.166390811696,155.741687774658
184.42594909668,67.1269559378576,98.948057108912,70.7776251598797,194.196266174316,225.819747924805,183.009637451172,186.45910862514,185.448997497559,146.971683208759,200.281560262044,35.3150582147285,0,16.1963933500101,183.215079943339,205.825378417969,175.509685516357,103.749188423157,50.6414244105813,67.6540776193142,0,141.943902587891,106.939791939475,134.706146240234,159.970535847678,44.949878515516,28.2095879164478,34.158359323284,183.756198751515,112.076831817627,160.238148280552,7.35336131031496,108.780654907227,176.819519042969,74.1840499590521,0,112.790683746338,164.198089599609,117.72609765189,0,0,0,0,0,169.159474690755,0,90.9793190956116,0,79.906466243243,0,0,0,0,111.548709869385,132.940495808919,0,0,146.764180501302,205.144775390625,225.392288208008,70.2144754197862,103.577539406075,105.695222410437,232.11296081543,170.92204284668,161.27946472168,92.1010449727376,0,0,129.461336771647
90.8397985907162,0,181.506076935799,121.197241563063,146.767314910889,12.9451274957042,17.8797685175617,132.058006364871,27.4272811464274,138.442216873169,129.217122768258,60.1037675317728,126.647114998954,84.5622633695602,18.6772711429896,39.6728852870713,0,170.279260298785,113.070079803467,152.108254538642,134.49639638265,172.129882267543,168.498443603516,169.417406579723,155.262209483555,77.3604736328125,188.630156671433,166.502672104608,151.525487719084,15.6589849428381,135.551483727936,108.780654907227,5.84027614606916,159.307261149089,42.2107703729912,0,0,0,138.390594482422,225.275543212891,0,236.301681518555,205.694427490234,0,0,236.774459838867,0,242.584487915039,0,0,0,0,0,0,0,0,0,0,224.586227416992,193.469670613607,0,164.757873535156,192.402191162109,203.960800170898,221.058044433594,204.400736490885,0,0,0,0
58.3127844212419,129.525909423828,121.548029218401,70.2835882302099,88.7297350565592,157.623157501221,109.830736083984,75.3439430531448,106.762630492218,75.9818728020851,99.6012063905514,138.482237413194,114.66202460395,166.516268920898,97.9372215906779,110.84312693278,114.867460886637,115.100635301198,152.365747451782,129.441859992775,112.20970916748,71.0418108860939,101.928506397066,100.037235179275,78.6742286952196,165.135383605957,136.39921445113,142.848296706741,81.2381908810016,18.8768166240558,55.7586324485715,176.819519042969,159.307261149089,9.4227586790915,43.7895193211953,146.702896118164,0,217.225532531738,87.2094106259553,170.511981540256,0,191.457427978516,144.908916874936,187.258444649833,129.994934082031,170.412368774414,0,194.770696004232,0,185.975674438477,0,159.906072998047,234.619995117188,193.146499633789,0,172.985626220703,143.619012832642,98.8688316345215,164.006645202637,134.194181919098,0,199.128199986049,198.954836164202,141.915040815199,173.957551435991,144.033521764419,0,220.706787109375,158.156430053711,160.224459838867
92.1462115822258,68.2541446685791,79.2546940155379,72.034486602838,102.101855338888,59.6305720287821,115.43414464398,91.8540382217082,88.8759325045045,109.273818969727,105.713694624739,31.6518459079771,114.982426219516,65.126883286017,76.1997712102114,122.278337478638,87.478147597034,44.7769290906162,65.229241722035,50.095615714528,107.947853399783,48.5240927601343,83.6650919652247,54.186639761939,102.297659866651,66.9229334876651,83.0581261762465,77.8781175581918,86.8728068138366,37.2229874783039,42.3899745011916,74.1840499590521,42.2107703729912,43.7895193211953,13.3607121030396,157.048347473145,127.192893981934,118.544873936971,100.359496554813,150.488964961125,0,203.556387329102,159.506085142797,199.825876871745,175.060598754883,178.933592362837,137.6475683359,190.626815795898,122.238210042318,188.128812902114,167.338180541992,123.956295941327,143.174612499419,127.323138427734,125.556043863297,208.196929931641,154.348130685312,110.132664090111,140.910453438759,142.136549050467,86.0363744099935,121.362650038879,123.467935099882,152.803145567576,177.543892451695,144.209993304628,138.594905090332,0,156.912501743862,157.736401875814
0,0,175.803334554036,100.019521077474,0,0,161.307744344076,163.426708221436,180.016360473633,141.611267089844,156.774475097656,0,114.069343566895,0,226.573232014974,0,171.095169067383,192.901626586914,0,202.881088256836,162.345474243164,178.309408569336,0,184.416039603097,145.243927001953,0,205.099619547526,177.481291770935,147.774229904701,180.511519114176,147.901638793945,0,0,146.702896118164,157.048347473145,11.9690181948204,126.100654602051,121.477351603084,79.2341860586138,87.4434353221547,109.459854125977,112.064867359318,29.8600133020173,72.7512092965621,82.1619234438296,91.1376939938392,138.376361472934,97.7414752415248,177.769079208374,23.6080933987682,139.580224990845,142.651263237,113.20804117554,144.546956171755,128.984807287544,103.451666514079,76.5708910624186,91.6313834720188,101.977086552211,87.6494763782083,145.153256734212,136.887488480228,142.166462819511,93.0128518655267,23.3749281809501,26.5606103850458,163.280700683594,106.906549600454,46.4871243006503,79.5915965939043
0,0,87.9831314086914,86.2619355519613,0,223.052276611328,0,196.137985229492,0,204.95817565918,0,117.872018432617,0,93.8074589353619,0,0,139.39977645874,100.448906489781,116.644622802734,117.426199132746,0,246.397216796875,79.4608707427979,111.178313573201,136.598083496094,72.5856742858887,106.77842818859,100.742285963418,0,206.061637878418,129.144752502441,112.790683746338,0,0,127.192893981934,126.100654602051,7.07589708516566,44.8190578028486,16.9757265934468,100.174867466518,0,178.788357543945,130.844441500577,156.500387018377,68.8376151544076,198.784015655518,67.8493643819287,85.0222396850586,56.8740277012865,142.861015319824,116.818824768066,49.0016147613525,61.5517204395239,76.2963292495064,72.3383263370447,108.64640045166,105.788579305013,20.6991907292082,68.6399208068848,85.6175022203521,25.3233917191081,61.7389757973807,36.0739030623804,125.616565126361,136.46841345893,135.02116394043,65.6929179600307,134.360824584961,111.934417724609,70.6551095086175
171.765602111816,157.242633056641,96.2691790541885,68.4055069714058,214.73755645752,0,209.543571472168,189.900907516479,188.114747365316,216.434885660807,215.153514862061,171.603096008301,152.121444702148,146.321884155273,201.534070014954,0,103.713250078474,113.483058417716,164.315582275391,143.354408809117,0,136.458094083346,74.7139211134477,104.438891150085,171.280934906006,95.7769203186035,113.650940954158,97.895548020379,165.806669108073,192.625692194158,162.372919718424,164.198089599609,0,217.225532531738,118.544873936971,121.477351603084,44.8190578028486,12.8204789480211,63.5246301686989,143.210084503772,171.60669670105,145.53954488901,102.248272702094,132.45746333432,137.097973790662,121.61389626667,104.829737887663,168.051632505475,119.741469319661,130.874352547585,154.103001912435,91.8993250165667,48.2211608606435,91.9068883559283,68.897296778361,167.820956581517,68.9725723302828,49.1523114984686,33.6804492946939,119.499302525674,97.9403635660807,35.9878783381612,34.101057743391,106.031434646773,148.748860319187,104.816017535093,93.5116348266602,186.633415222168,128.95893110078,82.5582632161803
