9.11557755318714,0,99.9733531077703,96.2763690333213,95.6307042439779,95.2162250172008,103.79435745875,35.1072103204361,60.2168376332238,85.2371888160706,94.2249061372545,130.705223474747,142.786271413167,130.274546305339,21.5996860322361,89.0397758483887,118.008255004883,112.091082568736,158.793018341064,133.010697661853,140.109288024902,84.4069045251157,108.108327593122,93.3303997750376,95.2001926221346,0,125.643860999574,145.242738277354,89.4909774648163,22.1107698749938,32.0784761352696,0,87.4042433602469,40.7307708263397,95.5726972499364,153.218017578125,0,204.233993530273,115.288731384277,161.093673706055,0,206.717041015625,147.614768981934,190.02864074707,0,175.838897705078,0,0,0,194.900886535645,0,141.817662556966,0,0,0,0,0,0,0,153.129035362831,0,0,182.840693155924,136.335968017578,176.200903320313,174.62230682373,0,0,171.739616394043,143.543243408203
0,7.76287120746987,51.016676068306,30.0248006453802,113.772773742676,142.773742675781,181.154937744141,138.665222930908,160.909643809001,81.2463682256817,164.477890014648,76.954565829918,121.42999013265,49.3769737034309,152.857051304408,113.122202555339,73.3179209048931,57.2770052615951,83.919241587321,63.0059146130671,118.893280029297,105.717633000127,27.5390046452185,71.5572941428737,91.531336879272,22.2413702043575,55.5224526037319,33.3984198621648,119.974872832603,125.068975595328,114.648969922747,67.3787618150898,140.147987365723,121.254832458496,68.2476383185237,160.655822753906,0,115.412293328179,192.374755859375,200.556671142578,0,0,0,0,207.088531494141,0,99.6078536987305,0,107.364032745361,0,0,131.803169250488,100.908126831055,124.360847473145,103.84644317627,0,0,165.142720540365,0,146.782987322126,0,108.94985307966,117.352646703305,161.013534545898,0,0,117.520645141602,0,0,109.707107543945
99.9733531077703,51.016676068306,13.2866886619535,48.4507586263461,144.265448676215,172.99794960022,145.810692066573,103.593930579068,132.849459704342,131.557521619295,134.019491432127,109.371997852915,155.05803504357,112.931198419309,126.707013161017,152.611700809363,80.1964338113973,44.3049171658534,106.139397030785,73.9018648275094,147.225524902344,62.8555930318653,69.2998501062393,30.8638323956992,124.228902569939,137.98851776123,36.6747308765021,33.2700878527501,95.4472765347466,137.674854728776,90.9993871765137,99.7337571280343,177.746065398793,131.335213451851,74.9322838216906,152.227294921875,74.0486469268799,96.6325134514527,61.4268035888672,0,0,213.782554626465,171.486357794868,205.100185047496,0,184.338180541992,138.973007202148,0,152.427459716797,180.766415682706,0,127.3365851811,122.428466469901,146.831687927246,127.507195972261,0,175.373617172241,113.234744438758,122.698858607899,166.109905467314,142.039367675781,104.575983760668,97.8078703025049,177.714414399246,197.052841186523,167.029097557068,187.52033996582,0,0,127.261340597401
96.2763690333213,30.0248006453802,48.4507586263461,27.2045442796407,65.1625832066391,124.421989440918,123.479582468669,88.8847061764877,128.553173762496,25.8532726960189,108.201184782263,76.7069762744735,72.979970296224,57.728045385711,122.83512448189,87.6424771184507,47.4856152827328,62.3489481725448,83.7988642222846,67.7596061972321,80.8179206848145,76.7703820637294,32.0474794262308,66.7602475001239,47.6526181303306,27.8042860078931,55.1853979401857,47.1758037104171,72.690858615443,91.9998530041088,68.4355846490696,83.8775543502614,138.282690525055,71.6062835083008,71.3598705141497,0,59.0431034564972,66.1343497510226,54.9326146932749,70.7399444580078,0,0,109.361183711461,138.8278465271,140.759016036987,0,81.2463902560147,0,97.7188236530011,134.614463806152,0,82.0500398363386,76.0649599347796,88.4508008321126,84.593573643611,0,116.346299913194,77.7248481114705,101.755170004708,83.4037205166287,51.5557948521205,74.7076550236455,67.9313678606182,120.881467077467,108.681285095215,103.272581803171,109.131494522095,0,132.914783477783,106.34557800293
95.6307042439779,113.772773742676,144.265448676215,65.1625832066391,10.9544671479667,112.540331704276,75.3202379727693,75.7660524704877,109.83058281355,47.0376835468619,26.9024804191221,178.159079657661,28.6323005121379,197.631352742513,122.209417823854,66.4424458116588,0,169.562577681108,194.491325378418,188.217910766602,12.0311529246244,149.696510314941,86.1414373397827,154.169841766357,23.3289377731461,0,174.427984873454,148.00725804543,22.581899048133,108.597650076838,100.655789230809,178.311294555664,146.297807421003,85.2374230361566,110.419330156766,131.14826965332,0,175.695686340332,99.8201972961426,24.0622394272881,205.405471801758,155.255379041036,138.252272661994,159.318389892578,93.6459350585938,119.110195159912,0,31.0705242276192,0,215.091693115234,75.141170501709,178.30827331543,0,0,0,20.4235929066914,184.413589477539,151.331008911133,240.101623535156,116.047674496969,0,226.049377441406,193.669058227539,134.491448782023,173.445517403739,149.305094401042,0,197.398040771484,153.04753112793,174.350717163086
95.2162250172008,142.773742675781,172.99794960022,124.421989440918,112.540331704276,8.02230076647579,11.1266192036055,116.569900131226,19.118466281437,54.67970767551,116.320183204882,120.066372871399,73.6030945344405,171.762152099609,33.2248830232648,16.0632180338242,0,177.350110140714,160.588363647461,194.214953335849,114.244802093506,175.131824917263,161.951171875,159.598079165897,101.500485177767,171.900054931641,183.383303804218,188.958807373047,129.538983695115,36.7416710975322,120.575363746056,0,15.9489746234655,144.773562113444,44.3209367791812,0,0,243.317276000977,0,0,0,0,218.738571166992,0,0,0,0,205.427337646484,0,0,0,0,0,0,0,0,0,179.648880004883,0,134.180699666341,0,0,0,159.187019348145,0,0,0,0,0,207.036193847656
103.79435745875,181.154937744141,145.810692066573,123.479582468669,75.3202379727693,11.1266192036055,14.1294849694534,77.1176651605285,24.6756922174046,84.6938576985554,39.931375212768,169.835117149353,27.1457738207474,165.98797135126,73.0777396988817,15.8709678601756,155.827954610189,171.263914841872,201.253884055398,187.04673372466,43.1902827822347,137.86782156703,137.493430328369,145.128510318907,100.776006005027,155.866668701172,173.19723598659,162.09048816819,79.4898523850874,97.9949926128538,114.365457191896,211.365688323975,14.5781358200827,117.949399130685,119.256582907268,153.783729553223,0,216.442477416992,117.010411834717,167.475183563232,0,190.255677117242,167.423206874302,193.62697492327,0,200.784230041504,246.12467956543,105.350190236018,0,200.130557060242,0,177.731503295898,242.300354003906,0,0,144.267646789551,191.742236328125,155.537796020508,212.961553955078,149.79105918826,0,224.116766357422,215.264895968967,167.682017652294,185.784016927083,193.011187744141,0,0,185.628973388672,187.50106133355
35.1072103204361,138.665222930908,103.593930579068,88.8847061764877,75.7660524704877,116.569900131226,77.1176651605285,13.5093448812933,65.144988157823,72.5650392407956,25.278433607035,168.957813262939,82.4029999191697,181.249755096436,59.3907497846812,88.7488021610668,106.542802297152,145.562557706256,182.251326497396,166.561225729929,85.3917074937087,82.2283783899684,87.9499824410478,96.0714545961883,61.552306718867,167.160278320312,144.999038526968,121.5143874975,36.8347171687618,78.6675258262874,36.4538321756704,199.657094319661,130.938113863963,76.3638432532032,96.3272392173965,154.012557983398,0,184.106135474311,95.0504447937012,145.747237523397,187.701843261719,167.755844116211,142.019663747152,177.466133117676,90.0929361979167,164.956993647984,231.582763671875,165.364040798611,233.90299987793,177.586920166016,0,149.522362448952,198.11775970459,0,203.371315002441,154.351857757568,155.899596350534,101.915621621268,176.739125061035,131.249159676688,200.51139831543,204.479792277018,182.666766357422,145.220639622627,164.422169105679,151.854195531209,0,0,142.486041477748,168.997911453247
60.2168376332238,160.909643809001,132.849459704342,128.553173762496,109.83058281355,19.118466281437,24.6756922174046,65.144988157823,14.6673758684025,110.372905866235,43.6715476910302,106.612047138266,96.916286202038,100.321889649837,21.4392412419222,33.007988966631,162.400598005815,149.952361716651,162.543083633202,166.557913199601,104.603926175261,123.120397209147,133.493574714661,126.111056318702,110.750950935736,103.915404001872,156.958328292504,156.912274711077,97.8364924120222,63.5071019517861,91.5859573831066,178.881800587972,25.8056885765645,113.63847421345,86.1597986942304,184.186363220215,160.123474121094,197.604253496443,140.03247938485,157.770190238953,0,186.07544793023,185.124762398856,204.404436383929,200.100410461426,176.322479248047,220.108505249023,203.005142211914,0,202.369703292847,206.949508666992,180.266376270967,227.636899675642,0,0,219.357803344727,180.132015991211,165.59464263916,191.643623352051,158.301265097953,0,217.16760635376,204.626847161187,179.032289187113,182.150455474854,183.080034891764,247.722351074219,0,166.435699462891,189.294211493598
85.2371888160706,81.2463682256817,131.557521619295,25.8532726960189,47.0376835468619,54.67970767551,84.6938576985554,72.5650392407956,110.372905866235,10.1756156671451,85.8973668112139,147.796665335601,17.6925048757763,129.420446552871,117.163469207421,23.6258948170286,117.626628330776,136.139571438317,156.0932156793,140.420175517264,43.1738303303719,97.9159722504792,32.7604515670208,127.419101499162,28.5652962029623,109.410340090832,135.631227753699,124.439482854252,63.5010489884489,95.6038012956625,68.6181195042714,147.971605243105,136.925298690796,81.6475450008287,114.464222577662,0,0,154.615264892578,55.7357493450767,119.416762034098,0,128.506619262695,142.366613769531,163.336822509766,148.139450073242,153.286125183105,159.13508605957,124.952164786203,160.92381477356,179.195597330729,0,111.141293843587,0,220.576675415039,0,116.955902099609,143.43596013387,129.614780426025,139.257263183594,99.5324866885231,0,174.157258467241,200.900712665759,128.22911545326,165.159730529785,141.756980419159,0,0,155.483627319336,118.730598449707
94.2249061372545,164.477890014648,134.019491432127,108.201184782263,26.9024804191221,116.320183204882,39.931375212768,25.278433607035,43.6715476910302,85.8973668112139,18.5089429016835,159.433929863877,36.8584777586989,173.152744928996,49.26588918603,79.3157654246059,135.275964355469,171.207061623627,188.425436401367,188.423339018951,18.4403860700225,124.619834657699,100.701521596601,136.54430748192,77.957275463056,187.897438049316,170.149433155752,145.092766305675,41.4559323508592,107.253275490722,103.870283307256,197.085320366753,129.83223097528,94.7350540899461,104.984376089914,202.559753417969,0,208.397509256999,112.694304693313,52.60216027918,0,179.225652594315,174.096119967374,197.064424787249,104.580326080322,177.831631660461,0,125.609072049459,0,195.756822858538,0,160.731107330322,216.069969177246,0,0,176.87538655599,166.924419826931,109.904957580566,185.288534981864,148.557788667225,0,220.840808868408,206.330768585205,159.236856020414,190.955524698893,169.052422263406,0,0,169.577499389648,184.612930297852
130.705223474747,76.954565829918,109.371997852915,76.7069762744735,178.159079657661,120.066372871399,169.835117149353,168.957813262939,106.612047138266,147.796665335601,159.433929863877,15.1306512488451,143.713613694714,27.7416393763679,96.8463117803463,188.726542154948,142.898346185684,57.4922973602866,26.6739917739412,38.3000374129945,151.276245117188,121.932563377149,107.241965276545,98.6598883376402,167.182211181264,32.501170886365,35.8508195148661,70.3168557368826,168.002580993652,76.7700282801753,134.130814160799,43.0368274863361,68.0687971858235,141.513906206403,32.4170800150504,0,136.941080729167,166.695314679827,90.1027596791585,0,0,245.929428100586,0,0,136.846710205078,0,95.0034300088882,0,81.0592322906891,0,0,160.928771972656,141.451671055385,129.766441794003,138.467896894975,0,191.67268371582,121.770620346069,187.815933227539,225.248634338379,71.5023880004883,119.982785823956,113.250696879167,216.620399475098,0,208.571647644043,96.9709935869489,167.039916992188,0,163.248474121094
142.786271413167,121.42999013265,155.05803504357,72.979970296224,28.6323005121379,73.6030945344405,27.1457738207474,82.4029999191697,96.916286202038,17.6925048757763,36.8584777586989,143.713613694714,13.7404613499121,179.124499850803,115.172759693899,19.9088535276035,150.802441914876,183.192930603027,176.224639892578,184.369323730469,15.3804420458713,183.104690551758,104.579983302525,168.615770128038,28.0829821822672,145.653345743815,183.502374376569,164.565387320011,57.0476233007611,114.437404677659,132.5035535027,233.40739440918,117.909860778809,102.605538217645,107.686094449914,225.243148803711,0,0,76.2145703633626,17.6655289194402,0,115.380683898926,146.335983276367,73.3098373413086,0,96.3538475036621,0,10.7709089683123,0,0,0,0,0,0,0,26.2382187675027,192.54367574056,164.461471557617,173.129867553711,129.457178680985,0,229.511840820312,219.620112101237,118.491898080577,186.899250030518,182.347595214844,0,0,0,182.700973510742
130.274546305339,49.3769737034309,112.931198419309,57.728045385711,197.631352742513,171.762152099609,165.98797135126,181.249755096436,100.321889649837,129.420446552871,173.152744928996,27.7416393763679,179.124499850803,8.61402912395921,97.7748917055802,161.164281717936,134.868310546875,111.728054563878,55.8116566593662,79.2936948314649,154.149459838867,157.148963928223,91.1795906276278,137.189306894938,144.559451013879,16.0411440906015,40.5196216930789,33.1277156165769,176.92723645662,88.2796102151638,171.872386423747,15.7487107820031,79.0189616570106,199.053915405273,64.2060687914491,0,97.6682342080509,167.050048828125,102.68645117018,0,0,0,0,129.082321166992,169.016390713778,0,62.093167183247,0,40.0965306173671,194.902648925781,194.856651306152,208.358360290527,138.860092163086,103.61896870931,114.680539131165,0,0,128.435900115967,0,185.291595458984,57.75254562166,89.23847767512,85.7200027081426,193.340789794922,186.33251953125,244.578872680664,81.5127060229962,0,0,141.146090189616
21.5996860322361,152.857051304408,126.707013161017,122.83512448189,122.209417823854,33.2248830232648,73.0777396988817,59.3907497846812,21.4392412419222,117.163469207421,49.26588918603,96.8463117803463,115.172759693899,97.7748917055802,14.3044681138394,59.262601507471,149.902419789632,137.499200450497,146.755599403381,156.13996337765,122.590267410278,112.674758668112,140.476548088921,114.816557569877,118.64867465264,97.5923150380452,147.804747125568,159.151909667812,114.264412838426,33.0723889196421,65.0002024483255,152.790902008881,17.260922461475,72.203673037087,64.8842303158765,190.746496582031,0,195.844400787354,138.426909369391,175.551876068115,0,208.370971679688,184.477073160807,221.637763977051,154.89826965332,0,242.730209350586,218.943817138672,0,219.46745300293,0,154.006121317546,222.356408255441,0,228.222717285156,201.991165161133,182.60703531901,137.195299784342,214.632930755615,168.274630410331,0,216.688317435128,198.289460574879,183.002388720242,201.381199306912,170.703932542067,0,0,183.44995880127,178.79896291097
89.0397758483887,113.122202555339,152.611700809363,87.6424771184507,66.4424458116588,16.0632180338242,15.8709678601756,88.7488021610668,33.007988966631,23.6258948170286,79.3157654246059,188.726542154948,19.9088535276035,161.164281717936,59.262601507471,8.14873055156252,99.3691558837891,155.125840928819,180.79600016276,167.655338287354,62.3641211191813,140.103006998698,84.6023637983534,143.822472748933,57.8699455084624,144.771937052409,166.671006544581,153.423953478849,94.6757792982944,96.2209339141846,115.162104797363,0,37.6930266201834,101.614654541016,130.633988952637,0,0,0,108.098854064941,126.572803497314,0,132.360290527344,192.657287597656,193.802139282227,74.228754679362,171.785148620605,0,127.720071411133,0,186.842620849609,177.402847290039,0,0,0,0,207.925018310547,0,0,0,107.154501342773,0,217.174819946289,208.62326558431,173.451544867622,235.175567626953,236.203689575195,0,0,113.144889831543,194.790725708008
118.008255004883,73.3179209048931,80.1964338113973,47.4856152827328,0,0,155.827954610189,106.542802297152,162.400598005815,117.626628330776,135.275964355469,142.898346185684,150.802441914876,134.868310546875,149.902419789632,99.3691558837891,18.0200289360352,107.058506640266,156.114487542046,124.217884810075,0,30.8008769102667,33.64593907276,29.675988616239,38.6270406639205,135.953220367432,122.455908980551,42.2282167692152,53.9818745590019,145.564488940769,88.92044616591,142.792752947126,0,135.015875244141,86.3503358485335,172.118362426758,84.6175079345703,106.081724742915,57.8508349987639,182.551376342773,0,186.89469909668,169.111581420898,195.327424791124,126.946914672852,202.546821594238,174.149795532227,0,0,188.192108154297,174.457794189453,86.6233852516977,127.483313242594,167.313369750977,165.733934402466,0,119.46923803514,53.7310722139147,102.930007085846,149.75963647025,0,149.375160804162,99.8684409227355,148.738298158388,205.769981384277,137.493546919389,191.221176147461,0,170.903587341309,119.678907394409
112.091082568736,57.2770052615951,44.3049171658534,62.3489481725448,169.562577681108,177.350110140714,171.263914841872,145.562557706256,149.952361716651,136.139571438317,171.207061623627,57.4922973602866,183.192930603027,111.728054563878,137.499200450497,155.125840928819,107.058506640266,10.6017733019902,60.1484249601973,22.9657561440919,187.512591552734,71.8942793563667,93.1854073736403,29.5709338970982,137.586344023744,83.1777060582088,29.7853000240517,66.9501631834421,127.79966539078,122.426705047071,84.5181083329305,95.2505445207868,178.429094030502,117.013488640219,37.4783702361674,190.149887084961,95.3924514225551,110.064589312696,89.1987450387743,0,0,225.757675170898,188.03735148112,214.006687164307,180.092636108398,0,143.062065760295,225.878479003906,152.548163414001,213.879358291626,0,150.646006415872,120.930456051881,139.679667304544,120.353916062249,0,172.937684195382,126.87809753418,148.217812776566,184.813053228916,109.675712585449,107.934725635457,110.461652825732,196.236359369187,212.717809041341,186.301263982599,150.745468139648,0,192.481597900391,135.949481419155
158.793018341064,83.919241587321,106.139397030785,83.7988642222846,194.491325378418,160.588363647461,201.253884055398,182.251326497396,162.543083633202,156.0932156793,188.425436401367,26.6739917739412,176.224639892578,55.8116566593662,146.755599403381,180.79600016276,156.114487542046,60.1484249601973,8.19424978815684,21.9513400168118,192.463607788086,122.117119454049,131.888223153574,99.4033731019132,167.209654944284,48.3752317156111,34.7250350110135,66.007327477868,172.484269228849,120.546962916851,133.348336691385,50.9058169488419,92.1219635009766,153.572101593018,63.410813203792,0,0,193.296825408936,119.942790031433,0,0,0,0,0,238.547729492188,0,104.712636774237,0,108.054712023054,0,0,148.148498535156,148.325445556641,114.212357016171,135.207172012329,0,230.009841918945,0,175.908541361491,216.629661560059,89.5787200927734,109.178749175299,113.686495139951,233.816917419434,0,233.376365661621,98.1096998850505,0,0,150.129489898682
133.010697661853,63.0059146130671,73.9018648275094,67.7596061972321,188.217910766602,194.214953335849,187.04673372466,166.561225729929,166.557913199601,140.420175517264,188.423339018951,38.3000374129945,184.369323730469,79.2936948314649,156.13996337765,167.655338287354,124.217884810075,22.9657561440919,21.9513400168118,9.34848653290381,170.791015625,98.8282791275162,106.862757754164,72.8079305760119,155.547256718511,52.0609212649071,28.8708638085179,70.4710820880238,148.796813396465,129.756140914847,108.46098955461,71.4417026698989,155.770911476829,132.866497497559,48.7830361691023,0,109.138744647686,131.393631501631,117.296989563973,0,0,0,202.489852905273,237.666473388672,184.710231781006,0,115.774931296324,0,125.062074324664,211.414283752441,0,157.069477081299,121.061850676665,108.475873947144,113.858232770647,0,182.741846720378,148.954148610433,167.912411082875,194.698691474067,104.358825206757,108.798229120366,111.365210239063,199.885370890299,159.356292724609,199.079780578613,107.674560546875,0,183.462982177734,137.2692304669
140.109288024902,118.893280029297,147.225524902344,80.8179206848145,12.0311529246244,114.244802093506,43.1902827822347,85.3917074937087,104.603926175261,43.1738303303719,18.4403860700225,151.276245117188,15.3804420458713,154.149459838867,122.590267410278,62.3641211191813,0,187.512591552734,192.463607788086,170.791015625,9.52462352989629,0,110.1999168396,178.644073486328,15.5107438929335,157.298385620117,200.779747009277,177.827169799805,31.7989342629825,115.454932867312,145.673516845703,0,131.613945007324,104.138533592224,104.840440138331,0,0,0,55.6120376586914,13.5030255982565,0,100.522984981537,176.229434204102,137.138595581055,0,104.722961425781,0,12.5578117311698,0,0,76.4152526855469,0,0,0,0,14.1643276424731,0,0,0,84.0123951651833,0,0,0,102.398156393142,138.591779073079,0,0,0,0,0
84.4069045251157,105.717633000127,62.8555930318653,76.7703820637294,149.696510314941,175.131824917263,137.86782156703,82.2283783899684,123.120397209147,97.9159722504792,124.619834657699,121.932563377149,183.104690551758,157.148963928223,112.674758668112,140.103006998698,30.8008769102667,71.8942793563667,122.117119454049,98.8282791275162,0,15.0768691844404,63.2698089525912,35.7910463716402,36.4353306756071,152.242670694987,99.9132409522043,81.4477537611071,38.2233540497809,75.8913632783314,36.1521156985025,147.939484540154,157.128830871582,65.7031115170183,49.6592295473201,120.940483093262,181.844314575195,141.874429208261,99.1672211441339,0,0,214.826210021973,170.739124298096,228.301651000977,77.4400405883789,154.959732055664,154.262802124023,0,0,180.203998565674,0,111.905583440972,151.412174224854,174.170267740885,193.243148803711,0,120.799763350837,71.2727365281847,127.607587600336,134.298568611714,0,168.636674669054,136.605038703242,132.197712489537,176.146849632263,124.193949211968,0,166.573486328125,136.986999511719,148.899880629319
108.108327593122,27.5390046452185,69.2998501062393,32.0474794262308,86.1414373397827,161.951171875,137.493430328369,87.9499824410478,133.493574714661,32.7604515670208,100.701521596601,107.241965276545,104.579983302525,91.1795906276278,140.476548088921,84.6023637983534,33.64593907276,93.1854073736403,131.888223153574,106.862757754164,110.1999168396,63.2698089525912,12.819334397845,55.9715329209442,44.8168800995488,73.4803010173466,98.630931137085,46.5697087161758,71.0415017972674,115.924800491333,73.1349879521404,109.633236653096,159.287287394206,98.9727339744568,78.2815646551606,0,135.09375,109.786769866943,71.9008693695068,165.362640380859,0,172.589073181152,139.930986785889,166.476440429688,88.8666458129883,0,132.202686309814,216.959915161133,156.607373555501,165.745269775391,0,57.8573374234713,150.898166656494,0,125.827297210693,131.099227905273,100.400250948392,41.3407828410467,72.2899453950965,120.718797454834,0,135.904689911873,109.361658273741,149.011050860087,168.477442423503,120.048952647618,0,0,131.814239501953,147.374904632568
93.3303997750376,71.5572941428737,30.8638323956992,66.7602475001239,154.169841766357,159.598079165897,145.128510318907,96.0714545961883,126.111056318702,127.419101499162,136.54430748192,98.6598883376402,168.615770128038,137.189306894938,114.816557569877,143.822472748933,29.675988616239,29.5709338970982,99.4033731019132,72.8079305760119,178.644073486328,35.7910463716402,55.9715329209442,19.1493397933844,94.2654907001699,114.624794006348,65.4201529682643,56.1227551020637,72.6977007186367,110.039796609094,62.781170967453,132.342205374581,163.514071223712,103.567239058645,55.5909562202309,184.734216308594,106.459440231323,105.275169771397,64.3948841460148,195.699012756348,0,204.546619415283,174.518638279127,201.085672551935,157.521577453613,185.457580566406,168.363278475675,199.778717041016,186.239799499512,192.630117345739,0,95.9924047274722,131.835266764571,161.714505876814,153.479490218624,0,137.257771778107,72.0386734225533,109.875025581176,157.688389551072,0,135.841034728211,103.812902052654,162.491073799133,202.209312438965,170.254146575928,192.330131530762,205.554641723633,217.714080810547,126.208447233159
95.2001926221346,91.531336879272,124.228902569939,47.6526181303306,23.3289377731461,101.500485177767,100.776006005027,61.552306718867,110.750950935736,28.5652962029623,77.957275463056,167.182211181264,28.0829821822672,144.559451013879,118.64867465264,57.8699455084624,38.6270406639205,137.586344023744,167.209654944284,155.547256718511,15.5107438929335,36.4353306756071,44.8168800995488,94.2654907001699,16.813276677883,123.063914453614,145.970805057148,106.11481557925,24.1668593399852,92.8084946526421,81.1167105053459,163.214636814447,147.754532604683,79.6865719284214,107.618801310155,132.907398844874,144.383514404297,155.38985261463,66.7012371194774,129.626904735826,179.208511352539,146.050109784628,128.85219263379,163.039142567624,81.3839956919352,153.027957371303,200.531047276088,145.348488807678,213.947792053223,159.542844195699,155.69287109375,112.680658588302,171.100262069702,0,202.261316152719,134.920456642328,125.073707392518,66.2998755493164,140.343834062902,107.868268693792,202.55632019043,186.31096013387,168.028507126702,122.732451509889,151.385918413472,127.158723723214,226.363133748372,193.374732971191,135.596534854076,139.699228189759
0,22.2413702043575,137.98851776123,27.8042860078931,0,171.900054931641,155.866668701172,167.160278320312,103.915404001872,109.410340090832,187.897438049316,32.501170886365,145.653345743815,16.0411440906015,97.5923150380452,144.771937052409,135.953220367432,83.1777060582088,48.3752317156111,52.0609212649071,157.298385620117,152.242670694987,73.4803010173466,114.624794006348,123.063914453614,6.25825703534399,44.0565708042824,27.3108210095134,147.174703485825,95.1243604024251,148.410717773438,44.999997656686,94.7528743743896,162.525947570801,71.4267320438307,0,72.1617641448975,98.1051254272461,121.641376495361,0,0,0,0,0,0,0,51.5462658405304,0,50.2566030139015,0,0,0,106.43286895752,90.6638895670573,119.675170898438,0,0,129.255401611328,0,166.04500579834,37.9237867196401,86.8954076766968,71.197967630572,0,0,0,67.4891319274902,0,0,143.862686157227
125.643860999574,55.5224526037319,36.6747308765021,55.1853979401857,174.427984873454,183.383303804218,173.19723598659,144.999038526968,156.958328292504,135.631227753699,170.149433155752,35.8508195148661,183.502374376569,40.5196216930789,147.804747125568,166.671006544581,122.455908980551,29.7853000240517,34.7250350110135,28.8708638085179,200.779747009277,99.9132409522043,98.630931137085,65.4201529682643,145.970805057148,44.0565708042824,17.4657453016984,44.7364340276495,138.203398864912,144.691730151504,115.035455409938,20.7652867668277,189.64817311904,137.165292547655,83.520239372739,201.026168823242,102.200481414795,110.025674367505,100.510833112499,224.732818603516,0,220.862167358398,215.090070724487,194.876354980469,180.33253648546,227.81071472168,103.480406291449,225.671371459961,103.167062282562,209.406469726563,0,151.609030659993,119.309915419548,104.175140963022,107.006911432556,0,176.995719909668,132.679869290056,153.700159920586,184.180462065197,81.9079175549884,96.7690118468041,101.258631380893,203.514860673384,212.439437866211,191.667292785645,101.118863694211,0,0,125.279922713095
145.242738277354,33.3984198621648,33.2700878527501,47.1758037104171,148.00725804543,188.958807373047,162.09048816819,121.5143874975,156.912274711077,124.439482854252,145.092766305675,70.3168557368826,164.565387320011,33.1277156165769,159.151909667812,153.423953478849,42.2282167692152,66.9501631834421,66.007327477868,70.4710820880238,177.827169799805,81.4477537611071,46.5697087161758,56.1227551020637,106.11481557925,27.3108210095134,44.7364340276495,18.5974122267109,96.6285118922747,144.963475423701,122.167871899075,32.8670613374453,163.279327189128,141.685838012695,75.4671304778548,184.904754638672,113.30704178921,99.7599803059371,62.0281796119381,214.768397013346,0,208.11559753418,175.333867390951,198.205939292908,176.192829386393,200.366996765137,103.081958385782,225.183502197266,93.590718536377,188.397735595703,218.130416870117,129.052193749469,120.51257649335,107.416896144236,117.10343579379,233.336990356445,157.607499652439,122.685976438884,119.160539843819,171.112209456308,81.0296681667196,103.841493067393,101.05697846481,184.656732382234,205.821501232329,173.022257682605,100.453367760068,202.311126708984,191.801829020182,132.015801857258
89.4909774648163,119.974872832603,95.4472765347466,72.690858615443,22.581899048133,129.538983695115,79.4898523850874,36.8347171687618,97.8364924120222,63.5010489884489,41.4559323508592,168.002580993652,57.0476233007611,176.92723645662,114.264412838426,94.6757792982944,53.9818745590019,127.79966539078,172.484269228849,148.796813396465,31.7989342629825,38.2233540497809,71.0415017972674,72.6977007186367,24.1668593399852,147.174703485825,138.203398864912,96.6285118922747,14.5145456753878,96.7031342387014,50.3516209465218,185.442578315735,146.471544094428,80.9983545241964,80.6209451396291,149.073029548891,221.225257873535,172.410615054044,85.9401787320773,101.940446832445,0,165.830027322208,139.961430661591,176.441805623372,105.178243590564,168.704277352111,225.668390909831,157.272053612603,212.497604370117,170.487241632798,171.950597127279,120.344992055833,192.268192964442,222.609100341797,204.227390289307,147.819855281285,130.128744055868,78.2482550484794,151.845627182408,120.343537499955,194.589370727539,197.75026882396,168.219609047869,136.054663198088,159.129657179309,132.049243719814,0,202.497177124023,141.526993587099,151.725544098885
22.1107698749938,125.068975595328,137.674854728776,91.9998530041088,108.597650076838,36.7416710975322,97.9949926128538,78.6675258262874,63.5071019517861,95.6038012956625,107.253275490722,76.7700282801753,114.437404677659,88.2796102151638,33.0723889196421,96.2209339141846,145.564488940769,122.426705047071,120.546962916851,129.756140914847,115.454932867312,75.8913632783314,115.924800491333,110.039796609094,92.8084946526421,95.1243604024251,144.691730151504,144.963475423701,96.7031342387014,14.8717798230328,38.9778256298889,127.926404741075,17.189272795357,21.4610616175127,40.9311284448546,162.863354153103,0,196.385061410757,106.518331375122,174.946481557993,0,190.735241229718,154.322693810096,189.823022322221,114.667936325073,185.704479980469,167.200088500977,189.235662460327,127.465538024902,193.077100626628,0,132.974992116292,184.071960449219,186.725658416748,147.71501159668,201.954574584961,158.708889431424,124.108544089577,192.915932288537,143.74047052911,0,182.457762188382,197.250438241398,152.697571947395,181.705598057927,163.666133117676,0,206.422317504883,168.044111812816,173.274197665128
32.0784761352696,114.648969922747,90.9993871765137,68.4355846490696,100.655789230809,120.575363746056,114.365457191896,36.4538321756704,91.5859573831066,68.6181195042714,103.870283307256,134.130814160799,132.5035535027,171.872386423747,65.0002024483255,115.162104797363,88.92044616591,84.5181083329305,133.348336691385,108.46098955461,145.673516845703,36.1521156985025,73.1349879521404,62.781170967453,81.1167105053459,148.410717773438,115.035455409938,122.167871899075,50.3516209465218,38.9778256298889,13.7431448256428,167.686920166016,127.067968494164,59.2928875439788,41.5973323570503,153.974653625488,0,167.514229861173,81.9730203341594,160.391098022461,0,176.252764892578,137.845365029794,189.52397294478,75.3715295337495,164.949282328288,221.723136901855,0,0,175.938290682706,177.794372558594,115.218793233236,172.073670820756,189.732376098633,185.910531616211,0,126.601315392388,75.2224126237162,153.187794171847,121.634792819466,0,171.19916229248,170.840382727507,129.790347943987,162.546287795245,131.602248196775,0,0,147.236901601156,150.811483823336
0,67.3787618150898,99.7337571280343,83.8775543502614,178.311294555664,0,211.365688323975,199.657094319661,178.881800587972,147.971605243105,197.085320366753,43.0368274863361,233.40739440918,15.7487107820031,152.790902008881,0,142.792752947126,95.2505445207868,50.9058169488419,71.4417026698989,0,147.939484540154,109.633236653096,132.342205374581,163.214636814447,44.999997656686,20.7652867668277,32.8670613374453,185.442578315735,127.926404741075,167.686920166016,7.9788386064764,100.813280378069,183.258023071289,76.5547738382893,0,123.599590301514,151.167678833008,110.603332519531,0,0,0,245.527450561523,0,158.860610961914,0,96.1139052254813,0,83.4965129154985,0,0,206.809585571289,167.481567382812,114.153398455996,127.288163503011,0,0,134.908034188407,0,184.816711425781,85.505580329895,100.042168494983,100.764265244382,210.035789489746,0,0,93.1243146260579,0,0,0
87.4042433602469,140.147987365723,177.746065398793,138.282690525055,146.297807421003,15.9489746234655,14.5781358200827,130.938113863963,25.8056885765645,136.925298690796,129.83223097528,68.0687971858235,117.909860778809,79.0189616570106,17.260922461475,37.6930266201834,0,178.429094030502,92.1219635009766,155.770911476829,131.613945007324,157.128830871582,159.287287394206,163.514071223712,147.754532604683,94.7528743743896,189.64817311904,163.279327189128,146.471544094428,17.189272795357,127.067968494164,100.813280378069,5.85719626792448,126.656141662598,37.554008373117,0,0,228.610092163086,146.023859659831,0,0,0,203.196853637695,237.404769897461,0,0,0,0,0,0,0,0,0,0,0,247.043029785156,0,0,0,190.90988268171,0,156.672912597656,151.578636169434,198.102798461914,231.314320882161,0,0,0,0,0
40.7307708263397,121.254832458496,131.335213451851,71.6062835083008,85.2374230361566,144.773562113444,117.949399130685,76.3638432532032,113.63847421345,81.6475450008287,94.7350540899461,141.513906206403,102.605538217645,199.053915405273,72.203673037087,101.614654541016,135.015875244141,117.013488640219,153.572101593018,132.866497497559,104.138533592224,65.7031115170183,98.9727339744568,103.567239058645,79.6865719284214,162.525947570801,137.165292547655,141.685838012695,80.9983545241964,21.4610616175127,59.2928875439788,183.258023071289,126.656141662598,9.13222139014433,37.2535779339601,166.981541951497,0,0,86.2488441467285,160.871353149414,0,171.450180053711,148.710917154948,180.264511108398,82.4896850585938,210.778233846029,0,177.234569549561,0,176.576614379883,0,150.849292755127,0,0,0,0,151.176823616028,66.8834686279297,154.887822469076,125.465190990551,0,206.531951904297,194.60814666748,136.425056613221,162.397511201746,144.606593738903,0,0,147.220738728841,161.463555145264
95.5726972499364,68.2476383185237,74.9322838216906,71.3598705141497,110.419330156766,44.3209367791812,119.256582907268,96.3272392173965,86.1597986942304,114.464222577662,104.984376089914,32.4170800150504,107.686094449914,64.2060687914491,64.8842303158765,130.633988952637,86.3503358485335,37.4783702361674,63.410813203792,48.7830361691023,104.840440138331,49.6592295473201,78.2815646551606,55.5909562202309,107.618801310155,71.4267320438307,83.520239372739,75.4671304778548,80.6209451396291,40.9311284448546,41.5973323570503,76.5547738382893,37.554008373117,37.2535779339601,12.3781175141937,198.181442260742,0,121.257404528166,84.3317511125044,170.470944722493,0,180.020439147949,158.349923239814,149.904861450195,128.914833068848,186.483707427979,174.844261169434,169.941299438477,112.057279586792,168.147701687283,0,118.917644137428,129.859865824382,144.8132147789,129.766340989333,0,126.542766952515,101.137053251266,133.517182430979,134.392519595018,105.410443623861,117.871045420121,118.546700480257,148.993069322803,183.831321129432,139.411521710848,131.33097076416,0,163.271405029297,145.177934646606
153.218017578125,160.655822753906,152.227294921875,0,131.14826965332,0,153.783729553223,154.012557983398,184.186363220215,0,202.559753417969,0,225.243148803711,0,190.746496582031,0,172.118362426758,190.149887084961,0,0,0,120.940483093262,0,184.734216308594,132.907398844874,0,201.026168823242,184.904754638672,149.073029548891,162.863354153103,153.974653625488,0,0,166.981541951497,198.181442260742,12.1771122601419,123.728378295898,126.049785880155,86.7125277357037,103.031301133176,128.586237589518,114.848293740409,33.2689815674275,39.2989135897437,81.6730109320746,68.4803004473804,144.895763821072,108.935230678982,150.520491463797,20.4581072780716,93.1481990814209,136.700023174286,115.369903297424,150.976722511085,135.944437425215,93.7896470289964,84.6926968814405,117.082447596959,107.503110232995,94.6965066591899,136.038925170898,134.892642818353,143.249336732263,92.8077495917047,21.0070511226846,27.2443019508948,171.800033569336,89.1756916046143,45.6941195108804,76.3662396693716
0,0,74.0486469268799,59.0431034564972,0,0,0,0,160.123474121094,0,0,136.941080729167,0,97.6682342080509,0,0,84.6175079345703,95.3924514225551,0,109.138744647686,0,181.844314575195,135.09375,106.459440231323,144.383514404297,72.1617641448975,102.200481414795,113.30704178921,221.225257873535,0,0,123.599590301514,0,0,0,123.728378295898,7.79960598328929,42.4499344899104,18.1318568031395,109.327036539714,0,217.853424072266,117.883483886719,126.682822091239,77.7986955213712,172.041797637939,70.1386974914165,0,60.3564658859401,141.376998901367,112.637203216553,42.8472273635864,57.3063952938007,77.3535780473189,65.3088274555822,0,90.9375371932983,25.9917730953628,76.4083657158746,85.1727654376104,24.3663280845573,54.9894358546858,33.2516726986798,127.892238464355,143.98265024821,113.557998657227,71.0668047391451,117.697869300842,114.647148132324,72.9756181272742
204.233993530273,115.412293328179,96.6325134514527,66.1343497510226,175.695686340332,243.317276000977,216.442477416992,184.106135474311,197.604253496443,154.615264892578,208.397509256999,166.695314679827,0,167.050048828125,195.844400787354,0,106.081724742915,110.064589312696,193.296825408936,131.393631501631,0,141.874429208261,109.786769866943,105.275169771397,155.38985261463,98.1051254272461,110.025674367505,99.7599803059371,172.410615054044,196.385061410757,167.514229861173,151.167678833008,228.610092163086,0,121.257404528166,126.049785880155,42.4499344899104,14.8162142713633,48.0468105800046,140.804800602428,181.390076637268,147.624122455395,104.175065666049,136.731426665481,111.992003304618,126.803869095788,100.653585991493,172.368420162716,111.526135762533,133.840394615502,148.326183500744,84.1301286334083,47.9342772947742,91.8602303065611,73.3646248792565,175.100238506611,70.9161027417509,47.4871797696918,37.8702344187466,112.863678264108,93.4877573649089,37.8895800904426,36.6572570869449,105.333936293598,149.328093958065,104.986517458276,94.5964267437275,178.86235165596,137.087513339135,81.5389710574165
115.288731384277,192.374755859375,61.4268035888672,54.9326146932749,99.8201972961426,0,117.010411834717,95.0504447937012,140.03247938485,55.7357493450767,112.694304693313,90.1027596791585,76.2145703633626,102.68645117018,138.426909369391,108.098854064941,57.8508349987639,89.1987450387743,119.942790031433,117.296989563973,55.6120376586914,99.1672211441339,71.9008693695068,64.3948841460148,66.7012371194774,121.641376495361,100.510833112499,62.0281796119381,85.9401787320773,106.518331375122,81.9730203341594,110.603332519531,146.023859659831,86.2488441467285,84.3317511125044,86.7125277357037,18.1318568031395,48.0468105800046,16.5966933154109,66.9757537104657,116.822883605957,106.26837003992,69.8461099671823,117.088601285395,19.1896067575644,101.19541147513,79.0282628399202,99.152592882197,63.9088873126642,107.768175958628,83.5141487121582,46.5845637542523,66.1791295207354,74.2364543381558,67.0452872691039,90.0557661923495,82.1229555098737,30.2394995647829,57.2242080029574,39.5990423660581,38.876343659133,53.906774711876,38.8800656379226,69.4970096163575,90.6762436143118,70.8225518382487,63.9063763618469,113.959148951939,72.7982964542325,73.3634235315156
