9.91355055997222,136.089813232422,95.7482418315878,63.9224081039429,80.9674572664149,59.0929588741726,59.3571381864295,33.7630460725649,29.3986630593225,62.5798971652985,42.7804695747683,106.453611879933,76.8367372559912,125.659675598145,14.6220505558253,42.5815972487132,107.149960835775,98.0650678116024,132.872727394104,118.736485425164,71.8298156893983,69.3489290761276,70.6138288057767,81.3647426779423,67.6973440688469,138.565465291341,117.317029718,120.106492205364,70.5024174544771,18.8858554496575,30.4037142461819,145.035003662109,78.4893106531214,44.8753074148427,62.6820783962389,128.394021034241,163.228591918945,175.818681989397,76.8549488612584,115.929229736328,0,138.55779393514,118.428343828987,139.189815227802,82.015927859715,148.800130844116,0,0,0,157.880034446716,158.854949951172,117.90366490682,226.749839782715,0,0,0,144.559213002523,120.68401184082,149.31449508667,109.380669857593,0,190.824569702148,175.664880371094,126.806682777405,149.897961784812,129.523587544759,0,0,130.560981750488,142.739326477051
136.089813232422,8.06114040115028,47.4015130290279,11.7419695658991,0,154.127532958984,0,121.682199938544,162.215194702148,79.0606605305391,119.290130615234,57.1679881956519,94.522951398577,48.6310719497933,109.663909912109,108.835349400838,42.889236944968,47.0512118310285,65.5607459026834,50.759177344186,153.197128295898,89.9327058792114,26.0041274119027,70.0647157205118,78.3763677635971,22.4849967883076,43.351192719736,27.4613106073123,90.0861927555297,114.511901855469,100.823347330093,61.2626050313314,0,174.627014160156,55.3351955833016,0,36.5807652906938,82.8566716003418,40.4433182807965,0,0,154.736251831055,112.457122802734,182.884429931641,0,0,141.980331420898,0,74.2102821350098,215.786071777344,0,106.008916219076,92.8353623889741,104.637062072754,101.21306959788,0,125.378841400146,62.0305372726086,100.656207493373,160.478192138672,69.7685963948568,82.2116798314833,82.3108627695823,161.127933502197,225.367889404297,156.865440368652,123.867195129395,0,0,88.1029090881348
95.7482418315878,47.4015130290279,14.2168336362218,66.0050954120915,0,0,129.02894503399,93.5064380211683,118.300670838088,106.315474411537,108.555511090882,85.1634590535224,127.870680093765,105.448692321777,111.435534128886,124.20104100154,84.7828514644078,37.9908009940192,79.9273733822805,65.3138846084201,125.198468526204,63.5409032301327,81.2745286530139,31.7374758862357,104.396565789842,80.9614862295298,33.9007897809568,34.780872122731,80.2426960586516,114.308596293132,81.2663214161221,87.4159636246531,184.835568237305,103.528626759847,54.4328333486506,163.633811950684,71.9477970816872,95.74077269539,61.7372061393004,0,0,177.977882385254,166.139245395003,189.319911956787,121.061389923096,194.819511413574,219.996292114258,179.813735961914,140.642373402913,167.527807235718,136.823211669922,121.033639211503,118.307274587531,134.70354631212,134.23199172247,0,146.644934220748,61.5164636602984,108.498346866165,156.048413831134,125.389113289969,109.520317899264,99.2894455699921,166.39564044659,186.045043945312,159.296511563388,154.867975870768,0,0,106.41703358403
63.9224081039429,11.7419695658991,66.0050954120915,7.8178222234574,58.4141661524773,98.4579442342122,74.3145317664513,59.2897604270415,82.0915891951409,24.4763226189825,77.9845288668065,64.0246029161427,74.1358287811279,46.6436349610151,80.8295902393482,48.6056858588909,40.0539137181423,54.9135113568373,64.4055038900936,74.2975435256958,66.8280840693293,56.4858084583734,29.4699380622191,62.5818581947914,44.512806816801,27.6293715768536,53.4540623869571,46.1596455895365,58.5550995969517,69.1725992005447,58.1381740148555,69.4795633951823,124.157554626465,70.8729016230657,67.3877749142947,0,53.4505658830915,101.382392883301,58.2648447884454,76.3855133056641,0,131.715255737305,93.9419444402059,80.1721801757812,19.8471781774001,78.3252410888672,90.2823333740234,0,102.875574747721,67.3841285705566,0,54.3833798495206,95.7078221638997,0,88.2229766845703,76.899658203125,63.4937452428481,60.0157562402579,89.4370091756185,74.94921041418,50.1996159987016,85.0210234324137,72.2894587112685,76.9402715509588,180.25325012207,103.201944623675,70.6427764892578,0,78.5600357055664,0
80.9674572664149,0,0,58.4141661524773,7.93458986132638,74.9126434326172,64.3792136265681,29.1451442460306,101.799913903941,48.3157774125687,18.1043097756427,143.37068939209,27.7431441230621,152.222808837891,100.398203593929,63.6243194580078,48.432559967041,0,0,0,13.99644308865,127.772003173828,58.2552927920693,128.762097676595,16.4249955749403,122.947158813477,148.295277404785,116.73500579834,15.4768136622539,99.831544342041,70.7296376909528,0,142.612716674805,95.6129455566406,105.673689817771,0,0,182.831253051758,70.344258221713,7.9228538831075,0,125.776888847351,132.877967834473,144.889651958759,85.9046368916829,71.2984213578074,0,14.5198705276166,0,139.14591217041,0,0,0,0,0,7.21524796244229,118.296264648438,70.8976821899414,137.393005371094,104.312758369783,197.931793212891,0,0,109.812817014967,184.11846669515,245.070358276367,0,0,0,112.888725280762
59.0929588741726,154.127532958984,0,98.4579442342122,74.9126434326172,6.95768159025489,7.99786012496967,109.147561017205,22.7406635392684,52.1628897293754,100.2014206395,55.162727355957,85.2734236399333,139.188312530518,37.3113528631067,15.7456359296997,0,171.523666381836,82.6296463012695,0,106.19478225708,137.981842041016,0,119.018733978271,102.818904876709,0,154.473889668783,179.495849609375,116.611354404026,24.4393490537812,98.4126968383789,98.2135734558105,9.19666689126572,0,32.1572966416677,0,0,0,123.595354715983,0,0,0,0,0,0,0,0,111.820243835449,0,0,0,0,0,0,0,0,0,0,0,0,0,0,0,175.328567504883,0,0,0,0,0,0
59.3571381864295,0,129.02894503399,74.3145317664513,64.3792136265681,7.99786012496967,10.6886478827122,49.702079146477,20.7352693759422,65.4816400383701,22.6889288280584,100.17704317463,22.7429510529206,109.97214217413,48.3033645400661,14.1067389958922,189.266586303711,143.694089716131,159.411873312557,155.334654631438,58.0844833835412,110.278910896995,105.231023515974,124.179247809845,75.7793387237062,138.565464782715,150.824332266143,151.108431188072,54.3532216447571,55.5264669673049,90.1175734478494,149.726652145386,27.7749225900298,92.7274337768555,59.6429578975755,190.067939758301,0,235.990371704102,100.564810117086,147.849395751953,0,154.544186909993,147.728757222493,173.575540161133,114.383758544922,166.037327357701,0,79.905740737915,0,177.74880472819,157.330718994141,150.948684692383,218.567970275879,0,0,150.778747558594,0,131.493320465088,173.97311147054,132.190576122653,0,224.349403381348,180.55962117513,149.624970899309,167.806067330497,182.698603312174,0,0,145.778686523438,198.108556111654
33.7630460725649,121.682199938544,93.5064380211683,59.2897604270415,29.1451442460306,109.147561017205,49.702079146477,9.57418986978803,59.0144283399009,54.0890461436489,16.4597043487878,150.669737889216,42.5224279968506,154.851062172338,35.9424821088214,70.8343545618192,84.0023966410074,113.10312542017,150.029003284596,136.431574761113,45.4445381301278,53.3696339044957,74.3118646988958,78.9405660604866,54.4497898914161,129.482395172119,121.89127177796,110.070414961969,23.1941069218885,61.4858946364199,18.5490761370442,155.023583221436,122.920541520552,67.2184641946971,86.4667873574262,131.345790863037,170.717849731445,161.051215793775,78.1190911681209,122.984534127372,0,138.232663091024,121.621618452228,150.974893308153,82.0339349508286,146.753864573009,247.027465820312,118.745346416127,0,151.668299357096,154.672294616699,136.393332481384,182.500737508138,0,222.76161702474,115.839959280831,143.855237070719,106.320604894068,150.929811383857,109.057166948231,179.606605529785,185.04434076945,158.264783669974,125.689244606712,148.629017606695,134.547053786944,0,0,145.621091206868,154.814801110162
29.3986630593225,162.215194702148,118.300670838088,82.0915891951409,101.799913903941,22.7406635392684,20.7352693759422,59.0144283399009,11.5365081218919,81.4213969433894,43.980542058925,82.7500050497837,69.3165766232671,93.1062673160008,15.6627616874514,28.3047062771684,128.482986450195,129.631453593133,136.106851775071,145.39978819627,91.2520550381054,92.3169593048096,108.721797943115,109.211198217009,88.6651594969349,129.930928548177,141.008575439453,141.608166374594,88.0072192500875,30.1260956593082,71.7700248458437,123.145905630929,18.8562327593862,94.4631796337309,50.9935212906352,103.460800170898,0,174.62576751709,99.3876511710031,138.556648254395,0,150.459204864502,143.022063119071,160.52323620136,101.666772340473,157.658889770508,0,107.76414680481,0,173.588577270508,0,124.398277282715,0,0,222.212341308594,144.069086710612,155.960876464844,136.7038230896,168.354499816895,139.097236577202,0,183.735740661621,176.115970357259,149.24708528447,173.313139343262,165.936754226685,0,0,166.612075805664,192.844051361084
62.5798971652985,79.0606605305391,106.315474411537,24.4763226189825,48.3157774125687,52.1628897293754,65.4816400383701,54.0890461436489,81.4213969433894,8.61559143674677,70.349012517381,118.875516024503,17.0738738280076,110.721702762091,85.9081318161704,18.7085405560476,73.5948095321655,125.99704451788,128.345370483398,124.508553755911,57.9417435939495,65.4856777634732,21.7097669201058,109.065275743273,26.8577482191886,97.5395762574439,120.487383564313,110.64436838352,49.9491386502564,67.5210450097188,53.4191452328391,125.412162526449,119.877107620239,59.0218763640433,85.7016744674391,133.265518188477,64.8599281311035,0,47.1295011693781,105.821333567301,0,119.321537017822,101.853952909771,0,39.2587937586235,102.858489990234,192.996429443359,52.8478686014811,156.433536529541,0,63.037181854248,154.350112915039,150.07315826416,0,0,148.921020507812,102.174410502116,39.4304718971252,103.482604980469,80.108941078186,120.819622802734,175.549743652344,160.975132412381,102.360813140869,133.346750259399,130.988033294678,143.879455566406,0,80.6517486572266,144.325500488281
42.7804695747683,119.290130615234,108.555511090882,77.9845288668065,18.1043097756427,100.2014206395,22.6889288280584,16.4597043487878,43.980542058925,70.349012517381,9.26828632984919,147.594690856934,25.3176054664866,162.04175974528,43.2175628694069,68.3858119611698,112.188034057617,125.46220035553,157.763282775879,146.177503797743,15.3660255802438,85.4206245059059,92.7994968414307,99.3814348707012,62.9838858255867,160.84415435791,136.379251930335,137.78638546483,24.4774539409459,88.7338163997053,71.9388327336573,175.868347167969,119.742874727904,76.1581426703412,94.2423626616972,153.710418701172,0,194.300988333566,94.1438974900679,51.7880152398413,0,161.493611437209,138.493950035459,166.258613868996,102.296804770445,159.54435608879,0,98.5498514483052,0,187.973052978516,0,169.859992980957,0,0,204.145690917969,113.32250213623,150.867057800293,134.815685908,188.719083786011,122.399587489632,0,206.004837036133,177.580525716146,147.427244589362,182.209766932896,168.690121459961,0,0,155.766632080078,0
106.453611879933,57.1679881956519,85.1634590535224,64.0246029161427,143.37068939209,55.162727355957,100.17704317463,150.669737889216,82.7500050497837,118.875516024503,147.594690856934,12.9088457680109,140.015859764743,23.4033600309668,81.1648937602376,136.295915603638,131.812021636963,43.4998130931256,20.833978484399,24.6535726513256,145.418670654297,111.490843772888,90.7543971620757,75.4910535950592,140.40266595568,33.0268778282663,32.4913734612428,56.5234480127518,157.03521894372,71.2511690215202,121.150216201256,36.4569080607129,71.2167069705916,155.643577575684,30.0056400893972,242.974411010742,99.5853500366211,140.380401611328,74.7814907747156,0,0,0,0,0,0,0,100.50203704834,0,85.3528148525364,0,0,0,128.353778839111,97.9709313132546,99.7712173461914,0,0,154.377414703369,175.264322916667,199.871185302734,77.3017614804781,104.884749348958,111.01628421958,0,0,0,104.506690979004,0,0,123.296190897624
76.8367372559912,94.522951398577,127.870680093765,74.1358287811279,27.7431441230621,85.2734236399333,22.7429510529206,42.5224279968506,69.3165766232671,17.0738738280076,25.3176054664866,140.015859764743,10.702997779268,151.141525941737,96.8304268073803,18.8457878986439,103.441036224365,146.865445943979,167.39518737793,160.158763885498,12.2620453014357,128.191973599521,73.8031114578247,137.796249683087,45.6752031618784,116.295875549316,153.900734024048,141.775921143207,46.3146203897666,98.7287944958569,110.947098626031,185.978525161743,116.04948573257,87.8337140764509,95.2161029901905,217.53443145752,0,193.969696044922,88.9397267614092,31.4415211782847,0,86.4047016834649,130.946633322197,100.605202467545,95.5946970207747,39.630097156246,138.638809204102,12.4954021700894,0,111.027020517985,57.4910570780436,140.765914916992,0,0,0,11.538248909036,169.05294418335,135.902170181274,186.463439941406,103.127833948031,0,212.495735168457,179.261962890625,119.595086948038,124.932158915202,157.063312954373,0,122.782958984375,160.227386474609,105.26993532534
125.659675598145,48.6310719497933,105.448692321777,46.6436349610151,152.222808837891,139.188312530518,109.97214217413,154.851062172338,93.1062673160008,110.721702762091,162.04175974528,23.4033600309668,151.141525941737,9.45624404912487,99.5841033749464,143.471231875212,117.742324570478,83.78606017755,56.0260314268224,65.4787396970003,158.585033416748,131.674378803798,83.3590388954756,120.336139424642,125.262290243777,19.9629541883719,37.7980683579068,24.2827103132081,143.587109727126,93.2478564671108,146.207774769176,15.0099012702312,84.7945785522461,141.878138224284,55.6741446880868,0,99.5100065867106,154.163879394531,63.9819601513091,0,0,0,0,0,136.661483764648,0,107.505448235406,0,80.4297851653326,203.880722045898,184.130935668945,0,124.106999715169,102.995575775971,101.207207019512,0,165.747497558594,158.229507446289,0,192.069374084473,61.6986829244173,100.572277718756,101.437906091072,211.64208984375,0,0,101.455256779989,0,0,154.843515014648
14.6220505558253,109.663909912109,111.435534128886,80.8295902393482,100.398203593929,37.3113528631067,48.3033645400661,35.9424821088214,15.6627616874514,85.9081318161704,43.2175628694069,81.1648937602376,96.8304268073803,99.5841033749464,10.5560046733747,39.103163031281,145.818778991699,120.847133939406,128.528350219727,140.879077419158,97.0114649799474,86.6925296982129,97.4149977944114,102.575023639685,96.1432351384844,101.399838256836,133.474422814711,137.056851723615,92.2425449508215,22.4210563592208,57.6105852158498,121.282110668364,15.7279525006829,44.7816634300428,43.6767160081091,160.193511962891,0,166.598833356585,96.1743278503418,0,0,178.072909268466,146.378899772212,170.032510375977,96.6877907200864,172.076080322266,130.682067871094,128.529201507568,178.774322509766,183.532017299107,0,149.700819832938,0,0,0,0,143.20485941569,143.06837632921,188.333221435547,133.522016502288,0,188.037684122721,188.872928017064,150.461416712347,177.442153930664,171.040409088135,0,0,141.17943572998,170.984683990479
42.5815972487132,108.835349400838,124.20104100154,48.6056858588909,63.6243194580078,15.7456359296997,14.1067389958922,70.8343545618192,28.3047062771684,18.7085405560476,68.3858119611698,136.295915603638,18.8457878986439,143.471231875212,39.103163031281,8.22128810293997,127.013996124268,143.081077575684,0,151.500831604004,61.4490900312151,121.016825358073,58.7873723934858,127.673155351119,56.2841863563095,134.152954101562,148.495265536838,127.650593004729,76.1491586880421,51.0545270102365,89.5958938598633,151.733428955078,35.8318465905746,105.553253173828,69.6833699047565,0,0,0,90.9953284263611,0,0,120.92212677002,171.432430267334,0,63.3405876159668,0,0,159.409652709961,0,0,0,0,0,0,0,218.622604370117,0,0,179.501968383789,65.2868099212646,0,0,202.010330200195,131.815032958984,0,0,0,0,0,0
107.149960835775,42.889236944968,84.7828514644078,40.0539137181423,48.432559967041,0,189.266586303711,84.0023966410074,128.482986450195,73.5948095321655,112.188034057617,131.812021636963,103.441036224365,117.742324570478,145.818778991699,127.013996124268,14.346450637878,102.394858643815,138.256567001343,114.439997673035,0,23.199593272562,29.9584340983109,20.1855541711514,37.7414413096619,99.662188911438,102.20032422202,34.1755300948094,45.7484370732691,95.8494003840855,71.8162403291869,132.009551308372,0,69.7143878936768,62.286108452556,155.654624938965,108.349146525065,108.043287018199,66.2985454993912,0,0,164.098123822893,143.316532679967,153.441958109538,0,162.879053751628,187.713691711426,0,0,150.222593307495,121.255004882812,91.6721648312179,134.909177780151,157.586563110352,146.819900512695,0,108.872822393639,54.59272838339,97.7864002165782,114.094717581061,174.340728759766,148.475310398982,99.0625934434974,128.914963217343,175.007748413086,112.568559345446,0,0,128.862253189087,114.077610197521
98.0650678116024,47.0512118310285,37.9908009940192,54.9135113568373,0,171.523666381836,143.694089716131,113.10312542017,129.631453593133,125.99704451788,125.46220035553,43.4998130931256,146.865445943979,83.78606017755,120.847133939406,143.081077575684,102.394858643815,11.5122127927945,45.6823176350879,22.3082445558648,186.067359924316,53.0631524970807,85.4402959563515,30.4058479522822,127.802748264411,53.4092170881188,35.7952052422437,64.1774201566566,116.840816902009,97.9821630115625,81.5524905853707,84.456428942473,179.988095964704,102.056666654699,32.6463178030622,0,81.6317957560221,115.902293562889,74.155172875587,0,0,202.284378051758,174.725238800049,0,143.690811157227,0,135.517517089844,0,139.657517751058,190.674102783203,173.207321166992,135.279346211751,120.041851166756,144.078418731689,121.901586914063,0,160.142034912109,99.1686381715717,136.35147857666,155.961368560791,102.650141239166,115.88321014772,115.522151062735,178.931172688802,0,155.040626525879,153.478713989258,0,0,133.751092349782
132.872727394104,65.5607459026834,79.9273733822805,64.4055038900936,0,82.6296463012695,159.411873312557,150.029003284596,136.106851775071,128.345370483398,157.763282775879,20.833978484399,167.39518737793,56.0260314268224,128.528350219727,0,138.256567001343,45.6823176350879,9.01634919377105,21.4918280724497,184.130790710449,109.766302585602,105.385308209588,83.1520255383828,148.629639625549,43.7821938075717,32.5551538119821,72.1451904668668,144.097269330706,115.97848654693,121.847678573043,57.4454117014929,90.1751403808594,0,56.2314719208942,0,123.581199645996,163.199905395508,60.8210591210259,0,0,0,0,0,160.496566772461,0,113.002434470437,0,96.2721605715544,0,0,181.350616455078,145.066838582357,109.314070892334,115.813814798991,0,0,150.11323038737,0,0,87.2578242165702,107.734568746466,112.729631008062,0,0,0,115.846338399251,0,0,147.188385009766
118.736485425164,50.759177344186,65.3138846084201,74.2975435256958,0,0,155.334654631438,136.431574761113,145.39978819627,124.508553755911,146.177503797743,24.6535726513256,160.158763885498,65.4787396970003,140.879077419158,151.500831604004,114.439997673035,22.3082445558648,21.4918280724497,11.2722114689776,0,79.6448594956171,93.6533065209022,57.9287241771544,143.236056089401,41.655097613963,30.4849860553692,63.9137010343879,146.501243591309,122.186354228428,107.909655502864,59.3531132611361,192.329849243164,0,33.9358350266761,0,120.81414159139,142.068160163032,67.9286593268899,0,0,214.953002929688,0,0,0,0,114.824203491211,0,105.400642903646,0,0,171.820317586263,129.133758544922,112.090464274089,103.8876953125,0,123.920219421387,122.904434204102,163.875499725342,213.737319946289,84.8635258674622,107.54686579211,108.81089630127,0,0,0,115.33972591824,0,0,120.475654602051
71.8298156893983,153.197128295898,125.198468526204,66.8280840693293,13.99644308865,106.19478225708,58.0844833835412,45.4445381301278,91.2520550381054,57.9417435939495,15.3660255802438,145.418670654297,12.2620453014357,158.585033416748,97.0114649799474,61.4490900312151,0,186.067359924316,184.130790710449,0,9.96282997861547,106.493957519531,77.8884284279563,160.296576499939,24.2893301367687,155.39476776123,173.800731658936,148.799748738607,27.1379807077434,97.0116571991392,93.9062151908875,176.09765625,127.583759126209,83.6398077011108,94.0472112664594,0,0,0,88.0690092003864,20.2172514716258,0,114.247895692524,135.263870697021,139.746248722076,97.5590705871582,99.079544874338,0,14.2892188185118,0,152.405817667643,0,160.438095092773,0,0,0,9.23025317584977,0,0,169.006393432617,114.749181904924,0,198.244567871094,0,133.429634157817,158.479309082031,0,0,0,148.755783081055,216.787002563477
69.3489290761276,89.9327058792114,63.5409032301327,56.4858084583734,127.772003173828,137.981842041016,110.278910896995,53.3696339044957,92.3169593048096,65.4856777634732,85.4206245059059,111.490843772888,128.191973599521,131.674378803798,86.6925296982129,121.016825358073,23.199593272562,53.0631524970807,109.766302585602,79.6448594956171,106.493957519531,13.4630730505266,52.3611878121433,28.3460567333417,34.9380666570349,119.27339553833,98.7015191581514,60.1621315366704,27.4447151873782,57.3161184374019,27.4179865239747,144.14079284668,138.384605407715,36.9062420366283,43.4024408196456,134.138427225749,0,138.859064737956,69.859646659366,142.464935302734,0,151.749998612837,130.441236990469,147.82916368757,76.7279491424561,175.438013076782,210.016891479492,170.969299316406,0,140.911944669836,0,104.167303420043,165.60363430447,0,178.692245483398,165.21826171875,115.977765401204,68.3933560012856,128.733404570935,113.107812682634,0,166.742333730062,139.134073788358,124.633889263461,137.326206431669,116.47975169669,0,0,112.391766018338,128.0245402943
70.6138288057767,26.0041274119027,81.2745286530139,29.4699380622191,58.2552927920693,0,105.231023515974,74.3118646988958,108.721797943115,21.7097669201058,92.7994968414307,90.7543971620757,73.8031114578247,83.3590388954756,97.4149977944114,58.7873723934858,29.9584340983109,85.4402959563515,105.385308209588,93.6533065209022,77.8884284279563,52.3611878121433,8.76584254845161,54.6335247739324,32.796742631305,63.5786359495275,84.2994924294521,44.3324183416697,56.2219362512099,71.2880298360189,54.8201503276825,100.300092061361,0,61.2461739778519,71.7926761152831,118.904716491699,31.863013733265,119.780944824219,59.9523523377209,0,0,208.738861083984,104.827207565308,0,67.8417695760727,134.29398727417,131.050338745117,0,154.84846496582,191.24365234375,0,69.551334307744,163.001235961914,180.661010742188,0,0,86.598762019988,49.7558480928529,89.8266987090415,97.6243099636502,75.6547444661458,127.564863270727,113.027170239073,116.351669311523,93.7764129638672,85.1747471736028,170.960670471191,0,0,141.889736175537
81.3647426779423,70.0647157205118,31.7374758862357,62.5818581947914,128.762097676595,119.018733978271,124.179247809845,78.9405660604866,109.211198217009,109.065275743273,99.3814348707012,75.4910535950592,137.796249683087,120.336139424642,102.575023639685,127.673155351119,20.1855541711514,30.4058479522822,83.1520255383828,57.9287241771544,160.296576499939,28.3460567333417,54.6335247739324,16.7246647246695,79.2174662280352,98.3629372914632,64.0408388409298,42.4751361358579,55.0306425393471,79.5686222018508,58.3680170075204,107.878054664249,165.516021728516,75.8222286725285,40.1968633711984,222.166641235352,97.6196577284071,107.806862268692,73.7981422834867,0,0,187.339004516602,158.920269359242,179.405103984632,114.828853607178,173.204144795736,155.410453796387,187.929611206055,0,184.661684036255,0,99.4526995730362,139.19113667806,161.595207214355,152.947138468424,0,128.498145888833,66.2070898824309,106.885997323322,131.206422137399,124.653954823812,129.7965627623,107.30735385492,142.823176233392,193.59838019477,134.304241082607,0,0,0,121.517266131462
67.6973440688469,78.3763677635971,104.396565789842,44.512806816801,16.4249955749403,102.818904876709,75.7793387237062,54.4497898914161,88.6651594969349,26.8577482191886,62.9838858255867,140.40266595568,45.6752031618784,125.262290243777,96.1432351384844,56.2841863563095,37.7414413096619,127.802748264411,148.629639625549,143.236056089401,24.2893301367687,34.9380666570349,32.796742631305,79.2174662280352,13.7254261010028,110.460379048782,122.741986342056,90.5685085934611,21.3436986441557,81.1409769875663,66.8729138374329,142.263736156707,127.982785542806,69.171518712519,87.1020709163983,132.190516085238,97.2424646265366,148.591290524131,59.4624774537629,53.8070359153132,179.327911376953,130.374040977977,111.497746053896,142.801517605782,66.0463223684402,135.987763918363,194.221611022949,108.403970137886,187.406162261963,150.451006813655,150.854154968262,110.247085331622,181.51018851144,213.257934570312,197.431591033936,128.016831813714,117.539978103638,73.6471498748403,133.810771164385,98.6794154382276,167.346787452698,181.627735753213,140.282013610169,115.722781838146,142.532881248288,119.774219310226,200.81413269043,210.785758972168,126.398245769998,146.829862713814
138.565465291341,22.4849967883076,80.9614862295298,27.6293715768536,122.947158813477,0,138.565464782715,129.482395172119,129.930928548177,97.5395762574439,160.84415435791,33.0268778282663,116.295875549316,19.9629541883719,101.399838256836,134.152954101562,99.662188911438,53.4092170881188,43.7821938075717,41.655097613963,155.39476776123,119.27339553833,63.5786359495275,98.3629372914632,110.460379048782,7.47605926550337,44.0101724692426,27.4531222990942,126.355744161724,134.601512654622,127.492243085589,49.1904312980418,76.8889282226562,133.701499938965,53.7216225203189,0,45.6171585886102,116.206869125366,43.7241665460531,0,0,0,0,0,129.123336791992,0,92.4971364339193,0,71.2522797799325,0,0,141.615295410156,118.454627990723,89.4758276688425,83.5694912181181,0,0,98.9216033935547,0,159.970977783203,49.6245447459974,88.817313799044,88.2083729020842,0,0,0,88.091418112478,0,0,131.963235473633
117.317029718,43.351192719736,33.9007897809568,53.4540623869571,148.295277404785,154.473889668783,150.824332266143,121.89127177796,141.008575439453,120.487383564313,136.379251930335,32.4913734612428,153.900734024048,37.7980683579068,133.474422814711,148.495265536838,102.20032422202,35.7952052422437,32.5551538119821,30.4849860553692,173.800731658936,98.7015191581514,84.2994924294521,64.0408388409298,122.741986342056,44.0101724692426,20.2605214903652,38.5914799149201,115.911935389807,128.638857985988,112.36409972516,26.2393713838345,153.628918734464,152.034756469727,57.0475404665433,199.89533996582,78.1466223873309,113.09859541596,62.8190301163752,206.517211914062,0,213.775502522786,190.579000473022,199.862572806222,157.136924743652,212.518859863281,117.484633990696,0,100.160854290901,204.940200805664,160.059944152832,143.801189623381,117.033661762267,111.999792600933,109.723040999998,0,175.645458984375,105.166057517312,148.233816237677,187.649343490601,82.0160967508952,104.170397745127,104.457926274651,181.918618774414,179.360992431641,188.926406860352,114.959290607159,0,0,111.217240695296
120.106492205364,27.4613106073123,34.780872122731,46.1596455895365,116.73500579834,179.495849609375,151.108431188072,110.070414961969,141.608166374594,110.64436838352,137.78638546483,56.5234480127518,141.775921143207,24.2827103132081,137.056851723615,127.650593004729,34.1755300948094,64.1774201566566,72.1451904668668,63.9137010343879,148.799748738607,60.1621315366704,44.3324183416697,42.4751361358579,90.5685085934611,27.4531222990942,38.5914799149201,18.2077753538418,79.9121021032333,129.159189376682,111.385112933077,21.8164362334171,131.442245483398,116.657181974317,58.8152865818928,166.194471740723,67.0880946563801,97.0961666391857,56.4093373534644,0,0,187.845476786296,164.837958945884,188.393217468262,149.992034045133,186.77380636464,127.483001915184,190.339721679688,101.334047232101,184.326125226702,150.445587158203,106.297954980212,117.626402178525,119.744661675125,113.061362286831,235.413833618164,142.633927345276,56.5236964982978,107.749659191826,148.653405020578,83.9376313306847,104.51253579845,99.4627944163543,163.385924223882,187.779418945312,156.743181329024,119.43223500048,0,153.770248413086,111.63218230662
70.5024174544771,90.0861927555297,80.2426960586516,58.5550995969517,15.4768136622539,116.611354404026,54.3532216447571,23.1941069218885,88.0072192500875,49.9491386502564,24.4774539409459,157.03521894372,46.3146203897666,143.587109727126,92.2425449508215,76.1491586880421,45.7484370732691,116.840816902009,144.097269330706,146.501243591309,27.1379807077434,27.4447151873782,56.2219362512099,55.0306425393471,21.3436986441557,126.355744161724,115.911935389807,79.9121021032333,11.0847844272701,77.9724127557111,46.234668888337,150.187510681152,132.00763100072,62.9678449663175,69.1779504031213,127.758656650119,147.082112630208,149.346224342904,70.9337090724657,13.3442354072018,0,138.124779657023,118.155665402762,148.060036966623,79.5520078072181,142.625065114238,170.558792114258,113.926150499764,0,149.271187934323,117.525283813477,116.575125010421,178.75671081543,198.108383178711,0,131.851521937052,121.320653246595,85.7797239372529,138.723952611287,107.376595406232,152.319583892822,179.560117085775,146.521700124707,123.265162968345,146.057953025721,120.148727733419,214.646194458008,210.023338317871,125.312902970748,149.214630776263
18.8858554496575,114.511901855469,114.308596293132,69.1725992005447,99.831544342041,24.4393490537812,55.5264669673049,61.4858946364199,30.1260956593082,67.5210450097188,88.7338163997053,71.2511690215202,98.7287944958569,93.2478564671108,22.4210563592208,51.0545270102365,95.8494003840855,97.9821630115625,115.97848654693,122.186354228428,97.0116571991392,57.3161184374019,71.2880298360189,79.5686222018508,81.1409769875663,134.601512654622,128.638857985988,129.159189376682,77.9724127557111,11.8488202452595,22.2381525594679,133.91224861145,17.679539731413,13.7850593419251,37.4069213633284,136.822997538249,0,168.650260925293,83.6743005809217,143.038257598877,0,174.859810965402,132.840500877643,152.559267144454,82.0666063048623,170.747392134233,203.74772644043,132.512624468122,0,163.461061477661,0,118.064675071023,129.170928955078,0,0,171.167335510254,137.2653205178,93.277317682902,167.592976218776,123.670638024052,0,193.270029703776,171.69655581883,135.986191480588,154.771614074707,133.853748480479,0,0,160.544708251953,153.129967689514
30.4037142461819,100.823347330093,81.2663214161221,58.1381740148555,70.7296376909528,98.4126968383789,90.1175734478494,18.5490761370442,71.7700248458437,53.4191452328391,71.9388327336573,121.150216201256,110.947098626031,146.207774769176,57.6105852158498,89.5958938598633,71.8162403291869,81.5524905853707,121.847678573043,107.909655502864,93.9062151908875,27.4179865239747,54.8201503276825,58.3680170075204,66.8729138374329,127.492243085589,112.36409972516,111.385112933077,46.234668888337,22.2381525594679,11.3230378680985,168.881524658203,122.213874816895,34.5716060653016,37.2244312531163,120.196614946638,0,157.048067728678,64.7157356853094,0,0,143.693827909582,121.959345929034,147.329235585531,67.8226460256394,147.901641152122,0,160.951095581055,0,144.335732295595,0,104.288497924805,171.474975585938,204.37353515625,0,0,115.49837683055,71.0615581699185,138.078876071506,108.359578678751,0,193.978598700629,157.912191772461,118.580430451163,141.490662063377,116.163195648193,0,184.286437988281,117.71526743571,140.039447784424
145.035003662109,61.2626050313314,87.4159636246531,69.4795633951823,0,98.2135734558105,149.726652145386,155.023583221436,123.145905630929,125.412162526449,175.868347167969,36.4569080607129,185.978525161743,15.0099012702312,121.282110668364,151.733428955078,132.009551308372,84.456428942473,57.4454117014929,59.3531132611361,176.09765625,144.14079284668,100.300092061361,107.878054664249,142.263736156707,49.1904312980418,26.2393713838345,21.8164362334171,150.187510681152,133.91224861145,168.881524658203,10.5473327068315,102.119899749756,0,73.3949039806019,0,105.501355489095,0,68.7242694723195,0,0,0,0,0,139.83984375,0,117.697647094727,0,99.7728560929446,0,0,0,124.073656717936,111.935971832275,105.909677293566,0,0,160.69652557373,212.33415222168,0,82.6217548893947,114.00387095357,115.753215406068,0,0,0,118.200203507035,0,0,0
78.4893106531214,0,184.835568237305,124.157554626465,142.612716674805,9.19666689126572,27.7749225900298,122.920541520552,18.8562327593862,119.877107620239,119.742874727904,71.2167069705916,116.04948573257,84.7945785522461,15.7279525006829,35.8318465905746,0,179.988095964704,90.1751403808594,192.329849243164,127.583759126209,138.384605407715,0,165.516021728516,127.982785542806,76.8889282226562,153.628918734464,131.442245483398,132.00763100072,17.679539731413,122.213874816895,102.119899749756,4.3560096398099,80.465202331543,39.1075592528942,0,0,0,133.032791137695,195.950347900391,0,195.855194091797,180.88173421224,230.856224060059,189.252563476562,0,0,226.303237915039,0,212.518798828125,0,0,0,0,0,0,0,0,0,183.189569473267,0,0,0,195.476094563802,214.626174926758,0,0,0,0,0
44.8753074148427,174.627014160156,103.528626759847,70.8729016230657,95.6129455566406,0,92.7274337768555,67.2184641946971,94.4631796337309,59.0218763640433,76.1581426703412,155.643577575684,87.8337140764509,141.878138224284,44.7816634300428,105.553253173828,69.7143878936768,102.056666654699,0,0,83.6398077011108,36.9062420366283,61.2461739778519,75.8222286725285,69.171518712519,133.701499938965,152.034756469727,116.657181974317,62.9678449663175,13.7850593419251,34.5716060653016,0,80.465202331543,7.13285995923651,15.0774733741518,127.502937316895,0,0,72.9610497156779,0,0,142.300033569336,132.826812267303,158.15842183431,78.6306301463734,165.361124674479,0,0,0,140.577033996582,0,99.0063629150391,0,0,0,0,115.228498458862,75.85658009847,131.173217773438,114.898111343384,0,0,174.562005996704,124.043166335748,139.619089299982,115.394901820592,0,0,127.405151367188,0
62.6820783962389,55.3351955833016,54.4328333486506,67.3877749142947,105.673689817771,32.1572966416677,59.6429578975755,86.4667873574262,50.9935212906352,85.7016744674391,94.2423626616972,30.0056400893972,95.2161029901905,55.6741446880868,43.6767160081091,69.6833699047565,62.286108452556,32.6463178030622,56.2314719208942,33.9358350266761,94.0472112664594,43.4024408196456,71.7926761152831,40.1968633711984,87.1020709163983,53.7216225203189,57.0475404665433,58.8152865818928,69.1779504031213,37.4069213633284,37.2244312531163,73.3949039806019,39.1075592528942,15.0774733741518,9.72134516925692,127.638669331868,84.7100031716483,101.164562359978,72.6562163237553,119.843805948893,0,175.08642578125,138.528477928855,180.672019264915,96.5381510416667,170.21629524231,147.883291244507,148.770324707031,140.192042032878,186.003651012074,0,102.058695929391,138.649575424194,146.31742477417,129.365121603012,102.13468170166,127.48965401485,60.5237051536297,106.675542381721,122.854387263662,107.465571085612,116.324591006086,107.110735067192,142.535322609594,166.006631639269,131.302756931471,140.233041381836,0,154.372909545898,138.603922843933
128.394021034241,0,163.633811950684,0,0,0,190.067939758301,131.345790863037,103.460800170898,133.265518188477,153.710418701172,242.974411010742,217.53443145752,0,160.193511962891,0,155.654624938965,0,0,0,0,134.138427225749,118.904716491699,222.166641235352,132.190516085238,0,199.89533996582,166.194471740723,127.758656650119,136.822997538249,120.196614946638,0,0,127.502937316895,127.638669331868,11.0000433303758,100.034099578857,107.711498601096,57.4967480156365,86.4634973031503,75.5798797607422,86.0018422330012,31.101026912384,43.1359826786066,60.5747123375917,69.6253202765226,121.871230443319,89.232737712371,143.969235011509,17.4400067083089,102.297191619873,86.5955347200719,105.692167081331,129.695534756309,119.350505459693,92.8283317089081,75.8431289634894,78.7711602261192,90.2812046348502,69.0751339515943,128.925399780273,122.311839029948,123.065184940566,80.2836690389699,18.2269990353142,28.3877743428026,150.431668962751,90.7399315212084,39.6526409354343,66.4470107047284
163.228591918945,36.5807652906938,71.9477970816872,53.4505658830915,0,0,0,170.717849731445,0,64.8599281311035,0,99.5853500366211,0,99.5100065867106,0,0,108.349146525065,81.6317957560221,123.581199645996,120.81414159139,0,0,31.863013733265,97.6196577284071,97.2424646265366,45.6171585886102,78.1466223873309,67.0880946563801,147.082112630208,0,0,105.501355489095,0,0,84.7100031716483,100.034099578857,7.90351236787038,56.7756392161051,15.6806716974071,79.0933074951172,110.762926737467,128.167320251465,105.882734171549,140.433760325114,66.7163466246671,140.673421223958,88.6377632141113,118.872344970703,46.9247239203099,131.64205678304,98.5573310852051,40.9994769823753,52.156591463089,82.2348963419596,57.1749563551786,0,91.6382742489085,22.2577155963536,84.7165018717448,71.3504716159405,21.3974781737463,53.4150421444622,28.5436197345458,99.1559061121058,127.856886969672,102.882326761882,72.2208656311035,0,94.1886367797852,57.9038360681427
175.818681989397,82.8566716003418,95.74077269539,101.382392883301,182.831253051758,0,235.990371704102,161.051215793775,174.62576751709,0,194.300988333566,140.380401611328,193.969696044922,154.163879394531,166.598833356585,0,108.043287018199,115.902293562889,163.199905395508,142.068160163032,0,138.859064737956,119.780944824219,107.806862268692,148.591290524131,116.206869125366,113.09859541596,97.0961666391857,149.346224342904,168.650260925293,157.048067728678,0,0,0,101.164562359978,107.711498601096,56.7756392161051,14.9436025589471,52.0548532028198,128.692467244466,85.5629119873047,119.23415349652,91.6457946613684,115.440719816598,100.503414295338,109.081488300842,98.5091158808494,137.649288286482,109.319263458252,113.124893093258,142.685333251953,69.3471833679574,47.8668199522994,84.6434985492246,65.1384988827813,149.94637966156,66.5226152293571,54.4814030584628,34.7006412706926,94.4472523220831,85.7529411315918,34.5967310856532,29.6912533424158,90.8207346556411,136.151831208614,89.8197226139807,94.2858724883108,181.693040847778,126.214265005929,51.0773585132007
76.8549488612584,40.4433182807965,61.7372061393004,58.2648447884454,70.344258221713,123.595354715983,100.564810117086,78.1190911681209,99.3876511710031,47.1295011693781,94.1438974900679,74.7814907747156,88.9397267614092,63.9819601513091,96.1743278503418,90.9953284263611,66.2985454993912,74.155172875587,60.8210591210259,67.9286593268899,88.0690092003864,69.859646659366,59.9523523377209,73.7981422834867,59.4624774537629,43.7241665460531,62.8190301163752,56.4093373534644,70.9337090724657,83.6743005809217,64.7157356853094,68.7242694723195,133.032791137695,72.9610497156779,72.6562163237553,57.4967480156365,15.6806716974071,52.0548532028198,13.0911281457549,65.0605334846341,121.475406646729,78.8455229914466,55.8399849748668,80.7433508380329,39.6283294479888,77.2663694812405,67.7201971878876,73.2557880537851,39.5495067194074,88.5540475845337,64.1908259921604,39.7167197313297,64.2910114064947,66.2042916615804,54.277594094748,70.5054815673828,62.4555295797495,30.3542684708488,52.1912200312461,38.0214168255982,19.9934915575555,50.9334448886414,40.502334188787,56.6796512950784,79.6965925960217,58.0441389547812,64.3722999472367,134.455923080444,66.2340376610849,65.3036912170276
115.929229736328,0,0,76.3855133056641,7.9228538831075,0,147.849395751953,122.984534127372,138.556648254395,105.821333567301,51.7880152398413,0,31.4415211782847,0,0,0,0,0,0,0,20.2172514716258,142.464935302734,0,0,53.8070359153132,0,206.517211914062,0,13.3442354072018,143.038257598877,0,0,195.950347900391,0,119.843805948893,86.4634973031503,79.0933074951172,128.692467244466,65.0605334846341,8.63416152678246,0,65.4377122838446,45.4597494623683,89.6310781840405,61.3518548165598,17.2269221077795,166.294799804688,27.0579980550438,0,107.941431172689,67.4363072135232,74.2470397949219,241.752136230469,179.169326782227,0,12.2895214883077,0,77.3723460606166,125.675315856934,18.20428826906,116.280162811279,171.617100642278,150.954480257901,20.1036384954859,102.987516581002,128.61375617981,218.796524047852,138.512362162272,94.1431517167525,101.623289409437
