11.686252078948,133.778689066569,108.467440995303,77.9427880549776,91.7877764020647,65.8532670828012,71.1915772755941,31.3990536872706,36.1822020426531,73.2997151783535,58.1441079147724,117.293825785319,90.1083797878689,129.599001566569,16.5926287971631,84.076468149821,105.518536885579,98.2050032606257,141.487554321289,120.212090843602,83.6449739933014,73.6412867310227,94.2147899974476,88.3493529049092,77.6435782269734,170.295959472656,116.959354925593,134.035317980553,74.4450633299417,14.5369744270159,29.9000073550485,0,78.6622159857499,50.6125941738006,75.7557204723358,0,0,186.208323160807,84.0243022918701,0,0,0,130.549404144287,0,0,0,0,0,0,212.424438476562,0,157.528701782227,0,0,0,0,178.608688354492,136.381393432617,200.810043334961,120.883356165003,0,199.220514933268,161.011850992839,140.654206496019,144.199264526367,158.15788269043,0,0,135.403289794922,154.146858215332
133.778689066569,7.49484036483256,40.8845341359969,29.0133521356783,99.4182281494141,127.352306365967,159.813540140788,117.729188537598,146.970504760742,76.1217409662298,0,71.7752867526695,103.76527150472,56.480033712872,141.248039790562,120.039777867934,58.2400899555372,55.1623541859613,80.7088478633336,56.5922351229018,0,98.9982169469198,17.6531001020763,69.5122432355528,86.9949853685167,26.1012219944666,43.305211682194,31.8550811789115,112.495090484619,116.71407784356,103.882467542376,67.5589392525809,0,97.8849207560221,67.9555099595268,0,93.361385345459,101.024166652134,148.209625244141,0,0,0,0,0,118.876197814941,0,0,0,108.178401184082,0,135.269378662109,0,103.358651733398,118.809753417969,137.009742736816,175.639511108398,126.929326375326,98.3717144557408,133.228613535563,0,71.8477032979329,100.884868132762,103.337755354624,0,232.322372436523,238.757278442383,114.229476928711,0,0,124.81324005127
108.467440995303,40.8845341359969,12.2640921250402,47.7325227871174,118.307291204279,155.235093550249,140.565446013776,101.006254846834,130.911004991209,101.310260772705,116.26686359274,92.0516263265458,137.565972761674,99.5213931401571,126.052939668124,136.563730875651,80.5851527766177,42.689458964141,93.9972332636515,75.9495763809955,156.491920471191,70.6993399687792,56.3330715017499,32.1461224291941,101.767911829655,108.159547424316,32.6478299119725,30.4374936391836,86.7085348397247,134.18091463239,93.0910309207055,94.8782776863344,147.917133076986,100.10336630685,63.614323365722,173.639633178711,75.5571702128709,89.7603368821487,117.430755615234,0,0,198.822850545247,155.458811416626,180.989157743232,147.233637128557,157.775500827365,158.761024475098,0,165.678298950195,178.65410559518,157.19352722168,114.976966711191,114.177440264367,146.895797729492,132.788248564068,169.277008056641,121.590822180923,70.9650896436574,103.479304496632,140.937106294452,117.582916259766,112.935128383949,91.5226312512394,150.782904052734,194.612156261097,148.081637651492,170.023330688477,130.138275146484,243.800582885742,114.108478161173
77.9427880549776,29.0133521356783,47.7325227871174,25.2459210634232,58.5585968093117,119.665458679199,86.98019020898,61.908377979788,94.0760652908426,19.0576339987366,77.8919870229868,72.2023675735683,94.2751766840617,51.8193925762177,97.5480441945122,88.0068193323472,38.752494112515,58.7672557855264,72.7763244840834,59.4975841772046,84.2072947025299,57.132537078549,24.4751701726358,56.2074864984096,40.1960292887119,30.9332355983297,46.6192183928427,41.6315639208417,51.2791750736288,75.3753046867175,56.5514739035348,74.0944703085381,116.852041625977,59.6792126902333,68.4032696954778,152.370681762695,59.5033543904622,71.467177492507,13.1526276727188,138.957626342773,0,142.040873209635,97.992921257019,119.564155578613,60.6969184875488,132.913484191895,110.23267364502,0,103.844656626383,145.296112060547,210.433609008789,54.9008813095093,73.7384343301096,0,108.814494132996,119.056709289551,68.4818323172775,23.6088317386688,76.9009063945097,75.2619978917109,57.9894220352173,79.2285150330642,74.2769580362468,85.250548342441,130.214462280273,87.0635475490404,82.6774826049805,0,69.2003936767578,98.6197631472633
91.7877764020647,99.4182281494141,118.307291204279,58.5585968093117,8.71331435616993,127.066314697266,68.6680196697792,47.026418571119,91.0158606937953,57.110832688954,20.8507805160848,158.586669921875,19.1667367687492,0,101.339438598935,68.356564219405,83.1111087799072,166.568170547485,173.633880615234,157.162216186523,12.7500539464488,128.125209263393,70.3105784329501,114.158525218134,20.2496573762641,156.235198974609,147.250068664551,116.421539306641,11.451940134555,93.9846358921217,91.4424563513862,191.720367431641,131.495764732361,81.565154393514,88.7641176252223,143.847076416016,0,0,77.7802380455865,18.821745403697,0,155.656745910645,131.241362072173,163.285075378418,80.9607151716183,139.659781332577,0,50.9060211807001,0,159.095280965169,122.149784088135,146.519332885742,0,0,0,56.8459478395957,0,172.731674194336,129.827713012695,104.034545445401,0,0,177.415806361607,123.443764154013,163.316909790039,210.984039306641,0,0,0,163.54704284668
65.8532670828012,127.352306365967,155.235093550249,119.665458679199,127.066314697266,8.2260431329237,9.6123253651597,105.298704528809,19.3834458149704,57.4734279748165,97.7015779839187,68.274332907892,75.1421937019594,88.3506404331752,28.8837192802744,14.1240799255318,96.1277160644531,166.597868601481,98.4711736043294,143.122931586372,115.968046569824,134.984696960449,141.712406158447,154.02802141975,83.1133206231253,139.606862386068,142.613176182338,127.216122218541,114.908809315075,28.5331347003864,116.908880534925,118.451393127441,11.6596886893307,137.175693511963,38.9184991507695,0,0,0,0,0,0,209.762924194336,0,0,90.1193466186523,0,0,0,0,0,0,0,0,0,0,0,0,0,0,175.343553331163,0,0,130.533020019531,173.89729309082,0,0,0,0,0,0
71.1915772755941,159.813540140788,140.565446013776,86.98019020898,68.6680196697792,9.6123253651597,8.61466902381986,69.9262260867855,18.8541391343085,79.8247348271059,28.1806529192846,92.8636117842754,21.9102019072632,119.679754505987,30.5076006168976,10.9349550924972,0,150.985302607218,126.096462885539,162.549216485793,43.6945531413015,115.746209103128,121.819986343384,131.218319122105,78.8275027420843,103.205856323242,159.542527796148,155.060863235622,67.8520681061522,49.1729372108684,97.3207512921049,141.92034233941,15.7846470428339,103.32201385498,74.1607623246749,244.625686645508,0,192.213766479492,98.9891426086426,169.758445739746,0,167.649353027344,139.708135392931,189.854578191584,140.383224487305,160.01788104022,0,113.091270446777,0,173.535110473633,0,157.200698852539,0,0,0,151.062411915172,220.33772277832,146.586985270182,189.284246444702,122.166179196588,0,167.369293212891,206.077584160699,151.581633919164,176.172943115234,204.776062011719,0,0,0,0
31.3990536872706,117.729188537598,101.006254846834,61.908377979788,47.026418571119,105.298704528809,69.9262260867855,9.0712836892107,57.5993711639822,59.6657374086936,19.2403898875894,157.85955677476,51.7839324331691,159.854960123698,44.0954700147294,70.0682282187722,88.3053716023763,108.677793214128,158.307263542624,136.70917428258,74.6762436314633,72.1135376861519,83.7146815345401,85.3378281456902,52.7614279217578,0,129.484891807332,116.076988302546,27.7424528931259,62.1756194485719,20.9791946067709,169.23014831543,113.730481733356,61.0080128977735,81.671829774387,132.382942199707,147.398315429688,158.514467366536,76.9083877563477,137.761383056641,0,144.709984723259,121.893094576322,150.73131779262,144.290554046631,142.427722167969,0,110.299130031041,221.963562011719,152.906439887153,170.367080688477,142.295490611683,184.681884765625,0,191.1083984375,138.790676116943,140.531299591064,106.034834428267,158.419731140137,109.050693109002,0,204.618158340454,162.482383877623,123.126898157315,142.891407012939,139.360648018973,0,197.868270874023,136.487201690674,157.460273234049
36.1822020426531,146.970504760742,130.911004991209,94.0760652908426,91.0158606937953,19.3834458149704,18.8541391343085,57.5993711639822,10.5277353841039,79.8131113455329,27.8832144277156,87.1497736860887,55.7256834506989,105.280000808391,18.1254841914473,27.6879553984278,143.802253246307,140.639888505375,134.621095733643,153.797382960244,94.9431050488206,105.356113945928,126.307356007894,118.95072314204,83.5733439404031,108.915990829468,149.868558328292,146.751368951686,77.0981635321055,33.2218193020742,80.8083464464272,129.676252746582,18.2670999632027,92.8941935177507,64.7391211095747,139.172924041748,176.139928181966,180.304301386294,103.090300397175,159.751608276367,0,156.25476212935,149.448080557364,172.66532090131,76.9907455444336,158.86994934082,228.891250610352,121.567872619629,163.845504760742,197.461143493652,89.1554107666016,182.515543619792,204.362457275391,0,0,144.530764988491,183.943298339844,139.400741577148,175.339601404527,130.036754954945,0,203.677838412198,189.672498262846,155.078944514348,183.354957580566,183.491241455078,0,0,139.305740356445,187.769433157785
73.2997151783535,76.1217409662298,101.310260772705,19.0576339987366,57.110832688954,57.4734279748165,79.8247348271059,59.6657374086936,79.8131113455329,8.25256887621054,72.9550264203871,145.032780117459,10.9172666494759,127.971527136645,94.6362847222222,24.9413102989214,66.0130165417989,133.784952981131,152.096204376221,151.016707102458,57.2259704522919,84.6839589205655,28.6727950021605,92.8087516396733,22.122089925812,113.007206784589,131.441320444743,116.277212305982,48.9327961602006,79.1517600519904,58.51742354962,144.126287078857,127.830509185791,61.7695958553216,84.8703811645508,0,160.812622070312,185.701344807943,11.1953064439405,86.0102990957407,0,125.147970199585,132.634756469727,122.556903839111,48.0240444281162,111.504894256592,0,79.0367650985718,179.556884765625,165.677444458008,64.9752947489421,0,246.908218383789,0,0,85.2241651217143,0,129.794191996257,177.621709187826,61.8597515741984,160.929027557373,187.232864379883,171.89359664917,100.895076963637,174.429061889648,112.807891845703,0,0,0,0
58.1441079147724,0,116.26686359274,77.8919870229868,20.8507805160848,97.7015779839187,28.1806529192846,19.2403898875894,27.8832144277156,72.9550264203871,11.4097562435018,144.983615209186,23.4808194242842,167.400472467596,56.4550800564214,58.0235614742733,126.108113098145,134.267131111839,168.483311462402,148.28556060791,18.3505814781624,90.800927734375,110.36716570173,105.286141243848,53.1275238601635,168.641593933105,146.841227456798,142.590361651252,23.837903238853,85.3250991461966,73.3646668772544,168.248068237305,110.296743665423,72.9980392456055,83.6156067173038,148.707107543945,180.084136962891,179.791500091553,93.3877475962919,109.778464535872,0,168.660808216442,144.248318879501,172.884446364183,104.354502973885,158.052496804131,0,48.6384427296488,0,176.454940795898,125.509918212891,200.800109863281,224.06396484375,0,0,147.386919975281,210.319915771484,180.43207804362,170.227142333984,113.782209412126,0,217.054470062256,177.816602071126,142.251038175641,193.323336791992,0,0,0,0,171.53337097168
117.293825785319,71.7752867526695,92.0516263265458,72.2023675735683,158.586669921875,68.274332907892,92.8636117842754,157.85955677476,87.1497736860887,145.032780117459,144.983615209186,13.9450529945744,139.160859002007,21.9376766714543,91.2031411543276,154.659826006208,129.058547125922,49.0254784994693,23.0735000352704,27.6458403241275,160.726985168457,96.4318236509959,113.528384980701,81.7130405962909,152.318284949478,36.8585521302818,30.7998396396417,66.1394145067811,140.394902252954,68.3296247309716,108.147743589423,36.8951007666107,60.1852308564397,96.4574466118446,29.2938783525458,195.536064147949,121.161075592041,136.611128913032,83.6461685180664,0,0,217.693740844727,204.880905151367,205.091735839844,152.454766845703,0,99.3451103210449,0,76.0079559263636,0,0,163.925430297852,125.03340773149,100.310697140901,104.826555633545,0,165.673324584961,120.054058837891,145.038871765137,188.016867743598,69.9513529575232,102.176731745402,109.854104344246,213.601051330566,169.378448486328,179.290082295736,98.5140211317274,0,176.291290283203,142.108291625977
90.1083797878689,103.76527150472,137.565972761674,94.2751766840617,19.1667367687492,75.1421937019594,21.9102019072632,51.7839324331691,55.7256834506989,10.9172666494759,23.4808194242842,139.160859002007,11.4831450009802,119.66667175293,100.748529520545,15.2930468835671,0,0,183.57795715332,152.838184356689,12.1691271784333,122.487045288086,68.6503912607829,139.082461547852,12.9843324163802,141.864196777344,158.558337211609,130.319936250385,47.9545535631567,95.1795063090235,84.2024307250977,0,109.396404593331,81.3415412902832,93.3148622339422,0,0,0,85.49485206604,38.3813458283742,0,141.841691970825,130.03857421875,189.970550537109,58.6073036193848,160.852060953776,0,34.3703141570091,0,0,0,0,0,0,0,135.1615202162,0,0,0,99.9696519515094,0,211.640686035156,203.430099487305,128.200498308454,0,0,0,0,0,0
129.599001566569,56.480033712872,99.5213931401571,51.8193925762177,0,88.3506404331752,119.679754505987,159.854960123698,105.280000808391,127.971527136645,167.400472467596,21.9376766714543,119.66667175293,8.02851278507504,101.245439656576,153.077346801758,0,101.865729836857,48.6003869784776,72.7012709340742,167.469314575195,120.430935668945,86.4996768817231,130.040550867716,138.72989654541,18.9616382668113,33.6356666148154,38.7227058801412,164.892876942952,87.1568613837747,175.966924031576,14.1101325514381,83.8758125305176,119.171127319336,57.9831537018712,0,88.9773662451542,142.895002365112,60.9231090545654,0,0,0,180.267990112305,179.770606994629,148.754791259766,0,77.3233561736858,0,46.5366136460337,196.275741577148,0,190.039464314779,133.361483647273,81.401259358724,87.5892811323467,0,242.01399230957,98.6715580109627,177.303215026855,178.17138671875,54.430660886332,82.9682686253598,82.2207773644154,0,194.952972412109,153.087341308594,83.4715778283906,0,0,107.186962763468
16.5926287971631,141.248039790562,126.052939668124,97.5480441945122,101.339438598935,28.8837192802744,30.5076006168976,44.0954700147294,18.1254841914473,94.6362847222222,56.4550800564214,91.2031411543276,100.748529520545,101.245439656576,9.79051495186518,55.248034609125,121.436278206961,122.958276085067,139.956838054042,138.930617958439,102.553929890672,94.1336876915241,110.874613625663,107.623086087494,94.6294520650977,106.91096496582,139.423602523667,143.274043087284,84.4389815490438,23.2698399982944,63.5603733840436,124.326014709473,13.6114170985263,56.1512257917872,60.6286257001743,172.355590820312,183.615432739258,181.523858642578,106.013614463806,172.704639434814,0,178.08510698591,159.861556734358,193.03162689209,145.307464599609,173.495129753562,237.812118530273,138.690826416016,0,178.122646331787,0,159.575233459473,218.695159912109,0,0,152.951578776042,152.481781005859,137.12350769043,191.008587107939,141.936656349584,129.797393798828,185.721542358398,188.712474822998,157.184318653051,176.372264317104,145.726826985677,0,220.368835449219,146.929214477539,172.005973815918
84.076468149821,120.039777867934,136.563730875651,88.0068193323472,68.356564219405,14.1240799255318,10.9349550924972,70.0682282187722,27.6879553984278,24.9413102989214,58.0235614742733,154.659826006208,15.2930468835671,153.077346801758,55.248034609125,7.97718554323552,0,123.085165659587,189.802665710449,179.79988861084,56.0260939216614,116.187110900879,76.9435831069946,130.320533752441,39.2215892615491,148.698723602295,155.85707339725,146.001867700796,75.8985270796151,79.4091563017472,81.9396047592163,205.259719848633,34.404820561409,0,90.0951080322266,0,0,0,72.4757828712463,95.4515555245536,96.2320022583008,0,171.600646972656,152.941558837891,66.0719612121582,138.34758122762,0,114.208122253418,0,0,67.115104675293,0,0,0,0,100.121395534939,0,0,227.154861450195,90.6652922312419,0,170.640518188477,192.280830383301,113.038421630859,0,0,0,0,0,0
105.518536885579,58.2400899555372,80.5851527766177,38.752494112515,83.1111087799072,96.1277160644531,0,88.3053716023763,143.802253246307,66.0130165417989,126.108113098145,129.058547125922,0,0,121.436278206961,0,12.9944102156377,94.8804637043416,153.432723999023,121.994449157715,0,33.9972948261396,28.781647928934,23.3649839265545,29.8376901415342,102.345012664795,107.171805631197,27.4881516288902,31.5421663326865,91.3412925004959,71.2231481698843,147.880981445312,157.124706268311,72.6771606445313,83.3601115014818,124.630615234375,132.43323135376,107.259437060747,60.3008906102813,0,0,0,141.423702716827,0,93.3450088500977,162.141021728516,161.471389770508,0,0,150.934254964193,0,88.4047308054575,132.909496307373,0,0,0,107.646581068107,54.787947387392,94.6999385569355,112.505815934162,0,159.646960449219,104.983178132809,111.977270779544,129.19485168457,114.077730699019,0,148.109176635742,102.236431121826,109.534131100303
98.2050032606257,55.1623541859613,42.689458964141,58.7672557855264,166.568170547485,166.597868601481,150.985302607218,108.677793214128,140.639888505375,133.784952981131,134.267131111839,49.0254784994693,0,101.865729836857,122.958276085067,123.085165659587,94.8804637043416,10.037019403832,59.7873149204775,21.6401995812602,0,51.658879610805,75.4162615607767,23.5492924654081,128.86785893626,66.7695052407005,40.045932207375,68.2627031055638,107.245006290137,96.3456186026731,72.1564708737846,119.105113380834,167.013120651245,83.0440505981445,38.4198301739684,146.328018188477,85.278995513916,105.802272276891,113.758853803362,0,223.659866333008,0,179.434465848483,191.183523995536,0,178.72924041748,117.57837677002,0,113.706382751465,183.425702776228,0,124.844259408804,118.427463198171,0,160.906302315848,0,141.490785217285,87.9423386133634,122.042251448825,169.242110697428,163.37451171875,103.561201017585,108.590613634464,158.645395452326,183.50904083252,158.687940260943,188.372848510742,0,157.976928710938,127.839332898458
141.487554321289,80.7088478633336,93.9972332636515,72.7763244840834,173.633880615234,98.4711736043294,126.096462885539,158.307263542624,134.621095733643,152.096204376221,168.483311462402,23.0735000352704,183.57795715332,48.6003869784776,139.956838054042,189.802665710449,153.432723999023,59.7873149204775,7.1273907189885,13.3228960557701,181.943138122559,114.995767105457,116.55439453125,99.3722714442833,165.503782908122,52.5074456814116,31.267438617284,62.4206378414604,143.494829911452,111.326691595713,123.056079571064,53.4407484387942,96.0073390415737,120.321296691895,64.4188978887444,0,120.125535964966,131.295933532715,94.7248787879944,0,0,0,189.040959676107,175.452514648438,0,0,119.905521046032,0,104.584992507408,223.448745727539,0,160.94660949707,132.742405231182,108.735922851563,106.690116882324,0,133.257034301758,105.566841125488,156.996046702067,216.181938171387,80.0037973577326,102.462816000645,105.993389358521,163.592727661133,213.614517211914,186.958826700846,118.075934410095,0,169.81852722168,135.35841700236
120.212090843602,56.5922351229018,75.9495763809955,59.4975841772046,157.162216186523,143.122931586372,162.549216485793,136.70917428258,153.797382960244,151.016707102458,148.28556060791,27.6458403241275,152.838184356689,72.7012709340742,138.930617958439,179.79988861084,121.994449157715,21.6401995812602,13.3228960557701,10.1766629700614,191.221694946289,90.4575244692255,107.273900660073,70.0601781876135,147.684610781462,50.8295928410121,28.9240844615957,69.8946079103608,126.379700549237,109.12991168941,100.802697617804,70.0361608232771,118.535583496094,96.2571018498118,43.0261161890073,188.578918457031,106.033721336952,123.922219032465,117.186981201172,0,0,0,189.627359390259,187.977386474609,147.230422973633,239.902893066406,103.795101801554,0,122.30702154977,231.823257446289,0,145.255422973633,118.280098349361,126.201388888889,108.111752973284,0,156.637719726562,105.929580688477,143.185633919456,187.899019877116,90.7682571411133,98.2283415183043,107.388613078059,191.293304443359,198.964614868164,171.531764984131,119.915313720703,0,0,127.776701790946
83.6449739933014,0,156.491920471191,84.2072947025299,12.7500539464488,115.968046569824,43.6945531413015,74.6762436314633,94.9431050488206,57.2259704522919,18.3505814781624,160.726985168457,12.1691271784333,167.469314575195,102.553929890672,56.0260939216614,0,0,181.943138122559,191.221694946289,8.2969224082755,0,121.772338867188,138.647176106771,16.5928634353503,0,178.249244689941,195.571645100911,25.5255730856033,97.4075396451083,124.730663299561,0,128.737659454346,98.9278335571289,89.3498501697732,178.327545166016,0,0,87.5684356689453,25.8691033531118,0,148.310520172119,133.951974868774,158.958854675293,100.434301937328,157.781318473816,0,14.266012489416,0,0,98.9183712005615,0,0,0,0,50.9359950534368,0,0,0,110.078479977312,0,0,0,139.23978805542,190.877349853516,0,0,0,0,184.656967163086
73.6412867310227,98.9982169469198,70.6993399687792,57.132537078549,128.125209263393,134.984696960449,115.746209103128,72.1135376861519,105.356113945928,84.6839589205655,90.800927734375,96.4318236509959,122.487045288086,120.430935668945,94.1336876915241,116.187110900879,33.9972948261396,51.658879610805,114.995767105457,90.4575244692255,0,10.9579126055926,55.3827809975419,31.1592188035939,46.4054437412376,123.928688049316,102.955594178031,79.8135990622716,25.6993223406288,47.3772778430993,24.1781018394801,140.738958740234,158.224983215332,36.9128992853471,41.0607547323874,132.327015686035,0,123.235542426675,64.6980304623125,0,0,165.769493103027,142.732491048177,167.763600667318,112.664525985718,206.077499389648,155.292495727539,0,0,139.33694934845,0,107.557271872356,167.927271525065,0,185.386241912842,0,113.741261525016,68.8151492925413,111.353230993024,110.746637533377,0,179.84135945638,126.914711298905,116.040093181979,127.564462116786,113.073181374128,0,185.979888916016,113.813896179199,127.953462908345
94.2147899974476,17.6531001020763,56.3330715017499,24.4751701726358,70.3105784329501,141.712406158447,121.819986343384,83.7146815345401,126.307356007894,28.6727950021605,110.36716570173,113.528384980701,68.6503912607829,86.4996768817231,110.874613625663,76.9435831069946,28.781647928934,75.4162615607767,116.55439453125,107.273900660073,121.772338867188,55.3827809975419,7.96167788683549,49.3534896776985,26.2161216094658,67.2656637663129,87.3802680795843,37.2533476010593,54.8072570800781,70.0849196303125,47.7078090599977,105.157358022837,106.763633728027,47.1179989242554,67.4119553015782,103.94845199585,55.9358558654785,92.5090964948627,9.67508162647845,0,0,167.466125488281,130.342582702637,185.248647054036,83.8701839447021,165.533386230469,169.132972717285,143.541198730469,116.007865905762,140.937530517578,0,55.6232952184455,128.707510948181,135.290270487467,144.742980957031,0,70.1094946580775,17.3677313492928,64.0420819666591,98.7043755475213,115.251008987427,147.9204949273,80.7169135390528,98.8774176566831,106.505575815837,107.055800437927,0,0,0,127.237651824951
88.3493529049092,69.5122432355528,32.1461224291941,56.2074864984096,114.158525218134,154.02802141975,131.218319122105,85.3378281456902,118.95072314204,92.8087516396733,105.286141243848,81.7130405962909,139.082461547852,130.040550867716,107.623086087494,130.320533752441,23.3649839265545,23.5492924654081,99.3722714442833,70.0601781876135,138.647176106771,31.1592188035939,49.3534896776985,16.5052773718493,78.5093574967609,148.358070373535,69.3725881712511,50.8591471484098,56.0550240386461,61.7586849613613,53.743251767695,132.546008300781,154.133955001831,66.6793292627438,46.5717490086325,141.043919489934,95.5317311968122,94.1823084779907,81.3000739486129,0,200.541839599609,194.555215018136,156.197073652938,183.782386041457,130.315393066406,178.181748962402,149.977862766811,0,184.980667114258,176.360648193359,0,96.1543382812054,136.401619363338,158.714202880859,170.200009432706,0,112.882269483094,66.0785081763657,101.648389394885,131.878715923854,0,136.156369598818,99.0883690690877,127.681831526323,139.250997861226,122.44568651776,0,0,126.274825601017,122.763402609001
77.6435782269734,86.9949853685167,101.767911829655,40.1960292887119,20.2496573762641,83.1133206231253,78.8275027420843,52.7614279217578,83.5733439404031,22.122089925812,53.1275238601635,152.318284949478,12.9843324163802,138.72989654541,94.6294520650977,39.2215892615491,29.8376901415342,128.86785893626,165.503782908122,147.684610781462,16.5928634353503,46.4054437412376,26.2161216094658,78.5093574967609,12.8226950295734,118.206488883141,131.77555717235,87.2097300293661,21.5721435162714,79.1321365577944,68.1325768002041,164.831230163574,130.875428009033,65.8884924134212,82.9560605277568,130.016968671013,134.004608154297,160.005980751731,58.1920773933167,102.500915580696,189.013834635417,130.925702962008,110.572382666848,146.166229248047,61.7014051145977,120.330927817027,0,103.381725523207,0,143.755454831007,70.2224821793406,125.669834136963,172.715671539307,0,164.232192993164,98.0940650491153,138.005717515945,99.6297302246094,142.228064144359,84.0508249569422,160.054656982422,177.4383503307,151.695302911707,108.239393179757,142.142805756116,118.826027972882,0,0,117.567533392655,136.155158470417
170.295959472656,26.1012219944666,108.159547424316,30.9332355983297,156.235198974609,139.606862386068,103.205856323242,0,108.915990829468,113.007206784589,168.641593933105,36.8585521302818,141.864196777344,18.9616382668113,106.91096496582,148.698723602295,102.345012664795,66.7695052407005,52.5074456814116,50.8295928410121,0,123.928688049316,67.2656637663129,148.358070373535,118.206488883141,9.94452825995122,44.5094680752788,23.2598268637464,155.172470092773,108.727051871164,0,46.0712572733561,73.8736953735352,150.028511047363,69.5653623853411,183.826385498047,80.7884982824326,119.473517100016,38.7721307648553,0,0,0,152.957397460938,155.320831298828,132.678872631442,0,73.2031061962397,222.602478027344,56.6765877504526,0,0,0,107.530359903971,75.0676749900535,77.4811295257218,0,157.181015014648,88.8608493804932,139.391890207926,162.833202362061,40.0154776389782,68.2187938145229,66.7176344702134,212.831100463867,0,153.28953382704,71.2145001888275,0,173.020980834961,92.8696569398392
116.959354925593,43.305211682194,32.6478299119725,46.6192183928427,147.250068664551,142.613176182338,159.542527796148,129.484891807332,149.868558328292,131.441320444743,146.841227456798,30.7998396396417,158.558337211609,33.6356666148154,139.423602523667,155.85707339725,107.171805631197,40.045932207375,31.267438617284,28.9240844615957,178.249244689941,102.955594178031,87.3802680795843,69.3725881712511,131.77555717235,44.5094680752788,15.4909470221059,36.8772298759552,122.608107577346,120.247846195226,108.64859443903,35.9818751870799,128.03745131797,109.693100495772,64.7427960226052,181.038522992815,83.0618585003309,98.7833897056627,85.7792490366343,0,0,0,183.46711730957,210.047989654541,161.150496538948,220.702743530273,107.419919752537,199.944000244141,103.144332849062,200.985903226412,204.792114257812,139.973295385187,104.492317983034,103.545590848339,101.218407653331,191.860656738281,150.309700207833,112.735124187705,128.796391528586,171.938447286916,73.9366913447304,91.2755805236,96.7336212548642,172.306053670247,175.427254763517,166.702362060547,115.336594104767,233.62272644043,192.230877685547,117.46217956543
134.035317980553,31.8550811789115,30.4374936391836,41.6315639208417,116.421539306641,127.216122218541,155.060863235622,116.076988302546,146.751368951686,116.277212305982,142.590361651252,66.1394145067811,130.319936250385,38.7227058801412,143.274043087284,146.001867700796,27.4881516288902,68.2627031055638,62.4206378414604,69.8946079103608,195.571645100911,79.8135990622716,37.2533476010593,50.8591471484098,87.2097300293661,23.2598268637464,36.8772298759552,14.97009868369,80.621964492935,118.342417839165,113.376461356273,34.5310868035206,114.555469149635,121.543260834434,73.1311209693046,171.15497807094,80.4741642475128,91.6521607407295,87.0871117660423,188.269554138184,0,193.789049784342,161.287684933893,185.511861401935,149.753705458208,182.251195998419,110.914424288804,0,97.3754385293248,181.600523697702,201.776573181152,68.4852685905905,112.949131865158,105.417045916541,105.649378142486,204.326766967773,122.5965438748,67.4391581305282,99.0988242854982,149.692410586925,66.3912633121274,96.0089436620749,92.8087950685683,145.750715052828,184.7977039814,155.636915033514,111.759798881335,0,130.842323303223,119.524265169073
74.4450633299417,112.495090484619,86.7085348397247,51.2791750736288,11.451940134555,114.908809315075,67.8520681061522,27.7424528931259,77.0981635321055,48.9327961602006,23.837903238853,140.394902252954,47.9545535631567,164.892876942952,84.4389815490438,75.8985270796151,31.5421663326865,107.245006290137,143.494829911452,126.379700549237,25.5255730856033,25.6993223406288,54.8072570800781,56.0550240386461,21.5721435162714,155.172470092773,122.608107577346,80.621964492935,11.0564256723014,79.2986320047256,44.6527533237762,182.221252441406,127.561081178727,60.8783758819054,73.4538653287373,124.93963550386,167.343251546224,147.255331878662,60.2114025801558,126.741790383549,179.740666707357,147.605906332693,116.629802116981,153.013333078158,103.640060023258,141.569525173732,158.656646728516,82.5175058530724,0,141.508016881808,110.877700805664,120.217759342517,181.23668246799,0,170.199905395508,132.456772854454,117.224448021422,88.0972700242872,134.044579203095,103.442344774154,189.534545898438,208.964694976807,155.153272792271,112.69358231409,135.50029450756,115.111609526195,0,0,115.282690895928,140.289775848389
14.5369744270159,116.71407784356,134.18091463239,75.3753046867175,93.9846358921217,28.5331347003864,49.1729372108684,62.1756194485719,33.2218193020742,79.1517600519904,85.3250991461966,68.3296247309716,95.1795063090235,87.1568613837747,23.2698399982944,79.4091563017472,91.3412925004959,96.3456186026731,111.326691595713,109.12991168941,97.4075396451083,47.3772778430993,70.0849196303125,61.7586849613613,79.1321365577944,108.727051871164,120.247846195226,118.342417839165,79.2986320047256,11.4027183480125,27.0208718999986,107.006575407805,10.4130435992724,14.2214980375868,39.7822947516867,148.860076904297,116.718284606934,157.473043588492,80.2070996468527,123.777191162109,0,170.952178955078,140.674249706846,172.124957084656,133.751597086589,162.639964512416,148.593368530273,136.848922729492,114.655685424805,164.316747877333,0,164.651214599609,179.273559570312,0,185.939964294434,151.135630289714,149.44548034668,120.856638291303,158.770981140137,130.601098564582,0,154.244680023193,162.816554102404,134.025388456646,147.621342182159,123.359004053576,0,0,141.964627583822,158.561750623915
29.9000073550485,103.882467542376,93.0910309207055,56.5514739035348,91.4424563513862,116.908880534925,97.3207512921049,20.9791946067709,80.8083464464272,58.51742354962,73.3646668772544,108.147743589423,84.2024307250977,175.966924031576,63.5603733840436,81.9396047592163,71.2231481698843,72.1564708737846,123.056079571064,100.802697617804,124.730663299561,24.1781018394801,47.7078090599977,53.743251767695,68.1325768002041,0,108.64859443903,113.376461356273,44.6527533237762,27.0208718999986,9.73185816269767,0,121.582004737854,30.9511696442399,36.6084129606642,142.50342203776,128.521453857422,142.071235656738,65.0396021942594,0,0,163.354415893555,131.908442483019,158.862824289422,138.607386271159,159.080940246582,219.548370361328,0,0,148.358154841832,0,116.138996632894,173.342391967773,0,182.854797363281,0,119.750099100965,78.9588751735457,131.042152320014,112.498603924211,0,174.311172485352,150.090765598842,115.154862024794,136.620104835147,117.297659775306,0,0,126.453709556943,133.533847403019
0,67.5589392525809,94.8782776863344,74.0944703085381,191.720367431641,118.451393127441,141.92034233941,169.23014831543,129.676252746582,144.126287078857,168.248068237305,36.8951007666107,0,14.1101325514381,124.326014709473,205.259719848633,147.880981445312,119.105113380834,53.4407484387942,70.0361608232771,0,140.738958740234,105.157358022837,132.546008300781,164.831230163574,46.0712572733561,35.9818751870799,34.5310868035206,182.221252441406,107.006575407805,0,7.68469375731183,107.439938193873,129.867156982422,78.6589833612311,164.184875488281,117.694864273071,184.886650085449,88.4803791046143,0,0,0,0,0,157.821965535482,0,100.167368570964,0,91.650110132554,0,0,0,123.997869873047,102.606171219437,106.026018460592,0,0,132.899703979492,171.598655700684,0,72.4930107116699,100.390693664551,103.235381071233,0,204.488265991211,188.796239217122,105.119623184204,0,0,137.898271179199
78.6622159857499,0,147.917133076986,116.852041625977,131.495764732361,11.6596886893307,15.7846470428339,113.730481733356,18.2670999632027,127.830509185791,110.296743665423,60.1852308564397,109.396404593331,83.8758125305176,13.6114170985263,34.404820561409,157.124706268311,167.013120651245,96.0073390415737,118.535583496094,128.737659454346,158.224983215332,106.763633728027,154.133955001831,130.875428009033,73.8736953735352,128.03745131797,114.555469149635,127.561081178727,10.4130435992724,121.582004737854,107.439938193873,5.88662897568327,58.8868522644043,37.6297888168226,0,0,143.162933349609,0,0,0,0,0,0,0,210.552810668945,0,0,0,236.114334106445,0,0,0,147.650741577148,207.533096313477,235.48210144043,0,213.821884155273,0,166.820139567057,0,0,137.427848815918,0,0,0,0,0,0,0
50.6125941738006,97.8849207560221,100.10336630685,59.6792126902333,81.565154393514,137.175693511963,103.32201385498,61.0080128977735,92.8941935177507,61.7695958553216,72.9980392456055,96.4574466118446,81.3415412902832,119.171127319336,56.1512257917872,0,72.6771606445313,83.0440505981445,120.321296691895,96.2571018498118,98.9278335571289,36.9128992853471,47.1179989242554,66.6793292627438,65.8884924134212,150.028511047363,109.693100495772,121.543260834434,60.8783758819054,14.2214980375868,30.9511696442399,129.867156982422,58.8868522644043,8.21309508275507,32.345294052017,145.692474365234,0,132.968307495117,62.2546821049282,131.166595458984,0,161.999008178711,132.266839550387,178.131929397583,166.765884399414,184.074111938477,0,0,0,158.374237060547,0,114.834800720215,177.423858642578,0,0,144.470413208008,120.296140670776,122.338239397321,130.196821594238,112.987456321716,0,156.964604695638,162.687662124634,118.16350769043,147.456136530096,114.247809637161,0,0,118.969060897827,135.371531350272
75.7557204723358,67.9555099595268,63.614323365722,68.4032696954778,88.7641176252223,38.9184991507695,74.1607623246749,81.671829774387,64.7391211095747,84.8703811645508,83.6156067173038,29.2938783525458,93.3148622339422,57.9831537018712,60.6286257001743,90.0951080322266,83.3601115014818,38.4198301739684,64.4188978887444,43.0261161890073,89.3498501697732,41.0607547323874,67.4119553015782,46.5717490086325,82.9560605277568,69.5653623853411,64.7427960226052,73.1311209693046,73.4538653287373,39.7822947516867,36.6084129606642,78.6589833612311,37.6297888168226,32.345294052017,11.6659581638607,132.87858581543,86.9963582356771,111.152502720652,85.630701464276,136.572554016113,0,160.72025680542,151.514405684038,182.286068725586,143.561012268066,174.749869210379,173.444957733154,0,120.368525187174,167.299962361654,0,114.970628992716,133.844674825668,103.379211425781,142.453462873186,186.264762878418,124.397342409406,89.3583214248436,117.800971291282,128.021890243681,92.9783744812012,126.124949222853,116.26325658542,132.905613161483,154.88905843099,134.123368835449,157.845321655273,0,149.946075439453,146.898794386122
0,0,173.639633178711,152.370681762695,143.847076416016,0,244.625686645508,132.382942199707,139.172924041748,0,148.707107543945,195.536064147949,0,0,172.355590820312,0,124.630615234375,146.328018188477,0,188.578918457031,178.327545166016,132.327015686035,103.94845199585,141.043919489934,130.016968671013,183.826385498047,181.038522992815,171.15497807094,124.93963550386,148.860076904297,142.50342203776,164.184875488281,0,145.692474365234,132.87858581543,8.50652484797684,133.702938079834,115.182921303643,74.205709409313,87.2672500610352,71.9102698432075,80.0318801367461,27.1515565955112,52.9607476182232,69.6972574346206,65.6409571218972,122.987413926558,80.4300768452306,139.459930419922,13.1373806989829,0,93.1609629117525,108.671043949127,141.930993593656,116.360202312469,73.2676586282664,78.2399275467692,102.440129779634,95.3324559009651,74.0377920920696,136.823501586914,128.74285377612,135.330224853853,74.2728328051632,15.3269067889118,26.0431591391563,162.206141153971,79.8250327477088,19.3043855704943,62.9754595296489
0,93.361385345459,75.5571702128709,59.5033543904622,0,0,0,147.398315429688,176.139928181966,160.812622070312,180.084136962891,121.161075592041,0,88.9773662451542,183.615432739258,0,132.43323135376,85.278995513916,120.125535964966,106.033721336952,0,0,55.9358558654785,95.5317311968122,134.004608154297,80.7884982824326,83.0618585003309,80.4741642475128,167.343251546224,116.718284606934,128.521453857422,117.694864273071,0,0,86.9963582356771,133.702938079834,7.72173652912584,44.2142647898846,14.6131590136607,0,0,201.067573547363,122.572214338515,153.339874267578,72.3304544618231,152.380661010742,81.6628819306691,109.486694335938,59.2299619078111,134.270634969076,112.202580769857,66.6301860809326,54.0111965875903,92.8084270770733,70.1888328733898,0,99.7214352289836,17.7855950683693,72.8916573917164,72.2984358641478,21.1776428094353,44.1475657302968,30.4866515624133,131.108796437581,125.758972930908,107.062485013689,79.6207114325629,0,0,67.3283744356525
186.208323160807,101.024166652134,89.7603368821487,71.467177492507,0,0,192.213766479492,158.514467366536,180.304301386294,185.701344807943,179.791500091553,136.611128913032,0,142.895002365112,181.523858642578,0,107.259437060747,105.802272276891,131.295933532715,123.922219032465,0,123.235542426675,92.5090964948627,94.1823084779907,160.005980751731,119.473517100016,98.7833897056627,91.6521607407295,147.255331878662,157.473043588492,142.071235656738,184.886650085449,143.162933349609,132.968307495117,111.152502720652,115.182921303643,44.2142647898846,13.8390179664887,55.9717432250977,247.223098754883,171.455053710938,144.164997530299,101.522119560992,130.025201040666,123.646903991699,115.946728335824,90.3198699951172,169.475238800049,98.2803597799162,122.960361245126,137.444934844971,82.9890857528854,44.8840364902277,101.285899144953,75.6043542253039,162.266693115234,72.3336436497346,42.5934729000066,36.3458131218252,112.340835719433,84.3516739739312,27.0613347225809,33.3912204887903,77.5734310786266,133.495523415723,87.598623008485,88.1409721374512,189.673629760742,117.544829913548,69.4647428585258
84.0243022918701,148.209625244141,117.430755615234,13.1526276727188,77.7802380455865,0,98.9891426086426,76.9083877563477,103.090300397175,11.1953064439405,93.3877475962919,83.6461685180664,85.49485206604,60.9231090545654,106.013614463806,72.4757828712463,60.3008906102813,113.758853803362,94.7248787879944,117.186981201172,87.5684356689453,64.6980304623125,9.67508162647845,81.3000739486129,58.1920773933167,38.7721307648553,85.7792490366343,87.0871117660423,60.2114025801558,80.2070996468527,65.0396021942594,88.4803791046143,0,62.2546821049282,85.630701464276,74.205709409313,14.6131590136607,55.9717432250977,10.2277389466763,60.5583821868896,130.594676971436,89.2143987019857,63.1865095517632,92.6961783857535,36.7973295289574,77.4485661746891,62.0723498173249,78.7558374404907,42.5368229909377,88.6800002037211,82.8434181213379,55.6844053395589,56.3539880845282,68.5477873484294,75.1289444316517,78.2990497242321,57.6725804939699,37.5474873033397,73.0692465540188,36.6486005040403,16.0225021518991,41.8619680063127,40.0531720661236,51.8219571295271,76.5112999853809,60.8180824322889,66.4473901895376,119.650543212891,63.5662214171212,68.9115682852389
