12.5576875289252,100.8204981486,100.2213874499,74.0449997701763,81.8570616585868,86.5980715070452,87.7576320045873,31.5659304069015,50.4044866449985,67.0050976344517,52.9811598182355,116.246442159017,90.1165605272566,132.86149597168,13.9232178662295,93.7061589558919,119.492266337077,96.5654176302421,135.863339015416,119.898226016905,99.2927939675071,83.4417452460167,94.0666568980497,93.1108493387264,80.7160375550736,174.976547241211,118.014278737351,120.615091470572,79.1307340789449,16.4137308473335,32.9067796614173,0,88.8279809390797,44.8212763903892,66.217706400156,128.356094360352,0,0,81.2632360839844,90.686408996582,0,170.220474243164,130.19923248291,164.875982920329,0,168.256380081177,0,0,0,154.363128662109,0,131.031768798828,174.094278971354,0,197.915893554688,0,141.929676055908,105.449813842773,127.689331054688,125.2494119343,0,198.845275878906,168.039262624887,150.468587875366,158.118542671204,127.008586883545,0,0,131.491778055827,153.149227142334
100.8204981486,6.77384936490798,48.2185604438353,13.6032721087148,0,123.131633758545,149.203212738037,118.264747619629,145.669872828892,63.5712605162755,193.618469238281,58.9327582874517,93.0853335062663,51.3380538096725,130.298200819227,113.502179463704,46.5606655478477,56.1744032655087,68.7001618018517,63.4646353525658,0,114.006547292074,22.3211268383448,58.8252986339813,73.6810019536002,20.8611446308613,55.0563033421834,29.7311235838355,94.7988789876302,111.742116754705,103.292976828182,63.3021592568225,112.052593231201,109.866607666016,64.6424459512683,178.171157836914,96.4946975708008,115.717069898333,65.1437034606934,0,0,210.597457885742,138.636322021484,0,0,139.315246582031,146.545104980469,0,92.8784985860189,167.899993896484,0,0,103.451560974121,121.91667175293,107.573482513428,0,141.815551757812,101.667322158813,0,155.58219909668,71.0066146850586,90.0915137272255,92.5684564133321,140.73957824707,0,0,112.370662689209,0,0,110.870380401611
100.2213874499,48.2185604438353,11.8386951504347,49.6913508592824,143.794916788737,153.368992275662,133.298167695805,96.8514959215524,125.634560745499,108.522770115587,111.78719338195,82.4389209747314,135.442905650419,86.0719394683838,117.010556903658,137.473474463638,100.185268583752,38.9230011722705,88.0385895380898,69.4390279260715,109.00171661377,69.7092789922442,57.7010065714518,32.1424825871479,113.19287517223,0,30.8184358469122,33.5651472201355,100.643368164822,116.053566832551,82.1554419117057,85.4966558641003,162.3067623636,108.982217179968,63.7416312631121,0,90.7698264488807,96.4569479255546,81.2264150472788,198.1740234375,0,199.09920501709,173.591069539388,198.231600443522,186.003128051758,193.466795349121,122.297411600749,0,136.050524393717,185.035398483276,0,130.476796468099,107.31035696742,143.12606048584,123.88533946446,0,130.020479838053,70.0064071655273,119.851505545683,162.918915041031,0,102.184223889462,94.6901794622044,178.323163986206,189.032000223796,165.31131362915,0,0,0,118.879080963135
74.0449997701763,13.6032721087148,49.6913508592824,18.3363423220429,82.1077995300293,105.089570726667,92.3155624450199,59.6012702999693,87.9205940940163,37.9772558930276,78.6249597186134,59.4819496744047,74.6263216458834,40.5081355468087,87.6449578844076,95.87559777719,39.0296972439053,61.3287260461762,57.05060523326,68.4134483575821,102.335847473145,55.9909395422626,25.4626920763006,51.8433271448265,39.02557484801,17.732030996784,57.4932071528077,36.960114637755,58.5856720721702,76.7994729243287,57.2481355078945,56.9132265640517,120.457319259644,59.1858602096606,63.8601630372428,104.883118438721,51.5117494409735,62.547585642615,15.8826554754506,95.4516230991909,0,119.527444839478,103.020748410906,141.162640041775,110.141138712565,108.906049940321,88.694694519043,83.708517074585,65.7140274047852,100.063042195638,0,55.7698367892995,73.6137415885925,83.8708996242947,92.6263182266899,125.207084655762,65.0381565223746,15.0080037221231,61.6770574574871,63.0089685368665,29.2779601414998,73.1315559026763,56.6967369724404,79.2699338256336,88.870003266768,75.6584655588323,85.510383605957,133.287246704102,87.9864188300239,71.9517825358623
81.8570616585868,0,143.794916788737,82.1077995300293,9.39042957699198,111.598048283504,71.3021689174578,51.6686258997236,90.1204237091407,53.6682936999263,24.343776494025,148.981479644775,31.8845727107159,0,102.185716996282,77.6988650462666,99.2676849365234,160.833801269531,0,169.363418579102,12.8855557728024,112.353192138672,75.4128608703613,108.503369649251,14.348506209155,0,170.347234090169,127.106847127279,17.1147449472157,98.2475686148311,115.899636268616,0,131.432055305032,88.880392964681,97.4125338373957,184.110870361328,0,208.012203216553,90.6028656592736,14.6478336824113,208.216201782227,164.992213112967,141.778467325064,162.308820088704,102.934993519503,96.5945019960403,0,65.4736005098392,0,185.421312332153,183.444885253906,0,200.955825805664,0,209.742126464844,66.4956020769083,135.354751586914,125.197513580322,0,122.052596569061,0,224.063171386719,201.951944986979,129.867610869425,182.532241821289,0,0,217.890736897786,160.276455688477,177.084936777751
86.5980715070452,123.131633758545,153.368992275662,105.089570726667,111.598048283504,8.55014262210719,11.8119144176946,104.01122947792,24.2230780442624,65.7571768509714,99.3722686462402,55.2782018705628,63.8541480582833,90.6454856178977,30.1386582097484,15.8630237989365,0,142.497428349086,87.8253321329753,104.089981079102,103.465209415981,145.258755770597,99.2486839294434,141.757356082692,94.8947466800087,105.499323527018,143.559791292463,130.951495294986,116.555465698242,20.7404683549525,113.413273979636,96.074348449707,12.4949432048021,140.920972824097,32.425956737185,0,0,0,0,185.809425354004,0,0,182.449966430664,212.323928833008,164.914245605469,0,0,107.732334136963,0,194.504364013672,97.2852554321289,0,0,0,0,211.299163818359,0,0,0,163.231721144456,0,246.647323608398,168.981086730957,175.191800435384,205.031855265299,0,0,0,0,223.544662475586
87.7576320045873,149.203212738037,133.298167695805,92.3155624450199,71.3021689174578,11.8119144176946,9.34903677439691,70.7969998740331,22.1218169547581,76.686797606945,41.6022888764136,69.341949670965,19.9758479223169,131.99833540483,44.7607735257676,11.7571247768589,132.691809654236,136.137174379575,141.569637298584,151.019017614969,66.4005088582809,116.391788346427,115.302349090576,125.227669536765,86.5351580679417,79.346305847168,154.175539864434,151.509945592136,78.7229569987427,48.0008794132475,92.6883722941081,175.679078102112,17.99413972796,99.2427561442057,77.9140023496962,160.486795043945,169.365875244141,195.828216552734,102.39436340332,150.842748914446,0,184.094743058488,147.75177019492,171.347514421512,140.566912137545,168.308434981334,0,127.695912961607,0,177.250446864537,0,0,0,0,222.112121582031,149.621697275262,0,162.12698059082,199.701126098633,137.580836271116,0,218.403864542643,190.432283673968,155.537241838416,186.430232399388,160.549153137207,0,229.689325968424,158.551692962646,174.30108165741
31.5659304069015,118.264747619629,96.8514959215524,59.6012702999693,51.6686258997236,104.01122947792,70.7969998740331,9.9673247716375,60.3155004673434,56.8049060671937,17.5702777826027,137.709818290942,54.7038171397315,153.955257415771,47.5749018642031,80.8128144264221,90.2662038616106,103.868086334403,149.642432472923,139.212214101659,75.4318585029015,70.0729179094553,85.362558260831,82.2241302569183,57.7235092447794,0,122.899878996517,113.064516410974,33.2917612771607,58.948051711695,23.9147892478559,159.730723266602,112.977629004584,70.2351372409019,89.5790850371122,132.157192230225,166.75666809082,162.510454813639,69.046998692655,139.119894738291,180.840728759766,157.764503126878,130.03873610063,151.090534235468,104.695668962267,140.248471973012,194.769775390625,140.107885921703,0,154.531156158447,166.783050537109,161.283582051595,178.167165120443,0,209.106262207031,143.077428436279,133.572366441999,112.919264221191,137.950981140137,112.403257121737,0,184.075692749023,161.03800722758,127.172549798389,149.001953190208,124.338905552455,0,217.703643798828,129.309911891392,140.320971655467
50.4044866449985,145.669872828892,125.634560745499,87.9205940940163,90.1204237091407,24.2230780442624,22.1218169547581,60.3155004673434,11.8087546711182,84.8533449613131,35.0910898727557,69.808230065862,39.8777907868012,125.300144564721,19.4304202334268,32.0665284835812,118.849484034947,127.334643868839,143.853637563771,144.599870106531,89.3389614001101,106.947475785711,120.597608884176,116.81256675194,89.1262019354071,76.484245300293,146.140276806975,140.200388821689,78.5952681136883,39.0267537753907,81.5859895898502,165.124917061098,26.4462566093312,94.998173572399,66.2414647302952,158.157691955566,0,197.132611592611,102.5730221397,149.025687199013,0,186.621538469868,151.94056597623,174.451951756197,130.914776141827,168.399940078323,245.680084228516,161.614380391439,0,188.221937052409,189.912943522135,150.038513183594,217.074859619141,0,229.11979675293,168.318543933687,169.9658203125,158.131309509277,155.839828491211,138.476101468426,0,206.119030422635,185.980587299053,152.542250993744,173.999436840569,165.058755727915,0,237.213333129883,163.215229636744,172.342988695417
67.0050976344517,63.5712605162755,108.522770115587,37.9772558930276,53.6682936999263,65.7571768509714,76.686797606945,56.8049060671937,84.8533449613131,7.88512363517578,67.9875489650629,122.339766772825,7.5380066896978,115.749253264097,88.4448364115207,13.1265248459608,82.6921844482422,111.781314072786,136.667593383789,124.684494163876,25.9439990050356,96.2153230031331,24.2865639490872,104.344079180462,22.7333226459947,99.6438218327879,120.005699995625,98.5572175613093,53.8245691950588,74.6591600355331,57.862402931372,133.818490600586,109.8484375,61.3675729955138,88.7234117320326,104.220882415771,176.762954711914,143.595306396484,43.7161782004616,107.756454467773,0,152.043978881836,105.521522045135,135.830053601946,48.941712697347,107.616410732269,185.386337280273,53.332186126709,137.83798789978,178.713076782227,71.8477935791016,0,190.673156738281,172.030548095703,173.334579467773,119.614326477051,146.147666931152,83.7072038650513,189.822906494141,82.3042490795405,0,162.242301354041,166.329655088227,104.919931445205,150.849599838257,111.365282694499,0,0,0,139.035771179199
52.9811598182355,193.618469238281,111.78719338195,78.6249597186134,24.343776494025,99.3722686462402,41.6022888764136,17.5702777826027,35.0910898727557,67.9875489650629,13.8792599491011,138.376416915502,42.0436374092009,214.708717346191,64.6462170966183,71.8932020379453,101.342239379883,135.290710228077,178.370407104492,160.914115360805,15.6407096160012,83.9234565814752,106.549565269834,98.5950726218846,57.5153605963113,0,139.127424365746,124.495905629705,37.0149480646332,91.67972596243,67.7417936325073,164.159806993273,115.417519743219,83.4549336115519,94.5993353995832,177.929733276367,0,187.221923828125,91.1415859858195,20.1535301850824,0,170.124713752843,144.11192045107,167.339489103618,111.263730666217,155.963998413086,0,111.127519769184,188.224029541016,179.435377449825,171.780598958333,172.026260375977,220.207366943359,0,0,151.214404310499,204.962112426758,134.504919687907,196.961634318034,127.559768795503,0,206.051271438599,186.104363074669,144.264374062419,171.156851009447,166.187444051107,0,226.247848510742,159.543573232797,159.599767933721
116.246442159017,58.9327582874517,82.4389209747314,59.4819496744047,148.981479644775,55.2782018705628,69.341949670965,137.709818290942,69.808230065862,122.339766772825,138.376416915502,14.5375007217986,122.73513684954,18.2272515577414,68.5939480461114,76.0063588568505,107.718672616141,50.320687505934,25.9589235791838,26.0563718210128,145.841858863831,101.831805401538,90.7005234188504,98.2813094876847,141.625373477028,31.1321652011337,22.6810832122575,53.7881608529879,140.306433836619,55.3689387878397,92.4646733999252,34.2097568357228,58.6013122030454,89.4975558810764,22.8923024266355,0,123.04500579834,145.567291259766,93.3951697349548,0,0,163.119262695312,210.451812744141,191.68446858724,0,187.203598022461,94.8300290315048,133.667892456055,78.9954303819306,0,0,0,123.428375244141,100.650903701782,108.585178233959,0,0,121.654573440552,0,197.431339808873,69.1668825149536,98.3573023309771,98.0125318820051,219.280548095703,222.248321533203,0,96.1738181480995,0,0,132.278326246474
90.1165605272566,93.0853335062663,135.442905650419,74.6263216458834,31.8845727107159,63.8541480582833,19.9758479223169,54.7038171397315,39.8777907868012,7.5380066896978,42.0436374092009,122.73513684954,12.5869567386786,154.097143554688,101.807567035745,18.2222848939159,101.979415893555,147.897691090902,184.519302368164,146.879043579102,15.6874899752504,121.21230506897,72.8527193069458,135.768773555756,24.5911444198532,148.619644165039,165.257306235177,134.639630094488,49.9959015321115,98.3034042046995,118.357152498685,166.094039916992,93.0055856047005,85.2719532893254,102.760860782199,150.591659545898,0,0,109.592367172241,74.6561253331289,235.112777709961,110.866808779099,138.91876411438,140.933219768383,79.7650489807129,60.6640847308488,173.616149902344,16.0295859365883,0,127.818355560303,67.2824338277181,0,0,0,227.863647460938,21.7910503221721,160.686492919922,140.969501495361,169.587326049805,117.007747348264,199.454330444336,178.012725830078,179.889762878418,133.291161911828,134.931906338396,135.2138671875,0,145.902275085449,0,121.32248840332
132.86149597168,51.3380538096725,86.0719394683838,40.5081355468087,0,90.6454856178977,131.99833540483,153.955257415771,125.300144564721,115.749253264097,214.708717346191,18.2272515577414,154.097143554688,8.08774910404839,104.358371132299,150.846270047701,0,92.6402290344238,48.2987041727702,61.9755730836288,0,126.48957824707,83.718009612885,133.902002334595,129.002718203913,19.9135624973706,23.3602401694301,32.2849125619984,149.884162209251,108.938584790911,128.647274017334,12.2202540084516,78.1681439825829,144.304769897461,57.2980853239695,0,102.173062086105,135.537963867188,56.7835426330566,0,0,0,0,0,148.925374984741,0,78.8170417785645,0,42.40138699841,114.073669433594,0,0,138.377067565918,89.5947667635404,95.5124808895972,0,0,118.968313043768,189.041275024414,159.185966491699,61.3555236244202,89.3501345527093,85.8800928225884,201.965240478516,135.67350769043,0,85.0175047654372,0,0,108.737668908161
13.9232178662295,130.298200819227,117.010556903658,87.6449578844076,102.185716996282,30.1386582097484,44.7607735257676,47.5749018642031,19.4304202334268,88.4448364115207,64.6462170966183,68.5939480461114,101.807567035745,104.358371132299,9.74183456043264,51.4660002330564,122.352592945099,112.924968423561,123.369702397561,125.532802268311,102.733234232948,97.36365986003,112.584458033244,107.822600465332,93.0634014285341,95.0244729178292,134.357298920794,132.612927382401,91.4712151196601,21.5917504492718,63.3194137414804,145.739761543274,18.3199151948144,44.9464033991361,51.528520330317,161.664515177409,0,179.189450073242,99.9478142747601,152.624846140544,0,186.370053482056,155.767895876706,176.946900445062,139.955589294434,171.833661433629,248.052978515625,177.7300894601,0,181.398536561027,215.177513122559,143.144046783447,207.712661743164,179.657363891602,210.7333984375,177.213481903076,151.449992497762,146.848307291667,179.963572184245,142.943070127764,157.151992797852,182.449346923828,170.205515785823,157.989467990837,178.77611740497,162.115038190569,0,228.090240478516,163.529738289969,162.605237770081
93.7061589558919,113.502179463704,137.473474463638,95.87559777719,77.6988650462666,15.8630237989365,11.7571247768589,80.8128144264221,32.0665284835812,13.1265248459608,71.8932020379453,76.0063588568505,18.2222848939159,150.846270047701,51.4660002330564,7.52339525678379,0,140.307525634766,166.147491455078,145.678567886353,48.2508239993801,138.647335345928,81.4846572875977,129.924597693271,51.4765121170969,139.71826171875,158.786277977196,139.175212496803,86.5886314561632,55.4794532241524,96.944286933312,177.067270914714,36.6160300878378,97.3636837005615,71.7427686227335,0,0,224.194122314453,114.950881110297,121.66169128418,0,208.594451904297,153.014186314174,181.177571614583,70.0216242472331,157.934698486328,0,65.2350389817182,0,194.594223022461,0,0,0,0,0,107.422538757324,0,0,0,130.776854378837,155.251892089844,0,168.750267028809,150.911229027642,187.482894897461,146.889587402344,0,0,0,170.863555908203
119.492266337077,46.5606655478477,100.185268583752,39.0296972439053,99.2676849365234,0,132.691809654236,90.2662038616106,118.849484034947,82.6921844482422,101.342239379883,107.718672616141,101.979415893555,0,122.352592945099,0,11.8493168076608,99.7843508864894,148.044438680013,112.224951982498,0,28.3904768449957,27.4753806702381,24.6424960730188,26.2151173573306,111.8660252889,116.41579875946,35.2509565645072,47.2696108561616,117.650208972749,76.4114562197274,0,0,82.5061478248009,83.4824848592716,151.472290039062,0,117.110490112305,64.4443215590257,0,0,0,146.202682495117,184.965240478516,0,0,0,0,0,162.741823196411,0,100.555327425832,143.505725860596,0,143.822937011719,0,110.726924423344,56.7337492747479,98.6374069050274,117.765596618652,0,149.339252471924,109.979642985417,118.522742462158,138.033937072754,121.180486505682,0,0,126.786594390869,111.877591451009
96.5654176302421,56.1744032655087,38.9230011722705,61.3287260461762,160.833801269531,142.497428349086,136.137174379575,103.868086334403,127.334643868839,111.781314072786,135.290710228077,50.320687505934,147.897691090902,92.6402290344238,112.924968423561,140.307525634766,99.7843508864894,10.7613387575725,50.7357120861409,23.0013252172904,158.009403991699,60.9994407582,73.0589692171882,32.4341914681183,121.236413319906,79.0865127563477,40.1460449740545,64.2113396289646,120.752327775533,91.970443919032,69.0851784542932,102.299845559256,121.716415405273,78.5206617027822,35.0746272780439,203.374221801758,93.1625116136339,110.257871785295,93.7977719306946,0,0,0,202.3224512736,198.779541015625,167.06721496582,147.951095581055,140.62960357666,0,117.54076385498,216.304260253906,0,128.239212989807,122.487318250868,130.385026114328,135.282562982468,0,158.774302891323,75.7832304636637,133.262802124023,172.837329319545,147.017105102539,111.608671569824,107.087705410593,175.856782393022,176.873886108398,169.747082519531,0,0,193.755218505859,137.885549105131
135.863339015416,68.7001618018517,88.0385895380898,57.05060523326,0,87.8253321329753,141.569637298584,149.642432472923,143.853637563771,136.667593383789,178.370407104492,25.9589235791838,184.519302368164,48.2987041727702,123.369702397561,166.147491455078,148.044438680013,50.7357120861409,8.4420397485707,18.5562791426894,0,128.842921786838,108.64153159537,117.592651965571,151.859970756199,45.5220853069372,29.3097882779208,60.1811226025171,159.841720581055,114.978017751453,119.420867919922,49.1113547297779,89.7124670905036,113.881875174386,59.4996881154709,0,100.665916442871,147.917007446289,90.1793195936415,0,0,0,0,178.101531982422,167.680969238281,0,99.5628223419189,0,99.5668036882267,0,0,0,135.575576782227,104.64190937389,109.871973289634,0,195.668075561523,148.738586425781,160.666061401367,209.877100626628,83.1477887080266,101.415104862773,101.730821956745,0,182.439819335938,189.276588439941,111.663006083171,0,0,123.643701441148
119.898226016905,63.4646353525658,69.4390279260715,68.4134483575821,169.363418579102,104.089981079102,151.019017614969,139.212214101659,144.599870106531,124.684494163876,160.914115360805,26.0563718210128,146.879043579102,61.9755730836288,125.532802268311,145.678567886353,112.224951982498,23.0013252172904,18.5562791426894,13.069418581779,142.130798339844,92.8816904025063,96.1701992898092,79.7761218116883,138.224320729574,46.8514664014181,37.8141928335288,63.9563493830605,141.489376908642,104.967553840551,91.7809954406941,52.8401092341003,81.6761355149118,91.3169992755911,43.7204389090577,221.555770874023,119.266471862793,123.610555013021,94.128239440918,0,0,0,224.213033040365,0,169.922592163086,234.618560791016,109.019119262695,0,104.43505014692,223.557998657227,0,148.311083475749,131.215218544006,108.76407043457,108.422508181948,0,147.550193786621,100.743613503196,166.494181315104,204.582772391183,104.35986328125,102.126377098937,105.503937841797,0,180.191122436523,170.352828979492,115.546342849731,0,0,121.139404602051
99.2927939675071,0,109.00171661377,102.335847473145,12.8855557728024,103.465209415981,66.4005088582809,75.4318585029015,89.3389614001101,25.9439990050356,15.6407096160012,145.841858863831,15.6874899752504,0,102.733234232948,48.2508239993801,0,158.009403991699,0,142.130798339844,8.46458997174038,0,81.7960408528646,141.510338919503,16.2778383244024,0,175.973480224609,211.013053894043,26.6612218984108,96.37158190324,161.482177734375,0,122.580233666205,81.277811050415,96.8569791479018,0,0,0,94.3671312332153,21.0057068762153,0,156.275531768799,154.129553222656,179.650274549212,74.5599273681641,133.541381912231,0,13.2121097275189,0,147.963268280029,71.0377578735352,0,0,0,0,27.2305516096262,0,0,0,118.83586359024,0,0,0,120.927645440829,168.394613647461,0,0,0,181.498794555664,188.276987711589
83.4417452460167,114.006547292074,69.7092789922442,55.9909395422626,112.353192138672,145.258755770597,116.391788346427,70.0729179094553,106.947475785711,96.2153230031331,83.9234565814752,101.831805401538,121.21230506897,126.48957824707,97.36365986003,138.647335345928,28.3904768449957,60.9994407582,128.842921786838,92.8816904025063,0,12.4758435729926,55.7058929870759,33.1525837231216,68.2344533322744,122.184585571289,104.443910382829,78.3027192628275,36.4279328272521,70.0054416569954,31.5158020960204,145.640979003906,146.063755289714,56.1598818364637,45.0103184387192,127.465852737427,0,124.76652804288,90.0290849619898,0,0,162.132057189941,153.150826772054,171.354391098022,0,174.336639404297,0,0,0,152.209553527832,0,108.147324702779,136.871981048584,0,166.342163085938,0,112.662767832153,77.2394582748413,111.234696365858,121.177416408763,0,204.579681396484,128.807056681315,125.951840718587,142.46580786454,117.207901388912,0,195.74055480957,131.279909769694,127.009208454805
94.0666568980497,22.3211268383448,57.7010065714518,25.4626920763006,75.4128608703613,99.2486839294434,115.302349090576,85.362558260831,120.597608884176,24.2865639490872,106.549565269834,90.7005234188504,72.8527193069458,83.718009612885,112.584458033244,81.4846572875977,27.4753806702381,73.0589692171882,108.64153159537,96.1701992898092,81.7960408528646,55.7058929870759,7.9581677138272,48.7063199959549,32.2938864503021,68.607162227352,86.3903983501678,34.6030758556042,56.8932416121433,87.1458109075373,59.8752649690463,101.090696115963,139.701538085938,68.5843330051588,65.8745745867005,108.438154220581,127.215038299561,61.256002836961,44.1365549014165,0,0,163.613288879395,114.422975921631,150.483662605286,0,126.327255249023,150.505241394043,148.16015625,135.254257202148,130.379853142632,0,55.4200343099134,89.9608799162365,150.255477905273,141.381863185338,151.581466674805,68.2808836503462,13.5563047019714,59.0376966569105,99.3339118049258,127.358390808105,128.688080898551,61.0623942145623,98.7449415106522,110.464845929827,109.175366915189,0,0,101.266705513,85.5494144439697
93.1108493387264,58.8252986339813,32.1424825871479,51.8433271448265,108.503369649251,141.757356082692,125.227669536765,82.2241302569183,116.81256675194,104.344079180462,98.5950726218846,98.2813094876847,135.768773555756,133.902002334595,107.822600465332,129.924597693271,24.6424960730188,32.4341914681183,117.592651965571,79.7761218116883,141.510338919503,33.1525837231216,48.7063199959549,19.5916292519352,70.5417829271706,154.444496154785,70.4096466853638,44.2031093401255,70.735061573861,90.3729900200983,53.7185023650178,122.130104609898,152.274666451119,70.3659323655581,51.2631019056331,171.198483276367,120.103340148926,100.384186611083,95.6660625338554,197.889053344727,0,211.429495239258,159.210326648149,188.378353118896,216.424224853516,174.216631802646,0,224.718368530273,0,178.374358604694,0,102.55720067089,117.910021297267,0,151.507772345292,176.777725219727,121.825465742949,62.2894246596699,104.938439192086,142.109555802255,0,128.488200156919,99.0853408365344,142.488669241628,183.340097699847,137.974867876838,0,0,190.406845092773,123.348334220991
80.7160375550736,73.6810019536002,113.19287517223,39.02557484801,14.348506209155,94.8947466800087,86.5351580679417,57.7235092447794,89.1262019354071,22.7333226459947,57.5153605963113,141.625373477028,24.5911444198532,129.002718203913,93.0634014285341,51.4765121170969,26.2151173573306,121.236413319906,151.859970756199,138.224320729574,16.2778383244024,68.2344533322744,32.2938864503021,70.5417829271706,12.6691082042508,109.419799024409,137.387810647325,89.4591693152965,24.7123349698463,82.7252754718995,68.2207111925947,145.122907002767,129.002365699181,69.4680235105254,85.2338937349989,124.474848277533,139.924594116211,142.002491950989,53.9117466684734,118.397976782515,186.067565917969,140.084003461245,114.212207936986,138.96956149422,72.236750543645,127.337057015204,195.84874420166,123.197193145752,163.939173380534,142.576419175273,129.540013631185,111.382367954698,167.119515736898,0,185.83996963501,127.361622103523,110.69945486268,86.1061574711519,124.253566372779,92.1337122751025,180.909576416016,171.433114624023,146.649011748178,112.05292297537,136.646684394118,116.416617429709,0,188.467567443848,114.158623923025,128.636041403716
174.976547241211,20.8611446308613,0,17.732030996784,0,105.499323527018,79.346305847168,0,76.484245300293,99.6438218327879,0,31.1321652011337,148.619644165039,19.9135624973706,95.0244729178292,139.71826171875,111.8660252889,79.0865127563477,45.5220853069372,46.8514664014181,0,122.184585571289,68.607162227352,154.444496154785,109.419799024409,6.25641079601605,47.4665571043763,16.4890538536714,129.286487579346,96.5725763108995,137.33097076416,46.1335140864054,76.9890327453613,136.388214111328,59.7996702194214,0,88.8705132802327,0,56.0709462165833,0,0,0,0,0,124.277050018311,0,76.7754066173847,0,64.272029970899,0,0,0,0,77.5642307599386,86.0971294202303,0,0,112.336018880208,0,0,45.8478695460728,71.4770763578869,71.4472339763796,0,138.812545776367,0,76.7542236873082,0,0,97.7253813310103
118.014278737351,55.0563033421834,30.8184358469122,57.4932071528077,170.347234090169,143.559791292463,154.175539864434,122.899878996517,146.140276806975,120.005699995625,139.127424365746,22.6810832122575,165.257306235177,23.3602401694301,134.357298920794,158.786277977196,116.41579875946,40.1460449740545,29.3097882779208,37.8141928335288,175.973480224609,104.443910382829,86.3903983501678,70.4096466853638,137.387810647325,47.4665571043763,17.0363986717217,41.6367257492266,133.111577623881,119.764355092213,107.808836583491,28.5715250754979,126.568011185219,111.19431925163,65.0956658909635,182.967755635579,102.857832975166,116.676368817891,94.1956142159395,183.417381286621,0,224.456840515137,179.189808654785,210.798132324219,171.933090209961,221.456413269043,101.765408766897,0,98.2805392064086,188.147426605225,0,148.606620788574,119.060168075562,101.736351931005,100.638134257809,227.848968505859,168.969310760498,107.516662445068,153.29315589456,189.790654296875,82.8478182917056,95.1866949767463,98.1686501770344,213.017150878906,168.087014770508,169.476651278409,103.634658321258,0,171.189907073975,110.392082330835
120.615091470572,29.7311235838355,33.5651472201355,36.960114637755,127.106847127279,130.951495294986,151.509945592136,113.064516410974,140.200388821689,98.5572175613093,124.495905629705,53.7881608529879,134.639630094488,32.2849125619984,132.612927382401,139.175212496803,35.2509565645072,64.2113396289646,60.1811226025171,63.9563493830605,211.013053894043,78.3027192628275,34.6030758556042,44.2031093401255,89.4591693152965,16.4890538536714,41.6367257492266,17.9030069087237,89.1056815406516,121.747906110373,109.291615372575,32.8609910932398,121.232192160866,113.263348995651,69.0119225282269,171.028403145926,97.0363647824242,92.4796673456828,80.3809501872343,206.010961914063,0,231.306498209635,162.721206851122,184.799345300553,167.179810744065,183.610229492188,99.9421931941335,209.621948242188,91.4858424760319,186.815183258057,201.705604553223,108.380355414698,107.656322102064,97.1129227895585,100.675598478739,185.62548828125,143.353185193292,57.748049679759,101.963940164845,152.882200453016,80.122392072516,92.5396705175801,90.6792508516142,160.47372647799,165.597692316229,148.914945644803,101.937097483668,188.5244140625,156.854198802601,109.269303432204
79.1307340789449,94.7988789876302,100.643368164822,58.5856720721702,17.1147449472157,116.555465698242,78.7229569987427,33.2917612771607,78.5952681136883,53.8245691950588,37.0149480646332,140.306433836619,49.9959015321115,149.884162209251,91.4712151196601,86.5886314561632,47.2696108561616,120.752327775533,159.841720581055,141.489376908642,26.6612218984108,36.4279328272521,56.8932416121433,70.735061573861,24.7123349698463,129.286487579346,133.111577623881,89.1056815406516,13.9273124666727,86.1334868082494,46.0250152902928,163.032712212924,128.929113453832,68.9709370458518,79.1161026164323,133.677654972783,192.28157043457,160.272441517223,71.5764289624763,87.1048181015149,192.707611083984,160.174797599197,130.272065115757,156.635122016624,100.350123405457,147.267242484076,0,105.072265334751,209.482482910156,155.051779308016,166.036166381836,119.700070910984,162.540024893624,0,212.135818481445,139.480922159941,115.183824620102,103.301125603753,126.373377011146,112.155534134698,0,188.809924316406,152.051014337014,130.666654756874,149.56157815207,120.774283857535,0,206.107367621528,124.648888524373,134.929914911953
16.4137308473335,111.742116754705,116.053566832551,76.7994729243287,98.2475686148311,20.7404683549525,48.0008794132475,58.948051711695,39.0267537753907,74.6591600355331,91.67972596243,55.3689387878397,98.3034042046995,108.938584790911,21.5917504492718,55.4794532241524,117.650208972749,91.970443919032,114.978017751453,104.967553840551,96.37158190324,70.0054416569954,87.1458109075373,90.3729900200983,82.7252754718995,96.5725763108995,119.764355092213,121.747906110373,86.1334868082494,9.8369117514305,27.8676819179667,134.861157170048,11.0333570075501,15.7366366872086,34.7681782808686,140.109594133165,0,159.121379089355,90.8284889056528,145.025533109098,0,180.373159359663,146.130860507488,173.871889945788,126.942246246338,162.891771416915,218.917938232422,140.391366577148,0,174.123897743225,141.70182800293,139.857343401228,182.120855712891,218.046340942383,184.694389343262,173.268349541558,141.568068284255,139.656729698181,172.790374755859,129.260689288063,156.706069946289,154.824856185913,163.770087907899,143.123870291361,167.054610272963,145.536710152259,0,238.188865661621,149.630342102051,159.502113592429
32.9067796614173,103.292976828182,82.1554419117057,57.2481355078945,115.899636268616,113.413273979636,92.6883722941081,23.9147892478559,81.5859895898502,57.862402931372,67.7417936325073,92.4646733999252,118.357152498685,128.647274017334,63.3194137414804,96.944286933312,76.4114562197274,69.0851784542932,119.420867919922,91.7809954406941,161.482177734375,31.5158020960204,59.8752649690463,53.7185023650178,68.2207111925947,137.33097076416,107.808836583491,109.291615372575,46.0250152902928,27.8676819179667,12.493468583409,150.436856079102,116.889766693115,40.1074703276517,39.1755350285296,136.693462371826,0,142.699085069739,67.6083987176755,172.671901702881,198.282485961914,164.337199619838,139.875980778744,151.808095223563,148.732788085938,161.182601165771,192.313293457031,155.04280090332,0,152.085369456898,0,115.079059369636,159.424371337891,0,0,232.07731628418,112.501773834229,86.9435601234436,123.760937704969,113.884752383177,0,174.910574595133,142.80561943774,120.018174945184,142.898395415275,118.894773339712,0,207.011367797852,126.58839747111,134.158373413086
0,63.3021592568225,85.4966558641003,56.9132265640517,0,96.074348449707,175.679078102112,159.730723266602,165.124917061098,133.818490600586,164.159806993273,34.2097568357228,166.094039916992,12.2202540084516,145.739761543274,177.067270914714,0,102.299845559256,49.1113547297779,52.8401092341003,0,145.640979003906,101.090696115963,122.130104609898,145.122907002767,46.1335140864054,28.5715250754979,32.8609910932398,163.032712212924,134.861157170048,150.436856079102,5.71825648548014,104.623202237216,169.514717102051,64.3302191532019,229.381134033203,111.925465053982,156.078236897786,77.5614226659139,0,0,0,221.382217407227,0,189.615219116211,0,98.7085638427734,0,89.1000379986233,0,0,173.777740478516,169.732345581055,104.438434747549,106.466236994817,0,0,138.927589416504,202.265640258789,207.622177124023,75.2553851717994,99.7463277726726,100.533669271348,0,152.094512939453,0,98.9580531873201,147.252456665039,201.789810180664,115.257787704468
88.8279809390797,112.052593231201,162.3067623636,120.457319259644,131.432055305032,12.4949432048021,17.99413972796,112.977629004584,26.4462566093312,109.8484375,115.417519743219,58.6013122030454,93.0055856047005,78.1681439825829,18.3199151948144,36.6160300878378,0,121.716415405273,89.7124670905036,81.6761355149118,122.580233666205,146.063755289714,139.701538085938,152.274666451119,129.002365699181,76.9890327453613,126.568011185219,121.232192160866,128.929113453832,11.0333570075501,116.889766693115,104.623202237216,6.56479608675382,84.4733606974284,35.0847611475809,219.260841369629,0,0,119.658557128906,204.605102539062,0,0,194.504115513393,196.566493988037,0,208.468012491862,0,0,0,230.826400756836,0,0,0,165.653305053711,142.80061340332,0,0,0,158.63996887207,169.553440923276,118.54069519043,175.411168416341,170.547470092773,187.012640380859,214.722442626953,173.212875366211,0,0,192.992004394531,0
44.8212763903892,109.866607666016,108.982217179968,59.1858602096606,88.880392964681,140.920972824097,99.2427561442057,70.2351372409019,94.998173572399,61.3675729955138,83.4549336115519,89.4975558810764,85.2719532893254,144.304769897461,44.9464033991361,97.3636837005615,82.5061478248009,78.5206617027822,113.881875174386,91.3169992755911,81.277811050415,56.1598818364637,68.5843330051588,70.3659323655581,69.4680235105254,136.388214111328,111.19431925163,113.263348995651,68.9709370458518,15.7366366872086,40.1074703276517,169.514717102051,84.4733606974284,8.11057844724947,33.3410203478418,131.036590576172,0,128.08154296875,68.7691287994385,176.806564331055,0,174.505182647705,132.645869593466,157.893892114813,117.407200622559,157.032564336603,0,133.876658121745,0,153.38302751021,154.228317260742,125.903542327881,130.720611572266,0,167.715454101562,158.191226959229,118.197923660278,144.311897277832,149.956550598145,117.277711573335,0,149.146525065104,149.244404384068,125.559948481046,150.17779306265,128.515214102609,0,206.29044342041,128.880931854248,149.300908406576
66.217706400156,64.6424459512683,63.7416312631121,63.8601630372428,97.4125338373957,32.425956737185,77.9140023496962,89.5790850371122,66.2414647302952,88.7234117320326,94.5993353995832,22.8923024266355,102.760860782199,57.2980853239695,51.528520330317,71.7427686227335,83.4824848592716,35.0746272780439,59.4996881154709,43.7204389090577,96.8569791479018,45.0103184387192,65.8745745867005,51.2631019056331,85.2338937349989,59.7996702194214,65.0956658909635,69.0119225282269,79.1161026164323,34.7681782808686,39.1755350285296,64.3302191532019,35.0847611475809,33.3410203478418,11.969111073837,156.404434204102,101.672748020717,113.949813842773,86.0884895324707,152.62338180542,0,184.021975199382,145.706650811273,176.529075905129,140.417339324951,167.022193060981,216.882396697998,173.357841491699,123.442344665527,167.643189170144,177.658248901367,123.624880313873,122.149993515015,165.992335001628,131.783496254369,184.734794616699,122.618644339139,76.940123966762,118.559548034668,127.549084437977,172.573207855225,120.525200459495,112.015093709521,141.837665662374,168.249437231767,135.128000736237,110.036163330078,221.446762084961,147.086652119954,157.931646595831
128.356094360352,178.171157836914,0,104.883118438721,184.110870361328,0,160.486795043945,132.157192230225,158.157691955566,104.220882415771,177.929733276367,0,150.591659545898,0,161.664515177409,0,151.472290039062,203.374221801758,0,221.555770874023,0,127.465852737427,108.438154220581,171.198483276367,124.474848277533,0,182.967755635579,171.028403145926,133.677654972783,140.109594133165,136.693462371826,229.381134033203,219.260841369629,131.036590576172,156.404434204102,11.4907237274446,128.119030543736,110.433497094489,69.3869903599291,91.9429870605469,0,101.16813270251,27.7260939622234,46.4369849305634,72.7085728115506,51.9855271795659,131.681799183721,94.9726903510816,156.704833984375,13.6951568448242,86.9631595611572,76.8744804859161,100.156883959285,134.340464919361,118.480020128447,90.3478262258131,73.485208050958,82.0670722158332,94.1214298020061,79.1180971996136,0,124.634912978211,128.209987653225,80.526506353045,20.1799531658847,28.4879988455435,149.128204345703,90.4668458637438,47.8687682368539,70.8982431347243
0,96.4946975708008,90.7698264488807,51.5117494409735,0,0,169.365875244141,166.75666809082,0,176.762954711914,0,123.04500579834,0,102.173062086105,0,0,0,93.1625116136339,100.665916442871,119.266471862793,0,0,127.215038299561,120.103340148926,139.924594116211,88.8705132802327,102.857832975166,97.0363647824242,192.28157043457,0,0,111.925465053982,0,0,101.672748020717,128.119030543736,8.35347846767316,46.2507514953613,25.2254201961677,0,0,172.262359619141,120.801278250558,143.109504699707,68.0484732250835,126.882423400879,63.2591090652178,0,51.6444957329838,128.550618685209,110.802845001221,66.3306257629394,54.1736597344279,73.1869818197714,56.1071000155281,0,95.2790100097656,22.9070611570671,73.3553880282811,77.0521671772003,22.8633005474159,48.209866660411,29.5981566956476,117.087976074219,125.172918955485,94.321382522583,70.9385461807251,103.209018707275,97.7397136688232,59.5492255952623
0,115.717069898333,96.4569479255546,62.547585642615,208.012203216553,0,195.828216552734,162.510454813639,197.132611592611,143.595306396484,187.221923828125,145.567291259766,0,135.537963867188,179.189450073242,224.194122314453,117.110490112305,110.257871785295,147.917007446289,123.610555013021,0,124.76652804288,61.256002836961,100.384186611083,142.002491950989,0,116.676368817891,92.4796673456828,160.272441517223,159.121379089355,142.699085069739,156.078236897786,0,128.08154296875,113.949813842773,110.433497094489,46.2507514953613,14.611196821003,52.2933066009936,138.380829620361,168.523038228353,144.603725276581,99.0869602980177,122.640790380033,114.081169128418,113.311654828513,102.434361743927,166.465876261393,85.7921829223633,119.055506353188,141.84002049764,73.1230221798545,44.8907597536302,99.1096969887062,68.0772299139123,162.919256730513,71.1124113095802,47.4902818414229,33.453737199784,101.533601104736,0,32.589848172949,29.4481636663494,94.721088862484,136.055664938468,93.9276444102443,82.4722534179687,177.225734710693,105.811987790194,63.0527556174525
