8.10391232903298,128.02795876397,96.7527529873691,75.4081709149858,83.012391189049,67.2195766993931,56.9110408670762,29.6736381619293,17.6401498224761,71.4208244687035,38.1940781961911,135.145473752703,80.1738699208135,138.044720967611,9.14605945106828,87.1942916283241,116.033556302389,97.6592810992607,144.043788909912,127.724593851608,81.4893365478516,77.506693613615,81.9632439448916,86.1672716170091,75.5676030360231,141.672485351562,117.197935246239,128.044435235518,76.8404264381133,12.5275364467216,21.8133636775029,158.580810546875,80.3648493840144,68.3174294211648,93.0407202672818,152.354722340902,138.486854553223,175.872849897905,84.9207575598428,138.834747314453,0,153.754325866699,159.28917388916,155.868789672852,104.482719930013,175.96195602417,216.593276977539,0,226.200561523438,173.227301703559,0,137.516415187291,183.381309509277,0,213.239512125651,0,145.569800567627,102.433062744141,153.862033843994,123.682765744767,0,192.708791732788,168.057228742327,135.936009370079,169.154368313876,152.543005307515,0,0,136.806167602539,189.036493937174
128.02795876397,6.32285100834828,46.1341205866991,21.2398502146656,0,130.979507446289,153.918895721436,119.719136919294,135.650812530518,69.1303260341462,121.885448455811,67.5452357091402,100.846534184047,51.3852041852077,133.767028172811,101.861147085826,82.1576661003961,52.2157722001665,77.1751836693805,60.4926800945247,0,100.719917740933,26.7506873271217,69.5802205221994,78.674313840166,18.8783987592326,42.5248288201614,25.7604806052618,102.986162102741,119.50056886673,102.916959961848,62.2678631950827,0,110.565598487854,63.2468967242619,166.937683105469,0,73.144741764775,105.850199699402,0,0,0,0,0,101.625133514404,162.657025146484,98.9648208618164,0,94.2983290630838,136.859962463379,0,0,99.0159126917521,124.670797348022,110.944611231486,153.133707682292,0,114.623336791992,104.039373397827,137.630946615468,92.8766670227051,103.589978185193,89.4207730461569,147.459293365479,242.679870605469,223.042785644531,110.769355773926,0,0,139.776271820068
96.7527529873691,46.1341205866991,13.2823575170732,58.0591667424078,130.273875309871,142.633148193359,133.054636521773,94.847069729569,109.017403015137,95.2565171461839,107.574650948789,86.9631278451565,140.077675819397,92.8250417709351,111.473859255006,165.468276977539,78.9310165882111,41.7262615915014,99.0111165727888,84.5045578543889,0,60.3859738600059,49.4361649174844,29.1913951084218,97.3998468572443,96.6626091003418,32.3936877259719,25.4775013452408,85.1498207952127,110.774860434879,83.3957085424257,81.5028721202504,160.875144958496,123.533969132797,65.9631350486646,170.564666748047,88.0659126281738,94.4619508493327,106.423934263342,0,0,0,166.495899658203,192.0781088935,141.400375366211,174.398920694987,137.664571126302,0,168.182537078857,184.184408748851,0,114.222734178816,105.013030943579,152.466553688049,115.076322382147,0,132.711976858286,123.022986468147,105.274632356605,158.920232500349,135.092197418213,105.374609049084,93.1839588311684,163.388617142387,195.265401204427,158.679254839497,143.616877237956,0,163.738021850586,110.24219679399
75.4081709149858,21.2398502146656,58.0591667424078,14.7559088121952,70.5055395364761,0,96.8233386448452,69.8868303581102,90.8674287319183,13.353289575102,78.4496722171181,70.7010266590118,72.1862351894379,51.4655370012114,87.6380503370955,42.4494734312359,39.0591761392986,61.6674778069122,82.2895579020182,60.2486941948366,74.2685883839925,54.8025860503168,23.9702079181212,56.706531473198,39.9818868380133,31.8754593458752,47.3467837248034,46.9337755587481,56.9397732757568,73.556869896659,61.0413897259635,65.4301825591496,114.95979309082,55.8708299909319,71.6709678697248,100.427730853741,46.7787410562689,107.740002950033,31.7388315977052,92.3110907705207,0,89.8351211547852,88.7916652134487,119.845780806108,29.0081055714534,107.25772857666,74.0273920694987,0,71.5437854336154,111.158570766449,110.586916605632,53.684949967169,108.382469654083,95.0069274902344,95.4675403171115,85.9588451385498,71.3359345992406,33.3169739927564,71.8723154952846,65.6241184541549,44.8587314128876,70.6020521315853,84.2536552307454,76.477379434249,104.752348899841,75.4220509067658,99.2169929504394,209.586547851562,145.613494873047,98.5138206481934
83.012391189049,0,130.273875309871,70.5055395364761,8.50367841849375,0,54.2360657935447,63.9005733613045,88.4827607359205,55.3089122401858,21.3940440022885,0,19.5498736432685,0,94.7474165119109,63.0955336830833,127.644161224365,131.615119934082,0,0,10.269962080961,88.0507125854492,72.9132560729981,119.849571228027,21.8292770667743,158.766708374023,145.814627329508,122.789523654514,15.0690785520895,87.5961170778042,84.2434325041594,0,135.695220947266,83.7901709747314,91.7992679724533,126.645668029785,0,203.812881469727,80.5000619434175,16.3359519863615,0,80.7865173021952,144.658939361572,128.254545084635,89.2078345311831,73.0756546473894,0,28.867954691564,0,158.440638542175,96.5386362075806,0,190.721305847168,173.060638427734,0,15.9327946614187,0,135.297134399414,170.160622596741,84.5186178313719,0,178.506484985352,188.020713806152,61.5471884447657,139.220356411404,196.740684509277,0,0,0,121.740795898437
67.2195766993931,130.979507446289,142.633148193359,0,0,6.12647412503523,9.08270205203014,119.680583190918,23.6986394792949,63.3379674275716,116.489509133732,58.9593086242676,87.3951795895894,63.2880935668945,35.7462415586199,11.7961400628285,0,196.588043212891,0,0,0,0,108.875635782878,141.984725952148,101.453699747721,0,196.085479736328,182.409606933594,129.587353515625,25.3936478479612,112.426239013672,0,10.6393329957801,111.502182006836,55.0599498748779,0,0,0,136.353363037109,0,0,0,0,0,147.34782409668,0,0,0,0,0,0,171.117401123047,0,0,0,0,0,0,0,165.392602103097,0,0,0,185.020874023438,0,0,0,0,0,181.399017333984
56.9110408670762,153.918895721436,133.054636521773,96.8233386448452,54.2360657935447,9.08270205203014,9.49230508309448,69.1987341541355,17.9425382421153,67.2772838865008,22.4526425959214,96.8048432178986,16.9033328686011,83.859338760376,35.2371010051864,11.7386126696673,158.443351745605,137.227984008789,89.3156814575195,150.107384817941,31.0738628535818,109.061502075195,110.336035592215,120.814423209743,85.592943496063,0,161.22346126672,150.009060329861,79.696713443176,33.2139550456439,96.9677946908133,0,26.0780127409064,87.3283060247248,69.6006173159169,162.621139526367,0,176.456146240234,107.288028717041,171.132459368025,0,169.167709350586,166.571029663086,172.437683105469,113.084682117809,158.755897521973,0,0,0,204.451065063477,0,0,0,0,0,145.21893964495,0,0,192.480506896973,143.098987240261,0,0,188.721061706543,161.952006484523,187.888122558594,210.955607096354,0,0,0,0
29.6736381619293,119.719136919294,94.847069729569,69.8868303581102,63.9005733613045,119.680583190918,69.1987341541355,10.9329946306552,45.7375395155328,60.2088340154969,23.2221864892494,152.55048050419,61.7941365608802,176.150550842285,41.3564770274577,78.2958079338074,94.6841515021596,108.523506731903,168.141235351562,139.412374378306,73.6118812561035,63.7205074961533,83.2490032678363,77.6441410824013,63.3837805492122,181.39461517334,123.231026348208,110.910680285955,32.8660068538661,52.6907844208852,20.3280261560625,174.537899780273,123.536282857259,65.8439419586707,85.4428493649992,140.559514181955,163.255172729492,165.103697178727,81.652330456358,133.917774424833,222.3349609375,143.743630981445,142.277047015251,167.932003202892,88.626027604224,153.129608603085,229.624649047852,128.593276977539,0,164.118914696478,122.419962565104,137.994507401078,174.13110714867,229.657356262207,195.469003295898,130.867275531475,144.259727970246,122.4543033176,162.341152736119,114.574893227496,197.707656860352,195.233979119195,169.625284018637,131.276103854179,163.08373246103,145.670587232036,0,0,138.791863441467,164.156996755889
17.6401498224761,135.650812530518,109.017403015137,90.8674287319183,88.4827607359205,23.6986394792949,17.9425382421153,45.7375395155328,11.5989433515793,82.6118247099597,20.1608638021038,73.8578447719703,39.9063752411449,87.2088737487793,15.7773235795827,29.8481661720695,139.343552144368,116.17717527927,139.631808598836,144.699294930074,77.098892740684,90.6953207317152,99.7115883827209,97.1259291833685,89.1842437773827,104.537289937337,134.304762580791,136.015499317403,88.787868534616,36.4391467085671,61.0942088970709,115.365748814174,20.6679384019367,108.583475112915,67.8424146228895,161.003229777018,170.578544616699,182.573332214355,98.913246486498,153.656051158905,0,166.702407836914,172.585560191761,180.192085266113,107.554825919015,171.955882145808,0,147.036529541016,125.013771057129,193.920743306478,153.21361541748,188.684715270996,202.277633666992,244.552520751953,0,168.811664581299,164.820001390245,89.5265350341797,180.49658203125,140.401911501483,0,207.790523529053,183.874095916748,154.667401891176,177.845065162295,161.905785560608,0,0,162.326105753581,187.290449662642
71.4208244687035,69.1303260341462,95.2565171461839,13.353289575102,55.3089122401858,63.3379674275716,67.2772838865008,60.2088340154969,82.6118247099597,9.59971452241016,67.9904589995495,135.866513061523,16.6472705721678,123.717309705673,91.2801632982619,24.4208767515802,75.0594099507187,122.392907614236,157.932182312012,139.42750676473,58.490859413147,86.4101426051213,27.7343022292311,108.396002104788,23.9126895805951,101.916437421526,123.585915828775,94.5829401476381,50.6203144749916,75.9797921498617,66.7377703984578,133.331110174006,119.736830817329,64.2003275000531,88.8697337250211,122.700389862061,0,182.929008483887,38.1565996950323,106.250814886654,0,118.397769927979,99.447992960612,131.538639068604,55.7221839492385,118.023347955001,165.969131469727,70.6368719247671,174.411875406901,142.007312229701,67.638245900472,84.2019119262695,143.80625406901,190.185104370117,189.256889343262,93.8482501122259,111.922496795654,61.0627661810981,139.80110168457,77.2221507799955,0,187.728530883789,154.916334885817,108.53147688779,119.231667412652,106.947878360748,235.856422424316,0,95.1900634765625,163.384620666504
38.1940781961911,121.885448455811,107.574650948789,78.4496722171181,21.3940440022885,116.489509133732,22.4526425959214,23.2221864892494,20.1608638021038,67.9904589995495,10.3479239674554,143.815848032633,23.8821225138531,186.914939880371,43.4810205567586,68.1728405741464,107.684658930852,131.120138168335,174.663391113281,157.919195175171,18.0145096001787,90.1746205891648,115.65858731951,100.085235948916,62.7116875569136,0,135.607444392525,129.896933085883,29.4783800052058,78.5180356680899,64.7750174502299,189.793037414551,121.079535397616,78.9082713268212,88.5267125215286,192.010330200195,165.271270751953,180.765688382662,89.5166747320266,147.798529956959,0,154.789324079241,145.500020540678,160.657404282514,95.405271554295,154.755900673244,0,139.746889023554,0,183.065153757731,127.271751403809,150.89831161499,218.636814662388,0,0,143.44320842198,191.219662475586,186.744430541992,182.008653913225,119.299497275259,0,203.679977416992,182.274325779506,146.210713563963,179.791788736979,178.397449493408,0,0,177.047378540039,193.524361746652
135.145473752703,67.5452357091402,86.9631278451565,70.7010266590118,0,58.9593086242676,96.8048432178986,152.55048050419,73.8578447719703,135.866513061523,143.815848032633,16.2609643664355,119.839163208008,25.4908027170824,70.5622199157189,148.245754241943,123.875717926025,51.1642806195286,23.3163656007359,28.9965935297205,0,97.4395813147227,110.012223743257,81.0960882083296,150.507811991374,26.9616178008433,33.9808196089329,59.2224227311489,149.674177381727,48.0732449629158,110.028395188593,41.3074131741743,60.243905884879,100.564378307712,36.5483288752534,0,104.475802103678,133.625335693359,72.0810593052914,196.745422363281,0,0,0,0,150.475479125977,236.611000061035,85.6867151260376,0,83.2310180584257,208.886077880859,0,159.706822713216,135.112555503845,106.27544170315,119.875333513532,0,178.351295471191,132.701884799533,183.844352722168,189.708399846004,77.0687967447134,104.386989759362,117.949636080738,220.387901306152,247.740417480469,239.174621582031,102.644164792953,212.984848022461,0,152.674811226981
80.1738699208135,100.846534184047,140.077675819397,72.1862351894379,19.5498736432685,87.3951795895894,16.9033328686011,61.7941365608802,39.9063752411449,16.6472705721678,23.8821225138531,119.839163208008,9.30711383910367,144.338607788086,80.7236797161317,12.5136546711208,91.4190063476562,140.865592956543,0,187.871302286784,12.2318954813968,86.0127639770508,70.6906764122748,150.907604980469,20.6708290470942,135.050210571289,157.057011413574,122.52177552254,44.6322120294584,91.7636853494952,82.9299556732178,161.357116699219,111.548271451678,97.6426040649414,98.531215237033,0,0,0,77.4285763331822,85.3604667663574,0,47.3162197113037,179.711334228516,0,83.7494580745697,82.5127718607585,0,6.56696455006596,0,124.172487258911,55.10791015625,0,225.079483032227,0,0,14.4637680558214,0,125.198196411133,0,118.270097494125,195.458038330078,0,184.949569702148,131.591378620693,147.107227325439,0,0,0,189.872344970703,189.961608886719
138.044720967611,51.3852041852077,92.8250417709351,51.4655370012114,0,63.2880935668945,83.859338760376,176.150550842285,87.2088737487793,123.717309705673,186.914939880371,25.4908027170824,144.338607788086,7.13781407258363,78.4085366143121,150.409652709961,0,116.527895355225,52.1869645088342,62.3160153494941,0,152.82194519043,93.4964632361826,163.220294189453,141.00677886376,12.9327365985183,49.7015359280256,27.5559033599696,167.669031778971,62.8023823451568,131.417358398438,20.6611262083886,72.0026416778564,154.487606048584,54.8577744533469,0,100.97974219689,152.646438598633,46.195494678533,239.612480163574,0,0,0,245.83381652832,165.740517356179,0,68.9154343971839,0,63.1117085127322,0,0,0,240.105651855469,88.5064190455845,124.104871576483,0,0,117.457994561446,155.443649291992,187.674136691623,51.7410889538852,91.9993294960211,103.131655524118,0,0,0,89.8977145570697,131.592636108398,0,146.049949645996
9.14605945106828,133.767028172811,111.473859255006,87.6380503370955,94.7474165119109,35.7462415586199,35.2371010051864,41.3564770274577,15.7773235795827,91.2801632982619,43.4810205567586,70.5622199157189,80.7236797161317,78.4085366143121,7.88487360071729,48.7873234038657,120.165597323714,114.262921364479,116.534400177002,135.29248332202,91.0125126902262,91.0114478784449,101.467105229696,98.3829819263723,91.6829974303643,121.77659702301,130.26941946812,137.802188089732,90.7757004219288,17.4160186079605,55.3974889965801,101.680369059245,19.7665084490986,69.0530122121175,69.0910475106075,155.727116394043,0,183.749225014134,99.7375591993332,165.290945755808,0,179.013305664062,166.576467660757,189.431922912598,112.459837896174,177.736264742338,0,208.753387451172,0,192.12871333531,125.300712585449,164.634351094564,199.640731811523,0,0,171.057759602865,170.629389444987,148.432618713379,189.881930541992,139.602049872048,0,209.357297897339,184.561897031723,152.912641568421,181.691689014435,162.502717531644,169.68669128418,0,170.642238616943,176.29348338734
87.1942916283241,101.861147085826,165.468276977539,42.4494734312359,63.0955336830833,11.7961400628285,11.7386126696673,78.2958079338074,29.8481661720695,24.4208767515802,68.1728405741464,148.245754241943,12.5136546711208,150.409652709961,48.7873234038657,8.20627182091017,0,139.021282958984,192.69499206543,160.676712036133,58.1273549556732,150.895446777344,72.7385717738758,126.378940037319,40.741619672256,138.860818227132,162.005498712713,128.239613642458,78.1329547982467,49.7040275169985,99.7101669311523,167.641479492188,34.1307335624212,93.1786224365234,64.1404995918274,126.831260681152,0,0,78.2031726837158,0,0,0,0,0,90.1167907714844,126.081489562988,0,60.4924850463867,0,0,0,0,0,0,0,0,0,0,172.042404174805,92.5507211685181,0,0,202.421562194824,156.943659464518,0,0,0,0,0,0
116.033556302389,82.1576661003961,78.9310165882111,39.0591761392986,127.644161224365,0,158.443351745605,94.6841515021596,139.343552144368,75.0594099507187,107.684658930852,123.875717926025,91.4190063476562,0,120.165597323714,0,12.2534918182937,93.6689364739827,0,124.898270988464,0,20.5640335149506,28.4666519340682,26.8985376994689,33.3398543922845,116.45615641276,114.960752772534,29.1091374177343,37.3822321733542,100.594049259108,76.2732041056563,145.723983764648,0,86.6292839050293,83.0150934572573,148.804988861084,113.317859649658,120.827509244283,58.683831148042,155.135215759277,0,138.316833496094,154.886367797852,184.374681745257,85.4043350219727,155.537400817871,198.421813964844,0,0,156.631993293762,0,98.5111640889377,131.236082517184,0,163.450143602159,0,117.866818265217,59.672462489507,104.04828664972,122.468060588837,0,162.797682189941,105.70614660855,131.66901635224,158.523712158203,124.297749486463,0,0,86.9864501953125,129.449655956692
97.6592810992607,52.2157722001665,41.7262615915014,61.6674778069122,131.615119934082,196.588043212891,137.227984008789,108.523506731903,116.17717527927,122.392907614236,131.120138168335,51.1642806195286,140.865592956543,116.527895355225,114.262921364479,139.021282958984,93.6689364739827,9.13509684045381,58.4095120829314,27.2714133749048,172.273254394531,55.6969986635624,81.9394052505493,24.4225059535841,122.610897305912,70.0061450004578,31.0562653750952,65.8527064218067,115.512821247267,86.9923857033146,71.3265594553283,94.8080626777981,182.187983194987,78.2335621288845,41.2522141312377,181.58908589681,94.2941932678223,108.819269361349,127.681084738837,204.162265777588,0,197.591064453125,194.551477605646,193.905309041341,159.369427490234,204.568710327148,146.050521850586,0,121.059661865234,213.160998535156,0,145.372327041626,117.01402336389,144.462914360894,118.624643475076,0,159.912738418579,126.709768789786,135.017865617699,170.575593105582,119.42896270752,108.102309212876,108.778662501744,171.096261342367,170.634140014648,166.614650726318,142.319162368774,0,197.899978637695,126.925728818204
144.043788909912,77.1751836693805,99.0111165727888,82.2895579020182,0,0,89.3156814575195,168.141235351562,139.631808598836,157.932182312012,174.663391113281,23.3163656007359,0,52.1869645088342,116.534400177002,192.69499206543,0,58.4095120829314,6.67685025350348,17.9726943135943,0,103.833882418546,146.445271809896,94.847362055923,161.222175598145,44.1093134020196,25.5076907664043,66.397190378673,196.868946075439,83.5787024247019,117.572592950636,53.6310922788537,77.5505981445312,113.738873799642,61.4418672399318,0,110.656539916992,147.568103027344,57.1977971394857,0,0,0,0,242.08674621582,0,0,106.218839562458,0,95.3434930459047,174.316604614258,0,0,0,104.631606165568,131.270074026925,0,0,159.924102783203,184.060852050781,200.796971638997,89.2948060035706,101.950143898858,110.832077732793,0,0,198.314590454102,102.79991015266,0,0,143.682842254639
127.724593851608,60.4926800945247,84.5045578543889,60.2486941948366,0,0,150.107384817941,139.412374378306,144.699294930074,139.42750676473,157.919195175171,28.9965935297205,187.871302286784,62.3160153494941,135.29248332202,160.676712036133,124.898270988464,27.2714133749048,17.9726943135943,11.3098154988026,0,92.9818531875069,102.551200063605,71.4913646215507,142.275252471099,50.6989490588506,26.8195860525332,70.8028888799706,139.75612819896,105.739758543916,98.2443191413199,67.4362496700384,182.306015014648,97.4920622507731,49.457888184367,227.046058654785,102.170482434725,127.79640268725,140.08171971639,0,0,216.151611328125,195.952583312988,216.991012573242,184.425771077474,200.576400756836,112.750536600749,237.332366943359,110.297157398169,193.027615865072,199.704849243164,176.46756362915,130.740152459396,105.930258471556,115.995934221081,0,189.408892313639,132.991006851196,158.547568957011,209.570336659749,97.5925068855286,101.819276699453,110.294362124275,211.596871512277,215.159393310547,177.761367797852,111.022033505323,0,0,121.209411621094
81.4893365478516,0,0,74.2685883839925,10.269962080961,0,31.0738628535818,73.6118812561035,77.098892740684,58.490859413147,18.0145096001787,0,12.2318954813968,0,91.0125126902262,58.1273549556732,0,172.273254394531,0,0,8.22709641220696,0,85.7671737670898,144.364807128906,17.6183144896308,0,158.109497070312,147.094795227051,27.4405832308576,97.2043220562171,86.5486679077148,0,142.741704305013,99.5507227579753,96.9573410435727,225.390228271484,0,0,83.8813569205148,19.8342545916394,0,98.4558906555176,0,80.2382278442383,99.1636352539062,102.655267524719,0,39.6521764057023,0,103.980068206787,76.0573234558105,0,0,0,0,18.3375086360182,0,158.04460144043,0,79.3173511155689,0,0,0,89.2351313727243,124.671138763428,0,0,0,0,215.879653930664
77.506693613615,100.719917740933,60.3859738600059,54.8025860503168,88.0507125854492,0,109.061502075195,63.7205074961533,90.6953207317152,86.4101426051213,90.1746205891648,97.4395813147227,86.0127639770508,152.82194519043,91.0114478784449,150.895446777344,20.5640335149506,55.6969986635624,103.833882418546,92.9818531875069,0,10.3610928669807,52.8549957315461,23.8597881331226,34.9529626952918,134.847904205322,93.177874774097,83.2452751752492,26.6766412220857,45.6846408899508,24.8026874671235,160.199686686198,0,41.0361211918926,43.6348293570379,132.233165740967,0,131.801722412109,67.6405182689554,0,0,0,170.065542856852,155.612775802612,118.571650187174,190.092807006836,0,0,0,157.537621271043,0,107.517868786323,165.030553181966,0,148.346328735352,0,117.018888497654,70.3294382576991,118.187491673503,121.450147729171,0,164.529126485189,139.6616669692,124.106462967701,150.413881742037,123.559322246607,0,0,0,135.794439527724
81.9632439448916,26.7506873271217,49.4361649174844,23.9702079181212,72.9132560729981,108.875635782878,110.336035592215,83.2490032678363,99.7115883827209,27.7343022292311,115.65858731951,110.012223743257,70.6906764122748,93.4964632361826,101.467105229696,72.7385717738758,28.4666519340682,81.9394052505493,146.445271809896,102.551200063605,85.7671737670898,52.8549957315461,10.2832617241777,53.8409110274496,28.6481390954449,74.4032975317727,95.4404833040185,33.7658837185507,56.5961878819573,79.5139040407927,61.4790075229693,108.518971369817,112.588668823242,57.4605808611269,79.3647254441313,149.647239685059,91.7455062866211,126.387489318848,59.7379769545335,142.969104766846,0,116.122945785522,109.866556167603,162.889984130859,88.2163402850811,137.752941555447,0,0,142.866363525391,120.872085571289,0,55.2275461021223,113.971149738018,184.62336730957,136.105373927525,127.371737162272,71.129207688935,15.0390360242738,67.2315707565043,95.4399708478879,114.039932250977,131.279703903198,106.776258577619,93.9648061949631,113.214534123739,89.1419648170471,183.185195922852,0,0,142.976731872559
86.1672716170091,69.5802205221994,29.1913951084218,56.706531473198,119.849571228027,141.984725952148,120.814423209743,77.6441410824013,97.1259291833685,108.396002104788,100.085235948916,81.0960882083296,150.907604980469,163.220294189453,98.3829819263723,126.378940037319,26.8985376994689,24.4225059535841,94.847362055923,71.4913646215507,144.364807128906,23.8597881331226,53.8409110274496,15.8277777087697,63.9069507173057,133.354766845703,67.6642840287104,46.8099857035531,52.6204156216409,50.564569519339,50.0243932920636,134.626693725586,163.986409505208,67.4283085229262,44.9120059166072,176.151006910536,127.299632481166,105.96182202105,71.373842209732,164.993944803874,0,191.334457397461,163.719475337437,189.994457538311,150.652876536051,171.387769699097,148.024673461914,0,191.128028869629,199.361328125,190.640975952148,102.738629254177,126.414666820217,180.269251505534,153.612527084351,0,128.750846912015,78.7104354313442,110.088254706897,144.421489033478,0,146.781835576539,105.049651331841,147.147405658653,187.755215852157,147.269721522476,188.84700012207,0,0,129.295064259724
75.5676030360231,78.674313840166,97.3998468572443,39.9818868380133,21.8292770667743,101.453699747721,85.592943496063,63.3837805492122,89.1842437773827,23.9126895805951,62.7116875569136,150.507811991374,20.6708290470942,141.00677886376,91.6829974303643,40.741619672256,33.3398543922845,122.610897305912,161.222175598145,142.275252471099,17.6183144896308,34.9529626952918,28.6481390954449,63.9069507173057,11.9624957865297,114.430759953518,127.529244147407,77.7185908058174,20.3641701529793,77.7925372293853,69.1470336235559,159.824631911058,124.179550715855,65.3429431128748,80.2707888416408,127.320785027046,152.284202575684,155.165217984107,58.3341959044235,115.674879999444,124.08203125,141.024642119537,124.122829164777,152.843969980876,67.0715262756348,128.937574057743,207.214561462402,102.086224709788,235.874923706055,151.824437907044,100.917535201363,111.543457185379,174.38398642289,195.395908355713,199.368486192491,115.464850672969,117.955698399185,70.9615262434787,133.088596767849,85.3313783227726,0,188.791085895739,157.103286743164,112.614537570458,141.752392306858,121.498463393071,0,0,125.142984178331,137.543725249055
141.672485351562,18.8783987592326,96.6626091003418,31.8754593458752,158.766708374023,0,0,181.39461517334,104.537289937337,101.916437421526,0,26.9616178008433,135.050210571289,12.9327365985183,121.77659702301,138.860818227132,116.45615641276,70.0061450004578,44.1093134020196,50.6989490588506,0,134.847904205322,74.4032975317727,133.354766845703,114.430759953518,6.67630437575227,39.4137135822028,18.9967299692193,135.019359043666,91.7724451337542,145.021533966064,39.6580936093874,0,0,66.1796796897362,0,102.478923797607,0,38.7060371962461,0,0,0,169.670349121094,196.486572265625,145.824811662946,198.568389892578,69.6550212436252,0,60.3147753528041,0,0,0,97.0391998291016,82.1004971896901,90.1308720906575,0,0,112.735868835449,0,160.449060440063,47.3493704223633,76.3821953128528,86.4469426112619,203.121734619141,112.419891357422,174.607574462891,82.9243884823187,0,0,115.464818000793
117.197935246239,42.5248288201614,32.3936877259719,47.3467837248034,145.814627329508,196.085479736328,161.22346126672,123.231026348208,134.304762580791,123.585915828775,135.607444392525,33.9808196089329,157.057011413574,49.7015359280256,130.26941946812,162.005498712713,114.960752772534,31.0562653750952,25.5076907664043,26.8195860525332,158.109497070312,93.177874774097,95.4404833040185,67.6642840287104,127.529244147407,39.4137135822028,14.7945926561386,39.0062141103873,128.836874119071,111.227899338663,102.231896484454,22.9470223226626,101.619201660156,111.197360313102,65.029731529319,175.16731262207,89.0820850065385,108.622768108661,120.839620478013,235.505996704102,0,0,181.590861927379,204.812501387163,179.11090718145,199.870492553711,100.257909540544,0,91.5500382716448,183.131963094076,0,155.688063485282,112.873456292403,98.9558079746791,103.276417905634,0,170.821375528971,143.825795215109,154.445605414254,191.138574153819,84.3742662474167,91.2922857577984,98.6342804607128,194.59130859375,156.326219659103,172.287062750922,102.02975648692,137.741706848145,0,113.21129019601
128.044435235518,25.7604806052618,25.4775013452408,46.9337755587481,122.789523654514,182.409606933594,150.009060329861,110.910680285955,136.015499317403,94.5829401476381,129.896933085883,59.2224227311489,122.52177552254,27.5559033599696,137.802188089732,128.239613642458,29.1091374177343,65.8527064218067,66.397190378673,70.8028888799706,147.094795227051,83.2452751752492,33.7658837185507,46.8099857035531,77.7185908058174,18.9967299692193,39.0062141103873,14.4123943129253,83.6415590572239,124.729480432709,110.647846002094,25.7906328946382,152.769300842285,119.588122867403,72.0470392343326,172.64113675631,94.5233157804643,97.2775762840636,86.6998514100617,177.1622021993,0,198.112308502197,174.198112726212,192.585146123713,147.003656058476,197.954490212833,99.5025504946085,207.939402770996,87.6502167713793,185.172050476074,184.089973449707,113.488538599726,108.289516779279,101.792254212974,107.03170739599,166.618202209473,139.262456304377,99.3651445095356,108.45132396667,157.687400817871,78.9404211044312,95.6511826613361,98.2197815444664,171.331792690136,177.25549621582,168.157908320427,100.394230710262,194.300247192383,0,112.042497205734
76.8404264381133,102.986162102741,85.1498207952127,56.9397732757568,15.0690785520895,129.587353515625,79.696713443176,32.8660068538661,88.787868534616,50.6203144749916,29.4783800052058,149.674177381727,44.6322120294584,167.669031778971,90.7757004219288,78.1329547982467,37.3822321733542,115.512821247267,196.868946075439,139.75612819896,27.4405832308576,26.6766412220857,56.5961878819573,52.6204156216409,20.3641701529793,135.019359043666,128.836874119071,83.6415590572239,12.3741918975331,76.5130243194011,38.4913784410056,179.598514556885,134.417588710785,63.5506433110659,70.0561395908011,132.352524893624,0,161.692299297878,73.271329636143,133.619887767694,0,154.368927365258,130.602207012005,162.046485787007,81.3012275502161,150.322109919009,200.385569254557,127.984829493931,0,162.079141327829,121.076338547927,116.314126180013,169.809494583695,206.571441650391,210.804949079241,137.398268047132,116.725148785839,77.739156359718,146.344698917719,108.628997380888,0,187.059913635254,154.09600982666,122.674814099979,146.650394267421,122.92050743754,0,0,140.40943145752,153.10611604963
12.5275364467216,119.50056886673,110.774860434879,73.556869896659,87.5961170778042,25.3936478479612,33.2139550456439,52.6907844208852,36.4391467085671,75.9797921498617,78.5180356680899,48.0732449629158,91.7636853494952,62.8023823451568,17.4160186079605,49.7040275169985,100.594049259108,86.9923857033146,83.5787024247019,105.739758543916,97.2043220562171,45.6846408899508,79.5139040407927,50.564569519339,77.7925372293853,91.7724451337542,111.227899338663,124.729480432709,76.5130243194011,10.7381698696465,16.7839426149558,94.367836671717,7.6670142338607,14.9597779867262,38.4305369591609,150.927885872977,0,172.420877527308,89.1965156390513,164.452580588205,0,188.705261230469,151.361474222212,182.163495018369,113.486986069452,168.798338109797,0,151.801057179769,155.663841247559,173.724670410156,143.552600860596,134.327912224664,200.28914642334,215.35612487793,214.163467407227,160.714772151067,140.287585020065,104.780600002834,162.206920146942,130.466741210413,195.557556152344,166.883001576299,169.981799913489,140.561134271892,168.762508985731,144.787128382716,173.691101074219,0,146.454417835582,166.73150604248
21.8133636775029,102.916959961848,83.3957085424257,61.0413897259635,84.2434325041594,112.426239013672,96.9677946908133,20.3280261560625,61.0942088970709,66.7377703984578,64.7750174502299,110.028395188593,82.9299556732178,131.417358398438,55.3974889965801,99.7101669311523,76.2732041056563,71.3265594553283,117.572592950636,98.2443191413199,86.5486679077148,24.8026874671235,61.4790075229693,50.0243932920636,69.1470336235559,145.021533966064,102.231896484454,110.647846002094,38.4913784410056,16.7839426149558,9.87784142769366,164.984384155273,114.311238606771,30.569354989286,43.2027710886585,137.648812544973,0,158.010550260544,75.7641193368341,135.809958775838,0,161.32275390625,140.59902663458,162.634280522664,96.1902380371094,162.041700090681,0,0,0,156.454403114319,136.539825439453,113.254313273602,163.959217272307,190.967071533203,187.13383102417,144.802383422852,123.984705591776,75.7889912637432,141.905071674694,114.762390287796,0,165.223516753226,156.005303076978,123.723655359917,155.035974390367,126.570778606607,217.179595947266,0,130.853445053101,141.756634656121
158.580810546875,62.2678631950827,81.5028721202504,65.4301825591496,0,0,0,174.537899780273,115.365748814174,133.331110174006,189.793037414551,41.3074131741743,161.357116699219,20.6611262083886,101.680369059245,167.641479492188,145.723983764648,94.8080626777981,53.6310922788537,67.4362496700384,0,160.199686686198,108.518971369817,134.626693725586,159.824631911058,39.6580936093874,22.9470223226626,25.7906328946382,179.598514556885,94.367836671717,164.984384155273,13.0234000879798,119.121871948242,169.584426879883,78.0597747287235,0,123.882392883301,154.80398050944,84.210857118879,0,0,0,0,0,179.374374389648,0,98.0968171339769,0,87.5255053553088,158.871490478516,0,180.3203125,147.847559611003,102.489938259125,125.042808532715,0,160.804260253906,148.399954477946,154.400527954102,239.049118041992,86.8394548516524,102.074845865232,112.886546773648,215.252105712891,0,0,102.029538529008,139.853363037109,0,156.144975280762
80.3648493840144,0,160.875144958496,114.95979309082,135.695220947266,10.6393329957801,26.0780127409064,123.536282857259,20.6679384019367,119.736830817329,121.079535397616,60.243905884879,111.548271451678,72.0026416778564,19.7665084490986,34.1307335624212,0,182.187983194987,77.5505981445312,182.306015014648,142.741704305013,0,112.588668823242,163.986409505208,124.179550715855,0,101.619201660156,152.769300842285,134.417588710785,7.6670142338607,114.311238606771,119.121871948242,5.0274052836141,0,51.409949030195,0,0,0,127.511810302734,0,0,0,187.504821777344,223.649429321289,0,0,0,0,0,230.683410644531,0,180.896438598633,0,0,0,0,0,0,167.271194458008,165.848782626065,0,0,0,177.021162414551,235.976364135742,167.028137207031,0,0,0,0
68.3174294211648,110.565598487854,123.533969132797,55.8708299909319,83.7901709747314,111.502182006836,87.3283060247248,65.8439419586707,108.583475112915,64.2003275000531,78.9082713268212,100.564378307712,97.6426040649414,154.487606048584,69.0530122121175,93.1786224365234,86.6292839050293,78.2335621288845,113.738873799642,97.4920622507731,99.5507227579753,41.0361211918926,57.4605808611269,67.4283085229262,65.3429431128748,0,111.197360313102,119.588122867403,63.5506433110659,14.9597779867262,30.569354989286,169.584426879883,0,8.99459690160623,25.7982024937345,141.409428187779,0,154.418222427368,71.4873498769907,127.278292338053,0,200.668304443359,130.559504422275,158.354204450335,103.25983308491,161.824195861816,0,108.157188415527,0,158.094973609561,120.975593566895,112.403596878052,202.842458089193,0,165.218978881836,0,107.283186985896,87.7135929107666,145.201409657796,114.085218786556,0,181.152987162272,165.089845445421,122.931707221771,158.880653805203,129.100790081602,0,186.361434936523,159.304565429688,144.758794148763
93.0407202672818,63.2468967242619,65.9631350486646,71.6709678697248,91.7992679724533,55.0599498748779,69.6006173159169,85.4428493649992,67.8424146228895,88.8697337250211,88.5267125215286,36.5483288752534,98.531215237033,54.8577744533469,69.0910475106075,64.1404995918274,83.0150934572573,41.2522141312377,61.4418672399318,49.457888184367,96.9573410435727,43.6348293570379,79.3647254441313,44.9120059166072,80.2707888416408,66.1796796897362,65.029731529319,72.0470392343326,70.0561395908011,38.4305369591609,43.2027710886585,78.0597747287235,51.409949030195,25.7982024937345,11.731492287545,159.181820460728,123.614172363281,113.810715832288,86.3648453288608,153.054985591343,0,179.632247924805,146.718386230469,181.590049050071,121.567103881836,187.381022644043,134.209661483765,150.700469970703,122.58836722374,166.837066411972,148.401794433594,111.640061035156,131.856284262917,136.786866968328,136.915162404378,144.713424682617,124.778103964669,114.786410522461,133.792458369814,130.527175238825,96.826416015625,119.398469856241,119.48979219811,138.545511486887,169.319090127945,142.141758934926,131.017516454061,0,131.775668334961,143.216121491932
152.354722340902,166.937683105469,170.564666748047,100.427730853741,126.645668029785,0,162.621139526367,140.559514181955,161.003229777018,122.700389862061,192.010330200195,0,0,0,155.727116394043,126.831260681152,148.804988861084,181.58908589681,0,227.046058654785,225.390228271484,132.233165740967,149.647239685059,176.151006910536,127.320785027046,0,175.16731262207,172.64113675631,132.352524893624,150.927885872977,137.648812544973,0,0,141.409428187779,159.181820460728,10.5870973745556,131.033895111084,117.217730173251,69.4695415747793,97.2192236093374,100.799621582031,77.9282626127585,34.2515488575836,35.9261205294393,72.0408475856588,37.996589792221,121.716588168674,95.6695499420166,117.244766235352,26.17646747722,117.661530812581,95.7844122373141,105.410834542501,136.754236582163,118.349453771538,78.2338002522786,75.6272999779653,72.7963085174561,94.8492102777915,78.7213664771,132.410591125488,128.868458183444,132.359389015798,79.1203425059708,18.3296058286706,22.7730026576244,162.122074127197,97.2144344647725,46.597038502847,68.9684876210428
138.486854553223,0,88.0659126281738,46.7787410562689,0,0,0,163.255172729492,170.578544616699,0,165.271270751953,104.475802103678,0,100.97974219689,0,0,113.317859649658,94.2941932678223,110.656539916992,102.170482434725,0,0,91.7455062866211,127.299632481166,152.284202575684,102.478923797607,89.0820850065385,94.5233157804643,0,0,0,123.882392883301,0,0,123.614172363281,131.033895111084,8.7114936273856,49.2922214858833,46.2619346078237,89.927978515625,141.406692504883,0,116.099990844727,144.925975799561,72.5851114888345,130.749073028564,63.7516282547352,103.709632873535,57.4651848200205,145.783944702148,112.706751505534,73.6376854848053,60.4818238847243,67.0289294594213,61.9150798305388,0,102.316855839321,29.3927874789658,88.9203328883394,79.9753781688457,24.471216070657,53.0096325809008,32.9729993533988,109.921008046468,124.666098201976,113.3930300758,69.7476013585141,0,0,67.9757624406081
175.872849897905,73.144741764775,94.4619508493327,107.740002950033,203.812881469727,0,176.456146240234,165.103697178727,182.573332214355,182.929008483887,180.765688382662,133.625335693359,0,152.646438598633,183.749225014134,0,120.827509244283,108.819269361349,147.568103027344,127.79640268725,0,131.801722412109,126.387489318848,105.96182202105,155.165217984107,0,108.622768108661,97.2775762840636,161.692299297878,172.420877527308,158.010550260544,154.80398050944,0,154.418222427368,113.810715832288,117.217730173251,49.2922214858833,14.2069888194051,55.0481986717984,123.637857290415,199.549774169922,130.80343380309,98.0158700369602,120.347470431038,104.830808527329,112.846627978302,110.055107780125,142.906848234289,114.170813424247,121.301987322975,129.72834777832,88.4992684372911,41.7791053575603,93.9188078802985,67.5101410477025,140.068935394287,75.4340006048675,59.8121942704724,33.2794694892509,107.975790132979,99.3317070007324,42.8114869369026,32.6995513427897,94.59761480321,141.791435623169,103.23356731566,98.7220742868823,168.507415771484,132.507089094682,67.5730804149395
84.9207575598428,105.850199699402,106.423934263342,31.7388315977052,80.5000619434175,136.353363037109,107.288028717041,81.652330456358,98.913246486498,38.1565996950323,89.5166747320266,72.0810593052914,77.4285763331822,46.195494678533,99.7375591993332,78.2031726837158,58.683831148042,127.681084738837,57.1977971394857,140.08171971639,83.8813569205148,67.6405182689554,59.7379769545335,71.373842209732,58.3341959044235,38.7060371962461,120.839620478013,86.6998514100617,73.271329636143,89.1965156390513,75.7641193368341,84.210857118879,127.511810302734,71.4873498769907,86.3648453288608,69.4695415747793,46.2619346078237,55.0481986717984,10.689036346228,63.0970036285092,73.614501953125,89.5648998078846,76.1059479239099,96.2809369653687,16.481441045875,90.087307035006,81.3863985368184,31.2868984690252,50.9971048707907,91.3959557847691,42.9319814320268,40.3481647022468,80.5872167807359,66.5093023777008,90.0198127840772,61.8348505356733,54.7427959507683,18.0159520892103,54.6597855463819,34.5744342144243,31.3909188116106,63.8909180880767,56.5508431276785,55.5487340906615,81.4326552838799,59.5533692266187,71.7179193366064,119.192779541016,60.5528357579158,77.1267973108495
