9.3139702568755,123.334762573242,122.907853031158,83.5517998544793,91.5291470708074,82.9686111450195,96.1265145379144,40.0785583518496,62.7695771939684,82.6484378027537,84.1279637633252,105.605483299078,116.183372020721,129.556980133057,19.8371931810466,94.1936416625977,112.043413622626,104.991027939867,131.636375427246,124.597638210404,90.2048451741536,77.1812145328182,115.458697509766,97.2577789842892,86.8881605579739,201.946746826172,133.331429725836,143.471981169048,91.8249023866118,27.7150717067913,34.8261793090713,161.376922607422,83.2760211720186,53.8096744088566,79.8584008261758,156.983325958252,0,189.196937561035,108.708335876465,161.505373636882,0,201.336059570312,160.489505767822,218.660949707031,123.143081665039,170.547988891602,0,0,0,172.342151348407,0,0,0,0,193.333618164062,0,151.737508138021,112.304534912109,184.188924153646,132.726264028838,0,186.865921020508,178.131581624349,145.571257318769,175.133404380397,156.659184773763,0,0,145.051918029785,163.18871222602
123.334762573242,8.61503599470798,54.1969206533124,39.6722101731985,121.554751586914,136.856137275696,0,146.481965438179,166.918288094657,80.3538078244829,141.815734863281,64.6312642612973,143.97518157959,51.8240321219384,149.606913398294,120.94210131415,68.1050829600139,58.4072061632234,79.4645035879953,66.6842859213244,0,112.398329416911,34.304901434964,84.3970210884191,80.3059078715994,21.4521202612198,56.1419531496807,33.8410710855485,115.551299266326,134.055733651826,118.355245018005,62.5596258886929,113.503234863281,109.620927429199,64.5332958948045,202.902160644531,54.8688615163167,105.37748112398,74.2213228225708,0,0,0,0,0,232.018524169922,0,98.7120376586914,0,94.2041827668535,0,0,0,118.537364959717,103.38507232666,124.148271560669,0,0,89.9418392181396,145.406476974487,111.844253540039,68.8288360777355,106.125247775807,107.048803932646,166.19945526123,157.096954345703,0,115.272265347567,0,0,142.468549092611
122.907853031158,54.1969206533124,14.3516693222867,59.2466621450897,127.304970724541,155.549545288086,139.072580016486,101.38222992494,122.505022581234,116.78564491272,113.651495570651,101.997098101212,140.143347366996,121.088337531457,130.870676991334,152.40212419298,85.3480221790633,44.7483358906682,105.615253993443,82.827113302345,126.005790710449,62.9380096033358,66.4567779836075,32.5938735088346,103.514293178223,100.069769965278,43.5009047550347,31.3206052635738,91.8468444982734,146.052282448971,93.179550156629,100.521655273438,197.214691162109,140.979404873318,71.6667620060748,179.004684448242,83.0540443869198,96.0187039913249,72.3456027291038,0,0,218.150899251302,170.845378651338,198.110168457031,157.502471923828,208.350448608398,141.067440032959,0,142.774568037553,187.168119430542,191.715204874674,124.586403224779,111.212751726214,158.667621612549,124.664949861291,0,150.425449371338,98.5602381506632,110.864017593813,165.093426236239,111.344973246257,112.734127448229,100.431526449494,174.972752241655,202.899172465007,171.418817520142,0,158.900695800781,227.719284057617,119.880892256616
83.5517998544793,39.6722101731985,59.2466621450897,12.3772242523087,60.216614700499,89.9898248152299,105.707341088189,69.1767851189472,96.1226106123491,24.5335030368275,87.224789076838,80.0580319880181,110.641213343694,64.4974453211024,98.4923445276467,58.3598670959473,37.4338948648095,69.7547249095014,83.2048380816424,80.4879466698263,69.582479778089,57.4833878800123,27.7722619359104,60.8456694702838,41.9817758609464,39.2344646953193,66.1814229582432,54.0445789503276,58.9386853162746,89.1186567530139,64.4406684084404,76.7921906728593,122.689735412598,68.2693979691486,78.086053514814,84.7027850680881,36.1057626247406,66.3479240171371,19.5485792394929,88.0271186828613,0,137.610137939453,95.5707226753235,128.376525185325,41.1208172525678,140.455237070719,100.981869697571,120.391170501709,87.6388221573044,111.779089578768,63.3204078674316,54.5877620323555,95.3436728886196,99.3032646179199,97.3667199988114,0,68.0835977369739,15.8538274859127,76.4963253727666,61.4400815138176,65.7781723446316,86.7934256749796,78.9310436173687,77.1986170862452,105.235744395155,76.6335144042969,98.10435740153,0,86.3501401628767,98.624752665675
91.5291470708074,121.554751586914,127.304970724541,60.216614700499,8.63404712437778,106.124354713841,67.4893506368001,54.2383658399486,98.7107491126427,51.7413716172967,20.4189141542404,161.97713230678,22.5424375291175,172.75447845459,109.297844775615,70.1199454513251,115.506548200335,161.705497436523,192.531188964844,183.942741394043,10.855184762586,117.614348093669,87.1471532933852,117.124656058647,20.6759308128492,0,163.681583949498,127.647746670631,18.84120804071,109.616696925927,95.3821351793077,0,150.260655721029,91.5914510425768,105.042500548893,144.045673370361,0,0,93.5304298400879,20.2222646716506,165.518714904785,174.627095149114,146.572592671712,159.772717019786,90.217622756958,122.987552767894,240.975616455078,75.0405335859819,0,174.127950815054,143.564247131348,0,223.144943237305,0,246.231094360352,46.0385525894165,0,0,165.667037963867,118.183949612859,0,243.193786621094,180.510649108887,120.7386326514,183.457816229926,157.226081848145,0,0,154.868705749512,180.605358123779
82.9686111450195,136.856137275696,155.549545288086,89.9898248152299,106.124354713841,7.20461614865339,12.8733640466104,116.945025782431,29.675101352339,53.7173513932662,113.57861328125,56.3319941433993,71.6863502053653,106.493622589111,75.14237159729,14.9519430278718,153.618759155273,168.346346173968,85.1690292358398,115.799800872803,112.999808091384,149.20499420166,95.760329506614,129.636222839355,87.6574684864766,127.553195953369,203.880511474609,149.959121704102,111.641239829685,48.1149754942509,127.332319641113,0,14.2214661620806,120.081268310547,37.1560559156464,0,0,0,0,0,0,0,216.430908203125,0,100.581939697266,0,0,0,0,0,0,0,0,0,0,0,0,0,0,181.322235107422,0,0,0,204.564476013184,0,0,0,0,0,0
96.1265145379144,0,139.072580016486,105.707341088189,67.4893506368001,12.8733640466104,13.2063617813751,71.919552228615,26.4545142801981,67.6012969292127,34.7867453777536,109.928877972909,23.644818858851,132.468377685547,65.2554159284929,16.6137720467281,136.251258850098,151.115150580972,147.777190314399,154.9397315979,41.5274419841858,137.209992726644,130.034303029378,130.771778438402,83.8059582659718,133.313639322917,155.050497234992,151.568367317931,81.7593455306343,89.0984789384039,110.280285746257,164.599212646484,29.6659244003105,107.289150037264,90.91879467886,0,204.052291870117,201.197057088216,93.1113662719727,160.181811592796,170.029327392578,200.237810770671,157.642857142857,175.852398681641,110.296830984262,156.398007710775,0,145.525314331055,198.070556640625,209.885391235352,0,182.953643798828,220.216369628906,0,239.914276123047,146.554066975911,195.812245686849,170.140970865885,204.050170898438,144.656453963813,0,0,205.753273010254,158.673292191302,191.287211826869,187.80625406901,0,246.895050048828,165.931030273438,182.243690490723
40.0785583518496,146.481965438179,101.38222992494,69.1767851189472,54.2383658399486,116.945025782431,71.919552228615,15.9319695301853,62.1560368484552,67.0567178950968,32.1659115287784,149.642800363751,71.6938493881452,169.558223377575,51.4474957738274,88.5885126749674,107.171570158575,113.237749285722,165.956090087891,137.138038815679,81.8368639945984,71.7240751984047,98.5033376927961,83.6920780142728,66.9934198182025,176.953384399414,138.625468305563,120.063447759759,36.1845154593321,74.5066574786279,30.7699639240324,184.739863077799,125.553442469183,77.740924932937,96.5013720814775,160.828659057617,170.195899963379,174.030587558089,91.193074826841,136.275470581055,204.313140869141,168.073199272156,146.292849222819,166.678342546735,84.0248076860295,152.500257138853,200.505737304688,146.093795776367,0,164.573983125908,0,151.680833604601,189.431765874227,222.928726196289,202.611005147298,145.873725043403,152.685036292443,124.009607950846,165.51049286185,122.980676388805,220.013549804688,208.181528930664,171.095482767845,136.600155492439,167.126931601424,146.777034636467,239.057601928711,0,142.961386108398,161.764485748721
62.7695771939684,166.918288094657,122.505022581234,96.1226106123491,98.7107491126427,29.675101352339,26.4545142801981,62.1560368484552,11.9324659367865,92.0686945324102,49.0941566683855,87.9150295230742,75.7795562436878,98.955569251109,23.8137489038844,48.8893347210354,130.371159675794,124.444436817971,130.031035804749,145.351349838466,92.9421189748324,101.124535505939,127.499080340068,111.251943623077,97.5090429445448,123.284816741943,145.893238241338,147.781627370143,97.9699126484864,65.2072051053664,77.1308728242134,147.880962371826,19.6307470988562,106.037652782365,85.9571625963627,162.579971313477,0,184.043412475586,125.254545731978,167.874390546013,0,195.612312316895,176.159002488659,187.993981933594,128.492262840271,176.923436482747,236.185317993164,161.087715148926,170.092483520508,198.595341609075,0,139.210205078125,217.66446685791,0,223.975875854492,153.753412882487,202.604339599609,170.527847290039,181.363058725993,148.018440406193,0,201.308345540365,180.72521630112,161.301665786625,189.707279750279,176.686986287435,0,217.64111328125,185.776443481445,188.92378452846
82.6484378027537,80.3538078244829,116.78564491272,24.5335030368275,51.7413716172967,53.7173513932662,67.6012969292127,67.0567178950968,92.0686945324102,8.06130847456821,69.2429018984026,138.1106226304,20.4074538635485,126.122729440753,101.197837794377,23.0177734047033,93.7015760782603,122.34519763703,152.109400749207,138.357658749535,47.57202701492,101.314159686749,29.5437041755111,108.782579677621,22.600771585647,106.357239167223,127.405296306221,105.376390266326,55.9019856374772,95.1476249123572,72.3607403885517,138.578493390765,110.553049954501,73.7780277397059,105.546635871386,122.017322540283,120.512992858887,140.902667575412,66.1921801737377,99.0869355773926,0,114.809900283813,133.558950424194,152.494454123757,58.232635445065,113.933538818359,0,97.3865207036336,172.288285255432,151.341684468587,59.2577476501465,121.888198852539,154.670082092285,178.947265625,194.507211303711,95.9447250366211,129.545382181803,186.964920043945,138.482804107666,93.7682023457118,159.474138259888,174.659505844116,165.982540364168,117.815132628096,150.364991869245,106.047996520996,187.703799438477,0,123.982536315918,144.413723754883
84.1279637633252,141.815734863281,113.651495570651,87.224789076838,20.4189141542404,113.57861328125,34.7867453777536,32.1659115287784,49.0941566683855,69.2429018984026,16.1143785320304,143.194188128731,28.0885955316349,171.618385646654,77.5642240455002,74.3932255961469,124.20008058548,137.071963862044,174.196968078613,165.43035882151,16.9357588236923,96.3582859690596,116.241502567213,103.628063622656,63.4228471925151,186.040420532227,153.717162140556,137.272631806387,31.1545444282016,105.659763410901,91.9436631113438,183.41530863444,123.134211086092,90.7580003771176,106.159672089439,189.25851949056,207.609916687012,184.777658562911,110.623554576527,123.566471466651,0,176.791058575666,156.295225143433,173.446152699145,96.5802107590895,159.486752571316,213.212071736654,149.300529017593,0,188.605567568824,134.766091346741,164.659401787652,214.503828048706,233.035522460938,219.954271952311,147.407519413875,179.54379926409,143.230481284005,184.470440513209,131.948874412754,221.140823364258,216.278161621094,185.543460210164,149.75897638003,186.933915530934,186.316401163737,0,0,169.037544250488,173.696901448568
105.605483299078,64.6312642612973,101.997098101212,80.0580319880181,161.97713230678,56.3319941433993,109.928877972909,149.642800363751,87.9150295230742,138.1106226304,143.194188128731,14.2720475972088,130.399547234267,23.7011591829108,85.6277288544289,92.8548577626546,141.396696339483,65.5398490100151,23.1390530894123,30.505663311007,152.416046578544,115.292026442711,108.486787963332,109.160042801796,152.569116430345,28.1109005557509,36.5798789970398,63.4856677988821,157.391507915422,66.0013258646405,128.971924569266,39.7706994143036,58.548778276298,118.309224991571,30.4655637865992,206.802627563477,101.531642150879,146.813867357042,89.523441473643,0,0,0,215.035743713379,190.113276163737,196.670608520508,238.907028198242,93.8015096564042,0,76.0554701123919,183.525774002075,0,0,150.513195991516,108.724671347099,124.549557025616,0,0,147.968233281916,181.577355957031,209.415201822917,70.4617179507301,109.165568071253,115.556861068263,212.690655299595,202.613861083984,190.493576049805,107.033581256866,0,0,146.351361955915
116.183372020721,143.97518157959,140.143347366996,110.641213343694,22.5424375291175,71.6863502053653,23.644818858851,71.6938493881452,75.7795562436878,20.4074538635485,28.0885955316349,130.399547234267,10.3074064185337,149.585749539462,94.2209349486048,18.8626989665355,128.624089558919,157.805665449663,157.741928100586,177.838893890381,13.9438482821792,148.660125732422,93.9594291687012,149.115687403186,20.6200538263048,160.806467692057,165.114044189453,159.921267249367,46.6131915899775,109.359348674749,120.61068005032,175.917287190755,105.479532750448,108.136320749919,111.643579691398,0,0,0,91.7933120727539,61.0510104993979,0,71.1470087643327,152.02228418986,121.165402650833,89.2144317626953,47.0431348509708,156.076156616211,11.8882259357723,0,125.282502492269,78.985538482666,0,223.144645690918,0,174.832824707031,20.3923635764152,0,136.893859863281,190.353230794271,129.22480314869,191.278045654297,237.931938171387,198.792602539062,100.144514527432,150.844408208674,145.831726074219,0,0,0,133.534703935896
129.556980133057,51.8240321219384,121.088337531457,64.4974453211024,172.75447845459,106.493622589111,132.468377685547,169.558223377575,98.955569251109,126.122729440753,171.618385646654,23.7011591829108,149.585749539462,7.09756651107442,100.395385776554,147.39106241862,152.462208339146,106.206103784067,54.3092535198358,76.6360863936575,194.114837646484,140.177090236119,97.5617012209187,158.113803863525,137.126623964858,16.064162535104,49.2778174746061,38.7077306361418,177.535547892253,86.7302650629088,164.347399902344,22.2629765047444,80.0635724385579,149.800079345703,72.2343659379747,0,92.5863182067871,167.229501342773,79.8483654066574,0,0,0,205.21898651123,115.259689331055,147.225169372559,0,70.2522690766049,0,61.8824059919877,200.094640096029,0,0,151.656086730957,96.9888045367073,115.106428378966,0,0,120.185724146226,202.856349945068,201.192836761475,51.9210291004181,98.8441423688616,99.2389047845736,221.564033508301,156.806564331055,0,92.4781651954128,89.6170234680176,229.156860351562,115.783168029785
19.8371931810466,149.606913398294,130.870676991334,98.4923445276467,109.297844775615,75.14237159729,65.2554159284929,51.4474957738274,23.8137489038844,101.197837794377,77.5642240455002,85.6277288544289,94.2209349486048,100.395385776554,16.7369747026974,78.1880277667129,138.076727719651,121.130112405379,123.838079361689,141.163381119095,105.624922874646,99.0289580370929,123.154449462891,112.869237253718,103.9097200913,111.506098937988,144.749419148017,152.170892172867,107.963161808623,35.7407035914445,65.2655174550388,152.147172546387,22.8032318458111,87.9246660734478,77.269193187552,177.06224822998,0,191.522733800551,127.084674162023,176.73401295055,0,200.371939086914,169.738256576213,198.248125076294,118.337366485596,188.731967163086,222.800033569336,184.509292602539,182.483276367188,189.613024393717,178.266082763672,141.765014648438,194.842705359826,168.96875,197.97537612915,181.204982212612,198.697731018066,131.607818603516,196.815430323283,153.395175396196,0,203.685473548041,198.947277304567,167.045868174235,192.888429392939,169.344903564453,200.197372436523,0,155.420349121094,180.885977783203
94.1936416625977,120.94210131415,152.40212419298,58.3598670959473,70.1199454513251,14.9519430278718,16.6137720467281,88.5885126749674,48.8893347210354,23.0177734047033,74.3932255961469,92.8548577626546,18.8626989665355,147.39106241862,78.1880277667129,8.35407866894581,114.941522598267,157.732161458333,0,157.587004089355,55.3658024441879,133.099594116211,80.0052157542745,150.42234632704,50.530884940345,139.948272705078,163.225190904405,127.484630946695,82.469214834818,105.357303266172,102.906979031033,166.390385945638,38.965453881812,101.138132095337,108.079821499911,0,0,177.451044718424,109.552719116211,115.796348571777,0,0,161.200523376465,0,0,177.330738067627,0,69.5582618713379,0,242.374069213867,83.3506317138672,133.378860473633,199.864456176758,0,220.188415527344,110.033573150635,0,0,159.372665405273,129.106035344741,184.268768310547,245.473419189453,196.516151428223,130.155590481228,0,0,0,0,0,0
112.043413622626,68.1050829600139,85.3480221790633,37.4338948648095,115.506548200335,153.618759155273,136.251258850098,107.171570158575,130.371159675794,93.7015760782603,124.20008058548,141.396696339483,128.624089558919,152.462208339146,138.076727719651,114.941522598267,13.4717228951483,93.3502897336248,143.101770019531,121.642741998037,183.363876342773,28.2449571529949,29.6624051326967,30.1973112270007,41.2038716779898,115.713993993299,117.901347340404,33.2641329622323,47.4545602086354,118.650377417813,76.0445823818946,136.32511138916,190.960266113281,82.6696585141695,79.5562080396276,154.715431213379,88.3459510803223,112.380165757804,56.456402906731,200.515991210938,0,193.098068237305,163.801929180439,184.328943105844,185.728149414062,160.773042566636,0,172.652519226074,182.796646118164,198.141756693522,0,56.0359150383124,135.311090965794,165.113662719727,166.06150004069,0,108.214067312387,54.0529900173406,100.1918245839,120.990641474724,171.474075317383,152.598539536999,98.1466310357009,136.840387394998,168.284221104213,123.973748922348,194.752944946289,227.194946289062,93.7784957885742,124.818489728655
104.991027939867,58.4072061632234,44.7483358906682,69.7547249095014,161.705497436523,168.346346173968,151.115150580972,113.237749285722,124.444436817971,122.34519763703,137.071963862044,65.5398490100151,157.805665449663,106.206103784067,121.130112405379,157.732161458333,93.3502897336248,12.9441583093997,61.8203845668483,32.0056205833167,173.217091560364,67.5596034305569,85.4700301264373,38.238887061761,127.391423678928,99.8269337972005,38.1865575051638,68.9640516920572,117.792790803346,116.500333156431,77.3802749424494,104.038076764061,178.264420760305,96.8080725291419,44.7229800191222,218.45246887207,88.2721020091664,109.220040198463,90.6672037608588,225.440948486328,0,221.499458312988,192.625582768367,209.936601638794,177.784460885184,201.469242095947,161.333619061638,0,134.493302565355,199.624146355523,219.578536987305,150.833341078325,120.789543351971,155.483130318778,127.654502693264,0,171.037108285087,115.822667439779,146.425425929878,187.417693376541,103.901765328866,113.418703548725,114.87528312996,186.959160252621,205.636489868164,185.528079223633,153.243344624837,0,0,130.344257941613
131.636375427246,79.4645035879953,105.615253993443,83.2048380816424,192.531188964844,85.1690292358398,147.777190314399,165.956090087891,130.031035804749,152.109400749207,174.196968078613,23.1390530894123,157.741928100586,54.3092535198358,123.838079361689,0,143.101770019531,61.8203845668483,8.34772953280237,22.3842896905843,178.206466674805,129.016605834961,123.468983544244,115.848171393077,163.006537119548,45.6159008113483,28.1150049153159,69.086429069448,179.667908888597,107.427996083993,128.456280876608,50.1551451862983,96.0643165588379,129.49045308431,63.734625418597,214.424713134766,97.0182189941406,145.82995387486,90.5270069667271,0,0,0,0,0,0,234.260955810547,98.8157031410619,0,88.7408031887478,214.341361999512,0,0,143.594955444336,104.346278950319,116.071429888407,0,0,171.545043945312,174.68571472168,206.546722412109,77.4993486965404,104.716135608263,109.774094647526,0,193.121940612793,0,109.818682930686,0,0,123.087069702148
124.597638210404,66.6842859213244,82.827113302345,80.4879466698263,183.942741394043,115.799800872803,154.9397315979,137.138038815679,145.351349838466,138.357658749535,165.43035882151,30.505663311007,177.838893890381,76.6360863936575,141.163381119095,157.587004089355,121.642741998037,32.0056205833167,22.3842896905843,12.3972316767744,213.32709757487,98.1939031566551,104.531044769287,84.4863157871791,147.721828240999,56.3639443221601,35.1010232251357,74.9868873817734,146.849327231353,128.129973994361,104.471019750426,61.7383917407877,97.4843035803901,105.599245379048,50.5920492364595,238.009338378906,95.8116206118935,130.948350244639,95.7166753698278,0,0,0,205.385940551758,212.349185943604,192.900278727214,211.271255493164,117.654974423922,0,110.570150803547,210.394432915582,0,160.602822621663,134.014386437156,112.68672443996,116.615525686068,0,182.833801269531,136.300912296071,172.100949887876,199.789507352389,98.7818040847778,105.103038530408,112.903810172754,209.570959908622,208.187344360352,176.75106048584,116.082881066107,0,0,126.121801648821
90.2048451741536,0,126.005790710449,69.582479778089,10.855184762586,112.999808091384,41.5274419841858,81.8368639945984,92.9421189748324,47.57202701492,16.9357588236923,152.416046578544,13.9438482821792,194.114837646484,105.624922874646,55.3658024441879,183.363876342773,173.217091560364,178.206466674805,213.32709757487,8.31366390800217,101.979497273763,101.026172637939,135.065916794997,20.2506528550814,0,176.630301339286,148.138426038954,28.6946474122158,109.745873754424,93.9592347145081,0,123.939490424262,81.9604028065999,109.722780946825,181.914916992188,0,0,117.328125,45.9553170105846,0,161.789058685303,132.813020706177,153.794843233549,88.7110916773478,143.256663799286,189.164825439453,112.728107452393,0,190.300741577148,0,0,0,219.77702331543,0,139.839953335849,131.377685546875,141.055480957031,167.814956665039,122.123734580146,0,0,201.721369425456,141.916740996928,196.181079101562,169.150650024414,0,0,189.247482299805,0
77.1812145328182,112.398329416911,62.9380096033358,57.4833878800123,117.614348093669,149.20499420166,137.209992726644,71.7240751984047,101.124535505939,101.314159686749,96.3582859690596,115.292026442711,148.660125732422,140.177090236119,99.0289580370929,133.099594116211,28.2449571529949,67.5596034305569,129.016605834961,98.1939031566551,101.979497273763,13.5570875219449,59.5170597312442,32.9760019436014,40.1261175536001,138.361778259277,104.120292106126,93.4112951460795,38.3883820260412,75.1858936960083,30.1298445219436,159.226699829102,136.742799123128,61.8345640088305,49.3596402076132,138.525108337402,0,147.319594456599,72.0089019272856,0,0,0,170.343928019206,179.262363433838,128.00728225708,224.2109375,172.697242736816,188.786346435547,186.915878295898,161.399821888317,0,111.489966918375,160.501967112223,199.26155090332,176.640421549479,0,118.092061830604,70.3936556647806,121.2708056132,128.27164416843,119.590446472168,160.018609619141,134.126862426758,140.94911151123,168.303955479672,121.885505040487,196.877838134766,0,168.603881835938,156.433842468262
115.458697509766,34.304901434964,66.4567779836075,27.7722619359104,87.1471532933852,95.760329506614,130.034303029378,98.5033376927961,127.499080340068,29.5437041755111,116.241502567213,108.486787963332,93.9594291687012,97.5617012209187,123.154449462891,80.0052157542745,29.6624051326967,85.4700301264373,123.468983544244,104.531044769287,101.026172637939,59.5170597312442,9.70583793245558,55.8380680278196,30.8286890244688,80.2157654081072,95.5953927966656,40.7850039517414,58.6434734356612,100.107148794027,66.7752615264242,107.354544180411,0,62.7117420543324,76.1338124003247,0,106.289044189453,109.340332618126,30.5782371171763,0,0,0,136.968207550049,159.355183919271,100.87904548645,0,134.140263875326,80.1430587768555,134.950950622559,160.685083389282,0,57.1205441890619,132.733251218443,156.716221279568,154.652495066325,128.416412353516,67.8933091844831,12.2152249560212,78.5514384337834,91.7831907774273,114.300731658936,135.541451227097,110.1867016879,106.685627189842,154.181083679199,104.639300626867,158.253021240234,0,0,121.523920694987
97.2577789842892,84.3970210884191,32.5938735088346,60.8456694702838,117.124656058647,129.636222839355,130.771778438402,83.6920780142728,111.251943623077,108.782579677621,103.628063622656,109.160042801796,149.115687403186,158.113803863525,112.869237253718,150.42234632704,30.1973112270007,38.238887061761,115.848171393077,84.4863157871791,135.065916794997,32.9760019436014,55.8380680278196,20.3753505328684,76.683453708974,112.469495773315,79.3939891546246,48.356714021339,57.7269895906122,101.711305672065,58.2782645723148,137.686626688639,170.822892252604,87.135815830554,53.6789650737713,191.149493408203,103.360720316569,110.314502272234,74.6182313097848,203.198568725586,0,196.641044616699,176.085416369968,195.833280436198,162.487850952148,176.447137560163,179.825790405273,200.502021789551,145.113250732422,193.282786051432,0,97.4964219062794,132.766141301436,165.817049026489,149.573664347331,0,129.214281736915,67.6715109037316,114.630899484814,151.656676270241,138.433794975281,146.60588845147,107.759824065676,159.370276411374,192.588108698527,153.499039998869,0,0,176.612564086914,130.876467357982
86.8881605579739,80.3059078715994,103.514293178223,41.9817758609464,20.6759308128492,87.6574684864766,83.8059582659718,66.9934198182025,97.5090429445448,22.600771585647,63.4228471925151,152.569116430345,20.6200538263048,137.126623964858,103.9097200913,50.530884940345,41.2038716779898,127.391423678928,163.006537119548,147.721828240999,20.2506528550814,40.1261175536001,30.8286890244688,76.683453708974,11.8552232672741,117.598718195216,135.107415117908,94.212294067008,21.9810626018679,97.0988875336451,74.8943453234915,156.790928649902,129.22998046875,76.2054795491169,93.5465146875937,129.460207715447,183.041412353516,157.662349065145,67.0318239496109,115.95167608681,0,151.515290719491,126.146503915592,150.297999438118,68.504379093647,131.255106743346,212.027893066406,116.000740744851,185.332426452637,152.686906441179,110.87473932902,110.928713096763,175.463309393989,199.235260009766,186.457701546805,106.325847625732,122.191349310624,77.2266143467115,139.312566848028,102.810899390726,151.886218261719,187.247413953145,150.644276607374,114.430656937075,146.270866371269,124.741160595056,0,179.617553710938,135.130528767904,136.377072067735
201.946746826172,21.4521202612198,100.069769965278,39.2344646953193,0,127.553195953369,133.313639322917,176.953384399414,123.284816741943,106.357239167223,186.040420532227,28.1109005557509,160.806467692057,16.064162535104,111.506098937988,139.948272705078,115.713993993299,99.8269337972005,45.6159008113483,56.3639443221601,0,138.361778259277,80.2157654081072,112.469495773315,117.598718195216,6.63505617602713,47.3278521207438,29.4306061918256,139.067370944553,125.203171200222,139.932776557075,46.02427847726,102.962631225586,0,67.1803106931176,0,73.0062765641646,163.527599334717,54.0588972602092,0,0,173.331207275391,0,0,111.641708374023,212.29084777832,65.6060817186222,0,55.811738948333,163.251991271973,0,0,125.487493515015,76.9449990590413,83.5030098655007,0,0,108.666704813639,169.032775878906,220.227121988932,41.5747967394747,74.5420817266859,77.3345269999228,173.011352539062,0,140.747177124023,78.3542389991956,0,0,95.761176109314
133.331429725836,56.1419531496807,43.5009047550347,66.1814229582432,163.681583949498,203.880511474609,155.050497234992,138.625468305563,145.893238241338,127.405296306221,153.717162140556,36.5798789970398,165.114044189453,49.2778174746061,144.749419148017,163.225190904405,117.901347340404,38.1865575051638,28.1150049153159,35.1010232251357,176.630301339286,104.120292106126,95.5953927966656,79.3939891546246,135.107415117908,47.3278521207438,17.1645636766776,44.4022098946531,142.831181551503,134.103090316213,124.061493881794,28.1605941135764,120.006116549174,135.517799377441,65.8130374420993,176.266294691298,91.4989602930406,116.976436362282,86.6151262817383,207.264923095703,0,0,188.090706591336,194.357627868652,180.228834969657,192.045056152344,106.306704872533,0,93.5073931357843,194.989491670028,228.24845123291,159.730879974365,114.845385978643,103.955445849074,109.771550313935,0,164.899656122381,145.710493723551,150.837287431882,199.658381870815,79.1494698745792,96.3954446100445,102.251140870366,203.029501173231,184.960278159694,174.191781405745,109.735753520151,175.129089355469,0,120.633841178787
143.471981169048,33.8410710855485,31.3206052635738,54.0445789503276,127.647746670631,149.959121704102,151.568367317931,120.063447759759,147.781627370143,105.376390266326,137.272631806387,63.4856677988821,159.921267249367,38.7077306361418,152.170892172867,127.484630946695,33.2641329622323,68.9640516920572,69.086429069448,74.9868873817734,148.138426038954,93.4112951460795,40.7850039517414,48.356714021339,94.212294067008,29.4306061918256,44.4022098946531,18.7694090698124,95.1182335473495,145.728763561056,118.06116567206,48.6036886336172,147.019727186723,130.768487506443,71.9126869211431,190.471887925092,78.6642969275723,98.4818745920719,70.5419867782996,216.959636143276,0,202.44229888916,174.641080961453,194.104307213608,157.984173366002,182.959684448242,110.422214349661,0,90.3651076416637,195.716640424125,221.702596028646,115.568441325221,114.489628480754,107.339799229878,116.452838064159,201.457443237305,145.287421593299,81.9694354149603,109.369388808552,164.083277237317,77.2666665860035,103.310220264546,100.13452492311,174.382753511754,195.681610107422,168.77469167904,107.949184180179,0,145.638397216797,118.043943803162
91.8249023866118,115.551299266326,91.8468444982734,58.9386853162746,18.84120804071,111.641239829685,81.7593455306343,36.1845154593321,97.9699126484864,55.9019856374772,31.1545444282016,157.391507915422,46.6131915899775,177.535547892253,107.963161808623,82.469214834818,47.4545602086354,117.792790803346,179.667908888597,146.849327231353,28.6946474122158,38.3883820260412,58.6434734356612,57.7269895906122,21.9810626018679,139.067370944553,142.831181551503,95.1182335473495,13.6710893146404,99.7632715475568,44.9513129741032,180.687419891357,142.362466866629,74.5611390732042,81.7303623004586,135.970769820675,113.72119140625,163.142060187555,73.0579771995544,132.248568310457,0,160.638378143311,136.157569457745,168.311553207098,88.8769163165176,152.250001359694,208.137054443359,136.397327564381,210.349662780762,163.714351751865,135.961655752999,119.287630971273,192.12154812283,0,206.157629830497,142.215851593018,116.509978226253,77.8950457029705,150.856731179766,115.792019027632,0,194.684256744385,158.983142469056,128.167613913186,157.740677062779,131.103508999473,245.632186889648,213.53874206543,143.045592674842,149.041782181351
27.7150717067913,134.055733651826,146.052282448971,89.1186567530139,109.616696925927,48.1149754942509,89.0984789384039,74.5066574786279,65.2072051053664,95.1476249123572,105.659763410901,66.0013258646405,109.359348674749,86.7302650629088,35.7407035914445,105.357303266172,118.650377417813,116.500333156431,107.427996083993,128.129973994361,109.745873754424,75.1858936960083,100.107148794027,101.711305672065,97.0988875336451,125.203171200222,134.103090316213,145.728763561056,99.7632715475568,15.9879459256977,32.1215130712844,118.345908066322,11.6958415952589,21.6069081306106,49.804592853055,172.158843096565,189.471809387207,184.026560349898,111.079090714455,179.519116105704,0,199.919864230686,168.893500461373,192.410712502219,136.248788833618,182.099382019043,203.250752766927,192.077891031901,139.633377075195,191.876714968214,0,148.612250328064,196.796556472778,214.045974731445,194.476852416992,183.762756347656,142.949421183268,142.03195150275,189.461804265561,149.26707692049,177.295169830322,186.544077157974,190.114225705465,161.869318772323,190.550821744479,162.23267992805,208.453643798828,0,166.678559875488,175.584950373723
34.8261793090713,118.355245018005,93.179550156629,64.4406684084404,95.3821351793077,127.332319641113,110.280285746257,30.7699639240324,77.1308728242134,72.3607403885517,91.9436631113438,128.971924569266,120.61068005032,164.347399902344,65.2655174550388,102.906979031033,76.0445823818946,77.3802749424494,128.456280876608,104.471019750426,93.9592347145081,30.1298445219436,66.7752615264242,58.2782645723148,74.8943453234915,139.932776557075,124.061493881794,118.06116567206,44.9513129741032,32.1215130712844,13.2487832884499,161.118424415588,126.290037972586,32.3227898339356,48.0242000259501,152.222605618564,0,160.475796323834,77.5410503950275,144.84421648298,0,165.352661132812,152.066580258883,176.555670844184,110.130552927653,169.695072174072,0,228.720733642578,214.082992553711,167.735322913345,138.07275390625,116.353532766367,178.921720064603,180.642349243164,188.691598892212,154.785507202148,123.078124133023,81.2935922218091,142.853111769024,123.99101432242,141.340270996094,185.456655614516,161.72966559915,133.145136104486,159.619468604194,134.69883620739,222.968063354492,0,142.170218658447,151.042818581186
161.376922607422,62.5596258886929,100.521655273438,76.7921906728593,0,0,164.599212646484,184.739863077799,147.880962371826,138.578493390765,183.41530863444,39.7706994143036,175.917287190755,22.2629765047444,152.147172546387,166.390385945638,136.32511138916,104.038076764061,50.1551451862983,61.7383917407877,0,159.226699829102,107.354544180411,137.686626688639,156.790928649902,46.02427847726,28.1605941135764,48.6036886336172,180.687419891357,118.345908066322,161.118424415588,5.69294014871887,105.432501475016,0,82.8116586636274,0,0,175.121597290039,117.015371958415,0,0,0,0,154.694625854492,0,235.491287231445,104.067247727338,0,86.5535281820035,0,0,0,0,103.579967274385,118.68511724472,0,0,135.245140075684,188.978816986084,0,70.6090132904053,111.191063477821,109.948954596886,0,203.932815551758,182.205032348633,106.854996744792,0,0,146.329940795898
83.2760211720186,113.503234863281,197.214691162109,122.689735412598,150.260655721029,14.2214661620806,29.6659244003105,125.553442469183,19.6307470988562,110.553049954501,123.134211086092,58.548778276298,105.479532750448,80.0635724385579,22.8032318458111,38.965453881812,190.960266113281,178.264420760305,96.0643165588379,97.4843035803901,123.939490424262,136.742799123128,0,170.822892252604,129.22998046875,102.962631225586,120.006116549174,147.019727186723,142.362466866629,11.6958415952589,126.290037972586,105.432501475016,6.72327420074589,73.1332397460938,38.8097128473147,0,0,0,0,191.710311889648,0,0,201.595672607422,0,0,0,0,0,129.713333129883,0,0,0,0,0,0,0,0,0,0,185.893295288086,0,0,182.313667297363,193.902969360352,0,0,0,0,0,239.152084350586
53.8096744088566,109.620927429199,140.979404873318,68.2693979691486,91.5914510425768,120.081268310547,107.289150037264,77.740924932937,106.037652782365,73.7780277397059,90.7580003771176,118.309224991571,108.136320749919,149.800079345703,87.9246660734478,101.138132095337,82.6696585141695,96.8080725291419,129.49045308431,105.599245379048,81.9604028065999,61.8345640088305,62.7117420543324,87.135815830554,76.2054795491169,0,135.517799377441,130.768487506443,74.5611390732042,21.6069081306106,32.3227898339356,0,73.1332397460938,8.89864030797244,28.9942867916793,133.255401611328,0,166.420448303223,82.350742816925,142.985162099202,0,0,149.75142288208,178.666394551595,98.7154693603516,0,0,0,0,175.493106079102,114.83618927002,125.055000305176,187.93493270874,0,200.829879760742,0,123.639533233643,163.098968505859,167.538757324219,125.762671818809,0,178.981338500977,180.779212258079,129.801414636465,175.108307974679,127.34766515096,0,0,0,130.360150146484
79.8584008261758,64.5332958948045,71.6667620060748,78.086053514814,105.042500548893,37.1560559156464,90.91879467886,96.5013720814775,85.9571625963627,105.546635871386,106.159672089439,30.4655637865992,111.643579691398,72.2343659379747,77.269193187552,108.079821499911,79.5562080396276,44.7229800191222,63.734625418597,50.5920492364595,109.722780946825,49.3596402076132,76.1338124003247,53.6789650737713,93.5465146875937,67.1803106931176,65.8130374420993,71.9126869211431,81.7303623004586,49.804592853055,48.0242000259501,82.8116586636274,38.8097128473147,28.9942867916793,11.6768349976974,176.854905870226,101.221854739719,115.467171753345,85.2969262864855,184.06099395752,0,227.961669921875,160.389287245901,193.629884507921,131.298829078674,172.579806009928,138.606606547038,204.464286804199,133.252977775805,190.625440870013,189.339981079102,142.88663482666,131.750663575672,134.401220049177,123.57633992423,237.232711791992,122.702872332405,110.228597799937,141.466935827377,140.574108924395,96.3515813273768,115.035708812639,115.685118729094,153.195471642001,175.267193385533,135.646283467611,150.507445441352,0,158.135446548462,151.365541898287
156.983325958252,202.902160644531,179.004684448242,84.7027850680881,144.045673370361,0,0,160.828659057617,162.579971313477,122.017322540283,189.25851949056,206.802627563477,0,0,177.06224822998,0,154.715431213379,218.45246887207,214.424713134766,238.009338378906,181.914916992188,138.525108337402,0,191.149493408203,129.460207715447,0,176.266294691298,190.471887925092,135.970769820675,172.158843096565,152.222605618564,0,0,133.255401611328,176.854905870226,10.4758130004017,123.784609476725,129.798062977038,71.2678333129883,93.4695003216083,98.407470703125,116.195110879293,23.3855916654456,77.3349886933963,79.6740036010742,91.6412757427796,129.60329635938,119.923562186105,160.293185763889,26.3334480714065,122.333958435059,91.0967010049259,103.770628920845,138.901099118319,122.322589745682,100.36697248979,76.0224019347644,82.2358498573303,95.6512874917034,81.3532684490926,0,126.965896001471,138.64778218084,82.7176440934288,25.0523210506661,32.0787155057743,150.111974080404,99.5592288970947,31.9121900264454,66.8452767326114
0,54.8688615163167,83.0540443869198,36.1057626247406,0,0,204.052291870117,170.195899963379,0,120.512992858887,207.609916687012,101.531642150879,0,92.5863182067871,0,0,88.3459510803223,88.2721020091664,97.0182189941406,95.8116206118935,0,0,106.289044189453,103.360720316569,183.041412353516,73.0062765641646,91.4989602930406,78.6642969275723,113.72119140625,189.471809387207,0,0,0,0,101.221854739719,123.784609476725,7.41370023901835,46.7261910668735,17.7104826467183,147.750885009766,125.805363972982,0,129.769409179688,154.041546908292,78.1223837266485,129.821665445964,57.6992176966881,97.356990814209,47.8852373814919,141.290124681261,123.557654380798,70.2471843587941,57.8874956870566,69.0346074899038,63.3460939271109,0,99.54808983436,23.9896068743181,83.092935194049,81.5494648501404,20.5173089822801,47.3421891818433,27.2687683426375,110.676243373326,129.140256708319,102.633492279053,64.311812610161,0,98.7208480834961,65.7398687715884
189.196937561035,105.37748112398,96.0187039913249,66.3479240171371,0,0,201.197057088216,174.030587558089,184.043412475586,140.902667575412,184.777658562911,146.813867357042,0,167.229501342773,191.522733800551,177.451044718424,112.380165757804,109.220040198463,145.82995387486,130.948350244639,0,147.319594456599,109.340332618126,110.314502272234,157.662349065145,163.527599334717,116.976436362282,98.4818745920719,163.142060187555,184.026560349898,160.475796323834,175.121597290039,0,166.420448303223,115.467171753345,129.798062977038,46.7261910668735,14.3377527023287,54.8770549500242,128.608494526631,177.346252441406,144.419325412848,103.826197388667,126.417602834926,106.299216747284,114.918882704273,113.887995195818,151.818673567338,104.42645919323,127.68410156918,136.580979347229,95.6471682957241,39.7697778902645,92.85939653041,78.0735958719096,130.464695323597,78.8832108654738,56.4466157176278,34.4988223154376,116.741798918126,109.274228731791,43.3451313613344,35.7986770325915,97.93847184776,153.167798409811,114.4247412226,95.0552959976909,183.510963439941,148.564952087402,76.9318558439917
