12.5302635924371,137.351371765137,96.7524330805218,88.5138217926025,90.131971022662,85.2288700866699,79.7226369467126,43.0517736723262,36.3432890670785,78.6594116091728,45.3732727156257,135.709323536266,93.3061327726945,174.663584391276,13.5210482660864,110.114809672038,128.687086559477,104.776438325603,152.706718444824,131.067383918209,90.4879484176636,83.5435403894495,101.989842414856,92.7168540355423,97.2243190315199,139.860794067383,118.463817903365,125.747526689009,91.4649338531494,23.6436560515753,36.5724095820532,158.43868637085,88.0871649349437,36.0866181071442,76.4121140541114,164.997985839844,238.928527832031,177.11190032959,91.6683441162109,0,0,0,0,0,0,0,0,0,0,167.785792032878,0,0,0,0,0,0,0,0,0,139.688660757882,0,192.800842285156,152.060592651367,158.539645603725,191.229995727539,170.347122192383,0,0,174.594566345215,169.088157653809
137.351371765137,6.50059191653985,46.0211713281692,26.6586961828212,104.159426583184,151.52071762085,166.009420776367,133.008089065552,157.901339213053,80.5461329597443,151.481026389382,70.096037519739,100.811744144985,47.2691094174861,149.660983276367,108.584542592367,83.2824943249042,54.2617445241718,70.463616507394,64.4917446038662,116.23753229777,118.259271530878,31.3043691827916,68.7352158789541,93.5272506936623,17.7026963567989,50.1975354026346,28.1539142624932,128.193020593552,137.437092675103,125.176525055416,70.4574503580729,0,118.588530222575,72.4499873941595,176.337341308594,0,76.2585775201971,40.7461719512939,0,0,163.122985839844,0,0,126.504302978516,0,0,0,0,0,0,0,93.3604412078857,106.648643493652,0,0,87.9505767822266,76.9094314575195,130.772680664063,162.932769775391,57.4720722198486,113.472149848938,78.3626459698344,0,0,0,0,0,0,83.704948425293
96.7524330805218,46.0211713281692,14.0301880902766,59.5950987820798,137.319061703152,185.470538868624,152.520440207587,109.34399039241,127.003078664532,130.029991585868,133.671027377307,100.316742130967,136.559133911133,96.5947794914246,118.402309891927,153.566805521647,85.6808800016131,39.9898437762251,92.5785217285156,95.1530253173439,154.203455144709,75.051540263215,72.6666092728124,29.9943304624384,118.142931459562,93.9614344510165,37.1775999562296,40.2804491490948,100.672203412047,125.196749694156,95.0599546365571,99.5031808953536,182.600364685059,130.748164126748,82.2539704967189,179.361621856689,0,101.503883169882,71.5331821107028,0,0,201.463450113932,180.683959960938,193.460149129232,128.643541971842,213.625991821289,160.663647969564,0,176.803670247396,193.819702148438,0,126.802847181048,136.353927067348,0,129.114000320435,0,144.666552225749,90.2616186875563,120.02142919725,174.829602050781,129.788467407227,126.433922987718,107.124834274497,169.288258143834,188.555252075195,152.778532845633,0,0,0,130.727382024129
88.5138217926025,26.6586961828212,59.5950987820798,13.5928460089666,58.5964070274716,138.87067489624,99.247893721969,83.218664098669,99.327345131417,21.2333030625128,91.3086943776984,71.1867048493747,63.324113042731,40.7884956245119,108.326369552612,53.2186081374901,44.7871053552465,59.1856193891995,61.7946266900925,61.9053656881416,84.1868603544415,73.0704357655843,27.3005251402505,61.9638266675801,47.2018459634785,19.7083657946081,53.4876422164672,49.9992722928826,71.3378209837393,87.7805059232765,71.9947348015546,63.2891121320827,148.950224558512,82.5174573686388,77.2996873655519,127.511201858521,51.029899597168,73.0181465148926,18.843675377213,0,0,160.445732116699,146.521461486816,157.603527069092,36.7612668991089,147.179611206055,0,0,44.183698109218,130.043318748474,0,66.8553631122296,68.1301158905029,0,66.0554428100586,111.693801879883,80.4315903981527,97.1025190353394,68.2188469519982,64.1827154541016,39.9948433637619,64.2931692940848,66.52010699922,93.5064074652536,115.123563448588,79.8062329973493,0,0,96.2179946899414,96.0953664779663
90.131971022662,104.159426583184,137.319061703152,58.5964070274716,11.0881475161241,0,72.5888094060561,77.0640672001526,94.9618261603899,41.8445133832036,32.5373957717575,0,34.3448360869194,149.902906417847,110.216738302057,71.6904738662589,142.466526031494,153.429542209791,205.294067382812,178.129211425781,13.2314437383367,111.841821523813,64.3160154777661,127.936787812606,20.4934171447393,141.080551147461,156.104945060534,139.089909156164,23.2104735581207,95.6207549636428,97.6524657294864,188.660354614258,140.135620117188,78.5676151622425,99.0554832206978,0,0,164.357131958008,95.1529341803657,22.2398905485988,202.231521606445,147.408620561872,135.956585354275,164.867910766602,91.4246546427409,158.511608123779,0,147.830083211263,0,180.923457336426,149.080200195312,144.151008605957,213.060287475586,0,0,144.748590569747,198.25,127.791835784912,152.478202819824,111.092415993674,0,0,140.859329223633,142.231095208062,167.097754923503,214.940483093262,0,0,167.307998657227,172.05653889974
85.2288700866699,151.52071762085,185.470538868624,138.87067489624,0,7.5367157764147,11.9111024977203,122.328998039509,25.9181955413153,102.253301239014,124.699235092747,215.823348999023,111.692385635376,100.787391662598,35.829146572122,15.4048942646465,91.1908950805664,186.508514404297,218.89990234375,159.944101969401,139.920391264416,161.51084391276,0,156.198954772949,126.629150772095,125.646865844727,186.738873357358,175.292896815709,145.339200188132,26.0151726308667,124.968037499322,103.826927185059,10.5550205898063,193.860343933105,53.2651366685566,0,0,0,151.023681640625,0,0,0,228.113189697266,0,0,237.364120483398,0,0,0,0,0,0,0,0,0,0,0,0,0,174.456982930501,0,0,0,212.345565795898,0,0,0,0,0,0
79.7226369467126,166.009420776367,152.520440207587,99.247893721969,72.5888094060561,11.9111024977203,10.0279764639203,65.2039198218779,22.5752854861272,75.1066639317875,25.6080504628224,126.110152689616,16.2745000134269,114.728134155273,50.6880840933037,9.51009026336513,0,171.751301815635,229.103302001953,176.862635294596,63.6321148247946,135.346694946289,94.1758302961077,150.890802082263,89.6466947576051,0,174.326592516543,177.99790229172,71.3389602911166,41.4290470964568,118.915711854634,175.936200459798,24.5171171370578,110.356529367381,94.5702217063125,192.28303527832,0,0,123.837538401286,162.655395507812,0,172.574347359794,155.548344203404,192.795406341553,112.242088317871,178.46068572998,0,144.742383684431,0,189.37592124939,0,197.285018920898,0,0,0,183.146304321289,208.318344116211,0,183.783950805664,141.632006868403,0,0,210.650665283203,163.790182931083,189.283204142253,220.761016845703,0,0,178.738403320312,231.231379191081
43.0517736723262,133.008089065552,109.34399039241,83.218664098669,77.0640672001526,122.328998039509,65.2039198218779,12.3704211197337,58.0971421243602,80.5251699851377,27.2721505464514,171.02742742723,66.5442101257016,180.276321411133,47.204867557,87.8297932216099,114.937567930955,124.362780282976,159.908393859863,160.738178718381,86.7585031285005,80.7025806488735,96.0073330527858,96.0418308588464,73.2858914135131,183.047943115234,133.163618105447,143.62712567079,38.0884072259162,63.8216951857312,26.5657576722028,179.446465232156,130.083555048162,76.1820184890538,95.8161597841529,154.436080932617,0,178.571868896484,98.1493329840191,175.217811584473,0,195.409844970703,160.62165222168,174.039983113607,117.429563903809,169.223388671875,0,170.894794464111,0,189.069375610352,0,164.362951105291,237.295364379883,0,0,160.277491251628,171.333969116211,114.245938110352,179.645032097312,132.52001953125,0,241.211532592773,177.982292938232,156.113771214205,175.741954359897,157.869875590007,0,0,175.849829101563,169.590333418413
36.3432890670785,157.901339213053,127.003078664532,99.327345131417,94.9618261603899,25.9181955413153,22.5752854861272,58.0971421243602,12.7261396149648,97.1337799244681,53.2761639862302,113.914139143626,86.116412429963,122.756968462909,18.1155565855958,48.6788065848143,148.60322709517,137.085858941623,158.326398496275,154.611524063728,97.0768897937295,115.11610778526,124.546706106149,122.604775059898,99.3623830496351,141.846406724718,147.628829918594,156.106760225243,96.6958707820061,31.9631459980774,85.8043598453043,181.716596126556,17.8052660717722,93.1955253758381,87.6718168509634,186.786067962646,0,200.514383951823,126.247559634122,193.141512552897,0,203.363039016724,171.836962824282,193.255747014826,135.346406555176,207.366442362467,0,181.024850027902,0,210.194295247396,221.7451171875,194.912017822266,0,0,0,158.035380045573,174.860191345215,171.985726928711,211.540233612061,150.938078667136,0,0,195.051729474749,168.888842077816,197.423778611787,202.419003295898,0,0,191.083577473958,193.150211334229
78.6594116091728,80.5461329597443,130.029991585868,21.2333030625128,41.8445133832036,102.253301239014,75.1066639317875,80.5251699851377,97.1337799244681,9.33611493370087,79.7438610712687,156.815270674856,12.2120484863298,128.765928357947,96.6062505825146,22.9763399100646,61.6113210042318,138.992751185099,146.020135498047,147.550908406576,49.1214148065318,93.7991866178291,34.4760826647876,115.633897529458,23.1704008611759,114.016112605584,136.927237345378,120.490326750106,62.2433903538097,80.1217605411305,69.8070394674937,144.821927642822,175.124542236328,74.0321850907912,95.9019236871374,119.864082336426,0,147.172973632812,80.0703027388629,128.099083900452,0,133.397921562195,98.6077187856038,133.288369920519,49.478335925511,118.115371255314,0,99.8570013046265,0,156.193635123117,79.5870742797852,115.336723327637,190.661560058594,0,0,124.769880930583,181.499557495117,86.2290115356445,150.652164459229,77.3026470184326,0,0,153.322383880615,110.721752548218,150.327753702799,141.275177001953,0,0,135.985153198242,163.610332489014
45.3732727156257,151.481026389382,133.671027377307,91.3086943776984,32.5373957717575,124.699235092747,25.6080504628224,27.2721505464514,53.2761639862302,79.7438610712687,13.9271083785649,177.657135327657,30.0344658837362,179.339948381696,55.757644290025,80.8375666120411,132.104635450575,153.793736106471,189.934734344482,188.411549568176,22.7380082384667,113.317891265407,115.617096240704,122.73991138815,69.0053132837849,181.782460530599,160.390350100869,167.369548404578,37.328694025089,107.149490635297,81.93626935675,206.973327636719,130.759416809082,96.4851531307254,109.217983012024,185.562772478376,0,225.762588500977,119.137233915783,121.270658338771,212.688140869141,178.8402230399,162.803139477241,190.579379457416,111.277261734009,181.220674481308,0,174.668632507324,0,213.075545367073,0,186.97451171875,0,0,0,163.255645751953,0,154.310745239258,192.037840270996,134.565664667832,0,0,207.091717190213,164.490263124792,198.17039174047,186.104949951172,0,0,174.428409576416,195.871823992048
135.709323536266,70.096037519739,100.316742130967,71.1867048493747,0,215.823348999023,126.110152689616,171.02742742723,113.914139143626,156.815270674856,177.657135327657,15.8181367437494,168.079833984375,25.5632485766612,111.044383400365,0,149.299908229283,63.1142044925185,26.9168737448603,34.0516738221615,178.801834106445,116.090962982178,116.858757019043,100.248457566286,163.889066162109,32.626977159131,30.5281889947597,70.8728953289156,169.913123295225,70.3590890296798,111.930794274247,41.9772636311298,77.7748045487837,113.304430528121,32.9717397052511,0,0,148.176956176758,93.7749715532575,0,0,0,191.204620361328,0,0,0,0,0,73.2879257202148,0,0,178.421051025391,0,0,0,0,0,0,145.591949462891,0,80.6424662272135,153.636192321777,127.230414017387,0,0,0,0,0,0,0
93.3061327726945,100.811744144985,136.559133911133,63.324113042731,34.3448360869194,111.692385635376,16.2745000134269,66.5442101257016,86.116412429963,12.2120484863298,30.0344658837362,168.079833984375,11.2133376286194,147.791695912679,102.560326830907,19.5377151985197,122.896095275879,187.362611250444,0,166.229049682617,15.9860995422536,115.632706960042,64.2431782363752,147.26131382695,27.2206167212999,131.645293235779,164.699767604019,139.197201038229,50.8974248832117,109.98833959875,100.330732742945,173.949882507324,132.304224114669,104.148918914795,106.00471006121,0,245.960052490234,207.090270996094,88.2547878265381,103.604547858238,0,119.837921927957,143.397253853934,153.264586130778,91.6005991155451,138.664214833577,0,12.5366350047161,0,188.460501098633,0,187.240509033203,0,0,0,30.9889184778387,0,139.980621337891,179.588745117188,108.953765310892,0,0,196.421635945638,145.80183874392,166.057457817925,0,0,0,0,186.053489685059
174.663584391276,47.2691094174861,96.5947794914246,40.7884956245119,149.902906417847,100.787391662598,114.728134155273,180.276321411133,122.756968462909,128.765928357947,179.339948381696,25.5632485766612,147.791695912679,8.33184231092826,113.365013122559,163.907301766532,129.404446919759,93.8494090590366,55.1547682745415,70.3819530142678,156.148447672526,169.661977132161,90.2280213342954,133.731813182002,144.663904669001,15.1344982981682,46.3422405508316,32.6524123698087,176.848455575796,85.8711623792295,179.239327170632,15.1848537518599,99.8576927185059,120.461959838867,51.3300804381384,0,117.772438049316,0,63.7867158651352,0,0,0,0,0,168.192672729492,0,61.1534843444824,0,61.0905754089355,0,0,0,0,106.955917358398,0,0,0,0,170.75732421875,219.400817871094,53.7593380212784,82.6114872523716,88.3498260974884,0,0,0,84.658925374349,0,0,0
13.5210482660864,149.660983276367,118.402309891927,108.326369552612,110.216738302057,35.829146572122,50.6880840933037,47.204867557,18.1155565855958,96.6062505825146,55.757644290025,111.044383400365,102.560326830907,113.365013122559,9.75231921725041,102.050316265651,154.674958229065,125.641063714027,139.565139452616,146.360770689238,111.70780449844,103.755022410968,118.888866992707,109.318624538227,106.156198228008,113.989566040039,140.482338384584,147.65287856482,101.953699974119,21.5998497461301,58.4435639274953,157.684095683851,14.0794518149283,62.1470195159171,61.8734395398295,185.775243123372,198.403884887695,181.004104614258,123.691852692635,155.253604888916,0,180.261119842529,193.866539001465,189.054651896159,128.764624459403,221.325531005859,0,170.601058959961,0,208.18119354248,0,180.982208251953,0,0,0,165.614906311035,0,116.320732116699,190.91316986084,157.156259090342,0,0,200.172653198242,171.797102462414,193.918197139617,179.230450716886,0,228.725036621094,181.88546534947,198.926823933919
110.114809672038,108.584542592367,153.566805521647,53.2186081374901,71.6904738662589,15.4048942646465,9.51009026336513,87.8297932216099,48.6788065848143,22.9763399100646,80.8375666120411,0,19.5377151985197,163.907301766532,102.050316265651,9.58096040989996,85.2915649414062,160.730508422852,179.8388671875,173.970321655273,63.559054802204,128.891086578369,79.527365342626,147.97593943278,56.7331808030338,147.336237589518,161.655424419202,142.090417764955,87.7033103608737,99.494235695733,113.006335449219,209.551177978516,38.3130949431775,110.447368197971,119.498963928223,0,0,0,0,187.249809265137,0,0,0,0,0,150.764996846517,0,40.6134211222331,0,164.99095916748,0,0,0,0,0,134.177711486816,0,0,0,127.927748786079,0,0,0,0,167.711175537109,0,0,0,0,0
128.687086559477,83.2824943249042,85.6808800016131,44.7871053552465,142.466526031494,91.1908950805664,0,114.937567930955,148.60322709517,61.6113210042318,132.104635450575,149.299908229283,122.896095275879,129.404446919759,154.674958229065,85.2915649414062,15.467200361377,106.185604272887,168.843154907227,136.036923522949,0,34.8116323604372,31.1917100045504,32.7265948473965,29.8977154574142,110.694543318315,111.099622751211,36.4650969431783,33.0594584708278,115.12474162762,81.2908285574608,149.613011360168,0,84.1808329495517,84.3382311916351,0,0,122.887644767761,101.709411621094,0,0,0,177.567785898844,151.130249023438,0,205.964042663574,0,0,0,195.393417358398,0,68.9017771028152,0,0,186.192031860352,0,121.821814163871,60.6531084812049,99.8505610021433,132.74217376709,0,193.472465515137,108.764533164284,141.329075041271,170.111404418945,121.999199422201,0,0,161.912979125977,121.032008514404
104.776438325603,54.2617445241718,39.9898437762251,59.1856193891995,153.429542209791,186.508514404297,171.751301815635,124.362780282976,137.085858941623,138.992751185099,153.793736106471,63.1142044925185,187.362611250444,93.8494090590366,125.641063714027,160.730508422852,106.185604272887,10.8322854545687,60.910642692691,26.370395513945,187.791399637858,70.479323332084,93.9397278818591,36.578104359881,138.344994583366,82.0022549751477,29.0796547731233,68.9978019234607,125.652332248328,111.242750303547,85.8416961484219,92.9817777605199,173.92809677124,94.9728589450612,40.9812435180202,0,104.363521575928,116.291330973307,77.1469317180354,0,0,222.559143066406,192.069030761719,241.472045898438,148.814392089844,218.557525634766,0,0,179.649749755859,204.639953613281,0,124.30446434021,142.065307235718,157.433624267578,139.116645812988,0,168.56067112514,131.616490681966,140.353201658829,192.030123901367,143.310089111328,129.016982565121,119.344018525344,204.274119059245,0,156.644729614258,0,0,0,155.992809295654
152.706718444824,70.463616507394,92.5785217285156,61.7946266900925,205.294067382812,218.89990234375,229.103302001953,159.908393859863,158.326398496275,146.020135498047,189.934734344482,26.9168737448603,0,55.1547682745415,139.565139452616,179.8388671875,168.843154907227,60.910642692691,9.37955772697728,10.9912159503557,203.421524047852,138.142598603901,125.408361434937,104.60797327215,169.734907967704,43.7527349659654,27.9510492802847,68.3241272614652,188.375241960798,110.468457599019,126.714073816935,56.8113293746422,0,128.645374644886,64.9074182469679,0,0,0,82.0024041069879,0,0,0,0,0,199.930358886719,0,106.287582397461,0,85.5983556111654,0,0,0,0,145.231189727783,0,0,0,0,0,0,76.0448826381138,99.3199259440104,106.928677150181,244.927780151367,0,0,0,0,0,0
131.067383918209,64.4917446038662,95.1530253173439,61.9053656881416,178.129211425781,159.944101969401,176.862635294596,160.738178718381,154.611524063728,147.550908406576,188.411549568176,34.0516738221615,166.229049682617,70.3819530142678,146.360770689238,173.970321655273,136.036923522949,26.370395513945,10.9912159503557,11.1160665564255,211.835556030273,103.911006601233,115.854639507475,85.2694701224879,162.847676748253,47.4696309136563,28.5044278345057,68.4471675644094,167.140397409292,113.798026161511,109.426917648315,70.5000012046412,161.565953063965,108.031926570795,45.1776380813982,0,0,146.581153869629,82.0777025575991,0,0,0,0,0,158.21745300293,0,103.967956542969,175.405181884766,94.7949155171712,0,0,186.07633972168,150.531181335449,0,0,0,0,116.595909118652,172.028834751674,0,84.4742802937826,123.298415240119,114.706027951448,0,0,0,105.223037719727,0,245.043975830078,141.943099975586
90.4879484176636,116.23753229777,154.203455144709,84.1868603544415,13.2314437383367,139.920391264416,63.6321148247946,86.7585031285005,97.0768897937295,49.1214148065318,22.7380082384667,178.801834106445,15.9860995422536,156.148447672526,111.70780449844,63.559054802204,0,187.791399637858,203.421524047852,211.835556030273,10.0550505419283,139.274425506592,75.7530630897073,139.781462860107,20.7424846080322,126.151573181152,177.673844281365,153.04010997099,36.243349831708,112.353909401667,135.804485866002,0,144.244269053141,102.941456386021,106.805822148043,177.972473144531,0,0,101.684059143066,49.9577831366123,0,169.480798721313,153.481264386858,168.916732788086,129.052978515625,165.045946009019,0,151.3380762736,0,223.989639282227,0,0,0,0,0,162.758120218913,0,0,196.895385742188,121.847037232952,0,0,187.224029541016,161.055350866073,179.292370266385,0,0,0,0,228.190795898438
83.5435403894495,118.259271530878,75.051540263215,73.0704357655843,111.841821523813,161.51084391276,135.346694946289,80.7025806488735,115.11610778526,93.7991866178291,113.317891265407,116.090962982178,115.632706960042,169.661977132161,103.755022410968,128.891086578369,34.8116323604372,70.479323332084,138.142598603901,103.911006601233,139.274425506592,13.1887889697739,59.4281967566675,37.6821721298509,73.6578621650597,158.726692199707,103.885364623711,83.501230639513,36.0513266084847,80.0768395782471,32.8591632960305,147.124471452501,202.516189575195,56.7374229651231,50.0029491235107,183.764518737793,0,146.409423828125,95.534861428397,0,0,0,185.625424194336,223.564613342285,83.4245567321777,190.944427490234,0,0,0,227.350807189941,0,112.725957952227,148.121124267578,0,188.656051635742,0,135.977253913879,76.9561044965472,132.775220196946,141.723054504395,0,215.272811889648,144.68824089898,150.162049187554,181.430544172015,141.580690002441,0,0,0,148.79201854359
101.989842414856,31.3043691827916,72.6666092728124,27.3005251402505,64.3160154777661,0,94.1758302961077,96.0073330527858,124.546706106149,34.4760826647876,115.617096240704,116.858757019043,64.2431782363752,90.2280213342954,118.888866992707,79.527365342626,31.1917100045504,93.9397278818591,125.408361434937,115.854639507475,75.7530630897073,59.4281967566675,8.80796208010693,57.851657660342,41.3180278891386,74.9476296835106,96.0163986486032,48.637210461336,67.9659736782724,94.6762055194739,67.1120753655067,125.291603088379,137.492462158203,78.8923058509827,78.4939469761319,161.184860229492,51.8400650024414,79.3320999145508,81.6310881296794,153.942672729492,0,0,155.84105682373,192.771011352539,40.4049860191345,139.10977935791,0,0,101.289184570312,137.567054748535,0,55.7046536193497,135.729232788086,0,138.67707824707,0,84.2300206422806,12.4199439865419,77.4604291381836,69.0884616918731,0,170.412348429362,100.958090237209,90.3339051140679,174.403489249093,79.4812717437744,0,0,147.048294067383,98.6524977250533
92.7168540355423,68.7352158789541,29.9943304624384,61.9638266675801,127.936787812606,156.198954772949,150.890802082263,96.0418308588464,122.604775059898,115.633897529458,122.73991138815,100.248457566286,147.26131382695,133.731813182002,109.318624538227,147.97593943278,32.7265948473965,36.578104359881,104.60797327215,85.2694701224879,139.781462860107,37.6821721298509,57.851657660342,17.7384657161915,97.9300546137359,119.032996283637,70.2660021874542,54.7631575396112,71.9169449387045,100.47160266789,63.0885328814195,123.566903492761,180.857951572963,78.4923919302518,51.0542712178081,183.26016998291,147.668796539307,119.144232008192,110.247454681396,226.895919799805,0,210.206719970703,176.104897950825,193.352686564128,177.685793558757,193.461894642223,188.964111328125,203.402019500732,181.457611083984,195.94524468316,247.056518554688,84.6983099117875,163.373086547852,178.671295166016,169.565208435059,0,107.450429957683,71.888642390569,114.776096093676,143.716476957677,0,163.75928460984,114.524590305164,158.842571873819,184.909708840506,142.988568878174,0,0,153.482284545898,130.019483419565
97.2243190315199,93.5272506936623,118.142931459562,47.2018459634785,20.4934171447393,126.629150772095,89.6466947576051,73.2858914135131,99.3623830496351,23.1704008611759,69.0053132837849,163.889066162109,27.2206167212999,144.663904669001,106.156198228008,56.7331808030338,29.8977154574142,138.344994583366,169.734907967704,162.847676748253,20.7424846080322,73.6578621650597,41.3180278891386,97.9300546137359,14.5474802342118,129.566836742645,140.603910612682,103.580912587665,25.4562043993177,88.2963523200432,84.0920988373999,173.272165025984,144.311720848083,79.0812716631112,93.9762780719765,143.415777842204,200.770751953125,181.965085347493,69.2119293602145,125.669260787964,188.239715576172,149.067021523753,121.855287617651,157.731225967407,59.4403670982078,143.766165924072,0,130.105436573858,0,166.896330356598,104.736200968424,125.942026192801,212.293477376302,0,0,128.695297588002,136.383893243198,84.1326129247272,143.296265168623,83.9983720912777,0,198.044273376465,157.826838041607,127.273698839648,155.776242897727,141.920991478897,0,0,144.945960998535,153.807909545898
139.860794067383,17.7026963567989,93.9614344510165,19.7083657946081,141.080551147461,125.646865844727,0,183.047943115234,141.846406724718,114.016112605584,181.782460530599,32.626977159131,131.645293235779,15.1344982981682,113.989566040039,147.336237589518,110.694543318315,82.0022549751477,43.7527349659654,47.4696309136563,126.151573181152,158.726692199707,74.9476296835106,119.032996283637,129.566836742645,7.65152849552833,49.1713470592055,25.6091137977855,151.396157836914,106.03256716047,161.045591874556,49.219884024726,0,0,67.0827862721569,0,0,0,48.6237930774689,0,0,0,0,0,144.684234619141,0,0,0,60.907844543457,0,0,0,0,0,0,0,0,96.3940251668294,197.951019287109,204.465530395508,43.7506003128855,90.8668610709054,68.8800683816274,0,0,0,87.7061945597331,0,0,0
118.463817903365,50.1975354026346,37.1775999562296,53.4876422164672,156.104945060534,186.738873357358,174.326592516543,133.163618105447,147.628829918594,136.927237345378,160.390350100869,30.5281889947597,164.699767604019,46.3422405508316,140.482338384584,161.655424419202,111.099622751211,29.0796547731233,27.9510492802847,28.5044278345057,177.673844281365,103.885364623711,96.0163986486032,70.2660021874542,140.603910612682,49.1713470592055,16.1988736234034,43.9568479963109,134.940217485072,130.740702808265,116.808682117698,38.0758749261419,195.146887779236,120.965879118288,80.6363025363102,180.823837280273,119.104565938314,116.126248063712,72.6448789449838,0,0,0,186.492691040039,0,190.662231445312,0,124.544509887695,0,90.6408239092146,187.900505065918,0,123.620855331421,139.856669108073,126.522867838542,133.897181424228,0,144.96439743042,128.605558915572,145.820693225395,185.980528089735,76.2356337752997,111.361382311041,113.087721339634,185.753158569336,236.986170450846,171.363334655762,136.292793273926,0,0,117.935859680176
125.747526689009,28.1539142624932,40.2804491490948,49.9992722928826,139.089909156164,175.292896815709,177.99790229172,143.62712567079,156.106760225243,120.490326750106,167.369548404578,70.8728953289156,139.197201038229,32.6524123698087,147.65287856482,142.090417764955,36.4650969431783,68.9978019234607,68.3241272614652,68.4471675644094,153.04010997099,83.501230639513,48.637210461336,54.7631575396112,103.580912587665,25.6091137977855,43.9568479963109,18.0319562437164,88.9394697590477,135.178983418783,117.491670448431,25.8368760639971,153.639984130859,127.700678924034,75.411667365086,181.344126383464,120.755567550659,106.809427778122,67.151135188924,217.522857666016,0,201.58422088623,177.94588294396,195.869891357422,133.23522567749,202.329147338867,126.423963758681,201.841374715169,91.7466251148897,220.59873453776,0,108.412467805466,133.663566775438,124.496482849121,124.872556413923,200.000389099121,126.568313316063,65.4680943372773,113.374740400114,160.531672391025,73.1345327524038,113.15436214427,109.243817277095,169.334022521973,177.892635052021,164.797395918104,132.471611785889,0,181.255304972331,126.385130643845
91.4649338531494,128.193020593552,100.672203412047,71.3378209837393,23.2104735581207,145.339200188132,71.3389602911166,38.0884072259162,96.6958707820061,62.2433903538097,37.328694025089,169.913123295225,50.8974248832117,176.848455575796,101.953699974119,87.7033103608737,33.0594584708278,125.652332248328,188.375241960798,167.140397409292,36.243349831708,36.0513266084847,67.9659736782724,71.9169449387045,25.4562043993177,151.396157836914,134.940217485072,88.9394697590477,14.6048932123437,88.1210994356429,54.6106678183819,180.365022720829,147.450316111247,71.5899334765495,78.097227090338,160.510508643256,0,168.519256591797,82.0840528507044,78.1627973028131,0,166.686559576737,142.470702785916,178.36717880249,96.8894576118106,165.639268774735,0,159.581075668335,0,189.019536699568,124.157516479492,126.849646568298,223.063056945801,0,0,161.773267244038,150.619527874571,96.6922608466998,155.909739875793,121.244137658966,0,0,178.46071879069,145.959938795924,172.214144833883,146.577801361084,0,0,152.710639366737,165.106368431678
23.6436560515753,137.437092675103,125.196749694156,87.7805059232765,95.6207549636428,26.0151726308667,41.4290470964568,63.8216951857312,31.9631459980774,80.1217605411305,107.149490635297,70.3590890296798,109.98833959875,85.8711623792295,21.5998497461301,99.494235695733,115.12474162762,111.242750303547,110.468457599019,113.798026161511,112.353909401667,80.0768395782471,94.6762055194739,100.47160266789,88.2963523200432,106.03256716047,130.740702808265,135.178983418783,88.1210994356429,12.5066586324232,27.671383166626,117.366660513529,11.645092936792,18.4129406708787,40.8012809908379,180.77575138637,0,0,91.4420610403086,185.042035675049,244.252700805664,188.188598632812,164.874717407227,196.963289388021,88.4373548681086,172.345867156982,0,0,0,193.933561779204,0,134.033864339193,0,0,0,199.129918416341,173.34546661377,102.885389328003,180.048641204834,139.684322223329,0,189.915222167969,173.974891075721,157.585469445517,184.466690673828,162.935791015625,0,0,168.106120681763,177.908368317977
36.5724095820532,125.176525055416,95.0599546365571,71.9947348015546,97.6524657294864,124.968037499322,118.915711854634,26.5657576722028,85.8043598453043,69.8070394674937,81.93626935675,111.930794274247,100.330732742945,179.239327170632,58.4435639274953,113.006335449219,81.2908285574608,85.8416961484219,126.714073816935,109.426917648315,135.804485866002,32.8591632960305,67.1120753655067,63.0885328814195,84.0920988373999,161.045591874556,116.808682117698,117.491670448431,54.6106678183819,27.671383166626,12.5379353231023,165.556806836809,125.45905789462,24.6084761307733,44.2283112687799,167.464222301136,0,156.841201782227,83.9957431982894,167.837265014648,0,163.631530761719,205.024487304688,188.410217285156,81.2189911433629,165.133097330729,0,162.479545593262,0,180.609118652344,0,134.481238047282,0,172.883728027344,0,192.899017333984,128.702316919963,84.3267241991483,172.489963900658,140.331035350931,0,201.740016937256,165.197433895535,140.557572185129,172.233793459441,137.174314953032,0,0,164.997095380511,165.31383895874
158.43868637085,70.4574503580729,99.5031808953536,63.2891121320827,188.660354614258,103.826927185059,175.936200459798,179.446465232156,181.716596126556,144.821927642822,206.973327636719,41.9772636311298,173.949882507324,15.1848537518599,157.684095683851,209.551177978516,149.613011360168,92.9817777605199,56.8113293746422,70.5000012046412,0,147.124471452501,125.291603088379,123.566903492761,173.272165025984,49.219884024726,38.0758749261419,25.8368760639971,180.365022720829,117.366660513529,165.556806836809,8.61242122417908,110.365077972412,157.166875203451,81.6082566174594,0,0,0,74.6024942398071,0,0,0,0,0,0,0,104.11819712321,0,87.5512290367713,0,0,0,177.840393066406,154.195343017578,143.390014648438,0,0,0,0,248.468765258789,76.6440770626068,109.079078674316,116.269634670681,0,0,0,117.774814605713,0,0,0
88.0871649349437,0,182.600364685059,148.950224558512,140.135620117188,10.5550205898063,24.5171171370578,130.083555048162,17.8052660717722,175.124542236328,130.759416809082,77.7748045487837,132.304224114669,99.8576927185059,14.0794518149283,38.3130949431775,0,173.92809677124,0,161.565953063965,144.244269053141,202.516189575195,137.492462158203,180.857951572963,144.311720848083,0,195.146887779236,153.639984130859,147.450316111247,11.645092936792,125.45905789462,110.365077972412,5.79279460262761,0,63.1610032717387,0,0,0,0,0,0,0,0,0,0,0,0,0,0,0,0,0,0,0,0,0,0,0,0,172.029113769531,0,0,0,220.94091796875,216.293930053711,0,0,0,0,0
36.0866181071442,118.588530222575,130.748164126748,82.5174573686388,78.5676151622425,193.860343933105,110.356529367381,76.1820184890538,93.1955253758381,74.0321850907912,96.4851531307254,113.304430528121,104.148918914795,120.461959838867,62.1470195159171,110.447368197971,84.1808329495517,94.9728589450612,128.645374644886,108.031926570795,102.941456386021,56.7374229651231,78.8923058509827,78.4923919302518,79.0812716631112,0,120.965879118288,127.700678924034,71.5899334765495,18.4129406708787,24.6084761307733,157.166875203451,0,10.9735908972197,33.188694584963,165.650390625,0,0,85.3727347430061,0,0,181.302658081055,176.146601359049,176.497291564941,84.4769256591797,241.937377929688,0,0,0,179.906777518136,0,0,0,0,0,0,0,76.6771377563477,197.271896362305,125.659692128499,0,0,239.749588012695,151.689115312364,171.591048862623,161.352951049805,0,0,149.08373260498,0
76.4121140541114,72.4499873941595,82.2539704967189,77.2996873655519,99.0554832206978,53.2651366685566,94.5702217063125,95.8161597841529,87.6718168509634,95.9019236871374,109.217983012024,32.9717397052511,106.00471006121,51.3300804381384,61.8734395398295,119.498963928223,84.3382311916351,40.9812435180202,64.9074182469679,45.1776380813982,106.805822148043,50.0029491235107,78.4939469761319,51.0542712178081,93.9762780719765,67.0827862721569,80.6363025363102,75.411667365086,78.097227090338,40.8012809908379,44.2283112687799,81.6082566174594,63.1610032717387,33.188694584963,11.4782250591513,171.315942382812,117.361206054688,113.426570892334,87.7261804979901,177.506530761719,0,184.935836791992,156.296085103353,184.284473964146,81.5221977233887,187.594612121582,153.262237548828,0,127.101371765137,190.98105875651,0,120.216536062735,154.125045776367,0,131.880424499512,0,133.186925506592,84.8124228767727,129.386289324079,146.498270840115,97.3656784057617,153.550927056207,123.752769915263,164.319340057373,184.211927216629,168.463580540248,139.662139892578,0,165.812716166178,156.096733729045
164.997985839844,176.337341308594,179.361621856689,127.511201858521,0,0,192.28303527832,154.436080932617,186.786067962646,119.864082336426,185.562772478376,0,0,0,185.775243123372,0,0,0,0,0,177.972473144531,183.764518737793,161.184860229492,183.26016998291,143.415777842204,0,180.823837280273,181.344126383464,160.510508643256,180.77575138637,167.464222301136,0,0,165.650390625,171.315942382812,10.8494644193309,141.64729309082,114.687126595633,79.3838386320125,102.271750909311,75.8845863342285,85.8604584022109,34.2164411098097,39.0137685047694,83.5935773197909,77.0647491169128,132.106010719582,110.693040782008,184.879406738281,21.1401293067223,119.154895782471,117.498585627629,118.841583188796,148.832274063774,134.281392818544,93.7323093414307,82.8209756190675,96.4883879459265,107.652817356769,88.1102949426056,153.008750915527,136.254378687951,137.70743112589,95.3589827116146,19.6185144881185,27.8754382273814,155.490535736084,125.799000549316,33.3229354261383,81.2340267629687
238.928527832031,0,0,51.029899597168,0,0,0,0,0,0,0,0,245.960052490234,117.772438049316,198.403884887695,0,0,104.363521575928,0,0,0,0,51.8400650024414,147.668796539307,200.770751953125,0,119.104565938314,120.755567550659,0,0,0,0,0,0,117.361206054688,141.64729309082,9.99271042461091,45.3394337785922,19.4053966682961,119.167532348633,157.168670654297,148.748519897461,125.968501620822,174.398112705776,91.2365753762076,156.349739074707,72.2772244771322,140.744232177734,57.0614094835647,187.415618896484,135.508823047985,67.5356346087509,61.9976455396642,79.8181264665392,58.3371165990829,0,108.243099212646,31.4176030203654,86.3084997483242,99.1328502942756,27.2665761183984,50.3943378180022,36.5964549920048,132.839177583393,139.815846956693,123.016197681427,77.9226927076067,0,149.274017333984,64.4727244426295
177.11190032959,76.2585775201971,101.503883169882,73.0181465148926,164.357131958008,0,0,178.571868896484,200.514383951823,147.172973632812,225.762588500977,148.176956176758,207.090270996094,0,181.004104614258,0,122.887644767761,116.291330973307,0,146.581153869629,0,146.409423828125,79.3320999145508,119.144232008192,181.965085347493,0,116.126248063712,106.809427778122,168.519256591797,0,156.841201782227,0,0,0,113.426570892334,114.687126595633,45.3394337785922,11.5707299099904,45.9487207272632,154.287735493978,192.264724731445,148.988548079347,104.783587474977,133.600139931309,115.677625154194,136.129397617085,90.9677538438277,160.911176045736,105.905600484212,127.475645711525,180.371841430664,89.0366864431472,39.5584650874787,89.3683841411884,72.0275380309199,147.138003540039,71.7173123223729,60.3335005513738,31.6541676093907,116.139344403844,90.403071085612,34.1947802639495,34.8026630461762,100.454381173818,143.561482797755,101.787454515345,96.87017219945,188.671966552734,136.929232177734,92.8323383414954
91.6683441162109,40.7461719512939,71.5331821107028,18.843675377213,95.1529341803657,151.023681640625,123.837538401286,98.1493329840191,126.247559634122,80.0703027388629,119.137233915783,93.7749715532575,88.2547878265381,63.7867158651352,123.691852692635,0,101.709411621094,77.1469317180354,82.0024041069879,82.0777025575991,101.684059143066,95.534861428397,81.6310881296794,110.247454681396,69.2119293602145,48.6237930774689,72.6448789449838,67.151135188924,82.0840528507044,91.4420610403086,83.9957431982894,74.6024942398071,0,85.3727347430061,87.7261804979901,79.3838386320125,19.4053966682961,45.9487207272632,11.9085168465632,64.2320183147084,153.169815063477,110.471988924088,77.6407731145406,106.133479019691,20.4119093609162,107.989247405413,83.825016061465,88.8470969796181,39.4643678721927,104.154841105143,70.7578880786896,67.2569270873892,73.4444708390669,78.4663443932166,71.4345781369643,98.7010839250353,97.5715957563751,32.6660393655861,76.6915558576584,39.4062964890244,23.5920967108814,52.1146639458677,45.1988811782829,66.0962588209855,86.9844534909093,66.9951840175672,67.1967340586137,129.272022247314,73.7169484014097,81.898940138676
0,0,0,0,22.2398905485988,0,162.655395507812,175.217811584473,193.141512552897,128.099083900452,121.270658338771,0,103.604547858238,0,155.253604888916,187.249809265137,0,0,0,0,49.9577831366123,0,153.942672729492,226.895919799805,125.669260787964,0,0,217.522857666016,78.1627973028131,185.042035675049,167.837265014648,0,0,0,177.506530761719,102.271750909311,119.167532348633,154.287735493978,64.2320183147084,10.4522608681184,135.47841389974,62.296112590234,85.2581708696153,98.413717642063,51.2208056649762,34.8989984239218,178.629196166992,31.0469365363246,0,115.758340696625,64.7481914022694,0,172.230938911438,216.251907348633,203.528961181641,14.5898984125605,150.000877380371,60.3879358585064,150.503321170807,22.2448948072273,121.065165201823,179.921388414171,143.534470681583,29.3248822965656,120.086899870185,127.060473930545,0,0,117.489717923678,125.286580866033
0,0,0,0,202.231521606445,0,0,0,0,0,212.688140869141,0,0,0,0,0,0,0,0,0,0,0,0,0,188.239715576172,0,0,0,0,244.252700805664,0,0,0,0,0,75.8845863342285,157.168670654297,192.264724731445,153.169815063477,135.47841389974,6.22959939158366,9.75777281492517,135.305333455404,15.3008766900576,57.5869507422814,106.927381415116,69.9743361733177,70.4496363126315,98.0223064422607,37.4637020184444,13.9250413892357,0,191.744369506836,95.8521092732747,114.189422607422,118.262046813965,0,96.9069366455078,189.633102416992,89.646063486735,0,160.216764831543,159.860800849067,131.878755950928,33.2872349057879,0,106.911460876465,11.6111653264804,111.298843383789,32.6852394483104
0,163.122985839844,201.463450113932,160.445732116699,147.408620561872,0,172.574347359794,195.409844970703,203.363039016724,133.397921562195,178.8402230399,0,119.837921927957,0,180.261119842529,0,0,222.559143066406,0,0,169.480798721313,0,0,210.206719970703,149.067021523753,0,0,201.58422088623,166.686559576737,188.188598632812,163.631530761719,0,0,181.302658081055,184.935836791992,85.8604584022109,148.748519897461,148.988548079347,110.471988924088,62.296112590234,9.75777281492517,10.2594358525309,72.88346369192,18.5400931298737,56.4939987611579,30.6661345031883,86.4873237880409,18.5960763554292,113.791195460728,65.1362121227363,13.2996766067116,148.939509800502,178.648574829102,130.819504292806,116.110298156738,42.4738846756358,145.114032180221,123.424223836263,143.545418637864,59.2493551905144,237.794281005859,178.32395196212,157.574477022926,79.3859176851923,64.2060900965045,130.315806143624,164.616711934408,25.0678939113339,115.387157907291,72.4745116142377
