11.6011825748589,137.536987304688,91.4415107399785,73.3038116118133,86.4356848283248,72.7923398335775,64.0505402053612,38.6081274939708,30.0894901669166,72.0142761152618,61.5379888863213,123.58965771993,88.4392506799033,144.945001602173,14.4808085132357,47.5770931243896,105.347482534555,94.009165235134,127.8181576199,121.647744598973,86.6698821874765,72.9276404578846,89.0723759004439,89.4404015181652,80.085204739256,0,116.531517138112,118.53594555922,85.7914726110605,17.0236949347117,31.6635713317419,162.93470287323,89.8622769165039,47.1437004882599,72.7356674028028,136.814872741699,0,163.697769165039,129.277414321899,135.638491312663,0,0,151.720679918925,161.088394165039,79.1280555725098,176.406600952148,0,0,0,170.392554389106,0,135.623336791992,0,0,191.607711791992,0,197.785308837891,127.84553527832,161.65466003418,136.805355495877,0,197.023763020833,150.8894739151,135.487665029672,148.680905024211,147.097605895996,0,0,127.596370697021,129.983060201009
137.536987304688,7.25777774035151,37.7564920352406,24.8253160307178,111.303344726562,98.6177139282227,0,127.988909766788,138.206421988351,78.7395280219005,162.339305114746,66.985427162864,0,47.915783396738,140.344583364633,115.947603225708,65.2881102244059,49.6015200104032,93.9247283935547,66.7807362874349,0,119.708726406097,21.8086151108068,57.3918385314941,87.9452156549386,22.258002076298,42.9384389842522,31.370128859459,108.856278010777,113.143328406594,113.735211459073,62.7948620796204,0,96.1044784545898,57.8230082526881,0,0,102.512687683105,58.0632228851318,0,0,0,0,0,0,0,0,0,91.5723648071289,0,0,0,0,139.389781951904,97.8963012695312,0,0,88.6018981933594,0,122.155967712402,85.6920232772827,103.799047046238,90.1013914744059,165.791961669922,0,0,0,0,0,0
91.4415107399785,37.7564920352406,11.957467054995,58.1203663220544,132.651045146741,149.146701812744,126.90945556316,92.2291895539545,113.217751192407,94.504234541708,107.045787457599,73.6713308020483,116.851889038086,83.2862200669839,108.451338862935,124.303749084473,76.1206420124441,37.9806626722557,137.578008651733,64.9357396529025,136.259341716766,69.066019676727,44.9230381390179,29.1329582432517,101.390466685576,76.2257011413574,31.1017046198772,32.3811224100433,86.1027957021032,110.942343509197,74.6884676361084,78.9956309410833,137.122720336914,98.2933357837153,55.3086223764393,143.480857849121,0,90.3715554040576,58.2388035167347,171.800033569336,0,0,156.637590562975,183.887481689453,184.616439819336,185.943780081613,149.96821975708,0,96.1158294677734,172.919303894043,224.208648681641,108.999455769857,102.16034674266,136.27465057373,123.357683534975,0,138.044942855835,73.961112552219,102.619324382983,126.054773966471,130.706886291504,104.066066139623,91.5032456715902,156.190116882324,139.732482910156,153.29688949585,0,0,0,103.9386399587
73.3038116118133,24.8253160307178,58.1203663220544,19.9794095226976,62.6985987472534,127.063659032186,81.6287601470947,67.0429216871576,77.4297547922194,19.2138113126215,81.5472915577439,81.96257745066,72.6979024887085,42.6505832970142,83.9970474588073,55.2913809595881,41.3496331190358,84.2041132230285,77.6635551452637,73.9256089108049,85.8911538991061,56.7869112743981,26.4933020041386,50.6729241628576,37.5878309077996,22.9109291076946,53.3789297805345,47.7124332125352,58.0077619187919,75.8580993566298,60.2540573858772,52.9836386586284,129.569080988566,60.3143405914307,68.295854611387,80.5422008514404,30.5569019317627,47.3734267694609,12.0546147986053,74.2329899714543,118.507555007935,97.1210885047913,77.3102432250977,97.3753918239048,37.3000015616417,98.0432061672211,151.978698730469,80.7357041495187,33.3030131946911,94.147050408756,110.062713623047,53.1313809923306,86.0682568868001,119.190227508545,100.738226754325,109.152707417806,64.5288057918042,17.6314965527633,61.3283551976651,59.3079381707596,26.5257525816196,98.4597056774383,51.406758615922,71.5803241206523,97.377017072452,75.4166763924264,117.947631835938,127.155822753906,83.6922100612095,82.6243111746652
86.4356848283248,111.303344726562,132.651045146741,62.6985987472534,8.35280501946436,116.942057291667,54.6010313931243,46.6784565040864,87.3271490149542,50.3471464296667,24.8434591738088,173.763137817383,33.3575305982312,166.92643737793,98.905543640956,61.4529469376903,0,150.87344796317,0,200.73445892334,11.0802857805014,106.510117122105,67.6745623926963,122.786213175456,20.1496883268965,0,161.532503913431,133.870236714681,17.3283241222923,96.694384381662,91.4762329332756,171.931716918945,143.997831072126,84.3386337757111,98.0780065381849,172.332359313965,0,211.490483601888,96.8022747039795,17.9646879454501,0,142.903957366943,127.658328737531,160.114564259847,101.691285814558,145.907406709632,0,142.690796746148,0,154.125918070475,0,0,222.899841308594,0,0,148.691393534342,201.724960327148,149.582260131836,179.93278503418,117.337580871582,0,231.986404418945,224.61474609375,135.709494139019,172.931335449219,193.836410522461,0,0,139.738754272461,157.567276000977
72.7923398335775,98.6177139282227,149.146701812744,127.063659032186,116.942057291667,7.48647853194413,9.73790306734156,112.016134782271,19.4076296256412,105.001703643799,117.871026253915,53.8345288170709,90.6857663393021,73.1752737218683,26.822474228758,14.335919984561,0,141.490870475769,81.7208671569824,86.028138478597,133.146629333496,153.199203491211,192.219146728516,136.718293507894,116.567287445068,0,142.860189998851,122.733074824015,142.624359675816,20.7245627045631,102.42103456196,102.454658508301,9.63228851641863,59.4856440226237,33.0110164078129,0,0,0,129.229064941406,0,0,0,198.267913818359,0,0,0,0,0,0,231.161193847656,0,0,0,0,0,0,0,0,221.422439575195,0,0,0,0,188.777122497559,0,0,0,0,0,0
64.0505402053612,0,126.90945556316,81.6287601470947,54.6010313931243,9.73790306734156,8.34501438083367,52.6402084936857,19.8612660294454,68.9537202656269,27.3812928246835,69.5174239345882,17.6984231215576,92.8737717946371,27.425799928237,9.92909589370858,129.680248260498,152.492038005107,117.345550537109,137.808090677067,34.0145349967104,112.88875579834,107.118743650375,127.355941274892,72.4279062421189,92.4107259114583,146.263210076552,145.822982674214,69.8736282866678,28.4741815404225,96.1885260220232,149.537061055501,19.1901133505869,78.8883187995767,48.1894005352689,156.511927286784,0,184.189929199219,95.6391321818034,79.5681064605713,0,157.085884094238,149.721303249927,167.536947149979,0,162.258512369792,0,185.640243530273,0,163.306069946289,0,0,207.484603881836,0,0,155.001257324219,0,103.243701934814,184.79443359375,127.619356024755,0,0,191.835952758789,142.96495738174,177.52592892117,154.559638977051,0,195.192672729492,180.194129943848,149.287170410156
38.6081274939708,127.988909766788,92.2291895539545,67.0429216871576,46.6784565040864,112.016134782271,52.6402084936857,10.9414580127733,57.3939857335072,64.7827637450813,21.6770447085417,141.670648013844,39.9639161469644,154.832618019798,38.3553974931712,76.9609841664632,102.143192805601,100.711156605754,143.84931529652,133.771961757115,34.6842439369279,71.4501896958407,90.5048859869683,82.6394495467487,60.1004367923431,146.012735540217,122.292288825282,112.431844733437,33.9015818551489,65.3495916956782,21.6382201376896,156.58402899976,123.55317339216,67.7340869750671,90.5344804323107,152.392872737004,0,160.463857014974,92.2306586817691,107.035127740157,184.149429321289,146.40278116862,133.086895573748,157.595914204915,98.4049625396729,153.852244146939,223.190826416016,140.68591732449,0,155.354779924665,146.863338470459,159.169723510742,176.842297871908,193.125778198242,197.590576171875,152.415547180176,172.072135925293,98.5031581454807,158.597540241398,117.725766535555,197.423812866211,186.444807434082,161.009239722942,131.233682383662,153.237961078512,138.813162859748,0,178.723258972168,139.544776916504,150.314590454102
30.0894901669166,138.206421988351,113.217751192407,77.4297547922194,87.3271490149542,19.4076296256412,19.8612660294454,57.3939857335072,10.9896810677727,78.3503474243005,37.8689718262336,76.883225641186,36.1111982597429,101.735532877397,17.2672597231995,25.8520339129966,125.749513898577,125.194363197394,112.104655097513,138.30720940771,83.7467057993918,99.7691955269543,104.317185089967,110.719749421638,77.4304708928813,144.023279825846,137.237888492428,135.520103194074,84.0656975822887,35.4017944375507,71.4913406580524,156.92453918457,20.1784841360224,71.9381485572228,57.8873887827484,159.179882473416,0,172.357854207357,98.4625693873355,135.152243980995,181.521759033203,170.275581808651,149.415775436292,167.579469715465,106.135536193848,162.080099762463,235.174346923828,151.596702575684,0,169.003958866514,0,155.164154052734,177.838073730469,0,209.583251953125,175.694508870443,163.973317464193,104.959274291992,179.059166317894,131.017199263281,209.989410400391,207.21072605678,186.485983455882,142.067028982197,164.749367713928,151.909122598582,230.099044799805,206.087371826172,143.545171101888,167.498627929688
72.0142761152618,78.7395280219005,94.504234541708,19.2138113126215,50.3471464296667,105.001703643799,68.9537202656269,64.7827637450813,78.3503474243005,9.53294845168779,75.0024388180503,146.889703538683,9.87966224460891,110.604767657341,84.2828635539946,19.0495893108728,77.296587785085,109.833004628057,166.127807617188,139.144206197638,38.5517748269168,76.9120359577116,27.6519344904844,96.6240941121907,18.3432694218913,93.6003365420912,112.211466556531,105.512694730709,52.4465553762218,74.8560896581533,61.3907642947359,125.668820121072,118.08251953125,59.6548770455753,79.4126804716447,81.2300240652902,0,162.909622192383,22.5415044119864,87.3453437542093,0,97.8084297180176,92.9957779086366,110.284117017473,20.242547585414,107.641888246698,0,100.367738087972,0,114.670117332822,0,0,128.022003173828,184.917449951172,128.618103027344,103.978567040485,0,15.8751863345765,96.8170509338379,68.5146284722663,103.928232828776,173.494232177734,166.257778930664,89.1072677458176,104.571892632378,84.6296433535489,0,215.887176513672,78.6019115447998,101.01159063975
61.5379888863213,162.339305114746,107.045787457599,81.5472915577439,24.8434591738088,117.871026253915,27.3812928246835,21.6770447085417,37.8689718262336,75.0024388180503,12.9210311927983,148.622202837909,25.9590664293076,157.616983266977,49.0626280465587,69.4601466115316,107.435841560364,124.432564719779,163.770385742188,151.236576289347,15.5369454224334,92.2241720336577,101.729903675685,100.200046508636,61.8564040236812,158.644002278646,138.85253253248,133.193152878089,33.3692427889167,92.6638726005108,68.3074373170677,169.371161142985,123.446639713488,88.4788060558892,97.2115824986786,159.306385676066,0,170.42202130486,105.151155598958,87.7993771689279,0,160.255577283028,143.489570474625,164.98855899425,107.555505752563,153.499332902238,0,147.385317847842,0,167.28743946309,170.50341796875,149.217834472656,181.479064941406,0,0,157.870826357887,170.150985717773,132.887882232666,163.600351969401,125.494304787029,0,204.01727549235,191.999327715705,142.623352075002,177.027089945475,163.234111785889,0,0,160.55126953125,178.995680236816
123.58965771993,66.985427162864,73.6713308020483,81.96257745066,173.763137817383,53.8345288170709,69.5174239345882,141.670648013844,76.883225641186,146.889703538683,148.622202837909,10.649532201752,148.005585988363,18.2266622404752,75.3578494237019,72.8155288696289,114.556187099881,41.302392026717,17.2620036409054,22.2061538619559,177.9365234375,108.559771699725,100.543569011073,88.7505617600711,149.212692624047,24.3529250538303,19.1192689972616,58.2991990643878,147.626376342773,51.1539868818975,116.31164336873,26.4908858617631,59.7853230155558,93.5078685365874,24.4472998999113,0,0,118.881202697754,62.0773887634277,0,0,0,247.15803527832,214.65251159668,0,0,0,0,42.219934463501,0,0,0,142.557525634766,102.503135681152,0,0,0,0,144.457880655924,202.672576904297,61.047399520874,101.955326625279,122.135776519775,0,0,0,96.0754776000977,0,0,0
88.4392506799033,0,116.851889038086,72.6979024887085,33.3575305982312,90.6857663393021,17.6984231215576,39.9639161469644,36.1111982597429,9.87966224460891,25.9590664293076,148.005585988363,8.82629735838441,169.944458007812,79.598725599902,11.1274204497706,0,131.091567993164,0,163.173187255859,12.6963245421499,114.171122959682,82.5125857761928,129.249686431885,19.4003222531372,0,157.902910020616,146.029811223348,46.0066178985,91.5341620325443,105.888108530352,174.341400146484,98.1236111676251,88.4632935957475,94.6480643173744,152.452377319336,0,205.881973266602,91.4148330688477,55.5211336705592,206.817413330078,103.285637446812,131.129899660746,146.08038802374,103.78706817627,76.7834692231144,0,9.69339084873597,0,125.729399831671,0,0,0,0,0,18.0774487722788,0,0,203.503982543945,107.011957874037,0,0,0,124.186083475749,115.743642807007,0,0,0,0,132.754909091526
144.945001602173,47.915783396738,83.2862200669839,42.6505832970142,166.92643737793,73.1752737218683,92.8737717946371,154.832618019798,101.735532877397,110.604767657341,157.616983266977,18.2266622404752,169.944458007812,9.66629658919636,112.494812647502,142.123001098633,116.54536819458,82.6836321089003,40.5543351193242,47.6327995430339,0,142.16119978163,81.741230153149,116.004426138742,127.334073209214,22.7330394263293,27.6888368841477,33.646086733616,161.471551259359,77.8228598575966,143.695817947388,16.739987523439,77.9485557556152,78.5638427734375,50.2698526668549,0,0,146.044342041016,60.8878659944277,0,0,0,0,0,112.121780395508,211.814590454102,99.0802783966064,0,17.7810008651332,0,0,0,0,100.999488830566,127.315021514893,0,0,100.528780619303,0,164.054321289062,53.831921077469,92.8292063120249,90.4617103050495,0,0,0,89.3707733154297,0,0,0
14.4808085132357,140.344583364633,108.451338862935,83.9970474588073,98.905543640956,26.822474228758,27.425799928237,38.3553974931712,17.2672597231995,84.2828635539946,49.0626280465587,75.3578494237019,79.598725599902,112.494812647502,9.04493532415909,38.114861708421,145.636083330427,112.350191514304,119.109153747559,133.478249710831,95.0851349924125,92.5275374693647,109.421913484556,105.093031179801,86.2051504469825,153.418459574382,133.394934312621,130.756202030792,92.3014199570885,19.8228019921647,52.7808896179268,154.379957675934,21.3915345892524,46.1889502153558,53.9497067795062,171.764014350043,0,160.238629150391,100.014848460322,128.650776454381,0,164.61867414202,158.626333192337,169.979033878871,114.299476623535,162.275669642857,0,0,0,170.932199690077,0,150.640930175781,178.416870117188,0,0,219.595642089844,187.632083892822,89.0980186462402,177.932315532978,138.117290384629,0,192.601913452148,170.382661437988,147.277714971286,175.470606753701,168.216711564498,0,0,145.63196182251,168.305827747692
47.5770931243896,115.947603225708,124.303749084473,55.2913809595881,61.4529469376903,14.335919984561,9.92909589370858,76.9609841664632,25.8520339129966,19.0495893108728,69.4601466115316,72.8155288696289,11.1274204497706,142.123001098633,38.114861708421,8.22142803282789,0,143.487242698669,0,140.135833740234,42.6778570398108,151.905258178711,72.5091654096331,143.86283656529,37.9215226926823,134.505776541574,136.422178649902,139.027372689083,73.6488315815828,46.2155991253788,87.0690095689562,176.681541442871,34.8301096343994,95.1764144897461,80.1504114468892,0,0,0,0,0,0,0,0,0,0,149.652519226074,0,0,0,0,0,0,0,0,0,0,0,0,171.624664306641,70.4492111206055,0,0,0,118.833887736003,0,0,0,0,0,0
105.347482534555,65.2881102244059,76.1206420124441,41.3496331190358,0,0,129.680248260498,102.143192805601,125.749513898577,77.296587785085,107.435841560364,114.556187099881,0,116.54536819458,145.636083330427,0,11.3743671905717,90.9233418752456,114.814666748047,124.360806601388,88.9528884887695,26.2904545904885,28.2954702561059,25.3198705331678,27.1192542274151,113.009001837836,102.627759559132,34.6345902596035,35.7235204989772,99.584477892109,70.8450360061429,113.218594360352,0,78.3657793045044,72.6861637160623,149.026428222656,0,113.003805060136,58.0238484550925,0,0,0,142.747116088867,151.595062255859,130.488647460938,0,0,0,0,163.534934997559,0,37.8432764267737,0,0,0,0,104.495162963867,54.0325712981047,100.245223113701,37.189134148189,163.572647094727,156.489949544271,108.558840990067,116.790929412842,0,114.715688705444,0,0,138.470825195312,120.90009362357
94.009165235134,49.6015200104032,37.9806626722557,84.2041132230285,150.87344796317,141.490870475769,152.492038005107,100.711156605754,125.194363197394,109.833004628057,124.432564719779,41.302392026717,131.091567993164,82.6836321089003,112.350191514304,143.487242698669,90.9233418752456,10.1448217975432,52.7328673044841,24.3334097088624,153.634544372559,62.2300630565987,70.1096628367552,26.7251981968703,117.681755232291,71.4061712664227,25.6163598964316,60.5665395014417,109.969933582488,91.7594243649857,72.3409373422757,82.4682694637414,152.321421305339,72.5377792845381,33.4632438739976,167.437973022461,0,105.701160583496,64.9601556232997,0,0,0,198.474865722656,186.192043304443,0,0,125.827659606934,0,0,155.460983276367,0,117.336349487305,112.971273295085,137.058059692383,114.319620895386,0,135.631530761719,126.460781097412,125.949458258493,138.177475738525,92.1658070882161,100.518943629853,105.142429277009,173.290960138494,187.843795776367,147.278717041016,154.766448974609,0,136.586166381836,137.95301361084
127.8181576199,93.9247283935547,137.578008651733,77.6635551452637,0,81.7208671569824,117.345550537109,143.84931529652,112.104655097513,166.127807617188,163.770385742188,17.2620036409054,0,40.5543351193242,119.109153747559,0,114.814666748047,52.7328673044841,6.2830049302914,10.0508522348658,0,115.283500671387,106.251556396484,99.681599690364,155.547191619873,37.933640423943,21.8945555840117,64.1389239147456,167.567560831706,89.2489152321449,117.973943074544,45.6419417611484,83.2192623431866,102.881080627441,52.2659381298309,0,0,0,68.655122756958,0,0,0,0,0,0,0,0,0,0,0,0,0,0,146.242477416992,0,0,0,0,0,0,68.6569805145264,101.55838394165,129.928448486328,0,0,0,0,0,0,0
121.647744598973,66.7807362874349,64.9357396529025,73.9256089108049,200.73445892334,86.028138478597,137.808090677067,133.771961757115,138.30720940771,139.144206197638,151.236576289347,22.2061538619559,163.173187255859,47.6327995430339,133.478249710831,140.135833740234,124.360806601388,24.3334097088624,10.0508522348658,9.8542070279215,0,105.617812959573,95.1679968566895,81.482715226796,144.760834620549,42.9518065736247,28.3065193495247,62.2971538998125,144.619992409983,109.198097710619,111.031494498773,48.0899004106146,91.1916618347168,95.3660923692047,40.786818520548,0,119.816177368164,132.496807352702,63.2930884552002,0,0,0,185.636341094971,0,164.408996582031,244.608978271484,102.139942169189,0,83.7733351389567,190.393249511719,0,116.296524047852,138.110021972656,110.210182189941,119.619720458984,0,0,170.617370605469,159.518169403076,175.296871185303,69.92899039696,105.90142105766,99.0454275723161,210.597129821777,228.610549926758,0,115.939666748047,0,0,125.427604675293
86.6698821874765,0,136.259341716766,85.8911538991061,11.0802857805014,133.146629333496,34.0145349967104,34.6842439369279,83.7467057993918,38.5517748269168,15.5369454224334,177.9365234375,12.6963245421499,0,95.0851349924125,42.6778570398108,88.9528884887695,153.634544372559,0,0,8.70989699875877,132.39998626709,76.3439157659357,133.93046145969,18.5566079341339,0,168.917453472431,145.330967585246,28.3324512561183,95.4868580330419,105.747580818508,196.24430847168,130.915463256836,88.8803672790527,99.1575913900857,0,0,0,99.2578220367432,26.7300224682641,0,148.994919776917,141.066050211589,158.859256744385,84.3717867533366,146.216148103986,0,134.745035171509,0,155.996786753337,0,0,0,0,0,145.199493408203,0,0,0,118.769043686811,0,169.725936889648,0,134.820625610352,179.346038818359,139.005180358887,0,0,0,162.316299438477
72.9276404578846,119.708726406097,69.066019676727,56.7869112743981,106.510117122105,153.199203491211,112.88875579834,71.4501896958407,99.7691955269543,76.9120359577116,92.2241720336577,108.559771699725,114.171122959682,142.16119978163,92.5275374693647,151.905258178711,26.2904545904885,62.2300630565987,115.283500671387,105.617812959573,132.39998626709,12.7454020215021,48.9294318124427,32.7154686930554,69.0311921799677,123.27525138855,101.473886670946,71.283810469377,33.2154252253951,57.929061104834,30.0566083307129,160.465787615095,139.973510742188,45.5837731371101,46.4762069870385,127.494621276855,0,119.117888768514,66.8641819740409,170.149597167969,0,201.788208007812,150.478941236224,174.915237426758,0,192.12685139974,0,0,0,171.204902648926,0,71.0788823203607,141.209396362305,0,181.236694335938,0,112.032684580485,66.6035341535296,122.186040102781,81.3601521083287,0,142.878231048584,132.682249069214,130.300990804036,119.206756591797,111.824659347534,0,0,0,131.752098083496
89.0723759004439,21.8086151108068,44.9230381390179,26.4933020041386,67.6745623926963,192.219146728516,107.118743650375,90.5048859869683,104.317185089967,27.6519344904844,101.729903675685,100.543569011073,82.5125857761928,81.741230153149,109.421913484556,72.5091654096331,28.2954702561059,70.1096628367552,106.251556396484,95.1679968566895,76.3439157659357,48.9294318124427,9.28176463741915,51.5845707875845,26.9469519264569,65.3768613039963,74.6574519549924,49.6008462261589,56.4044627669363,87.8790866336307,56.8941061877684,97.3920900419161,131.776977539062,66.4103834556811,61.6069821052245,75.1383972167969,25.8972158432007,58.4746195955097,16.4591427622615,0,0,0,114.309185028076,131.530996322632,7.70195196836423,155.612894058228,0,0,80.5791091918945,110.596192677816,0,48.4983587923917,69.0697088241577,153.769785563151,119.589960734049,0,61.6847504049108,9.51373399403078,61.3211367245378,59.197190066418,85.7181462605794,129.145206197103,61.4444624868672,74.2512648733039,92.2299575805664,71.3405213885837,0,0,59.4256324768066,78.7000077191521
89.4404015181652,57.3918385314941,29.1329582432517,50.6729241628576,122.786213175456,136.718293507894,127.355941274892,82.6394495467487,110.719749421638,96.6240941121907,100.200046508636,88.7505617600711,129.249686431885,116.004426138742,105.093031179801,143.86283656529,25.3198705331678,26.7251981968703,99.681599690364,81.482715226796,133.93046145969,32.7154686930554,51.5845707875845,15.2232106212373,85.0540696398049,114.903209392841,66.2886147629801,48.4422532887302,59.1001552215194,76.6432331164032,51.6618819460946,110.67341571384,153.568596579812,68.8005147813242,47.9709195191896,187.215386962891,88.7267227172852,100.639604796107,67.5437843322754,134.739933013916,173.901748657227,199.972023010254,156.752802722859,183.981712341309,151.809539794922,173.091249254015,128.133647918701,0,0,172.158566682235,198.652282714844,57.2029686276745,120.482522964478,163.057830810547,147.838040033976,0,121.89763098248,63.4635247382048,105.364112585048,91.2917309174171,122.95690536499,132.399878109203,102.394346730093,141.971679298245,184.670002528599,144.084709732621,0,0,148.587734222412,120.315288352966
80.085204739256,87.9452156549386,101.390466685576,37.5878309077996,20.1496883268965,116.567287445068,72.4279062421189,60.1004367923431,77.4304708928813,18.3432694218913,61.8564040236812,149.212692624047,19.4003222531372,127.334073209214,86.2051504469825,37.9215226926823,27.1192542274151,117.681755232291,155.547191619873,144.760834620549,18.5566079341339,69.0311921799677,26.9469519264569,85.0540696398049,10.5881230956888,108.459885308502,127.311193838492,89.8065918644605,18.6017013505867,83.916710328758,69.471483289005,148.123576863607,142.215745925903,64.8263092202655,82.3023234368201,131.622172201833,118.962135314941,161.143795237822,69.2903440901377,98.7014779483571,156.750717163086,128.710782069786,112.460806757905,133.709038678338,68.0489283475009,122.729887087483,0,112.580040716356,0,136.96323669658,135.992691040039,96.4592155880398,187.99045308431,230.058181762695,186.874160766602,123.635026807909,120.754106249128,80.8524804009332,139.435156900375,82.1183005104614,135.8271484375,194.259495128285,164.338511058262,109.127111925881,137.667364302925,124.527591480928,0,185.714502970378,110.567481994629,132.864791985714
0,22.258002076298,76.2257011413574,22.9109291076946,0,0,92.4107259114583,146.012735540217,144.023279825846,93.6003365420912,158.644002278646,24.3529250538303,0,22.7330394263293,153.418459574382,134.505776541574,113.009001837836,71.4061712664227,37.933640423943,42.9518065736247,0,123.27525138855,65.3768613039963,114.903209392841,108.459885308502,9.73765934191955,38.2818725052334,28.5965096617948,130.834490203857,92.5283432006836,145.147093878852,44.2251222584256,0,138.828358968099,54.9458745076106,0,41.0558242797852,109.235628763835,34.5728976385934,0,0,0,158.368621826172,0,100.54793548584,0,79.4713287353516,0,45.0719526495252,0,0,119.158149719238,0,82.1858936945597,79.853635152181,0,0,74.6832733154297,0,120.419006347656,37.1418615624874,76.3127260981379,66.8756316245139,0,0,0,75.8812487675593,0,0,0
116.531517138112,42.9384389842522,31.1017046198772,53.3789297805345,161.532503913431,142.860189998851,146.263210076552,122.292288825282,137.237888492428,112.211466556531,138.85253253248,19.1192689972616,157.902910020616,27.6888368841477,133.394934312621,136.422178649902,102.627759559132,25.6163598964316,21.8945555840117,28.3065193495247,168.917453472431,101.473886670946,74.6574519549924,66.2886147629801,127.311193838492,38.2818725052334,14.6193454641331,33.4990735037034,123.145332254321,116.364880163814,104.437969319961,21.3879061897543,112.400179936336,107.729728983409,55.378430430563,174.812555948893,108.096311296735,112.439202395352,57.1267000027557,185.616027832031,0,0,181.287472724915,188.730682373047,0,0,97.3794937133789,0,83.517582098643,166.425140380859,0,168.953351974487,108.38700685047,109.691988909686,101.499549432234,0,121.000142415365,120.611549377441,144.107068061829,174.441119384766,62.2331675229188,93.2377257215613,91.8515492306228,182.747468428178,201.421676635742,146.417572021484,103.277739304763,0,0,121.998599403783
118.53594555922,31.370128859459,32.3811224100433,47.7124332125352,133.870236714681,122.733074824015,145.822982674214,112.431844733437,135.520103194074,105.512694730709,133.193152878089,58.2991990643878,146.029811223348,33.646086733616,130.756202030792,139.027372689083,34.6345902596035,60.5665395014417,64.1389239147456,62.2971538998125,145.330967585246,71.283810469377,49.6008462261589,48.4422532887302,89.8065918644605,28.5965096617948,33.4990735037034,16.1353641064936,75.2229790930408,118.352772165934,103.923583229595,22.453205688325,119.860926628113,108.338600284797,63.6904134299435,132.351699829102,113.471706935338,92.8892934695784,56.3835795300347,0,0,0,155.362848776358,182.242069244385,167.356113433838,171.636198861258,123.568715182218,198.997344970703,97.9218188105403,182.279080598251,0,86.40187106413,107.084119796753,117.776567135217,111.748287137349,212.423553466797,127.170861743745,60.3111598530754,99.9130547679554,78.9488802150804,66.729211052747,99.1727089582171,94.5698364051613,153.916500370677,189.364456176758,141.169750976563,106.789403279622,0,167.081069946289,106.445084205041
85.7914726110605,108.856278010777,86.1027957021032,58.0077619187919,17.3283241222923,142.624359675816,69.8736282866678,33.9015818551489,84.0656975822887,52.4465553762218,33.3692427889167,147.626376342773,46.0066178985,161.471551259359,92.3014199570885,73.6488315815828,35.7235204989772,109.969933582488,167.567560831706,144.619992409983,28.3324512561183,33.2154252253951,56.4044627669363,59.1001552215194,18.6017013505867,130.834490203857,123.145332254321,75.2229790930408,13.5741797054853,91.8646553845295,49.0914232445057,160.168639628092,144.115673771611,65.531885838219,75.795158305434,127.913871383667,147.521934509277,148.694542778863,73.4608794385054,49.3177837537507,0,143.386736016524,130.526750442085,152.815067049823,97.8097496032715,144.275000803569,216.867523193359,140.771905378862,0,150.516597703956,157.635091145833,91.7440300548778,164.711901855469,204.667526245117,182.804385375977,150.549029032389,129.537809244792,80.5743628607856,138.085683822632,100.930624327259,0,185.493389731959,154.151289322797,129.182615879604,138.033880282671,128.570557176021,0,0,123.06362024943,138.011969059072
17.0236949347117,113.143328406594,110.942343509197,75.8580993566298,96.694384381662,20.7245627045631,28.4741815404225,65.3495916956782,35.4017944375507,74.8560896581533,92.6638726005108,51.1539868818975,91.5341620325443,77.8228598575966,19.8228019921647,46.2155991253788,99.584477892109,91.7594243649857,89.2489152321449,109.198097710619,95.4868580330419,57.929061104834,87.8790866336307,76.6432331164032,83.916710328758,92.5283432006836,116.364880163814,118.352772165934,91.8646553845295,10.5384277126947,30.0473403992547,118.233432476337,12.5711702519721,14.4853344997175,34.7642541460375,159.684413909912,0,167.409288406372,91.2201813098996,137.282199859619,191.400772094727,211.304229736328,152.57476477372,175.280765351795,135.748128255208,165.372864074707,201.95426940918,196.918197631836,0,175.968278884888,0,80.6590881347656,210.86198425293,0,174.931381225586,236.488876342773,146.588272094727,90.533251953125,167.332538257946,140.832028503418,0,177.652834574382,169.41181400844,145.708037432502,161.131039181271,145.650282592773,0,0,142.605582237244,158.01185428395
31.6635713317419,113.735211459073,74.6884676361084,60.2540573858772,91.4762329332756,102.42103456196,96.1885260220232,21.6382201376896,71.4913406580524,61.3907642947359,68.3074373170677,116.31164336873,105.888108530352,143.695817947388,52.7808896179268,87.0690095689562,70.8450360061429,72.3409373422757,117.973943074544,111.031494498773,105.747580818508,30.0566083307129,56.8941061877684,51.6618819460946,69.471483289005,145.147093878852,104.437969319961,103.923583229595,49.0914232445057,30.0473403992547,9.32172726584282,141.583237689474,103.305798580772,27.0981431556516,36.8726400514643,130.265906651815,0,141.011632818925,80.8908416318222,129.575347900391,192.600173950195,175.398460388184,139.077701841082,158.936591796875,67.734265645345,156.562710444132,0,134.415237426758,0,156.238888804118,149.794570922852,90.9616277217865,160.881242925471,222.183784484863,167.183364868164,0,121.842968463898,85.7003593444824,149.276399884905,109.867942289873,0,160.322209040324,155.542533874512,128.770968055725,147.172537939889,130.746447669135,0,184.277519226074,119.434356689453,133.741039773692
162.93470287323,62.7948620796204,78.9956309410833,52.9836386586284,171.931716918945,102.454658508301,149.537061055501,156.58402899976,156.92453918457,125.668820121072,169.371161142985,26.4908858617631,174.341400146484,16.739987523439,154.379957675934,176.681541442871,113.218594360352,82.4682694637414,45.6419417611484,48.0899004106146,196.24430847168,160.465787615095,97.3920900419161,110.67341571384,148.123576863607,44.2251222584256,21.3879061897543,22.453205688325,160.168639628092,118.233432476337,141.583237689474,11.3987980248815,110.907485961914,153.182288033622,66.3479466488487,0,0,144.555084228516,67.1929405212402,0,0,0,224.470367431641,0,0,0,115.26131439209,0,86.2594549996512,0,0,0,0,138.105758666992,125.134418487549,0,0,216.571395874023,156.428535461426,0,71.5739798167395,109.787964191843,104.018538863571,199.582138061523,0,0,112.824467976888,0,0,125.190246582031
89.8622769165039,0,137.122720336914,129.569080988566,143.997831072126,9.63228851641863,19.1901133505869,123.55317339216,20.1784841360224,118.08251953125,123.446639713488,59.7853230155558,98.1236111676251,77.9485557556152,21.3915345892524,34.8301096343994,0,152.321421305339,83.2192623431866,91.1916618347168,130.915463256836,139.973510742188,131.776977539062,153.568596579812,142.215745925903,0,112.400179936336,119.860926628113,144.115673771611,12.5711702519721,103.305798580772,110.907485961914,6.23391452293522,0,41.3457918567042,0,0,0,0,0,0,0,212.575492858887,0,0,0,0,0,0,0,0,0,0,0,0,0,0,0,0,184.654602050781,0,0,0,0,0,0,0,0,0,0
47.1437004882599,96.1044784545898,98.2933357837153,60.3143405914307,84.3386337757111,59.4856440226237,78.8883187995767,67.7340869750671,71.9381485572228,59.6548770455753,88.4788060558892,93.5078685365874,88.4632935957475,78.5638427734375,46.1889502153558,95.1764144897461,78.3657793045044,72.5377792845381,102.881080627441,95.3660923692047,88.8803672790527,45.5837731371101,66.4103834556811,68.8005147813242,64.8263092202655,138.828358968099,107.729728983409,108.338600284797,65.531885838219,14.4853344997175,27.0981431556516,153.182288033622,0,6.77808441583094,25.6665751633559,129.910995483398,0,0,78.0901069641113,123.943939208984,0,130.776229858398,132.119637988863,164.758397420247,71.1068420410156,156.640151129829,0,172.083930969238,0,155.531390598842,0,93.2237777709961,0,0,0,0,138.786888122559,69.9325323104858,159.65161895752,117.669945328324,0,185.609700520833,173.34410349528,120.304444085984,149.008369445801,132.334800720215,0,199.732604980469,0,152.750844955444
72.7356674028028,57.8230082526881,55.3086223764393,68.295854611387,98.0780065381849,33.0110164078129,48.1894005352689,90.5344804323107,57.8873887827484,79.4126804716447,97.2115824986786,24.4472998999113,94.6480643173744,50.2698526668549,53.9497067795062,80.1504114468892,72.6861637160623,33.4632438739976,52.2659381298309,40.786818520548,99.1575913900857,46.4762069870385,61.6069821052245,47.9709195191896,82.3023234368201,54.9458745076106,55.378430430563,63.6904134299435,75.795158305434,34.7642541460375,36.8726400514643,66.3479466488487,41.3457918567042,25.6665751633559,11.8519335752564,153.786691938128,0,107.082147132026,79.9039756011963,215.492523193359,0,0,145.940382564769,170.166551971436,93.2426128387451,165.662878853934,136.9833984375,0,0,164.450525665283,0,99.2661100316931,114.349405924479,0,132.452523125543,0,112.317945861816,67.1683307994496,117.788182249857,114.188797549925,88.4132556915283,119.545285151555,109.363593649357,147.983643465264,146.03449344635,136.397333357069,0,0,174.357076009115,122.264713711209
136.814872741699,0,143.480857849121,80.5422008514404,172.332359313965,0,156.511927286784,152.392872737004,159.179882473416,81.2300240652902,159.306385676066,0,152.452377319336,0,171.764014350043,0,149.026428222656,167.437973022461,0,0,0,127.494621276855,75.1383972167969,187.215386962891,131.622172201833,0,174.812555948893,132.351699829102,127.913871383667,159.684413909912,130.265906651815,0,0,129.910995483398,153.786691938128,8.56390632302568,107.36735534668,103.79200401859,70.0121563223255,90.7064985795455,76.9895201789008,77.9645670348523,25.676918406603,41.9378610828122,64.0839674813407,53.1472697439815,107.965600149972,91.2237875802176,123.620709737142,18.800476887808,53.9531407356262,109.376195571002,95.7545061355982,122.784315651341,110.082016248961,89.3333584553487,74.8162423410723,83.0391881389003,87.4860036345734,73.9284447738805,110.541389465332,120.318003641612,116.741922752144,75.6877595709195,15.8991277236165,18.3306339890978,151.966167873806,95.1419892311096,32.835045337677,49.836390954932
0,0,0,30.5569019317627,0,0,0,0,0,0,0,0,0,0,0,0,0,0,0,119.816177368164,0,0,25.8972158432007,88.7267227172852,118.962135314941,41.0558242797852,108.096311296735,113.471706935338,147.521934509277,0,0,0,0,0,0,107.36735534668,7.18834158903608,47.0607893180847,20.0593806015173,94.976567586263,0,188.184539794922,119.63534380042,120.499345779419,62.8680656691243,151.044138590495,72.4560722351074,109.893035888672,54.269697958963,133.206100463867,0,61.2989765514027,66.2573544979095,72.3843313852946,70.0028053283691,133.63981628418,79.6532182693481,18.9991297223529,83.9873056764956,71.0122429193687,18.8653141248063,45.617696550413,27.2012168138311,95.9206299415002,115.549345016479,97.9444160461426,65.998815536499,0,87.696782430013,72.467053767613
163.697769165039,102.512687683105,90.3715554040576,47.3734267694609,211.490483601888,0,184.189929199219,160.463857014974,172.357854207357,162.909622192383,170.42202130486,118.881202697754,205.881973266602,146.044342041016,160.238629150391,0,113.003805060136,105.701160583496,0,132.496807352702,0,119.117888768514,58.4746195955097,100.639604796107,161.143795237822,109.235628763835,112.439202395352,92.8892934695784,148.694542778863,167.409288406372,141.011632818925,144.555084228516,0,0,107.082147132026,103.79200401859,47.0607893180847,11.6084916618791,39.3494555630054,137.624424743652,164.115788777669,133.083781609168,93.1128851838969,110.871098449911,104.686883677607,107.608877756774,90.8828122615814,161.221765518188,81.7545950753348,107.263487919699,124.69087600708,60.8929099360256,47.1954940849365,89.1482034259372,60.352916550573,178.506256103516,70.8989298606897,44.9784267970494,27.9784458181709,94.6004333605085,67.988614654541,32.4694629733865,33.3132136702979,82.1003201130739,126.684468200684,75.0863898488767,81.222182573591,158.90923055013,88.5326313972473,68.2451211321256
129.277414321899,58.0632228851318,58.2388035167347,12.0546147986053,96.8022747039795,129.229064941406,95.6391321818034,92.2306586817691,98.4625693873355,22.5415044119864,105.151155598958,62.0773887634277,91.4148330688477,60.8878659944277,100.014848460322,0,58.0238484550925,64.9601556232997,68.655122756958,63.2930884552002,99.2578220367432,66.8641819740409,16.4591427622615,67.5437843322754,69.2903440901377,34.5728976385934,57.1267000027557,56.3835795300347,73.4608794385054,91.2201813098996,80.8908416318222,67.1929405212402,0,78.0901069641113,79.9039756011963,70.0121563223255,20.0593806015173,39.3494555630054,18.2701668395051,53.9878882481502,121.152082824707,83.9638643264771,65.0839562199987,84.8295830476631,14.5885424566559,82.9814829055577,101.987994627519,83.9231719970703,54.1068461845661,82.5641503502658,77.0324241638184,39.4026255784211,66.0478438799125,86.1825179492726,72.4205037120687,110.168091637748,54.5002867805121,18.4189363065293,48.1923192986507,38.8603870166724,31.0967510186526,49.8676210777432,38.2901693577453,58.2567338072928,74.1530976994418,61.8159568904055,69.0970919291178,132.825497020375,51.664619979038,61.4966726103587
135.638491312663,0,171.800033569336,74.2329899714543,17.9646879454501,0,79.5681064605713,107.035127740157,135.152243980995,87.3453437542093,87.7993771689279,0,55.5211336705592,0,128.650776454381,0,0,0,0,0,26.7300224682641,170.149597167969,0,134.739933013916,98.7014779483571,0,185.616027832031,0,49.3177837537507,137.282199859619,129.575347900391,0,0,123.943939208984,215.492523193359,90.7064985795455,94.976567586263,137.624424743652,53.9878882481502,9.16271431472423,142.242866516113,59.8625119591401,66.3807763251938,89.3573970551186,46.1717908197782,20.161481909358,163.295852661133,28.9829326003764,0,100.86138148154,58.683092821212,92.5250148773193,146.624863942464,170.256340026855,0,13.1987724570489,116.034901936849,63.4768301474082,122.408069065639,19.481022007881,134.177141825358,167.372547694615,127.986308779035,18.3095601531815,100.388800887588,106.914774758475,0,125.120276641846,75.4829959869385,93.0006759710479
0,0,0,118.507555007935,0,0,0,184.149429321289,181.521759033203,0,0,0,206.817413330078,0,0,0,0,0,0,0,0,0,0,173.901748657227,156.750717163086,0,0,0,0,191.400772094727,192.600173950195,0,0,0,0,76.9895201789008,0,164.115788777669,121.152082824707,142.242866516113,7.92262777806692,11.0853849199053,109.754452705383,13.0664785824811,58.8639640808105,107.201610484022,61.6697823842367,104.964912761341,106.825408935547,36.1624476299576,12.0251946315547,164.158714294434,0,92.5791727701823,143.1462987264,116.756696527654,153.131332397461,0,135.03290049235,114.230265617371,0,165.857428741455,165.272966003418,124.801251924955,24.2109567742599,111.37347869873,90.9726486206055,10.0053720160481,154.833267211914,35.9984359741211
