11.1115335826875,116.989157104492,101.840428636564,73.2001478295577,97.8251533508301,69.2019244107333,52.8956069576908,36.1476769848654,23.9334433235106,70.7275413909516,42.0671685436316,148.406454358782,73.0670144822862,179.253448486328,17.8996399947917,44.5486590067546,125.422086079915,117.042503284503,144.124231338501,131.489217828821,90.1401037597656,82.3890686165351,92.9359500796296,87.4623938791851,77.95901612104,0,129.819739341736,122.847711864271,72.1276509005647,18.6205826567314,39.5111902761637,164.37016805013,78.9776638493393,65.6739634181676,84.1747292993276,0,0,166.752075195312,111.975280580066,0,0,197.487411499023,136.318927471454,169.567726135254,129.919525146484,166.24577331543,0,0,0,172.441736857096,0,140.12532043457,192.611310323079,237.93522644043,231.167358398438,0,142.468186950684,105.268945058187,177.27463277181,131.520295325746,0,173.897006988525,182.083354404994,142.316870241749,165.427437676324,163.449369812012,0,0,135.673889160156,142.364835739136
116.989157104492,9.5022979751279,44.7584044290484,25.7732020374657,0,101.617637634277,149.394613786177,143.38511428833,147.10254983341,73.0472114525031,153.822612762451,60.4049130703541,104.810134887695,50.164471724655,130.546835327148,109.574770609538,72.9015564304767,58.8807737599248,69.6755165100098,66.1009000609903,0,95.8568815084604,23.1848415478847,54.8531612983117,91.0377806393221,34.0933684102729,49.9144972400232,34.8201808544728,109.203592766656,130.857021789551,109.296584367752,67.4177001670555,94.4620196024577,128.55829334259,66.9534129014949,0,78.5473753611247,92.0187243757577,56.3518782660019,159.937057495117,0,0,0,173.853988647461,121.061594009399,0,58.465576171875,0,67.2379790086013,204.213684082031,185.54963684082,0,108.924021657308,126.319267272949,124.468539311336,197.53458404541,120.40860748291,0,115.339422225952,124.325682322184,67.848978629479,110.99864062141,100.007025017796,194.682871500651,0,142.184558105469,114.087184143066,0,0,116.128063201904
101.840428636564,44.7584044290484,11.2531055439362,43.9426603995607,187.482447306315,139.590316772461,127.518292528839,100.038343746441,121.154304151024,107.782136476957,113.647997395976,82.6681718999689,160.775974273682,88.1475583394369,118.473859156459,122.976437683105,94.2957094632662,38.4917600060122,79.8920392003553,58.6565333572089,190.067509969076,64.8733604387804,43.3055567566025,24.8435711916927,117.803545434134,89.2732200622559,31.3586688025095,26.6391100351985,83.6123891075093,107.017892584565,89.2794435869256,83.3854070810171,163.575447820848,111.161809702389,58.4412472138483,190.379223632813,82.2246035805231,89.0620251928572,59.3973799565756,0,0,190.503377278646,153.19333632096,186.318603515625,166.543853759766,183.449577331543,139.051174163818,0,161.676681518555,184.551207224528,0,117.285931817416,105.129642383099,153.104860941569,130.220414203146,0,129.832947254181,75.9379414367676,101.880031642441,145.527816390991,128.66529083252,97.6859378370039,93.1361111304918,149.118893637586,168.386329650879,144.095194097151,145.36457824707,0,157.432225545247,123.988884710496
73.2001478295577,25.7732020374657,43.9426603995607,13.9725786884446,62.8506075541178,98.5390090942383,80.4406442839524,58.8483535626933,78.3892969545037,11.6922876301149,71.7094539904412,68.4291037559509,84.1875951131185,52.05641242436,95.6874703884125,79.7238420758929,49.5896529070995,64.2985041043285,57.1307663690476,60.3712355842418,70.6243674179603,51.7900342471163,42.1351447304782,53.5960460201046,43.0112847712386,22.3423113142544,45.5285321868093,40.7634420670726,55.2651327788952,81.7950539308436,60.1893438083022,63.5967568364637,127.965481567383,63.5358351298741,63.4291468305564,97.4053243001302,0,83.3171077165447,24.495987329483,76.8548506600516,0,92.1236395206092,73.8953640357308,99.7507660110276,16.9951090936537,83.7714281314757,82.0077667236328,77.5130310058594,87.0732227961222,96.8132034301758,78.8744227091471,84.3484416007996,100.102143096924,122.816148122152,123.710320472717,81.6500690778096,86.3743209838867,47.8775832176209,94.2328953552246,54.2277008099745,81.31991259257,106.729391824631,96.7055171086238,76.2324703001105,100.009325228239,82.8714330145653,131.864054361979,0,85.6518418448312,87.2345152634841
97.8251533508301,0,187.482447306315,62.8506075541178,9.99810032034863,0,64.6863065447126,56.7340321952914,94.8345355158267,35.7246762519659,25.5466528409349,189.948196411133,26.2005095489896,0,111.001538419175,50.168858811662,0,220.379165649414,0,191.692260742188,15.8019255291051,137.811897277832,88.477354322161,139.385241190592,20.7592786329856,0,145.891738891602,159.115679931641,18.0232535776074,93.1884213615866,84.419412612915,0,156.490623474121,78.4724706209623,87.3120804539433,0,138.533111572266,0,74.1776452905991,106.920650151711,0,148.303223593193,123.946457121107,171.001920259916,75.7469552091496,141.74002560398,0,111.133372262808,0,169.197655814035,111.219737752279,0,0,0,0,116.748011733414,0,182.650756835938,0,94.7253790819625,0,0,172.077911376953,131.186322968347,174.41545691857,132.676864624023,0,233.514945983887,144.095217895508,155.694699287415
69.2019244107333,101.617637634277,139.590316772461,98.5390090942383,0,6.43263334681039,23.0654656745481,118.343641842113,33.5152976245671,94.135009765625,113.871070243217,58.7934322044498,72.8496437072754,70.2834811740451,25.2859384779954,11.4873325114193,0,191.239868164062,89.2679646809896,114.524412155151,122.694336785211,120.216960906982,132.239883422852,142.20416132609,127.441666739328,66.9739061991374,109.742344906456,124.959343543419,122.208206176758,18.1441368878383,132.08292388916,96.6751480102539,12.1922830630194,0,29.5703333625498,0,0,0,119.713943481445,0,0,0,190.448516845703,0,0,0,0,0,0,0,0,0,0,0,0,0,0,0,0,167.544761657715,0,0,220.650848388672,205.001655578613,0,187.323394775391,0,0,190.604034423828,0
52.8956069576908,149.394613786177,127.518292528839,80.4406442839524,64.6863065447126,23.0654656745481,11.6088337793489,67.2177025132239,15.9041169795257,75.0759872811378,27.662703740089,87.1754427052507,19.9232436717196,81.2819585446958,37.415679453887,11.3588587340378,216.239395141602,140.97704057504,133.280082066854,149.50573318069,40.4151525469305,112.192176398881,100.239037600431,113.623831960179,85.3224282429591,66.9864349365234,151.821455642523,142.772444389962,68.5262274720955,44.1864338979199,98.3736919995798,133.505697250366,29.5559474949339,92.3835174277977,64.3388411733839,183.58549118042,178.682235717773,190.029400634766,120.366554260254,150.28590614565,0,159.772042014382,144.984730682373,172.594924926758,111.996094226837,159.25776941636,0,154.643798828125,0,174.173656322338,164.240985325405,129.271377563477,200.80908203125,0,0,147.84327061971,183.890701293945,137.547849655151,175.855010986328,126.326829092843,0,206.740809122721,198.887933904474,147.781373249103,175.89357321603,160.883903503418,0,0,154.672792561849,175.18876953125
36.1476769848654,143.38511428833,100.038343746441,58.8483535626933,56.7340321952914,118.343641842113,67.2177025132239,10.2601512012364,62.3642988368378,57.9627680640156,22.9397789070188,145.97466023763,65.5096249389648,165.718199412028,38.582120532828,69.5403217315674,112.748456954956,126.42919278736,155.571478271484,140.671752647117,96.8294690450033,73.1634173029945,76.3572500242409,73.6199322266797,57.769087530895,139.567825317383,129.292877951502,110.831172745973,30.3874856414603,53.9370527667667,17.8671443788089,169.242197672526,117.543572034992,62.6145655020383,73.2415922791991,142.330421447754,0,157.051528237083,94.5842025510727,131.037336349487,0,144.496949768066,123.192403448464,155.401490119196,86.236442565918,139.893755765569,0,134.3371925354,0,147.965099928114,135.927635641659,151.299388885498,193.996650695801,0,0,125.304370880127,136.522486114502,105.219299562516,152.761503458023,111.997983456909,0,189.307858784993,179.180931678185,122.78030991045,149.362540802398,131.076425385057,0,199.015777587891,126.748657226562,141.813908894857
23.9334433235106,147.10254983341,121.154304151024,78.3892969545037,94.8345355158267,33.5152976245671,15.9041169795257,62.3642988368378,9.73881639003998,82.6291659926048,41.0009844312045,92.0821259661419,79.7342093861898,93.8195539980519,15.5248298662389,19.5127626143969,149.071624755859,137.508373461272,134.581658519398,151.690573021486,94.8268009512122,107.777823953068,106.181193821867,108.461731721657,85.5615134868656,83.22709608078,145.423104495185,138.537046061728,86.4617072116823,39.3034832423613,85.3062319299008,156.604208446684,22.4456110651302,82.7740355978767,76.5311098064736,216.821975708008,0,187.123357026473,121.421292897817,159.04711151123,0,160.704247642966,145.272020895919,172.417230526606,99.5329314522121,152.412584849766,0,157.491479492187,0,172.719766065809,151.423569742839,204.170455932617,213.660361153739,0,0,136.287041187286,173.436545477973,119.851274013519,200.726821051704,131.266878518714,160.982482910156,203.070119757401,191.137901110527,145.025391430588,170.439897561375,146.402356398733,0,194.963516235352,145.603582528921,163.90340451841
70.7275413909516,73.0472114525031,107.782136476957,11.6922876301149,35.7246762519659,94.135009765625,75.0759872811378,57.9627680640156,82.6291659926048,7.20192289225599,71.213271354717,135.649314371745,10.4807523959476,123.818378542676,91.5365724563599,20.1310496133679,94.6027660369873,127.951304695823,143.909325819749,133.346230216648,19.4947193016988,82.1477895794493,28.3203784079218,100.735387878418,19.3294845584189,114.050422500778,125.279377296323,109.836127367697,48.9528725015301,78.6734120974987,62.3873591013381,140.574719880757,135.218445997972,68.2831475107293,90.8273362888126,0,115.611693064372,146.852996826172,52.4168916752464,78.266093077483,0,139.695720325817,107.712343343099,127.91817855835,37.1884942961133,106.508571521656,208.840270996094,58.1656771573153,136.850608825684,149.935404096331,53.9312973022461,80.9744186401367,0,0,198.710426330566,83.5042875834874,152.693040211995,89.2889577692205,151.525163269043,60.9141091759028,136.85107421875,186.712669372559,179.385286058698,101.174272186902,137.36950969696,127.783985900879,0,0,135.154481506348,96.2806739807129
42.0671685436316,153.822612762451,113.647997395976,71.7094539904412,25.5466528409349,113.871070243217,27.662703740089,22.9397789070188,41.0009844312045,71.213271354717,13.8050349899675,146.286746812903,24.2608164002001,164.962178548177,49.7727505473474,63.3463292963365,0,142.260942882962,167.355701446533,174.165254211426,18.0643639853656,108.389002697284,100.77739496434,94.3631221618652,68.4950409368113,169.042556762695,147.109882020114,129.332188526789,35.5204257354889,86.0952512618485,87.4311707922294,171.406733194987,114.173700001847,72.9982205543809,82.1769625610598,173.913080851237,0,186.299549102783,119.170600608543,139.562199601849,200.555114746094,157.09530885403,135.441401829535,167.735846129331,103.852014422417,151.893891266219,0,151.739659725091,0,174.817229327034,157.631420228539,150.580355326335,200.071739196777,0,0,142.795834341715,161.223377227783,117.422848094593,189.400118741122,116.880871253285,195.135131835938,188.234298706055,195.374661763509,143.958775417061,176.36768043332,148.872905862742,0,0,153.57664642334,163.319046020508
148.406454358782,60.4049130703541,82.6681718999689,68.4291037559509,189.948196411133,58.7934322044498,87.1754427052507,145.97466023763,92.0821259661419,135.649314371745,146.286746812903,10.774710528948,149.597651163737,21.2368344849677,79.6664315324775,0,126.026992797852,58.7773104858398,20.4898156246405,19.8880315613267,154.569363911947,99.2280463465938,104.690241104517,80.9544104534647,159.429828643799,28.1149457235575,28.7734943443114,57.5735502808027,145.60903263092,52.4762094271297,116.492475509644,45.4332481921417,55.2129299334308,117.921000554011,22.355960522879,0,133.213806152344,142.615257263184,61.8229645176938,0,0,0,0,0,176.512298583984,0,91.9872915479872,0,77.2145003182547,0,0,0,162.447250366211,103.323802490234,124.932797325982,0,0,123.70272064209,164.150253295898,193.050857543945,66.6421370072798,106.524013923196,102.991230833764,0,0,0,101.399153709412,0,164.89665222168,118.851402282715
73.0670144822862,104.810134887695,160.775974273682,84.1875951131185,26.2005095489896,72.8496437072754,19.9232436717196,65.5096249389648,79.7342093861898,10.4807523959476,24.2608164002001,149.597651163737,9.26394358376977,0,105.015122764989,9.99590418752697,0,0,0,0,12.4253183236856,140.274444580078,66.0504081032493,135.502004623413,17.1919245552546,148.026245117188,139.580230712891,137.325216929118,50.1341012227843,98.2871050516764,99.3345369611468,193.335861206055,96.9784084119295,91.8332158602201,94.9997513510964,0,0,0,74.0974769592285,78.2000500007912,0,62.5831921895345,145.695431845529,145.5488912409,80.9982109069824,84.9878615889438,0,11.3066676420257,0,139.953163146973,106.448272705078,0,0,0,0,12.6863662235109,0,221.604553222656,0,102.757960993449,0,0,127.85498046875,109.217611312866,153.58607006073,161.972412109375,0,0,0,134.839848836263
179.253448486328,50.164471724655,88.1475583394369,52.05641242436,0,70.2834811740451,81.2819585446958,165.718199412028,93.8195539980519,123.818378542676,164.962178548177,21.2368344849677,0,8.89038312210745,83.4004643758138,180.979888916016,122.728750962477,106.284677777972,53.0929968065603,76.325990703744,0,145.553532918294,94.2681900807564,122.873027038574,148.894597371419,18.9956013039943,38.307091770653,41.2851505829233,157.061923217773,62.5296906390822,170.247978210449,22.0818105285498,67.2062971451703,0,48.5667828323644,0,65.2772445678711,164.226135253906,60.3090155410767,183.879486083984,0,0,221.862258911133,0,164.128570556641,0,75.2783481052944,0,20.5445088198259,0,0,0,147.005443572998,105.266806793213,109.000483703613,0,0,103.307228088379,0,193.679954528809,56.7892218276636,108.605812521542,103.844074004736,0,0,210.718437194824,107.068346150716,0,0,153.125747680664
17.8996399947917,130.546835327148,118.473859156459,95.6874703884125,111.001538419175,25.2859384779954,37.415679453887,38.582120532828,15.5248298662389,91.5365724563599,49.7727505473474,79.6664315324775,105.015122764989,83.4004643758138,9.7904380157557,49.390807678825,106.942581176758,137.743722183444,121.452081174267,153.277373599023,107.685407483015,102.841622767324,102.098055203756,104.62146660542,97.4201504077787,84.6362139383952,143.682395387307,139.857142267261,93.717775289723,22.9522859606188,79.4994861093996,129.381558504972,15.8489573330999,63.0073430048276,63.5885643945763,0,151.173583984375,189.896512545072,140.926483154297,196.401123046875,0,181.730299729567,157.559609258743,187.028381783622,107.682589939662,168.922419484456,0,148.375595092773,133.092666625977,185.977496337891,154.81965637207,153.137451171875,207.720558166504,0,209.121826171875,140.815435791016,150.504936218262,107.242832607693,181.591115614947,146.852372027458,0,196.587478637695,200.244372049967,155.072033722129,178.467535513419,172.094068190631,0,0,158.039086478097,175.251405843099
44.5486590067546,109.574770609538,122.976437683105,79.7238420758929,50.168858811662,11.4873325114193,11.3588587340378,69.5403217315674,19.5127626143969,20.1310496133679,63.3463292963365,0,9.99590418752697,180.979888916016,49.390807678825,7.33652030243786,126.083908081055,128.844421386719,169.31721496582,137.686103820801,55.6057410520666,104.004360961914,70.7203593254089,107.819704532623,43.5453268187701,0,157.429667546199,137.555659645482,77.9579818145089,52.863449790261,77.5496714909871,124.538063049316,50.1924236788608,73.5196590423584,78.7331204414368,0,0,0,127.425682067871,0,0,165.497131347656,132.883491516113,0,58.372745513916,157.544761657715,0,172.227233886719,0,178.836975097656,180.780540466309,0,209.292343139648,0,0,0,0,135.205413818359,0,129.398147583008,0,0,0,137.463337489537,178.393196105957,0,0,0,0,0
125.422086079915,72.9015564304767,94.2957094632662,49.5896529070995,0,0,216.239395141602,112.748456954956,149.071624755859,94.6027660369873,0,126.026992797852,0,122.728750962477,106.942581176758,126.083908081055,15.0764180531364,102.391191399616,0,118.312013244629,140.006210327148,19.7093327744835,36.2000010246382,18.7217120565059,33.9970367116209,118.858155386789,109.724249447093,35.0568666967132,49.6611443792509,72.3861694335938,78.4459064483643,108.744705200195,0,119.51326751709,74.6665100189577,0,0,108.319193766667,68.868645804269,0,0,0,137.559585571289,170.60026550293,0,0,148.174041748047,0,0,0,0,97.4147546655991,147.222785949707,173.049995422363,182.666889190674,0,108.86234627518,53.5038688065576,93.5052772453239,53.8244038668546,0,148.081545511882,110.129405459842,136.074198913574,108.608978271484,117.158811753796,181.219177246094,0,0,117.68622303009
117.042503284503,58.8807737599248,38.4917600060122,64.2985041043285,220.379165649414,191.239868164062,140.97704057504,126.42919278736,137.508373461272,127.951304695823,142.260942882962,58.7773104858398,0,106.284677777972,137.743722183444,128.844421386719,102.391191399616,9.07523254473465,56.8527893028003,23.09965631779,0,48.6609751104104,81.7523399699818,29.2149428705954,129.94881245931,98.2199674333845,27.3879691447829,59.8818019020863,120.813694587121,105.969806504717,74.5742293620739,92.7911465962728,164.379637037005,94.8860983237242,39.8703234282467,0,86.6863743591309,101.319608920228,70.2317014530005,0,0,0,173.932217915853,0,177.597389221191,201.719955444336,127.570320129395,198.10888671875,132.289855957031,200.570465087891,0,140.925692967006,110.665866830961,145.785184224447,128.255741320158,0,145.336963907878,109.748506105863,122.989722842262,153.420085906982,95.8818572998047,104.391507705586,105.492751934561,162.61137172154,0,153.501060962677,148.26448059082,0,198.735122680664,114.53490447998
144.124231338501,69.6755165100098,79.8920392003553,57.1307663690476,0,89.2679646809896,133.280082066854,155.571478271484,134.581658519398,143.909325819749,167.355701446533,20.4898156246405,0,53.0929968065603,121.452081174267,169.31721496582,0,56.8527893028003,7.70577874368699,16.0975730995178,176.707710266113,108.093309173584,108.121890406455,91.8738036382766,154.161794026693,46.6915061396024,23.7488055773687,55.3242071276513,154.987166086833,90.0007944107056,121.234482871162,50.7784420993526,92.2641392634465,129.125736236572,57.7139848729919,0,124.364318847656,132.643927256266,71.4655383183406,0,0,0,223.806289672852,233.695617675781,173.560180664062,0,103.041605332318,0,87.1435310045878,0,178.695861816406,0,158.206707000732,108.891418562995,117.354431152344,0,0,0,180.916381835938,0,70.6650544310645,102.457319817388,104.104411993545,0,0,0,104.9852125838,0,0,117.43359820048
131.489217828821,66.1009000609903,58.6565333572089,60.3712355842418,191.692260742188,114.524412155151,149.50573318069,140.671752647117,151.690573021486,133.346230216648,174.165254211426,19.8880315613267,0,76.325990703744,153.277373599023,137.686103820801,118.312013244629,23.09965631779,16.0975730995178,11.1329197655705,233.179489135742,76.1403191952305,101.577574692763,61.0734643556431,156.117247009277,47.4019342229887,23.9562620684195,55.3035955512819,134.68452363095,119.803523805406,95.3061707872228,61.0712450200861,136.04449824283,108.708916358228,46.6865609445114,198.253074645996,93.9502132415771,114.214229646276,66.3434067013898,0,0,0,207.63627243042,0,174.000157674154,0,103.182117831322,0,107.287330881755,0,0,153.487579345703,119.27473004659,108.484657220081,110.084769476028,0,170.105804443359,144.262283325195,148.203945833094,182.08794148763,77.5028082302639,98.9735419172084,102.693336842681,193.02258518764,0,174.278860653148,110.817427415114,0,0,125.290555318197
90.1401037597656,0,190.067509969076,70.6243674179603,15.8019255291051,122.694336785211,40.4151525469305,96.8294690450033,94.8268009512122,19.4947193016988,18.0643639853656,154.569363911947,12.4253183236856,0,107.685407483015,55.6057410520666,140.006210327148,0,176.707710266113,233.179489135742,10.1048092722624,127.261722564697,114.196759541829,176.371322631836,13.8910831295068,149.095977783203,207.211380004883,0,32.8484182116442,99.0619075481708,151.448345729283,0,123.837927304781,93.735543301231,90.7441043997169,0,162.31404876709,0,79.7853534698486,128.373583444735,0,155.851090651292,140.96006652832,163.86418279012,77.3257798088922,149.303129357028,0,115.86340353224,0,170.812410354614,125.381323678153,0,0,0,0,141.869160364545,0,101.487636566162,0,103.44389752322,0,0,0,140.271044480173,179.438051111558,152.951530456543,0,215.837219238281,174.809188842773,160.578491210938
82.3890686165351,95.8568815084604,64.8733604387804,51.7900342471163,137.811897277832,120.216960906982,112.192176398881,73.1634173029945,107.777823953068,82.1477895794493,108.389002697284,99.2280463465938,140.274444580078,145.553532918294,102.841622767324,104.004360961914,19.7093327744835,48.6609751104104,108.093309173584,76.1403191952305,127.261722564697,11.7651655426306,52.2795359955442,27.0650501643503,18.4370093829748,114.153277397156,99.3383373639971,65.9966521200484,23.0461449914802,46.1120551567452,27.7211272198292,126.856587727865,146.218854427338,56.8076875065044,42.7329519084664,139.421900431315,159.023483276367,124.661811828613,79.8077555390977,0,0,153.337130737305,139.60723400116,160.028475806827,138.969940185547,159.290811157227,187.355850219727,0,0,143.822655995687,0,107.646539250645,142.406238432853,168.86353302002,184.800849914551,0,111.805048780479,65.8320299593988,108.384270009899,102.33559397764,0,155.914322425579,134.387544649784,118.243353850859,131.564589606391,112.66787579554,0,0,111.15375639263,129.694332667759
92.9359500796296,23.1848415478847,43.3055567566025,42.1351447304782,88.477354322161,132.239883422852,100.239037600431,76.3572500242409,106.181193821867,28.3203784079218,100.77739496434,104.690241104517,66.0504081032493,94.2681900807564,102.098055203756,70.7203593254089,36.2000010246382,81.7523399699818,108.121890406455,101.577574692763,114.196759541829,52.2795359955442,10.2806064964048,50.0168175011245,26.7747695222533,81.5648204009545,94.1003064791362,37.9636651281242,56.3667130892066,85.8099177205885,57.4934642386081,115.38706703186,124.225084577288,62.3641035715739,65.0520467695574,98.6889343261719,0,82.0745033536639,67.2373196827738,119.041009085519,0,167.280527750651,119.072138006037,170.70113881429,72.5407305630771,164.63889058431,111.030191421509,120.861759185791,119.700266520182,160.346887207031,114.733943939209,59.205638885498,137.061955134074,0,135.459999084473,112.253643035889,94.1711708351418,22.8523203849792,75.9269647754607,73.7397855821547,102.523306710379,144.07050743103,96.0583548482259,126.948475837708,129.747059631348,81.2749360656738,0,0,0,114.714393615723
87.4623938791851,54.8531612983117,24.8435711916927,53.5960460201046,139.385241190592,142.20416132609,113.623831960179,73.6199322266797,108.461731721657,100.735387878418,94.3631221618652,80.9544104534647,135.502004623413,122.873027038574,104.62146660542,107.819704532623,18.7217120565059,29.2149428705954,91.8738036382766,61.0734643556431,176.371322631836,27.0650501643503,50.0168175011245,14.8883518450788,53.3864515184417,113.579182434082,65.6395449526212,43.8089268797275,49.4423940722836,63.5673530459104,51.8850934468291,123.352159881592,144.369431205418,76.9255951937898,45.3490944270484,159.619886610243,86.8977163265913,97.1114436436763,63.6423843581046,0,0,184.248528616769,152.058832997861,185.341264452253,108.24249013265,164.907741970486,141.952518463135,175.043930053711,135.691513061523,174.953025182088,175.479675292969,103.445828212024,116.994137636416,153.413177490234,149.857177085065,0,112.636078723886,60.7091090543771,101.85877554582,122.848284413495,148.337249755859,113.679002320026,101.322694470873,138.11775817219,166.324161529541,123.678004915752,0,0,152.116445541382,122.326777222336
77.95901612104,91.0377806393221,117.803545434134,43.0112847712386,20.7592786329856,127.441666739328,85.3224282429591,57.769087530895,85.5615134868656,19.3294845584189,68.4950409368113,159.429828643799,17.1919245552546,148.894597371419,97.4201504077787,43.5453268187701,33.9970367116209,129.94881245931,154.161794026693,156.117247009277,13.8910831295068,18.4370093829748,26.7747695222533,53.3864515184417,10.700039548662,139.721215384347,127.329025837912,77.1013516160849,20.0385511131086,86.7359193312591,72.0069172978401,153.071594238281,128.067570602685,68.3598917276906,77.5485166867574,124.7321508071,135.840553283691,146.186253287575,65.1858649021677,97.1977332442727,191.727325439453,129.534362583534,108.842227108117,144.624572825882,54.7302842393706,119.955014869031,0,100.044405580771,0,142.24200703363,111.918020319056,109.770668376576,167.132393576882,215.750071207682,195.582147216797,109.456963876883,116.817207336426,71.3030551891422,126.351614053967,75.6568853286897,155.42741394043,174.338322957357,157.220755400481,107.497543957369,139.364543653002,114.750248917909,0,200.125300089518,110.780937591156,126.205558330692
0,34.0933684102729,89.2732200622559,22.3423113142544,0,66.9739061991374,66.9864349365234,139.567825317383,83.22709608078,114.050422500778,169.042556762695,28.1149457235575,148.026245117188,18.9956013039943,84.6362139383952,0,118.858155386789,98.2199674333845,46.6915061396024,47.4019342229887,149.095977783203,114.153277397156,81.5648204009545,113.579182434082,139.721215384347,8.26022613368881,42.1569246754502,34.6667403560524,146.470520019531,59.0248032251994,0,46.6725967874554,67.1301740717005,0,52.7494225279412,0,43.2368965148926,118.370536804199,46.8107371207995,0,0,0,0,0,0,0,67.7088788350423,0,54.3888251781464,0,0,0,128.282321929932,92.3918568537785,103.037170410156,0,0,114.802700042725,0,163.535878499349,42.644852962134,93.2746034947837,96.9729664611816,0,0,0,85.3626647525363,0,0,114.880172729492
129.819739341736,49.9144972400232,31.3586688025095,45.5285321868093,145.891738891602,109.742344906456,151.821455642523,129.292877951502,145.423104495185,125.279377296323,147.109882020114,28.7734943443114,139.580230712891,38.307091770653,143.682395387307,157.429667546199,109.724249447093,27.3879691447829,23.7488055773687,23.9562620684195,207.211380004883,99.3383373639971,94.1003064791362,65.6395449526212,127.329025837912,42.1569246754502,11.9246952619593,25.5842566319679,126.353667606581,117.431133308183,119.697653412819,15.8482578403461,107.550388951455,124.751420762804,56.8622915003761,184.185256958008,78.2899095388559,98.1579983289852,53.5429051423073,0,0,206.444396972656,171.349450683594,212.509926689996,154.182235717773,0,100.186076277393,0,91.0711249856388,202.20379808214,0,176.787220546177,106.235740831583,104.398089929529,105.407883265595,0,136.187561511993,140.490929497613,123.114260603742,168.78220502068,67.7127147372678,91.7846955761002,94.2477059453848,186.651408802379,179.08062171936,161.83342827691,106.630805408253,135.109817504883,167.11262512207,121.172633700901
122.847711864271,34.8201808544728,26.6391100351985,40.7634420670726,159.115679931641,124.959343543419,142.772444389962,110.831172745973,138.537046061728,109.836127367697,129.332188526789,57.5735502808027,137.325216929118,41.2851505829233,139.857142267261,137.555659645482,35.0568666967132,59.8818019020863,55.3242071276513,55.3035955512819,0,65.9966521200484,37.9636651281242,43.8089268797275,77.1013516160849,34.6667403560524,25.5842566319679,12.7475299634236,75.6397395592282,119.043746200397,102.828500058278,23.8749833857622,117.053163528442,114.645992155998,61.2899444902309,175.994942982992,76.8655990264701,90.1656288706775,55.2334603481726,165.836013793945,0,206.68259538923,164.040333682544,197.562195671929,142.704795292446,183.099977493286,104.630163433171,191.742385864258,90.5618835311752,183.247162668329,148.788330078125,106.095165797642,106.706057712331,108.486583744291,110.684183100508,187.933954874674,130.974634142889,59.6786650588621,100.286222742663,102.534688020789,74.0324913224364,96.7096341693348,95.8822185707244,153.061512502035,170.392993580211,146.026530520121,108.211259613037,239.859466552734,165.365103827582,120.251230964884
72.1276509005647,109.203592766656,83.6123891075093,55.2651327788952,18.0232535776074,122.208206176758,68.5262274720955,30.3874856414603,86.4617072116823,48.9528725015301,35.5204257354889,145.60903263092,50.1341012227843,157.061923217773,93.717775289723,77.9579818145089,49.6611443792509,120.813694587121,154.987166086833,134.68452363095,32.8484182116442,23.0461449914802,56.3667130892066,49.4423940722836,20.0385511131086,146.470520019531,126.353667606581,75.6397395592282,13.4726069960415,83.172440207938,41.8063426786237,177.778650919596,134.08745396932,64.3568395049405,66.994084159583,139.183846750567,144.380966186523,141.847240842622,78.012263932339,127.119023740961,170.150581359863,143.149129498389,118.225257135207,152.923734248488,89.1529882748922,137.961841154447,218.106002807617,138.121829780372,0,149.909526842694,140.744401477632,114.273777144296,175.637479341947,0,187.220211791992,131.602423350016,117.098842857158,72.7991571588031,127.469314090276,102.970706705803,164.616806030273,165.918615432013,151.219607275885,118.720010068901,145.594923227635,114.923161550461,0,204.149978637695,114.709019147433,133.055082411993
18.6205826567314,130.857021789551,107.017892584565,81.7950539308436,93.1884213615866,18.1441368878383,44.1864338979199,53.9370527667667,39.3034832423613,78.6734120974987,86.0952512618485,52.4762094271297,98.2871050516764,62.5296906390822,22.9522859606188,52.863449790261,72.3861694335938,105.969806504717,90.0007944107056,119.803523805406,99.0619075481708,46.1120551567452,85.8099177205885,63.5673530459104,86.7359193312591,59.0248032251994,117.431133308183,119.043746200397,83.172440207938,10.5474070356698,33.5804172098313,92.2708347248581,13.8168024102423,15.3863263247651,36.9525630913722,141.747024536133,145.712453842163,172.268550199621,108.035177758399,216.209014892578,0,190.465065850152,146.422445280058,181.901249186198,92.6905067443848,176.518336296082,217.150161743164,188.290863037109,0,172.717550150553,164.012016296387,193.202697753906,190.233907063802,128.181655883789,193.529102325439,160.491306304932,144.550758361816,106.548865614266,152.75286271837,135.521876139184,162.405413818359,171.815565872192,176.446129322052,140.582377959635,158.252587212457,143.414201066301,162.065994262695,236.122634887695,142.38293163593,146.977757887407
39.5111902761637,109.296584367752,89.2794435869256,60.1893438083022,84.419412612915,132.08292388916,98.3736919995798,17.8671443788089,85.3062319299008,62.3873591013381,87.4311707922294,116.492475509644,99.3345369611468,170.247978210449,79.4994861093996,77.5496714909871,78.4459064483643,74.5742293620739,121.234482871162,95.3061707872228,151.448345729283,27.7211272198292,57.4934642386081,51.8850934468291,72.0069172978401,0,119.697653412819,102.828500058278,41.8063426786237,33.5804172098313,13.1401501001204,162.26350402832,121.131984321439,40.4069387651738,44.0044404274291,130.772384643555,136.57914352417,139.412162603334,81.5260684105658,0,0,160.916279719426,123.657025170705,157.362278877421,87.8327251434326,165.072585514614,0,152.00260925293,0,155.395139117574,182.881591796875,109.987581195253,165.539803822835,187.816108703613,187.13896484375,186.28923034668,115.874372071324,70.011451804847,120.202796459198,112.30153030454,0,159.447387695312,147.892933335415,115.352796779169,138.085424150739,114.606769074785,248.874465942383,0,110.380289077759,127.120874298943
164.37016805013,67.4177001670555,83.3854070810171,63.5967568364637,0,96.6751480102539,133.505697250366,169.242197672526,156.604208446684,140.574719880757,171.406733194987,45.4332481921417,193.335861206055,22.0818105285498,129.381558504972,124.538063049316,108.744705200195,92.7911465962728,50.7784420993526,61.0712450200861,0,126.856587727865,115.38706703186,123.352159881592,153.071594238281,46.6725967874554,15.8482578403461,23.8749833857622,177.778650919596,92.2708347248581,162.26350402832,6.02962376674016,98.1563432481554,0,72.5144946449681,0,85.141232808431,134.178451538086,62.4237738389235,0,0,0,220.829284667969,0,0,0,94.1177586146763,0,82.7697506528912,0,0,0,144.411674499512,115.57351511175,126.637214660645,0,0,0,142.872467041016,0,70.8792104488466,107.994758464672,111.219924434539,0,0,215.462249755859,102.872033013238,0,0,99.7947082519531
78.9776638493393,94.4620196024577,163.575447820848,127.965481567383,156.490623474121,12.1922830630194,29.5559474949339,117.543572034992,22.4456110651302,135.218445997972,114.173700001847,55.2129299334308,96.9784084119295,67.2062971451703,15.8489573330999,50.1924236788608,0,164.379637037005,92.2641392634465,136.04449824283,123.837927304781,146.218854427338,124.225084577288,144.369431205418,128.067570602685,67.1301740717005,107.550388951455,117.053163528442,134.08745396932,13.8168024102423,121.131984321439,98.1563432481554,6.06831528616799,105.712793986003,29.0153353802744,171.441101074219,0,205.857131958008,140.7097752889,183.537109375,0,198.150202433268,184.711741129557,197.554102579753,125.073448181152,213.679244995117,0,0,0,214.433860778809,196.324188232422,0,218.093597412109,0,0,0,0,0,0,173.998754882813,166.98779296875,188.637825012207,224.943771362305,189.014792994449,192.550903320312,180.350082397461,0,0,169.735397338867,0
65.6739634181676,128.55829334259,111.161809702389,63.5358351298741,78.4724706209623,0,92.3835174277977,62.6145655020383,82.7740355978767,68.2831475107293,72.9982205543809,117.921000554011,91.8332158602201,0,63.0073430048276,73.5196590423584,119.51326751709,94.8860983237242,129.125736236572,108.708916358228,93.735543301231,56.8076875065044,62.3641035715739,76.9255951937898,68.3598917276906,0,124.751420762804,114.645992155998,64.3568395049405,15.3863263247651,40.4069387651738,0,105.712793986003,8.61163820489386,29.7923339399599,0,0,157.704406738281,117.009301866804,135.620366414388,0,170.417485555013,127.888793640137,167.993711199079,102.166873931885,180.782574971517,0,0,0,150.926326751709,151.587860107422,96.5975799560547,190.093841552734,0,200.926712036133,0,120.593730290731,79.4704583485921,121.85138612635,115.342045536748,0,173.845268249512,173.616854858398,125.267458452497,135.975923156738,119.201647244967,0,0,144.19548034668,120.647505623954
84.1747292993276,66.9534129014949,58.4412472138483,63.4291468305564,87.3120804539433,29.5703333625498,64.3388411733839,73.2415922791991,76.5311098064736,90.8273362888126,82.1769625610598,22.355960522879,94.9997513510964,48.5667828323644,63.5885643945763,78.7331204414368,74.6665100189577,39.8703234282467,57.7139848729919,46.6865609445114,90.7441043997169,42.7329519084664,65.0520467695574,45.3490944270484,77.5485166867574,52.7494225279412,56.8622915003761,61.2899444902309,66.994084159583,36.9525630913722,44.0044404274291,72.5144946449681,29.0153353802744,29.7923339399599,10.435151003676,182.928483581543,102.997844378153,106.083849083887,78.2784053472083,156.002532958984,0,163.205975341797,132.663478124709,166.080119862276,99.1550285339355,166.483578636533,130.727552141462,148.118629455566,118.311300005232,153.834978485107,179.915084838867,115.163958462802,124.322880628632,126.123099899292,123.010654043644,168.673919677734,109.428933403709,66.8367733001709,112.137255598859,126.528461831515,95.3471074634128,113.274168777466,113.688348958522,132.445883461599,159.911911519368,127.870933032427,146.41885811942,0,129.769244923311,137.755529085795
0,0,190.379223632813,97.4053243001302,0,0,183.58549118042,142.330421447754,216.821975708008,0,173.913080851237,0,0,0,0,0,0,0,0,198.253074645996,0,139.421900431315,98.6889343261719,159.619886610243,124.7321508071,0,184.185256958008,175.994942982992,139.183846750567,141.747024536133,130.772384643555,0,171.441101074219,0,182.928483581543,10.1185565165882,102.547294616699,104.147934924597,90.5612038643129,98.1055618286133,79.580883026123,48.066040862234,26.1578501683914,42.4078708834232,80.4176365534465,73.4297287940979,134.99015045166,96.1704444885254,148.255554199219,11.6621215837154,61.2135878971645,81.76126722856,113.033659714919,146.798507973,131.381845982869,83.0446644951315,80.4547726640077,76.1775095852939,91.2378397632748,70.460260902963,164.008605957031,120.021504464978,136.535002152125,73.4430024022641,10.9308014774604,20.1304656118921,151.568450927734,106.137924194336,18.9833057480629,76.8497784874656
0,78.5473753611247,82.2246035805231,0,138.533111572266,0,178.682235717773,0,0,115.611693064372,0,133.213806152344,0,65.2772445678711,151.173583984375,0,0,86.6863743591309,124.364318847656,93.9502132415771,162.31404876709,159.023483276367,0,86.8977163265913,135.840553283691,43.2368965148926,78.2899095388559,76.8655990264701,144.380966186523,145.712453842163,136.57914352417,85.141232808431,0,0,102.997844378153,102.547294616699,5.85889312186961,35.4629540735702,20.9230964864032,122.188339233398,0,141.718246459961,120.473674350315,142.329475402832,68.208848555257,0,52.5010061748957,102.900113423665,43.5746810701158,152.29033203125,109.651782035828,79.4556181335449,52.1169297226966,68.990119542831,61.5355814357492,245.498764038086,90.4199317296346,17.6409732493237,56.3508464379039,74.518017251151,12.8319399493131,41.1981869247691,30.4776246920464,104.353369768928,112.238265991211,94.3885669460544,61.4801286550669,0,121.509267171224,59.2061182941709
166.752075195312,92.0187243757577,89.0620251928572,83.3171077165447,0,0,190.029400634766,157.051528237083,187.123357026473,146.852996826172,186.299549102783,142.615257263184,0,164.226135253906,189.896512545072,0,108.319193766667,101.319608920228,132.643927256266,114.214229646276,0,124.661811828613,82.0745033536639,97.1114436436763,146.186253287575,118.370536804199,98.1579983289852,90.1656288706775,141.847240842622,172.268550199621,139.412162603334,134.178451538086,205.857131958008,157.704406738281,106.083849083887,104.147934924597,35.4629540735702,12.7487049027099,37.5318836668827,143.228225708008,132.490249633789,128.249917529878,91.7297050185123,124.359278305841,105.749031947209,116.934900584119,83.2355177952693,147.860586802165,93.6356201171875,116.260698202033,124.990318830623,71.7935062966696,48.661593215889,96.2284669009122,85.4676595011716,142.691417694092,71.4484904754994,42.6921621715147,26.3941515191474,94.919505581534,62.7454147338867,24.1222358746478,28.9935041091568,78.8455385702628,122.398682304051,76.6673921696225,81.1011488778251,179.644177246094,108.157907409668,65.9862035918381
111.975280580066,56.3518782660019,59.3973799565756,24.495987329483,74.1776452905991,119.713943481445,120.366554260254,94.5842025510727,121.421292897817,52.4168916752464,119.170600608543,61.8229645176938,74.0974769592285,60.3090155410767,140.926483154297,127.425682067871,68.868645804269,70.2317014530005,71.4655383183406,66.3434067013898,79.7853534698486,79.8077555390977,67.2373196827738,63.6423843581046,65.1858649021677,46.8107371207995,53.5429051423073,55.2334603481726,78.012263932339,108.035177758399,81.5260684105658,62.4237738389235,140.7097752889,117.009301866804,78.2784053472083,90.5612038643129,20.9230964864032,37.5318836668827,37.4992157693682,63.413533782959,126.780624389648,82.1338571446543,57.9462393496518,90.2817346507853,17.7600007733672,74.4140416406522,58.7791533586456,76.3396550346823,31.8202126585125,90.3413714997156,56.799298286438,39.0137885740434,59.0045070216276,74.6447698320661,62.191383173768,85.7930919647217,72.0175220860844,38.0781758086782,50.1318535048531,39.122996202775,12.4505117116765,42.5608140634572,35.8389748591762,58.2516552500543,78.8524324066785,70.3929541218038,72.5129049391974,134.898986816406,57.6942951145457,70.2931737782043
