12.6768337217075,166.870269775391,98.1035682841128,80.4703534933237,118.940936279297,0,82.6434550966535,36.3230557887279,48.0712595721654,75.8405913013523,97.618691371966,123.786938386805,152.969417572021,160.864270528158,20.4240345119736,101.236790466309,117.235939025879,104.772878079414,149.557578495571,123.371003287179,120.18729019165,84.9254330903097,108.201758066813,85.7912828615682,89.6347454174145,0,116.830765024821,127.400892720792,88.7031054194969,19.6845952430912,32.4636360748433,132.416702270508,88.9568476676941,51.425499640013,88.0186350364385,151.938877105713,0,176.587308883667,99.034683676327,0,0,212.839508056641,143.316489724552,174.610664367676,0,197.502182006836,0,0,0,173.857923235212,0,169.368626912435,200.68571472168,0,240.610809326172,0,158.967595418294,108.25032043457,166.67634305087,127.458255189838,0,218.49853515625,168.866875,144.268113943247,165.399612426758,152.185836791992,0,0,166.285751342773,173.516677856445
166.870269775391,7.31226015673635,51.8820533939436,15.6788126368855,121.916061401367,122.843574523926,184.48762512207,145.00555823831,136.632959219126,71.9165048599243,166.949153900146,71.8827085148205,111.652723948161,55.58208392082,139.149279544228,117.6750119117,77.5486101221155,59.8351333283162,77.5594378092203,60.4328017301586,156.50309753418,106.921352386475,20.3244761259917,100.099153359731,72.1336655635758,23.6057109348569,50.5778059038435,26.1921449696278,106.608064539292,126.20424410192,111.655226054944,64.5846950968758,116.84524790446,122.407939910889,64.7338823788408,0,16.747430006663,65.3370767593384,16.2580470727838,0,0,0,172.087863922119,164.898361206055,116.016227722168,171.511871337891,100.375722885132,174.864929199219,94.7374336936257,0,0,100.021934509277,83.7056694030762,99.6827514648437,84.0419598747702,0,144.570156097412,125.373263041178,87.7085669381278,123.180061340332,51.3799362182617,79.5139722050847,62.610422126283,130.538844299316,160.928802490234,149.029365539551,121.326507568359,0,0,76.4761063711984
98.1035682841128,51.8820533939436,16.0754149014528,67.140032318998,154.226135253906,175.056640625,129.801541688966,101.318042464285,123.379511530729,119.060791492462,127.586362409682,100.588013243339,150.788014366513,102.129881737937,121.342053327206,139.796585388184,109.799771915783,49.5989032789836,93.3488423937843,78.7678400826506,179.972506713867,63.5322679583395,69.0591560153786,36.9462523168601,116.060343343118,122.158866882324,41.9328078634244,39.1522680523676,89.6895651633679,121.522256796044,92.5567821972072,96.5418235976975,179.071312798394,114.494022956261,77.8898281179681,185.816669464111,90.6523746143688,104.136354698154,81.0971928612661,148.586907958984,0,209.796823501587,171.606387690494,196.483102869104,134.556060791016,194.821087646484,159.898416307237,0,154.823366605319,189.803562837488,0,111.13912075513,117.572193908691,171.29443359375,136.009799305986,231.838241577148,133.901871236165,101.976134671105,114.79446650538,156.112779798962,127.655990600586,114.629882929157,100.008441150383,163.90366453691,178.072907584054,166.302530104114,137.42138671875,0,187.888832092285,127.96259006701
80.4703534933237,15.6788126368855,67.140032318998,16.4302580902216,66.5427695964945,117.942996433803,86.6020624914835,72.6417955223841,88.2067347060155,29.3112281658928,93.3599084098384,75.1012165278454,84.1389394299737,54.6280784936853,91.8925379395251,71.8412832780318,46.2465512114612,70.011931943625,77.4888435265957,72.1843864198715,94.5092622439067,60.4823947422941,28.5617061499711,60.6483518722822,46.6433045815401,22.5930990218596,55.4248456327403,37.2498689477906,60.4016806519466,82.8666150499716,62.9697147526506,77.7781021683304,113.212552941364,65.5815248775891,70.8249208428765,93.6844038351988,31.3540059219707,78.8496634500069,11.5489522525566,93.9072014944894,0,131.379360198975,89.8677536646525,113.15450256946,13.440245826749,145.946720547146,89.0549525508174,71.8063049316406,71.1302358526933,108.680762779422,94.2806549072266,55.7601830546807,96.1784293563278,77.7994384765625,80.1831632915296,184.078160603841,72.5539669107508,18.265899288964,68.6592225532311,68.8820983086103,33.4009669831962,65.5786213570453,54.2241176868694,77.2216925621033,96.1115759922908,75.2155338947038,72.4667137145996,182.245422363281,79.5557247400284,84.614710374312
118.940936279297,121.916061401367,154.226135253906,66.5427695964945,10.211735221551,129.224383544922,75.8554178317944,50.3646092341496,104.128324542849,50.704382955111,22.4208974184682,171.287452334449,29.6919226244737,179.834874471029,117.488329344158,79.2060548882735,102.812141418457,153.232791900635,189.135482788086,191.176658630371,14.3048896197128,118.474739074707,87.2619301932199,173.856262207031,17.7233787343167,0,184.152786254883,137.436809740568,15.201780956073,114.132739148821,173.730885096959,0,153.312301635742,120.949180603027,114.765564583443,157.680323282878,0,247.021560668945,81.0936947292752,14.3599214094665,0,153.827259138519,136.194835662842,164.809143914117,106.288360383775,154.303692482613,0,58.6863232830115,0,190.061929321289,0,0,0,0,0,95.4333483442183,122.231147766113,0,182.39453125,108.379343911104,0,242.273361206055,220.630935668945,140.651346973537,176.625425338745,143.936340332031,0,0,0,0
0,122.843574523926,175.056640625,117.942996433803,129.224383544922,7.39497724001323,9.37483777678069,112.850246630217,13.1581965359707,67.3637113828917,120.924000010771,65.8093946356522,84.7997233072917,94.6771278381348,34.8122230518855,17.2317737427933,0,148.87872505188,229.087554931641,118.959698994954,126.544781424782,117.122802734375,122.974275588989,161.675950622559,99.8499010721842,91.6101684570312,134.95048939098,162.314598846436,130.708655270663,24.8560619458049,149.096109662737,0,12.5401043680142,87.3370361328125,38.6827912330627,0,0,0,0,0,0,0,192.944274902344,209.644622802734,0,191.601821899414,0,0,0,0,0,0,0,0,0,0,0,0,0,166.062422616141,0,0,209.724792480469,183.01139831543,0,0,0,0,0,0
82.6434550966535,184.48762512207,129.801541688966,86.6020624914835,75.8554178317944,9.37483777678069,10.6964575313141,63.1704838591477,17.6287023578599,69.3544097591091,24.474929115188,94.1500210468996,22.8125588840632,127.343204415363,45.6069639802174,14.0244884771777,165.854522705078,144.416067565228,162.94180897304,163.53795974319,53.1392487717281,119.42111565085,107.838165000633,117.022990101781,85.5095667927745,111.281160354614,156.34299221178,155.932184504366,78.0164442140795,35.9613285708647,82.9561805033612,181.438670911287,23.3273940378624,100.836840820313,64.2836424356484,169.105665787407,198.745468139648,197.945731423118,109.422001714292,110.598705477831,0,161.380134914232,148.72635799501,172.227243720161,102.648406982422,166.587670969409,0,62.1640703494732,195.3818359375,184.51050005461,158.598571777344,191.271527099609,245.799865722656,0,0,175.269375392369,199.120056152344,138.147370910645,186.950709025065,131.530318206211,0,205.010963439941,185.961452205007,148.7837199798,184.785561697824,186.593086242676,0,0,155.892303466797,191.494575500488
36.3230557887279,145.00555823831,101.318042464285,72.6417955223841,50.3646092341496,112.850246630217,63.1704838591477,10.1433530349843,58.6920990957643,67.6665772607316,20.5797902022395,159.940954308761,65.7556144483797,174.406266826473,50.5256928381578,85.5112379186294,97.9447764643916,129.53597402411,172.857438151042,158.416552850756,55.0262063135181,71.3831168526695,90.0815614553598,84.463586933083,62.1412136506061,146.816749572754,142.409388192254,127.893866619821,26.5034360965629,75.2619673952143,21.9910012066208,171.99682896932,132.718537121284,79.8905172037042,93.6855175897673,149.311075846354,173.654937744141,172.007153250954,89.5087714849734,107.249669855291,198.845550537109,146.318541608538,136.230099197262,154.643098558698,117.195212144118,151.248970217821,213.337821960449,170.325836181641,0,169.256850407041,0,150.329531725715,196.41921488444,245.080215454102,201.671658833822,162.90969543457,152.226626586914,133.297867911203,166.219107541171,119.228386853498,0,191.171342548571,173.68491702108,135.501209059659,172.287490602524,148.38284778595,0,0,152.923027038574,174.770491600037
48.0712595721654,136.632959219126,123.379511530729,88.2067347060155,104.128324542849,13.1581965359707,17.6287023578599,58.6920990957643,11.7797531545252,87.9695217261154,34.0361171551751,82.7982745076424,90.4530637620261,117.611701500934,18.252845076372,33.9859766482679,148.002885818481,130.881054371569,154.082159968785,142.963764164724,92.3966018766083,114.252211756676,109.31447561856,111.695317491747,98.6205208105308,125.272418212891,143.771145890399,146.053308057535,90.341072904867,41.5446804301336,75.3747205394618,158.830483176491,20.2763575839416,105.956796161199,65.7638403104835,173.844651699066,0,188.543054888325,107.340372952548,114.766509522783,0,176.989659336635,155.700895436605,181.040341842273,140.708922492133,183.841944839015,215.852285766602,107.940634814176,207.588363647461,184.962200245959,223.732315063477,212.44416809082,219.942520141602,230.69352722168,215.90217590332,163.379318237305,190.86567179362,164.441425323486,191.059259165888,145.054856767841,159.116790771484,215.534442138672,188.789507581042,156.303183161797,182.053446018949,177.119488109242,0,0,178.49276823156,191.183071899414
75.8405913013523,71.9165048599243,119.060791492462,29.3112281658928,50.704382955111,67.3637113828917,69.3544097591091,67.6665772607316,87.9695217261154,8.97989558627223,84.084135055542,142.750332580566,20.1123815841145,131.560353393555,91.7677354690042,23.7845154907755,87.1486674717494,129.890866062097,154.010747769984,140.64558207194,34.8116983496624,112.756433698866,27.5177825817934,129.888419612761,22.9365502698246,111.25733884633,130.04986236209,109.918183182983,54.3286102227948,83.7248159889283,63.4233915187694,149.178525057706,116.492956373427,69.0721585923347,96.8966393541934,114.476142883301,107.847953796387,201.25708770752,67.8391784321178,118.376585483551,0,132.137387084961,117.346455500676,137.799107869466,61.051335811615,132.75998618386,180.797398885091,70.6513290405273,174.845056152344,138.634506225586,71.3763427734375,167.359642028809,171.587163289388,0,167.885028839111,108.008427937826,125.808322270711,91.9207337697347,150.609808349609,81.1448864360432,139.09672164917,167.790369207209,164.072874936191,120.997512523945,139.823612758092,116.293560028076,188.09545135498,0,143.770393371582,121.76554107666
97.618691371966,166.949153900146,127.586362409682,93.3599084098384,22.4208974184682,120.924000010771,24.474929115188,20.5797902022395,34.0361171551751,84.084135055542,11.2244721919038,154.369797943644,30.275498567911,182.784258270264,66.7185588765867,76.4053243927608,141.528470357259,166.029953607238,187.670038223267,178.554913090725,18.8327975477109,109.76384241988,119.214683532715,115.86222920051,67.446236182511,164.117198944092,167.73608140756,152.945047039852,28.275916101333,105.943652714,105.987298240124,187.295953189625,129.462957603987,100.789363425119,108.489382310347,166.412517002651,214.641525268555,203.537519975142,97.5101220024957,46.3553409082957,155.358764648438,166.095187545916,148.720596017189,171.780588666131,120.283216349284,169.767022277832,222.194869995117,93.096964762761,176.206069946289,191.862485018643,140.813064575195,176.084712437221,212.655349731445,0,228.072667439779,115.626286913951,182.851035378196,134.105036417643,186.024430084229,126.473909504124,0,198.607635498047,192.729917638442,150.816470606797,188.806553593388,189.440737406413,0,0,183.457717895508,197.610900878906
123.786938386805,71.8827085148205,100.588013243339,75.1012165278454,171.287452334449,65.8093946356522,94.1500210468996,159.940954308761,82.7982745076424,142.750332580566,154.369797943644,12.2200033536654,150.158921890259,28.099526222015,87.5111500656845,153.9670586586,151.053142929077,60.8133849289877,26.6708617794705,25.9667139217879,150.848094770643,113.42726054434,109.127500366746,97.5349868672006,156.193550962083,36.6968936478284,39.5207409420403,65.9276289005683,155.006375104013,65.5031756395382,125.454579925537,42.1124409465913,66.8149837801711,111.975241046482,27.7463863064321,0,102.766193389893,161.003420049494,98.104766368866,156.022048950195,0,0,214.991073608398,219.114471435547,161.332992553711,230.154739379883,93.0434377230131,138.252471923828,80.465291735683,240.941619873047,0,194.398844401042,156.724506378174,112.35467376709,133.326771476052,0,190.16769917806,126.770206798207,173.053508758545,188.78362121582,77.7806939675774,114.659448041174,112.665661277109,200.929791768392,203.19743347168,197.721214294434,102.434787794091,0,0,139.384422620138
152.969417572021,111.652723948161,150.788014366513,84.1389394299737,29.6919226244737,84.7997233072917,22.8125588840632,65.7556144483797,90.4530637620261,20.1123815841145,30.275498567911,150.158921890259,11.2711975009295,173.781855265299,110.698631677872,19.3936296472874,105.636962890625,188.267002452504,195.28079477946,173.488960266113,15.9543063648577,121.105059305827,75.6128082275391,131.671351841518,29.8017423568995,160.247708638509,178.983624545011,154.449309285482,49.0323371614933,113.668273209826,138.415982055664,196.42664882115,130.254235161675,108.816644941057,119.30380132766,179.29411315918,0,196.194885253906,114.95842628479,46.5324060058594,0,158.328703744071,155.716110229492,170.111434936523,210.635147094727,149.908760070801,0,13.8254119623833,0,190.948796590169,105.587852478027,150.401412963867,194.845260620117,0,0,24.1014809426807,196.05778503418,191.599884033203,221.829116821289,127.017099459966,0,0,193.427097320557,149.427614593506,204.487950642904,0,235.322525024414,0,0,188.226867675781
160.864270528158,55.58208392082,102.129881737937,54.6280784936853,179.834874471029,94.6771278381348,127.343204415363,174.406266826473,117.611701500934,131.560353393555,182.784258270264,28.099526222015,173.781855265299,8.4550911518739,116.483538348858,165.071253967285,143.195175170898,109.217923911842,61.130334854126,71.0667020120928,169.630439171424,153.593702043806,97.129009992874,122.701583544413,145.786787210344,21.7470475716808,48.2311695373985,30.256830714404,171.48145781623,102.281798425549,155.345295800103,19.8327357961815,89.8638021989302,177.263793945312,59.2132640246323,0,102.36683483513,163.151195526123,82.3670333862305,0,0,231.829711914062,223.910237630208,244.157897949219,163.138787311056,239.795921325684,77.0319870622643,0,65.5642722336879,182.542587280273,207.701354980469,124.579948425293,169.174919128418,106.796381170099,125.645841664281,0,0,128.244828360421,179.350814819336,186.781354370117,66.759255102264,100.265434732243,100.500459982471,209.010234832764,202.472259521484,0,92.9864236398596,0,0,107.631767908732
20.4240345119736,139.149279544228,121.342053327206,91.8925379395251,117.488329344158,34.8122230518855,45.6069639802174,50.5256928381578,18.252845076372,91.7677354690042,66.7185588765867,87.5111500656845,110.698631677872,116.483538348858,11.8150155874108,99.4809732765987,137.124479675293,124.731956560544,145.951129865043,136.091383157774,108.187677600649,100.201586865364,114.464288740892,109.430566283413,104.32718033082,106.687697940403,137.688181025954,142.570728220185,97.3561387192442,29.0150499274858,68.6482429190825,133.447993993759,12.8961543124712,70.8725145019754,65.8970400395561,173.868330455962,190.725433349609,186.559153874715,107.821233518196,131.620426722935,0,186.656700134277,160.994918763168,187.695528142592,147.17328898112,184.358244054458,205.69736735026,130.154549865723,148.251190185547,185.394314919749,0,175.902687072754,221.389492034912,0,233.689951578776,204.903477986654,174.120777476918,137.079570770264,197.04718860827,144.524832970148,0,199.784063165838,186.375483194987,160.484317172657,185.224503077818,164.081137223677,159.431060791016,226.271179199219,172.473799387614,190.491678237915
101.236790466309,117.6750119117,139.796585388184,71.8412832780318,79.2060548882735,17.2317737427933,14.0244884771777,85.5112379186294,33.9859766482679,23.7845154907755,76.4053243927608,153.9670586586,19.3936296472874,165.071253967285,99.4809732765987,9.42399802229989,107.91414642334,162.99621118818,187.257214355469,172.098292032878,63.9136746452454,0,75.6264796665737,136.458966181828,53.7648770838817,146.070346832275,163.942849945604,143.580685375183,79.4766172843404,73.7800830296108,130.863209533691,179.717732747396,40.3196607805648,122.134860992432,106.647217818669,171.372543334961,0,0,121.144793192546,96.2520360946655,0,171.422439575195,140.846185302734,193.732157389323,0,179.086288452148,0,76.8841526031494,0,164.345336914062,0,0,0,0,195.506805419922,175.055511474609,172.4443359375,0,232.165344238281,126.492638327859,0,181.844065348307,227.374664306641,152.9348747947,196.757919311523,165.153244018555,0,0,178.520767211914,0
117.235939025879,77.5486101221155,109.799771915783,46.2465512114612,102.812141418457,0,165.854522705078,97.9447764643916,148.002885818481,87.1486674717494,141.528470357259,151.053142929077,105.636962890625,143.195175170898,137.124479675293,107.91414642334,14.813305158165,119.833337605794,152.184951782227,128.579667267976,245.439636230469,22.3586243522678,35.2881538186967,20.0652151893448,33.7743531361779,118.263737996419,123.786336371239,32.1748555973594,51.4166246732332,120.82751419965,88.1892704683192,163.479455566406,132.183368682861,84.9313621520996,100.746578628952,0,125.427825927734,132.599402957492,72.1200929747687,0,0,176.309585571289,153.096990966797,190.140314737956,146.847292900085,160.451232910156,116.687484741211,0,206.91535949707,182.5387840271,0,88.7164185818344,138.021868779109,183.322486877441,156.97100353241,0,118.551641499885,59.5297096505457,104.180553096453,126.440114223596,0,156.190527263441,110.703170280146,123.968965218992,154.878992716471,126.393238067627,0,0,152.022079467773,125.360509872437
104.772878079414,59.8351333283162,49.5989032789836,70.011931943625,153.232791900635,148.87872505188,144.416067565228,129.53597402411,130.881054371569,129.890866062097,166.029953607238,60.8133849289877,188.267002452504,109.217923911842,124.731956560544,162.99621118818,119.833337605794,12.2167892957446,64.3826454096308,23.229133062264,185.263731214735,69.180070957993,94.8417717075948,34.9071314357932,137.803942757439,70.5421715974808,39.3740438590736,73.7268716364774,129.635283666377,104.803624810113,82.5400745479175,102.210202191327,134.496273040771,90.0899921532833,44.7950962973123,192.201863606771,91.6551321347554,119.570307435289,77.9393248209139,196.225296020508,0,209.981300354004,185.650632858276,207.037643432617,177.212425231934,204.318277994792,146.102312088013,0,137.312946065267,200.650600086559,229.103546142578,146.846682434082,130.664797776037,155.784286499023,135.423845381964,233.204864501953,161.593803004215,114.902084644024,142.391479060335,179.572784423828,103.213278198242,123.857565052571,113.516953504765,186.266022511018,189.969282883864,178.656241607666,169.495151519775,0,188.607854207357,132.05809173584
149.557578495571,77.5594378092203,93.3488423937843,77.4888435265957,189.135482788086,229.087554931641,162.94180897304,172.857438151042,154.082159968785,154.010747769984,187.670038223267,26.6708617794705,195.28079477946,61.130334854126,145.951129865043,187.257214355469,152.184951782227,64.3826454096308,7.45685506252372,20.506821596866,174.797798156738,124.038036747983,123.835560138409,105.920203276355,167.746994222005,51.9322739604817,38.8401688264742,68.1257155392707,173.637239990234,117.327164003926,135.437431003736,53.2706368635986,109.333671569824,125.764866076018,65.2608516079256,239.474502563477,105.661315917969,162.274688720703,86.3163409762912,199.938201904297,0,0,225.972549438477,0,200.86469523112,0,112.314375070425,0,102.475068503932,240.939407348633,0,205.397720336914,173.271685282389,109.183395385742,141.673923015594,0,0,0,0,223.170022583008,92.0537504898874,115.602426424893,113.200827779649,227.027969360352,190.646606445312,0,118.001151706861,0,0,131.061262512207
123.371003287179,60.4328017301586,78.7678400826506,72.1843864198715,191.176658630371,118.959698994954,163.53795974319,158.416552850756,142.963764164724,140.64558207194,178.554913090725,25.9667139217879,173.488960266113,71.0667020120928,136.091383157774,172.098292032878,128.579667267976,23.229133062264,20.506821596866,12.4256325433322,173.400077126243,93.4015799731743,110.085091415717,75.6338637434864,147.422226659025,55.173275292438,41.4467354674815,72.6602369672561,154.785033352404,107.251271026956,99.0271470601803,68.0463608137143,104.977600336075,105.339768247784,44.7661002352251,196.570190429688,88.2607654305392,135.374242706299,71.5624682499812,203.889526367188,0,213.374816894531,203.291024780273,194.23949432373,239.836791992188,0,126.882448832194,0,115.767012746711,212.895408630371,0,156.699779510498,139.241412878036,119.579415265252,128.05446464137,0,192.670278549194,150.327035268148,173.96186126709,190.716966901507,93.8156927985114,117.691993268008,113.839129531593,216.597108840942,176.331176757812,0,131.176463535854,0,0,135.665389667858
120.18729019165,156.50309753418,179.972506713867,94.5092622439067,14.3048896197128,126.544781424782,53.1392487717281,55.0262063135181,92.3966018766083,34.8116983496624,18.8327975477109,150.848094770643,15.9543063648577,169.630439171424,108.187677600649,63.9136746452454,245.439636230469,185.263731214735,174.797798156738,173.400077126243,9.48888089554788,146.617691040039,102.881706237793,167.86731501988,22.8236921833729,166.453989664714,185.145747593471,180.337313515799,30.4442573475172,111.501831704599,152.762487238104,199.944122314453,134.979509626116,113.721734619141,115.966686984949,180.60461807251,0,0,92.2989780820649,24.555743713178,0,163.561481719321,153.708673265245,168.337528483073,107.92096056257,168.521249324717,0,12.947846185048,0,177.908878326416,156.991594950358,0,0,0,0,12.5634266933681,179.651580810547,172.497375488281,0,123.307668567377,232.958267211914,0,239.119079589844,147.321326400294,195.619194030762,0,0,0,171.315795898438,200.147174835205
84.9254330903097,106.921352386475,63.5322679583395,60.4823947422941,118.474739074707,117.122802734375,119.42111565085,71.3831168526695,114.252211756676,112.756433698866,109.76384241988,113.42726054434,121.105059305827,153.593702043806,100.201586865364,0,22.3586243522678,69.180070957993,124.038036747983,93.4015799731743,146.617691040039,12.8658120153971,59.0953544388198,32.7460213181964,43.4794045667007,141.213933308919,114.57291038291,68.792200232094,30.6685916838804,73.425983677315,31.9475097512184,145.64049021403,120.236668178013,41.9969585553564,47.5304305816945,156.422190348307,145.537414550781,152.574781719007,75.3764328451718,141.286163330078,0,188.238525390625,143.967980157761,164.918216705322,134.032661437988,151.267715454102,210.358032226562,0,206.361679077148,157.739678326775,0,117.268316392775,168.901339939662,0,169.609769185384,0,123.365624811377,75.9670996867435,126.713647221308,120.671118874586,0,171.112351050744,134.975887574345,127.14567601595,140.243721905877,122.987062181745,0,0,131.133128643036,132.510888671875
108.201758066813,20.3244761259917,69.0591560153786,28.5617061499711,87.2619301932199,122.974275588989,107.838165000633,90.0815614553598,109.31447561856,27.5177825817934,119.214683532715,109.127500366746,75.6128082275391,97.129009992874,114.464288740892,75.6264796665737,35.2881538186967,94.8417717075948,123.835560138409,110.085091415717,102.881706237793,59.0953544388198,10.1048304648492,58.1425237625618,34.2066175090869,78.9290767024114,100.077646666103,37.9357037328292,63.645767695826,95.4504773015561,75.1148624420166,118.292458710847,146.892944335938,70.1393829981486,95.7385711343879,109.028659820557,86.6435623168945,115.091592348539,54.3252508481344,0,0,0,122.402428690592,169.657867431641,110.912381490072,229.074028015137,0,0,131.820455932617,118.867292785645,0,84.2276648914113,132.226982879639,128.202194213867,126.573389053345,0,89.0561998085898,44.8179621840968,99.4301420099595,90.9691130320231,102.034198760986,143.297140630086,99.629299411526,103.802427155631,128.981775556292,104.080910364787,0,0,99.6355094909668,122.91332244873
85.7912828615682,100.099153359731,36.9462523168601,60.6483518722822,173.856262207031,161.675950622559,117.022990101781,84.463586933083,111.695317491747,129.888419612761,115.86222920051,97.5349868672006,131.671351841518,122.701583544413,109.430566283413,136.458966181828,20.0652151893448,34.9071314357932,105.920203276355,75.6338637434864,167.86731501988,32.7460213181964,58.1425237625618,16.7681444317703,79.3953364820111,114.832676478795,68.6529787871696,46.432954223479,66.2249134593337,94.7961727719092,57.8655510353564,130.92698059082,151.383200425368,62.6209451016331,52.3320948409304,185.976760864258,137.812742233276,118.72323451898,89.4747578579447,0,0,197.05198059082,165.806773672299,195.010243733724,147.518646240234,179.634304591588,180.352577209473,180.841995239258,0,190.784344143338,0,107.917833756427,143.832577482183,200.537129720052,160.447586753152,0,126.845000871844,83.4026416498251,115.813231181531,142.639111769827,165.357128143311,148.148750305176,112.722474343604,149.071420628625,176.719351874457,132.768756408691,0,179.971817016602,148.076237996419,137.716798088767
89.6347454174145,72.1336655635758,116.060343343118,46.6433045815401,17.7233787343167,99.8499010721842,85.5095667927745,62.1412136506061,98.6205208105308,22.9365502698246,67.446236182511,156.193550962083,29.8017423568995,145.786787210344,104.32718033082,53.7648770838817,33.7743531361779,137.803942757439,167.746994222005,147.422226659025,22.8236921833729,43.4794045667007,34.2066175090869,79.3953364820111,11.2643001763434,120.612774814878,136.508567936348,84.0251454263618,21.3978457291967,95.8623069441739,81.9762149482263,158.094163738313,136.8837317105,83.6854709210455,103.676384957535,133.742192965027,163.616384887695,161.089501455929,67.3635576041404,89.8409134057852,188.340553283691,137.316467560917,123.065710019549,142.038443927218,94.7675320971143,140.200728937682,195.473566228693,114.250700855255,200.041351318359,153.106109841749,129.996156172319,114.700792843534,168.851256306966,220.674438476562,188.532224121094,132.155248576197,124.415006291797,79.6042514352237,142.818632476958,88.1620423593915,187.196319580078,178.190899894351,153.890278037937,119.274220554303,147.271783947179,127.623711270322,201.026443481445,193.089166259766,134.077651977539,150.975373514583
0,23.6057109348569,122.158866882324,22.5930990218596,0,91.6101684570312,111.281160354614,146.816749572754,125.272418212891,111.25733884633,164.117198944092,36.6968936478284,160.247708638509,21.7470475716808,106.687697940403,146.070346832275,118.263737996419,70.5421715974808,51.9322739604817,55.173275292438,166.453989664714,141.213933308919,78.9290767024114,114.832676478795,120.612774814878,8.41177262313746,43.230183447874,20.5313148992961,159.905168386606,111.243363168505,141.684787750244,44.5314105236169,98.1730944315592,169.528865814209,60.9415945448317,0,66.1205825805664,0,31.309557541557,0,0,240.107391357422,182.917566935221,179.392448425293,141.362785339355,0,68.2593620448437,0,57.4831720901572,153.296188354492,0,0,0,79.4225006103516,88.0885545557196,0,188.044288635254,130.522004445394,0,148.250885009766,36.1561647033691,72.1141860208798,71.5046043215205,226.259780883789,0,0,74.820123417171,137.230590820312,0,105.553907121931
116.830765024821,50.5778059038435,41.9328078634244,55.4248456327403,184.152786254883,134.95048939098,156.34299221178,142.409388192254,143.771145890399,130.04986236209,167.73608140756,39.5207409420403,178.983624545011,48.2311695373985,137.688181025954,163.942849945604,123.786336371239,39.3740438590736,38.8401688264742,41.4467354674815,185.145747593471,114.57291038291,100.077646666103,68.6529787871696,136.508567936348,43.230183447874,17.7821370165789,41.5260508672933,141.679171249531,124.000475599959,116.543130564421,30.2039678147292,122.065093994141,135.370335793009,70.434833610267,188.518341064453,77.2145305953863,115.557044792175,61.8387519100256,232.660263061523,0,213.979776000977,194.922283172607,205.326916034405,165.154672895159,205.977294921875,111.567310801724,168.025421142578,99.1427064672247,191.155575222439,0,154.726524670919,122.39188758773,109.226641647688,114.089120580795,0,168.272180410532,132.123813108964,146.146561312388,180.367039848776,84.5004045835105,103.068121653548,101.251790101877,207.15050427667,177.226111094157,171.931807454427,106.972062399221,152.359725952148,172.86772664388,126.00264686045
127.400892720792,26.1921449696278,39.1522680523676,37.2498689477906,137.436809740568,162.314598846436,155.932184504366,127.893866619821,146.053308057535,109.918183182983,152.945047039852,65.9276289005683,154.449309285482,30.256830714404,142.570728220185,143.580685375183,32.1748555973594,73.7268716364774,68.1257155392707,72.6602369672561,180.337313515799,68.792200232094,37.9357037328292,46.432954223479,84.0251454263618,20.5313148992961,41.5260508672933,15.5260737382665,85.8035597665796,127.478748294033,116.940066044077,18.9220568756819,120.117102100003,124.931469865279,78.8198036982903,176.10826449924,74.0407599687576,99.9360248522401,65.6506906042294,224.918121337891,0,192.334845803001,164.478463140027,195.083076864986,172.804212372879,182.212364335494,108.670902483859,0,93.9770431674045,194.055522639577,0,103.858633345769,113.45041079556,110.269827351768,116.618114896768,203.05446879069,134.012328316184,79.6237069758963,112.150634672372,156.254944933262,77.9546719737675,102.932262855716,94.8779236844837,155.491069443047,179.976903506688,154.327632293701,106.97783339651,159.29345703125,163.718759324816,121.12986487673
88.7031054194969,106.608064539292,89.6895651633679,60.4016806519466,15.201780956073,130.708655270663,78.0164442140795,26.5034360965629,90.341072904867,54.3286102227948,28.275916101333,155.006375104013,49.0323371614933,171.48145781623,97.3561387192442,79.4766172843404,51.4166246732332,129.635283666377,173.637239990234,154.785033352404,30.4442573475172,30.6685916838804,63.645767695826,66.2249134593337,21.3978457291967,159.905168386606,141.679171249531,85.8035597665796,12.0130442912844,90.727406220657,47.0827508609952,175.174579874674,135.09658241272,75.2182709729664,79.4274702313345,140.252128859698,172.274394989014,167.743788850074,77.0287555632044,26.7006925844136,234.08952331543,145.33660122988,131.224688750047,149.387826632959,108.304667215499,149.444161391258,212.06231880188,109.304100500571,0,158.161984009502,153.285737609863,128.258817258088,185.053928629557,217.169937133789,210.787183761597,142.383097286372,130.480415047759,92.2921037781105,147.632183850296,110.82579567945,0,193.498962030178,156.247599241469,127.411748300248,154.098568559897,129.460852648455,0,211.846008300781,139.565446110095,158.256340026855
19.6845952430912,126.20424410192,121.522256796044,82.8666150499716,114.132739148821,24.8560619458049,35.9613285708647,75.2619673952143,41.5446804301336,83.7248159889283,105.943652714,65.5031756395382,113.668273209826,102.281798425549,29.0150499274858,73.7800830296108,120.82751419965,104.803624810113,117.327164003926,107.251271026956,111.501831704599,73.425983677315,95.4504773015561,94.7961727719092,95.8623069441739,111.243363168505,124.000475599959,127.478748294033,90.727406220657,12.7086124974877,30.0055549177618,115.359422243558,14.2552792843597,21.5591616389419,36.244111843024,160.03082953559,170.890533447266,184.692528991699,97.665218297173,127.61895608902,0,171.31841719778,151.617022060455,179.727504138289,117.233176736271,188.243992396763,182.732821146647,137.379216875349,156.09506893158,182.060339336154,210.870849609375,146.77436646961,191.223840332031,139.300018310547,209.514819335937,183.738825480143,148.272070284243,104.589960915702,175.563274832333,137.762792243614,0,179.13332257952,163.333230708196,147.559808569439,173.84628264372,143.155867417653,0,0,171.944447653634,177.73134358724
32.4636360748433,111.655226054944,92.5567821972072,62.9697147526506,173.730885096959,149.096109662737,82.9561805033612,21.9910012066208,75.3747205394618,63.4233915187694,105.987298240124,125.454579925537,138.415982055664,155.345295800103,68.6482429190825,130.863209533691,88.1892704683192,82.5400745479175,135.437431003736,99.0271470601803,152.762487238104,31.9475097512184,75.1148624420166,57.8655510353564,81.9762149482263,141.684787750244,116.543130564421,116.940066044077,47.0827508609952,30.0055549177618,11.6851202361352,172.498683929443,122.395698547363,42.7069955134623,48.8838851831845,139.775132315499,0,161.095629641884,78.2038945353839,164.452331542969,0,190.763999938965,133.944697447081,164.792636689686,114.334904720909,210.346780776978,216.150466918945,0,0,157.039883384222,176.571151733398,125.496353946515,179.79919772678,222.861282348633,203.39758682251,0,128.158630168799,86.504288482666,145.467273435731,120.617231591464,173.57487487793,180.117361771433,160.731697631038,128.311932015676,153.338542548978,132.122174451306,0,0,139.557122450608,151.53742653983
132.416702270508,64.5846950968758,96.5418235976975,77.7781021683304,0,0,181.438670911287,171.99682896932,158.830483176491,149.178525057706,187.295953189625,42.1124409465913,196.42664882115,19.8327357961815,133.447993993759,179.717732747396,163.479455566406,102.210202191327,53.2706368635986,68.0463608137143,199.944122314453,145.64049021403,118.292458710847,130.92698059082,158.094163738313,44.5314105236169,30.2039678147292,18.9220568756819,175.174579874674,115.359422243558,172.498683929443,6.16078732378801,105.733645629883,133.487838745117,72.9524054013766,0,109.286919333718,232.644470214844,103.710011073521,0,0,0,215.584976196289,0,167.375100708008,0,96.3394018319937,0,90.2692573502747,196.417877197266,0,0,0,108.963278770447,188.1364402771,0,0,146.209599086217,182.335891723633,191.53723526001,78.157736548062,107.681616905892,110.298503740459,0,218.190673828125,0,104.767234919621,0,0,137.988632202148
88.9568476676941,116.84524790446,179.071312798394,113.212552941364,153.312301635742,12.5401043680142,23.3273940378624,132.718537121284,20.2763575839416,116.492956373427,129.462957603987,66.8149837801711,130.254235161675,89.8638021989302,12.8961543124712,40.3196607805648,132.183368682861,134.496273040771,109.333671569824,104.977600336075,134.979509626116,120.236668178013,146.892944335938,151.383200425368,136.8837317105,98.1730944315592,122.065093994141,120.117102100003,135.09658241272,14.2552792843597,122.395698547363,105.733645629883,6.14900265052217,170.945159912109,38.2157373705502,215.141914367676,0,0,143.825884501139,178.564509073893,0,210.18424987793,194.393681117467,227.24681854248,0,0,0,141.127593994141,0,222.706420898438,0,0,0,0,0,0,0,0,0,183.855963389079,106.892112731934,0,152.602401733398,198.002845070579,217.471501668294,184.619598388672,0,0,0,0
51.425499640013,122.407939910889,114.494022956261,65.5815248775891,120.949180603027,87.3370361328125,100.836840820313,79.8905172037042,105.956796161199,69.0721585923347,100.789363425119,111.975241046482,108.816644941057,177.263793945312,70.8725145019754,122.134860992432,84.9313621520996,90.0899921532833,125.764866076018,105.339768247784,113.721734619141,41.9969585553564,70.1393829981486,62.6209451016331,83.6854709210455,169.528865814209,135.370335793009,124.931469865279,75.2182709729664,21.5591616389419,42.7069955134623,133.487838745117,170.945159912109,10.0333108769133,31.0294945984556,156.842895507812,0,179.054852294922,82.184118270874,120.641957600911,0,207.23117574056,143.265188737349,171.299786249797,91.1638336181641,238.388687133789,220.540832519531,0,203.549713134766,172.384843444824,0,136.730210737749,172.465972900391,0,199.55615234375,169.948435465495,127.749406496684,79.1019586416391,158.340755886502,123.186080932617,0,191.926811218262,174.430642445882,130.811867559524,148.716952288592,143.373139814897,0,0,143.879841395787,135.996746063232
88.0186350364385,64.7338823788408,77.8898281179681,70.8249208428765,114.765564583443,38.6827912330627,64.2836424356484,93.6855175897673,65.7638403104835,96.8966393541934,108.489382310347,27.7463863064321,119.30380132766,59.2132640246323,65.8970400395561,106.647217818669,100.746578628952,44.7950962973123,65.2608516079256,44.7661002352251,115.966686984949,47.5304305816945,95.7385711343879,52.3320948409304,103.676384957535,60.9415945448317,70.434833610267,78.8198036982903,79.4274702313345,36.244111843024,48.8838851831845,72.9524054013766,38.2157373705502,31.0294945984556,12.4551201554734,144.368599891663,95.3816673642113,123.109917413621,89.7915987438626,135.811767578125,0,178.159643554688,154.276908874512,173.817708151681,127.429398854574,184.864796229771,132.606130981445,112.668792724609,126.892640955308,182.315963745117,0,120.230075378418,147.438506469727,128.883532932826,132.662193661644,193.859443664551,143.947196960449,96.3061686064068,132.573027863794,136.08711842594,95.7345857620239,122.863446309016,119.914470389137,150.737661002886,163.916759144176,140.542202161706,129.483431134905,0,144.923610687256,147.384126362048
151.938877105713,0,185.816669464111,93.6844038351988,157.680323282878,0,169.105665787407,149.311075846354,173.844651699066,114.476142883301,166.412517002651,0,179.29411315918,0,173.868330455962,171.372543334961,0,192.201863606771,239.474502563477,196.570190429688,180.60461807251,156.422190348307,109.028659820557,185.976760864258,133.742192965027,0,188.518341064453,176.10826449924,140.252128859698,160.03082953559,139.775132315499,0,215.141914367676,156.842895507812,144.368599891663,10.9784945224394,131.921690804618,125.163045975969,69.4636941077004,94.4559836387634,102.732772827148,96.5926659699458,21.605473910702,59.9859645491831,73.5398071870676,85.7325276084568,124.182644341582,120.665722529093,170.543121337891,18.4631221645838,101.540412902832,103.43707483465,110.2549700737,140.022777866673,124.155341148376,106.637751482535,78.8219877804027,79.5478026650169,95.4223596654232,79.084670818672,116.176826477051,120.356040716743,137.553428615065,82.899342544857,22.5499647780984,27.7083914558327,161.495723724365,100.068396759033,52.5328840741924,69.6039575669073
0,16.747430006663,90.6523746143688,31.3540059219707,0,0,198.745468139648,173.654937744141,0,107.847953796387,214.641525268555,102.766193389893,0,102.36683483513,190.725433349609,0,125.427825927734,91.6551321347554,105.661315917969,88.2607654305392,0,145.537414550781,86.6435623168945,137.812742233276,163.616384887695,66.1205825805664,77.2145305953863,74.0407599687576,172.274394989014,170.890533447266,0,109.286919333718,0,0,95.3816673642113,131.921690804618,9.07586459018673,51.0745389219643,7.39406643947038,236.473648071289,0,152.046742757161,120.753093132606,139.159035873413,71.2108436775891,160.531414031982,62.7237310738399,133.534906387329,59.7734583530229,125.752614021301,124.31686706543,50.7199063676127,61.0858702447004,73.4275445284909,60.5365312537368,0,107.616929531097,22.8026373694371,68.9764800815407,76.3422228540572,22.6680141093795,52.0295413283351,33.9760093911693,111.878375280471,138.548762003581,109.448210398356,73.3480116354453,0,107.177238464355,69.1935939422021
176.587308883667,65.3370767593384,104.136354698154,78.8496634500069,247.021560668945,0,197.945731423118,172.007153250954,188.543054888325,201.25708770752,203.537519975142,161.003420049494,196.194885253906,163.151195526123,186.559153874715,0,132.599402957492,119.570307435289,162.274688720703,135.374242706299,0,152.574781719007,115.091592348539,118.72323451898,161.089501455929,0,115.557044792175,99.9360248522401,167.743788850074,184.692528991699,161.095629641884,232.644470214844,0,179.054852294922,123.109917413621,125.163045975969,51.0745389219643,14.6023048686201,87.9662931760152,146.893163913634,196.72248840332,137.053589929508,98.054318321643,131.861915744914,127.127427378008,121.491228083232,109.072435772608,157.613730037914,106.371844347785,133.379924153473,147.088647206624,89.4147876392711,53.5920392669132,96.8130668744649,79.5684230093391,150.669091033936,66.3163367722578,61.6285063764784,34.7940720148793,113.846936937195,113.667812347412,34.8247241812845,38.5903065378676,91.216517421566,146.060667457469,96.1977309552361,109.007078109249,195.702926635742,138.625551970109,85.5973467887202
