13.5480530229482,0,68.1254140460999,78.8177344378303,70.4404509862264,86.726957841353,44.9707500672401,24.5226949924399,21.7531752621582,73.693187713623,22.1758791926104,133.809968130929,47.4050039701824,106.944412231445,12.9557773661255,44.9322280883789,80.3123474121094,112.37951190655,0,146.214740753174,70.1261165618896,52.3045889839293,71.2928678724501,59.2992772838107,69.9366029421488,0,122.82789701574,106.557688031878,39.7929531305304,10.0449351839189,18.4454086885938,0,88.2464632987976,22.2498657397052,71.902170132368,169.833679199219,0,182.546127319336,76.1300079345703,0,0,0,137.203369140625,0,0,0,0,0,0,159.106407165527,169.366424560547,112.330964406331,162.427001953125,0,0,0,0,93.4812545776367,137.965650558472,124.032081017127,0,0,152.274528503418,136.550438690186,159.659126281738,121.266607284546,0,0,180.415924072266,164.812812805176
0,5.14202569334416,52.7374261319637,19.5843874804504,0,0,122.624557495117,130.401735941569,119.156585693359,69.4183519536799,138.228881835938,64.1409006539513,0,45.8937084674835,0,87.1204986572266,61.2819290804059,53.6113862144613,76.620677947998,53.845692979804,0,90.9302261352539,20.89890891009,61.8983033581784,85.2213363647461,24.0571160065772,39.1924395339948,19.6028460262332,116.545126342773,0,97.7427584330241,65.4285706837972,0,0,58.1653174106891,0,0,78.5573927072378,27.8996894359589,0,0,0,0,0,0,0,134.218193054199,0,0,0,0,114.817440032959,95.8868092128209,96.6728897094727,103.007664998372,0,0,0,76.7674036026001,0,59.5451354980469,95.3937586375645,78.8415485640704,0,0,148.969141642253,0,0,0,95.7817001342773
68.1254140460999,52.7374261319637,10.7315966474604,43.5536963320154,120.872356414795,78.7830924987793,106.908955421768,75.9100003968976,89.5558678707998,79.0787132263184,105.339800054377,78.2255031261937,102.337852478027,175.669860839844,91.6414344139348,118.976631164551,67.5944560368856,43.4833586235072,81.340065936653,67.5662150733215,115.263932800293,60.3981206566417,63.2308252774752,22.4989829672648,74.5910503655149,108.297104545262,20.8345207775775,24.3047953099674,57.4469109217622,75.3734280018324,54.4821984354436,93.0209045410156,107.282531738281,87.9137119717068,43.9145537756312,163.309860229492,63.1684535874261,85.6677489803099,55.4502165282982,0,0,0,145.051667785645,0,0,158.506614685059,164.199929555257,0,0,0,0,103.568006787981,95.1338111961281,172.17170715332,120.044319697789,0,105.470814924974,60.9091301579629,93.4884533466737,132.323183695475,74.1815929412842,92.5166630702736,86.1248059937999,150.401286533901,174.776092529297,136.886714172363,0,0,0,112.336370039959
78.8177344378303,19.5843874804504,43.5536963320154,19.1219671997657,87.7472991943359,102.019744873047,97.3480096039949,78.21093414642,89.5060369951012,16.6115789335674,91.7304411994086,71.5846597985046,43.3294048309326,56.4711543995401,77.6851991491115,41.7969724655151,45.1422821840668,54.5725906463577,73.2398675918579,52.2955704803005,90.6517759958903,52.7358782008988,20.1418115490433,50.5104850390437,33.125091148233,25.5101809268868,40.5860580667205,36.2553700732392,52.4811249407648,65.9460773923958,50.6030469496172,72.1631257193429,112.672769927979,45.7922984824693,52.5398811316137,94.3248519897461,64.1533457438151,67.1848796106154,23.9398545076039,0,0,100.269602457682,77.777156829834,120.432796478271,38.0700239181519,89.0427703857422,128.036073303223,86.6287155151367,0,0,0,74.0884856118096,69.5731034529837,105.425880432129,87.0029687320485,0,61.1202495574951,23.5712099075317,70.1514016905827,58.07171021975,30.1134408315023,66.1366199024937,63.8692047381094,83.2618478717226,133.041500091553,69.7487658625064,0,0,0,75.3215570951763
70.4404509862264,0,120.872356414795,87.7472991943359,9.03905985419979,135.205934143066,62.2687716648496,45.3941051540662,83.2643559319632,53.7299670838473,20.3293034200037,0,18.4028701650476,147.344512939453,81.1907534187223,61.0442390441895,114.593860626221,0,0,0,10.3388098493876,115.089839935303,86.9566698941317,117.532054901123,15.2292842156214,0,181.937629699707,0,13.6525788858931,74.8813587531412,62.6925870833858,0,129.63491494315,71.9878389282227,81.2704134527242,72.668771955702,0,0,107.034492492676,8.12482619085512,0,78.3537406921387,79.0485031821511,107.737489873713,96.8636779785156,31.6874522677923,0,4.8024916081593,0,85.644659254286,0,111.965553283691,0,0,213.356018066406,11.5665852792409,126.762115478516,102.690055847168,150.940612792969,52.5588955652146,0,0,0,42.4349315098354,87.333376175318,122.345878601074,0,0,85.8187408447266,90.1233947753906
86.726957841353,0,78.7830924987793,102.019744873047,135.205934143066,6.51672563496411,8.69034615315889,113.417749786377,18.4386426846748,0,131.813398361206,60.7120895385742,106.707899093628,0,29.4722306539142,12.6802057026893,0,0,0,0,118.834589004517,130.543441772461,113.235458374023,103.102274576823,127.663770887587,0,0,0,116.811336517334,20.5914195804308,105.625827789307,0,11.1339026665009,0,35.2753242129371,0,0,0,0,0,0,0,0,0,0,0,0,0,0,0,0,0,0,0,0,0,0,120.492347717285,181.09553527832,0,0,0,0,0,189.446044921875,0,0,0,0,186.682098388672
44.9707500672401,122.624557495117,106.908955421768,97.3480096039949,62.2687716648496,8.69034615315889,7.58623872096626,53.650877223172,16.7048294546591,69.7611328601837,15.8510306495497,66.7900017792324,12.8108236873328,76.5725326538086,26.0221391861338,10.4434111175318,107.496858142671,155.43856048584,178.632354736328,167.991663614909,33.214614434084,113.121995192308,106.876369302923,101.8919940705,69.2683291435242,74.6826095581055,149.479742431641,169.763672722711,54.7994461748233,22.7312226902057,82.3997237007573,0,21.7079286551347,72.6689046597948,34.1189741088959,175.656768798828,0,0,112.307340621948,0,0,0,149.418039321899,189.941612243652,154.760869344076,179.453155517578,0,0,0,209.691421508789,0,140.109697229722,0,0,0,192.448608398438,154.292572021484,117.239440917969,174.722274780273,150.401060033728,0,0,0,157.142474834736,178.875547136579,159.836669921875,0,0,0,187.910682678223
24.5226949924399,130.401735941569,75.9100003968976,78.21093414642,45.3941051540662,113.417749786377,53.650877223172,8.60597543345846,39.5591598165386,55.0494393930807,16.4135328403721,150.493866511754,40.0419031583657,0,17.1622507721918,59.1177248954773,73.0437371390206,137.119956477996,141.911056518555,140.318206093528,32.433122441694,66.5427218543159,72.8031511112135,64.1034109741449,37.059487286812,147.05593363444,116.099495401922,110.513840279928,17.1178997749085,39.5600460626311,15.2176755023943,151.730692545573,119.559142303467,48.0278808638366,62.1959206658441,130.324717712402,0,176.786178588867,74.8174756368001,130.523880004883,0,137.77848815918,125.246977233887,176.704429626465,92.9678352355957,149.364996690017,0,134.166511535645,0,132.695114135742,0,114.452148886288,174.132827758789,0,202.892425537109,153.099639892578,138.640411376953,105.512369155884,159.94458770752,110.780635109431,0,185.587989807129,160.952686854771,123.521624292646,161.639236450195,126.531586386941,0,0,138.771919250488,129.350704193115
21.7531752621582,119.156585693359,89.5558678707998,89.5060369951012,83.2643559319632,18.4386426846748,16.7048294546591,39.5591598165386,10.3941961776814,73.5246050423438,17.498948159203,83.9134690791001,32.55093345071,77.9789301554362,15.0765660373812,33.4453118763168,95.4807929163394,138.570799304593,176.819976806641,154.284955024719,61.8473813114192,92.7502906505878,90.0290906325631,83.4559882273792,73.1609265667907,171.045360565186,138.214690856934,140.322874668666,65.4771464184834,30.1304062874404,64.0596100900687,0,23.4894873944484,48.9137132402877,43.0332796357309,155.372271855672,0,168.116622924805,99.5722649152889,199.438598632812,0,176.196498325893,142.011764526367,187.338524451623,119.353704180036,166.38845716204,0,173.650812784831,0,184.01242980957,187.143753051758,132.654371696606,166.46044921875,0,0,241.524887084961,154.176870727539,109.66006905692,149.319081878662,127.189500172933,0,190.203576660156,179.491849626814,145.574370313047,172.066935403006,146.493938854762,0,0,160.711664835612,158.992613848518
73.693187713623,69.4183519536799,79.0787132263184,16.6115789335674,53.7299670838473,0,69.7611328601837,55.0494393930807,73.5246050423438,8.11685127256043,56.2847666705096,131.75873819987,12.9186306687034,120.545377731323,83.6503074169159,15.9946093117987,30.3461401933681,128.036109924316,0,128.780075073242,42.8591896011716,50.9223920648748,18.2799479893499,67.237222126552,20.2592644348835,108.308977762858,112.893167972565,100.796488898141,47.5848650991525,70.9571776947418,53.9190514977299,118.001491546631,117.867816925049,58.063605221835,54.8818877034597,90.71044921875,0,0,37.7395079016685,90.842399597168,0,110.214302062988,89.8401044648269,125.333680289132,50.6399761835734,118.517842973982,0,101.216720581055,0,125.108779907227,0,73.9564835043515,0,0,0,0,0,70.2383842468262,135.344123840332,75.1135682448363,0,172.631828308105,0,89.2561584179218,100.762634277344,89.2315531763537,0,0,117.593063354492,116.433199564616
22.1758791926104,138.228881835938,105.339800054377,91.7304411994086,20.3293034200037,131.813398361206,15.8510306495497,16.4135328403721,17.498948159203,56.2847666705096,8.3765250105593,168.378054300944,19.6922449238451,0,45.1876006498933,55.5573037055231,105.09075088501,143.435054779053,0,170.811309814453,18.2163591264813,115.04810333252,86.2960483326631,90.2510760171073,40.7880248729784,0,135.394817455395,144.865763346354,21.0037622903014,73.0322983123826,65.0391004834856,0,122.583206176758,79.6466359058058,87.5663860260494,144.140548706055,0,0,95.9652290344238,167.605697631836,0,166.824188232422,156.231599074144,227.440475463867,137.334081013997,163.550228118896,0,172.771545410156,0,0,0,126.012171427409,174.89469909668,0,0,0,0,134.12663269043,0,127.239372253418,0,0,240.585372924805,142.425415919377,193.294109344482,135.396311950684,0,0,169.110275268555,0
133.809968130929,64.1409006539513,78.2255031261937,71.5846597985046,0,60.7120895385742,66.7900017792324,150.493866511754,83.9134690791001,131.75873819987,168.378054300944,8.60578860606952,186.31799697876,13.221952073471,68.2004450680165,0,132.048412632298,58.8225061828386,14.4994622017146,15.9353670230714,152.491790771484,113.814843495687,98.843248796463,107.513090079171,140.463140265886,26.4276464202452,20.9083342345423,49.3013178373844,130.258948446322,47.5055188977621,103.626438315398,22.4784384266992,67.0350417421575,88.2378234863281,33.9733421538263,0,111.841508229574,132.935934702555,88.7623256047567,0,0,0,0,153.768051147461,0,0,78.0858669412547,0,83.7935017479791,0,0,173.033401489258,124.859008789062,96.3993515014648,109.034618317135,0,203.24617767334,0,171.831062316895,199.251480102539,87.0616938273112,102.360648165467,108.432477730679,215.074295043945,179.62232208252,183.882705688477,90.4806490811435,0,0,108.450474262238
47.4050039701824,0,102.337852478027,43.3294048309326,18.4028701650476,106.707899093628,12.8108236873328,40.0419031583657,32.55093345071,12.9186306687034,19.6922449238451,186.31799697876,8.03068194283056,0,85.7836953970102,9.19410944909088,100.755214691162,0,0,0,13.4014561010959,95.5166549682617,87.156859588623,108.93383026123,23.7346599437269,0,157.172151565552,198.343327840169,37.0368761965243,82.49521021647,76.9870192698943,0,106.713483810425,89.0771884918213,82.8810053116236,0,0,0,105.739081382751,14.727108153137,0,39.2641156400953,140.327643871307,109.388451894124,124.640960693359,38.3992604274376,0,8.11559177367605,0,0,50.5211296081543,125.407791137695,0,0,220.401962280273,11.457216098536,0,0,0,108.392458534241,0,0,0,119.77003288269,89.6177864074707,153.195897420247,0,0,0,108.356221008301
106.944412231445,45.8937084674835,175.669860839844,56.4711543995401,147.344512939453,0,76.5725326538086,0,77.9789301554362,120.545377731323,0,13.221952073471,0,8.1491782405255,56.9121246337891,0,149.805145263672,90.1829071044922,41.3188747564952,59.0485026836395,0,0,80.0872076125372,109.655696868896,126.874160766602,22.6561647103383,19.7926577483107,22.8128422498992,145.830037434896,53.8348195693072,144.734527587891,14.2390937548579,73.1491470336914,0,46.8340447654187,0,0,0,107.063621520996,0,0,0,0,0,0,0,66.3643161228725,0,0,0,0,0,0,0,127.618362426758,0,0,0,0,0,65.3460006713867,97.0469291687012,101.187014860265,0,153.234725952148,0,92.2860412597656,0,0,202.392562866211
12.9557773661255,0,91.6414344139348,77.6851991491115,81.1907534187223,29.4722306539142,26.0221391861338,17.1622507721918,15.0765660373812,83.6503074169159,45.1876006498933,68.2004450680165,85.7836953970102,56.9121246337891,7.54297060030791,40.551999773298,79.3943701982498,137.502305603027,0,142.544822692871,83.5327370714383,87.7440976874773,80.5213173085993,83.8697789510091,76.4026428438582,78.0178756713867,138.381382097517,144.23037147522,69.9875023200809,14.8016545073811,59.7048759876901,0,10.8462464025157,21.2542879897936,38.2909003658179,145.181591033936,0,192.835464477539,96.3066673278809,0,0,173.882919311523,133.273985862732,187.395606994629,109.223843892415,155.126546223958,0,0,0,161.34846496582,168.903472900391,123.187458711512,0,0,0,0,133.82854309082,97.8459808349609,126.010650634766,126.192256418864,0,177.7587890625,168.879486083984,142.136371092363,153.847629002162,140.334682758038,0,0,131.082626342773,151.10359954834
44.9322280883789,87.1204986572266,118.976631164551,41.7969724655151,61.0442390441895,12.6802057026893,10.4434111175318,59.1177248954773,33.4453118763168,15.9946093117987,55.5573037055231,0,9.19410944909088,0,40.551999773298,7.26350072301447,78.1660308837891,0,0,186.293182373047,58.8365011669341,0,62.1879768371582,99.4961166381836,34.546653652948,140.446441650391,0,0,74.2460390173871,17.9793694345575,78.7525329589844,0,34.5026046824905,32.1319669087728,21.4604995561683,161.934707641602,0,0,49.2040958404541,0,0,0,0,0,0,173.296249389648,0,0,0,0,0,81.4322814941406,0,0,0,0,0,0,0,90.3631401062012,0,0,0,97.8414840698242,0,118.225128173828,0,0,0,0
80.3123474121094,61.2819290804059,67.5944560368856,45.1422821840668,114.593860626221,0,107.496858142671,73.0437371390206,95.4807929163394,30.3461401933681,105.09075088501,132.048412632298,100.755214691162,149.805145263672,79.3943701982498,78.1660308837891,11.8351449217725,111.716432026454,149.752197265625,120.743900693696,107.649395751953,11.7137651188917,30.3253502234258,11.1504986534723,17.8689847896224,110.371227264404,94.5223190894494,30.407038622439,40.4002223544651,73.418459773708,54.0663286438787,115.198760986328,120.220197041829,53.2641785476381,54.0455683889659,107.493460337321,121.484565734863,109.470383091977,70.5648455952489,0,0,133.50569152832,112.671541849772,145.161041259766,93.2979888916016,129.948246002197,199.237243652344,0,0,127.525804138184,113.863494873047,21.4192272497527,142.175370534261,0,159.975748062134,0,100.489755713421,61.8887143135071,99.8156782296988,89.9066754854642,0,151.237399452611,113.198712479441,103.142990366618,125.021325429281,95.7464461455474,0,0,118.202735900879,110.790092468262
112.37951190655,53.6113862144613,43.4833586235072,54.5725906463577,0,0,155.43856048584,137.119956477996,138.570799304593,128.036109924316,143.435054779053,58.8225061828386,0,90.1829071044922,137.502305603027,0,111.716432026454,10.2729091223505,65.1135115552304,14.5875586055429,0,45.9359892724383,88.5240325927734,15.2066147646431,118.045490052965,85.6416202726818,26.1233982271921,59.3925328726713,110.974453417235,101.266743796212,61.5849315336442,88.7230663299561,83.8620414733887,52.602822303772,37.2736105389757,0,74.5923287963867,94.4507859628412,63.7246576944987,0,0,0,172.361763954163,210.535949707031,0,193.484634399414,120.124105834961,0,0,0,0,147.619371686663,103.528949975967,124.593490600586,116.064839136033,0,137.517631530762,117.190731048584,117.296262226407,177.371734619141,105.308668136597,101.70287897395,99.0752322418521,187.091102600098,0,155.813346862793,0,0,193.003616333008,116.341439247131
0,76.620677947998,81.340065936653,73.2398675918579,0,0,178.632354736328,141.911056518555,176.819976806641,0,0,14.4994622017146,0,41.3188747564952,0,0,149.752197265625,65.1135115552304,5.52007248027047,10.1233327711326,0,203.950042724609,113.339493971605,108.602856445312,130.972358703613,43.7800688141271,25.1049026622255,57.5591306464617,138.469269888742,153.162124633789,115.283247375488,45.4508916309902,0,0,57.0207601865133,0,153.900375366211,130.419403076172,97.5084667205811,0,0,0,0,0,0,0,88.4494760078296,0,0,246.379669189453,0,0,115.183769226074,105.278312683105,102.381330049955,0,0,156.512557983398,172.057022094727,0,120.151809692383,104.480674555272,105.979161580404,0,0,0,93.5503768920898,0,0,92.3430404663086
146.214740753174,53.845692979804,67.5662150733215,52.2955704803005,0,0,167.991663614909,140.318206093528,154.284955024719,128.780075073242,170.811309814453,15.9353670230714,0,59.0485026836395,142.544822692871,186.293182373047,120.743900693696,14.5875586055429,10.1233327711326,7.83262661067879,215.017120361328,83.6875638758883,90.6312793818387,86.2952862821553,134.97081677667,47.4384007575227,27.7122808497274,60.5858839202365,120.84482823586,114.039997736613,87.1941695969923,58.6206833253424,0,114.800266265869,42.7525114294897,189.375831604004,79.4262313842773,112.928288936615,78.9927616999699,0,0,0,0,0,0,0,101.249670880906,0,94.5059295654297,0,0,168.134024047852,102.882407270159,105.849761047363,98.3444592521639,0,178.950241088867,143.142986297607,153.300459917854,206.718963623047,80.3225721359253,96.0659423835934,98.6291723126842,184.067459106445,0,167.961669921875,109.238263448079,0,0,102.913674843021
70.1261165618896,0,115.263932800293,90.6517759958903,10.3388098493876,118.834589004517,33.214614434084,32.433122441694,61.8473813114192,42.8591896011716,18.2163591264813,152.491790771484,13.4014561010959,0,83.5327370714383,58.8365011669341,107.649395751953,0,0,215.017120361328,8.52147601105473,0,102.881434631348,118.676773071289,22.1179260038343,0,178.330075581868,148.272743225098,21.378022527225,78.6017613124726,77.9724542683569,0,119.225093548114,73.5785972416749,86.0749831765385,99.9230682373047,0,0,111.568415323893,7.02967530447861,0,206.664093017578,158.043891906738,196.379592895508,130.744293212891,0,0,6.40283954332745,0,78.0533218383789,0,0,0,0,0,13.4903024797854,177.714935302734,0,0,109.416079415215,0,0,226.099189758301,138.477556991577,208.014007568359,149.162322998047,0,0,173.679809570312,78.9365348815918
52.3045889839293,90.9302261352539,60.3981206566417,52.7358782008988,115.089839935303,130.543441772461,113.121995192308,66.5427218543159,92.7502906505878,50.9223920648748,115.04810333252,113.814843495687,95.5166549682617,0,87.7440976874773,0,11.7137651188917,45.9359892724383,203.950042724609,83.6875638758883,0,7.91475764595519,45.4503384875998,20.8836998379466,13.3769974093794,121.517725626628,93.5440162633003,67.9558724283383,22.3067573656365,77.4967258794984,18.1804220072331,136.155990600586,104.56224155426,26.7811345627059,37.5531077588947,119.529780578613,100.279289245605,126.007148742676,75.7517623901367,0,0,125.286552429199,126.544100443522,151.971343994141,0,0,161.130752563477,0,0,152.949849446615,0,104.572065695738,140.71858215332,0,168.786087036133,0,106.638115882874,69.0669321332659,105.738892466227,131.268772888184,0,157.233419799805,132.648000717163,111.552873883929,128.644889354706,108.798537544582,0,0,0,110.611933814155
71.2928678724501,20.89890891009,63.2308252774752,20.1418115490433,86.9566698941317,113.235458374023,106.876369302923,72.8031511112135,90.0290906325631,18.2799479893499,86.2960483326631,98.843248796463,87.156859588623,80.0872076125372,80.5213173085993,62.1879768371582,30.3253502234258,88.5240325927734,113.339493971605,90.6312793818387,102.881434631348,45.4503384875998,7.50882595933849,36.1412286481422,17.2025661093484,73.8446947707015,80.0576544500965,35.988829388868,48.8770236122538,66.1394518309948,47.1963155621255,102.735952104841,117.699351501465,43.939837053087,50.0631240021046,0,65.8411407470703,113.258687845866,58.7027970041548,0,0,110.750686645508,94.2794609069824,0,61.0937824249268,109.726699829102,140.76028696696,150.464584350586,0,0,0,57.6053855494449,124.491125106812,0,138.891863686698,0,73.5248237022987,59.3732439676921,71.0496333817304,88.8016403461325,89.7927474975586,127.05839069073,95.6489476349394,106.566503832417,102.986444091797,74.1023160298665,0,0,84.841136932373,100.693094773726
59.2992772838107,61.8983033581784,22.4989829672648,50.5104850390437,117.532054901123,103.102274576823,101.8919940705,64.1034109741449,83.4559882273792,67.237222126552,90.2510760171073,107.513090079171,108.93383026123,109.655696868896,83.8697789510091,99.4961166381836,11.1504986534723,15.2066147646431,108.602856445312,86.2952862821553,118.676773071289,20.8836998379466,36.1412286481422,10.4170139118461,29.1536644329182,133.625206629435,76.7435041293098,30.4629833020187,29.6919712209514,66.639238343822,43.2408677485222,128.435338973999,103.919541579026,49.9076629186931,43.7518390397057,111.066223144531,101.926591873169,97.5217187600058,66.1889116997812,158.927368164062,0,120.376274108887,132.365814208984,142.43637752533,77.7889022827148,0,0,0,0,135.092739105225,0,32.9708752862687,132.245810372489,0,155.159467614215,172.657012939453,105.441766322344,68.5135502092766,97.6839050615906,125.775850296021,0,143.110199532858,106.612396721495,109.034025404188,116.557865142822,99.7657897837841,0,0,0,103.184957933056
69.9366029421488,85.2213363647461,74.5910503655149,33.125091148233,15.2292842156214,127.663770887587,69.2683291435242,37.059487286812,73.1609265667907,20.2592644348835,40.7880248729784,140.463140265886,23.7346599437269,126.874160766602,76.4026428438582,34.546653652948,17.8689847896224,118.045490052965,130.972358703613,134.97081677667,22.1179260038343,13.3769974093794,17.2025661093484,29.1536644329182,9.49402430015802,122.895066579183,108.212421087571,82.021485469138,14.5845630552053,67.3644427568644,49.6478788248698,160.582931518555,117.835461425781,56.3968155973227,52.2042000894731,110.311260061061,113.138763427734,132.810768127441,60.5799840092659,100.413486862183,0,142.272514343262,108.207190293532,146.435411180769,81.0612161358197,130.46017443339,0,132.948738574982,0,133.503047790527,0,84.2739818832637,188.924072265625,0,186.174779256185,148.143516540527,113.103475189209,65.989757160149,113.864723523458,96.253557976712,143.714691162109,176.028489546342,142.261283493042,109.443255304722,122.856423017714,102.149435576669,0,171.354919433594,120.102463333695,121.189040308413
0,24.0571160065772,108.297104545262,25.5101809268868,0,0,74.6826095581055,147.05593363444,171.045360565186,108.308977762858,0,26.4276464202452,0,22.6561647103383,78.0178756713867,140.446441650391,110.371227264404,85.6416202726818,43.7800688141271,47.4384007575227,0,121.517725626628,73.8446947707015,133.625206629435,122.895066579183,7.39660478046242,37.7809844679303,34.386449624993,164.212315877279,114.692633056641,137.25594997406,38.5860354037084,95.5631637573242,136.444915771484,56.8107611018119,0,0,167.949043273926,92.8591961330838,0,0,0,167.529861450195,0,0,0,57.3570718071677,0,61.3576457977295,0,0,0,0,82.8352456343801,88.9715809822083,0,0,0,0,0,50.3951389789581,65.8057997273464,76.3318247131155,181.591796875,0,0,58.5791938781738,0,0,80.5758558909098
122.82789701574,39.1924395339948,20.8345207775775,40.5860580667205,181.937629699707,0,149.479742431641,116.099495401922,138.214690856934,112.893167972565,135.394817455395,20.9083342345423,157.172151565552,19.7926577483107,138.381382097517,0,94.5223190894494,26.1233982271921,25.1049026622255,27.7122808497274,178.330075581868,93.5440162633003,80.0576544500965,76.7435041293098,108.212421087571,37.7809844679303,10.1289762493775,24.9770687878883,87.5563011588478,123.660229943015,90.7950914796047,19.3483358308788,187.148373921712,105.971638997396,52.0350381281454,175.660642623901,79.4544749259949,88.4228096961975,59.6853414950163,0,0,0,165.165756790726,0,138.551361083984,178.013046264648,91.9581528688088,0,100.503137027516,226.038497924805,0,142.932344324449,91.4641464005655,99.0005382961697,92.1788188565162,0,165.578916549683,127.542096819196,127.548757961818,159.413813999721,65.9846079844349,87.6997564449903,88.92385972853,174.411340713501,164.031391143799,147.388516369988,98.0181454467773,0,0,93.3599319314057
106.557688031878,19.6028460262332,24.3047953099674,36.2553700732392,0,0,169.763672722711,110.513840279928,140.322874668666,100.796488898141,144.865763346354,49.3013178373844,198.343327840169,22.8128422498992,144.23037147522,0,30.407038622439,59.3925328726713,57.5591306464617,60.5858839202365,148.272743225098,67.9558724283383,35.988829388868,30.4629833020187,82.021485469138,34.386449624993,24.9770687878883,11.3039844412177,93.1264835691271,111.528301239014,95.2329232253753,19.8356059274196,112.09757232666,93.1684285944158,60.794543331717,163.59824625651,57.3174865445611,87.7722359305189,56.3586610232707,0,0,170.444091796875,156.913925395292,0,0,189.009828839983,99.8582646622617,0,98.3968887329102,0,0,95.8381603497725,98.5544520850755,106.959196325851,100.306393319686,0,111.573240121206,60.9062710287583,97.726442315476,161.114661216736,63.7305017941958,93.5487768515721,90.5725073401369,156.640842437744,174.41251373291,120.623354357342,105.222095489502,0,170.447540283203,108.473507371442
39.7929531305304,116.545126342773,57.4469109217622,52.4811249407648,13.6525788858931,116.811336517334,54.7994461748233,17.1178997749085,65.4771464184834,47.5848650991525,21.0037622903014,130.258948446322,37.0368761965243,145.830037434896,69.9875023200809,74.2460390173871,40.4002223544651,110.974453417235,138.469269888742,120.84482823586,21.378022527225,22.3067573656365,48.8770236122538,29.6919712209514,14.5845630552053,164.212315877279,87.5563011588478,93.1264835691271,9.15410097363253,49.7274604432723,27.2163159241427,141.955347501315,120.684134589301,57.7496936896976,50.2113322849619,122.105556410186,131.174347877502,133.909392790361,71.9896140209464,120.238113562266,0,142.380631186745,115.478375485069,151.733539975923,88.2298064997167,139.901428066954,172.173248291016,141.60263893821,0,130.352475484212,121.725257873535,97.2122081690441,149.075667699178,192.871368408203,176.366145740856,138.265370686849,109.79351941277,68.8004375918881,121.951970316569,102.751306327614,140.930374145508,156.123422599133,140.898421785725,116.69163721738,126.168428572397,113.421706024712,0,190.611679077148,129.494932735668,132.856033325195
10.0449351839189,0,75.3734280018324,65.9460773923958,74.8813587531412,20.5914195804308,22.7312226902057,39.5600460626311,30.1304062874404,70.9571776947418,73.0322983123826,47.5055188977621,82.49521021647,53.8348195693072,14.8016545073811,17.9793694345575,73.418459773708,101.266743796212,153.162124633789,114.039997736613,78.6017613124726,77.4967258794984,66.1394518309948,66.639238343822,67.3644427568644,114.692633056641,123.660229943015,111.528301239014,49.7274604432723,8.39151491422585,18.0631517045177,0,12.8681858175792,15.0411168169874,19.5058373076979,134.662683868408,0,168.790534973145,80.5774563550949,0,0,191.730499267578,124.780358024265,164.052334872159,104.439767690805,164.366823832194,217.304656982422,0,0,156.700390625,0,109.478118158156,166.744018554688,0,195.499740600586,166.440521240234,131.633248762651,90.5149729960674,128.285809199015,125.213563919067,0,194.092259724935,147.278774261475,129.613955030254,147.205400130328,129.104046152599,0,0,137.764572143555,147.44277305603
18.4454086885938,97.7427584330241,54.4821984354436,50.6030469496172,62.6925870833858,105.625827789307,82.3997237007573,15.2176755023943,64.0596100900687,53.9190514977299,65.0391004834856,103.626438315398,76.9870192698943,144.734527587891,59.7048759876901,78.7525329589844,54.0663286438787,61.5849315336442,115.283247375488,87.1941695969923,77.9724542683569,18.1804220072331,47.1963155621255,43.2408677485222,49.6478788248698,137.25594997406,90.7950914796047,95.2329232253753,27.2163159241427,18.0631517045177,10.2357346500874,111.539741516113,122.888120651245,36.8340671816443,39.6767816838224,117.852400302887,117.091972351074,128.99782631614,69.3718452453613,168.656372070312,0,140.268074035645,110.387107046027,162.608081054687,107.930743747287,147.006671142578,0,0,0,135.495742797852,0,95.5572606404622,148.840469360352,0,179.141467285156,151.537216186523,110.332790692647,69.5464710822472,108.387333455059,105.396691142649,181.258768717448,157.108697128296,152.251120431083,117.656181945801,125.333030418113,111.210620456272,0,0,133.1318359375,108.005331533927
0,65.4285706837972,93.0209045410156,72.1631257193429,0,0,0,151.730692545573,0,118.001491546631,0,22.4784384266992,0,14.2390937548579,0,0,115.198760986328,88.7230663299561,45.4508916309902,58.6206833253424,0,136.155990600586,102.735952104841,128.435338973999,160.582931518555,38.5860354037084,19.3483358308788,19.8356059274196,141.955347501315,0,111.539741516113,4.77328350942257,0,0,69.7109285990397,0,0,0,115.056133270264,0,0,0,0,0,0,0,90.7711442646227,0,114.748329162598,0,0,0,0,105.5349706014,110.039453778948,0,0,0,0,0,73.2498588562012,104.316225528717,119.017374905673,0,0,0,104.22013092041,0,0,131.95277150472
88.2464632987976,0,107.282531738281,112.672769927979,129.63491494315,11.1339026665009,21.7079286551347,119.559142303467,23.4894873944484,117.867816925049,122.583206176758,67.0350417421575,106.713483810425,73.1491470336914,10.8462464025157,34.5026046824905,120.220197041829,83.8620414733887,0,0,119.225093548114,104.56224155426,117.699351501465,103.919541579026,117.835461425781,95.5631637573242,187.148373921712,112.09757232666,120.684134589301,12.8681858175792,122.888120651245,0,5.67449455642741,69.1445999145508,34.1292264134125,0,0,0,133.513824462891,0,0,0,197.493148803711,0,0,0,0,0,0,0,0,158.015477498372,0,0,0,0,0,121.325897216797,172.928329467773,0,0,0,0,182.6982421875,0,184.220397949219,0,0,0,0
22.2498657397052,0,87.9137119717068,45.7922984824693,71.9878389282227,0,72.6689046597948,48.0278808638366,48.9137132402877,58.063605221835,79.6466359058058,88.2378234863281,89.0771884918213,0,21.2542879897936,32.1319669087728,53.2641785476381,52.602822303772,0,114.800266265869,73.5785972416749,26.7811345627059,43.939837053087,49.9076629186931,56.3968155973227,136.444915771484,105.971638997396,93.1684285944158,57.7496936896976,15.0411168169874,36.8340671816443,0,69.1445999145508,6.31846620756842,20.1207205103247,122.986365182059,121.769195556641,0,68.0765380859375,175.089004516602,0,191.539405822754,124.19935353597,149.939245435927,101.851613998413,134.714065551758,0,140.863357543945,0,146.960561116536,116.861351013184,91.5593945352655,0,0,176.196029663086,0,114.843938827515,74.0862980433873,96.2510833740234,107.889457702637,0,0,147.126602172852,112.988715862406,131.996405124664,108.454971313477,0,0,122.656803131104,136.511036464146
71.902170132368,58.1653174106891,43.9145537756312,52.5398811316137,81.2704134527242,35.2753242129371,34.1189741088959,62.1959206658441,43.0332796357309,54.8818877034597,87.5663860260494,33.9733421538263,82.8810053116236,46.8340447654187,38.2909003658179,21.4604995561683,54.0455683889659,37.2736105389757,57.0207601865133,42.7525114294897,86.0749831765385,37.5531077588947,50.0631240021046,43.7518390397057,52.2042000894731,56.8107611018119,52.0350381281454,60.794543331717,50.2113322849619,19.5058373076979,39.6767816838224,69.7109285990397,34.1292264134125,20.1207205103247,12.0076493077982,121.272739137922,88.7930612564087,102.371933716994,68.4823425994522,144.933441162109,0,144.958312988281,119.695930480957,156.551246643066,83.9555690765381,151.405502319336,117.744926815941,139.109703063965,110.122772216797,131.916347927517,0,97.2081925286187,93.2652104695638,116.425773620605,114.882511451596,138.700820922852,107.141871819129,75.5759962432239,104.124730148756,102.557117058979,79.8154363632202,103.672545581225,103.825017929077,119.604362555913,132.016853877476,107.340618194096,0,0,129.91633605957,112.20084101359
169.833679199219,0,163.309860229492,94.3248519897461,72.668771955702,0,175.656768798828,130.324717712402,155.372271855672,90.71044921875,144.140548706055,0,0,0,145.181591033936,161.934707641602,107.493460337321,0,0,189.375831604004,99.9230682373047,119.529780578613,0,111.066223144531,110.311260061061,0,175.660642623901,163.59824625651,122.105556410186,134.662683868408,117.852400302887,0,0,122.986365182059,121.272739137922,6.36385316776167,116.500549316406,78.2824637645812,63.5195991627491,68.8095546115762,86.0491714477539,35.0521585480176,22.5099604758183,25.9944449379044,59.0934407464389,34.3217469342783,126.979647624924,65.4049091106508,175.93180847168,10.5926090218804,41.6337348302205,51.0190222520095,87.8340243355173,133.641073226929,118.266427758622,63.2242241303126,58.6601628661156,53.5329775580044,56.2020371244067,60.4538559417243,152.857955932617,102.184180982185,138.749058104398,53.4056726123407,8.78443279105638,16.5849856784692,0,74.2423424353966,11.0502573471151,68.6637444982723
0,0,63.1684535874261,64.1533457438151,0,0,0,0,0,0,0,111.841508229574,0,0,0,0,121.484565734863,74.5923287963867,153.900375366211,79.4262313842773,0,100.279289245605,65.8411407470703,101.926591873169,113.138763427734,0,79.4544749259949,57.3174865445611,131.174347877502,0,117.091972351074,0,0,121.769195556641,88.7930612564087,116.500549316406,5.71382509386486,36.5611332697226,18.7103042755154,115.561618804932,0,135.022048950195,115.471612476167,0,55.1124250579299,127.58703994751,60.562625438609,93.4434413909912,53.7963575536555,105.885482788086,0,70.7092058563232,51.1241221258023,68.8644036323794,56.4624168746463,128.608108520508,91.6945603110573,23.8204413843824,58.2587150434653,61.9057674255371,19.2980197596146,43.9042280634069,29.597796949847,118.219819641113,0,96.6243658065796,63.4795913696289,0,158.595520019531,58.0165337331196
182.546127319336,78.5573927072378,85.6677489803099,67.1848796106154,0,0,0,176.786178588867,168.116622924805,0,0,132.935934702555,0,0,192.835464477539,0,109.470383091977,94.4507859628412,130.419403076172,112.928288936615,0,126.007148742676,113.258687845866,97.5217187600058,132.810768127441,167.949043273926,88.4228096961975,87.7722359305189,133.909392790361,168.790534973145,128.99782631614,0,0,0,102.371933716994,78.2824637645812,36.5611332697226,10.8005659510505,40.0784678004732,0,0,124.717805408296,79.3146201368402,121.784004211426,79.8669419288635,108.218241119385,73.4090682016292,123.63628578186,67.1340484619141,107.69151524135,108.596252441406,66.3750812754912,33.0602678440987,87.5143102010091,55.5275157249841,141.003555297852,41.5960681696196,42.9221518834432,20.4358273320082,95.0403186253139,84.8470697402954,14.6156137332244,22.7354469665454,76.4741230010986,94.5838359675995,70.4205859729222,123.445602416992,0,98.3423044681549,48.3215673186165
76.1300079345703,27.8996894359589,55.4502165282982,23.9398545076039,107.034492492676,0,112.307340621948,74.8174756368001,99.5722649152889,37.7395079016685,95.9652290344238,88.7623256047567,105.739081382751,107.063621520996,96.3066673278809,49.2040958404541,70.5648455952489,63.7246576944987,97.5084667205811,78.9927616999699,111.568415323893,75.7517623901367,58.7027970041548,66.1889116997812,60.5799840092659,92.8591961330838,59.6853414950163,56.3586610232707,71.9896140209464,80.5774563550949,69.3718452453613,115.056133270264,133.513824462891,68.0765380859375,68.4823425994522,63.5195991627491,18.7103042755154,40.0784678004732,15.6826533752939,66.9213488896688,0,83.5180855801231,71.0654128646851,91.5313038349152,11.6541045705123,81.9389019012451,67.9116138211257,51.6096109591032,66.6600393076412,78.9730451107025,44.8977012634277,39.5115487055601,47.1349164258909,74.4188481707906,52.5216252145435,99.3963871002197,54.52995356807,19.483411782026,51.5470122913912,29.1436250652246,35.0432211421117,41.3232261927182,33.4165830907923,51.4633180460035,70.937814462596,51.7729824158827,94.1703084309896,110.829040527344,63.5466514163547,50.8727913223395
0,0,0,0,8.12482619085512,0,0,130.523880004883,199.438598632812,90.842399597168,167.605697631836,0,14.727108153137,0,0,0,0,0,0,0,7.02967530447861,0,0,158.927368164062,100.413486862183,0,0,0,120.238113562266,0,168.656372070312,0,0,175.089004516602,144.933441162109,68.8095546115762,115.561618804932,0,66.9213488896688,8.30071057992552,120.926919937134,61.5876310893468,48.3546583272849,96.2070888977051,40.7782602885674,14.115168659118,148.205337524414,12.745116986277,0,82.9932505821114,82.4177689985795,115.016888936361,0,0,134.601287841797,11.7878574037823,115.697143554688,102.269317626953,137.666659037272,20.9936411361461,0,140.265640258789,143.459922790527,9.42006676581825,80.5299687992443,66.2402132819681,0,136.811828613281,74.8783154772897,75.1349648448908
0,0,0,0,0,0,0,0,0,0,0,0,0,0,0,0,0,0,0,0,0,0,0,0,0,0,0,0,0,0,0,0,0,0,0,86.0491714477539,0,0,0,120.926919937134,7.3679383399237,8.2832078042038,131.670518875122,14.7438373103036,70.4542484283447,101.332644144694,116.315325419108,0,0,36.77773665905,12.8998357123478,94.1394653320312,0,0,0,118.729551696777,0,111.780469258626,88.3333282470703,108.55432510376,0,0,0,126.05076789856,23.8313242104217,0,0,14.4475143353706,0,36.2443478175572
0,0,0,100.269602457682,78.3537406921387,0,0,137.77848815918,176.196498325893,110.214302062988,166.824188232422,0,39.2641156400953,0,173.882919311523,0,133.50569152832,0,0,0,206.664093017578,125.286552429199,110.750686645508,120.376274108887,142.272514343262,0,0,170.444091796875,142.380631186745,191.730499267578,140.268074035645,0,0,191.539405822754,144.958312988281,35.0521585480176,135.022048950195,124.717805408296,83.5180855801231,61.5876310893468,8.2832078042038,7.68962118490639,44.5714907451552,15.2302435525872,52.4788891618902,17.2442182172663,67.15087890625,23.8968439278498,0,29.0836124606019,10.6961962614554,74.3964012547543,153.61238861084,202.530578613281,165.655820846558,33.2469164551774,90.4753529475285,79.0250484385389,94.6809048372156,48.596536271083,0,141.545559222882,125.304333855124,50.9320822318631,24.9672477049229,79.9178853296972,0,22.6915022729661,76.2803811651515,43.5196510556378
137.203369140625,0,145.051667785645,77.777156829834,79.0485031821511,0,149.418039321899,125.246977233887,142.011764526367,89.8401044648269,156.231599074144,0,140.327643871307,0,133.273985862732,0,112.671541849772,172.361763954163,0,0,158.043891906738,126.544100443522,94.2794609069824,132.365814208984,108.207190293532,167.529861450195,165.165756790726,156.913925395292,115.478375485069,124.780358024265,110.387107046027,0,197.493148803711,124.19935353597,119.695930480957,22.5099604758183,115.471612476167,79.3146201368402,71.0654128646851,48.3546583272849,131.670518875122,44.5714907451552,9.97928953898833,39.4287614436327,53.8569927550199,19.2674422993191,136.924891691941,41.4286047979749,0,16.3981559111572,45.7350421385332,40.9160892328082,89.7193874254488,150.417644153942,124.714214915679,34.4209698739091,40.823446696489,61.9528364335528,45.1604614619558,44.3956229154289,151.436378479004,99.0230681711915,91.5710765774754,18.2608172893914,33.9931424810204,23.4124680556331,0,98.3613677978516,36.2965135898405,64.1411302282203
0,0,0,120.432796478271,107.737489873713,0,189.941612243652,176.704429626465,187.338524451623,125.333680289132,227.440475463867,153.768051147461,109.388451894124,0,187.395606994629,0,145.161041259766,210.535949707031,0,0,196.379592895508,151.971343994141,0,142.43637752533,146.435411180769,0,0,0,151.733539975923,164.052334872159,162.608081054687,0,0,149.939245435927,156.551246643066,25.9944449379044,0,121.784004211426,91.5313038349152,96.2070888977051,14.7438373103036,15.2302435525872,39.4287614436327,10.8306581346721,85.1103090203327,24.3708978320198,71.2792852934416,37.3189552053018,79.3003184000651,18.1160548388565,29.317323437962,87.377188546317,116.35290145874,110.172098795573,150.555372238159,74.6047061522176,101.777928474622,86.989456325624,94.902981877327,79.5129242160721,85.2823581695557,131.461630093849,142.598600636358,80.0692919750179,25.1524420592357,88.2115969382042,95.4016494750977,14.6822298040496,72.6710670033439,39.6383391669602
