8725,3,545,68,45,4,86,7332,2534,64,1205,30,2,1,14104,2,27,517,8,50,13,383,23,927,324,2,212,289,478,12387,2035,1,12,210,382,1,0,2,17,0,0,2,6,4,2,0,0,0,0,0,0,1,0,0,0,0,0,1,8,8,0,2,6,23,7,1,0,0,3,1
3,1115,131,233,2,0,0,7,6,321,0,60,1,558,9,9,10,353,18,142,1,14,814,91,235,1292,631,3258,12,19,8,31,0,8,305,0,37,1,221,0,0,0,0,0,1,0,1,0,0,0,0,0,2,0,2,0,0,1,0,1,1,7,19,0,1,0,2,0,1,1
545,131,34789,71,55,5,148,2559,1141,41,1157,72,4,19,1098,5,86,4314,41,205,11,2082,117,15901,398,11,12224,14981,1646,587,1024,25,6,84,1575,5,4,103,139,0,0,0,1,6,1,0,0,0,2,3,0,5,49,4,18,0,1,5,65,6,0,66,278,7,3,4,2,0,0,6
68,233,71,564,128,2,69,156,217,819,202,103,11,762,181,24,1258,259,46,165,18,948,801,515,4029,1090,1071,1612,828,511,886,55,1,204,441,9,21,5,592,3,0,7,21,28,20,15,2,0,12,11,0,42,6,2,10,2,46,142,47,112,4,37,32,115,35,23,3,1,10,19
45,2,55,128,14121,1,209,251,340,589,4592,4,5437,1,198,122,12,22,0,1,15985,8,91,38,12309,1,27,89,9171,333,27,0,3,81,136,5,0,1,49,612,0,80,27,84,57,128,0,16,0,29,1,0,1,0,0,25,0,6,2,463,0,0,8,399,39,6,0,1,6,25
4,0,5,2,1,8672,7837,5,3282,2,37,17,1,0,608,2602,0,3,3,0,0,0,0,3,8,0,2,6,11,587,0,1,3490,0,103,0,0,0,1,0,0,0,0,0,0,0,0,0,0,1,0,0,0,0,0,0,0,0,0,1,0,0,0,1,0,0,0,0,0,0
86,0,148,69,209,7837,60520,1017,27925,162,14297,57,5354,7,2025,8730,2,34,5,5,449,25,18,89,896,0,74,83,538,2955,38,2,2529,51,273,11,0,0,22,14,1,42,23,105,15,43,0,4,0,36,0,1,1,0,1,3,1,3,4,217,0,0,5,201,48,5,0,2,5,16
7332,7,2559,156,251,5,1017,45393,2998,170,22206,20,43,1,5078,18,71,402,4,24,11,1530,99,3000,2745,0,558,1119,20677,2976,6650,2,16,349,838,1,0,3,30,2,0,3,7,12,2,5,0,1,0,8,0,3,1,0,0,1,5,2,13,47,0,2,17,54,15,9,0,0,2,12
2534,6,1141,217,340,3282,27925,2998,87525,218,20110,226,261,19,32827,541,20,565,13,51,237,306,39,981,1185,4,642,553,1388,6499,600,1,5810,116,981,9,0,6,35,10,0,15,14,51,5,20,0,0,1,20,0,3,1,1,2,2,2,5,6,119,0,3,15,148,42,10,0,2,11,28
64,321,41,819,589,2,162,170,218,6805,458,45,777,271,177,1148,21,92,10,62,62,52,2761,50,13824,434,377,1648,685,460,410,40,3,203,236,3,0,0,49,13,0,10,5,13,16,26,0,2,1,4,0,1,0,0,1,2,1,2,1,120,3,2,4,95,9,6,0,0,2,5
1205,0,1157,202,4592,37,14297,22206,20110,458,126998,44,10918,2,8761,97,26,198,4,10,8961,270,71,714,4062,1,404,619,8678,3125,294,2,70,388,986,15,0,9,76,203,3,148,76,236,91,272,0,33,0,84,4,1,1,0,0,34,2,10,13,902,0,2,18,763,86,7,0,3,22,47
30,60,72,103,4,17,57,20,226,45,44,73655,1,7981,243,2,4,1151,14557,2357,0,39,37,246,21,525,9614,1960,15,1746,44,1487,147,26,9729,0,1,1,17,0,0,0,0,1,0,0,6,0,78,0,0,0,4,24,25,0,0,1,0,0,29,110,126,2,2,0,29,0,0,3
2,1,4,11,5437,1,5354,43,261,777,10918,1,63416,1,55,4062,0,2,0,0,13441,1,7,4,1199,1,2,15,1068,69,3,0,2,8,30,0,0,0,3,35,0,17,3,8,2,23,0,362,0,3,1,0,0,0,0,70,0,0,0,27,0,0,1,26,6,0,0,0,0,0
1,558,19,762,1,0,7,1,19,271,2,7981,1,21159,21,7,2,40,429,102,1,4,334,10,116,6543,1527,5294,6,74,6,2783,9,0,367,0,4,0,30,0,0,0,0,0,2,0,25,0,750,0,0,0,2,38,14,0,0,1,0,0,92,122,240,2,0,0,93,0,1,3
14104,9,1098,181,198,608,2025,5078,32827,177,8761,243,55,21,84470,47,48,801,48,61,132,479,53,1309,938,5,531,547,1100,20593,2599,10,6212,376,1336,0,0,1,34,3,0,5,8,14,7,4,0,0,0,13,0,1,1,0,0,0,1,3,13,63,0,3,4,77,24,8,0,0,6,9
2,9,5,24,122,2602,8730,18,541,1148,97,2,4062,7,47,16375,2,3,0,0,132,1,33,2,870,5,6,70,52,84,1,1,95,11,9,1,0,0,0,2,0,0,2,0,0,0,0,0,0,0,0,0,0,0,0,0,0,0,0,5,0,0,0,4,0,0,0,0,0,0
27,10,86,1258,12,0,2,71,20,21,26,4,0,2,48,2,17790,126,1,11,1,5251,8353,9177,6536,0,57,4703,3107,51,411,0,1,13,400,0,1,34,4,0,0,0,6,1,1,0,1,0,0,1,0,99,2,0,2,0,37,89,368,8,0,7,174,16,2,17,0,0,0,12
517,353,4314,259,22,3,34,402,565,92,198,1151,2,40,801,3,126,18685,668,7702,2,1044,175,8407,270,80,6482,10556,293,914,951,19,3,139,4948,1,10,39,286,0,0,0,2,0,1,0,0,0,5,0,0,3,44,7,43,0,3,3,15,7,1,117,115,3,1,1,0,0,0,15
8,18,41,46,0,3,5,4,13,10,4,14557,0,429,48,0,1,668,13472,3856,0,21,19,56,6,251,5613,1118,5,125,20,293,7,3,815,0,1,0,10,0,0,0,0,0,0,0,7,0,22,0,0,0,3,19,20,0,0,0,1,0,18,85,83,0,0,0,15,0,0,0
50,142,205,165,1,0,5,24,51,62,10,2357,0,102,61,0,11,7702,3856,10861,0,93,46,560,41,301,6428,2825,24,137,100,102,1,43,2323,0,1,2,81,0,0,0,0,0,0,0,7,0,12,0,0,0,11,21,57,0,0,1,3,0,7,165,102,0,0,1,12,0,0,7
13,1,11,18,15985,0,449,11,237,62,8961,0,13441,1,132,132,1,2,0,0,10290,2,4,1,1056,0,4,8,3216,152,3,0,5,13,45,1,1,0,11,193,1,17,2,17,5,26,0,1,0,5,0,0,0,0,0,6,0,0,0,102,0,0,1,66,3,0,0,0,0,3
383,14,2082,948,8,0,25,1530,306,52,270,39,1,4,479,1,5251,1044,21,93,2,66877,1047,27137,2009,2,377,1436,9734,1647,20706,1,1,755,12250,1,0,8,22,0,0,1,3,1,0,1,0,0,0,0,0,67,3,3,0,0,67,114,130,28,0,4,32,66,8,35,0,0,4,7
23,814,117,801,91,0,18,99,39,2761,71,37,7,334,53,33,8353,175,19,46,4,1047,11517,1611,9583,377,310,5687,617,115,469,22,0,47,286,1,5,3,22,0,0,0,2,2,0,1,0,0,2,1,1,207,6,0,2,0,71,368,226,18,0,5,57,19,2,21,0,0,0,9
927,91,15901,515,38,3,89,3000,981,50,714,246,4,10,1309,2,9177,8407,56,560,1,27137,1611,74451,1736,14,1663,12214,6167,1557,6071,7,9,344,11804,2,2,114,58,0,1,0,7,4,1,1,0,0,0,5,0,161,16,1,10,0,24,45,654,12,0,28,497,31,8,5,0,0,1,21
324,235,398,4029,12309,8,896,2745,1185,13824,4062,21,1199,116,938,870,6536,270,6,41,1056,2009,9583,1736,76945,126,348,4849,21244,2231,2044,14,9,1245,1250,42,1,6,383,120,3,108,139,265,84,206,1,18,1,133,7,25,4,0,0,25,32,66,62,1044,0,6,48,1272,300,57,0,3,86,136
2,1292,11,1090,1,0,0,0,4,434,1,525,1,6543,5,5,0,80,251,301,0,2,377,14,126,7387,1554,6962,10,29,2,328,0,1,324,0,2,0,24,0,0,0,0,0,1,0,4,0,46,0,0,0,4,5,5,0,0,0,0,0,19,34,65,1,0,0,14,0,0,0
212,631,12224,1071,27,2,74,558,642,377,404,9614,2,1527,531,6,57,6482,5613,6428,4,377,310,1663,348,1554,71881,31063,308,653,342,1675,13,114,3420,3,12,31,516,1,0,0,4,1,1,0,44,0,178,3,0,2,76,174,318,0,0,7,9,6,81,869,638,1,2,3,96,0,1,37
289,3258,14981,1612,89,6,83,1119,553,1648,619,1960,15,5294,547,70,4703,10556,1118,2825,8,1436,5687,12214,4849,6962,31063,110382,2955,747,701,2846,7,157,8280,3,14,252,484,1,0,1,13,15,4,5,39,0,256,9,1,37,105,146,167,0,11,35,336,21,126,692,1396,23,8,8,112,0,0,48
478,12,1646,828,9171,11,538,20677,1388,685,8678,15,1068,6,1100,52,3107,293,5,24,3216,9734,617,6167,21244,10,308,2955,73566,2261,10725,1,7,1824,3044,9,2,10,140,182,0,57,75,109,35,89,1,13,0,50,4,21,4,0,3,11,44,64,51,518,1,2,32,613,104,69,0,2,31,56
12387,19,587,511,333,587,2955,2976,6499,460,3125,1746,69,74,20593,84,51,914,125,137,152,1647,115,1557,2231,29,653,747,2261,114271,8457,31,3258,9446,5314,8,1,3,71,3,0,8,34,14,9,10,1,0,2,22,0,3,0,4,2,1,7,3,13,127,0,15,19,203,51,15,1,0,15,40
2035,8,1024,886,27,0,38,6650,600,410,294,44,3,6,2599,1,411,951,20,100,3,20706,469,6071,2044,2,342,701,10725,8457,49718,2,7,1678,7566,2,0,4,48,0,0,0,5,4,0,0,0,0,0,3,0,12,2,0,2,0,25,50,27,30,0,2,14,80,13,29,0,0,6,5
1,31,25,55,0,1,2,2,1,40,2,1487,0,2783,10,1,0,19,293,102,0,1,22,7,14,328,1675,2846,1,31,2,2603,1,0,211,0,1,0,11,0,0,0,0,0,0,0,9,0,89,0,0,0,1,19,12,0,1,0,0,1,32,89,113,0,1,0,32,0,0,0
12,0,6,1,3,3490,2529,16,5810,3,70,147,2,9,6212,95,1,3,7,1,5,1,0,9,9,0,13,7,7,3258,7,1,6642,1,369,0,0,0,0,0,0,1,0,1,0,0,0,0,0,0,0,0,0,0,0,0,0,0,0,0,0,0,1,3,1,0,0,0,0,0
210,8,84,204,81,0,51,349,116,203,388,26,8,0,376,11,13,139,3,43,13,755,47,344,1245,1,114,157,1824,9446,1678,0,1,10226,1557,7,1,0,38,3,0,1,14,2,2,1,0,0,0,6,0,4,0,0,0,0,5,7,8,47,0,3,6,95,21,13,0,0,3,12
382,305,1575,441,136,103,273,838,981,236,986,9729,30,367,1336,9,400,4948,815,2323,45,12250,286,11804,1250,324,3420,8280,3044,5314,7566,211,369,1557,49619,3,1,39,140,2,0,2,19,11,3,5,5,0,13,9,0,11,21,21,54,0,11,19,41,51,4,146,154,88,28,25,5,0,8,22
1,0,5,9,5,0,11,1,9,3,15,0,0,0,0,1,0,1,0,0,1,1,1,2,42,0,3,3,9,8,2,0,0,7,3,8755,15,247,139,14,3,99,9769,1974,181,399,61,5,3,10214,2,10,940,59,278,7,523,82,1318,282,2,685,518,935,11352,5231,7,10,138,556
0,37,4,21,0,0,0,0,0,0,0,1,0,4,0,0,1,10,1,1,1,0,5,2,1,2,12,14,2,1,0,1,0,1,1,15,4366,250,667,0,0,2,17,15,199,1,68,0,300,10,2,73,524,143,785,0,29,1303,116,147,2867,1859,4563,33,18,29,43,0,2,186
2,1,103,5,1,0,0,3,6,0,9,1,0,0,1,0,34,39,0,2,0,8,3,114,6,0,31,252,10,3,4,0,0,0,39,247,250,22104,200,3,6,81,1510,1629,18,210,55,1,22,1031,1,75,4847,89,959,0,473,157,12002,71,13,18415,13628,555,315,126,52,7,26,504
17,221,139,592,49,1,22,30,35,49,76,17,3,30,34,0,4,286,10,81,11,22,22,58,383,24,516,484,140,71,48,11,0,38,140,139,667,200,1071,54,0,60,429,153,1245,126,86,37,815,204,26,32,830,159,1404,11,54,796,178,2312,975,3000,2178,1069,624,434,81,4,110,350
0,0,0,3,612,0,14,2,10,13,203,0,35,0,3,2,0,0,0,0,193,0,0,0,120,0,1,1,182,3,0,0,0,3,2,14,0,3,54,19074,2,783,56,354,231,5236,1,7118,0,97,186,1,1,0,1,10737,2,9,12,8040,1,4,12,8915,99,5,0,2,13,50
0,0,0,0,0,0,1,0,0,0,3,0,0,0,0,0,0,0,0,0,1,0,0,1,3,0,0,0,0,0,0,0,0,0,0,3,0,6,0,2,9917,7465,10,3127,1,31,11,6,1,2223,2518,0,2,2,0,4,1,1,6,9,0,6,10,33,294,0,0,3333,0,24
2,0,0,7,80,0,42,3,15,10,148,0,17,0,5,0,0,0,0,0,17,1,0,0,108,0,0,1,57,8,0,0,1,1,2,99,2,81,60,783,7465,85789,1241,30156,219,23623,61,12689,2,3311,6204,3,23,6,18,1272,24,8,166,823,0,78,166,4031,1044,34,1,3305,45,201
6,0,1,21,27,0,23,7,14,5,76,0,3,0,8,2,6,2,0,0,2,3,2,7,139,0,4,13,75,34,5,0,0,14,19,9769,17,1510,429,56,10,1241,148736,7225,682,16190,54,153,2,14602,23,74,2163,70,442,16,3509,229,9786,1212,1,1487,1956,26633,3327,15592,10,38,400,1781
4,0,6,28,84,0,105,12,51,13,236,1,8,0,14,0,1,0,0,0,17,1,2,4,265,0,1,15,109,14,4,0,1,2,11,1974,15,1629,153,354,3127,30156,7225,87320,258,19243,288,661,13,41367,1051,10,752,51,191,328,316,64,2401,1005,1,1383,1703,5505,3921,293,10,8090,110,1145
2,1,1,20,57,0,15,2,5,16,91,0,2,2,7,0,1,1,0,0,5,0,0,1,84,1,1,4,35,9,0,0,0,2,3,181,199,18,1245,231,1,219,682,258,8315,221,8,1626,65,226,1266,33,53,9,76,55,35,2401,72,14418,90,169,619,1707,781,507,3,4,156,259
0,0,0,15,128,0,43,5,20,26,272,0,23,0,4,0,0,0,0,0,26,1,1,1,206,0,0,5,89,10,0,0,0,1,5,399,1,210,126,5236,31,23623,16190,19243,221,92859,13,11298,0,4381,189,15,56,7,12,7021,97,21,635,1447,1,111,411,19015,1220,110,0,46,103,518
0,1,0,2,0,0,0,0,0,0,0,6,0,25,0,0,1,0,7,7,0,0,0,0,1,4,44,39,1,1,0,9,0,0,5,61,68,55,86,1,11,61,54,288,8,13,52114,1,6908,794,2,4,930,10244,3430,1,63,10,252,6,156,6491,960,21,1001,121,2072,680,17,9038
0,0,0,0,16,0,4,1,0,2,33,0,362,0,0,0,0,0,0,0,1,0,0,0,18,0,0,0,13,0,0,0,0,0,0,5,0,1,37,7118,6,12689,153,661,1626,11298,1,52132,1,106,3900,0,1,0,2,20652,0,7,2,2298,2,2,18,1551,58,2,0,3,5,43
0,0,2,12,0,0,0,0,1,1,0,78,0,750,0,0,0,5,22,12,0,0,2,0,1,46,178,256,0,2,0,89,0,0,13,3,300,22,815,0,1,2,2,13,65,0,6908,1,21262,24,0,2,24,487,121,0,4,64,10,14,2404,913,3842,3,26,3,3761,19,0,161
0,0,3,11,29,1,36,8,20,4,84,0,3,0,13,0,1,0,0,0,5,0,1,5,133,0,3,9,50,22,3,0,0,6,9,10214,10,1031,204,97,2223,3311,14602,41367,226,4381,794,106,24,103923,61,16,1101,132,318,84,445,80,2323,589,3,1338,1146,2362,14464,799,23,7881,81,3030
0,0,0,0,1,0,0,0,0,0,4,0,1,0,0,0,0,0,0,0,0,0,1,0,7,0,0,1,4,0,0,0,0,0,0,2,2,1,26,186,2518,6204,23,1051,1266,189,2,3900,0,61,11720,1,3,0,0,176,1,5,4,447,1,1,12,157,25,1,0,50,1,4
1,0,5,42,0,0,1,3,3,1,1,0,0,0,1,0,99,3,0,0,0,67,207,161,25,0,2,37,21,3,12,0,0,4,11,10,73,75,32,1,0,3,74,10,33,15,4,0,2,16,1,23891,136,4,24,1,4083,4040,15052,2126,3,88,4697,1500,26,765,0,0,13,225
0,2,49,6,1,0,1,1,1,0,1,4,0,2,1,0,2,44,3,11,0,3,6,16,4,4,76,105,4,0,2,1,0,0,21,940,524,4847,830,1,2,23,2163,752,53,56,930,1,24,1101,3,136,21456,578,8711,0,1183,192,12520,179,51,7631,10012,504,787,1449,45,5,79,4796
0,0,4,2,0,0,0,0,1,0,0,24,0,38,0,0,0,7,19,21,0,3,0,1,0,5,174,146,0,4,0,19,0,0,21,59,143,89,159,0,2,6,70,51,9,7,10244,0,487,132,0,4,578,10646,9229,0,31,17,191,16,221,4507,1646,19,152,74,585,35,13,1758
0,2,18,10,0,0,1,0,2,1,0,25,0,14,0,0,2,43,20,57,0,0,2,10,0,5,318,167,3,2,2,12,0,0,54,278,785,959,1404,1,0,18,442,191,76,12,3430,2,121,318,0,24,8711,9229,22816,0,179,135,1146,99,389,6510,6916,96,389,404,182,45,42,5571
0,0,0,2,25,0,3,1,2,2,34,0,70,0,0,0,0,0,0,0,6,0,0,0,25,0,0,0,11,1,0,0,0,0,0,7,0,0,11,10737,4,1272,16,328,55,7021,1,20652,0,84,176,1,0,0,0,6211,2,0,2,2510,0,1,5,2249,67,1,0,5,2,26
0,0,1,46,0,0,1,5,2,1,2,0,0,0,1,0,37,3,0,0,0,67,71,24,32,0,0,11,44,7,25,1,0,5,11,523,29,473,54,2,1,24,3509,316,35,97,63,0,4,445,1,4083,1183,31,179,2,58584,2107,24809,1200,6,235,922,10653,610,19022,5,6,178,6538
1,1,5,142,6,0,3,2,5,2,10,1,0,1,3,0,89,3,0,1,0,114,368,45,66,0,7,35,64,3,50,0,0,7,19,82,1303,157,796,9,1,8,229,64,2401,21,10,7,64,80,5,4040,192,17,135,0,2107,10298,1718,9802,116,310,5334,1454,281,1881,10,1,116,239
8,0,65,47,2,0,4,13,6,1,13,0,0,0,13,0,368,15,1,3,0,130,226,654,62,0,9,336,51,13,27,0,0,8,41,1318,116,12002,178,12,6,166,9786,2401,72,635,252,2,10,2323,4,15052,12520,191,1146,2,24809,1718,87328,1493,11,4371,16855,10765,1164,7846,32,14,176,8173
8,1,6,112,463,1,217,47,119,120,902,0,27,0,63,5,8,7,0,0,102,28,18,12,1044,0,6,21,518,127,30,1,0,47,51,282,147,71,2312,8040,9,823,1212,1005,14418,1447,6,2298,14,589,447,2126,179,16,99,2510,1200,9802,1493,64667,32,332,3737,20245,1582,1165,5,10,463,812
0,1,0,4,0,0,0,0,0,3,0,29,0,92,0,0,0,1,18,7,0,0,0,0,0,19,81,126,1,0,0,32,0,0,4,2,2867,13,975,1,0,0,1,1,90,1,156,2,2404,3,1,3,51,221,389,0,6,116,11,32,6432,1282,3179,2,5,9,284,0,2,70
2,7,66,37,0,0,0,2,3,2,2,110,0,122,3,0,7,117,85,165,0,4,5,28,6,34,869,692,2,15,2,89,0,3,146,685,1859,18415,3000,4,6,78,1487,1383,169,111,6491,2,913,1338,1,88,7631,4507,6510,1,235,310,4371,332,1282,83776,32200,369,613,345,2798,24,44,1191
6,19,278,32,8,0,5,17,15,4,18,126,1,240,4,0,174,115,83,102,1,32,57,497,48,65,638,1396,32,19,14,113,1,6,154,518,4563,13628,2178,12,10,166,1956,1703,619,411,960,18,3842,1146,12,4697,10012,1646,6916,5,922,5334,16855,3737,3179,32200,101805,2380,771,705,2842,20,76,2853
23,0,7,115,399,1,201,54,148,95,763,2,26,2,77,4,16,3,0,0,66,66,19,31,1272,1,1,23,613,203,80,0,3,95,88,935,33,555,1069,8915,33,4031,26633,5505,1707,19015,21,1551,3,2362,157,1500,504,19,96,2249,10653,1454,10765,20245,2,369,2380,112683,3869,9819,0,31,1596,4174
7,1,3,35,39,0,48,15,42,9,86,2,6,0,24,0,2,1,0,0,3,8,2,8,300,0,2,8,104,51,13,1,1,21,28,11352,18,315,624,99,294,1044,3327,3921,781,1220,1001,58,26,14464,25,26,787,152,389,67,610,281,1164,1582,5,613,771,3869,151590,5454,28,5045,6132,4146
1,0,4,23,6,0,5,9,10,6,7,0,0,0,8,0,17,1,0,1,0,35,21,5,57,0,3,8,69,15,29,0,0,13,25,5231,29,126,434,5,0,34,15592,293,507,110,121,2,3,799,1,765,1449,74,404,1,19022,1881,7846,1165,9,345,705,9819,5454,55874,5,13,821,6408
0,2,2,3,0,0,0,0,0,0,0,29,0,93,0,0,0,0,15,12,0,0,0,0,0,14,96,112,0,1,0,32,0,0,5,7,43,52,81,0,0,1,10,10,3,0,2072,0,3761,23,0,0,45,585,182,0,5,10,32,5,284,2798,2842,0,28,5,1396,8,0,156
0,0,0,1,1,0,2,0,2,0,3,0,0,0,0,0,0,0,0,0,0,0,0,0,3,0,0,0,2,0,0,0,0,0,0,10,0,7,4,2,3333,3305,38,8090,4,46,680,3,19,7881,50,0,5,35,45,5,6,1,14,10,0,24,20,31,5045,13,8,12245,1,844
3,1,0,10,6,0,5,2,11,2,22,0,0,1,6,0,0,0,0,0,0,4,0,1,86,0,1,0,31,15,6,0,0,3,8,138,2,26,110,13,0,45,400,110,156,103,17,5,0,81,1,13,79,13,42,2,178,116,176,463,2,44,76,1596,6132,821,0,1,5538,1251
1,1,6,19,25,0,16,12,28,5,47,3,0,3,9,0,12,15,0,7,3,7,9,21,136,0,37,48,56,40,5,0,0,12,22,556,186,504,350,50,24,201,1781,1145,259,518,9038,43,161,3030,4,225,4796,1758,5571,26,6538,239,8173,812,70,1191,2853,4174,4146,6408,156,844,1251,43985
