9.95479333900146,138.789837646484,92.5503937675839,77.6461718877157,88.7061950683594,0,91.8066552877426,25.7091271958691,51.8296592662038,73.7800993560463,46.8457589944204,133.648388453892,109.892054239909,177.981597900391,17.2096136484085,80.8390331268311,152.880989074707,104.320692550304,165.712768554688,128.603296453303,93.8187408447266,77.281638616248,109.259661730598,88.6650928068656,81.948869268773,0,117.144889224228,126.32614440918,77.3474081960218,18.2650176659433,28.0257136307831,0,105.434125900269,56.991424517198,104.038101463987,145.412864685059,0,164.499075995551,95.3271425035265,0,0,0,151.15520324707,181.368270874023,120.167221069336,207.969985961914,0,122.778198242188,0,186.300791422526,0,131.895416259766,198.222849527995,0,0,0,0,120.35940806071,180.568852742513,133.409173965454,0,0,188.857810126411,142.732266594382,157.718965148926,139.35905456543,0,0,170.495432535807,167.837341308594
138.789837646484,8.02762706495929,49.6115252244557,21.0218245787699,0,93.8831176757812,163.650039672852,147.379664611816,161.027764320374,83.461168567481,0,62.9933907003964,0,46.0031866442605,156.940816061837,112.280685424805,93.0885642369588,58.1011369659424,71.0280192091658,58.6389134898173,165.935302734375,101.693858096474,27.6714923872623,69.7418481158866,87.4436047043911,25.6378602587434,51.1286423285363,34.3930071891747,128.601932525635,129.421403312683,115.614541795519,66.4600323722476,206.172576904297,108.199648539225,59.4927135983804,0,0,131.974541255406,74.8032286507743,0,0,0,206.092254638672,223.059051513672,105.05982208252,192.825775146484,90.3652610778809,203.347686767578,70.0110816955566,0,0,0,127.543058607313,125.135765075684,140.512201944987,0,0,101.172138214111,173.900707244873,128.697723388672,73.419308980306,126.988629150391,127.719053056505,0,0,0,0,0,0,142.791439819336
92.5503937675839,49.6115252244557,11.7612075810355,47.26212657796,171.633548736572,147.413703918457,151.863591856876,94.8699212703833,125.755439615852,117.770103544347,109.744168433229,116.755584380206,137.047058105469,98.8322738647461,114.067272396284,141.112688237971,91.7712498176389,36.5571995390392,90.0971897670201,80.0712366188522,170.137474060059,57.1272162389064,52.5184394027695,29.5289175451757,115.477652429883,76.7487869262695,32.9791881350095,38.4063466570808,80.5699120729852,114.665266444626,87.5440024945376,90.1724531991141,188.647914539684,107.820123713067,77.2154871076758,152.502437046596,141.731030782064,92.4394060139621,65.6674176384421,0,0,200.177490234375,148.572635743676,183.756946563721,0,168.853565216064,142.648333740234,0,178.21533203125,176.436855740017,0,118.075875282288,115.454938715154,159.658746337891,136.776370295772,0,130.993656864873,59.0980783976041,111.778826330462,146.350533118615,153.914093017578,120.003854539659,100.238305780623,163.147780282157,177.599266639123,145.900098528181,0,0,0,111.749057954955
77.6461718877157,21.0218245787699,47.26212657796,15.6116266283345,63.4708996084001,151.093388875326,96.6689512687817,66.3476585272792,91.3002476966987,16.8542921215502,87.6336839250523,60.5302562713623,102.257739914788,43.5650899246402,99.7805361567317,69.9112051450289,38.9423566084552,61.623119200198,69.1482847564074,64.2200149597881,96.7547046661377,53.6042510868126,24.8223955548379,53.2551237078189,43.7590328213554,26.5646533808432,54.8860731339599,51.1280617864063,53.7021795039886,84.6290662242555,61.4636618915726,66.7887723586139,130.858081393772,67.106926976418,63.5969764508699,85.3988978068034,68.80885887146,77.4111930211385,24.4656773037381,100.600407918294,0,156.28218460083,104.786508560181,124.281559753418,84.7637815475464,101.433670043945,66.505215364344,166.071765899658,49.7592600620154,130.875096638997,87.3848037719727,57.9749636332194,96.780276047556,65.9676507485879,81.7826609404191,0,72.087924254568,28.4447682554072,71.7391855359653,69.0572448331256,34.8398333180625,68.183088655825,70.6783770588995,84.8742475912605,113.130823379908,79.0749740600586,56.0541276931763,0,91.471826171875,97.4510037740072
88.7061950683594,0,171.633548736572,63.4708996084001,11.305575600007,121.711597442627,67.3875074871516,53.6553073922793,94.8396751907637,44.8014362033478,27.9158507739104,0,34.3949913688885,0,112.242506555992,69.6790895596356,0,184.722640991211,0,0,19.0179143581777,0,127.024345397949,0,18.2482243633174,0,0,126.939334324428,16.7413176479498,105.725848889225,92.2432301839193,0,146.023633684431,83.9164545395795,103.485641956329,138.068685531616,0,0,116.367876870292,40.3338632883516,0,146.227020062898,128.788261922201,165.150644128973,89.6881395422894,138.054733728108,205.313812255859,31.8924297627772,0,178.737178039551,131.690383911133,0,0,0,0,75.8481102813374,0,105.246753692627,139.967681884766,104.562938754926,0,243.395233154297,205.300933837891,123.459429812157,173.718788146973,161.055885314941,0,209.045913696289,150.54528427124,171.372639973958
0,93.8831176757812,147.413703918457,151.093388875326,121.711597442627,7.54973286729548,16.1190930061609,124.484366165964,22.2498375671626,58.5869749854593,119.3649022029,57.4888449380564,104.625039907602,78.477409362793,33.4674672258927,15.2762528520105,0,202.547653198242,0,67.8227310180664,127.566843032837,0,0,180.225311279297,89.2800420125325,183.107513427734,191.089691162109,115.291679382324,133.345164775848,24.0653381248315,0,0,10.7675667992012,0,32.4583718398522,0,0,0,0,0,0,0,181.013290405273,0,0,0,0,0,0,0,0,0,0,0,0,0,0,0,0,203.450775146484,0,0,0,175.504943847656,0,0,0,0,0,0
91.8066552877426,163.650039672852,151.863591856876,96.6689512687817,67.3875074871516,16.1190930061609,11.9425488503949,71.1363858018461,23.6603904072413,88.3889650702477,33.392523391467,77.4533949022169,25.1898633647247,87.5394775390625,38.9340144085245,13.3657807685365,115.669258117676,159.496839523315,170.156120300293,204.448397827148,39.2782695386677,137.406342188517,101.938911437988,147.107641953688,87.3331750341621,181.915603637695,175.521853988235,171.329936981201,76.5530374777563,64.0564914069833,130.086266994476,108.134147644043,12.9154667248074,116.407520000751,61.3133150528888,178.708650377062,0,188.437927246094,199.020670572917,169.800259399414,209.427795410156,191.523983764648,157.801417032878,185.331596637594,112.12984975179,174.086946165407,0,45.0819254108504,0,194.255883676034,0,0,0,0,0,186.14992581881,220.925247192383,0,215.100654602051,143.885868144485,0,243.64762878418,0,163.334536369811,193.354312318744,175.631144205729,0,0,197.805545043945,194.31236606174
25.7091271958691,147.379664611816,94.8699212703833,66.3476585272792,53.6553073922793,124.484366165964,71.1363858018461,11.0355625093539,66.040852564413,60.5324247259843,20.930337610203,147.643579406738,68.9994629002825,176.80158996582,52.6032099268941,85.7428146362305,126.421341578166,121.012710536689,161.35124206543,150.533372624715,117.567733154297,65.5975596167304,110.775511644889,77.7775210231961,61.657837847249,173.477149963379,128.941195249962,120.48756776252,26.5079187291201,63.3454659818038,20.3516609854056,162.30005645752,131.573167004632,70.6013934402466,91.8288724607062,148.349501609802,0,161.584232724946,83.8232601964197,152.341387430827,0,151.211400858561,137.361938075015,163.184528492115,118.999994277954,149.87354555997,199.438140869141,165.224555969238,0,169.964888300214,0,159.395645141602,204.998603820801,0,0,141.886322021484,149.061484200614,119.459254264832,186.650719197591,113.086013260283,0,208.199401855469,166.708385266756,128.374005930047,159.382385830919,140.887135505676,0,202.939987182617,159.968882446289,158.10042696583
51.8296592662038,161.027764320374,125.755439615852,91.3002476966987,94.8396751907637,22.2498375671626,23.6603904072413,66.040852564413,13.1654070345568,90.0058132307466,50.0663280799904,68.1110441652063,88.2570872908864,91.9728562998217,20.2894453567147,28.55401466768,179.625864301409,138.439529122247,127.170705795288,167.042301881661,94.0252192183953,110.078299971651,141.222191297091,115.493288978177,91.6752616776976,137.777130126953,152.457410407006,156.851205004803,86.5134411271996,48.1064282303115,83.9197771668434,155.121469116211,25.0137543950346,103.666924420525,53.8344836910524,178.790080317744,0,195.38244387978,121.392511541193,169.86549104963,0,182.815218183729,158.060940798591,193.289177594866,137.998508677763,179.278066635132,0,126.443688025841,234.198333740234,193.372821905674,166.346755981445,0,209.616333007812,0,208.36279296875,189.987986246745,212.556889851888,159.264616394043,202.818878173828,140.941119370416,0,196.858989715576,179.885289873396,157.309726069955,191.092482559324,179.283000946045,0,0,185.224616555607,192.376584370931
73.7800993560463,83.461168567481,117.770103544347,16.8542921215502,44.8014362033478,58.5869749854593,88.3889650702477,60.5324247259843,90.0058132307466,8.61315665301705,72.977049818984,142.78099822998,12.6574939365107,125.190175515634,97.0965916525104,22.9864256485166,118.063235473633,130.477834452054,146.120397047563,139.894428561193,41.1511136105186,102.676768134622,34.0860287237976,125.068484707155,21.7209152816411,110.906619774367,128.418660695121,117.78253460981,53.1060826672204,85.6653793459405,65.4518834148664,143.708806471391,131.109909057617,72.7213435437944,103.579863610206,130.577991485596,0,160.763692220052,33.4599225362142,102.502750912228,0,106.417069329156,102.348688602448,141.539683466372,54.014243333236,103.409981650868,188.482833862305,115.002297083537,140.530242919922,142.632790305398,0,155.802780151367,0,0,0,111.604887309827,136.603729248047,74.6495475769043,123.690376281738,62.3742881059647,132.414184570312,179.640724182129,185.089282989502,100.24234190265,127.288684187264,108.103825378418,0,174.373748779297,102.929728190104,112.111828730657
46.8457589944204,0,109.744168433229,87.6336839250523,27.9158507739104,119.3649022029,33.392523391467,20.930337610203,50.0663280799904,72.977049818984,11.7602260039636,149.355447099016,27.9489246218049,178.775909423828,81.4831834052518,76.2409290253647,142.226490020752,141.960956243821,168.277290344238,164.00782585144,22.2395686098445,92.2227823822587,131.376200358073,98.160341913693,53.0317188232107,0,146.289394465756,141.260666036606,28.1564196177141,102.622721615739,61.4920008523124,195.088912963867,129.521666746369,93.4911822548395,108.052495531265,171.979535883123,0,176.088084629604,150.24235619439,149.552199763636,0,169.728156895791,143.315881533043,181.223561326118,118.420631533763,163.36585019932,0,86.2397596614305,0,193.359226154831,177.413609822591,153.756286621094,243.036972045898,0,0,162.971758842468,0,189.289306640625,175.262619018555,122.234131493152,214.692504882812,0,177.241201400757,151.224619334116,187.021016665867,205.146779378255,0,237.754135131836,187.714713096619,189.920811631944
133.648388453892,62.9933907003964,116.755584380206,60.5302562713623,0,57.4888449380564,77.4533949022169,147.643579406738,68.1110441652063,142.78099822998,149.355447099016,13.0475662019474,125.678796768188,23.1327101849494,64.2720149402887,117.491453806559,122.477279663086,53.9799650070233,22.8432386633687,21.2290640697978,152.883438110352,96.4412378311157,95.6244786785495,80.0314912760033,154.63798160553,27.4486758688417,28.3591606504305,54.871355695101,145.299981368215,58.5247515996297,104.071840174058,32.6042613980391,55.3145007862235,104.040272889314,23.9621209136646,0,95.4235977172852,133.102872212728,66.9141088213239,0,0,0,232.895492553711,0,0,0,103.045944213867,0,68.6230003161308,0,0,0,140.595452528733,107.457176632351,111.069508602745,0,187.354156494141,102.418701171875,149.264447021484,205.365020751953,54.4190049171448,103.531302160146,106.744240452693,186.204177856445,223.990783691406,163.703252156576,105.922131856283,0,0,124.419999864366
109.892054239909,0,137.047058105469,102.257739914788,34.3949913688885,104.625039907602,25.1898633647247,68.9994629002825,88.2570872908864,12.6574939365107,27.9489246218049,125.678796768188,10.7929268556915,184.33177947998,110.676914372335,12.0976442967994,0,0,0,166.660171508789,15.4939959158646,102.394073486328,70.9301503499349,174.443935394287,21.1489085755776,181.83642578125,177.765769958496,174.318099975586,51.4995401785271,109.689418974377,92.8640594482422,0,125.297042113084,105.092115402222,116.647046234648,181.847305297852,0,0,0,65.5116648276647,0,67.1484298706055,143.696534729004,151.933959960938,65.2978294372559,98.4923306072459,0,14.5133363934432,0,156.648779551188,68.7620519002279,0,0,0,0,12.743605144872,0,0,186.002471923828,117.645473260146,0,0,0,131.967009824865,186.307225545247,0,0,0,0,146.342353820801
177.981597900391,46.0031866442605,98.8322738647461,43.5650899246402,0,78.477409362793,87.5394775390625,176.80158996582,91.9728562998217,125.190175515634,178.775909423828,23.1327101849494,184.33177947998,7.60955177505463,93.2822616365221,144.449673243931,136.368558247884,81.2190522586598,47.8456977956435,60.2002907408971,0,109.636558532715,84.5605483766812,114.359447297596,131.830244406676,18.6566855834425,42.4679247434022,34.1049896112571,146.43708190918,91.8549945934399,160.060928344727,12.1430064952826,77.9828455607096,125.119174957275,52.1530467458518,0,60.7273385789659,129.043647766113,53.8849092125893,0,0,0,204.397109985352,0,158.171188354492,0,78.576122941642,0,56.7769670364705,0,0,0,130.501412709554,88.988000869751,100.94395085385,0,0,101.578025817871,0,184.713582356771,46.0965045224065,90.5701649136013,89.0565730571747,0,215.019805908203,0,82.7894085475377,0,0,132.646129608154
17.2096136484085,156.940816061837,114.067272396284,99.7805361567317,112.242506555992,33.4674672258927,38.9340144085245,52.6032099268941,20.2894453567147,97.0965916525104,81.4831834052518,64.2720149402887,110.676914372335,93.2822616365221,10.177370806231,41.4488597565414,171.479654100206,123.782494748739,126.488677978516,144.459987524784,107.64701601464,94.2313967427735,129.759957576144,106.124372012132,103.632679437733,142.884887695312,139.633496076302,144.464652651832,96.5742877993822,24.4648218470132,65.1233686184211,130.806396484375,16.3375714724301,37.8710393105024,50.3697078737823,188.821601585106,0,184.758357835853,123.053749794184,188.481059483119,0,194.912376002262,166.570100938952,201.915941740337,150.042028573843,190.689744411371,0,135.437935755803,0,207.72752247686,0,116.922134399414,203.125157674154,0,166.184799194336,179.735628763835,188.001953125,155.996875762939,194.070929391044,156.147570317334,0,186.354168701172,196.031196899414,167.354427141013,194.187245411916,181.927140235901,0,0,183.626232910156,189.370297600241
80.8390331268311,112.280685424805,141.112688237971,69.9112051450289,69.6790895596356,15.2762528520105,13.3657807685365,85.7428146362305,28.55401466768,22.9864256485166,76.2409290253647,117.491453806559,12.0976442967994,144.449673243931,41.4488597565414,7.95808711004168,0,160.899481201172,227.038681030273,169.984517415365,46.2548009236654,145.165576934814,85.2382990519206,155.299454243978,41.1705374149639,146.366792678833,167.194967142741,142.309987703959,82.6682224586362,99.7170896335524,96.9395065307617,169.081695556641,40.5317212089163,101.774490356445,87.0860567092896,0,0,219.681030273438,0,199.556182861328,0,180.950668334961,0,205.349891662598,0,138.412021636963,0,55.9645458568226,0,190.766209920247,0,0,0,0,0,0,0,0,0,144.914858500163,0,0,218.633590698242,188.903457641602,0,0,0,0,0,0
152.880989074707,93.0885642369588,91.7712498176389,38.9423566084552,0,0,115.669258117676,126.421341578166,179.625864301409,118.063235473633,142.226490020752,122.477279663086,0,136.368558247884,171.479654100206,0,14.471548017817,113.14050177524,148.18653678894,129.609676585478,0,27.81708107078,31.0314036411131,24.2411160256847,36.7130067949536,105.85381825765,116.082854679653,34.6330098050779,45.8103534881827,137.786802786368,81.7968049834046,123.864475250244,149.190017700195,123.429578145345,82.2084868030013,0,0,114.888156700134,57.399444297508,0,0,0,139.792147636414,137.884757995605,0,170.695220947266,135.16845703125,0,122.663841247559,174.5739402771,0,15.6698638281691,138.868121555873,185.759521484375,167.303993225098,0,52.9582689285278,41.5931910505662,52.4491517720078,35.3342110490799,0,156.737735748291,63.0673167478471,90.4209571694428,134.913414001465,117.15289514715,0,0,121.750459289551,115.059444799656
104.320692550304,58.1011369659424,36.5571995390392,61.623119200198,184.722640991211,202.547653198242,159.496839523315,121.012710536689,138.439529122247,130.477834452054,141.960956243821,53.9799650070233,0,81.2190522586598,123.782494748739,160.899481201172,113.14050177524,10.9532012976698,53.5707784930602,23.5444740641567,207.938209533691,73.9055620817829,85.6321544055192,26.8809158156403,131.530212173919,69.6374834454249,33.088701011843,67.4733240730763,122.444158627654,109.491826360311,89.6366753706291,81.2783448355539,169.605403900146,93.2136158307393,46.3679495873965,185.917882283529,133.115986294217,112.973554468429,81.0805311763988,222.9836769104,0,0,190.657379150391,199.427622477214,173.128500366211,0,138.936825343541,0,126.053642272949,210.764892578125,0,155.966011047363,124.258625377308,142.331994056702,129.047241079396,0,168.524419148763,102.416418552399,134.544660614758,175.557900428772,105.668533325195,115.515755003365,114.355526918059,186.293798593374,197.455998738607,171.036605834961,222.517333984375,186.657135009766,0,125.072348334573
165.712768554688,71.0280192091658,90.0971897670201,69.1482847564074,0,0,170.156120300293,161.35124206543,127.170705795288,146.120397047563,168.277290344238,22.8432386633687,0,47.8456977956435,126.488677978516,227.038681030273,148.18653678894,53.5707784930602,7.6450475455102,15.3416903684413,0,122.130460103353,106.958765411377,89.1062916346959,155.690110948351,51.0327124905277,30.0661631209324,61.9680743004342,177.155080159505,127.020525614421,130.461411612374,48.3573607042961,87.3033599853516,112.815355936686,58.4958189588605,0,0,149.293193817139,71.7971738179525,0,0,0,0,0,180.644882202148,0,107.807962690081,0,83.9928694504958,0,0,0,142.582195281982,114.009707364169,126.060414400968,0,0,0,168.442970275879,221.254745483398,71.9676371983119,118.382933298747,108.935161209106,229.145355224609,0,0,102.958953857422,0,0,122.311643981934
128.603296453303,58.6389134898173,80.0712366188522,64.2200149597881,0,67.8227310180664,204.448397827148,150.533372624715,167.042301881661,139.894428561193,164.00782585144,21.2290640697978,166.660171508789,60.2002907408971,144.459987524784,169.984517415365,129.609676585478,23.5444740641567,15.3416903684413,9.70750745749605,0,91.6431915458592,105.015680382289,66.866307389227,149.548985711459,47.8745325213281,31.6606680323697,63.5315515651119,149.881666629872,116.87039047588,110.784036700645,53.6575343531421,100.436417388916,99.3527169799805,42.9374143949151,172.58219909668,115.556156158447,132.898502193085,76.4182526724679,0,0,0,212.004918416341,223.815200805664,0,0,116.238450913202,223.370559692383,98.0861564049354,216.326751708984,0,0,135.10612999903,115.34864285626,115.820313733033,0,199.330301920573,106.723176574707,166.719403006814,193.593828837077,74.0381873526224,106.888898782563,107.304560682892,227.240661621094,159.546875,187.936187744141,109.852811540876,0,0,126.34724359927
93.8187408447266,165.935302734375,170.137474060059,96.7547046661377,19.0179143581777,127.566843032837,39.2782695386677,117.567733154297,94.0252192183953,41.1511136105186,22.2395686098445,152.883438110352,15.4939959158646,0,107.64701601464,46.2548009236654,0,207.938209533691,0,0,13.5804569389417,0,0,203.158008575439,19.4163417587349,0,218.619216918945,168.139305114746,33.469964473101,107.214459287203,159.311065673828,176.079956054688,133.180256199192,104.83190536499,109.715666413307,182.994911193848,0,0,163.988021850586,73.3134141303291,0,165.165465134841,166.068856981066,174.575358671301,98.009709578294,157.67984187914,0,13.0982749770888,0,206.119615827288,200.368515014648,0,0,0,0,110.038531727261,0,0,0,117.048215571666,0,0,240.698806762695,146.821627056788,190.825849533081,0,0,0,177.888732910156,171.080014546712
77.281638616248,101.693858096474,57.1272162389064,53.6042510868126,0,0,137.406342188517,65.5975596167304,110.078299971651,102.676768134622,92.2227823822587,96.4412378311157,102.394073486328,109.636558532715,94.2313967427735,145.165576934814,27.81708107078,73.9055620817829,122.130460103353,91.6431915458592,0,13.190044092175,58.4687743816279,28.1617276478798,32.1210958584332,0,109.100995977994,69.8233249387668,36.8589294031825,56.3751828554749,25.527557534112,169.335289001465,140.612589518229,48.6454896059903,46.2405356121996,145.745620727539,0,137.599212793203,68.70786404136,0,0,145.480453491211,152.222903858532,163.303117752075,90.739631652832,0,167.751907348633,205.489334106445,0,174.868892669678,0,106.666874265208,165.473255157471,0,166.670978546143,0,115.616464636792,76.9275767008464,121.951625555334,91.4977875567497,0,178.095781962077,132.148296757748,119.644850723832,140.800327994607,118.726985838355,0,0,124.014382755055,122.04975373068
109.259661730598,27.6714923872623,52.5184394027695,24.8223955548379,127.024345397949,0,101.938911437988,110.775511644889,141.222191297091,34.0860287237976,131.376200358073,95.6244786785495,70.9301503499349,84.5605483766812,129.759957576144,85.2382990519206,31.0314036411131,85.6321544055192,106.958765411377,105.015680382289,0,58.4687743816279,7.58480100218206,55.8329380742631,24.1890763233655,71.0722141459088,87.6455772114896,46.8603074665209,53.8112852173447,100.41821781456,65.3668382973507,109.125544604133,119.06477355957,77.7180689031428,66.7611679085644,0,0,92.79305768013,51.5934753417969,153.388442993164,0,0,104.165818956163,169.575714111328,115.828369140625,116.505645751953,146.051483154297,0,93.1131805419922,154.46392364502,0,55.8575687408447,119.420904371474,113.118232727051,155.520046234131,128.508804321289,90.4524335359272,10.5227598233284,81.110062789917,94.7427103860038,84.3750202178955,142.241591771444,86.6910907805912,93.3451684805063,142.946856689453,126.245559692383,0,0,153.198883056641,118.487382071359
88.6650928068656,69.7418481158866,29.5289175451757,53.2551237078189,0,180.225311279297,147.107641953688,77.7775210231961,115.493288978177,125.068484707155,98.160341913693,80.0314912760033,174.443935394287,114.359447297596,106.124372012132,155.299454243978,24.2411160256847,26.8809158156403,89.1062916346959,66.866307389227,203.158008575439,28.1617276478798,55.8329380742631,16.5187612580591,83.4326827562772,111.510994720459,72.0827378581934,53.9902358088031,60.379155501027,87.2081454756012,59.0885743289392,121.590796576606,156.121007442474,75.1040051751556,51.152851786286,167.620329793294,166.365718841553,106.758576797823,66.2627982025535,223.571296691895,0,182.292602539062,157.666140529088,180.40680040632,134.978439331055,154.323265075684,162.123155212402,0,195.667938232422,177.125775056727,0,70.6270486386617,135.010436041507,177.826662699382,158.841997454243,241.437759399414,86.8075058328903,69.3173800102827,108.669584741241,119.562022172488,147.788790384928,141.25900944074,109.58306656858,150.04350157707,188.537480831146,133.128392289324,0,0,157.768801371257,122.252816604356
81.948869268773,87.4436047043911,115.477652429883,43.7590328213554,18.2482243633174,89.2800420125325,87.3331750341621,61.657837847249,91.6752616776976,21.7209152816411,53.0317188232107,154.63798160553,21.1489085755776,131.830244406676,103.632679437733,41.1705374149639,36.7130067949536,131.530212173919,155.690110948351,149.548985711459,19.4163417587349,32.1210958584332,24.1890763233655,83.4326827562772,10.4478152823514,114.032189089949,131.65868253223,84.8584809871349,21.2560223352268,89.2944570457551,71.5319338305913,152.617723352769,146.536537959658,75.8597227853353,94.6529410877249,136.162641805013,0,152.980163574219,63.6787404660825,113.82597299832,154.88037109375,133.486888744213,115.218260762327,152.114930601378,76.0439106605572,121.010491055256,208.702758789062,127.729221527393,165.74718170166,155.850020356881,77.2106552124023,100.970811173723,183.402267456055,201.927169799805,206.984245300293,119.651248120886,118.264084889339,58.6789221922557,134.475468239088,84.4050051843587,111.285926818848,187.323684692383,161.93781883772,110.783643412516,142.897758014618,119.373444511777,0,183.351150512695,127.529260536476,132.396604458121
0,25.6378602587434,76.7487869262695,26.5646533808432,0,183.107513427734,181.915603637695,173.477149963379,137.777130126953,110.906619774367,0,27.4486758688417,181.83642578125,18.6566855834425,142.884887695312,146.366792678833,105.85381825765,69.6374834454249,51.0327124905277,47.8745325213281,0,0,71.0722141459088,111.510994720459,114.032189089949,10.3550383178269,43.2319773570397,25.9349568978949,141.213410949707,135.547594918145,131.111706542969,44.6934379208472,70.8404388427734,132.322193908691,57.2862494514102,0,71.5619583129883,155.666915893555,44.2845255199232,185.1025390625,0,0,0,0,133.738906860352,0,74.9282803535461,0,50.2173495648512,187.652206420898,0,0,127.652221679688,78.3352298736572,86.9753196716309,0,105.421768188477,112.333587646484,140.829086303711,0,33.7126556866205,71.1271585888333,77.0926606985239,194.577896118164,0,0,70.7708260218302,0,0,91.0481109619141
117.144889224228,51.1286423285363,32.9791881350095,54.8860731339599,0,191.089691162109,175.521853988235,128.941195249962,152.457410407006,128.418660695121,146.289394465756,28.3591606504305,177.765769958496,42.4679247434022,139.633496076302,167.194967142741,116.082854679653,33.088701011843,30.0661631209324,31.6606680323697,218.619216918945,109.100995977994,87.6455772114896,72.0827378581934,131.65868253223,43.2319773570397,16.2310972577271,41.8302360771288,128.405004441269,130.659879376634,111.66128717443,26.8948828391056,145.725216293335,126.583678654262,69.4448132008284,190.423742675781,102.043234688895,112.823843330145,55.149656278593,0,0,0,175.031980514526,229.625503540039,164.604766845703,197.731971740723,109.268088138465,0,80.5754990448823,193.374323527018,195.184600830078,161.174263000488,115.067131857974,112.424892028809,112.522252969181,0,156.516361999512,116.865492600661,135.24512834369,169.948152021928,63.6800148661544,102.177704507744,102.476232987324,172.897613525391,195.383657667372,162.174995422363,106.872310638428,0,0,119.607902526855
126.32614440918,34.3930071891747,38.4063466570808,51.1280617864063,126.939334324428,115.291679382324,171.329936981201,120.48756776252,156.851205004803,117.78253460981,141.260666036606,54.871355695101,174.318099975586,34.1049896112571,144.464652651832,142.309987703959,34.6330098050779,67.4733240730763,61.9680743004342,63.5315515651119,168.139305114746,69.8233249387668,46.8603074665209,53.9902358088031,84.8584809871349,25.9349568978949,41.8302360771288,17.0420111214246,80.4450944972338,132.094239145629,114.831542820766,32.4967815551291,119.984235854376,120.754193396795,68.243883174979,159.241137052837,117.286092996597,96.4655829229314,65.9870623939916,198.233779907227,0,204.181739807129,152.924065351486,180.022892345082,161.149729728699,185.158276875814,108.251397196452,0,77.3434069349959,173.73550245497,0,111.872989189334,122.827260701497,111.897014858848,110.748860139802,0,124.601234536422,61.1374025740154,112.9831063654,139.762810897827,65.1858800166362,108.280069505846,97.515726399387,158.384777909618,184.062361283736,144.416423182334,111.480677032471,226.014633178711,183.801992416382,118.905645037229
77.3474081960218,128.601932525635,80.5699120729852,53.7021795039886,16.7413176479498,133.345164775848,76.5530374777563,26.5079187291201,86.5134411271996,53.1060826672204,28.1564196177141,145.299981368215,51.4995401785271,146.43708190918,96.5742877993822,82.6682224586362,45.8103534881827,122.444158627654,177.155080159505,149.881666629872,33.469964473101,36.8589294031825,53.8112852173447,60.379155501027,21.2560223352268,141.213410949707,128.405004441269,80.4450944972338,12.3810398038908,83.7948293089752,48.5861933881831,157.828109741211,141.110051116943,70.8576365035947,72.8155862951732,144.311831156413,192.378967285156,148.366054819591,75.5263086067614,130.365549489071,185.327331542969,159.630716866309,122.820688946146,169.259722935334,105.876465968597,149.209381708404,222.98567199707,105.440431731088,0,165.721367171004,154.014381408691,104.646084769827,172.743568929036,0,184.52326965332,149.41649146702,115.415813386902,111.131632291354,134.377987060547,110.133081172603,0,196.729868570964,148.516719818115,122.680335366751,150.704512170021,121.077960014343,0,175.440292358398,133.938499450684,139.194186878204
18.2650176659433,129.421403312683,114.665266444626,84.6290662242555,105.725848889225,24.0653381248315,64.0564914069833,63.3454659818038,48.1064282303115,85.6653793459405,102.622721615739,58.5247515996297,109.689418974377,91.8549945934399,24.4648218470132,99.7170896335524,137.786802786368,109.491826360311,127.020525614421,116.87039047588,107.214459287203,56.3751828554749,100.41821781456,87.2081454756012,89.2944570457551,135.547594918145,130.659879376634,132.094239145629,83.7948293089752,11.1984613887808,21.9081355493762,112.044051170349,14.1969679830966,20.0303962363948,35.7259142932778,167.460385582664,136.121322631836,173.257130342371,100.033655362251,192.724431355794,0,197.180547540838,151.426960764368,197.552477786415,132.09827041626,187.215838538276,191.92951965332,127.590368482802,230.08740234375,192.651538485572,0,140.234072113037,194.970517672025,0,178.938472747803,246.701904296875,155.363953908285,119.298738606771,173.86572845459,143.665766499525,176.95198059082,176.777398245675,173.048169528737,145.613181226681,175.652700745826,147.692910003662,0,0,155.467986883119,169.042627619601
28.0257136307831,115.614541795519,87.5440024945376,61.4636618915726,92.2432301839193,0,130.086266994476,20.3516609854056,83.9197771668434,65.4518834148664,61.4920008523124,104.071840174058,92.8640594482422,160.060928344727,65.1233686184211,96.9395065307617,81.7968049834046,89.6366753706291,130.461411612374,110.784036700645,159.311065673828,25.527557534112,65.3668382973507,59.0885743289392,71.5319338305913,131.111706542969,111.66128717443,114.831542820766,48.5861933881831,21.9081355493762,10.7782256991618,151.742846171061,145.278057861328,35.497980150636,34.7288321980323,149.420329218325,0,154.058665107278,77.8164870239968,199.445152282715,0,0,140.779928354117,188.122357177734,108.088081359863,172.430316162109,0,0,0,166.090256974504,0,110.967182583279,175.584190368652,245.022918701172,0,0,122.371978517563,108.052930831909,143.668733818586,119.905932129407,0,175.624534606934,157.265904965608,122.528728807237,153.34764484156,130.526012084063,0,0,141.758520507813,140.862734886908
0,66.4600323722476,90.1724531991141,66.7887723586139,0,0,108.134147644043,162.30005645752,155.121469116211,143.708806471391,195.088912963867,32.6042613980391,0,12.1430064952826,130.806396484375,169.081695556641,123.864475250244,81.2783448355539,48.3573607042961,53.6575343531421,176.079956054688,169.335289001465,109.125544604133,121.590796576606,152.617723352769,44.6934379208472,26.8948828391056,32.4967815551291,157.828109741211,112.044051170349,151.742846171061,7.55185274441258,95.578976949056,0,67.4877451340929,0,176.04753112793,0,72.9254557291667,0,0,0,0,0,0,0,107.424528121948,0,80.3183255876814,0,0,0,161.932830810547,104.75188369751,114.938244410924,0,201.580856323242,0,0,0,72.0303441561185,111.700659179688,109.073042089289,0,0,0,102.016830444336,0,0,122.53341293335
105.434125900269,206.172576904297,188.647914539684,130.858081393772,146.023633684431,10.7675667992012,12.9154667248074,131.573167004632,25.0137543950346,131.109909057617,129.521666746369,55.3145007862235,125.297042113084,77.9828455607096,16.3375714724301,40.5317212089163,149.190017700195,169.605403900146,87.3033599853516,100.436417388916,133.180256199192,140.612589518229,119.06477355957,156.121007442474,146.536537959658,70.8404388427734,145.725216293335,119.984235854376,141.110051116943,14.1969679830966,145.278057861328,95.578976949056,5.73834394049964,92.7520973205566,30.7343161907734,210.079025268555,0,0,0,233.163787841797,0,0,215.739822387695,230.1279296875,163.254638671875,241.878318786621,0,0,0,229.45051574707,0,0,0,0,0,0,0,0,0,194.975069681803,0,144.226989746094,0,223.068984985352,222.359893798828,208.361022949219,0,0,0,0
56.991424517198,108.199648539225,107.820123713067,67.106926976418,83.9164545395795,0,116.407520000751,70.6013934402466,103.666924420525,72.7213435437944,93.4911822548395,104.040272889314,105.092115402222,125.119174957275,37.8710393105024,101.774490356445,123.429578145345,93.2136158307393,112.815355936686,99.3527169799805,104.83190536499,48.6454896059903,77.7180689031428,75.1040051751556,75.8597227853353,132.322193908691,126.583678654262,120.754193396795,70.8576365035947,20.0303962363948,35.497980150636,0,92.7520973205566,8.20695824784118,26.5596479994936,148.786214192708,0,168.176193237305,90.0376278105236,164.405227661133,0,228.099960327148,132.93665599823,195.19034576416,124.798531850179,162.996874128069,0,0,0,175.472869146438,0,128.791324615479,166.271217346191,170.392715454102,183.214508056641,0,126.335439046224,130.297037124634,151.248088489879,124.790155874716,0,155.365234375,183.530126953125,125.154095177512,156.870991163987,138.498177139847,0,218.038162231445,141.102248509725,151.709842205048
104.038101463987,59.4927135983804,77.2154871076758,63.5969764508699,103.485641956329,32.4583718398522,61.3133150528888,91.8288724607062,53.8344836910524,103.579863610206,108.052495531265,23.9621209136646,116.647046234648,52.1530467458518,50.3697078737823,87.0860567092896,82.2084868030013,46.3679495873965,58.4958189588605,42.9374143949151,109.715666413307,46.2405356121996,66.7611679085644,51.152851786286,94.6529410877249,57.2862494514102,69.4448132008284,68.243883174979,72.8155862951732,35.7259142932778,34.7288321980323,67.4877451340929,30.7343161907734,26.5596479994936,11.5082154625341,170.505565936749,137.156030019124,105.586497245217,79.643964511245,193.832046508789,0,195.714660644531,158.547026391123,192.578550858931,168.042477925618,184.374487740653,143.534420967102,102.705673217773,84.5267791748047,185.997438557943,0,122.969861166818,126.989923979107,128.007922960364,126.188224272294,0,132.310692165209,77.1691086061539,125.075721995886,144.643745521446,97.1060066223145,120.031526149664,111.992219091345,144.883734456609,175.597831394361,144.52787898137,120.959159851074,0,155.887698491414,132.847887396812
145.412864685059,0,152.502437046596,85.3988978068034,138.068685531616,0,178.708650377062,148.349501609802,178.790080317744,130.577991485596,171.979535883123,0,181.847305297852,0,188.821601585106,0,0,185.917882283529,0,172.58219909668,182.994911193848,145.745620727539,0,167.620329793294,136.162641805013,0,190.423742675781,159.241137052837,144.311831156413,167.460385582664,149.420329218325,0,210.079025268555,148.786214192708,170.505565936749,9.26076581199121,128.60859534854,106.479843925591,76.0314500816973,93.0316751653498,147.112782796224,103.32604944481,30.3075141832806,71.2446022862973,75.0045262997743,73.1077837423652,124.74769895217,105.215489959717,160.54674987793,14.5465804473836,103.515607070923,117.073807803067,107.576169956465,142.288737659723,125.739978290426,100.449065144857,74.4544780587987,95.0693592253185,90.5163872395087,76.2234558248004,161.270162963867,129.038489003532,134.016997544223,76.2432398896444,20.7672894848165,19.7915868092131,150.073672485352,102.876729791815,48.1503614807129,79.3984051289097
0,0,141.731030782064,68.80885887146,0,0,0,0,0,0,0,95.4235977172852,0,60.7273385789659,0,0,0,133.115986294217,0,115.556156158447,0,0,0,166.365718841553,0,71.5619583129883,102.043234688895,117.286092996597,192.378967285156,136.121322631836,0,176.04753112793,0,0,137.156030019124,128.60859534854,8.14295656614035,46.1207617909269,12.6547648306745,0,179.756774902344,212.376594543457,122.620794296265,164.284612482244,76.0403869848336,163.84162902832,60.272348739816,108.53067779541,43.1774659386048,146.339147567749,118.318209511893,75.9126858181424,59.9011388029647,65.0732777295515,60.5985451534094,0,91.3573203768049,30.2247721500564,67.0504531039986,88.0706696436041,18.2903301712378,52.7882584036955,31.756062364814,126.469391784668,131.331231858995,110.582522800991,65.4524850516484,0,117.441219329834,60.8228456961676
164.499075995551,131.974541255406,92.4394060139621,77.4111930211385,0,0,188.437927246094,161.584232724946,195.38244387978,160.763692220052,176.088084629604,133.102872212728,0,129.043647766113,184.758357835853,219.681030273438,114.888156700134,112.973554468429,149.293193817139,132.898502193085,0,137.599212793203,92.79305768013,106.758576797823,152.980163574219,155.666915893555,112.823843330145,96.4655829229314,148.366054819591,173.257130342371,154.058665107278,0,0,168.176193237305,105.586497245217,106.479843925591,46.1207617909269,13.3011324936592,52.8641355637581,197.374351501465,171.451086861747,149.936719421947,89.9633189452241,124.653201106133,126.548949546002,103.736610878051,101.158592362837,213.334899902344,93.6445648193359,117.522902494129,171.387664794922,80.6515478885535,40.0543911038313,85.8069433036099,67.9383717282065,184.014663696289,70.331540448325,44.5801822237648,36.8989849404901,121.280718059209,87.7444438934326,34.6113708029548,42.0550313226385,87.206863512738,135.0284030229,82.5365624208114,99.9385871887207,193.157024383545,124.280700020168,87.1650000730175
95.3271425035265,74.8032286507743,65.6674176384421,24.4656773037381,116.367876870292,0,199.020670572917,83.8232601964197,121.392511541193,33.4599225362142,150.24235619439,66.9141088213239,0,53.8849092125893,123.053749794184,0,57.399444297508,81.0805311763988,71.7971738179525,76.4182526724679,163.988021850586,68.70786404136,51.5934753417969,66.2627982025535,63.6787404660825,44.2845255199232,55.149656278593,65.9870623939916,75.5263086067614,100.033655362251,77.8164870239968,72.9254557291667,0,90.0376278105236,79.643964511245,76.0314500816973,12.6547648306745,52.8641355637581,15.1875492223879,78.7351043337867,121.016654968262,114.775905031146,58.8891716045663,99.6313186928078,24.6140351566078,94.4021719419039,69.9434254657791,137.597450256348,32.0796723712274,93.4898184762193,89.1024658203125,40.9833316422053,59.2822339710436,73.1850306286531,57.9377360924332,79.5914611816406,52.7333175567627,36.447266270585,54.6430840140895,41.8236417903071,21.0593567982911,45.359526946376,39.0880902719927,56.4631808090927,83.8596604390219,59.8878919779918,58.766686545478,117.588946024577,71.6214830270085,67.9028270074877
0,0,0,100.600407918294,40.3338632883516,0,169.800259399414,152.341387430827,169.86549104963,102.502750912228,149.552199763636,0,65.5116648276647,0,188.481059483119,199.556182861328,0,222.9836769104,0,0,73.3134141303291,0,153.388442993164,223.571296691895,113.82597299832,185.1025390625,0,198.233779907227,130.365549489071,192.724431355794,199.445152282715,0,233.163787841797,164.405227661133,193.832046508789,93.0316751653498,0,197.374351501465,78.7351043337867,10.6070690250848,135.323061625163,69.3069763396573,73.5572593477037,106.116227637092,47.3379558587608,26.2540194652206,0,34.3483813696542,201.485198974609,113.240725840693,69.3514424959819,207.637603759766,0,0,0,16.1416120731999,151.473175048828,100.524544715881,164.007919311523,21.9045770948974,0,162.182866414388,132.090618133545,18.2615745558305,110.604954038348,114.358823776245,0,143.751705932617,103.976071357727,107.661917304993
0,0,0,0,0,0,209.427795410156,0,0,0,0,0,0,0,0,0,0,0,0,0,0,0,0,0,154.88037109375,0,0,0,185.327331542969,0,0,0,0,0,0,147.112782796224,179.756774902344,171.451086861747,121.016654968262,135.323061625163,7.82469588689415,11.7067535412769,112.921622957502,21.0705889969567,79.8805090097281,112.965279826968,52.171856276843,114.465807738128,79.71306737264,29.7629437239773,11.6346479216916,103.367027282715,204.733317057292,214.430213928223,85.2795791625977,127.990665435791,0,163.882316589355,154.889910380046,114.574480874198,74.2499923706055,213.899322509766,120.874794006348,127.839092030245,22.6448671296239,0,0,14.2118043814096,0,37.3737850929927
